0.0 2.0 Truck -1.0 -1.0 -1.0 -1.0 -1.0 -1.0 -1.0 2.112 2.062 4.614 711.311 1.06 1555.676 -0.715637353194431 0.0
0.0 3.0 Car -1.0 -1.0 -1.0 -1.0 -1.0 -1.0 -1.0 1.936 1.896 4.786 690.341 0.984 1573.878 -0.7657806626052537 0.0
1.0 2.0 Truck -1.0 -1.0 -1.0 -1.0 -1.0 -1.0 -1.0 2.112 2.062 4.614 714.155 1.06 1553.293 -0.715637353194431 1.0
1.0 3.0 Car -1.0 -1.0 -1.0 -1.0 -1.0 -1.0 -1.0 1.936 1.896 4.786 694.166 1.005 1570.29 -0.7657806626052537 1.0
2.0 2.0 Truck -1.0 -1.0 -1.0 -1.0 -1.0 -1.0 -1.0 2.112 2.062 4.614 716.999 1.06 1550.91 -0.715637353194431 1.0
2.0 3.0 Car -1.0 -1.0 -1.0 -1.0 -1.0 -1.0 -1.0 1.936 1.896 4.786 697.991 1.027 1566.702 -0.7657806626052537 1.0
3.0 2.0 Truck -1.0 -1.0 -1.0 -1.0 -1.0 -1.0 -1.0 2.112 2.062 4.614 719.755 1.06 1548.624 -0.715637353194431 1.0
3.0 3.0 Car -1.0 -1.0 -1.0 -1.0 -1.0 -1.0 -1.0 1.936 1.896 4.786 701.82 1.048 1563.11 -0.7657806626052537 1.0
4.0 2.0 Truck -1.0 -1.0 -1.0 -1.0 -1.0 -1.0 -1.0 2.112 2.062 4.614 722.575 1.06 1546.339 -0.715637353194431 1.0
4.0 3.0 Car -1.0 -1.0 -1.0 -1.0 -1.0 -1.0 -1.0 1.936 1.896 4.786 705.645 1.069 1559.523 -0.7657806626052537 1.0
5.0 2.0 Truck -1.0 -1.0 -1.0 -1.0 -1.0 -1.0 -1.0 2.112 2.062 4.614 725.357 1.06 1544.087 -0.715637353194431 1.0
5.0 3.0 Car -1.0 -1.0 -1.0 -1.0 -1.0 -1.0 -1.0 1.936 1.896 4.786 709.466 1.09 1555.939 -0.7657806626052537 1.0
6.0 2.0 Truck -1.0 -1.0 -1.0 -1.0 -1.0 -1.0 -1.0 2.112 2.062 4.614 728.0 1.06 1541.955 -0.715637353194431 1.0
6.0 3.0 Car -1.0 -1.0 -1.0 -1.0 -1.0 -1.0 -1.0 1.936 1.896 4.786 713.295 1.111 1552.347 -0.7657806626052537 1.0
7.0 2.0 Truck -1.0 -1.0 -1.0 -1.0 -1.0 -1.0 -1.0 2.112 2.062 4.614 730.488 1.06 1539.938 -0.715637353194431 1.0
7.0 3.0 Car -1.0 -1.0 -1.0 -1.0 -1.0 -1.0 -1.0 1.936 1.896 4.786 717.124 1.133 1548.755 -0.7657806626052537 1.0
8.0 2.0 Truck -1.0 -1.0 -1.0 -1.0 -1.0 -1.0 -1.0 2.112 2.062 4.614 732.85 1.06 1538.03 -0.715637353194431 1.0
8.0 3.0 Car -1.0 -1.0 -1.0 -1.0 -1.0 -1.0 -1.0 1.936 1.896 4.786 720.945 1.083 1545.172 -0.7657806626052537 1.0
9.0 2.0 Truck -1.0 -1.0 -1.0 -1.0 -1.0 -1.0 -1.0 2.112 2.062 4.614 735.026 1.06 1536.284 -0.715637353194431 1.0
9.0 3.0 Car -1.0 -1.0 -1.0 -1.0 -1.0 -1.0 -1.0 1.936 1.896 4.786 724.56 1.083 1541.785 -0.7657806626052537 1.0
10.0 2.0 Truck -1.0 -1.0 -1.0 -1.0 -1.0 -1.0 -1.0 2.112 2.062 4.614 736.968 1.06 1534.628 -0.715637353194431 1.0
10.0 3.0 Car -1.0 -1.0 -1.0 -1.0 -1.0 -1.0 -1.0 1.936 1.896 4.786 727.864 0.983 1538.653 -0.7657806626052537 1.0
11.0 2.0 Truck -1.0 -1.0 -1.0 -1.0 -1.0 -1.0 -1.0 2.112 2.062 4.614 738.72 1.06 1533.138 -0.715637353194431 1.0
11.0 3.0 Car -1.0 -1.0 -1.0 -1.0 -1.0 -1.0 -1.0 1.936 1.896 4.786 731.1 0.933 1535.586 -0.7308740775653674 1.0
12.0 2.0 Truck -1.0 -1.0 -1.0 -1.0 -1.0 -1.0 -1.0 2.112 2.062 4.614 740.28 1.06 1531.815 -0.715637353194431 1.0
12.0 3.0 Car -1.0 -1.0 -1.0 -1.0 -1.0 -1.0 -1.0 1.936 1.896 4.786 733.982 0.933 1533.014 -0.7308740775653674 1.0
13.0 2.0 Truck -1.0 -1.0 -1.0 -1.0 -1.0 -1.0 -1.0 2.112 2.062 4.614 741.782 1.06 1530.542 -0.715637353194431 1.0
13.0 3.0 Car -1.0 -1.0 -1.0 -1.0 -1.0 -1.0 -1.0 1.936 1.896 4.786 736.759 0.933 1530.579 -0.7308740775653674 1.0
14.0 2.0 Truck -1.0 -1.0 -1.0 -1.0 -1.0 -1.0 -1.0 2.112 2.062 4.614 743.046 1.06 1529.477 -0.715637353194431 1.0
14.0 3.0 Car -1.0 -1.0 -1.0 -1.0 -1.0 -1.0 -1.0 1.936 1.896 4.786 739.241 0.933 1528.453 -0.7308740775653674 1.0
15.0 2.0 Truck -1.0 -1.0 -1.0 -1.0 -1.0 -1.0 -1.0 2.112 2.062 4.614 744.112 1.06 1528.5 -0.715637353194431 1.0
15.0 3.0 Car -1.0 -1.0 -1.0 -1.0 -1.0 -1.0 -1.0 1.936 1.896 4.786 741.382 0.933 1526.589 -0.7308740775653674 1.0
16.0 2.0 Truck -1.0 -1.0 -1.0 -1.0 -1.0 -1.0 -1.0 2.112 2.062 4.614 744.911 1.06 1527.789 -0.715637353194431 0.0
16.0 3.0 Car -1.0 -1.0 -1.0 -1.0 -1.0 -1.0 -1.0 1.936 1.896 4.786 742.861 0.933 1525.307 -0.7308740775653674 1.0
17.0 2.0 Truck -1.0 -1.0 -1.0 -1.0 -1.0 -1.0 -1.0 2.112 2.062 4.614 745.674 1.06 1527.222 -0.715637353194431 0.0
17.0 3.0 Car -1.0 -1.0 -1.0 -1.0 -1.0 -1.0 -1.0 1.936 1.896 4.786 744.405 0.933 1523.922 -0.7308740775653674 0.0
18.0 2.0 Truck -1.0 -1.0 -1.0 -1.0 -1.0 -1.0 -1.0 2.112 2.062 4.614 746.437 1.06 1526.655 -0.715637353194431 0.0
18.0 0.0 Car -1.0 -1.0 -1.0 -1.0 -1.0 -1.0 -1.0 1.909 1.53 4.08 794.392 0.623 1504.56 -2.075458280017877 0.0
18.0 3.0 Car -1.0 -1.0 -1.0 -1.0 -1.0 -1.0 -1.0 1.936 1.896 4.786 745.633 0.933 1522.822 -0.7308740775653674 0.0
19.0 2.0 Truck -1.0 -1.0 -1.0 -1.0 -1.0 -1.0 -1.0 2.112 2.062 4.614 746.946 1.06 1526.176 -0.7243613451471567 0.0
19.0 0.0 Car -1.0 -1.0 -1.0 -1.0 -1.0 -1.0 -1.0 1.909 1.53 4.08 793.881 0.673 1503.676 -2.075458280017877 1.0
19.0 3.0 Car -1.0 -1.0 -1.0 -1.0 -1.0 -1.0 -1.0 1.936 1.896 4.786 746.395 0.933 1522.094 -0.7308740775653674 0.0
20.0 2.0 Truck -1.0 -1.0 -1.0 -1.0 -1.0 -1.0 -1.0 2.112 2.062 4.614 747.318 1.06 1525.735 -0.7330906457143742 0.0
20.0 0.0 Car -1.0 -1.0 -1.0 -1.0 -1.0 -1.0 -1.0 1.909 1.53 4.08 792.892 0.723 1502.508 -2.215084620177422 1.0
20.0 3.0 Car -1.0 -1.0 -1.0 -1.0 -1.0 -1.0 -1.0 1.936 1.896 4.786 746.739 0.933 1521.786 -0.7308740775653674 0.0
21.0 2.0 Truck -1.0 -1.0 -1.0 -1.0 -1.0 -1.0 -1.0 2.112 2.062 4.614 747.575 1.06 1525.503 -0.7330906457143742 0.0
21.0 0.0 Car -1.0 -1.0 -1.0 -1.0 -1.0 -1.0 -1.0 1.909 1.53 4.08 791.524 0.723 1501.279 -2.37216425285691 0.0
21.0 3.0 Car -1.0 -1.0 -1.0 -1.0 -1.0 -1.0 -1.0 1.936 1.896 4.786 746.886 0.933 1521.654 -0.7308740775653674 0.0
22.0 2.0 Truck -1.0 -1.0 -1.0 -1.0 -1.0 -1.0 -1.0 2.112 2.062 4.614 747.749 1.06 1525.346 -0.7330906457143742 0.0
22.0 0.0 Car -1.0 -1.0 -1.0 -1.0 -1.0 -1.0 -1.0 1.909 1.53 4.08 789.814 0.773 1500.333 -2.5816037630962274 0.0
22.0 3.0 Car -1.0 -1.0 -1.0 -1.0 -1.0 -1.0 -1.0 1.936 1.896 4.786 746.959 0.933 1521.588 -0.7308740775653674 0.0
23.0 2.0 Truck -1.0 -1.0 -1.0 -1.0 -1.0 -1.0 -1.0 2.112 2.062 4.614 747.745 1.01 1525.35 -0.7330906457143742 0.0
23.0 0.0 Car -1.0 -1.0 -1.0 -1.0 -1.0 -1.0 -1.0 1.909 1.53 4.08 787.993 0.723 1499.953 -2.8608564434153188 0.0
23.0 3.0 Car -1.0 -1.0 -1.0 -1.0 -1.0 -1.0 -1.0 1.936 1.896 4.786 746.964 0.933 1521.577 -0.7308740775653674 0.0
23.0 1.0 Car -1.0 -1.0 -1.0 -1.0 -1.0 -1.0 -1.0 1.881 2.0 4.023 722.873 1.038 1543.46 -0.7174001357783394 0.0
24.0 2.0 Truck -1.0 -1.0 -1.0 -1.0 -1.0 -1.0 -1.0 2.112 2.062 4.614 747.744 1.012 1525.35 -0.7330906457143742 0.0
24.0 0.0 Car -1.0 -1.0 -1.0 -1.0 -1.0 -1.0 -1.0 1.909 1.53 4.08 785.901 0.816 1499.914 -3.1226558312144683 0.0
24.0 3.0 Car -1.0 -1.0 -1.0 -1.0 -1.0 -1.0 -1.0 1.936 1.896 4.786 746.968 0.933 1521.566 -0.7308740775653674 0.0
24.0 1.0 Car -1.0 -1.0 -1.0 -1.0 -1.0 -1.0 -1.0 1.881 2.0 4.023 723.749 1.038 1542.695 -0.7174001357783394 1.0
25.0 2.0 Truck -1.0 -1.0 -1.0 -1.0 -1.0 -1.0 -1.0 2.112 2.062 4.614 747.744 1.015 1525.35 -0.7330906457143742 0.0
25.0 0.0 Car -1.0 -1.0 -1.0 -1.0 -1.0 -1.0 -1.0 1.909 1.53 4.08 783.722 0.823 1500.227 3.0732630133654015 0.0
25.0 3.0 Car -1.0 -1.0 -1.0 -1.0 -1.0 -1.0 -1.0 1.936 1.896 4.786 746.973 0.933 1521.554 -0.7308740775653674 0.0
25.0 1.0 Car -1.0 -1.0 -1.0 -1.0 -1.0 -1.0 -1.0 1.881 2.0 4.023 724.626 1.038 1541.93 -0.7174001357783394 1.0
26.0 2.0 Truck -1.0 -1.0 -1.0 -1.0 -1.0 -1.0 -1.0 2.112 2.062 4.614 747.744 1.018 1525.351 -0.7330906457143742 0.0
26.0 0.0 Car -1.0 -1.0 -1.0 -1.0 -1.0 -1.0 -1.0 1.909 1.53 4.08 781.182 0.873 1500.634 2.9685432582457416 0.0
26.0 3.0 Car -1.0 -1.0 -1.0 -1.0 -1.0 -1.0 -1.0 1.936 1.896 4.786 746.977 0.933 1521.543 -0.7308740775653674 0.0
26.0 1.0 Car -1.0 -1.0 -1.0 -1.0 -1.0 -1.0 -1.0 1.881 2.0 4.023 725.502 1.038 1541.166 -0.7174001357783394 1.0
27.0 2.0 Truck -1.0 -1.0 -1.0 -1.0 -1.0 -1.0 -1.0 2.112 2.062 4.614 747.744 1.021 1525.351 -0.7330906457143742 0.0
27.0 0.0 Car -1.0 -1.0 -1.0 -1.0 -1.0 -1.0 -1.0 1.909 1.53 4.08 779.079 0.873 1501.024 2.933636673205855 0.0
27.0 3.0 Car -1.0 -1.0 -1.0 -1.0 -1.0 -1.0 -1.0 1.936 1.896 4.786 746.982 0.933 1521.531 -0.7308740775653674 0.0
27.0 1.0 Car -1.0 -1.0 -1.0 -1.0 -1.0 -1.0 -1.0 1.881 2.0 4.023 726.378 1.038 1540.402 -0.7174001357783394 1.0
28.0 0.0 Car -1.0 -1.0 -1.0 -1.0 -1.0 -1.0 -1.0 1.909 1.53 4.08 776.381 0.84 1501.47 3.0731323970381776 0.0
28.0 3.0 Car -1.0 -1.0 -1.0 -1.0 -1.0 -1.0 -1.0 1.936 1.896 4.786 746.986 0.933 1521.52 -0.7308740775653674 0.0
28.0 1.0 Car -1.0 -1.0 -1.0 -1.0 -1.0 -1.0 -1.0 1.881 2.0 4.023 727.253 1.038 1539.638 -0.7174001357783394 1.0
29.0 0.0 Car -1.0 -1.0 -1.0 -1.0 -1.0 -1.0 -1.0 1.909 1.53 4.08 773.641 0.832 1501.536 -3.070291578054226 0.0
29.0 1.0 Car -1.0 -1.0 -1.0 -1.0 -1.0 -1.0 -1.0 1.881 2.0 4.023 728.13 1.038 1538.873 -0.7174001357783394 0.0
30.0 0.0 Car -1.0 -1.0 -1.0 -1.0 -1.0 -1.0 -1.0 1.909 1.53 4.08 770.922 0.823 1501.221 -2.9306696134950925 0.0
30.0 1.0 Car -1.0 -1.0 -1.0 -1.0 -1.0 -1.0 -1.0 1.881 2.0 4.023 729.006 1.038 1538.109 -0.7174001357783394 0.0
31.0 0.0 Car -1.0 -1.0 -1.0 -1.0 -1.0 -1.0 -1.0 1.909 1.53 4.08 768.544 0.823 1500.516 -2.843403150895376 0.0
31.0 1.0 Car -1.0 -1.0 -1.0 -1.0 -1.0 -1.0 -1.0 1.881 2.0 4.023 729.884 1.038 1537.343 -0.7174001357783394 0.0
32.0 0.0 Car -1.0 -1.0 -1.0 -1.0 -1.0 -1.0 -1.0 1.909 1.53 4.08 766.524 0.773 1499.298 -2.6514169331760002 0.0
32.0 1.0 Car -1.0 -1.0 -1.0 -1.0 -1.0 -1.0 -1.0 1.881 2.0 4.023 730.761 1.038 1536.578 -0.7174001357783394 0.0
33.0 1.0 Car -1.0 -1.0 -1.0 -1.0 -1.0 -1.0 -1.0 1.881 2.0 4.023 731.637 1.038 1535.813 -0.7174001357783394 0.0
34.0 1.0 Car -1.0 -1.0 -1.0 -1.0 -1.0 -1.0 -1.0 1.881 2.0 4.023 732.513 1.038 1535.049 -0.7174001357783394 0.0
35.0 1.0 Car -1.0 -1.0 -1.0 -1.0 -1.0 -1.0 -1.0 1.881 2.0 4.023 733.389 1.038 1534.285 -0.7174001357783394 0.0
36.0 1.0 Car -1.0 -1.0 -1.0 -1.0 -1.0 -1.0 -1.0 1.881 2.0 4.023 734.265 1.038 1533.521 -0.7174001357783394 0.0
37.0 1.0 Car -1.0 -1.0 -1.0 -1.0 -1.0 -1.0 -1.0 1.881 2.0 4.023 735.141 1.038 1532.756 -0.7174001357783394 0.0
38.0 1.0 Car -1.0 -1.0 -1.0 -1.0 -1.0 -1.0 -1.0 1.881 2.0 4.023 736.225 1.038 1531.81 -0.7174001357783394 0.0
39.0 1.0 Car -1.0 -1.0 -1.0 -1.0 -1.0 -1.0 -1.0 1.881 2.0 4.023 737.31 1.038 1530.864 -0.7174001357783394 0.0
40.0 1.0 Car -1.0 -1.0 -1.0 -1.0 -1.0 -1.0 -1.0 1.881 2.0 4.023 738.395 1.038 1529.917 -0.7174001357783394 0.0
