0.0 2.0 Truck -1.0 -1.0 -1.0 -1.0 -1.0 -1.0 -1.0 3.01 3.028 6.929 442.884 0.248 1704.099 -2.044104768147816 0.0
0.0 0.0 Car -1.0 -1.0 -1.0 -1.0 -1.0 -1.0 -1.0 1.949 1.586 4.6 387.785 0.185 1645.126 2.6136305544686973 0.0
0.0 1.0 Car -1.0 -1.0 -1.0 -1.0 -1.0 -1.0 -1.0 1.841 1.456 4.406 412.974 0.472 1622.766 -1.233363682800853 0.0
0.0 3.0 Car -1.0 -1.0 -1.0 -1.0 -1.0 -1.0 -1.0 1.931 1.784 4.681 411.841 0.323 1636.738 -1.866529421591679 0.0
0.0 4.0 Truck -1.0 -1.0 -1.0 -1.0 -1.0 -1.0 -1.0 1.866 1.829 5.475 414.605 0.278 1646.012 -1.8686912606393744 0.0
1.0 2.0 Truck -1.0 -1.0 -1.0 -1.0 -1.0 -1.0 -1.0 3.01 3.028 6.929 440.974 0.236 1700.533 -2.044104768147816 1.0
1.0 0.0 Car -1.0 -1.0 -1.0 -1.0 -1.0 -1.0 -1.0 1.949 1.586 4.6 383.753 0.228 1647.46 2.619885339628275 1.0
1.0 1.0 Car -1.0 -1.0 -1.0 -1.0 -1.0 -1.0 -1.0 1.841 1.456 4.406 414.357 0.535 1620.053 -1.0805077411071524 1.0
1.0 3.0 Car -1.0 -1.0 -1.0 -1.0 -1.0 -1.0 -1.0 1.931 1.784 4.681 411.424 0.36 1634.866 -1.7859778761000886 1.0
1.0 4.0 Truck -1.0 -1.0 -1.0 -1.0 -1.0 -1.0 -1.0 1.866 1.829 5.475 414.197 0.249 1644.697 -1.8686912606393744 1.0
2.0 2.0 Truck -1.0 -1.0 -1.0 -1.0 -1.0 -1.0 -1.0 3.01 3.028 6.929 439.382 0.278 1697.495 -2.044104768147816 1.0
2.0 0.0 Car -1.0 -1.0 -1.0 -1.0 -1.0 -1.0 -1.0 1.949 1.586 4.6 379.722 0.272 1649.794 2.6261394491602523 0.0
2.0 1.0 Car -1.0 -1.0 -1.0 -1.0 -1.0 -1.0 -1.0 1.841 1.456 4.406 416.26 0.687 1617.232 -0.9381097258332272 1.0
2.0 3.0 Car -1.0 -1.0 -1.0 -1.0 -1.0 -1.0 -1.0 1.931 1.784 4.681 411.158 0.397 1632.966 -1.7054350316023739 1.0
2.0 4.0 Truck -1.0 -1.0 -1.0 -1.0 -1.0 -1.0 -1.0 1.866 1.829 5.475 413.704 0.274 1643.109 -1.8686912606393744 1.0
3.0 2.0 Truck -1.0 -1.0 -1.0 -1.0 -1.0 -1.0 -1.0 3.01 3.028 6.929 437.79 0.319 1694.456 -2.044104768147816 1.0
3.0 0.0 Car -1.0 -1.0 -1.0 -1.0 -1.0 -1.0 -1.0 1.949 1.586 4.6 375.99 0.274 1652.058 2.623667260137009 0.0
3.0 1.0 Car -1.0 -1.0 -1.0 -1.0 -1.0 -1.0 -1.0 1.841 1.456 4.406 418.04 0.696 1615.095 -0.8305141112731982 1.0
3.0 3.0 Car -1.0 -1.0 -1.0 -1.0 -1.0 -1.0 -1.0 1.931 1.784 4.681 411.074 0.463 1630.628 -1.580504242009285 1.0
3.0 4.0 Truck -1.0 -1.0 -1.0 -1.0 -1.0 -1.0 -1.0 1.866 1.829 5.475 413.212 0.298 1641.52 -1.8686912606393744 1.0
4.0 2.0 Truck -1.0 -1.0 -1.0 -1.0 -1.0 -1.0 -1.0 3.01 3.028 6.929 436.04 0.365 1691.116 -2.044104768147816 1.0
4.0 0.0 Car -1.0 -1.0 -1.0 -1.0 -1.0 -1.0 -1.0 1.949 1.586 4.6 371.95 0.206 1654.656 2.620949157322542 0.0
4.0 1.0 Car -1.0 -1.0 -1.0 -1.0 -1.0 -1.0 -1.0 1.841 1.456 4.406 421.489 0.815 1611.601 -0.6920176411739529 1.0
4.0 3.0 Car -1.0 -1.0 -1.0 -1.0 -1.0 -1.0 -1.0 1.931 1.784 4.681 411.305 0.538 1627.907 -1.4431463265692246 1.0
4.0 4.0 Truck -1.0 -1.0 -1.0 -1.0 -1.0 -1.0 -1.0 1.866 1.829 5.475 412.71 0.327 1639.405 -1.8158167216694159 1.0
5.0 2.0 Truck -1.0 -1.0 -1.0 -1.0 -1.0 -1.0 -1.0 3.01 3.028 6.929 434.448 0.406 1688.077 -2.044104768147816 1.0
5.0 0.0 Car -1.0 -1.0 -1.0 -1.0 -1.0 -1.0 -1.0 1.949 1.586 4.6 371.272 0.212 1655.178 2.618477047426914 0.0
5.0 1.0 Car -1.0 -1.0 -1.0 -1.0 -1.0 -1.0 -1.0 1.841 1.456 4.406 424.546 0.813 1609.147 -0.6691889284574382 1.0
5.0 3.0 Car -1.0 -1.0 -1.0 -1.0 -1.0 -1.0 -1.0 1.931 1.784 4.681 411.912 0.588 1625.089 -1.3182195356491078 1.0
5.0 4.0 Truck -1.0 -1.0 -1.0 -1.0 -1.0 -1.0 -1.0 1.866 1.829 5.475 412.351 0.354 1637.461 -1.7677274182336769 1.0
6.0 2.0 Truck -1.0 -1.0 -1.0 -1.0 -1.0 -1.0 -1.0 3.01 3.028 6.929 432.854 0.448 1685.036 -2.044104768147816 1.0
6.0 0.0 Car -1.0 -1.0 -1.0 -1.0 -1.0 -1.0 -1.0 1.949 1.586 4.6 367.704 0.219 1657.6 2.616001999918576 0.0
6.0 1.0 Car -1.0 -1.0 -1.0 -1.0 -1.0 -1.0 -1.0 1.841 1.456 4.406 428.342 0.895 1606.22 -0.6691889284574382 1.0
6.0 3.0 Car -1.0 -1.0 -1.0 -1.0 -1.0 -1.0 -1.0 1.931 1.784 4.681 412.82 0.594 1622.486 -1.1931442939948913 1.0
6.0 4.0 Truck -1.0 -1.0 -1.0 -1.0 -1.0 -1.0 -1.0 1.866 1.829 5.475 412.128 0.392 1634.977 -1.7069863863023775 1.0
7.0 2.0 Truck -1.0 -1.0 -1.0 -1.0 -1.0 -1.0 -1.0 3.01 3.028 6.929 430.939 0.516 1681.223 -2.044104768147816 1.0
7.0 0.0 Car -1.0 -1.0 -1.0 -1.0 -1.0 -1.0 -1.0 1.949 1.586 4.6 363.636 0.225 1660.264 2.6135301026784132 0.0
7.0 6.0 Car -1.0 -1.0 -1.0 -1.0 -1.0 -1.0 -1.0 1.858 1.516 4.446 414.09 0.049 1645.695 -2.018507788792556 0.0
7.0 1.0 Car -1.0 -1.0 -1.0 -1.0 -1.0 -1.0 -1.0 1.841 1.456 4.406 432.035 0.995 1603.396 -0.6691889284574382 1.0
7.0 3.0 Car -1.0 -1.0 -1.0 -1.0 -1.0 -1.0 -1.0 1.931 1.784 4.681 414.153 0.479 1619.787 -1.068228249508388 1.0
7.0 4.0 Truck -1.0 -1.0 -1.0 -1.0 -1.0 -1.0 -1.0 1.866 1.829 5.475 412.056 0.429 1632.487 -1.6463226662364758 1.0
8.0 2.0 Truck -1.0 -1.0 -1.0 -1.0 -1.0 -1.0 -1.0 3.01 3.028 6.929 429.565 0.595 1678.468 -2.044104768147816 1.0
8.0 0.0 Car -1.0 -1.0 -1.0 -1.0 -1.0 -1.0 -1.0 1.949 1.586 4.6 359.564 0.182 1662.895 2.6110551788069736 0.0
8.0 6.0 Car -1.0 -1.0 -1.0 -1.0 -1.0 -1.0 -1.0 1.858 1.516 4.446 413.13 0.026 1643.857 -2.001750021752338 1.0
8.0 1.0 Car -1.0 -1.0 -1.0 -1.0 -1.0 -1.0 -1.0 1.841 1.456 4.406 435.851 1.084 1600.431 -0.6691889284574382 1.0
8.0 3.0 Car -1.0 -1.0 -1.0 -1.0 -1.0 -1.0 -1.0 1.931 1.784 4.681 415.623 0.773 1617.029 -1.068228249508388 1.0
8.0 4.0 Truck -1.0 -1.0 -1.0 -1.0 -1.0 -1.0 -1.0 1.866 1.829 5.475 412.148 0.502 1629.762 -1.5475633307119672 1.0
9.0 2.0 Truck -1.0 -1.0 -1.0 -1.0 -1.0 -1.0 -1.0 3.01 3.028 6.929 428.118 0.579 1675.75 -2.038356494492208 1.0
9.0 0.0 Car -1.0 -1.0 -1.0 -1.0 -1.0 -1.0 -1.0 1.949 1.586 4.6 355.492 0.139 1665.527 2.608580086789352 0.0
9.0 6.0 Car -1.0 -1.0 -1.0 -1.0 -1.0 -1.0 -1.0 1.858 1.516 4.446 412.279 0.064 1641.738 -1.9361151552780198 1.0
9.0 1.0 Car -1.0 -1.0 -1.0 -1.0 -1.0 -1.0 -1.0 1.841 1.456 4.406 439.874 1.077 1597.347 -0.6691889284574382 0.0
9.0 3.0 Car -1.0 -1.0 -1.0 -1.0 -1.0 -1.0 -1.0 1.931 1.784 4.681 418.038 0.855 1614.293 -0.9182726190592372 1.0
9.0 4.0 Truck -1.0 -1.0 -1.0 -1.0 -1.0 -1.0 -1.0 1.866 1.829 5.475 412.51 0.575 1627.058 -1.4487972854840212 1.0
10.0 2.0 Truck -1.0 -1.0 -1.0 -1.0 -1.0 -1.0 -1.0 3.01 3.028 6.929 426.672 0.593 1673.033 -2.0326092430561564 1.0
10.0 0.0 Car -1.0 -1.0 -1.0 -1.0 -1.0 -1.0 -1.0 1.949 1.586 4.6 351.912 0.165 1667.886 2.6061054349190895 0.0
10.0 6.0 Car -1.0 -1.0 -1.0 -1.0 -1.0 -1.0 -1.0 1.858 1.516 4.446 411.568 0.102 1639.568 -1.8704919606982904 1.0
10.0 8.0 Car -1.0 -1.0 -1.0 -1.0 -1.0 -1.0 -1.0 1.923 1.848 5.218 416.507 0.156 1651.069 -1.9373346070826492 0.0
10.0 1.0 Car -1.0 -1.0 -1.0 -1.0 -1.0 -1.0 -1.0 1.841 1.456 4.406 444.28 1.05 1593.973 -0.6577157854304647 0.0
10.0 3.0 Car -1.0 -1.0 -1.0 -1.0 -1.0 -1.0 -1.0 1.931 1.784 4.681 420.719 0.902 1612.06 -0.7683436553255936 1.0
10.0 4.0 Truck -1.0 -1.0 -1.0 -1.0 -1.0 -1.0 -1.0 1.866 1.829 5.475 413.136 0.648 1624.403 -1.350048803891545 1.0
11.0 2.0 Truck -1.0 -1.0 -1.0 -1.0 -1.0 -1.0 -1.0 3.01 3.028 6.929 425.226 0.632 1670.319 -2.0268678492827394 1.0
11.0 0.0 Car -1.0 -1.0 -1.0 -1.0 -1.0 -1.0 -1.0 1.949 1.586 4.6 347.842 0.152 1670.412 2.6036333052415577 0.0
11.0 6.0 Car -1.0 -1.0 -1.0 -1.0 -1.0 -1.0 -1.0 1.858 1.516 4.446 411.002 0.14 1637.358 -1.8049356500089007 1.0
11.0 8.0 Car -1.0 -1.0 -1.0 -1.0 -1.0 -1.0 -1.0 1.923 1.848 5.218 415.26 0.123 1648.409 -1.9373346070826492 1.0
11.0 1.0 Car -1.0 -1.0 -1.0 -1.0 -1.0 -1.0 -1.0 1.841 1.456 4.406 448.328 1.098 1591.185 -0.6330044652931073 0.0
11.0 3.0 Car -1.0 -1.0 -1.0 -1.0 -1.0 -1.0 -1.0 1.931 1.784 4.681 423.947 0.95 1610.049 -0.6185675008605845 1.0
11.0 4.0 Truck -1.0 -1.0 -1.0 -1.0 -1.0 -1.0 -1.0 1.866 1.829 5.475 414.135 0.719 1621.342 -1.250948785534256 1.0
12.0 2.0 Truck -1.0 -1.0 -1.0 -1.0 -1.0 -1.0 -1.0 3.01 3.028 6.929 423.779 0.528 1667.602 -2.0211203107063636 1.0
12.0 0.0 Car -1.0 -1.0 -1.0 -1.0 -1.0 -1.0 -1.0 1.949 1.586 4.6 343.453 0.072 1673.224 2.601158529734396 0.0
12.0 7.0 Car -1.0 -1.0 -1.0 -1.0 -1.0 -1.0 -1.0 1.857 1.508 4.82 429.992 0.074 1675.755 -2.019719204312832 0.0
12.0 6.0 Car -1.0 -1.0 -1.0 -1.0 -1.0 -1.0 -1.0 1.858 1.516 4.446 410.581 0.178 1635.114 -1.7393091768070956 1.0
12.0 8.0 Car -1.0 -1.0 -1.0 -1.0 -1.0 -1.0 -1.0 1.923 1.848 5.218 414.687 0.19 1646.598 -1.9373346070826492 1.0
12.0 1.0 Car -1.0 -1.0 -1.0 -1.0 -1.0 -1.0 -1.0 1.841 1.456 4.406 452.38 1.145 1588.395 -0.6082666975370884 0.0
12.0 3.0 Car -1.0 -1.0 -1.0 -1.0 -1.0 -1.0 -1.0 1.931 1.784 4.681 427.313 0.968 1607.714 -0.6000392988132707 1.0
12.0 4.0 Truck -1.0 -1.0 -1.0 -1.0 -1.0 -1.0 -1.0 1.866 1.829 5.475 415.434 0.791 1618.392 -1.1517427040657995 1.0
13.0 2.0 Truck -1.0 -1.0 -1.0 -1.0 -1.0 -1.0 -1.0 3.01 3.028 6.929 422.653 0.568 1665.304 -2.0211203107063636 1.0
13.0 0.0 Car -1.0 -1.0 -1.0 -1.0 -1.0 -1.0 -1.0 1.949 1.586 4.6 339.258 0.071 1675.943 2.598683591026529 0.0
13.0 7.0 Car -1.0 -1.0 -1.0 -1.0 -1.0 -1.0 -1.0 1.857 1.508 4.82 428.725 -0.02 1673.303 -2.019719204312832 1.0
13.0 6.0 Car -1.0 -1.0 -1.0 -1.0 -1.0 -1.0 -1.0 1.858 1.516 4.446 410.309 0.216 1632.847 -1.6736783758241514 1.0
13.0 8.0 Car -1.0 -1.0 -1.0 -1.0 -1.0 -1.0 -1.0 1.923 1.848 5.218 413.721 0.228 1644.355 -1.9373346070826492 1.0
13.0 1.0 Car -1.0 -1.0 -1.0 -1.0 -1.0 -1.0 -1.0 1.841 1.456 4.406 456.129 1.194 1585.967 -0.5957406081132168 0.0
13.0 3.0 Car -1.0 -1.0 -1.0 -1.0 -1.0 -1.0 -1.0 1.931 1.784 4.681 430.752 1.053 1605.487 -0.58150987491143 1.0
13.0 4.0 Truck -1.0 -1.0 -1.0 -1.0 -1.0 -1.0 -1.0 1.866 1.829 5.475 417.019 0.863 1615.584 -1.0525300803867477 1.0
14.0 2.0 Truck -1.0 -1.0 -1.0 -1.0 -1.0 -1.0 -1.0 3.01 3.028 6.929 421.53 0.637 1663.011 -2.0211203107063636 1.0
14.0 9.0 Car -1.0 -1.0 -1.0 -1.0 -1.0 -1.0 -1.0 1.795 1.787 4.37 414.734 -0.44 1647.96 -1.8704409505803243 0.0
14.0 7.0 Car -1.0 -1.0 -1.0 -1.0 -1.0 -1.0 -1.0 1.857 1.508 4.82 427.46 -0.164 1670.857 -2.019719204312832 1.0
14.0 6.0 Car -1.0 -1.0 -1.0 -1.0 -1.0 -1.0 -1.0 1.858 1.516 4.446 410.24 0.29 1630.653 -1.5832739164594867 1.0
14.0 8.0 Car -1.0 -1.0 -1.0 -1.0 -1.0 -1.0 -1.0 1.923 1.848 5.218 412.762 0.254 1642.13 -1.9373346070826492 1.0
14.0 1.0 Car -1.0 -1.0 -1.0 -1.0 -1.0 -1.0 -1.0 1.841 1.456 4.406 459.869 1.242 1583.545 -0.5832429276283815 0.0
14.0 3.0 Car -1.0 -1.0 -1.0 -1.0 -1.0 -1.0 -1.0 1.931 1.784 4.681 434.182 1.138 1603.266 -0.5630224754001385 0.0
14.0 4.0 Truck -1.0 -1.0 -1.0 -1.0 -1.0 -1.0 -1.0 1.866 1.829 5.475 419.097 0.881 1612.631 -0.9635691512887742 1.0
15.0 2.0 Truck -1.0 -1.0 -1.0 -1.0 -1.0 -1.0 -1.0 3.01 3.028 6.929 420.517 0.939 1660.945 -2.0211203107063636 1.0
15.0 9.0 Car -1.0 -1.0 -1.0 -1.0 -1.0 -1.0 -1.0 1.795 1.787 4.37 414.399 -0.252 1647.012 -1.8704409505803243 1.0
15.0 7.0 Car -1.0 -1.0 -1.0 -1.0 -1.0 -1.0 -1.0 1.857 1.508 4.82 426.32 -0.149 1668.651 -2.019719204312832 1.0
15.0 6.0 Car -1.0 -1.0 -1.0 -1.0 -1.0 -1.0 -1.0 1.858 1.516 4.446 410.369 0.348 1628.727 -1.5112588983252582 1.0
15.0 8.0 Car -1.0 -1.0 -1.0 -1.0 -1.0 -1.0 -1.0 1.923 1.848 5.218 412.081 0.306 1639.925 -1.9373346070826492 1.0
15.0 1.0 Car -1.0 -1.0 -1.0 -1.0 -1.0 -1.0 -1.0 1.841 1.456 4.406 463.24 1.286 1581.361 -0.5719766182138871 0.0
15.0 3.0 Car -1.0 -1.0 -1.0 -1.0 -1.0 -1.0 -1.0 1.931 1.784 4.681 437.55 1.116 1601.154 -0.5463566018073296 0.0
15.0 4.0 Truck -1.0 -1.0 -1.0 -1.0 -1.0 -1.0 -1.0 1.866 1.829 5.475 421.188 0.898 1610.136 -0.8833733618192956 1.0
16.0 2.0 Truck -1.0 -1.0 -1.0 -1.0 -1.0 -1.0 -1.0 3.01 3.028 6.929 419.393 0.689 1658.652 -2.0211203107063636 1.0
16.0 9.0 Car -1.0 -1.0 -1.0 -1.0 -1.0 -1.0 -1.0 1.795 1.787 4.37 414.028 -0.044 1645.959 -1.8704409505803243 1.0
16.0 7.0 Car -1.0 -1.0 -1.0 -1.0 -1.0 -1.0 -1.0 1.857 1.508 4.82 425.055 -0.041 1666.205 -2.019719204312832 1.0
16.0 6.0 Car -1.0 -1.0 -1.0 -1.0 -1.0 -1.0 -1.0 1.858 1.516 4.446 410.644 0.369 1626.484 -1.4332184239428714 1.0
16.0 8.0 Car -1.0 -1.0 -1.0 -1.0 -1.0 -1.0 -1.0 1.923 1.848 5.218 411.409 0.363 1637.661 -1.8684411156910044 1.0
16.0 1.0 Car -1.0 -1.0 -1.0 -1.0 -1.0 -1.0 -1.0 1.841 1.456 4.406 466.98 1.335 1578.938 -0.5594784371310072 0.0
16.0 3.0 Car -1.0 -1.0 -1.0 -1.0 -1.0 -1.0 -1.0 1.931 1.784 4.681 441.607 1.148 1598.648 -0.5463566018073296 0.0
16.0 4.0 Truck -1.0 -1.0 -1.0 -1.0 -1.0 -1.0 -1.0 1.866 1.829 5.475 423.734 0.916 1607.575 -0.794408869366729 1.0
17.0 2.0 Truck -1.0 -1.0 -1.0 -1.0 -1.0 -1.0 -1.0 3.01 3.028 6.929 418.39 0.793 1656.609 -2.0102382573017548 1.0
17.0 9.0 Car -1.0 -1.0 -1.0 -1.0 -1.0 -1.0 -1.0 1.795 1.787 4.37 413.658 0.165 1644.906 -1.8704409505803243 1.0
17.0 7.0 Car -1.0 -1.0 -1.0 -1.0 -1.0 -1.0 -1.0 1.857 1.508 4.82 423.953 -0.026 1664.096 -2.019719204312832 1.0
17.0 6.0 Car -1.0 -1.0 -1.0 -1.0 -1.0 -1.0 -1.0 1.858 1.516 4.446 411.092 0.391 1624.27 -1.3551801376257746 1.0
17.0 8.0 Car -1.0 -1.0 -1.0 -1.0 -1.0 -1.0 -1.0 1.923 1.848 5.218 410.821 0.36 1635.365 -1.7991504505760256 1.0
17.0 1.0 Car -1.0 -1.0 -1.0 -1.0 -1.0 -1.0 -1.0 1.841 1.456 4.406 471.06 1.387 1576.181 -0.5924391901181925 0.0
17.0 3.0 Car -1.0 -1.0 -1.0 -1.0 -1.0 -1.0 -1.0 1.931 1.784 4.681 445.487 1.23 1596.098 -0.5463566018073296 0.0
17.0 4.0 Truck -1.0 -1.0 -1.0 -1.0 -1.0 -1.0 -1.0 1.866 1.829 5.475 427.061 0.987 1604.724 -0.7636698744429319 1.0
18.0 2.0 Truck -1.0 -1.0 -1.0 -1.0 -1.0 -1.0 -1.0 3.01 3.028 6.929 417.385 0.816 1654.563 -1.9993439339196828 1.0
18.0 9.0 Car -1.0 -1.0 -1.0 -1.0 -1.0 -1.0 -1.0 1.795 1.787 4.37 412.827 0.226 1642.347 -1.8704409505803243 1.0
18.0 7.0 Car -1.0 -1.0 -1.0 -1.0 -1.0 -1.0 -1.0 1.857 1.508 4.82 422.887 -0.082 1662.062 -2.019719204312832 1.0
18.0 6.0 Car -1.0 -1.0 -1.0 -1.0 -1.0 -1.0 -1.0 1.858 1.516 4.446 411.892 0.465 1621.802 -1.237532269358272 1.0
18.0 8.0 Car -1.0 -1.0 -1.0 -1.0 -1.0 -1.0 -1.0 1.923 1.848 5.218 410.45 0.422 1633.226 -1.7366847927865923 1.0
18.0 1.0 Car -1.0 -1.0 -1.0 -1.0 -1.0 -1.0 -1.0 1.841 1.456 4.406 474.446 1.414 1573.936 -0.608418688284353 0.0
18.0 3.0 Car -1.0 -1.0 -1.0 -1.0 -1.0 -1.0 -1.0 1.931 1.784 4.681 449.168 1.266 1593.987 -0.5463566018073296 0.0
18.0 4.0 Truck -1.0 -1.0 -1.0 -1.0 -1.0 -1.0 -1.0 1.866 1.829 5.475 430.479 1.058 1601.973 -0.7328962199966238 0.0
19.0 2.0 Truck -1.0 -1.0 -1.0 -1.0 -1.0 -1.0 -1.0 3.01 3.028 6.929 416.446 0.811 1652.49 -1.9993439339196828 1.0
19.0 9.0 Car -1.0 -1.0 -1.0 -1.0 -1.0 -1.0 -1.0 1.795 1.787 4.37 411.981 0.217 1639.94 -1.8704409505803243 1.0
19.0 7.0 Car -1.0 -1.0 -1.0 -1.0 -1.0 -1.0 -1.0 1.857 1.508 4.82 421.759 -0.037 1659.9 -2.019719204312832 1.0
19.0 6.0 Car -1.0 -1.0 -1.0 -1.0 -1.0 -1.0 -1.0 1.858 1.516 4.446 412.976 0.539 1619.446 -1.1198836950326938 1.0
19.0 8.0 Car -1.0 -1.0 -1.0 -1.0 -1.0 -1.0 -1.0 1.923 1.848 5.218 410.227 0.484 1631.211 -1.6742187601124892 1.0
19.0 1.0 Car -1.0 -1.0 -1.0 -1.0 -1.0 -1.0 -1.0 1.841 1.456 4.406 477.833 1.44 1571.69 -0.6243982823507102 0.0
19.0 3.0 Car -1.0 -1.0 -1.0 -1.0 -1.0 -1.0 -1.0 1.931 1.784 4.681 452.997 1.293 1591.601 -0.5463566018073296 0.0
19.0 4.0 Truck -1.0 -1.0 -1.0 -1.0 -1.0 -1.0 -1.0 1.866 1.829 5.475 433.98 1.129 1599.329 -0.7021223808636948 0.0
20.0 2.0 Truck -1.0 -1.0 -1.0 -1.0 -1.0 -1.0 -1.0 3.01 3.028 6.929 415.248 0.754 1649.848 -1.9993439339196828 1.0
20.0 9.0 Car -1.0 -1.0 -1.0 -1.0 -1.0 -1.0 -1.0 1.795 1.787 4.37 411.323 0.17 1637.394 -1.832319047615082 1.0
20.0 7.0 Car -1.0 -1.0 -1.0 -1.0 -1.0 -1.0 -1.0 1.857 1.508 4.82 420.776 0.013 1657.897 -2.0273879600249045 1.0
20.0 6.0 Car -1.0 -1.0 -1.0 -1.0 -1.0 -1.0 -1.0 1.858 1.516 4.446 414.547 0.59 1616.92 -0.9796195118096325 0.0
20.0 8.0 Car -1.0 -1.0 -1.0 -1.0 -1.0 -1.0 -1.0 1.923 1.848 5.218 410.277 0.536 1628.972 -1.560083257920032 1.0
20.0 1.0 Car -1.0 -1.0 -1.0 -1.0 -1.0 -1.0 -1.0 1.841 1.456 4.406 481.557 1.468 1569.221 -0.6419681254478767 0.0
20.0 3.0 Car -1.0 -1.0 -1.0 -1.0 -1.0 -1.0 -1.0 1.931 1.784 4.681 457.101 1.405 1589.228 -0.4765434317275572 0.0
20.0 4.0 Truck -1.0 -1.0 -1.0 -1.0 -1.0 -1.0 -1.0 1.866 1.829 5.475 437.987 1.161 1596.5 -0.6682860066217886 0.0
21.0 2.0 Truck -1.0 -1.0 -1.0 -1.0 -1.0 -1.0 -1.0 3.01 3.028 6.929 414.326 0.797 1647.549 -1.962557775971595 1.0
21.0 9.0 Car -1.0 -1.0 -1.0 -1.0 -1.0 -1.0 -1.0 1.795 1.787 4.37 410.809 0.126 1635.055 -1.7976078206811494 1.0
21.0 7.0 Car -1.0 -1.0 -1.0 -1.0 -1.0 -1.0 -1.0 1.857 1.508 4.82 419.881 0.017 1656.073 -2.034370610394309 1.0
21.0 6.0 Car -1.0 -1.0 -1.0 -1.0 -1.0 -1.0 -1.0 1.858 1.516 4.446 416.13 0.682 1615.016 -0.8519044316102669 0.0
21.0 8.0 Car -1.0 -1.0 -1.0 -1.0 -1.0 -1.0 -1.0 1.923 1.848 5.218 410.514 0.603 1626.99 -1.458182858527831 1.0
21.0 3.0 Car -1.0 -1.0 -1.0 -1.0 -1.0 -1.0 -1.0 1.931 1.784 4.681 460.556 1.433 1586.991 -0.5463566018073296 0.0
21.0 4.0 Truck -1.0 -1.0 -1.0 -1.0 -1.0 -1.0 -1.0 1.866 1.829 5.475 441.717 1.19 1594.044 -0.6374768923442793 0.0
22.0 2.0 Truck -1.0 -1.0 -1.0 -1.0 -1.0 -1.0 -1.0 3.01 3.028 6.929 413.233 0.789 1645.438 -1.962557775971595 1.0
22.0 5.0 Bus -1.0 -1.0 -1.0 -1.0 -1.0 -1.0 -1.0 3.01 3.326 12.426 486.789 2.491 1582.291 2.5666811982695945 0.0
22.0 9.0 Car -1.0 -1.0 -1.0 -1.0 -1.0 -1.0 -1.0 1.795 1.787 4.37 410.516 0.165 1633.023 -1.740205364971244 1.0
22.0 7.0 Car -1.0 -1.0 -1.0 -1.0 -1.0 -1.0 -1.0 1.857 1.508 4.82 418.986 0.046 1654.25 -2.0413524794178954 1.0
22.0 6.0 Car -1.0 -1.0 -1.0 -1.0 -1.0 -1.0 -1.0 1.858 1.516 4.446 418.553 0.702 1612.675 -0.7006171847816604 0.0
22.0 8.0 Car -1.0 -1.0 -1.0 -1.0 -1.0 -1.0 -1.0 1.923 1.848 5.218 410.932 0.62 1625.04 -1.3511822645802547 1.0
22.0 3.0 Car -1.0 -1.0 -1.0 -1.0 -1.0 -1.0 -1.0 1.931 1.784 4.681 463.902 1.468 1584.891 -0.5463566018073296 0.0
22.0 4.0 Truck -1.0 -1.0 -1.0 -1.0 -1.0 -1.0 -1.0 1.866 1.829 5.475 445.52 1.22 1591.704 -0.6066712255503592 0.0
23.0 2.0 Truck -1.0 -1.0 -1.0 -1.0 -1.0 -1.0 -1.0 3.01 3.028 6.929 412.408 0.831 1643.216 -1.962557775971595 1.0
23.0 5.0 Bus -1.0 -1.0 -1.0 -1.0 -1.0 -1.0 -1.0 3.01 3.326 12.426 480.909 2.422 1585.583 2.5666811982695945 1.0
23.0 9.0 Car -1.0 -1.0 -1.0 -1.0 -1.0 -1.0 -1.0 1.795 1.787 4.37 410.34 0.204 1630.977 -1.6827986648666446 1.0
23.0 7.0 Car -1.0 -1.0 -1.0 -1.0 -1.0 -1.0 -1.0 1.857 1.508 4.82 418.185 0.057 1652.465 -2.0321937143200466 1.0
23.0 6.0 Car -1.0 -1.0 -1.0 -1.0 -1.0 -1.0 -1.0 1.858 1.516 4.446 421.314 0.783 1610.537 -0.6350745968713344 0.0
23.0 8.0 Car -1.0 -1.0 -1.0 -1.0 -1.0 -1.0 -1.0 1.923 1.848 5.218 411.595 0.622 1622.989 -1.2616270514222303 0.0
23.0 3.0 Car -1.0 -1.0 -1.0 -1.0 -1.0 -1.0 -1.0 1.931 1.784 4.681 467.249 1.503 1582.791 -0.5463566018073296 0.0
23.0 4.0 Truck -1.0 -1.0 -1.0 -1.0 -1.0 -1.0 -1.0 1.866 1.829 5.475 449.393 1.249 1589.482 -0.5758632809547822 0.0
24.0 2.0 Truck -1.0 -1.0 -1.0 -1.0 -1.0 -1.0 -1.0 3.01 3.028 6.929 411.464 0.88 1640.962 -1.9288685786862747 1.0
24.0 5.0 Bus -1.0 -1.0 -1.0 -1.0 -1.0 -1.0 -1.0 3.01 3.326 12.426 475.614 2.36 1588.549 2.5666811982695945 1.0
24.0 9.0 Car -1.0 -1.0 -1.0 -1.0 -1.0 -1.0 -1.0 1.795 1.787 4.37 410.282 0.239 1629.129 -1.6310994137805095 1.0
24.0 7.0 Car -1.0 -1.0 -1.0 -1.0 -1.0 -1.0 -1.0 1.857 1.508 4.82 417.06 0.056 1650.549 -2.030795237134866 1.0
24.0 6.0 Car -1.0 -1.0 -1.0 -1.0 -1.0 -1.0 -1.0 1.858 1.516 4.446 423.783 0.756 1608.826 -0.5777491557414107 0.0
24.0 8.0 Car -1.0 -1.0 -1.0 -1.0 -1.0 -1.0 -1.0 1.923 1.848 5.218 412.413 0.659 1621.084 -1.1598342787558318 0.0
24.0 3.0 Car -1.0 -1.0 -1.0 -1.0 -1.0 -1.0 -1.0 1.931 1.784 4.681 469.941 1.525 1581.135 -0.5463566018073296 0.0
24.0 4.0 Truck -1.0 -1.0 -1.0 -1.0 -1.0 -1.0 -1.0 1.866 1.829 5.475 452.666 1.291 1587.453 -0.5758632809547822 0.0
25.0 2.0 Truck -1.0 -1.0 -1.0 -1.0 -1.0 -1.0 -1.0 3.01 3.028 6.929 410.599 0.899 1638.508 -1.905156144277027 1.0
25.0 5.0 Bus -1.0 -1.0 -1.0 -1.0 -1.0 -1.0 -1.0 3.01 3.326 12.426 470.572 2.267 1591.513 2.5666811982695945 1.0
25.0 9.0 Car -1.0 -1.0 -1.0 -1.0 -1.0 -1.0 -1.0 1.795 1.787 4.37 410.316 0.252 1627.053 -1.5190140081451333 1.0
25.0 7.0 Car -1.0 -1.0 -1.0 -1.0 -1.0 -1.0 -1.0 1.857 1.508 4.82 416.01 0.111 1648.425 -2.007407664384187 1.0
25.0 6.0 Car -1.0 -1.0 -1.0 -1.0 -1.0 -1.0 -1.0 1.858 1.516 4.446 426.998 0.841 1606.751 -0.5428650116899915 0.0
25.0 8.0 Car -1.0 -1.0 -1.0 -1.0 -1.0 -1.0 -1.0 1.923 1.848 5.218 413.541 0.7 1619.082 -1.04693239251579 0.0
25.0 3.0 Car -1.0 -1.0 -1.0 -1.0 -1.0 -1.0 -1.0 1.931 1.784 4.681 472.928 1.548 1579.298 -0.5463566018073296 0.0
25.0 4.0 Truck -1.0 -1.0 -1.0 -1.0 -1.0 -1.0 -1.0 1.866 1.829 5.475 456.295 1.337 1585.201 -0.5758632809547822 0.0
26.0 2.0 Truck -1.0 -1.0 -1.0 -1.0 -1.0 -1.0 -1.0 3.01 3.028 6.929 409.683 0.976 1635.895 -1.905156144277027 1.0
26.0 5.0 Bus -1.0 -1.0 -1.0 -1.0 -1.0 -1.0 -1.0 3.01 3.326 12.426 465.531 2.174 1594.478 2.5666811982695945 1.0
26.0 9.0 Car -1.0 -1.0 -1.0 -1.0 -1.0 -1.0 -1.0 1.795 1.787 4.37 410.615 0.307 1624.852 -1.418156387187857 1.0
26.0 7.0 Car -1.0 -1.0 -1.0 -1.0 -1.0 -1.0 -1.0 1.857 1.508 4.82 414.96 0.066 1646.301 -1.9840200916335073 1.0
26.0 6.0 Car -1.0 -1.0 -1.0 -1.0 -1.0 -1.0 -1.0 1.858 1.516 4.446 430.284 0.925 1604.789 -0.5079808676385724 0.0
26.0 8.0 Car -1.0 -1.0 -1.0 -1.0 -1.0 -1.0 -1.0 1.923 1.848 5.218 415.058 0.799 1616.988 -0.9340305062757482 0.0
26.0 4.0 Truck -1.0 -1.0 -1.0 -1.0 -1.0 -1.0 -1.0 1.866 1.829 5.475 459.924 1.384 1582.95 -0.5758632809547822 0.0
27.0 2.0 Truck -1.0 -1.0 -1.0 -1.0 -1.0 -1.0 -1.0 3.01 3.028 6.929 408.832 1.007 1633.47 -1.905156144277027 0.0
27.0 5.0 Bus -1.0 -1.0 -1.0 -1.0 -1.0 -1.0 -1.0 3.01 3.326 12.426 460.488 2.08 1597.442 2.5666811982695945 0.0
27.0 9.0 Car -1.0 -1.0 -1.0 -1.0 -1.0 -1.0 -1.0 1.795 1.787 4.37 411.134 0.361 1622.691 -1.317293923776682 0.0
27.0 7.0 Car -1.0 -1.0 -1.0 -1.0 -1.0 -1.0 -1.0 1.857 1.508 4.82 413.931 0.092 1643.862 -1.949376032601414 0.0
27.0 6.0 Car -1.0 -1.0 -1.0 -1.0 -1.0 -1.0 -1.0 1.858 1.516 4.446 433.899 1.025 1602.744 -0.5079808676385724 0.0
27.0 8.0 Car -1.0 -1.0 -1.0 -1.0 -1.0 -1.0 -1.0 1.923 1.848 5.218 416.881 0.87 1614.935 -0.8706164933708945 0.0
27.0 4.0 Truck -1.0 -1.0 -1.0 -1.0 -1.0 -1.0 -1.0 1.866 1.829 5.475 463.087 1.429 1580.974 -0.5758632809547822 0.0
28.0 2.0 Truck -1.0 -1.0 -1.0 -1.0 -1.0 -1.0 -1.0 3.01 3.028 6.929 407.928 1.071 1630.873 -1.870834862936457 0.0
28.0 5.0 Bus -1.0 -1.0 -1.0 -1.0 -1.0 -1.0 -1.0 3.01 3.326 12.426 456.875 2.049 1599.685 2.5666811982695945 0.0
28.0 9.0 Car -1.0 -1.0 -1.0 -1.0 -1.0 -1.0 -1.0 1.795 1.787 4.37 411.869 0.416 1620.592 -1.216321899846049 0.0
28.0 7.0 Car -1.0 -1.0 -1.0 -1.0 -1.0 -1.0 -1.0 1.857 1.508 4.82 412.986 0.143 1641.385 -1.9146943419175122 0.0
28.0 6.0 Car -1.0 -1.0 -1.0 -1.0 -1.0 -1.0 -1.0 1.858 1.516 4.446 437.449 1.038 1600.735 -0.5079808676385724 0.0
28.0 8.0 Car -1.0 -1.0 -1.0 -1.0 -1.0 -1.0 -1.0 1.923 1.848 5.218 418.84 0.891 1613.007 -0.8071335978316113 0.0
28.0 4.0 Truck -1.0 -1.0 -1.0 -1.0 -1.0 -1.0 -1.0 1.866 1.829 5.475 466.253 1.474 1578.996 -0.5758632809547822 0.0
29.0 2.0 Truck -1.0 -1.0 -1.0 -1.0 -1.0 -1.0 -1.0 3.01 3.028 6.929 407.143 1.135 1628.335 -1.870834862936457 0.0
29.0 5.0 Bus -1.0 -1.0 -1.0 -1.0 -1.0 -1.0 -1.0 3.01 3.326 12.426 453.262 2.018 1601.927 2.5666811982695945 0.0
29.0 9.0 Car -1.0 -1.0 -1.0 -1.0 -1.0 -1.0 -1.0 1.795 1.787 4.37 413.264 0.477 1617.822 -1.119249874920853 0.0
29.0 7.0 Car -1.0 -1.0 -1.0 -1.0 -1.0 -1.0 -1.0 1.857 1.508 4.82 412.128 0.182 1638.878 -1.8800145224207159 0.0
29.0 6.0 Car -1.0 -1.0 -1.0 -1.0 -1.0 -1.0 -1.0 1.858 1.516 4.446 440.998 1.051 1598.726 -0.5079808676385724 0.0
29.0 8.0 Car -1.0 -1.0 -1.0 -1.0 -1.0 -1.0 -1.0 1.923 1.848 5.218 421.392 0.947 1610.918 -0.6504531638615774 0.0
29.0 4.0 Truck -1.0 -1.0 -1.0 -1.0 -1.0 -1.0 -1.0 1.866 1.829 5.475 469.419 1.519 1577.019 -0.5758632809547822 0.0
30.0 2.0 Truck -1.0 -1.0 -1.0 -1.0 -1.0 -1.0 -1.0 3.01 3.028 6.929 406.227 1.155 1625.373 -1.870834862936457 0.0
30.0 5.0 Bus -1.0 -1.0 -1.0 -1.0 -1.0 -1.0 -1.0 3.01 3.326 12.426 449.293 1.984 1604.39 2.5666811982695945 0.0
30.0 9.0 Car -1.0 -1.0 -1.0 -1.0 -1.0 -1.0 -1.0 1.795 1.787 4.37 415.098 0.545 1614.951 -1.0126273301125575 0.0
30.0 7.0 Car -1.0 -1.0 -1.0 -1.0 -1.0 -1.0 -1.0 1.857 1.508 4.82 411.525 0.179 1635.675 -1.7422511681761503 0.0
30.0 6.0 Car -1.0 -1.0 -1.0 -1.0 -1.0 -1.0 -1.0 1.858 1.516 4.446 444.91 1.102 1596.535 -0.49662488615229616 0.0
30.0 8.0 Car -1.0 -1.0 -1.0 -1.0 -1.0 -1.0 -1.0 1.923 1.848 5.218 424.378 0.901 1608.709 -0.6167521443816946 0.0
31.0 2.0 Truck -1.0 -1.0 -1.0 -1.0 -1.0 -1.0 -1.0 3.01 3.028 6.929 405.343 1.155 1622.676 -1.870834862936457 0.0
31.0 5.0 Bus -1.0 -1.0 -1.0 -1.0 -1.0 -1.0 -1.0 3.01 3.326 12.426 447.255 1.953 1605.711 2.5666811982695945 0.0
31.0 9.0 Car -1.0 -1.0 -1.0 -1.0 -1.0 -1.0 -1.0 1.795 1.787 4.37 417.023 0.607 1612.523 -0.9156561779828284 0.0
31.0 7.0 Car -1.0 -1.0 -1.0 -1.0 -1.0 -1.0 -1.0 1.857 1.508 4.82 411.379 0.27 1633.046 -1.6169580492924214 0.0
31.0 6.0 Car -1.0 -1.0 -1.0 -1.0 -1.0 -1.0 -1.0 1.858 1.516 4.446 448.235 1.107 1594.656 -0.5187879854952913 0.0
31.0 8.0 Car -1.0 -1.0 -1.0 -1.0 -1.0 -1.0 -1.0 1.923 1.848 5.218 427.578 1.037 1606.482 -0.6167521443816946 0.0
32.0 2.0 Truck -1.0 -1.0 -1.0 -1.0 -1.0 -1.0 -1.0 3.01 3.028 6.929 404.36 1.034 1619.658 -1.870834862936457 0.0
32.0 5.0 Bus -1.0 -1.0 -1.0 -1.0 -1.0 -1.0 -1.0 3.01 3.326 12.426 445.219 1.922 1607.03 2.5666811982695945 0.0
32.0 9.0 Car -1.0 -1.0 -1.0 -1.0 -1.0 -1.0 -1.0 1.795 1.787 4.37 419.171 0.668 1610.295 -0.8187897783714685 0.0
32.0 7.0 Car -1.0 -1.0 -1.0 -1.0 -1.0 -1.0 -1.0 1.857 1.508 4.82 411.559 0.355 1630.114 -1.4918002775655435 0.0
32.0 8.0 Car -1.0 -1.0 -1.0 -1.0 -1.0 -1.0 -1.0 1.923 1.848 5.218 430.949 1.103 1604.243 -0.5910941028175145 0.0
33.0 2.0 Truck -1.0 -1.0 -1.0 -1.0 -1.0 -1.0 -1.0 3.01 3.028 6.929 403.383 1.056 1616.658 -1.870834862936457 0.0
33.0 5.0 Bus -1.0 -1.0 -1.0 -1.0 -1.0 -1.0 -1.0 3.01 3.326 12.426 443.184 1.892 1608.349 2.5666811982695945 0.0
33.0 9.0 Car -1.0 -1.0 -1.0 -1.0 -1.0 -1.0 -1.0 1.795 1.787 4.37 421.525 0.73 1608.285 -0.7219291983444621 0.0
33.0 7.0 Car -1.0 -1.0 -1.0 -1.0 -1.0 -1.0 -1.0 1.857 1.508 4.82 412.094 0.439 1627.194 -1.3666500251251579 0.0
33.0 8.0 Car -1.0 -1.0 -1.0 -1.0 -1.0 -1.0 -1.0 1.923 1.848 5.218 434.376 1.169 1602.09 -0.5654376027490216 0.0
34.0 2.0 Truck -1.0 -1.0 -1.0 -1.0 -1.0 -1.0 -1.0 3.01 3.028 6.929 402.39 1.027 1613.609 -1.870834862936457 0.0
34.0 5.0 Bus -1.0 -1.0 -1.0 -1.0 -1.0 -1.0 -1.0 3.01 3.326 12.426 442.208 1.876 1608.981 2.5666811982695945 0.0
34.0 9.0 Car -1.0 -1.0 -1.0 -1.0 -1.0 -1.0 -1.0 1.795 1.787 4.37 423.979 0.84 1606.314 -0.6817236516314611 0.0
34.0 7.0 Car -1.0 -1.0 -1.0 -1.0 -1.0 -1.0 -1.0 1.857 1.508 4.82 413.086 0.473 1624.043 -1.2413629216706217 0.0
34.0 8.0 Car -1.0 -1.0 -1.0 -1.0 -1.0 -1.0 -1.0 1.923 1.848 5.218 437.723 1.195 1600.109 -0.5397530474590213 0.0
35.0 2.0 Truck -1.0 -1.0 -1.0 -1.0 -1.0 -1.0 -1.0 3.01 3.028 6.929 401.408 1.006 1610.778 -1.8869564995550603 0.0
35.0 5.0 Bus -1.0 -1.0 -1.0 -1.0 -1.0 -1.0 -1.0 3.01 3.326 12.426 441.33 1.862 1609.549 2.5666811982695945 0.0
35.0 9.0 Car -1.0 -1.0 -1.0 -1.0 -1.0 -1.0 -1.0 1.795 1.787 4.37 426.968 0.927 1604.072 -0.6455622023675271 0.0
35.0 7.0 Car -1.0 -1.0 -1.0 -1.0 -1.0 -1.0 -1.0 1.857 1.508 4.82 414.354 0.585 1621.297 -1.1144348557002184 0.0
36.0 2.0 Truck -1.0 -1.0 -1.0 -1.0 -1.0 -1.0 -1.0 3.01 3.028 6.929 400.213 1.035 1607.357 -1.9066852655882736 0.0
36.0 5.0 Bus -1.0 -1.0 -1.0 -1.0 -1.0 -1.0 -1.0 3.01 3.326 12.426 440.256 1.846 1610.245 2.5666811982695945 0.0
36.0 9.0 Car -1.0 -1.0 -1.0 -1.0 -1.0 -1.0 -1.0 1.795 1.787 4.37 430.585 0.953 1601.433 -0.6455622023675271 0.0
36.0 7.0 Car -1.0 -1.0 -1.0 -1.0 -1.0 -1.0 -1.0 1.857 1.508 4.82 416.363 0.655 1618.19 -0.9591073181914708 0.0
37.0 2.0 Truck -1.0 -1.0 -1.0 -1.0 -1.0 -1.0 -1.0 3.01 3.028 6.929 399.241 1.026 1604.666 -1.924609713874997 0.0
37.0 5.0 Bus -1.0 -1.0 -1.0 -1.0 -1.0 -1.0 -1.0 3.01 3.326 12.426 439.868 1.815 1610.497 2.5666811982695945 0.0
37.0 9.0 Car -1.0 -1.0 -1.0 -1.0 -1.0 -1.0 -1.0 1.795 1.787 4.37 433.87 0.977 1599.035 -0.6455622023675271 0.0
37.0 7.0 Car -1.0 -1.0 -1.0 -1.0 -1.0 -1.0 -1.0 1.857 1.508 4.82 418.546 0.745 1615.469 -0.8877625634985664 0.0
38.0 2.0 Truck -1.0 -1.0 -1.0 -1.0 -1.0 -1.0 -1.0 3.01 3.028 6.929 397.811 1.01 1600.994 -1.9422404218352034 0.0
38.0 5.0 Bus -1.0 -1.0 -1.0 -1.0 -1.0 -1.0 -1.0 3.01 3.326 12.426 439.479 1.784 1610.749 2.5666811982695945 0.0
38.0 9.0 Car -1.0 -1.0 -1.0 -1.0 -1.0 -1.0 -1.0 1.795 1.787 4.37 437.156 1.001 1596.638 -0.6455622023675271 0.0
38.0 7.0 Car -1.0 -1.0 -1.0 -1.0 -1.0 -1.0 -1.0 1.857 1.508 4.82 421.197 0.78 1612.59 -0.8164128132640909 0.0
