0.0 0.0 Car -1.0 -1.0 -1.0 -1.0 -1.0 -1.0 -1.0 1.843 1.635 4.287 152.143 0.982 922.059 2.1230185020304493 0.0
1.0 0.0 Car -1.0 -1.0 -1.0 -1.0 -1.0 -1.0 -1.0 1.843 1.635 4.287 150.333 0.962 923.352 2.1230185020304493 1.0
2.0 0.0 Car -1.0 -1.0 -1.0 -1.0 -1.0 -1.0 -1.0 1.843 1.635 4.287 149.052 0.942 925.073 2.067167965966631 1.0
3.0 0.0 Car -1.0 -1.0 -1.0 -1.0 -1.0 -1.0 -1.0 1.843 1.635 4.287 147.869 0.922 926.864 2.011317429902812 1.0
4.0 0.0 Car -1.0 -1.0 -1.0 -1.0 -1.0 -1.0 -1.0 1.843 1.635 4.287 146.788 0.902 928.717 1.9554668938389939 1.0
5.0 0.0 Car -1.0 -1.0 -1.0 -1.0 -1.0 -1.0 -1.0 1.843 1.635 4.287 145.812 0.882 930.628 1.899616357775175 1.0
6.0 0.0 Car -1.0 -1.0 -1.0 -1.0 -1.0 -1.0 -1.0 1.843 1.635 4.287 144.944 0.862 932.591 1.843765821711357 1.0
7.0 0.0 Car -1.0 -1.0 -1.0 -1.0 -1.0 -1.0 -1.0 1.843 1.635 4.287 144.27 0.912 934.841 1.843765821711357 1.0
8.0 0.0 Car -1.0 -1.0 -1.0 -1.0 -1.0 -1.0 -1.0 1.843 1.635 4.287 143.655 0.912 937.211 1.843765821711357 1.0
9.0 0.0 Car -1.0 -1.0 -1.0 -1.0 -1.0 -1.0 -1.0 1.843 1.635 4.287 142.941 0.912 939.829 1.8263125291914135 1.0
10.0 0.0 Car -1.0 -1.0 -1.0 -1.0 -1.0 -1.0 -1.0 1.843 1.635 4.287 142.017 0.912 943.367 1.8263125291914135 1.0
11.0 0.0 Car -1.0 -1.0 -1.0 -1.0 -1.0 -1.0 -1.0 1.843 1.635 4.287 141.247 0.912 946.548 1.8088592366714702 1.0
12.0 0.0 Car -1.0 -1.0 -1.0 -1.0 -1.0 -1.0 -1.0 1.843 1.635 4.287 140.598 1.012 949.728 1.7914059441515269 1.0
13.0 0.0 Car -1.0 -1.0 -1.0 -1.0 -1.0 -1.0 -1.0 1.843 1.635 4.287 139.924 0.962 953.023 1.7739526516315836 1.0
14.0 0.0 Car -1.0 -1.0 -1.0 -1.0 -1.0 -1.0 -1.0 1.843 1.635 4.287 139.232 1.062 956.405 1.7564993591116405 0.0
15.0 0.0 Car -1.0 -1.0 -1.0 -1.0 -1.0 -1.0 -1.0 1.843 1.635 4.287 138.512 1.112 959.78 1.7739526516315836 0.0
16.0 0.0 Car -1.0 -1.0 -1.0 -1.0 -1.0 -1.0 -1.0 1.843 1.635 4.287 137.734 1.112 963.144 1.7739526516315836 0.0
17.0 0.0 Car -1.0 -1.0 -1.0 -1.0 -1.0 -1.0 -1.0 1.843 1.635 4.287 137.12 1.112 966.0 1.7739526516315836 0.0
18.0 0.0 Car -1.0 -1.0 -1.0 -1.0 -1.0 -1.0 -1.0 1.843 1.635 4.287 136.501 1.162 968.885 1.7739526516315836 0.0
19.0 0.0 Car -1.0 -1.0 -1.0 -1.0 -1.0 -1.0 -1.0 1.843 1.635 4.287 135.912 1.162 971.625 1.7739526516315836 0.0
20.0 0.0 Car -1.0 -1.0 -1.0 -1.0 -1.0 -1.0 -1.0 1.843 1.635 4.287 135.368 1.179 973.976 1.7972237083248415 0.0
21.0 0.0 Car -1.0 -1.0 -1.0 -1.0 -1.0 -1.0 -1.0 1.843 1.635 4.287 134.744 1.195 976.307 1.820494765018099 0.0
22.0 0.0 Car -1.0 -1.0 -1.0 -1.0 -1.0 -1.0 -1.0 1.843 1.635 4.287 134.119 1.212 978.638 1.843765821711357 0.0
23.0 0.0 Car -1.0 -1.0 -1.0 -1.0 -1.0 -1.0 -1.0 1.843 1.635 4.287 133.609 1.229 980.663 1.843765821711357 0.0
24.0 0.0 Car -1.0 -1.0 -1.0 -1.0 -1.0 -1.0 -1.0 1.843 1.635 4.287 133.171 1.245 982.648 1.843765821711357 0.0
25.0 0.0 Car -1.0 -1.0 -1.0 -1.0 -1.0 -1.0 -1.0 1.843 1.635 4.287 132.754 1.212 984.668 1.843765821711357 0.0
