0.0 4.0 Car -1.0 -1.0 -1.0 -1.0 -1.0 -1.0 -1.0 1.851 1.569 4.445 347.53 1.478 1838.71 1.5620696802789134 0.0
0.0 6.0 Car -1.0 -1.0 -1.0 -1.0 -1.0 -1.0 -1.0 1.887 1.826 4.237 357.287 3.154 1787.859 1.822921282871893 0.0
0.0 7.0 Car -1.0 -1.0 -1.0 -1.0 -1.0 -1.0 -1.0 1.89 1.539 4.705 355.756 0.507 1879.369 -1.7979509287532418 0.0
0.0 9.0 Car -1.0 -1.0 -1.0 -1.0 -1.0 -1.0 -1.0 1.877 1.524 4.573 366.777 0.135 1911.518 -1.9519885472964422 0.0
0.0 2.0 Truck -1.0 -1.0 -1.0 -1.0 -1.0 -1.0 -1.0 2.456 3.249 7.213 351.454 1.448 1878.525 1.3529675516019284 0.0
1.0 4.0 Car -1.0 -1.0 -1.0 -1.0 -1.0 -1.0 -1.0 1.851 1.569 4.445 347.584 1.324 1843.108 1.5435709289058042 1.0
1.0 6.0 Car -1.0 -1.0 -1.0 -1.0 -1.0 -1.0 -1.0 1.887 1.826 4.237 355.542 2.806 1794.908 1.822921282871893 1.0
1.0 7.0 Car -1.0 -1.0 -1.0 -1.0 -1.0 -1.0 -1.0 1.89 1.539 4.705 355.167 0.514 1876.985 -1.795655074803313 1.0
1.0 9.0 Car -1.0 -1.0 -1.0 -1.0 -1.0 -1.0 -1.0 1.877 1.524 4.573 365.824 0.089 1909.3 -1.9698427510481464 1.0
1.0 2.0 Truck -1.0 -1.0 -1.0 -1.0 -1.0 -1.0 -1.0 2.456 3.249 7.213 352.403 1.328 1882.658 1.3434969047449623 1.0
2.0 4.0 Car -1.0 -1.0 -1.0 -1.0 -1.0 -1.0 -1.0 1.851 1.569 4.445 347.628 1.2 1846.626 1.5287756802696961 1.0
2.0 0.0 Car -1.0 -1.0 -1.0 -1.0 -1.0 -1.0 -1.0 1.948 1.578 4.657 358.938 0.063 1893.551 -1.8972744236285355 0.0
2.0 6.0 Car -1.0 -1.0 -1.0 -1.0 -1.0 -1.0 -1.0 1.887 1.826 4.237 354.569 2.807 1799.015 1.7894657335712112 1.0
2.0 7.0 Car -1.0 -1.0 -1.0 -1.0 -1.0 -1.0 -1.0 1.89 1.539 4.705 354.727 0.519 1875.071 -1.7938188573561862 1.0
2.0 9.0 Car -1.0 -1.0 -1.0 -1.0 -1.0 -1.0 -1.0 1.877 1.524 4.573 365.062 0.052 1907.526 -1.9841224923332892 1.0
2.0 2.0 Truck -1.0 -1.0 -1.0 -1.0 -1.0 -1.0 -1.0 2.456 3.249 7.213 353.288 1.266 1885.935 1.3219632147509481 0.0
3.0 4.0 Car -1.0 -1.0 -1.0 -1.0 -1.0 -1.0 -1.0 1.851 1.569 4.445 347.795 1.045 1850.315 1.5102561312254115 1.0
3.0 0.0 Car -1.0 -1.0 -1.0 -1.0 -1.0 -1.0 -1.0 1.948 1.578 4.657 358.704 0.057 1892.882 -1.8974956744490883 1.0
3.0 6.0 Car -1.0 -1.0 -1.0 -1.0 -1.0 -1.0 -1.0 1.887 1.826 4.237 353.276 2.52 1804.316 1.7868886375144555 1.0
3.0 7.0 Car -1.0 -1.0 -1.0 -1.0 -1.0 -1.0 -1.0 1.89 1.539 4.705 354.262 0.526 1872.965 -1.8002522244544519 1.0
3.0 9.0 Car -1.0 -1.0 -1.0 -1.0 -1.0 -1.0 -1.0 1.877 1.524 4.573 364.102 0.026 1905.31 -1.976850039328271 1.0
3.0 2.0 Truck -1.0 -1.0 -1.0 -1.0 -1.0 -1.0 -1.0 2.456 3.249 7.213 354.417 1.103 1889.989 1.29992474825541 0.0
4.0 4.0 Car -1.0 -1.0 -1.0 -1.0 -1.0 -1.0 -1.0 1.851 1.569 4.445 347.961 0.891 1854.0 1.4917584530417403 1.0
4.0 0.0 Car -1.0 -1.0 -1.0 -1.0 -1.0 -1.0 -1.0 1.948 1.578 4.657 358.47 0.051 1892.213 -1.897716663981105 1.0
4.0 6.0 Car -1.0 -1.0 -1.0 -1.0 -1.0 -1.0 -1.0 1.887 1.826 4.237 352.179 2.286 1809.02 1.789387813601579 1.0
4.0 7.0 Car -1.0 -1.0 -1.0 -1.0 -1.0 -1.0 -1.0 1.89 1.539 4.705 353.893 0.533 1871.136 -1.7717714089587695 1.0
4.0 9.0 Car -1.0 -1.0 -1.0 -1.0 -1.0 -1.0 -1.0 1.877 1.524 4.573 363.143 0.0 1903.097 -1.9695861748048409 1.0
4.0 2.0 Truck -1.0 -1.0 -1.0 -1.0 -1.0 -1.0 -1.0 2.456 3.249 7.213 355.631 0.99 1893.805 1.2604590158039497 0.0
5.0 4.0 Car -1.0 -1.0 -1.0 -1.0 -1.0 -1.0 -1.0 1.851 1.569 4.445 348.3 0.82 1857.477 1.4684356475418412 1.0
5.0 8.0 Car -1.0 -1.0 -1.0 -1.0 -1.0 -1.0 -1.0 1.963 1.606 4.863 361.254 3.229 1780.648 1.935383949290837 0.0
5.0 0.0 Car -1.0 -1.0 -1.0 -1.0 -1.0 -1.0 -1.0 1.948 1.578 4.657 358.236 0.045 1891.544 -1.8979376747345251 1.0
5.0 6.0 Car -1.0 -1.0 -1.0 -1.0 -1.0 -1.0 -1.0 1.887 1.826 4.237 351.148 2.121 1813.447 1.7395256761000137 1.0
5.0 7.0 Car -1.0 -1.0 -1.0 -1.0 -1.0 -1.0 -1.0 1.89 1.539 4.705 353.637 0.495 1869.803 -1.7608655488845157 1.0
5.0 9.0 Car -1.0 -1.0 -1.0 -1.0 -1.0 -1.0 -1.0 1.877 1.524 4.573 362.184 -0.025 1900.883 -1.962321612739759 1.0
5.0 2.0 Truck -1.0 -1.0 -1.0 -1.0 -1.0 -1.0 -1.0 2.456 3.249 7.213 357.064 0.928 1898.078 1.2377614706724525 0.0
6.0 4.0 Car -1.0 -1.0 -1.0 -1.0 -1.0 -1.0 -1.0 1.851 1.569 4.445 348.605 0.757 1860.607 1.4474354789575492 1.0
6.0 8.0 Car -1.0 -1.0 -1.0 -1.0 -1.0 -1.0 -1.0 1.963 1.606 4.863 359.494 3.003 1785.281 1.935383949290837 1.0
6.0 0.0 Car -1.0 -1.0 -1.0 -1.0 -1.0 -1.0 -1.0 1.948 1.578 4.657 357.82 0.046 1890.372 -1.9028385903118832 1.0
6.0 6.0 Car -1.0 -1.0 -1.0 -1.0 -1.0 -1.0 -1.0 1.887 1.826 4.237 350.339 1.928 1818.205 1.7182015277522333 1.0
6.0 7.0 Car -1.0 -1.0 -1.0 -1.0 -1.0 -1.0 -1.0 1.89 1.539 4.705 353.441 0.462 1868.783 -1.751045765406195 1.0
6.0 9.0 Car -1.0 -1.0 -1.0 -1.0 -1.0 -1.0 -1.0 1.877 1.524 4.573 361.663 -0.057 1899.593 -1.9733637567823783 1.0
6.0 2.0 Truck -1.0 -1.0 -1.0 -1.0 -1.0 -1.0 -1.0 2.456 3.249 7.213 358.167 0.777 1900.595 1.1776976765177252 0.0
7.0 4.0 Car -1.0 -1.0 -1.0 -1.0 -1.0 -1.0 -1.0 1.851 1.569 4.445 349.12 0.585 1864.445 1.4382729387357318 1.0
7.0 8.0 Car -1.0 -1.0 -1.0 -1.0 -1.0 -1.0 -1.0 1.963 1.606 4.863 357.444 2.717 1790.701 1.9004773642509507 1.0
7.0 0.0 Car -1.0 -1.0 -1.0 -1.0 -1.0 -1.0 -1.0 1.948 1.578 4.657 357.31 0.047 1888.938 -1.908829106354139 1.0
7.0 6.0 Car -1.0 -1.0 -1.0 -1.0 -1.0 -1.0 -1.0 1.887 1.826 4.237 349.585 1.681 1823.361 1.695510049020986 1.0
7.0 7.0 Car -1.0 -1.0 -1.0 -1.0 -1.0 -1.0 -1.0 1.89 1.539 4.705 353.262 0.42 1867.478 -1.7390427897315794 1.0
7.0 9.0 Car -1.0 -1.0 -1.0 -1.0 -1.0 -1.0 -1.0 1.877 1.524 4.573 360.89 -0.096 1897.699 -1.9655272439519735 0.0
7.0 2.0 Truck -1.0 -1.0 -1.0 -1.0 -1.0 -1.0 -1.0 2.456 3.249 7.213 359.557 0.603 1903.655 1.1717832898626503 0.0
8.0 4.0 Car -1.0 -1.0 -1.0 -1.0 -1.0 -1.0 -1.0 1.851 1.569 4.445 349.588 0.429 1867.932 1.4299485208248115 0.0
8.0 8.0 Car -1.0 -1.0 -1.0 -1.0 -1.0 -1.0 -1.0 1.963 1.606 4.863 355.826 2.411 1795.408 1.8995740951954982 1.0
8.0 0.0 Car -1.0 -1.0 -1.0 -1.0 -1.0 -1.0 -1.0 1.948 1.578 4.657 357.023 0.048 1888.238 -1.9326282152832772 1.0
8.0 6.0 Car -1.0 -1.0 -1.0 -1.0 -1.0 -1.0 -1.0 1.887 1.826 4.237 349.016 1.444 1827.862 1.695510049020986 1.0
8.0 7.0 Car -1.0 -1.0 -1.0 -1.0 -1.0 -1.0 -1.0 1.89 1.539 4.705 353.099 0.383 1866.292 -1.7281377586734694 1.0
8.0 9.0 Car -1.0 -1.0 -1.0 -1.0 -1.0 -1.0 -1.0 1.877 1.524 4.573 360.313 -0.131 1896.269 -1.958407558124103 0.0
8.0 2.0 Truck -1.0 -1.0 -1.0 -1.0 -1.0 -1.0 -1.0 2.456 3.249 7.213 360.712 0.49 1906.542 1.1834099019589561 0.0
9.0 4.0 Car -1.0 -1.0 -1.0 -1.0 -1.0 -1.0 -1.0 1.851 1.569 4.445 350.01 0.288 1871.076 1.4224433401193672 0.0
9.0 8.0 Car -1.0 -1.0 -1.0 -1.0 -1.0 -1.0 -1.0 1.963 1.606 4.863 354.614 2.136 1799.187 1.8830240717310072 1.0
9.0 0.0 Car -1.0 -1.0 -1.0 -1.0 -1.0 -1.0 -1.0 1.948 1.578 4.657 356.764 0.049 1887.607 -1.9540851645923 1.0
9.0 6.0 Car -1.0 -1.0 -1.0 -1.0 -1.0 -1.0 -1.0 1.887 1.826 4.237 348.588 1.241 1831.633 1.678056756501043 1.0
9.0 7.0 Car -1.0 -1.0 -1.0 -1.0 -1.0 -1.0 -1.0 1.89 1.539 4.705 352.845 0.372 1864.754 -1.7202725229019153 1.0
9.0 9.0 Car -1.0 -1.0 -1.0 -1.0 -1.0 -1.0 -1.0 1.877 1.524 4.573 359.983 -0.163 1895.447 -1.9519885472964422 0.0
9.0 2.0 Truck -1.0 -1.0 -1.0 -1.0 -1.0 -1.0 -1.0 2.456 3.249 7.213 361.903 0.506 1909.078 1.1493912020702923 0.0
10.0 4.0 Car -1.0 -1.0 -1.0 -1.0 -1.0 -1.0 -1.0 1.851 1.569 4.445 350.649 0.123 1875.413 1.4224433401193672 0.0
10.0 8.0 Car -1.0 -1.0 -1.0 -1.0 -1.0 -1.0 -1.0 1.963 1.606 4.863 353.095 1.86 1804.475 1.8455801720357148 1.0
10.0 0.0 Car -1.0 -1.0 -1.0 -1.0 -1.0 -1.0 -1.0 1.948 1.578 4.657 356.604 -0.009 1887.149 -1.9532173268954234 0.0
10.0 6.0 Car -1.0 -1.0 -1.0 -1.0 -1.0 -1.0 -1.0 1.887 1.826 4.237 348.188 1.041 1836.116 1.6431501714611563 1.0
10.0 7.0 Car -1.0 -1.0 -1.0 -1.0 -1.0 -1.0 -1.0 1.89 1.539 4.705 352.535 0.358 1862.876 -1.7106701378718026 1.0
10.0 9.0 Car -1.0 -1.0 -1.0 -1.0 -1.0 -1.0 -1.0 1.877 1.524 4.573 359.891 -0.213 1895.178 -1.9482206870478456 0.0
10.0 2.0 Truck -1.0 -1.0 -1.0 -1.0 -1.0 -1.0 -1.0 2.456 3.249 7.213 363.31 0.665 1912.231 1.1368767048227637 0.0
10.0 1.0 Car -1.0 -1.0 -1.0 -1.0 -1.0 -1.0 -1.0 1.793 1.688 4.373 368.85 3.383 1766.912 2.0550706336052325 0.0
11.0 4.0 Car -1.0 -1.0 -1.0 -1.0 -1.0 -1.0 -1.0 1.851 1.569 4.445 351.23 -0.028 1879.349 1.4224433401193672 0.0
11.0 8.0 Car -1.0 -1.0 -1.0 -1.0 -1.0 -1.0 -1.0 1.963 1.606 4.863 352.038 1.56 1808.827 1.778304316611347 1.0
11.0 0.0 Car -1.0 -1.0 -1.0 -1.0 -1.0 -1.0 -1.0 1.948 1.578 4.657 356.459 -0.062 1886.734 -1.9524297110539062 0.0
11.0 6.0 Car -1.0 -1.0 -1.0 -1.0 -1.0 -1.0 -1.0 1.887 1.826 4.237 348.007 0.859 1839.807 1.589090750756455 0.0
11.0 7.0 Car -1.0 -1.0 -1.0 -1.0 -1.0 -1.0 -1.0 1.89 1.539 4.705 352.256 0.345 1860.258 -1.693233237136065 1.0
11.0 9.0 Car -1.0 -1.0 -1.0 -1.0 -1.0 -1.0 -1.0 1.877 1.524 4.573 359.823 -0.258 1894.98 -1.9448011231926527 0.0
11.0 2.0 Truck -1.0 -1.0 -1.0 -1.0 -1.0 -1.0 -1.0 2.456 3.249 7.213 365.003 0.809 1915.993 1.1368767048227637 0.0
11.0 1.0 Car -1.0 -1.0 -1.0 -1.0 -1.0 -1.0 -1.0 1.793 1.688 4.373 366.346 3.038 1771.591 2.0370825799808028 1.0
12.0 4.0 Car -1.0 -1.0 -1.0 -1.0 -1.0 -1.0 -1.0 1.851 1.569 4.445 351.81 -0.179 1883.289 1.4224433401193672 0.0
12.0 8.0 Car -1.0 -1.0 -1.0 -1.0 -1.0 -1.0 -1.0 1.963 1.606 4.863 351.192 1.31 1812.781 1.778304316611347 1.0
12.0 0.0 Car -1.0 -1.0 -1.0 -1.0 -1.0 -1.0 -1.0 1.948 1.578 4.657 356.313 -0.115 1886.318 -1.9516412828990692 0.0
12.0 6.0 Car -1.0 -1.0 -1.0 -1.0 -1.0 -1.0 -1.0 1.887 1.826 4.237 348.016 0.677 1843.406 1.5524468685754074 0.0
12.0 7.0 Car -1.0 -1.0 -1.0 -1.0 -1.0 -1.0 -1.0 1.89 1.539 4.705 351.976 0.333 1857.636 -1.6757783527260548 1.0
12.0 9.0 Car -1.0 -1.0 -1.0 -1.0 -1.0 -1.0 -1.0 1.877 1.524 4.573 359.755 -0.303 1894.782 -1.9413780325454308 0.0
12.0 2.0 Truck -1.0 -1.0 -1.0 -1.0 -1.0 -1.0 -1.0 2.456 3.249 7.213 367.951 0.903 1922.461 1.154329997342707 0.0
12.0 1.0 Car -1.0 -1.0 -1.0 -1.0 -1.0 -1.0 -1.0 1.793 1.688 4.373 363.784 2.693 1776.382 2.0190759742465634 1.0
13.0 4.0 Car -1.0 -1.0 -1.0 -1.0 -1.0 -1.0 -1.0 1.851 1.569 4.445 352.823 -0.238 1887.95 1.3045852340437012 0.0
13.0 8.0 Car -1.0 -1.0 -1.0 -1.0 -1.0 -1.0 -1.0 1.963 1.606 4.863 350.452 1.06 1816.726 1.743365085806107 0.0
13.0 0.0 Car -1.0 -1.0 -1.0 -1.0 -1.0 -1.0 -1.0 1.948 1.578 4.657 355.907 -0.167 1885.682 -2.010267170777768 0.0
13.0 6.0 Car -1.0 -1.0 -1.0 -1.0 -1.0 -1.0 -1.0 1.887 1.826 4.237 348.11 0.546 1846.622 1.5419839049887059 0.0
13.0 7.0 Car -1.0 -1.0 -1.0 -1.0 -1.0 -1.0 -1.0 1.89 1.539 4.705 351.746 0.32 1854.443 -1.6456630405708177 1.0
13.0 9.0 Car -1.0 -1.0 -1.0 -1.0 -1.0 -1.0 -1.0 1.877 1.524 4.573 359.605 -0.348 1894.379 -1.9379545104653977 0.0
13.0 2.0 Truck -1.0 -1.0 -1.0 -1.0 -1.0 -1.0 -1.0 2.456 3.249 7.213 369.437 0.997 1925.775 1.145597910121843 0.0
13.0 1.0 Car -1.0 -1.0 -1.0 -1.0 -1.0 -1.0 -1.0 1.793 1.688 4.373 361.614 2.398 1781.205 1.9923460510354207 1.0
14.0 4.0 Car -1.0 -1.0 -1.0 -1.0 -1.0 -1.0 -1.0 1.851 1.569 4.445 353.738 -0.298 1890.739 1.204349045470626 0.0
14.0 8.0 Car -1.0 -1.0 -1.0 -1.0 -1.0 -1.0 -1.0 1.963 1.606 4.863 349.82 0.91 1820.687 1.7259444390515175 0.0
14.0 0.0 Car -1.0 -1.0 -1.0 -1.0 -1.0 -1.0 -1.0 1.948 1.578 4.657 355.464 -0.22 1885.071 -2.068819999110643 0.0
14.0 6.0 Car -1.0 -1.0 -1.0 -1.0 -1.0 -1.0 -1.0 1.887 1.826 4.237 348.203 0.433 1849.553 1.5385457117298198 0.0
14.0 7.0 Car -1.0 -1.0 -1.0 -1.0 -1.0 -1.0 -1.0 1.89 1.539 4.705 351.612 0.308 1851.248 -1.6155852580992756 1.0
14.0 9.0 Car -1.0 -1.0 -1.0 -1.0 -1.0 -1.0 -1.0 1.877 1.524 4.573 359.505 -0.393 1894.06 -1.9519885472964422 0.0
14.0 1.0 Car -1.0 -1.0 -1.0 -1.0 -1.0 -1.0 -1.0 1.793 1.688 4.373 359.741 2.054 1785.692 1.9656276883558046 1.0
15.0 4.0 Car -1.0 -1.0 -1.0 -1.0 -1.0 -1.0 -1.0 1.851 1.569 4.445 355.505 -0.332 1894.493 1.0865029185342934 0.0
15.0 8.0 Car -1.0 -1.0 -1.0 -1.0 -1.0 -1.0 -1.0 1.963 1.606 4.863 349.352 0.76 1824.403 1.6910378540116309 0.0
15.0 0.0 Car -1.0 -1.0 -1.0 -1.0 -1.0 -1.0 -1.0 1.948 1.578 4.657 354.552 -0.279 1884.086 -2.2155649239009043 0.0
15.0 6.0 Car -1.0 -1.0 -1.0 -1.0 -1.0 -1.0 -1.0 1.887 1.826 4.237 348.367 0.248 1852.33 1.510689182705784 0.0
15.0 7.0 Car -1.0 -1.0 -1.0 -1.0 -1.0 -1.0 -1.0 1.89 1.539 4.705 351.558 0.295 1847.495 -1.5854725965155991 1.0
15.0 5.0 Bus -1.0 -1.0 -1.0 -1.0 -1.0 -1.0 -1.0 2.845 3.501 12.383 385.992 4.725 1741.66 2.2784924318236275 0.0
15.0 9.0 Car -1.0 -1.0 -1.0 -1.0 -1.0 -1.0 -1.0 1.877 1.524 4.573 359.242 -0.429 1893.442 -1.947626480753254 0.0
15.0 1.0 Car -1.0 -1.0 -1.0 -1.0 -1.0 -1.0 -1.0 1.793 1.688 4.373 357.765 1.806 1790.691 1.9312751199722469 1.0
16.0 4.0 Car -1.0 -1.0 -1.0 -1.0 -1.0 -1.0 -1.0 1.851 1.569 4.445 357.648 -0.367 1898.041 0.968657734600841 0.0
16.0 8.0 Car -1.0 -1.0 -1.0 -1.0 -1.0 -1.0 -1.0 1.963 1.606 4.863 348.969 0.56 1828.441 1.656131408633279 0.0
16.0 0.0 Car -1.0 -1.0 -1.0 -1.0 -1.0 -1.0 -1.0 1.948 1.578 4.657 353.505 -0.338 1883.246 -2.3623086744405533 0.0
16.0 6.0 Car -1.0 -1.0 -1.0 -1.0 -1.0 -1.0 -1.0 1.887 1.826 4.237 348.528 0.229 1854.927 1.514286316484137 0.0
16.0 7.0 Car -1.0 -1.0 -1.0 -1.0 -1.0 -1.0 -1.0 1.89 1.539 4.705 351.617 0.283 1843.742 -1.5553601758929743 1.0
16.0 5.0 Bus -1.0 -1.0 -1.0 -1.0 -1.0 -1.0 -1.0 2.845 3.501 12.383 382.032 4.345 1746.498 2.2319685604646438 1.0
16.0 9.0 Car -1.0 -1.0 -1.0 -1.0 -1.0 -1.0 -1.0 1.877 1.524 4.573 359.085 -0.464 1893.098 -1.9432644491152555 0.0
16.0 1.0 Car -1.0 -1.0 -1.0 -1.0 -1.0 -1.0 -1.0 1.793 1.688 4.373 356.157 1.557 1795.213 1.8794695339574652 1.0
17.0 4.0 Car -1.0 -1.0 -1.0 -1.0 -1.0 -1.0 -1.0 1.851 1.569 4.445 359.042 -0.426 1900.174 0.968657734600841 0.0
17.0 8.0 Car -1.0 -1.0 -1.0 -1.0 -1.0 -1.0 -1.0 1.963 1.606 4.863 348.627 0.359 1832.485 1.6561312689717442 0.0
17.0 0.0 Car -1.0 -1.0 -1.0 -1.0 -1.0 -1.0 -1.0 1.948 1.578 4.657 351.928 -0.447 1882.035 -2.4712358246002633 0.0
17.0 6.0 Car -1.0 -1.0 -1.0 -1.0 -1.0 -1.0 -1.0 1.887 1.826 4.237 348.773 0.061 1857.839 1.491708460379906 0.0
17.0 7.0 Car -1.0 -1.0 -1.0 -1.0 -1.0 -1.0 -1.0 1.89 1.539 4.705 351.771 0.275 1839.35 -1.5300578070879463 1.0
17.0 5.0 Bus -1.0 -1.0 -1.0 -1.0 -1.0 -1.0 -1.0 2.845 3.501 12.383 378.3 3.965 1751.514 2.1854443168193836 1.0
17.0 9.0 Car -1.0 -1.0 -1.0 -1.0 -1.0 -1.0 -1.0 1.877 1.524 4.573 358.64 -0.5 1892.022 -1.9389023825720673 0.0
17.0 1.0 Car -1.0 -1.0 -1.0 -1.0 -1.0 -1.0 -1.0 1.793 1.688 4.373 354.724 1.259 1799.73 1.8625702580938504 1.0
18.0 4.0 Car -1.0 -1.0 -1.0 -1.0 -1.0 -1.0 -1.0 1.851 1.569 4.445 360.437 -0.486 1902.309 0.968657734600841 0.0
18.0 8.0 Car -1.0 -1.0 -1.0 -1.0 -1.0 -1.0 -1.0 1.963 1.606 4.863 348.346 0.209 1836.229 1.6561312689717442 0.0
18.0 0.0 Car -1.0 -1.0 -1.0 -1.0 -1.0 -1.0 -1.0 1.948 1.578 4.657 350.227 -0.555 1881.002 -2.5802893615980946 0.0
18.0 6.0 Car -1.0 -1.0 -1.0 -1.0 -1.0 -1.0 -1.0 1.887 1.826 4.237 349.084 -0.007 1861.017 1.4691044074657846 0.0
18.0 7.0 Car -1.0 -1.0 -1.0 -1.0 -1.0 -1.0 -1.0 1.89 1.539 4.705 352.037 0.266 1834.959 -1.504726080254314 1.0
18.0 5.0 Bus -1.0 -1.0 -1.0 -1.0 -1.0 -1.0 -1.0 2.845 3.501 12.383 374.802 3.585 1756.704 2.138866091664081 1.0
18.0 9.0 Car -1.0 -1.0 -1.0 -1.0 -1.0 -1.0 -1.0 1.877 1.524 4.573 358.13 -0.535 1890.599 -1.9345352547764991 0.0
18.0 1.0 Car -1.0 -1.0 -1.0 -1.0 -1.0 -1.0 -1.0 1.793 1.688 4.373 353.473 1.011 1804.197 1.8281778308459693 1.0
19.0 4.0 Car -1.0 -1.0 -1.0 -1.0 -1.0 -1.0 -1.0 1.851 1.569 4.445 361.83 -0.545 1904.442 0.968657734600841 0.0
19.0 8.0 Car -1.0 -1.0 -1.0 -1.0 -1.0 -1.0 -1.0 1.963 1.606 4.863 348.081 0.059 1840.338 1.6212246839318576 0.0
19.0 0.0 Car -1.0 -1.0 -1.0 -1.0 -1.0 -1.0 -1.0 1.948 1.578 4.657 348.426 -0.664 1880.161 -2.6892099745075564 0.0
19.0 6.0 Car -1.0 -1.0 -1.0 -1.0 -1.0 -1.0 -1.0 1.887 1.826 4.237 349.356 -0.091 1863.646 1.464622132783019 0.0
19.0 7.0 Car -1.0 -1.0 -1.0 -1.0 -1.0 -1.0 -1.0 1.89 1.539 4.705 352.429 0.233 1830.582 -1.4794252299680075 1.0
19.0 5.0 Bus -1.0 -1.0 -1.0 -1.0 -1.0 -1.0 -1.0 2.845 3.501 12.383 371.435 3.205 1762.222 2.1249015898486525 1.0
19.0 1.0 Car -1.0 -1.0 -1.0 -1.0 -1.0 -1.0 -1.0 1.793 1.688 4.373 352.432 0.844 1808.382 1.808551088506564 0.0
20.0 8.0 Car -1.0 -1.0 -1.0 -1.0 -1.0 -1.0 -1.0 1.963 1.606 4.863 347.969 -0.041 1844.054 1.577584129057203 0.0
20.0 0.0 Car -1.0 -1.0 -1.0 -1.0 -1.0 -1.0 -1.0 1.948 1.578 4.657 346.249 -0.676 1879.014 -2.654274086107462 0.0
20.0 6.0 Car -1.0 -1.0 -1.0 -1.0 -1.0 -1.0 -1.0 1.887 1.826 4.237 349.804 -0.282 1867.835 1.4656070979264901 0.0
20.0 7.0 Car -1.0 -1.0 -1.0 -1.0 -1.0 -1.0 -1.0 1.89 1.539 4.705 352.916 0.293 1825.954 -1.4514027174873723 1.0
20.0 5.0 Bus -1.0 -1.0 -1.0 -1.0 -1.0 -1.0 -1.0 2.845 3.501 12.383 368.064 2.825 1767.747 2.110920716594693 1.0
20.0 1.0 Car -1.0 -1.0 -1.0 -1.0 -1.0 -1.0 -1.0 1.793 1.688 4.373 351.363 0.626 1812.936 1.7889013365381716 0.0
21.0 8.0 Car -1.0 -1.0 -1.0 -1.0 -1.0 -1.0 -1.0 1.963 1.606 4.863 347.992 -0.142 1847.775 1.5513968841553518 0.0
21.0 0.0 Car -1.0 -1.0 -1.0 -1.0 -1.0 -1.0 -1.0 1.948 1.578 4.657 344.114 -0.687 1877.791 -2.6193382675188266 0.0
21.0 6.0 Car -1.0 -1.0 -1.0 -1.0 -1.0 -1.0 -1.0 1.887 1.826 4.237 350.217 -0.373 1871.415 1.4491388034582395 0.0
21.0 7.0 Car -1.0 -1.0 -1.0 -1.0 -1.0 -1.0 -1.0 1.89 1.539 4.705 353.531 0.354 1821.341 -1.4233802610033814 1.0
21.0 5.0 Bus -1.0 -1.0 -1.0 -1.0 -1.0 -1.0 -1.0 2.845 3.501 12.383 365.153 2.444 1773.0 2.067827856437679 1.0
21.0 1.0 Car -1.0 -1.0 -1.0 -1.0 -1.0 -1.0 -1.0 1.793 1.688 4.373 350.479 0.434 1817.408 1.7517884207544983 0.0
22.0 8.0 Car -1.0 -1.0 -1.0 -1.0 -1.0 -1.0 -1.0 1.963 1.606 4.863 348.077 -0.292 1851.654 1.5688548149556933 0.0
22.0 6.0 Car -1.0 -1.0 -1.0 -1.0 -1.0 -1.0 -1.0 1.887 1.826 4.237 350.703 -0.514 1874.91 1.4326886743285605 0.0
22.0 7.0 Car -1.0 -1.0 -1.0 -1.0 -1.0 -1.0 -1.0 1.89 1.539 4.705 354.29 0.314 1816.756 -1.4041203566349405 1.0
22.0 5.0 Bus -1.0 -1.0 -1.0 -1.0 -1.0 -1.0 -1.0 2.845 3.501 12.383 362.474 2.064 1778.367 2.0247825298243636 1.0
22.0 1.0 Car -1.0 -1.0 -1.0 -1.0 -1.0 -1.0 -1.0 1.793 1.688 4.373 349.761 0.241 1821.904 1.7147164423418362 0.0
23.0 8.0 Car -1.0 -1.0 -1.0 -1.0 -1.0 -1.0 -1.0 1.963 1.606 4.863 348.11 -0.442 1855.42 1.5688648063720279 0.0
23.0 7.0 Car -1.0 -1.0 -1.0 -1.0 -1.0 -1.0 -1.0 1.89 1.539 4.705 355.058 0.325 1812.505 -1.3848824909304533 1.0
23.0 5.0 Bus -1.0 -1.0 -1.0 -1.0 -1.0 -1.0 -1.0 2.845 3.501 12.383 360.032 1.685 1783.838 1.9817864589845908 1.0
23.0 3.0 Car -1.0 -1.0 -1.0 -1.0 -1.0 -1.0 -1.0 1.74 1.621 4.615 408.973 3.703 1717.737 2.286486039872662 0.0
23.0 1.0 Car -1.0 -1.0 -1.0 -1.0 -1.0 -1.0 -1.0 1.793 1.688 4.373 349.168 0.094 1826.277 1.6994616878272244 0.0
24.0 8.0 Car -1.0 -1.0 -1.0 -1.0 -1.0 -1.0 -1.0 1.963 1.606 4.863 348.141 -0.392 1859.402 1.5688648063720279 0.0
24.0 7.0 Car -1.0 -1.0 -1.0 -1.0 -1.0 -1.0 -1.0 1.89 1.539 4.705 355.935 0.366 1808.132 -1.348780864834528 1.0
24.0 5.0 Bus -1.0 -1.0 -1.0 -1.0 -1.0 -1.0 -1.0 2.845 3.501 12.383 358.066 1.605 1788.77 1.951217266701031 0.0
24.0 3.0 Car -1.0 -1.0 -1.0 -1.0 -1.0 -1.0 -1.0 1.74 1.621 4.615 401.996 3.332 1725.302 2.286486039872662 1.0
24.0 1.0 Car -1.0 -1.0 -1.0 -1.0 -1.0 -1.0 -1.0 1.793 1.688 4.373 348.677 -0.02 1830.65 1.6841722875102911 0.0
25.0 7.0 Car -1.0 -1.0 -1.0 -1.0 -1.0 -1.0 -1.0 1.89 1.539 4.705 356.948 0.371 1803.973 -1.321481926084762 1.0
25.0 5.0 Bus -1.0 -1.0 -1.0 -1.0 -1.0 -1.0 -1.0 2.845 3.501 12.383 356.257 1.525 1793.748 1.9207166112354819 0.0
25.0 3.0 Car -1.0 -1.0 -1.0 -1.0 -1.0 -1.0 -1.0 1.74 1.621 4.615 395.926 2.861 1732.124 2.3039393323926056 1.0
25.0 1.0 Car -1.0 -1.0 -1.0 -1.0 -1.0 -1.0 -1.0 1.793 1.688 4.373 348.373 -0.134 1834.581 1.634010581333546 0.0
26.0 7.0 Car -1.0 -1.0 -1.0 -1.0 -1.0 -1.0 -1.0 1.89 1.539 4.705 358.076 0.375 1799.839 -1.2941523161515671 1.0
26.0 5.0 Bus -1.0 -1.0 -1.0 -1.0 -1.0 -1.0 -1.0 2.845 3.501 12.383 354.712 1.345 1798.733 1.8901816873609274 0.0
26.0 3.0 Car -1.0 -1.0 -1.0 -1.0 -1.0 -1.0 -1.0 1.74 1.621 4.615 391.476 2.49 1737.13 2.283569926182252 1.0
26.0 1.0 Car -1.0 -1.0 -1.0 -1.0 -1.0 -1.0 -1.0 1.793 1.688 4.373 348.187 -0.247 1838.531 1.6187383206066495 0.0
27.0 7.0 Car -1.0 -1.0 -1.0 -1.0 -1.0 -1.0 -1.0 1.89 1.539 4.705 359.318 0.379 1795.918 -1.2580517721500177 1.0
27.0 5.0 Bus -1.0 -1.0 -1.0 -1.0 -1.0 -1.0 -1.0 2.845 3.501 12.383 353.318 1.165 1803.769 1.8596134113449876 0.0
27.0 3.0 Car -1.0 -1.0 -1.0 -1.0 -1.0 -1.0 -1.0 1.74 1.621 4.615 387.339 2.119 1741.739 2.280631563760565 1.0
27.0 1.0 Car -1.0 -1.0 -1.0 -1.0 -1.0 -1.0 -1.0 1.793 1.688 4.373 347.955 -0.337 1842.737 1.6303866512094192 0.0
28.0 7.0 Car -1.0 -1.0 -1.0 -1.0 -1.0 -1.0 -1.0 1.89 1.539 4.705 360.7 0.383 1792.049 -1.2219922755951171 0.0
28.0 5.0 Bus -1.0 -1.0 -1.0 -1.0 -1.0 -1.0 -1.0 2.845 3.501 12.383 352.054 1.047 1808.805 1.824688485473541 0.0
28.0 3.0 Car -1.0 -1.0 -1.0 -1.0 -1.0 -1.0 -1.0 1.74 1.621 4.615 383.878 1.748 1745.695 2.2777163872877724 0.0
28.0 1.0 Car -1.0 -1.0 -1.0 -1.0 -1.0 -1.0 -1.0 1.793 1.688 4.373 347.684 -0.427 1846.575 1.6420217372962906 0.0
29.0 7.0 Car -1.0 -1.0 -1.0 -1.0 -1.0 -1.0 -1.0 1.89 1.539 4.705 362.215 0.383 1788.166 -1.195840722283956 0.0
29.0 5.0 Bus -1.0 -1.0 -1.0 -1.0 -1.0 -1.0 -1.0 2.845 3.501 12.383 350.967 0.93 1813.876 1.789799332957366 0.0
29.0 3.0 Car -1.0 -1.0 -1.0 -1.0 -1.0 -1.0 -1.0 1.74 1.621 4.615 380.206 1.361 1750.268 2.22829576054291 0.0
29.0 1.0 Car -1.0 -1.0 -1.0 -1.0 -1.0 -1.0 -1.0 1.793 1.688 4.373 347.411 -0.517 1850.44 1.6536449056465363 0.0
30.0 7.0 Car -1.0 -1.0 -1.0 -1.0 -1.0 -1.0 -1.0 1.89 1.539 4.705 363.764 0.383 1784.401 -1.169689797433357 0.0
30.0 5.0 Bus -1.0 -1.0 -1.0 -1.0 -1.0 -1.0 -1.0 2.845 3.501 12.383 350.084 0.813 1818.639 1.772355402879343 0.0
30.0 3.0 Car -1.0 -1.0 -1.0 -1.0 -1.0 -1.0 -1.0 1.74 1.621 4.615 376.646 1.074 1754.929 2.205051805968924 0.0
30.0 1.0 Car -1.0 -1.0 -1.0 -1.0 -1.0 -1.0 -1.0 1.793 1.688 4.373 347.097 -0.581 1854.257 1.6536449056465363 0.0
31.0 7.0 Car -1.0 -1.0 -1.0 -1.0 -1.0 -1.0 -1.0 1.89 1.539 4.705 365.344 0.383 1780.909 -1.1435121630088394 0.0
31.0 5.0 Bus -1.0 -1.0 -1.0 -1.0 -1.0 -1.0 -1.0 2.845 3.501 12.383 349.2 0.695 1823.406 1.754893656225328 0.0
31.0 3.0 Car -1.0 -1.0 -1.0 -1.0 -1.0 -1.0 -1.0 1.74 1.621 4.615 373.251 0.886 1759.715 2.164312992233059 0.0
32.0 7.0 Car -1.0 -1.0 -1.0 -1.0 -1.0 -1.0 -1.0 1.89 1.539 4.705 367.108 0.383 1777.234 -1.1173008012007846 0.0
32.0 5.0 Bus -1.0 -1.0 -1.0 -1.0 -1.0 -1.0 -1.0 2.845 3.501 12.383 348.464 0.453 1827.904 1.7418013736433668 0.0
32.0 3.0 Car -1.0 -1.0 -1.0 -1.0 -1.0 -1.0 -1.0 1.74 1.621 4.615 370.316 0.66 1764.484 2.0860119960996304 0.0
33.0 7.0 Car -1.0 -1.0 -1.0 -1.0 -1.0 -1.0 -1.0 1.89 1.539 4.705 368.968 0.383 1773.608 -1.091093157784393 0.0
33.0 5.0 Bus -1.0 -1.0 -1.0 -1.0 -1.0 -1.0 -1.0 2.845 3.501 12.383 347.729 0.21 1832.402 1.728710948356527 0.0
33.0 3.0 Car -1.0 -1.0 -1.0 -1.0 -1.0 -1.0 -1.0 1.74 1.621 4.615 367.385 0.434 1769.477 2.0676659013771186 0.0
34.0 7.0 Car -1.0 -1.0 -1.0 -1.0 -1.0 -1.0 -1.0 1.89 1.539 4.705 370.92 0.383 1770.035 -1.0649126429156293 0.0
34.0 5.0 Bus -1.0 -1.0 -1.0 -1.0 -1.0 -1.0 -1.0 2.845 3.501 12.383 347.029 0.168 1836.919 1.7243675395481552 0.0
34.0 3.0 Car -1.0 -1.0 -1.0 -1.0 -1.0 -1.0 -1.0 1.74 1.621 4.615 364.745 0.307 1774.623 2.0318855048884883 0.0
35.0 7.0 Car -1.0 -1.0 -1.0 -1.0 -1.0 -1.0 -1.0 1.89 1.539 4.705 373.013 0.358 1766.384 -1.0270942858347167 0.0
35.0 5.0 Bus -1.0 -1.0 -1.0 -1.0 -1.0 -1.0 -1.0 2.845 3.501 12.383 346.583 0.125 1841.534 1.6850804861455548 0.0
35.0 3.0 Car -1.0 -1.0 -1.0 -1.0 -1.0 -1.0 -1.0 1.74 1.621 4.615 362.271 0.011 1779.721 2.017103866359191 0.0
36.0 7.0 Car -1.0 -1.0 -1.0 -1.0 -1.0 -1.0 -1.0 1.89 1.539 4.705 375.245 0.333 1762.81 -0.9892300512176844 0.0
36.0 3.0 Car -1.0 -1.0 -1.0 -1.0 -1.0 -1.0 -1.0 1.74 1.621 4.615 359.906 -0.374 1785.381 1.93249112611036 0.0
37.0 7.0 Car -1.0 -1.0 -1.0 -1.0 -1.0 -1.0 -1.0 1.89 1.539 4.705 377.706 0.309 1759.224 -0.9427395952760277 0.0
37.0 3.0 Car -1.0 -1.0 -1.0 -1.0 -1.0 -1.0 -1.0 1.74 1.621 4.615 357.912 -0.405 1790.752 1.924330609801397 0.0
38.0 7.0 Car -1.0 -1.0 -1.0 -1.0 -1.0 -1.0 -1.0 1.89 1.539 4.705 380.127 0.274 1755.813 -0.9402885078760207 0.0
38.0 3.0 Car -1.0 -1.0 -1.0 -1.0 -1.0 -1.0 -1.0 1.74 1.621 4.615 355.929 -0.517 1796.64 1.9079258423582186 0.0
39.0 7.0 Car -1.0 -1.0 -1.0 -1.0 -1.0 -1.0 -1.0 1.89 1.539 4.705 382.426 0.243 1752.682 -0.9380839643190421 0.0
39.0 3.0 Car -1.0 -1.0 -1.0 -1.0 -1.0 -1.0 -1.0 1.74 1.621 4.615 354.398 -0.902 1801.371 1.8722067678864782 0.0
