0.0 5.0 Truck -1.0 -1.0 -1.0 -1.0 -1.0 -1.0 -1.0 2.485 2.868 8.102 1707.112 2.595 861.803 0.08595746566784944 0.0
0.0 2.0 Car -1.0 -1.0 -1.0 -1.0 -1.0 -1.0 -1.0 2.136 2.58 5.693 1838.269 1.209 872.107 -3.091606423818379 0.0
0.0 3.0 Car -1.0 -1.0 -1.0 -1.0 -1.0 -1.0 -1.0 1.888 1.719 4.924 1727.425 1.154 862.081 0.12086405070773563 0.0
0.0 4.0 Car -1.0 -1.0 -1.0 -1.0 -1.0 -1.0 -1.0 1.817 1.861 4.356 1769.778 0.888 870.578 -3.106686068549907 0.0
1.0 5.0 Truck -1.0 -1.0 -1.0 -1.0 -1.0 -1.0 -1.0 2.485 2.868 8.102 1709.304 2.595 861.959 0.09759948446561138 1.0
1.0 2.0 Car -1.0 -1.0 -1.0 -1.0 -1.0 -1.0 -1.0 2.136 2.58 5.693 1834.712 1.259 871.983 -3.095091618372451 1.0
1.0 3.0 Car -1.0 -1.0 -1.0 -1.0 -1.0 -1.0 -1.0 1.888 1.719 4.924 1730.415 1.079 862.556 0.11214245248773412 1.0
1.0 4.0 Car -1.0 -1.0 -1.0 -1.0 -1.0 -1.0 -1.0 1.817 1.861 4.356 1767.127 0.886 870.469 -3.106686068549907 1.0
2.0 5.0 Truck -1.0 -1.0 -1.0 -1.0 -1.0 -1.0 -1.0 2.485 2.868 8.102 1712.301 2.595 862.228 0.08305934772665301 1.0
2.0 2.0 Car -1.0 -1.0 -1.0 -1.0 -1.0 -1.0 -1.0 2.136 2.58 5.693 1831.151 1.309 871.859 -3.098580847370892 1.0
2.0 3.0 Car -1.0 -1.0 -1.0 -1.0 -1.0 -1.0 -1.0 1.888 1.719 4.924 1733.408 1.004 863.031 0.10341075818779231 1.0
2.0 4.0 Car -1.0 -1.0 -1.0 -1.0 -1.0 -1.0 -1.0 1.817 1.861 4.356 1764.589 0.867 870.34 -3.106686068549907 1.0
3.0 5.0 Truck -1.0 -1.0 -1.0 -1.0 -1.0 -1.0 -1.0 2.485 2.868 8.102 1715.19 2.595 862.492 0.08595746566784902 1.0
3.0 2.0 Car -1.0 -1.0 -1.0 -1.0 -1.0 -1.0 -1.0 2.136 2.58 5.693 1827.587 1.359 871.735 -3.10207368503324 1.0
3.0 3.0 Car -1.0 -1.0 -1.0 -1.0 -1.0 -1.0 -1.0 1.888 1.719 4.924 1736.169 0.954 863.391 0.09468434734975072 1.0
3.0 4.0 Car -1.0 -1.0 -1.0 -1.0 -1.0 -1.0 -1.0 1.817 1.861 4.356 1762.049 0.848 870.211 -3.106686068549907 1.0
4.0 5.0 Truck -1.0 -1.0 -1.0 -1.0 -1.0 -1.0 -1.0 2.485 2.868 8.102 1718.554 2.595 862.795 0.11213737829039915 1.0
4.0 2.0 Car -1.0 -1.0 -1.0 -1.0 -1.0 -1.0 -1.0 2.136 2.58 5.693 1824.022 1.409 871.611 -3.105566711155793 1.0
4.0 3.0 Car -1.0 -1.0 -1.0 -1.0 -1.0 -1.0 -1.0 1.888 1.719 4.924 1738.929 0.904 863.75 0.08595746566784902 1.0
4.0 0.0 Car -1.0 -1.0 -1.0 -1.0 -1.0 -1.0 -1.0 2.089 1.745 4.686 1862.588 0.901 872.92 -3.0741531312984356 0.0
4.0 4.0 Car -1.0 -1.0 -1.0 -1.0 -1.0 -1.0 -1.0 1.817 1.861 4.356 1760.272 0.909 870.186 -3.106686068549907 0.0
5.0 5.0 Truck -1.0 -1.0 -1.0 -1.0 -1.0 -1.0 -1.0 2.485 2.868 8.102 1721.749 2.595 863.201 0.12086405070773563 1.0
5.0 2.0 Car -1.0 -1.0 -1.0 -1.0 -1.0 -1.0 -1.0 2.136 2.58 5.693 1820.458 1.459 871.487 -3.1090597163383227 1.0
5.0 3.0 Car -1.0 -1.0 -1.0 -1.0 -1.0 -1.0 -1.0 1.888 1.719 4.924 1741.57 0.904 864.107 0.09468394626715738 1.0
5.0 0.0 Car -1.0 -1.0 -1.0 -1.0 -1.0 -1.0 -1.0 2.089 1.745 4.686 1858.032 0.96 872.735 -3.082879611897744 1.0
5.0 4.0 Car -1.0 -1.0 -1.0 -1.0 -1.0 -1.0 -1.0 1.817 1.861 4.356 1758.496 0.97 870.161 -3.106686068549907 0.0
6.0 5.0 Truck -1.0 -1.0 -1.0 -1.0 -1.0 -1.0 -1.0 2.485 2.868 8.102 1725.568 2.595 863.748 0.13250000144774243 1.0
6.0 2.0 Car -1.0 -1.0 -1.0 -1.0 -1.0 -1.0 -1.0 2.136 2.58 5.693 1816.781 1.376 871.389 -3.1148776510179395 1.0
6.0 3.0 Car -1.0 -1.0 -1.0 -1.0 -1.0 -1.0 -1.0 1.888 1.719 4.924 1744.212 0.904 864.464 0.10341075818779231 1.0
6.0 0.0 Car -1.0 -1.0 -1.0 -1.0 -1.0 -1.0 -1.0 2.089 1.745 4.686 1853.476 1.02 872.55 -3.091606423818379 1.0
6.0 4.0 Car -1.0 -1.0 -1.0 -1.0 -1.0 -1.0 -1.0 1.817 1.861 4.356 1757.157 1.031 870.059 -3.106686068549907 0.0
7.0 5.0 Truck -1.0 -1.0 -1.0 -1.0 -1.0 -1.0 -1.0 2.485 2.868 8.102 1729.406 2.595 864.129 0.1266818691330558 1.0
7.0 2.0 Car -1.0 -1.0 -1.0 -1.0 -1.0 -1.0 -1.0 2.136 2.58 5.693 1813.105 1.293 871.292 -3.120695190432946 1.0
7.0 3.0 Car -1.0 -1.0 -1.0 -1.0 -1.0 -1.0 -1.0 1.888 1.719 4.924 1746.453 0.917 864.879 0.09032874480106745 1.0
7.0 0.0 Car -1.0 -1.0 -1.0 -1.0 -1.0 -1.0 -1.0 2.089 1.745 4.686 1848.953 0.974 872.453 -3.08869803149098 1.0
7.0 4.0 Car -1.0 -1.0 -1.0 -1.0 -1.0 -1.0 -1.0 1.817 1.861 4.356 1755.937 1.092 870.115 -3.106686068549907 0.0
8.0 5.0 Truck -1.0 -1.0 -1.0 -1.0 -1.0 -1.0 -1.0 2.485 2.868 8.102 1732.812 2.595 864.632 0.1383173432276794 1.0
8.0 2.0 Car -1.0 -1.0 -1.0 -1.0 -1.0 -1.0 -1.0 2.136 2.58 5.693 1809.428 1.209 871.194 -3.1265130088582658 1.0
8.0 3.0 Car -1.0 -1.0 -1.0 -1.0 -1.0 -1.0 -1.0 1.888 1.719 4.924 1748.694 0.929 865.294 0.07724610399845531 1.0
8.0 0.0 Car -1.0 -1.0 -1.0 -1.0 -1.0 -1.0 -1.0 2.089 1.745 4.686 1844.43 0.928 872.356 -3.0857894996765234 1.0
8.0 4.0 Car -1.0 -1.0 -1.0 -1.0 -1.0 -1.0 -1.0 1.817 1.861 4.356 1754.876 1.154 870.054 -3.106686068549907 0.0
9.0 5.0 Truck -1.0 -1.0 -1.0 -1.0 -1.0 -1.0 -1.0 2.485 2.868 8.102 1735.623 2.595 865.047 0.1383173432276794 1.0
9.0 2.0 Car -1.0 -1.0 -1.0 -1.0 -1.0 -1.0 -1.0 2.136 2.58 5.693 1805.784 1.209 871.117 -3.12302250118795 1.0
9.0 3.0 Car -1.0 -1.0 -1.0 -1.0 -1.0 -1.0 -1.0 1.888 1.719 4.924 1750.645 0.954 865.622 0.10341075818779231 1.0
9.0 0.0 Car -1.0 -1.0 -1.0 -1.0 -1.0 -1.0 -1.0 2.089 1.745 4.686 1839.913 0.882 872.259 -3.0828843620471313 1.0
9.0 4.0 Car -1.0 -1.0 -1.0 -1.0 -1.0 -1.0 -1.0 1.817 1.861 4.356 1753.75 1.215 870.082 -3.106686068549907 0.0
10.0 5.0 Truck -1.0 -1.0 -1.0 -1.0 -1.0 -1.0 -1.0 2.485 2.868 8.102 1738.435 2.595 865.462 0.1383173432276794 1.0
10.0 2.0 Car -1.0 -1.0 -1.0 -1.0 -1.0 -1.0 -1.0 2.136 2.58 5.693 1801.916 1.209 871.034 -3.1195317770433815 0.0
10.0 3.0 Car -1.0 -1.0 -1.0 -1.0 -1.0 -1.0 -1.0 1.888 1.719 4.924 1752.267 0.938 865.948 0.1470161182817502 1.0
10.0 0.0 Car -1.0 -1.0 -1.0 -1.0 -1.0 -1.0 -1.0 2.089 1.745 4.686 1835.492 0.876 872.018 -3.104686538870787 1.0
10.0 4.0 Car -1.0 -1.0 -1.0 -1.0 -1.0 -1.0 -1.0 1.817 1.861 4.356 1752.75 1.141 870.085 -3.106686068549907 0.0
11.0 5.0 Truck -1.0 -1.0 -1.0 -1.0 -1.0 -1.0 -1.0 2.485 2.868 8.102 1740.983 2.595 865.776 0.1295855846866838 1.0
11.0 2.0 Car -1.0 -1.0 -1.0 -1.0 -1.0 -1.0 -1.0 2.136 2.58 5.693 1798.134 1.209 870.952 -3.1160371633452977 0.0
11.0 3.0 Car -1.0 -1.0 -1.0 -1.0 -1.0 -1.0 -1.0 1.888 1.719 4.924 1753.875 0.921 866.344 0.19067006582479107 1.0
11.0 0.0 Car -1.0 -1.0 -1.0 -1.0 -1.0 -1.0 -1.0 2.089 1.745 4.686 1831.2 0.823 871.779 -3.1156061671022615 0.0
11.0 4.0 Car -1.0 -1.0 -1.0 -1.0 -1.0 -1.0 -1.0 1.817 1.861 4.356 1751.379 1.068 870.012 -3.106686068549907 0.0
12.0 5.0 Truck -1.0 -1.0 -1.0 -1.0 -1.0 -1.0 -1.0 2.485 2.868 8.102 1743.308 2.595 866.061 0.10341075818779277 1.0
12.0 2.0 Car -1.0 -1.0 -1.0 -1.0 -1.0 -1.0 -1.0 2.136 2.58 5.693 1794.768 1.209 870.881 -3.1125466417089016 0.0
12.0 3.0 Car -1.0 -1.0 -1.0 -1.0 -1.0 -1.0 -1.0 1.888 1.719 4.924 1756.476 0.904 866.953 0.13831734322767894 1.0
12.0 0.0 Car -1.0 -1.0 -1.0 -1.0 -1.0 -1.0 -1.0 2.089 1.745 4.686 1827.033 0.796 871.548 -3.121062398743437 0.0
12.0 4.0 Car -1.0 -1.0 -1.0 -1.0 -1.0 -1.0 -1.0 1.817 1.861 4.356 1749.138 1.121 870.002 -3.106686068549907 0.0
13.0 5.0 Truck -1.0 -1.0 -1.0 -1.0 -1.0 -1.0 -1.0 2.485 2.868 8.102 1745.59 2.595 866.264 0.0947262434830709 1.0
13.0 2.0 Car -1.0 -1.0 -1.0 -1.0 -1.0 -1.0 -1.0 2.136 2.58 5.693 1791.405 1.209 870.81 -3.1090597163383227 0.0
13.0 3.0 Car -1.0 -1.0 -1.0 -1.0 -1.0 -1.0 -1.0 1.888 1.719 4.924 1758.416 0.904 867.194 0.10341012902996516 1.0
13.0 0.0 Car -1.0 -1.0 -1.0 -1.0 -1.0 -1.0 -1.0 2.089 1.745 4.686 1822.841 0.783 871.384 -3.123786285513265 0.0
13.0 4.0 Car -1.0 -1.0 -1.0 -1.0 -1.0 -1.0 -1.0 1.817 1.861 4.356 1746.9 1.174 869.992 -3.106686068549907 0.0
14.0 5.0 Truck -1.0 -1.0 -1.0 -1.0 -1.0 -1.0 -1.0 2.485 2.868 8.102 1747.873 2.595 866.468 0.08603268498141925 1.0
14.0 2.0 Car -1.0 -1.0 -1.0 -1.0 -1.0 -1.0 -1.0 2.136 2.58 5.693 1787.943 1.209 870.882 -3.1202045958744553 0.0
14.0 3.0 Car -1.0 -1.0 -1.0 -1.0 -1.0 -1.0 -1.0 1.888 1.719 4.924 1760.363 0.904 867.434 0.06846656349112057 1.0
14.0 0.0 Car -1.0 -1.0 -1.0 -1.0 -1.0 -1.0 -1.0 2.089 1.745 4.686 1818.643 0.77 871.22 -3.1265130088582658 0.0
14.0 4.0 Car -1.0 -1.0 -1.0 -1.0 -1.0 -1.0 -1.0 1.817 1.861 4.356 1744.66 1.227 869.982 -3.106686068549907 0.0
15.0 5.0 Truck -1.0 -1.0 -1.0 -1.0 -1.0 -1.0 -1.0 2.485 2.868 8.102 1750.716 2.595 866.738 0.09220946874903535 1.0
15.0 2.0 Car -1.0 -1.0 -1.0 -1.0 -1.0 -1.0 -1.0 2.136 2.58 5.693 1784.435 1.209 871.044 -3.131325685671691 0.0
15.0 3.0 Car -1.0 -1.0 -1.0 -1.0 -1.0 -1.0 -1.0 1.888 1.719 4.924 1762.317 0.904 867.471 0.03359758810801905 0.0
15.0 0.0 Car -1.0 -1.0 -1.0 -1.0 -1.0 -1.0 -1.0 2.089 1.745 4.686 1814.648 0.77 871.061 -3.1265130088582658 0.0
15.0 4.0 Car -1.0 -1.0 -1.0 -1.0 -1.0 -1.0 -1.0 1.817 1.861 4.356 1742.424 1.28 869.972 -3.106686068549907 0.0
16.0 5.0 Truck -1.0 -1.0 -1.0 -1.0 -1.0 -1.0 -1.0 2.485 2.868 8.102 1753.004 2.595 866.992 0.09473994964642474 1.0
16.0 2.0 Car -1.0 -1.0 -1.0 -1.0 -1.0 -1.0 -1.0 2.136 2.58 5.693 1781.624 1.209 871.175 -3.140238543678916 0.0
16.0 3.0 Car -1.0 -1.0 -1.0 -1.0 -1.0 -1.0 -1.0 1.888 1.719 4.924 1764.062 0.951 867.486 0.0007824930610862424 0.0
16.0 0.0 Car -1.0 -1.0 -1.0 -1.0 -1.0 -1.0 -1.0 2.089 1.745 4.686 1811.508 0.82 871.082 -3.1265130088582658 0.0
17.0 5.0 Truck -1.0 -1.0 -1.0 -1.0 -1.0 -1.0 -1.0 2.485 2.868 8.102 1755.584 2.595 867.279 0.09759299401447773 1.0
17.0 2.0 Car -1.0 -1.0 -1.0 -1.0 -1.0 -1.0 -1.0 2.136 2.58 5.693 1778.378 1.209 871.321 3.1328977726677394 0.0
17.0 3.0 Car -1.0 -1.0 -1.0 -1.0 -1.0 -1.0 -1.0 1.888 1.719 4.924 1766.026 1.004 867.219 -0.03621558197175423 0.0
17.0 0.0 Car -1.0 -1.0 -1.0 -1.0 -1.0 -1.0 -1.0 2.089 1.745 4.686 1808.054 0.87 871.03 -3.1265130088582658 0.0
18.0 5.0 Truck -1.0 -1.0 -1.0 -1.0 -1.0 -1.0 -1.0 2.485 2.868 8.102 1758.009 2.595 867.522 0.10934998352688674 1.0
18.0 2.0 Car -1.0 -1.0 -1.0 -1.0 -1.0 -1.0 -1.0 2.136 2.58 5.693 1774.783 1.209 871.484 3.1217657132814343 0.0
18.0 3.0 Car -1.0 -1.0 -1.0 -1.0 -1.0 -1.0 -1.0 1.888 1.719 4.924 1768.857 1.043 866.97 -0.029245527903973386 0.0
18.0 1.0 Car -1.0 -1.0 -1.0 -1.0 -1.0 -1.0 -1.0 1.845 1.655 4.785 1903.234 0.522 872.922 -3.1265130088582658 0.0
18.0 0.0 Car -1.0 -1.0 -1.0 -1.0 -1.0 -1.0 -1.0 2.089 1.745 4.686 1804.21 0.92 871.006 -3.1265130088582658 0.0
19.0 5.0 Truck -1.0 -1.0 -1.0 -1.0 -1.0 -1.0 -1.0 2.485 2.868 8.102 1760.433 2.595 867.73 0.07811648630903312 1.0
19.0 2.0 Car -1.0 -1.0 -1.0 -1.0 -1.0 -1.0 -1.0 2.136 2.58 5.693 1771.029 1.209 871.575 3.130275863803152 0.0
19.0 3.0 Car -1.0 -1.0 -1.0 -1.0 -1.0 -1.0 -1.0 1.888 1.719 4.924 1771.692 1.082 866.741 -0.02226722346725829 0.0
19.0 1.0 Car -1.0 -1.0 -1.0 -1.0 -1.0 -1.0 -1.0 1.845 1.655 4.785 1898.557 1.025 872.859 -3.1265130088582658 1.0
19.0 0.0 Car -1.0 -1.0 -1.0 -1.0 -1.0 -1.0 -1.0 2.089 1.745 4.686 1800.368 1.02 870.994 -3.1265130088582658 0.0
20.0 5.0 Truck -1.0 -1.0 -1.0 -1.0 -1.0 -1.0 -1.0 2.485 2.868 8.102 1762.862 2.595 867.862 0.04688311405565982 1.0
20.0 2.0 Car -1.0 -1.0 -1.0 -1.0 -1.0 -1.0 -1.0 2.136 2.58 5.693 1767.274 1.209 871.666 3.1387859802759595 0.0
20.0 3.0 Car -1.0 -1.0 -1.0 -1.0 -1.0 -1.0 -1.0 1.888 1.719 4.924 1774.533 1.12 866.59 -0.015288946950573479 0.0
20.0 1.0 Car -1.0 -1.0 -1.0 -1.0 -1.0 -1.0 -1.0 1.845 1.655 4.785 1893.732 0.934 872.794 -3.1265130088582658 1.0
20.0 0.0 Car -1.0 -1.0 -1.0 -1.0 -1.0 -1.0 -1.0 2.089 1.745 4.686 1796.526 1.12 870.981 -3.1265130088582658 0.0
21.0 5.0 Truck -1.0 -1.0 -1.0 -1.0 -1.0 -1.0 -1.0 2.485 2.868 8.102 1765.297 2.595 867.918 0.01561493919454948 1.0
21.0 2.0 Car -1.0 -1.0 -1.0 -1.0 -1.0 -1.0 -1.0 2.136 2.58 5.693 1763.516 1.209 871.757 -3.1358797278093795 0.0
21.0 3.0 Car -1.0 -1.0 -1.0 -1.0 -1.0 -1.0 -1.0 1.888 1.719 4.924 1777.377 1.159 866.44 -0.008302894705468411 0.0
21.0 1.0 Car -1.0 -1.0 -1.0 -1.0 -1.0 -1.0 -1.0 1.845 1.655 4.785 1888.665 0.847 872.725 -3.1265130088582658 1.0
21.0 0.0 Car -1.0 -1.0 -1.0 -1.0 -1.0 -1.0 -1.0 2.089 1.745 4.686 1792.729 1.12 870.97 -3.1265130088582658 0.0
22.0 5.0 Truck -1.0 -1.0 -1.0 -1.0 -1.0 -1.0 -1.0 2.485 2.868 8.102 1767.975 2.595 867.892 -0.01876228945181091 1.0
22.0 3.0 Car -1.0 -1.0 -1.0 -1.0 -1.0 -1.0 -1.0 1.888 1.719 4.924 1780.504 1.202 866.275 -0.0006222060681506658 0.0
22.0 1.0 Car -1.0 -1.0 -1.0 -1.0 -1.0 -1.0 -1.0 1.845 1.655 4.785 1883.094 0.752 872.649 -3.1265130088582658 0.0
22.0 0.0 Car -1.0 -1.0 -1.0 -1.0 -1.0 -1.0 -1.0 2.089 1.745 4.686 1788.522 1.146 871.022 -3.1265130088582658 0.0
23.0 5.0 Truck -1.0 -1.0 -1.0 -1.0 -1.0 -1.0 -1.0 2.485 2.868 8.102 1770.275 2.595 867.863 -0.012942400884941252 1.0
23.0 3.0 Car -1.0 -1.0 -1.0 -1.0 -1.0 -1.0 -1.0 1.888 1.719 4.924 1783.348 1.24 866.125 0.006363734496833473 0.0
23.0 1.0 Car -1.0 -1.0 -1.0 -1.0 -1.0 -1.0 -1.0 1.845 1.655 4.785 1878.203 0.661 872.534 -3.1265130088582658 0.0
24.0 5.0 Truck -1.0 -1.0 -1.0 -1.0 -1.0 -1.0 -1.0 2.485 2.868 8.102 1772.573 2.595 867.833 -0.007128990167762916 1.0
24.0 3.0 Car -1.0 -1.0 -1.0 -1.0 -1.0 -1.0 -1.0 1.888 1.719 4.924 1786.189 1.279 865.974 0.013341899333397356 0.0
24.0 1.0 Car -1.0 -1.0 -1.0 -1.0 -1.0 -1.0 -1.0 1.845 1.655 4.785 1873.312 0.699 872.484 -3.1265130088582658 0.0
25.0 5.0 Truck -1.0 -1.0 -1.0 -1.0 -1.0 -1.0 -1.0 2.485 2.868 8.102 1774.873 2.595 867.803 -0.0013089969318675898 1.0
25.0 3.0 Car -1.0 -1.0 -1.0 -1.0 -1.0 -1.0 -1.0 1.888 1.719 4.924 1789.033 1.318 865.824 0.020327965538517564 0.0
25.0 1.0 Car -1.0 -1.0 -1.0 -1.0 -1.0 -1.0 -1.0 1.845 1.655 4.785 1868.44 0.608 872.435 -3.1265130088582658 0.0
26.0 5.0 Truck -1.0 -1.0 -1.0 -1.0 -1.0 -1.0 -1.0 2.485 2.868 8.102 1777.083 2.595 867.846 -0.0013089969318675898 1.0
26.0 3.0 Car -1.0 -1.0 -1.0 -1.0 -1.0 -1.0 -1.0 1.888 1.719 4.924 1791.591 1.353 865.689 0.026611647543034907 0.0
26.0 1.0 Car -1.0 -1.0 -1.0 -1.0 -1.0 -1.0 -1.0 1.845 1.655 4.785 1864.029 0.66 872.327 -3.1265130088582658 0.0
27.0 5.0 Truck -1.0 -1.0 -1.0 -1.0 -1.0 -1.0 -1.0 2.485 2.868 8.102 1779.541 2.595 867.893 -0.0013089969318675898 0.0
27.0 1.0 Car -1.0 -1.0 -1.0 -1.0 -1.0 -1.0 -1.0 1.845 1.655 4.785 1858.51 0.716 872.244 -3.091606423818379 0.0
28.0 5.0 Truck -1.0 -1.0 -1.0 -1.0 -1.0 -1.0 -1.0 2.485 2.868 8.102 1781.998 2.595 867.94 -0.0013089969318675898 0.0
28.0 1.0 Car -1.0 -1.0 -1.0 -1.0 -1.0 -1.0 -1.0 1.845 1.655 4.785 1853.696 0.734 872.097 -3.091606423818379 0.0
29.0 5.0 Truck -1.0 -1.0 -1.0 -1.0 -1.0 -1.0 -1.0 2.485 2.868 8.102 1784.449 2.595 867.987 -0.0013089969318675898 0.0
29.0 1.0 Car -1.0 -1.0 -1.0 -1.0 -1.0 -1.0 -1.0 1.845 1.655 4.785 1848.321 0.753 871.988 -3.091606423818379 0.0
30.0 5.0 Truck -1.0 -1.0 -1.0 -1.0 -1.0 -1.0 -1.0 2.485 2.868 8.102 1786.904 2.595 867.95 -0.010035520984817968 0.0
30.0 1.0 Car -1.0 -1.0 -1.0 -1.0 -1.0 -1.0 -1.0 1.845 1.655 4.785 1843.244 0.772 871.828 -3.091606423818379 0.0
31.0 5.0 Truck -1.0 -1.0 -1.0 -1.0 -1.0 -1.0 -1.0 2.485 2.868 8.102 1789.358 2.595 867.913 -0.01876228945181091 0.0
31.0 1.0 Car -1.0 -1.0 -1.0 -1.0 -1.0 -1.0 -1.0 1.845 1.655 4.785 1837.985 0.883 871.758 -3.091606423818379 0.0
32.0 5.0 Truck -1.0 -1.0 -1.0 -1.0 -1.0 -1.0 -1.0 2.485 2.868 8.102 1792.48 2.595 867.829 -0.02707012630707406 0.0
32.0 1.0 Car -1.0 -1.0 -1.0 -1.0 -1.0 -1.0 -1.0 1.845 1.655 4.785 1832.923 1.031 871.566 -3.091606423818379 0.0
33.0 5.0 Truck -1.0 -1.0 -1.0 -1.0 -1.0 -1.0 -1.0 2.485 2.868 8.102 1794.512 2.595 867.775 -0.03621558197175423 0.0
33.0 1.0 Car -1.0 -1.0 -1.0 -1.0 -1.0 -1.0 -1.0 1.845 1.655 4.785 1827.387 1.013 871.284 -3.091606423818379 0.0
34.0 5.0 Truck -1.0 -1.0 -1.0 -1.0 -1.0 -1.0 -1.0 2.485 2.868 8.102 1799.893 2.595 867.664 -0.011790093088102527 0.0
35.0 5.0 Truck -1.0 -1.0 -1.0 -1.0 -1.0 -1.0 -1.0 2.485 2.868 8.102 1804.098 2.595 867.678 1.3458795791843057e-05 0.0
36.0 5.0 Truck -1.0 -1.0 -1.0 -1.0 -1.0 -1.0 -1.0 2.485 2.868 8.102 1807.885 2.595 867.69 0.010640190061469434 0.0
37.0 5.0 Truck -1.0 -1.0 -1.0 -1.0 -1.0 -1.0 -1.0 2.485 2.868 8.102 1812.513 2.595 867.767 0.0043824049525817985 0.0
38.0 5.0 Truck -1.0 -1.0 -1.0 -1.0 -1.0 -1.0 -1.0 2.485 2.868 8.102 1816.723 2.595 867.836 -0.0013089969318675898 0.0
