0.0 0.0 Truck -1.0 -1.0 -1.0 -1.0 -1.0 -1.0 -1.0 3.342 4.488 8.787 2052.494 2.613 1191.408 1.0826102817127605 0.0
1.0 0.0 Truck -1.0 -1.0 -1.0 -1.0 -1.0 -1.0 -1.0 3.342 4.488 8.787 2053.028 2.779 1192.756 1.100087580019998 1.0
2.0 0.0 Truck -1.0 -1.0 -1.0 -1.0 -1.0 -1.0 -1.0 3.342 4.488 8.787 2053.491 2.944 1194.128 1.1175037483571595 0.0
3.0 0.0 Truck -1.0 -1.0 -1.0 -1.0 -1.0 -1.0 -1.0 3.342 4.488 8.787 2053.919 3.109 1195.513 1.1524234517925338 0.0
4.0 0.0 Truck -1.0 -1.0 -1.0 -1.0 -1.0 -1.0 -1.0 3.342 4.488 8.787 2054.576 2.991 1197.173 1.1559882622286588 0.0
5.0 0.0 Truck -1.0 -1.0 -1.0 -1.0 -1.0 -1.0 -1.0 3.342 4.488 8.787 2055.232 2.873 1198.831 1.1595491762299934 0.0
6.0 0.0 Truck -1.0 -1.0 -1.0 -1.0 -1.0 -1.0 -1.0 3.342 4.488 8.787 2055.888 2.755 1200.49 1.1631136305020608 0.0
7.0 0.0 Truck -1.0 -1.0 -1.0 -1.0 -1.0 -1.0 -1.0 3.342 4.488 8.787 2056.478 2.649 1201.981 1.1663159371603595 0.0
8.0 0.0 Truck -1.0 -1.0 -1.0 -1.0 -1.0 -1.0 -1.0 3.342 4.488 8.787 2057.134 2.531 1203.639 1.1698767443124771 0.0
9.0 0.0 Truck -1.0 -1.0 -1.0 -1.0 -1.0 -1.0 -1.0 3.342 4.488 8.787 2057.905 2.468 1205.49 1.1839068567429054 0.0
10.0 0.0 Truck -1.0 -1.0 -1.0 -1.0 -1.0 -1.0 -1.0 3.342 4.488 8.787 2058.753 2.399 1207.524 1.1801427508909388 0.0
11.0 0.0 Truck -1.0 -1.0 -1.0 -1.0 -1.0 -1.0 -1.0 3.342 4.488 8.787 2059.524 2.335 1209.375 1.1767194749261114 0.0
12.0 0.0 Truck -1.0 -1.0 -1.0 -1.0 -1.0 -1.0 -1.0 3.342 4.488 8.787 2060.294 2.272 1211.223 1.173299890160809 0.0
13.0 0.0 Truck -1.0 -1.0 -1.0 -1.0 -1.0 -1.0 -1.0 3.342 4.488 8.787 2061.065 2.174 1213.074 1.1349701592725903 0.0
