0.0 0.0 Car -1.0 -1.0 -1.0 -1.0 -1.0 -1.0 -1.0 1.845 1.656 4.528 2357.433 1.079 1363.014 2.628116787654343 0.0
0.0 1.0 Car -1.0 -1.0 -1.0 -1.0 -1.0 -1.0 -1.0 1.749 1.429 4.301 2343.516 0.85 1371.73 2.6108205747664934 0.0
1.0 0.0 Car -1.0 -1.0 -1.0 -1.0 -1.0 -1.0 -1.0 1.845 1.656 4.528 2350.836 1.079 1366.852 2.6106634951344 1.0
1.0 1.0 Car -1.0 -1.0 -1.0 -1.0 -1.0 -1.0 -1.0 1.749 1.429 4.301 2337.126 0.867 1375.481 2.6108205747664934 1.0
2.0 0.0 Car -1.0 -1.0 -1.0 -1.0 -1.0 -1.0 -1.0 1.845 1.656 4.528 2344.568 1.079 1370.698 2.6106634951344 1.0
2.0 1.0 Car -1.0 -1.0 -1.0 -1.0 -1.0 -1.0 -1.0 1.749 1.429 4.301 2330.915 0.884 1379.128 2.6108205747664934 1.0
3.0 0.0 Car -1.0 -1.0 -1.0 -1.0 -1.0 -1.0 -1.0 1.845 1.656 4.528 2338.628 1.079 1374.243 2.5932102026144563 1.0
3.0 1.0 Car -1.0 -1.0 -1.0 -1.0 -1.0 -1.0 -1.0 1.749 1.429 4.301 2325.162 0.859 1382.45 2.6289978075122864 1.0
4.0 0.0 Car -1.0 -1.0 -1.0 -1.0 -1.0 -1.0 -1.0 1.845 1.656 4.528 2332.932 1.079 1377.603 2.5932102026144563 1.0
4.0 1.0 Car -1.0 -1.0 -1.0 -1.0 -1.0 -1.0 -1.0 1.749 1.429 4.301 2319.875 0.834 1385.409 2.6471960220301103 1.0
5.0 0.0 Car -1.0 -1.0 -1.0 -1.0 -1.0 -1.0 -1.0 1.845 1.656 4.528 2327.651 1.079 1380.745 2.5932102026144563 1.0
5.0 1.0 Car -1.0 -1.0 -1.0 -1.0 -1.0 -1.0 -1.0 1.749 1.429 4.301 2315.117 0.81 1387.978 2.6653922729158896 1.0
6.0 0.0 Car -1.0 -1.0 -1.0 -1.0 -1.0 -1.0 -1.0 1.845 1.656 4.528 2323.789 1.079 1383.001 2.6106634951344 1.0
6.0 1.0 Car -1.0 -1.0 -1.0 -1.0 -1.0 -1.0 -1.0 1.749 1.429 4.301 2311.071 0.79 1390.121 2.6799297318493145 1.0
7.0 0.0 Car -1.0 -1.0 -1.0 -1.0 -1.0 -1.0 -1.0 1.845 1.656 4.528 2319.325 1.079 1385.572 2.6106634951344 1.0
7.0 1.0 Car -1.0 -1.0 -1.0 -1.0 -1.0 -1.0 -1.0 1.749 1.429 4.301 2306.313 0.765 1392.55 2.6980870373662103 1.0
8.0 2.0 Car -1.0 -1.0 -1.0 -1.0 -1.0 -1.0 -1.0 1.731 1.559 4.319 2247.356 1.12 1414.466 -0.06984807666031355 0.0
8.0 0.0 Car -1.0 -1.0 -1.0 -1.0 -1.0 -1.0 -1.0 1.845 1.656 4.528 2315.093 1.079 1388.006 2.6106634951344 1.0
8.0 1.0 Car -1.0 -1.0 -1.0 -1.0 -1.0 -1.0 -1.0 1.749 1.429 4.301 2301.52 0.922 1394.796 2.713817942095778 1.0
9.0 2.0 Car -1.0 -1.0 -1.0 -1.0 -1.0 -1.0 -1.0 1.731 1.559 4.319 2254.424 1.12 1413.876 -0.10475466170020022 1.0
9.0 0.0 Car -1.0 -1.0 -1.0 -1.0 -1.0 -1.0 -1.0 1.845 1.656 4.528 2311.16 1.079 1390.066 2.645570080174286 1.0
9.0 1.0 Car -1.0 -1.0 -1.0 -1.0 -1.0 -1.0 -1.0 1.749 1.429 4.301 2296.684 0.879 1396.934 2.764418695441478 1.0
10.0 2.0 Car -1.0 -1.0 -1.0 -1.0 -1.0 -1.0 -1.0 1.731 1.559 4.319 2259.594 1.12 1413.572 -0.15711453926003016 1.0
10.0 0.0 Car -1.0 -1.0 -1.0 -1.0 -1.0 -1.0 -1.0 1.845 1.656 4.528 2307.029 1.079 1392.161 2.6630233726942296 1.0
10.0 1.0 Car -1.0 -1.0 -1.0 -1.0 -1.0 -1.0 -1.0 1.749 1.429 4.301 2291.737 0.861 1398.821 2.823787413266887 1.0
11.0 2.0 Car -1.0 -1.0 -1.0 -1.0 -1.0 -1.0 -1.0 1.731 1.559 4.319 2264.865 1.07 1412.958 -0.18329466134332617 1.0
11.0 0.0 Car -1.0 -1.0 -1.0 -1.0 -1.0 -1.0 -1.0 1.845 1.656 4.528 2303.05 1.179 1394.051 2.7153832502540594 1.0
11.0 1.0 Car -1.0 -1.0 -1.0 -1.0 -1.0 -1.0 -1.0 1.749 1.429 4.301 2286.42 0.826 1400.59 2.865657273593243 1.0
12.0 2.0 Car -1.0 -1.0 -1.0 -1.0 -1.0 -1.0 -1.0 1.731 1.559 4.319 2270.118 1.02 1412.205 -0.20947441681986012 1.0
12.0 0.0 Car -1.0 -1.0 -1.0 -1.0 -1.0 -1.0 -1.0 1.845 1.656 4.528 2298.947 1.129 1395.791 2.732836542774003 1.0
12.0 1.0 Car -1.0 -1.0 -1.0 -1.0 -1.0 -1.0 -1.0 1.749 1.429 4.301 2280.572 0.841 1402.211 2.9075265476055296 1.0
13.0 2.0 Car -1.0 -1.0 -1.0 -1.0 -1.0 -1.0 -1.0 1.731 1.559 4.319 2273.975 0.921 1412.014 -0.1920211242999168 0.0
13.0 0.0 Car -1.0 -1.0 -1.0 -1.0 -1.0 -1.0 -1.0 1.845 1.656 4.528 2294.484 1.079 1397.543 2.7677431278138895 1.0
13.0 1.0 Car -1.0 -1.0 -1.0 -1.0 -1.0 -1.0 -1.0 1.749 1.429 4.301 2273.869 0.744 1403.732 2.9703562638900394 1.0
14.0 2.0 Car -1.0 -1.0 -1.0 -1.0 -1.0 -1.0 -1.0 1.731 1.559 4.319 2279.107 0.871 1411.084 -0.24438100185974676 0.0
14.0 0.0 Car -1.0 -1.0 -1.0 -1.0 -1.0 -1.0 -1.0 1.845 1.656 4.528 2289.952 0.879 1399.187 2.8201030053737197 1.0
14.0 1.0 Car -1.0 -1.0 -1.0 -1.0 -1.0 -1.0 -1.0 1.749 1.429 4.301 2267.201 0.797 1404.809 3.033189499588903 0.0
15.0 2.0 Car -1.0 -1.0 -1.0 -1.0 -1.0 -1.0 -1.0 1.731 1.559 4.319 2282.816 0.971 1410.124 -0.26183429437969 0.0
15.0 0.0 Car -1.0 -1.0 -1.0 -1.0 -1.0 -1.0 -1.0 1.845 1.656 4.528 2285.111 0.929 1400.658 2.802649712853776 1.0
15.0 1.0 Car -1.0 -1.0 -1.0 -1.0 -1.0 -1.0 -1.0 1.749 1.429 4.301 2260.454 0.75 1405.244 3.096087593066572 0.0
16.0 2.0 Car -1.0 -1.0 -1.0 -1.0 -1.0 -1.0 -1.0 1.731 1.559 4.319 2286.372 1.071 1409.201 -0.2792875868996334 0.0
16.0 0.0 Car -1.0 -1.0 -1.0 -1.0 -1.0 -1.0 -1.0 1.845 1.656 4.528 2280.079 1.028 1402.087 2.837556297893663 1.0
16.0 1.0 Car -1.0 -1.0 -1.0 -1.0 -1.0 -1.0 -1.0 1.749 1.429 4.301 2252.769 0.902 1405.415 -3.124332227140462 0.0
17.0 2.0 Car -1.0 -1.0 -1.0 -1.0 -1.0 -1.0 -1.0 1.731 1.559 4.319 2289.121 1.021 1408.352 -0.2792875868996334 0.0
17.0 0.0 Car -1.0 -1.0 -1.0 -1.0 -1.0 -1.0 -1.0 1.845 1.656 4.528 2274.653 1.028 1403.267 2.889916175453493 1.0
17.0 1.0 Car -1.0 -1.0 -1.0 -1.0 -1.0 -1.0 -1.0 1.749 1.429 4.301 2244.721 0.968 1405.064 -3.0614994942150777 0.0
18.0 2.0 Car -1.0 -1.0 -1.0 -1.0 -1.0 -1.0 -1.0 1.731 1.559 4.319 2291.518 1.071 1407.573 -0.2792875868996334 0.0
18.0 0.0 Car -1.0 -1.0 -1.0 -1.0 -1.0 -1.0 -1.0 1.845 1.656 4.528 2268.95 1.028 1404.263 2.9422760530133227 1.0
18.0 1.0 Car -1.0 -1.0 -1.0 -1.0 -1.0 -1.0 -1.0 1.749 1.429 4.301 2235.581 0.983 1404.578 -3.0614994942150777 0.0
19.0 2.0 Car -1.0 -1.0 -1.0 -1.0 -1.0 -1.0 -1.0 1.731 1.559 4.319 2293.853 1.121 1406.781 -0.31419417193952004 0.0
19.0 0.0 Car -1.0 -1.0 -1.0 -1.0 -1.0 -1.0 -1.0 1.845 1.656 4.528 2263.036 1.028 1404.958 3.012089223093096 1.0
19.0 1.0 Car -1.0 -1.0 -1.0 -1.0 -1.0 -1.0 -1.0 1.749 1.429 4.301 2226.47 0.948 1403.591 -3.0440462016951346 0.0
20.0 2.0 Car -1.0 -1.0 -1.0 -1.0 -1.0 -1.0 -1.0 1.731 1.559 4.319 2296.103 1.171 1406.016 -0.33164746445946336 0.0
20.0 0.0 Car -1.0 -1.0 -1.0 -1.0 -1.0 -1.0 -1.0 1.845 1.656 4.528 2256.818 1.028 1405.504 3.0469958081329827 1.0
20.0 1.0 Car -1.0 -1.0 -1.0 -1.0 -1.0 -1.0 -1.0 1.749 1.429 4.301 2217.254 0.963 1402.453 -3.0498706268989046 0.0
21.0 2.0 Car -1.0 -1.0 -1.0 -1.0 -1.0 -1.0 -1.0 1.731 1.559 4.319 2298.687 1.171 1404.967 -0.3840073420192933 0.0
21.0 0.0 Car -1.0 -1.0 -1.0 -1.0 -1.0 -1.0 -1.0 1.845 1.656 4.528 2250.378 1.027 1405.745 3.099355685692813 1.0
21.0 1.0 Car -1.0 -1.0 -1.0 -1.0 -1.0 -1.0 -1.0 1.749 1.429 4.301 2209.858 1.054 1400.777 -3.0382348347490895 0.0
22.0 2.0 Car -1.0 -1.0 -1.0 -1.0 -1.0 -1.0 -1.0 1.731 1.559 4.319 2300.855 1.271 1404.001 -0.40146063453923636 0.0
22.0 0.0 Car -1.0 -1.0 -1.0 -1.0 -1.0 -1.0 -1.0 1.845 1.656 4.528 2243.804 1.027 1405.7 -3.131469743926944 1.0
22.0 1.0 Car -1.0 -1.0 -1.0 -1.0 -1.0 -1.0 -1.0 1.749 1.429 4.301 2202.196 0.944 1399.259 -2.974233031615361 0.0
23.0 2.0 Car -1.0 -1.0 -1.0 -1.0 -1.0 -1.0 -1.0 1.731 1.559 4.319 2303.318 1.371 1402.871 -0.40146063453923636 0.0
23.0 0.0 Car -1.0 -1.0 -1.0 -1.0 -1.0 -1.0 -1.0 1.845 1.656 4.528 2237.003 1.077 1405.254 -3.0965631588870575 1.0
23.0 1.0 Car -1.0 -1.0 -1.0 -1.0 -1.0 -1.0 -1.0 1.749 1.429 4.301 2193.593 0.984 1397.874 -2.974233031615361 0.0
24.0 2.0 Car -1.0 -1.0 -1.0 -1.0 -1.0 -1.0 -1.0 1.731 1.559 4.319 2306.166 1.421 1401.513 -0.40146063453923636 0.0
24.0 0.0 Car -1.0 -1.0 -1.0 -1.0 -1.0 -1.0 -1.0 1.845 1.656 4.528 2229.992 1.077 1404.558 -3.061656573847171 1.0
24.0 1.0 Car -1.0 -1.0 -1.0 -1.0 -1.0 -1.0 -1.0 1.749 1.429 4.301 2182.945 1.024 1396.263 -2.991686324135304 0.0
25.0 0.0 Car -1.0 -1.0 -1.0 -1.0 -1.0 -1.0 -1.0 1.845 1.656 4.528 2222.782 1.026 1403.771 -3.026749988807284 1.0
25.0 1.0 Car -1.0 -1.0 -1.0 -1.0 -1.0 -1.0 -1.0 1.749 1.429 4.301 2172.133 1.015 1394.866 -2.991686324135304 0.0
26.0 0.0 Car -1.0 -1.0 -1.0 -1.0 -1.0 -1.0 -1.0 1.845 1.656 4.528 2215.551 1.076 1402.838 -3.009296696287341 1.0
27.0 0.0 Car -1.0 -1.0 -1.0 -1.0 -1.0 -1.0 -1.0 1.845 1.656 4.528 2208.122 1.076 1401.843 -3.026749988807284 1.0
28.0 0.0 Car -1.0 -1.0 -1.0 -1.0 -1.0 -1.0 -1.0 1.845 1.656 4.528 2200.457 1.076 1400.753 -3.009296696287341 0.0
29.0 0.0 Car -1.0 -1.0 -1.0 -1.0 -1.0 -1.0 -1.0 1.845 1.656 4.528 2192.843 1.175 1399.607 -3.009296696287341 0.0
30.0 0.0 Car -1.0 -1.0 -1.0 -1.0 -1.0 -1.0 -1.0 1.845 1.656 4.528 2185.918 1.165 1398.565 -3.009296696287341 0.0
31.0 0.0 Car -1.0 -1.0 -1.0 -1.0 -1.0 -1.0 -1.0 1.845 1.656 4.528 2178.275 1.154 1397.447 -2.9918434037673975 0.0
32.0 0.0 Car -1.0 -1.0 -1.0 -1.0 -1.0 -1.0 -1.0 1.845 1.656 4.528 2170.322 1.118 1396.318 -3.000560396078274 0.0
33.0 0.0 Car -1.0 -1.0 -1.0 -1.0 -1.0 -1.0 -1.0 1.845 1.656 4.528 2162.35 1.082 1395.187 -3.009296696287341 0.0
34.0 0.0 Car -1.0 -1.0 -1.0 -1.0 -1.0 -1.0 -1.0 1.845 1.656 4.528 2154.735 0.995 1394.041 -2.974390111247454 0.0
35.0 0.0 Car -1.0 -1.0 -1.0 -1.0 -1.0 -1.0 -1.0 1.845 1.656 4.528 2146.867 0.959 1392.536 -2.974390111247454 0.0
36.0 0.0 Car -1.0 -1.0 -1.0 -1.0 -1.0 -1.0 -1.0 1.845 1.656 4.528 2139.13 1.073 1391.132 -2.983117271941772 0.0
37.0 0.0 Car -1.0 -1.0 -1.0 -1.0 -1.0 -1.0 -1.0 1.845 1.656 4.528 2131.394 1.187 1389.728 -2.9918434037673975 0.0
38.0 0.0 Car -1.0 -1.0 -1.0 -1.0 -1.0 -1.0 -1.0 1.845 1.656 4.528 2123.219 1.233 1388.228 -3.010123914151879 0.0
39.0 0.0 Car -1.0 -1.0 -1.0 -1.0 -1.0 -1.0 -1.0 1.845 1.656 4.528 2115.76 1.275 1387.041 -3.026749988807284 0.0
