0.0 12.0 Car -1.0 -1.0 -1.0 -1.0 -1.0 -1.0 -1.0 2.129 1.485 4.632 717.909 0.755 1882.365 2.4488889267658234 0.0
0.0 3.0 Car -1.0 -1.0 -1.0 -1.0 -1.0 -1.0 -1.0 1.803 1.823 4.424 672.352 1.022 1945.124 -0.7745596687308023 0.0
0.0 17.0 Car -1.0 -1.0 -1.0 -1.0 -1.0 -1.0 -1.0 1.801 1.555 4.314 698.709 0.795 1898.004 2.430754955837456 0.0
0.0 16.0 Car -1.0 -1.0 -1.0 -1.0 -1.0 -1.0 -1.0 1.929 1.54 4.636 697.322 0.779 1895.199 2.466342219285767 0.0
0.0 13.0 Car -1.0 -1.0 -1.0 -1.0 -1.0 -1.0 -1.0 2.057 1.616 4.958 619.742 1.747 1991.225 -0.8618261313305178 0.0
0.0 10.0 Car -1.0 -1.0 -1.0 -1.0 -1.0 -1.0 -1.0 1.871 1.683 4.354 704.819 0.786 1897.453 2.520464879393622 0.0
0.0 20.0 Car -1.0 -1.0 -1.0 -1.0 -1.0 -1.0 -1.0 1.836 1.634 3.896 755.436 0.645 1847.206 2.448103528602426 0.0
0.0 11.0 Car -1.0 -1.0 -1.0 -1.0 -1.0 -1.0 -1.0 2.03 1.734 4.433 730.778 1.043 1868.167 2.4488889267658234 0.0
0.0 6.0 Car -1.0 -1.0 -1.0 -1.0 -1.0 -1.0 -1.0 1.791 1.608 4.102 678.183 0.896 1920.411 2.415745124273962 0.0
0.0 15.0 Car -1.0 -1.0 -1.0 -1.0 -1.0 -1.0 -1.0 1.791 1.608 4.102 671.76 0.889 1925.839 2.349567788319707 0.0
1.0 12.0 Car -1.0 -1.0 -1.0 -1.0 -1.0 -1.0 -1.0 2.129 1.485 4.632 712.88 0.755 1886.551 2.4488889267658234 1.0
1.0 3.0 Car -1.0 -1.0 -1.0 -1.0 -1.0 -1.0 -1.0 1.803 1.823 4.424 676.136 0.897 1941.781 -0.7571125306627176 1.0
1.0 17.0 Car -1.0 -1.0 -1.0 -1.0 -1.0 -1.0 -1.0 1.801 1.555 4.314 693.307 0.795 1902.523 2.430754955837456 1.0
1.0 14.0 Car -1.0 -1.0 -1.0 -1.0 -1.0 -1.0 -1.0 1.673 1.539 4.338 652.716 1.123 1958.016 -0.7745596687308023 0.0
1.0 18.0 Truck -1.0 -1.0 -1.0 -1.0 -1.0 -1.0 -1.0 1.853 2.014 4.952 740.4 0.976 1863.891 2.4469043004733795 0.0
1.0 16.0 Car -1.0 -1.0 -1.0 -1.0 -1.0 -1.0 -1.0 1.929 1.54 4.636 690.159 0.838 1901.032 2.4314356342458803 1.0
1.0 13.0 Car -1.0 -1.0 -1.0 -1.0 -1.0 -1.0 -1.0 2.057 1.616 4.958 623.649 1.684 1986.902 -0.844378993262433 1.0
1.0 10.0 Car -1.0 -1.0 -1.0 -1.0 -1.0 -1.0 -1.0 1.871 1.683 4.354 704.709 0.784 1897.537 2.520464879393622 1.0
1.0 20.0 Car -1.0 -1.0 -1.0 -1.0 -1.0 -1.0 -1.0 1.836 1.634 3.896 749.404 0.68 1852.153 2.448103528602426 1.0
1.0 11.0 Car -1.0 -1.0 -1.0 -1.0 -1.0 -1.0 -1.0 2.03 1.734 4.433 724.746 0.968 1873.054 2.460520352144547 1.0
1.0 6.0 Car -1.0 -1.0 -1.0 -1.0 -1.0 -1.0 -1.0 1.791 1.608 4.102 677.35 0.891 1921.164 2.4070209169957684 1.0
1.0 8.0 Car -1.0 -1.0 -1.0 -1.0 -1.0 -1.0 -1.0 1.871 1.796 4.966 765.011 1.247 1839.331 2.457077792815492 0.0
1.0 15.0 Car -1.0 -1.0 -1.0 -1.0 -1.0 -1.0 -1.0 1.791 1.608 4.102 671.157 0.889 1926.423 2.349567788319707 1.0
2.0 12.0 Car -1.0 -1.0 -1.0 -1.0 -1.0 -1.0 -1.0 2.129 1.485 4.632 707.354 0.755 1891.149 2.4488889267658234 1.0
2.0 3.0 Car -1.0 -1.0 -1.0 -1.0 -1.0 -1.0 -1.0 1.803 1.823 4.424 680.287 0.772 1937.755 -0.7396466500200701 1.0
2.0 17.0 Car -1.0 -1.0 -1.0 -1.0 -1.0 -1.0 -1.0 1.801 1.555 4.314 688.267 0.834 1906.838 2.422023554967392 1.0
2.0 14.0 Car -1.0 -1.0 -1.0 -1.0 -1.0 -1.0 -1.0 1.673 1.539 4.338 657.567 1.048 1953.398 -0.7745596687308023 1.0
2.0 18.0 Truck -1.0 -1.0 -1.0 -1.0 -1.0 -1.0 -1.0 1.853 2.014 4.952 734.592 0.984 1868.686 2.4469043004733795 1.0
2.0 16.0 Car -1.0 -1.0 -1.0 -1.0 -1.0 -1.0 -1.0 1.929 1.54 4.636 683.907 0.897 1906.25 2.4314356342458803 1.0
2.0 13.0 Car -1.0 -1.0 -1.0 -1.0 -1.0 -1.0 -1.0 2.057 1.616 4.958 627.672 1.622 1982.678 -0.8269131126197857 1.0
2.0 10.0 Car -1.0 -1.0 -1.0 -1.0 -1.0 -1.0 -1.0 1.871 1.683 4.354 704.551 0.782 1897.655 2.520464879393622 1.0
2.0 20.0 Car -1.0 -1.0 -1.0 -1.0 -1.0 -1.0 -1.0 1.836 1.634 3.896 743.364 0.714 1857.105 2.448103528602426 1.0
2.0 11.0 Car -1.0 -1.0 -1.0 -1.0 -1.0 -1.0 -1.0 2.03 1.734 4.433 718.706 0.894 1877.946 2.4721642725729787 1.0
2.0 6.0 Car -1.0 -1.0 -1.0 -1.0 -1.0 -1.0 -1.0 1.791 1.608 4.102 676.516 0.887 1921.918 2.3982873377446605 1.0
2.0 8.0 Car -1.0 -1.0 -1.0 -1.0 -1.0 -1.0 -1.0 1.871 1.796 4.966 759.081 1.225 1844.224 2.457077792815492 1.0
2.0 15.0 Car -1.0 -1.0 -1.0 -1.0 -1.0 -1.0 -1.0 1.791 1.608 4.102 670.553 0.889 1927.008 2.349567788319707 1.0
3.0 12.0 Car -1.0 -1.0 -1.0 -1.0 -1.0 -1.0 -1.0 2.129 1.485 4.632 701.631 0.755 1895.746 2.4488889267658234 1.0
3.0 3.0 Car -1.0 -1.0 -1.0 -1.0 -1.0 -1.0 -1.0 1.803 1.823 4.424 684.286 0.647 1934.042 -0.7221997911709731 1.0
3.0 1.0 Car -1.0 -1.0 -1.0 -1.0 -1.0 -1.0 -1.0 1.929 2.041 5.012 614.352 1.297 1993.902 -0.7396530836909179 0.0
3.0 17.0 Car -1.0 -1.0 -1.0 -1.0 -1.0 -1.0 -1.0 1.801 1.555 4.314 683.188 0.872 1911.188 2.4133016633175126 1.0
3.0 14.0 Car -1.0 -1.0 -1.0 -1.0 -1.0 -1.0 -1.0 1.673 1.539 4.338 662.413 0.973 1948.785 -0.7745596687308023 1.0
3.0 18.0 Truck -1.0 -1.0 -1.0 -1.0 -1.0 -1.0 -1.0 1.853 2.014 4.952 728.791 0.992 1873.476 2.4469043004733795 1.0
3.0 16.0 Car -1.0 -1.0 -1.0 -1.0 -1.0 -1.0 -1.0 1.929 1.54 4.636 676.88 0.956 1912.218 2.4314356342458803 1.0
3.0 13.0 Car -1.0 -1.0 -1.0 -1.0 -1.0 -1.0 -1.0 2.057 1.616 4.958 631.691 1.559 1978.458 -0.8094662537706885 1.0
3.0 10.0 Car -1.0 -1.0 -1.0 -1.0 -1.0 -1.0 -1.0 1.871 1.683 4.354 703.976 0.781 1898.041 2.520464879393622 1.0
3.0 20.0 Car -1.0 -1.0 -1.0 -1.0 -1.0 -1.0 -1.0 1.836 1.634 3.896 737.203 0.799 1861.897 2.448103528602426 1.0
3.0 11.0 Car -1.0 -1.0 -1.0 -1.0 -1.0 -1.0 -1.0 2.03 1.734 4.433 712.674 0.819 1882.833 2.4837955118057105 1.0
3.0 6.0 Car -1.0 -1.0 -1.0 -1.0 -1.0 -1.0 -1.0 1.791 1.608 4.102 675.891 0.882 1922.48 2.3895632700861746 1.0
3.0 8.0 Car -1.0 -1.0 -1.0 -1.0 -1.0 -1.0 -1.0 1.871 1.796 4.966 753.158 1.203 1849.112 2.457077792815492 1.0
3.0 15.0 Car -1.0 -1.0 -1.0 -1.0 -1.0 -1.0 -1.0 1.791 1.608 4.102 669.871 0.889 1927.673 2.349567788319707 1.0
4.0 12.0 Car -1.0 -1.0 -1.0 -1.0 -1.0 -1.0 -1.0 2.129 1.485 4.632 695.951 0.755 1900.596 2.4488889267658234 1.0
4.0 3.0 Car -1.0 -1.0 -1.0 -1.0 -1.0 -1.0 -1.0 1.803 1.823 4.424 688.186 0.572 1930.41 -0.7483816415547615 1.0
4.0 1.0 Car -1.0 -1.0 -1.0 -1.0 -1.0 -1.0 -1.0 1.929 2.041 5.012 617.691 1.447 1990.92 -0.7396530836909179 1.0
4.0 17.0 Car -1.0 -1.0 -1.0 -1.0 -1.0 -1.0 -1.0 1.801 1.555 4.314 677.708 0.886 1916.08 2.395847096394987 1.0
4.0 14.0 Car -1.0 -1.0 -1.0 -1.0 -1.0 -1.0 -1.0 1.673 1.539 4.338 667.674 0.823 1943.933 -0.7745596687308023 1.0
4.0 18.0 Truck -1.0 -1.0 -1.0 -1.0 -1.0 -1.0 -1.0 1.853 2.014 4.952 722.897 1.001 1878.209 2.4469043004733795 1.0
4.0 16.0 Car -1.0 -1.0 -1.0 -1.0 -1.0 -1.0 -1.0 1.929 1.54 4.636 669.683 1.015 1918.501 2.4314356342458803 1.0
4.0 13.0 Car -1.0 -1.0 -1.0 -1.0 -1.0 -1.0 -1.0 2.057 1.616 4.958 635.888 1.497 1974.406 -0.8094662537706885 1.0
4.0 10.0 Car -1.0 -1.0 -1.0 -1.0 -1.0 -1.0 -1.0 1.871 1.683 4.354 702.902 0.779 1898.785 2.520464879393622 1.0
4.0 20.0 Car -1.0 -1.0 -1.0 -1.0 -1.0 -1.0 -1.0 1.836 1.634 3.896 731.023 0.883 1867.084 2.448103528602426 1.0
4.0 11.0 Car -1.0 -1.0 -1.0 -1.0 -1.0 -1.0 -1.0 2.03 1.734 4.433 706.747 0.844 1887.348 2.4314356342458803 1.0
4.0 6.0 Car -1.0 -1.0 -1.0 -1.0 -1.0 -1.0 -1.0 1.791 1.608 4.102 675.265 0.877 1923.042 2.3808385392340754 1.0
4.0 8.0 Car -1.0 -1.0 -1.0 -1.0 -1.0 -1.0 -1.0 1.871 1.796 4.966 747.234 1.18 1853.999 2.457077792815492 1.0
4.0 15.0 Car -1.0 -1.0 -1.0 -1.0 -1.0 -1.0 -1.0 1.791 1.608 4.102 669.209 0.889 1928.358 2.349567788319707 1.0
5.0 12.0 Car -1.0 -1.0 -1.0 -1.0 -1.0 -1.0 -1.0 2.129 1.485 4.632 690.191 0.805 1905.348 2.4488889267658234 1.0
5.0 3.0 Car -1.0 -1.0 -1.0 -1.0 -1.0 -1.0 -1.0 1.803 1.823 4.424 692.073 0.497 1926.765 -0.7745596687308023 1.0
5.0 1.0 Car -1.0 -1.0 -1.0 -1.0 -1.0 -1.0 -1.0 1.929 2.041 5.012 621.03 1.597 1987.938 -0.7396530836909179 1.0
5.0 17.0 Car -1.0 -1.0 -1.0 -1.0 -1.0 -1.0 -1.0 1.801 1.555 4.314 672.357 0.9 1920.934 2.378395078277626 1.0
5.0 14.0 Car -1.0 -1.0 -1.0 -1.0 -1.0 -1.0 -1.0 1.673 1.539 4.338 672.767 0.673 1938.912 -0.7745596687308023 1.0
5.0 18.0 Truck -1.0 -1.0 -1.0 -1.0 -1.0 -1.0 -1.0 1.853 2.014 4.952 717.057 1.009 1882.898 2.4469043004733795 1.0
5.0 16.0 Car -1.0 -1.0 -1.0 -1.0 -1.0 -1.0 -1.0 1.929 1.54 4.636 662.487 1.074 1924.783 2.4314356342458803 1.0
5.0 13.0 Car -1.0 -1.0 -1.0 -1.0 -1.0 -1.0 -1.0 2.057 1.616 4.958 639.85 1.335 1970.601 -0.8094662537706885 1.0
5.0 0.0 Car -1.0 -1.0 -1.0 -1.0 -1.0 -1.0 -1.0 1.965 1.784 4.413 709.825 0.812 1893.681 2.398291831754019 0.0
5.0 10.0 Car -1.0 -1.0 -1.0 -1.0 -1.0 -1.0 -1.0 1.871 1.683 4.354 701.73 0.777 1899.598 2.520464879393622 1.0
5.0 20.0 Car -1.0 -1.0 -1.0 -1.0 -1.0 -1.0 -1.0 1.836 1.634 3.896 724.737 0.917 1872.149 2.448103528602426 1.0
5.0 11.0 Car -1.0 -1.0 -1.0 -1.0 -1.0 -1.0 -1.0 2.03 1.734 4.433 700.048 0.869 1892.928 2.4314356342458803 1.0
5.0 6.0 Car -1.0 -1.0 -1.0 -1.0 -1.0 -1.0 -1.0 1.791 1.608 4.102 674.836 0.874 1923.463 2.3808385392340754 1.0
5.0 8.0 Car -1.0 -1.0 -1.0 -1.0 -1.0 -1.0 -1.0 1.871 1.796 4.966 741.311 1.158 1858.887 2.457077792815492 1.0
5.0 15.0 Car -1.0 -1.0 -1.0 -1.0 -1.0 -1.0 -1.0 1.791 1.608 4.102 668.546 0.889 1929.042 2.349567788319707 1.0
6.0 12.0 Car -1.0 -1.0 -1.0 -1.0 -1.0 -1.0 -1.0 2.129 1.485 4.632 684.512 0.755 1910.197 2.4488889267658234 1.0
6.0 3.0 Car -1.0 -1.0 -1.0 -1.0 -1.0 -1.0 -1.0 1.803 1.823 4.424 695.625 0.584 1923.355 -0.7745596687308023 1.0
6.0 1.0 Car -1.0 -1.0 -1.0 -1.0 -1.0 -1.0 -1.0 1.929 2.041 5.012 624.369 1.747 1984.956 -0.7396530836909179 1.0
6.0 17.0 Car -1.0 -1.0 -1.0 -1.0 -1.0 -1.0 -1.0 1.801 1.555 4.314 667.034 0.914 1925.903 2.4133016633175126 1.0
6.0 14.0 Car -1.0 -1.0 -1.0 -1.0 -1.0 -1.0 -1.0 1.673 1.539 4.338 678.154 0.623 1933.977 -0.7745596687308023 1.0
6.0 18.0 Truck -1.0 -1.0 -1.0 -1.0 -1.0 -1.0 -1.0 1.853 2.014 4.952 711.294 1.067 1887.522 2.4469043004733795 1.0
6.0 16.0 Car -1.0 -1.0 -1.0 -1.0 -1.0 -1.0 -1.0 1.929 1.54 4.636 655.29 1.133 1931.066 2.4314356342458803 1.0
6.0 13.0 Car -1.0 -1.0 -1.0 -1.0 -1.0 -1.0 -1.0 2.057 1.616 4.958 643.812 1.172 1966.796 -0.8094662537706885 1.0
6.0 0.0 Car -1.0 -1.0 -1.0 -1.0 -1.0 -1.0 -1.0 1.965 1.784 4.413 709.614 0.812 1893.844 2.398291831754019 1.0
6.0 10.0 Car -1.0 -1.0 -1.0 -1.0 -1.0 -1.0 -1.0 1.871 1.683 4.354 700.407 0.748 1900.62 2.5030166830924 1.0
6.0 20.0 Car -1.0 -1.0 -1.0 -1.0 -1.0 -1.0 -1.0 1.836 1.634 3.896 718.392 0.952 1877.124 2.3608370660027096 1.0
6.0 11.0 Car -1.0 -1.0 -1.0 -1.0 -1.0 -1.0 -1.0 2.03 1.734 4.433 693.117 0.894 1898.708 2.4314356342458803 1.0
6.0 6.0 Car -1.0 -1.0 -1.0 -1.0 -1.0 -1.0 -1.0 1.791 1.608 4.102 674.406 0.872 1923.884 2.3808385392340754 1.0
6.0 8.0 Car -1.0 -1.0 -1.0 -1.0 -1.0 -1.0 -1.0 1.871 1.796 4.966 735.388 1.136 1863.774 2.457077792815492 1.0
6.0 15.0 Car -1.0 -1.0 -1.0 -1.0 -1.0 -1.0 -1.0 1.791 1.608 4.102 667.864 0.889 1929.747 2.349567788319707 1.0
7.0 12.0 Car -1.0 -1.0 -1.0 -1.0 -1.0 -1.0 -1.0 2.129 1.485 4.632 679.067 0.799 1914.913 2.431441276769932 1.0
7.0 3.0 Car -1.0 -1.0 -1.0 -1.0 -1.0 -1.0 -1.0 1.803 1.823 4.424 699.232 0.546 1919.89 -0.7745596687308023 0.0
7.0 1.0 Car -1.0 -1.0 -1.0 -1.0 -1.0 -1.0 -1.0 1.929 2.041 5.012 626.858 1.689 1982.659 -0.7425610117882693 1.0
7.0 17.0 Car -1.0 -1.0 -1.0 -1.0 -1.0 -1.0 -1.0 1.801 1.555 4.314 661.75 0.998 1930.996 2.4133016633175126 0.0
7.0 14.0 Car -1.0 -1.0 -1.0 -1.0 -1.0 -1.0 -1.0 1.673 1.539 4.338 683.692 0.573 1928.854 -0.7745596687308023 1.0
7.0 18.0 Truck -1.0 -1.0 -1.0 -1.0 -1.0 -1.0 -1.0 1.853 2.014 4.952 705.684 1.026 1892.329 2.4469043004733795 1.0
7.0 16.0 Car -1.0 -1.0 -1.0 -1.0 -1.0 -1.0 -1.0 1.929 1.54 4.636 648.283 1.192 1937.522 2.4314356342458803 1.0
7.0 13.0 Car -1.0 -1.0 -1.0 -1.0 -1.0 -1.0 -1.0 2.057 1.616 4.958 647.774 1.01 1962.99 -0.8094662537706885 1.0
7.0 0.0 Car -1.0 -1.0 -1.0 -1.0 -1.0 -1.0 -1.0 1.965 1.784 4.413 709.224 0.812 1894.171 2.398291831754019 1.0
7.0 10.0 Car -1.0 -1.0 -1.0 -1.0 -1.0 -1.0 -1.0 1.871 1.683 4.354 698.844 0.72 1901.821 2.485567334906125 1.0
7.0 20.0 Car -1.0 -1.0 -1.0 -1.0 -1.0 -1.0 -1.0 1.836 1.634 3.896 712.13 0.886 1882.204 2.3608370660027096 1.0
7.0 11.0 Car -1.0 -1.0 -1.0 -1.0 -1.0 -1.0 -1.0 2.03 1.734 4.433 686.464 0.92 1904.25 2.4314356342458803 1.0
7.0 6.0 Car -1.0 -1.0 -1.0 -1.0 -1.0 -1.0 -1.0 1.791 1.608 4.102 673.977 0.869 1924.305 2.3808385392340754 1.0
7.0 8.0 Car -1.0 -1.0 -1.0 -1.0 -1.0 -1.0 -1.0 1.871 1.796 4.966 729.464 1.114 1868.662 2.457077792815492 1.0
7.0 15.0 Car -1.0 -1.0 -1.0 -1.0 -1.0 -1.0 -1.0 1.791 1.608 4.102 667.182 0.889 1930.452 2.349567788319707 1.0
8.0 12.0 Car -1.0 -1.0 -1.0 -1.0 -1.0 -1.0 -1.0 2.129 1.485 4.632 673.617 0.843 1919.633 2.4139758266466194 1.0
8.0 3.0 Car -1.0 -1.0 -1.0 -1.0 -1.0 -1.0 -1.0 1.803 1.823 4.424 702.669 0.608 1916.592 -0.7745596687308023 0.0
8.0 1.0 Car -1.0 -1.0 -1.0 -1.0 -1.0 -1.0 -1.0 1.929 2.041 5.012 629.349 1.631 1980.36 -0.7454719065596814 1.0
8.0 17.0 Car -1.0 -1.0 -1.0 -1.0 -1.0 -1.0 -1.0 1.801 1.555 4.314 656.422 1.082 1936.05 2.4133016633175126 0.0
8.0 14.0 Car -1.0 -1.0 -1.0 -1.0 -1.0 -1.0 -1.0 1.673 1.539 4.338 689.384 0.523 1923.58 -0.7745596687308023 0.0
8.0 18.0 Truck -1.0 -1.0 -1.0 -1.0 -1.0 -1.0 -1.0 1.853 2.014 4.952 700.185 1.009 1896.933 2.452725204383383 1.0
8.0 16.0 Car -1.0 -1.0 -1.0 -1.0 -1.0 -1.0 -1.0 1.929 1.54 4.636 641.64 1.251 1943.876 2.4314356342458803 0.0
8.0 13.0 Car -1.0 -1.0 -1.0 -1.0 -1.0 -1.0 -1.0 2.057 1.616 4.958 651.74 0.847 1959.181 -0.8094662537706885 1.0
8.0 0.0 Car -1.0 -1.0 -1.0 -1.0 -1.0 -1.0 -1.0 1.965 1.784 4.413 708.546 0.812 1894.701 2.398291831754019 1.0
8.0 10.0 Car -1.0 -1.0 -1.0 -1.0 -1.0 -1.0 -1.0 1.871 1.683 4.354 697.186 0.691 1903.099 2.4681001848599315 1.0
8.0 20.0 Car -1.0 -1.0 -1.0 -1.0 -1.0 -1.0 -1.0 1.836 1.634 3.896 705.936 0.821 1887.367 2.3608370660027096 1.0
8.0 11.0 Car -1.0 -1.0 -1.0 -1.0 -1.0 -1.0 -1.0 2.03 1.734 4.433 679.843 0.945 1909.843 2.4314356342458803 0.0
8.0 6.0 Car -1.0 -1.0 -1.0 -1.0 -1.0 -1.0 -1.0 1.791 1.608 4.102 673.24 0.867 1925.018 2.3808385392340754 1.0
8.0 8.0 Car -1.0 -1.0 -1.0 -1.0 -1.0 -1.0 -1.0 1.871 1.796 4.966 723.64 1.091 1873.468 2.457077792815492 1.0
8.0 15.0 Car -1.0 -1.0 -1.0 -1.0 -1.0 -1.0 -1.0 1.791 1.608 4.102 666.499 0.889 1931.157 2.349567788319707 1.0
9.0 12.0 Car -1.0 -1.0 -1.0 -1.0 -1.0 -1.0 -1.0 2.129 1.485 4.632 667.947 0.887 1924.742 2.3965290492059936 1.0
9.0 3.0 Car -1.0 -1.0 -1.0 -1.0 -1.0 -1.0 -1.0 1.803 1.823 4.424 705.944 0.645 1913.592 -0.7745596687308023 0.0
9.0 1.0 Car -1.0 -1.0 -1.0 -1.0 -1.0 -1.0 -1.0 1.929 2.041 5.012 631.838 1.572 1978.063 -0.7483796892318337 1.0
9.0 17.0 Car -1.0 -1.0 -1.0 -1.0 -1.0 -1.0 -1.0 1.801 1.555 4.314 651.162 1.167 1941.281 2.4133016633175126 0.0
9.0 14.0 Car -1.0 -1.0 -1.0 -1.0 -1.0 -1.0 -1.0 1.673 1.539 4.338 694.838 0.473 1918.414 -0.7745596687308023 0.0
9.0 18.0 Truck -1.0 -1.0 -1.0 -1.0 -1.0 -1.0 -1.0 1.853 2.014 4.952 694.732 0.992 1901.366 2.4585398850417164 1.0
9.0 16.0 Car -1.0 -1.0 -1.0 -1.0 -1.0 -1.0 -1.0 1.929 1.54 4.636 634.982 1.31 1950.2 2.4314356342458803 0.0
9.0 13.0 Car -1.0 -1.0 -1.0 -1.0 -1.0 -1.0 -1.0 2.057 1.616 4.958 655.702 0.797 1955.376 -0.7920128565043846 1.0
9.0 0.0 Car -1.0 -1.0 -1.0 -1.0 -1.0 -1.0 -1.0 1.965 1.784 4.413 707.645 0.812 1895.437 2.398291831754019 1.0
9.0 10.0 Car -1.0 -1.0 -1.0 -1.0 -1.0 -1.0 -1.0 1.871 1.683 4.354 695.241 0.729 1904.558 2.4506517093138487 1.0
9.0 20.0 Car -1.0 -1.0 -1.0 -1.0 -1.0 -1.0 -1.0 1.836 1.634 3.896 699.676 0.793 1892.602 2.3695605070571095 1.0
9.0 11.0 Car -1.0 -1.0 -1.0 -1.0 -1.0 -1.0 -1.0 2.03 1.734 4.433 673.994 0.97 1915.055 2.4314356342458803 0.0
9.0 6.0 Car -1.0 -1.0 -1.0 -1.0 -1.0 -1.0 -1.0 1.791 1.608 4.102 672.504 0.865 1925.731 2.3808385392340754 1.0
9.0 8.0 Car -1.0 -1.0 -1.0 -1.0 -1.0 -1.0 -1.0 1.871 1.796 4.966 717.849 1.069 1878.247 2.457077792815492 1.0
9.0 15.0 Car -1.0 -1.0 -1.0 -1.0 -1.0 -1.0 -1.0 1.791 1.608 4.102 664.76 0.889 1932.933 2.3539298592247913 1.0
10.0 12.0 Car -1.0 -1.0 -1.0 -1.0 -1.0 -1.0 -1.0 2.129 1.485 4.632 662.212 0.988 1929.824 2.3965290492059936 0.0
10.0 3.0 Car -1.0 -1.0 -1.0 -1.0 -1.0 -1.0 -1.0 1.803 1.823 4.424 709.016 0.682 1910.791 -0.7745596687308023 0.0
10.0 1.0 Car -1.0 -1.0 -1.0 -1.0 -1.0 -1.0 -1.0 1.929 2.041 5.012 634.326 1.514 1975.766 -0.7512874370019383 1.0
10.0 17.0 Car -1.0 -1.0 -1.0 -1.0 -1.0 -1.0 -1.0 1.801 1.555 4.314 645.818 1.251 1946.506 2.4133016633175126 0.0
10.0 14.0 Car -1.0 -1.0 -1.0 -1.0 -1.0 -1.0 -1.0 1.673 1.539 4.338 700.549 0.673 1912.829 -0.7745596687308023 0.0
10.0 18.0 Truck -1.0 -1.0 -1.0 -1.0 -1.0 -1.0 -1.0 1.853 2.014 4.952 689.65 1.063 1905.556 2.4512717478900083 1.0
10.0 16.0 Car -1.0 -1.0 -1.0 -1.0 -1.0 -1.0 -1.0 1.929 1.54 4.636 628.561 1.258 1956.045 2.3783950782776264 0.0
10.0 13.0 Car -1.0 -1.0 -1.0 -1.0 -1.0 -1.0 -1.0 2.057 1.616 4.958 659.664 0.747 1951.57 -0.7745596687308023 1.0
10.0 0.0 Car -1.0 -1.0 -1.0 -1.0 -1.0 -1.0 -1.0 1.965 1.784 4.413 706.316 0.812 1896.441 2.398291831754019 1.0
10.0 10.0 Car -1.0 -1.0 -1.0 -1.0 -1.0 -1.0 -1.0 1.871 1.683 4.354 693.295 0.743 1906.173 2.462282646123617 1.0
10.0 20.0 Car -1.0 -1.0 -1.0 -1.0 -1.0 -1.0 -1.0 1.836 1.634 3.896 693.379 0.864 1897.799 2.3782838434042493 1.0
10.0 11.0 Car -1.0 -1.0 -1.0 -1.0 -1.0 -1.0 -1.0 2.03 1.734 4.433 668.037 0.995 1920.359 2.4314356342458803 0.0
10.0 6.0 Car -1.0 -1.0 -1.0 -1.0 -1.0 -1.0 -1.0 1.791 1.608 4.102 671.286 0.872 1926.963 2.3668822262801026 1.0
10.0 8.0 Car -1.0 -1.0 -1.0 -1.0 -1.0 -1.0 -1.0 1.871 1.796 4.966 712.084 1.047 1883.005 2.457077792815492 1.0
10.0 15.0 Car -1.0 -1.0 -1.0 -1.0 -1.0 -1.0 -1.0 1.791 1.608 4.102 663.021 0.889 1934.709 2.35829187777204 1.0
11.0 12.0 Car -1.0 -1.0 -1.0 -1.0 -1.0 -1.0 -1.0 2.129 1.485 4.632 657.724 1.015 1933.911 2.3965290492059936 0.0
11.0 3.0 Car -1.0 -1.0 -1.0 -1.0 -1.0 -1.0 -1.0 1.803 1.823 4.424 711.473 0.712 1908.551 -0.7745596687308023 0.0
11.0 1.0 Car -1.0 -1.0 -1.0 -1.0 -1.0 -1.0 -1.0 1.929 2.041 5.012 636.232 1.587 1973.838 -0.7536130244321857 1.0
11.0 17.0 Car -1.0 -1.0 -1.0 -1.0 -1.0 -1.0 -1.0 1.801 1.555 4.314 641.545 1.318 1950.686 2.4133016633175126 0.0
11.0 14.0 Car -1.0 -1.0 -1.0 -1.0 -1.0 -1.0 -1.0 1.673 1.539 4.338 705.63 0.65 1908.205 -0.7675841339745971 0.0
11.0 18.0 Truck -1.0 -1.0 -1.0 -1.0 -1.0 -1.0 -1.0 1.853 2.014 4.952 685.376 1.066 1909.274 2.4454587648743873 1.0
11.0 16.0 Car -1.0 -1.0 -1.0 -1.0 -1.0 -1.0 -1.0 1.929 1.54 4.636 623.287 1.405 1960.988 2.396993108093298 0.0
11.0 13.0 Car -1.0 -1.0 -1.0 -1.0 -1.0 -1.0 -1.0 2.057 1.616 4.958 664.0 0.707 1947.575 -0.7745596687308023 1.0
11.0 0.0 Car -1.0 -1.0 -1.0 -1.0 -1.0 -1.0 -1.0 1.965 1.784 4.413 705.212 0.812 1897.28 2.398291831754019 1.0
11.0 10.0 Car -1.0 -1.0 -1.0 -1.0 -1.0 -1.0 -1.0 1.871 1.683 4.354 691.378 0.753 1907.617 2.4715849524394873 1.0
11.0 20.0 Car -1.0 -1.0 -1.0 -1.0 -1.0 -1.0 -1.0 1.836 1.634 3.896 688.446 0.882 1902.057 2.3852606801049108 1.0
11.0 11.0 Car -1.0 -1.0 -1.0 -1.0 -1.0 -1.0 -1.0 2.03 1.734 4.433 662.849 1.145 1924.764 2.4314356342458803 0.0
11.0 6.0 Car -1.0 -1.0 -1.0 -1.0 -1.0 -1.0 -1.0 1.791 1.608 4.102 670.313 0.878 1927.949 2.3557201075048573 1.0
11.0 8.0 Car -1.0 -1.0 -1.0 -1.0 -1.0 -1.0 -1.0 1.871 1.796 4.966 706.963 1.029 1887.05 2.429176379005514 1.0
11.0 15.0 Car -1.0 -1.0 -1.0 -1.0 -1.0 -1.0 -1.0 1.791 1.608 4.102 661.631 0.889 1936.129 2.3617805763477158 1.0
11.0 2.0 Car -1.0 -1.0 -1.0 -1.0 -1.0 -1.0 -1.0 1.965 1.784 4.413 729.483 0.812 1878.956 2.4855582943537353 0.0
12.0 12.0 Car -1.0 -1.0 -1.0 -1.0 -1.0 -1.0 -1.0 2.129 1.485 4.632 650.72 1.151 1940.024 2.3965290492059936 0.0
12.0 3.0 Car -1.0 -1.0 -1.0 -1.0 -1.0 -1.0 -1.0 1.803 1.823 4.424 714.995 0.757 1905.264 -0.7745596687308023 0.0
12.0 1.0 Car -1.0 -1.0 -1.0 -1.0 -1.0 -1.0 -1.0 1.929 2.041 5.012 639.095 1.697 1970.942 -0.757106376210861 1.0
12.0 17.0 Car -1.0 -1.0 -1.0 -1.0 -1.0 -1.0 -1.0 1.801 1.555 4.314 635.217 1.419 1957.201 2.4133016633175126 0.0
12.0 14.0 Car -1.0 -1.0 -1.0 -1.0 -1.0 -1.0 -1.0 1.673 1.539 4.338 713.263 0.615 1901.259 -0.7571059225640697 0.0
12.0 18.0 Truck -1.0 -1.0 -1.0 -1.0 -1.0 -1.0 -1.0 1.853 2.014 4.952 679.349 1.071 1914.531 2.436726865874199 1.0
12.0 16.0 Car -1.0 -1.0 -1.0 -1.0 -1.0 -1.0 -1.0 1.929 1.54 4.636 615.364 1.625 1968.413 2.4249299036277985 0.0
12.0 13.0 Car -1.0 -1.0 -1.0 -1.0 -1.0 -1.0 -1.0 2.057 1.616 4.958 669.861 0.647 1941.639 -0.7745596687308023 1.0
12.0 0.0 Car -1.0 -1.0 -1.0 -1.0 -1.0 -1.0 -1.0 1.965 1.784 4.413 703.249 0.812 1898.726 2.398291831754019 1.0
12.0 10.0 Car -1.0 -1.0 -1.0 -1.0 -1.0 -1.0 -1.0 1.871 1.683 4.354 688.354 0.769 1909.82 2.4855582943537353 1.0
12.0 20.0 Car -1.0 -1.0 -1.0 -1.0 -1.0 -1.0 -1.0 1.836 1.634 3.896 681.036 0.908 1908.454 2.3957408472148547 1.0
12.0 11.0 Car -1.0 -1.0 -1.0 -1.0 -1.0 -1.0 -1.0 2.03 1.734 4.433 655.307 1.246 1931.669 2.3965290492059936 0.0
12.0 6.0 Car -1.0 -1.0 -1.0 -1.0 -1.0 -1.0 -1.0 1.791 1.608 4.102 668.85 0.887 1929.43 2.3389530718001903 1.0
12.0 8.0 Car -1.0 -1.0 -1.0 -1.0 -1.0 -1.0 -1.0 1.871 1.796 4.966 699.489 1.002 1893.391 2.3872646227357186 1.0
12.0 15.0 Car -1.0 -1.0 -1.0 -1.0 -1.0 -1.0 -1.0 1.791 1.608 4.102 659.542 0.889 1938.262 2.36702108083965 1.0
12.0 2.0 Car -1.0 -1.0 -1.0 -1.0 -1.0 -1.0 -1.0 1.965 1.784 4.413 726.862 0.812 1880.9 2.4855582943537353 1.0
13.0 12.0 Car -1.0 -1.0 -1.0 -1.0 -1.0 -1.0 -1.0 2.129 1.485 4.632 644.905 1.265 1945.141 2.3965290492059936 0.0
13.0 3.0 Car -1.0 -1.0 -1.0 -1.0 -1.0 -1.0 -1.0 1.803 1.823 4.424 717.392 0.794 1903.051 -0.7745596687308023 0.0
13.0 1.0 Car -1.0 -1.0 -1.0 -1.0 -1.0 -1.0 -1.0 1.929 2.041 5.012 643.144 1.518 1967.404 -0.7512845477796167 1.0
13.0 17.0 Car -1.0 -1.0 -1.0 -1.0 -1.0 -1.0 -1.0 1.801 1.555 4.314 629.699 1.503 1962.489 2.4133016633175126 0.0
13.0 14.0 Car -1.0 -1.0 -1.0 -1.0 -1.0 -1.0 -1.0 1.673 1.539 4.338 718.321 0.586 1896.702 -0.7483749492116436 0.0
13.0 18.0 Truck -1.0 -1.0 -1.0 -1.0 -1.0 -1.0 -1.0 1.853 2.014 4.952 674.741 1.076 1918.556 2.4294510079534364 1.0
13.0 16.0 Car -1.0 -1.0 -1.0 -1.0 -1.0 -1.0 -1.0 1.929 1.54 4.636 608.606 1.808 1974.429 2.4482082483573997 0.0
13.0 13.0 Car -1.0 -1.0 -1.0 -1.0 -1.0 -1.0 -1.0 2.057 1.616 4.958 675.004 0.597 1936.916 -0.7745596687308023 1.0
13.0 0.0 Car -1.0 -1.0 -1.0 -1.0 -1.0 -1.0 -1.0 1.965 1.784 4.413 701.289 0.812 1900.154 2.398291831754019 1.0
13.0 10.0 Car -1.0 -1.0 -1.0 -1.0 -1.0 -1.0 -1.0 1.871 1.683 4.354 685.503 0.782 1911.928 2.4855582943537353 1.0
13.0 4.0 Truck -1.0 -1.0 -1.0 -1.0 -1.0 -1.0 -1.0 1.983 2.102 4.815 626.245 1.788 1987.809 -0.7571063762108591 0.0
13.0 19.0 Car -1.0 -1.0 -1.0 -1.0 -1.0 -1.0 -1.0 1.937 1.73 4.506 611.183 1.975 1999.773 -1.0363590565299523 0.0
13.0 20.0 Car -1.0 -1.0 -1.0 -1.0 -1.0 -1.0 -1.0 1.836 1.634 3.896 674.862 0.93 1913.784 2.4044734501545095 1.0
13.0 11.0 Car -1.0 -1.0 -1.0 -1.0 -1.0 -1.0 -1.0 2.03 1.734 4.433 648.939 1.276 1937.28 2.413982341725937 0.0
13.0 6.0 Car -1.0 -1.0 -1.0 -1.0 -1.0 -1.0 -1.0 1.791 1.608 4.102 666.993 0.895 1931.324 2.3249819333872406 1.0
13.0 8.0 Car -1.0 -1.0 -1.0 -1.0 -1.0 -1.0 -1.0 1.871 1.796 4.966 693.403 0.98 1898.55 2.3872646227357186 1.0
13.0 15.0 Car -1.0 -1.0 -1.0 -1.0 -1.0 -1.0 -1.0 1.791 1.608 4.102 657.018 0.889 1940.855 2.36702108083965 1.0
13.0 2.0 Car -1.0 -1.0 -1.0 -1.0 -1.0 -1.0 -1.0 1.965 1.784 4.413 724.678 0.812 1882.519 2.4855582943537353 1.0
13.0 9.0 Car -1.0 -1.0 -1.0 -1.0 -1.0 -1.0 -1.0 1.965 1.784 4.413 712.181 0.812 1890.505 2.433198416793905 0.0
14.0 12.0 Car -1.0 -1.0 -1.0 -1.0 -1.0 -1.0 -1.0 2.129 1.485 4.632 639.226 1.278 1950.393 2.3965290492059936 0.0
14.0 3.0 Car -1.0 -1.0 -1.0 -1.0 -1.0 -1.0 -1.0 1.803 1.823 4.424 719.09 0.731 1901.522 -0.7745596687308023 0.0
14.0 1.0 Car -1.0 -1.0 -1.0 -1.0 -1.0 -1.0 -1.0 1.929 2.041 5.012 647.19 1.339 1963.87 -0.7454687924666143 1.0
14.0 17.0 Car -1.0 -1.0 -1.0 -1.0 -1.0 -1.0 -1.0 1.801 1.555 4.314 624.25 1.587 1967.797 2.4133016633175126 0.0
14.0 14.0 Car -1.0 -1.0 -1.0 -1.0 -1.0 -1.0 -1.0 1.673 1.539 4.338 724.241 0.424 1891.33 -0.739653083690916 0.0
14.0 18.0 Truck -1.0 -1.0 -1.0 -1.0 -1.0 -1.0 -1.0 1.853 2.014 4.952 669.672 1.076 1922.972 2.4294510079534364 1.0
14.0 16.0 Car -1.0 -1.0 -1.0 -1.0 -1.0 -1.0 -1.0 1.929 1.54 4.636 601.785 1.808 1980.353 2.411362226258392 0.0
14.0 13.0 Car -1.0 -1.0 -1.0 -1.0 -1.0 -1.0 -1.0 2.057 1.616 4.958 680.361 0.897 1931.984 -0.7745596687308023 0.0
14.0 0.0 Car -1.0 -1.0 -1.0 -1.0 -1.0 -1.0 -1.0 1.965 1.784 4.413 699.461 0.812 1901.649 2.398291831754019 1.0
14.0 10.0 Car -1.0 -1.0 -1.0 -1.0 -1.0 -1.0 -1.0 1.871 1.683 4.354 682.334 0.795 1914.206 2.4855582943537353 1.0
14.0 4.0 Truck -1.0 -1.0 -1.0 -1.0 -1.0 -1.0 -1.0 1.983 2.102 4.815 629.627 1.689 1984.409 -0.7571063762108591 1.0
14.0 19.0 Car -1.0 -1.0 -1.0 -1.0 -1.0 -1.0 -1.0 1.937 1.73 4.506 614.441 1.825 1995.678 -0.8269195462906334 1.0
14.0 20.0 Car -1.0 -1.0 -1.0 -1.0 -1.0 -1.0 -1.0 1.836 1.634 3.896 668.694 0.952 1919.108 2.4131969435625393 1.0
14.0 11.0 Car -1.0 -1.0 -1.0 -1.0 -1.0 -1.0 -1.0 2.03 1.734 4.433 642.61 1.306 1943.017 2.4314356342458803 0.0
14.0 6.0 Car -1.0 -1.0 -1.0 -1.0 -1.0 -1.0 -1.0 1.791 1.608 4.102 665.139 0.903 1933.216 2.311025369154302 1.0
14.0 8.0 Car -1.0 -1.0 -1.0 -1.0 -1.0 -1.0 -1.0 1.871 1.796 4.966 687.324 0.958 1903.704 2.3872646227357186 1.0
14.0 15.0 Car -1.0 -1.0 -1.0 -1.0 -1.0 -1.0 -1.0 1.791 1.608 4.102 654.497 0.889 1943.445 2.36702108083965 1.0
14.0 2.0 Car -1.0 -1.0 -1.0 -1.0 -1.0 -1.0 -1.0 1.965 1.784 4.413 722.497 0.812 1884.137 2.4855582943537353 0.0
14.0 9.0 Car -1.0 -1.0 -1.0 -1.0 -1.0 -1.0 -1.0 1.965 1.784 4.413 710.93 0.812 1891.507 2.433198416793905 1.0
15.0 12.0 Car -1.0 -1.0 -1.0 -1.0 -1.0 -1.0 -1.0 2.129 1.485 4.632 632.492 1.341 1956.663 2.3965290492059936 0.0
15.0 3.0 Car -1.0 -1.0 -1.0 -1.0 -1.0 -1.0 -1.0 1.803 1.823 4.424 720.984 0.618 1899.801 -0.7745596687308023 0.0
15.0 1.0 Car -1.0 -1.0 -1.0 -1.0 -1.0 -1.0 -1.0 1.929 2.041 5.012 651.236 1.16 1960.335 -0.739653083690916 1.0
15.0 17.0 Car -1.0 -1.0 -1.0 -1.0 -1.0 -1.0 -1.0 1.801 1.555 4.314 618.674 1.671 1973.097 2.4133016633175126 0.0
15.0 5.0 Car -1.0 -1.0 -1.0 -1.0 -1.0 -1.0 -1.0 1.791 1.608 4.102 704.335 0.735 1892.484 2.398291831754019 0.0
15.0 14.0 Car -1.0 -1.0 -1.0 -1.0 -1.0 -1.0 -1.0 1.673 1.539 4.338 730.168 0.486 1886.41 -0.7163825545948841 0.0
15.0 18.0 Truck -1.0 -1.0 -1.0 -1.0 -1.0 -1.0 -1.0 1.853 2.014 4.952 664.563 1.13 1927.341 2.4294510079534364 1.0
15.0 16.0 Car -1.0 -1.0 -1.0 -1.0 -1.0 -1.0 -1.0 1.929 1.54 4.636 595.186 1.808 1986.524 2.3745164989989123 0.0
15.0 13.0 Car -1.0 -1.0 -1.0 -1.0 -1.0 -1.0 -1.0 2.057 1.616 4.958 685.545 0.572 1927.022 -0.7745596687308023 0.0
15.0 0.0 Car -1.0 -1.0 -1.0 -1.0 -1.0 -1.0 -1.0 1.965 1.784 4.413 697.387 0.812 1903.37 2.398291831754019 1.0
15.0 10.0 Car -1.0 -1.0 -1.0 -1.0 -1.0 -1.0 -1.0 1.871 1.683 4.354 678.898 0.808 1916.727 2.4855582943537353 1.0
15.0 4.0 Truck -1.0 -1.0 -1.0 -1.0 -1.0 -1.0 -1.0 1.983 2.102 4.815 633.009 1.59 1981.01 -0.7571063762108591 1.0
15.0 19.0 Car -1.0 -1.0 -1.0 -1.0 -1.0 -1.0 -1.0 1.937 1.73 4.506 617.645 1.775 1992.284 -0.8181928738440978 1.0
15.0 20.0 Car -1.0 -1.0 -1.0 -1.0 -1.0 -1.0 -1.0 1.836 1.634 3.896 662.989 0.974 1924.13 2.4131969435625393 1.0
15.0 11.0 Car -1.0 -1.0 -1.0 -1.0 -1.0 -1.0 -1.0 2.03 1.734 4.433 636.18 1.387 1949.244 2.4314356342458803 0.0
15.0 6.0 Car -1.0 -1.0 -1.0 -1.0 -1.0 -1.0 -1.0 1.791 1.608 4.102 662.988 0.9 1935.428 2.3146607960101946 1.0
15.0 8.0 Car -1.0 -1.0 -1.0 -1.0 -1.0 -1.0 -1.0 1.871 1.796 4.966 681.293 0.936 1908.884 2.404717519557743 1.0
15.0 15.0 Car -1.0 -1.0 -1.0 -1.0 -1.0 -1.0 -1.0 1.791 1.608 4.102 651.976 0.889 1946.035 2.36702108083965 1.0
15.0 2.0 Car -1.0 -1.0 -1.0 -1.0 -1.0 -1.0 -1.0 1.965 1.784 4.413 720.315 0.812 1885.755 2.4855582943537353 0.0
15.0 9.0 Car -1.0 -1.0 -1.0 -1.0 -1.0 -1.0 -1.0 1.965 1.784 4.413 708.757 0.812 1893.3 2.433198416793905 1.0
16.0 12.0 Car -1.0 -1.0 -1.0 -1.0 -1.0 -1.0 -1.0 2.129 1.485 4.632 626.179 1.404 1962.543 2.3965290492059936 0.0
16.0 3.0 Car -1.0 -1.0 -1.0 -1.0 -1.0 -1.0 -1.0 1.803 1.823 4.424 722.253 0.58 1899.1 -0.590831843492921 0.0
16.0 1.0 Car -1.0 -1.0 -1.0 -1.0 -1.0 -1.0 -1.0 1.929 2.041 5.012 655.328 1.035 1956.629 -0.7571063762108591 1.0
16.0 17.0 Car -1.0 -1.0 -1.0 -1.0 -1.0 -1.0 -1.0 1.801 1.555 4.314 613.119 1.755 1978.419 2.4133016633175126 0.0
16.0 5.0 Car -1.0 -1.0 -1.0 -1.0 -1.0 -1.0 -1.0 1.791 1.608 4.102 698.412 0.737 1897.178 2.398291831754019 1.0
16.0 14.0 Car -1.0 -1.0 -1.0 -1.0 -1.0 -1.0 -1.0 1.673 1.539 4.338 736.094 0.549 1881.49 -0.6931121651569411 0.0
16.0 18.0 Truck -1.0 -1.0 -1.0 -1.0 -1.0 -1.0 -1.0 1.853 2.014 4.952 659.517 1.185 1931.782 2.4294510079534364 1.0
16.0 16.0 Car -1.0 -1.0 -1.0 -1.0 -1.0 -1.0 -1.0 1.929 1.54 4.636 587.146 1.808 1994.192 2.3880911307714943 0.0
16.0 13.0 Car -1.0 -1.0 -1.0 -1.0 -1.0 -1.0 -1.0 2.057 1.616 4.958 690.874 0.547 1922.013 -0.7745596687308023 0.0
16.0 0.0 Car -1.0 -1.0 -1.0 -1.0 -1.0 -1.0 -1.0 1.965 1.784 4.413 695.18 0.812 1905.172 2.398291831754019 1.0
16.0 10.0 Car -1.0 -1.0 -1.0 -1.0 -1.0 -1.0 -1.0 1.871 1.683 4.354 675.275 0.822 1919.691 2.462592316199 1.0
16.0 4.0 Truck -1.0 -1.0 -1.0 -1.0 -1.0 -1.0 -1.0 1.983 2.102 4.815 636.999 1.465 1977.675 -0.7571063762108591 1.0
16.0 19.0 Car -1.0 -1.0 -1.0 -1.0 -1.0 -1.0 -1.0 1.937 1.73 4.506 620.849 1.725 1988.889 -0.8094662537706904 1.0
16.0 20.0 Car -1.0 -1.0 -1.0 -1.0 -1.0 -1.0 -1.0 1.836 1.634 3.896 656.794 0.996 1929.733 2.4131969435625393 1.0
16.0 11.0 Car -1.0 -1.0 -1.0 -1.0 -1.0 -1.0 -1.0 2.03 1.734 4.433 630.047 1.417 1954.974 2.4314356342458803 0.0
16.0 6.0 Car -1.0 -1.0 -1.0 -1.0 -1.0 -1.0 -1.0 1.791 1.608 4.102 660.837 0.898 1937.641 2.3182962010480717 1.0
16.0 8.0 Car -1.0 -1.0 -1.0 -1.0 -1.0 -1.0 -1.0 1.871 1.796 4.966 675.262 0.914 1914.063 2.4221703116362003 1.0
16.0 15.0 Car -1.0 -1.0 -1.0 -1.0 -1.0 -1.0 -1.0 1.791 1.608 4.102 648.985 0.889 1949.086 2.36702108083965 1.0
16.0 2.0 Car -1.0 -1.0 -1.0 -1.0 -1.0 -1.0 -1.0 1.965 1.784 4.413 718.133 0.812 1887.373 2.4855582943537353 0.0
16.0 9.0 Car -1.0 -1.0 -1.0 -1.0 -1.0 -1.0 -1.0 1.965 1.784 4.413 706.584 0.812 1895.092 2.433198416793905 1.0
17.0 12.0 Car -1.0 -1.0 -1.0 -1.0 -1.0 -1.0 -1.0 2.129 1.485 4.632 620.357 1.517 1967.971 2.3965290492059936 0.0
17.0 3.0 Car -1.0 -1.0 -1.0 -1.0 -1.0 -1.0 -1.0 1.803 1.823 4.424 723.628 0.542 1898.643 -0.40708931626531086 0.0
17.0 1.0 Car -1.0 -1.0 -1.0 -1.0 -1.0 -1.0 -1.0 1.929 2.041 5.012 659.398 0.96 1952.896 -0.7571063762108591 1.0
17.0 17.0 Car -1.0 -1.0 -1.0 -1.0 -1.0 -1.0 -1.0 1.801 1.555 4.314 607.429 1.889 1983.682 2.4133016633175126 0.0
17.0 5.0 Car -1.0 -1.0 -1.0 -1.0 -1.0 -1.0 -1.0 1.791 1.608 4.102 692.641 0.739 1902.038 2.398291831754019 1.0
17.0 14.0 Car -1.0 -1.0 -1.0 -1.0 -1.0 -1.0 -1.0 1.673 1.539 4.338 742.021 0.612 1876.569 -0.6698399136111437 0.0
17.0 18.0 Truck -1.0 -1.0 -1.0 -1.0 -1.0 -1.0 -1.0 1.853 2.014 4.952 654.537 1.24 1936.302 2.4294510079534364 1.0
17.0 16.0 Car -1.0 -1.0 -1.0 -1.0 -1.0 -1.0 -1.0 1.929 1.54 4.636 579.105 1.808 2001.861 2.4016668487926984 0.0
17.0 13.0 Car -1.0 -1.0 -1.0 -1.0 -1.0 -1.0 -1.0 2.057 1.616 4.958 696.12 0.597 1916.871 -0.7745596687308023 0.0
17.0 0.0 Car -1.0 -1.0 -1.0 -1.0 -1.0 -1.0 -1.0 1.965 1.784 4.413 692.617 0.812 1907.26 2.398291831754019 1.0
17.0 10.0 Car -1.0 -1.0 -1.0 -1.0 -1.0 -1.0 -1.0 1.871 1.683 4.354 671.512 0.835 1922.769 2.4396245002955483 1.0
17.0 4.0 Truck -1.0 -1.0 -1.0 -1.0 -1.0 -1.0 -1.0 1.983 2.102 4.815 640.791 1.341 1973.865 -0.7571063762108591 1.0
17.0 19.0 Car -1.0 -1.0 -1.0 -1.0 -1.0 -1.0 -1.0 1.937 1.73 4.506 624.774 1.575 1984.787 -0.8094662537706904 1.0
17.0 20.0 Car -1.0 -1.0 -1.0 -1.0 -1.0 -1.0 -1.0 1.836 1.634 3.896 650.669 1.134 1935.252 2.4131969435625393 1.0
17.0 11.0 Car -1.0 -1.0 -1.0 -1.0 -1.0 -1.0 -1.0 2.03 1.734 4.433 623.833 1.497 1960.612 2.4314356342458803 0.0
17.0 6.0 Car -1.0 -1.0 -1.0 -1.0 -1.0 -1.0 -1.0 1.791 1.608 4.102 658.19 0.895 1940.31 2.321931896992824 1.0
17.0 8.0 Car -1.0 -1.0 -1.0 -1.0 -1.0 -1.0 -1.0 1.871 1.796 4.966 669.23 0.891 1919.243 2.4396245002955483 1.0
17.0 15.0 Car -1.0 -1.0 -1.0 -1.0 -1.0 -1.0 -1.0 1.791 1.608 4.102 645.993 0.889 1952.137 2.36702108083965 1.0
17.0 2.0 Car -1.0 -1.0 -1.0 -1.0 -1.0 -1.0 -1.0 1.965 1.784 4.413 715.672 0.812 1889.202 2.4746513065066162 0.0
17.0 9.0 Car -1.0 -1.0 -1.0 -1.0 -1.0 -1.0 -1.0 1.965 1.784 4.413 704.41 0.812 1896.885 2.433198416793905 1.0
18.0 12.0 Car -1.0 -1.0 -1.0 -1.0 -1.0 -1.0 -1.0 2.129 1.485 4.632 614.536 1.63 1973.397 2.3965290492059936 0.0
18.0 3.0 Car -1.0 -1.0 -1.0 -1.0 -1.0 -1.0 -1.0 1.803 1.823 4.424 725.063 0.504 1898.444 -0.22337104732075289 0.0
18.0 1.0 Car -1.0 -1.0 -1.0 -1.0 -1.0 -1.0 -1.0 1.929 2.041 5.012 663.447 0.885 1949.041 -0.7571063762108591 1.0
18.0 17.0 Car -1.0 -1.0 -1.0 -1.0 -1.0 -1.0 -1.0 1.801 1.555 4.314 601.741 2.023 1988.944 2.4133016633175126 0.0
18.0 5.0 Car -1.0 -1.0 -1.0 -1.0 -1.0 -1.0 -1.0 1.791 1.608 4.102 686.923 0.742 1906.781 2.398291831754019 1.0
18.0 14.0 Car -1.0 -1.0 -1.0 -1.0 -1.0 -1.0 -1.0 1.673 1.539 4.338 749.176 0.521 1870.791 -0.6636090398898404 0.0
18.0 18.0 Truck -1.0 -1.0 -1.0 -1.0 -1.0 -1.0 -1.0 1.853 2.014 4.952 649.525 1.283 1940.886 2.411997715433493 1.0
18.0 16.0 Car -1.0 -1.0 -1.0 -1.0 -1.0 -1.0 -1.0 1.929 1.54 4.636 573.524 1.808 2007.258 2.4133016633175126 0.0
18.0 13.0 Car -1.0 -1.0 -1.0 -1.0 -1.0 -1.0 -1.0 2.057 1.616 4.958 701.4 0.564 1911.774 -0.7357708752377667 0.0
18.0 0.0 Car -1.0 -1.0 -1.0 -1.0 -1.0 -1.0 -1.0 1.965 1.784 4.413 690.238 0.812 1909.097 2.398291831754019 1.0
18.0 10.0 Car -1.0 -1.0 -1.0 -1.0 -1.0 -1.0 -1.0 1.871 1.683 4.354 667.562 0.848 1926.129 2.416659716677479 1.0
18.0 4.0 Truck -1.0 -1.0 -1.0 -1.0 -1.0 -1.0 -1.0 1.983 2.102 4.815 645.011 1.217 1969.833 -0.7571063762108591 1.0
18.0 19.0 Car -1.0 -1.0 -1.0 -1.0 -1.0 -1.0 -1.0 1.937 1.73 4.506 628.7 1.425 1980.685 -0.8094662537706904 1.0
18.0 20.0 Car -1.0 -1.0 -1.0 -1.0 -1.0 -1.0 -1.0 1.836 1.634 3.896 644.731 1.271 1940.819 2.4131969435625393 1.0
18.0 11.0 Car -1.0 -1.0 -1.0 -1.0 -1.0 -1.0 -1.0 2.03 1.734 4.433 617.737 1.577 1966.431 2.4314356342458803 0.0
18.0 6.0 Car -1.0 -1.0 -1.0 -1.0 -1.0 -1.0 -1.0 1.791 1.608 4.102 655.543 0.893 1942.98 2.3255671129412323 1.0
18.0 8.0 Car -1.0 -1.0 -1.0 -1.0 -1.0 -1.0 -1.0 1.871 1.796 4.966 663.103 0.936 1924.683 2.420230103549031 1.0
18.0 15.0 Car -1.0 -1.0 -1.0 -1.0 -1.0 -1.0 -1.0 1.791 1.608 4.102 643.204 0.889 1954.99 2.373251954560953 1.0
18.0 2.0 Car -1.0 -1.0 -1.0 -1.0 -1.0 -1.0 -1.0 1.965 1.784 4.413 713.212 0.812 1891.032 2.463745758635329 0.0
18.0 9.0 Car -1.0 -1.0 -1.0 -1.0 -1.0 -1.0 -1.0 1.965 1.784 4.413 702.237 0.812 1898.678 2.433198416793905 1.0
19.0 12.0 Car -1.0 -1.0 -1.0 -1.0 -1.0 -1.0 -1.0 2.129 1.485 4.632 609.113 1.721 1978.316 2.3965290492059936 0.0
19.0 1.0 Car -1.0 -1.0 -1.0 -1.0 -1.0 -1.0 -1.0 1.929 2.041 5.012 666.905 0.785 1945.788 -0.7745596687308023 1.0
19.0 5.0 Car -1.0 -1.0 -1.0 -1.0 -1.0 -1.0 -1.0 1.791 1.608 4.102 682.382 0.744 1910.684 2.398291831754019 1.0
19.0 14.0 Car -1.0 -1.0 -1.0 -1.0 -1.0 -1.0 -1.0 1.673 1.539 4.338 754.854 -0.049 1866.111 -0.6586254104601492 0.0
19.0 18.0 Truck -1.0 -1.0 -1.0 -1.0 -1.0 -1.0 -1.0 1.853 2.014 4.952 645.513 1.278 1944.6 2.3945444229135497 1.0
19.0 16.0 Car -1.0 -1.0 -1.0 -1.0 -1.0 -1.0 -1.0 1.929 1.54 4.636 569.099 1.808 2011.563 2.4133016633175126 0.0
19.0 13.0 Car -1.0 -1.0 -1.0 -1.0 -1.0 -1.0 -1.0 2.057 1.616 4.958 705.763 0.537 1907.848 -0.7047464986510299 0.0
19.0 0.0 Car -1.0 -1.0 -1.0 -1.0 -1.0 -1.0 -1.0 1.965 1.784 4.413 688.006 0.812 1911.017 2.398291831754019 1.0
19.0 10.0 Car -1.0 -1.0 -1.0 -1.0 -1.0 -1.0 -1.0 1.871 1.683 4.354 664.281 0.858 1928.924 2.398291831754019 1.0
19.0 4.0 Truck -1.0 -1.0 -1.0 -1.0 -1.0 -1.0 -1.0 1.983 2.102 4.815 648.261 1.118 1966.801 -0.7571063762108591 1.0
19.0 19.0 Car -1.0 -1.0 -1.0 -1.0 -1.0 -1.0 -1.0 1.937 1.73 4.506 632.493 1.305 1976.808 -0.8094662537706904 1.0
19.0 20.0 Car -1.0 -1.0 -1.0 -1.0 -1.0 -1.0 -1.0 1.836 1.634 3.896 640.215 1.131 1945.171 2.4131969435625393 1.0
19.0 11.0 Car -1.0 -1.0 -1.0 -1.0 -1.0 -1.0 -1.0 2.03 1.734 4.433 612.809 1.692 1971.025 2.4314356342458803 0.0
19.0 6.0 Car -1.0 -1.0 -1.0 -1.0 -1.0 -1.0 -1.0 1.791 1.608 4.102 653.426 0.891 1945.115 2.3284746617047114 1.0
19.0 8.0 Car -1.0 -1.0 -1.0 -1.0 -1.0 -1.0 -1.0 1.871 1.796 4.966 658.588 0.971 1928.697 2.404717915255662 1.0
19.0 15.0 Car -1.0 -1.0 -1.0 -1.0 -1.0 -1.0 -1.0 1.791 1.608 4.102 640.973 0.889 1957.272 2.378235583990645 1.0
19.0 2.0 Car -1.0 -1.0 -1.0 -1.0 -1.0 -1.0 -1.0 1.965 1.784 4.413 711.246 0.812 1892.498 2.45502319230688 0.0
19.0 9.0 Car -1.0 -1.0 -1.0 -1.0 -1.0 -1.0 -1.0 1.965 1.784 4.413 700.499 0.812 1900.111 2.433198416793905 1.0
20.0 12.0 Car -1.0 -1.0 -1.0 -1.0 -1.0 -1.0 -1.0 2.129 1.485 4.632 602.313 1.834 1984.461 2.405261304910098 0.0
20.0 1.0 Car -1.0 -1.0 -1.0 -1.0 -1.0 -1.0 -1.0 1.929 2.041 5.012 671.357 0.66 1941.596 -0.7745596687308023 0.0
20.0 5.0 Car -1.0 -1.0 -1.0 -1.0 -1.0 -1.0 -1.0 1.791 1.608 4.102 677.104 0.746 1915.338 2.398291831754019 1.0
20.0 18.0 Truck -1.0 -1.0 -1.0 -1.0 -1.0 -1.0 -1.0 1.853 2.014 4.952 640.515 1.321 1949.275 2.3945444229135497 1.0
20.0 13.0 Car -1.0 -1.0 -1.0 -1.0 -1.0 -1.0 -1.0 2.057 1.616 4.958 711.454 0.504 1902.737 -0.6698399136111437 0.0
20.0 0.0 Car -1.0 -1.0 -1.0 -1.0 -1.0 -1.0 -1.0 1.965 1.784 4.413 685.499 0.812 1913.199 2.398291831754019 1.0
20.0 10.0 Car -1.0 -1.0 -1.0 -1.0 -1.0 -1.0 -1.0 1.871 1.683 4.354 660.038 0.858 1932.76 2.398291831754019 1.0
20.0 4.0 Truck -1.0 -1.0 -1.0 -1.0 -1.0 -1.0 -1.0 1.983 2.102 4.815 652.489 0.993 1962.958 -0.7571063762108591 1.0
20.0 19.0 Car -1.0 -1.0 -1.0 -1.0 -1.0 -1.0 -1.0 1.937 1.73 4.506 637.141 1.155 1971.859 -0.8094662537706904 1.0
20.0 20.0 Car -1.0 -1.0 -1.0 -1.0 -1.0 -1.0 -1.0 1.836 1.634 3.896 634.544 1.156 1950.599 2.4131969435625393 1.0
20.0 6.0 Car -1.0 -1.0 -1.0 -1.0 -1.0 -1.0 -1.0 1.791 1.608 4.102 650.683 0.889 1947.885 2.3321144957997637 1.0
20.0 8.0 Car -1.0 -1.0 -1.0 -1.0 -1.0 -1.0 -1.0 1.871 1.796 4.966 653.126 1.016 1933.69 2.3872534038474535 1.0
20.0 15.0 Car -1.0 -1.0 -1.0 -1.0 -1.0 -1.0 -1.0 1.791 1.608 4.102 638.18 0.889 1960.128 2.3844743733595934 0.0
20.0 2.0 Car -1.0 -1.0 -1.0 -1.0 -1.0 -1.0 -1.0 1.965 1.784 4.413 708.785 0.812 1894.333 2.444103790122668 0.0
20.0 9.0 Car -1.0 -1.0 -1.0 -1.0 -1.0 -1.0 -1.0 1.965 1.784 4.413 698.323 0.812 1901.906 2.433198416793905 1.0
21.0 12.0 Car -1.0 -1.0 -1.0 -1.0 -1.0 -1.0 -1.0 2.129 1.485 4.632 595.522 1.947 1990.598 2.413982341725937 0.0
21.0 1.0 Car -1.0 -1.0 -1.0 -1.0 -1.0 -1.0 -1.0 1.929 2.041 5.012 675.951 0.635 1937.264 -0.7745596687308023 0.0
21.0 5.0 Car -1.0 -1.0 -1.0 -1.0 -1.0 -1.0 -1.0 1.791 1.608 4.102 672.114 0.748 1919.957 2.398291831754019 1.0
21.0 18.0 Truck -1.0 -1.0 -1.0 -1.0 -1.0 -1.0 -1.0 1.853 2.014 4.952 635.727 1.314 1953.662 2.377091130393606 1.0
21.0 13.0 Car -1.0 -1.0 -1.0 -1.0 -1.0 -1.0 -1.0 2.057 1.616 4.958 717.081 0.521 1898.113 -0.7047464986510299 0.0
21.0 0.0 Car -1.0 -1.0 -1.0 -1.0 -1.0 -1.0 -1.0 1.965 1.784 4.413 682.532 0.812 1915.849 2.398291831754019 1.0
21.0 10.0 Car -1.0 -1.0 -1.0 -1.0 -1.0 -1.0 -1.0 1.871 1.683 4.354 655.757 0.858 1936.631 2.398291831754019 1.0
21.0 4.0 Truck -1.0 -1.0 -1.0 -1.0 -1.0 -1.0 -1.0 1.983 2.102 4.815 656.706 0.832 1959.059 -0.7474152900772837 1.0
21.0 19.0 Car -1.0 -1.0 -1.0 -1.0 -1.0 -1.0 -1.0 1.937 1.73 4.506 638.679 1.002 1971.478 -0.7745596687308023 0.0
21.0 20.0 Car -1.0 -1.0 -1.0 -1.0 -1.0 -1.0 -1.0 1.836 1.634 3.896 629.069 1.181 1955.385 2.4131969435625393 1.0
21.0 6.0 Car -1.0 -1.0 -1.0 -1.0 -1.0 -1.0 -1.0 1.791 1.608 4.102 647.944 0.886 1950.652 2.3357496535667965 1.0
21.0 8.0 Car -1.0 -1.0 -1.0 -1.0 -1.0 -1.0 -1.0 1.871 1.796 4.966 647.67 1.06 1938.676 2.369811330215775 1.0
21.0 15.0 Car -1.0 -1.0 -1.0 -1.0 -1.0 -1.0 -1.0 1.791 1.608 4.102 635.546 0.889 1962.72 2.3782457969754245 0.0
21.0 2.0 Car -1.0 -1.0 -1.0 -1.0 -1.0 -1.0 -1.0 1.965 1.784 4.413 706.327 0.812 1896.165 2.433198416793905 0.0
21.0 9.0 Car -1.0 -1.0 -1.0 -1.0 -1.0 -1.0 -1.0 1.965 1.784 4.413 695.668 0.812 1904.267 2.413816244526754 1.0
22.0 1.0 Car -1.0 -1.0 -1.0 -1.0 -1.0 -1.0 -1.0 1.929 2.041 5.012 679.633 0.665 1933.599 -0.7745596687308023 0.0
22.0 5.0 Car -1.0 -1.0 -1.0 -1.0 -1.0 -1.0 -1.0 1.791 1.608 4.102 668.261 0.758 1923.45 2.398291831754019 1.0
22.0 18.0 Truck -1.0 -1.0 -1.0 -1.0 -1.0 -1.0 -1.0 1.853 2.014 4.952 632.015 1.359 1957.058 2.377091130393606 1.0
22.0 13.0 Car -1.0 -1.0 -1.0 -1.0 -1.0 -1.0 -1.0 2.057 1.616 4.958 721.562 0.534 1894.431 -0.7047464986510299 0.0
22.0 0.0 Car -1.0 -1.0 -1.0 -1.0 -1.0 -1.0 -1.0 1.965 1.784 4.413 680.23 0.812 1918.052 2.398291831754019 1.0
22.0 10.0 Car -1.0 -1.0 -1.0 -1.0 -1.0 -1.0 -1.0 1.871 1.683 4.354 652.222 0.858 1939.829 2.398291831754019 1.0
22.0 4.0 Truck -1.0 -1.0 -1.0 -1.0 -1.0 -1.0 -1.0 1.983 2.102 4.815 660.259 0.743 1955.774 -0.739653083690916 1.0
22.0 19.0 Car -1.0 -1.0 -1.0 -1.0 -1.0 -1.0 -1.0 1.937 1.73 4.506 641.967 0.912 1968.384 -0.7745596687308023 0.0
22.0 20.0 Car -1.0 -1.0 -1.0 -1.0 -1.0 -1.0 -1.0 1.836 1.634 3.896 625.028 1.201 1959.162 2.4131969435625393 1.0
22.0 6.0 Car -1.0 -1.0 -1.0 -1.0 -1.0 -1.0 -1.0 1.791 1.608 4.102 645.817 0.884 1952.798 2.3386612822992006 1.0
22.0 8.0 Car -1.0 -1.0 -1.0 -1.0 -1.0 -1.0 -1.0 1.871 1.796 4.966 643.509 1.051 1942.508 2.369811330215775 1.0
22.0 15.0 Car -1.0 -1.0 -1.0 -1.0 -1.0 -1.0 -1.0 1.791 1.608 4.102 633.437 0.889 1964.796 2.373256934558892 0.0
22.0 2.0 Car -1.0 -1.0 -1.0 -1.0 -1.0 -1.0 -1.0 1.965 1.784 4.413 704.385 0.812 1897.749 2.433198416793905 0.0
22.0 9.0 Car -1.0 -1.0 -1.0 -1.0 -1.0 -1.0 -1.0 1.965 1.784 4.413 693.541 0.812 1906.158 2.398291831754019 1.0
23.0 1.0 Car -1.0 -1.0 -1.0 -1.0 -1.0 -1.0 -1.0 1.929 2.041 5.012 684.381 0.702 1929.02 -0.7745596687308023 0.0
23.0 5.0 Car -1.0 -1.0 -1.0 -1.0 -1.0 -1.0 -1.0 1.791 1.608 4.102 663.611 0.821 1927.548 2.398291831754019 1.0
23.0 18.0 Truck -1.0 -1.0 -1.0 -1.0 -1.0 -1.0 -1.0 1.853 2.014 4.952 627.641 1.402 1961.236 2.377091130393606 1.0
23.0 13.0 Car -1.0 -1.0 -1.0 -1.0 -1.0 -1.0 -1.0 2.057 1.616 4.958 727.246 0.551 1889.4 -0.7047464986510299 0.0
23.0 0.0 Car -1.0 -1.0 -1.0 -1.0 -1.0 -1.0 -1.0 1.965 1.784 4.413 677.182 0.812 1920.87 2.398291831754019 1.0
23.0 10.0 Car -1.0 -1.0 -1.0 -1.0 -1.0 -1.0 -1.0 1.871 1.683 4.354 648.072 0.858 1943.594 2.398291831754019 1.0
23.0 4.0 Truck -1.0 -1.0 -1.0 -1.0 -1.0 -1.0 -1.0 1.983 2.102 4.815 664.674 0.693 1951.694 -0.739653083690916 1.0
23.0 19.0 Car -1.0 -1.0 -1.0 -1.0 -1.0 -1.0 -1.0 1.937 1.73 4.506 646.312 0.712 1964.383 -0.7745596687308023 0.0
23.0 20.0 Car -1.0 -1.0 -1.0 -1.0 -1.0 -1.0 -1.0 1.836 1.634 3.896 620.158 1.226 1963.723 2.4131969435625393 1.0
23.0 6.0 Car -1.0 -1.0 -1.0 -1.0 -1.0 -1.0 -1.0 1.791 1.608 4.102 643.158 0.882 1955.481 2.3423006873066115 1.0
23.0 8.0 Car -1.0 -1.0 -1.0 -1.0 -1.0 -1.0 -1.0 1.871 1.796 4.966 638.307 1.04 1947.297 2.369811330215775 1.0
23.0 15.0 Car -1.0 -1.0 -1.0 -1.0 -1.0 -1.0 -1.0 1.791 1.608 4.102 630.801 0.889 1967.39 2.36702108083965 0.0
23.0 2.0 Car -1.0 -1.0 -1.0 -1.0 -1.0 -1.0 -1.0 1.965 1.784 4.413 701.38 0.812 1900.223 2.433198416793905 0.0
23.0 9.0 Car -1.0 -1.0 -1.0 -1.0 -1.0 -1.0 -1.0 1.965 1.784 4.413 690.015 0.812 1909.323 2.398291831754019 1.0
24.0 1.0 Car -1.0 -1.0 -1.0 -1.0 -1.0 -1.0 -1.0 1.929 2.041 5.012 689.327 0.739 1924.392 -0.7745596687308023 0.0
24.0 5.0 Car -1.0 -1.0 -1.0 -1.0 -1.0 -1.0 -1.0 1.791 1.608 4.102 659.294 0.784 1931.571 2.398291831754019 1.0
24.0 18.0 Truck -1.0 -1.0 -1.0 -1.0 -1.0 -1.0 -1.0 1.853 2.014 4.952 623.599 1.395 1965.002 2.377091130393606 1.0
24.0 13.0 Car -1.0 -1.0 -1.0 -1.0 -1.0 -1.0 -1.0 2.057 1.616 4.958 732.896 0.767 1884.354 -0.7047464986510299 0.0
24.0 0.0 Car -1.0 -1.0 -1.0 -1.0 -1.0 -1.0 -1.0 1.965 1.784 4.413 674.056 0.812 1923.946 2.398291831754019 1.0
24.0 10.0 Car -1.0 -1.0 -1.0 -1.0 -1.0 -1.0 -1.0 1.871 1.683 4.354 643.755 0.858 1947.512 2.398291831754019 1.0
24.0 4.0 Truck -1.0 -1.0 -1.0 -1.0 -1.0 -1.0 -1.0 1.983 2.102 4.815 669.266 0.677 1947.452 -0.739653083690916 1.0
24.0 19.0 Car -1.0 -1.0 -1.0 -1.0 -1.0 -1.0 -1.0 1.937 1.73 4.506 651.059 0.662 1960.062 -0.7745596687308023 0.0
24.0 20.0 Car -1.0 -1.0 -1.0 -1.0 -1.0 -1.0 -1.0 1.836 1.634 3.896 615.819 1.201 1967.81 2.4131969435625393 1.0
24.0 6.0 Car -1.0 -1.0 -1.0 -1.0 -1.0 -1.0 -1.0 1.791 1.608 4.102 640.505 0.88 1958.157 2.3459319541941888 1.0
24.0 8.0 Car -1.0 -1.0 -1.0 -1.0 -1.0 -1.0 -1.0 1.871 1.796 4.966 633.632 1.029 1951.622 2.387244755802896 1.0
24.0 15.0 Car -1.0 -1.0 -1.0 -1.0 -1.0 -1.0 -1.0 1.791 1.608 4.102 628.8 0.889 1969.219 2.3741360031158956 0.0
24.0 2.0 Car -1.0 -1.0 -1.0 -1.0 -1.0 -1.0 -1.0 1.965 1.784 4.413 698.383 0.812 1902.692 2.433198416793905 0.0
24.0 9.0 Car -1.0 -1.0 -1.0 -1.0 -1.0 -1.0 -1.0 1.965 1.784 4.413 686.497 0.812 1912.482 2.398291831754019 1.0
25.0 1.0 Car -1.0 -1.0 -1.0 -1.0 -1.0 -1.0 -1.0 1.929 2.041 5.012 694.284 0.777 1919.754 -0.7745596687308023 0.0
25.0 5.0 Car -1.0 -1.0 -1.0 -1.0 -1.0 -1.0 -1.0 1.791 1.608 4.102 654.86 0.797 1935.585 2.398291831754019 1.0
25.0 18.0 Truck -1.0 -1.0 -1.0 -1.0 -1.0 -1.0 -1.0 1.853 2.014 4.952 619.842 1.338 1968.541 2.377091130393606 1.0
25.0 13.0 Car -1.0 -1.0 -1.0 -1.0 -1.0 -1.0 -1.0 2.057 1.616 4.958 738.669 0.859 1879.426 -0.7047464986510299 0.0
25.0 0.0 Car -1.0 -1.0 -1.0 -1.0 -1.0 -1.0 -1.0 1.965 1.784 4.413 670.877 0.812 1927.07 2.398291831754019 1.0
25.0 10.0 Car -1.0 -1.0 -1.0 -1.0 -1.0 -1.0 -1.0 1.871 1.683 4.354 639.517 0.858 1951.479 2.3840361076553034 1.0
25.0 4.0 Truck -1.0 -1.0 -1.0 -1.0 -1.0 -1.0 -1.0 1.983 2.102 4.815 673.969 0.66 1943.064 -0.739653083690916 1.0
25.0 19.0 Car -1.0 -1.0 -1.0 -1.0 -1.0 -1.0 -1.0 1.937 1.73 4.506 655.689 0.612 1955.857 -0.7745596687308023 0.0
25.0 20.0 Car -1.0 -1.0 -1.0 -1.0 -1.0 -1.0 -1.0 1.836 1.634 3.896 611.889 1.175 1971.531 2.4131969435625393 1.0
25.0 6.0 Car -1.0 -1.0 -1.0 -1.0 -1.0 -1.0 -1.0 1.791 1.608 4.102 638.057 0.867 1960.551 2.3459319541941888 1.0
25.0 8.0 Car -1.0 -1.0 -1.0 -1.0 -1.0 -1.0 -1.0 1.871 1.796 4.966 628.945 1.018 1955.958 2.404717915255662 1.0
25.0 15.0 Car -1.0 -1.0 -1.0 -1.0 -1.0 -1.0 -1.0 1.791 1.608 4.102 626.794 0.889 1971.053 2.3812671415605804 0.0
25.0 2.0 Car -1.0 -1.0 -1.0 -1.0 -1.0 -1.0 -1.0 1.965 1.784 4.413 695.032 0.812 1905.463 2.433198416793905 0.0
25.0 9.0 Car -1.0 -1.0 -1.0 -1.0 -1.0 -1.0 -1.0 1.965 1.784 4.413 682.972 0.812 1915.648 2.398291831754019 1.0
26.0 1.0 Car -1.0 -1.0 -1.0 -1.0 -1.0 -1.0 -1.0 1.929 2.041 5.012 699.385 0.814 1914.733 -0.7745596687308023 0.0
26.0 5.0 Car -1.0 -1.0 -1.0 -1.0 -1.0 -1.0 -1.0 1.791 1.608 4.102 650.597 0.809 1939.442 2.398291831754019 1.0
26.0 18.0 Truck -1.0 -1.0 -1.0 -1.0 -1.0 -1.0 -1.0 1.853 2.014 4.952 616.411 1.381 1971.674 2.377091130393606 1.0
26.0 0.0 Car -1.0 -1.0 -1.0 -1.0 -1.0 -1.0 -1.0 1.965 1.784 4.413 667.513 0.812 1930.495 2.398291831754019 1.0
26.0 10.0 Car -1.0 -1.0 -1.0 -1.0 -1.0 -1.0 -1.0 1.871 1.683 4.354 635.412 0.858 1955.403 2.3697966207608463 1.0
26.0 4.0 Truck -1.0 -1.0 -1.0 -1.0 -1.0 -1.0 -1.0 1.983 2.102 4.815 678.288 0.643 1938.758 -0.739653083690916 1.0
26.0 7.0 Car -1.0 -1.0 -1.0 -1.0 -1.0 -1.0 -1.0 1.87 1.659 4.26 614.17 1.298 1999.521 -0.9665458864501765 0.0
26.0 19.0 Car -1.0 -1.0 -1.0 -1.0 -1.0 -1.0 -1.0 1.937 1.73 4.506 660.636 0.562 1951.341 -0.7745596687308023 0.0
26.0 20.0 Car -1.0 -1.0 -1.0 -1.0 -1.0 -1.0 -1.0 1.836 1.634 3.896 608.529 1.2 1974.673 2.4131969435625393 1.0
26.0 6.0 Car -1.0 -1.0 -1.0 -1.0 -1.0 -1.0 -1.0 1.791 1.608 4.102 635.611 0.854 1962.942 2.3459319541941888 1.0
26.0 8.0 Car -1.0 -1.0 -1.0 -1.0 -1.0 -1.0 -1.0 1.871 1.796 4.966 624.596 1.107 1959.903 2.4047178803401383 1.0
26.0 15.0 Car -1.0 -1.0 -1.0 -1.0 -1.0 -1.0 -1.0 1.791 1.608 4.102 624.791 0.889 1972.884 2.388390157671337 0.0
26.0 9.0 Car -1.0 -1.0 -1.0 -1.0 -1.0 -1.0 -1.0 1.965 1.784 4.413 680.168 0.812 1918.226 2.3922745554310145 1.0
27.0 1.0 Car -1.0 -1.0 -1.0 -1.0 -1.0 -1.0 -1.0 1.929 2.041 5.012 704.814 0.852 1909.804 -0.7566609978492345 0.0
27.0 5.0 Car -1.0 -1.0 -1.0 -1.0 -1.0 -1.0 -1.0 1.791 1.608 4.102 646.312 0.785 1943.443 2.398291831754019 1.0
27.0 18.0 Truck -1.0 -1.0 -1.0 -1.0 -1.0 -1.0 -1.0 1.853 2.014 4.952 613.226 1.324 1974.523 2.377091130393606 1.0
27.0 0.0 Car -1.0 -1.0 -1.0 -1.0 -1.0 -1.0 -1.0 1.965 1.784 4.413 664.195 0.812 1933.878 2.398291831754019 1.0
27.0 10.0 Car -1.0 -1.0 -1.0 -1.0 -1.0 -1.0 -1.0 1.871 1.683 4.354 631.342 0.858 1959.417 2.355557076893743 1.0
27.0 4.0 Truck -1.0 -1.0 -1.0 -1.0 -1.0 -1.0 -1.0 1.983 2.102 4.815 683.146 0.577 1934.453 -0.739653083690916 0.0
27.0 7.0 Car -1.0 -1.0 -1.0 -1.0 -1.0 -1.0 -1.0 1.87 1.659 4.26 616.37 1.182 1996.456 -0.9184260025145314 1.0
27.0 19.0 Car -1.0 -1.0 -1.0 -1.0 -1.0 -1.0 -1.0 1.937 1.73 4.506 665.539 0.562 1946.78 -0.7745596687308023 0.0
27.0 20.0 Car -1.0 -1.0 -1.0 -1.0 -1.0 -1.0 -1.0 1.836 1.634 3.896 605.482 1.225 1977.32 2.4131969435625393 0.0
27.0 6.0 Car -1.0 -1.0 -1.0 -1.0 -1.0 -1.0 -1.0 1.791 1.608 4.102 633.551 0.841 1964.94 2.3459319541941888 1.0
27.0 8.0 Car -1.0 -1.0 -1.0 -1.0 -1.0 -1.0 -1.0 1.871 1.796 4.966 620.668 1.046 1963.296 2.3872646227357186 1.0
27.0 15.0 Car -1.0 -1.0 -1.0 -1.0 -1.0 -1.0 -1.0 1.791 1.608 4.102 622.788 0.889 1974.715 2.395513202281511 0.0
27.0 9.0 Car -1.0 -1.0 -1.0 -1.0 -1.0 -1.0 -1.0 1.965 1.784 4.413 677.364 0.812 1920.805 2.386257255032694 1.0
28.0 1.0 Car -1.0 -1.0 -1.0 -1.0 -1.0 -1.0 -1.0 1.929 2.041 5.012 709.703 0.885 1905.366 -0.7405428378339406 0.0
28.0 5.0 Car -1.0 -1.0 -1.0 -1.0 -1.0 -1.0 -1.0 1.791 1.608 4.102 642.22 0.764 1947.188 2.398291831754019 0.0
28.0 18.0 Truck -1.0 -1.0 -1.0 -1.0 -1.0 -1.0 -1.0 1.853 2.014 4.952 610.629 1.318 1976.828 2.377091130393606 0.0
28.0 0.0 Car -1.0 -1.0 -1.0 -1.0 -1.0 -1.0 -1.0 1.965 1.784 4.413 661.202 0.812 1936.929 2.398291831754019 0.0
28.0 10.0 Car -1.0 -1.0 -1.0 -1.0 -1.0 -1.0 -1.0 1.871 1.683 4.354 627.825 0.858 1962.916 2.3427340439370816 0.0
28.0 4.0 Truck -1.0 -1.0 -1.0 -1.0 -1.0 -1.0 -1.0 1.983 2.102 4.815 687.234 0.567 1930.408 -0.739653083690916 0.0
28.0 7.0 Car -1.0 -1.0 -1.0 -1.0 -1.0 -1.0 -1.0 1.87 1.659 4.26 618.592 1.077 1993.804 -0.8750929531320311 0.0
28.0 19.0 Car -1.0 -1.0 -1.0 -1.0 -1.0 -1.0 -1.0 1.937 1.73 4.506 670.022 0.562 1942.609 -0.7745596687308023 0.0
28.0 20.0 Car -1.0 -1.0 -1.0 -1.0 -1.0 -1.0 -1.0 1.836 1.634 3.896 603.227 1.197 1979.446 2.4131969435625393 0.0
28.0 6.0 Car -1.0 -1.0 -1.0 -1.0 -1.0 -1.0 -1.0 1.791 1.608 4.102 631.695 0.83 1966.739 2.3459319541941888 0.0
28.0 8.0 Car -1.0 -1.0 -1.0 -1.0 -1.0 -1.0 -1.0 1.871 1.796 4.966 617.663 1.06 1966.044 2.3964528767232616 0.0
28.0 15.0 Car -1.0 -1.0 -1.0 -1.0 -1.0 -1.0 -1.0 1.791 1.608 4.102 620.984 0.889 1976.364 2.401927665879537 0.0
28.0 9.0 Car -1.0 -1.0 -1.0 -1.0 -1.0 -1.0 -1.0 1.965 1.784 4.413 674.839 0.812 1923.127 2.3808385392340754 0.0
29.0 1.0 Car -1.0 -1.0 -1.0 -1.0 -1.0 -1.0 -1.0 1.929 2.041 5.012 715.137 0.923 1900.431 -0.7226242585736243 0.0
29.0 5.0 Car -1.0 -1.0 -1.0 -1.0 -1.0 -1.0 -1.0 1.791 1.608 4.102 638.393 0.774 1950.735 2.398291831754019 0.0
29.0 18.0 Truck -1.0 -1.0 -1.0 -1.0 -1.0 -1.0 -1.0 1.853 2.014 4.952 608.244 1.336 1979.052 2.377091130393606 0.0
29.0 0.0 Car -1.0 -1.0 -1.0 -1.0 -1.0 -1.0 -1.0 1.965 1.784 4.413 658.016 0.812 1940.19 2.398291831754019 0.0
29.0 10.0 Car -1.0 -1.0 -1.0 -1.0 -1.0 -1.0 -1.0 1.871 1.683 4.354 624.094 0.958 1966.804 2.3284786616742457 0.0
29.0 4.0 Truck -1.0 -1.0 -1.0 -1.0 -1.0 -1.0 -1.0 1.983 2.102 4.815 692.663 0.539 1925.512 -0.7134432913620916 0.0
29.0 7.0 Car -1.0 -1.0 -1.0 -1.0 -1.0 -1.0 -1.0 1.87 1.659 4.26 621.562 0.961 1990.553 -0.8269195462906316 0.0
29.0 19.0 Car -1.0 -1.0 -1.0 -1.0 -1.0 -1.0 -1.0 1.937 1.73 4.506 675.176 0.562 1937.502 -0.7745596687308023 0.0
29.0 20.0 Car -1.0 -1.0 -1.0 -1.0 -1.0 -1.0 -1.0 1.836 1.634 3.896 601.092 1.116 1981.3 2.4131969435625393 0.0
29.0 6.0 Car -1.0 -1.0 -1.0 -1.0 -1.0 -1.0 -1.0 1.791 1.608 4.102 629.93 0.83 1968.422 2.3511215411859556 0.0
29.0 8.0 Car -1.0 -1.0 -1.0 -1.0 -1.0 -1.0 -1.0 1.871 1.796 4.966 614.325 1.075 1969.102 2.404717915255662 0.0
29.0 15.0 Car -1.0 -1.0 -1.0 -1.0 -1.0 -1.0 -1.0 1.791 1.608 4.102 619.946 0.889 1977.318 2.401927665879537 0.0
29.0 9.0 Car -1.0 -1.0 -1.0 -1.0 -1.0 -1.0 -1.0 1.965 1.784 4.413 671.95 0.812 1925.937 2.3639267486219775 0.0
30.0 1.0 Car -1.0 -1.0 -1.0 -1.0 -1.0 -1.0 -1.0 1.929 2.041 5.012 720.56 0.96 1895.508 -0.7047464986510299 0.0
30.0 5.0 Car -1.0 -1.0 -1.0 -1.0 -1.0 -1.0 -1.0 1.791 1.608 4.102 634.307 0.784 1954.521 2.398291831754019 0.0
30.0 18.0 Truck -1.0 -1.0 -1.0 -1.0 -1.0 -1.0 -1.0 1.853 2.014 4.952 605.863 1.354 1981.271 2.377091130393606 0.0
30.0 0.0 Car -1.0 -1.0 -1.0 -1.0 -1.0 -1.0 -1.0 1.965 1.784 4.413 655.155 0.812 1943.149 2.398291831754019 0.0
30.0 10.0 Car -1.0 -1.0 -1.0 -1.0 -1.0 -1.0 -1.0 1.871 1.683 4.354 620.458 1.021 1970.505 2.3369835549477544 0.0
30.0 4.0 Truck -1.0 -1.0 -1.0 -1.0 -1.0 -1.0 -1.0 1.983 2.102 4.815 698.206 0.512 1920.77 -0.6872932061310869 0.0
30.0 7.0 Car -1.0 -1.0 -1.0 -1.0 -1.0 -1.0 -1.0 1.87 1.659 4.26 624.837 0.895 1987.179 -0.8100403549957692 0.0
30.0 19.0 Car -1.0 -1.0 -1.0 -1.0 -1.0 -1.0 -1.0 1.937 1.73 4.506 680.492 0.562 1932.584 -0.7745596687308023 0.0
30.0 20.0 Car -1.0 -1.0 -1.0 -1.0 -1.0 -1.0 -1.0 1.836 1.634 3.896 599.967 1.097 1982.344 2.4131969435625393 0.0
30.0 6.0 Car -1.0 -1.0 -1.0 -1.0 -1.0 -1.0 -1.0 1.791 1.608 4.102 628.169 0.83 1970.102 2.3562993060627555 0.0
30.0 8.0 Car -1.0 -1.0 -1.0 -1.0 -1.0 -1.0 -1.0 1.871 1.796 4.966 611.596 1.09 1971.607 2.404717915255662 0.0
30.0 15.0 Car -1.0 -1.0 -1.0 -1.0 -1.0 -1.0 -1.0 1.791 1.608 4.102 618.91 0.889 1978.269 2.401927665879537 0.0
30.0 9.0 Car -1.0 -1.0 -1.0 -1.0 -1.0 -1.0 -1.0 1.965 1.784 4.413 669.069 0.812 1928.741 2.3470534838373154 0.0
31.0 1.0 Car -1.0 -1.0 -1.0 -1.0 -1.0 -1.0 -1.0 1.929 2.041 5.012 727.462 0.975 1889.793 -0.6864658109347528 0.0
31.0 5.0 Car -1.0 -1.0 -1.0 -1.0 -1.0 -1.0 -1.0 1.791 1.608 4.102 630.115 0.794 1958.408 2.398291831754019 0.0
31.0 18.0 Truck -1.0 -1.0 -1.0 -1.0 -1.0 -1.0 -1.0 1.853 2.014 4.952 603.932 1.357 1983.054 2.377091130393606 0.0
31.0 0.0 Car -1.0 -1.0 -1.0 -1.0 -1.0 -1.0 -1.0 1.965 1.784 4.413 652.006 0.812 1946.406 2.398291831754019 0.0
31.0 10.0 Car -1.0 -1.0 -1.0 -1.0 -1.0 -1.0 -1.0 1.871 1.683 4.354 616.98 0.984 1974.124 2.346346110569766 0.0
31.0 4.0 Truck -1.0 -1.0 -1.0 -1.0 -1.0 -1.0 -1.0 1.983 2.102 4.815 704.334 0.512 1915.759 -0.7147142377055022 0.0
31.0 7.0 Car -1.0 -1.0 -1.0 -1.0 -1.0 -1.0 -1.0 1.87 1.659 4.26 628.953 0.768 1983.204 -0.7914590086730647 0.0
31.0 19.0 Car -1.0 -1.0 -1.0 -1.0 -1.0 -1.0 -1.0 1.937 1.73 4.506 686.316 0.562 1927.141 -0.7745596687308023 0.0
31.0 20.0 Car -1.0 -1.0 -1.0 -1.0 -1.0 -1.0 -1.0 1.836 1.634 3.896 598.728 1.075 1983.493 2.4131969435625393 0.0
31.0 6.0 Car -1.0 -1.0 -1.0 -1.0 -1.0 -1.0 -1.0 1.791 1.608 4.102 626.655 0.83 1971.513 2.36199921435058 0.0
31.0 8.0 Car -1.0 -1.0 -1.0 -1.0 -1.0 -1.0 -1.0 1.871 1.796 4.966 608.593 1.107 1974.363 2.404717915255662 0.0
31.0 15.0 Car -1.0 -1.0 -1.0 -1.0 -1.0 -1.0 -1.0 1.791 1.608 4.102 617.77 0.889 1979.316 2.401927665879537 0.0
31.0 9.0 Car -1.0 -1.0 -1.0 -1.0 -1.0 -1.0 -1.0 1.965 1.784 4.413 665.896 0.812 1931.828 2.3284786616742457 0.0
32.0 5.0 Car -1.0 -1.0 -1.0 -1.0 -1.0 -1.0 -1.0 1.791 1.608 4.102 626.448 0.804 1961.809 2.398291831754019 0.0
32.0 18.0 Truck -1.0 -1.0 -1.0 -1.0 -1.0 -1.0 -1.0 1.853 2.014 4.952 602.544 1.355 1984.321 2.377091130393606 0.0
32.0 0.0 Car -1.0 -1.0 -1.0 -1.0 -1.0 -1.0 -1.0 1.965 1.784 4.413 649.447 0.812 1949.088 2.398291831754019 0.0
32.0 10.0 Car -1.0 -1.0 -1.0 -1.0 -1.0 -1.0 -1.0 1.871 1.683 4.354 613.996 1.046 1977.197 2.354861156112584 0.0
32.0 4.0 Truck -1.0 -1.0 -1.0 -1.0 -1.0 -1.0 -1.0 1.983 2.102 4.815 709.786 0.512 1911.058 -0.739653083690916 0.0
32.0 7.0 Car -1.0 -1.0 -1.0 -1.0 -1.0 -1.0 -1.0 1.87 1.659 4.26 632.696 0.652 1979.588 -0.7745596687308023 0.0
32.0 19.0 Car -1.0 -1.0 -1.0 -1.0 -1.0 -1.0 -1.0 1.937 1.73 4.506 691.7 0.512 1922.28 -0.7745596687308023 0.0
32.0 20.0 Car -1.0 -1.0 -1.0 -1.0 -1.0 -1.0 -1.0 1.836 1.634 3.896 597.602 1.055 1984.537 2.4131969435625393 0.0
32.0 6.0 Car -1.0 -1.0 -1.0 -1.0 -1.0 -1.0 -1.0 1.791 1.608 4.102 625.278 0.83 1972.797 2.367183159912047 0.0
32.0 8.0 Car -1.0 -1.0 -1.0 -1.0 -1.0 -1.0 -1.0 1.871 1.796 4.966 606.747 1.122 1976.067 2.404717915255662 0.0
32.0 9.0 Car -1.0 -1.0 -1.0 -1.0 -1.0 -1.0 -1.0 1.965 1.784 4.413 663.094 0.812 1934.712 2.3284786616742457 0.0
33.0 5.0 Car -1.0 -1.0 -1.0 -1.0 -1.0 -1.0 -1.0 1.791 1.608 4.102 622.984 0.814 1965.024 2.398291831754019 0.0
33.0 18.0 Truck -1.0 -1.0 -1.0 -1.0 -1.0 -1.0 -1.0 1.853 2.014 4.952 601.659 1.327 1985.106 2.377091130393606 0.0
33.0 0.0 Car -1.0 -1.0 -1.0 -1.0 -1.0 -1.0 -1.0 1.965 1.784 4.413 646.886 0.812 1951.772 2.398291831754019 0.0
33.0 10.0 Car -1.0 -1.0 -1.0 -1.0 -1.0 -1.0 -1.0 1.871 1.683 4.354 611.262 0.908 1980.019 2.363385246714132 0.0
33.0 4.0 Truck -1.0 -1.0 -1.0 -1.0 -1.0 -1.0 -1.0 1.983 2.102 4.815 714.566 0.512 1906.493 -0.7221875521943781 0.0
33.0 7.0 Car -1.0 -1.0 -1.0 -1.0 -1.0 -1.0 -1.0 1.87 1.659 4.26 636.654 0.502 1975.798 -0.7745596687308023 0.0
33.0 20.0 Car -1.0 -1.0 -1.0 -1.0 -1.0 -1.0 -1.0 1.836 1.634 3.896 597.339 1.035 1984.955 2.4131969435625393 0.0
33.0 6.0 Car -1.0 -1.0 -1.0 -1.0 -1.0 -1.0 -1.0 1.791 1.608 4.102 623.899 0.83 1974.082 2.372372612090222 0.0
33.0 8.0 Car -1.0 -1.0 -1.0 -1.0 -1.0 -1.0 -1.0 1.871 1.796 4.966 604.898 1.138 1977.773 2.404717915255662 0.0
33.0 9.0 Car -1.0 -1.0 -1.0 -1.0 -1.0 -1.0 -1.0 1.965 1.784 4.413 660.289 0.812 1937.599 2.3284786616742457 0.0
34.0 5.0 Car -1.0 -1.0 -1.0 -1.0 -1.0 -1.0 -1.0 1.791 1.608 4.102 619.567 0.814 1968.177 2.398291831754019 0.0
34.0 18.0 Truck -1.0 -1.0 -1.0 -1.0 -1.0 -1.0 -1.0 1.853 2.014 4.952 600.823 1.3 1985.844 2.377091130393606 0.0
34.0 0.0 Car -1.0 -1.0 -1.0 -1.0 -1.0 -1.0 -1.0 1.965 1.784 4.413 644.422 0.812 1954.211 2.398291831754019 0.0
34.0 10.0 Car -1.0 -1.0 -1.0 -1.0 -1.0 -1.0 -1.0 1.871 1.683 4.354 609.033 0.929 1982.322 2.3750335462470646 0.0
34.0 4.0 Truck -1.0 -1.0 -1.0 -1.0 -1.0 -1.0 -1.0 1.983 2.102 4.815 719.355 0.512 1901.935 -0.704721671677595 0.0
34.0 7.0 Car -1.0 -1.0 -1.0 -1.0 -1.0 -1.0 -1.0 1.87 1.659 4.26 640.696 0.494 1971.925 -0.7745596687308023 0.0
34.0 20.0 Car -1.0 -1.0 -1.0 -1.0 -1.0 -1.0 -1.0 1.836 1.634 3.896 597.129 1.016 1985.108 2.4131969435625393 0.0
34.0 6.0 Car -1.0 -1.0 -1.0 -1.0 -1.0 -1.0 -1.0 1.791 1.608 4.102 622.838 0.83 1975.053 2.37756216797116 0.0
34.0 8.0 Car -1.0 -1.0 -1.0 -1.0 -1.0 -1.0 -1.0 1.871 1.796 4.966 604.065 1.103 1978.535 2.404717915255662 0.0
34.0 9.0 Car -1.0 -1.0 -1.0 -1.0 -1.0 -1.0 -1.0 1.965 1.784 4.413 657.483 0.812 1940.485 2.3284786616742457 0.0
35.0 5.0 Car -1.0 -1.0 -1.0 -1.0 -1.0 -1.0 -1.0 1.791 1.608 4.102 616.448 0.814 1971.057 2.398291831754019 0.0
35.0 18.0 Truck -1.0 -1.0 -1.0 -1.0 -1.0 -1.0 -1.0 1.853 2.014 4.952 600.27 1.273 1986.334 2.377091130393606 0.0
35.0 0.0 Car -1.0 -1.0 -1.0 -1.0 -1.0 -1.0 -1.0 1.965 1.784 4.413 642.231 0.812 1956.397 2.398291831754019 0.0
35.0 10.0 Car -1.0 -1.0 -1.0 -1.0 -1.0 -1.0 -1.0 1.871 1.683 4.354 607.11 0.95 1984.33 2.386656893085494 0.0
35.0 4.0 Truck -1.0 -1.0 -1.0 -1.0 -1.0 -1.0 -1.0 1.983 2.102 4.815 724.133 0.512 1897.388 -0.687293206131085 0.0
35.0 7.0 Car -1.0 -1.0 -1.0 -1.0 -1.0 -1.0 -1.0 1.87 1.659 4.26 644.981 0.485 1967.815 -0.7745596687308023 0.0
35.0 20.0 Car -1.0 -1.0 -1.0 -1.0 -1.0 -1.0 -1.0 1.836 1.634 3.896 596.919 0.996 1985.261 2.4131969435625393 0.0
35.0 6.0 Car -1.0 -1.0 -1.0 -1.0 -1.0 -1.0 -1.0 1.791 1.608 4.102 621.78 0.83 1976.022 2.382740606915919 0.0
35.0 8.0 Car -1.0 -1.0 -1.0 -1.0 -1.0 -1.0 -1.0 1.871 1.796 4.966 603.233 1.068 1979.296 2.404717915255662 0.0
35.0 9.0 Car -1.0 -1.0 -1.0 -1.0 -1.0 -1.0 -1.0 1.965 1.784 4.413 654.725 0.812 1943.543 2.3284786616742457 0.0
36.0 5.0 Car -1.0 -1.0 -1.0 -1.0 -1.0 -1.0 -1.0 1.791 1.608 4.102 613.699 0.814 1973.597 2.398291831754019 0.0
36.0 18.0 Truck -1.0 -1.0 -1.0 -1.0 -1.0 -1.0 -1.0 1.853 2.014 4.952 599.767 1.245 1986.777 2.377091130393606 0.0
36.0 0.0 Car -1.0 -1.0 -1.0 -1.0 -1.0 -1.0 -1.0 1.965 1.784 4.413 640.278 0.812 1958.242 2.398291831754019 0.0
36.0 10.0 Car -1.0 -1.0 -1.0 -1.0 -1.0 -1.0 -1.0 1.871 1.683 4.354 605.571 0.97 1986.02 2.398292367119666 0.0
36.0 4.0 Truck -1.0 -1.0 -1.0 -1.0 -1.0 -1.0 -1.0 1.983 2.102 4.815 729.286 0.512 1893.289 -0.6698399136111419 0.0
36.0 7.0 Car -1.0 -1.0 -1.0 -1.0 -1.0 -1.0 -1.0 1.87 1.659 4.26 649.311 0.477 1963.659 -0.7745596687308023 0.0
36.0 20.0 Car -1.0 -1.0 -1.0 -1.0 -1.0 -1.0 -1.0 1.836 1.634 3.896 596.863 0.976 1985.295 2.4131969435625393 0.0
36.0 6.0 Car -1.0 -1.0 -1.0 -1.0 -1.0 -1.0 -1.0 1.791 1.608 4.102 621.232 0.83 1976.506 2.3879244487746227 0.0
36.0 8.0 Car -1.0 -1.0 -1.0 -1.0 -1.0 -1.0 -1.0 1.871 1.796 4.966 602.895 1.053 1979.612 2.404717915255662 0.0
36.0 9.0 Car -1.0 -1.0 -1.0 -1.0 -1.0 -1.0 -1.0 1.965 1.784 4.413 651.965 0.812 1946.603 2.3284786616742457 0.0
37.0 5.0 Car -1.0 -1.0 -1.0 -1.0 -1.0 -1.0 -1.0 1.791 1.608 4.102 611.283 0.814 1975.83 2.398291831754019 0.0
37.0 18.0 Truck -1.0 -1.0 -1.0 -1.0 -1.0 -1.0 -1.0 1.853 2.014 4.952 599.312 1.218 1987.22 2.377091130393606 0.0
37.0 0.0 Car -1.0 -1.0 -1.0 -1.0 -1.0 -1.0 -1.0 1.965 1.784 4.413 638.459 0.812 1960.053 2.398291831754019 0.0
37.0 10.0 Car -1.0 -1.0 -1.0 -1.0 -1.0 -1.0 -1.0 1.871 1.683 4.354 604.043 0.991 1987.456 2.409927305788191 0.0
37.0 4.0 Truck -1.0 -1.0 -1.0 -1.0 -1.0 -1.0 -1.0 1.983 2.102 4.815 734.651 0.512 1889.454 -0.6116643280239744 0.0
37.0 7.0 Car -1.0 -1.0 -1.0 -1.0 -1.0 -1.0 -1.0 1.87 1.659 4.26 653.6 0.469 1959.545 -0.7745596687308023 0.0
37.0 20.0 Car -1.0 -1.0 -1.0 -1.0 -1.0 -1.0 -1.0 1.836 1.634 3.896 596.807 0.956 1985.328 2.4131969435625393 0.0
37.0 6.0 Car -1.0 -1.0 -1.0 -1.0 -1.0 -1.0 -1.0 1.791 1.608 4.102 620.685 0.83 1976.99 2.3931080521169723 0.0
37.0 8.0 Car -1.0 -1.0 -1.0 -1.0 -1.0 -1.0 -1.0 1.871 1.796 4.966 602.558 1.039 1979.929 2.404717915255662 0.0
37.0 9.0 Car -1.0 -1.0 -1.0 -1.0 -1.0 -1.0 -1.0 1.965 1.784 4.413 649.347 0.812 1949.353 2.3517488959091124 0.0
38.0 5.0 Car -1.0 -1.0 -1.0 -1.0 -1.0 -1.0 -1.0 1.791 1.608 4.102 609.266 0.964 1977.726 2.398291831754019 0.0
38.0 18.0 Truck -1.0 -1.0 -1.0 -1.0 -1.0 -1.0 -1.0 1.853 2.014 4.952 598.905 1.191 1987.617 2.377091130393606 0.0
38.0 0.0 Car -1.0 -1.0 -1.0 -1.0 -1.0 -1.0 -1.0 1.965 1.784 4.413 636.957 0.812 1961.491 2.398291831754019 0.0
38.0 10.0 Car -1.0 -1.0 -1.0 -1.0 -1.0 -1.0 -1.0 1.871 1.683 4.354 602.775 1.011 1988.778 2.421562640161759 0.0
38.0 4.0 Truck -1.0 -1.0 -1.0 -1.0 -1.0 -1.0 -1.0 1.983 2.102 4.815 740.231 0.512 1885.938 -0.5534867638812444 0.0
38.0 7.0 Car -1.0 -1.0 -1.0 -1.0 -1.0 -1.0 -1.0 1.87 1.659 4.26 657.952 0.461 1955.369 -0.7745596687308023 0.0
38.0 20.0 Car -1.0 -1.0 -1.0 -1.0 -1.0 -1.0 -1.0 1.836 1.634 3.896 596.75 0.937 1985.362 2.4131969435625393 0.0
38.0 6.0 Car -1.0 -1.0 -1.0 -1.0 -1.0 -1.0 -1.0 1.791 1.608 4.102 620.138 0.83 1977.474 2.398291831754019 0.0
38.0 8.0 Car -1.0 -1.0 -1.0 -1.0 -1.0 -1.0 -1.0 1.871 1.796 4.966 602.453 1.024 1980.034 2.404717915255662 0.0
38.0 9.0 Car -1.0 -1.0 -1.0 -1.0 -1.0 -1.0 -1.0 1.965 1.784 4.413 646.729 0.812 1952.103 2.3750199215662047 0.0
39.0 5.0 Car -1.0 -1.0 -1.0 -1.0 -1.0 -1.0 -1.0 1.791 1.608 4.102 607.705 0.864 1979.202 2.398291831754019 0.0
39.0 18.0 Truck -1.0 -1.0 -1.0 -1.0 -1.0 -1.0 -1.0 1.853 2.014 4.952 598.659 1.213 1987.861 2.377091130393606 0.0
39.0 0.0 Car -1.0 -1.0 -1.0 -1.0 -1.0 -1.0 -1.0 1.965 1.784 4.413 635.638 0.812 1962.703 2.398291831754019 0.0
39.0 10.0 Car -1.0 -1.0 -1.0 -1.0 -1.0 -1.0 -1.0 1.871 1.683 4.354 601.828 1.032 1989.738 2.433198416793905 0.0
39.0 7.0 Car -1.0 -1.0 -1.0 -1.0 -1.0 -1.0 -1.0 1.87 1.659 4.26 662.387 0.453 1951.111 -0.7745596687308023 0.0
39.0 6.0 Car -1.0 -1.0 -1.0 -1.0 -1.0 -1.0 -1.0 1.791 1.608 4.102 619.93 0.83 1977.665 2.398291831754019 0.0
39.0 8.0 Car -1.0 -1.0 -1.0 -1.0 -1.0 -1.0 -1.0 1.871 1.796 4.966 602.348 1.009 1980.14 2.404717915255662 0.0
39.0 9.0 Car -1.0 -1.0 -1.0 -1.0 -1.0 -1.0 -1.0 1.965 1.784 4.413 644.111 0.812 1954.853 2.398291831754019 0.0
