0.0 0.0 Car -1.0 -1.0 -1.0 -1.0 -1.0 -1.0 -1.0 2.163 1.692 5.06 658.015 2.258 2100.748 0.9552012458859818 0.0
0.0 2.0 Car -1.0 -1.0 -1.0 -1.0 -1.0 -1.0 -1.0 2.052 1.605 4.923 671.05 1.196 2118.978 0.969181333632747 0.0
1.0 0.0 Car -1.0 -1.0 -1.0 -1.0 -1.0 -1.0 -1.0 2.163 1.692 5.06 661.285 2.158 2105.536 0.9552012458859818 1.0
1.0 2.0 Car -1.0 -1.0 -1.0 -1.0 -1.0 -1.0 -1.0 2.052 1.605 4.923 674.277 1.09 2123.758 0.969181333632747 1.0
2.0 0.0 Car -1.0 -1.0 -1.0 -1.0 -1.0 -1.0 -1.0 2.163 1.692 5.06 664.507 2.008 2110.315 0.9552012458859818 1.0
2.0 2.0 Car -1.0 -1.0 -1.0 -1.0 -1.0 -1.0 -1.0 2.052 1.605 4.923 677.537 1.069 2128.514 0.969181333632747 1.0
3.0 0.0 Car -1.0 -1.0 -1.0 -1.0 -1.0 -1.0 -1.0 2.163 1.692 5.06 667.769 1.975 2115.151 0.9610190100592962 1.0
3.0 2.0 Car -1.0 -1.0 -1.0 -1.0 -1.0 -1.0 -1.0 2.052 1.605 4.923 680.808 1.049 2133.345 0.969181333632747 1.0
4.0 0.0 Car -1.0 -1.0 -1.0 -1.0 -1.0 -1.0 -1.0 2.163 1.692 5.06 671.031 1.942 2119.986 0.9668367742326108 1.0
4.0 2.0 Car -1.0 -1.0 -1.0 -1.0 -1.0 -1.0 -1.0 2.052 1.605 4.923 684.032 1.029 2138.228 0.969181333632747 1.0
5.0 3.0 Truck -1.0 -1.0 -1.0 -1.0 -1.0 -1.0 -1.0 1.981 2.062 5.064 756.243 -1.4 2238.082 -2.1730919984279393 0.0
5.0 0.0 Car -1.0 -1.0 -1.0 -1.0 -1.0 -1.0 -1.0 2.163 1.692 5.06 674.293 1.908 2124.822 0.9726545384059251 1.0
5.0 2.0 Car -1.0 -1.0 -1.0 -1.0 -1.0 -1.0 -1.0 2.052 1.605 4.923 687.374 1.009 2143.044 0.969181333632747 1.0
6.0 3.0 Truck -1.0 -1.0 -1.0 -1.0 -1.0 -1.0 -1.0 1.981 2.062 5.064 753.153 -1.2 2233.611 -2.1730919984279393 1.0
6.0 0.0 Car -1.0 -1.0 -1.0 -1.0 -1.0 -1.0 -1.0 2.163 1.692 5.06 677.728 1.908 2129.933 0.9726545384059251 1.0
6.0 2.0 Car -1.0 -1.0 -1.0 -1.0 -1.0 -1.0 -1.0 2.052 1.605 4.923 690.718 0.989 2147.983 0.969181333632747 1.0
7.0 3.0 Truck -1.0 -1.0 -1.0 -1.0 -1.0 -1.0 -1.0 1.981 2.062 5.064 750.379 -0.95 2229.599 -2.1730919984279393 1.0
7.0 0.0 Car -1.0 -1.0 -1.0 -1.0 -1.0 -1.0 -1.0 2.163 1.692 5.06 680.987 1.858 2134.786 0.9726545384059251 1.0
7.0 2.0 Car -1.0 -1.0 -1.0 -1.0 -1.0 -1.0 -1.0 2.052 1.605 4.923 693.932 1.006 2152.835 0.969181333632747 1.0
8.0 3.0 Truck -1.0 -1.0 -1.0 -1.0 -1.0 -1.0 -1.0 1.981 2.062 5.064 747.605 -0.7 2225.588 -2.1730919984279393 1.0
8.0 0.0 Car -1.0 -1.0 -1.0 -1.0 -1.0 -1.0 -1.0 2.163 1.692 5.06 684.246 1.808 2139.638 0.9726545384059251 1.0
8.0 2.0 Car -1.0 -1.0 -1.0 -1.0 -1.0 -1.0 -1.0 2.052 1.605 4.923 697.201 1.023 2157.65 0.969181333632747 1.0
9.0 3.0 Truck -1.0 -1.0 -1.0 -1.0 -1.0 -1.0 -1.0 1.981 2.062 5.064 744.831 -0.5 2221.577 -2.1730919984279393 1.0
9.0 0.0 Car -1.0 -1.0 -1.0 -1.0 -1.0 -1.0 -1.0 2.163 1.692 5.06 687.723 1.708 2144.594 0.9726545384059251 1.0
9.0 2.0 Car -1.0 -1.0 -1.0 -1.0 -1.0 -1.0 -1.0 2.052 1.605 4.923 700.471 1.041 2162.465 0.969181333632747 1.0
10.0 3.0 Truck -1.0 -1.0 -1.0 -1.0 -1.0 -1.0 -1.0 1.981 2.062 5.064 741.978 -0.2 2217.45 -2.1730919984279393 1.0
10.0 0.0 Car -1.0 -1.0 -1.0 -1.0 -1.0 -1.0 -1.0 2.163 1.692 5.06 691.116 1.708 2149.734 0.9726545384059251 1.0
10.0 2.0 Car -1.0 -1.0 -1.0 -1.0 -1.0 -1.0 -1.0 2.052 1.605 4.923 703.74 1.058 2167.279 0.969181333632747 1.0
11.0 3.0 Truck -1.0 -1.0 -1.0 -1.0 -1.0 -1.0 -1.0 1.981 2.062 5.064 739.125 0.1 2213.324 -2.1730919984279393 0.0
11.0 0.0 Car -1.0 -1.0 -1.0 -1.0 -1.0 -1.0 -1.0 2.163 1.692 5.06 694.33 1.708 2154.49 0.9726545384059251 0.0
11.0 2.0 Car -1.0 -1.0 -1.0 -1.0 -1.0 -1.0 -1.0 2.052 1.605 4.923 706.997 1.075 2172.215 0.969181333632747 0.0
12.0 3.0 Truck -1.0 -1.0 -1.0 -1.0 -1.0 -1.0 -1.0 1.981 2.062 5.064 736.272 0.4 2209.198 -2.1905452909478815 0.0
12.0 0.0 Car -1.0 -1.0 -1.0 -1.0 -1.0 -1.0 -1.0 2.163 1.692 5.06 697.545 1.708 2159.246 0.9726545384059251 0.0
12.0 2.0 Car -1.0 -1.0 -1.0 -1.0 -1.0 -1.0 -1.0 2.052 1.605 4.923 710.254 1.093 2177.152 0.969181333632747 0.0
13.0 3.0 Truck -1.0 -1.0 -1.0 -1.0 -1.0 -1.0 -1.0 1.981 2.062 5.064 733.33 0.7 2205.007 -2.155638705907995 0.0
13.0 0.0 Car -1.0 -1.0 -1.0 -1.0 -1.0 -1.0 -1.0 2.163 1.692 5.06 700.759 1.708 2164.002 0.9552012458859818 0.0
13.0 2.0 Car -1.0 -1.0 -1.0 -1.0 -1.0 -1.0 -1.0 2.052 1.605 4.923 713.512 1.11 2182.088 0.969181333632747 0.0
14.0 3.0 Truck -1.0 -1.0 -1.0 -1.0 -1.0 -1.0 -1.0 1.981 2.062 5.064 730.454 0.8 2200.726 -2.155638705907995 0.0
14.0 0.0 Car -1.0 -1.0 -1.0 -1.0 -1.0 -1.0 -1.0 2.163 1.692 5.06 704.026 1.708 2168.892 0.9552012458859818 0.0
14.0 2.0 Car -1.0 -1.0 -1.0 -1.0 -1.0 -1.0 -1.0 2.052 1.605 4.923 716.843 1.027 2186.973 0.969181333632747 0.0
15.0 3.0 Truck -1.0 -1.0 -1.0 -1.0 -1.0 -1.0 -1.0 1.981 2.062 5.064 727.669 1.092 2196.58 -2.155638705907995 0.0
15.0 0.0 Car -1.0 -1.0 -1.0 -1.0 -1.0 -1.0 -1.0 2.163 1.692 5.06 707.292 1.708 2173.781 0.9552012458859818 0.0
15.0 2.0 Car -1.0 -1.0 -1.0 -1.0 -1.0 -1.0 -1.0 2.052 1.605 4.923 720.251 1.044 2191.969 0.969181333632747 0.0
16.0 3.0 Truck -1.0 -1.0 -1.0 -1.0 -1.0 -1.0 -1.0 1.981 2.062 5.064 724.827 1.384 2192.472 -2.155638705907995 0.0
16.0 0.0 Car -1.0 -1.0 -1.0 -1.0 -1.0 -1.0 -1.0 2.163 1.692 5.06 710.594 1.708 2178.752 0.9552012458859818 0.0
16.0 2.0 Car -1.0 -1.0 -1.0 -1.0 -1.0 -1.0 -1.0 2.052 1.605 4.923 723.624 1.078 2196.901 0.9633635694594327 0.0
17.0 3.0 Truck -1.0 -1.0 -1.0 -1.0 -1.0 -1.0 -1.0 1.981 2.062 5.064 722.1 1.725 2188.413 -2.155638705907995 0.0
17.0 1.0 Truck -1.0 -1.0 -1.0 -1.0 -1.0 -1.0 -1.0 2.067 2.154 5.054 785.844 -0.986 2281.489 -2.1371033096514833 0.0
17.0 0.0 Car -1.0 -1.0 -1.0 -1.0 -1.0 -1.0 -1.0 2.163 1.692 5.06 713.982 1.689 2183.662 0.9552012458859818 0.0
17.0 2.0 Car -1.0 -1.0 -1.0 -1.0 -1.0 -1.0 -1.0 2.052 1.605 4.923 727.035 1.112 2201.889 0.9575458052861183 0.0
18.0 3.0 Truck -1.0 -1.0 -1.0 -1.0 -1.0 -1.0 -1.0 1.981 2.062 5.064 718.959 2.017 2183.793 -2.155638705907995 0.0
18.0 1.0 Truck -1.0 -1.0 -1.0 -1.0 -1.0 -1.0 -1.0 2.067 2.154 5.054 783.488 -0.66 2277.62 -2.1371033096514833 1.0
18.0 0.0 Car -1.0 -1.0 -1.0 -1.0 -1.0 -1.0 -1.0 2.163 1.692 5.06 717.369 1.669 2188.572 0.9552012458859818 1.0
18.0 2.0 Car -1.0 -1.0 -1.0 -1.0 -1.0 -1.0 -1.0 2.052 1.605 4.923 730.983 1.046 2207.638 0.9517280411128038 1.0
19.0 3.0 Truck -1.0 -1.0 -1.0 -1.0 -1.0 -1.0 -1.0 1.981 2.062 5.064 716.177 2.259 2179.935 -2.1730919984279393 0.0
19.0 1.0 Truck -1.0 -1.0 -1.0 -1.0 -1.0 -1.0 -1.0 2.067 2.154 5.054 780.151 -0.334 2272.725 -2.1458299559114553 1.0
19.0 0.0 Car -1.0 -1.0 -1.0 -1.0 -1.0 -1.0 -1.0 2.163 1.692 5.06 720.757 1.65 2193.482 0.9552012458859818 1.0
19.0 2.0 Car -1.0 -1.0 -1.0 -1.0 -1.0 -1.0 -1.0 2.052 1.605 4.923 734.533 1.03 2212.589 0.9517280411128038 1.0
20.0 3.0 Truck -1.0 -1.0 -1.0 -1.0 -1.0 -1.0 -1.0 1.981 2.062 5.064 711.751 2.45 2173.715 -2.1905452909478815 0.0
20.0 1.0 Truck -1.0 -1.0 -1.0 -1.0 -1.0 -1.0 -1.0 2.067 2.154 5.054 777.464 -0.159 2268.776 -2.1545566021714273 0.0
20.0 0.0 Car -1.0 -1.0 -1.0 -1.0 -1.0 -1.0 -1.0 2.163 1.692 5.06 724.144 1.631 2198.392 0.9552012458859818 1.0
20.0 2.0 Car -1.0 -1.0 -1.0 -1.0 -1.0 -1.0 -1.0 2.052 1.605 4.923 737.909 1.014 2217.414 0.969181333632747 1.0
21.0 3.0 Truck -1.0 -1.0 -1.0 -1.0 -1.0 -1.0 -1.0 1.981 2.062 5.064 709.158 3.156 2169.809 -2.1905452909478815 0.0
21.0 1.0 Truck -1.0 -1.0 -1.0 -1.0 -1.0 -1.0 -1.0 2.067 2.154 5.054 774.822 0.042 2264.904 -2.1545566021714273 0.0
21.0 0.0 Car -1.0 -1.0 -1.0 -1.0 -1.0 -1.0 -1.0 2.163 1.692 5.06 727.532 1.656 2203.302 0.9552012458859818 1.0
21.0 2.0 Car -1.0 -1.0 -1.0 -1.0 -1.0 -1.0 -1.0 2.052 1.605 4.923 741.325 0.998 2222.295 0.969181333632747 1.0
22.0 3.0 Truck -1.0 -1.0 -1.0 -1.0 -1.0 -1.0 -1.0 1.981 2.062 5.064 706.452 3.861 2165.983 -2.1905452909478815 0.0
22.0 1.0 Truck -1.0 -1.0 -1.0 -1.0 -1.0 -1.0 -1.0 2.067 2.154 5.054 772.151 0.242 2261.05 -2.1545566021714273 0.0
22.0 0.0 Car -1.0 -1.0 -1.0 -1.0 -1.0 -1.0 -1.0 2.163 1.692 5.06 730.92 1.682 2208.212 0.9552012458859818 1.0
22.0 2.0 Car -1.0 -1.0 -1.0 -1.0 -1.0 -1.0 -1.0 2.052 1.605 4.923 744.778 0.982 2227.232 0.969181333632747 1.0
23.0 1.0 Truck -1.0 -1.0 -1.0 -1.0 -1.0 -1.0 -1.0 2.067 2.154 5.054 769.169 0.543 2256.774 -2.1720098946913695 0.0
23.0 0.0 Car -1.0 -1.0 -1.0 -1.0 -1.0 -1.0 -1.0 2.163 1.692 5.06 734.307 1.707 2213.123 0.9552012458859818 1.0
23.0 2.0 Car -1.0 -1.0 -1.0 -1.0 -1.0 -1.0 -1.0 2.052 1.605 4.923 748.577 0.966 2232.671 0.969181333632747 1.0
24.0 1.0 Truck -1.0 -1.0 -1.0 -1.0 -1.0 -1.0 -1.0 2.067 2.154 5.054 766.529 0.694 2252.902 -2.1545566021714273 0.0
24.0 0.0 Car -1.0 -1.0 -1.0 -1.0 -1.0 -1.0 -1.0 2.163 1.692 5.06 737.695 1.733 2218.033 0.9552012458859818 1.0
24.0 2.0 Car -1.0 -1.0 -1.0 -1.0 -1.0 -1.0 -1.0 2.052 1.605 4.923 752.068 0.95 2237.663 0.969181333632747 1.0
25.0 1.0 Truck -1.0 -1.0 -1.0 -1.0 -1.0 -1.0 -1.0 2.067 2.154 5.054 763.983 0.994 2249.3 -2.1720098946913695 0.0
25.0 0.0 Car -1.0 -1.0 -1.0 -1.0 -1.0 -1.0 -1.0 2.163 1.692 5.06 741.082 1.758 2222.943 0.9552012458859818 1.0
25.0 2.0 Car -1.0 -1.0 -1.0 -1.0 -1.0 -1.0 -1.0 2.052 1.605 4.923 755.56 0.984 2242.656 0.969181333632747 1.0
26.0 1.0 Truck -1.0 -1.0 -1.0 -1.0 -1.0 -1.0 -1.0 2.067 2.154 5.054 761.282 1.266 2245.464 -2.1545566021714273 0.0
26.0 0.0 Car -1.0 -1.0 -1.0 -1.0 -1.0 -1.0 -1.0 2.163 1.692 5.06 744.239 1.708 2227.406 0.9552012458859818 1.0
26.0 2.0 Car -1.0 -1.0 -1.0 -1.0 -1.0 -1.0 -1.0 2.052 1.605 4.923 758.978 0.96 2247.63 0.969181333632747 1.0
27.0 1.0 Truck -1.0 -1.0 -1.0 -1.0 -1.0 -1.0 -1.0 2.067 2.154 5.054 758.747 1.538 2241.813 -2.1545566021714273 0.0
27.0 0.0 Car -1.0 -1.0 -1.0 -1.0 -1.0 -1.0 -1.0 2.163 1.692 5.06 747.396 1.708 2231.87 0.9552012458859818 0.0
27.0 2.0 Car -1.0 -1.0 -1.0 -1.0 -1.0 -1.0 -1.0 2.052 1.605 4.923 762.452 0.936 2252.567 0.969181333632747 0.0
28.0 1.0 Truck -1.0 -1.0 -1.0 -1.0 -1.0 -1.0 -1.0 2.067 2.154 5.054 756.093 1.81 2238.115 -2.1720098946913695 0.0
28.0 0.0 Car -1.0 -1.0 -1.0 -1.0 -1.0 -1.0 -1.0 2.163 1.692 5.06 750.496 1.808 2236.499 0.9552012458859818 0.0
28.0 2.0 Car -1.0 -1.0 -1.0 -1.0 -1.0 -1.0 -1.0 2.052 1.605 4.923 765.776 0.986 2257.613 0.9342747485928604 0.0
29.0 1.0 Truck -1.0 -1.0 -1.0 -1.0 -1.0 -1.0 -1.0 2.067 2.154 5.054 753.596 2.081 2234.52 -2.1720098946913695 0.0
29.0 0.0 Car -1.0 -1.0 -1.0 -1.0 -1.0 -1.0 -1.0 2.163 1.692 5.06 753.599 1.733 2240.931 0.9610190100592962 0.0
29.0 2.0 Car -1.0 -1.0 -1.0 -1.0 -1.0 -1.0 -1.0 2.052 1.605 4.923 769.217 0.987 2262.41 0.9430013948528322 0.0
30.0 1.0 Truck -1.0 -1.0 -1.0 -1.0 -1.0 -1.0 -1.0 2.067 2.154 5.054 751.002 2.353 2230.908 -2.1720098946913695 0.0
30.0 0.0 Car -1.0 -1.0 -1.0 -1.0 -1.0 -1.0 -1.0 2.163 1.692 5.06 756.701 1.658 2245.363 0.9668367742326108 0.0
30.0 2.0 Car -1.0 -1.0 -1.0 -1.0 -1.0 -1.0 -1.0 2.052 1.605 4.923 772.554 0.937 2267.295 0.9342747485928604 0.0
31.0 1.0 Truck -1.0 -1.0 -1.0 -1.0 -1.0 -1.0 -1.0 2.067 2.154 5.054 748.483 2.725 2227.283 -2.1720098946913695 0.0
31.0 0.0 Car -1.0 -1.0 -1.0 -1.0 -1.0 -1.0 -1.0 2.163 1.692 5.06 759.803 1.808 2249.794 0.9726545384059251 0.0
31.0 2.0 Car -1.0 -1.0 -1.0 -1.0 -1.0 -1.0 -1.0 2.052 1.605 4.923 775.989 1.013 2272.266 0.9430013948528322 0.0
32.0 0.0 Car -1.0 -1.0 -1.0 -1.0 -1.0 -1.0 -1.0 2.163 1.692 5.06 762.71 1.842 2253.938 0.9668367742326106 0.0
32.0 2.0 Car -1.0 -1.0 -1.0 -1.0 -1.0 -1.0 -1.0 2.052 1.605 4.923 779.645 1.089 2277.082 0.969181333632747 0.0
33.0 0.0 Car -1.0 -1.0 -1.0 -1.0 -1.0 -1.0 -1.0 2.163 1.692 5.06 765.616 1.875 2258.082 0.961019010059296 0.0
33.0 2.0 Car -1.0 -1.0 -1.0 -1.0 -1.0 -1.0 -1.0 2.052 1.605 4.923 783.437 1.039 2282.246 0.847008285993144 0.0
34.0 0.0 Car -1.0 -1.0 -1.0 -1.0 -1.0 -1.0 -1.0 2.163 1.692 5.06 768.522 1.908 2262.226 0.9552012458859818 0.0
34.0 2.0 Car -1.0 -1.0 -1.0 -1.0 -1.0 -1.0 -1.0 2.052 1.605 4.923 787.658 1.04 2287.476 0.8295549934732006 0.0
35.0 0.0 Car -1.0 -1.0 -1.0 -1.0 -1.0 -1.0 -1.0 2.163 1.692 5.06 772.049 1.942 2267.338 0.9552012458859818 0.0
35.0 2.0 Car -1.0 -1.0 -1.0 -1.0 -1.0 -1.0 -1.0 2.052 1.605 4.923 792.248 1.041 2293.06 0.8644615785130871 0.0
36.0 0.0 Car -1.0 -1.0 -1.0 -1.0 -1.0 -1.0 -1.0 2.163 1.692 5.06 775.577 1.975 2272.45 0.9552012458859818 0.0
36.0 2.0 Car -1.0 -1.0 -1.0 -1.0 -1.0 -1.0 -1.0 2.052 1.605 4.923 796.917 1.041 2299.06 0.8819148710330306 0.0
37.0 0.0 Car -1.0 -1.0 -1.0 -1.0 -1.0 -1.0 -1.0 2.163 1.692 5.06 779.018 1.958 2277.622 0.9552012458859818 0.0
37.0 2.0 Car -1.0 -1.0 -1.0 -1.0 -1.0 -1.0 -1.0 2.052 1.605 4.923 801.615 1.042 2305.431 0.9168214560729173 0.0
38.0 0.0 Car -1.0 -1.0 -1.0 -1.0 -1.0 -1.0 -1.0 2.163 1.692 5.06 782.085 2.017 2281.952 0.9639278921459534 0.0
38.0 2.0 Car -1.0 -1.0 -1.0 -1.0 -1.0 -1.0 -1.0 2.052 1.605 4.923 807.368 1.093 2313.513 0.9342747485928604 0.0
