0.0 0.0 Car -1.0 -1.0 -1.0 -1.0 -1.0 -1.0 -1.0 1.708 1.9 4.371 629.252 1.087 1047.576 1.0875495635053378 0.0
1.0 0.0 Car -1.0 -1.0 -1.0 -1.0 -1.0 -1.0 -1.0 1.708 1.9 4.371 632.504 1.087 1053.786 1.0627846921588122 1.0
2.0 0.0 Car -1.0 -1.0 -1.0 -1.0 -1.0 -1.0 -1.0 1.708 1.9 4.371 635.656 1.087 1059.327 1.0402597767796067 1.0
3.0 0.0 Car -1.0 -1.0 -1.0 -1.0 -1.0 -1.0 -1.0 1.708 1.9 4.371 638.808 1.087 1064.867 1.0177363934255645 1.0
4.0 0.0 Car -1.0 -1.0 -1.0 -1.0 -1.0 -1.0 -1.0 1.708 1.9 4.371 642.284 1.087 1070.638 1.0177363934255645 1.0
5.0 0.0 Car -1.0 -1.0 -1.0 -1.0 -1.0 -1.0 -1.0 1.708 1.9 4.371 645.755 1.087 1076.403 1.0177363934255645 1.0
6.0 0.0 Car -1.0 -1.0 -1.0 -1.0 -1.0 -1.0 -1.0 1.708 1.9 4.371 649.464 1.087 1082.552 1.009014213868467 1.0
7.0 0.0 Car -1.0 -1.0 -1.0 -1.0 -1.0 -1.0 -1.0 1.708 1.9 4.371 653.176 1.087 1088.707 1.0002831009056212 1.0
8.0 0.0 Car -1.0 -1.0 -1.0 -1.0 -1.0 -1.0 -1.0 1.708 1.9 4.371 657.143 1.087 1094.7 0.9828184325019894 1.0
9.0 0.0 Car -1.0 -1.0 -1.0 -1.0 -1.0 -1.0 -1.0 1.708 1.9 4.371 661.104 1.087 1100.686 0.9653765158657345 1.0
10.0 0.0 Car -1.0 -1.0 -1.0 -1.0 -1.0 -1.0 -1.0 1.708 1.9 4.371 665.27 1.087 1106.528 0.9304884463505252 1.0
11.0 0.0 Car -1.0 -1.0 -1.0 -1.0 -1.0 -1.0 -1.0 1.708 1.9 4.371 669.643 1.087 1112.228 0.8955633457859613 0.0
12.0 0.0 Car -1.0 -1.0 -1.0 -1.0 -1.0 -1.0 -1.0 1.708 1.9 4.371 675.115 1.087 1119.156 0.8955633457859613 0.0
13.0 0.0 Car -1.0 -1.0 -1.0 -1.0 -1.0 -1.0 -1.0 1.708 1.9 4.371 679.665 1.087 1124.918 0.8955633457859613 0.0
14.0 0.0 Car -1.0 -1.0 -1.0 -1.0 -1.0 -1.0 -1.0 1.708 1.9 4.371 684.215 1.087 1130.68 0.8955633457859613 0.0
15.0 0.0 Car -1.0 -1.0 -1.0 -1.0 -1.0 -1.0 -1.0 1.708 1.9 4.371 688.695 1.087 1136.498 0.8955633457859613 0.0
16.0 0.0 Car -1.0 -1.0 -1.0 -1.0 -1.0 -1.0 -1.0 1.708 1.9 4.371 692.447 1.087 1141.016 0.8955633457859613 0.0
17.0 0.0 Car -1.0 -1.0 -1.0 -1.0 -1.0 -1.0 -1.0 1.708 1.9 4.371 697.133 1.087 1146.658 0.8955633457859613 0.0
18.0 0.0 Car -1.0 -1.0 -1.0 -1.0 -1.0 -1.0 -1.0 1.708 1.9 4.371 701.829 1.087 1152.313 0.8955633457859613 0.0
19.0 0.0 Car -1.0 -1.0 -1.0 -1.0 -1.0 -1.0 -1.0 1.708 1.9 4.371 706.531 1.087 1157.975 0.8955633457859613 0.0
20.0 0.0 Car -1.0 -1.0 -1.0 -1.0 -1.0 -1.0 -1.0 1.708 1.9 4.371 711.222 1.087 1163.624 0.8955633457859613 0.0
21.0 0.0 Car -1.0 -1.0 -1.0 -1.0 -1.0 -1.0 -1.0 1.708 1.9 4.371 716.354 1.087 1170.081 0.8955633457859613 0.0
22.0 0.0 Car -1.0 -1.0 -1.0 -1.0 -1.0 -1.0 -1.0 1.708 1.9 4.371 720.527 1.087 1175.534 0.9130166383059046 0.0
