0.0 0.0 Car -1.0 -1.0 -1.0 -1.0 -1.0 -1.0 -1.0 2.097 1.719 4.34 921.725 -0.203 1533.036 3.051935089912873 0.0
1.0 0.0 Car -1.0 -1.0 -1.0 -1.0 -1.0 -1.0 -1.0 2.097 1.719 4.34 919.693 -0.203 1533.125 3.104294967472703 1.0
2.0 0.0 Car -1.0 -1.0 -1.0 -1.0 -1.0 -1.0 -1.0 2.097 1.719 4.34 916.966 -0.203 1533.057 -3.039263999547337 1.0
3.0 0.0 Car -1.0 -1.0 -1.0 -1.0 -1.0 -1.0 -1.0 2.097 1.719 4.34 914.082 -0.307 1532.332 -2.7470821177184708 0.0
4.0 0.0 Car -1.0 -1.0 -1.0 -1.0 -1.0 -1.0 -1.0 2.097 1.719 4.34 911.758 -0.412 1530.939 -2.594202756273862 0.0
5.0 0.0 Car -1.0 -1.0 -1.0 -1.0 -1.0 -1.0 -1.0 2.097 1.719 4.34 909.769 -0.516 1529.123 -2.4328964027840967 0.0
6.0 0.0 Car -1.0 -1.0 -1.0 -1.0 -1.0 -1.0 -1.0 2.097 1.719 4.34 908.064 -0.553 1527.067 -2.253865836149894 0.0
7.0 0.0 Car -1.0 -1.0 -1.0 -1.0 -1.0 -1.0 -1.0 2.097 1.719 4.34 906.254 -0.666 1524.292 -2.131694988183866 0.0
8.0 0.0 Car -1.0 -1.0 -1.0 -1.0 -1.0 -1.0 -1.0 2.097 1.719 4.34 904.795 -0.778 1521.317 -2.00951974087069 0.0
9.0 0.0 Car -1.0 -1.0 -1.0 -1.0 -1.0 -1.0 -1.0 2.097 1.719 4.34 903.095 -0.891 1517.602 -2.00951974087069 0.0
10.0 0.0 Car -1.0 -1.0 -1.0 -1.0 -1.0 -1.0 -1.0 2.097 1.719 4.34 901.243 -1.054 1513.562 -2.00951974087069 0.0
11.0 0.0 Car -1.0 -1.0 -1.0 -1.0 -1.0 -1.0 -1.0 2.097 1.719 4.34 899.601 -1.184 1509.849 -2.00951974087069 0.0
12.0 0.0 Car -1.0 -1.0 -1.0 -1.0 -1.0 -1.0 -1.0 2.097 1.719 4.34 897.777 -1.259 1505.653 -1.9764200035431811 0.0
13.0 0.0 Car -1.0 -1.0 -1.0 -1.0 -1.0 -1.0 -1.0 2.097 1.719 4.34 895.918 -1.343 1500.93 -1.939706570790918 0.0
14.0 0.0 Car -1.0 -1.0 -1.0 -1.0 -1.0 -1.0 -1.0 2.097 1.719 4.34 893.673 -1.484 1495.519 -1.939706570790918 0.0
