0.0 1.0 Car -1.0 -1.0 -1.0 -1.0 -1.0 -1.0 -1.0 1.972 1.603 4.575 1866.441 1.09 871.15 3.140336016537291 0.0
0.0 0.0 Car -1.0 -1.0 -1.0 -1.0 -1.0 -1.0 -1.0 2.071 2.032 5.002 1847.679 0.961 871.683 3.0993033251890116 0.0
1.0 1.0 Car -1.0 -1.0 -1.0 -1.0 -1.0 -1.0 -1.0 1.972 1.603 4.575 1862.979 1.04 871.249 3.140336016537291 1.0
1.0 0.0 Car -1.0 -1.0 -1.0 -1.0 -1.0 -1.0 -1.0 2.071 2.032 5.002 1844.086 1.006 871.745 3.1167566177089547 1.0
2.0 1.0 Car -1.0 -1.0 -1.0 -1.0 -1.0 -1.0 -1.0 1.972 1.603 4.575 1859.516 0.99 871.442 3.140336016537291 1.0
2.0 0.0 Car -1.0 -1.0 -1.0 -1.0 -1.0 -1.0 -1.0 2.071 2.032 5.002 1840.494 0.956 871.806 3.134209910228898 1.0
3.0 1.0 Car -1.0 -1.0 -1.0 -1.0 -1.0 -1.0 -1.0 1.972 1.603 4.575 1856.273 0.988 871.408 3.140336016537291 1.0
3.0 3.0 Truck -1.0 -1.0 -1.0 -1.0 -1.0 -1.0 -1.0 2.079 1.99 5.473 1652.191 2.332 861.262 0.05391322027167988 0.0
3.0 0.0 Car -1.0 -1.0 -1.0 -1.0 -1.0 -1.0 -1.0 2.071 2.032 5.002 1836.903 1.056 871.69 3.134209910228898 1.0
4.0 1.0 Car -1.0 -1.0 -1.0 -1.0 -1.0 -1.0 -1.0 1.972 1.603 4.575 1853.03 0.986 871.374 3.140336016537291 1.0
4.0 3.0 Truck -1.0 -1.0 -1.0 -1.0 -1.0 -1.0 -1.0 2.079 1.99 5.473 1657.304 2.666 861.194 0.0626401633165692 1.0
4.0 0.0 Car -1.0 -1.0 -1.0 -1.0 -1.0 -1.0 -1.0 2.071 2.032 5.002 1833.491 1.056 871.606 3.134209910228898 1.0
5.0 1.0 Car -1.0 -1.0 -1.0 -1.0 -1.0 -1.0 -1.0 1.972 1.603 4.575 1849.787 0.984 871.339 3.140336016537291 1.0
5.0 3.0 Truck -1.0 -1.0 -1.0 -1.0 -1.0 -1.0 -1.0 2.079 1.99 5.473 1662.408 2.599 861.276 0.0713665127916232 1.0
5.0 2.0 Car -1.0 -1.0 -1.0 -1.0 -1.0 -1.0 -1.0 1.96 1.549 5.24 1644.36 2.614 859.245 0.02323033162487187 0.0
5.0 0.0 Car -1.0 -1.0 -1.0 -1.0 -1.0 -1.0 -1.0 2.071 2.032 5.002 1830.314 1.006 871.657 -3.061708934350972 1.0
6.0 1.0 Car -1.0 -1.0 -1.0 -1.0 -1.0 -1.0 -1.0 1.972 1.603 4.575 1846.544 0.982 871.305 3.140336016537291 1.0
6.0 3.0 Truck -1.0 -1.0 -1.0 -1.0 -1.0 -1.0 -1.0 2.079 1.99 5.473 1667.094 2.482 861.384 0.0713665127916232 1.0
6.0 2.0 Car -1.0 -1.0 -1.0 -1.0 -1.0 -1.0 -1.0 1.96 1.549 5.24 1649.506 2.528 859.418 0.040683624144815196 1.0
6.0 0.0 Car -1.0 -1.0 -1.0 -1.0 -1.0 -1.0 -1.0 2.071 2.032 5.002 1826.912 1.006 871.431 -3.0791622268709156 1.0
7.0 1.0 Car -1.0 -1.0 -1.0 -1.0 -1.0 -1.0 -1.0 1.972 1.603 4.575 1843.301 0.98 871.27 3.140336016537291 1.0
7.0 3.0 Truck -1.0 -1.0 -1.0 -1.0 -1.0 -1.0 -1.0 2.079 1.99 5.473 1671.786 2.366 861.418 0.06513249745686278 1.0
7.0 2.0 Car -1.0 -1.0 -1.0 -1.0 -1.0 -1.0 -1.0 1.96 1.549 5.24 1653.682 2.441 859.556 0.03920487014018482 1.0
7.0 0.0 Car -1.0 -1.0 -1.0 -1.0 -1.0 -1.0 -1.0 2.071 2.032 5.002 1823.496 1.056 871.277 -3.0791622268709156 1.0
8.0 1.0 Car -1.0 -1.0 -1.0 -1.0 -1.0 -1.0 -1.0 1.972 1.603 4.575 1840.059 0.978 871.236 3.140336016537291 1.0
8.0 3.0 Truck -1.0 -1.0 -1.0 -1.0 -1.0 -1.0 -1.0 2.079 1.99 5.473 1676.48 2.199 861.413 0.05889875647748899 1.0
8.0 2.0 Car -1.0 -1.0 -1.0 -1.0 -1.0 -1.0 -1.0 1.96 1.549 5.24 1657.857 2.355 859.693 0.03772618121465743 1.0
8.0 0.0 Car -1.0 -1.0 -1.0 -1.0 -1.0 -1.0 -1.0 2.071 2.032 5.002 1820.121 1.106 871.124 -3.0791622268709156 1.0
9.0 1.0 Car -1.0 -1.0 -1.0 -1.0 -1.0 -1.0 -1.0 1.972 1.603 4.575 1837.465 0.977 871.208 3.140336016537291 1.0
9.0 3.0 Truck -1.0 -1.0 -1.0 -1.0 -1.0 -1.0 -1.0 2.079 1.99 5.473 1680.231 1.966 861.463 0.05391322027167988 1.0
9.0 2.0 Car -1.0 -1.0 -1.0 -1.0 -1.0 -1.0 -1.0 1.96 1.549 5.24 1661.196 2.286 859.803 0.036543575585110455 1.0
9.0 0.0 Car -1.0 -1.0 -1.0 -1.0 -1.0 -1.0 -1.0 2.071 2.032 5.002 1817.275 1.096 871.037 -3.0791622268709156 1.0
10.0 1.0 Car -1.0 -1.0 -1.0 -1.0 -1.0 -1.0 -1.0 1.972 1.603 4.575 1834.222 0.975 871.174 3.140336016537291 1.0
10.0 3.0 Truck -1.0 -1.0 -1.0 -1.0 -1.0 -1.0 -1.0 2.079 1.99 5.473 1685.543 1.925 861.457 0.05391322027167988 1.0
10.0 2.0 Car -1.0 -1.0 -1.0 -1.0 -1.0 -1.0 -1.0 1.96 1.549 5.24 1665.372 2.199 859.94 0.03506487186887796 1.0
10.0 0.0 Car -1.0 -1.0 -1.0 -1.0 -1.0 -1.0 -1.0 2.071 2.032 5.002 1814.005 1.083 870.961 -3.0791622268709156 1.0
11.0 1.0 Car -1.0 -1.0 -1.0 -1.0 -1.0 -1.0 -1.0 1.972 1.603 4.575 1830.979 0.973 871.139 3.140336016537291 1.0
11.0 3.0 Truck -1.0 -1.0 -1.0 -1.0 -1.0 -1.0 -1.0 2.079 1.99 5.473 1690.855 1.883 861.451 0.05391322027167988 1.0
11.0 2.0 Car -1.0 -1.0 -1.0 -1.0 -1.0 -1.0 -1.0 1.96 1.549 5.24 1669.547 2.113 860.078 0.03358615927822228 1.0
11.0 0.0 Car -1.0 -1.0 -1.0 -1.0 -1.0 -1.0 -1.0 2.071 2.032 5.002 1810.915 1.071 870.919 -3.061708934350972 1.0
12.0 1.0 Car -1.0 -1.0 -1.0 -1.0 -1.0 -1.0 -1.0 1.972 1.603 4.575 1827.736 0.971 871.105 3.140336016537291 1.0
12.0 3.0 Truck -1.0 -1.0 -1.0 -1.0 -1.0 -1.0 -1.0 2.079 1.99 5.473 1696.152 1.842 861.727 0.05391322027167988 1.0
12.0 2.0 Car -1.0 -1.0 -1.0 -1.0 -1.0 -1.0 -1.0 1.96 1.549 5.24 1673.723 2.026 860.215 0.0321074378131434 1.0
12.0 0.0 Car -1.0 -1.0 -1.0 -1.0 -1.0 -1.0 -1.0 2.071 2.032 5.002 1807.899 1.108 870.809 -3.061708934350972 1.0
13.0 1.0 Car -1.0 -1.0 -1.0 -1.0 -1.0 -1.0 -1.0 1.972 1.603 4.575 1824.49 0.969 871.071 3.140336016537291 1.0
13.0 3.0 Truck -1.0 -1.0 -1.0 -1.0 -1.0 -1.0 -1.0 2.079 1.99 5.473 1699.029 1.8 861.88 0.05391322027167988 1.0
13.0 2.0 Car -1.0 -1.0 -1.0 -1.0 -1.0 -1.0 -1.0 1.96 1.549 5.24 1677.902 1.94 860.353 0.0306271455751661 1.0
13.0 0.0 Car -1.0 -1.0 -1.0 -1.0 -1.0 -1.0 -1.0 2.071 2.032 5.002 1805.024 1.096 870.695 -3.061708934350972 1.0
14.0 1.0 Car -1.0 -1.0 -1.0 -1.0 -1.0 -1.0 -1.0 1.972 1.603 4.575 1821.247 0.967 871.036 3.140336016537291 1.0
14.0 3.0 Truck -1.0 -1.0 -1.0 -1.0 -1.0 -1.0 -1.0 2.079 1.99 5.473 1701.913 1.8 861.869 0.08009315905159475 1.0
14.0 2.0 Car -1.0 -1.0 -1.0 -1.0 -1.0 -1.0 -1.0 1.96 1.549 5.24 1682.078 1.853 860.49 0.029148430026369354 1.0
14.0 0.0 Car -1.0 -1.0 -1.0 -1.0 -1.0 -1.0 -1.0 2.071 2.032 5.002 1802.363 1.133 870.614 -3.061708934350972 1.0
15.0 1.0 Car -1.0 -1.0 -1.0 -1.0 -1.0 -1.0 -1.0 1.972 1.603 4.575 1818.004 0.965 871.002 3.140336016537291 1.0
15.0 3.0 Truck -1.0 -1.0 -1.0 -1.0 -1.0 -1.0 -1.0 2.079 1.99 5.473 1704.785 1.85 862.047 0.08881980531156652 1.0
15.0 2.0 Car -1.0 -1.0 -1.0 -1.0 -1.0 -1.0 -1.0 1.96 1.549 5.24 1686.253 1.767 860.628 0.027669714477572608 1.0
15.0 0.0 Car -1.0 -1.0 -1.0 -1.0 -1.0 -1.0 -1.0 2.071 2.032 5.002 1799.815 1.099 870.5 -3.0791622268709156 1.0
16.0 1.0 Car -1.0 -1.0 -1.0 -1.0 -1.0 -1.0 -1.0 1.972 1.603 4.575 1814.761 0.963 870.967 3.140336016537291 1.0
16.0 3.0 Truck -1.0 -1.0 -1.0 -1.0 -1.0 -1.0 -1.0 2.079 1.99 5.473 1707.65 1.851 862.283 0.14116038529984332 1.0
16.0 2.0 Car -1.0 -1.0 -1.0 -1.0 -1.0 -1.0 -1.0 1.96 1.549 5.24 1690.429 1.68 860.765 0.02619101963576309 1.0
16.0 0.0 Car -1.0 -1.0 -1.0 -1.0 -1.0 -1.0 -1.0 2.071 2.032 5.002 1797.056 1.058 870.353 -3.0791622268709156 1.0
17.0 1.0 Car -1.0 -1.0 -1.0 -1.0 -1.0 -1.0 -1.0 1.972 1.603 4.575 1811.514 0.961 870.933 3.140336016537291 0.0
17.0 3.0 Truck -1.0 -1.0 -1.0 -1.0 -1.0 -1.0 -1.0 2.079 1.99 5.473 1710.475 1.751 862.839 0.1760862679112829 1.0
17.0 2.0 Car -1.0 -1.0 -1.0 -1.0 -1.0 -1.0 -1.0 1.96 1.549 5.24 1694.609 1.594 860.903 0.02471068894195216 1.0
17.0 0.0 Car -1.0 -1.0 -1.0 -1.0 -1.0 -1.0 -1.0 2.071 2.032 5.002 1794.505 1.046 870.239 -3.0966155193908587 1.0
18.0 1.0 Car -1.0 -1.0 -1.0 -1.0 -1.0 -1.0 -1.0 1.972 1.603 4.575 1808.268 0.959 870.898 3.140336016537291 0.0
18.0 3.0 Truck -1.0 -1.0 -1.0 -1.0 -1.0 -1.0 -1.0 2.079 1.99 5.473 1713.345 1.651 863.93 0.3331659005907728 1.0
18.0 2.0 Car -1.0 -1.0 -1.0 -1.0 -1.0 -1.0 -1.0 1.96 1.549 5.24 1698.789 1.507 861.04 0.02323033162487187 1.0
18.0 0.0 Car -1.0 -1.0 -1.0 -1.0 -1.0 -1.0 -1.0 2.071 2.032 5.002 1791.955 1.033 870.125 -3.1140688119108018 1.0
19.0 1.0 Car -1.0 -1.0 -1.0 -1.0 -1.0 -1.0 -1.0 1.972 1.603 4.575 1805.021 0.958 870.864 3.140336016537291 0.0
19.0 3.0 Truck -1.0 -1.0 -1.0 -1.0 -1.0 -1.0 -1.0 2.079 1.99 5.473 1715.907 1.501 865.186 0.5251521183101493 1.0
19.0 2.0 Car -1.0 -1.0 -1.0 -1.0 -1.0 -1.0 -1.0 1.96 1.549 5.24 1702.761 1.32 860.977 0.09304350170464515 1.0
19.0 0.0 Car -1.0 -1.0 -1.0 -1.0 -1.0 -1.0 -1.0 2.071 2.032 5.002 1789.365 1.071 870.079 -3.0966155193908587 1.0
20.0 1.0 Car -1.0 -1.0 -1.0 -1.0 -1.0 -1.0 -1.0 1.972 1.603 4.575 1803.636 0.956 870.948 3.140336016537291 0.0
20.0 3.0 Truck -1.0 -1.0 -1.0 -1.0 -1.0 -1.0 -1.0 2.079 1.99 5.473 1718.564 1.401 866.976 0.6298718734298074 1.0
20.0 2.0 Car -1.0 -1.0 -1.0 -1.0 -1.0 -1.0 -1.0 1.96 1.549 5.24 1706.977 1.282 861.218 0.10469229776437584 0.0
20.0 0.0 Car -1.0 -1.0 -1.0 -1.0 -1.0 -1.0 -1.0 2.071 2.032 5.002 1786.416 1.058 870.038 -3.0966155193908587 1.0
21.0 1.0 Car -1.0 -1.0 -1.0 -1.0 -1.0 -1.0 -1.0 1.972 1.603 4.575 1802.255 0.954 871.031 3.140336016537291 0.0
21.0 3.0 Truck -1.0 -1.0 -1.0 -1.0 -1.0 -1.0 -1.0 2.079 1.99 5.473 1720.59 1.351 869.12 0.752044921069409 1.0
21.0 2.0 Car -1.0 -1.0 -1.0 -1.0 -1.0 -1.0 -1.0 1.96 1.549 5.24 1711.165 1.17 861.618 0.1163143489076961 0.0
21.0 0.0 Car -1.0 -1.0 -1.0 -1.0 -1.0 -1.0 -1.0 2.071 2.032 5.002 1783.332 1.096 869.928 -3.0966155193908587 1.0
22.0 1.0 Car -1.0 -1.0 -1.0 -1.0 -1.0 -1.0 -1.0 1.972 1.603 4.575 1800.871 0.952 871.114 3.140336016537291 0.0
22.0 3.0 Truck -1.0 -1.0 -1.0 -1.0 -1.0 -1.0 -1.0 2.079 1.99 5.473 1722.496 1.251 871.306 0.8567646761890674 1.0
22.0 2.0 Car -1.0 -1.0 -1.0 -1.0 -1.0 -1.0 -1.0 1.96 1.549 5.24 1715.359 1.057 862.019 0.12795008674453182 0.0
22.0 0.0 Car -1.0 -1.0 -1.0 -1.0 -1.0 -1.0 -1.0 2.071 2.032 5.002 1780.134 1.083 869.851 -3.0966155193908587 1.0
23.0 1.0 Car -1.0 -1.0 -1.0 -1.0 -1.0 -1.0 -1.0 1.972 1.603 4.575 1799.488 0.95 871.198 3.140336016537291 0.0
23.0 3.0 Truck -1.0 -1.0 -1.0 -1.0 -1.0 -1.0 -1.0 2.079 1.99 5.473 1724.091 1.201 873.579 0.92657784626884 1.0
23.0 2.0 Car -1.0 -1.0 -1.0 -1.0 -1.0 -1.0 -1.0 1.96 1.549 5.24 1719.546 0.97 862.462 0.1454033792644751 0.0
23.0 0.0 Car -1.0 -1.0 -1.0 -1.0 -1.0 -1.0 -1.0 2.071 2.032 5.002 1776.794 1.071 869.777 -3.0966155193908587 1.0
24.0 1.0 Car -1.0 -1.0 -1.0 -1.0 -1.0 -1.0 -1.0 1.972 1.603 4.575 1798.104 0.948 871.203 3.140336016537291 0.0
24.0 3.0 Truck -1.0 -1.0 -1.0 -1.0 -1.0 -1.0 -1.0 2.079 1.99 5.473 1725.433 1.101 875.763 0.9614844313087261 1.0
24.0 2.0 Car -1.0 -1.0 -1.0 -1.0 -1.0 -1.0 -1.0 1.96 1.549 5.24 1724.457 0.92 862.945 0.1454033792644751 0.0
24.0 0.0 Car -1.0 -1.0 -1.0 -1.0 -1.0 -1.0 -1.0 2.071 2.032 5.002 1773.451 1.108 869.773 -3.0791622268709156 1.0
25.0 1.0 Car -1.0 -1.0 -1.0 -1.0 -1.0 -1.0 -1.0 1.972 1.603 4.575 1797.402 1.021 871.384 3.140336016537291 0.0
25.0 3.0 Truck -1.0 -1.0 -1.0 -1.0 -1.0 -1.0 -1.0 2.079 1.99 5.473 1726.82 1.101 877.894 1.0312976013884985 1.0
25.0 2.0 Car -1.0 -1.0 -1.0 -1.0 -1.0 -1.0 -1.0 1.96 1.549 5.24 1729.929 0.87 863.625 0.18030996430436172 0.0
25.0 0.0 Car -1.0 -1.0 -1.0 -1.0 -1.0 -1.0 -1.0 2.071 2.032 5.002 1770.144 1.106 869.732 -3.0791622268709156 1.0
26.0 1.0 Car -1.0 -1.0 -1.0 -1.0 -1.0 -1.0 -1.0 1.972 1.603 4.575 1797.078 0.894 871.565 3.140336016537291 0.0
26.0 3.0 Truck -1.0 -1.0 -1.0 -1.0 -1.0 -1.0 -1.0 2.079 1.99 5.473 1728.123 1.101 879.977 1.0312976013884985 1.0
26.0 2.0 Car -1.0 -1.0 -1.0 -1.0 -1.0 -1.0 -1.0 1.96 1.549 5.24 1735.423 0.77 864.38 0.12795008674453182 0.0
26.0 0.0 Car -1.0 -1.0 -1.0 -1.0 -1.0 -1.0 -1.0 2.071 2.032 5.002 1766.834 1.053 869.69 -3.0791622268709156 1.0
27.0 1.0 Car -1.0 -1.0 -1.0 -1.0 -1.0 -1.0 -1.0 1.972 1.603 4.575 1796.754 0.942 871.509 3.140336016537291 0.0
27.0 3.0 Truck -1.0 -1.0 -1.0 -1.0 -1.0 -1.0 -1.0 2.079 1.99 5.473 1729.1 1.051 881.821 1.0487508939084424 1.0
27.0 2.0 Car -1.0 -1.0 -1.0 -1.0 -1.0 -1.0 -1.0 1.96 1.549 5.24 1741.857 0.82 864.788 0.09304350170464515 0.0
27.0 0.0 Car -1.0 -1.0 -1.0 -1.0 -1.0 -1.0 -1.0 2.071 2.032 5.002 1763.528 1.051 869.648 -3.0791622268709156 1.0
28.0 1.0 Car -1.0 -1.0 -1.0 -1.0 -1.0 -1.0 -1.0 1.972 1.603 4.575 1796.682 0.94 871.443 3.140336016537291 0.0
28.0 3.0 Truck -1.0 -1.0 -1.0 -1.0 -1.0 -1.0 -1.0 2.079 1.99 5.473 1730.261 1.0 883.903 1.0487508939084424 1.0
28.0 2.0 Car -1.0 -1.0 -1.0 -1.0 -1.0 -1.0 -1.0 1.96 1.549 5.24 1747.653 0.77 865.038 0.058136916664758516 0.0
28.0 0.0 Car -1.0 -1.0 -1.0 -1.0 -1.0 -1.0 -1.0 2.071 2.032 5.002 1760.314 1.048 869.531 -3.0966155193908587 1.0
29.0 3.0 Truck -1.0 -1.0 -1.0 -1.0 -1.0 -1.0 -1.0 2.079 1.99 5.473 1731.53 0.99 886.246 1.0312976013884985 0.0
29.0 2.0 Car -1.0 -1.0 -1.0 -1.0 -1.0 -1.0 -1.0 1.96 1.549 5.24 1753.495 0.87 865.321 0.07559020918470184 0.0
29.0 0.0 Car -1.0 -1.0 -1.0 -1.0 -1.0 -1.0 -1.0 2.071 2.032 5.002 1757.116 1.046 869.508 -3.0966155193908587 0.0
30.0 3.0 Truck -1.0 -1.0 -1.0 -1.0 -1.0 -1.0 -1.0 2.079 1.99 5.473 1732.946 0.995 888.392 1.0051186304194846 0.0
30.0 2.0 Car -1.0 -1.0 -1.0 -1.0 -1.0 -1.0 -1.0 1.96 1.549 5.24 1760.35 0.77 865.541 0.07559020918470184 0.0
30.0 0.0 Car -1.0 -1.0 -1.0 -1.0 -1.0 -1.0 -1.0 2.071 2.032 5.002 1754.062 1.093 869.411 -3.0966155193908587 0.0
31.0 3.0 Truck -1.0 -1.0 -1.0 -1.0 -1.0 -1.0 -1.0 2.079 1.99 5.473 1734.289 1.2 890.854 0.9789377238286701 0.0
31.0 2.0 Car -1.0 -1.0 -1.0 -1.0 -1.0 -1.0 -1.0 1.96 1.549 5.24 1766.618 0.82 865.898 0.07559020918470184 0.0
31.0 0.0 Car -1.0 -1.0 -1.0 -1.0 -1.0 -1.0 -1.0 2.071 2.032 5.002 1751.228 1.091 869.326 -3.0966155193908587 0.0
32.0 3.0 Truck -1.0 -1.0 -1.0 -1.0 -1.0 -1.0 -1.0 2.079 1.99 5.473 1735.905 1.25 893.22 0.9789377238286701 0.0
32.0 0.0 Car -1.0 -1.0 -1.0 -1.0 -1.0 -1.0 -1.0 2.071 2.032 5.002 1748.578 1.138 869.213 -3.0966155193908587 0.0
33.0 3.0 Truck -1.0 -1.0 -1.0 -1.0 -1.0 -1.0 -1.0 2.079 1.99 5.473 1737.484 1.25 895.612 0.9789377238286701 0.0
33.0 0.0 Car -1.0 -1.0 -1.0 -1.0 -1.0 -1.0 -1.0 2.071 2.032 5.002 1746.216 1.135 869.112 -3.0966155193908587 0.0
34.0 3.0 Truck -1.0 -1.0 -1.0 -1.0 -1.0 -1.0 -1.0 2.079 1.99 5.473 1739.116 1.25 898.006 0.9614844313087272 0.0
34.0 0.0 Car -1.0 -1.0 -1.0 -1.0 -1.0 -1.0 -1.0 2.071 2.032 5.002 1743.998 1.133 869.052 -3.0966155193908587 0.0
35.0 3.0 Truck -1.0 -1.0 -1.0 -1.0 -1.0 -1.0 -1.0 2.079 1.99 5.473 1740.892 1.3 900.511 0.9614844313087272 0.0
35.0 0.0 Car -1.0 -1.0 -1.0 -1.0 -1.0 -1.0 -1.0 2.071 2.032 5.002 1742.028 1.13 869.003 -3.0791622268709156 0.0
36.0 3.0 Truck -1.0 -1.0 -1.0 -1.0 -1.0 -1.0 -1.0 2.079 1.99 5.473 1742.681 1.3 903.118 0.9789377238286705 0.0
36.0 0.0 Car -1.0 -1.0 -1.0 -1.0 -1.0 -1.0 -1.0 2.071 2.032 5.002 1740.307 1.128 868.93 -3.0791622268709156 0.0
37.0 3.0 Truck -1.0 -1.0 -1.0 -1.0 -1.0 -1.0 -1.0 2.079 1.99 5.473 1744.595 1.4 905.826 0.9614844313087272 0.0
37.0 0.0 Car -1.0 -1.0 -1.0 -1.0 -1.0 -1.0 -1.0 2.071 2.032 5.002 1738.773 1.125 868.831 -3.0791622268709156 0.0
38.0 3.0 Truck -1.0 -1.0 -1.0 -1.0 -1.0 -1.0 -1.0 2.079 1.99 5.473 1746.598 1.4 908.58 0.944031138788784 0.0
38.0 0.0 Car -1.0 -1.0 -1.0 -1.0 -1.0 -1.0 -1.0 2.071 2.032 5.002 1737.161 1.072 868.762 -3.0791622268709156 0.0
39.0 3.0 Truck -1.0 -1.0 -1.0 -1.0 -1.0 -1.0 -1.0 2.079 1.99 5.473 1748.836 1.4 911.722 0.944031138788784 0.0
39.0 0.0 Car -1.0 -1.0 -1.0 -1.0 -1.0 -1.0 -1.0 2.071 2.032 5.002 1735.552 1.12 868.696 -3.0791622268709156 0.0
40.0 3.0 Truck -1.0 -1.0 -1.0 -1.0 -1.0 -1.0 -1.0 2.079 1.99 5.473 1751.037 1.5 914.742 0.944031138788784 0.0
40.0 0.0 Car -1.0 -1.0 -1.0 -1.0 -1.0 -1.0 -1.0 2.071 2.032 5.002 1733.978 1.117 868.594 -3.0791622268709156 0.0
