0.0 1.0 Car -1.0 -1.0 -1.0 -1.0 -1.0 -1.0 -1.0 1.903 1.504 4.427 457.925 0.502 607.468 -2.435676784354098 0.0
0.0 0.0 Car -1.0 -1.0 -1.0 -1.0 -1.0 -1.0 -1.0 2.043 1.792 4.478 485.285 -0.373 636.992 -2.28501996363239 0.0
1.0 1.0 Car -1.0 -1.0 -1.0 -1.0 -1.0 -1.0 -1.0 1.903 1.504 4.427 457.064 0.429 606.855 -2.461064639565296 1.0
1.0 0.0 Car -1.0 -1.0 -1.0 -1.0 -1.0 -1.0 -1.0 2.043 1.792 4.478 481.826 -0.338 632.864 -2.28501996363239 1.0
2.0 1.0 Car -1.0 -1.0 -1.0 -1.0 -1.0 -1.0 -1.0 1.903 1.504 4.427 456.188 0.357 606.263 -2.486451072752289 1.0
2.0 0.0 Car -1.0 -1.0 -1.0 -1.0 -1.0 -1.0 -1.0 2.043 1.792 4.478 478.366 -0.302 628.736 -2.28501996363239 1.0
3.0 1.0 Car -1.0 -1.0 -1.0 -1.0 -1.0 -1.0 -1.0 1.903 1.504 4.427 454.885 0.324 605.462 -2.5563435683621907 1.0
3.0 0.0 Car -1.0 -1.0 -1.0 -1.0 -1.0 -1.0 -1.0 2.043 1.792 4.478 474.903 -0.267 624.604 -2.28501996363239 1.0
4.0 1.0 Car -1.0 -1.0 -1.0 -1.0 -1.0 -1.0 -1.0 1.903 1.504 4.427 453.532 0.29 604.756 -2.626077412911833 0.0
4.0 0.0 Car -1.0 -1.0 -1.0 -1.0 -1.0 -1.0 -1.0 2.043 1.792 4.478 471.853 -0.25 621.859 -2.292492882098808 0.0
5.0 1.0 Car -1.0 -1.0 -1.0 -1.0 -1.0 -1.0 -1.0 1.903 1.504 4.427 451.894 0.215 604.2 -2.704570668596518 0.0
5.0 0.0 Car -1.0 -1.0 -1.0 -1.0 -1.0 -1.0 -1.0 2.043 1.792 4.478 468.729 -0.233 619.192 -2.299973702714048 0.0
6.0 1.0 Car -1.0 -1.0 -1.0 -1.0 -1.0 -1.0 -1.0 1.903 1.504 4.427 450.215 0.14 603.773 -2.7831570455913224 0.0
6.0 0.0 Car -1.0 -1.0 -1.0 -1.0 -1.0 -1.0 -1.0 2.043 1.792 4.478 465.602 -0.217 616.522 -2.3074633982805235 0.0
7.0 1.0 Car -1.0 -1.0 -1.0 -1.0 -1.0 -1.0 -1.0 1.903 1.504 4.427 448.254 0.065 603.51 -2.94896050515021 0.0
7.0 0.0 Car -1.0 -1.0 -1.0 -1.0 -1.0 -1.0 -1.0 2.043 1.792 4.478 462.478 -0.2 613.855 -2.3149445780843467 0.0
8.0 1.0 Car -1.0 -1.0 -1.0 -1.0 -1.0 -1.0 -1.0 1.903 1.504 4.427 446.277 -0.01 603.575 -3.1147696034702457 0.0
8.0 0.0 Car -1.0 -1.0 -1.0 -1.0 -1.0 -1.0 -1.0 2.043 1.792 4.478 459.354 -0.183 611.188 -2.322426012313416 0.0
9.0 1.0 Car -1.0 -1.0 -1.0 -1.0 -1.0 -1.0 -1.0 1.903 1.504 4.427 444.023 -0.026 603.891 3.0112439462700493 0.0
9.0 0.0 Car -1.0 -1.0 -1.0 -1.0 -1.0 -1.0 -1.0 2.043 1.792 4.478 456.231 -0.167 608.521 -2.3299073118467666 0.0
10.0 1.0 Car -1.0 -1.0 -1.0 -1.0 -1.0 -1.0 -1.0 1.903 1.504 4.427 441.848 -0.043 604.555 2.8542564383503612 1.0
10.0 0.0 Car -1.0 -1.0 -1.0 -1.0 -1.0 -1.0 -1.0 2.043 1.792 4.478 453.11 -0.15 605.857 -2.3373798411922198 1.0
11.0 1.0 Car -1.0 -1.0 -1.0 -1.0 -1.0 -1.0 -1.0 1.903 1.504 4.427 438.685 0.025 606.002 2.7018706949870257 1.0
11.0 0.0 Car -1.0 -1.0 -1.0 -1.0 -1.0 -1.0 -1.0 2.043 1.792 4.478 450.067 -0.13 604.648 -2.6689923990711386 1.0
12.0 1.0 Car -1.0 -1.0 -1.0 -1.0 -1.0 -1.0 -1.0 1.903 1.504 4.427 436.245 0.08 607.561 2.575003758031268 1.0
12.0 0.0 Car -1.0 -1.0 -1.0 -1.0 -1.0 -1.0 -1.0 2.043 1.792 4.478 447.803 -0.221 604.255 -2.9935363734648592 1.0
13.0 1.0 Car -1.0 -1.0 -1.0 -1.0 -1.0 -1.0 -1.0 1.903 1.504 4.427 433.366 0.078 609.584 2.513951371439525 0.0
13.0 0.0 Car -1.0 -1.0 -1.0 -1.0 -1.0 -1.0 -1.0 2.043 1.792 4.478 445.131 -0.258 604.044 -3.096208844734536 0.0
14.0 1.0 Car -1.0 -1.0 -1.0 -1.0 -1.0 -1.0 -1.0 1.903 1.504 4.427 430.614 0.076 611.781 2.452830710391665 1.0
14.0 0.0 Car -1.0 -1.0 -1.0 -1.0 -1.0 -1.0 -1.0 2.043 1.792 4.478 442.385 -0.334 604.903 2.9700903823431912 1.0
15.0 1.0 Car -1.0 -1.0 -1.0 -1.0 -1.0 -1.0 -1.0 1.903 1.504 4.427 427.358 0.208 614.413 2.452830710391665 1.0
15.0 0.0 Car -1.0 -1.0 -1.0 -1.0 -1.0 -1.0 -1.0 2.043 1.792 4.478 438.632 -0.246 606.247 2.7114092226419575 1.0
16.0 1.0 Car -1.0 -1.0 -1.0 -1.0 -1.0 -1.0 -1.0 1.903 1.504 4.427 424.394 0.329 616.809 2.452830710391665 1.0
16.0 0.0 Car -1.0 -1.0 -1.0 -1.0 -1.0 -1.0 -1.0 2.043 1.792 4.478 435.617 -0.167 608.269 2.4759350303984053 1.0
17.0 1.0 Car -1.0 -1.0 -1.0 -1.0 -1.0 -1.0 -1.0 1.903 1.504 4.427 421.55 0.496 619.127 2.452830710391665 1.0
17.0 0.0 Car -1.0 -1.0 -1.0 -1.0 -1.0 -1.0 -1.0 2.043 1.792 4.478 432.841 0.063 610.537 2.4702793610818476 1.0
18.0 1.0 Car -1.0 -1.0 -1.0 -1.0 -1.0 -1.0 -1.0 1.903 1.504 4.427 418.704 0.664 621.447 2.452830710391665 1.0
18.0 0.0 Car -1.0 -1.0 -1.0 -1.0 -1.0 -1.0 -1.0 2.043 1.792 4.478 430.061 0.293 612.807 2.464617219971038 1.0
19.0 1.0 Car -1.0 -1.0 -1.0 -1.0 -1.0 -1.0 -1.0 1.903 1.504 4.427 416.033 0.882 623.639 2.452830710391665 1.0
19.0 0.0 Car -1.0 -1.0 -1.0 -1.0 -1.0 -1.0 -1.0 2.043 1.792 4.478 427.285 0.523 615.074 2.458961380939596 1.0
20.0 1.0 Car -1.0 -1.0 -1.0 -1.0 -1.0 -1.0 -1.0 1.903 1.504 4.427 413.358 1.1 625.834 2.452830710391665 1.0
20.0 0.0 Car -1.0 -1.0 -1.0 -1.0 -1.0 -1.0 -1.0 2.043 1.792 4.478 424.506 0.754 617.344 2.461449503810149 1.0
21.0 1.0 Car -1.0 -1.0 -1.0 -1.0 -1.0 -1.0 -1.0 1.903 1.504 4.427 410.662 1.216 627.977 2.452830710391665 1.0
21.0 0.0 Car -1.0 -1.0 -1.0 -1.0 -1.0 -1.0 -1.0 2.043 1.792 4.478 421.726 0.984 619.614 2.463937845457868 1.0
22.0 1.0 Car -1.0 -1.0 -1.0 -1.0 -1.0 -1.0 -1.0 1.903 1.504 4.427 408.238 1.321 629.904 2.452830710391665 1.0
22.0 0.0 Car -1.0 -1.0 -1.0 -1.0 -1.0 -1.0 -1.0 2.043 1.792 4.478 419.226 1.191 621.655 2.46617578172299 1.0
23.0 1.0 Car -1.0 -1.0 -1.0 -1.0 -1.0 -1.0 -1.0 1.903 1.504 4.427 405.133 1.299 632.218 2.4802407694636996 1.0
23.0 0.0 Car -1.0 -1.0 -1.0 -1.0 -1.0 -1.0 -1.0 2.043 1.792 4.478 416.176 1.443 624.146 2.4689061605267235 1.0
24.0 1.0 Car -1.0 -1.0 -1.0 -1.0 -1.0 -1.0 -1.0 1.903 1.504 4.427 402.253 1.279 634.25 2.505190587951495 1.0
24.0 0.0 Car -1.0 -1.0 -1.0 -1.0 -1.0 -1.0 -1.0 2.043 1.792 4.478 413.4 1.673 626.413 2.471391469127375 1.0
25.0 1.0 Car -1.0 -1.0 -1.0 -1.0 -1.0 -1.0 -1.0 1.903 1.504 4.427 398.503 1.223 636.704 2.5889670058735916 1.0
25.0 0.0 Car -1.0 -1.0 -1.0 -1.0 -1.0 -1.0 -1.0 2.043 1.792 4.478 410.563 1.902 628.575 2.471391469127375 1.0
26.0 1.0 Car -1.0 -1.0 -1.0 -1.0 -1.0 -1.0 -1.0 1.903 1.504 4.427 395.892 1.185 638.164 2.644897609076987 1.0
26.0 0.0 Car -1.0 -1.0 -1.0 -1.0 -1.0 -1.0 -1.0 2.043 1.792 4.478 408.453 1.92 630.004 2.502464178242681 1.0
27.0 1.0 Car -1.0 -1.0 -1.0 -1.0 -1.0 -1.0 -1.0 1.903 1.504 4.427 392.527 1.139 639.776 2.7146300981908147 0.0
27.0 0.0 Car -1.0 -1.0 -1.0 -1.0 -1.0 -1.0 -1.0 2.043 1.792 4.478 405.761 1.944 631.691 2.541204639207148 0.0
28.0 1.0 Car -1.0 -1.0 -1.0 -1.0 -1.0 -1.0 -1.0 1.903 1.504 4.427 389.179 1.076 641.305 2.766993585495864 0.0
28.0 0.0 Car -1.0 -1.0 -1.0 -1.0 -1.0 -1.0 -1.0 2.043 1.792 4.478 402.652 1.842 633.637 2.5935681265121975 0.0
29.0 1.0 Car -1.0 -1.0 -1.0 -1.0 -1.0 -1.0 -1.0 1.903 1.504 4.427 385.756 1.013 642.656 2.8193498533104746 0.0
29.0 0.0 Car -1.0 -1.0 -1.0 -1.0 -1.0 -1.0 -1.0 2.043 1.792 4.478 399.445 1.741 635.417 2.6459243943268076 0.0
30.0 1.0 Car -1.0 -1.0 -1.0 -1.0 -1.0 -1.0 -1.0 1.903 1.504 4.427 382.384 0.98 643.795 2.8253760857744066 0.0
30.0 0.0 Car -1.0 -1.0 -1.0 -1.0 -1.0 -1.0 -1.0 2.043 1.792 4.478 396.193 1.715 637.123 2.6808681281459084 0.0
31.0 1.0 Car -1.0 -1.0 -1.0 -1.0 -1.0 -1.0 -1.0 1.903 1.504 4.427 379.02 0.947 644.931 2.8313895052298337 0.0
31.0 0.0 Car -1.0 -1.0 -1.0 -1.0 -1.0 -1.0 -1.0 2.043 1.792 4.478 392.89 1.688 638.711 2.715737564406581 0.0
32.0 1.0 Car -1.0 -1.0 -1.0 -1.0 -1.0 -1.0 -1.0 1.903 1.504 4.427 376.227 0.93 645.806 2.8368031458304177 0.0
32.0 0.0 Car -1.0 -1.0 -1.0 -1.0 -1.0 -1.0 -1.0 2.043 1.792 4.478 390.033 1.635 639.9 2.731439876194729 0.0
33.0 1.0 Car -1.0 -1.0 -1.0 -1.0 -1.0 -1.0 -1.0 1.903 1.504 4.427 373.264 0.905 646.687 2.8368031458304177 0.0
33.0 0.0 Car -1.0 -1.0 -1.0 -1.0 -1.0 -1.0 -1.0 2.043 1.792 4.478 386.504 1.569 641.262 2.7506382814081087 0.0
34.0 1.0 Car -1.0 -1.0 -1.0 -1.0 -1.0 -1.0 -1.0 1.903 1.504 4.427 370.569 0.883 647.488 2.8368031458304177 0.0
34.0 0.0 Car -1.0 -1.0 -1.0 -1.0 -1.0 -1.0 -1.0 2.043 1.792 4.478 383.295 1.509 642.5 2.768097441966411 0.0
35.0 1.0 Car -1.0 -1.0 -1.0 -1.0 -1.0 -1.0 -1.0 1.903 1.504 4.427 368.095 0.906 648.237 2.8402938504224915 0.0
35.0 0.0 Car -1.0 -1.0 -1.0 -1.0 -1.0 -1.0 -1.0 2.043 1.792 4.478 380.054 1.433 643.674 2.785560551050736 0.0
36.0 1.0 Car -1.0 -1.0 -1.0 -1.0 -1.0 -1.0 -1.0 1.903 1.504 4.427 365.623 0.929 648.984 2.843780630544278 0.0
36.0 0.0 Car -1.0 -1.0 -1.0 -1.0 -1.0 -1.0 -1.0 2.043 1.792 4.478 376.817 1.357 644.848 2.8030040270062977 0.0
37.0 1.0 Car -1.0 -1.0 -1.0 -1.0 -1.0 -1.0 -1.0 1.903 1.504 4.427 363.35 0.914 649.639 2.847275231674467 0.0
37.0 0.0 Car -1.0 -1.0 -1.0 -1.0 -1.0 -1.0 -1.0 2.043 1.792 4.478 373.758 1.33 645.79 2.7942723295486545 0.0
38.0 1.0 Car -1.0 -1.0 -1.0 -1.0 -1.0 -1.0 -1.0 1.903 1.504 4.427 361.079 0.898 650.293 2.850765789622633 0.0
38.0 0.0 Car -1.0 -1.0 -1.0 -1.0 -1.0 -1.0 -1.0 2.043 1.792 4.478 370.702 1.304 646.732 2.785550734486354 0.0
