0.0 0.0 Car -1.0 -1.0 -1.0 -1.0 -1.0 -1.0 -1.0 2.088 2.078 4.511 1457.572 0.479 1281.77 -2.051983601013814 0.0
0.0 5.0 Car -1.0 -1.0 -1.0 -1.0 -1.0 -1.0 -1.0 1.961 1.575 4.52 1486.19 1.233 1223.386 2.541548456859474 0.0
1.0 8.0 Truck -1.0 -1.0 -1.0 -1.0 -1.0 -1.0 -1.0 2.077 1.762 5.623 1415.762 -0.041 1248.449 -0.6034816960764662 0.0
1.0 0.0 Car -1.0 -1.0 -1.0 -1.0 -1.0 -1.0 -1.0 2.088 2.078 4.511 1457.113 0.491 1280.947 -2.055407740065734 1.0
1.0 5.0 Car -1.0 -1.0 -1.0 -1.0 -1.0 -1.0 -1.0 1.961 1.575 4.52 1485.12 1.258 1224.08 2.541548456859474 1.0
2.0 8.0 Truck -1.0 -1.0 -1.0 -1.0 -1.0 -1.0 -1.0 2.077 1.762 5.623 1416.666 0.071 1247.694 -0.7697185123434518 1.0
2.0 0.0 Car -1.0 -1.0 -1.0 -1.0 -1.0 -1.0 -1.0 2.088 2.078 4.511 1456.654 0.504 1280.124 -2.0588279174271484 1.0
2.0 5.0 Car -1.0 -1.0 -1.0 -1.0 -1.0 -1.0 -1.0 1.961 1.575 4.52 1484.052 1.283 1224.773 2.541548456859474 0.0
3.0 8.0 Truck -1.0 -1.0 -1.0 -1.0 -1.0 -1.0 -1.0 2.077 1.762 5.623 1417.663 0.184 1246.811 -0.8258392950446282 1.0
3.0 0.0 Car -1.0 -1.0 -1.0 -1.0 -1.0 -1.0 -1.0 2.088 2.078 4.511 1456.195 0.516 1279.302 -2.062248197423033 1.0
3.0 5.0 Car -1.0 -1.0 -1.0 -1.0 -1.0 -1.0 -1.0 1.961 1.575 4.52 1483.397 1.259 1225.164 2.54725457940713 0.0
4.0 8.0 Truck -1.0 -1.0 -1.0 -1.0 -1.0 -1.0 -1.0 2.077 1.762 5.623 1418.873 0.308 1245.282 -0.8786166892575906 0.0
4.0 0.0 Car -1.0 -1.0 -1.0 -1.0 -1.0 -1.0 -1.0 2.088 2.078 4.511 1455.69 0.53 1278.396 -2.0660128023779234 1.0
4.0 5.0 Car -1.0 -1.0 -1.0 -1.0 -1.0 -1.0 -1.0 1.961 1.575 4.52 1482.677 1.233 1225.595 2.553535146273574 0.0
5.0 8.0 Truck -1.0 -1.0 -1.0 -1.0 -1.0 -1.0 -1.0 2.077 1.762 5.623 1419.902 0.42 1243.838 -0.9266202941292958 0.0
5.0 0.0 Car -1.0 -1.0 -1.0 -1.0 -1.0 -1.0 -1.0 2.088 2.078 4.511 1455.231 0.542 1277.573 -2.069436893533757 1.0
5.0 5.0 Car -1.0 -1.0 -1.0 -1.0 -1.0 -1.0 -1.0 1.961 1.575 4.52 1482.263 1.233 1225.942 2.5475351953019407 0.0
5.0 7.0 Truck -1.0 -1.0 -1.0 -1.0 -1.0 -1.0 -1.0 3.096 3.643 9.875 1388.723 0.58 1267.525 -0.5251534600954137 0.0
6.0 8.0 Truck -1.0 -1.0 -1.0 -1.0 -1.0 -1.0 -1.0 2.077 1.762 5.623 1420.922 0.543 1242.074 -1.0064892015786904 0.0
6.0 0.0 Car -1.0 -1.0 -1.0 -1.0 -1.0 -1.0 -1.0 2.088 2.078 4.511 1454.896 0.555 1276.961 -2.069436893533757 1.0
6.0 5.0 Car -1.0 -1.0 -1.0 -1.0 -1.0 -1.0 -1.0 1.961 1.575 4.52 1481.851 1.233 1226.288 2.541548456859474 0.0
6.0 7.0 Truck -1.0 -1.0 -1.0 -1.0 -1.0 -1.0 -1.0 3.096 3.643 9.875 1392.585 0.644 1265.189 -0.4900287884631327 1.0
7.0 8.0 Truck -1.0 -1.0 -1.0 -1.0 -1.0 -1.0 -1.0 2.077 1.762 5.623 1421.799 0.666 1240.23 -1.086533417287515 0.0
7.0 0.0 Car -1.0 -1.0 -1.0 -1.0 -1.0 -1.0 -1.0 2.088 2.078 4.511 1454.561 0.567 1276.347 -2.069436893533757 1.0
7.0 5.0 Car -1.0 -1.0 -1.0 -1.0 -1.0 -1.0 -1.0 1.961 1.575 4.52 1481.623 1.216 1226.42 2.541548456859474 0.0
7.0 7.0 Truck -1.0 -1.0 -1.0 -1.0 -1.0 -1.0 -1.0 3.096 3.643 9.875 1396.534 0.708 1262.986 -0.45482701993240177 1.0
8.0 8.0 Truck -1.0 -1.0 -1.0 -1.0 -1.0 -1.0 -1.0 2.077 1.762 5.623 1422.576 0.768 1237.659 -1.235825715336035 0.0
8.0 0.0 Car -1.0 -1.0 -1.0 -1.0 -1.0 -1.0 -1.0 2.088 2.078 4.511 1454.225 0.58 1275.734 -2.069436893533757 1.0
8.0 5.0 Car -1.0 -1.0 -1.0 -1.0 -1.0 -1.0 -1.0 1.961 1.575 4.52 1481.396 1.199 1226.552 2.541548456859474 0.0
8.0 7.0 Truck -1.0 -1.0 -1.0 -1.0 -1.0 -1.0 -1.0 3.096 3.643 9.875 1400.555 0.773 1260.925 -0.41966415157032316 1.0
9.0 8.0 Truck -1.0 -1.0 -1.0 -1.0 -1.0 -1.0 -1.0 2.077 1.762 5.623 1422.897 0.87 1235.244 -1.3852852639090043 0.0
9.0 0.0 Car -1.0 -1.0 -1.0 -1.0 -1.0 -1.0 -1.0 2.088 2.078 4.511 1453.89 0.592 1275.12 -2.069436893533757 1.0
9.0 5.0 Car -1.0 -1.0 -1.0 -1.0 -1.0 -1.0 -1.0 1.961 1.575 4.52 1481.169 1.183 1226.684 2.541548456859474 0.0
9.0 7.0 Truck -1.0 -1.0 -1.0 -1.0 -1.0 -1.0 -1.0 3.096 3.643 9.875 1404.474 0.888 1258.961 -0.41966415157032316 1.0
10.0 8.0 Truck -1.0 -1.0 -1.0 -1.0 -1.0 -1.0 -1.0 2.077 1.762 5.623 1422.877 0.983 1233.813 -1.503065961388348 0.0
10.0 0.0 Car -1.0 -1.0 -1.0 -1.0 -1.0 -1.0 -1.0 2.088 2.078 4.511 1453.651 0.588 1274.681 -2.070000785799086 1.0
10.0 5.0 Car -1.0 -1.0 -1.0 -1.0 -1.0 -1.0 -1.0 1.961 1.575 4.52 1481.199 1.183 1226.661 2.541548456859474 0.0
10.0 7.0 Truck -1.0 -1.0 -1.0 -1.0 -1.0 -1.0 -1.0 3.096 3.643 9.875 1407.531 1.004 1257.382 -0.49728566030771676 1.0
11.0 8.0 Truck -1.0 -1.0 -1.0 -1.0 -1.0 -1.0 -1.0 2.077 1.762 5.623 1422.926 1.096 1232.407 -1.5993585041260803 0.0
11.0 0.0 Car -1.0 -1.0 -1.0 -1.0 -1.0 -1.0 -1.0 2.088 2.078 4.511 1453.411 0.584 1274.241 -2.07056470060077 1.0
11.0 5.0 Car -1.0 -1.0 -1.0 -1.0 -1.0 -1.0 -1.0 1.961 1.575 4.52 1481.23 1.183 1226.639 2.541548456859474 0.0
11.0 7.0 Truck -1.0 -1.0 -1.0 -1.0 -1.0 -1.0 -1.0 3.096 3.643 9.875 1411.439 1.159 1255.29 -0.49986972867582263 1.0
12.0 8.0 Truck -1.0 -1.0 -1.0 -1.0 -1.0 -1.0 -1.0 2.077 1.762 5.623 1423.078 1.208 1227.985 -1.7541037651806983 0.0
12.0 0.0 Car -1.0 -1.0 -1.0 -1.0 -1.0 -1.0 -1.0 2.088 2.078 4.511 1453.172 0.58 1273.801 -2.071128583851556 1.0
12.0 5.0 Car -1.0 -1.0 -1.0 -1.0 -1.0 -1.0 -1.0 1.961 1.575 4.52 1481.261 1.183 1226.616 2.541548456859474 0.0
12.0 7.0 Truck -1.0 -1.0 -1.0 -1.0 -1.0 -1.0 -1.0 3.096 3.643 9.875 1414.613 1.255 1253.5 -0.5473886525512448 1.0
13.0 8.0 Truck -1.0 -1.0 -1.0 -1.0 -1.0 -1.0 -1.0 2.077 1.762 5.623 1422.548 1.321 1223.597 -1.9086845157953445 0.0
13.0 0.0 Car -1.0 -1.0 -1.0 -1.0 -1.0 -1.0 -1.0 2.088 2.078 4.511 1452.933 0.576 1273.362 -2.0716918676353155 1.0
13.0 5.0 Car -1.0 -1.0 -1.0 -1.0 -1.0 -1.0 -1.0 1.961 1.575 4.52 1481.292 1.183 1226.593 2.541548456859474 0.0
13.0 7.0 Truck -1.0 -1.0 -1.0 -1.0 -1.0 -1.0 -1.0 3.096 3.643 9.875 1417.329 1.301 1251.719 -0.5624158714775844 1.0
14.0 8.0 Truck -1.0 -1.0 -1.0 -1.0 -1.0 -1.0 -1.0 2.077 1.762 5.623 1421.981 1.433 1221.025 -1.9445297737638658 0.0
14.0 0.0 Car -1.0 -1.0 -1.0 -1.0 -1.0 -1.0 -1.0 2.088 2.078 4.511 1452.694 0.572 1272.923 -2.0722551164877254 0.0
14.0 7.0 Truck -1.0 -1.0 -1.0 -1.0 -1.0 -1.0 -1.0 3.096 3.643 9.875 1419.629 1.346 1249.977 -0.6682142679918209 1.0
15.0 8.0 Truck -1.0 -1.0 -1.0 -1.0 -1.0 -1.0 -1.0 2.077 1.762 5.623 1420.798 1.546 1217.776 -1.9755497236801836 0.0
15.0 0.0 Car -1.0 -1.0 -1.0 -1.0 -1.0 -1.0 -1.0 2.088 2.078 4.511 1452.455 0.567 1272.484 -2.072818379988766 0.0
15.0 7.0 Truck -1.0 -1.0 -1.0 -1.0 -1.0 -1.0 -1.0 3.096 3.643 9.875 1421.732 1.392 1248.002 -0.7740154160458039 1.0
16.0 0.0 Car -1.0 -1.0 -1.0 -1.0 -1.0 -1.0 -1.0 2.088 2.078 4.511 1452.216 0.563 1272.045 -2.073381039515508 0.0
16.0 7.0 Truck -1.0 -1.0 -1.0 -1.0 -1.0 -1.0 -1.0 3.096 3.643 9.875 1423.613 1.437 1245.817 -0.8797031159994634 1.0
17.0 0.0 Car -1.0 -1.0 -1.0 -1.0 -1.0 -1.0 -1.0 2.088 2.078 4.511 1452.113 0.559 1271.836 -2.077325019622514 0.0
17.0 7.0 Truck -1.0 -1.0 -1.0 -1.0 -1.0 -1.0 -1.0 3.096 3.643 9.875 1425.084 1.466 1243.242 -1.0288092777058897 1.0
18.0 0.0 Car -1.0 -1.0 -1.0 -1.0 -1.0 -1.0 -1.0 2.088 2.078 4.511 1452.009 0.555 1271.626 -2.081269165604264 0.0
18.0 7.0 Truck -1.0 -1.0 -1.0 -1.0 -1.0 -1.0 -1.0 3.096 3.643 9.875 1426.157 1.495 1240.477 -1.1779217104750055 1.0
19.0 0.0 Car -1.0 -1.0 -1.0 -1.0 -1.0 -1.0 -1.0 2.088 2.078 4.511 1451.905 0.551 1271.415 -2.085221818590776 0.0
19.0 7.0 Truck -1.0 -1.0 -1.0 -1.0 -1.0 -1.0 -1.0 3.096 3.643 9.875 1426.67 1.546 1237.541 -1.3398093822928656 1.0
20.0 0.0 Car -1.0 -1.0 -1.0 -1.0 -1.0 -1.0 -1.0 2.088 2.078 4.511 1451.802 0.547 1271.205 -2.089170253619495 0.0
20.0 7.0 Truck -1.0 -1.0 -1.0 -1.0 -1.0 -1.0 -1.0 3.096 3.643 9.875 1426.702 1.598 1234.564 -1.5015243004262602 1.0
20.0 1.0 Car -1.0 -1.0 -1.0 -1.0 -1.0 -1.0 -1.0 1.886 1.654 4.168 1446.692 0.82 1220.867 0.9157742584051227 0.0
21.0 4.0 Car -1.0 -1.0 -1.0 -1.0 -1.0 -1.0 -1.0 1.979 1.709 4.385 1441.68 0.935 1220.094 0.8436938302428505 0.0
21.0 6.0 Car -1.0 -1.0 -1.0 -1.0 -1.0 -1.0 -1.0 1.819 1.502 3.923 1409.646 0.086 1256.139 -0.41154863671324726 0.0
21.0 0.0 Car -1.0 -1.0 -1.0 -1.0 -1.0 -1.0 -1.0 2.088 2.078 4.511 1451.698 0.542 1270.995 -2.0931230329867643 0.0
21.0 7.0 Truck -1.0 -1.0 -1.0 -1.0 -1.0 -1.0 -1.0 3.096 3.643 9.875 1426.414 1.65 1232.103 -1.6408272233293142 1.0
21.0 1.0 Car -1.0 -1.0 -1.0 -1.0 -1.0 -1.0 -1.0 1.886 1.654 4.168 1446.699 0.82 1220.877 0.9157742584051227 0.0
22.0 4.0 Car -1.0 -1.0 -1.0 -1.0 -1.0 -1.0 -1.0 1.979 1.709 4.385 1441.685 0.935 1220.097 0.8436938302428505 0.0
22.0 6.0 Car -1.0 -1.0 -1.0 -1.0 -1.0 -1.0 -1.0 1.819 1.502 3.923 1411.22 0.121 1255.224 -0.41154863671324726 1.0
22.0 0.0 Car -1.0 -1.0 -1.0 -1.0 -1.0 -1.0 -1.0 2.088 2.078 4.511 1451.594 0.538 1270.785 -2.0970671236769336 0.0
22.0 7.0 Truck -1.0 -1.0 -1.0 -1.0 -1.0 -1.0 -1.0 3.096 3.643 9.875 1425.789 1.701 1229.712 -1.779823941912879 1.0
22.0 1.0 Car -1.0 -1.0 -1.0 -1.0 -1.0 -1.0 -1.0 1.886 1.654 4.168 1446.706 0.82 1220.886 0.9157742584051227 0.0
23.0 4.0 Car -1.0 -1.0 -1.0 -1.0 -1.0 -1.0 -1.0 1.979 1.709 4.385 1441.69 0.934 1220.1 0.8436938302428505 0.0
23.0 6.0 Car -1.0 -1.0 -1.0 -1.0 -1.0 -1.0 -1.0 1.819 1.502 3.923 1412.788 0.159 1254.391 -0.41154863671324726 0.0
23.0 0.0 Car -1.0 -1.0 -1.0 -1.0 -1.0 -1.0 -1.0 2.088 2.078 4.511 1451.49 0.534 1270.574 -2.0950250449479837 0.0
23.0 7.0 Truck -1.0 -1.0 -1.0 -1.0 -1.0 -1.0 -1.0 3.096 3.643 9.875 1425.14 1.822 1227.386 -1.8479737920030384 1.0
23.0 2.0 Car -1.0 -1.0 -1.0 -1.0 -1.0 -1.0 -1.0 1.816 1.52 4.43 1437.401 0.863 1215.278 0.763407014959834 0.0
23.0 1.0 Car -1.0 -1.0 -1.0 -1.0 -1.0 -1.0 -1.0 1.886 1.654 4.168 1446.713 0.82 1220.895 0.9157742584051227 1.0
24.0 3.0 Car -1.0 -1.0 -1.0 -1.0 -1.0 -1.0 -1.0 1.844 1.548 4.059 1404.531 0.002 1256.9 -0.6203252317438803 0.0
24.0 4.0 Car -1.0 -1.0 -1.0 -1.0 -1.0 -1.0 -1.0 1.979 1.709 4.385 1441.695 0.934 1220.103 0.8436938302428505 1.0
24.0 6.0 Car -1.0 -1.0 -1.0 -1.0 -1.0 -1.0 -1.0 1.819 1.502 3.923 1413.761 0.205 1253.87 -0.41154863671324726 0.0
24.0 0.0 Car -1.0 -1.0 -1.0 -1.0 -1.0 -1.0 -1.0 2.088 2.078 4.511 1451.387 0.53 1270.365 -2.09299453056021 0.0
24.0 7.0 Truck -1.0 -1.0 -1.0 -1.0 -1.0 -1.0 -1.0 3.096 3.643 9.875 1423.982 1.942 1224.523 -1.9325678296699496 1.0
24.0 2.0 Car -1.0 -1.0 -1.0 -1.0 -1.0 -1.0 -1.0 1.816 1.52 4.43 1437.401 0.863 1215.278 0.763407014959834 0.0
24.0 1.0 Car -1.0 -1.0 -1.0 -1.0 -1.0 -1.0 -1.0 1.886 1.654 4.168 1446.72 0.82 1220.904 0.9157742584051227 1.0
25.0 3.0 Car -1.0 -1.0 -1.0 -1.0 -1.0 -1.0 -1.0 1.844 1.548 4.059 1407.251 0.039 1255.029 -0.6284644459601121 1.0
25.0 4.0 Car -1.0 -1.0 -1.0 -1.0 -1.0 -1.0 -1.0 1.979 1.709 4.385 1441.7 0.933 1220.106 0.8436938302428505 1.0
25.0 6.0 Car -1.0 -1.0 -1.0 -1.0 -1.0 -1.0 -1.0 1.819 1.502 3.923 1414.737 0.252 1253.349 -0.41154863671324726 0.0
25.0 0.0 Car -1.0 -1.0 -1.0 -1.0 -1.0 -1.0 -1.0 2.088 2.078 4.511 1451.283 0.526 1270.155 -2.090960528966107 0.0
25.0 7.0 Truck -1.0 -1.0 -1.0 -1.0 -1.0 -1.0 -1.0 3.096 3.643 9.875 1422.875 2.063 1222.044 -1.9540819992389338 1.0
25.0 2.0 Car -1.0 -1.0 -1.0 -1.0 -1.0 -1.0 -1.0 1.816 1.52 4.43 1437.401 0.863 1215.278 0.763407014959834 0.0
25.0 1.0 Car -1.0 -1.0 -1.0 -1.0 -1.0 -1.0 -1.0 1.886 1.654 4.168 1446.727 0.82 1220.913 0.9157742584051227 1.0
26.0 3.0 Car -1.0 -1.0 -1.0 -1.0 -1.0 -1.0 -1.0 1.844 1.548 4.059 1409.974 0.076 1253.156 -0.6366128436527845 1.0
26.0 4.0 Car -1.0 -1.0 -1.0 -1.0 -1.0 -1.0 -1.0 1.979 1.709 4.385 1441.698 0.933 1220.101 0.8436938302428505 1.0
26.0 6.0 Car -1.0 -1.0 -1.0 -1.0 -1.0 -1.0 -1.0 1.819 1.502 3.923 1415.087 0.28 1253.154 -0.47266893094566337 0.0
26.0 7.0 Truck -1.0 -1.0 -1.0 -1.0 -1.0 -1.0 -1.0 3.096 3.643 9.875 1421.727 2.183 1219.581 -1.9756204432481932 1.0
26.0 2.0 Car -1.0 -1.0 -1.0 -1.0 -1.0 -1.0 -1.0 1.816 1.52 4.43 1437.401 0.863 1215.278 0.763407014959834 1.0
26.0 1.0 Car -1.0 -1.0 -1.0 -1.0 -1.0 -1.0 -1.0 1.886 1.654 4.168 1446.734 0.82 1220.922 0.9157742584051227 1.0
27.0 3.0 Car -1.0 -1.0 -1.0 -1.0 -1.0 -1.0 -1.0 1.844 1.548 4.059 1412.694 0.113 1251.285 -0.6447522369793726 0.0
27.0 4.0 Car -1.0 -1.0 -1.0 -1.0 -1.0 -1.0 -1.0 1.979 1.709 4.385 1441.696 0.933 1220.096 0.8436938302428505 0.0
27.0 6.0 Car -1.0 -1.0 -1.0 -1.0 -1.0 -1.0 -1.0 1.819 1.502 3.923 1415.424 0.308 1252.938 -0.5337216843528494 0.0
27.0 7.0 Truck -1.0 -1.0 -1.0 -1.0 -1.0 -1.0 -1.0 3.096 3.643 9.875 1420.522 2.304 1217.149 -1.9971350862548418 0.0
27.0 2.0 Car -1.0 -1.0 -1.0 -1.0 -1.0 -1.0 -1.0 1.816 1.52 4.43 1437.401 0.863 1215.278 0.763407014959834 0.0
27.0 1.0 Car -1.0 -1.0 -1.0 -1.0 -1.0 -1.0 -1.0 1.886 1.654 4.168 1446.748 0.82 1220.939 0.9144145810675509 0.0
28.0 3.0 Car -1.0 -1.0 -1.0 -1.0 -1.0 -1.0 -1.0 1.844 1.548 4.059 1414.324 0.145 1250.031 -0.709322479492335 0.0
28.0 4.0 Car -1.0 -1.0 -1.0 -1.0 -1.0 -1.0 -1.0 1.979 1.709 4.385 1441.693 0.932 1220.09 0.8436938302428505 0.0
28.0 6.0 Car -1.0 -1.0 -1.0 -1.0 -1.0 -1.0 -1.0 1.819 1.502 3.923 1415.768 0.335 1252.732 -0.48136180679302015 0.0
28.0 7.0 Truck -1.0 -1.0 -1.0 -1.0 -1.0 -1.0 -1.0 3.096 3.643 9.875 1419.285 2.424 1214.729 -2.0186745201792182 0.0
28.0 2.0 Car -1.0 -1.0 -1.0 -1.0 -1.0 -1.0 -1.0 1.816 1.52 4.43 1437.401 0.863 1215.278 0.763407014959834 0.0
28.0 1.0 Car -1.0 -1.0 -1.0 -1.0 -1.0 -1.0 -1.0 1.886 1.654 4.168 1446.762 0.82 1220.955 0.9130533369994038 0.0
29.0 3.0 Car -1.0 -1.0 -1.0 -1.0 -1.0 -1.0 -1.0 1.844 1.548 4.059 1415.043 0.142 1249.441 -0.7145125939354942 0.0
29.0 4.0 Car -1.0 -1.0 -1.0 -1.0 -1.0 -1.0 -1.0 1.979 1.709 4.385 1441.691 0.932 1220.085 0.8436938302428505 0.0
29.0 6.0 Car -1.0 -1.0 -1.0 -1.0 -1.0 -1.0 -1.0 1.819 1.502 3.923 1415.733 0.312 1252.715 -0.48136180679302015 0.0
29.0 7.0 Truck -1.0 -1.0 -1.0 -1.0 -1.0 -1.0 -1.0 3.096 3.643 9.875 1418.05 2.545 1212.312 -2.0401889049471413 0.0
29.0 2.0 Car -1.0 -1.0 -1.0 -1.0 -1.0 -1.0 -1.0 1.816 1.52 4.43 1437.398 0.868 1215.291 0.763407014959834 0.0
29.0 1.0 Car -1.0 -1.0 -1.0 -1.0 -1.0 -1.0 -1.0 1.886 1.654 4.168 1446.775 0.82 1220.971 0.9116936759819424 0.0
30.0 3.0 Car -1.0 -1.0 -1.0 -1.0 -1.0 -1.0 -1.0 1.844 1.548 4.059 1415.763 0.14 1248.85 -0.719708242457374 0.0
30.0 4.0 Car -1.0 -1.0 -1.0 -1.0 -1.0 -1.0 -1.0 1.979 1.709 4.385 1441.689 0.931 1220.08 0.8436938302428505 0.0
30.0 6.0 Car -1.0 -1.0 -1.0 -1.0 -1.0 -1.0 -1.0 1.819 1.502 3.923 1415.697 0.289 1252.697 -0.48136180679302015 0.0
30.0 7.0 Truck -1.0 -1.0 -1.0 -1.0 -1.0 -1.0 -1.0 3.096 3.643 9.875 1416.517 2.666 1209.591 -2.053119722031885 0.0
30.0 2.0 Car -1.0 -1.0 -1.0 -1.0 -1.0 -1.0 -1.0 1.816 1.52 4.43 1437.395 0.872 1215.304 0.763407014959834 0.0
30.0 1.0 Car -1.0 -1.0 -1.0 -1.0 -1.0 -1.0 -1.0 1.886 1.654 4.168 1446.789 0.82 1220.987 0.9103325651946949 0.0
31.0 3.0 Car -1.0 -1.0 -1.0 -1.0 -1.0 -1.0 -1.0 1.844 1.548 4.059 1416.125 0.145 1248.579 -0.7571326901459239 0.0
31.0 4.0 Car -1.0 -1.0 -1.0 -1.0 -1.0 -1.0 -1.0 1.979 1.709 4.385 1441.687 0.931 1220.075 0.8436938302428505 0.0
31.0 6.0 Car -1.0 -1.0 -1.0 -1.0 -1.0 -1.0 -1.0 1.819 1.502 3.923 1415.665 0.268 1252.68 -0.48136180679302015 0.0
31.0 7.0 Truck -1.0 -1.0 -1.0 -1.0 -1.0 -1.0 -1.0 3.096 3.643 9.875 1415.14 2.774 1207.146 -2.064736978650869 0.0
31.0 2.0 Car -1.0 -1.0 -1.0 -1.0 -1.0 -1.0 -1.0 1.816 1.52 4.43 1437.393 0.877 1215.316 0.763407014959834 0.0
31.0 1.0 Car -1.0 -1.0 -1.0 -1.0 -1.0 -1.0 -1.0 1.886 1.654 4.168 1446.801 0.82 1221.002 0.9091097211007223 0.0
32.0 3.0 Car -1.0 -1.0 -1.0 -1.0 -1.0 -1.0 -1.0 1.844 1.548 4.059 1416.188 0.145 1248.438 -0.7222261051060377 0.0
32.0 4.0 Car -1.0 -1.0 -1.0 -1.0 -1.0 -1.0 -1.0 1.979 1.709 4.385 1441.751 0.93 1220.145 0.8436938302428505 0.0
32.0 6.0 Car -1.0 -1.0 -1.0 -1.0 -1.0 -1.0 -1.0 1.819 1.502 3.923 1415.629 0.245 1252.663 -0.4813618067930206 0.0
32.0 7.0 Truck -1.0 -1.0 -1.0 -1.0 -1.0 -1.0 -1.0 3.096 3.643 9.875 1413.61 2.894 1204.432 -2.0776395518470148 0.0
32.0 2.0 Car -1.0 -1.0 -1.0 -1.0 -1.0 -1.0 -1.0 1.816 1.52 4.43 1437.39 0.881 1215.329 0.763407014959834 0.0
32.0 1.0 Car -1.0 -1.0 -1.0 -1.0 -1.0 -1.0 -1.0 1.886 1.654 4.168 1446.814 0.82 1221.018 0.9077515832935419 0.0
33.0 3.0 Car -1.0 -1.0 -1.0 -1.0 -1.0 -1.0 -1.0 1.844 1.548 4.059 1416.146 0.139 1248.43 -0.7160652501909645 0.0
33.0 4.0 Car -1.0 -1.0 -1.0 -1.0 -1.0 -1.0 -1.0 1.979 1.709 4.385 1442.131 0.93 1220.569 0.8436938302428505 0.0
33.0 6.0 Car -1.0 -1.0 -1.0 -1.0 -1.0 -1.0 -1.0 1.819 1.502 3.923 1415.614 0.245 1252.643 -0.48456094083595597 0.0
33.0 7.0 Truck -1.0 -1.0 -1.0 -1.0 -1.0 -1.0 -1.0 3.096 3.643 9.875 1412.037 3.027 1201.703 -2.09184299772365 0.0
33.0 2.0 Car -1.0 -1.0 -1.0 -1.0 -1.0 -1.0 -1.0 1.816 1.52 4.43 1437.413 0.887 1215.369 0.763407014959834 0.0
33.0 1.0 Car -1.0 -1.0 -1.0 -1.0 -1.0 -1.0 -1.0 1.886 1.654 4.168 1447.432 0.82 1221.844 0.9184835509081628 0.0
34.0 3.0 Car -1.0 -1.0 -1.0 -1.0 -1.0 -1.0 -1.0 1.844 1.548 4.059 1416.086 0.151 1248.362 -0.7204296778281956 0.0
34.0 4.0 Car -1.0 -1.0 -1.0 -1.0 -1.0 -1.0 -1.0 1.979 1.709 4.385 1442.477 0.929 1220.955 0.8436938302428505 0.0
34.0 6.0 Car -1.0 -1.0 -1.0 -1.0 -1.0 -1.0 -1.0 1.819 1.502 3.923 1415.601 0.245 1252.625 -0.4874702662330885 0.0
34.0 7.0 Truck -1.0 -1.0 -1.0 -1.0 -1.0 -1.0 -1.0 3.096 3.643 9.875 1410.536 3.147 1199.225 -2.1047597574658536 0.0
34.0 2.0 Car -1.0 -1.0 -1.0 -1.0 -1.0 -1.0 -1.0 1.816 1.52 4.43 1437.434 0.892 1215.404 0.763407014959834 0.0
34.0 1.0 Car -1.0 -1.0 -1.0 -1.0 -1.0 -1.0 -1.0 1.886 1.654 4.168 1447.994 0.82 1222.596 0.9282433126197344 0.0
35.0 3.0 Car -1.0 -1.0 -1.0 -1.0 -1.0 -1.0 -1.0 1.844 1.548 4.059 1416.027 0.164 1248.294 -0.7247895215420765 0.0
35.0 4.0 Car -1.0 -1.0 -1.0 -1.0 -1.0 -1.0 -1.0 1.979 1.709 4.385 1443.431 0.911 1222.074 0.8635510974828443 0.0
35.0 7.0 Truck -1.0 -1.0 -1.0 -1.0 -1.0 -1.0 -1.0 3.096 3.643 9.875 1409.037 3.267 1196.75 -2.117662950838877 0.0
35.0 2.0 Car -1.0 -1.0 -1.0 -1.0 -1.0 -1.0 -1.0 1.816 1.52 4.43 1437.725 0.896 1215.589 0.763407014959834 0.0
35.0 1.0 Car -1.0 -1.0 -1.0 -1.0 -1.0 -1.0 -1.0 1.886 1.654 4.168 1448.555 0.82 1223.347 0.9379928237318419 0.0
36.0 3.0 Car -1.0 -1.0 -1.0 -1.0 -1.0 -1.0 -1.0 1.844 1.548 4.059 1415.967 0.176 1248.226 -0.7291587950411347 0.0
36.0 4.0 Car -1.0 -1.0 -1.0 -1.0 -1.0 -1.0 -1.0 1.979 1.709 4.385 1444.659 0.892 1223.598 0.9078295652484665 0.0
36.0 7.0 Truck -1.0 -1.0 -1.0 -1.0 -1.0 -1.0 -1.0 3.096 3.643 9.875 1407.734 3.388 1194.745 -2.117662950838877 0.0
36.0 2.0 Car -1.0 -1.0 -1.0 -1.0 -1.0 -1.0 -1.0 1.816 1.52 4.43 1438.275 0.879 1216.381 0.763407014959834 0.0
36.0 1.0 Car -1.0 -1.0 -1.0 -1.0 -1.0 -1.0 -1.0 1.886 1.654 4.168 1449.784 0.82 1225.237 1.0098628655876736 0.0
37.0 3.0 Car -1.0 -1.0 -1.0 -1.0 -1.0 -1.0 -1.0 1.844 1.548 4.059 1415.907 0.189 1248.158 -0.7335185427109074 0.0
37.0 4.0 Car -1.0 -1.0 -1.0 -1.0 -1.0 -1.0 -1.0 1.979 1.709 4.385 1446.096 0.873 1225.564 0.9912975190307272 0.0
37.0 7.0 Truck -1.0 -1.0 -1.0 -1.0 -1.0 -1.0 -1.0 3.096 3.643 9.875 1406.558 3.508 1192.909 -2.152822869482304 0.0
37.0 2.0 Car -1.0 -1.0 -1.0 -1.0 -1.0 -1.0 -1.0 1.816 1.52 4.43 1439.195 0.862 1217.533 0.763407014959834 0.0
37.0 1.0 Car -1.0 -1.0 -1.0 -1.0 -1.0 -1.0 -1.0 1.886 1.654 4.168 1450.872 0.82 1227.207 1.0815762173783106 0.0
38.0 3.0 Car -1.0 -1.0 -1.0 -1.0 -1.0 -1.0 -1.0 1.844 1.548 4.059 1415.922 0.189 1248.196 -0.7169985869353033 0.0
38.0 4.0 Car -1.0 -1.0 -1.0 -1.0 -1.0 -1.0 -1.0 1.979 1.709 4.385 1447.309 0.856 1228.021 1.137675167881456 0.0
38.0 7.0 Truck -1.0 -1.0 -1.0 -1.0 -1.0 -1.0 -1.0 3.096 3.643 9.875 1405.442 3.617 1191.291 -2.1845178118545516 0.0
38.0 2.0 Car -1.0 -1.0 -1.0 -1.0 -1.0 -1.0 -1.0 1.816 1.52 4.43 1440.45 0.862 1218.92 0.763407014959834 0.0
38.0 1.0 Car -1.0 -1.0 -1.0 -1.0 -1.0 -1.0 -1.0 1.886 1.654 4.168 1451.866 0.82 1229.616 1.214741852904583 0.0
