0.0 0.0 Car -1.0 -1.0 -1.0 -1.0 -1.0 -1.0 -1.0 2.094 1.852 4.276 782.88 1.234 1845.625 -0.7599512631576264 0.0
1.0 0.0 Car -1.0 -1.0 -1.0 -1.0 -1.0 -1.0 -1.0 2.094 1.852 4.276 789.33 1.38 1839.516 -0.7774045556775696 1.0
2.0 0.0 Car -1.0 -1.0 -1.0 -1.0 -1.0 -1.0 -1.0 2.094 1.852 4.276 795.728 1.526 1833.365 -0.7599512631576264 1.0
3.0 0.0 Car -1.0 -1.0 -1.0 -1.0 -1.0 -1.0 -1.0 2.094 1.852 4.276 802.044 1.622 1827.113 -0.7599512631576264 1.0
4.0 0.0 Car -1.0 -1.0 -1.0 -1.0 -1.0 -1.0 -1.0 2.094 1.852 4.276 808.417 1.534 1820.516 -0.7599512631576264 1.0
5.0 0.0 Car -1.0 -1.0 -1.0 -1.0 -1.0 -1.0 -1.0 2.094 1.852 4.276 814.702 1.501 1813.877 -0.7616961540211399 1.0
6.0 0.0 Car -1.0 -1.0 -1.0 -1.0 -1.0 -1.0 -1.0 2.094 1.852 4.276 821.179 1.518 1807.121 -0.7634428493977468 1.0
7.0 1.0 Car -1.0 -1.0 -1.0 -1.0 -1.0 -1.0 -1.0 1.911 1.727 5.153 885.545 -0.595 1731.83 2.3456527014626083 0.0
7.0 0.0 Car -1.0 -1.0 -1.0 -1.0 -1.0 -1.0 -1.0 2.094 1.852 4.276 827.451 1.56 1800.319 -0.7651874261293875 1.0
8.0 1.0 Car -1.0 -1.0 -1.0 -1.0 -1.0 -1.0 -1.0 1.911 1.727 5.153 884.408 -0.37 1732.657 2.3194866074815064 1.0
8.0 0.0 Car -1.0 -1.0 -1.0 -1.0 -1.0 -1.0 -1.0 2.094 1.852 4.276 833.91 1.552 1793.446 -0.7669322332244017 1.0
9.0 1.0 Car -1.0 -1.0 -1.0 -1.0 -1.0 -1.0 -1.0 1.911 1.727 5.153 883.293 -0.145 1733.515 2.293292823902778 0.0
9.0 0.0 Car -1.0 -1.0 -1.0 -1.0 -1.0 -1.0 -1.0 2.094 1.852 4.276 840.376 1.544 1786.566 -0.7686788867167588 1.0
10.0 1.0 Car -1.0 -1.0 -1.0 -1.0 -1.0 -1.0 -1.0 1.911 1.727 5.153 882.348 0.055 1734.517 2.206025313881362 0.0
10.0 0.0 Car -1.0 -1.0 -1.0 -1.0 -1.0 -1.0 -1.0 2.094 1.852 4.276 846.835 1.536 1779.693 -0.7704237112635437 1.0
11.0 1.0 Car -1.0 -1.0 -1.0 -1.0 -1.0 -1.0 -1.0 1.911 1.727 5.153 881.494 0.255 1735.598 2.118759898703345 0.0
11.0 0.0 Car -1.0 -1.0 -1.0 -1.0 -1.0 -1.0 -1.0 2.094 1.852 4.276 853.295 1.527 1772.821 -0.7721684939260789 1.0
12.0 1.0 Car -1.0 -1.0 -1.0 -1.0 -1.0 -1.0 -1.0 1.911 1.727 5.153 881.242 0.506 1736.247 2.1449443827887307 0.0
12.0 0.0 Car -1.0 -1.0 -1.0 -1.0 -1.0 -1.0 -1.0 2.094 1.852 4.276 859.696 1.505 1765.873 -0.7739150706306446 1.0
13.0 1.0 Car -1.0 -1.0 -1.0 -1.0 -1.0 -1.0 -1.0 1.911 1.727 5.153 881.251 0.756 1736.556 2.1536664837432316 0.0
13.0 0.0 Car -1.0 -1.0 -1.0 -1.0 -1.0 -1.0 -1.0 2.094 1.852 4.276 866.198 1.433 1758.918 -0.7756598288607006 1.0
14.0 1.0 Car -1.0 -1.0 -1.0 -1.0 -1.0 -1.0 -1.0 1.911 1.727 5.153 881.389 1.056 1736.477 2.0489467286235716 0.0
14.0 0.0 Car -1.0 -1.0 -1.0 -1.0 -1.0 -1.0 -1.0 2.094 1.852 4.276 872.615 1.46 1752.242 -0.7774045556775696 1.0
15.0 1.0 Car -1.0 -1.0 -1.0 -1.0 -1.0 -1.0 -1.0 1.911 1.727 5.153 881.318 1.256 1736.49 2.0489467286235716 0.0
15.0 0.0 Car -1.0 -1.0 -1.0 -1.0 -1.0 -1.0 -1.0 2.094 1.852 4.276 879.043 1.389 1745.613 -0.7789895953821095 1.0
16.0 1.0 Car -1.0 -1.0 -1.0 -1.0 -1.0 -1.0 -1.0 1.911 1.727 5.153 881.115 1.456 1736.913 2.0489467286235716 0.0
16.0 0.0 Car -1.0 -1.0 -1.0 -1.0 -1.0 -1.0 -1.0 2.094 1.852 4.276 885.472 1.317 1738.983 -0.7805747397281513 1.0
17.0 1.0 Car -1.0 -1.0 -1.0 -1.0 -1.0 -1.0 -1.0 1.911 1.727 5.153 881.369 1.556 1737.533 1.8744138034241389 0.0
17.0 0.0 Car -1.0 -1.0 -1.0 -1.0 -1.0 -1.0 -1.0 2.094 1.852 4.276 891.907 1.245 1732.346 -0.7821615646801273 1.0
18.0 1.0 Car -1.0 -1.0 -1.0 -1.0 -1.0 -1.0 -1.0 1.911 1.727 5.153 881.359 1.756 1738.173 1.5428012455452162 0.0
18.0 0.0 Car -1.0 -1.0 -1.0 -1.0 -1.0 -1.0 -1.0 2.094 1.852 4.276 898.552 1.174 1725.904 -0.7488174229399247 1.0
19.0 1.0 Car -1.0 -1.0 -1.0 -1.0 -1.0 -1.0 -1.0 1.911 1.727 5.153 881.631 1.736 1739.789 1.472988075465443 0.0
19.0 0.0 Car -1.0 -1.0 -1.0 -1.0 -1.0 -1.0 -1.0 2.094 1.852 4.276 904.629 1.109 1720.121 -0.7188248533656053 1.0
20.0 1.0 Car -1.0 -1.0 -1.0 -1.0 -1.0 -1.0 -1.0 1.911 1.727 5.153 882.383 1.762 1741.672 1.176282102626407 0.0
20.0 0.0 Car -1.0 -1.0 -1.0 -1.0 -1.0 -1.0 -1.0 2.094 1.852 4.276 912.28 1.031 1713.31 -0.6821977714269711 1.0
21.0 0.0 Car -1.0 -1.0 -1.0 -1.0 -1.0 -1.0 -1.0 2.094 1.852 4.276 919.54 0.977 1707.307 -0.7012440847210875 1.0
22.0 0.0 Car -1.0 -1.0 -1.0 -1.0 -1.0 -1.0 -1.0 2.094 1.852 4.276 926.939 0.924 1701.443 -0.6679365379478983 1.0
23.0 0.0 Car -1.0 -1.0 -1.0 -1.0 -1.0 -1.0 -1.0 2.094 1.852 4.276 934.538 0.871 1695.823 -0.6345891459452946 1.0
24.0 0.0 Car -1.0 -1.0 -1.0 -1.0 -1.0 -1.0 -1.0 2.094 1.852 4.276 942.276 0.817 1690.301 -0.618731990370819 1.0
25.0 0.0 Car -1.0 -1.0 -1.0 -1.0 -1.0 -1.0 -1.0 2.094 1.852 4.276 950.04 0.764 1684.932 -0.6028716304781366 1.0
26.0 0.0 Car -1.0 -1.0 -1.0 -1.0 -1.0 -1.0 -1.0 2.094 1.852 4.276 958.108 0.695 1679.751 -0.5904089075507044 1.0
27.0 0.0 Car -1.0 -1.0 -1.0 -1.0 -1.0 -1.0 -1.0 2.094 1.852 4.276 966.213 0.703 1674.783 -0.577944888072226 0.0
28.0 0.0 Car -1.0 -1.0 -1.0 -1.0 -1.0 -1.0 -1.0 2.094 1.852 4.276 973.633 0.709 1670.497 -0.5667218923481205 0.0
29.0 0.0 Car -1.0 -1.0 -1.0 -1.0 -1.0 -1.0 -1.0 2.094 1.852 4.276 982.555 0.753 1665.516 -0.553003584400718 0.0
30.0 0.0 Car -1.0 -1.0 -1.0 -1.0 -1.0 -1.0 -1.0 2.094 1.852 4.276 990.735 0.793 1661.137 -0.5405401134630665 0.0
31.0 0.0 Car -1.0 -1.0 -1.0 -1.0 -1.0 -1.0 -1.0 2.094 1.852 4.276 998.918 0.833 1656.756 -0.5280750218366075 0.0
32.0 0.0 Car -1.0 -1.0 -1.0 -1.0 -1.0 -1.0 -1.0 2.094 1.852 4.276 1007.098 0.873 1652.377 -0.5156126978479585 0.0
33.0 0.0 Car -1.0 -1.0 -1.0 -1.0 -1.0 -1.0 -1.0 2.094 1.852 4.276 1015.271 0.899 1648.12 -0.5031483791653923 0.0
34.0 0.0 Car -1.0 -1.0 -1.0 -1.0 -1.0 -1.0 -1.0 2.094 1.852 4.276 1023.34 0.925 1643.92 -0.4906848334267191 0.0
35.0 0.0 Car -1.0 -1.0 -1.0 -1.0 -1.0 -1.0 -1.0 2.094 1.852 4.276 1031.306 0.951 1639.775 -0.47822061447884856 0.0
36.0 0.0 Car -1.0 -1.0 -1.0 -1.0 -1.0 -1.0 -1.0 2.094 1.852 4.276 1039.317 1.077 1635.722 -0.4919279376240188 0.0
37.0 0.0 Car -1.0 -1.0 -1.0 -1.0 -1.0 -1.0 -1.0 2.094 1.852 4.276 1047.347 1.203 1631.859 -0.4707328526640233 0.0
38.0 0.0 Car -1.0 -1.0 -1.0 -1.0 -1.0 -1.0 -1.0 2.094 1.852 4.276 1055.322 1.128 1628.189 -0.44952437822913055 0.0
