0.0 0.0 Truck -1.0 -1.0 -1.0 -1.0 -1.0 -1.0 -1.0 3.34 3.902 7.693 2164.825 2.54 959.385 -2.1069091130682644 0.0
0.0 1.0 Car -1.0 -1.0 -1.0 -1.0 -1.0 -1.0 -1.0 1.977 1.818 4.956 2125.327 0.951 895.71 -2.0835217011545293 0.0
1.0 0.0 Truck -1.0 -1.0 -1.0 -1.0 -1.0 -1.0 -1.0 3.34 3.902 7.693 2162.851 2.544 956.07 -2.1069091130682644 1.0
1.0 1.0 Car -1.0 -1.0 -1.0 -1.0 -1.0 -1.0 -1.0 1.977 1.818 4.956 2125.122 0.951 895.304 -2.0835217011545293 1.0
2.0 0.0 Truck -1.0 -1.0 -1.0 -1.0 -1.0 -1.0 -1.0 3.34 3.902 7.693 2160.858 2.549 952.827 -2.1069091130682644 1.0
2.0 1.0 Car -1.0 -1.0 -1.0 -1.0 -1.0 -1.0 -1.0 1.977 1.818 4.956 2124.718 0.933 894.639 -2.0835217011545293 1.0
3.0 0.0 Truck -1.0 -1.0 -1.0 -1.0 -1.0 -1.0 -1.0 3.34 3.902 7.693 2159.309 2.552 950.309 -2.1069091130682644 1.0
3.0 1.0 Car -1.0 -1.0 -1.0 -1.0 -1.0 -1.0 -1.0 1.977 1.818 4.956 2124.395 0.919 894.108 -2.0835217011545293 1.0
4.0 0.0 Truck -1.0 -1.0 -1.0 -1.0 -1.0 -1.0 -1.0 3.34 3.902 7.693 2157.469 2.557 947.326 -2.1069091130682644 1.0
4.0 1.0 Car -1.0 -1.0 -1.0 -1.0 -1.0 -1.0 -1.0 1.977 1.818 4.956 2123.99 0.901 893.442 -2.0835217011545293 1.0
5.0 0.0 Truck -1.0 -1.0 -1.0 -1.0 -1.0 -1.0 -1.0 3.34 3.902 7.693 2155.998 2.56 945.286 -2.1069091130682644 1.0
5.0 1.0 Car -1.0 -1.0 -1.0 -1.0 -1.0 -1.0 -1.0 1.977 1.818 4.956 2123.635 0.901 892.748 -2.0835217011545293 1.0
6.0 0.0 Truck -1.0 -1.0 -1.0 -1.0 -1.0 -1.0 -1.0 3.34 3.902 7.693 2154.724 2.565 942.865 -2.1243624055882075 1.0
6.0 1.0 Car -1.0 -1.0 -1.0 -1.0 -1.0 -1.0 -1.0 1.977 1.818 4.956 2123.19 0.901 891.879 -2.0835217011545293 1.0
7.0 0.0 Truck -1.0 -1.0 -1.0 -1.0 -1.0 -1.0 -1.0 3.34 3.902 7.693 2153.713 2.569 940.996 -2.14181569810815 1.0
7.0 1.0 Car -1.0 -1.0 -1.0 -1.0 -1.0 -1.0 -1.0 1.977 1.818 4.956 2122.717 0.901 890.952 -2.0564395017220103 1.0
8.0 0.0 Truck -1.0 -1.0 -1.0 -1.0 -1.0 -1.0 -1.0 3.34 3.902 7.693 2152.343 2.573 938.862 -2.14181569810815 1.0
8.0 1.0 Car -1.0 -1.0 -1.0 -1.0 -1.0 -1.0 -1.0 1.977 1.818 4.956 2122.221 0.901 889.906 -2.0263315161985638 1.0
9.0 0.0 Truck -1.0 -1.0 -1.0 -1.0 -1.0 -1.0 -1.0 3.34 3.902 7.693 2151.46 2.278 937.486 -2.14181569810815 1.0
9.0 1.0 Car -1.0 -1.0 -1.0 -1.0 -1.0 -1.0 -1.0 1.977 1.818 4.956 2121.756 0.901 888.848 -1.996255238554815 1.0
10.0 0.0 Truck -1.0 -1.0 -1.0 -1.0 -1.0 -1.0 -1.0 3.34 3.902 7.693 2150.852 2.723 936.524 -2.1767222831480364 0.0
10.0 1.0 Car -1.0 -1.0 -1.0 -1.0 -1.0 -1.0 -1.0 1.977 1.818 4.956 2121.429 0.901 887.846 -1.9545897210656948 1.0
11.0 0.0 Truck -1.0 -1.0 -1.0 -1.0 -1.0 -1.0 -1.0 3.34 3.902 7.693 2149.977 2.173 935.071 -2.1767222831480364 0.0
11.0 1.0 Car -1.0 -1.0 -1.0 -1.0 -1.0 -1.0 -1.0 1.977 1.818 4.956 2121.169 0.901 886.925 -1.916696727257325 1.0
12.0 0.0 Truck -1.0 -1.0 -1.0 -1.0 -1.0 -1.0 -1.0 3.34 3.902 7.693 2148.643 2.073 934.449 -2.14181569810815 0.0
12.0 1.0 Car -1.0 -1.0 -1.0 -1.0 -1.0 -1.0 -1.0 1.977 1.818 4.956 2121.051 0.901 886.325 -1.8531859561741886 1.0
13.0 0.0 Truck -1.0 -1.0 -1.0 -1.0 -1.0 -1.0 -1.0 3.34 3.902 7.693 2148.068 1.972 932.96 -2.142741214037559 0.0
13.0 1.0 Car -1.0 -1.0 -1.0 -1.0 -1.0 -1.0 -1.0 1.977 1.818 4.956 2120.971 0.901 885.719 -1.7897429567176018 1.0
14.0 0.0 Truck -1.0 -1.0 -1.0 -1.0 -1.0 -1.0 -1.0 3.34 3.902 7.693 2147.635 1.882 931.568 -2.1767222831480364 0.0
14.0 1.0 Car -1.0 -1.0 -1.0 -1.0 -1.0 -1.0 -1.0 1.977 1.818 4.956 2120.97 0.901 885.059 -1.682095973195839 1.0
15.0 0.0 Truck -1.0 -1.0 -1.0 -1.0 -1.0 -1.0 -1.0 3.34 3.902 7.693 2146.156 2.172 930.013 -2.2465354532278092 0.0
15.0 1.0 Car -1.0 -1.0 -1.0 -1.0 -1.0 -1.0 -1.0 1.977 1.818 4.956 2121.203 0.901 883.547 -1.4507587349939528 1.0
16.0 0.0 Truck -1.0 -1.0 -1.0 -1.0 -1.0 -1.0 -1.0 3.34 3.902 7.693 2144.333 2.172 928.672 -2.1767222831480364 0.0
16.0 1.0 Car -1.0 -1.0 -1.0 -1.0 -1.0 -1.0 -1.0 1.977 1.818 4.956 2121.991 0.901 882.013 -1.1911724774160286 1.0
17.0 0.0 Truck -1.0 -1.0 -1.0 -1.0 -1.0 -1.0 -1.0 3.34 3.902 7.693 2143.241 1.822 926.995 -2.3338019158275243 0.0
17.0 1.0 Car -1.0 -1.0 -1.0 -1.0 -1.0 -1.0 -1.0 1.977 1.818 4.956 2123.312 0.901 880.438 -0.9316043948382853 1.0
18.0 0.0 Truck -1.0 -1.0 -1.0 -1.0 -1.0 -1.0 -1.0 3.34 3.902 7.693 2140.781 1.822 925.918 -2.4559749634671264 0.0
18.0 1.0 Car -1.0 -1.0 -1.0 -1.0 -1.0 -1.0 -1.0 1.977 1.818 4.956 2125.14 0.939 879.02 -0.6962340056690799 1.0
19.0 0.0 Truck -1.0 -1.0 -1.0 -1.0 -1.0 -1.0 -1.0 3.34 3.902 7.693 2138.83 1.922 925.19 -2.7526809363061595 0.0
19.0 1.0 Car -1.0 -1.0 -1.0 -1.0 -1.0 -1.0 -1.0 1.977 1.818 4.956 2127.219 0.974 877.872 -0.5166167350378066 1.0
20.0 0.0 Truck -1.0 -1.0 -1.0 -1.0 -1.0 -1.0 -1.0 3.34 3.902 7.693 2136.762 1.933 924.403 -2.7526809363061595 0.0
20.0 1.0 Car -1.0 -1.0 -1.0 -1.0 -1.0 -1.0 -1.0 1.977 1.818 4.956 2129.95 1.012 876.737 -0.43606813700037383 1.0
21.0 0.0 Truck -1.0 -1.0 -1.0 -1.0 -1.0 -1.0 -1.0 3.34 3.902 7.693 2134.162 1.995 924.958 3.0243588877950707 0.0
21.0 1.0 Car -1.0 -1.0 -1.0 -1.0 -1.0 -1.0 -1.0 1.977 1.818 4.956 2133.11 1.051 875.809 -0.28583257160038866 1.0
22.0 1.0 Car -1.0 -1.0 -1.0 -1.0 -1.0 -1.0 -1.0 1.977 1.818 4.956 2136.598 1.106 875.235 -0.16377580166378067 1.0
23.0 1.0 Car -1.0 -1.0 -1.0 -1.0 -1.0 -1.0 -1.0 1.977 1.818 4.956 2140.238 1.086 874.958 -0.050217645081249034 1.0
24.0 1.0 Car -1.0 -1.0 -1.0 -1.0 -1.0 -1.0 -1.0 1.977 1.818 4.956 2143.945 1.066 874.758 0.028326693758591093 1.0
25.0 1.0 Car -1.0 -1.0 -1.0 -1.0 -1.0 -1.0 -1.0 1.977 1.818 4.956 2147.742 1.075 874.84 0.018454374081474434 1.0
26.0 1.0 Car -1.0 -1.0 -1.0 -1.0 -1.0 -1.0 -1.0 1.977 1.818 4.956 2150.778 1.082 874.905 0.010559713591183238 1.0
27.0 1.0 Car -1.0 -1.0 -1.0 -1.0 -1.0 -1.0 -1.0 1.977 1.818 4.956 2154.571 1.09 874.986 0.0006989465844640108 1.0
28.0 1.0 Car -1.0 -1.0 -1.0 -1.0 -1.0 -1.0 -1.0 1.977 1.818 4.956 2158.676 1.056 875.074 0.014512980169642196 0.0
29.0 1.0 Car -1.0 -1.0 -1.0 -1.0 -1.0 -1.0 -1.0 1.977 1.818 4.956 2162.817 1.021 875.161 0.010873401238647775 0.0
30.0 1.0 Car -1.0 -1.0 -1.0 -1.0 -1.0 -1.0 -1.0 1.977 1.818 4.956 2167.027 1.027 875.263 0.014364090468198755 0.0
31.0 1.0 Car -1.0 -1.0 -1.0 -1.0 -1.0 -1.0 -1.0 1.977 1.818 4.956 2171.237 1.033 875.364 0.01785473081617339 0.0
32.0 1.0 Car -1.0 -1.0 -1.0 -1.0 -1.0 -1.0 -1.0 1.977 1.818 4.956 2175.452 1.038 875.466 0.021349260741006404 0.0
33.0 1.0 Car -1.0 -1.0 -1.0 -1.0 -1.0 -1.0 -1.0 1.977 1.818 4.956 2179.662 1.044 875.567 0.024840047733709847 0.0
34.0 1.0 Car -1.0 -1.0 -1.0 -1.0 -1.0 -1.0 -1.0 1.977 1.818 4.956 2183.868 1.049 875.669 0.028326693758591093 0.0
35.0 1.0 Car -1.0 -1.0 -1.0 -1.0 -1.0 -1.0 -1.0 1.977 1.818 4.956 2188.065 1.072 875.741 0.028326693758591093 0.0
36.0 1.0 Car -1.0 -1.0 -1.0 -1.0 -1.0 -1.0 -1.0 1.977 1.818 4.956 2192.262 1.094 875.812 0.028326693758591093 0.0
37.0 1.0 Car -1.0 -1.0 -1.0 -1.0 -1.0 -1.0 -1.0 1.977 1.818 4.956 2196.459 1.116 875.884 0.028326693758591093 0.0
38.0 1.0 Car -1.0 -1.0 -1.0 -1.0 -1.0 -1.0 -1.0 1.977 1.818 4.956 2200.514 1.122 875.952 0.028326693758591093 0.0
39.0 1.0 Car -1.0 -1.0 -1.0 -1.0 -1.0 -1.0 -1.0 1.977 1.818 4.956 2204.57 1.128 876.02 0.028326693758591093 0.0
