0.0 5.0 Car -1.0 -1.0 -1.0 -1.0 -1.0 -1.0 -1.0 1.804 1.554 4.602 984.941 1.13 1271.948 2.587398256036968 0.0
0.0 7.0 Car -1.0 -1.0 -1.0 -1.0 -1.0 -1.0 -1.0 2.139 1.672 4.556 964.099 1.14 1284.226 2.559141375379011 0.0
0.0 2.0 Car -1.0 -1.0 -1.0 -1.0 -1.0 -1.0 -1.0 2.243 1.782 4.839 952.02 1.05 1296.02 2.559141375379011 0.0
0.0 4.0 Car -1.0 -1.0 -1.0 -1.0 -1.0 -1.0 -1.0 2.101 2.182 4.771 929.14 0.932 1305.68 2.585687833556976 0.0
1.0 5.0 Car -1.0 -1.0 -1.0 -1.0 -1.0 -1.0 -1.0 1.804 1.554 4.602 979.103 1.137 1274.781 2.587398256036968 1.0
1.0 7.0 Car -1.0 -1.0 -1.0 -1.0 -1.0 -1.0 -1.0 2.139 1.672 4.556 959.17 1.14 1287.285 2.559141375379011 1.0
1.0 2.0 Car -1.0 -1.0 -1.0 -1.0 -1.0 -1.0 -1.0 2.243 1.782 4.839 947.832 1.063 1298.64 2.559141375379011 1.0
1.0 4.0 Car -1.0 -1.0 -1.0 -1.0 -1.0 -1.0 -1.0 2.101 2.182 4.771 923.396 0.932 1309.249 2.585687833556976 1.0
2.0 5.0 Car -1.0 -1.0 -1.0 -1.0 -1.0 -1.0 -1.0 1.804 1.554 4.602 974.14 1.099 1277.786 2.587398256036968 1.0
2.0 7.0 Car -1.0 -1.0 -1.0 -1.0 -1.0 -1.0 -1.0 2.139 1.672 4.556 954.438 1.2 1290.274 2.559141375379011 1.0
2.0 2.0 Car -1.0 -1.0 -1.0 -1.0 -1.0 -1.0 -1.0 2.243 1.782 4.839 944.077 1.075 1301.087 2.559141375379011 1.0
2.0 4.0 Car -1.0 -1.0 -1.0 -1.0 -1.0 -1.0 -1.0 2.101 2.182 4.771 918.104 1.054 1312.568 2.585687833556976 1.0
3.0 5.0 Car -1.0 -1.0 -1.0 -1.0 -1.0 -1.0 -1.0 1.804 1.554 4.602 969.178 1.06 1280.79 2.587398256036968 1.0
3.0 7.0 Car -1.0 -1.0 -1.0 -1.0 -1.0 -1.0 -1.0 2.139 1.672 4.556 949.643 1.198 1293.165 2.559141375379011 1.0
3.0 2.0 Car -1.0 -1.0 -1.0 -1.0 -1.0 -1.0 -1.0 2.243 1.782 4.839 940.25 1.087 1303.424 2.559141375379011 1.0
3.0 4.0 Car -1.0 -1.0 -1.0 -1.0 -1.0 -1.0 -1.0 2.101 2.182 4.771 912.813 1.175 1315.887 2.585687833556976 1.0
4.0 5.0 Car -1.0 -1.0 -1.0 -1.0 -1.0 -1.0 -1.0 1.804 1.554 4.602 964.341 1.122 1283.762 2.587398256036968 1.0
4.0 7.0 Car -1.0 -1.0 -1.0 -1.0 -1.0 -1.0 -1.0 2.139 1.672 4.556 944.847 1.195 1296.057 2.559141375379011 1.0
4.0 2.0 Car -1.0 -1.0 -1.0 -1.0 -1.0 -1.0 -1.0 2.243 1.782 4.839 936.44 1.099 1305.789 2.559141375379011 1.0
4.0 4.0 Car -1.0 -1.0 -1.0 -1.0 -1.0 -1.0 -1.0 2.101 2.182 4.771 907.522 1.161 1319.207 2.585687833556976 1.0
5.0 5.0 Car -1.0 -1.0 -1.0 -1.0 -1.0 -1.0 -1.0 1.804 1.554 4.602 958.548 1.195 1287.322 2.587398256036968 1.0
5.0 7.0 Car -1.0 -1.0 -1.0 -1.0 -1.0 -1.0 -1.0 2.139 1.672 4.556 939.102 1.192 1299.521 2.559141375379011 1.0
5.0 2.0 Car -1.0 -1.0 -1.0 -1.0 -1.0 -1.0 -1.0 2.243 1.782 4.839 931.877 1.113 1308.623 2.559141375379011 1.0
5.0 4.0 Car -1.0 -1.0 -1.0 -1.0 -1.0 -1.0 -1.0 2.101 2.182 4.771 901.183 1.144 1323.183 2.585687833556976 1.0
5.0 8.0 Car -1.0 -1.0 -1.0 -1.0 -1.0 -1.0 -1.0 1.971 1.764 4.676 827.403 0.955 1357.994 -0.5458168170379228 0.0
6.0 5.0 Car -1.0 -1.0 -1.0 -1.0 -1.0 -1.0 -1.0 1.804 1.554 4.602 953.274 1.188 1290.622 2.587398256036968 1.0
6.0 7.0 Car -1.0 -1.0 -1.0 -1.0 -1.0 -1.0 -1.0 2.139 1.672 4.556 934.311 1.19 1302.409 2.559141375379011 1.0
6.0 2.0 Car -1.0 -1.0 -1.0 -1.0 -1.0 -1.0 -1.0 2.243 1.782 4.839 928.133 1.113 1311.049 2.559141375379011 1.0
6.0 4.0 Car -1.0 -1.0 -1.0 -1.0 -1.0 -1.0 -1.0 2.101 2.182 4.771 895.897 1.112 1326.499 2.585687833556976 1.0
6.0 8.0 Car -1.0 -1.0 -1.0 -1.0 -1.0 -1.0 -1.0 1.971 1.764 4.676 833.188 0.821 1354.466 -0.5458168170379228 1.0
7.0 5.0 Car -1.0 -1.0 -1.0 -1.0 -1.0 -1.0 -1.0 1.804 1.554 4.602 947.995 1.181 1293.926 2.587398256036968 1.0
7.0 7.0 Car -1.0 -1.0 -1.0 -1.0 -1.0 -1.0 -1.0 2.139 1.672 4.556 928.884 1.166 1305.754 2.559141375379011 1.0
7.0 2.0 Car -1.0 -1.0 -1.0 -1.0 -1.0 -1.0 -1.0 2.243 1.782 4.839 924.082 1.109 1313.559 2.559141375379011 1.0
7.0 4.0 Car -1.0 -1.0 -1.0 -1.0 -1.0 -1.0 -1.0 2.101 2.182 4.771 890.324 1.116 1329.986 2.585687833556976 1.0
7.0 8.0 Car -1.0 -1.0 -1.0 -1.0 -1.0 -1.0 -1.0 1.971 1.764 4.676 838.978 0.815 1350.935 -0.5458168170379228 1.0
8.0 5.0 Car -1.0 -1.0 -1.0 -1.0 -1.0 -1.0 -1.0 1.804 1.554 4.602 943.773 1.176 1296.568 2.587398256036968 1.0
8.0 7.0 Car -1.0 -1.0 -1.0 -1.0 -1.0 -1.0 -1.0 2.139 1.672 4.556 924.543 1.148 1308.429 2.559141375379011 1.0
8.0 2.0 Car -1.0 -1.0 -1.0 -1.0 -1.0 -1.0 -1.0 2.243 1.782 4.839 920.842 1.106 1315.566 2.559141375379011 1.0
8.0 4.0 Car -1.0 -1.0 -1.0 -1.0 -1.0 -1.0 -1.0 2.101 2.182 4.771 885.866 1.068 1332.774 2.585687833556976 1.0
8.0 8.0 Car -1.0 -1.0 -1.0 -1.0 -1.0 -1.0 -1.0 1.971 1.764 4.676 843.609 0.809 1348.11 -0.5458168170379228 0.0
9.0 5.0 Car -1.0 -1.0 -1.0 -1.0 -1.0 -1.0 -1.0 1.804 1.554 4.602 939.01 1.17 1299.549 2.587398256036968 1.0
9.0 7.0 Car -1.0 -1.0 -1.0 -1.0 -1.0 -1.0 -1.0 2.139 1.672 4.556 919.645 1.126 1311.447 2.559141375379011 1.0
9.0 2.0 Car -1.0 -1.0 -1.0 -1.0 -1.0 -1.0 -1.0 2.243 1.782 4.839 917.187 1.102 1317.831 2.559141375379011 1.0
9.0 4.0 Car -1.0 -1.0 -1.0 -1.0 -1.0 -1.0 -1.0 2.101 2.182 4.771 880.836 1.064 1335.92 2.585687833556976 1.0
9.0 8.0 Car -1.0 -1.0 -1.0 -1.0 -1.0 -1.0 -1.0 1.971 1.764 4.676 848.835 0.803 1344.923 -0.5458168170379228 0.0
10.0 5.0 Car -1.0 -1.0 -1.0 -1.0 -1.0 -1.0 -1.0 1.804 1.554 4.602 933.735 1.163 1302.85 2.587398256036968 1.0
10.0 7.0 Car -1.0 -1.0 -1.0 -1.0 -1.0 -1.0 -1.0 2.139 1.672 4.556 914.222 1.102 1314.789 2.559141375379011 1.0
10.0 2.0 Car -1.0 -1.0 -1.0 -1.0 -1.0 -1.0 -1.0 2.243 1.782 4.839 913.139 1.098 1320.338 2.559141375379011 1.0
10.0 4.0 Car -1.0 -1.0 -1.0 -1.0 -1.0 -1.0 -1.0 2.101 2.182 4.771 875.267 1.029 1339.404 2.585687833556976 1.0
10.0 8.0 Car -1.0 -1.0 -1.0 -1.0 -1.0 -1.0 -1.0 1.971 1.764 4.676 854.621 0.797 1341.394 -0.5458168170379228 0.0
11.0 5.0 Car -1.0 -1.0 -1.0 -1.0 -1.0 -1.0 -1.0 1.804 1.554 4.602 928.45 1.156 1306.157 2.587398256036968 1.0
11.0 7.0 Car -1.0 -1.0 -1.0 -1.0 -1.0 -1.0 -1.0 2.139 1.672 4.556 908.789 1.079 1318.137 2.559141375379011 1.0
11.0 1.0 Car -1.0 -1.0 -1.0 -1.0 -1.0 -1.0 -1.0 1.905 1.504 4.986 842.271 0.659 1348.546 -0.5370203577386627 0.0
11.0 2.0 Car -1.0 -1.0 -1.0 -1.0 -1.0 -1.0 -1.0 2.243 1.782 4.839 909.083 1.094 1322.851 2.559141375379011 1.0
11.0 4.0 Car -1.0 -1.0 -1.0 -1.0 -1.0 -1.0 -1.0 2.101 2.182 4.771 869.635 1.044 1342.811 2.585687833556976 1.0
11.0 8.0 Car -1.0 -1.0 -1.0 -1.0 -1.0 -1.0 -1.0 1.971 1.764 4.676 860.583 0.785 1337.654 -0.5458168170379228 0.0
12.0 5.0 Car -1.0 -1.0 -1.0 -1.0 -1.0 -1.0 -1.0 1.804 1.554 4.602 923.166 1.149 1309.465 2.587398256036968 1.0
12.0 7.0 Car -1.0 -1.0 -1.0 -1.0 -1.0 -1.0 -1.0 2.139 1.672 4.556 903.355 1.055 1321.485 2.559141375379011 1.0
12.0 1.0 Car -1.0 -1.0 -1.0 -1.0 -1.0 -1.0 -1.0 1.905 1.504 4.986 847.71 0.659 1345.179 -0.5370203577386627 1.0
12.0 2.0 Car -1.0 -1.0 -1.0 -1.0 -1.0 -1.0 -1.0 2.243 1.782 4.839 905.094 1.073 1325.336 2.559141375379011 1.0
12.0 4.0 Car -1.0 -1.0 -1.0 -1.0 -1.0 -1.0 -1.0 2.101 2.182 4.771 863.926 1.048 1346.248 2.585687833556976 1.0
12.0 8.0 Car -1.0 -1.0 -1.0 -1.0 -1.0 -1.0 -1.0 1.971 1.764 4.676 866.544 0.772 1333.915 -0.5458168170379228 0.0
13.0 5.0 Car -1.0 -1.0 -1.0 -1.0 -1.0 -1.0 -1.0 1.804 1.554 4.602 917.881 1.142 1312.772 2.587398256036968 1.0
13.0 7.0 Car -1.0 -1.0 -1.0 -1.0 -1.0 -1.0 -1.0 2.139 1.672 4.556 897.922 1.031 1324.834 2.559141375379011 1.0
13.0 1.0 Car -1.0 -1.0 -1.0 -1.0 -1.0 -1.0 -1.0 1.905 1.504 4.986 853.15 0.659 1341.811 -0.5370203577386627 1.0
13.0 2.0 Car -1.0 -1.0 -1.0 -1.0 -1.0 -1.0 -1.0 2.243 1.782 4.839 901.104 1.053 1327.821 2.559141375379011 1.0
13.0 4.0 Car -1.0 -1.0 -1.0 -1.0 -1.0 -1.0 -1.0 2.101 2.182 4.771 858.216 1.053 1349.685 2.585687833556976 1.0
13.0 8.0 Car -1.0 -1.0 -1.0 -1.0 -1.0 -1.0 -1.0 1.971 1.764 4.676 872.922 0.785 1330.054 -0.563270109557866 0.0
14.0 5.0 Car -1.0 -1.0 -1.0 -1.0 -1.0 -1.0 -1.0 1.804 1.554 4.602 912.259 1.099 1316.212 2.587398256036968 1.0
14.0 7.0 Car -1.0 -1.0 -1.0 -1.0 -1.0 -1.0 -1.0 2.139 1.672 4.556 892.488 1.008 1328.182 2.559141375379011 1.0
14.0 1.0 Car -1.0 -1.0 -1.0 -1.0 -1.0 -1.0 -1.0 1.905 1.504 4.986 858.589 0.659 1338.443 -0.5370203577386627 1.0
14.0 2.0 Car -1.0 -1.0 -1.0 -1.0 -1.0 -1.0 -1.0 2.243 1.782 4.839 897.115 1.032 1330.306 2.559141375379011 1.0
14.0 4.0 Car -1.0 -1.0 -1.0 -1.0 -1.0 -1.0 -1.0 2.101 2.182 4.771 852.507 1.058 1353.123 2.585687833556976 1.0
14.0 8.0 Car -1.0 -1.0 -1.0 -1.0 -1.0 -1.0 -1.0 1.971 1.764 4.676 878.836 0.823 1326.334 -0.563270109557866 0.0
15.0 5.0 Car -1.0 -1.0 -1.0 -1.0 -1.0 -1.0 -1.0 1.804 1.554 4.602 906.643 1.055 1319.649 2.587398256036968 1.0
15.0 7.0 Car -1.0 -1.0 -1.0 -1.0 -1.0 -1.0 -1.0 2.139 1.672 4.556 887.061 0.984 1331.527 2.559141375379011 1.0
15.0 1.0 Car -1.0 -1.0 -1.0 -1.0 -1.0 -1.0 -1.0 1.905 1.504 4.986 864.72 0.659 1334.675 -0.5370203577386627 1.0
15.0 2.0 Car -1.0 -1.0 -1.0 -1.0 -1.0 -1.0 -1.0 2.243 1.782 4.839 893.13 1.011 1332.788 2.559141375379011 1.0
15.0 4.0 Car -1.0 -1.0 -1.0 -1.0 -1.0 -1.0 -1.0 2.101 2.182 4.771 846.804 1.062 1356.556 2.585687833556976 1.0
15.0 8.0 Car -1.0 -1.0 -1.0 -1.0 -1.0 -1.0 -1.0 1.971 1.764 4.676 884.744 0.86 1322.617 -0.563270109557866 0.0
16.0 5.0 Car -1.0 -1.0 -1.0 -1.0 -1.0 -1.0 -1.0 1.804 1.554 4.602 901.021 1.012 1323.089 2.587398256036968 1.0
16.0 7.0 Car -1.0 -1.0 -1.0 -1.0 -1.0 -1.0 -1.0 2.139 1.672 4.556 881.627 0.96 1334.875 2.559141375379011 1.0
16.0 1.0 Car -1.0 -1.0 -1.0 -1.0 -1.0 -1.0 -1.0 1.905 1.504 4.986 870.425 0.809 1331.161 -0.5370203577386627 0.0
16.0 2.0 Car -1.0 -1.0 -1.0 -1.0 -1.0 -1.0 -1.0 2.243 1.782 4.839 889.141 0.99 1335.273 2.559141375379011 1.0
16.0 4.0 Car -1.0 -1.0 -1.0 -1.0 -1.0 -1.0 -1.0 2.101 2.182 4.771 841.362 1.104 1359.927 2.585687833556976 1.0
16.0 8.0 Car -1.0 -1.0 -1.0 -1.0 -1.0 -1.0 -1.0 1.971 1.764 4.676 890.83 0.859 1318.788 -0.563270109557866 0.0
17.0 5.0 Car -1.0 -1.0 -1.0 -1.0 -1.0 -1.0 -1.0 1.804 1.554 4.602 895.399 0.968 1326.529 2.587398256036968 1.0
17.0 7.0 Car -1.0 -1.0 -1.0 -1.0 -1.0 -1.0 -1.0 2.139 1.672 4.556 876.194 0.937 1338.224 2.559141375379011 1.0
17.0 1.0 Car -1.0 -1.0 -1.0 -1.0 -1.0 -1.0 -1.0 1.905 1.504 4.986 875.59 0.709 1327.949 -0.5370203577386627 0.0
17.0 2.0 Car -1.0 -1.0 -1.0 -1.0 -1.0 -1.0 -1.0 2.243 1.782 4.839 885.151 0.97 1337.758 2.559141375379011 1.0
17.0 4.0 Car -1.0 -1.0 -1.0 -1.0 -1.0 -1.0 -1.0 2.101 2.182 4.771 835.92 1.146 1363.298 2.585687833556976 1.0
17.0 8.0 Car -1.0 -1.0 -1.0 -1.0 -1.0 -1.0 -1.0 1.971 1.764 4.676 896.916 0.857 1314.96 -0.563270109557866 0.0
18.0 5.0 Car -1.0 -1.0 -1.0 -1.0 -1.0 -1.0 -1.0 1.804 1.554 4.602 891.072 0.923 1329.173 2.587398256036968 1.0
18.0 7.0 Car -1.0 -1.0 -1.0 -1.0 -1.0 -1.0 -1.0 2.139 1.672 4.556 871.847 0.918 1340.902 2.559141375379011 1.0
18.0 1.0 Car -1.0 -1.0 -1.0 -1.0 -1.0 -1.0 -1.0 1.905 1.504 4.986 880.488 0.719 1324.923 -0.5370203577386627 0.0
18.0 2.0 Car -1.0 -1.0 -1.0 -1.0 -1.0 -1.0 -1.0 2.243 1.782 4.839 881.939 0.953 1339.713 2.559141375379011 1.0
18.0 4.0 Car -1.0 -1.0 -1.0 -1.0 -1.0 -1.0 -1.0 2.101 2.182 4.771 831.567 1.146 1365.994 2.585687833556976 1.0
18.0 8.0 Car -1.0 -1.0 -1.0 -1.0 -1.0 -1.0 -1.0 1.971 1.764 4.676 901.785 0.856 1311.897 -0.563270109557866 0.0
19.0 5.0 Car -1.0 -1.0 -1.0 -1.0 -1.0 -1.0 -1.0 1.804 1.554 4.602 885.664 0.867 1332.477 2.587398256036968 1.0
19.0 7.0 Car -1.0 -1.0 -1.0 -1.0 -1.0 -1.0 -1.0 2.139 1.672 4.556 866.413 0.894 1344.251 2.559141375379011 1.0
19.0 1.0 Car -1.0 -1.0 -1.0 -1.0 -1.0 -1.0 -1.0 1.905 1.504 4.986 886.726 0.769 1320.989 -0.5370203577386627 0.0
19.0 2.0 Car -1.0 -1.0 -1.0 -1.0 -1.0 -1.0 -1.0 2.243 1.782 4.839 877.923 0.932 1342.158 2.559141375379011 1.0
19.0 6.0 Car -1.0 -1.0 -1.0 -1.0 -1.0 -1.0 -1.0 1.697 1.535 4.448 794.192 1.09 1382.061 -0.5237209489148125 0.0
19.0 4.0 Car -1.0 -1.0 -1.0 -1.0 -1.0 -1.0 -1.0 2.101 2.182 4.771 826.125 1.145 1369.365 2.585687833556976 1.0
19.0 8.0 Car -1.0 -1.0 -1.0 -1.0 -1.0 -1.0 -1.0 1.971 1.764 4.676 907.871 0.854 1308.068 -0.563270109557866 0.0
20.0 5.0 Car -1.0 -1.0 -1.0 -1.0 -1.0 -1.0 -1.0 1.804 1.554 4.602 880.262 0.922 1335.778 2.5936295099276996 1.0
20.0 7.0 Car -1.0 -1.0 -1.0 -1.0 -1.0 -1.0 -1.0 2.139 1.672 4.556 861.075 0.893 1347.56 2.5664121448484156 1.0
20.0 1.0 Car -1.0 -1.0 -1.0 -1.0 -1.0 -1.0 -1.0 1.905 1.504 4.986 892.956 0.819 1317.06 -0.5370203577386627 0.0
20.0 2.0 Car -1.0 -1.0 -1.0 -1.0 -1.0 -1.0 -1.0 2.243 1.782 4.839 873.891 0.912 1344.568 2.559141375379011 1.0
20.0 6.0 Car -1.0 -1.0 -1.0 -1.0 -1.0 -1.0 -1.0 1.697 1.535 4.448 798.371 0.98 1379.444 -0.5237209489148125 1.0
20.0 4.0 Car -1.0 -1.0 -1.0 -1.0 -1.0 -1.0 -1.0 2.101 2.182 4.771 820.69 1.144 1372.732 2.585687833556976 1.0
21.0 5.0 Car -1.0 -1.0 -1.0 -1.0 -1.0 -1.0 -1.0 1.804 1.554 4.602 874.859 0.977 1339.08 2.599860900941943 1.0
21.0 7.0 Car -1.0 -1.0 -1.0 -1.0 -1.0 -1.0 -1.0 2.139 1.672 4.556 855.737 0.893 1350.87 2.573683074316668 1.0
21.0 1.0 Car -1.0 -1.0 -1.0 -1.0 -1.0 -1.0 -1.0 1.905 1.504 4.986 899.186 0.869 1313.131 -0.5370203577386627 0.0
21.0 0.0 Car -1.0 -1.0 -1.0 -1.0 -1.0 -1.0 -1.0 1.764 1.524 4.649 788.763 0.95 1385.832 -0.5131791603767191 0.0
21.0 2.0 Car -1.0 -1.0 -1.0 -1.0 -1.0 -1.0 -1.0 2.243 1.782 4.839 869.895 0.947 1347.034 2.559141375379011 1.0
21.0 6.0 Car -1.0 -1.0 -1.0 -1.0 -1.0 -1.0 -1.0 1.697 1.535 4.448 804.759 0.841 1375.551 -0.5237209489148125 1.0
21.0 4.0 Car -1.0 -1.0 -1.0 -1.0 -1.0 -1.0 -1.0 2.101 2.182 4.771 815.708 1.088 1375.793 2.585687833556976 1.0
22.0 5.0 Car -1.0 -1.0 -1.0 -1.0 -1.0 -1.0 -1.0 1.804 1.554 4.602 870.533 1.022 1341.723 2.6048515485569115 1.0
22.0 7.0 Car -1.0 -1.0 -1.0 -1.0 -1.0 -1.0 -1.0 2.139 1.672 4.556 851.461 0.893 1353.52 2.5795062760265903 1.0
22.0 1.0 Car -1.0 -1.0 -1.0 -1.0 -1.0 -1.0 -1.0 1.905 1.504 4.986 903.576 0.98 1310.526 -0.556982962456551 0.0
22.0 0.0 Car -1.0 -1.0 -1.0 -1.0 -1.0 -1.0 -1.0 1.764 1.524 4.649 794.944 0.649 1382.388 -0.5131791603767191 1.0
22.0 2.0 Car -1.0 -1.0 -1.0 -1.0 -1.0 -1.0 -1.0 2.243 1.782 4.839 866.695 1.043 1349.009 2.559141375379011 1.0
22.0 6.0 Car -1.0 -1.0 -1.0 -1.0 -1.0 -1.0 -1.0 1.697 1.535 4.448 809.684 0.64 1372.544 -0.5237209489148125 0.0
22.0 4.0 Car -1.0 -1.0 -1.0 -1.0 -1.0 -1.0 -1.0 2.101 2.182 4.771 811.718 1.043 1378.244 2.585687833556976 1.0
23.0 5.0 Car -1.0 -1.0 -1.0 -1.0 -1.0 -1.0 -1.0 1.804 1.554 4.602 865.023 0.987 1345.046 2.599008391857617 1.0
23.0 7.0 Car -1.0 -1.0 -1.0 -1.0 -1.0 -1.0 -1.0 2.139 1.672 4.556 846.102 0.892 1356.843 2.586806252558434 1.0
23.0 1.0 Car -1.0 -1.0 -1.0 -1.0 -1.0 -1.0 -1.0 1.905 1.504 4.986 909.079 1.12 1307.261 -0.5820081209886272 0.0
23.0 0.0 Car -1.0 -1.0 -1.0 -1.0 -1.0 -1.0 -1.0 1.764 1.524 4.649 798.548 0.649 1379.947 -0.5131791603767191 1.0
23.0 2.0 Car -1.0 -1.0 -1.0 -1.0 -1.0 -1.0 -1.0 2.243 1.782 4.839 863.832 1.031 1350.745 2.559141375379011 1.0
23.0 6.0 Car -1.0 -1.0 -1.0 -1.0 -1.0 -1.0 -1.0 1.697 1.535 4.448 815.38 0.64 1369.05 -0.5237209489148125 0.0
23.0 4.0 Car -1.0 -1.0 -1.0 -1.0 -1.0 -1.0 -1.0 2.101 2.182 4.771 806.716 0.987 1381.318 2.585687833556976 1.0
24.0 5.0 Car -1.0 -1.0 -1.0 -1.0 -1.0 -1.0 -1.0 1.804 1.554 4.602 859.557 0.953 1348.342 2.5932118754421722 1.0
24.0 7.0 Car -1.0 -1.0 -1.0 -1.0 -1.0 -1.0 -1.0 2.139 1.672 4.556 840.785 0.892 1360.139 2.5940479604188975 1.0
24.0 1.0 Car -1.0 -1.0 -1.0 -1.0 -1.0 -1.0 -1.0 1.905 1.504 4.986 914.538 1.259 1304.022 -0.6068335278184351 0.0
24.0 0.0 Car -1.0 -1.0 -1.0 -1.0 -1.0 -1.0 -1.0 1.764 1.524 4.649 801.368 0.648 1377.478 -0.5131791603767191 1.0
24.0 2.0 Car -1.0 -1.0 -1.0 -1.0 -1.0 -1.0 -1.0 2.243 1.782 4.839 860.992 1.02 1352.467 2.559141375379011 1.0
24.0 6.0 Car -1.0 -1.0 -1.0 -1.0 -1.0 -1.0 -1.0 1.697 1.535 4.448 821.031 0.64 1365.584 -0.5237209489148125 0.0
24.0 4.0 Car -1.0 -1.0 -1.0 -1.0 -1.0 -1.0 -1.0 2.101 2.182 4.771 801.754 0.932 1384.366 2.585687833556976 1.0
25.0 3.0 Car -1.0 -1.0 -1.0 -1.0 -1.0 -1.0 -1.0 1.999 1.98 4.706 878.413 1.334 1340.757 2.6816809423435175 0.0
25.0 5.0 Car -1.0 -1.0 -1.0 -1.0 -1.0 -1.0 -1.0 1.804 1.554 4.602 854.074 0.919 1351.648 2.587398256036968 1.0
25.0 7.0 Car -1.0 -1.0 -1.0 -1.0 -1.0 -1.0 -1.0 2.139 1.672 4.556 835.113 0.914 1363.846 2.559141375379011 1.0
25.0 1.0 Car -1.0 -1.0 -1.0 -1.0 -1.0 -1.0 -1.0 1.905 1.504 4.986 920.179 1.331 1300.44 -0.6068335278184351 0.0
25.0 0.0 Car -1.0 -1.0 -1.0 -1.0 -1.0 -1.0 -1.0 1.764 1.524 4.649 807.011 0.648 1374.114 -0.5131791603767191 1.0
25.0 2.0 Car -1.0 -1.0 -1.0 -1.0 -1.0 -1.0 -1.0 2.243 1.782 4.839 858.144 1.009 1354.194 2.559141375379011 1.0
25.0 6.0 Car -1.0 -1.0 -1.0 -1.0 -1.0 -1.0 -1.0 1.697 1.535 4.448 826.476 0.69 1361.936 -0.5237209489148125 0.0
25.0 4.0 Car -1.0 -1.0 -1.0 -1.0 -1.0 -1.0 -1.0 2.101 2.182 4.771 796.778 0.876 1387.424 2.585687833556976 1.0
26.0 3.0 Car -1.0 -1.0 -1.0 -1.0 -1.0 -1.0 -1.0 1.999 1.98 4.706 872.929 1.316 1343.62 2.6816809423435175 1.0
26.0 5.0 Car -1.0 -1.0 -1.0 -1.0 -1.0 -1.0 -1.0 1.804 1.554 4.602 848.889 0.895 1354.861 2.5832407370499895 1.0
26.0 7.0 Car -1.0 -1.0 -1.0 -1.0 -1.0 -1.0 -1.0 2.139 1.672 4.556 829.716 0.858 1367.225 2.559141375379011 1.0
26.0 1.0 Car -1.0 -1.0 -1.0 -1.0 -1.0 -1.0 -1.0 1.905 1.504 4.986 925.826 1.404 1296.853 -0.6068335278184351 0.0
26.0 0.0 Car -1.0 -1.0 -1.0 -1.0 -1.0 -1.0 -1.0 1.764 1.524 4.649 812.629 0.597 1370.691 -0.5131791603767191 1.0
26.0 2.0 Car -1.0 -1.0 -1.0 -1.0 -1.0 -1.0 -1.0 2.243 1.782 4.839 855.58 1.022 1355.718 2.559141375379011 1.0
26.0 6.0 Car -1.0 -1.0 -1.0 -1.0 -1.0 -1.0 -1.0 1.697 1.535 4.448 832.379 0.79 1358.518 -0.5237209489148125 0.0
26.0 4.0 Car -1.0 -1.0 -1.0 -1.0 -1.0 -1.0 -1.0 2.101 2.182 4.771 791.759 0.885 1390.433 2.585687833556976 1.0
27.0 3.0 Car -1.0 -1.0 -1.0 -1.0 -1.0 -1.0 -1.0 1.999 1.98 4.706 867.45 1.298 1346.48 2.6816809423435175 1.0
27.0 5.0 Car -1.0 -1.0 -1.0 -1.0 -1.0 -1.0 -1.0 1.804 1.554 4.602 843.708 0.871 1358.07 2.5790876843817805 1.0
27.0 7.0 Car -1.0 -1.0 -1.0 -1.0 -1.0 -1.0 -1.0 2.139 1.672 4.556 824.325 0.823 1370.6 2.559141375379011 1.0
27.0 1.0 Car -1.0 -1.0 -1.0 -1.0 -1.0 -1.0 -1.0 1.905 1.504 4.986 931.467 1.626 1293.271 -0.6068335278184351 0.0
27.0 0.0 Car -1.0 -1.0 -1.0 -1.0 -1.0 -1.0 -1.0 1.764 1.524 4.649 818.241 0.547 1367.272 -0.5131791603767191 1.0
27.0 2.0 Car -1.0 -1.0 -1.0 -1.0 -1.0 -1.0 -1.0 2.243 1.782 4.839 853.019 1.035 1357.24 2.559141375379011 1.0
27.0 6.0 Car -1.0 -1.0 -1.0 -1.0 -1.0 -1.0 -1.0 1.697 1.535 4.448 838.547 0.84 1354.594 -0.5586275339546987 0.0
27.0 4.0 Car -1.0 -1.0 -1.0 -1.0 -1.0 -1.0 -1.0 2.101 2.182 4.771 786.746 0.895 1393.439 2.585687833556976 1.0
28.0 3.0 Car -1.0 -1.0 -1.0 -1.0 -1.0 -1.0 -1.0 1.999 1.98 4.706 860.874 1.277 1349.914 2.6816809423435175 0.0
28.0 5.0 Car -1.0 -1.0 -1.0 -1.0 -1.0 -1.0 -1.0 1.804 1.554 4.602 837.49 0.843 1361.922 2.574102249623323 0.0
28.0 7.0 Car -1.0 -1.0 -1.0 -1.0 -1.0 -1.0 -1.0 2.139 1.672 4.556 817.854 0.781 1374.651 2.559141375379011 0.0
28.0 0.0 Car -1.0 -1.0 -1.0 -1.0 -1.0 -1.0 -1.0 1.764 1.524 4.649 824.846 0.666 1363.131 -0.5131791603767191 0.0
28.0 2.0 Car -1.0 -1.0 -1.0 -1.0 -1.0 -1.0 -1.0 2.243 1.782 4.839 849.944 1.051 1359.067 2.559141375379011 0.0
28.0 6.0 Car -1.0 -1.0 -1.0 -1.0 -1.0 -1.0 -1.0 1.697 1.535 4.448 845.578 0.873 1350.137 -0.5586275339546987 0.0
28.0 4.0 Car -1.0 -1.0 -1.0 -1.0 -1.0 -1.0 -1.0 2.101 2.182 4.771 780.727 0.907 1397.047 2.585687833556976 0.0
29.0 3.0 Car -1.0 -1.0 -1.0 -1.0 -1.0 -1.0 -1.0 1.999 1.98 4.706 855.39 1.259 1352.777 2.6816809423435175 0.0
29.0 5.0 Car -1.0 -1.0 -1.0 -1.0 -1.0 -1.0 -1.0 1.804 1.554 4.602 832.304 0.819 1365.135 2.569944963517025 0.0
29.0 7.0 Car -1.0 -1.0 -1.0 -1.0 -1.0 -1.0 -1.0 2.139 1.672 4.556 812.654 0.836 1377.817 2.563672988277151 0.0
29.0 0.0 Car -1.0 -1.0 -1.0 -1.0 -1.0 -1.0 -1.0 1.764 1.524 4.649 830.146 0.807 1359.796 -0.5131791603767191 0.0
29.0 2.0 Car -1.0 -1.0 -1.0 -1.0 -1.0 -1.0 -1.0 2.243 1.782 4.839 847.38 1.064 1360.591 2.559141375379011 0.0
29.0 6.0 Car -1.0 -1.0 -1.0 -1.0 -1.0 -1.0 -1.0 1.697 1.535 4.448 851.441 0.901 1346.42 -0.5586275339546987 0.0
29.0 4.0 Car -1.0 -1.0 -1.0 -1.0 -1.0 -1.0 -1.0 2.101 2.182 4.771 775.731 0.916 1400.093 2.585687833556976 0.0
30.0 3.0 Car -1.0 -1.0 -1.0 -1.0 -1.0 -1.0 -1.0 1.999 1.98 4.706 849.906 1.306 1355.64 2.6816809423435175 0.0
30.0 5.0 Car -1.0 -1.0 -1.0 -1.0 -1.0 -1.0 -1.0 1.804 1.554 4.602 827.572 0.782 1368.127 2.569944963517025 0.0
30.0 7.0 Car -1.0 -1.0 -1.0 -1.0 -1.0 -1.0 -1.0 2.139 1.672 4.556 807.454 0.891 1380.984 2.5682049638174673 0.0
30.0 0.0 Car -1.0 -1.0 -1.0 -1.0 -1.0 -1.0 -1.0 1.764 1.524 4.649 836.449 0.899 1355.895 -0.5131791603767191 0.0
30.0 2.0 Car -1.0 -1.0 -1.0 -1.0 -1.0 -1.0 -1.0 2.243 1.782 4.839 844.839 1.077 1362.149 2.559141375379011 0.0
30.0 6.0 Car -1.0 -1.0 -1.0 -1.0 -1.0 -1.0 -1.0 1.697 1.535 4.448 857.552 0.978 1342.549 -0.5586275339546987 0.0
30.0 4.0 Car -1.0 -1.0 -1.0 -1.0 -1.0 -1.0 -1.0 2.101 2.182 4.771 770.723 0.976 1403.126 2.585687833556976 0.0
31.0 3.0 Car -1.0 -1.0 -1.0 -1.0 -1.0 -1.0 -1.0 1.999 1.98 4.706 844.513 1.28 1358.645 2.652606714131029 0.0
31.0 5.0 Car -1.0 -1.0 -1.0 -1.0 -1.0 -1.0 -1.0 1.804 1.554 4.602 822.545 0.745 1371.221 2.569944963517025 0.0
31.0 7.0 Car -1.0 -1.0 -1.0 -1.0 -1.0 -1.0 -1.0 2.139 1.672 4.556 802.254 0.947 1384.15 2.5727367943009134 0.0
31.0 0.0 Car -1.0 -1.0 -1.0 -1.0 -1.0 -1.0 -1.0 1.764 1.524 4.649 842.442 0.99 1352.169 -0.5131791603767191 0.0
31.0 2.0 Car -1.0 -1.0 -1.0 -1.0 -1.0 -1.0 -1.0 2.243 1.782 4.839 842.296 1.091 1363.705 2.559141375379011 0.0
31.0 6.0 Car -1.0 -1.0 -1.0 -1.0 -1.0 -1.0 -1.0 1.697 1.535 4.448 863.661 1.055 1338.678 -0.5586275339546987 0.0
31.0 4.0 Car -1.0 -1.0 -1.0 -1.0 -1.0 -1.0 -1.0 2.101 2.182 4.771 765.714 1.036 1406.159 2.585687833556976 0.0
32.0 3.0 Car -1.0 -1.0 -1.0 -1.0 -1.0 -1.0 -1.0 1.999 1.98 4.706 840.258 1.259 1361.164 2.6293210647836878 0.0
32.0 5.0 Car -1.0 -1.0 -1.0 -1.0 -1.0 -1.0 -1.0 1.804 1.554 4.602 818.479 0.745 1373.76 2.569944963517025 0.0
32.0 7.0 Car -1.0 -1.0 -1.0 -1.0 -1.0 -1.0 -1.0 2.139 1.672 4.556 798.089 0.928 1386.686 2.5763663529178396 0.0
32.0 0.0 Car -1.0 -1.0 -1.0 -1.0 -1.0 -1.0 -1.0 1.764 1.524 4.649 847.242 1.063 1349.184 -0.5131791603767191 0.0
32.0 2.0 Car -1.0 -1.0 -1.0 -1.0 -1.0 -1.0 -1.0 2.243 1.782 4.839 840.26 1.101 1364.951 2.559141375379011 0.0
32.0 6.0 Car -1.0 -1.0 -1.0 -1.0 -1.0 -1.0 -1.0 1.697 1.535 4.448 868.583 1.089 1335.787 -0.5586275339546987 0.0
32.0 4.0 Car -1.0 -1.0 -1.0 -1.0 -1.0 -1.0 -1.0 2.101 2.182 4.771 761.703 1.083 1408.589 2.585687833556976 0.0
33.0 3.0 Car -1.0 -1.0 -1.0 -1.0 -1.0 -1.0 -1.0 1.999 1.98 4.706 835.368 1.2 1364.082 2.6293210647836878 0.0
33.0 5.0 Car -1.0 -1.0 -1.0 -1.0 -1.0 -1.0 -1.0 1.804 1.554 4.602 813.413 0.773 1376.904 2.574418330119504 0.0
33.0 7.0 Car -1.0 -1.0 -1.0 -1.0 -1.0 -1.0 -1.0 2.139 1.672 4.556 792.889 0.936 1389.852 2.5808982377976117 0.0
33.0 0.0 Car -1.0 -1.0 -1.0 -1.0 -1.0 -1.0 -1.0 1.764 1.524 4.649 853.412 1.104 1345.359 -0.5131791603767191 0.0
33.0 2.0 Car -1.0 -1.0 -1.0 -1.0 -1.0 -1.0 -1.0 2.243 1.782 4.839 837.717 1.114 1366.506 2.559141375379011 0.0
33.0 6.0 Car -1.0 -1.0 -1.0 -1.0 -1.0 -1.0 -1.0 1.697 1.535 4.448 874.727 1.13 1332.178 -0.5586275339546987 0.0
33.0 4.0 Car -1.0 -1.0 -1.0 -1.0 -1.0 -1.0 -1.0 2.101 2.182 4.771 756.698 1.114 1411.64 2.585687833556976 0.0
34.0 3.0 Car -1.0 -1.0 -1.0 -1.0 -1.0 -1.0 -1.0 1.999 1.98 4.706 830.473 1.14 1367.004 2.6293210647836878 0.0
34.0 5.0 Car -1.0 -1.0 -1.0 -1.0 -1.0 -1.0 -1.0 1.804 1.554 4.602 808.341 0.8 1380.052 2.578896690257482 0.0
34.0 7.0 Car -1.0 -1.0 -1.0 -1.0 -1.0 -1.0 -1.0 2.139 1.672 4.556 787.683 0.945 1393.022 2.5854351815357424 0.0
34.0 0.0 Car -1.0 -1.0 -1.0 -1.0 -1.0 -1.0 -1.0 1.764 1.524 4.649 859.589 1.146 1341.529 -0.5131791603767191 0.0
34.0 2.0 Car -1.0 -1.0 -1.0 -1.0 -1.0 -1.0 -1.0 2.243 1.782 4.839 835.171 1.127 1368.064 2.559141375379011 0.0
34.0 4.0 Car -1.0 -1.0 -1.0 -1.0 -1.0 -1.0 -1.0 2.101 2.182 4.771 751.687 1.145 1414.695 2.585687833556976 0.0
35.0 3.0 Car -1.0 -1.0 -1.0 -1.0 -1.0 -1.0 -1.0 1.999 1.98 4.706 825.583 1.08 1369.922 2.6293210647836878 0.0
35.0 5.0 Car -1.0 -1.0 -1.0 -1.0 -1.0 -1.0 -1.0 1.804 1.554 4.602 803.276 0.828 1383.195 2.5833700926559144 0.0
35.0 7.0 Car -1.0 -1.0 -1.0 -1.0 -1.0 -1.0 -1.0 2.139 1.672 4.556 782.483 0.954 1396.188 2.589967102679732 0.0
35.0 0.0 Car -1.0 -1.0 -1.0 -1.0 -1.0 -1.0 -1.0 1.764 1.524 4.649 865.759 1.187 1337.703 -0.5131791603767191 0.0
35.0 2.0 Car -1.0 -1.0 -1.0 -1.0 -1.0 -1.0 -1.0 2.243 1.782 4.839 832.694 1.067 1369.611 2.559141375379011 0.0
35.0 4.0 Car -1.0 -1.0 -1.0 -1.0 -1.0 -1.0 -1.0 2.101 2.182 4.771 746.682 1.175 1417.746 2.585687833556976 0.0
36.0 3.0 Car -1.0 -1.0 -1.0 -1.0 -1.0 -1.0 -1.0 1.999 1.98 4.706 821.586 1.08 1372.287 2.6208315267703566 0.0
36.0 5.0 Car -1.0 -1.0 -1.0 -1.0 -1.0 -1.0 -1.0 1.804 1.554 4.602 798.714 0.853 1386.026 2.587398256036968 0.0
36.0 7.0 Car -1.0 -1.0 -1.0 -1.0 -1.0 -1.0 -1.0 2.139 1.672 4.556 777.8 1.034 1399.04 2.5940479604188975 0.0
36.0 0.0 Car -1.0 -1.0 -1.0 -1.0 -1.0 -1.0 -1.0 1.764 1.524 4.649 871.361 1.174 1334.341 -0.5131791603767191 0.0
36.0 2.0 Car -1.0 -1.0 -1.0 -1.0 -1.0 -1.0 -1.0 2.243 1.782 4.839 831.166 0.917 1370.541 2.559141375379011 0.0
36.0 4.0 Car -1.0 -1.0 -1.0 -1.0 -1.0 -1.0 -1.0 2.101 2.182 4.771 742.175 1.203 1420.493 2.585687833556976 0.0
37.0 3.0 Car -1.0 -1.0 -1.0 -1.0 -1.0 -1.0 -1.0 1.999 1.98 4.706 817.143 1.08 1374.916 2.611393404887255 0.0
37.0 5.0 Car -1.0 -1.0 -1.0 -1.0 -1.0 -1.0 -1.0 1.804 1.554 4.602 793.581 0.842 1389.21 2.587398256036968 0.0
37.0 7.0 Car -1.0 -1.0 -1.0 -1.0 -1.0 -1.0 -1.0 2.139 1.672 4.556 772.724 1.059 1402.121 2.5940479604188975 0.0
37.0 0.0 Car -1.0 -1.0 -1.0 -1.0 -1.0 -1.0 -1.0 1.764 1.524 4.649 877.259 1.16 1330.798 -0.6353522080163216 0.0
37.0 2.0 Car -1.0 -1.0 -1.0 -1.0 -1.0 -1.0 -1.0 2.243 1.782 4.839 829.028 0.883 1371.803 2.559141375379011 0.0
37.0 4.0 Car -1.0 -1.0 -1.0 -1.0 -1.0 -1.0 -1.0 2.101 2.182 4.771 737.165 1.345 1423.548 2.585687833556976 0.0
38.0 3.0 Car -1.0 -1.0 -1.0 -1.0 -1.0 -1.0 -1.0 1.999 1.98 4.706 813.588 1.08 1377.02 2.6038430016827787 0.0
38.0 5.0 Car -1.0 -1.0 -1.0 -1.0 -1.0 -1.0 -1.0 1.804 1.554 4.602 789.474 0.834 1391.757 2.587398256036968 0.0
38.0 7.0 Car -1.0 -1.0 -1.0 -1.0 -1.0 -1.0 -1.0 2.139 1.672 4.556 768.663 1.079 1404.586 2.5940479604188975 0.0
38.0 0.0 Car -1.0 -1.0 -1.0 -1.0 -1.0 -1.0 -1.0 1.764 1.524 4.649 881.921 1.148 1327.887 -0.6353522080163216 0.0
38.0 2.0 Car -1.0 -1.0 -1.0 -1.0 -1.0 -1.0 -1.0 2.243 1.782 4.839 827.286 0.88 1372.764 2.559141375379011 0.0
38.0 4.0 Car -1.0 -1.0 -1.0 -1.0 -1.0 -1.0 -1.0 2.101 2.182 4.771 733.156 1.458 1425.991 2.585687833556976 0.0
39.0 3.0 Car -1.0 -1.0 -1.0 -1.0 -1.0 -1.0 -1.0 1.999 1.98 4.706 809.149 1.08 1379.646 2.5944144797438007 0.0
39.0 5.0 Car -1.0 -1.0 -1.0 -1.0 -1.0 -1.0 -1.0 1.804 1.554 4.602 784.346 0.823 1394.938 2.587398256036968 0.0
39.0 7.0 Car -1.0 -1.0 -1.0 -1.0 -1.0 -1.0 -1.0 2.139 1.672 4.556 763.592 1.105 1407.663 2.5940479604188975 0.0
39.0 0.0 Car -1.0 -1.0 -1.0 -1.0 -1.0 -1.0 -1.0 1.764 1.524 4.649 887.741 1.284 1324.251 -0.6353522080163216 0.0
39.0 2.0 Car -1.0 -1.0 -1.0 -1.0 -1.0 -1.0 -1.0 2.243 1.782 4.839 825.156 0.94 1374.034 2.559141375379011 0.0
39.0 4.0 Car -1.0 -1.0 -1.0 -1.0 -1.0 -1.0 -1.0 2.101 2.182 4.771 728.151 1.489 1429.043 2.585687833556976 0.0
