0.0 1.0 Car -1.0 -1.0 -1.0 -1.0 -1.0 -1.0 -1.0 1.573 1.687 4.631 1274.334 -0.021 1025.353 0.8523140869183283 0.0
0.0 3.0 Car -1.0 -1.0 -1.0 -1.0 -1.0 -1.0 -1.0 2.158 2.0 5.096 1236.323 -0.127 980.693 0.8697673794382723 0.0
1.0 1.0 Car -1.0 -1.0 -1.0 -1.0 -1.0 -1.0 -1.0 1.573 1.687 4.631 1274.299 0.125 1025.283 0.8523140869183283 0.0
1.0 3.0 Car -1.0 -1.0 -1.0 -1.0 -1.0 -1.0 -1.0 2.158 2.0 5.096 1239.21 -0.017 984.058 0.8697673794382723 1.0
2.0 1.0 Car -1.0 -1.0 -1.0 -1.0 -1.0 -1.0 -1.0 1.573 1.687 4.631 1274.257 0.301 1025.198 0.8523140869183283 0.0
2.0 0.0 Car -1.0 -1.0 -1.0 -1.0 -1.0 -1.0 -1.0 1.855 1.466 4.956 1277.941 0.549 1033.107 0.8699768189482169 0.0
2.0 3.0 Car -1.0 -1.0 -1.0 -1.0 -1.0 -1.0 -1.0 2.158 2.0 5.096 1242.674 0.115 988.097 0.8697673794382723 1.0
3.0 1.0 Car -1.0 -1.0 -1.0 -1.0 -1.0 -1.0 -1.0 1.573 1.687 4.631 1274.222 0.447 1025.128 0.8523140869183283 1.0
3.0 0.0 Car -1.0 -1.0 -1.0 -1.0 -1.0 -1.0 -1.0 1.855 1.466 4.956 1277.923 0.568 1033.086 0.8699768189482169 0.0
3.0 4.0 Bus -1.0 -1.0 -1.0 -1.0 -1.0 -1.0 -1.0 2.933 3.016 10.011 1270.169 1.062 1025.222 0.8342961508380998 0.0
3.0 3.0 Car -1.0 -1.0 -1.0 -1.0 -1.0 -1.0 -1.0 2.158 2.0 5.096 1245.56 0.225 991.462 0.8697673794382723 1.0
4.0 1.0 Car -1.0 -1.0 -1.0 -1.0 -1.0 -1.0 -1.0 1.573 1.687 4.631 1274.188 0.593 1025.058 0.8523140869183283 1.0
4.0 0.0 Car -1.0 -1.0 -1.0 -1.0 -1.0 -1.0 -1.0 1.855 1.466 4.956 1277.906 0.587 1033.065 0.8699768189482169 0.0
4.0 4.0 Bus -1.0 -1.0 -1.0 -1.0 -1.0 -1.0 -1.0 2.933 3.016 10.011 1270.178 1.103 1025.151 0.8390082935318517 0.0
4.0 3.0 Car -1.0 -1.0 -1.0 -1.0 -1.0 -1.0 -1.0 2.158 2.0 5.096 1248.444 0.335 994.824 0.8697673794382723 1.0
5.0 1.0 Car -1.0 -1.0 -1.0 -1.0 -1.0 -1.0 -1.0 1.573 1.687 4.631 1274.398 0.583 1025.157 0.8523140869183283 1.0
5.0 0.0 Car -1.0 -1.0 -1.0 -1.0 -1.0 -1.0 -1.0 1.855 1.466 4.956 1277.888 0.606 1033.045 0.8699768189482169 1.0
5.0 4.0 Bus -1.0 -1.0 -1.0 -1.0 -1.0 -1.0 -1.0 2.933 3.016 10.011 1270.186 1.145 1025.079 0.8437248995810537 0.0
5.0 3.0 Car -1.0 -1.0 -1.0 -1.0 -1.0 -1.0 -1.0 2.158 2.0 5.096 1251.33 0.445 998.189 0.8697673794382723 1.0
6.0 1.0 Car -1.0 -1.0 -1.0 -1.0 -1.0 -1.0 -1.0 1.573 1.687 4.631 1274.53 0.571 1025.353 0.8523140869183283 1.0
6.0 0.0 Car -1.0 -1.0 -1.0 -1.0 -1.0 -1.0 -1.0 1.855 1.466 4.956 1277.904 0.627 1033.064 0.8699768189482169 1.0
6.0 4.0 Bus -1.0 -1.0 -1.0 -1.0 -1.0 -1.0 -1.0 2.933 3.016 10.011 1270.195 1.191 1025.0 0.8489113469224255 1.0
6.0 3.0 Car -1.0 -1.0 -1.0 -1.0 -1.0 -1.0 -1.0 2.158 2.0 5.096 1254.503 0.15 1001.89 0.8697673794382723 1.0
7.0 1.0 Car -1.0 -1.0 -1.0 -1.0 -1.0 -1.0 -1.0 1.573 1.687 4.631 1274.752 0.644 1025.581 0.8523140869183283 1.0
7.0 0.0 Car -1.0 -1.0 -1.0 -1.0 -1.0 -1.0 -1.0 1.855 1.466 4.956 1277.866 0.664 1033.018 0.8699768189482169 1.0
7.0 4.0 Bus -1.0 -1.0 -1.0 -1.0 -1.0 -1.0 -1.0 2.933 3.016 10.011 1270.204 1.233 1024.929 0.8536230838565912 1.0
7.0 3.0 Car -1.0 -1.0 -1.0 -1.0 -1.0 -1.0 -1.0 2.158 2.0 5.096 1256.359 0.349 1004.034 0.8697673794382723 1.0
8.0 5.0 Car -1.0 -1.0 -1.0 -1.0 -1.0 -1.0 -1.0 1.965 1.834 4.639 1213.558 -0.239 965.586 -2.521020360482326 0.0
8.0 1.0 Car -1.0 -1.0 -1.0 -1.0 -1.0 -1.0 -1.0 1.573 1.687 4.631 1274.975 0.717 1025.81 0.8523140869183283 1.0
8.0 0.0 Car -1.0 -1.0 -1.0 -1.0 -1.0 -1.0 -1.0 1.855 1.466 4.956 1277.866 0.702 1033.018 0.8699768189482169 1.0
8.0 4.0 Bus -1.0 -1.0 -1.0 -1.0 -1.0 -1.0 -1.0 2.933 3.016 10.011 1270.093 1.328 1024.761 0.8536230838565912 1.0
8.0 3.0 Car -1.0 -1.0 -1.0 -1.0 -1.0 -1.0 -1.0 2.158 2.0 5.096 1258.217 0.549 1006.181 0.8697673794382723 1.0
9.0 5.0 Car -1.0 -1.0 -1.0 -1.0 -1.0 -1.0 -1.0 1.965 1.834 4.639 1212.346 -0.171 965.002 -2.3929904032885583 1.0
9.0 1.0 Car -1.0 -1.0 -1.0 -1.0 -1.0 -1.0 -1.0 1.573 1.687 4.631 1275.198 0.79 1026.039 0.8523140869183283 1.0
9.0 0.0 Car -1.0 -1.0 -1.0 -1.0 -1.0 -1.0 -1.0 1.855 1.466 4.956 1277.866 0.739 1033.018 0.8699768189482169 1.0
9.0 4.0 Bus -1.0 -1.0 -1.0 -1.0 -1.0 -1.0 -1.0 2.933 3.016 10.011 1270.092 1.423 1024.718 0.8536230838565912 1.0
9.0 3.0 Car -1.0 -1.0 -1.0 -1.0 -1.0 -1.0 -1.0 2.158 2.0 5.096 1260.077 0.649 1008.33 0.8697673794382723 1.0
10.0 5.0 Car -1.0 -1.0 -1.0 -1.0 -1.0 -1.0 -1.0 1.965 1.834 4.639 1211.22 -0.104 964.269 -2.264948676895318 1.0
10.0 1.0 Car -1.0 -1.0 -1.0 -1.0 -1.0 -1.0 -1.0 1.573 1.687 4.631 1275.421 0.863 1026.268 0.8523140869183283 1.0
10.0 0.0 Car -1.0 -1.0 -1.0 -1.0 -1.0 -1.0 -1.0 1.855 1.466 4.956 1277.866 0.777 1033.018 0.8699768189482169 1.0
10.0 4.0 Bus -1.0 -1.0 -1.0 -1.0 -1.0 -1.0 -1.0 2.933 3.016 10.011 1270.091 1.518 1024.675 0.8536230838565912 1.0
10.0 3.0 Car -1.0 -1.0 -1.0 -1.0 -1.0 -1.0 -1.0 2.158 2.0 5.096 1261.937 0.75 1010.479 0.8697673794382723 1.0
11.0 5.0 Car -1.0 -1.0 -1.0 -1.0 -1.0 -1.0 -1.0 1.965 1.834 4.639 1208.954 -0.049 961.65 -2.264948676895318 1.0
11.0 1.0 Car -1.0 -1.0 -1.0 -1.0 -1.0 -1.0 -1.0 1.573 1.687 4.631 1275.644 0.936 1026.497 0.8523140869183283 1.0
11.0 0.0 Car -1.0 -1.0 -1.0 -1.0 -1.0 -1.0 -1.0 1.855 1.466 4.956 1277.893 0.814 1033.05 0.8699768189482169 1.0
11.0 4.0 Bus -1.0 -1.0 -1.0 -1.0 -1.0 -1.0 -1.0 2.933 3.016 10.011 1270.091 1.613 1024.632 0.8536230838565912 1.0
11.0 3.0 Car -1.0 -1.0 -1.0 -1.0 -1.0 -1.0 -1.0 2.158 2.0 5.096 1263.004 0.783 1011.69 0.8697673794382723 1.0
12.0 5.0 Car -1.0 -1.0 -1.0 -1.0 -1.0 -1.0 -1.0 1.965 1.834 4.639 1206.691 0.006 959.034 -2.264948676895318 1.0
12.0 1.0 Car -1.0 -1.0 -1.0 -1.0 -1.0 -1.0 -1.0 1.573 1.687 4.631 1275.867 1.009 1026.726 0.8523140869183283 1.0
12.0 0.0 Car -1.0 -1.0 -1.0 -1.0 -1.0 -1.0 -1.0 1.855 1.466 4.956 1277.92 0.852 1033.083 0.8699768189482169 1.0
12.0 4.0 Bus -1.0 -1.0 -1.0 -1.0 -1.0 -1.0 -1.0 2.933 3.016 10.011 1270.09 1.708 1024.59 0.8536230838565912 1.0
12.0 3.0 Car -1.0 -1.0 -1.0 -1.0 -1.0 -1.0 -1.0 2.158 2.0 5.096 1264.071 0.816 1012.899 0.8697673794382723 1.0
13.0 5.0 Car -1.0 -1.0 -1.0 -1.0 -1.0 -1.0 -1.0 1.965 1.834 4.639 1204.426 0.062 956.416 -2.264948676895318 1.0
13.0 1.0 Car -1.0 -1.0 -1.0 -1.0 -1.0 -1.0 -1.0 1.573 1.687 4.631 1276.09 1.082 1026.955 0.8523140869183283 1.0
13.0 0.0 Car -1.0 -1.0 -1.0 -1.0 -1.0 -1.0 -1.0 1.855 1.466 4.956 1277.915 0.889 1033.076 0.8699768189482169 1.0
13.0 4.0 Bus -1.0 -1.0 -1.0 -1.0 -1.0 -1.0 -1.0 2.933 3.016 10.011 1270.191 1.803 1024.664 0.8536230838565912 1.0
13.0 3.0 Car -1.0 -1.0 -1.0 -1.0 -1.0 -1.0 -1.0 2.158 2.0 5.096 1265.138 0.85 1014.109 0.8697673794382723 1.0
14.0 5.0 Car -1.0 -1.0 -1.0 -1.0 -1.0 -1.0 -1.0 1.965 1.834 4.639 1202.161 0.117 953.797 -2.264948676895318 1.0
14.0 1.0 Car -1.0 -1.0 -1.0 -1.0 -1.0 -1.0 -1.0 1.573 1.687 4.631 1276.313 1.155 1027.184 0.8523140869183283 1.0
14.0 0.0 Car -1.0 -1.0 -1.0 -1.0 -1.0 -1.0 -1.0 1.855 1.466 4.956 1277.909 0.927 1033.07 0.8699768189482169 1.0
14.0 4.0 Bus -1.0 -1.0 -1.0 -1.0 -1.0 -1.0 -1.0 2.933 3.016 10.011 1270.292 1.898 1024.738 0.8536230838565912 1.0
14.0 3.0 Car -1.0 -1.0 -1.0 -1.0 -1.0 -1.0 -1.0 2.158 2.0 5.096 1265.822 0.923 1014.872 0.8697673794382723 1.0
15.0 5.0 Car -1.0 -1.0 -1.0 -1.0 -1.0 -1.0 -1.0 1.965 1.834 4.639 1200.123 0.167 951.442 -2.264948676895318 1.0
15.0 1.0 Car -1.0 -1.0 -1.0 -1.0 -1.0 -1.0 -1.0 1.573 1.687 4.631 1276.513 1.22 1027.39 0.8523140869183283 1.0
15.0 0.0 Car -1.0 -1.0 -1.0 -1.0 -1.0 -1.0 -1.0 1.855 1.466 4.956 1278.468 1.083 1034.105 1.069771351194499 1.0
15.0 4.0 Bus -1.0 -1.0 -1.0 -1.0 -1.0 -1.0 -1.0 2.933 3.016 10.011 1270.859 1.983 1025.35 0.8536230838565912 1.0
15.0 3.0 Car -1.0 -1.0 -1.0 -1.0 -1.0 -1.0 -1.0 2.158 2.0 5.096 1266.437 0.99 1015.557 0.8697673794382723 1.0
16.0 5.0 Car -1.0 -1.0 -1.0 -1.0 -1.0 -1.0 -1.0 1.965 1.834 4.639 1197.583 0.149 948.436 -2.264948676895318 1.0
16.0 1.0 Car -1.0 -1.0 -1.0 -1.0 -1.0 -1.0 -1.0 1.573 1.687 4.631 1276.759 1.3 1027.642 0.8523140869183283 1.0
16.0 0.0 Car -1.0 -1.0 -1.0 -1.0 -1.0 -1.0 -1.0 1.855 1.466 4.956 1278.855 1.273 1035.488 1.313965260186713 1.0
16.0 4.0 Bus -1.0 -1.0 -1.0 -1.0 -1.0 -1.0 -1.0 2.933 3.016 10.011 1271.551 2.088 1026.098 0.8536230838565912 1.0
16.0 3.0 Car -1.0 -1.0 -1.0 -1.0 -1.0 -1.0 -1.0 2.158 2.0 5.096 1267.189 1.071 1016.395 0.8697673794382723 1.0
17.0 5.0 Car -1.0 -1.0 -1.0 -1.0 -1.0 -1.0 -1.0 1.965 1.834 4.639 1195.275 0.133 945.705 -2.264948676895318 1.0
17.0 1.0 Car -1.0 -1.0 -1.0 -1.0 -1.0 -1.0 -1.0 1.573 1.687 4.631 1276.981 1.373 1027.871 0.8523140869183283 1.0
17.0 0.0 Car -1.0 -1.0 -1.0 -1.0 -1.0 -1.0 -1.0 1.855 1.466 4.956 1278.907 1.446 1036.792 1.5358356461719223 1.0
17.0 4.0 Bus -1.0 -1.0 -1.0 -1.0 -1.0 -1.0 -1.0 2.933 3.016 10.011 1272.179 2.183 1026.777 0.8536230838565912 1.0
17.0 3.0 Car -1.0 -1.0 -1.0 -1.0 -1.0 -1.0 -1.0 2.158 2.0 5.096 1267.871 1.295 1017.157 0.8697673794382723 1.0
18.0 5.0 Car -1.0 -1.0 -1.0 -1.0 -1.0 -1.0 -1.0 1.965 1.834 4.639 1192.967 0.117 942.975 -2.264948676895318 1.0
18.0 1.0 Car -1.0 -1.0 -1.0 -1.0 -1.0 -1.0 -1.0 1.573 1.687 4.631 1277.204 1.446 1028.1 0.8523140869183283 1.0
18.0 0.0 Car -1.0 -1.0 -1.0 -1.0 -1.0 -1.0 -1.0 1.855 1.466 4.956 1278.671 1.62 1038.076 1.7577078075640715 1.0
18.0 4.0 Bus -1.0 -1.0 -1.0 -1.0 -1.0 -1.0 -1.0 2.933 3.016 10.011 1273.201 2.278 1027.906 0.8536230838565912 1.0
18.0 3.0 Car -1.0 -1.0 -1.0 -1.0 -1.0 -1.0 -1.0 2.158 2.0 5.096 1268.554 1.518 1017.919 0.8697673794382723 1.0
19.0 5.0 Car -1.0 -1.0 -1.0 -1.0 -1.0 -1.0 -1.0 1.965 1.834 4.639 1190.931 0.126 940.645 -2.264948676895318 1.0
19.0 1.0 Car -1.0 -1.0 -1.0 -1.0 -1.0 -1.0 -1.0 1.573 1.687 4.631 1279.06 1.519 1029.853 0.8523140869183283 1.0
19.0 0.0 Car -1.0 -1.0 -1.0 -1.0 -1.0 -1.0 -1.0 1.855 1.466 4.956 1278.157 1.793 1039.278 1.9798240874104178 1.0
19.0 2.0 Car -1.0 -1.0 -1.0 -1.0 -1.0 -1.0 -1.0 2.011 1.881 4.795 1238.289 0.377 957.434 2.3795335197904737 0.0
19.0 4.0 Bus -1.0 -1.0 -1.0 -1.0 -1.0 -1.0 -1.0 2.933 3.016 10.011 1274.223 2.373 1029.037 0.8536230838565912 1.0
19.0 3.0 Car -1.0 -1.0 -1.0 -1.0 -1.0 -1.0 -1.0 2.158 2.0 5.096 1269.238 1.612 1018.681 0.8697673794382723 1.0
20.0 5.0 Car -1.0 -1.0 -1.0 -1.0 -1.0 -1.0 -1.0 1.965 1.834 4.639 1188.898 0.135 938.32 -2.264948676895318 1.0
20.0 1.0 Car -1.0 -1.0 -1.0 -1.0 -1.0 -1.0 -1.0 1.573 1.687 4.631 1280.913 1.592 1031.603 0.8523140869183283 1.0
20.0 0.0 Car -1.0 -1.0 -1.0 -1.0 -1.0 -1.0 -1.0 1.855 1.466 4.956 1277.393 1.966 1040.335 2.201468996714296 1.0
20.0 2.0 Car -1.0 -1.0 -1.0 -1.0 -1.0 -1.0 -1.0 2.011 1.881 4.795 1236.638 0.463 958.916 2.3795335197904737 1.0
20.0 4.0 Bus -1.0 -1.0 -1.0 -1.0 -1.0 -1.0 -1.0 2.933 3.016 10.011 1275.243 2.467 1030.165 0.8536230838565912 1.0
20.0 3.0 Car -1.0 -1.0 -1.0 -1.0 -1.0 -1.0 -1.0 2.158 2.0 5.096 1270.448 1.706 1020.067 0.8697673794382723 1.0
21.0 5.0 Car -1.0 -1.0 -1.0 -1.0 -1.0 -1.0 -1.0 1.965 1.834 4.639 1186.864 0.143 935.993 -2.264948676895318 0.0
21.0 1.0 Car -1.0 -1.0 -1.0 -1.0 -1.0 -1.0 -1.0 1.573 1.687 4.631 1282.766 1.665 1033.355 0.8523140869183283 0.0
21.0 0.0 Car -1.0 -1.0 -1.0 -1.0 -1.0 -1.0 -1.0 1.855 1.466 4.956 1276.414 2.139 1041.199 2.42331985322317 0.0
21.0 2.0 Car -1.0 -1.0 -1.0 -1.0 -1.0 -1.0 -1.0 2.011 1.881 4.795 1234.986 0.548 960.4 2.335895991414082 0.0
21.0 4.0 Bus -1.0 -1.0 -1.0 -1.0 -1.0 -1.0 -1.0 2.933 3.016 10.011 1276.556 2.562 1031.629 0.8536230838565912 0.0
21.0 3.0 Car -1.0 -1.0 -1.0 -1.0 -1.0 -1.0 -1.0 2.158 2.0 5.096 1272.085 1.75 1021.959 0.8697673794382723 0.0
22.0 5.0 Car -1.0 -1.0 -1.0 -1.0 -1.0 -1.0 -1.0 1.965 1.834 4.639 1184.832 0.152 933.668 -2.264948676895318 0.0
22.0 1.0 Car -1.0 -1.0 -1.0 -1.0 -1.0 -1.0 -1.0 1.573 1.687 4.631 1285.113 1.863 1036.154 0.8523140869183283 0.0
22.0 0.0 Car -1.0 -1.0 -1.0 -1.0 -1.0 -1.0 -1.0 1.855 1.466 4.956 1274.914 2.164 1041.65 2.751664703564508 0.0
22.0 2.0 Car -1.0 -1.0 -1.0 -1.0 -1.0 -1.0 -1.0 2.011 1.881 4.795 1233.478 0.634 962.02 2.292267057190757 0.0
22.0 4.0 Bus -1.0 -1.0 -1.0 -1.0 -1.0 -1.0 -1.0 2.933 3.016 10.011 1278.044 2.657 1033.293 0.8536230838565912 0.0
22.0 3.0 Car -1.0 -1.0 -1.0 -1.0 -1.0 -1.0 -1.0 2.158 2.0 5.096 1273.72 1.792 1023.849 0.8697673794382723 0.0
23.0 5.0 Car -1.0 -1.0 -1.0 -1.0 -1.0 -1.0 -1.0 1.965 1.834 4.639 1183.897 0.211 932.936 -2.2911186736291094 0.0
23.0 1.0 Car -1.0 -1.0 -1.0 -1.0 -1.0 -1.0 -1.0 1.573 1.687 4.631 1287.459 2.06 1038.953 0.8523140869183283 0.0
23.0 0.0 Car -1.0 -1.0 -1.0 -1.0 -1.0 -1.0 -1.0 1.855 1.466 4.956 1273.348 2.188 1041.593 3.079990484695029 0.0
23.0 2.0 Car -1.0 -1.0 -1.0 -1.0 -1.0 -1.0 -1.0 2.011 1.881 4.795 1232.713 0.72 962.97 2.292267057190757 0.0
23.0 4.0 Bus -1.0 -1.0 -1.0 -1.0 -1.0 -1.0 -1.0 2.933 3.016 10.011 1279.532 2.752 1034.958 0.8536230838565912 0.0
23.0 3.0 Car -1.0 -1.0 -1.0 -1.0 -1.0 -1.0 -1.0 2.158 2.0 5.096 1275.129 1.835 1025.471 0.8697673794382723 0.0
24.0 5.0 Car -1.0 -1.0 -1.0 -1.0 -1.0 -1.0 -1.0 1.965 1.834 4.639 1182.56 0.17 931.173 -2.2824019694152615 0.0
24.0 1.0 Car -1.0 -1.0 -1.0 -1.0 -1.0 -1.0 -1.0 1.573 1.687 4.631 1289.949 2.259 1041.657 0.8398371099277318 0.0
24.0 0.0 Car -1.0 -1.0 -1.0 -1.0 -1.0 -1.0 -1.0 1.855 1.466 4.956 1271.778 2.161 1041.007 -2.861672796597751 0.0
24.0 2.0 Car -1.0 -1.0 -1.0 -1.0 -1.0 -1.0 -1.0 2.011 1.881 4.795 1231.248 0.806 964.715 2.292267057190757 0.0
24.0 4.0 Bus -1.0 -1.0 -1.0 -1.0 -1.0 -1.0 -1.0 2.933 3.016 10.011 1281.323 2.847 1036.918 0.8952130071585795 0.0
24.0 3.0 Car -1.0 -1.0 -1.0 -1.0 -1.0 -1.0 -1.0 2.158 2.0 5.096 1276.542 1.878 1027.097 0.8697673794382723 0.0
25.0 5.0 Car -1.0 -1.0 -1.0 -1.0 -1.0 -1.0 -1.0 1.965 1.834 4.639 1181.437 0.229 930.082 -2.3173085544551473 0.0
25.0 1.0 Car -1.0 -1.0 -1.0 -1.0 -1.0 -1.0 -1.0 1.573 1.687 4.631 1292.504 2.456 1044.289 0.8273882308113811 0.0
25.0 0.0 Car -1.0 -1.0 -1.0 -1.0 -1.0 -1.0 -1.0 1.855 1.466 4.956 1270.497 2.135 1039.931 -2.520919870705498 0.0
25.0 2.0 Car -1.0 -1.0 -1.0 -1.0 -1.0 -1.0 -1.0 2.011 1.881 4.795 1229.983 0.841 965.825 2.403195967868386 0.0
25.0 4.0 Bus -1.0 -1.0 -1.0 -1.0 -1.0 -1.0 -1.0 2.933 3.016 10.011 1283.026 2.942 1038.946 0.936709270879749 0.0
25.0 3.0 Car -1.0 -1.0 -1.0 -1.0 -1.0 -1.0 -1.0 2.158 2.0 5.096 1279.344 2.001 1029.93 0.8662805811729294 0.0
26.0 5.0 Car -1.0 -1.0 -1.0 -1.0 -1.0 -1.0 -1.0 1.965 1.834 4.639 1179.695 0.3 928.958 -2.3173085544551473 0.0
26.0 1.0 Car -1.0 -1.0 -1.0 -1.0 -1.0 -1.0 -1.0 1.573 1.687 4.631 1295.576 2.694 1047.455 0.8124156290522635 0.0
26.0 0.0 Car -1.0 -1.0 -1.0 -1.0 -1.0 -1.0 -1.0 1.855 1.466 4.956 1268.505 2.126 1037.759 -2.3113601321824064 0.0
26.0 2.0 Car -1.0 -1.0 -1.0 -1.0 -1.0 -1.0 -1.0 2.011 1.881 4.795 1228.311 0.884 966.965 2.5366131524699638 0.0
26.0 4.0 Bus -1.0 -1.0 -1.0 -1.0 -1.0 -1.0 -1.0 2.933 3.016 10.011 1284.962 3.056 1041.477 0.9866179434101414 0.0
26.0 3.0 Car -1.0 -1.0 -1.0 -1.0 -1.0 -1.0 -1.0 2.158 2.0 5.096 1282.715 2.148 1033.337 0.8620869151124412 0.0
27.0 5.0 Car -1.0 -1.0 -1.0 -1.0 -1.0 -1.0 -1.0 1.965 1.834 4.639 1179.183 0.359 928.778 -2.3173085544551473 0.0
27.0 1.0 Car -1.0 -1.0 -1.0 -1.0 -1.0 -1.0 -1.0 1.573 1.687 4.631 1298.133 2.892 1050.09 0.7999542093584986 0.0
27.0 0.0 Car -1.0 -1.0 -1.0 -1.0 -1.0 -1.0 -1.0 1.855 1.466 4.956 1267.223 2.119 1035.666 -2.13694743526675 0.0
27.0 2.0 Car -1.0 -1.0 -1.0 -1.0 -1.0 -1.0 -1.0 2.011 1.881 4.795 1226.098 0.92 967.852 2.7006739502822685 0.0
27.0 4.0 Bus -1.0 -1.0 -1.0 -1.0 -1.0 -1.0 -1.0 2.933 3.016 10.011 1286.475 3.151 1043.654 1.0281560090560242 0.0
27.0 3.0 Car -1.0 -1.0 -1.0 -1.0 -1.0 -1.0 -1.0 2.158 2.0 5.096 1285.52 2.271 1036.173 0.8585966043651176 0.0
28.0 5.0 Car -1.0 -1.0 -1.0 -1.0 -1.0 -1.0 -1.0 1.965 1.834 4.639 1178.514 0.267 928.57 -2.4220283095748063 0.0
28.0 1.0 Car -1.0 -1.0 -1.0 -1.0 -1.0 -1.0 -1.0 1.573 1.687 4.631 1300.912 3.09 1052.986 0.7999542093584986 0.0
28.0 0.0 Car -1.0 -1.0 -1.0 -1.0 -1.0 -1.0 -1.0 1.855 1.466 4.956 1265.413 2.06 1032.791 -2.1549910604738196 0.0
28.0 2.0 Car -1.0 -1.0 -1.0 -1.0 -1.0 -1.0 -1.0 2.011 1.881 4.795 1223.77 0.956 968.366 2.8647656023235424 0.0
28.0 4.0 Bus -1.0 -1.0 -1.0 -1.0 -1.0 -1.0 -1.0 2.933 3.016 10.011 1288.128 3.246 1045.724 1.0281560090560242 0.0
28.0 3.0 Car -1.0 -1.0 -1.0 -1.0 -1.0 -1.0 -1.0 2.158 2.0 5.096 1288.325 2.394 1039.009 0.855105637209631 0.0
29.0 5.0 Car -1.0 -1.0 -1.0 -1.0 -1.0 -1.0 -1.0 1.965 1.834 4.639 1177.979 0.464 928.403 -2.3173085544551473 0.0
29.0 1.0 Car -1.0 -1.0 -1.0 -1.0 -1.0 -1.0 -1.0 1.573 1.687 4.631 1303.134 3.249 1055.302 0.7999542093584986 0.0
29.0 0.0 Car -1.0 -1.0 -1.0 -1.0 -1.0 -1.0 -1.0 1.855 1.466 4.956 1263.929 2.013 1030.515 -2.1694196371287946 0.0
29.0 2.0 Car -1.0 -1.0 -1.0 -1.0 -1.0 -1.0 -1.0 2.011 1.881 4.795 1221.628 0.944 968.58 3.0563477392037997 0.0
29.0 4.0 Bus -1.0 -1.0 -1.0 -1.0 -1.0 -1.0 -1.0 2.933 3.016 10.011 1288.551 3.322 1047.816 1.2024781685199972 0.0
29.0 3.0 Car -1.0 -1.0 -1.0 -1.0 -1.0 -1.0 -1.0 2.158 2.0 5.096 1290.569 2.492 1041.277 0.8523140869183289 0.0
30.0 5.0 Car -1.0 -1.0 -1.0 -1.0 -1.0 -1.0 -1.0 1.965 1.834 4.639 1177.624 0.348 928.149 -2.3609426751169664 0.0
30.0 1.0 Car -1.0 -1.0 -1.0 -1.0 -1.0 -1.0 -1.0 1.573 1.687 4.631 1305.915 3.447 1058.201 0.7999542093584986 0.0
30.0 0.0 Car -1.0 -1.0 -1.0 -1.0 -1.0 -1.0 -1.0 1.855 1.466 4.956 1262.025 1.954 1027.697 -2.187482139025855 0.0
30.0 2.0 Car -1.0 -1.0 -1.0 -1.0 -1.0 -1.0 -1.0 2.011 1.881 4.795 1218.954 0.93 968.269 -2.987004298652619 0.0
30.0 4.0 Bus -1.0 -1.0 -1.0 -1.0 -1.0 -1.0 -1.0 2.933 3.016 10.011 1288.56 3.417 1050.485 1.4207044295928144 0.0
30.0 3.0 Car -1.0 -1.0 -1.0 -1.0 -1.0 -1.0 -1.0 2.158 2.0 5.096 1294.116 2.722 1044.938 0.8523140869183289 0.0
31.0 5.0 Car -1.0 -1.0 -1.0 -1.0 -1.0 -1.0 -1.0 1.965 1.834 4.639 1177.35 0.232 927.812 -2.369668432014977 0.0
31.0 1.0 Car -1.0 -1.0 -1.0 -1.0 -1.0 -1.0 -1.0 1.573 1.687 4.631 1308.995 3.645 1061.759 0.8523127267068101 0.0
31.0 0.0 Car -1.0 -1.0 -1.0 -1.0 -1.0 -1.0 -1.0 1.855 1.466 4.956 1260.07 1.895 1024.914 -2.2055434137576015 0.0
31.0 2.0 Car -1.0 -1.0 -1.0 -1.0 -1.0 -1.0 -1.0 2.011 1.881 4.795 1216.247 0.916 967.358 -2.745782763244109 0.0
31.0 4.0 Bus -1.0 -1.0 -1.0 -1.0 -1.0 -1.0 -1.0 2.933 3.016 10.011 1287.991 3.512 1053.093 1.6389158643863095 0.0
31.0 3.0 Car -1.0 -1.0 -1.0 -1.0 -1.0 -1.0 -1.0 2.158 2.0 5.096 1297.662 2.953 1048.6 0.8523140869183289 0.0
32.0 5.0 Car -1.0 -1.0 -1.0 -1.0 -1.0 -1.0 -1.0 1.965 1.834 4.639 1177.215 0.216 927.586 -2.413302448045976 0.0
32.0 1.0 Car -1.0 -1.0 -1.0 -1.0 -1.0 -1.0 -1.0 1.573 1.687 4.631 1312.011 3.843 1065.375 0.8872206719582152 0.0
32.0 0.0 Car -1.0 -1.0 -1.0 -1.0 -1.0 -1.0 -1.0 1.855 1.466 4.956 1258.041 1.836 1022.184 -2.2236056269098827 0.0
32.0 2.0 Car -1.0 -1.0 -1.0 -1.0 -1.0 -1.0 -1.0 2.011 1.881 4.795 1213.837 0.902 965.827 -2.504548694542926 0.0
32.0 4.0 Bus -1.0 -1.0 -1.0 -1.0 -1.0 -1.0 -1.0 2.933 3.016 10.011 1286.871 3.607 1055.515 1.857138636922816 0.0
32.0 3.0 Car -1.0 -1.0 -1.0 -1.0 -1.0 -1.0 -1.0 2.158 2.0 5.096 1301.209 3.183 1052.261 0.8523140869183289 0.0
