0.0 0.0 Car -1.0 -1.0 -1.0 -1.0 -1.0 -1.0 -1.0 1.956 1.413 4.194 1791.47 -0.537 1019.42 2.58514236714732 0.0
1.0 0.0 Car -1.0 -1.0 -1.0 -1.0 -1.0 -1.0 -1.0 1.956 1.413 4.194 1791.496 -0.537 1019.455 2.5938734277306876 0.0
2.0 0.0 Car -1.0 -1.0 -1.0 -1.0 -1.0 -1.0 -1.0 1.956 1.413 4.194 1791.605 -0.537 1019.416 2.60260006525247 0.0
3.0 0.0 Car -1.0 -1.0 -1.0 -1.0 -1.0 -1.0 -1.0 1.956 1.413 4.194 1791.714 -0.537 1019.377 2.6113267202506307 1.0
4.0 0.0 Car -1.0 -1.0 -1.0 -1.0 -1.0 -1.0 -1.0 1.956 1.413 4.194 1791.808 -0.537 1019.313 2.602610079898833 1.0
5.0 0.0 Car -1.0 -1.0 -1.0 -1.0 -1.0 -1.0 -1.0 1.956 1.413 4.194 1791.902 -0.537 1019.249 2.5938734277306876 1.0
6.0 0.0 Car -1.0 -1.0 -1.0 -1.0 -1.0 -1.0 -1.0 1.956 1.413 4.194 1791.882 -0.502 1019.171 2.57640022063739 1.0
7.0 0.0 Car -1.0 -1.0 -1.0 -1.0 -1.0 -1.0 -1.0 1.956 1.413 4.194 1791.862 -0.468 1019.094 2.5589668426908005 1.0
8.0 0.0 Car -1.0 -1.0 -1.0 -1.0 -1.0 -1.0 -1.0 1.956 1.413 4.194 1791.582 -0.433 1019.245 2.5502404144040796 1.0
9.0 0.0 Car -1.0 -1.0 -1.0 -1.0 -1.0 -1.0 -1.0 1.956 1.413 4.194 1791.302 -0.398 1019.397 2.5415135501708574 1.0
10.0 0.0 Car -1.0 -1.0 -1.0 -1.0 -1.0 -1.0 -1.0 1.956 1.413 4.194 1791.022 -0.364 1019.548 2.5327824459454105 1.0
11.0 0.0 Car -1.0 -1.0 -1.0 -1.0 -1.0 -1.0 -1.0 1.956 1.413 4.194 1790.743 -0.329 1019.7 2.5240602576509144 1.0
12.0 0.0 Car -1.0 -1.0 -1.0 -1.0 -1.0 -1.0 -1.0 1.956 1.413 4.194 1790.474 -0.295 1019.841 2.515333768512055 1.0
13.0 0.0 Car -1.0 -1.0 -1.0 -1.0 -1.0 -1.0 -1.0 1.956 1.413 4.194 1790.205 -0.26 1019.983 2.506606965130971 1.0
14.0 0.0 Car -1.0 -1.0 -1.0 -1.0 -1.0 -1.0 -1.0 1.956 1.413 4.194 1789.547 -0.226 1020.468 2.489163321377512 1.0
15.0 0.0 Car -1.0 -1.0 -1.0 -1.0 -1.0 -1.0 -1.0 1.956 1.413 4.194 1788.887 -0.191 1020.954 2.471700380091084 0.0
16.0 0.0 Car -1.0 -1.0 -1.0 -1.0 -1.0 -1.0 -1.0 1.956 1.413 4.194 1788.229 -0.156 1021.439 2.454247087571141 0.0
17.0 0.0 Car -1.0 -1.0 -1.0 -1.0 -1.0 -1.0 -1.0 1.956 1.413 4.194 1787.571 -0.122 1021.924 2.4367937950511975 0.0
18.0 0.0 Car -1.0 -1.0 -1.0 -1.0 -1.0 -1.0 -1.0 1.956 1.413 4.194 1786.79 -0.05 1022.544 2.4263197735079785 0.0
19.0 0.0 Car -1.0 -1.0 -1.0 -1.0 -1.0 -1.0 -1.0 1.956 1.413 4.194 1786.27 -0.003 1022.957 2.419340502531254 0.0
20.0 0.0 Car -1.0 -1.0 -1.0 -1.0 -1.0 -1.0 -1.0 1.956 1.413 4.194 1785.639 0.107 1023.495 2.419340502531254 0.0
21.0 0.0 Car -1.0 -1.0 -1.0 -1.0 -1.0 -1.0 -1.0 1.956 1.413 4.194 1785.008 0.217 1024.033 2.419340502531254 0.0
22.0 0.0 Car -1.0 -1.0 -1.0 -1.0 -1.0 -1.0 -1.0 1.956 1.413 4.194 1784.601 0.326 1024.386 2.41016219357317 0.0
23.0 0.0 Car -1.0 -1.0 -1.0 -1.0 -1.0 -1.0 -1.0 1.956 1.413 4.194 1784.233 0.425 1024.705 2.401887210011311 0.0
24.0 0.0 Car -1.0 -1.0 -1.0 -1.0 -1.0 -1.0 -1.0 1.956 1.413 4.194 1783.902 0.458 1025.009 2.401887210011311 0.0
25.0 0.0 Car -1.0 -1.0 -1.0 -1.0 -1.0 -1.0 -1.0 1.956 1.413 4.194 1783.572 0.492 1025.313 2.401887210011311 0.0
26.0 0.0 Car -1.0 -1.0 -1.0 -1.0 -1.0 -1.0 -1.0 1.956 1.413 4.194 1783.315 0.558 1025.564 2.4096488131656804 0.0
