0.0 5.0 Car -1.0 -1.0 -1.0 -1.0 -1.0 -1.0 -1.0 1.869 1.408 4.811 510.273 0.795 1382.196 -1.9945971757641925 0.0
0.0 2.0 Car -1.0 -1.0 -1.0 -1.0 -1.0 -1.0 -1.0 1.865 1.458 4.11 508.855 0.993 1387.535 -1.9422372982043632 0.0
0.0 0.0 Truck -1.0 -1.0 -1.0 -1.0 -1.0 -1.0 -1.0 2.08 2.718 4.917 511.413 1.65 1393.865 -1.9257090301216953 0.0
0.0 4.0 Car -1.0 -1.0 -1.0 -1.0 -1.0 -1.0 -1.0 1.781 1.802 3.877 505.431 0.841 1371.815 -2.0120504682841354 0.0
0.0 3.0 Bus -1.0 -1.0 -1.0 -1.0 -1.0 -1.0 -1.0 2.752 3.56 12.176 522.693 2.484 1426.932 -1.9321733505172163 0.0
1.0 5.0 Car -1.0 -1.0 -1.0 -1.0 -1.0 -1.0 -1.0 1.869 1.408 4.811 509.412 0.795 1380.366 -2.0033284763192545 1.0
1.0 2.0 Car -1.0 -1.0 -1.0 -1.0 -1.0 -1.0 -1.0 1.865 1.458 4.11 508.728 1.018 1387.13 -1.9422372982043632 1.0
1.0 0.0 Truck -1.0 -1.0 -1.0 -1.0 -1.0 -1.0 -1.0 2.08 2.718 4.917 511.29 1.692 1393.499 -1.9257090301216953 1.0
1.0 4.0 Car -1.0 -1.0 -1.0 -1.0 -1.0 -1.0 -1.0 1.781 1.802 3.877 504.265 0.831 1369.478 -2.046957053324022 1.0
1.0 3.0 Bus -1.0 -1.0 -1.0 -1.0 -1.0 -1.0 -1.0 2.752 3.56 12.176 522.192 2.571 1425.546 -1.9321733505172163 1.0
2.0 5.0 Car -1.0 -1.0 -1.0 -1.0 -1.0 -1.0 -1.0 1.869 1.408 4.811 508.441 0.795 1378.295 -2.0120598117706234 1.0
2.0 2.0 Car -1.0 -1.0 -1.0 -1.0 -1.0 -1.0 -1.0 1.865 1.458 4.11 508.429 1.042 1386.307 -1.9422372982043632 1.0
2.0 0.0 Truck -1.0 -1.0 -1.0 -1.0 -1.0 -1.0 -1.0 2.08 2.718 4.917 511.168 1.733 1393.132 -1.9257090301216953 1.0
2.0 4.0 Car -1.0 -1.0 -1.0 -1.0 -1.0 -1.0 -1.0 1.781 1.802 3.877 502.795 0.788 1366.771 -2.099316930883851 1.0
2.0 3.0 Bus -1.0 -1.0 -1.0 -1.0 -1.0 -1.0 -1.0 2.752 3.56 12.176 521.69 2.657 1424.16 -1.9223094280500708 1.0
3.0 5.0 Car -1.0 -1.0 -1.0 -1.0 -1.0 -1.0 -1.0 1.869 1.408 4.811 507.379 0.795 1376.035 -2.0207721985267075 1.0
3.0 2.0 Car -1.0 -1.0 -1.0 -1.0 -1.0 -1.0 -1.0 1.865 1.458 4.11 507.876 1.017 1385.011 -1.9771438832442494 1.0
3.0 0.0 Truck -1.0 -1.0 -1.0 -1.0 -1.0 -1.0 -1.0 2.08 2.718 4.917 510.898 1.725 1392.466 -1.9431623226416381 1.0
3.0 4.0 Car -1.0 -1.0 -1.0 -1.0 -1.0 -1.0 -1.0 1.781 1.802 3.877 501.112 0.796 1363.919 -2.116770223403794 1.0
3.0 3.0 Bus -1.0 -1.0 -1.0 -1.0 -1.0 -1.0 -1.0 2.752 3.56 12.176 521.706 2.691 1422.542 -1.9398937947126476 1.0
4.0 5.0 Car -1.0 -1.0 -1.0 -1.0 -1.0 -1.0 -1.0 1.869 1.408 4.811 506.203 0.795 1373.542 -2.029503760804079 1.0
4.0 2.0 Car -1.0 -1.0 -1.0 -1.0 -1.0 -1.0 -1.0 1.865 1.458 4.11 507.235 0.992 1383.441 -1.9771438832442494 1.0
4.0 0.0 Truck -1.0 -1.0 -1.0 -1.0 -1.0 -1.0 -1.0 2.08 2.718 4.917 510.548 1.818 1391.501 -1.9431623226416381 1.0
4.0 1.0 Car -1.0 -1.0 -1.0 -1.0 -1.0 -1.0 -1.0 2.193 1.586 4.758 516.622 1.364 1405.73 -1.964123726961603 0.0
4.0 4.0 Car -1.0 -1.0 -1.0 -1.0 -1.0 -1.0 -1.0 1.781 1.802 3.877 499.186 0.753 1360.929 -2.1691301009636237 1.0
4.0 3.0 Bus -1.0 -1.0 -1.0 -1.0 -1.0 -1.0 -1.0 2.752 3.56 12.176 521.693 2.725 1420.921 -1.9575168636742302 1.0
5.0 6.0 Car -1.0 -1.0 -1.0 -1.0 -1.0 -1.0 -1.0 2.153 1.795 4.951 517.824 1.641 1408.667 -2.0112301634811995 0.0
5.0 5.0 Car -1.0 -1.0 -1.0 -1.0 -1.0 -1.0 -1.0 1.869 1.408 4.811 504.65 0.806 1370.716 -2.0558606367673273 1.0
5.0 2.0 Car -1.0 -1.0 -1.0 -1.0 -1.0 -1.0 -1.0 1.865 1.458 4.11 506.251 1.016 1381.074 -2.0120504682841354 1.0
5.0 0.0 Truck -1.0 -1.0 -1.0 -1.0 -1.0 -1.0 -1.0 2.08 2.718 4.917 509.955 1.76 1390.062 -1.9606156151615812 1.0
5.0 1.0 Car -1.0 -1.0 -1.0 -1.0 -1.0 -1.0 -1.0 2.193 1.586 4.758 515.393 1.38 1402.944 -1.964123726961603 1.0
5.0 4.0 Car -1.0 -1.0 -1.0 -1.0 -1.0 -1.0 -1.0 1.781 1.802 3.877 496.903 0.76 1357.699 -2.186583393483567 1.0
5.0 3.0 Bus -1.0 -1.0 -1.0 -1.0 -1.0 -1.0 -1.0 2.752 3.56 12.176 521.652 2.759 1419.306 -1.9750811572608902 1.0
6.0 6.0 Car -1.0 -1.0 -1.0 -1.0 -1.0 -1.0 -1.0 2.153 1.795 4.951 517.481 1.653 1407.887 -2.0112301634811995 1.0
6.0 5.0 Car -1.0 -1.0 -1.0 -1.0 -1.0 -1.0 -1.0 1.869 1.408 4.811 502.925 0.816 1367.75 -2.082276751759276 1.0
6.0 2.0 Car -1.0 -1.0 -1.0 -1.0 -1.0 -1.0 -1.0 1.865 1.458 4.11 505.137 1.041 1378.763 -2.0120504682841354 1.0
6.0 0.0 Truck -1.0 -1.0 -1.0 -1.0 -1.0 -1.0 -1.0 2.08 2.718 4.917 509.288 1.702 1388.277 -1.9780689076815245 1.0
6.0 1.0 Car -1.0 -1.0 -1.0 -1.0 -1.0 -1.0 -1.0 2.193 1.586 4.758 514.161 1.396 1400.152 -1.964123726961603 1.0
6.0 4.0 Car -1.0 -1.0 -1.0 -1.0 -1.0 -1.0 -1.0 1.781 1.802 3.877 494.559 0.768 1354.503 -2.186583393483567 1.0
6.0 3.0 Bus -1.0 -1.0 -1.0 -1.0 -1.0 -1.0 -1.0 2.752 3.56 12.176 521.569 2.793 1417.688 -1.9926849278968535 1.0
7.0 6.0 Car -1.0 -1.0 -1.0 -1.0 -1.0 -1.0 -1.0 2.153 1.795 4.951 517.138 1.665 1407.106 -2.028683456001142 1.0
7.0 5.0 Car -1.0 -1.0 -1.0 -1.0 -1.0 -1.0 -1.0 1.869 1.408 4.811 500.918 0.827 1364.482 -2.1087510488837857 1.0
7.0 2.0 Car -1.0 -1.0 -1.0 -1.0 -1.0 -1.0 -1.0 1.865 1.458 4.11 503.839 1.015 1376.062 -2.0120504682841354 1.0
7.0 0.0 Truck -1.0 -1.0 -1.0 -1.0 -1.0 -1.0 -1.0 2.08 2.718 4.917 508.543 1.744 1386.484 -1.9780689076815245 1.0
7.0 1.0 Car -1.0 -1.0 -1.0 -1.0 -1.0 -1.0 -1.0 2.193 1.586 4.758 512.927 1.412 1397.354 -1.964123726961603 1.0
7.0 4.0 Car -1.0 -1.0 -1.0 -1.0 -1.0 -1.0 -1.0 1.781 1.802 3.877 492.049 0.675 1350.867 -2.186583393483567 1.0
7.0 3.0 Bus -1.0 -1.0 -1.0 -1.0 -1.0 -1.0 -1.0 2.752 3.56 12.176 521.485 2.827 1416.068 -2.0103274712636683 1.0
8.0 6.0 Car -1.0 -1.0 -1.0 -1.0 -1.0 -1.0 -1.0 2.153 1.795 4.951 516.915 1.675 1406.094 -2.028683456001142 1.0
8.0 5.0 Car -1.0 -1.0 -1.0 -1.0 -1.0 -1.0 -1.0 1.869 1.408 4.811 499.334 0.835 1361.878 -2.129878455586374 1.0
8.0 2.0 Car -1.0 -1.0 -1.0 -1.0 -1.0 -1.0 -1.0 1.865 1.458 4.11 502.755 1.035 1373.804 -2.081863638363908 1.0
8.0 0.0 Truck -1.0 -1.0 -1.0 -1.0 -1.0 -1.0 -1.0 2.08 2.718 4.917 507.799 1.778 1384.707 -2.0129754927214107 1.0
8.0 1.0 Car -1.0 -1.0 -1.0 -1.0 -1.0 -1.0 -1.0 2.193 1.586 4.758 511.942 1.331 1395.12 -1.964123726961603 1.0
8.0 4.0 Car -1.0 -1.0 -1.0 -1.0 -1.0 -1.0 -1.0 1.781 1.802 3.877 490.148 0.681 1348.008 -2.1342235159237375 1.0
8.0 3.0 Bus -1.0 -1.0 -1.0 -1.0 -1.0 -1.0 -1.0 2.752 3.56 12.176 520.923 2.909 1414.709 -2.0163134239774116 1.0
9.0 6.0 Car -1.0 -1.0 -1.0 -1.0 -1.0 -1.0 -1.0 2.153 1.795 4.951 516.449 1.75 1404.448 -2.028683456001142 1.0
9.0 5.0 Car -1.0 -1.0 -1.0 -1.0 -1.0 -1.0 -1.0 1.869 1.408 4.811 497.319 0.846 1358.595 -2.1342235159237375 1.0
9.0 2.0 Car -1.0 -1.0 -1.0 -1.0 -1.0 -1.0 -1.0 1.865 1.458 4.11 501.088 1.059 1370.786 -2.099316930883851 1.0
9.0 0.0 Truck -1.0 -1.0 -1.0 -1.0 -1.0 -1.0 -1.0 2.08 2.718 4.917 506.707 1.82 1382.144 -2.0162803518089305 1.0
9.0 1.0 Car -1.0 -1.0 -1.0 -1.0 -1.0 -1.0 -1.0 2.193 1.586 4.758 510.803 1.356 1392.36 -1.985910023871915 1.0
9.0 4.0 Car -1.0 -1.0 -1.0 -1.0 -1.0 -1.0 -1.0 1.781 1.802 3.877 487.755 0.626 1344.33 -2.1342235159237375 1.0
9.0 3.0 Bus -1.0 -1.0 -1.0 -1.0 -1.0 -1.0 -1.0 2.752 3.56 12.176 520.221 3.012 1413.012 -2.0237894080520573 1.0
10.0 6.0 Car -1.0 -1.0 -1.0 -1.0 -1.0 -1.0 -1.0 2.153 1.795 4.951 515.828 1.825 1402.874 -2.028683456001142 1.0
10.0 5.0 Car -1.0 -1.0 -1.0 -1.0 -1.0 -1.0 -1.0 1.869 1.408 4.811 495.131 0.828 1355.275 -2.139046746927539 1.0
10.0 2.0 Car -1.0 -1.0 -1.0 -1.0 -1.0 -1.0 -1.0 1.865 1.458 4.11 499.319 1.034 1367.818 -2.099316930883851 1.0
10.0 0.0 Truck -1.0 -1.0 -1.0 -1.0 -1.0 -1.0 -1.0 2.08 2.718 4.917 505.613 1.862 1379.574 -2.0195926635747594 1.0
10.0 1.0 Car -1.0 -1.0 -1.0 -1.0 -1.0 -1.0 -1.0 2.193 1.586 4.758 509.617 1.38 1389.614 -2.007745450339066 1.0
10.0 4.0 Car -1.0 -1.0 -1.0 -1.0 -1.0 -1.0 -1.0 1.781 1.802 3.877 485.414 0.57 1340.501 -2.099316930883851 1.0
10.0 3.0 Bus -1.0 -1.0 -1.0 -1.0 -1.0 -1.0 -1.0 2.752 3.56 12.176 519.518 3.116 1411.312 -2.0312822509708646 1.0
11.0 6.0 Car -1.0 -1.0 -1.0 -1.0 -1.0 -1.0 -1.0 2.153 1.795 4.951 514.972 1.847 1400.854 -2.028683456001142 1.0
11.0 5.0 Car -1.0 -1.0 -1.0 -1.0 -1.0 -1.0 -1.0 1.869 1.408 4.811 493.13 0.812 1352.236 -2.1433845379454093 1.0
11.0 2.0 Car -1.0 -1.0 -1.0 -1.0 -1.0 -1.0 -1.0 1.865 1.458 4.11 497.795 1.056 1365.315 -2.099316930883851 1.0
11.0 0.0 Truck -1.0 -1.0 -1.0 -1.0 -1.0 -1.0 -1.0 2.08 2.718 4.917 504.541 1.9 1377.306 -2.0653353702812396 1.0
11.0 1.0 Car -1.0 -1.0 -1.0 -1.0 -1.0 -1.0 -1.0 2.193 1.586 4.758 508.511 1.402 1387.161 -2.0273832235922895 1.0
11.0 4.0 Car -1.0 -1.0 -1.0 -1.0 -1.0 -1.0 -1.0 1.781 1.802 3.877 483.346 0.571 1336.912 -2.099316930883851 1.0
11.0 3.0 Bus -1.0 -1.0 -1.0 -1.0 -1.0 -1.0 -1.0 2.752 3.56 12.176 518.886 3.209 1409.782 -2.0380209675461023 1.0
12.0 6.0 Car -1.0 -1.0 -1.0 -1.0 -1.0 -1.0 -1.0 2.153 1.795 4.951 513.926 1.875 1398.384 -2.028683456001142 1.0
12.0 5.0 Car -1.0 -1.0 -1.0 -1.0 -1.0 -1.0 -1.0 1.869 1.408 4.811 490.627 0.793 1348.234 -2.121131210711196 1.0
12.0 2.0 Car -1.0 -1.0 -1.0 -1.0 -1.0 -1.0 -1.0 1.865 1.458 4.11 495.933 1.083 1362.255 -2.081863638363908 1.0
12.0 0.0 Truck -1.0 -1.0 -1.0 -1.0 -1.0 -1.0 -1.0 2.08 2.718 4.917 503.063 1.9 1374.537 -2.1351485403610124 1.0
12.0 1.0 Car -1.0 -1.0 -1.0 -1.0 -1.0 -1.0 -1.0 2.193 1.586 4.758 507.141 1.429 1384.171 -2.051390255009219 1.0
12.0 4.0 Car -1.0 -1.0 -1.0 -1.0 -1.0 -1.0 -1.0 1.781 1.802 3.877 480.951 0.521 1332.542 -2.081863638363908 1.0
12.0 3.0 Bus -1.0 -1.0 -1.0 -1.0 -1.0 -1.0 -1.0 2.752 3.56 12.176 518.536 3.165 1408.419 -2.0474661703414188 1.0
13.0 6.0 Car -1.0 -1.0 -1.0 -1.0 -1.0 -1.0 -1.0 2.153 1.795 4.951 512.853 1.764 1395.683 -2.028683456001142 1.0
13.0 5.0 Car -1.0 -1.0 -1.0 -1.0 -1.0 -1.0 -1.0 1.869 1.408 4.811 488.612 0.775 1344.962 -2.116770223403794 1.0
13.0 2.0 Car -1.0 -1.0 -1.0 -1.0 -1.0 -1.0 -1.0 1.865 1.458 4.11 494.308 1.107 1359.437 -2.099316930883851 1.0
13.0 0.0 Truck -1.0 -1.0 -1.0 -1.0 -1.0 -1.0 -1.0 2.08 2.718 4.917 501.421 1.9 1372.048 -2.170055125400898 1.0
13.0 1.0 Car -1.0 -1.0 -1.0 -1.0 -1.0 -1.0 -1.0 2.193 1.586 4.758 505.896 1.453 1381.455 -2.073201422121482 1.0
13.0 4.0 Car -1.0 -1.0 -1.0 -1.0 -1.0 -1.0 -1.0 1.781 1.802 3.877 478.861 0.471 1328.399 -2.064410345843965 1.0
13.0 3.0 Bus -1.0 -1.0 -1.0 -1.0 -1.0 -1.0 -1.0 2.752 3.56 12.176 518.185 3.126 1407.19 -2.0560474435942457 1.0
14.0 6.0 Car -1.0 -1.0 -1.0 -1.0 -1.0 -1.0 -1.0 2.153 1.795 4.951 511.367 1.752 1392.426 -2.0436378391331123 1.0
14.0 5.0 Car -1.0 -1.0 -1.0 -1.0 -1.0 -1.0 -1.0 1.869 1.408 4.811 486.215 0.725 1341.135 -2.1097908472756988 1.0
14.0 2.0 Car -1.0 -1.0 -1.0 -1.0 -1.0 -1.0 -1.0 1.865 1.458 4.11 492.75 1.131 1357.071 -2.1342235159237375 1.0
14.0 0.0 Truck -1.0 -1.0 -1.0 -1.0 -1.0 -1.0 -1.0 2.08 2.718 4.917 499.431 1.9 1369.592 -2.2922281730405 0.0
14.0 1.0 Car -1.0 -1.0 -1.0 -1.0 -1.0 -1.0 -1.0 2.193 1.586 4.758 504.53 1.478 1378.603 -2.095010494900951 1.0
14.0 4.0 Car -1.0 -1.0 -1.0 -1.0 -1.0 -1.0 -1.0 1.781 1.802 3.877 476.823 0.471 1324.351 -2.064410345843965 1.0
14.0 3.0 Bus -1.0 -1.0 -1.0 -1.0 -1.0 -1.0 -1.0 2.752 3.56 12.176 517.834 3.086 1405.96 -2.0646278928635637 1.0
15.0 6.0 Car -1.0 -1.0 -1.0 -1.0 -1.0 -1.0 -1.0 2.153 1.795 4.951 509.851 1.741 1389.184 -2.0585931198116945 1.0
15.0 5.0 Car -1.0 -1.0 -1.0 -1.0 -1.0 -1.0 -1.0 1.869 1.408 4.811 484.34 0.675 1337.921 -2.102811052252665 1.0
15.0 2.0 Car -1.0 -1.0 -1.0 -1.0 -1.0 -1.0 -1.0 1.865 1.458 4.11 491.24 1.106 1354.676 -2.1342235159237375 1.0
15.0 0.0 Truck -1.0 -1.0 -1.0 -1.0 -1.0 -1.0 -1.0 2.08 2.718 4.917 497.055 2.0 1367.193 -2.38816543211786 0.0
15.0 1.0 Car -1.0 -1.0 -1.0 -1.0 -1.0 -1.0 -1.0 2.193 1.586 4.758 503.158 1.502 1375.754 -2.116820876638417 1.0
15.0 4.0 Car -1.0 -1.0 -1.0 -1.0 -1.0 -1.0 -1.0 1.781 1.802 3.877 474.669 0.422 1320.425 -2.081863638363908 1.0
15.0 3.0 Bus -1.0 -1.0 -1.0 -1.0 -1.0 -1.0 -1.0 2.752 3.56 12.176 517.483 3.046 1404.731 -2.073208857122575 1.0
16.0 6.0 Car -1.0 -1.0 -1.0 -1.0 -1.0 -1.0 -1.0 2.153 1.795 4.951 508.284 1.73 1385.962 -2.073565812894562 1.0
16.0 5.0 Car -1.0 -1.0 -1.0 -1.0 -1.0 -1.0 -1.0 1.869 1.408 4.811 482.125 0.625 1334.268 -2.0958231306678234 1.0
16.0 2.0 Car -1.0 -1.0 -1.0 -1.0 -1.0 -1.0 -1.0 1.865 1.458 4.11 489.789 1.08 1352.374 -2.1342235159237375 1.0
16.0 0.0 Truck -1.0 -1.0 -1.0 -1.0 -1.0 -1.0 -1.0 2.08 2.718 4.917 494.414 2.0 1365.081 -2.4842143907598744 0.0
16.0 1.0 Car -1.0 -1.0 -1.0 -1.0 -1.0 -1.0 -1.0 2.193 1.586 4.758 501.785 1.526 1372.902 -2.1386566521610337 0.0
16.0 4.0 Car -1.0 -1.0 -1.0 -1.0 -1.0 -1.0 -1.0 1.781 1.802 3.877 472.513 0.347 1316.495 -2.0731319497663687 1.0
16.0 3.0 Bus -1.0 -1.0 -1.0 -1.0 -1.0 -1.0 -1.0 2.752 3.56 12.176 517.132 3.007 1403.5 -2.0817998121816284 1.0
17.0 6.0 Car -1.0 -1.0 -1.0 -1.0 -1.0 -1.0 -1.0 2.153 1.795 4.951 506.677 1.718 1382.764 -2.088521213246026 1.0
17.0 5.0 Car -1.0 -1.0 -1.0 -1.0 -1.0 -1.0 -1.0 1.869 1.408 4.811 479.95 0.575 1330.406 -2.0888432797921315 1.0
17.0 2.0 Car -1.0 -1.0 -1.0 -1.0 -1.0 -1.0 -1.0 1.865 1.458 4.11 488.28 1.054 1349.979 -2.1342235159237375 1.0
17.0 0.0 Truck -1.0 -1.0 -1.0 -1.0 -1.0 -1.0 -1.0 2.08 2.718 4.917 491.271 2.05 1363.138 -2.6238425639972327 0.0
17.0 1.0 Car -1.0 -1.0 -1.0 -1.0 -1.0 -1.0 -1.0 2.193 1.586 4.758 499.852 1.551 1370.224 -2.17356323720092 0.0
17.0 4.0 Car -1.0 -1.0 -1.0 -1.0 -1.0 -1.0 -1.0 1.781 1.802 3.877 470.359 0.372 1312.569 -2.064410345843965 1.0
17.0 3.0 Bus -1.0 -1.0 -1.0 -1.0 -1.0 -1.0 -1.0 2.752 3.56 12.176 516.781 2.967 1402.271 -2.0903808451059316 1.0
18.0 6.0 Car -1.0 -1.0 -1.0 -1.0 -1.0 -1.0 -1.0 2.153 1.795 4.951 505.04 1.707 1379.582 -2.1034761648241838 1.0
18.0 5.0 Car -1.0 -1.0 -1.0 -1.0 -1.0 -1.0 -1.0 1.869 1.408 4.811 477.709 0.525 1326.429 -2.081863638363908 1.0
18.0 2.0 Car -1.0 -1.0 -1.0 -1.0 -1.0 -1.0 -1.0 1.865 1.458 4.11 486.891 1.079 1347.775 -2.1342235159237375 1.0
18.0 0.0 Truck -1.0 -1.0 -1.0 -1.0 -1.0 -1.0 -1.0 2.08 2.718 4.917 487.793 2.1 1361.533 -2.7285604860390773 0.0
18.0 1.0 Car -1.0 -1.0 -1.0 -1.0 -1.0 -1.0 -1.0 2.193 1.586 4.758 497.454 1.575 1367.852 -2.45281591752001 0.0
18.0 4.0 Car -1.0 -1.0 -1.0 -1.0 -1.0 -1.0 -1.0 1.781 1.802 3.877 468.155 0.297 1308.549 -2.064410345843965 1.0
18.0 3.0 Bus -1.0 -1.0 -1.0 -1.0 -1.0 -1.0 -1.0 2.752 3.56 12.176 515.06 2.862 1397.794 -2.0903808451059316 1.0
19.0 6.0 Car -1.0 -1.0 -1.0 -1.0 -1.0 -1.0 -1.0 2.153 1.795 4.951 503.388 1.695 1376.407 -2.118431774603191 1.0
19.0 5.0 Car -1.0 -1.0 -1.0 -1.0 -1.0 -1.0 -1.0 1.869 1.408 4.811 475.415 0.532 1322.248 -2.078956335312302 1.0
19.0 2.0 Car -1.0 -1.0 -1.0 -1.0 -1.0 -1.0 -1.0 1.865 1.458 4.11 485.532 1.103 1345.619 -2.116770223403794 1.0
19.0 0.0 Truck -1.0 -1.0 -1.0 -1.0 -1.0 -1.0 -1.0 2.08 2.718 4.917 483.989 2.15 1360.271 -2.868186826198624 0.0
19.0 1.0 Car -1.0 -1.0 -1.0 -1.0 -1.0 -1.0 -1.0 2.193 1.586 4.758 494.68 1.599 1365.843 -2.5749889651596116 0.0
19.0 4.0 Car -1.0 -1.0 -1.0 -1.0 -1.0 -1.0 -1.0 1.781 1.802 3.877 465.997 0.322 1304.504 -2.064410345843965 1.0
19.0 3.0 Bus -1.0 -1.0 -1.0 -1.0 -1.0 -1.0 -1.0 2.752 3.56 12.176 512.975 2.756 1393.524 -2.1252874301458182 1.0
20.0 6.0 Car -1.0 -1.0 -1.0 -1.0 -1.0 -1.0 -1.0 2.153 1.795 4.951 501.735 1.684 1373.228 -2.133403211120801 1.0
20.0 5.0 Car -1.0 -1.0 -1.0 -1.0 -1.0 -1.0 -1.0 1.869 1.408 4.811 473.118 0.538 1318.062 -2.076045955614133 1.0
20.0 2.0 Car -1.0 -1.0 -1.0 -1.0 -1.0 -1.0 -1.0 1.865 1.458 4.11 484.202 1.127 1343.509 -2.116770223403794 1.0
20.0 0.0 Truck -1.0 -1.0 -1.0 -1.0 -1.0 -1.0 -1.0 2.08 2.718 4.917 480.077 2.25 1359.469 -2.955453288798341 0.0
20.0 1.0 Car -1.0 -1.0 -1.0 -1.0 -1.0 -1.0 -1.0 2.193 1.586 4.758 491.599 1.624 1364.105 -2.662255427759327 0.0
20.0 4.0 Car -1.0 -1.0 -1.0 -1.0 -1.0 -1.0 -1.0 1.781 1.802 3.877 463.882 0.348 1300.311 -2.046957053324022 1.0
20.0 3.0 Bus -1.0 -1.0 -1.0 -1.0 -1.0 -1.0 -1.0 2.752 3.56 12.176 511.173 2.651 1389.074 -2.1252874301458182 1.0
21.0 6.0 Car -1.0 -1.0 -1.0 -1.0 -1.0 -1.0 -1.0 2.153 1.795 4.951 499.368 1.68 1370.277 -2.133403211120801 0.0
21.0 5.0 Car -1.0 -1.0 -1.0 -1.0 -1.0 -1.0 -1.0 1.869 1.408 4.811 470.807 0.545 1313.851 -2.0731386176667232 1.0
21.0 2.0 Car -1.0 -1.0 -1.0 -1.0 -1.0 -1.0 -1.0 1.865 1.458 4.11 482.858 1.152 1341.377 -2.116770223403794 1.0
21.0 0.0 Truck -1.0 -1.0 -1.0 -1.0 -1.0 -1.0 -1.0 2.08 2.718 4.917 475.601 2.35 1358.844 -3.007813166358171 0.0
21.0 1.0 Car -1.0 -1.0 -1.0 -1.0 -1.0 -1.0 -1.0 2.193 1.586 4.758 488.127 1.698 1362.577 -2.7669751828789866 0.0
21.0 4.0 Car -1.0 -1.0 -1.0 -1.0 -1.0 -1.0 -1.0 1.781 1.802 3.877 461.757 0.323 1296.159 -2.029503760804079 1.0
21.0 3.0 Bus -1.0 -1.0 -1.0 -1.0 -1.0 -1.0 -1.0 2.752 3.56 12.176 509.374 2.546 1384.628 -2.1252874301458182 1.0
22.0 6.0 Car -1.0 -1.0 -1.0 -1.0 -1.0 -1.0 -1.0 2.153 1.795 4.951 497.543 1.776 1367.977 -2.298885985969374 0.0
22.0 5.0 Car -1.0 -1.0 -1.0 -1.0 -1.0 -1.0 -1.0 1.869 1.408 4.811 468.508 0.552 1309.661 -2.070224882155572 1.0
22.0 2.0 Car -1.0 -1.0 -1.0 -1.0 -1.0 -1.0 -1.0 1.865 1.458 4.11 481.707 1.176 1339.454 -2.099316930883851 1.0
22.0 0.0 Truck -1.0 -1.0 -1.0 -1.0 -1.0 -1.0 -1.0 2.08 2.718 4.917 471.193 2.501 1358.43 -3.042719751398058 0.0
22.0 1.0 Car -1.0 -1.0 -1.0 -1.0 -1.0 -1.0 -1.0 2.193 1.586 4.758 484.375 1.823 1361.194 -2.886490520269623 0.0
22.0 4.0 Car -1.0 -1.0 -1.0 -1.0 -1.0 -1.0 -1.0 1.781 1.802 3.877 459.604 0.298 1291.89 -2.029503760804079 1.0
22.0 3.0 Bus -1.0 -1.0 -1.0 -1.0 -1.0 -1.0 -1.0 2.752 3.56 12.176 507.666 2.641 1381.843 -2.1252874301458182 1.0
23.0 6.0 Car -1.0 -1.0 -1.0 -1.0 -1.0 -1.0 -1.0 2.153 1.795 4.951 495.599 1.862 1366.192 -2.4475624764797765 0.0
23.0 5.0 Car -1.0 -1.0 -1.0 -1.0 -1.0 -1.0 -1.0 1.869 1.408 4.811 466.562 0.549 1305.979 -2.065948495464463 1.0
23.0 2.0 Car -1.0 -1.0 -1.0 -1.0 -1.0 -1.0 -1.0 1.865 1.458 4.11 480.673 1.198 1337.725 -2.099316930883851 1.0
23.0 0.0 Truck -1.0 -1.0 -1.0 -1.0 -1.0 -1.0 -1.0 2.08 2.718 4.917 467.19 2.635 1358.191 -3.077626336437944 0.0
23.0 1.0 Car -1.0 -1.0 -1.0 -1.0 -1.0 -1.0 -1.0 2.193 1.586 4.758 480.884 1.935 1360.342 -2.9938679856382495 0.0
23.0 4.0 Car -1.0 -1.0 -1.0 -1.0 -1.0 -1.0 -1.0 1.781 1.802 3.877 457.742 0.326 1287.96 -2.029503760804079 1.0
23.0 3.0 Bus -1.0 -1.0 -1.0 -1.0 -1.0 -1.0 -1.0 2.752 3.56 12.176 506.259 2.726 1379.261 -2.1252874301458182 1.0
24.0 6.0 Car -1.0 -1.0 -1.0 -1.0 -1.0 -1.0 -1.0 2.153 1.795 4.951 492.929 1.996 1364.218 -2.4999223540396063 0.0
24.0 5.0 Car -1.0 -1.0 -1.0 -1.0 -1.0 -1.0 -1.0 1.869 1.408 4.811 464.195 0.545 1301.497 -2.0607264391118147 1.0
24.0 2.0 Car -1.0 -1.0 -1.0 -1.0 -1.0 -1.0 -1.0 1.865 1.458 4.11 479.243 1.286 1335.192 -2.099316930883851 1.0
24.0 0.0 Truck -1.0 -1.0 -1.0 -1.0 -1.0 -1.0 -1.0 2.08 2.718 4.917 462.298 2.75 1357.967 -3.0950796289578877 0.0
24.0 1.0 Car -1.0 -1.0 -1.0 -1.0 -1.0 -1.0 -1.0 2.193 1.586 4.758 476.124 1.985 1359.633 -2.9938679856382495 0.0
24.0 4.0 Car -1.0 -1.0 -1.0 -1.0 -1.0 -1.0 -1.0 1.781 1.802 3.877 455.42 0.299 1283.184 -2.029503760804079 1.0
24.0 3.0 Bus -1.0 -1.0 -1.0 -1.0 -1.0 -1.0 -1.0 2.752 3.56 12.176 504.629 2.83 1376.054 -2.1252874301458182 1.0
25.0 6.0 Car -1.0 -1.0 -1.0 -1.0 -1.0 -1.0 -1.0 2.153 1.795 4.951 490.557 2.106 1362.845 -2.604642109159265 0.0
25.0 5.0 Car -1.0 -1.0 -1.0 -1.0 -1.0 -1.0 -1.0 1.869 1.408 4.811 462.288 0.543 1297.888 -2.0564502519370897 1.0
25.0 2.0 Car -1.0 -1.0 -1.0 -1.0 -1.0 -1.0 -1.0 1.865 1.458 4.11 477.86 1.276 1332.893 -2.081863638363908 1.0
25.0 0.0 Truck -1.0 -1.0 -1.0 -1.0 -1.0 -1.0 -1.0 2.08 2.718 4.917 458.289 2.844 1357.851 -3.1125329214778312 0.0
25.0 1.0 Car -1.0 -1.0 -1.0 -1.0 -1.0 -1.0 -1.0 2.193 1.586 4.758 472.246 2.126 1359.182 -3.0462278631980797 0.0
25.0 4.0 Car -1.0 -1.0 -1.0 -1.0 -1.0 -1.0 -1.0 1.781 1.802 3.877 453.59 0.276 1279.297 -2.029503760804079 1.0
25.0 3.0 Bus -1.0 -1.0 -1.0 -1.0 -1.0 -1.0 -1.0 2.752 3.56 12.176 502.769 2.916 1373.753 -2.1427407226657613 1.0
26.0 6.0 Car -1.0 -1.0 -1.0 -1.0 -1.0 -1.0 -1.0 2.153 1.795 4.951 487.783 2.173 1361.51 -2.674496501905072 0.0
26.0 5.0 Car -1.0 -1.0 -1.0 -1.0 -1.0 -1.0 -1.0 1.869 1.408 4.811 460.17 0.539 1293.879 -2.051700849900386 1.0
26.0 2.0 Car -1.0 -1.0 -1.0 -1.0 -1.0 -1.0 -1.0 1.865 1.458 4.11 476.399 1.321 1330.151 -2.081863638363908 1.0
26.0 1.0 Car -1.0 -1.0 -1.0 -1.0 -1.0 -1.0 -1.0 2.193 1.586 4.758 467.614 2.257 1358.824 -3.0636914613845314 0.0
26.0 4.0 Car -1.0 -1.0 -1.0 -1.0 -1.0 -1.0 -1.0 1.781 1.802 3.877 451.677 0.302 1274.981 -2.0120504682841354 1.0
26.0 3.0 Bus -1.0 -1.0 -1.0 -1.0 -1.0 -1.0 -1.0 2.752 3.56 12.176 500.731 3.01 1371.071 -2.160194015185704 1.0
27.0 6.0 Car -1.0 -1.0 -1.0 -1.0 -1.0 -1.0 -1.0 2.153 1.795 4.951 484.925 2.239 1360.373 -2.74426844931881 0.0
27.0 5.0 Car -1.0 -1.0 -1.0 -1.0 -1.0 -1.0 -1.0 1.869 1.408 4.811 458.039 0.536 1289.845 -2.046957053324022 0.0
27.0 2.0 Car -1.0 -1.0 -1.0 -1.0 -1.0 -1.0 -1.0 1.865 1.458 4.11 474.801 1.315 1327.165 -2.081863638363908 0.0
27.0 1.0 Car -1.0 -1.0 -1.0 -1.0 -1.0 -1.0 -1.0 2.193 1.586 4.758 462.988 2.389 1358.468 -3.081134448237966 0.0
27.0 4.0 Car -1.0 -1.0 -1.0 -1.0 -1.0 -1.0 -1.0 1.781 1.802 3.877 449.66 0.277 1270.633 -2.0120504682841354 0.0
27.0 3.0 Bus -1.0 -1.0 -1.0 -1.0 -1.0 -1.0 -1.0 2.752 3.56 12.176 498.51 3.105 1368.113 -2.282367062825306 0.0
28.0 6.0 Car -1.0 -1.0 -1.0 -1.0 -1.0 -1.0 -1.0 2.153 1.795 4.951 480.887 2.306 1358.92 -2.8723075005588656 0.0
28.0 5.0 Car -1.0 -1.0 -1.0 -1.0 -1.0 -1.0 -1.0 1.869 1.408 4.811 455.994 0.526 1285.742 -2.0329942908203296 0.0
28.0 2.0 Car -1.0 -1.0 -1.0 -1.0 -1.0 -1.0 -1.0 1.865 1.458 4.11 473.187 1.31 1324.152 -2.081863638363908 0.0
28.0 4.0 Car -1.0 -1.0 -1.0 -1.0 -1.0 -1.0 -1.0 1.781 1.802 3.877 447.738 0.352 1266.234 -2.0120504682841354 0.0
28.0 3.0 Bus -1.0 -1.0 -1.0 -1.0 -1.0 -1.0 -1.0 2.752 3.56 12.176 496.201 3.1 1366.526 -2.4219934029848504 0.0
29.0 6.0 Car -1.0 -1.0 -1.0 -1.0 -1.0 -1.0 -1.0 2.153 1.795 4.951 476.695 2.372 1357.995 -3.000343221997756 0.0
29.0 5.0 Car -1.0 -1.0 -1.0 -1.0 -1.0 -1.0 -1.0 1.869 1.408 4.811 454.056 0.516 1281.561 -2.0190318914341567 0.0
29.0 2.0 Car -1.0 -1.0 -1.0 -1.0 -1.0 -1.0 -1.0 1.865 1.458 4.11 471.45 1.304 1320.916 -2.081863638363908 0.0
29.0 4.0 Car -1.0 -1.0 -1.0 -1.0 -1.0 -1.0 -1.0 1.781 1.802 3.877 445.815 0.378 1261.835 -1.9945971757641925 0.0
29.0 3.0 Bus -1.0 -1.0 -1.0 -1.0 -1.0 -1.0 -1.0 2.752 3.56 12.176 494.058 3.144 1364.75 -2.5616197431443952 0.0
30.0 6.0 Car -1.0 -1.0 -1.0 -1.0 -1.0 -1.0 -1.0 2.153 1.795 4.951 472.425 2.439 1357.613 -3.128240884757562 0.0
30.0 5.0 Car -1.0 -1.0 -1.0 -1.0 -1.0 -1.0 -1.0 1.869 1.408 4.811 452.194 0.506 1277.448 -2.005084547459042 0.0
30.0 2.0 Car -1.0 -1.0 -1.0 -1.0 -1.0 -1.0 -1.0 1.865 1.458 4.11 469.783 1.249 1317.807 -2.081863638363908 0.0
30.0 4.0 Car -1.0 -1.0 -1.0 -1.0 -1.0 -1.0 -1.0 1.781 1.802 3.877 443.802 0.353 1257.366 -1.9771438832442494 0.0
30.0 3.0 Bus -1.0 -1.0 -1.0 -1.0 -1.0 -1.0 -1.0 2.752 3.56 12.176 491.13 3.189 1362.759 -2.596526328184282 0.0
31.0 6.0 Car -1.0 -1.0 -1.0 -1.0 -1.0 -1.0 -1.0 2.153 1.795 4.951 468.561 2.539 1357.527 -3.128240884757562 0.0
31.0 5.0 Car -1.0 -1.0 -1.0 -1.0 -1.0 -1.0 -1.0 1.869 1.408 4.811 450.329 0.496 1273.331 -1.991122064276519 0.0
31.0 2.0 Car -1.0 -1.0 -1.0 -1.0 -1.0 -1.0 -1.0 1.865 1.458 4.11 468.114 1.193 1314.695 -2.081863638363908 0.0
31.0 4.0 Car -1.0 -1.0 -1.0 -1.0 -1.0 -1.0 -1.0 1.781 1.802 3.877 441.98 0.328 1253.07 -1.9771438832442494 0.0
31.0 3.0 Bus -1.0 -1.0 -1.0 -1.0 -1.0 -1.0 -1.0 2.752 3.56 12.176 487.851 3.234 1361.34 -2.718699375823883 0.0
32.0 6.0 Car -1.0 -1.0 -1.0 -1.0 -1.0 -1.0 -1.0 2.153 1.795 4.951 464.693 2.639 1357.441 -3.128240884757562 0.0
32.0 5.0 Car -1.0 -1.0 -1.0 -1.0 -1.0 -1.0 -1.0 1.869 1.408 4.811 448.463 0.487 1269.21 -1.9771438832442494 0.0
32.0 2.0 Car -1.0 -1.0 -1.0 -1.0 -1.0 -1.0 -1.0 1.865 1.458 4.11 466.526 1.188 1311.727 -2.081863638363908 0.0
32.0 4.0 Car -1.0 -1.0 -1.0 -1.0 -1.0 -1.0 -1.0 1.781 1.802 3.877 440.198 0.303 1248.868 -1.9771438832442494 0.0
32.0 3.0 Bus -1.0 -1.0 -1.0 -1.0 -1.0 -1.0 -1.0 2.752 3.56 12.176 484.584 3.278 1359.928 -2.893232301023317 0.0
33.0 5.0 Car -1.0 -1.0 -1.0 -1.0 -1.0 -1.0 -1.0 1.869 1.408 4.811 446.501 0.463 1264.673 -1.972348815106962 0.0
33.0 2.0 Car -1.0 -1.0 -1.0 -1.0 -1.0 -1.0 -1.0 1.865 1.458 4.11 464.782 1.181 1308.468 -2.081863638363908 0.0
33.0 4.0 Car -1.0 -1.0 -1.0 -1.0 -1.0 -1.0 -1.0 1.781 1.802 3.877 438.321 0.326 1244.508 -1.9771438832442494 0.0
33.0 3.0 Bus -1.0 -1.0 -1.0 -1.0 -1.0 -1.0 -1.0 2.752 3.56 12.176 480.819 3.382 1358.996 -2.9106855935432603 0.0
34.0 5.0 Car -1.0 -1.0 -1.0 -1.0 -1.0 -1.0 -1.0 1.869 1.408 4.811 444.729 0.442 1260.573 -1.967983003451421 0.0
34.0 2.0 Car -1.0 -1.0 -1.0 -1.0 -1.0 -1.0 -1.0 1.865 1.458 4.11 463.356 1.176 1305.735 -2.064410345843965 0.0
34.0 4.0 Car -1.0 -1.0 -1.0 -1.0 -1.0 -1.0 -1.0 1.781 1.802 3.877 436.588 0.251 1240.548 -1.9771438832442494 0.0
34.0 3.0 Bus -1.0 -1.0 -1.0 -1.0 -1.0 -1.0 -1.0 2.752 3.56 12.176 477.339 3.477 1358.37 -2.980498763623033 0.0
35.0 5.0 Car -1.0 -1.0 -1.0 -1.0 -1.0 -1.0 -1.0 1.869 1.408 4.811 443.024 0.421 1256.633 -1.9636220772448234 0.0
35.0 2.0 Car -1.0 -1.0 -1.0 -1.0 -1.0 -1.0 -1.0 1.865 1.458 4.11 461.906 1.12 1303.019 -2.064410345843965 0.0
35.0 4.0 Car -1.0 -1.0 -1.0 -1.0 -1.0 -1.0 -1.0 1.781 1.802 3.877 434.973 0.276 1236.863 -1.9771438832442494 0.0
35.0 3.0 Bus -1.0 -1.0 -1.0 -1.0 -1.0 -1.0 -1.0 2.752 3.56 12.176 473.85 3.622 1357.828 -3.0328586411828637 0.0
36.0 5.0 Car -1.0 -1.0 -1.0 -1.0 -1.0 -1.0 -1.0 1.869 1.408 4.811 441.511 0.402 1253.14 -1.9596905907243065 0.0
36.0 2.0 Car -1.0 -1.0 -1.0 -1.0 -1.0 -1.0 -1.0 1.865 1.458 4.11 460.623 1.07 1300.615 -2.046957053324022 0.0
36.0 4.0 Car -1.0 -1.0 -1.0 -1.0 -1.0 -1.0 -1.0 1.781 1.802 3.877 433.479 0.254 1233.383 -1.9771438832442494 0.0
36.0 3.0 Bus -1.0 -1.0 -1.0 -1.0 -1.0 -1.0 -1.0 2.752 3.56 12.176 470.678 3.572 1357.565 -3.050311933702807 0.0
37.0 5.0 Car -1.0 -1.0 -1.0 -1.0 -1.0 -1.0 -1.0 1.869 1.408 4.811 439.874 0.344 1249.406 -1.9702770998886623 0.0
37.0 2.0 Car -1.0 -1.0 -1.0 -1.0 -1.0 -1.0 -1.0 1.865 1.458 4.11 459.441 1.07 1298.278 -2.046957053324022 0.0
37.0 4.0 Car -1.0 -1.0 -1.0 -1.0 -1.0 -1.0 -1.0 1.781 1.802 3.877 431.832 0.253 1229.776 -1.9771438832442494 0.0
37.0 3.0 Bus -1.0 -1.0 -1.0 -1.0 -1.0 -1.0 -1.0 2.752 3.56 12.176 467.144 3.666 1357.523 -3.102671811262637 0.0
38.0 5.0 Car -1.0 -1.0 -1.0 -1.0 -1.0 -1.0 -1.0 1.869 1.408 4.811 438.076 0.281 1245.309 -1.981892954365817 0.0
38.0 2.0 Car -1.0 -1.0 -1.0 -1.0 -1.0 -1.0 -1.0 1.865 1.458 4.11 458.386 1.07 1296.184 -2.0378398740257837 0.0
38.0 4.0 Car -1.0 -1.0 -1.0 -1.0 -1.0 -1.0 -1.0 1.781 1.802 3.877 430.026 0.252 1225.818 -1.9771438832442494 0.0
38.0 3.0 Bus -1.0 -1.0 -1.0 -1.0 -1.0 -1.0 -1.0 2.752 3.56 12.176 464.02 3.82 1357.507 -3.12012510378258 0.0
