0.0 2.0 Car -1.0 -1.0 -1.0 -1.0 -1.0 -1.0 -1.0 2.1 2.0 5.396 859.281 0.955 1424.393 -0.723691269991194 0.0
0.0 6.0 Car -1.0 -1.0 -1.0 -1.0 -1.0 -1.0 -1.0 1.907 1.763 4.597 850.112 0.876 1432.61 -0.7193025446272747 0.0
0.0 1.0 Car -1.0 -1.0 -1.0 -1.0 -1.0 -1.0 -1.0 1.959 1.443 4.737 890.558 0.468 1446.825 -2.0950408741305586 0.0
0.0 0.0 Car -1.0 -1.0 -1.0 -1.0 -1.0 -1.0 -1.0 1.847 1.465 4.337 839.044 0.858 1442.226 -0.7193025446272747 0.0
1.0 2.0 Car -1.0 -1.0 -1.0 -1.0 -1.0 -1.0 -1.0 2.1 2.0 5.396 859.999 0.955 1423.675 -0.7411373494308799 1.0
1.0 6.0 Car -1.0 -1.0 -1.0 -1.0 -1.0 -1.0 -1.0 1.907 1.763 4.597 850.861 0.876 1431.955 -0.7193025446272747 1.0
1.0 5.0 Car -1.0 -1.0 -1.0 -1.0 -1.0 -1.0 -1.0 1.997 1.838 4.929 834.566 1.029 1441.294 -0.6992460172983019 0.0
1.0 1.0 Car -1.0 -1.0 -1.0 -1.0 -1.0 -1.0 -1.0 1.959 1.443 4.737 889.497 0.485 1445.068 -2.0950408741305586 1.0
1.0 0.0 Car -1.0 -1.0 -1.0 -1.0 -1.0 -1.0 -1.0 1.847 1.465 4.337 840.51 0.808 1440.92 -0.7193025446272747 1.0
2.0 2.0 Car -1.0 -1.0 -1.0 -1.0 -1.0 -1.0 -1.0 2.1 2.0 5.396 860.717 0.955 1422.956 -0.7586034277172788 1.0
2.0 6.0 Car -1.0 -1.0 -1.0 -1.0 -1.0 -1.0 -1.0 1.907 1.763 4.597 851.612 0.876 1431.299 -0.7193025446272747 1.0
2.0 5.0 Car -1.0 -1.0 -1.0 -1.0 -1.0 -1.0 -1.0 1.997 1.838 4.929 834.777 1.018 1441.176 -0.7027374865192781 0.0
2.0 1.0 Car -1.0 -1.0 -1.0 -1.0 -1.0 -1.0 -1.0 1.959 1.443 4.737 888.434 0.502 1443.309 -2.0950408741305586 1.0
2.0 0.0 Car -1.0 -1.0 -1.0 -1.0 -1.0 -1.0 -1.0 1.847 1.465 4.337 841.978 0.758 1439.612 -0.7193025446272747 1.0
3.0 2.0 Car -1.0 -1.0 -1.0 -1.0 -1.0 -1.0 -1.0 2.1 2.0 5.396 861.435 0.955 1422.238 -0.7760511475510233 1.0
3.0 6.0 Car -1.0 -1.0 -1.0 -1.0 -1.0 -1.0 -1.0 1.907 1.763 4.597 852.362 0.876 1430.644 -0.7193025446272747 1.0
3.0 5.0 Car -1.0 -1.0 -1.0 -1.0 -1.0 -1.0 -1.0 1.997 1.838 4.929 834.988 1.008 1441.059 -0.7062252858853885 1.0
3.0 1.0 Car -1.0 -1.0 -1.0 -1.0 -1.0 -1.0 -1.0 1.959 1.443 4.737 887.077 0.519 1441.04 -2.0950408741305586 0.0
3.0 0.0 Car -1.0 -1.0 -1.0 -1.0 -1.0 -1.0 -1.0 1.847 1.465 4.337 842.812 0.751 1438.897 -0.7217948230397231 1.0
4.0 2.0 Car -1.0 -1.0 -1.0 -1.0 -1.0 -1.0 -1.0 2.1 2.0 5.396 861.734 0.955 1421.919 -0.7760511475510233 1.0
4.0 6.0 Car -1.0 -1.0 -1.0 -1.0 -1.0 -1.0 -1.0 1.907 1.763 4.597 853.113 0.876 1429.987 -0.7193025446272747 1.0
4.0 5.0 Car -1.0 -1.0 -1.0 -1.0 -1.0 -1.0 -1.0 1.997 1.838 4.929 835.199 0.997 1440.941 -0.7097206203147213 1.0
4.0 1.0 Car -1.0 -1.0 -1.0 -1.0 -1.0 -1.0 -1.0 1.959 1.443 4.737 885.716 0.535 1438.766 -2.0950408741305586 0.0
4.0 0.0 Car -1.0 -1.0 -1.0 -1.0 -1.0 -1.0 -1.0 1.847 1.465 4.337 843.649 0.744 1438.18 -0.7242924857857965 1.0
5.0 2.0 Car -1.0 -1.0 -1.0 -1.0 -1.0 -1.0 -1.0 2.1 2.0 5.396 862.034 0.955 1421.601 -0.7760511475510233 1.0
5.0 6.0 Car -1.0 -1.0 -1.0 -1.0 -1.0 -1.0 -1.0 1.907 1.763 4.597 853.863 0.876 1429.331 -0.7193025446272747 1.0
5.0 5.0 Car -1.0 -1.0 -1.0 -1.0 -1.0 -1.0 -1.0 1.997 1.838 4.929 835.41 0.986 1440.824 -0.7132118383669233 1.0
5.0 1.0 Car -1.0 -1.0 -1.0 -1.0 -1.0 -1.0 -1.0 1.959 1.443 4.737 884.186 0.552 1436.199 -2.0950408741305586 0.0
5.0 0.0 Car -1.0 -1.0 -1.0 -1.0 -1.0 -1.0 -1.0 1.847 1.465 4.337 844.484 0.737 1437.464 -0.7267872070903528 1.0
6.0 2.0 Car -1.0 -1.0 -1.0 -1.0 -1.0 -1.0 -1.0 2.1 2.0 5.396 862.333 0.955 1421.282 -0.7760511475510233 1.0
6.0 6.0 Car -1.0 -1.0 -1.0 -1.0 -1.0 -1.0 -1.0 1.907 1.763 4.597 854.614 0.876 1428.675 -0.7193025446272747 1.0
6.0 5.0 Car -1.0 -1.0 -1.0 -1.0 -1.0 -1.0 -1.0 1.997 1.838 4.929 835.329 0.976 1440.812 -0.6852333371425807 1.0
6.0 1.0 Car -1.0 -1.0 -1.0 -1.0 -1.0 -1.0 -1.0 1.959 1.443 4.737 882.306 0.606 1433.074 -2.0906725647246422 0.0
6.0 0.0 Car -1.0 -1.0 -1.0 -1.0 -1.0 -1.0 -1.0 1.847 1.465 4.337 845.319 0.729 1436.749 -0.7292822125680725 1.0
7.0 2.0 Car -1.0 -1.0 -1.0 -1.0 -1.0 -1.0 -1.0 2.1 2.0 5.396 862.633 0.955 1420.964 -0.7760511475510233 1.0
7.0 6.0 Car -1.0 -1.0 -1.0 -1.0 -1.0 -1.0 -1.0 1.907 1.763 4.597 855.143 0.876 1428.195 -0.7231813601628129 1.0
7.0 5.0 Car -1.0 -1.0 -1.0 -1.0 -1.0 -1.0 -1.0 1.997 1.838 4.929 835.654 0.965 1440.49 -0.6311255564141454 1.0
7.0 1.0 Car -1.0 -1.0 -1.0 -1.0 -1.0 -1.0 -1.0 1.959 1.443 4.737 880.593 0.61 1429.897 -2.086309510002508 0.0
7.0 0.0 Car -1.0 -1.0 -1.0 -1.0 -1.0 -1.0 -1.0 1.847 1.465 4.337 846.154 0.722 1436.034 -0.7317742167783452 1.0
8.0 2.0 Car -1.0 -1.0 -1.0 -1.0 -1.0 -1.0 -1.0 2.1 2.0 5.396 862.931 0.955 1420.647 -0.7760511475510233 1.0
8.0 6.0 Car -1.0 -1.0 -1.0 -1.0 -1.0 -1.0 -1.0 1.907 1.763 4.597 855.671 0.876 1427.715 -0.7270566294041556 1.0
8.0 5.0 Car -1.0 -1.0 -1.0 -1.0 -1.0 -1.0 -1.0 1.997 1.838 4.929 835.995 0.954 1440.186 -0.577067244939133 1.0
8.0 1.0 Car -1.0 -1.0 -1.0 -1.0 -1.0 -1.0 -1.0 1.959 1.443 4.737 878.57 0.69 1426.169 -2.0819504443011168 0.0
8.0 0.0 Car -1.0 -1.0 -1.0 -1.0 -1.0 -1.0 -1.0 1.847 1.465 4.337 846.988 0.715 1435.319 -0.7342639426178152 1.0
9.0 2.0 Car -1.0 -1.0 -1.0 -1.0 -1.0 -1.0 -1.0 2.1 2.0 5.396 863.342 0.955 1420.198 -0.7760511475510233 1.0
9.0 6.0 Car -1.0 -1.0 -1.0 -1.0 -1.0 -1.0 -1.0 1.907 1.763 4.597 856.2 0.876 1427.235 -0.7309352742209357 1.0
9.0 5.0 Car -1.0 -1.0 -1.0 -1.0 -1.0 -1.0 -1.0 1.997 1.838 4.929 836.196 0.954 1440.169 -0.5067618265675633 1.0
9.0 1.0 Car -1.0 -1.0 -1.0 -1.0 -1.0 -1.0 -1.0 1.959 1.443 4.737 876.544 0.769 1422.439 -2.0775875816106155 0.0
9.0 0.0 Car -1.0 -1.0 -1.0 -1.0 -1.0 -1.0 -1.0 1.847 1.465 4.337 847.822 0.708 1434.604 -0.7367558371472178 1.0
10.0 2.0 Car -1.0 -1.0 -1.0 -1.0 -1.0 -1.0 -1.0 2.1 2.0 5.396 863.752 0.955 1419.751 -0.7760511475510233 0.0
10.0 6.0 Car -1.0 -1.0 -1.0 -1.0 -1.0 -1.0 -1.0 1.907 1.763 4.597 856.728 0.876 1426.755 -0.7348098140275865 1.0
10.0 5.0 Car -1.0 -1.0 -1.0 -1.0 -1.0 -1.0 -1.0 1.997 1.838 4.929 836.397 0.953 1440.166 -0.436530816776365 1.0
10.0 1.0 Car -1.0 -1.0 -1.0 -1.0 -1.0 -1.0 -1.0 1.959 1.443 4.737 874.472 0.785 1418.474 -2.0775875816106155 0.0
10.0 0.0 Car -1.0 -1.0 -1.0 -1.0 -1.0 -1.0 -1.0 1.847 1.465 4.337 848.327 0.708 1434.174 -0.7367558371472178 1.0
11.0 2.0 Car -1.0 -1.0 -1.0 -1.0 -1.0 -1.0 -1.0 2.1 2.0 5.396 864.163 0.955 1419.302 -0.7760511475510233 0.0
11.0 6.0 Car -1.0 -1.0 -1.0 -1.0 -1.0 -1.0 -1.0 1.907 1.763 4.597 857.257 0.876 1426.274 -0.7386891649992279 1.0
11.0 5.0 Car -1.0 -1.0 -1.0 -1.0 -1.0 -1.0 -1.0 1.997 1.838 4.929 836.598 0.952 1440.177 -0.3662125984410641 1.0
11.0 1.0 Car -1.0 -1.0 -1.0 -1.0 -1.0 -1.0 -1.0 1.959 1.443 4.737 871.885 0.802 1414.117 -2.0775875816106155 0.0
11.0 0.0 Car -1.0 -1.0 -1.0 -1.0 -1.0 -1.0 -1.0 1.847 1.465 4.337 848.833 0.708 1433.744 -0.7367558371472178 1.0
12.0 2.0 Car -1.0 -1.0 -1.0 -1.0 -1.0 -1.0 -1.0 2.1 2.0 5.396 864.573 0.955 1418.854 -0.7760511475510233 0.0
12.0 6.0 Car -1.0 -1.0 -1.0 -1.0 -1.0 -1.0 -1.0 1.907 1.763 4.597 857.786 0.876 1425.794 -0.7425678641356126 1.0
12.0 5.0 Car -1.0 -1.0 -1.0 -1.0 -1.0 -1.0 -1.0 1.997 1.838 4.929 836.798 0.952 1440.202 -0.29590619545689933 1.0
12.0 1.0 Car -1.0 -1.0 -1.0 -1.0 -1.0 -1.0 -1.0 1.959 1.443 4.737 869.213 0.819 1409.474 -2.0775875816106155 0.0
12.0 0.0 Car -1.0 -1.0 -1.0 -1.0 -1.0 -1.0 -1.0 1.847 1.465 4.337 849.339 0.708 1433.313 -0.7367558371472178 1.0
13.0 2.0 Car -1.0 -1.0 -1.0 -1.0 -1.0 -1.0 -1.0 2.1 2.0 5.396 864.985 0.955 1418.405 -0.7760511475510233 0.0
13.0 6.0 Car -1.0 -1.0 -1.0 -1.0 -1.0 -1.0 -1.0 1.907 1.763 4.597 858.316 0.876 1425.313 -0.7464516925946736 1.0
13.0 5.0 Car -1.0 -1.0 -1.0 -1.0 -1.0 -1.0 -1.0 1.997 1.838 4.929 836.997 0.951 1440.241 -0.2255068169120058 1.0
13.0 1.0 Car -1.0 -1.0 -1.0 -1.0 -1.0 -1.0 -1.0 1.959 1.443 4.737 866.284 0.836 1404.368 -2.0775875816106155 0.0
13.0 0.0 Car -1.0 -1.0 -1.0 -1.0 -1.0 -1.0 -1.0 1.847 1.465 4.337 849.846 0.708 1432.882 -0.7367558371472178 1.0
14.0 2.0 Car -1.0 -1.0 -1.0 -1.0 -1.0 -1.0 -1.0 2.1 2.0 5.396 865.502 0.942 1417.277 -0.9549800624940641 0.0
14.0 6.0 Car -1.0 -1.0 -1.0 -1.0 -1.0 -1.0 -1.0 1.907 1.763 4.597 858.844 0.876 1424.832 -0.7503302287722442 1.0
14.0 5.0 Car -1.0 -1.0 -1.0 -1.0 -1.0 -1.0 -1.0 1.997 1.838 4.929 837.681 0.94 1440.071 -0.15520336776562527 1.0
14.0 1.0 Car -1.0 -1.0 -1.0 -1.0 -1.0 -1.0 -1.0 1.959 1.443 4.737 863.474 0.752 1399.409 -2.0775875816106155 0.0
14.0 0.0 Car -1.0 -1.0 -1.0 -1.0 -1.0 -1.0 -1.0 1.847 1.465 4.337 850.352 0.708 1432.452 -0.7367558371472178 1.0
15.0 2.0 Car -1.0 -1.0 -1.0 -1.0 -1.0 -1.0 -1.0 2.1 2.0 5.396 865.81 0.93 1416.075 -1.1339258029805608 0.0
15.0 6.0 Car -1.0 -1.0 -1.0 -1.0 -1.0 -1.0 -1.0 1.907 1.763 4.597 859.373 0.876 1424.352 -0.7542091296671608 1.0
15.0 5.0 Car -1.0 -1.0 -1.0 -1.0 -1.0 -1.0 -1.0 1.997 1.838 4.929 838.376 0.93 1439.95 -0.08489330764896597 1.0
15.0 0.0 Car -1.0 -1.0 -1.0 -1.0 -1.0 -1.0 -1.0 1.847 1.465 4.337 850.858 0.708 1432.021 -0.7367558371472178 1.0
16.0 2.0 Car -1.0 -1.0 -1.0 -1.0 -1.0 -1.0 -1.0 2.1 2.0 5.396 866.334 0.967 1414.177 -1.3126796606736049 0.0
16.0 6.0 Car -1.0 -1.0 -1.0 -1.0 -1.0 -1.0 -1.0 1.907 1.763 4.597 859.4 0.876 1424.314 -0.7571137304102731 1.0
16.0 5.0 Car -1.0 -1.0 -1.0 -1.0 -1.0 -1.0 -1.0 1.997 1.838 4.929 838.775 0.924 1439.913 -0.10911678671511904 1.0
16.0 0.0 Car -1.0 -1.0 -1.0 -1.0 -1.0 -1.0 -1.0 1.847 1.465 4.337 851.364 0.708 1431.591 -0.7367558371472178 1.0
17.0 2.0 Car -1.0 -1.0 -1.0 -1.0 -1.0 -1.0 -1.0 2.1 2.0 5.396 866.512 1.005 1412.214 -1.4916361408686902 0.0
17.0 6.0 Car -1.0 -1.0 -1.0 -1.0 -1.0 -1.0 -1.0 1.907 1.763 4.597 859.427 0.876 1424.277 -0.760021623599644 1.0
17.0 5.0 Car -1.0 -1.0 -1.0 -1.0 -1.0 -1.0 -1.0 1.997 1.838 4.929 839.173 0.918 1439.869 -0.1333677237729478 1.0
17.0 0.0 Car -1.0 -1.0 -1.0 -1.0 -1.0 -1.0 -1.0 1.847 1.465 4.337 851.777 0.708 1431.185 -0.7367558371472178 1.0
18.0 2.0 Car -1.0 -1.0 -1.0 -1.0 -1.0 -1.0 -1.0 2.1 2.0 5.396 866.27 1.025 1409.452 -1.6742268750256166 0.0
18.0 6.0 Car -1.0 -1.0 -1.0 -1.0 -1.0 -1.0 -1.0 1.907 1.763 4.597 859.453 0.876 1424.239 -0.7629293015584292 1.0
18.0 5.0 Car -1.0 -1.0 -1.0 -1.0 -1.0 -1.0 -1.0 1.997 1.838 4.929 839.57 0.913 1439.815 -0.15761686587372337 1.0
18.0 0.0 Car -1.0 -1.0 -1.0 -1.0 -1.0 -1.0 -1.0 1.847 1.465 4.337 852.19 0.708 1430.779 -0.7367558371472178 1.0
18.0 4.0 Car -1.0 -1.0 -1.0 -1.0 -1.0 -1.0 -1.0 2.595 2.0 5.874 932.775 1.201 1398.863 2.8507509871506915 0.0
19.0 2.0 Car -1.0 -1.0 -1.0 -1.0 -1.0 -1.0 -1.0 2.1 2.0 5.396 865.528 1.046 1406.777 -1.8570294758755053 0.0
19.0 6.0 Car -1.0 -1.0 -1.0 -1.0 -1.0 -1.0 -1.0 1.907 1.763 4.597 859.48 0.876 1424.202 -0.7658403534020732 1.0
19.0 5.0 Car -1.0 -1.0 -1.0 -1.0 -1.0 -1.0 -1.0 1.997 1.838 4.929 839.967 0.907 1439.755 -0.18189414513911364 1.0
19.0 0.0 Car -1.0 -1.0 -1.0 -1.0 -1.0 -1.0 -1.0 1.847 1.465 4.337 852.604 0.708 1430.373 -0.7367558371472178 1.0
19.0 4.0 Car -1.0 -1.0 -1.0 -1.0 -1.0 -1.0 -1.0 2.595 2.0 5.874 931.541 1.198 1399.241 2.8507509871506915 1.0
20.0 2.0 Car -1.0 -1.0 -1.0 -1.0 -1.0 -1.0 -1.0 2.1 2.0 5.396 864.313 1.067 1404.281 -2.039832807300198 0.0
20.0 6.0 Car -1.0 -1.0 -1.0 -1.0 -1.0 -1.0 -1.0 1.907 1.763 4.597 859.507 0.876 1424.164 -0.7687514168798031 1.0
20.0 5.0 Car -1.0 -1.0 -1.0 -1.0 -1.0 -1.0 -1.0 1.997 1.838 4.929 840.364 0.901 1439.695 -0.20617152142920944 1.0
20.0 0.0 Car -1.0 -1.0 -1.0 -1.0 -1.0 -1.0 -1.0 1.847 1.465 4.337 853.018 0.708 1429.967 -0.7367558371472178 1.0
20.0 4.0 Car -1.0 -1.0 -1.0 -1.0 -1.0 -1.0 -1.0 2.595 2.0 5.874 930.307 1.195 1399.618 2.8507509871506915 1.0
21.0 2.0 Car -1.0 -1.0 -1.0 -1.0 -1.0 -1.0 -1.0 2.1 2.0 5.396 863.985 0.954 1403.054 -2.039832807300198 0.0
21.0 6.0 Car -1.0 -1.0 -1.0 -1.0 -1.0 -1.0 -1.0 1.907 1.763 4.597 859.533 0.876 1424.126 -0.771662422187104 1.0
21.0 5.0 Car -1.0 -1.0 -1.0 -1.0 -1.0 -1.0 -1.0 1.997 1.838 4.929 840.496 0.927 1439.715 -0.21497048363637153 1.0
21.0 0.0 Car -1.0 -1.0 -1.0 -1.0 -1.0 -1.0 -1.0 1.847 1.465 4.337 853.431 0.708 1429.56 -0.7367558371472178 1.0
21.0 4.0 Car -1.0 -1.0 -1.0 -1.0 -1.0 -1.0 -1.0 2.595 2.0 5.874 929.072 1.192 1399.996 2.8507509871506915 1.0
22.0 6.0 Car -1.0 -1.0 -1.0 -1.0 -1.0 -1.0 -1.0 1.907 1.763 4.597 860.307 0.883 1423.306 -0.806602380992675 1.0
22.0 5.0 Car -1.0 -1.0 -1.0 -1.0 -1.0 -1.0 -1.0 1.997 1.838 4.929 840.628 0.953 1439.736 -0.22376953375807673 1.0
22.0 0.0 Car -1.0 -1.0 -1.0 -1.0 -1.0 -1.0 -1.0 1.847 1.465 4.337 853.845 0.708 1429.154 -0.7367558371472178 1.0
22.0 4.0 Car -1.0 -1.0 -1.0 -1.0 -1.0 -1.0 -1.0 2.595 2.0 5.874 927.838 1.189 1400.373 2.8507509871506915 1.0
23.0 3.0 Bus -1.0 -1.0 -1.0 -1.0 -1.0 -1.0 -1.0 2.819 3.005 7.647 862.239 1.402 1383.584 1.0637432726681841 0.0
23.0 6.0 Car -1.0 -1.0 -1.0 -1.0 -1.0 -1.0 -1.0 1.907 1.763 4.597 861.052 0.89 1422.459 -0.8415441551076768 1.0
23.0 5.0 Car -1.0 -1.0 -1.0 -1.0 -1.0 -1.0 -1.0 1.997 1.838 4.929 840.76 0.979 1439.757 -0.23256904103540577 1.0
23.0 0.0 Car -1.0 -1.0 -1.0 -1.0 -1.0 -1.0 -1.0 1.847 1.465 4.337 854.259 0.708 1428.748 -0.7367558371472178 1.0
23.0 4.0 Car -1.0 -1.0 -1.0 -1.0 -1.0 -1.0 -1.0 2.595 2.0 5.874 926.604 1.186 1400.751 2.8428818945801995 1.0
24.0 3.0 Bus -1.0 -1.0 -1.0 -1.0 -1.0 -1.0 -1.0 2.819 3.005 7.647 863.143 1.422 1385.525 1.0201066894445503 1.0
24.0 6.0 Car -1.0 -1.0 -1.0 -1.0 -1.0 -1.0 -1.0 1.907 1.763 4.597 861.766 0.897 1421.587 -0.8764491342969131 0.0
24.0 5.0 Car -1.0 -1.0 -1.0 -1.0 -1.0 -1.0 -1.0 1.997 1.838 4.929 840.892 1.005 1439.778 -0.2413592821198971 1.0
24.0 0.0 Car -1.0 -1.0 -1.0 -1.0 -1.0 -1.0 -1.0 1.847 1.465 4.337 854.69 0.708 1428.361 -0.7367558371472178 1.0
24.0 4.0 Car -1.0 -1.0 -1.0 -1.0 -1.0 -1.0 -1.0 2.595 2.0 5.874 925.371 1.183 1401.128 2.835021088442904 1.0
25.0 3.0 Bus -1.0 -1.0 -1.0 -1.0 -1.0 -1.0 -1.0 2.819 3.005 7.647 864.912 1.441 1388.545 1.0113833951083542 1.0
25.0 6.0 Car -1.0 -1.0 -1.0 -1.0 -1.0 -1.0 -1.0 1.907 1.763 4.597 862.448 0.904 1420.691 -0.9113451765781838 0.0
25.0 5.0 Car -1.0 -1.0 -1.0 -1.0 -1.0 -1.0 -1.0 1.997 1.838 4.929 841.399 0.997 1439.534 -0.2801205850520363 1.0
25.0 0.0 Car -1.0 -1.0 -1.0 -1.0 -1.0 -1.0 -1.0 1.847 1.465 4.337 855.12 0.708 1427.974 -0.7367558371472178 1.0
25.0 4.0 Car -1.0 -1.0 -1.0 -1.0 -1.0 -1.0 -1.0 2.595 2.0 5.874 924.138 1.18 1401.505 2.827162294949724 1.0
26.0 3.0 Bus -1.0 -1.0 -1.0 -1.0 -1.0 -1.0 -1.0 2.819 3.005 7.647 866.873 1.461 1391.575 0.9241169325086376 1.0
26.0 6.0 Car -1.0 -1.0 -1.0 -1.0 -1.0 -1.0 -1.0 1.907 1.763 4.597 863.1 0.911 1419.772 -0.946246245870185 0.0
26.0 5.0 Car -1.0 -1.0 -1.0 -1.0 -1.0 -1.0 -1.0 1.997 1.838 4.929 841.897 0.99 1439.27 -0.31888747181182575 1.0
26.0 0.0 Car -1.0 -1.0 -1.0 -1.0 -1.0 -1.0 -1.0 1.847 1.465 4.337 855.55 0.708 1427.587 -0.7367558371472178 1.0
26.0 4.0 Car -1.0 -1.0 -1.0 -1.0 -1.0 -1.0 -1.0 2.595 2.0 5.874 922.905 1.177 1401.882 2.8193023693442294 0.0
27.0 3.0 Bus -1.0 -1.0 -1.0 -1.0 -1.0 -1.0 -1.0 2.819 3.005 7.647 868.037 1.48 1393.279 0.8804980858049227 0.0
27.0 6.0 Car -1.0 -1.0 -1.0 -1.0 -1.0 -1.0 -1.0 1.907 1.763 4.597 863.718 0.918 1418.831 -0.981108216189836 0.0
27.0 5.0 Car -1.0 -1.0 -1.0 -1.0 -1.0 -1.0 -1.0 1.997 1.838 4.929 842.919 0.936 1438.717 -0.4428969314100862 0.0
27.0 0.0 Car -1.0 -1.0 -1.0 -1.0 -1.0 -1.0 -1.0 1.847 1.465 4.337 855.98 0.708 1427.2 -0.7367558371472178 0.0
27.0 4.0 Car -1.0 -1.0 -1.0 -1.0 -1.0 -1.0 -1.0 2.595 2.0 5.874 921.674 1.174 1402.259 2.8114512490567423 0.0
28.0 3.0 Bus -1.0 -1.0 -1.0 -1.0 -1.0 -1.0 -1.0 2.819 3.005 7.647 869.2 1.5 1394.507 0.8368504699089209 0.0
28.0 6.0 Car -1.0 -1.0 -1.0 -1.0 -1.0 -1.0 -1.0 1.907 1.763 4.597 864.303 0.926 1417.869 -1.0160085174663092 0.0
28.0 5.0 Car -1.0 -1.0 -1.0 -1.0 -1.0 -1.0 -1.0 1.997 1.838 4.929 843.866 0.882 1438.04 -0.5670427401933688 0.0
28.0 0.0 Car -1.0 -1.0 -1.0 -1.0 -1.0 -1.0 -1.0 1.847 1.465 4.337 856.411 0.708 1426.813 -0.7367558371472178 0.0
28.0 4.0 Car -1.0 -1.0 -1.0 -1.0 -1.0 -1.0 -1.0 2.595 2.0 5.874 920.441 1.171 1402.636 2.803591496412851 0.0
29.0 3.0 Bus -1.0 -1.0 -1.0 -1.0 -1.0 -1.0 -1.0 2.819 3.005 7.647 870.146 1.522 1395.774 0.8454065374700221 0.0
29.0 6.0 Car -1.0 -1.0 -1.0 -1.0 -1.0 -1.0 -1.0 1.907 1.763 4.597 865.386 0.915 1415.162 -1.1891690608983274 0.0
29.0 5.0 Car -1.0 -1.0 -1.0 -1.0 -1.0 -1.0 -1.0 1.997 1.838 4.929 844.601 0.894 1437.239 -0.6345011401668295 0.0
29.0 0.0 Car -1.0 -1.0 -1.0 -1.0 -1.0 -1.0 -1.0 1.847 1.465 4.337 856.884 0.708 1426.388 -0.7367558371472178 0.0
29.0 4.0 Car -1.0 -1.0 -1.0 -1.0 -1.0 -1.0 -1.0 2.595 2.0 5.874 919.12 1.168 1403.17 2.7981471108681495 0.0
30.0 3.0 Bus -1.0 -1.0 -1.0 -1.0 -1.0 -1.0 -1.0 2.819 3.005 7.647 870.647 1.541 1396.313 0.8214457995874643 0.0
30.0 6.0 Car -1.0 -1.0 -1.0 -1.0 -1.0 -1.0 -1.0 1.907 1.763 4.597 865.953 0.905 1412.572 -1.3466253384122782 0.0
30.0 5.0 Car -1.0 -1.0 -1.0 -1.0 -1.0 -1.0 -1.0 1.997 1.838 4.929 845.221 0.904 1436.47 -0.6958416068594531 0.0
30.0 0.0 Car -1.0 -1.0 -1.0 -1.0 -1.0 -1.0 -1.0 1.847 1.465 4.337 857.315 0.708 1426.001 -0.7367558371472178 0.0
30.0 4.0 Car -1.0 -1.0 -1.0 -1.0 -1.0 -1.0 -1.0 2.595 2.0 5.874 917.918 1.165 1403.656 2.7931964872201243 0.0
31.0 3.0 Bus -1.0 -1.0 -1.0 -1.0 -1.0 -1.0 -1.0 2.819 3.005 7.647 871.16 1.561 1396.838 0.7975096056981921 0.0
31.0 6.0 Car -1.0 -1.0 -1.0 -1.0 -1.0 -1.0 -1.0 1.907 1.763 4.597 866.106 0.895 1409.928 -1.5039203268274952 0.0
31.0 5.0 Car -1.0 -1.0 -1.0 -1.0 -1.0 -1.0 -1.0 1.997 1.838 4.929 846.396 0.904 1435.367 -0.710451085201635 0.0
31.0 0.0 Car -1.0 -1.0 -1.0 -1.0 -1.0 -1.0 -1.0 1.847 1.465 4.337 857.975 0.708 1425.36 -0.7386922259970782 0.0
31.0 4.0 Car -1.0 -1.0 -1.0 -1.0 -1.0 -1.0 -1.0 2.595 2.0 5.874 916.717 1.162 1404.141 2.7882509347044726 0.0
32.0 3.0 Bus -1.0 -1.0 -1.0 -1.0 -1.0 -1.0 -1.0 2.819 3.005 7.647 871.692 1.58 1397.346 0.7735464230038032 0.0
32.0 6.0 Car -1.0 -1.0 -1.0 -1.0 -1.0 -1.0 -1.0 1.907 1.763 4.597 865.843 0.885 1407.29 -1.6613926702477644 0.0
32.0 5.0 Car -1.0 -1.0 -1.0 -1.0 -1.0 -1.0 -1.0 1.997 1.838 4.929 847.573 0.904 1434.263 -0.7250770361862785 0.0
32.0 0.0 Car -1.0 -1.0 -1.0 -1.0 -1.0 -1.0 -1.0 1.847 1.465 4.337 858.635 0.708 1424.718 -0.7406307981857579 0.0
32.0 4.0 Car -1.0 -1.0 -1.0 -1.0 -1.0 -1.0 -1.0 2.595 2.0 5.874 915.515 1.159 1404.626 2.7832998059241207 0.0
33.0 3.0 Bus -1.0 -1.0 -1.0 -1.0 -1.0 -1.0 -1.0 2.819 3.005 7.647 872.224 1.6 1397.853 0.7495840073092044 0.0
33.0 6.0 Car -1.0 -1.0 -1.0 -1.0 -1.0 -1.0 -1.0 1.907 1.763 4.597 865.169 0.876 1404.725 -1.818859973383699 0.0
33.0 5.0 Car -1.0 -1.0 -1.0 -1.0 -1.0 -1.0 -1.0 1.997 1.838 4.929 848.968 0.904 1432.96 -0.7047482916722112 0.0
33.0 0.0 Car -1.0 -1.0 -1.0 -1.0 -1.0 -1.0 -1.0 1.847 1.465 4.337 859.296 0.708 1424.076 -0.7425693083257316 0.0
33.0 4.0 Car -1.0 -1.0 -1.0 -1.0 -1.0 -1.0 -1.0 2.595 2.0 5.874 914.314 1.156 1405.112 2.7783488356166557 0.0
34.0 3.0 Bus -1.0 -1.0 -1.0 -1.0 -1.0 -1.0 -1.0 2.819 3.005 7.647 872.622 1.6 1398.215 0.7379439123769596 0.0
34.0 6.0 Car -1.0 -1.0 -1.0 -1.0 -1.0 -1.0 -1.0 1.907 1.763 4.597 864.071 0.918 1401.474 -1.9149070123579064 0.0
34.0 5.0 Car -1.0 -1.0 -1.0 -1.0 -1.0 -1.0 -1.0 1.997 1.838 4.929 850.365 0.904 1431.655 -0.6843959595873885 0.0
34.0 0.0 Car -1.0 -1.0 -1.0 -1.0 -1.0 -1.0 -1.0 1.847 1.465 4.337 859.958 0.708 1423.433 -0.7445100677312744 0.0
34.0 4.0 Car -1.0 -1.0 -1.0 -1.0 -1.0 -1.0 -1.0 2.595 2.0 5.874 913.11 1.153 1405.598 2.773392120667048 0.0
35.0 3.0 Bus -1.0 -1.0 -1.0 -1.0 -1.0 -1.0 -1.0 2.819 3.005 7.647 873.02 1.6 1398.576 0.7263168891991264 0.0
35.0 6.0 Car -1.0 -1.0 -1.0 -1.0 -1.0 -1.0 -1.0 1.907 1.763 4.597 862.668 0.86 1398.347 -2.010846191103073 0.0
35.0 5.0 Car -1.0 -1.0 -1.0 -1.0 -1.0 -1.0 -1.0 1.997 1.838 4.929 851.612 0.904 1430.623 -0.6843959595873885 0.0
35.0 0.0 Car -1.0 -1.0 -1.0 -1.0 -1.0 -1.0 -1.0 1.847 1.465 4.337 860.074 0.708 1423.329 -0.7464486476760421 0.0
35.0 4.0 Car -1.0 -1.0 -1.0 -1.0 -1.0 -1.0 -1.0 2.595 2.0 5.874 911.909 1.15 1406.084 2.7684409720775855 0.0
36.0 3.0 Bus -1.0 -1.0 -1.0 -1.0 -1.0 -1.0 -1.0 2.819 3.005 7.647 873.418 1.6 1398.938 0.7146774222693177 0.0
36.0 5.0 Car -1.0 -1.0 -1.0 -1.0 -1.0 -1.0 -1.0 1.997 1.838 4.929 852.862 0.904 1429.59 -0.6843959595873885 0.0
36.0 0.0 Car -1.0 -1.0 -1.0 -1.0 -1.0 -1.0 -1.0 1.847 1.465 4.337 860.19 0.708 1423.225 -0.7483893023743944 0.0
36.0 4.0 Car -1.0 -1.0 -1.0 -1.0 -1.0 -1.0 -1.0 2.595 2.0 5.874 910.705 1.147 1406.57 2.763484524550975 0.0
37.0 3.0 Bus -1.0 -1.0 -1.0 -1.0 -1.0 -1.0 -1.0 2.819 3.005 7.647 874.297 1.6 1399.556 0.6797586489810791 0.0
37.0 5.0 Car -1.0 -1.0 -1.0 -1.0 -1.0 -1.0 -1.0 1.997 1.838 4.929 853.708 0.904 1428.886 -0.6843959595873885 0.0
37.0 0.0 Car -1.0 -1.0 -1.0 -1.0 -1.0 -1.0 -1.0 1.847 1.465 4.337 860.307 0.708 1423.121 -0.7503299221703497 0.0
37.0 4.0 Car -1.0 -1.0 -1.0 -1.0 -1.0 -1.0 -1.0 2.595 2.0 5.874 910.48 1.169 1406.668 2.772215855675432 0.0
38.0 3.0 Bus -1.0 -1.0 -1.0 -1.0 -1.0 -1.0 -1.0 2.819 3.005 7.647 875.195 1.6 1400.142 0.6448773475785181 0.0
38.0 5.0 Car -1.0 -1.0 -1.0 -1.0 -1.0 -1.0 -1.0 1.997 1.838 4.929 854.553 0.904 1428.182 -0.6843959595873885 0.0
38.0 0.0 Car -1.0 -1.0 -1.0 -1.0 -1.0 -1.0 -1.0 1.847 1.465 4.337 860.423 0.708 1423.017 -0.7522684594566321 0.0
