0.0 0.0 Car -1.0 -1.0 -1.0 -1.0 -1.0 -1.0 -1.0 2.043 1.839 4.515 673.892 1.523 632.46 -0.7064743747381286 0.0
1.0 0.0 Car -1.0 -1.0 -1.0 -1.0 -1.0 -1.0 -1.0 2.043 1.839 4.515 677.848 1.444 629.043 -0.7021160466677424 1.0
2.0 0.0 Car -1.0 -1.0 -1.0 -1.0 -1.0 -1.0 -1.0 2.043 1.839 4.515 681.726 1.365 625.571 -0.697752586059052 1.0
3.0 0.0 Car -1.0 -1.0 -1.0 -1.0 -1.0 -1.0 -1.0 2.043 1.839 4.515 685.628 1.31 622.118 -0.6933839841832508 1.0
4.0 0.0 Car -1.0 -1.0 -1.0 -1.0 -1.0 -1.0 -1.0 2.043 1.839 4.515 689.524 1.256 618.67 -0.6890210822181855 1.0
5.0 0.0 Car -1.0 -1.0 -1.0 -1.0 -1.0 -1.0 -1.0 2.043 1.839 4.515 693.461 1.177 615.26 -0.6890113809621035 1.0
6.0 0.0 Car -1.0 -1.0 -1.0 -1.0 -1.0 -1.0 -1.0 2.043 1.839 4.515 697.392 0.906 611.854 -0.6890210822181855 1.0
7.0 0.0 Car -1.0 -1.0 -1.0 -1.0 -1.0 -1.0 -1.0 2.043 1.839 4.515 701.032 0.856 608.636 -0.7220074714104268 1.0
8.0 0.0 Car -1.0 -1.0 -1.0 -1.0 -1.0 -1.0 -1.0 2.043 1.839 4.515 704.205 0.856 605.839 -0.7064743747381286 1.0
9.0 0.0 Car -1.0 -1.0 -1.0 -1.0 -1.0 -1.0 -1.0 2.043 1.839 4.515 708.024 0.869 602.551 -0.7108447185129473 1.0
10.0 0.0 Car -1.0 -1.0 -1.0 -1.0 -1.0 -1.0 -1.0 2.043 1.839 4.515 711.818 0.977 599.223 -0.6919263157045927 1.0
11.0 0.0 Car -1.0 -1.0 -1.0 -1.0 -1.0 -1.0 -1.0 2.043 1.839 4.515 715.62 0.969 595.914 -0.7079374815230722 1.0
12.0 0.0 Car -1.0 -1.0 -1.0 -1.0 -1.0 -1.0 -1.0 2.043 1.839 4.515 719.446 1.006 592.624 -0.7064743747381286 1.0
13.0 0.0 Car -1.0 -1.0 -1.0 -1.0 -1.0 -1.0 -1.0 2.043 1.839 4.515 723.298 1.056 589.317 -0.7064743747381286 1.0
14.0 0.0 Car -1.0 -1.0 -1.0 -1.0 -1.0 -1.0 -1.0 2.043 1.839 4.515 726.792 1.056 586.246 -0.7064743747381286 1.0
15.0 0.0 Car -1.0 -1.0 -1.0 -1.0 -1.0 -1.0 -1.0 2.043 1.839 4.515 730.687 1.106 582.828 -0.6890210822181855 1.0
16.0 0.0 Car -1.0 -1.0 -1.0 -1.0 -1.0 -1.0 -1.0 2.043 1.839 4.515 734.219 1.206 579.807 -0.7064743747381286 1.0
17.0 0.0 Car -1.0 -1.0 -1.0 -1.0 -1.0 -1.0 -1.0 2.043 1.839 4.515 737.284 1.206 577.056 -0.7239276672580716 1.0
18.0 0.0 Car -1.0 -1.0 -1.0 -1.0 -1.0 -1.0 -1.0 2.043 1.839 4.515 740.978 1.298 573.881 -0.7064743747381286 1.0
19.0 0.0 Car -1.0 -1.0 -1.0 -1.0 -1.0 -1.0 -1.0 2.043 1.839 4.515 744.402 1.306 570.908 -0.7064743747381286 1.0
20.0 0.0 Car -1.0 -1.0 -1.0 -1.0 -1.0 -1.0 -1.0 2.043 1.839 4.515 747.8 1.306 567.98 -0.6890210822181855 1.0
21.0 0.0 Car -1.0 -1.0 -1.0 -1.0 -1.0 -1.0 -1.0 2.043 1.839 4.515 751.295 1.206 564.945 -0.7064743747381286 1.0
22.0 0.0 Car -1.0 -1.0 -1.0 -1.0 -1.0 -1.0 -1.0 2.043 1.839 4.515 754.562 1.156 562.07 -0.7064743747381286 1.0
23.0 0.0 Car -1.0 -1.0 -1.0 -1.0 -1.0 -1.0 -1.0 2.043 1.839 4.515 758.045 1.106 559.026 -0.7064743747381286 1.0
24.0 0.0 Car -1.0 -1.0 -1.0 -1.0 -1.0 -1.0 -1.0 2.043 1.839 4.515 761.747 1.106 555.85 -0.7064743747381286 1.0
25.0 0.0 Car -1.0 -1.0 -1.0 -1.0 -1.0 -1.0 -1.0 2.043 1.839 4.515 764.674 1.04 553.311 -0.6890029839282162 1.0
26.0 0.0 Car -1.0 -1.0 -1.0 -1.0 -1.0 -1.0 -1.0 2.043 1.839 4.515 767.842 1.023 550.535 -0.6890212335222174 1.0
27.0 0.0 Car -1.0 -1.0 -1.0 -1.0 -1.0 -1.0 -1.0 2.043 1.839 4.515 771.029 0.956 547.833 -0.7064743747381286 1.0
28.0 0.0 Car -1.0 -1.0 -1.0 -1.0 -1.0 -1.0 -1.0 2.043 1.839 4.515 774.109 0.906 545.138 -0.7239276672580716 0.0
29.0 0.0 Car -1.0 -1.0 -1.0 -1.0 -1.0 -1.0 -1.0 2.043 1.839 4.515 777.124 0.906 542.58 -0.6977420205901025 0.0
30.0 0.0 Car -1.0 -1.0 -1.0 -1.0 -1.0 -1.0 -1.0 2.043 1.839 4.515 779.866 0.906 540.127 -0.6890114441659896 0.0
31.0 0.0 Car -1.0 -1.0 -1.0 -1.0 -1.0 -1.0 -1.0 2.043 1.839 4.515 782.771 0.906 537.538 -0.6977429443093905 0.0
32.0 0.0 Car -1.0 -1.0 -1.0 -1.0 -1.0 -1.0 -1.0 2.043 1.839 4.515 785.384 0.906 535.232 -0.7064743747381286 0.0
33.0 0.0 Car -1.0 -1.0 -1.0 -1.0 -1.0 -1.0 -1.0 2.043 1.839 4.515 787.916 0.956 533.078 -0.7064743747381286 0.0
34.0 0.0 Car -1.0 -1.0 -1.0 -1.0 -1.0 -1.0 -1.0 2.043 1.839 4.515 790.271 0.956 531.131 -0.7176914781249137 0.0
35.0 0.0 Car -1.0 -1.0 -1.0 -1.0 -1.0 -1.0 -1.0 2.043 1.839 4.515 792.082 0.906 529.51 -0.7114620634713028 0.0
36.0 0.0 Car -1.0 -1.0 -1.0 -1.0 -1.0 -1.0 -1.0 2.043 1.839 4.515 793.403 1.006 528.406 -0.7239276672580716 0.0
37.0 0.0 Car -1.0 -1.0 -1.0 -1.0 -1.0 -1.0 -1.0 2.043 1.839 4.515 794.935 0.956 527.102 -0.6890210822181855 0.0
38.0 0.0 Car -1.0 -1.0 -1.0 -1.0 -1.0 -1.0 -1.0 2.043 1.839 4.515 795.898 0.931 526.23 -0.7064846281773907 0.0
39.0 0.0 Car -1.0 -1.0 -1.0 -1.0 -1.0 -1.0 -1.0 2.043 1.839 4.515 796.862 0.906 525.358 -0.7064743747381286 0.0
