0.0 0.0 Car -1.0 -1.0 -1.0 -1.0 -1.0 -1.0 -1.0 1.889 1.387 4.924 772.219 0.798 1663.82 1.6296313759006904 0.0
1.0 0.0 Car -1.0 -1.0 -1.0 -1.0 -1.0 -1.0 -1.0 1.889 1.387 4.924 772.15 0.798 1664.596 1.633055474420699 1.0
2.0 0.0 Car -1.0 -1.0 -1.0 -1.0 -1.0 -1.0 -1.0 1.889 1.387 4.924 772.078 0.798 1665.709 1.6364796824166166 1.0
3.0 0.0 Car -1.0 -1.0 -1.0 -1.0 -1.0 -1.0 -1.0 1.889 1.387 4.924 772.0 0.798 1667.215 1.6398997371702517 1.0
4.0 0.0 Car -1.0 -1.0 -1.0 -1.0 -1.0 -1.0 -1.0 1.889 1.387 4.924 771.73 0.798 1669.282 1.6436643536617155 1.0
5.0 0.0 Car -1.0 -1.0 -1.0 -1.0 -1.0 -1.0 -1.0 1.889 1.387 4.924 771.536 0.798 1671.409 1.6645379609405768 1.0
6.0 0.0 Car -1.0 -1.0 -1.0 -1.0 -1.0 -1.0 -1.0 1.889 1.387 4.924 771.336 0.798 1673.253 1.6865297202649012 1.0
7.0 0.0 Car -1.0 -1.0 -1.0 -1.0 -1.0 -1.0 -1.0 1.889 1.387 4.924 771.078 0.798 1675.297 1.7109541180662668 1.0
8.0 0.0 Car -1.0 -1.0 -1.0 -1.0 -1.0 -1.0 -1.0 1.889 1.387 4.924 770.777 0.798 1677.338 1.7354145745001561 1.0
9.0 0.0 Car -1.0 -1.0 -1.0 -1.0 -1.0 -1.0 -1.0 1.889 1.387 4.924 770.454 0.798 1679.371 1.7598301775131018 1.0
10.0 0.0 Car -1.0 -1.0 -1.0 -1.0 -1.0 -1.0 -1.0 1.889 1.387 4.924 770.04 0.798 1681.6 1.7867110085801798 1.0
11.0 0.0 Car -1.0 -1.0 -1.0 -1.0 -1.0 -1.0 -1.0 1.889 1.387 4.924 769.639 0.798 1683.634 1.7552948306550278 1.0
12.0 0.0 Car -1.0 -1.0 -1.0 -1.0 -1.0 -1.0 -1.0 1.889 1.387 4.924 769.302 0.798 1685.681 1.7238790298137565 1.0
13.0 0.0 Car -1.0 -1.0 -1.0 -1.0 -1.0 -1.0 -1.0 1.889 1.387 4.924 769.029 0.798 1687.737 1.6924631032778588 1.0
14.0 0.0 Car -1.0 -1.0 -1.0 -1.0 -1.0 -1.0 -1.0 1.889 1.387 4.924 768.82 0.798 1689.803 1.6610126107195302 1.0
15.0 0.0 Car -1.0 -1.0 -1.0 -1.0 -1.0 -1.0 -1.0 1.889 1.387 4.924 768.677 0.798 1691.87 1.62963137590069 1.0
16.0 0.0 Car -1.0 -1.0 -1.0 -1.0 -1.0 -1.0 -1.0 1.889 1.387 4.924 768.646 0.798 1693.284 1.6016969551608236 1.0
17.0 0.0 Car -1.0 -1.0 -1.0 -1.0 -1.0 -1.0 -1.0 1.889 1.387 4.924 768.606 0.798 1694.442 1.5999588432854166 1.0
18.0 0.0 Car -1.0 -1.0 -1.0 -1.0 -1.0 -1.0 -1.0 1.889 1.387 4.924 768.567 0.798 1695.6 1.5982226542424514 0.0
19.0 0.0 Car -1.0 -1.0 -1.0 -1.0 -1.0 -1.0 -1.0 1.889 1.387 4.924 768.555 0.798 1696.376 1.587741379411646 0.0
20.0 0.0 Car -1.0 -1.0 -1.0 -1.0 -1.0 -1.0 -1.0 1.889 1.387 4.924 768.543 0.798 1697.152 1.5772714983408602 0.0
21.0 0.0 Car -1.0 -1.0 -1.0 -1.0 -1.0 -1.0 -1.0 1.889 1.387 4.924 768.53 0.798 1697.717 1.580762024167187 1.0
22.0 0.0 Car -1.0 -1.0 -1.0 -1.0 -1.0 -1.0 -1.0 1.889 1.387 4.924 768.518 0.798 1698.282 1.5842526617220711 1.0
23.0 0.0 Car -1.0 -1.0 -1.0 -1.0 -1.0 -1.0 -1.0 1.889 1.387 4.924 768.521 0.798 1698.491 1.5877433341921294 1.0
24.0 0.0 Car -1.0 -1.0 -1.0 -1.0 -1.0 -1.0 -1.0 1.889 1.387 4.924 768.524 0.798 1698.7 1.5912340345943272 1.0
25.0 0.0 Car -1.0 -1.0 -1.0 -1.0 -1.0 -1.0 -1.0 1.889 1.387 4.924 768.493 0.798 1698.875 1.5947247908608035 1.0
26.0 0.0 Car -1.0 -1.0 -1.0 -1.0 -1.0 -1.0 -1.0 1.889 1.387 4.924 768.499 0.798 1698.915 1.5947247908608035 1.0
27.0 0.0 Car -1.0 -1.0 -1.0 -1.0 -1.0 -1.0 -1.0 1.889 1.387 4.924 768.505 0.798 1698.955 1.5947247908608035 0.0
28.0 0.0 Car -1.0 -1.0 -1.0 -1.0 -1.0 -1.0 -1.0 1.889 1.387 4.924 768.51 0.798 1698.996 1.5947247908608035 0.0
29.0 0.0 Car -1.0 -1.0 -1.0 -1.0 -1.0 -1.0 -1.0 1.889 1.387 4.924 768.516 0.798 1699.036 1.5947247908608035 0.0
30.0 0.0 Car -1.0 -1.0 -1.0 -1.0 -1.0 -1.0 -1.0 1.889 1.387 4.924 768.521 0.798 1699.076 1.5947247908608035 0.0
31.0 0.0 Car -1.0 -1.0 -1.0 -1.0 -1.0 -1.0 -1.0 1.889 1.387 4.924 768.508 0.777 1699.849 1.591160956441867 0.0
32.0 0.0 Car -1.0 -1.0 -1.0 -1.0 -1.0 -1.0 -1.0 1.889 1.387 4.924 768.495 0.757 1700.621 1.5876009677644456 0.0
33.0 0.0 Car -1.0 -1.0 -1.0 -1.0 -1.0 -1.0 -1.0 1.889 1.387 4.924 768.483 0.739 1701.316 1.5843954068981403 0.0
34.0 0.0 Car -1.0 -1.0 -1.0 -1.0 -1.0 -1.0 -1.0 1.889 1.387 4.924 768.47 0.718 1702.088 1.5808354110989757 0.0
35.0 0.0 Car -1.0 -1.0 -1.0 -1.0 -1.0 -1.0 -1.0 1.889 1.387 4.924 768.457 0.698 1702.861 1.5772714983408602 0.0
36.0 0.0 Car -1.0 -1.0 -1.0 -1.0 -1.0 -1.0 -1.0 1.889 1.387 4.924 768.462 0.675 1704.602 1.5646211323760097 0.0
37.0 0.0 Car -1.0 -1.0 -1.0 -1.0 -1.0 -1.0 -1.0 1.889 1.387 4.924 768.44 0.655 1706.054 1.5689841107189952 0.0
38.0 0.0 Car -1.0 -1.0 -1.0 -1.0 -1.0 -1.0 -1.0 1.889 1.387 4.924 768.388 0.635 1707.273 1.5908006958181775 0.0
