0.0 3.0 Car -1.0 -1.0 -1.0 -1.0 -1.0 -1.0 -1.0 2.085 1.705 4.903 527.347 1.931 1689.423 -0.22725693470772734 0.0
0.0 0.0 Car -1.0 -1.0 -1.0 -1.0 -1.0 -1.0 -1.0 2.122 1.506 4.856 605.195 -2.366 1658.357 2.703292427576147 0.0
1.0 2.0 Car -1.0 -1.0 -1.0 -1.0 -1.0 -1.0 -1.0 1.903 1.473 4.98 614.437 -3.319 1652.669 2.6121819315822434 0.0
1.0 3.0 Car -1.0 -1.0 -1.0 -1.0 -1.0 -1.0 -1.0 2.085 1.705 4.903 531.716 1.919 1688.504 -0.262163519747614 1.0
1.0 0.0 Car -1.0 -1.0 -1.0 -1.0 -1.0 -1.0 -1.0 2.122 1.506 4.856 602.677 -1.922 1659.634 2.668385842536261 1.0
2.0 2.0 Car -1.0 -1.0 -1.0 -1.0 -1.0 -1.0 -1.0 1.903 1.473 4.98 611.908 -2.764 1654.141 2.625271900972201 1.0
2.0 3.0 Car -1.0 -1.0 -1.0 -1.0 -1.0 -1.0 -1.0 2.085 1.705 4.903 536.142 1.994 1687.381 -0.262163519747614 1.0
2.0 0.0 Car -1.0 -1.0 -1.0 -1.0 -1.0 -1.0 -1.0 2.122 1.506 4.856 600.011 -1.468 1660.952 2.668385842536261 0.0
3.0 2.0 Car -1.0 -1.0 -1.0 -1.0 -1.0 -1.0 -1.0 1.903 1.473 4.98 609.374 -2.209 1655.605 2.6383618703621585 1.0
3.0 3.0 Car -1.0 -1.0 -1.0 -1.0 -1.0 -1.0 -1.0 2.085 1.705 4.903 541.028 2.095 1686.288 -0.29125234061418626 1.0
3.0 0.0 Car -1.0 -1.0 -1.0 -1.0 -1.0 -1.0 -1.0 2.122 1.506 4.856 597.581 -1.079 1662.186 2.668385842536261 0.0
4.0 2.0 Car -1.0 -1.0 -1.0 -1.0 -1.0 -1.0 -1.0 1.903 1.473 4.98 606.837 -1.655 1657.065 2.651451839752116 1.0
4.0 3.0 Car -1.0 -1.0 -1.0 -1.0 -1.0 -1.0 -1.0 2.085 1.705 4.903 545.88 2.197 1685.053 -0.32034116148075853 1.0
4.0 0.0 Car -1.0 -1.0 -1.0 -1.0 -1.0 -1.0 -1.0 2.122 1.506 4.856 594.543 -0.598 1663.722 2.712019073836119 0.0
5.0 2.0 Car -1.0 -1.0 -1.0 -1.0 -1.0 -1.0 -1.0 1.903 1.473 4.98 604.301 -1.1 1658.525 2.664541809142073 1.0
5.0 3.0 Car -1.0 -1.0 -1.0 -1.0 -1.0 -1.0 -1.0 2.085 1.705 4.903 550.694 2.299 1683.677 -0.3494299823473306 1.0
5.0 0.0 Car -1.0 -1.0 -1.0 -1.0 -1.0 -1.0 -1.0 2.122 1.506 4.856 592.378 -0.271 1664.58 2.703292427576147 0.0
6.0 2.0 Car -1.0 -1.0 -1.0 -1.0 -1.0 -1.0 -1.0 1.903 1.473 4.98 601.974 -0.676 1659.886 2.6819951016620167 0.0
6.0 3.0 Car -1.0 -1.0 -1.0 -1.0 -1.0 -1.0 -1.0 2.085 1.705 4.903 555.473 2.362 1682.23 -0.3494299823473306 1.0
6.0 0.0 Car -1.0 -1.0 -1.0 -1.0 -1.0 -1.0 -1.0 2.122 1.506 4.856 589.026 0.214 1666.074 2.7091101917494615 0.0
7.0 2.0 Car -1.0 -1.0 -1.0 -1.0 -1.0 -1.0 -1.0 1.903 1.473 4.98 599.479 -0.25 1661.058 2.6994483941819603 0.0
7.0 3.0 Car -1.0 -1.0 -1.0 -1.0 -1.0 -1.0 -1.0 2.085 1.705 4.903 560.251 2.425 1680.783 -0.3494299823473306 1.0
7.0 0.0 Car -1.0 -1.0 -1.0 -1.0 -1.0 -1.0 -1.0 2.122 1.506 4.856 585.675 0.699 1667.568 2.7149279559227764 0.0
8.0 2.0 Car -1.0 -1.0 -1.0 -1.0 -1.0 -1.0 -1.0 1.903 1.473 4.98 596.863 0.095 1662.293 2.7169016867019034 0.0
8.0 3.0 Car -1.0 -1.0 -1.0 -1.0 -1.0 -1.0 -1.0 2.085 1.705 4.903 564.952 2.471 1679.194 -0.3494299823473306 1.0
8.0 0.0 Car -1.0 -1.0 -1.0 -1.0 -1.0 -1.0 -1.0 2.122 1.506 4.856 582.323 1.184 1669.062 2.7207457200960907 0.0
9.0 2.0 Car -1.0 -1.0 -1.0 -1.0 -1.0 -1.0 -1.0 1.903 1.473 4.98 594.308 0.496 1663.498 2.664541809142073 0.0
9.0 3.0 Car -1.0 -1.0 -1.0 -1.0 -1.0 -1.0 -1.0 2.085 1.705 4.903 569.709 2.442 1677.513 -0.3494299823473306 1.0
9.0 0.0 Car -1.0 -1.0 -1.0 -1.0 -1.0 -1.0 -1.0 2.122 1.506 4.856 579.164 1.603 1670.473 2.8429187677356937 0.0
10.0 2.0 Car -1.0 -1.0 -1.0 -1.0 -1.0 -1.0 -1.0 1.903 1.473 4.98 591.17 0.971 1665.004 2.7867148567816766 0.0
10.0 3.0 Car -1.0 -1.0 -1.0 -1.0 -1.0 -1.0 -1.0 2.085 1.705 4.903 574.538 2.347 1675.735 -0.3668832748672739 1.0
10.0 0.0 Car -1.0 -1.0 -1.0 -1.0 -1.0 -1.0 -1.0 2.122 1.506 4.856 576.102 1.986 1671.727 2.8080121826958075 0.0
11.0 2.0 Car -1.0 -1.0 -1.0 -1.0 -1.0 -1.0 -1.0 1.903 1.473 4.98 588.44 1.413 1666.243 2.8041681493016197 0.0
11.0 3.0 Car -1.0 -1.0 -1.0 -1.0 -1.0 -1.0 -1.0 2.085 1.705 4.903 579.368 2.251 1673.956 -0.3843365673872172 1.0
11.0 0.0 Car -1.0 -1.0 -1.0 -1.0 -1.0 -1.0 -1.0 2.122 1.506 4.856 572.667 2.338 1673.069 2.790558890175864 0.0
12.0 2.0 Car -1.0 -1.0 -1.0 -1.0 -1.0 -1.0 -1.0 1.903 1.473 4.98 585.621 1.886 1667.411 2.7867148567816766 0.0
12.0 3.0 Car -1.0 -1.0 -1.0 -1.0 -1.0 -1.0 -1.0 2.085 1.705 4.903 583.869 2.256 1672.153 -0.4017898599071605 1.0
12.0 0.0 Car -1.0 -1.0 -1.0 -1.0 -1.0 -1.0 -1.0 2.122 1.506 4.856 569.373 3.032 1674.369 2.7731055976559205 0.0
13.0 2.0 Car -1.0 -1.0 -1.0 -1.0 -1.0 -1.0 -1.0 1.903 1.473 4.98 582.79 2.255 1668.565 2.75180827174179 0.0
13.0 3.0 Car -1.0 -1.0 -1.0 -1.0 -1.0 -1.0 -1.0 2.085 1.705 4.903 588.187 2.168 1670.279 -0.4148798292971181 1.0
13.0 0.0 Car -1.0 -1.0 -1.0 -1.0 -1.0 -1.0 -1.0 2.122 1.506 4.856 566.129 3.391 1675.383 2.8080121826958075 0.0
14.0 2.0 Car -1.0 -1.0 -1.0 -1.0 -1.0 -1.0 -1.0 1.903 1.473 4.98 579.824 2.825 1669.828 2.75180827174179 0.0
14.0 3.0 Car -1.0 -1.0 -1.0 -1.0 -1.0 -1.0 -1.0 2.085 1.705 4.903 592.203 2.118 1668.489 -0.42796979868707563 1.0
15.0 2.0 Car -1.0 -1.0 -1.0 -1.0 -1.0 -1.0 -1.0 1.903 1.473 4.98 577.208 3.295 1670.85 2.7692615642617335 0.0
15.0 1.0 Car -1.0 -1.0 -1.0 -1.0 -1.0 -1.0 -1.0 2.142 2.0 5.282 555.689 4.895 1681.764 -0.34332371716899 0.0
15.0 3.0 Car -1.0 -1.0 -1.0 -1.0 -1.0 -1.0 -1.0 2.085 1.705 4.903 595.936 2.099 1666.702 -0.4585130605969759 1.0
16.0 2.0 Car -1.0 -1.0 -1.0 -1.0 -1.0 -1.0 -1.0 1.903 1.473 4.98 573.919 3.764 1672.065 2.7692615642617335 0.0
16.0 1.0 Car -1.0 -1.0 -1.0 -1.0 -1.0 -1.0 -1.0 2.142 2.0 5.282 559.576 4.917 1680.822 -0.39568359472882 1.0
16.0 3.0 Car -1.0 -1.0 -1.0 -1.0 -1.0 -1.0 -1.0 2.085 1.705 4.903 599.228 2.014 1665.162 -0.48423961163708373 1.0
17.0 2.0 Car -1.0 -1.0 -1.0 -1.0 -1.0 -1.0 -1.0 1.903 1.473 4.98 570.4 3.984 1673.445 2.7692615642617335 0.0
17.0 1.0 Car -1.0 -1.0 -1.0 -1.0 -1.0 -1.0 -1.0 2.142 2.0 5.282 563.366 4.94 1679.607 -0.4305901797687066 1.0
17.0 3.0 Car -1.0 -1.0 -1.0 -1.0 -1.0 -1.0 -1.0 2.085 1.705 4.903 602.48 1.928 1663.538 -0.5099661626771912 1.0
18.0 1.0 Car -1.0 -1.0 -1.0 -1.0 -1.0 -1.0 -1.0 2.142 2.0 5.282 567.156 5.113 1678.391 -0.4480434722886497 1.0
18.0 3.0 Car -1.0 -1.0 -1.0 -1.0 -1.0 -1.0 -1.0 2.085 1.705 4.903 605.357 2.001 1662.048 -0.4959694178076198 1.0
19.0 1.0 Car -1.0 -1.0 -1.0 -1.0 -1.0 -1.0 -1.0 2.142 2.0 5.282 570.699 5.035 1676.925 -0.4131368872487633 1.0
19.0 3.0 Car -1.0 -1.0 -1.0 -1.0 -1.0 -1.0 -1.0 2.085 1.705 4.903 607.956 2.074 1660.612 -0.5517858430178206 1.0
20.0 1.0 Car -1.0 -1.0 -1.0 -1.0 -1.0 -1.0 -1.0 2.142 2.0 5.282 574.427 4.958 1675.422 -0.39568359472882 1.0
20.0 3.0 Car -1.0 -1.0 -1.0 -1.0 -1.0 -1.0 -1.0 2.085 1.705 4.903 610.123 2.12 1659.37 -0.5605124892777922 1.0
21.0 1.0 Car -1.0 -1.0 -1.0 -1.0 -1.0 -1.0 -1.0 2.142 2.0 5.282 578.01 5.208 1674.053 -0.4131368872487633 1.0
21.0 3.0 Car -1.0 -1.0 -1.0 -1.0 -1.0 -1.0 -1.0 2.085 1.705 4.903 612.29 2.167 1658.129 -0.5692391355377637 1.0
22.0 1.0 Car -1.0 -1.0 -1.0 -1.0 -1.0 -1.0 -1.0 2.142 2.0 5.282 581.81 5.248 1672.554 -0.4305901797687066 1.0
22.0 3.0 Car -1.0 -1.0 -1.0 -1.0 -1.0 -1.0 -1.0 2.085 1.705 4.903 614.403 2.354 1656.942 -0.5750568997110781 1.0
23.0 1.0 Car -1.0 -1.0 -1.0 -1.0 -1.0 -1.0 -1.0 2.142 2.0 5.282 585.61 5.289 1671.055 -0.4480434722886497 1.0
23.0 3.0 Car -1.0 -1.0 -1.0 -1.0 -1.0 -1.0 -1.0 2.085 1.705 4.903 616.48 2.492 1655.698 -0.5808746638843925 1.0
24.0 1.0 Car -1.0 -1.0 -1.0 -1.0 -1.0 -1.0 -1.0 2.142 2.0 5.282 589.359 5.43 1669.51 -0.4916767035885075 1.0
24.0 3.0 Car -1.0 -1.0 -1.0 -1.0 -1.0 -1.0 -1.0 2.085 1.705 4.903 618.759 2.58 1654.302 -0.5866924280577068 1.0
25.0 1.0 Car -1.0 -1.0 -1.0 -1.0 -1.0 -1.0 -1.0 2.142 2.0 5.282 593.037 5.57 1667.802 -0.5353099348883651 1.0
25.0 3.0 Car -1.0 -1.0 -1.0 -1.0 -1.0 -1.0 -1.0 2.085 1.705 4.903 621.181 2.713 1652.825 -0.5692391355377637 1.0
26.0 1.0 Car -1.0 -1.0 -1.0 -1.0 -1.0 -1.0 -1.0 2.142 2.0 5.282 596.306 5.72 1666.206 -0.500403349848479 0.0
26.0 3.0 Car -1.0 -1.0 -1.0 -1.0 -1.0 -1.0 -1.0 2.085 1.705 4.903 623.852 2.845 1651.103 -0.5866924280577068 0.0
27.0 1.0 Car -1.0 -1.0 -1.0 -1.0 -1.0 -1.0 -1.0 2.142 2.0 5.282 599.428 6.015 1664.606 -0.5091299961084507 0.0
27.0 3.0 Car -1.0 -1.0 -1.0 -1.0 -1.0 -1.0 -1.0 2.085 1.705 4.903 626.807 2.969 1649.319 -0.5866924280577068 0.0
28.0 1.0 Car -1.0 -1.0 -1.0 -1.0 -1.0 -1.0 -1.0 2.142 2.0 5.282 602.624 6.077 1663.332 -0.500403349848479 0.0
28.0 3.0 Car -1.0 -1.0 -1.0 -1.0 -1.0 -1.0 -1.0 2.085 1.705 4.903 630.205 3.119 1647.018 -0.621599013097593 0.0
29.0 1.0 Car -1.0 -1.0 -1.0 -1.0 -1.0 -1.0 -1.0 2.142 2.0 5.282 605.364 6.262 1662.048 -0.5318192763843763 0.0
29.0 3.0 Car -1.0 -1.0 -1.0 -1.0 -1.0 -1.0 -1.0 2.085 1.705 4.903 633.532 3.168 1644.601 -0.6041457205776498 0.0
30.0 1.0 Car -1.0 -1.0 -1.0 -1.0 -1.0 -1.0 -1.0 2.142 2.0 5.282 608.063 6.446 1660.678 -0.5632352029202741 0.0
30.0 3.0 Car -1.0 -1.0 -1.0 -1.0 -1.0 -1.0 -1.0 2.085 1.705 4.903 637.291 3.175 1641.97 -0.6390523056175361 0.0
31.0 1.0 Car -1.0 -1.0 -1.0 -1.0 -1.0 -1.0 -1.0 2.142 2.0 5.282 610.717 6.631 1659.223 -0.5946511294561717 0.0
31.0 3.0 Car -1.0 -1.0 -1.0 -1.0 -1.0 -1.0 -1.0 2.085 1.705 4.903 641.132 3.133 1639.065 -0.6477789518775077 0.0
32.0 1.0 Car -1.0 -1.0 -1.0 -1.0 -1.0 -1.0 -1.0 2.142 2.0 5.282 613.325 6.816 1657.687 -0.6260670559920696 0.0
32.0 3.0 Car -1.0 -1.0 -1.0 -1.0 -1.0 -1.0 -1.0 2.085 1.705 4.903 645.172 3.071 1636.052 -0.6739588906574223 0.0
33.0 1.0 Car -1.0 -1.0 -1.0 -1.0 -1.0 -1.0 -1.0 2.142 2.0 5.282 615.882 7.001 1656.069 -0.657482982527967 0.0
33.0 3.0 Car -1.0 -1.0 -1.0 -1.0 -1.0 -1.0 -1.0 2.085 1.705 4.903 649.25 3.048 1632.688 -0.6565055981374792 0.0
34.0 1.0 Car -1.0 -1.0 -1.0 -1.0 -1.0 -1.0 -1.0 2.142 2.0 5.282 618.557 7.251 1654.359 -0.6051231049681376 0.0
34.0 3.0 Car -1.0 -1.0 -1.0 -1.0 -1.0 -1.0 -1.0 2.085 1.705 4.903 653.334 2.949 1629.214 -0.6739588906574223 0.0
35.0 1.0 Car -1.0 -1.0 -1.0 -1.0 -1.0 -1.0 -1.0 2.142 2.0 5.282 621.374 7.107 1652.655 -0.657482982527967 0.0
35.0 3.0 Car -1.0 -1.0 -1.0 -1.0 -1.0 -1.0 -1.0 2.085 1.705 4.903 657.438 2.85 1625.715 -0.6914121831773654 0.0
36.0 1.0 Car -1.0 -1.0 -1.0 -1.0 -1.0 -1.0 -1.0 2.142 2.0 5.282 624.779 7.155 1650.409 -0.67493627504791 0.0
36.0 3.0 Car -1.0 -1.0 -1.0 -1.0 -1.0 -1.0 -1.0 2.085 1.705 4.903 661.542 2.751 1622.217 -0.7088654756973086 0.0
37.0 1.0 Car -1.0 -1.0 -1.0 -1.0 -1.0 -1.0 -1.0 2.142 2.0 5.282 628.17 7.203 1648.141 -0.6923895675678532 0.0
37.0 3.0 Car -1.0 -1.0 -1.0 -1.0 -1.0 -1.0 -1.0 2.085 1.705 4.903 665.674 2.653 1618.46 -0.7263187682172516 0.0
