0.0 0.0 Car -1.0 -1.0 -1.0 -1.0 -1.0 -1.0 -1.0 2.1 1.784 4.607 1846.367 1.004 784.326 3.129619694730347 0.0
1.0 0.0 Car -1.0 -1.0 -1.0 -1.0 -1.0 -1.0 -1.0 2.1 1.784 4.607 1841.78 1.016 784.369 3.129619694730347 1.0
2.0 0.0 Car -1.0 -1.0 -1.0 -1.0 -1.0 -1.0 -1.0 2.1 1.784 4.607 1837.192 1.029 784.412 3.129619694730347 1.0
3.0 0.0 Car -1.0 -1.0 -1.0 -1.0 -1.0 -1.0 -1.0 2.1 1.784 4.607 1832.599 1.041 784.454 3.129619694730347 1.0
4.0 0.0 Car -1.0 -1.0 -1.0 -1.0 -1.0 -1.0 -1.0 2.1 1.784 4.607 1828.012 1.054 784.497 3.129619694730347 1.0
5.0 0.0 Car -1.0 -1.0 -1.0 -1.0 -1.0 -1.0 -1.0 2.1 1.784 4.607 1823.066 1.054 784.608 3.129619694730347 1.0
6.0 0.0 Car -1.0 -1.0 -1.0 -1.0 -1.0 -1.0 -1.0 2.1 1.784 4.607 1818.115 1.054 784.719 3.129619694730347 1.0
7.0 0.0 Car -1.0 -1.0 -1.0 -1.0 -1.0 -1.0 -1.0 2.1 1.784 4.607 1813.196 1.029 784.688 3.1383509387880464 1.0
8.0 0.0 Car -1.0 -1.0 -1.0 -1.0 -1.0 -1.0 -1.0 2.1 1.784 4.607 1808.282 1.004 784.656 -3.136112319929296 1.0
9.0 0.0 Car -1.0 -1.0 -1.0 -1.0 -1.0 -1.0 -1.0 2.1 1.784 4.607 1803.286 0.989 784.56 -3.136112319929296 1.0
10.0 0.0 Car -1.0 -1.0 -1.0 -1.0 -1.0 -1.0 -1.0 2.1 1.784 4.607 1798.296 0.975 784.464 -3.136112319929296 1.0
11.0 0.0 Car -1.0 -1.0 -1.0 -1.0 -1.0 -1.0 -1.0 2.1 1.784 4.607 1793.392 0.936 784.473 -3.136112319929296 1.0
12.0 0.0 Car -1.0 -1.0 -1.0 -1.0 -1.0 -1.0 -1.0 2.1 1.784 4.607 1788.004 0.893 784.483 -3.136112319929296 1.0
13.0 0.0 Car -1.0 -1.0 -1.0 -1.0 -1.0 -1.0 -1.0 2.1 1.784 4.607 1783.106 0.855 784.492 -3.136112319929296 1.0
14.0 0.0 Car -1.0 -1.0 -1.0 -1.0 -1.0 -1.0 -1.0 2.1 1.784 4.607 1778.416 0.816 784.502 -3.136112319929296 1.0
15.0 0.0 Car -1.0 -1.0 -1.0 -1.0 -1.0 -1.0 -1.0 2.1 1.784 4.607 1774.06 0.827 784.445 -3.12784296048294 1.0
16.0 0.0 Car -1.0 -1.0 -1.0 -1.0 -1.0 -1.0 -1.0 2.1 1.784 4.607 1769.223 0.839 784.382 -3.1186590274093526 1.0
17.0 0.0 Car -1.0 -1.0 -1.0 -1.0 -1.0 -1.0 -1.0 2.1 1.784 4.607 1764.989 0.846 784.338 -3.1273859529974235 1.0
18.0 0.0 Car -1.0 -1.0 -1.0 -1.0 -1.0 -1.0 -1.0 2.1 1.784 4.607 1761.136 0.853 784.298 -3.136112319929296 0.0
19.0 0.0 Car -1.0 -1.0 -1.0 -1.0 -1.0 -1.0 -1.0 2.1 1.784 4.607 1757.593 0.855 784.302 -3.136112319929296 0.0
20.0 0.0 Car -1.0 -1.0 -1.0 -1.0 -1.0 -1.0 -1.0 2.1 1.784 4.607 1754.055 0.857 784.306 -3.136112319929296 0.0
21.0 0.0 Car -1.0 -1.0 -1.0 -1.0 -1.0 -1.0 -1.0 2.1 1.784 4.607 1751.072 0.834 784.333 3.138351109611297 1.0
22.0 0.0 Car -1.0 -1.0 -1.0 -1.0 -1.0 -1.0 -1.0 2.1 1.784 4.607 1748.087 0.811 784.36 3.129619694730347 1.0
23.0 0.0 Car -1.0 -1.0 -1.0 -1.0 -1.0 -1.0 -1.0 2.1 1.784 4.607 1745.755 0.844 784.425 3.1186282423176652 1.0
24.0 0.0 Car -1.0 -1.0 -1.0 -1.0 -1.0 -1.0 -1.0 2.1 1.784 4.607 1743.668 0.876 784.485 3.1076249910924045 1.0
25.0 0.0 Car -1.0 -1.0 -1.0 -1.0 -1.0 -1.0 -1.0 2.1 1.784 4.607 1741.996 0.902 784.532 3.0988132152146535 1.0
26.0 0.0 Car -1.0 -1.0 -1.0 -1.0 -1.0 -1.0 -1.0 2.1 1.784 4.607 1740.766 0.855 784.602 3.0923977858021203 0.0
27.0 0.0 Car -1.0 -1.0 -1.0 -1.0 -1.0 -1.0 -1.0 2.1 1.784 4.607 1739.535 0.807 784.671 3.0859820361912718 0.0
28.0 0.0 Car -1.0 -1.0 -1.0 -1.0 -1.0 -1.0 -1.0 2.1 1.784 4.607 1738.876 0.796 784.714 3.077259817170517 0.0
29.0 0.0 Car -1.0 -1.0 -1.0 -1.0 -1.0 -1.0 -1.0 2.1 1.784 4.607 1738.239 0.86 784.747 3.077259817170517 0.0
30.0 0.0 Car -1.0 -1.0 -1.0 -1.0 -1.0 -1.0 -1.0 2.1 1.784 4.607 1737.926 0.933 784.759 3.077259817170517 0.0
31.0 0.0 Car -1.0 -1.0 -1.0 -1.0 -1.0 -1.0 -1.0 2.1 1.784 4.607 1737.524 0.932 784.789 3.077259817170517 0.0
32.0 0.0 Car -1.0 -1.0 -1.0 -1.0 -1.0 -1.0 -1.0 2.1 1.784 4.607 1737.311 0.931 784.807 3.077259817170517 0.0
33.0 0.0 Car -1.0 -1.0 -1.0 -1.0 -1.0 -1.0 -1.0 2.1 1.784 4.607 1737.265 0.933 784.809 3.077259817170517 0.0
34.0 0.0 Car -1.0 -1.0 -1.0 -1.0 -1.0 -1.0 -1.0 2.1 1.784 4.607 1737.218 0.935 784.811 3.077259817170517 0.0
35.0 0.0 Car -1.0 -1.0 -1.0 -1.0 -1.0 -1.0 -1.0 2.1 1.784 4.607 1737.31 0.961 784.81 3.077259817170517 0.0
36.0 0.0 Car -1.0 -1.0 -1.0 -1.0 -1.0 -1.0 -1.0 2.1 1.784 4.607 1737.394 0.985 784.809 3.077259817170517 0.0
37.0 0.0 Car -1.0 -1.0 -1.0 -1.0 -1.0 -1.0 -1.0 2.1 1.784 4.607 1737.351 0.985 784.81 3.0816219748556186 0.0
