0.0 0.0 Car -1.0 -1.0 -1.0 -1.0 -1.0 -1.0 -1.0 2.014 1.71 4.962 1415.551 0.915 1248.811 -0.5379524375165596 0.0
0.0 12.0 Car -1.0 -1.0 -1.0 -1.0 -1.0 -1.0 -1.0 2.035 1.613 4.299 1392.345 1.209 1265.733 -0.47987827795360566 0.0
0.0 1.0 Car -1.0 -1.0 -1.0 -1.0 -1.0 -1.0 -1.0 1.973 1.446 4.757 1405.342 0.937 1258.713 -0.505189327096454 0.0
0.0 5.0 Truck -1.0 -1.0 -1.0 -1.0 -1.0 -1.0 -1.0 2.901 3.868 7.445 1425.386 2.467 1193.703 0.8521247446539527 0.0
0.0 2.0 Car -1.0 -1.0 -1.0 -1.0 -1.0 -1.0 -1.0 1.856 1.711 4.112 1445.244 1.358 1218.08 0.8411548313353258 0.0
0.0 13.0 Car -1.0 -1.0 -1.0 -1.0 -1.0 -1.0 -1.0 2.129 1.842 4.876 1423.711 1.133 1237.409 -1.291824676797758 0.0
0.0 7.0 Car -1.0 -1.0 -1.0 -1.0 -1.0 -1.0 -1.0 2.003 2.137 5.548 1439.899 1.594 1212.321 0.8935328144604334 0.0
0.0 4.0 Car -1.0 -1.0 -1.0 -1.0 -1.0 -1.0 -1.0 1.798 1.443 4.219 1405.52 0.921 1254.471 -0.532238155513435 0.0
0.0 14.0 Car -1.0 -1.0 -1.0 -1.0 -1.0 -1.0 -1.0 2.098 1.679 4.565 1420.05 1.076 1224.454 -1.882704117722212 0.0
0.0 3.0 Car -1.0 -1.0 -1.0 -1.0 -1.0 -1.0 -1.0 2.136 1.587 4.707 1448.846 1.142 1218.055 0.8243539123001824 0.0
0.0 9.0 Truck -1.0 -1.0 -1.0 -1.0 -1.0 -1.0 -1.0 2.513 2.0 5.959 1394.077 1.224 1260.916 -0.47987827795360566 0.0
1.0 0.0 Car -1.0 -1.0 -1.0 -1.0 -1.0 -1.0 -1.0 2.014 1.71 4.962 1417.557 0.93 1247.449 -0.618520646343673 1.0
1.0 12.0 Car -1.0 -1.0 -1.0 -1.0 -1.0 -1.0 -1.0 2.035 1.613 4.299 1395.385 1.209 1264.209 -0.4973315704735488 1.0
1.0 1.0 Car -1.0 -1.0 -1.0 -1.0 -1.0 -1.0 -1.0 1.973 1.446 4.757 1407.289 0.925 1257.58 -0.505189327096454 1.0
1.0 5.0 Truck -1.0 -1.0 -1.0 -1.0 -1.0 -1.0 -1.0 2.901 3.868 7.445 1426.069 2.567 1194.779 0.857942400203657 1.0
1.0 2.0 Car -1.0 -1.0 -1.0 -1.0 -1.0 -1.0 -1.0 1.856 1.711 4.112 1445.243 1.352 1218.075 0.8434228354398821 1.0
1.0 13.0 Car -1.0 -1.0 -1.0 -1.0 -1.0 -1.0 -1.0 2.129 1.842 4.876 1424.126 1.077 1234.162 -1.4776620756309264 1.0
1.0 7.0 Car -1.0 -1.0 -1.0 -1.0 -1.0 -1.0 -1.0 2.003 2.137 5.548 1439.9 1.594 1212.344 0.8935328144604334 1.0
1.0 4.0 Car -1.0 -1.0 -1.0 -1.0 -1.0 -1.0 -1.0 1.798 1.443 4.219 1407.095 0.902 1253.593 -0.5287490898204171 1.0
1.0 14.0 Car -1.0 -1.0 -1.0 -1.0 -1.0 -1.0 -1.0 2.098 1.679 4.565 1419.116 1.176 1221.93 -1.9176107027620983 1.0
1.0 3.0 Car -1.0 -1.0 -1.0 -1.0 -1.0 -1.0 -1.0 2.136 1.587 4.707 1448.846 1.142 1218.055 0.8243539123001824 1.0
1.0 9.0 Truck -1.0 -1.0 -1.0 -1.0 -1.0 -1.0 -1.0 2.513 2.0 5.959 1396.316 1.249 1259.709 -0.4973315704735488 1.0
2.0 0.0 Car -1.0 -1.0 -1.0 -1.0 -1.0 -1.0 -1.0 2.014 1.71 4.962 1419.447 0.944 1245.929 -0.6990938516588483 1.0
2.0 12.0 Car -1.0 -1.0 -1.0 -1.0 -1.0 -1.0 -1.0 2.035 1.613 4.299 1396.665 1.209 1263.273 -0.47987827795360566 1.0
2.0 1.0 Car -1.0 -1.0 -1.0 -1.0 -1.0 -1.0 -1.0 1.973 1.446 4.757 1409.236 0.913 1256.446 -0.505189327096454 1.0
2.0 5.0 Truck -1.0 -1.0 -1.0 -1.0 -1.0 -1.0 -1.0 2.901 3.868 7.445 1427.149 2.666 1196.154 0.8637604165389233 1.0
2.0 2.0 Car -1.0 -1.0 -1.0 -1.0 -1.0 -1.0 -1.0 1.856 1.711 4.112 1445.242 1.346 1218.069 0.845690980196137 1.0
2.0 13.0 Car -1.0 -1.0 -1.0 -1.0 -1.0 -1.0 -1.0 2.129 1.842 4.876 1423.922 1.171 1230.422 -1.6460555420133443 1.0
2.0 7.0 Car -1.0 -1.0 -1.0 -1.0 -1.0 -1.0 -1.0 2.003 2.137 5.548 1439.901 1.594 1212.367 0.8935328144604334 1.0
2.0 4.0 Car -1.0 -1.0 -1.0 -1.0 -1.0 -1.0 -1.0 1.798 1.443 4.219 1408.67 0.883 1252.715 -0.5252598077507994 1.0
2.0 14.0 Car -1.0 -1.0 -1.0 -1.0 -1.0 -1.0 -1.0 2.098 1.679 4.565 1417.972 1.226 1219.076 -1.9699705803219276 1.0
2.0 3.0 Car -1.0 -1.0 -1.0 -1.0 -1.0 -1.0 -1.0 2.136 1.587 4.707 1448.846 1.142 1218.055 0.8243539123001824 1.0
2.0 9.0 Truck -1.0 -1.0 -1.0 -1.0 -1.0 -1.0 -1.0 2.513 2.0 5.959 1398.227 1.198 1258.644 -0.5060585135059701 1.0
3.0 0.0 Car -1.0 -1.0 -1.0 -1.0 -1.0 -1.0 -1.0 2.014 1.71 4.962 1421.219 0.958 1243.618 -0.9230574487931023 1.0
3.0 12.0 Car -1.0 -1.0 -1.0 -1.0 -1.0 -1.0 -1.0 2.035 1.613 4.299 1399.239 1.159 1261.878 -0.47987827795360566 1.0
3.0 1.0 Car -1.0 -1.0 -1.0 -1.0 -1.0 -1.0 -1.0 1.973 1.446 4.757 1411.183 0.901 1255.313 -0.505189327096454 1.0
3.0 5.0 Truck -1.0 -1.0 -1.0 -1.0 -1.0 -1.0 -1.0 2.901 3.868 7.445 1429.026 2.766 1198.464 0.869578037173896 1.0
3.0 2.0 Car -1.0 -1.0 -1.0 -1.0 -1.0 -1.0 -1.0 1.856 1.711 4.112 1445.241 1.34 1218.064 0.8479589706892384 1.0
3.0 13.0 Car -1.0 -1.0 -1.0 -1.0 -1.0 -1.0 -1.0 2.129 1.842 4.876 1423.453 1.314 1226.551 -1.71844595661102 1.0
3.0 7.0 Car -1.0 -1.0 -1.0 -1.0 -1.0 -1.0 -1.0 2.003 2.137 5.548 1439.902 1.594 1212.391 0.8935328144604334 1.0
3.0 4.0 Car -1.0 -1.0 -1.0 -1.0 -1.0 -1.0 -1.0 1.798 1.443 4.219 1410.094 0.863 1251.924 -0.5217707629974524 1.0
3.0 14.0 Car -1.0 -1.0 -1.0 -1.0 -1.0 -1.0 -1.0 2.098 1.679 4.565 1416.894 1.276 1216.072 -2.0223304578817567 1.0
3.0 3.0 Car -1.0 -1.0 -1.0 -1.0 -1.0 -1.0 -1.0 2.136 1.587 4.707 1448.803 1.142 1218.008 0.8243539123001824 1.0
3.0 9.0 Truck -1.0 -1.0 -1.0 -1.0 -1.0 -1.0 -1.0 2.513 2.0 5.959 1399.881 1.198 1257.713 -0.5147848629934919 1.0
4.0 0.0 Car -1.0 -1.0 -1.0 -1.0 -1.0 -1.0 -1.0 2.014 1.71 4.962 1422.439 0.973 1240.956 -1.1481774443665604 0.0
4.0 12.0 Car -1.0 -1.0 -1.0 -1.0 -1.0 -1.0 -1.0 2.035 1.613 4.299 1401.24 1.1 1260.7 -0.47987827795360566 0.0
4.0 1.0 Car -1.0 -1.0 -1.0 -1.0 -1.0 -1.0 -1.0 1.973 1.446 4.757 1412.247 0.888 1254.729 -0.4988359306747529 0.0
4.0 5.0 Truck -1.0 -1.0 -1.0 -1.0 -1.0 -1.0 -1.0 2.901 3.868 7.445 1429.911 2.726 1199.533 0.8714034602376506 0.0
4.0 2.0 Car -1.0 -1.0 -1.0 -1.0 -1.0 -1.0 -1.0 1.856 1.711 4.112 1445.24 1.334 1218.058 0.8502386715705454 0.0
4.0 13.0 Car -1.0 -1.0 -1.0 -1.0 -1.0 -1.0 -1.0 2.129 1.842 4.876 1422.459 1.259 1222.766 -1.8929788818104512 0.0
4.0 7.0 Car -1.0 -1.0 -1.0 -1.0 -1.0 -1.0 -1.0 2.003 2.137 5.548 1439.904 1.594 1212.414 0.8935328144604334 0.0
4.0 4.0 Car -1.0 -1.0 -1.0 -1.0 -1.0 -1.0 -1.0 1.798 1.443 4.219 1411.268 0.844 1251.277 -0.5182637031471936 0.0
4.0 14.0 Car -1.0 -1.0 -1.0 -1.0 -1.0 -1.0 -1.0 2.098 1.679 4.565 1415.461 1.326 1213.052 -1.9699705803219276 0.0
4.0 3.0 Car -1.0 -1.0 -1.0 -1.0 -1.0 -1.0 -1.0 2.136 1.587 4.707 1448.815 1.153 1217.898 0.8243539123001824 0.0
4.0 9.0 Truck -1.0 -1.0 -1.0 -1.0 -1.0 -1.0 -1.0 2.513 2.0 5.959 1402.178 1.173 1256.379 -0.5147848629934919 0.0
5.0 0.0 Car -1.0 -1.0 -1.0 -1.0 -1.0 -1.0 -1.0 2.014 1.71 4.962 1423.19 1.0 1237.721 -1.312092474725083 0.0
5.0 12.0 Car -1.0 -1.0 -1.0 -1.0 -1.0 -1.0 -1.0 2.035 1.613 4.299 1403.225 1.084 1259.532 -0.47987827795360566 0.0
5.0 1.0 Car -1.0 -1.0 -1.0 -1.0 -1.0 -1.0 -1.0 1.973 1.446 4.757 1413.302 0.876 1254.149 -0.4925336571100271 0.0
5.0 5.0 Truck -1.0 -1.0 -1.0 -1.0 -1.0 -1.0 -1.0 2.901 3.868 7.445 1430.787 2.687 1200.595 0.8789227194008864 0.0
5.0 2.0 Car -1.0 -1.0 -1.0 -1.0 -1.0 -1.0 -1.0 1.856 1.711 4.112 1445.221 1.329 1218.056 0.8568513823794336 0.0
5.0 13.0 Car -1.0 -1.0 -1.0 -1.0 -1.0 -1.0 -1.0 2.129 1.842 4.876 1421.181 1.304 1219.333 -1.9627920518902233 0.0
5.0 7.0 Car -1.0 -1.0 -1.0 -1.0 -1.0 -1.0 -1.0 2.003 2.137 5.548 1440.046 1.577 1212.574 0.8877306497260218 0.0
5.0 4.0 Car -1.0 -1.0 -1.0 -1.0 -1.0 -1.0 -1.0 1.798 1.443 4.219 1412.433 0.825 1250.635 -0.5147848629934919 0.0
5.0 14.0 Car -1.0 -1.0 -1.0 -1.0 -1.0 -1.0 -1.0 2.098 1.679 4.565 1414.346 1.426 1209.629 -1.9525172878019845 0.0
5.0 3.0 Car -1.0 -1.0 -1.0 -1.0 -1.0 -1.0 -1.0 2.136 1.587 4.707 1448.973 1.164 1218.135 0.8243539123001824 0.0
5.0 9.0 Truck -1.0 -1.0 -1.0 -1.0 -1.0 -1.0 -1.0 2.513 2.0 5.959 1404.457 1.148 1255.057 -0.5147848629934919 0.0
6.0 0.0 Car -1.0 -1.0 -1.0 -1.0 -1.0 -1.0 -1.0 2.014 1.71 4.962 1423.402 1.027 1234.389 -1.4768471269052528 0.0
6.0 12.0 Car -1.0 -1.0 -1.0 -1.0 -1.0 -1.0 -1.0 2.035 1.613 4.299 1405.22 1.037 1258.357 -0.47987827795360566 0.0
6.0 1.0 Car -1.0 -1.0 -1.0 -1.0 -1.0 -1.0 -1.0 1.973 1.446 4.757 1414.362 0.863 1253.566 -0.48619910141474065 0.0
6.0 5.0 Truck -1.0 -1.0 -1.0 -1.0 -1.0 -1.0 -1.0 2.901 3.868 7.445 1431.668 2.647 1201.662 0.8864804944589869 0.0
6.0 2.0 Car -1.0 -1.0 -1.0 -1.0 -1.0 -1.0 -1.0 1.856 1.711 4.112 1445.201 1.323 1218.053 0.8634979654713165 0.0
6.0 13.0 Car -1.0 -1.0 -1.0 -1.0 -1.0 -1.0 -1.0 2.129 1.842 4.876 1419.618 1.449 1215.793 -2.0675118070098817 0.0
6.0 7.0 Car -1.0 -1.0 -1.0 -1.0 -1.0 -1.0 -1.0 2.003 2.137 5.548 1440.19 1.56 1212.736 0.8818987645680886 0.0
6.0 4.0 Car -1.0 -1.0 -1.0 -1.0 -1.0 -1.0 -1.0 1.798 1.443 4.219 1412.788 0.831 1250.416 -0.5147848629934919 0.0
6.0 14.0 Car -1.0 -1.0 -1.0 -1.0 -1.0 -1.0 -1.0 2.098 1.679 4.565 1412.834 1.527 1206.142 -1.9525172878019845 0.0
6.0 3.0 Car -1.0 -1.0 -1.0 -1.0 -1.0 -1.0 -1.0 2.136 1.587 4.707 1449.131 1.175 1218.374 0.8243539123001824 0.0
6.0 9.0 Truck -1.0 -1.0 -1.0 -1.0 -1.0 -1.0 -1.0 2.513 2.0 5.959 1405.568 1.148 1254.351 -0.532238155513435 0.0
7.0 0.0 Car -1.0 -1.0 -1.0 -1.0 -1.0 -1.0 -1.0 2.014 1.71 4.962 1423.237 1.103 1230.908 -1.6412446191565897 0.0
7.0 12.0 Car -1.0 -1.0 -1.0 -1.0 -1.0 -1.0 -1.0 2.035 1.613 4.299 1406.243 1.033 1257.816 -0.47987827795360566 0.0
7.0 1.0 Car -1.0 -1.0 -1.0 -1.0 -1.0 -1.0 -1.0 1.973 1.446 4.757 1415.42 0.851 1252.985 -0.47987827795360566 0.0
7.0 5.0 Truck -1.0 -1.0 -1.0 -1.0 -1.0 -1.0 -1.0 2.901 3.868 7.445 1432.546 2.607 1202.728 0.8940218855524095 0.0
7.0 2.0 Car -1.0 -1.0 -1.0 -1.0 -1.0 -1.0 -1.0 1.856 1.711 4.112 1445.181 1.317 1218.051 0.8701301399069785 0.0
7.0 13.0 Car -1.0 -1.0 -1.0 -1.0 -1.0 -1.0 -1.0 2.129 1.842 4.876 1418.029 1.544 1212.275 -2.0675118070098817 0.0
7.0 7.0 Car -1.0 -1.0 -1.0 -1.0 -1.0 -1.0 -1.0 2.003 2.137 5.548 1440.333 1.544 1212.897 0.8760795219404901 0.0
7.0 4.0 Car -1.0 -1.0 -1.0 -1.0 -1.0 -1.0 -1.0 1.798 1.443 4.219 1413.142 0.837 1250.197 -0.5147848629934919 0.0
7.0 14.0 Car -1.0 -1.0 -1.0 -1.0 -1.0 -1.0 -1.0 2.098 1.679 4.565 1411.488 1.577 1203.386 -2.074690335441586 0.0
7.0 3.0 Car -1.0 -1.0 -1.0 -1.0 -1.0 -1.0 -1.0 2.136 1.587 4.707 1449.772 1.187 1219.134 0.8243539123001824 0.0
7.0 9.0 Truck -1.0 -1.0 -1.0 -1.0 -1.0 -1.0 -1.0 2.513 2.0 5.959 1406.712 1.098 1253.738 -0.532238155513435 0.0
8.0 0.0 Car -1.0 -1.0 -1.0 -1.0 -1.0 -1.0 -1.0 2.014 1.71 4.962 1422.504 1.18 1227.501 -1.8056411247782889 0.0
8.0 12.0 Car -1.0 -1.0 -1.0 -1.0 -1.0 -1.0 -1.0 2.035 1.613 4.299 1407.265 1.03 1257.274 -0.47987827795360566 0.0
8.0 1.0 Car -1.0 -1.0 -1.0 -1.0 -1.0 -1.0 -1.0 1.973 1.446 4.757 1415.626 0.843 1252.854 -0.47987827795360566 0.0
8.0 5.0 Truck -1.0 -1.0 -1.0 -1.0 -1.0 -1.0 -1.0 2.901 3.868 7.445 1432.748 2.568 1202.941 0.869578037173896 0.0
8.0 2.0 Car -1.0 -1.0 -1.0 -1.0 -1.0 -1.0 -1.0 1.856 1.711 4.112 1445.161 1.311 1218.049 0.8767622745397228 0.0
8.0 13.0 Car -1.0 -1.0 -1.0 -1.0 -1.0 -1.0 -1.0 2.129 1.842 4.876 1416.554 1.589 1209.46 -2.0675118070098817 0.0
8.0 7.0 Car -1.0 -1.0 -1.0 -1.0 -1.0 -1.0 -1.0 2.003 2.137 5.548 1440.588 1.544 1213.199 0.8820923642068297 0.0
8.0 4.0 Car -1.0 -1.0 -1.0 -1.0 -1.0 -1.0 -1.0 1.798 1.443 4.219 1413.497 0.843 1249.978 -0.5147848629934919 0.0
8.0 14.0 Car -1.0 -1.0 -1.0 -1.0 -1.0 -1.0 -1.0 2.098 1.679 4.565 1409.981 1.627 1199.911 -1.9699705803219276 0.0
8.0 3.0 Car -1.0 -1.0 -1.0 -1.0 -1.0 -1.0 -1.0 2.136 1.587 4.707 1450.947 1.198 1220.327 0.8243539123001824 0.0
8.0 9.0 Truck -1.0 -1.0 -1.0 -1.0 -1.0 -1.0 -1.0 2.513 2.0 5.959 1406.438 1.098 1253.594 -0.47987827795360566 0.0
9.0 0.0 Car -1.0 -1.0 -1.0 -1.0 -1.0 -1.0 -1.0 2.014 1.71 4.962 1421.637 1.257 1224.017 -1.8804437610479854 0.0
9.0 12.0 Car -1.0 -1.0 -1.0 -1.0 -1.0 -1.0 -1.0 2.035 1.613 4.299 1408.289 1.026 1256.732 -0.47987827795360566 0.0
9.0 1.0 Car -1.0 -1.0 -1.0 -1.0 -1.0 -1.0 -1.0 1.973 1.446 4.757 1415.832 0.836 1252.723 -0.47987827795360566 0.0
9.0 5.0 Truck -1.0 -1.0 -1.0 -1.0 -1.0 -1.0 -1.0 2.901 3.868 7.445 1432.817 2.589 1202.988 0.8852730127781344 0.0
9.0 2.0 Car -1.0 -1.0 -1.0 -1.0 -1.0 -1.0 -1.0 1.856 1.711 4.112 1445.133 1.318 1218.032 0.8516660171625834 0.0
9.0 13.0 Car -1.0 -1.0 -1.0 -1.0 -1.0 -1.0 -1.0 2.129 1.842 4.876 1415.077 1.634 1206.641 -2.0675118070098817 0.0
9.0 7.0 Car -1.0 -1.0 -1.0 -1.0 -1.0 -1.0 -1.0 2.003 2.137 5.548 1440.843 1.544 1213.501 0.8881120027111746 0.0
9.0 4.0 Car -1.0 -1.0 -1.0 -1.0 -1.0 -1.0 -1.0 1.798 1.443 4.219 1413.852 0.849 1249.76 -0.5147848629934919 0.0
9.0 14.0 Car -1.0 -1.0 -1.0 -1.0 -1.0 -1.0 -1.0 2.098 1.679 4.565 1408.651 1.627 1196.655 -2.004877165361814 0.0
9.0 3.0 Car -1.0 -1.0 -1.0 -1.0 -1.0 -1.0 -1.0 2.136 1.587 4.707 1452.32 1.209 1221.736 0.8243539123001824 0.0
9.0 9.0 Truck -1.0 -1.0 -1.0 -1.0 -1.0 -1.0 -1.0 2.513 2.0 5.959 1407.385 1.048 1253.125 -0.47987827795360566 0.0
10.0 8.0 Car -1.0 -1.0 -1.0 -1.0 -1.0 -1.0 -1.0 2.157 1.946 5.067 1430.945 1.83 1193.865 0.8935328144604334 0.0
10.0 0.0 Car -1.0 -1.0 -1.0 -1.0 -1.0 -1.0 -1.0 2.014 1.71 4.962 1420.635 1.327 1220.943 -1.9478051165967645 0.0
10.0 12.0 Car -1.0 -1.0 -1.0 -1.0 -1.0 -1.0 -1.0 2.035 1.613 4.299 1409.21 1.023 1256.244 -0.47987827795360566 0.0
10.0 1.0 Car -1.0 -1.0 -1.0 -1.0 -1.0 -1.0 -1.0 1.973 1.446 4.757 1416.017 0.829 1252.604 -0.47987827795360566 0.0
10.0 5.0 Truck -1.0 -1.0 -1.0 -1.0 -1.0 -1.0 -1.0 2.901 3.868 7.445 1432.877 2.607 1203.034 0.8959342029912822 0.0
10.0 2.0 Car -1.0 -1.0 -1.0 -1.0 -1.0 -1.0 -1.0 1.856 1.711 4.112 1445.621 1.324 1218.578 0.8517283000395065 0.0
10.0 13.0 Car -1.0 -1.0 -1.0 -1.0 -1.0 -1.0 -1.0 2.129 1.842 4.876 1413.747 1.674 1204.103 -2.0675118070098817 0.0
10.0 7.0 Car -1.0 -1.0 -1.0 -1.0 -1.0 -1.0 -1.0 2.003 2.137 5.548 1441.073 1.544 1213.774 0.8935328144604334 0.0
10.0 4.0 Car -1.0 -1.0 -1.0 -1.0 -1.0 -1.0 -1.0 1.798 1.443 4.219 1414.171 0.855 1249.563 -0.5147848629934919 0.0
10.0 11.0 Car -1.0 -1.0 -1.0 -1.0 -1.0 -1.0 -1.0 1.879 1.485 4.517 1437.944 1.284 1214.809 0.8659350266663398 0.0
10.0 14.0 Car -1.0 -1.0 -1.0 -1.0 -1.0 -1.0 -1.0 2.098 1.679 4.565 1406.483 1.877 1192.976 -2.1095969204814726 0.0
10.0 3.0 Car -1.0 -1.0 -1.0 -1.0 -1.0 -1.0 -1.0 2.136 1.587 4.707 1453.79 1.219 1223.323 0.8243539123001824 0.0
10.0 9.0 Truck -1.0 -1.0 -1.0 -1.0 -1.0 -1.0 -1.0 2.513 2.0 5.959 1407.53 1.097 1252.959 -0.47987827795360566 0.0
10.0 10.0 Car -1.0 -1.0 -1.0 -1.0 -1.0 -1.0 -1.0 1.987 1.916 4.315 1446.043 1.356 1212.903 0.8373915218144149 0.0
11.0 8.0 Car -1.0 -1.0 -1.0 -1.0 -1.0 -1.0 -1.0 2.157 1.946 5.067 1433.254 1.74 1196.802 0.8935328144604334 0.0
11.0 0.0 Car -1.0 -1.0 -1.0 -1.0 -1.0 -1.0 -1.0 2.014 1.71 4.962 1419.285 1.404 1217.621 -2.0225262893549623 0.0
11.0 12.0 Car -1.0 -1.0 -1.0 -1.0 -1.0 -1.0 -1.0 2.035 1.613 4.299 1409.438 1.021 1256.133 -0.47987827795360566 0.0
11.0 1.0 Car -1.0 -1.0 -1.0 -1.0 -1.0 -1.0 -1.0 1.973 1.446 4.757 1416.06 0.837 1252.558 -0.47987827795360566 0.0
11.0 5.0 Truck -1.0 -1.0 -1.0 -1.0 -1.0 -1.0 -1.0 2.901 3.868 7.445 1432.944 2.628 1203.085 0.866600508524612 0.0
11.0 2.0 Car -1.0 -1.0 -1.0 -1.0 -1.0 -1.0 -1.0 1.856 1.711 4.112 1446.577 1.33 1219.445 0.8768231097439506 0.0
11.0 13.0 Car -1.0 -1.0 -1.0 -1.0 -1.0 -1.0 -1.0 2.129 1.842 4.876 1412.272 1.719 1201.287 -2.0675118070098817 0.0
11.0 7.0 Car -1.0 -1.0 -1.0 -1.0 -1.0 -1.0 -1.0 2.003 2.137 5.548 1441.464 1.51 1214.276 0.8810731122546216 0.0
11.0 4.0 Car -1.0 -1.0 -1.0 -1.0 -1.0 -1.0 -1.0 1.798 1.443 4.219 1414.196 0.856 1249.559 -0.5153803680657654 0.0
11.0 11.0 Car -1.0 -1.0 -1.0 -1.0 -1.0 -1.0 -1.0 1.879 1.485 4.517 1439.254 1.263 1216.357 0.8659350266663398 0.0
11.0 14.0 Car -1.0 -1.0 -1.0 -1.0 -1.0 -1.0 -1.0 2.098 1.679 4.565 1405.455 2.005 1191.123 -2.0572370429216433 0.0
11.0 3.0 Car -1.0 -1.0 -1.0 -1.0 -1.0 -1.0 -1.0 2.136 1.587 4.707 1455.486 1.23 1225.366 0.8243539123001824 0.0
11.0 9.0 Truck -1.0 -1.0 -1.0 -1.0 -1.0 -1.0 -1.0 2.513 2.0 5.959 1407.654 1.029 1252.989 -0.47987827795360566 0.0
11.0 10.0 Car -1.0 -1.0 -1.0 -1.0 -1.0 -1.0 -1.0 1.987 1.916 4.315 1446.843 1.356 1213.791 0.8373915218144149 0.0
12.0 8.0 Car -1.0 -1.0 -1.0 -1.0 -1.0 -1.0 -1.0 2.157 1.946 5.067 1435.561 1.651 1199.736 0.8935328144604334 0.0
12.0 0.0 Car -1.0 -1.0 -1.0 -1.0 -1.0 -1.0 -1.0 2.014 1.71 4.962 1417.763 1.48 1214.105 -2.0225262893549623 0.0
12.0 12.0 Car -1.0 -1.0 -1.0 -1.0 -1.0 -1.0 -1.0 2.035 1.613 4.299 1409.666 1.019 1256.023 -0.47987827795360566 0.0
12.0 1.0 Car -1.0 -1.0 -1.0 -1.0 -1.0 -1.0 -1.0 1.973 1.446 4.757 1416.102 0.845 1252.512 -0.47987827795360566 0.0
12.0 5.0 Truck -1.0 -1.0 -1.0 -1.0 -1.0 -1.0 -1.0 2.901 3.868 7.445 1433.01 2.649 1203.137 0.8678984654379395 0.0
12.0 2.0 Car -1.0 -1.0 -1.0 -1.0 -1.0 -1.0 -1.0 1.856 1.711 4.112 1447.509 1.337 1220.334 0.9018896566444271 0.0
12.0 13.0 Car -1.0 -1.0 -1.0 -1.0 -1.0 -1.0 -1.0 2.129 1.842 4.876 1410.798 1.764 1198.475 -2.0675118070098817 0.0
12.0 7.0 Car -1.0 -1.0 -1.0 -1.0 -1.0 -1.0 -1.0 2.003 2.137 5.548 1442.107 1.526 1214.918 0.8686274426764761 0.0
12.0 4.0 Car -1.0 -1.0 -1.0 -1.0 -1.0 -1.0 -1.0 1.798 1.443 4.219 1414.221 0.858 1249.556 -0.515975202455802 0.0
12.0 11.0 Car -1.0 -1.0 -1.0 -1.0 -1.0 -1.0 -1.0 1.879 1.485 4.517 1440.562 1.242 1217.904 0.8659350266663398 0.0
12.0 14.0 Car -1.0 -1.0 -1.0 -1.0 -1.0 -1.0 -1.0 2.098 1.679 4.565 1403.644 2.032 1188.138 -2.0921436279615295 0.0
12.0 3.0 Car -1.0 -1.0 -1.0 -1.0 -1.0 -1.0 -1.0 2.136 1.587 4.707 1457.421 1.261 1227.668 0.8243539123001824 0.0
12.0 9.0 Truck -1.0 -1.0 -1.0 -1.0 -1.0 -1.0 -1.0 2.513 2.0 5.959 1407.175 1.013 1253.193 -0.47987827795360566 0.0
12.0 10.0 Car -1.0 -1.0 -1.0 -1.0 -1.0 -1.0 -1.0 1.987 1.916 4.315 1447.643 1.356 1214.678 0.8373915218144149 0.0
13.0 8.0 Car -1.0 -1.0 -1.0 -1.0 -1.0 -1.0 -1.0 2.157 1.946 5.067 1437.408 1.58 1202.084 0.8935328144604334 1.0
13.0 0.0 Car -1.0 -1.0 -1.0 -1.0 -1.0 -1.0 -1.0 2.014 1.71 4.962 1416.544 1.542 1211.291 -2.0225262893549623 0.0
13.0 12.0 Car -1.0 -1.0 -1.0 -1.0 -1.0 -1.0 -1.0 2.035 1.613 4.299 1409.848 1.017 1255.934 -0.47987827795360566 0.0
13.0 1.0 Car -1.0 -1.0 -1.0 -1.0 -1.0 -1.0 -1.0 1.973 1.446 4.757 1416.136 0.851 1252.475 -0.47987827795360566 0.0
13.0 5.0 Truck -1.0 -1.0 -1.0 -1.0 -1.0 -1.0 -1.0 2.901 3.868 7.445 1433.062 2.666 1203.178 0.8689376705738385 1.0
13.0 2.0 Car -1.0 -1.0 -1.0 -1.0 -1.0 -1.0 -1.0 1.856 1.711 4.112 1448.514 1.343 1221.431 0.951792231180306 1.0
13.0 13.0 Car -1.0 -1.0 -1.0 -1.0 -1.0 -1.0 -1.0 2.129 1.842 4.876 1409.554 1.85 1196.105 -2.0675118070098817 0.0
13.0 7.0 Car -1.0 -1.0 -1.0 -1.0 -1.0 -1.0 -1.0 2.003 2.137 5.548 1443.007 1.568 1216.041 0.8761161488434301 1.0
13.0 4.0 Car -1.0 -1.0 -1.0 -1.0 -1.0 -1.0 -1.0 1.798 1.443 4.219 1414.241 0.86 1249.554 -0.5164514547464503 0.0
13.0 11.0 Car -1.0 -1.0 -1.0 -1.0 -1.0 -1.0 -1.0 1.879 1.485 4.517 1442.287 1.346 1220.009 0.8659350266663398 1.0
13.0 14.0 Car -1.0 -1.0 -1.0 -1.0 -1.0 -1.0 -1.0 2.098 1.679 4.565 1402.453 2.129 1185.752 -2.0921436279615295 0.0
13.0 3.0 Car -1.0 -1.0 -1.0 -1.0 -1.0 -1.0 -1.0 2.136 1.587 4.707 1459.078 1.227 1229.6 0.830557783546612 0.0
13.0 9.0 Truck -1.0 -1.0 -1.0 -1.0 -1.0 -1.0 -1.0 2.513 2.0 5.959 1407.728 1.048 1252.953 -0.47987827795360566 0.0
13.0 10.0 Car -1.0 -1.0 -1.0 -1.0 -1.0 -1.0 -1.0 1.987 1.916 4.315 1448.79 1.356 1215.951 0.8373915218144149 1.0
14.0 8.0 Car -1.0 -1.0 -1.0 -1.0 -1.0 -1.0 -1.0 2.157 1.946 5.067 1439.258 1.508 1204.436 0.8935328144604334 1.0
14.0 0.0 Car -1.0 -1.0 -1.0 -1.0 -1.0 -1.0 -1.0 2.014 1.71 4.962 1415.595 1.559 1209.186 -2.0225262893549623 0.0
14.0 12.0 Car -1.0 -1.0 -1.0 -1.0 -1.0 -1.0 -1.0 2.035 1.613 4.299 1410.03 1.016 1255.845 -0.47987827795360566 0.0
14.0 1.0 Car -1.0 -1.0 -1.0 -1.0 -1.0 -1.0 -1.0 1.973 1.446 4.757 1416.106 0.847 1252.489 -0.47987827795360566 0.0
14.0 5.0 Truck -1.0 -1.0 -1.0 -1.0 -1.0 -1.0 -1.0 2.901 3.868 7.445 1433.115 2.682 1203.22 0.8699783651642293 1.0
14.0 2.0 Car -1.0 -1.0 -1.0 -1.0 -1.0 -1.0 -1.0 1.856 1.711 4.112 1449.573 1.349 1222.742 0.9842880215584321 1.0
14.0 13.0 Car -1.0 -1.0 -1.0 -1.0 -1.0 -1.0 -1.0 2.129 1.842 4.876 1408.308 1.936 1193.732 -2.0675118070098817 0.0
14.0 7.0 Car -1.0 -1.0 -1.0 -1.0 -1.0 -1.0 -1.0 2.003 2.137 5.548 1443.86 1.626 1217.035 0.8661372806153919 1.0
14.0 4.0 Car -1.0 -1.0 -1.0 -1.0 -1.0 -1.0 -1.0 1.798 1.443 4.219 1414.261 0.861 1249.551 -0.5169283896319867 0.0
14.0 11.0 Car -1.0 -1.0 -1.0 -1.0 -1.0 -1.0 -1.0 1.879 1.485 4.517 1443.934 1.299 1222.021 0.8833883191862832 1.0
14.0 14.0 Car -1.0 -1.0 -1.0 -1.0 -1.0 -1.0 -1.0 2.098 1.679 4.565 1401.261 2.226 1183.362 -2.0921436279615295 0.0
14.0 3.0 Car -1.0 -1.0 -1.0 -1.0 -1.0 -1.0 -1.0 2.136 1.587 4.707 1461.48 1.193 1232.349 0.8367705465734753 0.0
14.0 9.0 Truck -1.0 -1.0 -1.0 -1.0 -1.0 -1.0 -1.0 2.513 2.0 5.959 1407.753 1.048 1252.941 -0.47987827795360566 0.0
14.0 10.0 Car -1.0 -1.0 -1.0 -1.0 -1.0 -1.0 -1.0 1.987 1.916 4.315 1449.758 1.356 1217.026 0.8373915218144149 1.0
15.0 8.0 Car -1.0 -1.0 -1.0 -1.0 -1.0 -1.0 -1.0 2.157 1.946 5.067 1441.565 1.419 1207.37 0.8935328144604334 1.0
15.0 0.0 Car -1.0 -1.0 -1.0 -1.0 -1.0 -1.0 -1.0 2.014 1.71 4.962 1414.41 1.58 1206.561 -2.0225262893549623 0.0
15.0 12.0 Car -1.0 -1.0 -1.0 -1.0 -1.0 -1.0 -1.0 2.035 1.613 4.299 1410.258 1.013 1255.735 -0.47987827795360566 0.0
15.0 1.0 Car -1.0 -1.0 -1.0 -1.0 -1.0 -1.0 -1.0 1.973 1.446 4.757 1416.069 0.843 1252.508 -0.47987827795360566 0.0
15.0 5.0 Truck -1.0 -1.0 -1.0 -1.0 -1.0 -1.0 -1.0 2.901 3.868 7.445 1433.18 2.703 1203.272 0.8712762570926312 1.0
15.0 2.0 Car -1.0 -1.0 -1.0 -1.0 -1.0 -1.0 -1.0 1.856 1.711 4.112 1450.977 1.356 1224.655 1.0248148239731343 1.0
15.0 13.0 Car -1.0 -1.0 -1.0 -1.0 -1.0 -1.0 -1.0 2.129 1.842 4.876 1406.845 2.043 1191.22 -2.0675118070098817 0.0
15.0 7.0 Car -1.0 -1.0 -1.0 -1.0 -1.0 -1.0 -1.0 2.003 2.137 5.548 1445.278 1.585 1218.662 0.8623929249796549 1.0
15.0 4.0 Car -1.0 -1.0 -1.0 -1.0 -1.0 -1.0 -1.0 1.798 1.443 4.219 1414.241 0.863 1249.574 -0.5175231942403964 0.0
15.0 11.0 Car -1.0 -1.0 -1.0 -1.0 -1.0 -1.0 -1.0 1.879 1.485 4.517 1445.768 1.241 1224.8 1.0777119823213714 1.0
15.0 14.0 Car -1.0 -1.0 -1.0 -1.0 -1.0 -1.0 -1.0 2.098 1.679 4.565 1398.79 2.347 1179.134 -2.109596920481471 0.0
15.0 3.0 Car -1.0 -1.0 -1.0 -1.0 -1.0 -1.0 -1.0 2.136 1.587 4.707 1464.013 1.198 1235.27 0.8445187323141286 0.0
15.0 9.0 Truck -1.0 -1.0 -1.0 -1.0 -1.0 -1.0 -1.0 2.513 2.0 5.959 1407.784 1.048 1252.926 -0.47987827795360566 0.0
15.0 10.0 Car -1.0 -1.0 -1.0 -1.0 -1.0 -1.0 -1.0 1.987 1.916 4.315 1450.966 1.356 1218.366 0.8373915218144149 1.0
16.0 8.0 Car -1.0 -1.0 -1.0 -1.0 -1.0 -1.0 -1.0 2.157 1.946 5.067 1443.886 1.329 1210.321 0.8935328144604334 1.0
16.0 5.0 Truck -1.0 -1.0 -1.0 -1.0 -1.0 -1.0 -1.0 2.901 3.868 7.445 1433.685 2.67 1203.832 0.8629952941166353 1.0
16.0 2.0 Car -1.0 -1.0 -1.0 -1.0 -1.0 -1.0 -1.0 1.856 1.711 4.112 1452.38 1.337 1226.818 1.0655834211713724 1.0
16.0 7.0 Car -1.0 -1.0 -1.0 -1.0 -1.0 -1.0 -1.0 2.003 2.137 5.548 1446.705 1.544 1220.298 0.8586262294205468 1.0
16.0 11.0 Car -1.0 -1.0 -1.0 -1.0 -1.0 -1.0 -1.0 1.879 1.485 4.517 1447.036 1.182 1227.899 1.2731950373962149 1.0
16.0 10.0 Car -1.0 -1.0 -1.0 -1.0 -1.0 -1.0 -1.0 1.987 1.916 4.315 1452.181 1.356 1219.715 0.8373915218144149 1.0
17.0 8.0 Car -1.0 -1.0 -1.0 -1.0 -1.0 -1.0 -1.0 2.157 1.946 5.067 1445.954 1.249 1212.951 0.8935328144604334 1.0
17.0 5.0 Truck -1.0 -1.0 -1.0 -1.0 -1.0 -1.0 -1.0 2.901 3.868 7.445 1434.135 2.64 1204.331 0.8556142695121741 1.0
17.0 2.0 Car -1.0 -1.0 -1.0 -1.0 -1.0 -1.0 -1.0 1.856 1.711 4.112 1453.555 1.32 1228.793 1.1019214678311446 1.0
17.0 7.0 Car -1.0 -1.0 -1.0 -1.0 -1.0 -1.0 -1.0 2.003 2.137 5.548 1447.967 1.534 1221.991 0.8813509644775251 1.0
17.0 11.0 Car -1.0 -1.0 -1.0 -1.0 -1.0 -1.0 -1.0 1.879 1.485 4.517 1447.668 1.13 1230.954 1.4474338600361896 1.0
17.0 10.0 Car -1.0 -1.0 -1.0 -1.0 -1.0 -1.0 -1.0 1.987 1.916 4.315 1453.265 1.356 1220.917 0.8373915218144149 1.0
18.0 8.0 Car -1.0 -1.0 -1.0 -1.0 -1.0 -1.0 -1.0 2.157 1.946 5.067 1448.061 1.238 1215.719 0.9050445555401367 1.0
18.0 5.0 Truck -1.0 -1.0 -1.0 -1.0 -1.0 -1.0 -1.0 2.901 3.868 7.445 1434.605 2.633 1205.158 0.8640060567511 1.0
18.0 2.0 Car -1.0 -1.0 -1.0 -1.0 -1.0 -1.0 -1.0 1.856 1.711 4.112 1454.459 1.292 1231.772 1.2787555180903845 1.0
18.0 7.0 Car -1.0 -1.0 -1.0 -1.0 -1.0 -1.0 -1.0 2.003 2.137 5.548 1449.421 1.512 1224.024 0.8878225869077027 1.0
18.0 11.0 Car -1.0 -1.0 -1.0 -1.0 -1.0 -1.0 -1.0 1.879 1.485 4.517 1447.39 1.056 1234.974 1.6655579555123101 1.0
18.0 6.0 Car -1.0 -1.0 -1.0 -1.0 -1.0 -1.0 -1.0 1.996 1.47 4.392 1441.487 1.298 1217.751 0.9023348078317087 0.0
18.0 10.0 Car -1.0 -1.0 -1.0 -1.0 -1.0 -1.0 -1.0 1.987 1.916 4.315 1455.649 1.356 1223.564 0.8373915218144149 1.0
19.0 8.0 Car -1.0 -1.0 -1.0 -1.0 -1.0 -1.0 -1.0 2.157 1.946 5.067 1449.786 1.229 1217.986 0.9144718476912298 1.0
19.0 5.0 Truck -1.0 -1.0 -1.0 -1.0 -1.0 -1.0 -1.0 2.901 3.868 7.445 1434.967 2.626 1205.858 0.8792772080510425 1.0
19.0 2.0 Car -1.0 -1.0 -1.0 -1.0 -1.0 -1.0 -1.0 1.856 1.711 4.112 1454.756 1.269 1234.271 1.4235699508084867 1.0
19.0 7.0 Car -1.0 -1.0 -1.0 -1.0 -1.0 -1.0 -1.0 2.003 2.137 5.548 1450.631 1.475 1225.882 0.972881136593115 1.0
19.0 11.0 Car -1.0 -1.0 -1.0 -1.0 -1.0 -1.0 -1.0 1.879 1.485 4.517 1446.589 1.086 1238.427 1.8124396903843363 1.0
19.0 6.0 Car -1.0 -1.0 -1.0 -1.0 -1.0 -1.0 -1.0 1.996 1.47 4.392 1442.988 1.269 1219.572 0.9519508480191724 1.0
19.0 10.0 Car -1.0 -1.0 -1.0 -1.0 -1.0 -1.0 -1.0 1.987 1.916 4.315 1456.852 1.333 1224.511 0.5562339607521203 1.0
20.0 8.0 Car -1.0 -1.0 -1.0 -1.0 -1.0 -1.0 -1.0 2.157 1.946 5.067 1451.51 1.128 1220.381 0.9249418250879269 1.0
20.0 5.0 Truck -1.0 -1.0 -1.0 -1.0 -1.0 -1.0 -1.0 2.901 3.868 7.445 1435.498 2.808 1206.524 0.876853715824045 1.0
20.0 2.0 Car -1.0 -1.0 -1.0 -1.0 -1.0 -1.0 -1.0 1.856 1.711 4.112 1454.659 1.243 1237.065 1.5844012704465709 1.0
20.0 7.0 Car -1.0 -1.0 -1.0 -1.0 -1.0 -1.0 -1.0 2.003 2.137 5.548 1451.89 1.459 1228.23 1.067347403080767 1.0
20.0 11.0 Car -1.0 -1.0 -1.0 -1.0 -1.0 -1.0 -1.0 1.879 1.485 4.517 1445.001 1.009 1242.156 1.9600440527833731 1.0
20.0 6.0 Car -1.0 -1.0 -1.0 -1.0 -1.0 -1.0 -1.0 1.996 1.47 4.392 1444.547 1.235 1221.678 1.0070545629513687 1.0
20.0 10.0 Car -1.0 -1.0 -1.0 -1.0 -1.0 -1.0 -1.0 1.987 1.916 4.315 1458.664 1.306 1225.223 0.24397957613634233 1.0
21.0 8.0 Car -1.0 -1.0 -1.0 -1.0 -1.0 -1.0 -1.0 2.157 1.946 5.067 1453.51 1.279 1223.191 0.9354231125710515 1.0
21.0 5.0 Truck -1.0 -1.0 -1.0 -1.0 -1.0 -1.0 -1.0 2.901 3.868 7.445 1436.348 2.64 1207.565 0.8744276056442568 1.0
21.0 2.0 Car -1.0 -1.0 -1.0 -1.0 -1.0 -1.0 -1.0 1.856 1.711 4.112 1454.255 1.205 1240.006 1.7512262111512145 1.0
21.0 7.0 Car -1.0 -1.0 -1.0 -1.0 -1.0 -1.0 -1.0 2.003 2.137 5.548 1452.922 1.444 1230.688 1.161915715790487 1.0
21.0 11.0 Car -1.0 -1.0 -1.0 -1.0 -1.0 -1.0 -1.0 1.879 1.485 4.517 1442.574 0.992 1245.896 2.142752155814072 0.0
21.0 6.0 Car -1.0 -1.0 -1.0 -1.0 -1.0 -1.0 -1.0 1.996 1.47 4.392 1445.642 1.239 1223.974 1.1117997640536994 1.0
21.0 10.0 Car -1.0 -1.0 -1.0 -1.0 -1.0 -1.0 -1.0 1.987 1.916 4.315 1460.815 1.349 1225.523 0.12416386887970532 0.0
22.0 8.0 Car -1.0 -1.0 -1.0 -1.0 -1.0 -1.0 -1.0 2.157 1.946 5.067 1455.469 1.389 1226.164 0.9458926920202633 0.0
22.0 5.0 Truck -1.0 -1.0 -1.0 -1.0 -1.0 -1.0 -1.0 2.901 3.868 7.445 1437.198 2.623 1208.605 0.8720042055304128 1.0
22.0 2.0 Car -1.0 -1.0 -1.0 -1.0 -1.0 -1.0 -1.0 1.856 1.711 4.112 1453.341 1.167 1242.946 1.917864801460789 1.0
22.0 7.0 Car -1.0 -1.0 -1.0 -1.0 -1.0 -1.0 -1.0 2.003 2.137 5.548 1453.446 1.431 1233.23 1.3568507979143989 1.0
22.0 11.0 Car -1.0 -1.0 -1.0 -1.0 -1.0 -1.0 -1.0 1.879 1.485 4.517 1439.814 0.935 1249.493 2.2488762963775555 0.0
22.0 6.0 Car -1.0 -1.0 -1.0 -1.0 -1.0 -1.0 -1.0 1.996 1.47 4.392 1446.681 1.192 1226.507 1.216466952518116 1.0
22.0 10.0 Car -1.0 -1.0 -1.0 -1.0 -1.0 -1.0 -1.0 1.987 1.916 4.315 1462.985 1.391 1225.565 0.004482000749810533 0.0
23.0 8.0 Car -1.0 -1.0 -1.0 -1.0 -1.0 -1.0 -1.0 2.157 1.946 5.067 1457.775 1.354 1229.378 0.9458926920202633 0.0
23.0 5.0 Truck -1.0 -1.0 -1.0 -1.0 -1.0 -1.0 -1.0 2.901 3.868 7.445 1438.048 2.63 1209.646 0.869578037173896 1.0
23.0 2.0 Car -1.0 -1.0 -1.0 -1.0 -1.0 -1.0 -1.0 1.856 1.711 4.112 1451.916 1.129 1245.757 2.0846937425316954 1.0
23.0 7.0 Car -1.0 -1.0 -1.0 -1.0 -1.0 -1.0 -1.0 2.003 2.137 5.548 1453.496 1.419 1236.077 1.5520085537972736 1.0
23.0 11.0 Car -1.0 -1.0 -1.0 -1.0 -1.0 -1.0 -1.0 1.879 1.485 4.517 1436.667 0.877 1252.808 2.3551216622281377 0.0
23.0 6.0 Car -1.0 -1.0 -1.0 -1.0 -1.0 -1.0 -1.0 1.996 1.47 4.392 1447.489 1.16 1229.303 1.3386671208302916 1.0
23.0 10.0 Car -1.0 -1.0 -1.0 -1.0 -1.0 -1.0 -1.0 1.987 1.916 4.315 1465.146 1.433 1225.346 -0.11533657961867072 0.0
24.0 8.0 Car -1.0 -1.0 -1.0 -1.0 -1.0 -1.0 -1.0 2.157 1.946 5.067 1460.425 1.409 1233.068 0.9458926920202633 0.0
24.0 5.0 Truck -1.0 -1.0 -1.0 -1.0 -1.0 -1.0 -1.0 2.901 3.868 7.445 1439.292 2.505 1211.108 0.8734033865341873 1.0
24.0 2.0 Car -1.0 -1.0 -1.0 -1.0 -1.0 -1.0 -1.0 1.856 1.711 4.112 1449.801 1.106 1248.421 2.2229468792738745 1.0
24.0 7.0 Car -1.0 -1.0 -1.0 -1.0 -1.0 -1.0 -1.0 2.003 2.137 5.548 1452.993 1.407 1238.88 1.7471631899076938 1.0
24.0 11.0 Car -1.0 -1.0 -1.0 -1.0 -1.0 -1.0 -1.0 1.879 1.485 4.517 1432.978 0.77 1255.966 2.4613653296508793 0.0
24.0 6.0 Car -1.0 -1.0 -1.0 -1.0 -1.0 -1.0 -1.0 1.996 1.47 4.392 1447.831 1.198 1231.895 1.4751906399225219 1.0
24.0 10.0 Car -1.0 -1.0 -1.0 -1.0 -1.0 -1.0 -1.0 1.987 1.916 4.315 1467.266 1.476 1224.871 -0.2351532445792559 0.0
25.0 8.0 Car -1.0 -1.0 -1.0 -1.0 -1.0 -1.0 -1.0 2.157 1.946 5.067 1463.802 1.338 1237.5 0.9149370062669641 0.0
25.0 5.0 Truck -1.0 -1.0 -1.0 -1.0 -1.0 -1.0 -1.0 2.901 3.868 7.445 1440.455 2.512 1212.466 0.8776091664155731 1.0
25.0 2.0 Car -1.0 -1.0 -1.0 -1.0 -1.0 -1.0 -1.0 1.856 1.711 4.112 1446.996 1.081 1251.066 2.374949273377948 1.0
25.0 7.0 Car -1.0 -1.0 -1.0 -1.0 -1.0 -1.0 -1.0 2.003 2.137 5.548 1451.825 1.394 1241.783 1.961725930459554 1.0
25.0 11.0 Car -1.0 -1.0 -1.0 -1.0 -1.0 -1.0 -1.0 1.879 1.485 4.517 1428.364 0.707 1259.099 2.5781749166678423 0.0
25.0 6.0 Car -1.0 -1.0 -1.0 -1.0 -1.0 -1.0 -1.0 1.996 1.47 4.392 1447.796 1.184 1234.768 1.6252914061151276 1.0
25.0 10.0 Car -1.0 -1.0 -1.0 -1.0 -1.0 -1.0 -1.0 1.987 1.916 4.315 1471.057 1.522 1223.581 -0.36688566206167383 0.0
26.0 8.0 Car -1.0 -1.0 -1.0 -1.0 -1.0 -1.0 -1.0 2.157 1.946 5.067 1466.991 1.274 1241.438 0.8867818991562735 0.0
26.0 5.0 Truck -1.0 -1.0 -1.0 -1.0 -1.0 -1.0 -1.0 2.901 3.868 7.445 1441.933 2.499 1214.201 0.8814344469791539 1.0
26.0 2.0 Car -1.0 -1.0 -1.0 -1.0 -1.0 -1.0 -1.0 1.856 1.711 4.112 1444.065 0.977 1253.399 2.456307982518178 1.0
26.0 7.0 Car -1.0 -1.0 -1.0 -1.0 -1.0 -1.0 -1.0 2.003 2.137 5.548 1450.111 1.36 1244.666 2.080170023293867 1.0
26.0 11.0 Car -1.0 -1.0 -1.0 -1.0 -1.0 -1.0 -1.0 1.879 1.485 4.517 1423.825 0.71 1261.785 2.5954713737612396 0.0
26.0 6.0 Car -1.0 -1.0 -1.0 -1.0 -1.0 -1.0 -1.0 1.996 1.47 4.392 1447.237 1.154 1237.445 1.7515554421156154 1.0
26.0 10.0 Car -1.0 -1.0 -1.0 -1.0 -1.0 -1.0 -1.0 1.987 1.916 4.315 1474.443 1.554 1222.114 -0.3831843868735889 0.0
27.0 8.0 Car -1.0 -1.0 -1.0 -1.0 -1.0 -1.0 -1.0 2.157 1.946 5.067 1470.29 1.209 1245.285 0.8586262294205468 0.0
27.0 5.0 Truck -1.0 -1.0 -1.0 -1.0 -1.0 -1.0 -1.0 2.901 3.868 7.445 1443.41 2.486 1215.935 0.8852598039835239 1.0
27.0 2.0 Car -1.0 -1.0 -1.0 -1.0 -1.0 -1.0 -1.0 1.856 1.711 4.112 1440.771 0.973 1255.618 2.5376683174539174 0.0
27.0 7.0 Car -1.0 -1.0 -1.0 -1.0 -1.0 -1.0 -1.0 2.003 2.137 5.548 1448.068 1.327 1247.327 2.198616483002927 1.0
27.0 11.0 Car -1.0 -1.0 -1.0 -1.0 -1.0 -1.0 -1.0 1.879 1.485 4.517 1419.147 0.862 1264.554 2.61276817649068 0.0
27.0 6.0 Car -1.0 -1.0 -1.0 -1.0 -1.0 -1.0 -1.0 1.996 1.47 4.392 1446.586 1.123 1239.717 1.8778220012571998 1.0
27.0 10.0 Car -1.0 -1.0 -1.0 -1.0 -1.0 -1.0 -1.0 1.987 1.916 4.315 1477.829 1.587 1220.646 -0.39948343738380815 0.0
28.0 8.0 Car -1.0 -1.0 -1.0 -1.0 -1.0 -1.0 -1.0 2.157 1.946 5.067 1473.461 1.148 1249.152 0.8586262294205468 0.0
28.0 5.0 Truck -1.0 -1.0 -1.0 -1.0 -1.0 -1.0 -1.0 2.901 3.868 7.445 1444.885 2.473 1217.668 0.8890809414563144 0.0
28.0 2.0 Car -1.0 -1.0 -1.0 -1.0 -1.0 -1.0 -1.0 1.856 1.711 4.112 1437.199 0.914 1257.885 2.588307415652406 0.0
28.0 7.0 Car -1.0 -1.0 -1.0 -1.0 -1.0 -1.0 -1.0 2.003 2.137 5.548 1445.692 1.294 1249.769 2.3169322912259585 0.0
28.0 11.0 Car -1.0 -1.0 -1.0 -1.0 -1.0 -1.0 -1.0 1.879 1.485 4.517 1414.404 0.807 1267.378 2.6418572844417847 0.0
28.0 6.0 Car -1.0 -1.0 -1.0 -1.0 -1.0 -1.0 -1.0 1.996 1.47 4.392 1445.505 1.102 1242.138 2.0039492830102645 0.0
28.0 10.0 Car -1.0 -1.0 -1.0 -1.0 -1.0 -1.0 -1.0 1.987 1.916 4.315 1481.212 1.619 1219.18 -0.4157645093476423 0.0
29.0 8.0 Car -1.0 -1.0 -1.0 -1.0 -1.0 -1.0 -1.0 2.157 1.946 5.067 1476.636 1.087 1253.023 0.8586262294205468 0.0
29.0 5.0 Truck -1.0 -1.0 -1.0 -1.0 -1.0 -1.0 -1.0 2.901 3.868 7.445 1446.37 2.393 1219.396 0.8617601186928028 0.0
29.0 2.0 Car -1.0 -1.0 -1.0 -1.0 -1.0 -1.0 -1.0 1.856 1.711 4.112 1433.512 0.854 1259.97 2.6390000013616457 0.0
29.0 7.0 Car -1.0 -1.0 -1.0 -1.0 -1.0 -1.0 -1.0 2.003 2.137 5.548 1442.914 1.221 1252.347 2.389461520548394 0.0
29.0 11.0 Car -1.0 -1.0 -1.0 -1.0 -1.0 -1.0 -1.0 1.879 1.485 4.517 1409.704 0.952 1270.045 2.636052097674614 0.0
29.0 6.0 Car -1.0 -1.0 -1.0 -1.0 -1.0 -1.0 -1.0 1.996 1.47 4.392 1443.955 1.025 1244.569 2.141849114024901 0.0
29.0 10.0 Car -1.0 -1.0 -1.0 -1.0 -1.0 -1.0 -1.0 1.987 1.916 4.315 1484.567 1.651 1217.639 -0.408789821956147 0.0
30.0 8.0 Car -1.0 -1.0 -1.0 -1.0 -1.0 -1.0 -1.0 2.157 1.946 5.067 1479.803 1.026 1256.886 0.8586262294205468 0.0
30.0 5.0 Truck -1.0 -1.0 -1.0 -1.0 -1.0 -1.0 -1.0 2.901 3.868 7.445 1448.034 2.593 1221.26 0.8582999784009173 0.0
30.0 2.0 Car -1.0 -1.0 -1.0 -1.0 -1.0 -1.0 -1.0 1.856 1.711 4.112 1429.401 0.812 1262.258 2.6413313848469144 0.0
30.0 7.0 Car -1.0 -1.0 -1.0 -1.0 -1.0 -1.0 -1.0 2.003 2.137 5.548 1439.963 1.148 1254.712 2.4618323308791044 0.0
30.0 11.0 Car -1.0 -1.0 -1.0 -1.0 -1.0 -1.0 -1.0 1.879 1.485 4.517 1404.654 0.996 1272.971 2.6476747615305665 0.0
30.0 6.0 Car -1.0 -1.0 -1.0 -1.0 -1.0 -1.0 -1.0 1.996 1.47 4.392 1442.483 0.996 1246.709 2.215748043794754 0.0
30.0 10.0 Car -1.0 -1.0 -1.0 -1.0 -1.0 -1.0 -1.0 1.987 1.916 4.315 1488.472 1.683 1215.898 -0.41924553962150385 0.0
31.0 8.0 Car -1.0 -1.0 -1.0 -1.0 -1.0 -1.0 -1.0 2.157 1.946 5.067 1482.971 0.965 1260.749 0.8586262294205468 0.0
31.0 5.0 Truck -1.0 -1.0 -1.0 -1.0 -1.0 -1.0 -1.0 2.901 3.868 7.445 1449.605 2.492 1223.202 0.9072012826008834 0.0
31.0 2.0 Car -1.0 -1.0 -1.0 -1.0 -1.0 -1.0 -1.0 1.856 1.711 4.112 1425.004 0.844 1264.701 2.643662843038504 0.0
31.0 7.0 Car -1.0 -1.0 -1.0 -1.0 -1.0 -1.0 -1.0 2.003 2.137 5.548 1436.849 1.076 1256.858 2.5342054602435455 0.0
31.0 11.0 Car -1.0 -1.0 -1.0 -1.0 -1.0 -1.0 -1.0 1.879 1.485 4.517 1399.515 1.024 1275.758 2.6476747615305665 0.0
31.0 6.0 Car -1.0 -1.0 -1.0 -1.0 -1.0 -1.0 -1.0 1.996 1.47 4.392 1440.858 0.967 1248.734 2.289649341565049 0.0
31.0 10.0 Car -1.0 -1.0 -1.0 -1.0 -1.0 -1.0 -1.0 1.987 1.916 4.315 1491.86 1.649 1214.441 -0.41924553962150385 0.0
32.0 8.0 Car -1.0 -1.0 -1.0 -1.0 -1.0 -1.0 -1.0 2.157 1.946 5.067 1486.139 0.904 1264.612 0.8586262294205468 0.0
32.0 5.0 Truck -1.0 -1.0 -1.0 -1.0 -1.0 -1.0 -1.0 2.901 3.868 7.445 1451.079 2.467 1225.219 0.9561018033348386 0.0
32.0 2.0 Car -1.0 -1.0 -1.0 -1.0 -1.0 -1.0 -1.0 1.856 1.711 4.112 1420.607 0.877 1267.145 2.6459942638769327 0.0
32.0 7.0 Car -1.0 -1.0 -1.0 -1.0 -1.0 -1.0 -1.0 2.003 2.137 5.548 1433.023 1.003 1259.161 2.6065774300911206 0.0
32.0 11.0 Car -1.0 -1.0 -1.0 -1.0 -1.0 -1.0 -1.0 1.879 1.485 4.517 1394.376 1.052 1278.544 2.6476747615305665 0.0
32.0 6.0 Car -1.0 -1.0 -1.0 -1.0 -1.0 -1.0 -1.0 1.996 1.47 4.392 1439.071 0.987 1250.66 2.363549455335123 0.0
32.0 10.0 Car -1.0 -1.0 -1.0 -1.0 -1.0 -1.0 -1.0 1.987 1.916 4.315 1495.356 1.615 1212.936 -0.41924553962150385 0.0
33.0 8.0 Car -1.0 -1.0 -1.0 -1.0 -1.0 -1.0 -1.0 2.157 1.946 5.067 1489.306 0.844 1268.474 0.8586262294205468 0.0
33.0 5.0 Truck -1.0 -1.0 -1.0 -1.0 -1.0 -1.0 -1.0 2.901 3.868 7.445 1452.073 2.492 1226.739 1.0050012468030292 0.0
33.0 2.0 Car -1.0 -1.0 -1.0 -1.0 -1.0 -1.0 -1.0 1.856 1.711 4.112 1415.924 0.907 1269.729 2.64675337912274 0.0
33.0 7.0 Car -1.0 -1.0 -1.0 -1.0 -1.0 -1.0 -1.0 2.003 2.137 5.548 1428.768 1.023 1261.501 2.5866226301941757 0.0
33.0 6.0 Car -1.0 -1.0 -1.0 -1.0 -1.0 -1.0 -1.0 1.996 1.47 4.392 1436.728 0.875 1252.828 2.4374479411048933 0.0
34.0 5.0 Truck -1.0 -1.0 -1.0 -1.0 -1.0 -1.0 -1.0 2.901 3.868 7.445 1453.3 2.517 1228.795 1.0539557287584822 0.0
34.0 2.0 Car -1.0 -1.0 -1.0 -1.0 -1.0 -1.0 -1.0 1.856 1.711 4.112 1411.235 0.937 1272.315 2.647513348786344 0.0
34.0 7.0 Car -1.0 -1.0 -1.0 -1.0 -1.0 -1.0 -1.0 2.003 2.137 5.548 1424.708 1.042 1263.907 2.601591244232863 0.0
34.0 6.0 Car -1.0 -1.0 -1.0 -1.0 -1.0 -1.0 -1.0 1.996 1.47 4.392 1433.958 0.744 1255.008 2.489110531869864 0.0
35.0 5.0 Truck -1.0 -1.0 -1.0 -1.0 -1.0 -1.0 -1.0 2.901 3.868 7.445 1454.401 2.482 1230.866 1.1029648574681927 0.0
35.0 2.0 Car -1.0 -1.0 -1.0 -1.0 -1.0 -1.0 -1.0 1.856 1.711 4.112 1406.54 0.993 1274.904 2.6482741667864795 0.0
35.0 7.0 Car -1.0 -1.0 -1.0 -1.0 -1.0 -1.0 -1.0 2.003 2.137 5.548 1420.643 1.062 1266.315 2.6165765673886785 0.0
35.0 6.0 Car -1.0 -1.0 -1.0 -1.0 -1.0 -1.0 -1.0 1.996 1.47 4.392 1430.842 0.706 1257.222 2.5408307923882267 0.0
36.0 5.0 Truck -1.0 -1.0 -1.0 -1.0 -1.0 -1.0 -1.0 2.901 3.868 7.445 1455.268 2.44 1233.158 1.2012868713157807 0.0
36.0 2.0 Car -1.0 -1.0 -1.0 -1.0 -1.0 -1.0 -1.0 1.856 1.711 4.112 1401.854 1.094 1277.521 2.634714411907391 0.0
36.0 7.0 Car -1.0 -1.0 -1.0 -1.0 -1.0 -1.0 -1.0 2.003 2.137 5.548 1416.173 1.081 1268.765 2.631783663961775 0.0
36.0 6.0 Car -1.0 -1.0 -1.0 -1.0 -1.0 -1.0 -1.0 1.996 1.47 4.392 1427.293 0.695 1259.479 2.5925524998179648 0.0
37.0 5.0 Truck -1.0 -1.0 -1.0 -1.0 -1.0 -1.0 -1.0 2.901 3.868 7.445 1455.852 2.427 1235.286 1.2898220285912503 0.0
37.0 2.0 Car -1.0 -1.0 -1.0 -1.0 -1.0 -1.0 -1.0 1.856 1.711 4.112 1397.513 1.156 1279.884 2.6382203914322346 0.0
37.0 7.0 Car -1.0 -1.0 -1.0 -1.0 -1.0 -1.0 -1.0 2.003 2.137 5.548 1412.148 1.099 1270.971 2.645477064189413 0.0
37.0 6.0 Car -1.0 -1.0 -1.0 -1.0 -1.0 -1.0 -1.0 1.996 1.47 4.392 1423.525 0.742 1261.61 2.6391258898722616 0.0
38.0 5.0 Truck -1.0 -1.0 -1.0 -1.0 -1.0 -1.0 -1.0 2.901 3.868 7.445 1456.17 2.405 1237.241 1.3880326450871625 0.0
38.0 2.0 Car -1.0 -1.0 -1.0 -1.0 -1.0 -1.0 -1.0 1.856 1.711 4.112 1392.698 1.225 1282.506 2.642109517753947 0.0
38.0 7.0 Car -1.0 -1.0 -1.0 -1.0 -1.0 -1.0 -1.0 2.003 2.137 5.548 1407.684 1.118 1273.418 2.660666931352547 0.0
38.0 6.0 Car -1.0 -1.0 -1.0 -1.0 -1.0 -1.0 -1.0 1.996 1.47 4.392 1418.989 0.796 1264.261 2.6389209348117606 0.0
39.0 5.0 Truck -1.0 -1.0 -1.0 -1.0 -1.0 -1.0 -1.0 2.901 3.868 7.445 1456.266 2.382 1239.132 1.5330515926113266 0.0
39.0 7.0 Car -1.0 -1.0 -1.0 -1.0 -1.0 -1.0 -1.0 2.003 2.137 5.548 1402.994 1.248 1275.992 2.660666931352547 0.0
39.0 6.0 Car -1.0 -1.0 -1.0 -1.0 -1.0 -1.0 -1.0 1.996 1.47 4.392 1414.458 0.849 1266.91 2.6387162105855966 0.0
