0.0 0.0 Bus -1.0 -1.0 -1.0 -1.0 -1.0 -1.0 -1.0 2.717 3.369 11.088 546.686 4.22 1743.083 -2.3394186770891454 0.0
1.0 0.0 Bus -1.0 -1.0 -1.0 -1.0 -1.0 -1.0 -1.0 2.717 3.369 11.088 545.27 4.24 1741.448 -2.327695407474067 1.0
2.0 0.0 Bus -1.0 -1.0 -1.0 -1.0 -1.0 -1.0 -1.0 2.717 3.369 11.088 543.855 4.261 1739.814 -2.3159747172878355 1.0
3.0 0.0 Bus -1.0 -1.0 -1.0 -1.0 -1.0 -1.0 -1.0 2.717 3.369 11.088 542.533 4.211 1738.167 -2.292826205412811 1.0
4.0 0.0 Bus -1.0 -1.0 -1.0 -1.0 -1.0 -1.0 -1.0 2.717 3.369 11.088 541.212 4.161 1736.521 -2.2697049849836586 1.0
5.0 0.0 Bus -1.0 -1.0 -1.0 -1.0 -1.0 -1.0 -1.0 2.717 3.369 11.088 540.071 4.196 1735.036 -2.2626528661461127 1.0
6.0 0.0 Bus -1.0 -1.0 -1.0 -1.0 -1.0 -1.0 -1.0 2.717 3.369 11.088 538.734 4.042 1733.243 -2.2066143766813378 1.0
7.0 0.0 Bus -1.0 -1.0 -1.0 -1.0 -1.0 -1.0 -1.0 2.717 3.369 11.088 537.5 3.887 1731.381 -2.1506429601564205 1.0
8.0 0.0 Bus -1.0 -1.0 -1.0 -1.0 -1.0 -1.0 -1.0 2.717 3.369 11.088 536.372 3.732 1729.453 -2.094669192159488 1.0
9.0 0.0 Bus -1.0 -1.0 -1.0 -1.0 -1.0 -1.0 -1.0 2.717 3.369 11.088 535.356 3.578 1727.467 -2.038754770837223 1.0
10.0 0.0 Bus -1.0 -1.0 -1.0 -1.0 -1.0 -1.0 -1.0 2.717 3.369 11.088 534.535 3.438 1725.63 -1.9883561190382406 1.0
11.0 0.0 Bus -1.0 -1.0 -1.0 -1.0 -1.0 -1.0 -1.0 2.717 3.369 11.088 533.734 3.284 1723.545 -1.9323782079715681 1.0
12.0 0.0 Bus -1.0 -1.0 -1.0 -1.0 -1.0 -1.0 -1.0 2.717 3.369 11.088 533.061 2.988 1720.88 -1.8816520685592073 1.0
13.0 0.0 Bus -1.0 -1.0 -1.0 -1.0 -1.0 -1.0 -1.0 2.717 3.369 11.088 532.567 2.72 1718.438 -1.8356597928353804 1.0
14.0 0.0 Bus -1.0 -1.0 -1.0 -1.0 -1.0 -1.0 -1.0 2.717 3.369 11.088 532.187 2.451 1715.972 -1.7896174096700908 1.0
15.0 0.0 Bus -1.0 -1.0 -1.0 -1.0 -1.0 -1.0 -1.0 2.717 3.369 11.088 531.747 2.381 1713.793 -1.767867214694965 1.0
16.0 0.0 Bus -1.0 -1.0 -1.0 -1.0 -1.0 -1.0 -1.0 2.717 3.369 11.088 531.308 2.312 1711.614 -1.746119021114038 1.0
17.0 0.0 Bus -1.0 -1.0 -1.0 -1.0 -1.0 -1.0 -1.0 2.717 3.369 11.088 530.913 2.267 1709.377 -1.750535950941581 1.0
18.0 0.0 Bus -1.0 -1.0 -1.0 -1.0 -1.0 -1.0 -1.0 2.717 3.369 11.088 530.518 2.222 1707.14 -1.7549527395471272 1.0
19.0 1.0 Car -1.0 -1.0 -1.0 -1.0 -1.0 -1.0 -1.0 1.778 1.601 4.043 586.661 -0.648 1667.125 2.7369531021254656 0.0
19.0 0.0 Bus -1.0 -1.0 -1.0 -1.0 -1.0 -1.0 -1.0 2.717 3.369 11.088 530.126 2.206 1705.43 -1.7549527395471272 1.0
20.0 1.0 Car -1.0 -1.0 -1.0 -1.0 -1.0 -1.0 -1.0 1.778 1.601 4.043 583.878 -0.498 1668.594 2.745675037438007 1.0
20.0 0.0 Bus -1.0 -1.0 -1.0 -1.0 -1.0 -1.0 -1.0 2.717 3.369 11.088 529.734 2.189 1703.719 -1.7549527395471272 1.0
21.0 1.0 Car -1.0 -1.0 -1.0 -1.0 -1.0 -1.0 -1.0 1.778 1.601 4.043 581.092 -0.348 1670.065 2.754406394645409 1.0
21.0 0.0 Bus -1.0 -1.0 -1.0 -1.0 -1.0 -1.0 -1.0 2.717 3.369 11.088 529.341 2.172 1702.007 -1.7549527395471272 1.0
22.0 1.0 Car -1.0 -1.0 -1.0 -1.0 -1.0 -1.0 -1.0 1.778 1.601 4.043 579.062 -0.165 1670.809 2.754406394645409 1.0
22.0 0.0 Bus -1.0 -1.0 -1.0 -1.0 -1.0 -1.0 -1.0 2.717 3.369 11.088 529.15 2.155 1700.884 -1.7607684367174326 1.0
23.0 1.0 Car -1.0 -1.0 -1.0 -1.0 -1.0 -1.0 -1.0 1.778 1.601 4.043 576.962 -0.124 1671.542 2.754406394645409 1.0
23.0 0.0 Bus -1.0 -1.0 -1.0 -1.0 -1.0 -1.0 -1.0 2.717 3.369 11.088 528.958 2.137 1699.761 -1.7665903348967638 1.0
24.0 1.0 Car -1.0 -1.0 -1.0 -1.0 -1.0 -1.0 -1.0 1.778 1.601 4.043 574.865 -0.082 1672.274 2.754406394645409 1.0
24.0 0.0 Bus -1.0 -1.0 -1.0 -1.0 -1.0 -1.0 -1.0 2.717 3.369 11.088 528.766 2.12 1698.638 -1.7724060320670694 1.0
25.0 1.0 Car -1.0 -1.0 -1.0 -1.0 -1.0 -1.0 -1.0 1.778 1.601 4.043 572.587 0.092 1673.127 2.780585494553261 1.0
25.0 0.0 Bus -1.0 -1.0 -1.0 -1.0 -1.0 -1.0 -1.0 2.717 3.369 11.088 528.532 2.331 1697.267 -1.8188862094358786 1.0
26.0 1.0 Car -1.0 -1.0 -1.0 -1.0 -1.0 -1.0 -1.0 1.778 1.601 4.043 570.287 0.266 1673.921 2.806766272205239 1.0
26.0 0.0 Bus -1.0 -1.0 -1.0 -1.0 -1.0 -1.0 -1.0 2.717 3.369 11.088 528.234 2.542 1695.908 -1.8653693655871832 1.0
27.0 1.0 Car -1.0 -1.0 -1.0 -1.0 -1.0 -1.0 -1.0 1.778 1.601 4.043 567.997 0.358 1674.644 2.804981796286416 1.0
27.0 0.0 Bus -1.0 -1.0 -1.0 -1.0 -1.0 -1.0 -1.0 2.717 3.369 11.088 527.252 2.4 1694.459 -1.9827947711238922 0.0
28.0 1.0 Car -1.0 -1.0 -1.0 -1.0 -1.0 -1.0 -1.0 1.778 1.601 4.043 565.707 0.449 1675.367 2.80319718842246 0.0
28.0 0.0 Bus -1.0 -1.0 -1.0 -1.0 -1.0 -1.0 -1.0 2.717 3.369 11.088 525.98 2.467 1693.036 -2.156087671832573 0.0
29.0 1.0 Car -1.0 -1.0 -1.0 -1.0 -1.0 -1.0 -1.0 1.778 1.601 4.043 563.496 0.524 1676.131 2.80319718842246 0.0
29.0 0.0 Bus -1.0 -1.0 -1.0 -1.0 -1.0 -1.0 -1.0 2.717 3.369 11.088 524.482 2.533 1691.854 -2.3293746857512305 0.0
30.0 1.0 Car -1.0 -1.0 -1.0 -1.0 -1.0 -1.0 -1.0 1.778 1.601 4.043 561.617 0.735 1676.813 2.80319718842246 0.0
30.0 0.0 Bus -1.0 -1.0 -1.0 -1.0 -1.0 -1.0 -1.0 2.717 3.369 11.088 522.805 2.6 1690.949 -2.5024726298256375 0.0
31.0 1.0 Car -1.0 -1.0 -1.0 -1.0 -1.0 -1.0 -1.0 1.778 1.601 4.043 559.396 0.878 1677.563 2.80319718842246 0.0
31.0 0.0 Bus -1.0 -1.0 -1.0 -1.0 -1.0 -1.0 -1.0 2.717 3.369 11.088 520.996 2.667 1690.347 -2.6755875417065798 0.0
32.0 1.0 Car -1.0 -1.0 -1.0 -1.0 -1.0 -1.0 -1.0 1.778 1.601 4.043 557.172 1.021 1678.313 2.80319718842246 0.0
32.0 0.0 Bus -1.0 -1.0 -1.0 -1.0 -1.0 -1.0 -1.0 2.717 3.369 11.088 519.109 2.733 1690.064 -2.8488610506363625 0.0
33.0 1.0 Car -1.0 -1.0 -1.0 -1.0 -1.0 -1.0 -1.0 1.778 1.601 4.043 554.722 1.239 1679.169 2.81746328598633 0.0
33.0 0.0 Bus -1.0 -1.0 -1.0 -1.0 -1.0 -1.0 -1.0 2.717 3.369 11.088 516.402 2.83 1689.692 -2.9307398766797137 0.0
34.0 1.0 Car -1.0 -1.0 -1.0 -1.0 -1.0 -1.0 -1.0 1.778 1.601 4.043 552.278 1.457 1680.024 2.8316967931349186 0.0
34.0 0.0 Bus -1.0 -1.0 -1.0 -1.0 -1.0 -1.0 -1.0 2.717 3.369 11.088 513.679 2.927 1689.543 -3.012431653326306 0.0
35.0 1.0 Car -1.0 -1.0 -1.0 -1.0 -1.0 -1.0 -1.0 1.778 1.601 4.043 549.833 1.701 1680.718 2.84043312651327 0.0
35.0 0.0 Bus -1.0 -1.0 -1.0 -1.0 -1.0 -1.0 -1.0 2.717 3.369 11.088 510.942 3.024 1689.617 -3.0944873737203586 0.0
36.0 1.0 Car -1.0 -1.0 -1.0 -1.0 -1.0 -1.0 -1.0 1.778 1.601 4.043 547.394 1.943 1681.41 2.849150085654862 0.0
36.0 0.0 Bus -1.0 -1.0 -1.0 -1.0 -1.0 -1.0 -1.0 2.717 3.369 11.088 508.225 3.121 1689.915 3.1068241849389056 0.0
37.0 1.0 Car -1.0 -1.0 -1.0 -1.0 -1.0 -1.0 -1.0 1.778 1.601 4.043 545.041 2.111 1682.048 2.851656767379839 0.0
37.0 0.0 Bus -1.0 -1.0 -1.0 -1.0 -1.0 -1.0 -1.0 2.717 3.369 11.088 505.545 3.217 1690.433 3.025036099145821 0.0
38.0 1.0 Car -1.0 -1.0 -1.0 -1.0 -1.0 -1.0 -1.0 1.778 1.601 4.043 542.683 2.28 1682.687 2.8541688656304602 0.0
38.0 0.0 Bus -1.0 -1.0 -1.0 -1.0 -1.0 -1.0 -1.0 2.717 3.369 11.088 502.708 3.574 1690.155 3.0163968123992495 0.0
39.0 1.0 Car -1.0 -1.0 -1.0 -1.0 -1.0 -1.0 -1.0 1.778 1.601 4.043 540.578 2.473 1683.271 2.8541688656304602 0.0
