0.0 3.0 Truck -1.0 -1.0 -1.0 -1.0 -1.0 -1.0 -1.0 2.952 3.217 7.761 1333.831 1.201 1027.826 2.381082885523506 0.0
1.0 3.0 Truck -1.0 -1.0 -1.0 -1.0 -1.0 -1.0 -1.0 2.952 3.217 7.761 1330.683 1.301 1031.096 2.311269715443733 1.0
2.0 6.0 Truck -1.0 -1.0 -1.0 -1.0 -1.0 -1.0 -1.0 3.201 2.453 7.312 1277.007 0.847 1023.471 0.9558819246769505 0.0
2.0 3.0 Truck -1.0 -1.0 -1.0 -1.0 -1.0 -1.0 -1.0 2.952 3.217 7.761 1327.941 1.401 1034.421 2.2414565453639597 1.0
2.0 0.0 Car -1.0 -1.0 -1.0 -1.0 -1.0 -1.0 -1.0 2.353 2.099 5.079 1308.502 2.403 1079.639 -2.2301817179302614 0.0
3.0 6.0 Truck -1.0 -1.0 -1.0 -1.0 -1.0 -1.0 -1.0 3.201 2.453 7.312 1277.036 0.847 1023.512 0.9558819246769505 0.0
3.0 3.0 Truck -1.0 -1.0 -1.0 -1.0 -1.0 -1.0 -1.0 2.952 3.217 7.761 1325.542 1.501 1037.967 2.1570989648509 1.0
3.0 4.0 Car -1.0 -1.0 -1.0 -1.0 -1.0 -1.0 -1.0 2.086 1.803 4.671 1316.161 2.697 1083.569 -2.227808070412133 0.0
3.0 0.0 Car -1.0 -1.0 -1.0 -1.0 -1.0 -1.0 -1.0 2.353 2.099 5.079 1306.915 2.312 1077.717 -2.238908364190232 1.0
4.0 6.0 Truck -1.0 -1.0 -1.0 -1.0 -1.0 -1.0 -1.0 3.201 2.453 7.312 1277.034 0.847 1023.508 0.9558819246769505 0.0
4.0 3.0 Truck -1.0 -1.0 -1.0 -1.0 -1.0 -1.0 -1.0 2.952 3.217 7.761 1323.897 1.601 1040.66 2.072741384337841 1.0
4.0 4.0 Car -1.0 -1.0 -1.0 -1.0 -1.0 -1.0 -1.0 2.086 1.803 4.671 1314.595 2.58 1081.53 -2.245261362932076 1.0
4.0 0.0 Car -1.0 -1.0 -1.0 -1.0 -1.0 -1.0 -1.0 2.353 2.099 5.079 1305.761 2.22 1076.344 -2.2476350104502045 1.0
5.0 6.0 Truck -1.0 -1.0 -1.0 -1.0 -1.0 -1.0 -1.0 3.201 2.453 7.312 1277.031 0.847 1023.505 0.9558819246769505 1.0
5.0 3.0 Truck -1.0 -1.0 -1.0 -1.0 -1.0 -1.0 -1.0 2.952 3.217 7.761 1322.455 1.701 1043.744 2.0145637426046967 1.0
5.0 4.0 Car -1.0 -1.0 -1.0 -1.0 -1.0 -1.0 -1.0 2.086 1.803 4.671 1312.583 2.488 1079.064 -2.25107912710539 1.0
5.0 0.0 Car -1.0 -1.0 -1.0 -1.0 -1.0 -1.0 -1.0 2.353 2.099 5.079 1304.5 2.103 1074.921 -2.259270538796833 1.0
6.0 6.0 Truck -1.0 -1.0 -1.0 -1.0 -1.0 -1.0 -1.0 3.201 2.453 7.312 1277.029 0.847 1023.502 0.9558819246769505 1.0
6.0 3.0 Truck -1.0 -1.0 -1.0 -1.0 -1.0 -1.0 -1.0 2.952 3.217 7.761 1321.427 1.801 1046.328 1.9290426092569743 1.0
6.0 4.0 Car -1.0 -1.0 -1.0 -1.0 -1.0 -1.0 -1.0 2.086 1.803 4.671 1310.934 2.397 1077.048 -2.256896891278705 1.0
6.0 0.0 Car -1.0 -1.0 -1.0 -1.0 -1.0 -1.0 -1.0 2.353 2.099 5.079 1303.505 2.012 1073.823 -2.270906067143462 1.0
7.0 6.0 Truck -1.0 -1.0 -1.0 -1.0 -1.0 -1.0 -1.0 3.201 2.453 7.312 1277.026 0.847 1023.498 0.9558819246769505 1.0
7.0 3.0 Truck -1.0 -1.0 -1.0 -1.0 -1.0 -1.0 -1.0 2.952 3.217 7.761 1320.737 1.901 1048.467 1.8609747684291955 1.0
7.0 4.0 Car -1.0 -1.0 -1.0 -1.0 -1.0 -1.0 -1.0 2.086 1.803 4.671 1309.266 2.342 1074.965 -2.2627146554520188 0.0
7.0 0.0 Car -1.0 -1.0 -1.0 -1.0 -1.0 -1.0 -1.0 2.353 2.099 5.079 1302.51 2.02 1072.724 -2.2825415954900903 1.0
8.0 6.0 Truck -1.0 -1.0 -1.0 -1.0 -1.0 -1.0 -1.0 3.201 2.453 7.312 1277.017 0.847 1023.484 0.9558819246769505 1.0
8.0 3.0 Truck -1.0 -1.0 -1.0 -1.0 -1.0 -1.0 -1.0 2.952 3.217 7.761 1320.4 2.001 1050.157 1.836540158901275 1.0
8.0 4.0 Car -1.0 -1.0 -1.0 -1.0 -1.0 -1.0 -1.0 2.086 1.803 4.671 1307.942 2.188 1073.376 -2.268532419625333 0.0
8.0 0.0 Car -1.0 -1.0 -1.0 -1.0 -1.0 -1.0 -1.0 2.353 2.099 5.079 1301.774 1.97 1071.971 -2.2999948880100334 0.0
9.0 6.0 Truck -1.0 -1.0 -1.0 -1.0 -1.0 -1.0 -1.0 3.201 2.453 7.312 1277.007 0.847 1023.471 0.9558819246769505 1.0
9.0 3.0 Truck -1.0 -1.0 -1.0 -1.0 -1.0 -1.0 -1.0 2.952 3.217 7.761 1320.139 2.101 1051.672 1.7771989643334676 1.0
9.0 4.0 Car -1.0 -1.0 -1.0 -1.0 -1.0 -1.0 -1.0 2.086 1.803 4.671 1307.485 2.184 1072.822 -2.274350183798648 0.0
9.0 0.0 Car -1.0 -1.0 -1.0 -1.0 -1.0 -1.0 -1.0 2.353 2.099 5.079 1301.039 1.92 1071.217 -2.317448180529977 0.0
10.0 6.0 Truck -1.0 -1.0 -1.0 -1.0 -1.0 -1.0 -1.0 3.201 2.453 7.312 1276.997 0.847 1023.457 0.9558819246769505 1.0
10.0 3.0 Truck -1.0 -1.0 -1.0 -1.0 -1.0 -1.0 -1.0 2.952 3.217 7.761 1319.975 2.201 1053.067 1.7178577697656603 1.0
10.0 4.0 Car -1.0 -1.0 -1.0 -1.0 -1.0 -1.0 -1.0 2.086 1.803 4.671 1307.278 2.18 1072.561 -2.280167947971962 0.0
10.0 0.0 Car -1.0 -1.0 -1.0 -1.0 -1.0 -1.0 -1.0 2.353 2.099 5.079 1300.316 1.845 1070.454 -2.2825415954900903 0.0
11.0 6.0 Truck -1.0 -1.0 -1.0 -1.0 -1.0 -1.0 -1.0 3.201 2.453 7.312 1277.171 0.847 1023.704 0.9558819246769505 1.0
11.0 3.0 Truck -1.0 -1.0 -1.0 -1.0 -1.0 -1.0 -1.0 2.952 3.217 7.761 1319.882 2.301 1054.914 1.6561894695285273 1.0
11.0 4.0 Car -1.0 -1.0 -1.0 -1.0 -1.0 -1.0 -1.0 2.086 1.803 4.671 1307.278 2.181 1072.56 -2.280167947971962 0.0
11.0 0.0 Car -1.0 -1.0 -1.0 -1.0 -1.0 -1.0 -1.0 2.353 2.099 5.079 1299.62 1.77 1069.666 -2.2476350104502045 0.0
12.0 6.0 Truck -1.0 -1.0 -1.0 -1.0 -1.0 -1.0 -1.0 3.201 2.453 7.312 1277.345 0.847 1023.95 0.9558819246769505 1.0
12.0 3.0 Truck -1.0 -1.0 -1.0 -1.0 -1.0 -1.0 -1.0 2.952 3.217 7.761 1319.903 2.401 1056.764 1.5945211692913945 1.0
12.0 4.0 Car -1.0 -1.0 -1.0 -1.0 -1.0 -1.0 -1.0 2.086 1.803 4.671 1307.278 2.183 1072.558 -2.280167947971962 0.0
12.0 0.0 Car -1.0 -1.0 -1.0 -1.0 -1.0 -1.0 -1.0 2.353 2.099 5.079 1299.402 1.77 1069.393 -2.2476350104502045 0.0
13.0 6.0 Truck -1.0 -1.0 -1.0 -1.0 -1.0 -1.0 -1.0 3.201 2.453 7.312 1277.59 0.847 1024.289 0.9593725831809393 1.0
13.0 3.0 Truck -1.0 -1.0 -1.0 -1.0 -1.0 -1.0 -1.0 2.952 3.217 7.761 1320.041 2.501 1059.089 1.5328528690542613 1.0
13.0 4.0 Car -1.0 -1.0 -1.0 -1.0 -1.0 -1.0 -1.0 2.086 1.803 4.671 1307.278 2.184 1072.557 -2.280167947971962 0.0
13.0 0.0 Car -1.0 -1.0 -1.0 -1.0 -1.0 -1.0 -1.0 2.353 2.099 5.079 1299.436 1.762 1069.452 -2.2503201323763498 0.0
14.0 6.0 Truck -1.0 -1.0 -1.0 -1.0 -1.0 -1.0 -1.0 3.201 2.453 7.312 1277.795 0.847 1024.579 0.962863241684928 1.0
14.0 3.0 Truck -1.0 -1.0 -1.0 -1.0 -1.0 -1.0 -1.0 2.952 3.217 7.761 1320.418 2.601 1061.569 1.424642455430613 1.0
14.0 4.0 Car -1.0 -1.0 -1.0 -1.0 -1.0 -1.0 -1.0 2.086 1.803 4.671 1307.278 2.186 1072.555 -2.280167947971962 0.0
14.0 0.0 Car -1.0 -1.0 -1.0 -1.0 -1.0 -1.0 -1.0 2.353 2.099 5.079 1299.471 1.755 1069.51 -2.2530052543024945 0.0
15.0 1.0 Car -1.0 -1.0 -1.0 -1.0 -1.0 -1.0 -1.0 2.204 1.753 5.056 1289.41 0.735 1041.452 0.7591309584281436 0.0
15.0 6.0 Truck -1.0 -1.0 -1.0 -1.0 -1.0 -1.0 -1.0 3.201 2.453 7.312 1278.0 0.847 1024.869 0.9663539001889165 1.0
15.0 3.0 Truck -1.0 -1.0 -1.0 -1.0 -1.0 -1.0 -1.0 2.952 3.217 7.761 1321.098 2.701 1064.629 1.3513386268468512 1.0
15.0 4.0 Car -1.0 -1.0 -1.0 -1.0 -1.0 -1.0 -1.0 2.086 1.803 4.671 1307.278 2.187 1072.554 -2.280167947971962 0.0
15.0 0.0 Car -1.0 -1.0 -1.0 -1.0 -1.0 -1.0 -1.0 2.353 2.099 5.079 1299.472 1.747 1069.526 -2.2556903762286398 0.0
16.0 1.0 Car -1.0 -1.0 -1.0 -1.0 -1.0 -1.0 -1.0 2.204 1.753 5.056 1291.791 0.835 1043.709 0.7591309584281436 1.0
16.0 6.0 Truck -1.0 -1.0 -1.0 -1.0 -1.0 -1.0 -1.0 3.201 2.453 7.312 1278.705 0.847 1025.95 0.9784548496694105 1.0
16.0 3.0 Truck -1.0 -1.0 -1.0 -1.0 -1.0 -1.0 -1.0 2.952 3.217 7.761 1321.983 2.801 1067.367 1.271053481255112 0.0
16.0 4.0 Car -1.0 -1.0 -1.0 -1.0 -1.0 -1.0 -1.0 2.086 1.803 4.671 1307.278 2.189 1072.552 -2.280167947971962 0.0
16.0 0.0 Car -1.0 -1.0 -1.0 -1.0 -1.0 -1.0 -1.0 2.353 2.099 5.079 1299.474 1.739 1069.542 -2.258375498154785 1.0
17.0 1.0 Car -1.0 -1.0 -1.0 -1.0 -1.0 -1.0 -1.0 2.204 1.753 5.056 1294.654 0.935 1046.42 0.7242243733882568 1.0
17.0 6.0 Truck -1.0 -1.0 -1.0 -1.0 -1.0 -1.0 -1.0 3.201 2.453 7.312 1279.41 0.847 1027.032 0.9905557991499045 1.0
17.0 3.0 Truck -1.0 -1.0 -1.0 -1.0 -1.0 -1.0 -1.0 2.952 3.217 7.761 1323.228 2.951 1070.428 1.190768335663373 0.0
17.0 4.0 Car -1.0 -1.0 -1.0 -1.0 -1.0 -1.0 -1.0 2.086 1.803 4.671 1307.279 2.19 1072.551 -2.280167947971962 0.0
17.0 0.0 Car -1.0 -1.0 -1.0 -1.0 -1.0 -1.0 -1.0 2.353 2.099 5.079 1299.443 1.731 1069.517 -2.2610606200809293 1.0
18.0 1.0 Car -1.0 -1.0 -1.0 -1.0 -1.0 -1.0 -1.0 2.204 1.753 5.056 1297.464 1.035 1049.136 0.7591309584281436 1.0
18.0 6.0 Truck -1.0 -1.0 -1.0 -1.0 -1.0 -1.0 -1.0 3.201 2.453 7.312 1280.114 0.847 1028.114 1.0026567486303986 1.0
18.0 3.0 Truck -1.0 -1.0 -1.0 -1.0 -1.0 -1.0 -1.0 2.952 3.217 7.761 1324.83 3.201 1073.62 1.1104831900716337 0.0
18.0 4.0 Car -1.0 -1.0 -1.0 -1.0 -1.0 -1.0 -1.0 2.086 1.803 4.671 1307.279 2.191 1072.549 -2.280167947971962 0.0
18.0 0.0 Car -1.0 -1.0 -1.0 -1.0 -1.0 -1.0 -1.0 2.353 2.099 5.079 1299.412 1.724 1069.492 -2.2637457420070746 1.0
19.0 1.0 Car -1.0 -1.0 -1.0 -1.0 -1.0 -1.0 -1.0 2.204 1.753 5.056 1300.444 1.135 1052.103 0.7940375434680309 1.0
19.0 6.0 Truck -1.0 -1.0 -1.0 -1.0 -1.0 -1.0 -1.0 3.201 2.453 7.312 1281.183 0.847 1029.855 0.876585798994675 1.0
19.0 3.0 Truck -1.0 -1.0 -1.0 -1.0 -1.0 -1.0 -1.0 2.952 3.217 7.761 1326.78 3.301 1076.821 1.0301980444798944 0.0
19.0 0.0 Car -1.0 -1.0 -1.0 -1.0 -1.0 -1.0 -1.0 2.353 2.099 5.079 1299.38 1.716 1069.467 -2.26643086393322 1.0
20.0 1.0 Car -1.0 -1.0 -1.0 -1.0 -1.0 -1.0 -1.0 2.204 1.753 5.056 1303.492 1.31 1055.302 0.802764189728003 1.0
20.0 6.0 Truck -1.0 -1.0 -1.0 -1.0 -1.0 -1.0 -1.0 3.201 2.453 7.312 1282.462 0.847 1031.448 0.7505148493589512 1.0
20.0 3.0 Truck -1.0 -1.0 -1.0 -1.0 -1.0 -1.0 -1.0 2.952 3.217 7.761 1329.116 3.401 1080.037 0.9499128988881553 0.0
20.0 0.0 Car -1.0 -1.0 -1.0 -1.0 -1.0 -1.0 -1.0 2.353 2.099 5.079 1299.259 1.708 1069.335 -2.2691159858593655 1.0
21.0 1.0 Car -1.0 -1.0 -1.0 -1.0 -1.0 -1.0 -1.0 2.204 1.753 5.056 1306.709 1.585 1058.677 0.8114908359879749 1.0
21.0 6.0 Truck -1.0 -1.0 -1.0 -1.0 -1.0 -1.0 -1.0 3.201 2.453 7.312 1283.931 0.847 1032.868 0.6244438997232274 1.0
21.0 3.0 Truck -1.0 -1.0 -1.0 -1.0 -1.0 -1.0 -1.0 2.952 3.217 7.761 1331.498 3.501 1083.287 0.932459606368212 0.0
21.0 2.0 Car -1.0 -1.0 -1.0 -1.0 -1.0 -1.0 -1.0 1.999 1.717 4.223 1349.663 0.602 1009.213 2.4079784091082326 0.0
21.0 0.0 Car -1.0 -1.0 -1.0 -1.0 -1.0 -1.0 -1.0 2.353 2.099 5.079 1299.308 1.701 1069.402 -2.2718011077855107 1.0
22.0 1.0 Car -1.0 -1.0 -1.0 -1.0 -1.0 -1.0 -1.0 2.204 1.753 5.056 1309.909 1.81 1062.084 0.8114908359879749 1.0
22.0 6.0 Truck -1.0 -1.0 -1.0 -1.0 -1.0 -1.0 -1.0 3.201 2.453 7.312 1285.567 0.847 1034.092 0.49837295008750365 1.0
22.0 3.0 Truck -1.0 -1.0 -1.0 -1.0 -1.0 -1.0 -1.0 2.952 3.217 7.761 1333.88 3.601 1086.537 0.9150063138482687 0.0
22.0 2.0 Car -1.0 -1.0 -1.0 -1.0 -1.0 -1.0 -1.0 1.999 1.717 4.223 1346.523 0.64 1011.995 2.4167050553682046 1.0
22.0 0.0 Car -1.0 -1.0 -1.0 -1.0 -1.0 -1.0 -1.0 2.353 2.099 5.079 1299.356 1.693 1069.47 -2.274486229711656 1.0
23.0 1.0 Car -1.0 -1.0 -1.0 -1.0 -1.0 -1.0 -1.0 2.204 1.753 5.056 1313.108 2.035 1065.492 0.8114908359879749 0.0
23.0 6.0 Truck -1.0 -1.0 -1.0 -1.0 -1.0 -1.0 -1.0 3.201 2.453 7.312 1287.344 0.847 1035.1 0.3723020004517799 1.0
23.0 3.0 Truck -1.0 -1.0 -1.0 -1.0 -1.0 -1.0 -1.0 2.952 3.217 7.761 1336.374 3.651 1089.702 0.8975530213283254 0.0
23.0 2.0 Car -1.0 -1.0 -1.0 -1.0 -1.0 -1.0 -1.0 1.999 1.717 4.223 1343.383 0.677 1014.777 2.425431701628176 1.0
23.0 0.0 Car -1.0 -1.0 -1.0 -1.0 -1.0 -1.0 -1.0 2.353 2.099 5.079 1299.201 1.685 1069.298 -2.2771713516378 1.0
24.0 1.0 Car -1.0 -1.0 -1.0 -1.0 -1.0 -1.0 -1.0 2.204 1.753 5.056 1316.307 2.26 1068.9 0.8114908359879749 0.0
24.0 6.0 Truck -1.0 -1.0 -1.0 -1.0 -1.0 -1.0 -1.0 3.201 2.453 7.312 1289.234 0.847 1035.877 0.24623105081605615 1.0
24.0 3.0 Truck -1.0 -1.0 -1.0 -1.0 -1.0 -1.0 -1.0 2.952 3.217 7.761 1338.868 3.751 1092.867 0.880099728808382 0.0
24.0 5.0 Car -1.0 -1.0 -1.0 -1.0 -1.0 -1.0 -1.0 2.994 3.328 6.614 1277.112 0.591 1022.945 0.8749859139790472 0.0
24.0 2.0 Car -1.0 -1.0 -1.0 -1.0 -1.0 -1.0 -1.0 1.999 1.717 4.223 1340.573 0.715 1017.252 2.429795024758162 1.0
24.0 0.0 Car -1.0 -1.0 -1.0 -1.0 -1.0 -1.0 -1.0 2.353 2.099 5.079 1299.045 1.678 1069.126 -2.279856473563945 1.0
25.0 1.0 Car -1.0 -1.0 -1.0 -1.0 -1.0 -1.0 -1.0 2.204 1.753 5.056 1319.468 2.435 1072.343 0.8289441285079182 0.0
25.0 6.0 Truck -1.0 -1.0 -1.0 -1.0 -1.0 -1.0 -1.0 3.201 2.453 7.312 1291.206 0.847 1036.411 0.1201601011803324 1.0
25.0 3.0 Truck -1.0 -1.0 -1.0 -1.0 -1.0 -1.0 -1.0 2.952 3.217 7.761 1341.711 3.801 1096.351 0.8626464362884387 0.0
25.0 5.0 Car -1.0 -1.0 -1.0 -1.0 -1.0 -1.0 -1.0 2.994 3.328 6.614 1278.216 0.579 1024.255 0.8837125602390188 1.0
25.0 2.0 Car -1.0 -1.0 -1.0 -1.0 -1.0 -1.0 -1.0 1.999 1.717 4.223 1338.29 0.752 1019.271 2.4341583478881477 1.0
25.0 0.0 Car -1.0 -1.0 -1.0 -1.0 -1.0 -1.0 -1.0 2.353 2.099 5.079 1298.708 1.67 1068.743 -2.2825415954900903 1.0
26.0 1.0 Car -1.0 -1.0 -1.0 -1.0 -1.0 -1.0 -1.0 2.204 1.753 5.056 1322.63 2.61 1075.787 0.8463974210278615 0.0
26.0 6.0 Truck -1.0 -1.0 -1.0 -1.0 -1.0 -1.0 -1.0 3.201 2.453 7.312 1293.23 0.847 1036.692 -0.00591084845539136 1.0
26.0 3.0 Truck -1.0 -1.0 -1.0 -1.0 -1.0 -1.0 -1.0 2.952 3.217 7.761 1344.678 3.851 1099.933 0.8626464362884387 0.0
26.0 5.0 Car -1.0 -1.0 -1.0 -1.0 -1.0 -1.0 -1.0 2.994 3.328 6.614 1279.321 0.566 1025.565 0.8749859139790472 1.0
26.0 2.0 Car -1.0 -1.0 -1.0 -1.0 -1.0 -1.0 -1.0 1.999 1.717 4.223 1336.007 0.79 1021.29 2.438521671018133 1.0
26.0 0.0 Car -1.0 -1.0 -1.0 -1.0 -1.0 -1.0 -1.0 2.353 2.099 5.079 1298.29 1.77 1068.403 -2.357341420575562 1.0
27.0 1.0 Car -1.0 -1.0 -1.0 -1.0 -1.0 -1.0 -1.0 2.204 1.753 5.056 1325.689 2.735 1079.325 0.8638507135478048 0.0
27.0 6.0 Truck -1.0 -1.0 -1.0 -1.0 -1.0 -1.0 -1.0 3.201 2.453 7.312 1295.273 0.847 1036.716 -0.1319817980911151 1.0
27.0 3.0 Truck -1.0 -1.0 -1.0 -1.0 -1.0 -1.0 -1.0 2.952 3.217 7.761 1347.646 3.901 1103.515 0.8626464362884387 0.0
27.0 5.0 Car -1.0 -1.0 -1.0 -1.0 -1.0 -1.0 -1.0 2.994 3.328 6.614 1279.681 0.554 1026.014 0.8749859139790472 1.0
27.0 2.0 Car -1.0 -1.0 -1.0 -1.0 -1.0 -1.0 -1.0 1.999 1.717 4.223 1333.724 0.827 1023.309 2.442884994148119 1.0
27.0 0.0 Car -1.0 -1.0 -1.0 -1.0 -1.0 -1.0 -1.0 2.353 2.099 5.079 1297.829 1.72 1067.945 -2.41468795314109 1.0
28.0 1.0 Car -1.0 -1.0 -1.0 -1.0 -1.0 -1.0 -1.0 2.204 1.753 5.056 1328.517 2.86 1082.508 0.8114908359879749 0.0
28.0 6.0 Truck -1.0 -1.0 -1.0 -1.0 -1.0 -1.0 -1.0 3.201 2.453 7.312 1297.302 0.847 1036.483 -0.25805274772683884 0.0
28.0 5.0 Car -1.0 -1.0 -1.0 -1.0 -1.0 -1.0 -1.0 2.994 3.328 6.614 1281.173 0.591 1027.89 0.8575326214591038 0.0
28.0 2.0 Car -1.0 -1.0 -1.0 -1.0 -1.0 -1.0 -1.0 1.999 1.717 4.223 1332.871 0.852 1024.026 2.442884994148119 0.0
28.0 0.0 Car -1.0 -1.0 -1.0 -1.0 -1.0 -1.0 -1.0 2.353 2.099 5.079 1296.9 1.67 1067.17 -2.4580718516906637 0.0
29.0 1.0 Car -1.0 -1.0 -1.0 -1.0 -1.0 -1.0 -1.0 2.204 1.753 5.056 1331.106 2.935 1085.439 0.8463974210278615 0.0
29.0 6.0 Truck -1.0 -1.0 -1.0 -1.0 -1.0 -1.0 -1.0 3.201 2.453 7.312 1299.287 0.847 1035.997 -0.38412369736256263 0.0
29.0 5.0 Car -1.0 -1.0 -1.0 -1.0 -1.0 -1.0 -1.0 2.994 3.328 6.614 1282.355 0.629 1029.193 0.8575326214591038 0.0
29.0 2.0 Car -1.0 -1.0 -1.0 -1.0 -1.0 -1.0 -1.0 1.999 1.717 4.223 1332.018 0.877 1024.742 2.442884994148119 0.0
29.0 0.0 Car -1.0 -1.0 -1.0 -1.0 -1.0 -1.0 -1.0 2.353 2.099 5.079 1295.844 1.62 1066.503 -2.5450889815400948 0.0
30.0 1.0 Car -1.0 -1.0 -1.0 -1.0 -1.0 -1.0 -1.0 2.204 1.753 5.056 1333.695 3.01 1088.37 0.8114908359879749 0.0
30.0 6.0 Truck -1.0 -1.0 -1.0 -1.0 -1.0 -1.0 -1.0 3.201 2.453 7.312 1301.194 0.847 1035.265 -0.5101946469982863 0.0
30.0 5.0 Car -1.0 -1.0 -1.0 -1.0 -1.0 -1.0 -1.0 2.994 3.328 6.614 1282.643 0.666 1029.464 0.8575326214591038 0.0
30.0 2.0 Car -1.0 -1.0 -1.0 -1.0 -1.0 -1.0 -1.0 1.999 1.717 4.223 1330.943 0.877 1025.646 2.442884994148119 0.0
30.0 0.0 Car -1.0 -1.0 -1.0 -1.0 -1.0 -1.0 -1.0 2.353 2.099 5.079 1294.548 1.47 1065.765 -2.6321061113895263 0.0
31.0 1.0 Car -1.0 -1.0 -1.0 -1.0 -1.0 -1.0 -1.0 2.204 1.753 5.056 1335.785 3.035 1090.591 0.8173086001612894 0.0
31.0 6.0 Truck -1.0 -1.0 -1.0 -1.0 -1.0 -1.0 -1.0 3.201 2.453 7.312 1303.275 0.847 1034.028 -0.5276479395182294 0.0
31.0 5.0 Car -1.0 -1.0 -1.0 -1.0 -1.0 -1.0 -1.0 2.994 3.328 6.614 1285.04 0.804 1032.127 0.8182627132892313 0.0
31.0 2.0 Car -1.0 -1.0 -1.0 -1.0 -1.0 -1.0 -1.0 1.999 1.717 4.223 1330.402 0.877 1026.101 2.442884994148119 0.0
31.0 0.0 Car -1.0 -1.0 -1.0 -1.0 -1.0 -1.0 -1.0 2.353 2.099 5.079 1293.024 1.52 1065.13 -2.7191232412389574 0.0
32.0 1.0 Car -1.0 -1.0 -1.0 -1.0 -1.0 -1.0 -1.0 2.204 1.753 5.056 1338.301 3.06 1093.367 0.823126364334604 0.0
32.0 6.0 Truck -1.0 -1.0 -1.0 -1.0 -1.0 -1.0 -1.0 3.201 2.453 7.312 1305.747 0.847 1032.562 -0.5451012320381725 0.0
32.0 5.0 Car -1.0 -1.0 -1.0 -1.0 -1.0 -1.0 -1.0 2.994 3.328 6.614 1287.55 0.941 1034.682 0.8022638618126166 0.0
32.0 2.0 Car -1.0 -1.0 -1.0 -1.0 -1.0 -1.0 -1.0 1.999 1.717 4.223 1329.86 0.877 1026.555 2.442884994148119 0.0
32.0 0.0 Car -1.0 -1.0 -1.0 -1.0 -1.0 -1.0 -1.0 2.353 2.099 5.079 1291.27 1.47 1064.521 -2.8061403710883885 0.0
33.0 1.0 Car -1.0 -1.0 -1.0 -1.0 -1.0 -1.0 -1.0 2.204 1.753 5.056 1341.133 3.085 1096.513 0.8289441285079182 0.0
33.0 6.0 Truck -1.0 -1.0 -1.0 -1.0 -1.0 -1.0 -1.0 3.201 2.453 7.312 1309.036 0.847 1030.6 -0.6323676946378881 0.0
33.0 5.0 Car -1.0 -1.0 -1.0 -1.0 -1.0 -1.0 -1.0 2.994 3.328 6.614 1290.061 1.079 1037.238 0.7862650103360018 0.0
33.0 2.0 Car -1.0 -1.0 -1.0 -1.0 -1.0 -1.0 -1.0 1.999 1.717 4.223 1329.319 0.877 1027.01 2.442884994148119 0.0
33.0 0.0 Car -1.0 -1.0 -1.0 -1.0 -1.0 -1.0 -1.0 2.353 2.099 5.079 1289.171 1.47 1064.116 -2.9108601262080485 0.0
34.0 1.0 Car -1.0 -1.0 -1.0 -1.0 -1.0 -1.0 -1.0 2.204 1.753 5.056 1344.293 3.06 1100.021 0.8289441285079182 0.0
34.0 6.0 Truck -1.0 -1.0 -1.0 -1.0 -1.0 -1.0 -1.0 3.201 2.453 7.312 1311.668 0.847 1028.915 -0.6672742796777742 0.0
34.0 5.0 Car -1.0 -1.0 -1.0 -1.0 -1.0 -1.0 -1.0 2.994 3.328 6.614 1292.571 1.216 1039.794 0.7702661588593872 0.0
34.0 2.0 Car -1.0 -1.0 -1.0 -1.0 -1.0 -1.0 -1.0 1.999 1.717 4.223 1328.777 0.877 1027.465 2.442884994148119 0.0
34.0 0.0 Car -1.0 -1.0 -1.0 -1.0 -1.0 -1.0 -1.0 2.353 2.099 5.079 1286.978 1.32 1063.983 -3.050486466367595 0.0
35.0 6.0 Truck -1.0 -1.0 -1.0 -1.0 -1.0 -1.0 -1.0 3.201 2.453 7.312 1314.838 0.847 1026.355 -0.6847275721977173 0.0
35.0 5.0 Car -1.0 -1.0 -1.0 -1.0 -1.0 -1.0 -1.0 2.994 3.328 6.614 1295.262 1.266 1042.321 0.7702661588593872 0.0
35.0 2.0 Car -1.0 -1.0 -1.0 -1.0 -1.0 -1.0 -1.0 1.999 1.717 4.223 1328.236 0.877 1027.92 2.442884994148119 0.0
35.0 0.0 Car -1.0 -1.0 -1.0 -1.0 -1.0 -1.0 -1.0 2.353 2.099 5.079 1284.434 1.27 1064.063 3.093072500652445 0.0
36.0 6.0 Truck -1.0 -1.0 -1.0 -1.0 -1.0 -1.0 -1.0 3.201 2.453 7.312 1317.774 0.847 1023.986 -0.6847275721977173 0.0
36.0 5.0 Car -1.0 -1.0 -1.0 -1.0 -1.0 -1.0 -1.0 2.994 3.328 6.614 1297.66 1.616 1044.562 0.7877194513793306 0.0
36.0 2.0 Car -1.0 -1.0 -1.0 -1.0 -1.0 -1.0 -1.0 1.999 1.717 4.223 1328.236 0.877 1027.92 2.442884994148119 0.0
36.0 0.0 Car -1.0 -1.0 -1.0 -1.0 -1.0 -1.0 -1.0 2.353 2.099 5.079 1281.954 1.32 1064.627 2.9534461604928985 0.0
37.0 6.0 Truck -1.0 -1.0 -1.0 -1.0 -1.0 -1.0 -1.0 3.201 2.453 7.312 1321.517 0.813 1020.69 -0.7021808647176604 0.0
37.0 5.0 Car -1.0 -1.0 -1.0 -1.0 -1.0 -1.0 -1.0 2.994 3.328 6.614 1300.767 1.566 1047.7 0.7964460976393021 0.0
37.0 2.0 Car -1.0 -1.0 -1.0 -1.0 -1.0 -1.0 -1.0 1.999 1.717 4.223 1328.236 0.877 1027.92 2.442884994148119 0.0
37.0 0.0 Car -1.0 -1.0 -1.0 -1.0 -1.0 -1.0 -1.0 2.353 2.099 5.079 1279.573 1.295 1065.302 2.8472719643299103 0.0
38.0 6.0 Truck -1.0 -1.0 -1.0 -1.0 -1.0 -1.0 -1.0 3.201 2.453 7.312 1324.894 0.78 1017.738 -0.7196341572376035 0.0
38.0 5.0 Car -1.0 -1.0 -1.0 -1.0 -1.0 -1.0 -1.0 2.994 3.328 6.614 1303.641 1.916 1050.432 0.8051727438992737 0.0
38.0 2.0 Car -1.0 -1.0 -1.0 -1.0 -1.0 -1.0 -1.0 1.999 1.717 4.223 1328.236 0.877 1027.92 2.442884994148119 0.0
38.0 0.0 Car -1.0 -1.0 -1.0 -1.0 -1.0 -1.0 -1.0 2.353 2.099 5.079 1277.277 1.27 1066.226 2.741097768166922 0.0
39.0 6.0 Truck -1.0 -1.0 -1.0 -1.0 -1.0 -1.0 -1.0 3.201 2.453 7.312 1329.543 0.747 1013.568 -0.7370874497575466 0.0
39.0 5.0 Car -1.0 -1.0 -1.0 -1.0 -1.0 -1.0 -1.0 2.994 3.328 6.614 1306.53 2.016 1053.457 0.8226260364192172 0.0
39.0 2.0 Car -1.0 -1.0 -1.0 -1.0 -1.0 -1.0 -1.0 1.999 1.717 4.223 1328.236 0.877 1027.92 2.442884994148119 0.0
39.0 0.0 Car -1.0 -1.0 -1.0 -1.0 -1.0 -1.0 -1.0 2.353 2.099 5.079 1275.091 1.245 1067.387 2.6349235720039337 0.0
