0.0 2.0 Car -1.0 -1.0 -1.0 -1.0 -1.0 -1.0 -1.0 1.816 1.507 4.324 1780.812 1.163 1505.146 -0.7894822338461868 0.0
0.0 6.0 Car -1.0 -1.0 -1.0 -1.0 -1.0 -1.0 -1.0 1.918 1.614 4.631 1769.305 1.799 1518.977 -0.732654313399181 0.0
0.0 4.0 Car -1.0 -1.0 -1.0 -1.0 -1.0 -1.0 -1.0 1.922 1.639 3.923 1785.635 1.147 1505.642 -0.6475520590772037 0.0
0.0 0.0 Car -1.0 -1.0 -1.0 -1.0 -1.0 -1.0 -1.0 1.719 1.485 4.135 1804.246 0.753 1496.401 0.19708257913527324 0.0
1.0 2.0 Car -1.0 -1.0 -1.0 -1.0 -1.0 -1.0 -1.0 1.816 1.507 4.324 1783.553 1.053 1502.697 -0.7196690637664145 1.0
1.0 6.0 Car -1.0 -1.0 -1.0 -1.0 -1.0 -1.0 -1.0 1.918 1.614 4.631 1771.448 1.725 1517.012 -0.6977477283592948 1.0
1.0 4.0 Car -1.0 -1.0 -1.0 -1.0 -1.0 -1.0 -1.0 1.922 1.639 3.923 1786.919 1.076 1504.675 -0.6451279906716554 1.0
1.0 0.0 Car -1.0 -1.0 -1.0 -1.0 -1.0 -1.0 -1.0 1.719 1.485 4.135 1807.354 0.803 1497.753 0.4239753818945365 1.0
2.0 2.0 Car -1.0 -1.0 -1.0 -1.0 -1.0 -1.0 -1.0 1.816 1.507 4.324 1786.542 1.003 1500.439 -0.6673091862065852 1.0
2.0 3.0 Car -1.0 -1.0 -1.0 -1.0 -1.0 -1.0 -1.0 1.873 1.578 4.365 1834.076 1.456 1509.327 -2.3835263462762333 0.0
2.0 6.0 Car -1.0 -1.0 -1.0 -1.0 -1.0 -1.0 -1.0 1.918 1.614 4.631 1773.942 1.7 1514.962 -0.6628411433194085 1.0
2.0 4.0 Car -1.0 -1.0 -1.0 -1.0 -1.0 -1.0 -1.0 1.922 1.639 3.923 1788.446 1.056 1503.64 -0.6077973372262209 1.0
2.0 0.0 Car -1.0 -1.0 -1.0 -1.0 -1.0 -1.0 -1.0 1.719 1.485 4.135 1810.582 0.903 1499.677 0.5985083070939696 1.0
3.0 2.0 Car -1.0 -1.0 -1.0 -1.0 -1.0 -1.0 -1.0 1.816 1.507 4.324 1789.574 0.928 1498.512 -0.4927762610071542 1.0
3.0 3.0 Car -1.0 -1.0 -1.0 -1.0 -1.0 -1.0 -1.0 1.873 1.578 4.365 1832.079 1.437 1507.767 -2.3835263462762333 1.0
3.0 6.0 Car -1.0 -1.0 -1.0 -1.0 -1.0 -1.0 -1.0 1.918 1.614 4.631 1776.624 1.676 1512.683 -0.6279345582795223 1.0
3.0 4.0 Car -1.0 -1.0 -1.0 -1.0 -1.0 -1.0 -1.0 1.922 1.639 3.923 1790.082 1.085 1502.58 -0.5704666837807864 1.0
3.0 0.0 Car -1.0 -1.0 -1.0 -1.0 -1.0 -1.0 -1.0 1.719 1.485 4.135 1813.693 1.035 1502.03 0.7032280622136294 1.0
4.0 2.0 Car -1.0 -1.0 -1.0 -1.0 -1.0 -1.0 -1.0 1.816 1.507 4.324 1792.698 0.853 1496.905 -0.4404163834473249 1.0
4.0 3.0 Car -1.0 -1.0 -1.0 -1.0 -1.0 -1.0 -1.0 1.873 1.578 4.365 1830.516 1.619 1506.577 -2.3835263462762333 1.0
4.0 6.0 Car -1.0 -1.0 -1.0 -1.0 -1.0 -1.0 -1.0 1.918 1.614 4.631 1778.828 1.588 1510.415 -0.5581213881997501 1.0
4.0 4.0 Car -1.0 -1.0 -1.0 -1.0 -1.0 -1.0 -1.0 1.922 1.639 3.923 1792.052 1.164 1501.554 -0.4807761527755226 1.0
4.0 0.0 Car -1.0 -1.0 -1.0 -1.0 -1.0 -1.0 -1.0 1.719 1.485 4.135 1816.661 1.267 1504.819 0.6683214771737429 1.0
5.0 2.0 Car -1.0 -1.0 -1.0 -1.0 -1.0 -1.0 -1.0 1.816 1.507 4.324 1796.127 0.927 1495.933 -0.28333675076783504 1.0
5.0 3.0 Car -1.0 -1.0 -1.0 -1.0 -1.0 -1.0 -1.0 1.873 1.578 4.365 1828.954 1.294 1505.388 -2.3835263462762333 1.0
5.0 6.0 Car -1.0 -1.0 -1.0 -1.0 -1.0 -1.0 -1.0 1.918 1.614 4.631 1781.892 1.788 1508.343 -0.5930279732396362 1.0
5.0 4.0 Car -1.0 -1.0 -1.0 -1.0 -1.0 -1.0 -1.0 1.922 1.639 3.923 1794.335 1.263 1500.655 -0.34308906734041394 1.0
5.0 0.0 Car -1.0 -1.0 -1.0 -1.0 -1.0 -1.0 -1.0 1.719 1.485 4.135 1819.74 1.199 1507.787 0.7381346472535162 1.0
6.0 2.0 Car -1.0 -1.0 -1.0 -1.0 -1.0 -1.0 -1.0 1.816 1.507 4.324 1799.406 0.902 1495.579 -0.05644394800857188 1.0
6.0 3.0 Car -1.0 -1.0 -1.0 -1.0 -1.0 -1.0 -1.0 1.873 1.578 4.365 1827.916 1.067 1504.471 -2.3835263462762333 1.0
6.0 6.0 Car -1.0 -1.0 -1.0 -1.0 -1.0 -1.0 -1.0 1.918 1.614 4.631 1784.556 1.788 1506.183 -0.5581213881997501 1.0
6.0 4.0 Car -1.0 -1.0 -1.0 -1.0 -1.0 -1.0 -1.0 1.922 1.639 3.923 1796.663 1.237 1500.147 -0.18794868938536258 1.0
6.0 0.0 Car -1.0 -1.0 -1.0 -1.0 -1.0 -1.0 -1.0 1.719 1.485 4.135 1823.083 1.081 1510.802 0.7555879397734595 1.0
7.0 2.0 Car -1.0 -1.0 -1.0 -1.0 -1.0 -1.0 -1.0 1.816 1.507 4.324 1802.809 0.876 1495.921 0.11808897719086132 1.0
7.0 3.0 Car -1.0 -1.0 -1.0 -1.0 -1.0 -1.0 -1.0 1.873 1.578 4.365 1826.834 0.999 1503.513 -2.3835263462762333 1.0
7.0 6.0 Car -1.0 -1.0 -1.0 -1.0 -1.0 -1.0 -1.0 1.918 1.614 4.631 1787.269 1.538 1504.065 -0.48830821811997766 1.0
7.0 4.0 Car -1.0 -1.0 -1.0 -1.0 -1.0 -1.0 -1.0 1.922 1.639 3.923 1799.105 1.135 1499.859 -0.032808311430311266 1.0
7.0 0.0 Car -1.0 -1.0 -1.0 -1.0 -1.0 -1.0 -1.0 1.719 1.485 4.135 1826.456 1.063 1514.075 0.7555879397734595 1.0
8.0 2.0 Car -1.0 -1.0 -1.0 -1.0 -1.0 -1.0 -1.0 1.816 1.507 4.324 1805.937 0.834 1496.889 0.34498177995012447 1.0
8.0 3.0 Car -1.0 -1.0 -1.0 -1.0 -1.0 -1.0 -1.0 1.873 1.578 4.365 1825.974 0.955 1502.764 -2.3835263462762333 0.0
8.0 6.0 Car -1.0 -1.0 -1.0 -1.0 -1.0 -1.0 -1.0 1.918 1.614 4.631 1789.847 1.405 1502.163 -0.418495048040205 1.0
8.0 4.0 Car -1.0 -1.0 -1.0 -1.0 -1.0 -1.0 -1.0 1.922 1.639 3.923 1801.922 0.998 1500.067 0.11360542026476826 1.0
8.0 0.0 Car -1.0 -1.0 -1.0 -1.0 -1.0 -1.0 -1.0 1.719 1.485 4.135 1829.771 1.045 1517.41 0.7555879397734595 0.0
9.0 2.0 Car -1.0 -1.0 -1.0 -1.0 -1.0 -1.0 -1.0 1.816 1.507 4.324 1809.101 0.791 1498.5 0.48460812010967097 1.0
9.0 3.0 Car -1.0 -1.0 -1.0 -1.0 -1.0 -1.0 -1.0 1.873 1.578 4.365 1825.431 0.911 1502.158 -2.3835263462762333 0.0
9.0 6.0 Car -1.0 -1.0 -1.0 -1.0 -1.0 -1.0 -1.0 1.918 1.614 4.631 1792.607 1.279 1500.561 -0.3486818779604317 1.0
9.0 4.0 Car -1.0 -1.0 -1.0 -1.0 -1.0 -1.0 -1.0 1.922 1.639 3.923 1804.823 0.96 1500.757 0.27747244447979136 1.0
9.0 0.0 Car -1.0 -1.0 -1.0 -1.0 -1.0 -1.0 -1.0 1.719 1.485 4.135 1833.535 0.877 1520.974 0.7555879397734595 0.0
10.0 2.0 Car -1.0 -1.0 -1.0 -1.0 -1.0 -1.0 -1.0 1.816 1.507 4.324 1812.27 0.801 1500.724 0.6416877527891609 1.0
10.0 3.0 Car -1.0 -1.0 -1.0 -1.0 -1.0 -1.0 -1.0 1.873 1.578 4.365 1824.906 0.866 1501.567 -2.3835263462762333 0.0
10.0 6.0 Car -1.0 -1.0 -1.0 -1.0 -1.0 -1.0 -1.0 1.918 1.614 4.631 1795.676 1.12 1499.555 -0.15669566024105497 1.0
10.0 4.0 Car -1.0 -1.0 -1.0 -1.0 -1.0 -1.0 -1.0 1.922 1.639 3.923 1807.574 0.849 1501.97 0.453750698931219 1.0
10.0 0.0 Car -1.0 -1.0 -1.0 -1.0 -1.0 -1.0 -1.0 1.719 1.485 4.135 1837.24 0.709 1524.593 0.7730412322934028 0.0
11.0 2.0 Car -1.0 -1.0 -1.0 -1.0 -1.0 -1.0 -1.0 1.816 1.507 4.324 1814.795 0.81 1502.746 0.6765943378290475 1.0
11.0 3.0 Car -1.0 -1.0 -1.0 -1.0 -1.0 -1.0 -1.0 1.873 1.578 4.365 1824.489 0.872 1501.079 -2.3835263462762333 0.0
11.0 6.0 Car -1.0 -1.0 -1.0 -1.0 -1.0 -1.0 -1.0 1.918 1.614 4.631 1798.373 1.057 1499.115 -0.017069320081508632 1.0
11.0 4.0 Car -1.0 -1.0 -1.0 -1.0 -1.0 -1.0 -1.0 1.922 1.639 3.923 1809.557 0.848 1503.281 0.5951223683427598 1.0
11.0 0.0 Car -1.0 -1.0 -1.0 -1.0 -1.0 -1.0 -1.0 1.719 1.485 4.135 1840.171 0.491 1527.417 0.7730412322934028 0.0
12.0 2.0 Car -1.0 -1.0 -1.0 -1.0 -1.0 -1.0 -1.0 1.816 1.507 4.324 1818.057 0.77 1505.601 0.7115009228689342 1.0
12.0 3.0 Car -1.0 -1.0 -1.0 -1.0 -1.0 -1.0 -1.0 1.873 1.578 4.365 1824.129 0.92 1500.707 -2.3835263462762333 0.0
12.0 6.0 Car -1.0 -1.0 -1.0 -1.0 -1.0 -1.0 -1.0 1.918 1.614 4.631 1801.419 0.918 1498.797 0.1051037275580946 1.0
12.0 4.0 Car -1.0 -1.0 -1.0 -1.0 -1.0 -1.0 -1.0 1.922 1.639 3.923 1811.817 0.875 1505.168 0.5794144050748109 1.0
12.0 0.0 Car -1.0 -1.0 -1.0 -1.0 -1.0 -1.0 -1.0 1.719 1.485 4.135 1843.998 0.223 1531.155 0.7730412322934028 0.0
13.0 2.0 Car -1.0 -1.0 -1.0 -1.0 -1.0 -1.0 -1.0 1.816 1.507 4.324 1821.49 0.813 1508.688 0.7289542153888775 1.0
13.0 3.0 Car -1.0 -1.0 -1.0 -1.0 -1.0 -1.0 -1.0 1.873 1.578 4.365 1824.074 0.884 1500.624 -2.3835263462762333 0.0
13.0 6.0 Car -1.0 -1.0 -1.0 -1.0 -1.0 -1.0 -1.0 1.918 1.614 4.631 1804.355 0.9 1499.592 0.23774875070966364 1.0
13.0 4.0 Car -1.0 -1.0 -1.0 -1.0 -1.0 -1.0 -1.0 1.922 1.639 3.923 1814.148 0.877 1507.134 0.6335196118866351 1.0
13.0 0.0 Car -1.0 -1.0 -1.0 -1.0 -1.0 -1.0 -1.0 1.719 1.485 4.135 1848.352 -0.045 1535.411 0.8079478173332896 0.0
14.0 2.0 Car -1.0 -1.0 -1.0 -1.0 -1.0 -1.0 -1.0 1.816 1.507 4.324 1825.005 0.805 1511.956 0.7638608004287641 1.0
14.0 3.0 Car -1.0 -1.0 -1.0 -1.0 -1.0 -1.0 -1.0 1.873 1.578 4.365 1823.943 0.883 1500.5 -2.3835263462762333 0.0
14.0 6.0 Car -1.0 -1.0 -1.0 -1.0 -1.0 -1.0 -1.0 1.918 1.614 4.631 1807.161 0.882 1500.768 0.3703937738612326 1.0
14.0 4.0 Car -1.0 -1.0 -1.0 -1.0 -1.0 -1.0 -1.0 1.922 1.639 3.923 1816.345 0.829 1509.033 0.6876248186984595 1.0
14.0 0.0 Car -1.0 -1.0 -1.0 -1.0 -1.0 -1.0 -1.0 1.719 1.485 4.135 1852.407 -0.313 1539.52 0.7904945248133461 0.0
15.0 2.0 Car -1.0 -1.0 -1.0 -1.0 -1.0 -1.0 -1.0 1.816 1.507 4.324 1828.493 0.798 1515.324 0.7638608004287641 1.0
15.0 3.0 Car -1.0 -1.0 -1.0 -1.0 -1.0 -1.0 -1.0 1.873 1.578 4.365 1823.923 0.834 1500.522 -2.3835263462762333 0.0
15.0 6.0 Car -1.0 -1.0 -1.0 -1.0 -1.0 -1.0 -1.0 1.918 1.614 4.631 1809.787 0.864 1502.305 0.5030387970128016 1.0
15.0 4.0 Car -1.0 -1.0 -1.0 -1.0 -1.0 -1.0 -1.0 1.922 1.639 3.923 1818.454 0.842 1510.93 0.7138047574783745 1.0
15.0 0.0 Car -1.0 -1.0 -1.0 -1.0 -1.0 -1.0 -1.0 1.719 1.485 4.135 1856.75 -0.497 1543.757 0.7846767606400317 0.0
16.0 2.0 Car -1.0 -1.0 -1.0 -1.0 -1.0 -1.0 -1.0 1.816 1.507 4.324 1832.068 0.741 1518.859 0.7987673854686508 1.0
16.0 3.0 Car -1.0 -1.0 -1.0 -1.0 -1.0 -1.0 -1.0 1.873 1.578 4.365 1823.628 0.834 1500.243 -2.3835263462762333 0.0
16.0 6.0 Car -1.0 -1.0 -1.0 -1.0 -1.0 -1.0 -1.0 1.918 1.614 4.631 1812.186 0.846 1504.176 0.6356838201643707 1.0
16.0 4.0 Car -1.0 -1.0 -1.0 -1.0 -1.0 -1.0 -1.0 1.922 1.639 3.923 1820.331 0.856 1512.72 0.7399846962582894 1.0
16.0 0.0 Car -1.0 -1.0 -1.0 -1.0 -1.0 -1.0 -1.0 1.719 1.485 4.135 1861.093 -0.682 1547.995 0.7788589964667172 0.0
17.0 2.0 Car -1.0 -1.0 -1.0 -1.0 -1.0 -1.0 -1.0 1.816 1.507 4.324 1835.56 0.633 1522.351 0.7987673854686508 1.0
17.0 3.0 Car -1.0 -1.0 -1.0 -1.0 -1.0 -1.0 -1.0 1.873 1.578 4.365 1823.421 0.834 1500.047 -2.3835263462762333 0.0
17.0 6.0 Car -1.0 -1.0 -1.0 -1.0 -1.0 -1.0 -1.0 1.918 1.614 4.631 1814.317 0.827 1506.348 0.76832884331594 1.0
17.0 4.0 Car -1.0 -1.0 -1.0 -1.0 -1.0 -1.0 -1.0 1.922 1.639 3.923 1822.066 0.87 1514.579 0.7836179275581477 1.0
17.0 0.0 Car -1.0 -1.0 -1.0 -1.0 -1.0 -1.0 -1.0 1.719 1.485 4.135 1865.436 -0.867 1552.233 0.7730412322934028 0.0
18.0 2.0 Car -1.0 -1.0 -1.0 -1.0 -1.0 -1.0 -1.0 1.816 1.507 4.324 1838.767 0.526 1525.426 0.8336739705085373 0.0
18.0 3.0 Car -1.0 -1.0 -1.0 -1.0 -1.0 -1.0 -1.0 1.873 1.578 4.365 1823.15 0.834 1499.831 -2.3835263462762333 0.0
18.0 6.0 Car -1.0 -1.0 -1.0 -1.0 -1.0 -1.0 -1.0 1.918 1.614 4.631 1816.338 0.92 1508.327 0.76832884331594 0.0
18.0 4.0 Car -1.0 -1.0 -1.0 -1.0 -1.0 -1.0 -1.0 1.922 1.639 3.923 1823.595 0.934 1516.152 0.801071220078091 0.0
18.0 0.0 Car -1.0 -1.0 -1.0 -1.0 -1.0 -1.0 -1.0 1.719 1.485 4.135 1870.119 -1.135 1556.801 0.7730412322934028 0.0
19.0 2.0 Car -1.0 -1.0 -1.0 -1.0 -1.0 -1.0 -1.0 1.816 1.507 4.324 1841.964 0.435 1528.642 0.8162206779885941 0.0
19.0 1.0 Bus -1.0 -1.0 -1.0 -1.0 -1.0 -1.0 -1.0 3.115 3.063 12.57 1881.275 -0.135 1534.367 2.341638444199107 0.0
19.0 3.0 Car -1.0 -1.0 -1.0 -1.0 -1.0 -1.0 -1.0 1.873 1.578 4.365 1823.271 0.984 1499.987 -2.3835263462762333 0.0
19.0 6.0 Car -1.0 -1.0 -1.0 -1.0 -1.0 -1.0 -1.0 1.918 1.614 4.631 1817.957 0.94 1510.012 0.7508755507959965 0.0
19.0 4.0 Car -1.0 -1.0 -1.0 -1.0 -1.0 -1.0 -1.0 1.922 1.639 3.923 1825.103 0.947 1517.742 0.801071220078091 0.0
19.0 0.0 Car -1.0 -1.0 -1.0 -1.0 -1.0 -1.0 -1.0 1.719 1.485 4.135 1874.801 -1.403 1561.37 0.7730412322934028 0.0
20.0 2.0 Car -1.0 -1.0 -1.0 -1.0 -1.0 -1.0 -1.0 1.816 1.507 4.324 1845.271 0.32 1531.835 0.790040739208679 1.0
20.0 1.0 Bus -1.0 -1.0 -1.0 -1.0 -1.0 -1.0 -1.0 3.115 3.063 12.57 1881.281 -0.041 1534.41 2.3486197612070843 0.0
20.0 6.0 Car -1.0 -1.0 -1.0 -1.0 -1.0 -1.0 -1.0 1.918 1.614 4.631 1819.662 1.026 1511.586 0.7334222582760532 1.0
20.0 4.0 Car -1.0 -1.0 -1.0 -1.0 -1.0 -1.0 -1.0 1.922 1.639 3.923 1827.444 1.111 1519.943 0.7574379887782325 1.0
21.0 2.0 Car -1.0 -1.0 -1.0 -1.0 -1.0 -1.0 -1.0 1.816 1.507 4.324 1847.937 0.33 1534.526 0.7813140929487076 1.0
21.0 1.0 Bus -1.0 -1.0 -1.0 -1.0 -1.0 -1.0 -1.0 3.115 3.063 12.57 1881.287 0.035 1534.453 2.3556010782150616 0.0
21.0 6.0 Car -1.0 -1.0 -1.0 -1.0 -1.0 -1.0 -1.0 1.918 1.614 4.631 1821.262 1.151 1513.077 0.7159689657561099 1.0
21.0 4.0 Car -1.0 -1.0 -1.0 -1.0 -1.0 -1.0 -1.0 1.922 1.639 3.923 1829.63 1.175 1521.987 0.7312580499983176 1.0
22.0 2.0 Car -1.0 -1.0 -1.0 -1.0 -1.0 -1.0 -1.0 1.816 1.507 4.324 1850.337 0.313 1536.752 0.7115009228689342 1.0
22.0 1.0 Bus -1.0 -1.0 -1.0 -1.0 -1.0 -1.0 -1.0 3.115 3.063 12.57 1881.292 0.172 1534.496 2.362582395223039 1.0
22.0 6.0 Car -1.0 -1.0 -1.0 -1.0 -1.0 -1.0 -1.0 1.918 1.614 4.631 1822.887 1.207 1514.503 0.7334222582760532 1.0
22.0 4.0 Car -1.0 -1.0 -1.0 -1.0 -1.0 -1.0 -1.0 1.922 1.639 3.923 1831.964 1.188 1524.207 0.7399846962582893 1.0
23.0 2.0 Car -1.0 -1.0 -1.0 -1.0 -1.0 -1.0 -1.0 1.816 1.507 4.324 1852.134 0.339 1538.576 0.7289542153888775 1.0
23.0 1.0 Bus -1.0 -1.0 -1.0 -1.0 -1.0 -1.0 -1.0 3.115 3.063 12.57 1881.298 0.308 1534.538 2.3695637122310163 1.0
23.0 6.0 Car -1.0 -1.0 -1.0 -1.0 -1.0 -1.0 -1.0 1.918 1.614 4.631 1824.284 1.371 1515.888 0.7334222582760532 1.0
23.0 4.0 Car -1.0 -1.0 -1.0 -1.0 -1.0 -1.0 -1.0 1.922 1.639 3.923 1834.316 1.152 1526.446 0.7836179275581476 1.0
24.0 2.0 Car -1.0 -1.0 -1.0 -1.0 -1.0 -1.0 -1.0 1.816 1.507 4.324 1853.612 0.382 1539.996 0.7289542153888775 0.0
24.0 1.0 Bus -1.0 -1.0 -1.0 -1.0 -1.0 -1.0 -1.0 3.115 3.063 12.57 1881.303 0.445 1534.581 2.3765450292389936 1.0
24.0 5.0 Car -1.0 -1.0 -1.0 -1.0 -1.0 -1.0 -1.0 2.103 1.652 4.633 1814.568 1.443 1504.503 0.5160589532274147 0.0
24.0 6.0 Car -1.0 -1.0 -1.0 -1.0 -1.0 -1.0 -1.0 1.918 1.614 4.631 1825.881 1.438 1517.372 0.7159689657561099 1.0
24.0 4.0 Car -1.0 -1.0 -1.0 -1.0 -1.0 -1.0 -1.0 1.922 1.639 3.923 1836.832 1.116 1528.716 0.7312580499983176 1.0
25.0 2.0 Car -1.0 -1.0 -1.0 -1.0 -1.0 -1.0 -1.0 1.816 1.507 4.324 1854.72 0.425 1541.161 0.7813140929487076 0.0
25.0 1.0 Bus -1.0 -1.0 -1.0 -1.0 -1.0 -1.0 -1.0 3.115 3.063 12.57 1881.309 0.581 1534.624 2.3835263462469705 1.0
25.0 5.0 Car -1.0 -1.0 -1.0 -1.0 -1.0 -1.0 -1.0 2.103 1.652 4.633 1818.174 1.52 1507.206 0.6556852933869611 1.0
25.0 6.0 Car -1.0 -1.0 -1.0 -1.0 -1.0 -1.0 -1.0 1.918 1.614 4.631 1827.691 1.35 1519.108 0.7159689657561099 1.0
25.0 4.0 Car -1.0 -1.0 -1.0 -1.0 -1.0 -1.0 -1.0 1.922 1.639 3.923 1839.313 1.044 1531.092 0.6905337007851166 1.0
26.0 2.0 Car -1.0 -1.0 -1.0 -1.0 -1.0 -1.0 -1.0 1.816 1.507 4.324 1855.426 0.467 1541.929 0.7813140929487076 0.0
26.0 1.0 Bus -1.0 -1.0 -1.0 -1.0 -1.0 -1.0 -1.0 3.115 3.063 12.57 1881.314 0.718 1534.667 2.3905076632549482 1.0
26.0 5.0 Car -1.0 -1.0 -1.0 -1.0 -1.0 -1.0 -1.0 2.103 1.652 4.633 1821.989 1.598 1510.086 0.6905918784268478 1.0
26.0 6.0 Car -1.0 -1.0 -1.0 -1.0 -1.0 -1.0 -1.0 1.918 1.614 4.631 1829.238 1.4 1520.621 0.7159689657561099 1.0
26.0 4.0 Car -1.0 -1.0 -1.0 -1.0 -1.0 -1.0 -1.0 1.922 1.639 3.923 1841.512 0.932 1533.178 0.7021692291317455 1.0
27.0 2.0 Car -1.0 -1.0 -1.0 -1.0 -1.0 -1.0 -1.0 1.816 1.507 4.324 1855.889 0.51 1542.414 0.8336739705085373 0.0
27.0 1.0 Bus -1.0 -1.0 -1.0 -1.0 -1.0 -1.0 -1.0 3.115 3.063 12.57 1881.592 0.731 1534.589 2.3870170047509593 1.0
27.0 5.0 Car -1.0 -1.0 -1.0 -1.0 -1.0 -1.0 -1.0 2.103 1.652 4.633 1825.411 1.676 1512.848 0.7254984634667344 1.0
27.0 6.0 Car -1.0 -1.0 -1.0 -1.0 -1.0 -1.0 -1.0 1.918 1.614 4.631 1831.065 1.53 1522.389 0.7159689657561099 1.0
27.0 4.0 Car -1.0 -1.0 -1.0 -1.0 -1.0 -1.0 -1.0 1.922 1.639 3.923 1843.667 0.827 1535.152 0.7487113425182611 1.0
28.0 2.0 Car -1.0 -1.0 -1.0 -1.0 -1.0 -1.0 -1.0 1.816 1.507 4.324 1856.213 0.57 1542.745 0.8336739705085373 0.0
28.0 1.0 Bus -1.0 -1.0 -1.0 -1.0 -1.0 -1.0 -1.0 3.115 3.063 12.57 1881.599 0.744 1534.629 2.3835263462469705 0.0
28.0 5.0 Car -1.0 -1.0 -1.0 -1.0 -1.0 -1.0 -1.0 2.103 1.652 4.633 1829.239 1.704 1516.248 0.7778583410265644 0.0
28.0 6.0 Car -1.0 -1.0 -1.0 -1.0 -1.0 -1.0 -1.0 1.918 1.614 4.631 1833.132 1.461 1524.389 0.6985156732361665 0.0
28.0 4.0 Car -1.0 -1.0 -1.0 -1.0 -1.0 -1.0 -1.0 1.922 1.639 3.923 1845.977 0.78 1537.361 0.7836179275581476 0.0
29.0 2.0 Car -1.0 -1.0 -1.0 -1.0 -1.0 -1.0 -1.0 1.816 1.507 4.324 1856.277 0.596 1542.789 0.8336739705085373 0.0
29.0 1.0 Bus -1.0 -1.0 -1.0 -1.0 -1.0 -1.0 -1.0 3.115 3.063 12.57 1881.534 0.757 1534.735 2.380035687742982 0.0
29.0 5.0 Car -1.0 -1.0 -1.0 -1.0 -1.0 -1.0 -1.0 2.103 1.652 4.633 1832.005 1.636 1518.824 0.7778583410265644 0.0
29.0 6.0 Car -1.0 -1.0 -1.0 -1.0 -1.0 -1.0 -1.0 1.918 1.614 4.631 1834.973 1.442 1526.171 0.7159689657561099 0.0
29.0 4.0 Car -1.0 -1.0 -1.0 -1.0 -1.0 -1.0 -1.0 1.922 1.639 3.923 1847.574 0.734 1538.839 0.8185245125980343 0.0
30.0 2.0 Car -1.0 -1.0 -1.0 -1.0 -1.0 -1.0 -1.0 1.816 1.507 4.324 1856.397 0.596 1542.921 0.8336739705085373 0.0
30.0 1.0 Bus -1.0 -1.0 -1.0 -1.0 -1.0 -1.0 -1.0 3.115 3.063 12.57 1881.384 0.77 1535.038 2.3765450292389936 0.0
30.0 5.0 Car -1.0 -1.0 -1.0 -1.0 -1.0 -1.0 -1.0 2.103 1.652 4.633 1834.615 1.469 1521.559 0.7778583410265644 0.0
30.0 6.0 Car -1.0 -1.0 -1.0 -1.0 -1.0 -1.0 -1.0 1.918 1.614 4.631 1836.998 1.223 1528.13 0.6985156732361665 0.0
30.0 4.0 Car -1.0 -1.0 -1.0 -1.0 -1.0 -1.0 -1.0 1.922 1.639 3.923 1848.937 0.691 1540.208 0.7708188463768557 0.0
31.0 2.0 Car -1.0 -1.0 -1.0 -1.0 -1.0 -1.0 -1.0 1.816 1.507 4.324 1856.401 0.608 1542.926 0.8293106473785518 0.0
31.0 1.0 Bus -1.0 -1.0 -1.0 -1.0 -1.0 -1.0 -1.0 3.115 3.063 12.57 1880.892 0.784 1535.526 2.3730543707350047 0.0
31.0 5.0 Car -1.0 -1.0 -1.0 -1.0 -1.0 -1.0 -1.0 2.103 1.652 4.633 1836.34 1.439 1523.512 0.7778583410265644 0.0
31.0 6.0 Car -1.0 -1.0 -1.0 -1.0 -1.0 -1.0 -1.0 1.918 1.614 4.631 1838.88 1.104 1529.958 0.6985156732361665 0.0
31.0 4.0 Car -1.0 -1.0 -1.0 -1.0 -1.0 -1.0 -1.0 1.922 1.639 3.923 1850.004 0.648 1541.347 0.7929263502354505 0.0
32.0 2.0 Car -1.0 -1.0 -1.0 -1.0 -1.0 -1.0 -1.0 1.816 1.507 4.324 1856.406 0.621 1542.931 0.8249473242485658 0.0
32.0 1.0 Bus -1.0 -1.0 -1.0 -1.0 -1.0 -1.0 -1.0 3.115 3.063 12.57 1880.399 0.797 1536.013 2.369563712231016 0.0
32.0 5.0 Car -1.0 -1.0 -1.0 -1.0 -1.0 -1.0 -1.0 2.103 1.652 4.633 1838.271 1.415 1525.478 0.8302182185863942 0.0
32.0 6.0 Car -1.0 -1.0 -1.0 -1.0 -1.0 -1.0 -1.0 1.918 1.614 4.631 1840.923 1.085 1531.891 0.7334222582760532 0.0
32.0 4.0 Car -1.0 -1.0 -1.0 -1.0 -1.0 -1.0 -1.0 1.922 1.639 3.923 1851.108 0.605 1542.372 0.780127269054159 0.0
33.0 2.0 Car -1.0 -1.0 -1.0 -1.0 -1.0 -1.0 -1.0 1.816 1.507 4.324 1856.41 0.601 1542.936 0.8205840011185799 0.0
33.0 1.0 Bus -1.0 -1.0 -1.0 -1.0 -1.0 -1.0 -1.0 3.115 3.063 12.57 1879.627 0.81 1536.771 2.3660730537270274 0.0
33.0 5.0 Car -1.0 -1.0 -1.0 -1.0 -1.0 -1.0 -1.0 2.103 1.652 4.633 1839.424 1.342 1526.969 0.8302182185863942 0.0
33.0 6.0 Car -1.0 -1.0 -1.0 -1.0 -1.0 -1.0 -1.0 1.918 1.614 4.631 1842.42 1.016 1533.317 0.6461557956763366 0.0
33.0 4.0 Car -1.0 -1.0 -1.0 -1.0 -1.0 -1.0 -1.0 1.922 1.639 3.923 1851.81 0.604 1543.127 0.76441930578621 0.0
34.0 2.0 Car -1.0 -1.0 -1.0 -1.0 -1.0 -1.0 -1.0 1.816 1.507 4.324 1856.415 0.62 1542.941 0.8162206779885941 0.0
34.0 1.0 Bus -1.0 -1.0 -1.0 -1.0 -1.0 -1.0 -1.0 3.115 3.063 12.57 1878.854 0.823 1537.528 2.362582395223039 0.0
34.0 5.0 Car -1.0 -1.0 -1.0 -1.0 -1.0 -1.0 -1.0 2.103 1.652 4.633 1840.74 1.269 1528.536 0.8302182185863942 0.0
34.0 6.0 Car -1.0 -1.0 -1.0 -1.0 -1.0 -1.0 -1.0 1.918 1.614 4.631 1844.122 0.946 1535.08 0.76832884331594 0.0
34.0 4.0 Car -1.0 -1.0 -1.0 -1.0 -1.0 -1.0 -1.0 1.922 1.639 3.923 1852.513 0.603 1543.881 0.7487113425182611 0.0
35.0 2.0 Car -1.0 -1.0 -1.0 -1.0 -1.0 -1.0 -1.0 1.816 1.507 4.324 1856.419 0.602 1542.946 0.8197113364925828 0.0
35.0 1.0 Bus -1.0 -1.0 -1.0 -1.0 -1.0 -1.0 -1.0 3.115 3.063 12.57 1877.756 0.836 1538.696 2.35909173671905 0.0
35.0 5.0 Car -1.0 -1.0 -1.0 -1.0 -1.0 -1.0 -1.0 2.103 1.652 4.633 1842.108 1.195 1530.299 0.865124803626281 0.0
35.0 6.0 Car -1.0 -1.0 -1.0 -1.0 -1.0 -1.0 -1.0 1.918 1.614 4.631 1845.765 0.877 1536.71 0.76832884331594 0.0
35.0 4.0 Car -1.0 -1.0 -1.0 -1.0 -1.0 -1.0 -1.0 1.922 1.639 3.923 1853.143 0.601 1544.369 0.7836179275581476 0.0
36.0 1.0 Bus -1.0 -1.0 -1.0 -1.0 -1.0 -1.0 -1.0 3.115 3.063 12.57 1876.569 0.849 1539.772 2.355601078215061 0.0
36.0 5.0 Car -1.0 -1.0 -1.0 -1.0 -1.0 -1.0 -1.0 2.103 1.652 4.633 1843.12 1.149 1531.591 0.865124803626281 0.0
36.0 6.0 Car -1.0 -1.0 -1.0 -1.0 -1.0 -1.0 -1.0 1.918 1.614 4.631 1846.768 0.858 1537.721 0.76832884331594 0.0
36.0 4.0 Car -1.0 -1.0 -1.0 -1.0 -1.0 -1.0 -1.0 1.922 1.639 3.923 1853.393 0.65 1544.632 0.7836179275581476 0.0
37.0 1.0 Bus -1.0 -1.0 -1.0 -1.0 -1.0 -1.0 -1.0 3.115 3.063 12.57 1875.36 0.879 1541.098 2.355601078215061 0.0
37.0 5.0 Car -1.0 -1.0 -1.0 -1.0 -1.0 -1.0 -1.0 2.103 1.652 4.633 1843.829 1.052 1532.62 0.9174846811861109 0.0
37.0 6.0 Car -1.0 -1.0 -1.0 -1.0 -1.0 -1.0 -1.0 1.918 1.614 4.631 1847.403 0.789 1538.377 0.76832884331594 0.0
37.0 4.0 Car -1.0 -1.0 -1.0 -1.0 -1.0 -1.0 -1.0 1.922 1.639 3.923 1853.615 0.624 1544.866 0.7836179275581476 0.0
38.0 1.0 Bus -1.0 -1.0 -1.0 -1.0 -1.0 -1.0 -1.0 3.115 3.063 12.57 1874.152 0.909 1542.424 2.355601078215061 0.0
38.0 5.0 Car -1.0 -1.0 -1.0 -1.0 -1.0 -1.0 -1.0 2.103 1.652 4.633 1844.43 1.056 1533.32 0.9349379737060542 0.0
38.0 6.0 Car -1.0 -1.0 -1.0 -1.0 -1.0 -1.0 -1.0 1.918 1.614 4.631 1847.854 0.72 1538.811 0.76832884331594 0.0
38.0 4.0 Car -1.0 -1.0 -1.0 -1.0 -1.0 -1.0 -1.0 1.922 1.639 3.923 1853.633 0.647 1544.896 0.7836179275581476 0.0
39.0 1.0 Bus -1.0 -1.0 -1.0 -1.0 -1.0 -1.0 -1.0 3.115 3.063 12.57 1872.944 0.939 1543.75 2.355601078215061 0.0
39.0 5.0 Car -1.0 -1.0 -1.0 -1.0 -1.0 -1.0 -1.0 2.103 1.652 4.633 1844.701 0.959 1533.867 0.9349379737060542 0.0
39.0 6.0 Car -1.0 -1.0 -1.0 -1.0 -1.0 -1.0 -1.0 1.918 1.614 4.631 1848.008 0.751 1538.956 0.76832884331594 0.0
39.0 4.0 Car -1.0 -1.0 -1.0 -1.0 -1.0 -1.0 -1.0 1.922 1.639 3.923 1853.651 0.621 1544.927 0.7836179275581476 0.0
