0.0 4.0 Car -1.0 -1.0 -1.0 -1.0 -1.0 -1.0 -1.0 1.84 1.68 3.718 348.544 -0.425 1885.493 0.2135061274036476 0.0
0.0 1.0 Car -1.0 -1.0 -1.0 -1.0 -1.0 -1.0 -1.0 1.724 1.753 4.087 353.937 1.252 1800.936 1.8407472749078742 0.0
1.0 4.0 Car -1.0 -1.0 -1.0 -1.0 -1.0 -1.0 -1.0 1.84 1.68 3.718 349.737 -0.249 1885.308 -0.10064276813823046 1.0
1.0 1.0 Car -1.0 -1.0 -1.0 -1.0 -1.0 -1.0 -1.0 1.724 1.753 4.087 352.699 1.052 1805.408 1.8407472749078742 1.0
2.0 4.0 Car -1.0 -1.0 -1.0 -1.0 -1.0 -1.0 -1.0 1.84 1.68 3.718 351.455 -0.173 1884.595 -0.4148124033143119 1.0
2.0 1.0 Car -1.0 -1.0 -1.0 -1.0 -1.0 -1.0 -1.0 1.724 1.753 4.087 351.732 1.102 1809.639 1.7883873973480444 1.0
3.0 4.0 Car -1.0 -1.0 -1.0 -1.0 -1.0 -1.0 -1.0 1.84 1.68 3.718 352.621 -0.047 1883.433 -0.6942351831074302 1.0
3.0 1.0 Car -1.0 -1.0 -1.0 -1.0 -1.0 -1.0 -1.0 1.724 1.753 4.087 350.889 1.102 1813.696 1.7883873973480444 1.0
4.0 4.0 Car -1.0 -1.0 -1.0 -1.0 -1.0 -1.0 -1.0 1.84 1.68 3.718 353.466 0.027 1881.924 -0.9588414228305009 1.0
4.0 1.0 Car -1.0 -1.0 -1.0 -1.0 -1.0 -1.0 -1.0 1.724 1.753 4.087 350.109 1.052 1817.733 1.770934104828101 1.0
5.0 4.0 Car -1.0 -1.0 -1.0 -1.0 -1.0 -1.0 -1.0 1.84 1.68 3.718 353.905 0.108 1880.07 -1.2504074835895231 1.0
5.0 1.0 Car -1.0 -1.0 -1.0 -1.0 -1.0 -1.0 -1.0 1.724 1.753 4.087 349.5 1.026 1821.369 1.7360275197882145 1.0
6.0 0.0 Car -1.0 -1.0 -1.0 -1.0 -1.0 -1.0 -1.0 2.228 1.657 4.645 346.928 -0.266 1885.849 0.6084566838313892 0.0
6.0 4.0 Car -1.0 -1.0 -1.0 -1.0 -1.0 -1.0 -1.0 1.84 1.68 3.718 353.854 0.175 1878.51 -1.4889420703007064 1.0
6.0 1.0 Car -1.0 -1.0 -1.0 -1.0 -1.0 -1.0 -1.0 1.724 1.753 4.087 349.006 0.973 1824.315 1.7360275197882145 1.0
7.0 0.0 Car -1.0 -1.0 -1.0 -1.0 -1.0 -1.0 -1.0 2.228 1.657 4.645 348.137 -0.191 1886.818 0.5386435137516159 1.0
7.0 4.0 Car -1.0 -1.0 -1.0 -1.0 -1.0 -1.0 -1.0 1.84 1.68 3.718 353.857 0.256 1876.742 -1.5536620911041654 1.0
7.0 1.0 Car -1.0 -1.0 -1.0 -1.0 -1.0 -1.0 -1.0 1.724 1.753 4.087 348.525 1.003 1827.817 1.6662143497084412 1.0
8.0 0.0 Car -1.0 -1.0 -1.0 -1.0 -1.0 -1.0 -1.0 2.228 1.657 4.645 349.187 0.059 1888.151 0.8004429015507658 0.0
8.0 4.0 Car -1.0 -1.0 -1.0 -1.0 -1.0 -1.0 -1.0 1.84 1.68 3.718 353.722 0.33 1874.568 -1.6125261023983752 0.0
8.0 1.0 Car -1.0 -1.0 -1.0 -1.0 -1.0 -1.0 -1.0 1.724 1.753 4.087 348.093 1.031 1830.946 1.6662143497084412 0.0
9.0 0.0 Car -1.0 -1.0 -1.0 -1.0 -1.0 -1.0 -1.0 2.228 1.657 4.645 350.553 0.059 1890.121 0.8877093641504823 0.0
9.0 4.0 Car -1.0 -1.0 -1.0 -1.0 -1.0 -1.0 -1.0 1.84 1.68 3.718 353.54 0.404 1872.808 -1.6714493426152741 0.0
9.0 1.0 Car -1.0 -1.0 -1.0 -1.0 -1.0 -1.0 -1.0 1.724 1.753 4.087 347.933 1.058 1833.812 1.648752193574982 0.0
10.0 0.0 Car -1.0 -1.0 -1.0 -1.0 -1.0 -1.0 -1.0 2.228 1.657 4.645 351.849 0.059 1892.31 1.0622422893499155 0.0
10.0 4.0 Car -1.0 -1.0 -1.0 -1.0 -1.0 -1.0 -1.0 1.84 1.68 3.718 353.346 0.487 1870.97 -1.6627273548665844 0.0
10.0 1.0 Car -1.0 -1.0 -1.0 -1.0 -1.0 -1.0 -1.0 1.724 1.753 4.087 347.772 1.085 1836.675 1.6313077646685545 0.0
11.0 0.0 Car -1.0 -1.0 -1.0 -1.0 -1.0 -1.0 -1.0 2.228 1.657 4.645 353.204 0.16 1895.137 1.097148874389802 0.0
11.0 4.0 Car -1.0 -1.0 -1.0 -1.0 -1.0 -1.0 -1.0 1.84 1.68 3.718 353.131 0.571 1868.904 -1.6539961722302723 0.0
11.0 1.0 Car -1.0 -1.0 -1.0 -1.0 -1.0 -1.0 -1.0 1.724 1.753 4.087 347.713 1.062 1838.981 1.6225714117959829 0.0
12.0 0.0 Car -1.0 -1.0 -1.0 -1.0 -1.0 -1.0 -1.0 2.228 1.657 4.645 354.712 0.16 1897.771 1.1320554594296888 0.0
12.0 4.0 Car -1.0 -1.0 -1.0 -1.0 -1.0 -1.0 -1.0 1.84 1.68 3.718 352.983 0.604 1867.149 -1.6656361907363633 0.0
12.0 3.0 Car -1.0 -1.0 -1.0 -1.0 -1.0 -1.0 -1.0 1.906 2.1 4.795 333.418 -0.15 1877.882 0.5005953359533988 0.0
12.0 1.0 Car -1.0 -1.0 -1.0 -1.0 -1.0 -1.0 -1.0 1.724 1.753 4.087 347.654 1.04 1841.281 1.6138544721486117 0.0
12.0 2.0 Car -1.0 -1.0 -1.0 -1.0 -1.0 -1.0 -1.0 2.16 1.579 4.526 373.043 0.207 1925.921 -1.852843274296591 0.0
13.0 0.0 Car -1.0 -1.0 -1.0 -1.0 -1.0 -1.0 -1.0 2.228 1.657 4.645 356.109 0.21 1900.468 1.1146021669097455 0.0
13.0 4.0 Car -1.0 -1.0 -1.0 -1.0 -1.0 -1.0 -1.0 1.84 1.68 3.718 352.821 0.637 1865.495 -1.6510926954361802 0.0
13.0 3.0 Car -1.0 -1.0 -1.0 -1.0 -1.0 -1.0 -1.0 1.906 2.1 4.795 334.765 -0.087 1878.618 0.5005953359533988 0.0
13.0 1.0 Car -1.0 -1.0 -1.0 -1.0 -1.0 -1.0 -1.0 1.724 1.753 4.087 347.651 1.017 1843.618 1.6051183379273155 0.0
13.0 2.0 Car -1.0 -1.0 -1.0 -1.0 -1.0 -1.0 -1.0 2.16 1.579 4.526 372.291 0.293 1923.524 -1.8791833184636275 0.0
14.0 0.0 Car -1.0 -1.0 -1.0 -1.0 -1.0 -1.0 -1.0 2.228 1.657 4.645 357.56 0.26 1903.131 1.1146021669097455 0.0
14.0 4.0 Car -1.0 -1.0 -1.0 -1.0 -1.0 -1.0 -1.0 1.84 1.68 3.718 352.684 0.696 1863.702 -1.6526229128211467 0.0
14.0 5.0 Bus -1.0 -1.0 -1.0 -1.0 -1.0 -1.0 -1.0 2.815 3.341 12.234 390.261 1.582 1976.716 -1.7191144067084851 0.0
14.0 3.0 Car -1.0 -1.0 -1.0 -1.0 -1.0 -1.0 -1.0 1.906 2.1 4.795 336.109 -0.025 1879.354 0.5005953359533988 0.0
14.0 1.0 Car -1.0 -1.0 -1.0 -1.0 -1.0 -1.0 -1.0 1.724 1.753 4.087 347.647 0.994 1845.949 1.5964011796286681 0.0
14.0 2.0 Car -1.0 -1.0 -1.0 -1.0 -1.0 -1.0 -1.0 2.16 1.579 4.526 370.985 0.18 1920.391 -1.922920376788593 0.0
15.0 0.0 Car -1.0 -1.0 -1.0 -1.0 -1.0 -1.0 -1.0 2.228 1.657 4.645 359.31 0.06 1906.402 1.1146021669097455 1.0
15.0 4.0 Car -1.0 -1.0 -1.0 -1.0 -1.0 -1.0 -1.0 1.84 1.68 3.718 352.546 0.754 1861.904 -1.6541563754513167 1.0
15.0 5.0 Bus -1.0 -1.0 -1.0 -1.0 -1.0 -1.0 -1.0 2.815 3.341 12.234 389.066 1.432 1971.28 -1.7772884509859888 1.0
15.0 3.0 Car -1.0 -1.0 -1.0 -1.0 -1.0 -1.0 -1.0 1.906 2.1 4.795 337.456 0.038 1880.091 0.5005953359533988 1.0
15.0 1.0 Car -1.0 -1.0 -1.0 -1.0 -1.0 -1.0 -1.0 1.724 1.753 4.087 347.652 0.971 1848.287 1.544043656250503 1.0
15.0 2.0 Car -1.0 -1.0 -1.0 -1.0 -1.0 -1.0 -1.0 2.16 1.579 4.526 369.541 0.066 1917.311 -1.9667501915284817 1.0
16.0 0.0 Car -1.0 -1.0 -1.0 -1.0 -1.0 -1.0 -1.0 2.228 1.657 4.645 360.86 0.16 1909.772 1.1146021669097455 1.0
16.0 4.0 Car -1.0 -1.0 -1.0 -1.0 -1.0 -1.0 -1.0 1.84 1.68 3.718 352.396 0.812 1859.953 -1.6556899759814236 1.0
16.0 5.0 Bus -1.0 -1.0 -1.0 -1.0 -1.0 -1.0 -1.0 2.815 3.341 12.234 388.325 1.382 1967.734 -1.8529147411099167 1.0
16.0 3.0 Car -1.0 -1.0 -1.0 -1.0 -1.0 -1.0 -1.0 1.906 2.1 4.795 338.996 0.1 1880.933 0.5005953359533988 1.0
16.0 1.0 Car -1.0 -1.0 -1.0 -1.0 -1.0 -1.0 -1.0 1.724 1.753 4.087 347.78 0.948 1850.62 1.4916814245090084 1.0
16.0 2.0 Car -1.0 -1.0 -1.0 -1.0 -1.0 -1.0 -1.0 2.16 1.579 4.526 368.14 0.078 1914.517 -1.9756350880005171 1.0
17.0 0.0 Car -1.0 -1.0 -1.0 -1.0 -1.0 -1.0 -1.0 2.228 1.657 4.645 362.34 0.01 1912.566 1.1146021669097455 1.0
17.0 4.0 Car -1.0 -1.0 -1.0 -1.0 -1.0 -1.0 -1.0 1.84 1.68 3.718 352.203 0.871 1857.494 -1.6572218788100745 1.0
17.0 5.0 Bus -1.0 -1.0 -1.0 -1.0 -1.0 -1.0 -1.0 2.815 3.341 12.234 387.135 1.332 1963.156 -1.8587407468680315 1.0
17.0 3.0 Car -1.0 -1.0 -1.0 -1.0 -1.0 -1.0 -1.0 1.906 2.1 4.795 340.534 0.163 1881.775 0.5005953359533988 1.0
17.0 1.0 Car -1.0 -1.0 -1.0 -1.0 -1.0 -1.0 -1.0 1.724 1.753 4.087 347.921 0.976 1852.835 1.4916814245090084 1.0
17.0 2.0 Car -1.0 -1.0 -1.0 -1.0 -1.0 -1.0 -1.0 2.16 1.579 4.526 366.741 0.089 1911.727 -1.9845101488593138 1.0
18.0 0.0 Car -1.0 -1.0 -1.0 -1.0 -1.0 -1.0 -1.0 2.228 1.657 4.645 363.723 0.159 1915.162 1.1146021669097455 1.0
18.0 4.0 Car -1.0 -1.0 -1.0 -1.0 -1.0 -1.0 -1.0 1.84 1.68 3.718 351.975 1.06 1854.651 -1.640805295292701 1.0
18.0 5.0 Bus -1.0 -1.0 -1.0 -1.0 -1.0 -1.0 -1.0 2.815 3.341 12.234 385.823 1.282 1958.48 -1.893647331907918 1.0
18.0 3.0 Car -1.0 -1.0 -1.0 -1.0 -1.0 -1.0 -1.0 1.906 2.1 4.795 342.074 0.225 1882.617 0.5005953359533988 1.0
18.0 1.0 Car -1.0 -1.0 -1.0 -1.0 -1.0 -1.0 -1.0 1.724 1.753 4.087 348.063 1.003 1855.051 1.4916814245090084 1.0
18.0 2.0 Car -1.0 -1.0 -1.0 -1.0 -1.0 -1.0 -1.0 2.16 1.579 4.526 365.34 0.1 1908.934 -1.9933940511177364 1.0
19.0 0.0 Car -1.0 -1.0 -1.0 -1.0 -1.0 -1.0 -1.0 2.228 1.657 4.645 366.381 0.189 1920.166 1.1146021669097455 0.0
19.0 4.0 Car -1.0 -1.0 -1.0 -1.0 -1.0 -1.0 -1.0 1.84 1.68 3.718 351.703 1.287 1851.245 -1.6211400986495212 0.0
19.0 5.0 Bus -1.0 -1.0 -1.0 -1.0 -1.0 -1.0 -1.0 2.815 3.341 12.234 384.875 1.338 1955.235 -1.8972046867704453 1.0
19.0 3.0 Car -1.0 -1.0 -1.0 -1.0 -1.0 -1.0 -1.0 1.906 2.1 4.795 343.04 0.3 1883.183 0.5005953359533988 1.0
19.0 1.0 Car -1.0 -1.0 -1.0 -1.0 -1.0 -1.0 -1.0 1.724 1.753 4.087 348.305 1.085 1857.728 1.4829588454826523 1.0
19.0 2.0 Car -1.0 -1.0 -1.0 -1.0 -1.0 -1.0 -1.0 2.16 1.579 4.526 363.846 0.224 1905.538 -1.9796197246280223 1.0
20.0 0.0 Car -1.0 -1.0 -1.0 -1.0 -1.0 -1.0 -1.0 2.228 1.657 4.645 368.837 0.218 1925.267 1.1320554594296888 0.0
20.0 4.0 Car -1.0 -1.0 -1.0 -1.0 -1.0 -1.0 -1.0 1.84 1.68 3.718 351.5 1.515 1847.048 -1.6014565627173305 0.0
20.0 5.0 Bus -1.0 -1.0 -1.0 -1.0 -1.0 -1.0 -1.0 2.815 3.341 12.234 383.872 1.393 1951.828 -1.900765359136486 1.0
20.0 3.0 Car -1.0 -1.0 -1.0 -1.0 -1.0 -1.0 -1.0 1.906 2.1 4.795 343.831 0.421 1883.602 0.5005953359533988 1.0
20.0 1.0 Car -1.0 -1.0 -1.0 -1.0 -1.0 -1.0 -1.0 1.724 1.753 4.087 348.547 1.168 1860.407 1.474228131989065 1.0
20.0 2.0 Car -1.0 -1.0 -1.0 -1.0 -1.0 -1.0 -1.0 2.16 1.579 4.526 362.351 0.348 1902.139 -1.965832552532996 1.0
21.0 0.0 Car -1.0 -1.0 -1.0 -1.0 -1.0 -1.0 -1.0 2.228 1.657 4.645 370.884 0.243 1929.515 1.1320554594296888 0.0
21.0 4.0 Car -1.0 -1.0 -1.0 -1.0 -1.0 -1.0 -1.0 1.84 1.68 3.718 351.331 1.704 1843.551 -1.5850580232231357 0.0
21.0 5.0 Bus -1.0 -1.0 -1.0 -1.0 -1.0 -1.0 -1.0 2.815 3.341 12.234 382.947 1.439 1949.094 -1.9037317888786607 1.0
21.0 3.0 Car -1.0 -1.0 -1.0 -1.0 -1.0 -1.0 -1.0 1.906 2.1 4.795 344.383 0.522 1883.892 0.5005953359533988 1.0
21.0 1.0 Car -1.0 -1.0 -1.0 -1.0 -1.0 -1.0 -1.0 1.724 1.753 4.087 348.796 1.12 1862.719 1.4567755610671917 1.0
21.0 2.0 Car -1.0 -1.0 -1.0 -1.0 -1.0 -1.0 -1.0 2.16 1.579 4.526 361.059 0.439 1898.674 -1.9360488482538225 1.0
22.0 0.0 Car -1.0 -1.0 -1.0 -1.0 -1.0 -1.0 -1.0 2.228 1.657 4.645 371.935 0.317 1931.587 1.1494903515792236 0.0
22.0 4.0 Car -1.0 -1.0 -1.0 -1.0 -1.0 -1.0 -1.0 1.84 1.68 3.718 351.433 1.87 1839.279 -1.5721135595214586 0.0
22.0 5.0 Bus -1.0 -1.0 -1.0 -1.0 -1.0 -1.0 -1.0 2.815 3.341 12.234 381.938 1.486 1946.626 -1.9395353921324292 1.0
22.0 3.0 Car -1.0 -1.0 -1.0 -1.0 -1.0 -1.0 -1.0 1.906 2.1 4.795 344.614 0.55 1884.007 0.5005953359533988 1.0
22.0 1.0 Car -1.0 -1.0 -1.0 -1.0 -1.0 -1.0 -1.0 1.724 1.753 4.087 349.058 1.072 1865.154 1.4393403084989993 1.0
22.0 2.0 Car -1.0 -1.0 -1.0 -1.0 -1.0 -1.0 -1.0 2.16 1.579 4.526 359.872 0.53 1895.175 -1.906294698630346 1.0
23.0 0.0 Car -1.0 -1.0 -1.0 -1.0 -1.0 -1.0 -1.0 2.228 1.657 4.645 372.96 0.392 1933.675 1.1669620444695752 0.0
23.0 4.0 Car -1.0 -1.0 -1.0 -1.0 -1.0 -1.0 -1.0 1.84 1.68 3.718 351.536 2.036 1834.997 -1.5591417732616828 0.0
23.0 5.0 Bus -1.0 -1.0 -1.0 -1.0 -1.0 -1.0 -1.0 2.815 3.341 12.234 381.288 1.532 1945.393 -1.9285539169478043 1.0
23.0 3.0 Car -1.0 -1.0 -1.0 -1.0 -1.0 -1.0 -1.0 1.906 2.1 4.795 344.665 0.597 1884.035 0.5005953359533988 1.0
23.0 1.0 Car -1.0 -1.0 -1.0 -1.0 -1.0 -1.0 -1.0 1.724 1.753 4.087 349.321 1.025 1867.594 1.4218682544292351 1.0
23.0 2.0 Car -1.0 -1.0 -1.0 -1.0 -1.0 -1.0 -1.0 2.16 1.579 4.526 358.787 0.621 1891.634 -1.8764777453635122 1.0
24.0 0.0 Car -1.0 -1.0 -1.0 -1.0 -1.0 -1.0 -1.0 2.228 1.657 4.645 374.419 0.396 1936.913 1.1669620444695752 0.0
24.0 4.0 Car -1.0 -1.0 -1.0 -1.0 -1.0 -1.0 -1.0 1.84 1.68 3.718 351.966 2.124 1829.893 -1.5040618085089865 0.0
24.0 5.0 Bus -1.0 -1.0 -1.0 -1.0 -1.0 -1.0 -1.0 2.815 3.341 12.234 379.877 1.495 1941.589 -1.9037631434149473 1.0
24.0 3.0 Car -1.0 -1.0 -1.0 -1.0 -1.0 -1.0 -1.0 1.906 2.1 4.795 344.721 0.648 1884.065 0.5005953359533988 1.0
24.0 1.0 Car -1.0 -1.0 -1.0 -1.0 -1.0 -1.0 -1.0 1.724 1.753 4.087 349.822 1.009 1870.737 1.402652903816057 1.0
24.0 2.0 Car -1.0 -1.0 -1.0 -1.0 -1.0 -1.0 -1.0 2.16 1.579 4.526 357.716 0.722 1887.702 -1.8436595048933955 1.0
25.0 0.0 Car -1.0 -1.0 -1.0 -1.0 -1.0 -1.0 -1.0 2.228 1.657 4.645 375.766 0.446 1939.84 1.1669620444695752 0.0
25.0 4.0 Car -1.0 -1.0 -1.0 -1.0 -1.0 -1.0 -1.0 1.84 1.68 3.718 352.419 2.395 1825.124 -1.4540735085778205 0.0
25.0 5.0 Bus -1.0 -1.0 -1.0 -1.0 -1.0 -1.0 -1.0 2.815 3.341 12.234 379.465 1.462 1940.36 -1.922126920179416 0.0
25.0 3.0 Car -1.0 -1.0 -1.0 -1.0 -1.0 -1.0 -1.0 1.906 2.1 4.795 344.771 0.694 1884.093 0.5005953359533988 0.0
25.0 1.0 Car -1.0 -1.0 -1.0 -1.0 -1.0 -1.0 -1.0 1.724 1.753 4.087 350.277 0.994 1873.589 1.3852138456386083 0.0
25.0 2.0 Car -1.0 -1.0 -1.0 -1.0 -1.0 -1.0 -1.0 2.16 1.579 4.526 356.829 0.8 1884.43 -1.8436595048933955 0.0
26.0 0.0 Car -1.0 -1.0 -1.0 -1.0 -1.0 -1.0 -1.0 2.228 1.657 4.645 376.723 0.464 1942.351 1.185450708239071 0.0
26.0 4.0 Car -1.0 -1.0 -1.0 -1.0 -1.0 -1.0 -1.0 1.84 1.68 3.718 352.853 2.645 1821.116 -1.4693882050477551 0.0
26.0 5.0 Bus -1.0 -1.0 -1.0 -1.0 -1.0 -1.0 -1.0 2.815 3.341 12.234 379.094 1.432 1939.253 -1.9386651827119599 0.0
26.0 3.0 Car -1.0 -1.0 -1.0 -1.0 -1.0 -1.0 -1.0 1.906 2.1 4.795 344.735 0.751 1884.162 0.45339987501409174 0.0
26.0 1.0 Car -1.0 -1.0 -1.0 -1.0 -1.0 -1.0 -1.0 1.724 1.753 4.087 350.687 0.981 1876.158 1.3695083768694054 0.0
26.0 2.0 Car -1.0 -1.0 -1.0 -1.0 -1.0 -1.0 -1.0 2.16 1.579 4.526 356.03 0.872 1881.483 -1.8436595048933955 0.0
27.0 0.0 Car -1.0 -1.0 -1.0 -1.0 -1.0 -1.0 -1.0 2.228 1.657 4.645 377.573 0.48 1944.581 1.201868629509462 0.0
27.0 4.0 Car -1.0 -1.0 -1.0 -1.0 -1.0 -1.0 -1.0 1.84 1.68 3.718 353.371 2.867 1815.586 -1.4829876454431272 0.0
27.0 5.0 Bus -1.0 -1.0 -1.0 -1.0 -1.0 -1.0 -1.0 2.815 3.341 12.234 378.385 1.461 1937.522 -1.937990843875068 0.0
27.0 3.0 Car -1.0 -1.0 -1.0 -1.0 -1.0 -1.0 -1.0 1.906 2.1 4.795 344.705 0.801 1884.225 0.41149033673259594 0.0
27.0 1.0 Car -1.0 -1.0 -1.0 -1.0 -1.0 -1.0 -1.0 1.724 1.753 4.087 351.145 0.969 1878.547 1.3695083768694054 0.0
27.0 2.0 Car -1.0 -1.0 -1.0 -1.0 -1.0 -1.0 -1.0 2.16 1.579 4.526 355.448 0.977 1879.043 -1.8289663210174152 0.0
28.0 0.0 Car -1.0 -1.0 -1.0 -1.0 -1.0 -1.0 -1.0 2.228 1.657 4.645 378.606 0.5 1947.381 1.2193219220294054 0.0
28.0 4.0 Car -1.0 -1.0 -1.0 -1.0 -1.0 -1.0 -1.0 1.84 1.68 3.718 353.745 3.145 1811.455 -1.4829876454431272 0.0
28.0 5.0 Bus -1.0 -1.0 -1.0 -1.0 -1.0 -1.0 -1.0 2.815 3.341 12.234 377.498 1.496 1935.356 -1.9371476099375402 0.0
28.0 3.0 Car -1.0 -1.0 -1.0 -1.0 -1.0 -1.0 -1.0 1.906 2.1 4.795 344.927 0.863 1884.293 0.4555756624578143 0.0
28.0 1.0 Car -1.0 -1.0 -1.0 -1.0 -1.0 -1.0 -1.0 1.724 1.753 4.087 351.718 0.955 1881.535 1.3695083768694054 0.0
28.0 2.0 Car -1.0 -1.0 -1.0 -1.0 -1.0 -1.0 -1.0 2.16 1.579 4.526 354.721 1.108 1875.991 -1.8105930780470882 0.0
29.0 0.0 Car -1.0 -1.0 -1.0 -1.0 -1.0 -1.0 -1.0 2.228 1.657 4.645 379.168 0.67 1950.61 1.306588384629122 0.0
29.0 4.0 Car -1.0 -1.0 -1.0 -1.0 -1.0 -1.0 -1.0 1.84 1.68 3.718 355.293 3.423 1805.084 -1.3957211828434102 0.0
29.0 5.0 Bus -1.0 -1.0 -1.0 -1.0 -1.0 -1.0 -1.0 2.815 3.341 12.234 376.612 1.532 1933.193 -1.963455475555053 0.0
29.0 3.0 Car -1.0 -1.0 -1.0 -1.0 -1.0 -1.0 -1.0 1.906 2.1 4.795 345.145 0.926 1884.37 0.4996607236017578 0.0
29.0 1.0 Car -1.0 -1.0 -1.0 -1.0 -1.0 -1.0 -1.0 1.724 1.753 4.087 352.418 0.94 1884.237 1.3695083768694054 0.0
29.0 2.0 Car -1.0 -1.0 -1.0 -1.0 -1.0 -1.0 -1.0 2.16 1.579 4.526 354.148 1.24 1873.239 -1.7922199453451102 0.0
30.0 0.0 Car -1.0 -1.0 -1.0 -1.0 -1.0 -1.0 -1.0 2.228 1.657 4.645 379.919 0.665 1954.78 1.3240320284790381 0.0
30.0 4.0 Car -1.0 -1.0 -1.0 -1.0 -1.0 -1.0 -1.0 1.84 1.68 3.718 357.725 3.4 1801.052 -1.2910014277237518 0.0
30.0 5.0 Bus -1.0 -1.0 -1.0 -1.0 -1.0 -1.0 -1.0 2.815 3.341 12.234 375.682 1.532 1930.998 -1.9721894579769805 0.0
30.0 3.0 Car -1.0 -1.0 -1.0 -1.0 -1.0 -1.0 -1.0 1.906 2.1 4.795 345.792 0.988 1884.732 0.5262932372124811 0.0
30.0 1.0 Car -1.0 -1.0 -1.0 -1.0 -1.0 -1.0 -1.0 1.724 1.753 4.087 353.118 0.926 1886.939 1.3695083768694054 0.0
30.0 2.0 Car -1.0 -1.0 -1.0 -1.0 -1.0 -1.0 -1.0 2.16 1.579 4.526 353.576 1.371 1870.487 -1.773846334813623 0.0
31.0 5.0 Bus -1.0 -1.0 -1.0 -1.0 -1.0 -1.0 -1.0 2.815 3.341 12.234 374.595 1.532 1928.867 -1.946007209467748 0.0
31.0 3.0 Car -1.0 -1.0 -1.0 -1.0 -1.0 -1.0 -1.0 1.906 2.1 4.795 346.431 1.051 1885.111 0.5529552135132287 0.0
31.0 1.0 Car -1.0 -1.0 -1.0 -1.0 -1.0 -1.0 -1.0 1.724 1.753 4.087 353.805 0.924 1889.441 1.3258508056744898 0.0
31.0 2.0 Car -1.0 -1.0 -1.0 -1.0 -1.0 -1.0 -1.0 2.16 1.579 4.526 353.081 1.45 1867.852 -1.765119793181752 0.0
32.0 5.0 Bus -1.0 -1.0 -1.0 -1.0 -1.0 -1.0 -1.0 2.815 3.341 12.234 373.632 1.532 1926.334 -1.9838469484202668 0.0
32.0 3.0 Car -1.0 -1.0 -1.0 -1.0 -1.0 -1.0 -1.0 1.906 2.1 4.795 347.357 1.113 1885.761 0.5675187376603448 0.0
32.0 1.0 Car -1.0 -1.0 -1.0 -1.0 -1.0 -1.0 -1.0 1.724 1.753 4.087 354.439 0.922 1891.628 1.2821921876023672 0.0
32.0 2.0 Car -1.0 -1.0 -1.0 -1.0 -1.0 -1.0 -1.0 2.16 1.579 4.526 352.585 1.529 1865.217 -1.756393042293679 0.0
33.0 5.0 Bus -1.0 -1.0 -1.0 -1.0 -1.0 -1.0 -1.0 2.815 3.341 12.234 372.574 1.532 1923.842 -2.0216423785449735 0.0
33.0 3.0 Car -1.0 -1.0 -1.0 -1.0 -1.0 -1.0 -1.0 1.906 2.1 4.795 348.282 1.176 1886.409 0.5820652085004973 0.0
33.0 1.0 Car -1.0 -1.0 -1.0 -1.0 -1.0 -1.0 -1.0 1.724 1.753 4.087 355.168 0.92 1893.783 1.2385846920338421 0.0
33.0 2.0 Car -1.0 -1.0 -1.0 -1.0 -1.0 -1.0 -1.0 2.16 1.579 4.526 351.965 1.618 1862.292 -1.7533307187170382 0.0
34.0 5.0 Bus -1.0 -1.0 -1.0 -1.0 -1.0 -1.0 -1.0 2.815 3.341 12.234 371.336 1.532 1921.441 -2.0158203795475202 0.0
34.0 3.0 Car -1.0 -1.0 -1.0 -1.0 -1.0 -1.0 -1.0 1.906 2.1 4.795 349.309 1.238 1887.25 0.7274881387126617 0.0
34.0 1.0 Car -1.0 -1.0 -1.0 -1.0 -1.0 -1.0 -1.0 1.724 1.753 4.087 355.871 0.918 1895.849 1.1949754516699727 0.0
34.0 2.0 Car -1.0 -1.0 -1.0 -1.0 -1.0 -1.0 -1.0 2.16 1.579 4.526 351.785 1.708 1859.67 -1.7502682726126566 0.0
35.0 5.0 Bus -1.0 -1.0 -1.0 -1.0 -1.0 -1.0 -1.0 2.815 3.341 12.234 369.914 1.532 1918.658 -2.0158203795475202 0.0
35.0 3.0 Car -1.0 -1.0 -1.0 -1.0 -1.0 -1.0 -1.0 1.906 2.1 4.795 350.372 1.276 1888.342 0.7798497445718845 0.0
35.0 1.0 Car -1.0 -1.0 -1.0 -1.0 -1.0 -1.0 -1.0 1.724 1.753 4.087 356.664 0.916 1897.85 1.1875487532265385 0.0
35.0 2.0 Car -1.0 -1.0 -1.0 -1.0 -1.0 -1.0 -1.0 2.16 1.579 4.526 351.605 1.797 1857.048 -1.7472057284860807 0.0
36.0 5.0 Bus -1.0 -1.0 -1.0 -1.0 -1.0 -1.0 -1.0 2.815 3.341 12.234 368.492 1.532 1915.875 -2.0158203795475202 0.0
36.0 3.0 Car -1.0 -1.0 -1.0 -1.0 -1.0 -1.0 -1.0 1.906 2.1 4.795 351.376 1.313 1889.489 0.8322078938323216 0.0
36.0 1.0 Car -1.0 -1.0 -1.0 -1.0 -1.0 -1.0 -1.0 1.724 1.753 4.087 357.458 0.914 1899.851 1.1801225450491386 0.0
36.0 2.0 Car -1.0 -1.0 -1.0 -1.0 -1.0 -1.0 -1.0 2.16 1.579 4.526 351.424 1.886 1854.426 -1.7441433865302776 0.0
