0.0 1.0 Car -1.0 -1.0 -1.0 -1.0 -1.0 -1.0 -1.0 1.648 1.657 4.077 853.885 1.133 2865.785 3.0485666043952233 0.0
1.0 1.0 Car -1.0 -1.0 -1.0 -1.0 -1.0 -1.0 -1.0 1.648 1.657 4.077 852.783 1.388 2865.916 3.036401918114265 1.0
2.0 1.0 Car -1.0 -1.0 -1.0 -1.0 -1.0 -1.0 -1.0 1.648 1.657 4.077 851.684 1.643 2866.047 3.024265008304833 1.0
3.0 1.0 Car -1.0 -1.0 -1.0 -1.0 -1.0 -1.0 -1.0 1.648 1.657 4.077 850.399 1.884 2866.185 3.0254059116809575 0.0
4.0 1.0 Car -1.0 -1.0 -1.0 -1.0 -1.0 -1.0 -1.0 1.648 1.657 4.077 849.114 2.125 2866.324 3.02654809914545 0.0
5.0 1.0 Car -1.0 -1.0 -1.0 -1.0 -1.0 -1.0 -1.0 1.648 1.657 4.077 847.697 2.391 2866.477 3.0278063640857296 0.0
6.0 1.0 Car -1.0 -1.0 -1.0 -1.0 -1.0 -1.0 -1.0 1.648 1.657 4.077 846.358 2.699 2866.596 3.0311133118752798 0.0
7.0 1.0 Car -1.0 -1.0 -1.0 -1.0 -1.0 -1.0 -1.0 1.648 1.657 4.077 845.287 2.94 2866.644 3.0381061374282514 0.0
8.0 1.0 Car -1.0 -1.0 -1.0 -1.0 -1.0 -1.0 -1.0 1.648 1.657 4.077 844.361 3.223 2866.753 3.026352822281818 0.0
9.0 1.0 Car -1.0 -1.0 -1.0 -1.0 -1.0 -1.0 -1.0 1.648 1.657 4.077 843.342 3.534 2866.874 3.0134029503698563 0.0
10.0 1.0 Car -1.0 -1.0 -1.0 -1.0 -1.0 -1.0 -1.0 1.648 1.657 4.077 842.733 3.795 2867.013 3.009280348889627 0.0
11.0 1.0 Car -1.0 -1.0 -1.0 -1.0 -1.0 -1.0 -1.0 1.648 1.657 4.077 842.061 4.086 2867.145 2.985316497183815 0.0
12.0 1.0 Car -1.0 -1.0 -1.0 -1.0 -1.0 -1.0 -1.0 1.648 1.657 4.077 841.387 4.376 2867.277 2.9613001417955065 0.0
13.0 1.0 Car -1.0 -1.0 -1.0 -1.0 -1.0 -1.0 -1.0 1.648 1.657 4.077 841.303 4.696 2867.279 2.9438468492755634 0.0
14.0 1.0 Car -1.0 -1.0 -1.0 -1.0 -1.0 -1.0 -1.0 1.648 1.657 4.077 841.336 4.925 2867.327 2.9558887284082855 0.0
19.0 0.0 Car -1.0 -1.0 -1.0 -1.0 -1.0 -1.0 -1.0 1.788 1.799 4.393 892.057 0.783 2823.721 0.3427826650225563 0.0
20.0 0.0 Car -1.0 -1.0 -1.0 -1.0 -1.0 -1.0 -1.0 1.788 1.799 4.393 894.729 0.877 2825.203 0.5173155902219893 1.0
21.0 0.0 Car -1.0 -1.0 -1.0 -1.0 -1.0 -1.0 -1.0 1.788 1.799 4.393 896.958 0.922 2827.19 0.7093018079413658 1.0
22.0 0.0 Car -1.0 -1.0 -1.0 -1.0 -1.0 -1.0 -1.0 1.788 1.799 4.393 898.864 0.966 2829.755 0.883834733140799 1.0
23.0 0.0 Car -1.0 -1.0 -1.0 -1.0 -1.0 -1.0 -1.0 1.788 1.799 4.393 900.65 0.961 2832.294 1.0060077807804022 1.0
24.0 0.0 Car -1.0 -1.0 -1.0 -1.0 -1.0 -1.0 -1.0 1.788 1.799 4.393 902.49 0.955 2835.106 1.0060077807804022 1.0
25.0 0.0 Car -1.0 -1.0 -1.0 -1.0 -1.0 -1.0 -1.0 1.788 1.799 4.393 904.239 0.95 2837.277 0.9012880256607423 1.0
26.0 0.0 Car -1.0 -1.0 -1.0 -1.0 -1.0 -1.0 -1.0 1.788 1.799 4.393 906.099 0.994 2839.065 0.7442083929812525 1.0
27.0 0.0 Car -1.0 -1.0 -1.0 -1.0 -1.0 -1.0 -1.0 1.788 1.799 4.393 908.121 1.039 2840.245 0.5696754677818194 0.0
28.0 0.0 Car -1.0 -1.0 -1.0 -1.0 -1.0 -1.0 -1.0 1.788 1.799 4.393 910.335 0.983 2840.995 0.3602359575424996 0.0
29.0 0.0 Car -1.0 -1.0 -1.0 -1.0 -1.0 -1.0 -1.0 1.788 1.799 4.393 912.567 1.028 2841.27 0.15079644730317998 0.0
30.0 0.0 Car -1.0 -1.0 -1.0 -1.0 -1.0 -1.0 -1.0 1.788 1.799 4.393 914.671 0.972 2841.122 -0.041189770416196314 0.0
31.0 0.0 Car -1.0 -1.0 -1.0 -1.0 -1.0 -1.0 -1.0 1.788 1.799 4.393 916.57 0.967 2840.554 -0.23317598813557283 0.0
32.0 0.0 Car -1.0 -1.0 -1.0 -1.0 -1.0 -1.0 -1.0 1.788 1.799 4.393 918.251 0.961 2839.704 -0.39025562081506254 0.0
33.0 0.0 Car -1.0 -1.0 -1.0 -1.0 -1.0 -1.0 -1.0 1.788 1.799 4.393 919.571 0.866 2838.796 -0.5473352534945528 0.0
34.0 0.0 Car -1.0 -1.0 -1.0 -1.0 -1.0 -1.0 -1.0 1.788 1.799 4.393 920.737 0.816 2837.602 -0.7218681786939837 0.0
35.0 0.0 Car -1.0 -1.0 -1.0 -1.0 -1.0 -1.0 -1.0 1.788 1.799 4.393 921.638 0.816 2836.301 -0.9138543964133579 0.0
36.0 0.0 Car -1.0 -1.0 -1.0 -1.0 -1.0 -1.0 -1.0 1.788 1.799 4.393 922.103 0.856 2835.218 -1.0360274440529595 0.0
37.0 0.0 Car -1.0 -1.0 -1.0 -1.0 -1.0 -1.0 -1.0 1.788 1.799 4.393 922.4 0.896 2834.124 -1.1756537842125043 0.0
38.0 0.0 Car -1.0 -1.0 -1.0 -1.0 -1.0 -1.0 -1.0 1.788 1.799 4.393 922.602 0.946 2832.515 -1.3676400019318802 0.0
