0.0 2.0 Car -1.0 -1.0 -1.0 -1.0 -1.0 -1.0 -1.0 1.672 1.402 4.592 1544.162 -1.948 1362.955 -1.7365687923692463 0.0
0.0 7.0 Car -1.0 -1.0 -1.0 -1.0 -1.0 -1.0 -1.0 1.733 1.402 4.688 1544.128 0.328 1398.672 -1.314372553481326 0.0
0.0 8.0 Car -1.0 -1.0 -1.0 -1.0 -1.0 -1.0 -1.0 1.672 1.402 4.592 1542.027 -1.712 1370.922 -1.8063819624490185 0.0
0.0 9.0 Bus -1.0 -1.0 -1.0 -1.0 -1.0 -1.0 -1.0 2.787 3.357 12.232 1563.265 0.57 1405.471 -2.1773331484579175 0.0
1.0 2.0 Car -1.0 -1.0 -1.0 -1.0 -1.0 -1.0 -1.0 1.672 1.402 4.592 1543.112 -1.865 1358.72 -1.7365687923692463 1.0
1.0 7.0 Car -1.0 -1.0 -1.0 -1.0 -1.0 -1.0 -1.0 1.733 1.402 4.688 1544.591 0.139 1395.777 -1.424218080468544 1.0
1.0 8.0 Car -1.0 -1.0 -1.0 -1.0 -1.0 -1.0 -1.0 1.672 1.402 4.592 1540.825 -1.712 1366.451 -1.7889286699290745 1.0
1.0 9.0 Bus -1.0 -1.0 -1.0 -1.0 -1.0 -1.0 -1.0 2.787 3.357 12.232 1561.906 0.703 1403.26 -2.144420403765205 1.0
2.0 2.0 Car -1.0 -1.0 -1.0 -1.0 -1.0 -1.0 -1.0 1.672 1.402 4.592 1542.059 -1.707 1354.476 -1.7365687923692463 1.0
2.0 7.0 Car -1.0 -1.0 -1.0 -1.0 -1.0 -1.0 -1.0 1.733 1.402 4.688 1544.733 -0.05 1392.841 -1.534310826640663 1.0
2.0 6.0 Car -1.0 -1.0 -1.0 -1.0 -1.0 -1.0 -1.0 1.733 1.402 4.688 1525.814 -1.952 1333.141 1.39088778710989 0.0
2.0 8.0 Car -1.0 -1.0 -1.0 -1.0 -1.0 -1.0 -1.0 1.672 1.402 4.592 1539.714 -1.262 1361.949 -1.7889286699290745 1.0
2.0 9.0 Bus -1.0 -1.0 -1.0 -1.0 -1.0 -1.0 -1.0 2.787 3.357 12.232 1560.544 0.836 1401.043 -2.1463794509508363 1.0
3.0 2.0 Car -1.0 -1.0 -1.0 -1.0 -1.0 -1.0 -1.0 1.672 1.402 4.592 1541.009 -1.548 1350.241 -1.7365687923692463 1.0
3.0 7.0 Car -1.0 -1.0 -1.0 -1.0 -1.0 -1.0 -1.0 1.733 1.402 4.688 1544.732 -0.239 1389.572 -1.5656457971237097 1.0
3.0 6.0 Car -1.0 -1.0 -1.0 -1.0 -1.0 -1.0 -1.0 1.733 1.402 4.688 1526.528 -1.704 1337.462 1.39088778710989 1.0
3.0 8.0 Car -1.0 -1.0 -1.0 -1.0 -1.0 -1.0 -1.0 1.672 1.402 4.592 1538.482 -1.212 1356.757 -1.7889286699290745 1.0
3.0 9.0 Bus -1.0 -1.0 -1.0 -1.0 -1.0 -1.0 -1.0 2.787 3.357 12.232 1559.391 0.969 1399.15 -2.1309200297053215 1.0
4.0 2.0 Car -1.0 -1.0 -1.0 -1.0 -1.0 -1.0 -1.0 1.672 1.402 4.592 1539.87 -1.584 1345.866 -1.733857108301271 1.0
4.0 7.0 Car -1.0 -1.0 -1.0 -1.0 -1.0 -1.0 -1.0 1.733 1.402 4.688 1544.481 -0.221 1385.91 -1.6299462025476044 1.0
4.0 6.0 Car -1.0 -1.0 -1.0 -1.0 -1.0 -1.0 -1.0 1.733 1.402 4.688 1527.242 -1.456 1341.783 1.39088778710989 1.0
4.0 8.0 Car -1.0 -1.0 -1.0 -1.0 -1.0 -1.0 -1.0 1.672 1.402 4.592 1537.352 -1.342 1351.42 -1.7528115951392533 1.0
4.0 9.0 Bus -1.0 -1.0 -1.0 -1.0 -1.0 -1.0 -1.0 2.787 3.357 12.232 1558.285 1.102 1397.327 -2.1154608868050992 1.0
4.0 3.0 Car -1.0 -1.0 -1.0 -1.0 -1.0 -1.0 -1.0 2.95 1.711 4.266 1563.287 0.357 1401.93 -1.9943999535604802 0.0
5.0 2.0 Car -1.0 -1.0 -1.0 -1.0 -1.0 -1.0 -1.0 1.672 1.402 4.592 1539.169 -1.27 1341.424 -1.7311482506277511 1.0
5.0 7.0 Car -1.0 -1.0 -1.0 -1.0 -1.0 -1.0 -1.0 1.733 1.402 4.688 1543.996 -0.203 1382.275 -1.6941795875131131 1.0
5.0 6.0 Car -1.0 -1.0 -1.0 -1.0 -1.0 -1.0 -1.0 1.733 1.402 4.688 1527.955 -1.013 1346.1 1.39088778710989 1.0
5.0 8.0 Car -1.0 -1.0 -1.0 -1.0 -1.0 -1.0 -1.0 1.672 1.402 4.592 1536.416 -1.071 1346.051 -1.7167321652583873 1.0
5.0 9.0 Bus -1.0 -1.0 -1.0 -1.0 -1.0 -1.0 -1.0 2.787 3.357 12.232 1557.455 1.234 1395.845 -2.1000178570045773 1.0
5.0 3.0 Car -1.0 -1.0 -1.0 -1.0 -1.0 -1.0 -1.0 2.95 1.711 4.266 1563.066 0.673 1401.654 -1.9943999535604802 1.0
6.0 2.0 Car -1.0 -1.0 -1.0 -1.0 -1.0 -1.0 -1.0 1.672 1.402 4.592 1538.815 -0.922 1337.327 -1.7365687923692463 0.0
6.0 7.0 Car -1.0 -1.0 -1.0 -1.0 -1.0 -1.0 -1.0 1.733 1.402 4.688 1543.501 0.104 1378.724 -1.7267660977327002 0.0
6.0 6.0 Car -1.0 -1.0 -1.0 -1.0 -1.0 -1.0 -1.0 1.733 1.402 4.688 1528.598 -0.477 1349.991 1.39088778710989 0.0
6.0 8.0 Car -1.0 -1.0 -1.0 -1.0 -1.0 -1.0 -1.0 1.672 1.402 4.592 1535.966 -0.718 1341.155 -1.6842089148094157 0.0
6.0 9.0 Bus -1.0 -1.0 -1.0 -1.0 -1.0 -1.0 -1.0 2.787 3.357 12.232 1556.707 1.354 1394.51 -2.086096973898839 0.0
6.0 3.0 Car -1.0 -1.0 -1.0 -1.0 -1.0 -1.0 -1.0 2.95 1.711 4.266 1562.867 0.958 1401.406 -1.9943999535604802 0.0
7.0 2.0 Car -1.0 -1.0 -1.0 -1.0 -1.0 -1.0 -1.0 1.672 1.402 4.592 1537.986 -0.682 1332.354 -1.7069637166137712 0.0
7.0 7.0 Car -1.0 -1.0 -1.0 -1.0 -1.0 -1.0 -1.0 1.733 1.402 4.688 1542.608 0.366 1374.7 -1.7823376412074516 0.0
7.0 6.0 Car -1.0 -1.0 -1.0 -1.0 -1.0 -1.0 -1.0 1.733 1.402 4.688 1529.312 0.119 1354.312 1.39088778710989 0.0
7.0 8.0 Car -1.0 -1.0 -1.0 -1.0 -1.0 -1.0 -1.0 1.672 1.402 4.592 1535.266 -0.492 1335.208 -1.6873038123036537 0.0
7.0 9.0 Bus -1.0 -1.0 -1.0 -1.0 -1.0 -1.0 -1.0 2.787 3.357 12.232 1555.816 1.487 1392.863 -2.0706371815262665 0.0
7.0 3.0 Car -1.0 -1.0 -1.0 -1.0 -1.0 -1.0 -1.0 2.95 1.711 4.266 1562.646 1.275 1401.13 -1.9943999535604802 0.0
8.0 2.0 Car -1.0 -1.0 -1.0 -1.0 -1.0 -1.0 -1.0 1.672 1.402 4.592 1537.275 -0.441 1326.848 -1.7122711544558469 1.0
8.0 7.0 Car -1.0 -1.0 -1.0 -1.0 -1.0 -1.0 -1.0 1.733 1.402 4.688 1541.493 0.628 1370.726 -1.8379713290796185 1.0
8.0 0.0 Bus -1.0 -1.0 -1.0 -1.0 -1.0 -1.0 -1.0 3.226 5.027 12.316 1527.472 2.326 1368.186 1.411817032646874 0.0
8.0 6.0 Car -1.0 -1.0 -1.0 -1.0 -1.0 -1.0 -1.0 1.733 1.402 4.688 1529.857 0.43 1357.704 1.39088778710989 1.0
8.0 8.0 Car -1.0 -1.0 -1.0 -1.0 -1.0 -1.0 -1.0 1.672 1.402 4.592 1534.565 -0.267 1329.255 -1.690402170751606 1.0
8.0 9.0 Bus -1.0 -1.0 -1.0 -1.0 -1.0 -1.0 -1.0 2.787 3.357 12.232 1554.924 1.62 1391.214 -2.0551601008183167 1.0
8.0 4.0 Car -1.0 -1.0 -1.0 -1.0 -1.0 -1.0 -1.0 1.733 1.402 4.688 1534.653 1.628 1387.305 1.39088778710989 0.0
8.0 3.0 Car -1.0 -1.0 -1.0 -1.0 -1.0 -1.0 -1.0 2.95 1.711 4.266 1562.425 1.35 1400.854 -1.9943999535604802 0.0
9.0 2.0 Car -1.0 -1.0 -1.0 -1.0 -1.0 -1.0 -1.0 1.672 1.402 4.592 1536.622 -0.254 1321.058 -1.6910533286250466 1.0
9.0 7.0 Car -1.0 -1.0 -1.0 -1.0 -1.0 -1.0 -1.0 1.733 1.402 4.688 1540.185 0.65 1366.169 -1.8239211752758149 1.0
9.0 0.0 Bus -1.0 -1.0 -1.0 -1.0 -1.0 -1.0 -1.0 3.226 5.027 12.316 1527.499 2.449 1368.275 1.411817032646874 0.0
9.0 6.0 Car -1.0 -1.0 -1.0 -1.0 -1.0 -1.0 -1.0 1.733 1.402 4.688 1530.456 0.772 1361.433 1.39088778710989 1.0
9.0 8.0 Car -1.0 -1.0 -1.0 -1.0 -1.0 -1.0 -1.0 1.672 1.402 4.592 1533.892 -0.097 1322.7 -1.6667556222894737 1.0
9.0 9.0 Bus -1.0 -1.0 -1.0 -1.0 -1.0 -1.0 -1.0 2.787 3.357 12.232 1554.026 1.766 1389.358 -2.0551601008183167 1.0
9.0 4.0 Car -1.0 -1.0 -1.0 -1.0 -1.0 -1.0 -1.0 1.733 1.402 4.688 1534.669 1.713 1387.224 1.4004875882872718 0.0
9.0 3.0 Car -1.0 -1.0 -1.0 -1.0 -1.0 -1.0 -1.0 2.95 1.711 4.266 1562.181 1.433 1400.55 -1.9943999535604802 0.0
10.0 2.0 Car -1.0 -1.0 -1.0 -1.0 -1.0 -1.0 -1.0 1.672 1.402 4.592 1536.241 -0.208 1316.304 -1.6879736054912744 1.0
10.0 7.0 Car -1.0 -1.0 -1.0 -1.0 -1.0 -1.0 -1.0 1.733 1.402 4.688 1539.116 0.669 1362.44 -1.812426899590209 1.0
10.0 0.0 Bus -1.0 -1.0 -1.0 -1.0 -1.0 -1.0 -1.0 3.226 5.027 12.316 1527.521 2.55 1368.347 1.411817032646874 0.0
10.0 6.0 Car -1.0 -1.0 -1.0 -1.0 -1.0 -1.0 -1.0 1.733 1.402 4.688 1530.773 0.876 1363.536 1.39088778710989 1.0
10.0 8.0 Car -1.0 -1.0 -1.0 -1.0 -1.0 -1.0 -1.0 1.672 1.402 4.592 1533.412 -0.096 1317.328 -1.6667556222894737 1.0
10.0 9.0 Bus -1.0 -1.0 -1.0 -1.0 -1.0 -1.0 -1.0 2.787 3.357 12.232 1553.29 1.886 1387.84 -2.0551601008183167 1.0
10.0 4.0 Car -1.0 -1.0 -1.0 -1.0 -1.0 -1.0 -1.0 1.733 1.402 4.688 1534.682 1.782 1387.159 1.4083410796298332 0.0
10.0 3.0 Car -1.0 -1.0 -1.0 -1.0 -1.0 -1.0 -1.0 2.95 1.711 4.266 1561.982 1.501 1400.302 -1.9943999535604802 1.0
11.0 11.0 Car -1.0 -1.0 -1.0 -1.0 -1.0 -1.0 -1.0 1.733 1.579 4.688 1527.465 0.286 1339.759 1.44324766466972 0.0
11.0 2.0 Car -1.0 -1.0 -1.0 -1.0 -1.0 -1.0 -1.0 1.672 1.402 4.592 1535.775 -0.151 1310.493 -1.6842089148094157 1.0
11.0 7.0 Car -1.0 -1.0 -1.0 -1.0 -1.0 -1.0 -1.0 1.733 1.402 4.688 1537.894 0.609 1357.645 -1.7983761584395563 1.0
11.0 0.0 Bus -1.0 -1.0 -1.0 -1.0 -1.0 -1.0 -1.0 3.226 5.027 12.316 1527.472 2.404 1367.958 1.411817032646874 1.0
11.0 6.0 Car -1.0 -1.0 -1.0 -1.0 -1.0 -1.0 -1.0 1.733 1.402 4.688 1531.162 1.003 1366.107 1.39088778710989 1.0
11.0 8.0 Car -1.0 -1.0 -1.0 -1.0 -1.0 -1.0 -1.0 1.672 1.402 4.592 1532.781 -0.077 1310.767 -1.6698040009245718 0.0
11.0 9.0 Bus -1.0 -1.0 -1.0 -1.0 -1.0 -1.0 -1.0 2.787 3.357 12.232 1552.102 1.942 1385.668 -2.025486923118638 1.0
11.0 4.0 Car -1.0 -1.0 -1.0 -1.0 -1.0 -1.0 -1.0 1.733 1.402 4.688 1534.708 1.926 1387.171 1.399195914694295 1.0
11.0 3.0 Car -1.0 -1.0 -1.0 -1.0 -1.0 -1.0 -1.0 2.95 1.711 4.266 1561.739 1.584 1399.998 -1.9943999535604802 0.0
12.0 11.0 Car -1.0 -1.0 -1.0 -1.0 -1.0 -1.0 -1.0 1.733 1.579 4.688 1528.108 0.49 1344.595 1.44324766466972 1.0
12.0 2.0 Car -1.0 -1.0 -1.0 -1.0 -1.0 -1.0 -1.0 1.672 1.402 4.592 1535.218 -0.162 1304.903 -1.6842089148094157 0.0
12.0 7.0 Car -1.0 -1.0 -1.0 -1.0 -1.0 -1.0 -1.0 1.733 1.402 4.688 1536.783 0.556 1353.29 -1.7856114515197903 1.0
12.0 0.0 Bus -1.0 -1.0 -1.0 -1.0 -1.0 -1.0 -1.0 3.226 5.027 12.316 1527.52 2.767 1368.184 1.411817032646874 1.0
12.0 10.0 Car -1.0 -1.0 -1.0 -1.0 -1.0 -1.0 -1.0 1.733 1.579 4.688 1526.441 0.802 1357.776 1.44324766466972 0.0
12.0 6.0 Car -1.0 -1.0 -1.0 -1.0 -1.0 -1.0 -1.0 1.733 1.402 4.688 1531.443 1.206 1367.654 1.4017950107150847 0.0
12.0 8.0 Car -1.0 -1.0 -1.0 -1.0 -1.0 -1.0 -1.0 1.672 1.402 4.592 1532.208 -0.06 1304.807 -1.6725733679949848 0.0
12.0 9.0 Bus -1.0 -1.0 -1.0 -1.0 -1.0 -1.0 -1.0 2.787 3.357 12.232 1551.079 1.994 1383.665 -1.9985296677928608 1.0
12.0 4.0 Car -1.0 -1.0 -1.0 -1.0 -1.0 -1.0 -1.0 1.733 1.402 4.688 1534.703 2.057 1387.186 1.39088778710989 0.0
12.0 3.0 Car -1.0 -1.0 -1.0 -1.0 -1.0 -1.0 -1.0 2.95 1.711 4.266 1561.518 1.659 1399.722 -1.9943999535604802 0.0
13.0 11.0 Car -1.0 -1.0 -1.0 -1.0 -1.0 -1.0 -1.0 1.733 1.579 4.688 1528.566 0.695 1347.991 1.44324766466972 1.0
13.0 2.0 Car -1.0 -1.0 -1.0 -1.0 -1.0 -1.0 -1.0 1.672 1.402 4.592 1534.661 -0.173 1299.313 -1.6842089148094157 0.0
13.0 7.0 Car -1.0 -1.0 -1.0 -1.0 -1.0 -1.0 -1.0 1.733 1.402 4.688 1535.687 0.57 1348.722 -1.7539348813560443 1.0
13.0 0.0 Bus -1.0 -1.0 -1.0 -1.0 -1.0 -1.0 -1.0 3.226 5.027 12.316 1527.591 2.766 1368.553 1.411817032646874 1.0
13.0 10.0 Car -1.0 -1.0 -1.0 -1.0 -1.0 -1.0 -1.0 1.733 1.579 4.688 1526.423 0.939 1357.743 1.44324766466972 0.0
13.0 6.0 Car -1.0 -1.0 -1.0 -1.0 -1.0 -1.0 -1.0 1.733 1.402 4.688 1531.725 1.409 1369.201 1.4127033253590422 0.0
13.0 8.0 Car -1.0 -1.0 -1.0 -1.0 -1.0 -1.0 -1.0 1.672 1.402 4.592 1531.634 -0.043 1298.846 -1.6753430120824397 0.0
13.0 9.0 Bus -1.0 -1.0 -1.0 -1.0 -1.0 -1.0 -1.0 2.787 3.357 12.232 1550.11 2.045 1381.635 -1.9715697159595627 1.0
13.0 1.0 Car -1.0 -1.0 -1.0 -1.0 -1.0 -1.0 -1.0 1.733 1.841 4.495 1520.385 0.296 1328.868 1.513060834749493 0.0
13.0 4.0 Car -1.0 -1.0 -1.0 -1.0 -1.0 -1.0 -1.0 1.733 1.402 4.688 1534.716 2.281 1387.184 1.4257943721497766 0.0
13.0 3.0 Car -1.0 -1.0 -1.0 -1.0 -1.0 -1.0 -1.0 2.95 1.711 4.266 1561.297 1.734 1399.446 -1.9943999535604802 0.0
14.0 11.0 Car -1.0 -1.0 -1.0 -1.0 -1.0 -1.0 -1.0 1.733 1.579 4.688 1529.116 0.94 1352.067 1.44324766466972 1.0
14.0 2.0 Car -1.0 -1.0 -1.0 -1.0 -1.0 -1.0 -1.0 1.672 1.402 4.592 1533.993 -0.071 1292.605 -1.6842089148094157 0.0
14.0 7.0 Car -1.0 -1.0 -1.0 -1.0 -1.0 -1.0 -1.0 1.733 1.402 4.688 1534.563 0.587 1343.199 -1.7159198922657448 1.0
14.0 0.0 Bus -1.0 -1.0 -1.0 -1.0 -1.0 -1.0 -1.0 3.226 5.027 12.316 1527.638 2.515 1368.763 1.411817032646874 1.0
14.0 10.0 Car -1.0 -1.0 -1.0 -1.0 -1.0 -1.0 -1.0 1.733 1.579 4.688 1526.402 1.103 1357.703 1.44324766466972 0.0
14.0 6.0 Car -1.0 -1.0 -1.0 -1.0 -1.0 -1.0 -1.0 1.733 1.402 4.688 1532.062 1.653 1371.058 1.4257943721497766 0.0
14.0 8.0 Car -1.0 -1.0 -1.0 -1.0 -1.0 -1.0 -1.0 1.672 1.402 4.592 1530.946 -0.022 1291.692 -1.6786668564640874 0.0
14.0 9.0 Bus -1.0 -1.0 -1.0 -1.0 -1.0 -1.0 -1.0 2.787 3.357 12.232 1549.019 2.107 1379.165 -1.9392151311822374 1.0
14.0 1.0 Car -1.0 -1.0 -1.0 -1.0 -1.0 -1.0 -1.0 1.733 1.841 4.495 1520.576 0.606 1334.339 1.513060834749493 1.0
14.0 4.0 Car -1.0 -1.0 -1.0 -1.0 -1.0 -1.0 -1.0 1.733 1.402 4.688 1534.591 2.55 1387.207 1.39088778710989 0.0
14.0 3.0 Car -1.0 -1.0 -1.0 -1.0 -1.0 -1.0 -1.0 2.95 1.711 4.266 1561.032 1.825 1399.115 -1.9943999535604802 0.0
15.0 11.0 Car -1.0 -1.0 -1.0 -1.0 -1.0 -1.0 -1.0 1.733 1.579 4.688 1529.575 1.145 1355.468 1.44324766466972 1.0
15.0 2.0 Car -1.0 -1.0 -1.0 -1.0 -1.0 -1.0 -1.0 1.672 1.402 4.592 1533.435 0.014 1287.009 -1.6842089148094157 0.0
15.0 7.0 Car -1.0 -1.0 -1.0 -1.0 -1.0 -1.0 -1.0 1.733 1.402 4.688 1533.786 0.601 1338.561 -1.6842089148094157 1.0
15.0 0.0 Bus -1.0 -1.0 -1.0 -1.0 -1.0 -1.0 -1.0 3.226 5.027 12.316 1527.634 2.649 1368.737 1.411817032646874 1.0
15.0 10.0 Car -1.0 -1.0 -1.0 -1.0 -1.0 -1.0 -1.0 1.733 1.579 4.688 1526.385 1.239 1357.67 1.44324766466972 1.0
15.0 6.0 Car -1.0 -1.0 -1.0 -1.0 -1.0 -1.0 -1.0 1.733 1.402 4.688 1532.129 1.781 1371.677 1.417062613659888 0.0
15.0 8.0 Car -1.0 -1.0 -1.0 -1.0 -1.0 -1.0 -1.0 1.672 1.402 4.592 1530.372 -0.005 1285.724 -1.6814395089566176 0.0
15.0 9.0 Bus -1.0 -1.0 -1.0 -1.0 -1.0 -1.0 -1.0 2.787 3.357 12.232 1548.344 2.158 1376.842 -1.912225895277276 1.0
15.0 1.0 Car -1.0 -1.0 -1.0 -1.0 -1.0 -1.0 -1.0 1.733 1.841 4.495 1520.828 0.782 1338.252 1.513060834749493 1.0
15.0 4.0 Car -1.0 -1.0 -1.0 -1.0 -1.0 -1.0 -1.0 1.733 1.402 4.688 1534.703 2.645 1387.103 1.3734344945899466 0.0
15.0 3.0 Car -1.0 -1.0 -1.0 -1.0 -1.0 -1.0 -1.0 2.95 1.711 4.266 1560.811 1.825 1398.839 -1.9943999535604802 0.0
16.0 11.0 Car -1.0 -1.0 -1.0 -1.0 -1.0 -1.0 -1.0 1.733 1.579 4.688 1529.874 1.349 1357.925 1.44324766466972 1.0
16.0 2.0 Car -1.0 -1.0 -1.0 -1.0 -1.0 -1.0 -1.0 1.672 1.402 4.592 1532.724 0.098 1280.696 -1.690026488889512 0.0
16.0 7.0 Car -1.0 -1.0 -1.0 -1.0 -1.0 -1.0 -1.0 1.733 1.402 4.688 1533.104 0.68 1333.834 -1.6634384038801877 1.0
16.0 0.0 Bus -1.0 -1.0 -1.0 -1.0 -1.0 -1.0 -1.0 3.226 5.027 12.316 1527.684 3.132 1369.046 1.411817032646874 1.0
16.0 10.0 Car -1.0 -1.0 -1.0 -1.0 -1.0 -1.0 -1.0 1.733 1.579 4.688 1526.367 1.375 1357.637 1.44324766466972 1.0
16.0 6.0 Car -1.0 -1.0 -1.0 -1.0 -1.0 -1.0 -1.0 1.733 1.402 4.688 1532.195 2.409 1372.294 1.4083410796298332 0.0
16.0 8.0 Car -1.0 -1.0 -1.0 -1.0 -1.0 -1.0 -1.0 1.672 1.402 4.592 1529.799 0.012 1279.764 -1.6842089148094157 0.0
16.0 9.0 Bus -1.0 -1.0 -1.0 -1.0 -1.0 -1.0 -1.0 2.787 3.357 12.232 1547.731 2.21 1374.505 -1.8852682624404449 1.0
16.0 1.0 Car -1.0 -1.0 -1.0 -1.0 -1.0 -1.0 -1.0 1.733 1.841 4.495 1521.079 0.957 1342.16 1.513060834749493 1.0
16.0 4.0 Car -1.0 -1.0 -1.0 -1.0 -1.0 -1.0 -1.0 1.733 1.402 4.688 1534.654 2.739 1387.074 1.379252068670042 0.0
16.0 5.0 Car -1.0 -1.0 -1.0 -1.0 -1.0 -1.0 -1.0 1.604 1.402 4.402 1540.172 0.399 1331.566 -1.8674904017220673 0.0
16.0 3.0 Car -1.0 -1.0 -1.0 -1.0 -1.0 -1.0 -1.0 2.95 1.711 4.266 1560.59 1.825 1398.563 -1.9943999535604802 0.0
17.0 11.0 Car -1.0 -1.0 -1.0 -1.0 -1.0 -1.0 -1.0 1.733 1.579 4.688 1530.173 1.554 1360.384 1.44324766466972 0.0
17.0 2.0 Car -1.0 -1.0 -1.0 -1.0 -1.0 -1.0 -1.0 1.672 1.402 4.592 1531.825 0.183 1274.405 -1.6958447147177866 0.0
17.0 7.0 Car -1.0 -1.0 -1.0 -1.0 -1.0 -1.0 -1.0 1.733 1.402 4.688 1532.498 0.702 1328.968 -1.647435421980543 1.0
17.0 0.0 Bus -1.0 -1.0 -1.0 -1.0 -1.0 -1.0 -1.0 3.226 5.027 12.316 1527.666 2.965 1368.936 1.411817032646874 1.0
17.0 10.0 Car -1.0 -1.0 -1.0 -1.0 -1.0 -1.0 -1.0 1.733 1.579 4.688 1526.35 1.442 1357.603 1.44324766466972 1.0
17.0 6.0 Car -1.0 -1.0 -1.0 -1.0 -1.0 -1.0 -1.0 1.733 1.402 4.688 1532.172 2.237 1372.371 1.4083410796298332 0.0
17.0 8.0 Car -1.0 -1.0 -1.0 -1.0 -1.0 -1.0 -1.0 1.672 1.402 4.592 1528.956 0.129 1273.785 -1.7278448956269872 0.0
17.0 9.0 Bus -1.0 -1.0 -1.0 -1.0 -1.0 -1.0 -1.0 2.787 3.357 12.232 1547.182 2.261 1372.151 -1.8583076095151922 1.0
17.0 1.0 Car -1.0 -1.0 -1.0 -1.0 -1.0 -1.0 -1.0 1.733 1.841 4.495 1521.265 1.257 1345.162 1.4868640748910922 1.0
17.0 4.0 Car -1.0 -1.0 -1.0 -1.0 -1.0 -1.0 -1.0 1.733 1.402 4.688 1534.606 2.834 1387.045 1.385070294498317 0.0
17.0 5.0 Car -1.0 -1.0 -1.0 -1.0 -1.0 -1.0 -1.0 1.604 1.402 4.402 1540.055 0.492 1331.258 -1.9154751653698114 0.0
17.0 3.0 Car -1.0 -1.0 -1.0 -1.0 -1.0 -1.0 -1.0 2.95 1.711 4.266 1560.369 1.825 1398.287 -1.9943999535604802 0.0
18.0 11.0 Car -1.0 -1.0 -1.0 -1.0 -1.0 -1.0 -1.0 1.733 1.579 4.688 1530.373 1.758 1362.073 1.44324766466972 0.0
18.0 2.0 Car -1.0 -1.0 -1.0 -1.0 -1.0 -1.0 -1.0 1.672 1.402 4.592 1530.879 0.268 1268.121 -1.7016622073293601 0.0
18.0 7.0 Car -1.0 -1.0 -1.0 -1.0 -1.0 -1.0 -1.0 1.733 1.402 4.688 1531.893 0.723 1324.103 -1.6314344567873573 1.0
18.0 0.0 Bus -1.0 -1.0 -1.0 -1.0 -1.0 -1.0 -1.0 3.226 5.027 12.316 1527.679 3.065 1369.02 1.411817032646874 1.0
18.0 10.0 Car -1.0 -1.0 -1.0 -1.0 -1.0 -1.0 -1.0 1.733 1.579 4.688 1526.332 1.508 1357.57 1.44324766466972 1.0
18.0 6.0 Car -1.0 -1.0 -1.0 -1.0 -1.0 -1.0 -1.0 1.733 1.402 4.688 1532.15 2.065 1372.447 1.4083410796298332 0.0
18.0 8.0 Car -1.0 -1.0 -1.0 -1.0 -1.0 -1.0 -1.0 1.672 1.402 4.592 1527.854 0.246 1267.849 -1.7714753774091323 0.0
18.0 9.0 Bus -1.0 -1.0 -1.0 -1.0 -1.0 -1.0 -1.0 2.787 3.357 12.232 1546.697 2.313 1369.784 -1.8313503541894154 1.0
18.0 1.0 Car -1.0 -1.0 -1.0 -1.0 -1.0 -1.0 -1.0 1.733 1.841 4.495 1521.505 1.357 1347.86 1.460670616365852 1.0
18.0 4.0 Car -1.0 -1.0 -1.0 -1.0 -1.0 -1.0 -1.0 1.733 1.402 4.688 1534.557 2.928 1387.016 1.39088778710989 0.0
18.0 5.0 Car -1.0 -1.0 -1.0 -1.0 -1.0 -1.0 -1.0 1.604 1.402 4.402 1539.999 0.584 1331.131 -1.9460083026085635 0.0
18.0 3.0 Car -1.0 -1.0 -1.0 -1.0 -1.0 -1.0 -1.0 2.95 1.711 4.266 1560.381 1.825 1398.743 -1.9943999535604802 0.0
19.0 11.0 Car -1.0 -1.0 -1.0 -1.0 -1.0 -1.0 -1.0 1.733 1.579 4.688 1530.505 1.846 1363.228 1.44324766466972 0.0
19.0 2.0 Car -1.0 -1.0 -1.0 -1.0 -1.0 -1.0 -1.0 1.672 1.402 4.592 1529.777 0.202 1261.862 -1.6842089148094157 0.0
19.0 7.0 Car -1.0 -1.0 -1.0 -1.0 -1.0 -1.0 -1.0 1.733 1.402 4.688 1531.406 0.694 1319.424 -1.6503466048770472 1.0
19.0 0.0 Bus -1.0 -1.0 -1.0 -1.0 -1.0 -1.0 -1.0 3.226 5.027 12.316 1527.693 3.165 1369.104 1.411817032646874 1.0
19.0 10.0 Car -1.0 -1.0 -1.0 -1.0 -1.0 -1.0 -1.0 1.733 1.579 4.688 1526.315 1.574 1357.537 1.44324766466972 1.0
19.0 6.0 Car -1.0 -1.0 -1.0 -1.0 -1.0 -1.0 -1.0 1.733 1.402 4.688 1532.127 1.893 1372.523 1.4083410796298332 0.0
19.0 8.0 Car -1.0 -1.0 -1.0 -1.0 -1.0 -1.0 -1.0 1.672 1.402 4.592 1526.604 0.113 1261.955 -1.7714753774091323 0.0
19.0 9.0 Bus -1.0 -1.0 -1.0 -1.0 -1.0 -1.0 -1.0 2.787 3.357 12.232 1546.286 2.327 1367.819 -1.8044238929795136 1.0
19.0 1.0 Car -1.0 -1.0 -1.0 -1.0 -1.0 -1.0 -1.0 1.733 1.841 4.495 1521.763 1.457 1350.134 1.4345070794475137 1.0
19.0 4.0 Car -1.0 -1.0 -1.0 -1.0 -1.0 -1.0 -1.0 1.733 1.402 4.688 1534.664 2.989 1387.802 1.4112223891814155 0.0
19.0 5.0 Car -1.0 -1.0 -1.0 -1.0 -1.0 -1.0 -1.0 1.604 1.402 4.402 1540.012 0.627 1331.175 -1.9455070987796876 1.0
19.0 3.0 Car -1.0 -1.0 -1.0 -1.0 -1.0 -1.0 -1.0 2.95 1.711 4.266 1560.775 2.225 1400.186 -1.9943999535604802 0.0
20.0 11.0 Car -1.0 -1.0 -1.0 -1.0 -1.0 -1.0 -1.0 1.733 1.579 4.688 1530.637 1.933 1364.384 1.44324766466972 0.0
20.0 2.0 Car -1.0 -1.0 -1.0 -1.0 -1.0 -1.0 -1.0 1.672 1.402 4.592 1528.478 0.187 1255.641 -1.7481336106251286 0.0
20.0 7.0 Car -1.0 -1.0 -1.0 -1.0 -1.0 -1.0 -1.0 1.733 1.402 4.688 1530.919 0.666 1314.745 -1.6692605332580348 1.0
20.0 0.0 Bus -1.0 -1.0 -1.0 -1.0 -1.0 -1.0 -1.0 3.226 5.027 12.316 1527.624 3.162 1368.699 1.417625586329098 1.0
20.0 10.0 Car -1.0 -1.0 -1.0 -1.0 -1.0 -1.0 -1.0 1.733 1.579 4.688 1526.297 1.641 1357.504 1.44324766466972 1.0
20.0 6.0 Car -1.0 -1.0 -1.0 -1.0 -1.0 -1.0 -1.0 1.733 1.402 4.688 1532.342 2.05 1374.049 1.4083410796298332 0.0
20.0 8.0 Car -1.0 -1.0 -1.0 -1.0 -1.0 -1.0 -1.0 1.672 1.402 4.592 1524.937 0.155 1255.033 -1.8412122229945056 0.0
20.0 9.0 Bus -1.0 -1.0 -1.0 -1.0 -1.0 -1.0 -1.0 2.787 3.357 12.232 1545.929 2.341 1365.843 -1.7774948970525435 1.0
20.0 1.0 Car -1.0 -1.0 -1.0 -1.0 -1.0 -1.0 -1.0 1.733 1.841 4.495 1522.081 1.557 1352.4 1.4083410796298332 1.0
20.0 4.0 Car -1.0 -1.0 -1.0 -1.0 -1.0 -1.0 -1.0 1.733 1.402 4.688 1534.772 3.05 1388.588 1.4315589054466613 0.0
20.0 5.0 Car -1.0 -1.0 -1.0 -1.0 -1.0 -1.0 -1.0 1.604 1.402 4.402 1540.025 0.67 1331.218 -1.9450058477700891 1.0
20.0 3.0 Car -1.0 -1.0 -1.0 -1.0 -1.0 -1.0 -1.0 2.95 1.711 4.266 1561.602 2.425 1401.305 -1.9943999535604802 0.0
21.0 11.0 Car -1.0 -1.0 -1.0 -1.0 -1.0 -1.0 -1.0 1.733 1.579 4.688 1530.769 2.021 1365.541 1.44324766466972 0.0
21.0 2.0 Car -1.0 -1.0 -1.0 -1.0 -1.0 -1.0 -1.0 1.672 1.402 4.592 1526.78 0.172 1249.502 -1.8121982330476936 0.0
21.0 7.0 Car -1.0 -1.0 -1.0 -1.0 -1.0 -1.0 -1.0 1.733 1.402 4.688 1530.402 0.662 1310.23 -1.6750791902906619 1.0
21.0 0.0 Bus -1.0 -1.0 -1.0 -1.0 -1.0 -1.0 -1.0 3.226 5.027 12.316 1527.747 3.259 1369.497 1.4234468545216865 1.0
21.0 10.0 Car -1.0 -1.0 -1.0 -1.0 -1.0 -1.0 -1.0 1.733 1.579 4.688 1526.28 1.707 1357.471 1.44324766466972 0.0
21.0 6.0 Car -1.0 -1.0 -1.0 -1.0 -1.0 -1.0 -1.0 1.733 1.402 4.688 1532.558 2.208 1375.578 1.4083410796298332 0.0
21.0 8.0 Car -1.0 -1.0 -1.0 -1.0 -1.0 -1.0 -1.0 1.672 1.402 4.592 1522.788 0.197 1248.229 -1.9111017175686773 0.0
21.0 9.0 Bus -1.0 -1.0 -1.0 -1.0 -1.0 -1.0 -1.0 2.787 3.357 12.232 1545.624 2.356 1363.854 -1.7505069554711903 1.0
21.0 1.0 Car -1.0 -1.0 -1.0 -1.0 -1.0 -1.0 -1.0 1.733 1.841 4.495 1522.388 1.732 1354.406 1.4083410796298332 0.0
21.0 4.0 Car -1.0 -1.0 -1.0 -1.0 -1.0 -1.0 -1.0 1.733 1.402 4.688 1534.792 3.112 1388.818 1.4519399368977808 0.0
21.0 5.0 Car -1.0 -1.0 -1.0 -1.0 -1.0 -1.0 -1.0 1.604 1.402 4.402 1540.038 0.713 1331.261 -1.9445034995577262 1.0
21.0 3.0 Car -1.0 -1.0 -1.0 -1.0 -1.0 -1.0 -1.0 2.95 1.711 4.266 1562.671 2.475 1402.318 -1.9943999535604802 0.0
22.0 11.0 Car -1.0 -1.0 -1.0 -1.0 -1.0 -1.0 -1.0 1.733 1.579 4.688 1530.873 2.067 1366.485 1.44324766466972 0.0
22.0 2.0 Car -1.0 -1.0 -1.0 -1.0 -1.0 -1.0 -1.0 1.672 1.402 4.592 1524.695 0.156 1243.491 -1.876195132528791 0.0
22.0 7.0 Car -1.0 -1.0 -1.0 -1.0 -1.0 -1.0 -1.0 1.733 1.402 4.688 1529.887 0.658 1305.72 -1.6808916964001315 1.0
22.0 0.0 Bus -1.0 -1.0 -1.0 -1.0 -1.0 -1.0 -1.0 3.226 5.027 12.316 1527.877 3.406 1370.379 1.4292619690308506 1.0
22.0 10.0 Car -1.0 -1.0 -1.0 -1.0 -1.0 -1.0 -1.0 1.733 1.579 4.688 1526.391 1.711 1357.802 1.4388877931029074 0.0
22.0 6.0 Car -1.0 -1.0 -1.0 -1.0 -1.0 -1.0 -1.0 1.733 1.402 4.688 1532.773 2.365 1377.105 1.4083410796298332 0.0
22.0 8.0 Car -1.0 -1.0 -1.0 -1.0 -1.0 -1.0 -1.0 1.672 1.402 4.592 1519.962 0.139 1238.774 -1.9285550100886193 0.0
22.0 9.0 Bus -1.0 -1.0 -1.0 -1.0 -1.0 -1.0 -1.0 2.787 3.357 12.232 1545.374 2.37 1361.859 -1.7235475429393965 1.0
22.0 1.0 Car -1.0 -1.0 -1.0 -1.0 -1.0 -1.0 -1.0 1.733 1.841 4.495 1522.695 1.907 1356.41 1.4083410796298332 0.0
22.0 4.0 Car -1.0 -1.0 -1.0 -1.0 -1.0 -1.0 -1.0 1.733 1.402 4.688 1534.812 3.173 1389.047 1.4722994234876683 0.0
22.0 5.0 Car -1.0 -1.0 -1.0 -1.0 -1.0 -1.0 -1.0 1.604 1.402 4.402 1540.051 0.756 1331.304 -1.9440016823794564 1.0
22.0 3.0 Car -1.0 -1.0 -1.0 -1.0 -1.0 -1.0 -1.0 2.95 1.711 4.266 1563.258 2.526 1403.546 -1.9943999535604802 0.0
23.0 11.0 Car -1.0 -1.0 -1.0 -1.0 -1.0 -1.0 -1.0 1.733 1.579 4.688 1530.978 2.113 1367.429 1.44324766466972 0.0
23.0 2.0 Car -1.0 -1.0 -1.0 -1.0 -1.0 -1.0 -1.0 1.672 1.402 4.592 1522.437 0.191 1236.732 -1.9372828770634334 0.0
23.0 7.0 Car -1.0 -1.0 -1.0 -1.0 -1.0 -1.0 -1.0 1.733 1.402 4.688 1529.461 0.629 1301.584 -1.6808916964001315 1.0
23.0 0.0 Bus -1.0 -1.0 -1.0 -1.0 -1.0 -1.0 -1.0 3.226 5.027 12.316 1528.027 3.487 1371.368 1.4350832604887827 0.0
23.0 10.0 Car -1.0 -1.0 -1.0 -1.0 -1.0 -1.0 -1.0 1.733 1.579 4.688 1526.502 1.715 1358.134 1.434523290379948 0.0
23.0 6.0 Car -1.0 -1.0 -1.0 -1.0 -1.0 -1.0 -1.0 1.733 1.402 4.688 1532.989 2.523 1378.634 1.4083410796298332 0.0
23.0 9.0 Bus -1.0 -1.0 -1.0 -1.0 -1.0 -1.0 -1.0 2.787 3.357 12.232 1545.097 2.285 1360.02 -1.7173264465027904 1.0
23.0 1.0 Car -1.0 -1.0 -1.0 -1.0 -1.0 -1.0 -1.0 1.733 1.841 4.495 1522.958 1.932 1358.141 1.4083410796298332 0.0
23.0 4.0 Car -1.0 -1.0 -1.0 -1.0 -1.0 -1.0 -1.0 1.733 1.402 4.688 1534.91 3.234 1390.403 1.49268053639384 0.0
23.0 5.0 Car -1.0 -1.0 -1.0 -1.0 -1.0 -1.0 -1.0 1.604 1.402 4.402 1540.064 0.799 1331.347 -1.9434993321594036 1.0
24.0 11.0 Car -1.0 -1.0 -1.0 -1.0 -1.0 -1.0 -1.0 1.733 1.579 4.688 1531.083 2.159 1368.373 1.44324766466972 0.0
24.0 7.0 Car -1.0 -1.0 -1.0 -1.0 -1.0 -1.0 -1.0 1.733 1.402 4.688 1528.95 0.601 1296.678 -1.6808916964001315 1.0
24.0 0.0 Bus -1.0 -1.0 -1.0 -1.0 -1.0 -1.0 -1.0 3.226 5.027 12.316 1528.254 3.343 1372.944 1.4409043192932773 0.0
24.0 10.0 Car -1.0 -1.0 -1.0 -1.0 -1.0 -1.0 -1.0 1.733 1.579 4.688 1526.613 1.719 1358.465 1.4301589620884823 0.0
24.0 9.0 Bus -1.0 -1.0 -1.0 -1.0 -1.0 -1.0 -1.0 2.787 3.357 12.232 1544.821 2.199 1358.18 -1.7111055986982058 1.0
24.0 1.0 Car -1.0 -1.0 -1.0 -1.0 -1.0 -1.0 -1.0 1.733 1.841 4.495 1523.22 1.957 1359.871 1.4083410796298332 0.0
24.0 5.0 Car -1.0 -1.0 -1.0 -1.0 -1.0 -1.0 -1.0 1.604 1.402 4.402 1540.047 0.841 1331.322 -1.9796593185044213 1.0
25.0 11.0 Car -1.0 -1.0 -1.0 -1.0 -1.0 -1.0 -1.0 1.733 1.579 4.688 1531.187 2.206 1369.317 1.44324766466972 0.0
25.0 7.0 Car -1.0 -1.0 -1.0 -1.0 -1.0 -1.0 -1.0 1.733 1.402 4.688 1528.61 0.597 1293.851 -1.7070854272495188 1.0
25.0 0.0 Bus -1.0 -1.0 -1.0 -1.0 -1.0 -1.0 -1.0 3.226 5.027 12.316 1528.432 3.748 1374.185 1.446725727077928 0.0
25.0 10.0 Car -1.0 -1.0 -1.0 -1.0 -1.0 -1.0 -1.0 1.733 1.579 4.688 1526.724 1.723 1358.797 1.4257943721497766 0.0
25.0 9.0 Bus -1.0 -1.0 -1.0 -1.0 -1.0 -1.0 -1.0 2.787 3.357 12.232 1544.594 2.197 1356.687 -1.704884377945587 1.0
25.0 1.0 Car -1.0 -1.0 -1.0 -1.0 -1.0 -1.0 -1.0 1.733 1.841 4.495 1523.521 2.082 1361.841 1.4083410796298332 0.0
25.0 5.0 Car -1.0 -1.0 -1.0 -1.0 -1.0 -1.0 -1.0 1.604 1.402 4.402 1540.03 0.884 1331.298 -2.015821472688336 1.0
26.0 11.0 Car -1.0 -1.0 -1.0 -1.0 -1.0 -1.0 -1.0 1.733 1.579 4.688 1531.292 2.252 1370.261 1.44324766466972 0.0
26.0 7.0 Car -1.0 -1.0 -1.0 -1.0 -1.0 -1.0 -1.0 1.733 1.402 4.688 1528.196 0.593 1291.036 -1.7332515739599599 1.0
26.0 0.0 Bus -1.0 -1.0 -1.0 -1.0 -1.0 -1.0 -1.0 3.226 5.027 12.316 1528.682 3.72 1376.04 1.4525410044444982 0.0
26.0 10.0 Car -1.0 -1.0 -1.0 -1.0 -1.0 -1.0 -1.0 1.733 1.579 4.688 1526.95 1.814 1359.91 1.4257943721497766 0.0
26.0 9.0 Bus -1.0 -1.0 -1.0 -1.0 -1.0 -1.0 -1.0 2.787 3.357 12.232 1544.367 2.194 1355.196 -1.6986697086467744 1.0
26.0 1.0 Car -1.0 -1.0 -1.0 -1.0 -1.0 -1.0 -1.0 1.733 1.841 4.495 1523.823 2.207 1363.809 1.4083410796298332 0.0
26.0 5.0 Car -1.0 -1.0 -1.0 -1.0 -1.0 -1.0 -1.0 1.604 1.402 4.402 1539.802 0.901 1331.02 -2.062349314939214 1.0
27.0 11.0 Car -1.0 -1.0 -1.0 -1.0 -1.0 -1.0 -1.0 1.733 1.579 4.688 1531.397 2.298 1371.204 1.44324766466972 0.0
27.0 7.0 Car -1.0 -1.0 -1.0 -1.0 -1.0 -1.0 -1.0 1.733 1.402 4.688 1527.782 0.64 1288.682 -1.7506960724652096 1.0
27.0 0.0 Bus -1.0 -1.0 -1.0 -1.0 -1.0 -1.0 -1.0 3.226 5.027 12.316 1528.929 3.768 1377.894 1.4583560258922874 0.0
27.0 10.0 Car -1.0 -1.0 -1.0 -1.0 -1.0 -1.0 -1.0 1.733 1.579 4.688 1527.175 1.906 1361.023 1.4257943721497766 0.0
27.0 9.0 Bus -1.0 -1.0 -1.0 -1.0 -1.0 -1.0 -1.0 2.787 3.357 12.232 1544.139 2.192 1353.706 -1.6924553128431852 1.0
27.0 1.0 Car -1.0 -1.0 -1.0 -1.0 -1.0 -1.0 -1.0 1.733 1.841 4.495 1524.124 2.332 1365.777 1.4083410796298332 0.0
27.0 5.0 Car -1.0 -1.0 -1.0 -1.0 -1.0 -1.0 -1.0 1.604 1.402 4.402 1539.56 0.918 1330.754 -2.1088751095923697 1.0
28.0 11.0 Car -1.0 -1.0 -1.0 -1.0 -1.0 -1.0 -1.0 1.733 1.579 4.688 1531.501 2.344 1372.148 1.44324766466972 0.0
28.0 7.0 Car -1.0 -1.0 -1.0 -1.0 -1.0 -1.0 -1.0 1.733 1.402 4.688 1527.367 0.686 1286.326 -1.768158158999846 0.0
28.0 0.0 Bus -1.0 -1.0 -1.0 -1.0 -1.0 -1.0 -1.0 3.226 5.027 12.316 1529.143 4.065 1379.498 1.464176910206704 0.0
28.0 10.0 Car -1.0 -1.0 -1.0 -1.0 -1.0 -1.0 -1.0 1.733 1.579 4.688 1527.4 1.997 1362.138 1.4257943721497766 0.0
28.0 9.0 Bus -1.0 -1.0 -1.0 -1.0 -1.0 -1.0 -1.0 2.787 3.357 12.232 1543.983 2.239 1352.622 -1.6875980080828052 0.0
28.0 1.0 Car -1.0 -1.0 -1.0 -1.0 -1.0 -1.0 -1.0 1.733 1.841 4.495 1524.425 2.458 1367.747 1.4083410796298332 0.0
28.0 5.0 Car -1.0 -1.0 -1.0 -1.0 -1.0 -1.0 -1.0 1.604 1.402 4.402 1539.307 0.934 1330.499 -2.1554478128478807 0.0
29.0 7.0 Car -1.0 -1.0 -1.0 -1.0 -1.0 -1.0 -1.0 1.733 1.402 4.688 1527.152 0.707 1285.135 -1.7768800192671608 0.0
29.0 0.0 Bus -1.0 -1.0 -1.0 -1.0 -1.0 -1.0 -1.0 3.226 5.027 12.316 1529.392 4.201 1381.377 1.464176910206704 0.0
29.0 10.0 Car -1.0 -1.0 -1.0 -1.0 -1.0 -1.0 -1.0 1.733 1.579 4.688 1527.625 2.088 1363.25 1.4257943721497766 0.0
29.0 9.0 Bus -1.0 -1.0 -1.0 -1.0 -1.0 -1.0 -1.0 2.787 3.357 12.232 1543.826 2.285 1351.541 -1.6827510024691947 0.0
29.0 1.0 Car -1.0 -1.0 -1.0 -1.0 -1.0 -1.0 -1.0 1.733 1.841 4.495 1524.726 2.583 1369.713 1.4083410796298332 0.0
29.0 5.0 Car -1.0 -1.0 -1.0 -1.0 -1.0 -1.0 -1.0 1.604 1.402 4.402 1538.84 0.984 1330.087 -2.21358334678703 0.0
30.0 7.0 Car -1.0 -1.0 -1.0 -1.0 -1.0 -1.0 -1.0 1.733 1.402 4.688 1526.936 0.728 1283.944 -1.7856114515197903 0.0
30.0 0.0 Bus -1.0 -1.0 -1.0 -1.0 -1.0 -1.0 -1.0 3.226 5.027 12.316 1529.642 4.337 1383.258 1.464176910206704 0.0
30.0 10.0 Car -1.0 -1.0 -1.0 -1.0 -1.0 -1.0 -1.0 1.733 1.579 4.688 1527.936 2.242 1365.14 1.4432380944529037 0.0
30.0 9.0 Bus -1.0 -1.0 -1.0 -1.0 -1.0 -1.0 -1.0 2.787 3.357 12.232 1543.67 2.331 1350.459 -1.6778986774093725 0.0
30.0 1.0 Car -1.0 -1.0 -1.0 -1.0 -1.0 -1.0 -1.0 1.733 1.841 4.495 1525.027 2.708 1371.681 1.4083410796298332 0.0
30.0 5.0 Car -1.0 -1.0 -1.0 -1.0 -1.0 -1.0 -1.0 1.604 1.402 4.402 1538.039 1.034 1329.312 -2.271782682766111 0.0
31.0 7.0 Car -1.0 -1.0 -1.0 -1.0 -1.0 -1.0 -1.0 1.733 1.402 4.688 1526.82 0.75 1283.624 -1.8292198630314331 0.0
31.0 0.0 Bus -1.0 -1.0 -1.0 -1.0 -1.0 -1.0 -1.0 3.226 5.027 12.316 1529.9 4.473 1385.224 1.464176910206704 0.0
31.0 10.0 Car -1.0 -1.0 -1.0 -1.0 -1.0 -1.0 -1.0 1.733 1.579 4.688 1528.242 2.396 1367.03 1.4606814329004794 0.0
31.0 9.0 Bus -1.0 -1.0 -1.0 -1.0 -1.0 -1.0 -1.0 2.787 3.357 12.232 1543.513 2.378 1349.376 -1.6730464591267558 0.0
31.0 1.0 Car -1.0 -1.0 -1.0 -1.0 -1.0 -1.0 -1.0 1.733 1.841 4.495 1525.442 2.833 1374.34 1.4083410796298332 0.0
31.0 5.0 Car -1.0 -1.0 -1.0 -1.0 -1.0 -1.0 -1.0 1.604 1.402 4.402 1537.194 1.084 1328.584 -2.3299807380473108 0.0
32.0 7.0 Car -1.0 -1.0 -1.0 -1.0 -1.0 -1.0 -1.0 1.733 1.402 4.688 1526.69 0.771 1283.31 -1.8728779141195047 0.0
32.0 0.0 Bus -1.0 -1.0 -1.0 -1.0 -1.0 -1.0 -1.0 3.226 5.027 12.316 1530.177 4.61 1387.36 1.464176910206704 0.0
32.0 10.0 Car -1.0 -1.0 -1.0 -1.0 -1.0 -1.0 -1.0 1.733 1.579 4.688 1528.546 2.55 1368.923 1.4781446271488512 0.0
32.0 9.0 Bus -1.0 -1.0 -1.0 -1.0 -1.0 -1.0 -1.0 2.787 3.357 12.232 1543.485 2.424 1348.844 -1.677152716335467 0.0
32.0 1.0 Car -1.0 -1.0 -1.0 -1.0 -1.0 -1.0 -1.0 1.733 1.841 4.495 1525.857 2.958 1377.003 1.4083410796298332 0.0
32.0 5.0 Car -1.0 -1.0 -1.0 -1.0 -1.0 -1.0 -1.0 1.604 1.402 4.402 1536.335 1.218 1327.545 -2.1961216073933643 0.0
33.0 7.0 Car -1.0 -1.0 -1.0 -1.0 -1.0 -1.0 -1.0 1.733 1.402 4.688 1526.31 0.81 1282.814 -2.035072503751902 0.0
33.0 0.0 Bus -1.0 -1.0 -1.0 -1.0 -1.0 -1.0 -1.0 3.226 5.027 12.316 1530.467 4.783 1389.623 1.464176910206704 0.0
33.0 9.0 Bus -1.0 -1.0 -1.0 -1.0 -1.0 -1.0 -1.0 2.787 3.357 12.232 1543.458 2.471 1348.312 -1.6812589079013027 0.0
33.0 5.0 Car -1.0 -1.0 -1.0 -1.0 -1.0 -1.0 -1.0 1.604 1.402 4.402 1535.239 1.251 1325.785 -2.0622646166195313 0.0
34.0 7.0 Car -1.0 -1.0 -1.0 -1.0 -1.0 -1.0 -1.0 1.733 1.402 4.688 1525.723 0.849 1282.166 -2.19708850781577 0.0
34.0 0.0 Bus -1.0 -1.0 -1.0 -1.0 -1.0 -1.0 -1.0 3.226 5.027 12.316 1530.757 4.957 1391.883 1.464176910206704 0.0
34.0 9.0 Bus -1.0 -1.0 -1.0 -1.0 -1.0 -1.0 -1.0 2.787 3.357 12.232 1543.43 2.517 1347.78 -1.685360578314141 0.0
34.0 5.0 Car -1.0 -1.0 -1.0 -1.0 -1.0 -1.0 -1.0 1.604 1.402 4.402 1534.261 1.334 1323.557 -1.9285550100886193 0.0
35.0 7.0 Car -1.0 -1.0 -1.0 -1.0 -1.0 -1.0 -1.0 1.733 1.402 4.688 1524.984 0.881 1281.495 -2.344116812157969 0.0
35.0 9.0 Bus -1.0 -1.0 -1.0 -1.0 -1.0 -1.0 -1.0 2.787 3.357 12.232 1543.408 2.554 1347.355 -1.6886409578995103 0.0
35.0 5.0 Car -1.0 -1.0 -1.0 -1.0 -1.0 -1.0 -1.0 1.604 1.402 4.402 1533.536 1.401 1321.38 -1.9130439166748312 0.0
36.0 7.0 Car -1.0 -1.0 -1.0 -1.0 -1.0 -1.0 -1.0 1.733 1.402 4.688 1523.614 0.978 1281.033 -2.658291323879578 0.0
36.0 9.0 Bus -1.0 -1.0 -1.0 -1.0 -1.0 -1.0 -1.0 2.787 3.357 12.232 1543.351 2.58 1346.827 -1.6886409578995103 0.0
36.0 5.0 Car -1.0 -1.0 -1.0 -1.0 -1.0 -1.0 -1.0 1.604 1.402 4.402 1532.629 1.484 1318.658 -1.893648425048733 0.0
37.0 7.0 Car -1.0 -1.0 -1.0 -1.0 -1.0 -1.0 -1.0 1.733 1.402 4.688 1521.911 0.975 1280.739 -2.8851692061526886 0.0
37.0 9.0 Bus -1.0 -1.0 -1.0 -1.0 -1.0 -1.0 -1.0 2.787 3.357 12.232 1543.295 2.606 1346.3 -1.6886409578995103 0.0
37.0 5.0 Car -1.0 -1.0 -1.0 -1.0 -1.0 -1.0 -1.0 1.604 1.402 4.402 1531.651 1.452 1315.228 -1.8310232656306644 0.0
38.0 7.0 Car -1.0 -1.0 -1.0 -1.0 -1.0 -1.0 -1.0 1.733 1.402 4.688 1519.977 0.948 1280.656 -3.0597018054756404 0.0
38.0 9.0 Bus -1.0 -1.0 -1.0 -1.0 -1.0 -1.0 -1.0 2.787 3.357 12.232 1543.238 2.632 1345.772 -1.6886409578995103 0.0
38.0 5.0 Car -1.0 -1.0 -1.0 -1.0 -1.0 -1.0 -1.0 1.604 1.402 4.402 1530.89 1.42 1311.744 -1.7683948487140242 0.0
39.0 7.0 Car -1.0 -1.0 -1.0 -1.0 -1.0 -1.0 -1.0 1.733 1.402 4.688 1517.891 0.944 1280.594 -3.10102467846123 0.0
39.0 9.0 Bus -1.0 -1.0 -1.0 -1.0 -1.0 -1.0 -1.0 2.787 3.357 12.232 1543.187 2.656 1345.297 -1.6886409578995103 0.0
39.0 5.0 Car -1.0 -1.0 -1.0 -1.0 -1.0 -1.0 -1.0 1.604 1.402 4.402 1530.391 1.392 1308.572 -1.7120015346358477 0.0
