0.0 0.0 Car -1.0 -1.0 -1.0 -1.0 -1.0 -1.0 -1.0 1.577 1.572 3.349 255.866 0.252 918.327 -0.02530727415091505 0.0
1.0 0.0 Car -1.0 -1.0 -1.0 -1.0 -1.0 -1.0 -1.0 1.577 1.572 3.349 256.348 0.402 918.351 -0.02530727415091505 0.0
2.0 0.0 Car -1.0 -1.0 -1.0 -1.0 -1.0 -1.0 -1.0 1.577 1.572 3.349 256.817 0.402 917.891 -0.02530727415091505 0.0
3.0 0.0 Car -1.0 -1.0 -1.0 -1.0 -1.0 -1.0 -1.0 1.577 1.572 3.349 257.283 0.402 917.292 -0.02530727415091505 1.0
4.0 0.0 Car -1.0 -1.0 -1.0 -1.0 -1.0 -1.0 -1.0 1.577 1.572 3.349 258.016 0.402 917.197 -0.04276056667085837 1.0
5.0 0.0 Car -1.0 -1.0 -1.0 -1.0 -1.0 -1.0 -1.0 1.577 1.572 3.349 258.704 0.402 917.24 -0.02530727415091505 1.0
6.0 0.0 Car -1.0 -1.0 -1.0 -1.0 -1.0 -1.0 -1.0 1.577 1.572 3.349 259.312 0.402 917.167 -0.00785398163097173 1.0
7.0 0.0 Car -1.0 -1.0 -1.0 -1.0 -1.0 -1.0 -1.0 1.577 1.572 3.349 259.832 0.402 916.968 -0.02530727415091505 1.0
8.0 0.0 Car -1.0 -1.0 -1.0 -1.0 -1.0 -1.0 -1.0 1.577 1.572 3.349 260.46 0.402 916.927 -0.02530727415091505 0.0
9.0 0.0 Car -1.0 -1.0 -1.0 -1.0 -1.0 -1.0 -1.0 1.577 1.572 3.349 260.821 0.402 917.085 0.00959931088897159 0.0
10.0 0.0 Car -1.0 -1.0 -1.0 -1.0 -1.0 -1.0 -1.0 1.577 1.572 3.349 261.119 0.402 917.159 -0.00785398163097173 0.0
11.0 0.0 Car -1.0 -1.0 -1.0 -1.0 -1.0 -1.0 -1.0 1.577 1.572 3.349 261.366 0.402 917.026 -0.007853981630971063 0.0
12.0 0.0 Car -1.0 -1.0 -1.0 -1.0 -1.0 -1.0 -1.0 1.577 1.572 3.349 261.497 0.452 916.825 -0.007853981630971063 0.0
13.0 0.0 Car -1.0 -1.0 -1.0 -1.0 -1.0 -1.0 -1.0 1.577 1.572 3.349 261.906 0.702 916.853 -0.007853981630971063 0.0
14.0 0.0 Car -1.0 -1.0 -1.0 -1.0 -1.0 -1.0 -1.0 1.577 1.572 3.349 262.408 0.652 916.879 -0.007853981630971063 0.0
15.0 0.0 Car -1.0 -1.0 -1.0 -1.0 -1.0 -1.0 -1.0 1.577 1.572 3.349 263.0 0.702 916.79 -0.007853981630971063 0.0
16.0 0.0 Car -1.0 -1.0 -1.0 -1.0 -1.0 -1.0 -1.0 1.577 1.572 3.349 263.915 0.802 916.629 -0.007853981630971063 0.0
17.0 0.0 Car -1.0 -1.0 -1.0 -1.0 -1.0 -1.0 -1.0 1.577 1.572 3.349 264.948 0.985 916.467 -0.007853981630971063 0.0
18.0 0.0 Car -1.0 -1.0 -1.0 -1.0 -1.0 -1.0 -1.0 1.577 1.572 3.349 266.022 0.969 916.491 -0.007853981630971063 0.0
19.0 0.0 Car -1.0 -1.0 -1.0 -1.0 -1.0 -1.0 -1.0 1.577 1.572 3.349 267.457 0.652 916.405 -0.007853981630971063 0.0
