0.0 5.0 Car -1.0 -1.0 -1.0 -1.0 -1.0 -1.0 -1.0 2.033 1.679 4.385 1439.815 0.989 1212.556 0.850586211071162 0.0
0.0 3.0 Car -1.0 -1.0 -1.0 -1.0 -1.0 -1.0 -1.0 2.136 1.785 4.529 1447.795 0.842 1234.563 1.6313068919689493 0.0
0.0 4.0 Truck -1.0 -1.0 -1.0 -1.0 -1.0 -1.0 -1.0 3.142 4.137 9.947 1445.849 1.863 1214.277 0.8441284927340064 0.0
0.0 0.0 Car -1.0 -1.0 -1.0 -1.0 -1.0 -1.0 -1.0 1.884 1.837 4.793 1445.411 1.003 1219.281 0.8696626596831228 0.0
0.0 2.0 Car -1.0 -1.0 -1.0 -1.0 -1.0 -1.0 -1.0 1.838 1.583 4.165 1435.006 0.941 1212.163 0.8449487974179722 0.0
1.0 5.0 Car -1.0 -1.0 -1.0 -1.0 -1.0 -1.0 -1.0 2.033 1.679 4.385 1441.21 0.989 1214.146 0.850586211071162 1.0
1.0 3.0 Car -1.0 -1.0 -1.0 -1.0 -1.0 -1.0 -1.0 2.136 1.785 4.529 1446.999 0.842 1238.056 1.8407464022082687 1.0
1.0 4.0 Truck -1.0 -1.0 -1.0 -1.0 -1.0 -1.0 -1.0 3.142 4.137 9.947 1447.019 1.856 1215.572 0.8491125965933395 1.0
1.0 0.0 Car -1.0 -1.0 -1.0 -1.0 -1.0 -1.0 -1.0 1.884 1.837 4.793 1446.629 1.003 1220.782 0.8818818544817904 1.0
1.0 2.0 Car -1.0 -1.0 -1.0 -1.0 -1.0 -1.0 -1.0 1.838 1.583 4.165 1436.401 0.941 1213.735 0.8449487974179722 1.0
2.0 5.0 Car -1.0 -1.0 -1.0 -1.0 -1.0 -1.0 -1.0 2.033 1.679 4.385 1442.686 0.989 1215.828 0.850586211071162 1.0
2.0 3.0 Car -1.0 -1.0 -1.0 -1.0 -1.0 -1.0 -1.0 2.136 1.785 4.529 1445.385 0.842 1241.898 2.015279327407702 0.0
2.0 4.0 Truck -1.0 -1.0 -1.0 -1.0 -1.0 -1.0 -1.0 3.142 4.137 9.947 1448.433 1.85 1217.141 0.8541025334757686 1.0
2.0 0.0 Car -1.0 -1.0 -1.0 -1.0 -1.0 -1.0 -1.0 1.884 1.837 4.793 1447.826 1.003 1222.259 0.8747008855509609 1.0
2.0 2.0 Car -1.0 -1.0 -1.0 -1.0 -1.0 -1.0 -1.0 1.838 1.583 4.165 1437.797 0.891 1215.308 0.8449487974179722 1.0
3.0 5.0 Car -1.0 -1.0 -1.0 -1.0 -1.0 -1.0 -1.0 2.033 1.679 4.385 1444.2 0.939 1217.553 0.8505862110711622 1.0
3.0 3.0 Car -1.0 -1.0 -1.0 -1.0 -1.0 -1.0 -1.0 2.136 1.785 4.529 1442.774 0.792 1245.714 2.207265545127078 0.0
3.0 4.0 Truck -1.0 -1.0 -1.0 -1.0 -1.0 -1.0 -1.0 3.142 4.137 9.947 1449.937 1.843 1218.809 0.8416334245829954 1.0
3.0 0.0 Car -1.0 -1.0 -1.0 -1.0 -1.0 -1.0 -1.0 1.884 1.837 4.793 1449.217 1.003 1223.998 0.8849814885929488 1.0
3.0 2.0 Car -1.0 -1.0 -1.0 -1.0 -1.0 -1.0 -1.0 1.838 1.583 4.165 1439.192 0.866 1216.88 0.8449487974179722 1.0
4.0 5.0 Car -1.0 -1.0 -1.0 -1.0 -1.0 -1.0 -1.0 2.033 1.679 4.385 1445.517 0.889 1219.054 0.8505862110711622 1.0
4.0 3.0 Car -1.0 -1.0 -1.0 -1.0 -1.0 -1.0 -1.0 2.136 1.785 4.529 1439.828 0.642 1249.394 2.294532007726795 0.0
4.0 4.0 Truck -1.0 -1.0 -1.0 -1.0 -1.0 -1.0 -1.0 3.142 4.137 9.947 1451.647 1.837 1220.825 0.8509888574413818 1.0
4.0 0.0 Car -1.0 -1.0 -1.0 -1.0 -1.0 -1.0 -1.0 1.884 1.837 4.793 1451.148 1.003 1226.323 0.8753054672127221 1.0
4.0 2.0 Car -1.0 -1.0 -1.0 -1.0 -1.0 -1.0 -1.0 1.838 1.583 4.165 1440.588 0.841 1218.453 0.8449487974179722 0.0
5.0 5.0 Car -1.0 -1.0 -1.0 -1.0 -1.0 -1.0 -1.0 2.033 1.679 4.385 1446.833 0.939 1220.554 0.8505862110711622 1.0
5.0 3.0 Car -1.0 -1.0 -1.0 -1.0 -1.0 -1.0 -1.0 2.136 1.785 4.529 1436.118 0.492 1252.837 2.4341583478863416 0.0
5.0 4.0 Truck -1.0 -1.0 -1.0 -1.0 -1.0 -1.0 -1.0 3.142 4.137 9.947 1453.555 1.831 1223.03 0.8603442529101171 1.0
5.0 0.0 Car -1.0 -1.0 -1.0 -1.0 -1.0 -1.0 -1.0 1.884 1.837 4.793 1453.348 1.003 1228.925 0.8656294845034013 1.0
5.0 2.0 Car -1.0 -1.0 -1.0 -1.0 -1.0 -1.0 -1.0 1.838 1.583 4.165 1442.574 0.866 1220.691 0.8449487974179722 0.0
6.0 5.0 Car -1.0 -1.0 -1.0 -1.0 -1.0 -1.0 -1.0 2.033 1.679 4.385 1448.246 0.939 1222.165 0.8505862110711622 1.0
6.0 3.0 Car -1.0 -1.0 -1.0 -1.0 -1.0 -1.0 -1.0 2.136 1.785 4.529 1431.178 0.342 1256.56 2.5388781030060015 0.0
6.0 4.0 Truck -1.0 -1.0 -1.0 -1.0 -1.0 -1.0 -1.0 3.142 4.137 9.947 1455.459 1.824 1225.252 0.8623964869701035 1.0
6.0 0.0 Car -1.0 -1.0 -1.0 -1.0 -1.0 -1.0 -1.0 1.884 1.837 4.793 1455.752 1.003 1231.705 0.855974906140487 1.0
6.0 2.0 Car -1.0 -1.0 -1.0 -1.0 -1.0 -1.0 -1.0 1.838 1.583 4.165 1444.399 0.841 1222.977 0.9291942812352763 0.0
7.0 5.0 Car -1.0 -1.0 -1.0 -1.0 -1.0 -1.0 -1.0 2.033 1.679 4.385 1449.702 0.939 1223.824 0.8505862110711622 1.0
7.0 3.0 Car -1.0 -1.0 -1.0 -1.0 -1.0 -1.0 -1.0 2.136 1.785 4.529 1426.041 0.292 1259.739 2.626144565605718 0.0
7.0 4.0 Truck -1.0 -1.0 -1.0 -1.0 -1.0 -1.0 -1.0 3.142 4.137 9.947 1457.367 1.818 1227.479 0.864453431156327 1.0
7.0 0.0 Car -1.0 -1.0 -1.0 -1.0 -1.0 -1.0 -1.0 1.884 1.837 4.793 1458.175 1.003 1234.48 0.8462981693485014 1.0
7.0 2.0 Car -1.0 -1.0 -1.0 -1.0 -1.0 -1.0 -1.0 1.838 1.583 4.165 1446.094 0.766 1225.466 1.026769935479606 0.0
8.0 5.0 Car -1.0 -1.0 -1.0 -1.0 -1.0 -1.0 -1.0 2.033 1.679 4.385 1451.594 0.989 1225.98 0.8505862110711622 1.0
8.0 3.0 Car -1.0 -1.0 -1.0 -1.0 -1.0 -1.0 -1.0 2.136 1.785 4.529 1420.829 0.393 1262.96 2.626144565605718 0.0
8.0 4.0 Truck -1.0 -1.0 -1.0 -1.0 -1.0 -1.0 -1.0 3.142 4.137 9.947 1459.517 1.812 1229.99 0.8665077983363108 1.0
8.0 0.0 Car -1.0 -1.0 -1.0 -1.0 -1.0 -1.0 -1.0 1.884 1.837 4.793 1460.611 1.003 1237.239 0.8366335558855104 1.0
8.0 2.0 Car -1.0 -1.0 -1.0 -1.0 -1.0 -1.0 -1.0 1.838 1.583 4.165 1447.591 0.791 1228.078 1.1591080627769519 0.0
9.0 5.0 Car -1.0 -1.0 -1.0 -1.0 -1.0 -1.0 -1.0 2.033 1.679 4.385 1453.745 0.989 1228.431 0.8505862110711622 1.0
9.0 3.0 Car -1.0 -1.0 -1.0 -1.0 -1.0 -1.0 -1.0 2.136 1.785 4.529 1415.585 0.443 1266.128 2.6086912730857748 0.0
9.0 4.0 Truck -1.0 -1.0 -1.0 -1.0 -1.0 -1.0 -1.0 3.142 4.137 9.947 1461.667 1.805 1232.501 0.8685623545789531 1.0
9.0 0.0 Car -1.0 -1.0 -1.0 -1.0 -1.0 -1.0 -1.0 1.884 1.837 4.793 1463.121 1.003 1239.931 0.8269680529916842 1.0
9.0 2.0 Car -1.0 -1.0 -1.0 -1.0 -1.0 -1.0 -1.0 1.838 1.583 4.165 1448.632 0.816 1230.607 1.2551014858719505 0.0
10.0 5.0 Car -1.0 -1.0 -1.0 -1.0 -1.0 -1.0 -1.0 2.033 1.679 4.385 1456.115 1.089 1231.132 0.8505862110711622 1.0
10.0 3.0 Car -1.0 -1.0 -1.0 -1.0 -1.0 -1.0 -1.0 2.136 1.785 4.529 1409.778 0.693 1269.627 2.6086912730857748 0.0
10.0 4.0 Truck -1.0 -1.0 -1.0 -1.0 -1.0 -1.0 -1.0 3.142 4.137 9.947 1463.817 1.799 1235.012 0.8706168615009021 1.0
10.0 0.0 Car -1.0 -1.0 -1.0 -1.0 -1.0 -1.0 -1.0 1.884 1.837 4.793 1465.631 1.003 1242.623 0.817302782123293 1.0
10.0 2.0 Car -1.0 -1.0 -1.0 -1.0 -1.0 -1.0 -1.0 1.838 1.583 4.165 1449.528 0.865 1233.56 1.4256028558882194 0.0
11.0 5.0 Car -1.0 -1.0 -1.0 -1.0 -1.0 -1.0 -1.0 2.033 1.679 4.385 1458.684 1.094 1234.274 0.8771804503409044 1.0
11.0 3.0 Car -1.0 -1.0 -1.0 -1.0 -1.0 -1.0 -1.0 2.136 1.785 4.529 1403.399 0.661 1273.471 2.6086912730857748 0.0
11.0 4.0 Truck -1.0 -1.0 -1.0 -1.0 -1.0 -1.0 -1.0 3.142 4.137 9.947 1466.126 1.792 1237.709 0.8728736777978705 1.0
11.0 0.0 Car -1.0 -1.0 -1.0 -1.0 -1.0 -1.0 -1.0 1.884 1.837 4.793 1468.3 1.003 1245.424 0.8110176243770812 1.0
11.0 2.0 Car -1.0 -1.0 -1.0 -1.0 -1.0 -1.0 -1.0 1.838 1.583 4.165 1449.679 0.918 1236.938 1.6128936682954778 0.0
12.0 5.0 Car -1.0 -1.0 -1.0 -1.0 -1.0 -1.0 -1.0 2.033 1.679 4.385 1461.064 1.099 1237.093 0.8680395035911052 1.0
12.0 3.0 Car -1.0 -1.0 -1.0 -1.0 -1.0 -1.0 -1.0 2.136 1.785 4.529 1397.599 0.918 1276.967 2.6086912730857748 0.0
12.0 4.0 Truck -1.0 -1.0 -1.0 -1.0 -1.0 -1.0 -1.0 3.142 4.137 9.947 1468.249 1.785 1240.189 0.8749259200779723 1.0
12.0 0.0 Car -1.0 -1.0 -1.0 -1.0 -1.0 -1.0 -1.0 1.884 1.837 4.793 1470.727 1.003 1247.971 0.8053021984112138 1.0
12.0 2.0 Car -1.0 -1.0 -1.0 -1.0 -1.0 -1.0 -1.0 1.838 1.583 4.165 1449.186 0.967 1239.958 1.791591382298664 0.0
13.0 5.0 Car -1.0 -1.0 -1.0 -1.0 -1.0 -1.0 -1.0 2.033 1.679 4.385 1463.353 1.104 1239.758 0.8680395035911052 1.0
13.0 3.0 Car -1.0 -1.0 -1.0 -1.0 -1.0 -1.0 -1.0 2.136 1.785 4.529 1391.791 1.125 1280.466 2.6086912730857748 0.0
13.0 4.0 Truck -1.0 -1.0 -1.0 -1.0 -1.0 -1.0 -1.0 3.142 4.137 9.947 1470.127 1.819 1242.41 0.8692785820623671 1.0
13.0 0.0 Car -1.0 -1.0 -1.0 -1.0 -1.0 -1.0 -1.0 1.884 1.837 4.793 1473.077 1.003 1250.436 0.7995801106561359 1.0
13.0 2.0 Car -1.0 -1.0 -1.0 -1.0 -1.0 -1.0 -1.0 1.838 1.583 4.165 1448.163 1.016 1242.845 1.970497382877546 0.0
14.0 5.0 Car -1.0 -1.0 -1.0 -1.0 -1.0 -1.0 -1.0 2.033 1.679 4.385 1465.447 1.108 1242.193 0.8680395035911052 1.0
14.0 4.0 Truck -1.0 -1.0 -1.0 -1.0 -1.0 -1.0 -1.0 3.142 4.137 9.947 1472.004 1.853 1244.63 0.8636315490615777 1.0
14.0 0.0 Car -1.0 -1.0 -1.0 -1.0 -1.0 -1.0 -1.0 1.884 1.837 4.793 1475.357 1.003 1252.83 0.7938583319531347 1.0
14.0 2.0 Car -1.0 -1.0 -1.0 -1.0 -1.0 -1.0 -1.0 1.838 1.583 4.165 1446.642 1.065 1245.504 2.1493937206771436 0.0
15.0 5.0 Car -1.0 -1.0 -1.0 -1.0 -1.0 -1.0 -1.0 2.033 1.679 4.385 1467.056 1.113 1244.055 0.8680395035911052 1.0
15.0 1.0 Truck -1.0 -1.0 -1.0 -1.0 -1.0 -1.0 -1.0 3.704 3.671 8.619 1535.514 1.493 1348.563 -0.5008920419899523 0.0
15.0 4.0 Truck -1.0 -1.0 -1.0 -1.0 -1.0 -1.0 -1.0 3.142 4.137 9.947 1473.846 1.893 1246.777 0.8629378648629152 1.0
15.0 0.0 Car -1.0 -1.0 -1.0 -1.0 -1.0 -1.0 -1.0 1.884 1.837 4.793 1477.605 1.003 1255.191 0.78813052101145 1.0
15.0 2.0 Car -1.0 -1.0 -1.0 -1.0 -1.0 -1.0 -1.0 1.838 1.583 4.165 1444.67 1.113 1247.853 2.3284786616131536 0.0
16.0 5.0 Car -1.0 -1.0 -1.0 -1.0 -1.0 -1.0 -1.0 2.033 1.679 4.385 1468.432 1.117 1245.642 0.8680395035911052 1.0
16.0 1.0 Truck -1.0 -1.0 -1.0 -1.0 -1.0 -1.0 -1.0 3.704 3.671 8.619 1535.514 1.493 1348.563 -0.5008920419899523 1.0
16.0 4.0 Truck -1.0 -1.0 -1.0 -1.0 -1.0 -1.0 -1.0 3.142 4.137 9.947 1475.689 1.933 1248.926 0.8622433918889651 1.0
16.0 0.0 Car -1.0 -1.0 -1.0 -1.0 -1.0 -1.0 -1.0 1.884 1.837 4.793 1479.856 1.003 1257.555 0.7823961970834065 1.0
17.0 5.0 Car -1.0 -1.0 -1.0 -1.0 -1.0 -1.0 -1.0 2.033 1.679 4.385 1469.851 1.155 1247.187 0.8563998615178298 1.0
17.0 1.0 Truck -1.0 -1.0 -1.0 -1.0 -1.0 -1.0 -1.0 3.704 3.671 8.619 1535.41 1.493 1348.621 -0.5008920419899523 1.0
17.0 4.0 Truck -1.0 -1.0 -1.0 -1.0 -1.0 -1.0 -1.0 3.142 4.137 9.947 1477.528 1.973 1251.07 0.8615504451744029 1.0
17.0 0.0 Car -1.0 -1.0 -1.0 -1.0 -1.0 -1.0 -1.0 1.884 1.837 4.793 1482.109 1.003 1259.743 0.7940358391566817 1.0
18.0 5.0 Car -1.0 -1.0 -1.0 -1.0 -1.0 -1.0 -1.0 2.033 1.679 4.385 1471.268 1.193 1248.729 0.8447727469064554 1.0
18.0 1.0 Truck -1.0 -1.0 -1.0 -1.0 -1.0 -1.0 -1.0 3.704 3.671 8.619 1535.306 1.493 1348.678 -0.5008920419899523 1.0
18.0 4.0 Truck -1.0 -1.0 -1.0 -1.0 -1.0 -1.0 -1.0 3.142 4.137 9.947 1479.366 2.013 1253.212 0.8608582442614309 1.0
18.0 0.0 Car -1.0 -1.0 -1.0 -1.0 -1.0 -1.0 -1.0 1.884 1.837 4.793 1484.36 1.003 1261.929 0.8056629537680562 1.0
19.0 5.0 Car -1.0 -1.0 -1.0 -1.0 -1.0 -1.0 -1.0 2.033 1.679 4.385 1472.687 1.231 1250.274 0.8331329185512187 1.0
19.0 1.0 Truck -1.0 -1.0 -1.0 -1.0 -1.0 -1.0 -1.0 3.704 3.671 8.619 1535.115 1.493 1348.782 -0.5008920419899523 1.0
19.0 4.0 Truck -1.0 -1.0 -1.0 -1.0 -1.0 -1.0 -1.0 3.142 4.137 9.947 1481.205 2.053 1255.357 0.8601652864568822 1.0
19.0 0.0 Car -1.0 -1.0 -1.0 -1.0 -1.0 -1.0 -1.0 1.884 1.837 4.793 1486.614 1.003 1264.118 0.817302782123293 1.0
20.0 5.0 Car -1.0 -1.0 -1.0 -1.0 -1.0 -1.0 -1.0 2.033 1.679 4.385 1474.419 1.269 1251.987 0.8331329185512187 1.0
20.0 1.0 Truck -1.0 -1.0 -1.0 -1.0 -1.0 -1.0 -1.0 3.704 3.671 8.619 1535.218 1.518 1348.725 -0.5008920419899523 1.0
20.0 4.0 Truck -1.0 -1.0 -1.0 -1.0 -1.0 -1.0 -1.0 3.142 4.137 9.947 1483.046 2.093 1257.504 0.8693708222023654 1.0
20.0 0.0 Car -1.0 -1.0 -1.0 -1.0 -1.0 -1.0 -1.0 1.884 1.837 4.793 1488.828 1.003 1266.516 0.8231226745724658 1.0
21.0 5.0 Car -1.0 -1.0 -1.0 -1.0 -1.0 -1.0 -1.0 2.033 1.679 4.385 1476.15 1.307 1253.701 0.8331329185512187 1.0
21.0 1.0 Truck -1.0 -1.0 -1.0 -1.0 -1.0 -1.0 -1.0 3.704 3.671 8.619 1535.426 1.543 1348.612 -0.5008920419899523 1.0
21.0 4.0 Truck -1.0 -1.0 -1.0 -1.0 -1.0 -1.0 -1.0 3.142 4.137 9.947 1484.886 2.133 1259.652 0.8785767074618192 1.0
21.0 0.0 Car -1.0 -1.0 -1.0 -1.0 -1.0 -1.0 -1.0 1.884 1.837 4.793 1491.041 1.003 1268.914 0.8289427879901704 1.0
22.0 5.0 Car -1.0 -1.0 -1.0 -1.0 -1.0 -1.0 -1.0 2.033 1.679 4.385 1477.88 1.345 1255.412 0.8331329185512187 1.0
22.0 1.0 Truck -1.0 -1.0 -1.0 -1.0 -1.0 -1.0 -1.0 3.704 3.671 8.619 1535.894 1.568 1348.355 -0.5008920419899523 1.0
22.0 4.0 Truck -1.0 -1.0 -1.0 -1.0 -1.0 -1.0 -1.0 3.142 4.137 9.947 1486.642 2.173 1261.865 0.8964883702938364 1.0
22.0 0.0 Car -1.0 -1.0 -1.0 -1.0 -1.0 -1.0 -1.0 1.884 1.837 4.793 1493.252 1.003 1271.31 0.8347560746432364 1.0
23.0 5.0 Car -1.0 -1.0 -1.0 -1.0 -1.0 -1.0 -1.0 2.033 1.679 4.385 1479.611 1.383 1257.126 0.8331329185512187 1.0
23.0 1.0 Truck -1.0 -1.0 -1.0 -1.0 -1.0 -1.0 -1.0 3.704 3.671 8.619 1536.571 1.593 1347.985 -0.5008920419899523 1.0
23.0 4.0 Truck -1.0 -1.0 -1.0 -1.0 -1.0 -1.0 -1.0 3.142 4.137 9.947 1488.401 2.223 1264.042 0.8964883702938364 1.0
23.0 0.0 Car -1.0 -1.0 -1.0 -1.0 -1.0 -1.0 -1.0 1.884 1.837 4.793 1495.417 1.003 1273.737 0.8437076428340882 1.0
24.0 5.0 Car -1.0 -1.0 -1.0 -1.0 -1.0 -1.0 -1.0 2.033 1.679 4.385 1481.17 1.418 1258.669 0.8331329185512187 1.0
24.0 1.0 Truck -1.0 -1.0 -1.0 -1.0 -1.0 -1.0 -1.0 3.704 3.671 8.619 1536.994 1.616 1347.753 -0.5008920419899523 1.0
24.0 4.0 Truck -1.0 -1.0 -1.0 -1.0 -1.0 -1.0 -1.0 3.142 4.137 9.947 1489.986 2.268 1266.003 0.8964883702938364 1.0
24.0 0.0 Car -1.0 -1.0 -1.0 -1.0 -1.0 -1.0 -1.0 1.884 1.837 4.793 1497.367 1.003 1275.923 0.8517686995903068 1.0
25.0 5.0 Car -1.0 -1.0 -1.0 -1.0 -1.0 -1.0 -1.0 2.033 1.679 4.385 1482.902 1.456 1260.382 0.8331329185512187 1.0
25.0 1.0 Truck -1.0 -1.0 -1.0 -1.0 -1.0 -1.0 -1.0 3.704 3.671 8.619 1537.462 1.641 1347.497 -0.5008920419899523 1.0
25.0 4.0 Truck -1.0 -1.0 -1.0 -1.0 -1.0 -1.0 -1.0 3.142 4.137 9.947 1491.699 2.318 1268.217 0.8964883702938364 1.0
25.0 6.0 Car -1.0 -1.0 -1.0 -1.0 -1.0 -1.0 -1.0 2.111 1.709 4.533 1469.968 1.609 1240.131 0.8695055801680593 0.0
25.0 0.0 Car -1.0 -1.0 -1.0 -1.0 -1.0 -1.0 -1.0 1.884 1.837 4.793 1499.533 1.003 1278.35 0.8607201067936342 1.0
26.0 5.0 Car -1.0 -1.0 -1.0 -1.0 -1.0 -1.0 -1.0 2.033 1.679 4.385 1484.631 1.494 1262.094 0.8331329185512187 1.0
26.0 1.0 Truck -1.0 -1.0 -1.0 -1.0 -1.0 -1.0 -1.0 3.704 3.671 8.619 1537.986 1.666 1347.21 -0.5008920419899523 1.0
26.0 4.0 Truck -1.0 -1.0 -1.0 -1.0 -1.0 -1.0 -1.0 3.142 4.137 9.947 1493.411 2.368 1270.429 0.8964883702938364 1.0
26.0 6.0 Car -1.0 -1.0 -1.0 -1.0 -1.0 -1.0 -1.0 2.111 1.709 4.533 1472.173 1.663 1242.913 0.8695055801680593 1.0
26.0 0.0 Car -1.0 -1.0 -1.0 -1.0 -1.0 -1.0 -1.0 1.884 1.837 4.793 1501.696 1.003 1280.775 0.8696626596831228 1.0
27.0 5.0 Car -1.0 -1.0 -1.0 -1.0 -1.0 -1.0 -1.0 2.033 1.679 4.385 1486.475 1.508 1264.086 0.8333287815831312 1.0
27.0 1.0 Truck -1.0 -1.0 -1.0 -1.0 -1.0 -1.0 -1.0 3.704 3.671 8.619 1538.665 1.691 1346.839 -0.5008920419899523 1.0
27.0 4.0 Truck -1.0 -1.0 -1.0 -1.0 -1.0 -1.0 -1.0 3.142 4.137 9.947 1495.122 2.418 1272.64 0.8964883702938364 1.0
27.0 6.0 Car -1.0 -1.0 -1.0 -1.0 -1.0 -1.0 -1.0 2.111 1.709 4.533 1474.377 1.717 1245.696 0.8695055801680593 1.0
27.0 0.0 Car -1.0 -1.0 -1.0 -1.0 -1.0 -1.0 -1.0 1.884 1.837 4.793 1503.731 1.003 1283.142 0.8871159522030662 1.0
28.0 5.0 Car -1.0 -1.0 -1.0 -1.0 -1.0 -1.0 -1.0 2.033 1.679 4.385 1487.951 1.519 1265.682 0.8334856738202362 0.0
28.0 1.0 Truck -1.0 -1.0 -1.0 -1.0 -1.0 -1.0 -1.0 3.704 3.671 8.619 1539.376 1.711 1346.449 -0.5008920419899523 0.0
28.0 4.0 Truck -1.0 -1.0 -1.0 -1.0 -1.0 -1.0 -1.0 3.142 4.137 9.947 1496.575 2.418 1274.413 0.8887214383348705 0.0
28.0 6.0 Car -1.0 -1.0 -1.0 -1.0 -1.0 -1.0 -1.0 2.111 1.709 4.533 1476.102 1.76 1247.876 0.8695055801680593 0.0
28.0 0.0 Car -1.0 -1.0 -1.0 -1.0 -1.0 -1.0 -1.0 1.884 1.837 4.793 1505.341 1.003 1285.054 0.8871159522030662 0.0
29.0 5.0 Car -1.0 -1.0 -1.0 -1.0 -1.0 -1.0 -1.0 2.033 1.679 4.385 1489.793 1.533 1267.672 0.8336813385673779 0.0
29.0 1.0 Truck -1.0 -1.0 -1.0 -1.0 -1.0 -1.0 -1.0 3.704 3.671 8.619 1540.393 1.735 1345.892 -0.5008920419899523 0.0
29.0 4.0 Truck -1.0 -1.0 -1.0 -1.0 -1.0 -1.0 -1.0 3.142 4.137 9.947 1498.386 2.418 1276.624 0.8790350777738931 0.0
29.0 6.0 Car -1.0 -1.0 -1.0 -1.0 -1.0 -1.0 -1.0 2.111 1.709 4.533 1478.581 1.814 1250.983 0.8869492131060415 0.0
29.0 0.0 Car -1.0 -1.0 -1.0 -1.0 -1.0 -1.0 -1.0 1.884 1.837 4.793 1507.426 1.003 1287.534 0.8871159522030662 0.0
30.0 5.0 Car -1.0 -1.0 -1.0 -1.0 -1.0 -1.0 -1.0 2.033 1.679 4.385 1491.636 1.547 1269.664 0.8338772200170458 0.0
30.0 1.0 Truck -1.0 -1.0 -1.0 -1.0 -1.0 -1.0 -1.0 3.704 3.671 8.619 1541.203 1.76 1345.449 -0.5008920419899523 0.0
30.0 4.0 Truck -1.0 -1.0 -1.0 -1.0 -1.0 -1.0 -1.0 3.142 4.137 9.947 1500.326 2.418 1278.931 0.8790350777738931 0.0
30.0 6.0 Car -1.0 -1.0 -1.0 -1.0 -1.0 -1.0 -1.0 2.111 1.709 4.533 1481.062 1.868 1254.092 0.9044121652079461 0.0
30.0 0.0 Car -1.0 -1.0 -1.0 -1.0 -1.0 -1.0 -1.0 1.884 1.837 4.793 1509.598 1.003 1290.12 0.8696626596831228 0.0
31.0 5.0 Car -1.0 -1.0 -1.0 -1.0 -1.0 -1.0 -1.0 2.033 1.679 4.385 1493.479 1.56 1271.657 0.8340731014667138 0.0
31.0 1.0 Truck -1.0 -1.0 -1.0 -1.0 -1.0 -1.0 -1.0 3.704 3.671 8.619 1542.273 1.785 1344.863 -0.5008920419899523 0.0
31.0 4.0 Truck -1.0 -1.0 -1.0 -1.0 -1.0 -1.0 -1.0 3.142 4.137 9.947 1502.266 2.418 1281.237 0.8790350777738931 0.0
31.0 6.0 Car -1.0 -1.0 -1.0 -1.0 -1.0 -1.0 -1.0 2.111 1.709 4.533 1482.872 1.872 1256.5 0.9044121652079461 0.0
31.0 0.0 Car -1.0 -1.0 -1.0 -1.0 -1.0 -1.0 -1.0 1.884 1.837 4.793 1511.85 1.003 1292.853 0.8696626596831228 0.0
32.0 5.0 Car -1.0 -1.0 -1.0 -1.0 -1.0 -1.0 -1.0 2.033 1.679 4.385 1495.323 1.574 1273.649 0.8342689997666686 0.0
32.0 1.0 Truck -1.0 -1.0 -1.0 -1.0 -1.0 -1.0 -1.0 3.704 3.671 8.619 1543.604 1.81 1344.135 -0.5008920419899523 0.0
32.0 4.0 Truck -1.0 -1.0 -1.0 -1.0 -1.0 -1.0 -1.0 3.142 4.137 9.947 1504.206 2.418 1283.543 0.8790350777738931 0.0
32.0 6.0 Car -1.0 -1.0 -1.0 -1.0 -1.0 -1.0 -1.0 2.111 1.709 4.533 1484.682 1.876 1258.909 0.9044121652079461 0.0
32.0 0.0 Car -1.0 -1.0 -1.0 -1.0 -1.0 -1.0 -1.0 1.884 1.837 4.793 1514.188 1.003 1295.687 0.8696626596831228 0.0
33.0 5.0 Car -1.0 -1.0 -1.0 -1.0 -1.0 -1.0 -1.0 2.033 1.679 4.385 1497.164 1.588 1275.64 0.8344646547171318 0.0
33.0 1.0 Truck -1.0 -1.0 -1.0 -1.0 -1.0 -1.0 -1.0 3.704 3.671 8.619 1544.933 1.835 1343.407 -0.5008920419899523 0.0
33.0 4.0 Truck -1.0 -1.0 -1.0 -1.0 -1.0 -1.0 -1.0 3.142 4.137 9.947 1506.144 2.418 1285.847 0.8790350777738931 0.0
33.0 6.0 Car -1.0 -1.0 -1.0 -1.0 -1.0 -1.0 -1.0 2.111 1.709 4.533 1486.491 1.88 1261.314 0.9044121652079461 0.0
33.0 0.0 Car -1.0 -1.0 -1.0 -1.0 -1.0 -1.0 -1.0 1.884 1.837 4.793 1516.573 1.003 1298.475 0.8522093671631796 0.0
34.0 5.0 Car -1.0 -1.0 -1.0 -1.0 -1.0 -1.0 -1.0 2.033 1.679 4.385 1499.008 1.602 1277.632 0.8346605428285412 0.0
34.0 1.0 Truck -1.0 -1.0 -1.0 -1.0 -1.0 -1.0 -1.0 3.704 3.671 8.619 1545.916 1.885 1342.869 -0.5008920419899523 0.0
34.0 4.0 Truck -1.0 -1.0 -1.0 -1.0 -1.0 -1.0 -1.0 3.142 4.137 9.947 1508.084 2.418 1288.153 0.8790350777738931 0.0
34.0 6.0 Car -1.0 -1.0 -1.0 -1.0 -1.0 -1.0 -1.0 2.111 1.709 4.533 1488.301 1.818 1263.723 0.8869588726880027 0.0
34.0 0.0 Car -1.0 -1.0 -1.0 -1.0 -1.0 -1.0 -1.0 1.884 1.837 4.793 1518.9 1.003 1301.145 0.8522093671631796 0.0
35.0 5.0 Car -1.0 -1.0 -1.0 -1.0 -1.0 -1.0 -1.0 2.033 1.679 4.385 1500.779 1.679 1279.686 0.8348562122780884 0.0
35.0 1.0 Truck -1.0 -1.0 -1.0 -1.0 -1.0 -1.0 -1.0 3.704 3.671 8.619 1547.332 1.885 1342.093 -0.5008920419899523 0.0
35.0 4.0 Truck -1.0 -1.0 -1.0 -1.0 -1.0 -1.0 -1.0 3.142 4.137 9.947 1510.135 2.418 1290.594 0.8760296556156113 0.0
35.0 6.0 Car -1.0 -1.0 -1.0 -1.0 -1.0 -1.0 -1.0 2.111 1.709 4.533 1490.109 1.905 1266.128 0.8869588726880027 0.0
35.0 0.0 Car -1.0 -1.0 -1.0 -1.0 -1.0 -1.0 -1.0 1.884 1.837 4.793 1521.227 1.003 1303.765 0.8347560746432364 0.0
36.0 5.0 Car -1.0 -1.0 -1.0 -1.0 -1.0 -1.0 -1.0 2.033 1.679 4.385 1502.553 1.755 1281.742 0.8350520952952248 0.0
36.0 1.0 Truck -1.0 -1.0 -1.0 -1.0 -1.0 -1.0 -1.0 3.704 3.671 8.619 1548.724 1.835 1341.332 -0.5008920419899523 0.0
36.0 4.0 Truck -1.0 -1.0 -1.0 -1.0 -1.0 -1.0 -1.0 3.142 4.137 9.947 1512.189 2.418 1293.037 0.8730209531252892 0.0
36.0 6.0 Car -1.0 -1.0 -1.0 -1.0 -1.0 -1.0 -1.0 2.111 1.709 4.533 1491.997 1.992 1268.632 0.8869588726880027 0.0
36.0 0.0 Car -1.0 -1.0 -1.0 -1.0 -1.0 -1.0 -1.0 1.884 1.837 4.793 1523.472 1.003 1306.242 0.8347560746432364 0.0
37.0 5.0 Car -1.0 -1.0 -1.0 -1.0 -1.0 -1.0 -1.0 2.033 1.679 4.385 1504.276 1.722 1283.847 0.8352481985416917 0.0
37.0 1.0 Truck -1.0 -1.0 -1.0 -1.0 -1.0 -1.0 -1.0 3.704 3.671 8.619 1550.186 1.785 1340.531 -0.5008920419899523 0.0
37.0 4.0 Truck -1.0 -1.0 -1.0 -1.0 -1.0 -1.0 -1.0 3.142 4.137 9.947 1514.113 2.418 1295.326 0.8700088679806433 0.0
37.0 6.0 Car -1.0 -1.0 -1.0 -1.0 -1.0 -1.0 -1.0 2.111 1.709 4.533 1493.65 1.879 1270.649 0.8520522876481161 0.0
37.0 0.0 Car -1.0 -1.0 -1.0 -1.0 -1.0 -1.0 -1.0 1.884 1.837 4.793 1525.519 1.003 1308.502 0.8347560746432364 0.0
38.0 5.0 Car -1.0 -1.0 -1.0 -1.0 -1.0 -1.0 -1.0 2.033 1.679 4.385 1505.997 1.688 1285.95 0.8354440893961708 0.0
38.0 1.0 Truck -1.0 -1.0 -1.0 -1.0 -1.0 -1.0 -1.0 3.704 3.671 8.619 1551.908 1.735 1339.589 -0.5008920419899523 0.0
38.0 4.0 Truck -1.0 -1.0 -1.0 -1.0 -1.0 -1.0 -1.0 3.142 4.137 9.947 1515.946 2.418 1297.508 0.8670000451111638 0.0
38.0 6.0 Car -1.0 -1.0 -1.0 -1.0 -1.0 -1.0 -1.0 2.111 1.709 4.533 1495.385 1.867 1272.713 0.8520522876481161 0.0
38.0 0.0 Car -1.0 -1.0 -1.0 -1.0 -1.0 -1.0 -1.0 1.884 1.837 4.793 1527.409 1.003 1310.589 0.8347560746432364 0.0
39.0 5.0 Car -1.0 -1.0 -1.0 -1.0 -1.0 -1.0 -1.0 2.033 1.679 4.385 1507.784 1.673 1288.003 0.8244467846208351 0.0
39.0 1.0 Truck -1.0 -1.0 -1.0 -1.0 -1.0 -1.0 -1.0 3.704 3.671 8.619 1553.542 1.785 1338.694 -0.5008920419899523 0.0
39.0 4.0 Truck -1.0 -1.0 -1.0 -1.0 -1.0 -1.0 -1.0 3.142 4.137 9.947 1517.701 2.418 1299.598 0.863985227359644 0.0
39.0 6.0 Car -1.0 -1.0 -1.0 -1.0 -1.0 -1.0 -1.0 2.111 1.709 4.533 1497.165 1.904 1274.829 0.8345989951281728 0.0
39.0 0.0 Car -1.0 -1.0 -1.0 -1.0 -1.0 -1.0 -1.0 1.884 1.837 4.793 1529.215 1.003 1312.582 0.8347560746432364 0.0
