0.0 0.0 Car -1.0 -1.0 -1.0 -1.0 -1.0 -1.0 -1.0 2.08 1.91 5.113 1736.197 1.018 784.91 3.0523016090638597 0.0
1.0 0.0 Car -1.0 -1.0 -1.0 -1.0 -1.0 -1.0 -1.0 2.08 1.91 5.113 1734.72 1.018 785.091 3.026121251778232 1.0
2.0 0.0 Car -1.0 -1.0 -1.0 -1.0 -1.0 -1.0 -1.0 2.08 1.91 5.113 1733.248 1.018 785.311 2.99994173150403 1.0
3.0 0.0 Car -1.0 -1.0 -1.0 -1.0 -1.0 -1.0 -1.0 2.08 1.91 5.113 1731.299 1.009 785.645 2.96048281888931 1.0
4.0 0.0 Car -1.0 -1.0 -1.0 -1.0 -1.0 -1.0 -1.0 2.08 1.91 5.113 1729.176 0.999 786.1 2.917142357910471 1.0
5.0 0.0 Car -1.0 -1.0 -1.0 -1.0 -1.0 -1.0 -1.0 2.08 1.91 5.113 1727.026 0.99 786.706 2.877768683864427 1.0
6.0 0.0 Car -1.0 -1.0 -1.0 -1.0 -1.0 -1.0 -1.0 2.08 1.91 5.113 1724.475 0.987 787.549 2.8341485786514458 1.0
7.0 0.0 Car -1.0 -1.0 -1.0 -1.0 -1.0 -1.0 -1.0 2.08 1.91 5.113 1721.963 0.984 788.503 2.7905268135672454 1.0
8.0 0.0 Car -1.0 -1.0 -1.0 -1.0 -1.0 -1.0 -1.0 2.08 1.91 5.113 1719.173 0.981 789.804 2.746902165548823 1.0
9.0 0.0 Car -1.0 -1.0 -1.0 -1.0 -1.0 -1.0 -1.0 2.08 1.91 5.113 1716.359 1.005 791.193 2.7032357586649933 1.0
10.0 0.0 Car -1.0 -1.0 -1.0 -1.0 -1.0 -1.0 -1.0 2.08 1.91 5.113 1713.682 1.004 792.767 2.6450601364939423 1.0
11.0 0.0 Car -1.0 -1.0 -1.0 -1.0 -1.0 -1.0 -1.0 2.08 1.91 5.113 1711.101 1.004 794.494 2.586880785900565 1.0
12.0 0.0 Car -1.0 -1.0 -1.0 -1.0 -1.0 -1.0 -1.0 2.08 1.91 5.113 1708.612 1.012 796.382 2.5287028334655606 1.0
13.0 0.0 Car -1.0 -1.0 -1.0 -1.0 -1.0 -1.0 -1.0 2.08 1.91 5.113 1706.205 1.015 798.495 2.415181029084203 1.0
14.0 0.0 Car -1.0 -1.0 -1.0 -1.0 -1.0 -1.0 -1.0 2.08 1.91 5.113 1704.141 1.038 800.731 2.3250323216370203 1.0
15.0 0.0 Car -1.0 -1.0 -1.0 -1.0 -1.0 -1.0 -1.0 2.08 1.91 5.113 1702.307 1.06 803.116 2.23487910547399 1.0
16.0 0.0 Car -1.0 -1.0 -1.0 -1.0 -1.0 -1.0 -1.0 2.08 1.91 5.113 1700.728 1.051 805.609 2.144730398026807 1.0
17.0 0.0 Car -1.0 -1.0 -1.0 -1.0 -1.0 -1.0 -1.0 2.08 1.91 5.113 1699.379 1.05 808.158 2.0633339652044924 1.0
18.0 0.0 Car -1.0 -1.0 -1.0 -1.0 -1.0 -1.0 -1.0 2.08 1.91 5.113 1698.294 1.048 810.695 1.9818634487377544 1.0
19.0 0.0 Car -1.0 -1.0 -1.0 -1.0 -1.0 -1.0 -1.0 2.08 1.91 5.113 1697.418 1.047 813.312 1.9003843027476006 1.0
20.0 0.0 Car -1.0 -1.0 -1.0 -1.0 -1.0 -1.0 -1.0 2.08 1.91 5.113 1696.865 1.039 815.817 1.8014458011835965 1.0
21.0 0.0 Car -1.0 -1.0 -1.0 -1.0 -1.0 -1.0 -1.0 2.08 1.91 5.113 1696.562 1.031 818.361 1.702616831472569 1.0
22.0 0.0 Car -1.0 -1.0 -1.0 -1.0 -1.0 -1.0 -1.0 2.08 1.91 5.113 1696.511 1.023 820.925 1.6036783299085648 1.0
23.0 0.0 Car -1.0 -1.0 -1.0 -1.0 -1.0 -1.0 -1.0 2.08 1.91 5.113 1696.624 1.019 823.191 1.512903626821993 1.0
24.0 0.0 Car -1.0 -1.0 -1.0 -1.0 -1.0 -1.0 -1.0 2.08 1.91 5.113 1696.955 1.001 825.286 1.4177700067956827 1.0
25.0 0.0 Car -1.0 -1.0 -1.0 -1.0 -1.0 -1.0 -1.0 2.08 1.91 5.113 1697.347 1.001 827.022 1.3691813776032096 1.0
26.0 0.0 Car -1.0 -1.0 -1.0 -1.0 -1.0 -1.0 -1.0 2.08 1.91 5.113 1697.776 1.0 828.532 1.3031429511682893 1.0
27.0 0.0 Car -1.0 -1.0 -1.0 -1.0 -1.0 -1.0 -1.0 2.08 1.91 5.113 1698.235 1.0 829.854 1.2720657720296422 0.0
28.0 0.0 Car -1.0 -1.0 -1.0 -1.0 -1.0 -1.0 -1.0 2.08 1.91 5.113 1698.755 1.016 831.1 1.2240686218587449 0.0
29.0 0.0 Car -1.0 -1.0 -1.0 -1.0 -1.0 -1.0 -1.0 2.08 1.91 5.113 1699.23 1.024 832.202 1.199343965723615 0.0
30.0 0.0 Car -1.0 -1.0 -1.0 -1.0 -1.0 -1.0 -1.0 2.08 1.91 5.113 1699.609 1.022 833.142 1.165891799177848 0.0
31.0 0.0 Car -1.0 -1.0 -1.0 -1.0 -1.0 -1.0 -1.0 2.08 1.91 5.113 1700.02 1.019 834.069 1.1324394318700954 0.0
32.0 0.0 Car -1.0 -1.0 -1.0 -1.0 -1.0 -1.0 -1.0 2.08 1.91 5.113 1700.374 0.995 834.742 1.1055634645799504 0.0
33.0 0.0 Car -1.0 -1.0 -1.0 -1.0 -1.0 -1.0 -1.0 2.08 1.91 5.113 1700.71 1.012 835.459 1.1034083106543229 0.0
34.0 0.0 Car -1.0 -1.0 -1.0 -1.0 -1.0 -1.0 -1.0 2.08 1.91 5.113 1700.994 1.027 835.971 1.1014497796411198 0.0
35.0 0.0 Car -1.0 -1.0 -1.0 -1.0 -1.0 -1.0 -1.0 2.08 1.91 5.113 1701.211 1.022 836.312 1.099492188376975 0.0
36.0 0.0 Car -1.0 -1.0 -1.0 -1.0 -1.0 -1.0 -1.0 2.08 1.91 5.113 1701.347 1.029 836.493 1.097532846830209 0.0
37.0 0.0 Car -1.0 -1.0 -1.0 -1.0 -1.0 -1.0 -1.0 2.08 1.91 5.113 1701.303 1.017 836.395 1.0858973650379835 0.0
38.0 0.0 Car -1.0 -1.0 -1.0 -1.0 -1.0 -1.0 -1.0 2.08 1.91 5.113 1701.226 1.056 836.235 1.0742622789581906 0.0
