0.0 0.0 Car -1.0 -1.0 -1.0 -1.0 -1.0 -1.0 -1.0 1.677 1.487 3.914 785.022 0.347 2286.065 0.9584494900307714 0.0
0.0 5.0 Car -1.0 -1.0 -1.0 -1.0 -1.0 -1.0 -1.0 2.098 1.711 4.474 749.749 1.878 2235.216 0.9584494900307714 0.0
0.0 3.0 Car -1.0 -1.0 -1.0 -1.0 -1.0 -1.0 -1.0 1.911 1.715 4.652 808.646 -0.383 2314.638 -2.152633794177209 0.0
1.0 0.0 Car -1.0 -1.0 -1.0 -1.0 -1.0 -1.0 -1.0 1.677 1.487 3.914 789.452 0.27 2292.264 0.9584494900307714 1.0
1.0 5.0 Car -1.0 -1.0 -1.0 -1.0 -1.0 -1.0 -1.0 2.098 1.711 4.474 753.62 1.923 2241.037 0.9584494900307714 1.0
1.0 3.0 Car -1.0 -1.0 -1.0 -1.0 -1.0 -1.0 -1.0 1.911 1.715 4.652 806.221 -0.126 2310.544 -2.204993671737038 1.0
2.0 0.0 Car -1.0 -1.0 -1.0 -1.0 -1.0 -1.0 -1.0 1.677 1.487 3.914 793.179 0.206 2297.396 0.9584494900307714 1.0
2.0 5.0 Car -1.0 -1.0 -1.0 -1.0 -1.0 -1.0 -1.0 2.098 1.711 4.474 756.782 2.044 2245.798 0.9584494900307714 1.0
2.0 3.0 Car -1.0 -1.0 -1.0 -1.0 -1.0 -1.0 -1.0 1.911 1.715 4.652 803.332 0.005 2306.152 -2.187540798206729 1.0
3.0 0.0 Car -1.0 -1.0 -1.0 -1.0 -1.0 -1.0 -1.0 1.677 1.487 3.914 796.844 0.217 2302.649 0.9584494900307714 1.0
3.0 5.0 Car -1.0 -1.0 -1.0 -1.0 -1.0 -1.0 -1.0 2.098 1.711 4.474 760.021 2.014 2250.507 0.9584494900307714 1.0
3.0 3.0 Car -1.0 -1.0 -1.0 -1.0 -1.0 -1.0 -1.0 1.911 1.715 4.652 799.842 0.287 2301.246 -2.1700870866971513 0.0
4.0 0.0 Car -1.0 -1.0 -1.0 -1.0 -1.0 -1.0 -1.0 1.677 1.487 3.914 800.632 0.268 2308.001 0.9584494900307714 1.0
4.0 5.0 Car -1.0 -1.0 -1.0 -1.0 -1.0 -1.0 -1.0 2.098 1.711 4.474 763.259 2.035 2255.215 0.9584494900307714 1.0
4.0 3.0 Car -1.0 -1.0 -1.0 -1.0 -1.0 -1.0 -1.0 1.911 1.715 4.652 796.544 0.574 2296.637 -2.1700870866971513 0.0
5.0 0.0 Car -1.0 -1.0 -1.0 -1.0 -1.0 -1.0 -1.0 1.677 1.487 3.914 804.398 0.269 2313.368 0.9584494900307714 1.0
5.0 5.0 Car -1.0 -1.0 -1.0 -1.0 -1.0 -1.0 -1.0 2.098 1.711 4.474 766.448 2.156 2259.959 0.9584494900307714 1.0
5.0 2.0 Bus -1.0 -1.0 -1.0 -1.0 -1.0 -1.0 -1.0 3.06 3.393 12.671 854.877 -0.425 2377.994 -2.171091764501727 0.0
5.0 3.0 Car -1.0 -1.0 -1.0 -1.0 -1.0 -1.0 -1.0 1.911 1.715 4.652 793.471 0.894 2292.222 -2.1700870866971513 0.0
6.0 0.0 Car -1.0 -1.0 -1.0 -1.0 -1.0 -1.0 -1.0 1.677 1.487 3.914 808.155 0.245 2318.854 0.9584494900307714 1.0
6.0 5.0 Car -1.0 -1.0 -1.0 -1.0 -1.0 -1.0 -1.0 2.098 1.711 4.474 769.639 2.176 2264.709 0.9409961975108281 1.0
6.0 2.0 Bus -1.0 -1.0 -1.0 -1.0 -1.0 -1.0 -1.0 3.06 3.393 12.671 851.95 -0.25 2373.866 -2.165269610318131 1.0
6.0 3.0 Car -1.0 -1.0 -1.0 -1.0 -1.0 -1.0 -1.0 1.911 1.715 4.652 790.335 1.273 2287.717 -2.1700870866971513 0.0
7.0 0.0 Car -1.0 -1.0 -1.0 -1.0 -1.0 -1.0 -1.0 1.677 1.487 3.914 811.797 0.315 2324.245 0.9759027825507148 1.0
7.0 5.0 Car -1.0 -1.0 -1.0 -1.0 -1.0 -1.0 -1.0 2.098 1.711 4.474 773.069 2.197 2269.576 0.9409961975108281 1.0
7.0 2.0 Bus -1.0 -1.0 -1.0 -1.0 -1.0 -1.0 -1.0 3.06 3.393 12.671 849.029 0.024 2369.748 -2.1594602422333846 1.0
7.0 3.0 Car -1.0 -1.0 -1.0 -1.0 -1.0 -1.0 -1.0 1.911 1.715 4.652 787.097 1.634 2282.948 -2.1700870866971513 0.0
8.0 0.0 Car -1.0 -1.0 -1.0 -1.0 -1.0 -1.0 -1.0 1.677 1.487 3.914 815.681 0.296 2329.797 0.9584494900307714 1.0
8.0 5.0 Car -1.0 -1.0 -1.0 -1.0 -1.0 -1.0 -1.0 2.098 1.711 4.474 776.53 2.218 2274.855 0.9409961975108281 1.0
8.0 2.0 Bus -1.0 -1.0 -1.0 -1.0 -1.0 -1.0 -1.0 3.06 3.393 12.671 846.101 0.324 2365.621 -2.1536384719817825 1.0
8.0 3.0 Car -1.0 -1.0 -1.0 -1.0 -1.0 -1.0 -1.0 1.911 1.715 4.652 783.857 2.047 2278.573 -2.1700870866971513 0.0
9.0 0.0 Car -1.0 -1.0 -1.0 -1.0 -1.0 -1.0 -1.0 1.677 1.487 3.914 819.383 0.262 2335.18 0.9584494900307714 1.0
9.0 5.0 Car -1.0 -1.0 -1.0 -1.0 -1.0 -1.0 -1.0 2.098 1.711 4.474 780.109 2.288 2280.032 0.9409961975108281 1.0
9.0 2.0 Bus -1.0 -1.0 -1.0 -1.0 -1.0 -1.0 -1.0 3.06 3.393 12.671 843.031 0.544 2361.489 -2.1885450570216687 1.0
9.0 3.0 Car -1.0 -1.0 -1.0 -1.0 -1.0 -1.0 -1.0 1.911 1.715 4.652 780.838 2.458 2274.294 -2.1700870866971513 0.0
10.0 0.0 Car -1.0 -1.0 -1.0 -1.0 -1.0 -1.0 -1.0 1.677 1.487 3.914 823.206 0.302 2340.706 0.9584494900307714 1.0
10.0 5.0 Car -1.0 -1.0 -1.0 -1.0 -1.0 -1.0 -1.0 2.098 1.711 4.474 783.939 2.209 2285.503 0.9526269017474799 1.0
10.0 2.0 Bus -1.0 -1.0 -1.0 -1.0 -1.0 -1.0 -1.0 3.06 3.393 12.671 839.991 0.903 2357.326 -2.1841776543926112 1.0
10.0 3.0 Car -1.0 -1.0 -1.0 -1.0 -1.0 -1.0 -1.0 1.911 1.715 4.652 777.948 2.658 2270.092 -2.204993671737038 0.0
10.0 1.0 Car -1.0 -1.0 -1.0 -1.0 -1.0 -1.0 -1.0 1.952 1.614 4.555 865.021 -0.624 2393.71 -2.1799614817705026 0.0
11.0 0.0 Car -1.0 -1.0 -1.0 -1.0 -1.0 -1.0 -1.0 1.677 1.487 3.914 826.866 0.342 2346.057 0.9584494900307714 1.0
11.0 5.0 Car -1.0 -1.0 -1.0 -1.0 -1.0 -1.0 -1.0 2.098 1.711 4.474 787.863 2.278 2290.894 0.9468122127503807 1.0
11.0 2.0 Bus -1.0 -1.0 -1.0 -1.0 -1.0 -1.0 -1.0 3.06 3.393 12.671 836.956 1.144 2353.169 -2.179816176854185 0.0
11.0 3.0 Car -1.0 -1.0 -1.0 -1.0 -1.0 -1.0 -1.0 1.911 1.715 4.652 775.009 3.132 2265.931 -2.204993671737038 0.0
11.0 1.0 Car -1.0 -1.0 -1.0 -1.0 -1.0 -1.0 -1.0 1.952 1.614 4.555 861.64 -0.515 2389.053 -2.1799614817705026 1.0
12.0 0.0 Car -1.0 -1.0 -1.0 -1.0 -1.0 -1.0 -1.0 1.677 1.487 3.914 830.583 0.336 2351.475 0.9584494900307714 1.0
12.0 5.0 Car -1.0 -1.0 -1.0 -1.0 -1.0 -1.0 -1.0 2.098 1.711 4.474 791.614 2.299 2296.412 0.9409961975108281 1.0
12.0 2.0 Bus -1.0 -1.0 -1.0 -1.0 -1.0 -1.0 -1.0 3.06 3.393 12.671 834.267 1.286 2349.514 -2.1754537045288185 0.0
12.0 3.0 Car -1.0 -1.0 -1.0 -1.0 -1.0 -1.0 -1.0 1.911 1.715 4.652 772.07 3.607 2261.77 -2.204993671737038 0.0
12.0 1.0 Car -1.0 -1.0 -1.0 -1.0 -1.0 -1.0 -1.0 1.952 1.614 4.555 858.233 -0.306 2384.412 -2.1799614817705026 1.0
12.0 4.0 Truck -1.0 -1.0 -1.0 -1.0 -1.0 -1.0 -1.0 2.194 3.172 6.546 883.281 -0.07 2420.406 -2.169906430989139 0.0
13.0 0.0 Car -1.0 -1.0 -1.0 -1.0 -1.0 -1.0 -1.0 1.677 1.487 3.914 834.358 0.314 2356.85 0.9584494900307714 1.0
13.0 5.0 Car -1.0 -1.0 -1.0 -1.0 -1.0 -1.0 -1.0 2.098 1.711 4.474 795.941 2.252 2302.572 0.9584494900307714 1.0
13.0 2.0 Bus -1.0 -1.0 -1.0 -1.0 -1.0 -1.0 -1.0 3.06 3.393 12.671 831.251 1.227 2345.237 -2.171091764501727 0.0
13.0 3.0 Car -1.0 -1.0 -1.0 -1.0 -1.0 -1.0 -1.0 1.911 1.715 4.652 768.94 4.031 2257.43 -2.204993671737038 0.0
13.0 1.0 Car -1.0 -1.0 -1.0 -1.0 -1.0 -1.0 -1.0 1.952 1.614 4.555 854.917 -0.097 2379.709 -2.1799614817705026 0.0
13.0 4.0 Truck -1.0 -1.0 -1.0 -1.0 -1.0 -1.0 -1.0 2.194 3.172 6.546 880.642 0.203 2416.484 -2.174269747572408 1.0
14.0 0.0 Car -1.0 -1.0 -1.0 -1.0 -1.0 -1.0 -1.0 1.677 1.487 3.914 838.148 0.367 2362.32 0.9584494900307714 1.0
14.0 5.0 Car -1.0 -1.0 -1.0 -1.0 -1.0 -1.0 -1.0 2.098 1.711 4.474 799.967 2.155 2308.157 0.9584494900307714 1.0
14.0 2.0 Bus -1.0 -1.0 -1.0 -1.0 -1.0 -1.0 -1.0 3.06 3.393 12.671 828.1 1.781 2340.926 -2.171091764501727 0.0
14.0 3.0 Car -1.0 -1.0 -1.0 -1.0 -1.0 -1.0 -1.0 1.911 1.715 4.652 766.259 4.255 2253.593 -2.204993671737038 0.0
14.0 1.0 Car -1.0 -1.0 -1.0 -1.0 -1.0 -1.0 -1.0 1.952 1.614 4.555 851.635 0.111 2374.983 -2.1799614817705026 0.0
14.0 4.0 Truck -1.0 -1.0 -1.0 -1.0 -1.0 -1.0 -1.0 2.194 3.172 6.546 877.281 0.476 2411.912 -2.1786329244923963 1.0
15.0 0.0 Car -1.0 -1.0 -1.0 -1.0 -1.0 -1.0 -1.0 1.677 1.487 3.914 841.909 0.319 2367.601 0.9584494900307714 1.0
15.0 5.0 Car -1.0 -1.0 -1.0 -1.0 -1.0 -1.0 -1.0 2.098 1.711 4.474 804.103 2.236 2314.179 0.9548148213175607 1.0
15.0 2.0 Bus -1.0 -1.0 -1.0 -1.0 -1.0 -1.0 -1.0 3.06 3.393 12.671 825.093 1.985 2336.517 -2.171091764501727 0.0
15.0 1.0 Car -1.0 -1.0 -1.0 -1.0 -1.0 -1.0 -1.0 1.952 1.614 4.555 848.352 0.32 2370.256 -2.1799614817705026 0.0
15.0 4.0 Truck -1.0 -1.0 -1.0 -1.0 -1.0 -1.0 -1.0 2.194 3.172 6.546 874.311 0.575 2407.508 -2.1829964243837225 1.0
16.0 0.0 Car -1.0 -1.0 -1.0 -1.0 -1.0 -1.0 -1.0 1.677 1.487 3.914 845.666 0.42 2372.977 0.9584494900307714 1.0
16.0 5.0 Car -1.0 -1.0 -1.0 -1.0 -1.0 -1.0 -1.0 2.098 1.711 4.474 808.001 2.166 2319.916 0.9511803198365708 1.0
16.0 2.0 Bus -1.0 -1.0 -1.0 -1.0 -1.0 -1.0 -1.0 3.06 3.393 12.671 821.941 2.139 2332.206 -2.171091764501727 0.0
16.0 1.0 Car -1.0 -1.0 -1.0 -1.0 -1.0 -1.0 -1.0 1.952 1.614 4.555 844.945 0.579 2365.372 -2.1799614817705026 0.0
16.0 4.0 Truck -1.0 -1.0 -1.0 -1.0 -1.0 -1.0 -1.0 2.194 3.172 6.546 871.242 0.623 2403.174 -2.1873597235090814 1.0
17.0 0.0 Car -1.0 -1.0 -1.0 -1.0 -1.0 -1.0 -1.0 1.677 1.487 3.914 849.339 0.471 2378.422 0.9584494900307714 1.0
17.0 5.0 Car -1.0 -1.0 -1.0 -1.0 -1.0 -1.0 -1.0 2.098 1.711 4.474 812.21 2.146 2325.668 0.9475415284855684 1.0
17.0 2.0 Bus -1.0 -1.0 -1.0 -1.0 -1.0 -1.0 -1.0 3.06 3.393 12.671 818.997 2.56 2327.825 -2.171091764501727 0.0
17.0 1.0 Car -1.0 -1.0 -1.0 -1.0 -1.0 -1.0 -1.0 1.952 1.614 4.555 841.821 0.788 2360.893 -2.1799614817705026 0.0
17.0 4.0 Truck -1.0 -1.0 -1.0 -1.0 -1.0 -1.0 -1.0 2.194 3.172 6.546 867.843 0.783 2398.595 -2.2048130160290254 0.0
18.0 6.0 Car -1.0 -1.0 -1.0 -1.0 -1.0 -1.0 -1.0 1.765 1.461 4.328 878.006 0.046 2413.085 -2.20507844141934 0.0
18.0 0.0 Car -1.0 -1.0 -1.0 -1.0 -1.0 -1.0 -1.0 1.677 1.487 3.914 852.387 0.498 2382.725 0.9584494900307714 1.0
18.0 5.0 Car -1.0 -1.0 -1.0 -1.0 -1.0 -1.0 -1.0 2.098 1.711 4.474 815.554 2.054 2330.707 0.9446348943392708 1.0
18.0 2.0 Bus -1.0 -1.0 -1.0 -1.0 -1.0 -1.0 -1.0 3.06 3.393 12.671 816.285 2.703 2324.573 -2.171091764501727 0.0
18.0 1.0 Car -1.0 -1.0 -1.0 -1.0 -1.0 -1.0 -1.0 1.952 1.614 4.555 839.313 1.091 2357.233 -2.1799614817705026 0.0
18.0 4.0 Truck -1.0 -1.0 -1.0 -1.0 -1.0 -1.0 -1.0 2.194 3.172 6.546 865.36 0.999 2394.876 -2.1951103378324164 0.0
19.0 6.0 Car -1.0 -1.0 -1.0 -1.0 -1.0 -1.0 -1.0 1.765 1.461 4.328 875.616 0.232 2409.799 -2.20507844141934 1.0
19.0 0.0 Car -1.0 -1.0 -1.0 -1.0 -1.0 -1.0 -1.0 1.677 1.487 3.914 856.027 0.543 2388.235 0.9584494900307714 1.0
19.0 5.0 Car -1.0 -1.0 -1.0 -1.0 -1.0 -1.0 -1.0 2.098 1.711 4.474 819.566 1.998 2336.376 0.9409961975108281 1.0
19.0 2.0 Bus -1.0 -1.0 -1.0 -1.0 -1.0 -1.0 -1.0 3.06 3.393 12.671 813.347 2.981 2320.188 -2.171091764501727 0.0
19.0 1.0 Car -1.0 -1.0 -1.0 -1.0 -1.0 -1.0 -1.0 1.952 1.614 4.555 836.123 1.357 2352.687 -2.1799614817705026 0.0
19.0 4.0 Truck -1.0 -1.0 -1.0 -1.0 -1.0 -1.0 -1.0 2.194 3.172 6.546 861.956 1.156 2390.407 -2.1873597235090814 0.0
20.0 6.0 Car -1.0 -1.0 -1.0 -1.0 -1.0 -1.0 -1.0 1.765 1.461 4.328 872.608 0.267 2405.725 -2.196361746242799 1.0
20.0 0.0 Car -1.0 -1.0 -1.0 -1.0 -1.0 -1.0 -1.0 1.677 1.487 3.914 859.81 0.566 2393.933 0.9584494900307714 1.0
20.0 5.0 Car -1.0 -1.0 -1.0 -1.0 -1.0 -1.0 -1.0 2.098 1.711 4.474 823.656 1.961 2342.235 0.9584494900307714 1.0
20.0 2.0 Bus -1.0 -1.0 -1.0 -1.0 -1.0 -1.0 -1.0 3.06 3.393 12.671 810.415 3.36 2315.814 -2.171091764501727 0.0
20.0 1.0 Car -1.0 -1.0 -1.0 -1.0 -1.0 -1.0 -1.0 1.952 1.614 4.555 832.913 1.673 2348.169 -2.1799614817705026 0.0
20.0 4.0 Truck -1.0 -1.0 -1.0 -1.0 -1.0 -1.0 -1.0 2.194 3.172 6.546 858.527 1.362 2385.617 -2.178643028332541 0.0
21.0 6.0 Car -1.0 -1.0 -1.0 -1.0 -1.0 -1.0 -1.0 1.765 1.461 4.328 869.544 0.303 2401.673 -2.1876251488993965 0.0
21.0 0.0 Car -1.0 -1.0 -1.0 -1.0 -1.0 -1.0 -1.0 1.677 1.487 3.914 863.602 0.526 2399.644 0.9409961975108281 1.0
21.0 5.0 Car -1.0 -1.0 -1.0 -1.0 -1.0 -1.0 -1.0 2.098 1.711 4.474 827.723 1.958 2348.112 0.9584494900307714 1.0
21.0 2.0 Bus -1.0 -1.0 -1.0 -1.0 -1.0 -1.0 -1.0 3.06 3.393 12.671 807.131 3.688 2310.927 -2.171091764501727 0.0
21.0 1.0 Car -1.0 -1.0 -1.0 -1.0 -1.0 -1.0 -1.0 1.952 1.614 4.555 829.776 2.082 2343.7 -2.1799614817705026 0.0
21.0 4.0 Truck -1.0 -1.0 -1.0 -1.0 -1.0 -1.0 -1.0 2.194 3.172 6.546 854.787 1.569 2380.697 -2.169906430989139 0.0
22.0 6.0 Car -1.0 -1.0 -1.0 -1.0 -1.0 -1.0 -1.0 1.765 1.461 4.328 866.498 0.48 2397.647 -2.20507844141934 0.0
22.0 0.0 Car -1.0 -1.0 -1.0 -1.0 -1.0 -1.0 -1.0 1.677 1.487 3.914 867.472 0.436 2405.465 0.9468182817503794 1.0
22.0 5.0 Car -1.0 -1.0 -1.0 -1.0 -1.0 -1.0 -1.0 2.098 1.711 4.474 831.687 1.855 2353.949 0.9584494900307714 1.0
22.0 2.0 Bus -1.0 -1.0 -1.0 -1.0 -1.0 -1.0 -1.0 3.06 3.393 12.671 803.945 4.134 2306.5 -2.171091764501727 0.0
22.0 1.0 Car -1.0 -1.0 -1.0 -1.0 -1.0 -1.0 -1.0 1.952 1.614 4.555 826.64 2.241 2339.231 -2.1799614817705026 0.0
22.0 4.0 Truck -1.0 -1.0 -1.0 -1.0 -1.0 -1.0 -1.0 2.194 3.172 6.546 851.452 1.823 2375.86 -2.169906430989139 0.0
23.0 6.0 Car -1.0 -1.0 -1.0 -1.0 -1.0 -1.0 -1.0 1.765 1.461 4.328 863.528 0.733 2393.572 -2.20507844141934 0.0
23.0 0.0 Car -1.0 -1.0 -1.0 -1.0 -1.0 -1.0 -1.0 1.677 1.487 3.914 871.176 0.571 2411.146 0.9526335601405183 1.0
23.0 5.0 Car -1.0 -1.0 -1.0 -1.0 -1.0 -1.0 -1.0 2.098 1.711 4.474 835.671 1.701 2359.762 0.9584494900307714 1.0
23.0 1.0 Car -1.0 -1.0 -1.0 -1.0 -1.0 -1.0 -1.0 1.952 1.614 4.555 823.506 2.4 2334.767 -2.1799614817705026 0.0
23.0 4.0 Truck -1.0 -1.0 -1.0 -1.0 -1.0 -1.0 -1.0 2.194 3.172 6.546 848.195 2.127 2370.979 -2.169906430989139 0.0
24.0 6.0 Car -1.0 -1.0 -1.0 -1.0 -1.0 -1.0 -1.0 1.765 1.461 4.328 860.557 0.985 2389.498 -2.20507844141934 0.0
24.0 0.0 Car -1.0 -1.0 -1.0 -1.0 -1.0 -1.0 -1.0 1.677 1.487 3.914 874.99 0.606 2416.749 0.9584494900307714 1.0
24.0 5.0 Car -1.0 -1.0 -1.0 -1.0 -1.0 -1.0 -1.0 2.098 1.711 4.474 839.672 1.681 2365.563 0.9584494900307714 1.0
24.0 1.0 Car -1.0 -1.0 -1.0 -1.0 -1.0 -1.0 -1.0 1.952 1.614 4.555 820.373 2.759 2330.302 -2.1799614817705026 0.0
24.0 4.0 Truck -1.0 -1.0 -1.0 -1.0 -1.0 -1.0 -1.0 2.194 3.172 6.546 844.863 2.28 2366.149 -2.152453138469195 0.0
25.0 6.0 Car -1.0 -1.0 -1.0 -1.0 -1.0 -1.0 -1.0 1.765 1.461 4.328 857.64 1.146 2385.261 -2.20507844141934 0.0
25.0 0.0 Car -1.0 -1.0 -1.0 -1.0 -1.0 -1.0 -1.0 1.677 1.487 3.914 878.639 0.598 2422.129 0.9409961975108281 1.0
25.0 5.0 Car -1.0 -1.0 -1.0 -1.0 -1.0 -1.0 -1.0 2.098 1.711 4.474 843.623 1.736 2371.399 0.9584494900307714 1.0
25.0 4.0 Truck -1.0 -1.0 -1.0 -1.0 -1.0 -1.0 -1.0 2.194 3.172 6.546 841.587 2.601 2361.426 -2.1582707474597154 0.0
26.0 6.0 Car -1.0 -1.0 -1.0 -1.0 -1.0 -1.0 -1.0 1.765 1.461 4.328 854.664 1.381 2380.919 -2.20507844141934 0.0
26.0 0.0 Car -1.0 -1.0 -1.0 -1.0 -1.0 -1.0 -1.0 1.677 1.487 3.914 882.287 0.641 2427.509 0.9584494900307714 1.0
26.0 5.0 Car -1.0 -1.0 -1.0 -1.0 -1.0 -1.0 -1.0 2.098 1.711 4.474 847.574 1.711 2377.235 0.9584494900307714 1.0
26.0 4.0 Truck -1.0 -1.0 -1.0 -1.0 -1.0 -1.0 -1.0 2.194 3.172 6.546 838.292 2.896 2356.715 -2.1640886590566843 0.0
27.0 6.0 Car -1.0 -1.0 -1.0 -1.0 -1.0 -1.0 -1.0 1.765 1.461 4.328 851.782 1.517 2376.805 -2.20507844141934 0.0
27.0 0.0 Car -1.0 -1.0 -1.0 -1.0 -1.0 -1.0 -1.0 1.677 1.487 3.914 885.982 0.596 2432.856 0.9584494900307714 0.0
27.0 5.0 Car -1.0 -1.0 -1.0 -1.0 -1.0 -1.0 -1.0 2.098 1.711 4.474 851.298 1.661 2382.748 0.9584494900307714 0.0
27.0 4.0 Truck -1.0 -1.0 -1.0 -1.0 -1.0 -1.0 -1.0 2.194 3.172 6.546 834.922 3.091 2352.054 -2.169906430989139 0.0
28.0 6.0 Car -1.0 -1.0 -1.0 -1.0 -1.0 -1.0 -1.0 1.765 1.461 4.328 849.016 1.803 2372.598 -2.20507844141934 0.0
28.0 0.0 Car -1.0 -1.0 -1.0 -1.0 -1.0 -1.0 -1.0 1.677 1.487 3.914 889.636 0.617 2438.24 0.9584494900307714 0.0
28.0 5.0 Car -1.0 -1.0 -1.0 -1.0 -1.0 -1.0 -1.0 2.098 1.711 4.474 855.288 1.753 2388.434 0.9584494900307714 0.0
28.0 4.0 Truck -1.0 -1.0 -1.0 -1.0 -1.0 -1.0 -1.0 2.194 3.172 6.546 831.879 3.395 2347.3 -2.169906430989139 0.0
29.0 6.0 Car -1.0 -1.0 -1.0 -1.0 -1.0 -1.0 -1.0 1.765 1.461 4.328 846.034 2.088 2368.549 -2.20507844141934 0.0
29.0 0.0 Car -1.0 -1.0 -1.0 -1.0 -1.0 -1.0 -1.0 1.677 1.487 3.914 893.313 0.739 2443.61 0.9759027825507148 0.0
29.0 5.0 Car -1.0 -1.0 -1.0 -1.0 -1.0 -1.0 -1.0 2.098 1.711 4.474 858.952 1.644 2394.085 0.9584494900307714 0.0
30.0 6.0 Car -1.0 -1.0 -1.0 -1.0 -1.0 -1.0 -1.0 1.765 1.461 4.328 843.08 2.374 2364.488 -2.20507844141934 0.0
30.0 0.0 Car -1.0 -1.0 -1.0 -1.0 -1.0 -1.0 -1.0 1.677 1.487 3.914 897.03 0.861 2448.942 0.9409961975108281 0.0
30.0 5.0 Car -1.0 -1.0 -1.0 -1.0 -1.0 -1.0 -1.0 2.098 1.711 4.474 862.701 1.61 2399.668 0.9584494900307714 0.0
31.0 6.0 Car -1.0 -1.0 -1.0 -1.0 -1.0 -1.0 -1.0 1.765 1.461 4.328 840.125 2.659 2360.426 -2.20507844141934 0.0
31.0 0.0 Car -1.0 -1.0 -1.0 -1.0 -1.0 -1.0 -1.0 1.677 1.487 3.914 900.683 0.934 2454.342 0.9644671872445412 0.0
31.0 5.0 Car -1.0 -1.0 -1.0 -1.0 -1.0 -1.0 -1.0 2.098 1.711 4.474 866.542 1.56 2405.438 0.9584494900307714 0.0
32.0 6.0 Car -1.0 -1.0 -1.0 -1.0 -1.0 -1.0 -1.0 1.765 1.461 4.328 837.465 3.116 2356.769 -2.20507844141934 0.0
32.0 0.0 Car -1.0 -1.0 -1.0 -1.0 -1.0 -1.0 -1.0 1.677 1.487 3.914 904.047 0.913 2459.148 0.9616160139502435 0.0
32.0 5.0 Car -1.0 -1.0 -1.0 -1.0 -1.0 -1.0 -1.0 2.098 1.711 4.474 869.922 1.511 2410.519 0.9584494900307714 0.0
33.0 0.0 Car -1.0 -1.0 -1.0 -1.0 -1.0 -1.0 -1.0 1.677 1.487 3.914 907.701 0.884 2464.545 0.9584494900307714 0.0
33.0 5.0 Car -1.0 -1.0 -1.0 -1.0 -1.0 -1.0 -1.0 2.098 1.711 4.474 873.57 1.549 2415.916 0.9584494900307714 0.0
34.0 0.0 Car -1.0 -1.0 -1.0 -1.0 -1.0 -1.0 -1.0 1.677 1.487 3.914 911.495 0.943 2470.116 0.9584494900307714 0.0
34.0 5.0 Car -1.0 -1.0 -1.0 -1.0 -1.0 -1.0 -1.0 2.098 1.711 4.474 877.314 1.336 2421.237 0.9584494900307714 0.0
35.0 0.0 Car -1.0 -1.0 -1.0 -1.0 -1.0 -1.0 -1.0 1.677 1.487 3.914 915.33 1.028 2475.676 0.9584494900307714 0.0
35.0 5.0 Car -1.0 -1.0 -1.0 -1.0 -1.0 -1.0 -1.0 2.098 1.711 4.474 880.941 1.224 2426.658 0.9584494900307714 0.0
36.0 0.0 Car -1.0 -1.0 -1.0 -1.0 -1.0 -1.0 -1.0 1.677 1.487 3.914 919.143 1.112 2481.252 0.9584494900307714 0.0
36.0 5.0 Car -1.0 -1.0 -1.0 -1.0 -1.0 -1.0 -1.0 2.098 1.711 4.474 884.986 1.111 2432.388 0.9584494900307714 0.0
37.0 0.0 Car -1.0 -1.0 -1.0 -1.0 -1.0 -1.0 -1.0 1.677 1.487 3.914 922.973 1.138 2486.849 0.9584494900307714 0.0
37.0 5.0 Car -1.0 -1.0 -1.0 -1.0 -1.0 -1.0 -1.0 2.098 1.711 4.474 888.873 0.986 2438.028 0.9730089146197015 0.0
38.0 0.0 Car -1.0 -1.0 -1.0 -1.0 -1.0 -1.0 -1.0 1.677 1.487 3.914 926.828 1.163 2492.412 0.9584494900307714 0.0
38.0 5.0 Car -1.0 -1.0 -1.0 -1.0 -1.0 -1.0 -1.0 2.098 1.711 4.474 892.83 0.811 2443.607 0.9875383108973437 0.0
