0.0 8.0 Car -1.0 -1.0 -1.0 -1.0 -1.0 -1.0 -1.0 2.087 2.124 4.764 800.236 1.152 1385.403 2.5834363588020053 0.0
0.0 3.0 Car -1.0 -1.0 -1.0 -1.0 -1.0 -1.0 -1.0 1.926 1.685 4.509 821.997 0.939 1376.161 2.661086056801329 0.0
0.0 9.0 Truck -1.0 -1.0 -1.0 -1.0 -1.0 -1.0 -1.0 2.782 3.562 9.929 776.993 1.597 1388.41 -0.5339136711446254 0.0
0.0 5.0 Car -1.0 -1.0 -1.0 -1.0 -1.0 -1.0 -1.0 2.087 2.124 4.764 773.737 0.702 1401.142 2.5834363588020053 0.0
1.0 8.0 Car -1.0 -1.0 -1.0 -1.0 -1.0 -1.0 -1.0 2.087 2.124 4.764 795.863 1.137 1388.137 2.5834363588020053 1.0
1.0 3.0 Car -1.0 -1.0 -1.0 -1.0 -1.0 -1.0 -1.0 1.926 1.685 4.509 820.998 0.95 1376.613 2.6436327642813855 1.0
1.0 9.0 Truck -1.0 -1.0 -1.0 -1.0 -1.0 -1.0 -1.0 2.782 3.562 9.929 780.688 1.481 1386.225 -0.5339136711446254 1.0
1.0 5.0 Car -1.0 -1.0 -1.0 -1.0 -1.0 -1.0 -1.0 2.087 2.124 4.764 768.16 0.702 1404.653 2.5834363588020053 1.0
2.0 8.0 Car -1.0 -1.0 -1.0 -1.0 -1.0 -1.0 -1.0 2.087 2.124 4.764 791.49 1.123 1390.871 2.5834363588020053 1.0
2.0 0.0 Car -1.0 -1.0 -1.0 -1.0 -1.0 -1.0 -1.0 2.063 1.71 4.706 769.688 0.742 1397.692 -0.5595176523960701 0.0
2.0 3.0 Car -1.0 -1.0 -1.0 -1.0 -1.0 -1.0 -1.0 1.926 1.685 4.509 820.14 0.993 1377.118 2.6436327642813855 1.0
2.0 9.0 Truck -1.0 -1.0 -1.0 -1.0 -1.0 -1.0 -1.0 2.782 3.562 9.929 784.384 1.42 1384.04 -0.5339136711446254 1.0
2.0 5.0 Car -1.0 -1.0 -1.0 -1.0 -1.0 -1.0 -1.0 2.087 2.124 4.764 762.967 0.702 1407.538 2.5834363588020053 1.0
3.0 8.0 Car -1.0 -1.0 -1.0 -1.0 -1.0 -1.0 -1.0 2.087 2.124 4.764 787.978 1.102 1393.121 2.5834363588020053 1.0
3.0 0.0 Car -1.0 -1.0 -1.0 -1.0 -1.0 -1.0 -1.0 2.063 1.71 4.706 774.175 0.733 1394.934 -0.5595176523960701 1.0
3.0 3.0 Car -1.0 -1.0 -1.0 -1.0 -1.0 -1.0 -1.0 1.926 1.685 4.509 819.453 0.988 1377.521 2.6436327642813855 1.0
3.0 9.0 Truck -1.0 -1.0 -1.0 -1.0 -1.0 -1.0 -1.0 2.782 3.562 9.929 787.273 1.368 1382.181 -0.5339136711446254 1.0
3.0 5.0 Car -1.0 -1.0 -1.0 -1.0 -1.0 -1.0 -1.0 2.087 2.124 4.764 758.666 0.657 1410.161 2.5834363588020053 1.0
4.0 8.0 Car -1.0 -1.0 -1.0 -1.0 -1.0 -1.0 -1.0 2.087 2.124 4.764 783.475 1.022 1395.88 2.5863973923752765 1.0
4.0 0.0 Car -1.0 -1.0 -1.0 -1.0 -1.0 -1.0 -1.0 2.063 1.71 4.706 779.791 0.722 1391.482 -0.5595176523960701 0.0
4.0 3.0 Car -1.0 -1.0 -1.0 -1.0 -1.0 -1.0 -1.0 1.926 1.685 4.509 818.594 0.957 1378.026 2.6436327642813855 1.0
4.0 9.0 Truck -1.0 -1.0 -1.0 -1.0 -1.0 -1.0 -1.0 2.782 3.562 9.929 790.634 1.482 1380.006 -0.5339136711446254 1.0
4.0 5.0 Car -1.0 -1.0 -1.0 -1.0 -1.0 -1.0 -1.0 2.087 2.124 4.764 753.284 0.602 1413.444 2.5834363588020053 1.0
5.0 8.0 Car -1.0 -1.0 -1.0 -1.0 -1.0 -1.0 -1.0 2.087 2.124 4.764 778.963 1.042 1398.606 2.589352289551307 1.0
5.0 0.0 Car -1.0 -1.0 -1.0 -1.0 -1.0 -1.0 -1.0 2.063 1.71 4.706 785.581 0.777 1387.814 -0.6118775299558994 0.0
5.0 3.0 Car -1.0 -1.0 -1.0 -1.0 -1.0 -1.0 -1.0 1.926 1.685 4.509 817.737 0.974 1378.53 2.6436327642813855 1.0
5.0 9.0 Truck -1.0 -1.0 -1.0 -1.0 -1.0 -1.0 -1.0 2.782 3.562 9.929 794.5 1.436 1377.683 -0.5339136711446254 1.0
5.0 5.0 Car -1.0 -1.0 -1.0 -1.0 -1.0 -1.0 -1.0 2.087 2.124 4.764 748.292 0.613 1416.482 2.5834363588020053 0.0
6.0 8.0 Car -1.0 -1.0 -1.0 -1.0 -1.0 -1.0 -1.0 2.087 2.124 4.764 774.464 1.088 1401.363 2.592310210545071 1.0
6.0 0.0 Car -1.0 -1.0 -1.0 -1.0 -1.0 -1.0 -1.0 2.063 1.71 4.706 791.315 0.809 1384.359 -0.5595176523960701 0.0
6.0 3.0 Car -1.0 -1.0 -1.0 -1.0 -1.0 -1.0 -1.0 1.926 1.685 4.509 816.845 0.917 1379.053 2.6436327642813855 1.0
6.0 9.0 Truck -1.0 -1.0 -1.0 -1.0 -1.0 -1.0 -1.0 2.782 3.562 9.929 797.96 1.631 1375.446 -0.5513669636645684 1.0
6.0 5.0 Car -1.0 -1.0 -1.0 -1.0 -1.0 -1.0 -1.0 2.087 2.124 4.764 743.295 0.624 1419.524 2.5834363588020053 0.0
7.0 8.0 Car -1.0 -1.0 -1.0 -1.0 -1.0 -1.0 -1.0 2.087 2.124 4.764 769.965 1.133 1404.12 2.5952681433737386 1.0
7.0 0.0 Car -1.0 -1.0 -1.0 -1.0 -1.0 -1.0 -1.0 2.063 1.71 4.706 797.02 0.887 1380.93 -0.5595176523960701 0.0
7.0 3.0 Car -1.0 -1.0 -1.0 -1.0 -1.0 -1.0 -1.0 1.926 1.685 4.509 815.954 0.915 1379.575 2.626179471761442 1.0
7.0 9.0 Truck -1.0 -1.0 -1.0 -1.0 -1.0 -1.0 -1.0 2.782 3.562 9.929 801.795 1.418 1373.162 -0.5513669636645684 1.0
7.0 5.0 Car -1.0 -1.0 -1.0 -1.0 -1.0 -1.0 -1.0 2.087 2.124 4.764 738.299 0.635 1422.565 2.5834363588020053 0.0
8.0 8.0 Car -1.0 -1.0 -1.0 -1.0 -1.0 -1.0 -1.0 2.087 2.124 4.764 765.891 1.158 1406.565 2.5979316770711205 1.0
8.0 1.0 Car -1.0 -1.0 -1.0 -1.0 -1.0 -1.0 -1.0 2.079 1.55 4.564 765.27 0.702 1400.373 -0.5522570836551539 0.0
8.0 0.0 Car -1.0 -1.0 -1.0 -1.0 -1.0 -1.0 -1.0 2.063 1.71 4.706 802.793 0.908 1377.188 -0.5595176523960701 0.0
8.0 10.0 Car -1.0 -1.0 -1.0 -1.0 -1.0 -1.0 -1.0 2.044 1.601 4.704 728.241 1.047 1423.168 -0.5540016018113462 0.0
8.0 3.0 Car -1.0 -1.0 -1.0 -1.0 -1.0 -1.0 -1.0 1.926 1.685 4.509 815.151 0.954 1380.046 2.6436327642813855 1.0
8.0 9.0 Truck -1.0 -1.0 -1.0 -1.0 -1.0 -1.0 -1.0 2.782 3.562 9.929 805.006 1.593 1371.154 -0.5513669636645684 1.0
8.0 5.0 Car -1.0 -1.0 -1.0 -1.0 -1.0 -1.0 -1.0 2.087 2.124 4.764 733.805 0.723 1425.313 2.5834363588020053 0.0
9.0 8.0 Car -1.0 -1.0 -1.0 -1.0 -1.0 -1.0 -1.0 2.087 2.124 4.764 761.325 1.18 1409.212 2.600889651321949 1.0
9.0 1.0 Car -1.0 -1.0 -1.0 -1.0 -1.0 -1.0 -1.0 2.079 1.55 4.564 767.904 0.702 1398.784 -0.5522570836551539 1.0
9.0 0.0 Car -1.0 -1.0 -1.0 -1.0 -1.0 -1.0 -1.0 2.063 1.71 4.706 808.14 0.986 1373.786 -0.5595176523960701 0.0
9.0 4.0 Car -1.0 -1.0 -1.0 -1.0 -1.0 -1.0 -1.0 1.906 1.618 4.499 761.472 0.609 1399.613 -0.5595176523960701 0.0
9.0 10.0 Car -1.0 -1.0 -1.0 -1.0 -1.0 -1.0 -1.0 2.044 1.601 4.704 732.902 0.956 1420.363 -0.5540016018113462 1.0
9.0 3.0 Car -1.0 -1.0 -1.0 -1.0 -1.0 -1.0 -1.0 1.926 1.685 4.509 814.277 0.988 1380.555 2.6436327642813855 1.0
9.0 9.0 Truck -1.0 -1.0 -1.0 -1.0 -1.0 -1.0 -1.0 2.782 3.562 9.929 808.541 1.612 1368.945 -0.5513669636645684 1.0
9.0 5.0 Car -1.0 -1.0 -1.0 -1.0 -1.0 -1.0 -1.0 2.087 2.124 4.764 728.814 0.82 1428.364 2.5834363588020053 0.0
10.0 8.0 Car -1.0 -1.0 -1.0 -1.0 -1.0 -1.0 -1.0 2.087 2.124 4.764 756.737 1.135 1411.766 2.606705309729959 1.0
10.0 1.0 Car -1.0 -1.0 -1.0 -1.0 -1.0 -1.0 -1.0 2.079 1.55 4.564 770.538 0.752 1397.194 -0.5522570836551539 1.0
10.0 0.0 Car -1.0 -1.0 -1.0 -1.0 -1.0 -1.0 -1.0 2.063 1.71 4.706 813.902 0.894 1370.26 -0.5595176523960701 0.0
10.0 4.0 Car -1.0 -1.0 -1.0 -1.0 -1.0 -1.0 -1.0 1.906 1.618 4.499 766.972 0.565 1395.984 -0.6118775299558994 1.0
10.0 10.0 Car -1.0 -1.0 -1.0 -1.0 -1.0 -1.0 -1.0 2.044 1.601 4.704 737.563 0.89 1417.557 -0.5540016018113462 1.0
10.0 3.0 Car -1.0 -1.0 -1.0 -1.0 -1.0 -1.0 -1.0 1.926 1.685 4.509 813.44 0.943 1381.056 2.6436327642813855 1.0
10.0 9.0 Truck -1.0 -1.0 -1.0 -1.0 -1.0 -1.0 -1.0 2.782 3.562 9.929 812.034 1.669 1366.775 -0.5513669636645684 1.0
10.0 2.0 Car -1.0 -1.0 -1.0 -1.0 -1.0 -1.0 -1.0 1.934 1.786 4.38 855.875 1.461 1353.974 2.627697907606204 0.0
10.0 5.0 Car -1.0 -1.0 -1.0 -1.0 -1.0 -1.0 -1.0 2.087 2.124 4.764 723.823 0.917 1431.416 2.5834363588020053 0.0
11.0 8.0 Car -1.0 -1.0 -1.0 -1.0 -1.0 -1.0 -1.0 2.087 2.124 4.764 752.225 1.14 1414.465 2.612527285433882 1.0
11.0 1.0 Car -1.0 -1.0 -1.0 -1.0 -1.0 -1.0 -1.0 2.079 1.55 4.564 772.853 0.752 1395.801 -0.5522570836551539 1.0
11.0 0.0 Car -1.0 -1.0 -1.0 -1.0 -1.0 -1.0 -1.0 2.063 1.71 4.706 819.789 1.003 1366.656 -0.5595176523960701 0.0
11.0 4.0 Car -1.0 -1.0 -1.0 -1.0 -1.0 -1.0 -1.0 1.906 1.618 4.499 772.245 0.576 1392.195 -0.6118775299558994 1.0
11.0 10.0 Car -1.0 -1.0 -1.0 -1.0 -1.0 -1.0 -1.0 2.044 1.601 4.704 742.228 0.824 1414.748 -0.5540016018113462 1.0
11.0 3.0 Car -1.0 -1.0 -1.0 -1.0 -1.0 -1.0 -1.0 1.926 1.685 4.509 812.63 0.917 1381.512 2.6436327642813855 1.0
11.0 9.0 Truck -1.0 -1.0 -1.0 -1.0 -1.0 -1.0 -1.0 2.782 3.562 9.929 815.53 1.725 1364.603 -0.5513669636645684 1.0
11.0 2.0 Car -1.0 -1.0 -1.0 -1.0 -1.0 -1.0 -1.0 1.934 1.786 4.38 850.488 1.379 1356.832 2.627697907606204 1.0
11.0 5.0 Car -1.0 -1.0 -1.0 -1.0 -1.0 -1.0 -1.0 2.087 2.124 4.764 720.217 1.015 1433.602 2.5834363588020053 0.0
12.0 8.0 Car -1.0 -1.0 -1.0 -1.0 -1.0 -1.0 -1.0 2.087 2.124 4.764 747.684 1.019 1417.105 2.618342943841892 1.0
12.0 1.0 Car -1.0 -1.0 -1.0 -1.0 -1.0 -1.0 -1.0 2.079 1.55 4.564 774.65 0.752 1394.682 -0.5522570836551539 1.0
12.0 0.0 Car -1.0 -1.0 -1.0 -1.0 -1.0 -1.0 -1.0 2.063 1.71 4.706 825.562 1.111 1363.082 -0.5595176523960701 0.0
12.0 4.0 Car -1.0 -1.0 -1.0 -1.0 -1.0 -1.0 -1.0 1.906 1.618 4.499 777.747 0.638 1388.771 -0.5769709449160132 0.0
12.0 10.0 Car -1.0 -1.0 -1.0 -1.0 -1.0 -1.0 -1.0 2.044 1.601 4.704 747.301 0.832 1411.687 -0.5540016018113462 1.0
12.0 3.0 Car -1.0 -1.0 -1.0 -1.0 -1.0 -1.0 -1.0 1.926 1.685 4.509 811.821 0.893 1381.967 2.6436327642813855 0.0
12.0 9.0 Truck -1.0 -1.0 -1.0 -1.0 -1.0 -1.0 -1.0 2.782 3.562 9.929 819.023 1.782 1362.433 -0.5513669636645684 1.0
12.0 2.0 Car -1.0 -1.0 -1.0 -1.0 -1.0 -1.0 -1.0 1.934 1.786 4.38 845.107 1.297 1359.687 2.627697907606204 1.0
12.0 5.0 Car -1.0 -1.0 -1.0 -1.0 -1.0 -1.0 -1.0 2.087 2.124 4.764 715.224 1.112 1436.655 2.5834363588020053 0.0
13.0 8.0 Car -1.0 -1.0 -1.0 -1.0 -1.0 -1.0 -1.0 2.087 2.124 4.764 743.341 1.063 1419.74 2.618342943841892 1.0
13.0 1.0 Car -1.0 -1.0 -1.0 -1.0 -1.0 -1.0 -1.0 2.079 1.55 4.564 776.45 0.752 1393.562 -0.5522570836551539 1.0
13.0 0.0 Car -1.0 -1.0 -1.0 -1.0 -1.0 -1.0 -1.0 2.063 1.71 4.706 831.459 1.219 1359.431 -0.5595176523960701 0.0
13.0 4.0 Car -1.0 -1.0 -1.0 -1.0 -1.0 -1.0 -1.0 1.906 1.618 4.499 783.156 0.599 1385.441 -0.5944242374359564 0.0
13.0 10.0 Car -1.0 -1.0 -1.0 -1.0 -1.0 -1.0 -1.0 2.044 1.601 4.704 752.493 0.791 1408.805 -0.5540016018113462 1.0
13.0 3.0 Car -1.0 -1.0 -1.0 -1.0 -1.0 -1.0 -1.0 1.926 1.685 4.509 811.005 0.924 1382.443 2.6436327642813855 0.0
13.0 9.0 Truck -1.0 -1.0 -1.0 -1.0 -1.0 -1.0 -1.0 2.782 3.562 9.929 822.52 1.839 1360.261 -0.5513669636645684 1.0
13.0 2.0 Car -1.0 -1.0 -1.0 -1.0 -1.0 -1.0 -1.0 1.934 1.786 4.38 839.72 1.265 1362.546 2.6102446150862604 1.0
13.0 5.0 Car -1.0 -1.0 -1.0 -1.0 -1.0 -1.0 -1.0 2.087 2.124 4.764 710.365 0.86 1439.933 2.5834363588020053 0.0
14.0 8.0 Car -1.0 -1.0 -1.0 -1.0 -1.0 -1.0 -1.0 2.087 2.124 4.764 739.003 1.107 1422.373 2.618342943841892 0.0
14.0 1.0 Car -1.0 -1.0 -1.0 -1.0 -1.0 -1.0 -1.0 2.079 1.55 4.564 777.391 0.752 1393.038 -0.5522570836551539 0.0
14.0 0.0 Car -1.0 -1.0 -1.0 -1.0 -1.0 -1.0 -1.0 2.063 1.71 4.706 837.437 1.277 1355.767 -0.5595176523960701 0.0
14.0 4.0 Car -1.0 -1.0 -1.0 -1.0 -1.0 -1.0 -1.0 1.906 1.618 4.499 788.639 0.704 1381.97 -0.542064359876127 0.0
14.0 10.0 Car -1.0 -1.0 -1.0 -1.0 -1.0 -1.0 -1.0 2.044 1.601 4.704 757.679 0.774 1405.926 -0.5540016018113462 0.0
14.0 3.0 Car -1.0 -1.0 -1.0 -1.0 -1.0 -1.0 -1.0 1.926 1.685 4.509 810.32 0.921 1382.849 2.626179471761442 0.0
14.0 9.0 Truck -1.0 -1.0 -1.0 -1.0 -1.0 -1.0 -1.0 2.782 3.562 9.929 826.013 1.895 1358.091 -0.5513669636645684 0.0
14.0 2.0 Car -1.0 -1.0 -1.0 -1.0 -1.0 -1.0 -1.0 1.934 1.786 4.38 834.47 1.233 1365.247 2.6102446150862604 0.0
14.0 5.0 Car -1.0 -1.0 -1.0 -1.0 -1.0 -1.0 -1.0 2.087 2.124 4.764 705.355 0.807 1442.957 2.5834363588020053 0.0
15.0 8.0 Car -1.0 -1.0 -1.0 -1.0 -1.0 -1.0 -1.0 2.087 2.124 4.764 734.234 1.155 1425.267 2.618342943841892 0.0
15.0 1.0 Car -1.0 -1.0 -1.0 -1.0 -1.0 -1.0 -1.0 2.079 1.55 4.564 778.427 0.752 1392.463 -0.5522570836551539 0.0
15.0 0.0 Car -1.0 -1.0 -1.0 -1.0 -1.0 -1.0 -1.0 2.063 1.71 4.706 844.011 1.341 1351.739 -0.5595176523960701 0.0
15.0 4.0 Car -1.0 -1.0 -1.0 -1.0 -1.0 -1.0 -1.0 1.906 1.618 4.499 795.183 0.665 1377.925 -0.542064359876127 0.0
15.0 10.0 Car -1.0 -1.0 -1.0 -1.0 -1.0 -1.0 -1.0 2.044 1.601 4.704 759.017 0.775 1404.715 -0.5540016018113462 0.0
15.0 3.0 Car -1.0 -1.0 -1.0 -1.0 -1.0 -1.0 -1.0 1.926 1.685 4.509 809.668 0.964 1383.29 2.626179471761442 0.0
15.0 9.0 Truck -1.0 -1.0 -1.0 -1.0 -1.0 -1.0 -1.0 2.782 3.562 9.929 829.723 1.503 1355.492 -0.5513669636645684 0.0
15.0 2.0 Car -1.0 -1.0 -1.0 -1.0 -1.0 -1.0 -1.0 1.934 1.786 4.38 828.964 1.063 1368.244 2.5753380300463737 0.0
15.0 5.0 Car -1.0 -1.0 -1.0 -1.0 -1.0 -1.0 -1.0 2.087 2.124 4.764 700.458 0.6 1445.9 2.5834363588020053 0.0
16.0 8.0 Car -1.0 -1.0 -1.0 -1.0 -1.0 -1.0 -1.0 2.087 2.124 4.764 730.332 1.194 1427.634 2.618342943841892 0.0
16.0 1.0 Car -1.0 -1.0 -1.0 -1.0 -1.0 -1.0 -1.0 2.079 1.55 4.564 778.779 0.752 1392.149 -0.5522570836551539 0.0
16.0 4.0 Car -1.0 -1.0 -1.0 -1.0 -1.0 -1.0 -1.0 1.906 1.618 4.499 800.191 0.729 1374.894 -0.524611067356184 0.0
16.0 10.0 Car -1.0 -1.0 -1.0 -1.0 -1.0 -1.0 -1.0 2.044 1.601 4.704 760.231 0.776 1403.917 -0.5540016018113462 0.0
16.0 3.0 Car -1.0 -1.0 -1.0 -1.0 -1.0 -1.0 -1.0 1.926 1.685 4.509 809.117 0.953 1383.64 2.6261794717614424 0.0
16.0 9.0 Truck -1.0 -1.0 -1.0 -1.0 -1.0 -1.0 -1.0 2.782 3.562 9.929 832.89 1.985 1353.321 -0.5513669636645684 0.0
16.0 2.0 Car -1.0 -1.0 -1.0 -1.0 -1.0 -1.0 -1.0 1.934 1.786 4.38 824.799 0.972 1370.494 2.5753380300463737 0.0
16.0 5.0 Car -1.0 -1.0 -1.0 -1.0 -1.0 -1.0 -1.0 2.087 2.124 4.764 696.058 0.596 1448.554 2.5834363588020053 0.0
17.0 8.0 Car -1.0 -1.0 -1.0 -1.0 -1.0 -1.0 -1.0 2.087 2.124 4.764 725.994 1.238 1430.267 2.618342943841892 0.0
17.0 1.0 Car -1.0 -1.0 -1.0 -1.0 -1.0 -1.0 -1.0 2.079 1.55 4.564 779.17 0.752 1391.801 -0.5522570836551539 0.0
17.0 4.0 Car -1.0 -1.0 -1.0 -1.0 -1.0 -1.0 -1.0 1.906 1.618 4.499 805.933 0.795 1371.612 -0.524611067356184 0.0
17.0 10.0 Car -1.0 -1.0 -1.0 -1.0 -1.0 -1.0 -1.0 2.044 1.601 4.704 761.58 0.777 1403.03 -0.5540016018113462 0.0
17.0 3.0 Car -1.0 -1.0 -1.0 -1.0 -1.0 -1.0 -1.0 1.926 1.685 4.509 808.832 0.911 1383.866 2.6436327642813855 0.0
17.0 9.0 Truck -1.0 -1.0 -1.0 -1.0 -1.0 -1.0 -1.0 2.782 3.562 9.929 836.554 1.887 1351.14 -0.5513669636645684 0.0
17.0 2.0 Car -1.0 -1.0 -1.0 -1.0 -1.0 -1.0 -1.0 1.934 1.786 4.38 820.333 1.003 1373.016 2.5753380300463737 0.0
18.0 8.0 Car -1.0 -1.0 -1.0 -1.0 -1.0 -1.0 -1.0 2.087 2.124 4.764 721.656 1.281 1432.899 2.618342943841892 0.0
18.0 1.0 Car -1.0 -1.0 -1.0 -1.0 -1.0 -1.0 -1.0 2.079 1.55 4.564 779.265 0.752 1391.515 -0.5522570836551539 0.0
18.0 4.0 Car -1.0 -1.0 -1.0 -1.0 -1.0 -1.0 -1.0 1.906 1.618 4.499 811.93 0.755 1368.364 -0.4897044823162977 0.0
18.0 10.0 Car -1.0 -1.0 -1.0 -1.0 -1.0 -1.0 -1.0 2.044 1.601 4.704 762.93 0.779 1402.143 -0.5540016018113462 0.0
18.0 3.0 Car -1.0 -1.0 -1.0 -1.0 -1.0 -1.0 -1.0 1.926 1.685 4.509 808.67 0.945 1383.921 2.6436327642813855 0.0
18.0 9.0 Truck -1.0 -1.0 -1.0 -1.0 -1.0 -1.0 -1.0 2.782 3.562 9.929 840.205 2.039 1348.807 -0.5513669636645684 0.0
18.0 2.0 Car -1.0 -1.0 -1.0 -1.0 -1.0 -1.0 -1.0 1.934 1.786 4.38 815.91 0.977 1375.542 2.645151200126147 0.0
18.0 7.0 Car -1.0 -1.0 -1.0 -1.0 -1.0 -1.0 -1.0 2.079 2.092 4.564 772.398 0.871 1395.897 -0.587163668695041 0.0
18.0 6.0 Car -1.0 -1.0 -1.0 -1.0 -1.0 -1.0 -1.0 2.044 1.601 4.704 734.861 0.926 1418.915 -0.5190950167714599 0.0
19.0 8.0 Car -1.0 -1.0 -1.0 -1.0 -1.0 -1.0 -1.0 2.087 2.124 4.764 717.355 1.211 1435.596 2.618342943841892 0.0
19.0 1.0 Car -1.0 -1.0 -1.0 -1.0 -1.0 -1.0 -1.0 2.079 1.55 4.564 779.393 0.696 1391.57 -0.5522570836551539 0.0
19.0 4.0 Car -1.0 -1.0 -1.0 -1.0 -1.0 -1.0 -1.0 1.906 1.618 4.499 818.015 0.815 1365.167 -0.4722511897963546 0.0
19.0 10.0 Car -1.0 -1.0 -1.0 -1.0 -1.0 -1.0 -1.0 2.044 1.601 4.704 764.279 0.78 1401.256 -0.5540016018113462 0.0
19.0 3.0 Car -1.0 -1.0 -1.0 -1.0 -1.0 -1.0 -1.0 1.926 1.685 4.509 808.725 0.995 1383.896 2.6436327642813855 0.0
19.0 9.0 Truck -1.0 -1.0 -1.0 -1.0 -1.0 -1.0 -1.0 2.782 3.562 9.929 844.058 2.091 1346.671 -0.5513669636645684 0.0
19.0 2.0 Car -1.0 -1.0 -1.0 -1.0 -1.0 -1.0 -1.0 1.934 1.786 4.38 811.949 0.959 1377.837 2.627697907606204 0.0
19.0 7.0 Car -1.0 -1.0 -1.0 -1.0 -1.0 -1.0 -1.0 2.079 2.092 4.564 772.756 0.885 1395.585 -0.587163668695041 0.0
19.0 6.0 Car -1.0 -1.0 -1.0 -1.0 -1.0 -1.0 -1.0 2.044 1.601 4.704 737.988 0.914 1416.987 -0.5190950167714599 0.0
20.0 8.0 Car -1.0 -1.0 -1.0 -1.0 -1.0 -1.0 -1.0 2.087 2.124 4.764 712.626 1.134 1438.561 2.618342943841892 0.0
20.0 1.0 Car -1.0 -1.0 -1.0 -1.0 -1.0 -1.0 -1.0 2.079 1.55 4.564 779.715 0.744 1391.519 -0.5522570836551539 0.0
20.0 4.0 Car -1.0 -1.0 -1.0 -1.0 -1.0 -1.0 -1.0 1.906 1.618 4.499 824.901 0.9 1361.501 -0.4722511897963546 0.0
20.0 10.0 Car -1.0 -1.0 -1.0 -1.0 -1.0 -1.0 -1.0 2.044 1.601 4.704 765.763 0.781 1400.28 -0.5540016018113462 0.0
20.0 3.0 Car -1.0 -1.0 -1.0 -1.0 -1.0 -1.0 -1.0 1.926 1.685 4.509 808.693 0.998 1383.901 2.6436327642813855 0.0
20.0 9.0 Truck -1.0 -1.0 -1.0 -1.0 -1.0 -1.0 -1.0 2.782 3.562 9.929 848.501 2.071 1344.267 -0.5513669636645684 0.0
20.0 2.0 Car -1.0 -1.0 -1.0 -1.0 -1.0 -1.0 -1.0 1.934 1.786 4.38 807.533 0.894 1380.398 2.627697907606204 0.0
20.0 7.0 Car -1.0 -1.0 -1.0 -1.0 -1.0 -1.0 -1.0 2.079 2.092 4.564 773.149 0.9 1395.241 -0.587163668695041 0.0
20.0 6.0 Car -1.0 -1.0 -1.0 -1.0 -1.0 -1.0 -1.0 2.044 1.601 4.704 741.418 0.9 1414.852 -0.5190950167714599 0.0
21.0 8.0 Car -1.0 -1.0 -1.0 -1.0 -1.0 -1.0 -1.0 2.087 2.124 4.764 707.469 1.05 1441.795 2.618342943841892 0.0
21.0 1.0 Car -1.0 -1.0 -1.0 -1.0 -1.0 -1.0 -1.0 2.079 1.55 4.564 780.222 0.797 1391.317 -0.5522570836551539 1.0
21.0 4.0 Car -1.0 -1.0 -1.0 -1.0 -1.0 -1.0 -1.0 1.906 1.618 4.499 832.41 0.993 1357.504 -0.4722511897963546 0.0
21.0 10.0 Car -1.0 -1.0 -1.0 -1.0 -1.0 -1.0 -1.0 2.044 1.601 4.704 766.587 0.763 1399.806 -0.5474596089363049 0.0
21.0 3.0 Car -1.0 -1.0 -1.0 -1.0 -1.0 -1.0 -1.0 1.926 1.685 4.509 808.666 1.025 1383.923 2.6436327642813855 0.0
21.0 9.0 Truck -1.0 -1.0 -1.0 -1.0 -1.0 -1.0 -1.0 2.782 3.562 9.929 853.348 2.191 1341.389 -0.5513669636645684 1.0
21.0 2.0 Car -1.0 -1.0 -1.0 -1.0 -1.0 -1.0 -1.0 1.934 1.786 4.38 803.232 0.914 1383.053 2.592791322566317 0.0
21.0 7.0 Car -1.0 -1.0 -1.0 -1.0 -1.0 -1.0 -1.0 2.079 2.092 4.564 773.263 0.916 1395.016 -0.587163668695041 1.0
21.0 6.0 Car -1.0 -1.0 -1.0 -1.0 -1.0 -1.0 -1.0 2.044 1.601 4.704 745.158 0.886 1412.523 -0.5190950167714599 1.0
22.0 8.0 Car -1.0 -1.0 -1.0 -1.0 -1.0 -1.0 -1.0 2.087 2.124 4.764 703.169 0.979 1444.492 2.618342943841892 0.0
22.0 1.0 Car -1.0 -1.0 -1.0 -1.0 -1.0 -1.0 -1.0 2.079 1.55 4.564 780.645 0.749 1391.148 -0.5522570836551539 1.0
22.0 4.0 Car -1.0 -1.0 -1.0 -1.0 -1.0 -1.0 -1.0 1.906 1.618 4.499 838.673 1.114 1354.171 -0.4722511897963546 0.0
22.0 10.0 Car -1.0 -1.0 -1.0 -1.0 -1.0 -1.0 -1.0 2.044 1.601 4.704 767.274 0.747 1399.411 -0.542003828144992 0.0
22.0 3.0 Car -1.0 -1.0 -1.0 -1.0 -1.0 -1.0 -1.0 1.926 1.685 4.509 808.675 1.024 1383.936 2.6436327642813855 0.0
22.0 9.0 Truck -1.0 -1.0 -1.0 -1.0 -1.0 -1.0 -1.0 2.782 3.562 9.929 857.562 2.111 1338.977 -0.5513669636645684 1.0
22.0 2.0 Car -1.0 -1.0 -1.0 -1.0 -1.0 -1.0 -1.0 1.934 1.786 4.38 799.543 0.931 1385.33 2.592791322566317 0.0
22.0 7.0 Car -1.0 -1.0 -1.0 -1.0 -1.0 -1.0 -1.0 2.079 2.092 4.564 773.527 0.925 1394.752 -0.587163668695041 1.0
22.0 6.0 Car -1.0 -1.0 -1.0 -1.0 -1.0 -1.0 -1.0 2.044 1.601 4.704 747.961 0.83 1410.797 -0.5190950167714599 1.0
23.0 8.0 Car -1.0 -1.0 -1.0 -1.0 -1.0 -1.0 -1.0 2.087 2.124 4.764 698.868 0.909 1447.189 2.618342943841892 0.0
23.0 1.0 Car -1.0 -1.0 -1.0 -1.0 -1.0 -1.0 -1.0 2.079 1.55 4.564 780.666 0.774 1391.062 -0.5522570836551539 1.0
23.0 4.0 Car -1.0 -1.0 -1.0 -1.0 -1.0 -1.0 -1.0 1.906 1.618 4.499 845.165 1.235 1350.655 -0.4722511897963546 0.0
23.0 10.0 Car -1.0 -1.0 -1.0 -1.0 -1.0 -1.0 -1.0 2.044 1.601 4.704 767.961 0.731 1399.016 -0.536548309291403 1.0
23.0 3.0 Car -1.0 -1.0 -1.0 -1.0 -1.0 -1.0 -1.0 1.926 1.685 4.509 808.684 1.023 1383.949 2.6436327642813855 0.0
23.0 9.0 Truck -1.0 -1.0 -1.0 -1.0 -1.0 -1.0 -1.0 2.782 3.562 9.929 861.741 2.031 1336.507 -0.5513669636645684 1.0
23.0 2.0 Car -1.0 -1.0 -1.0 -1.0 -1.0 -1.0 -1.0 1.934 1.786 4.38 795.41 0.838 1387.986 2.5753380300463737 0.0
23.0 7.0 Car -1.0 -1.0 -1.0 -1.0 -1.0 -1.0 -1.0 2.079 2.092 4.564 773.791 0.933 1394.487 -0.587163668695041 1.0
23.0 6.0 Car -1.0 -1.0 -1.0 -1.0 -1.0 -1.0 -1.0 2.044 1.601 4.704 750.017 0.774 1409.386 -0.5190950167714599 1.0
24.0 8.0 Car -1.0 -1.0 -1.0 -1.0 -1.0 -1.0 -1.0 2.087 2.124 4.764 694.563 0.839 1449.889 2.618342943841892 0.0
24.0 1.0 Car -1.0 -1.0 -1.0 -1.0 -1.0 -1.0 -1.0 2.079 1.55 4.564 780.686 0.799 1390.976 -0.5522570836551539 1.0
24.0 10.0 Car -1.0 -1.0 -1.0 -1.0 -1.0 -1.0 -1.0 2.044 1.601 4.704 768.019 0.731 1398.934 -0.536548309291403 1.0
24.0 9.0 Truck -1.0 -1.0 -1.0 -1.0 -1.0 -1.0 -1.0 2.782 3.562 9.929 865.619 2.201 1333.539 -0.5513669636645684 1.0
24.0 2.0 Car -1.0 -1.0 -1.0 -1.0 -1.0 -1.0 -1.0 1.934 1.786 4.38 791.151 0.845 1390.792 2.5753380300463737 0.0
24.0 7.0 Car -1.0 -1.0 -1.0 -1.0 -1.0 -1.0 -1.0 2.079 2.092 4.564 773.986 0.916 1394.382 -0.587163668695041 1.0
24.0 6.0 Car -1.0 -1.0 -1.0 -1.0 -1.0 -1.0 -1.0 2.044 1.601 4.704 751.805 0.78 1408.312 -0.5190950167714599 1.0
25.0 8.0 Car -1.0 -1.0 -1.0 -1.0 -1.0 -1.0 -1.0 2.087 2.124 4.764 690.546 0.769 1452.423 2.618342943841892 0.0
25.0 1.0 Car -1.0 -1.0 -1.0 -1.0 -1.0 -1.0 -1.0 2.079 1.55 4.564 780.707 0.749 1390.889 -0.5522570836551539 1.0
25.0 10.0 Car -1.0 -1.0 -1.0 -1.0 -1.0 -1.0 -1.0 2.044 1.601 4.704 768.076 0.731 1398.853 -0.536548309291403 1.0
25.0 9.0 Truck -1.0 -1.0 -1.0 -1.0 -1.0 -1.0 -1.0 2.782 3.562 9.929 870.005 2.243 1330.982 -0.5513669636645684 1.0
25.0 2.0 Car -1.0 -1.0 -1.0 -1.0 -1.0 -1.0 -1.0 1.934 1.786 4.38 786.659 0.853 1393.782 2.5753380300463737 0.0
25.0 7.0 Car -1.0 -1.0 -1.0 -1.0 -1.0 -1.0 -1.0 2.079 2.092 4.564 774.181 0.9 1394.276 -0.587163668695041 1.0
25.0 6.0 Car -1.0 -1.0 -1.0 -1.0 -1.0 -1.0 -1.0 2.044 1.601 4.704 753.592 0.786 1407.24 -0.5190950167714599 1.0
26.0 1.0 Car -1.0 -1.0 -1.0 -1.0 -1.0 -1.0 -1.0 2.079 1.55 4.564 780.867 0.749 1390.79 -0.5522570836551539 1.0
26.0 10.0 Car -1.0 -1.0 -1.0 -1.0 -1.0 -1.0 -1.0 2.044 1.601 4.704 768.145 0.731 1398.756 -0.536548309291403 1.0
26.0 9.0 Truck -1.0 -1.0 -1.0 -1.0 -1.0 -1.0 -1.0 2.782 3.562 9.929 875.099 2.293 1328.017 -0.5513669636645684 1.0
26.0 7.0 Car -1.0 -1.0 -1.0 -1.0 -1.0 -1.0 -1.0 2.079 2.092 4.564 774.539 0.85 1394.336 -0.587163668695041 1.0
26.0 6.0 Car -1.0 -1.0 -1.0 -1.0 -1.0 -1.0 -1.0 2.044 1.601 4.704 755.741 0.794 1405.95 -0.5190950167714599 1.0
27.0 1.0 Car -1.0 -1.0 -1.0 -1.0 -1.0 -1.0 -1.0 2.079 1.55 4.564 780.974 0.774 1390.677 -0.5522570836551539 0.0
27.0 10.0 Car -1.0 -1.0 -1.0 -1.0 -1.0 -1.0 -1.0 2.044 1.601 4.704 768.132 0.731 1398.704 -0.536548309291403 0.0
27.0 9.0 Truck -1.0 -1.0 -1.0 -1.0 -1.0 -1.0 -1.0 2.782 3.562 9.929 879.536 2.3 1325.347 -0.5513669636645684 0.0
27.0 7.0 Car -1.0 -1.0 -1.0 -1.0 -1.0 -1.0 -1.0 2.079 2.092 4.564 774.628 0.9 1394.071 -0.587163668695041 0.0
27.0 6.0 Car -1.0 -1.0 -1.0 -1.0 -1.0 -1.0 -1.0 2.044 1.601 4.704 757.529 0.8 1404.876 -0.5190950167714599 0.0
28.0 1.0 Car -1.0 -1.0 -1.0 -1.0 -1.0 -1.0 -1.0 2.079 1.55 4.564 781.297 0.747 1390.425 -0.5522570836551539 0.0
28.0 10.0 Car -1.0 -1.0 -1.0 -1.0 -1.0 -1.0 -1.0 2.044 1.601 4.704 768.118 0.731 1398.647 -0.536548309291403 0.0
28.0 9.0 Truck -1.0 -1.0 -1.0 -1.0 -1.0 -1.0 -1.0 2.782 3.562 9.929 884.346 2.216 1322.535 -0.5513669636645684 0.0
28.0 7.0 Car -1.0 -1.0 -1.0 -1.0 -1.0 -1.0 -1.0 2.079 2.092 4.564 774.904 0.9 1394.047 -0.587163668695041 0.0
28.0 6.0 Car -1.0 -1.0 -1.0 -1.0 -1.0 -1.0 -1.0 2.044 1.601 4.704 758.13 0.772 1404.524 -0.5190950167714599 0.0
29.0 1.0 Car -1.0 -1.0 -1.0 -1.0 -1.0 -1.0 -1.0 2.079 1.55 4.564 781.664 0.722 1390.152 -0.5522570836551539 0.0
29.0 10.0 Car -1.0 -1.0 -1.0 -1.0 -1.0 -1.0 -1.0 2.044 1.601 4.704 768.069 0.731 1398.564 -0.536548309291403 0.0
29.0 9.0 Truck -1.0 -1.0 -1.0 -1.0 -1.0 -1.0 -1.0 2.782 3.562 9.929 888.832 2.33 1319.828 -0.5513669636645684 0.0
29.0 7.0 Car -1.0 -1.0 -1.0 -1.0 -1.0 -1.0 -1.0 2.079 2.092 4.564 775.155 0.9 1394.025 -0.587163668695041 0.0
29.0 6.0 Car -1.0 -1.0 -1.0 -1.0 -1.0 -1.0 -1.0 2.044 1.601 4.704 758.676 0.747 1404.204 -0.5190950167714599 0.0
30.0 1.0 Car -1.0 -1.0 -1.0 -1.0 -1.0 -1.0 -1.0 2.079 1.55 4.564 782.313 0.744 1389.697 -0.5522570836551539 0.0
30.0 10.0 Car -1.0 -1.0 -1.0 -1.0 -1.0 -1.0 -1.0 2.044 1.601 4.704 768.069 0.731 1398.564 -0.536548309291403 0.0
30.0 9.0 Truck -1.0 -1.0 -1.0 -1.0 -1.0 -1.0 -1.0 2.782 3.562 9.929 892.815 2.349 1317.309 -0.5513669636645684 0.0
30.0 7.0 Car -1.0 -1.0 -1.0 -1.0 -1.0 -1.0 -1.0 2.079 2.092 4.564 775.346 0.9 1393.439 -0.587163668695041 0.0
30.0 6.0 Car -1.0 -1.0 -1.0 -1.0 -1.0 -1.0 -1.0 2.044 1.601 4.704 759.167 0.725 1403.916 -0.5190950167714599 0.0
31.0 1.0 Car -1.0 -1.0 -1.0 -1.0 -1.0 -1.0 -1.0 2.079 1.55 4.564 783.154 0.769 1389.119 -0.5522570836551539 0.0
31.0 10.0 Car -1.0 -1.0 -1.0 -1.0 -1.0 -1.0 -1.0 2.044 1.601 4.704 768.231 0.719 1398.435 -0.536548309291403 0.0
31.0 9.0 Truck -1.0 -1.0 -1.0 -1.0 -1.0 -1.0 -1.0 2.782 3.562 9.929 897.243 2.369 1314.507 -0.5513669636645684 0.0
31.0 7.0 Car -1.0 -1.0 -1.0 -1.0 -1.0 -1.0 -1.0 2.079 2.092 4.564 775.89 0.85 1393.39 -0.587163668695041 0.0
31.0 6.0 Car -1.0 -1.0 -1.0 -1.0 -1.0 -1.0 -1.0 2.044 1.601 4.704 759.713 0.7 1403.596 -0.5190950167714599 0.0
32.0 1.0 Car -1.0 -1.0 -1.0 -1.0 -1.0 -1.0 -1.0 2.079 1.55 4.564 784.976 0.744 1388.034 -0.5522570836551539 0.0
32.0 10.0 Car -1.0 -1.0 -1.0 -1.0 -1.0 -1.0 -1.0 2.044 1.601 4.704 768.825 0.707 1398.154 -0.536548309291403 0.0
32.0 9.0 Truck -1.0 -1.0 -1.0 -1.0 -1.0 -1.0 -1.0 2.782 3.562 9.929 901.666 2.389 1311.709 -0.5513669636645684 0.0
32.0 7.0 Car -1.0 -1.0 -1.0 -1.0 -1.0 -1.0 -1.0 2.079 2.092 4.564 776.635 0.964 1393.007 -0.587163668695041 0.0
32.0 6.0 Car -1.0 -1.0 -1.0 -1.0 -1.0 -1.0 -1.0 2.044 1.601 4.704 759.931 0.755 1403.538 -0.5190950167714599 0.0
33.0 1.0 Car -1.0 -1.0 -1.0 -1.0 -1.0 -1.0 -1.0 2.079 1.55 4.564 786.435 0.685 1387.166 -0.5522570836551539 0.0
33.0 10.0 Car -1.0 -1.0 -1.0 -1.0 -1.0 -1.0 -1.0 2.044 1.601 4.704 769.389 0.657 1397.875 -0.536548309291403 0.0
33.0 9.0 Truck -1.0 -1.0 -1.0 -1.0 -1.0 -1.0 -1.0 2.782 3.562 9.929 905.208 2.405 1309.468 -0.5513669636645684 0.0
33.0 7.0 Car -1.0 -1.0 -1.0 -1.0 -1.0 -1.0 -1.0 2.079 2.092 4.564 777.466 0.939 1392.301 -0.587163668695041 0.0
33.0 6.0 Car -1.0 -1.0 -1.0 -1.0 -1.0 -1.0 -1.0 2.044 1.601 4.704 760.106 0.8 1403.492 -0.5190950167714599 0.0
34.0 1.0 Car -1.0 -1.0 -1.0 -1.0 -1.0 -1.0 -1.0 2.079 1.55 4.564 788.797 0.735 1385.748 -0.5522570836551539 0.0
34.0 10.0 Car -1.0 -1.0 -1.0 -1.0 -1.0 -1.0 -1.0 2.044 1.601 4.704 770.275 0.657 1397.278 -0.5278216804890183 0.0
34.0 9.0 Truck -1.0 -1.0 -1.0 -1.0 -1.0 -1.0 -1.0 2.782 3.562 9.929 909.348 2.54 1306.991 -0.5513669636645684 0.0
34.0 7.0 Car -1.0 -1.0 -1.0 -1.0 -1.0 -1.0 -1.0 2.079 2.092 4.564 778.502 0.909 1391.42 -0.587163668695041 0.0
34.0 6.0 Car -1.0 -1.0 -1.0 -1.0 -1.0 -1.0 -1.0 2.044 1.601 4.704 760.296 0.75 1403.348 -0.5190950167714599 0.0
35.0 1.0 Car -1.0 -1.0 -1.0 -1.0 -1.0 -1.0 -1.0 2.079 1.55 4.564 791.418 0.785 1384.022 -0.569710376175097 0.0
35.0 10.0 Car -1.0 -1.0 -1.0 -1.0 -1.0 -1.0 -1.0 2.044 1.601 4.704 771.161 0.657 1396.681 -0.5190950167714599 0.0
35.0 9.0 Truck -1.0 -1.0 -1.0 -1.0 -1.0 -1.0 -1.0 2.782 3.562 9.929 913.487 2.675 1304.514 -0.5513669636645684 0.0
35.0 7.0 Car -1.0 -1.0 -1.0 -1.0 -1.0 -1.0 -1.0 2.079 2.092 4.564 779.998 0.919 1390.379 -0.569710376175097 0.0
35.0 6.0 Car -1.0 -1.0 -1.0 -1.0 -1.0 -1.0 -1.0 2.044 1.601 4.704 760.458 0.7 1403.219 -0.5190950167714599 0.0
36.0 1.0 Car -1.0 -1.0 -1.0 -1.0 -1.0 -1.0 -1.0 2.079 1.55 4.564 794.588 0.785 1382.056 -0.569710376175097 0.0
36.0 10.0 Car -1.0 -1.0 -1.0 -1.0 -1.0 -1.0 -1.0 2.044 1.601 4.704 772.693 0.657 1395.729 -0.5190950167714599 0.0
36.0 9.0 Truck -1.0 -1.0 -1.0 -1.0 -1.0 -1.0 -1.0 2.782 3.562 9.929 917.626 2.809 1302.036 -0.5513669636645684 0.0
36.0 7.0 Car -1.0 -1.0 -1.0 -1.0 -1.0 -1.0 -1.0 2.079 2.092 4.564 782.352 0.92 1389.249 -0.587163668695041 0.0
36.0 6.0 Car -1.0 -1.0 -1.0 -1.0 -1.0 -1.0 -1.0 2.044 1.601 4.704 760.619 0.7 1403.09 -0.5190950167714599 0.0
37.0 1.0 Car -1.0 -1.0 -1.0 -1.0 -1.0 -1.0 -1.0 2.079 1.55 4.564 798.284 0.785 1379.753 -0.569710376175097 0.0
37.0 10.0 Car -1.0 -1.0 -1.0 -1.0 -1.0 -1.0 -1.0 2.044 1.601 4.704 774.391 0.657 1394.681 -0.5190950167714599 0.0
37.0 9.0 Truck -1.0 -1.0 -1.0 -1.0 -1.0 -1.0 -1.0 2.782 3.562 9.929 921.761 2.944 1299.562 -0.5513669636645684 0.0
37.0 7.0 Car -1.0 -1.0 -1.0 -1.0 -1.0 -1.0 -1.0 2.079 2.092 4.564 784.729 0.906 1387.81 -0.604616961214985 0.0
37.0 6.0 Car -1.0 -1.0 -1.0 -1.0 -1.0 -1.0 -1.0 2.044 1.601 4.704 761.191 0.7 1402.703 -0.5190950167714599 0.0
38.0 1.0 Car -1.0 -1.0 -1.0 -1.0 -1.0 -1.0 -1.0 2.079 1.55 4.564 801.827 0.785 1377.551 -0.569710376175097 0.0
38.0 10.0 Car -1.0 -1.0 -1.0 -1.0 -1.0 -1.0 -1.0 2.044 1.601 4.704 776.091 0.657 1393.632 -0.5190950167714599 0.0
38.0 9.0 Truck -1.0 -1.0 -1.0 -1.0 -1.0 -1.0 -1.0 2.782 3.562 9.929 925.9 3.079 1297.084 -0.5513669636645684 0.0
38.0 7.0 Car -1.0 -1.0 -1.0 -1.0 -1.0 -1.0 -1.0 2.079 2.092 4.564 787.031 0.892 1385.997 -0.587163668695041 0.0
38.0 6.0 Car -1.0 -1.0 -1.0 -1.0 -1.0 -1.0 -1.0 2.044 1.601 4.704 761.763 0.7 1402.315 -0.5190950167714599 0.0
