0.0 2.0 Car -1.0 -1.0 -1.0 -1.0 -1.0 -1.0 -1.0 1.792 1.49 4.52 2525.935 0.392 842.092 -1.531316979116355 0.0
0.0 0.0 Truck -1.0 -1.0 -1.0 -1.0 -1.0 -1.0 -1.0 3.022 4.115 11.052 2555.943 2.154 787.495 -2.9470408018702527 0.0
0.0 3.0 Car -1.0 -1.0 -1.0 -1.0 -1.0 -1.0 -1.0 2.041 2.0 5.149 2527.24 0.79 829.236 -1.5863646637703035 0.0
0.0 1.0 Truck -1.0 -1.0 -1.0 -1.0 -1.0 -1.0 -1.0 2.893 4.108 9.808 2541.72 2.194 787.725 3.0459311570046568 0.0
1.0 2.0 Car -1.0 -1.0 -1.0 -1.0 -1.0 -1.0 -1.0 1.792 1.49 4.52 2526.002 0.287 839.859 -1.5487702716362983 1.0
1.0 0.0 Truck -1.0 -1.0 -1.0 -1.0 -1.0 -1.0 -1.0 3.022 4.115 11.052 2555.645 2.054 787.436 -2.9470408018702527 1.0
1.0 3.0 Car -1.0 -1.0 -1.0 -1.0 -1.0 -1.0 -1.0 2.041 2.0 5.149 2527.181 0.79 826.628 -1.5950936587029876 1.0
1.0 1.0 Truck -1.0 -1.0 -1.0 -1.0 -1.0 -1.0 -1.0 2.893 4.108 9.808 2541.627 1.983 787.81 3.0284778644847137 1.0
2.0 2.0 Car -1.0 -1.0 -1.0 -1.0 -1.0 -1.0 -1.0 1.792 1.49 4.52 2525.882 0.312 837.618 -1.531316979116355 1.0
2.0 0.0 Truck -1.0 -1.0 -1.0 -1.0 -1.0 -1.0 -1.0 3.022 4.115 11.052 2555.645 1.954 787.436 -2.9470408018702527 1.0
2.0 3.0 Car -1.0 -1.0 -1.0 -1.0 -1.0 -1.0 -1.0 2.041 2.0 5.149 2527.121 0.79 824.02 -1.6038228282581797 1.0
2.0 1.0 Truck -1.0 -1.0 -1.0 -1.0 -1.0 -1.0 -1.0 2.893 4.108 9.808 2541.785 1.873 787.725 3.0284778644847155 1.0
3.0 2.0 Car -1.0 -1.0 -1.0 -1.0 -1.0 -1.0 -1.0 1.792 1.49 4.52 2525.917 0.337 835.385 -1.5487702716362983 1.0
3.0 0.0 Truck -1.0 -1.0 -1.0 -1.0 -1.0 -1.0 -1.0 3.022 4.115 11.052 2555.555 1.991 787.367 -2.9470408018702527 1.0
3.0 3.0 Car -1.0 -1.0 -1.0 -1.0 -1.0 -1.0 -1.0 2.041 2.0 5.149 2527.062 0.79 821.409 -1.6125612353439662 1.0
3.0 1.0 Truck -1.0 -1.0 -1.0 -1.0 -1.0 -1.0 -1.0 2.893 4.108 9.808 2541.677 1.868 787.708 3.0302251660044655 1.0
4.0 2.0 Car -1.0 -1.0 -1.0 -1.0 -1.0 -1.0 -1.0 1.792 1.49 4.52 2525.906 0.412 833.158 -1.566223564156241 1.0
4.0 0.0 Truck -1.0 -1.0 -1.0 -1.0 -1.0 -1.0 -1.0 3.022 4.115 11.052 2555.436 2.13 787.447 -2.9470408018702527 1.0
4.0 3.0 Car -1.0 -1.0 -1.0 -1.0 -1.0 -1.0 -1.0 2.041 2.0 5.149 2527.003 0.79 818.806 -1.6212712488101897 1.0
4.0 1.0 Truck -1.0 -1.0 -1.0 -1.0 -1.0 -1.0 -1.0 2.893 4.108 9.808 2541.638 2.063 787.685 3.0319667900346996 1.0
5.0 2.0 Car -1.0 -1.0 -1.0 -1.0 -1.0 -1.0 -1.0 1.792 1.49 4.52 2525.864 0.437 830.925 -1.5836768566761852 0.0
5.0 0.0 Truck -1.0 -1.0 -1.0 -1.0 -1.0 -1.0 -1.0 3.022 4.115 11.052 2555.39 2.204 787.154 -2.9470408018702527 0.0
5.0 3.0 Car -1.0 -1.0 -1.0 -1.0 -1.0 -1.0 -1.0 2.041 2.0 5.149 2526.724 0.825 816.375 -1.6822844822759928 0.0
5.0 1.0 Truck -1.0 -1.0 -1.0 -1.0 -1.0 -1.0 -1.0 2.893 4.108 9.808 2541.639 2.159 787.67 3.024981028838229 0.0
6.0 2.0 Car -1.0 -1.0 -1.0 -1.0 -1.0 -1.0 -1.0 1.792 1.49 4.52 2525.916 0.412 828.692 -1.5836768566761852 0.0
6.0 0.0 Truck -1.0 -1.0 -1.0 -1.0 -1.0 -1.0 -1.0 3.022 4.115 11.052 2555.196 2.354 787.154 -2.9470408018702527 0.0
6.0 3.0 Car -1.0 -1.0 -1.0 -1.0 -1.0 -1.0 -1.0 2.041 2.0 5.149 2526.299 0.86 813.968 -1.7432329015398802 0.0
6.0 1.0 Truck -1.0 -1.0 -1.0 -1.0 -1.0 -1.0 -1.0 2.893 4.108 9.808 2541.295 2.154 787.625 3.0180026885980165 0.0
7.0 2.0 Car -1.0 -1.0 -1.0 -1.0 -1.0 -1.0 -1.0 1.792 1.49 4.52 2526.122 0.538 826.456 -1.6185834417160712 0.0
7.0 0.0 Truck -1.0 -1.0 -1.0 -1.0 -1.0 -1.0 -1.0 3.022 4.115 11.052 2555.077 2.604 787.17 -2.9470408018702527 0.0
7.0 3.0 Car -1.0 -1.0 -1.0 -1.0 -1.0 -1.0 -1.0 2.041 2.0 5.149 2525.727 0.895 811.592 -1.8041793678334639 0.0
7.0 1.0 Truck -1.0 -1.0 -1.0 -1.0 -1.0 -1.0 -1.0 2.893 4.108 9.808 2541.217 2.337 787.602 3.0166089438329653 0.0
8.0 2.0 Car -1.0 -1.0 -1.0 -1.0 -1.0 -1.0 -1.0 1.792 1.49 4.52 2526.298 0.513 824.219 -1.6185834417160712 0.0
8.0 0.0 Truck -1.0 -1.0 -1.0 -1.0 -1.0 -1.0 -1.0 3.022 4.115 11.052 2554.692 2.43 787.094 -2.9470408018702527 0.0
8.0 3.0 Car -1.0 -1.0 -1.0 -1.0 -1.0 -1.0 -1.0 2.041 2.0 5.149 2524.913 0.93 809.381 -1.946673066299905 0.0
8.0 1.0 Truck -1.0 -1.0 -1.0 -1.0 -1.0 -1.0 -1.0 2.893 4.108 9.808 2540.924 2.507 787.64 3.015213633134695 0.0
9.0 2.0 Car -1.0 -1.0 -1.0 -1.0 -1.0 -1.0 -1.0 1.792 1.49 4.52 2525.629 0.638 820.589 -1.6185834417160712 0.0
9.0 0.0 Truck -1.0 -1.0 -1.0 -1.0 -1.0 -1.0 -1.0 3.022 4.115 11.052 2554.604 2.405 787.076 -2.9557680416834358 0.0
9.0 3.0 Car -1.0 -1.0 -1.0 -1.0 -1.0 -1.0 -1.0 2.041 2.0 5.149 2523.793 0.965 807.309 -2.089178452194853 0.0
9.0 1.0 Truck -1.0 -1.0 -1.0 -1.0 -1.0 -1.0 -1.0 2.893 4.108 9.808 2540.377 2.327 787.823 3.0138182079921076 0.0
10.0 2.0 Car -1.0 -1.0 -1.0 -1.0 -1.0 -1.0 -1.0 1.792 1.49 4.52 2525.934 0.664 818.298 -1.6011301491961272 0.0
10.0 0.0 Truck -1.0 -1.0 -1.0 -1.0 -1.0 -1.0 -1.0 3.022 4.115 11.052 2554.517 2.381 787.059 -2.9644940943901954 0.0
10.0 3.0 Car -1.0 -1.0 -1.0 -1.0 -1.0 -1.0 -1.0 2.041 2.0 5.149 2522.39 1.0 805.416 -2.2316644540620345 0.0
10.0 1.0 Truck -1.0 -1.0 -1.0 -1.0 -1.0 -1.0 -1.0 2.893 4.108 9.808 2540.061 2.272 787.793 2.977516387619721 0.0
11.0 2.0 Car -1.0 -1.0 -1.0 -1.0 -1.0 -1.0 -1.0 1.792 1.49 4.52 2525.886 0.739 815.332 -1.5836768566761852 0.0
11.0 0.0 Truck -1.0 -1.0 -1.0 -1.0 -1.0 -1.0 -1.0 3.022 4.115 11.052 2553.892 2.489 787.101 -2.981947386910139 0.0
11.0 3.0 Car -1.0 -1.0 -1.0 -1.0 -1.0 -1.0 -1.0 2.041 2.0 5.149 2520.617 1.035 803.656 -2.41230566010354 0.0
11.0 1.0 Truck -1.0 -1.0 -1.0 -1.0 -1.0 -1.0 -1.0 2.893 4.108 9.808 2539.256 2.367 788.127 2.941211401884999 0.0
12.0 2.0 Car -1.0 -1.0 -1.0 -1.0 -1.0 -1.0 -1.0 1.792 1.49 4.52 2525.775 0.864 812.539 -1.7058499043157858 0.0
12.0 0.0 Truck -1.0 -1.0 -1.0 -1.0 -1.0 -1.0 -1.0 3.022 4.115 11.052 2553.291 2.548 786.993 -2.981947386910139 1.0
12.0 3.0 Car -1.0 -1.0 -1.0 -1.0 -1.0 -1.0 -1.0 2.041 2.0 5.149 2518.559 1.07 802.244 -2.5927683815378644 1.0
12.0 1.0 Truck -1.0 -1.0 -1.0 -1.0 -1.0 -1.0 -1.0 2.893 4.108 9.808 2537.81 2.382 788.693 2.8890831652123747 1.0
13.0 2.0 Car -1.0 -1.0 -1.0 -1.0 -1.0 -1.0 -1.0 1.792 1.49 4.52 2525.606 0.989 809.784 -1.6709433192758996 0.0
13.0 0.0 Truck -1.0 -1.0 -1.0 -1.0 -1.0 -1.0 -1.0 3.022 4.115 11.052 2552.258 2.493 786.936 -2.9978130162329237 1.0
13.0 3.0 Car -1.0 -1.0 -1.0 -1.0 -1.0 -1.0 -1.0 2.041 2.0 5.149 2516.282 1.105 801.225 -2.773188555126435 1.0
13.0 1.0 Truck -1.0 -1.0 -1.0 -1.0 -1.0 -1.0 -1.0 2.893 4.108 9.808 2536.589 2.339 789.268 2.8238086580467403 0.0
14.0 2.0 Car -1.0 -1.0 -1.0 -1.0 -1.0 -1.0 -1.0 1.792 1.49 4.52 2525.401 1.24 806.354 -1.6011301491961272 0.0
14.0 0.0 Truck -1.0 -1.0 -1.0 -1.0 -1.0 -1.0 -1.0 3.022 4.115 11.052 2551.033 2.608 786.778 -3.016853971950026 1.0
14.0 3.0 Car -1.0 -1.0 -1.0 -1.0 -1.0 -1.0 -1.0 2.041 2.0 5.149 2513.116 1.147 800.514 -2.9182614021548243 1.0
14.0 1.0 Truck -1.0 -1.0 -1.0 -1.0 -1.0 -1.0 -1.0 2.893 4.108 9.808 2535.212 2.436 790.207 2.642194744342696 0.0
15.0 2.0 Car -1.0 -1.0 -1.0 -1.0 -1.0 -1.0 -1.0 1.792 1.49 4.52 2525.229 1.198 803.498 -1.6011301491961272 0.0
15.0 0.0 Truck -1.0 -1.0 -1.0 -1.0 -1.0 -1.0 -1.0 3.022 4.115 11.052 2549.436 2.612 786.703 -3.0618697187713857 1.0
15.0 3.0 Car -1.0 -1.0 -1.0 -1.0 -1.0 -1.0 -1.0 2.041 2.0 5.149 2510.425 1.182 800.277 -3.0390262350619137 1.0
15.0 1.0 Truck -1.0 -1.0 -1.0 -1.0 -1.0 -1.0 -1.0 2.893 4.108 9.808 2534.117 2.344 791.219 2.5259181521628005 0.0
16.0 2.0 Car -1.0 -1.0 -1.0 -1.0 -1.0 -1.0 -1.0 1.792 1.49 4.52 2525.189 1.257 800.853 -1.6011301491961272 0.0
16.0 0.0 Truck -1.0 -1.0 -1.0 -1.0 -1.0 -1.0 -1.0 3.022 4.115 11.052 2547.836 2.617 786.699 -3.106934363353506 1.0
16.0 3.0 Car -1.0 -1.0 -1.0 -1.0 -1.0 -1.0 -1.0 2.041 2.0 5.149 2507.177 1.177 800.008 -3.078669236852907 1.0
16.0 1.0 Truck -1.0 -1.0 -1.0 -1.0 -1.0 -1.0 -1.0 2.893 4.108 9.808 2533.181 2.352 792.328 2.357944150436949 0.0
17.0 0.0 Truck -1.0 -1.0 -1.0 -1.0 -1.0 -1.0 -1.0 3.022 4.115 11.052 2546.066 2.53 786.231 3.0568918249902413 1.0
17.0 3.0 Car -1.0 -1.0 -1.0 -1.0 -1.0 -1.0 -1.0 2.041 2.0 5.149 2503.598 1.171 799.86 -3.1222544055253016 1.0
17.0 1.0 Truck -1.0 -1.0 -1.0 -1.0 -1.0 -1.0 -1.0 2.893 4.108 9.808 2532.393 2.351 793.837 2.190719823527436 0.0
18.0 0.0 Truck -1.0 -1.0 -1.0 -1.0 -1.0 -1.0 -1.0 3.022 4.115 11.052 2544.974 2.435 786.843 3.1187684500800463 1.0
18.0 3.0 Car -1.0 -1.0 -1.0 -1.0 -1.0 -1.0 -1.0 2.041 2.0 5.149 2499.332 1.129 799.751 -3.1222544055253016 1.0
18.0 1.0 Truck -1.0 -1.0 -1.0 -1.0 -1.0 -1.0 -1.0 2.893 4.108 9.808 2531.549 2.406 795.779 2.020998570527887 0.0
19.0 0.0 Truck -1.0 -1.0 -1.0 -1.0 -1.0 -1.0 -1.0 3.022 4.115 11.052 2543.35 2.439 787.103 3.091798410030128 1.0
19.0 3.0 Car -1.0 -1.0 -1.0 -1.0 -1.0 -1.0 -1.0 2.041 2.0 5.149 2495.774 1.094 799.659 -3.1222544055253016 1.0
19.0 1.0 Truck -1.0 -1.0 -1.0 -1.0 -1.0 -1.0 -1.0 2.893 4.108 9.808 2530.863 2.427 797.952 1.911467143208343 0.0
20.0 0.0 Truck -1.0 -1.0 -1.0 -1.0 -1.0 -1.0 -1.0 3.022 4.115 11.052 2542.083 2.446 787.268 3.041272678202792 1.0
20.0 3.0 Car -1.0 -1.0 -1.0 -1.0 -1.0 -1.0 -1.0 2.041 2.0 5.149 2492.217 1.059 799.568 -3.1222544055253016 1.0
20.0 1.0 Truck -1.0 -1.0 -1.0 -1.0 -1.0 -1.0 -1.0 2.893 4.108 9.808 2530.303 2.455 800.53 1.800928867406308 0.0
21.0 0.0 Truck -1.0 -1.0 -1.0 -1.0 -1.0 -1.0 -1.0 3.022 4.115 11.052 2540.814 2.386 787.422 3.008200441049673 1.0
21.0 3.0 Car -1.0 -1.0 -1.0 -1.0 -1.0 -1.0 -1.0 2.041 2.0 5.149 2488.659 1.024 799.476 -3.1222544055253016 1.0
21.0 1.0 Truck -1.0 -1.0 -1.0 -1.0 -1.0 -1.0 -1.0 2.893 4.108 9.808 2530.078 2.484 803.199 1.7252976712856598 0.0
22.0 0.0 Truck -1.0 -1.0 -1.0 -1.0 -1.0 -1.0 -1.0 3.022 4.115 11.052 2539.531 2.575 787.527 2.9828853754256555 1.0
22.0 3.0 Car -1.0 -1.0 -1.0 -1.0 -1.0 -1.0 -1.0 2.041 2.0 5.149 2484.975 1.018 799.387 -3.1222544055253016 1.0
22.0 1.0 Truck -1.0 -1.0 -1.0 -1.0 -1.0 -1.0 -1.0 2.893 4.108 9.808 2529.929 2.562 806.046 1.6496677554091934 0.0
23.0 0.0 Truck -1.0 -1.0 -1.0 -1.0 -1.0 -1.0 -1.0 3.022 4.115 11.052 2538.523 2.526 787.772 2.9521720698705813 0.0
23.0 3.0 Car -1.0 -1.0 -1.0 -1.0 -1.0 -1.0 -1.0 2.041 2.0 5.149 2482.029 1.012 799.316 -3.1222544055253016 1.0
23.0 1.0 Truck -1.0 -1.0 -1.0 -1.0 -1.0 -1.0 -1.0 2.893 4.108 9.808 2529.766 2.582 808.477 1.5973078778493637 0.0
24.0 0.0 Truck -1.0 -1.0 -1.0 -1.0 -1.0 -1.0 -1.0 3.022 4.115 11.052 2538.267 2.623 788.016 2.9086239982137814 0.0
24.0 3.0 Car -1.0 -1.0 -1.0 -1.0 -1.0 -1.0 -1.0 2.041 2.0 5.149 2478.35 1.005 799.165 -3.1222544055253016 1.0
24.0 1.0 Truck -1.0 -1.0 -1.0 -1.0 -1.0 -1.0 -1.0 2.893 4.108 9.808 2529.557 2.707 811.716 1.5973078778493637 0.0
25.0 0.0 Truck -1.0 -1.0 -1.0 -1.0 -1.0 -1.0 -1.0 3.022 4.115 11.052 2538.074 2.519 788.346 2.812545729711035 0.0
25.0 3.0 Car -1.0 -1.0 -1.0 -1.0 -1.0 -1.0 -1.0 2.041 2.0 5.149 2474.664 0.998 799.013 -3.1222544055253016 1.0
26.0 0.0 Truck -1.0 -1.0 -1.0 -1.0 -1.0 -1.0 -1.0 3.022 4.115 11.052 2536.962 2.455 788.707 2.6466510373571097 0.0
26.0 3.0 Car -1.0 -1.0 -1.0 -1.0 -1.0 -1.0 -1.0 2.041 2.0 5.149 2470.973 0.991 798.861 -3.1222544055253016 1.0
27.0 0.0 Truck -1.0 -1.0 -1.0 -1.0 -1.0 -1.0 -1.0 3.022 4.115 11.052 2535.854 2.491 789.112 2.480933171832112 0.0
27.0 3.0 Car -1.0 -1.0 -1.0 -1.0 -1.0 -1.0 -1.0 2.041 2.0 5.149 2467.345 1.001 798.627 -3.1222544055253016 0.0
28.0 0.0 Truck -1.0 -1.0 -1.0 -1.0 -1.0 -1.0 -1.0 3.022 4.115 11.052 2535.068 2.445 790.133 2.4441784660370036 0.0
28.0 3.0 Car -1.0 -1.0 -1.0 -1.0 -1.0 -1.0 -1.0 2.041 2.0 5.149 2463.718 1.011 798.394 -3.1222544055253016 0.0
29.0 0.0 Truck -1.0 -1.0 -1.0 -1.0 -1.0 -1.0 -1.0 3.022 4.115 11.052 2533.361 2.609 792.205 2.4111200017523386 0.0
29.0 3.0 Car -1.0 -1.0 -1.0 -1.0 -1.0 -1.0 -1.0 2.041 2.0 5.149 2460.453 1.02 798.264 -3.1222544055253016 0.0
30.0 0.0 Truck -1.0 -1.0 -1.0 -1.0 -1.0 -1.0 -1.0 3.022 4.115 11.052 2532.61 2.57 793.225 2.246508460464346 0.0
30.0 3.0 Car -1.0 -1.0 -1.0 -1.0 -1.0 -1.0 -1.0 2.041 2.0 5.149 2456.467 1.031 798.105 -3.1222544055253016 0.0
31.0 0.0 Truck -1.0 -1.0 -1.0 -1.0 -1.0 -1.0 -1.0 3.022 4.115 11.052 2531.333 2.785 795.599 2.0969607363933593 0.0
31.0 3.0 Car -1.0 -1.0 -1.0 -1.0 -1.0 -1.0 -1.0 2.041 2.0 5.149 2452.846 1.041 797.961 -3.1222544055253016 0.0
32.0 0.0 Truck -1.0 -1.0 -1.0 -1.0 -1.0 -1.0 -1.0 3.022 4.115 11.052 2530.421 2.83 797.377 2.00273181112277 0.0
32.0 3.0 Car -1.0 -1.0 -1.0 -1.0 -1.0 -1.0 -1.0 2.041 2.0 5.149 2449.816 1.049 797.874 -3.1222544055253016 0.0
33.0 0.0 Truck -1.0 -1.0 -1.0 -1.0 -1.0 -1.0 -1.0 3.022 4.115 11.052 2529.504 2.885 800.134 1.8875212261540397 0.0
33.0 3.0 Car -1.0 -1.0 -1.0 -1.0 -1.0 -1.0 -1.0 2.041 2.0 5.149 2446.112 1.06 797.767 -3.1222544055253016 0.0
34.0 0.0 Truck -1.0 -1.0 -1.0 -1.0 -1.0 -1.0 -1.0 3.022 4.115 11.052 2529.146 2.661 802.555 1.7956816435010154 0.0
34.0 3.0 Car -1.0 -1.0 -1.0 -1.0 -1.0 -1.0 -1.0 2.041 2.0 5.149 2442.743 1.07 797.691 -3.1222544055253016 0.0
35.0 3.0 Car -1.0 -1.0 -1.0 -1.0 -1.0 -1.0 -1.0 2.041 2.0 5.149 2439.709 1.079 797.622 -3.1222544055253016 0.0
36.0 3.0 Car -1.0 -1.0 -1.0 -1.0 -1.0 -1.0 -1.0 2.041 2.0 5.149 2436.421 1.089 797.615 -3.1309761522023565 0.0
37.0 3.0 Car -1.0 -1.0 -1.0 -1.0 -1.0 -1.0 -1.0 2.041 2.0 5.149 2433.128 1.099 797.609 -3.1397076980452447 0.0
38.0 3.0 Car -1.0 -1.0 -1.0 -1.0 -1.0 -1.0 -1.0 2.041 2.0 5.149 2430.182 1.109 797.656 -3.1309809557699846 0.0
