0.0 0.0 Car -1.0 -1.0 -1.0 -1.0 -1.0 -1.0 -1.0 1.961 1.58 5.224 1445.213 0.518 2606.223 2.476144222295066 0.0
1.0 0.0 Car -1.0 -1.0 -1.0 -1.0 -1.0 -1.0 -1.0 1.961 1.58 5.224 1443.522 0.517 2607.547 2.477905921627171 1.0
2.0 0.0 Car -1.0 -1.0 -1.0 -1.0 -1.0 -1.0 -1.0 1.961 1.58 5.224 1442.17 0.516 2608.606 2.479315080206901 1.0
3.0 0.0 Car -1.0 -1.0 -1.0 -1.0 -1.0 -1.0 -1.0 1.961 1.58 5.224 1440.479 0.515 2609.93 2.4810767196256514 1.0
4.0 0.0 Car -1.0 -1.0 -1.0 -1.0 -1.0 -1.0 -1.0 1.961 1.58 5.224 1439.127 0.514 2610.989 2.482485666746482 1.0
5.0 0.0 Car -1.0 -1.0 -1.0 -1.0 -1.0 -1.0 -1.0 1.961 1.58 5.224 1437.435 0.513 2612.314 2.4842492974032 1.0
6.0 0.0 Car -1.0 -1.0 -1.0 -1.0 -1.0 -1.0 -1.0 1.961 1.58 5.224 1435.575 0.788 2613.617 2.5482772755302325 1.0
6.0 3.0 Car -1.0 -1.0 -1.0 -1.0 -1.0 -1.0 -1.0 1.923 1.676 4.562 1478.637 0.687 2578.745 -0.6996972588898434 0.0
7.0 0.0 Car -1.0 -1.0 -1.0 -1.0 -1.0 -1.0 -1.0 1.961 1.58 5.224 1433.637 0.513 2614.798 2.6122875801326026 1.0
7.0 3.0 Car -1.0 -1.0 -1.0 -1.0 -1.0 -1.0 -1.0 1.923 1.676 4.562 1479.911 0.645 2577.649 -0.7011930555906415 1.0
8.0 0.0 Car -1.0 -1.0 -1.0 -1.0 -1.0 -1.0 -1.0 1.961 1.58 5.224 1431.68 0.663 2615.947 2.6762355151225763 1.0
8.0 3.0 Car -1.0 -1.0 -1.0 -1.0 -1.0 -1.0 -1.0 1.923 1.676 4.562 1481.184 0.603 2576.554 -0.702687394834534 1.0
9.0 0.0 Car -1.0 -1.0 -1.0 -1.0 -1.0 -1.0 -1.0 1.961 1.58 5.224 1430.127 0.679 2616.753 2.658769413423025 1.0
9.0 3.0 Car -1.0 -1.0 -1.0 -1.0 -1.0 -1.0 -1.0 1.923 1.676 4.562 1482.459 0.56 2575.457 -0.7041850350537175 1.0
10.0 0.0 Car -1.0 -1.0 -1.0 -1.0 -1.0 -1.0 -1.0 1.961 1.58 5.224 1428.576 0.696 2617.557 2.6413220194081326 1.0
10.0 3.0 Car -1.0 -1.0 -1.0 -1.0 -1.0 -1.0 -1.0 1.923 1.676 4.562 1483.733 0.518 2574.361 -0.7056810711724877 1.0
10.0 2.0 Car -1.0 -1.0 -1.0 -1.0 -1.0 -1.0 -1.0 1.832 1.624 4.0 1450.879 0.772 2598.473 2.4252146918689705 0.0
11.0 0.0 Car -1.0 -1.0 -1.0 -1.0 -1.0 -1.0 -1.0 1.961 1.58 5.224 1427.026 0.713 2618.362 2.6238756375627466 1.0
11.0 3.0 Car -1.0 -1.0 -1.0 -1.0 -1.0 -1.0 -1.0 1.923 1.676 4.562 1485.006 0.476 2573.265 -0.7071770205022427 1.0
11.0 2.0 Car -1.0 -1.0 -1.0 -1.0 -1.0 -1.0 -1.0 1.832 1.624 4.0 1450.767 0.767 2598.597 2.4280574814815994 0.0
12.0 1.0 Car -1.0 -1.0 -1.0 -1.0 -1.0 -1.0 -1.0 1.832 1.584 4.304 1456.508 0.614 2594.581 2.419936458192129 0.0
12.0 0.0 Car -1.0 -1.0 -1.0 -1.0 -1.0 -1.0 -1.0 1.961 1.58 5.224 1425.63 0.746 2619.203 2.5947863705572427 1.0
12.0 3.0 Car -1.0 -1.0 -1.0 -1.0 -1.0 -1.0 -1.0 1.923 1.676 4.562 1488.092 0.501 2570.734 -0.703022227655639 1.0
12.0 2.0 Car -1.0 -1.0 -1.0 -1.0 -1.0 -1.0 -1.0 1.832 1.624 4.0 1450.654 0.762 2598.722 2.4309003962115034 0.0
13.0 1.0 Car -1.0 -1.0 -1.0 -1.0 -1.0 -1.0 -1.0 1.832 1.584 4.304 1456.508 0.614 2594.578 2.415574406923141 0.0
13.0 0.0 Car -1.0 -1.0 -1.0 -1.0 -1.0 -1.0 -1.0 1.961 1.58 5.224 1424.259 0.779 2620.085 2.565697743664119 1.0
13.0 3.0 Car -1.0 -1.0 -1.0 -1.0 -1.0 -1.0 -1.0 1.923 1.676 4.562 1491.177 0.526 2568.203 -0.6988675262356886 1.0
13.0 2.0 Car -1.0 -1.0 -1.0 -1.0 -1.0 -1.0 -1.0 1.832 1.624 4.0 1450.542 0.757 2598.847 2.43374324838277 1.0
14.0 1.0 Car -1.0 -1.0 -1.0 -1.0 -1.0 -1.0 -1.0 1.832 1.584 4.304 1456.508 0.614 2594.574 2.4112123643804715 0.0
14.0 0.0 Car -1.0 -1.0 -1.0 -1.0 -1.0 -1.0 -1.0 1.961 1.58 5.224 1422.914 0.813 2621.006 2.5366091749630297 1.0
14.0 3.0 Car -1.0 -1.0 -1.0 -1.0 -1.0 -1.0 -1.0 1.923 1.676 4.562 1494.263 0.552 2565.672 -0.6947128331272526 1.0
14.0 2.0 Car -1.0 -1.0 -1.0 -1.0 -1.0 -1.0 -1.0 1.832 1.624 4.0 1450.43 0.752 2598.971 2.4365860948668874 1.0
15.0 1.0 Car -1.0 -1.0 -1.0 -1.0 -1.0 -1.0 -1.0 1.832 1.584 4.304 1456.508 0.614 2594.571 2.4068502607535693 1.0
15.0 0.0 Car -1.0 -1.0 -1.0 -1.0 -1.0 -1.0 -1.0 1.961 1.58 5.224 1421.849 0.863 2621.798 2.478453056202386 1.0
15.0 3.0 Car -1.0 -1.0 -1.0 -1.0 -1.0 -1.0 -1.0 1.923 1.676 4.562 1497.348 0.577 2563.141 -0.6905580818382187 1.0
15.0 2.0 Car -1.0 -1.0 -1.0 -1.0 -1.0 -1.0 -1.0 1.832 1.624 4.0 1450.279 0.747 2599.117 2.439428981161047 1.0
16.0 1.0 Car -1.0 -1.0 -1.0 -1.0 -1.0 -1.0 -1.0 1.832 1.584 4.304 1456.508 0.614 2594.567 2.402488148400348 1.0
16.0 0.0 Car -1.0 -1.0 -1.0 -1.0 -1.0 -1.0 -1.0 1.961 1.58 5.224 1420.832 0.913 2622.651 2.4202968211013505 1.0
16.0 3.0 Car -1.0 -1.0 -1.0 -1.0 -1.0 -1.0 -1.0 1.923 1.676 4.562 1500.434 0.602 2560.609 -0.6864033222376706 1.0
16.0 2.0 Car -1.0 -1.0 -1.0 -1.0 -1.0 -1.0 -1.0 1.832 1.624 4.0 1450.128 0.742 2599.263 2.4422718731423556 1.0
17.0 1.0 Car -1.0 -1.0 -1.0 -1.0 -1.0 -1.0 -1.0 1.832 1.584 4.304 1456.508 0.614 2594.564 2.3981212103927065 1.0
17.0 0.0 Car -1.0 -1.0 -1.0 -1.0 -1.0 -1.0 -1.0 1.961 1.58 5.224 1419.865 0.963 2623.562 2.3620762497635965 1.0
17.0 3.0 Car -1.0 -1.0 -1.0 -1.0 -1.0 -1.0 -1.0 1.923 1.676 4.562 1503.523 0.627 2558.075 -0.6822439663699001 1.0
17.0 2.0 Car -1.0 -1.0 -1.0 -1.0 -1.0 -1.0 -1.0 1.832 1.624 4.0 1449.977 0.737 2599.409 2.445117910116994 1.0
18.0 1.0 Car -1.0 -1.0 -1.0 -1.0 -1.0 -1.0 -1.0 1.832 1.584 4.304 1456.507 0.614 2594.56 2.3937539756902186 1.0
18.0 0.0 Car -1.0 -1.0 -1.0 -1.0 -1.0 -1.0 -1.0 1.961 1.58 5.224 1419.212 1.021 2624.319 2.2922003897139307 1.0
18.0 3.0 Car -1.0 -1.0 -1.0 -1.0 -1.0 -1.0 -1.0 1.923 1.676 4.562 1507.265 0.654 2555.054 -0.6832176501042464 1.0
18.0 2.0 Car -1.0 -1.0 -1.0 -1.0 -1.0 -1.0 -1.0 1.832 1.624 4.0 1449.981 0.744 2599.417 2.446092781527955 1.0
19.0 1.0 Car -1.0 -1.0 -1.0 -1.0 -1.0 -1.0 -1.0 1.832 1.584 4.304 1456.511 0.635 2594.574 2.4204135830755815 1.0
19.0 0.0 Car -1.0 -1.0 -1.0 -1.0 -1.0 -1.0 -1.0 1.961 1.58 5.224 1418.614 1.179 2625.118 2.22240830245254 0.0
19.0 3.0 Car -1.0 -1.0 -1.0 -1.0 -1.0 -1.0 -1.0 1.923 1.676 4.562 1511.004 0.682 2552.036 -0.6841901665083978 1.0
19.0 2.0 Car -1.0 -1.0 -1.0 -1.0 -1.0 -1.0 -1.0 1.832 1.624 4.0 1449.986 0.752 2599.424 2.4470664841848384 1.0
20.0 1.0 Car -1.0 -1.0 -1.0 -1.0 -1.0 -1.0 -1.0 1.832 1.584 4.304 1456.514 0.656 2594.587 2.4208937932984638 1.0
20.0 0.0 Car -1.0 -1.0 -1.0 -1.0 -1.0 -1.0 -1.0 1.961 1.58 5.224 1418.073 1.188 2625.957 2.152542495137467 0.0
20.0 3.0 Car -1.0 -1.0 -1.0 -1.0 -1.0 -1.0 -1.0 1.923 1.676 4.562 1514.746 0.709 2549.015 -0.6851637101631204 1.0
20.0 2.0 Car -1.0 -1.0 -1.0 -1.0 -1.0 -1.0 -1.0 1.832 1.624 4.0 1449.991 0.759 2599.432 2.44804121534531 0.0
21.0 1.0 Car -1.0 -1.0 -1.0 -1.0 -1.0 -1.0 -1.0 1.832 1.584 4.304 1456.518 0.677 2594.6 2.421372993956593 0.0
21.0 0.0 Car -1.0 -1.0 -1.0 -1.0 -1.0 -1.0 -1.0 1.961 1.58 5.224 1417.592 1.196 2626.831 2.0828235694445034 0.0
21.0 3.0 Car -1.0 -1.0 -1.0 -1.0 -1.0 -1.0 -1.0 1.923 1.676 4.562 1518.48 0.736 2546.0 -0.6861352070989017 0.0
21.0 2.0 Car -1.0 -1.0 -1.0 -1.0 -1.0 -1.0 -1.0 1.832 1.624 4.0 1449.995 0.767 2599.44 2.4490138972903 0.0
22.0 1.0 Car -1.0 -1.0 -1.0 -1.0 -1.0 -1.0 -1.0 1.832 1.584 4.304 1456.427 0.742 2594.744 2.4141073122504135 0.0
22.0 0.0 Car -1.0 -1.0 -1.0 -1.0 -1.0 -1.0 -1.0 1.961 1.58 5.224 1417.096 1.28 2627.933 1.9955007084964893 0.0
22.0 3.0 Car -1.0 -1.0 -1.0 -1.0 -1.0 -1.0 -1.0 1.923 1.676 4.562 1522.223 0.764 2542.979 -0.687108795501282 0.0
22.0 2.0 Car -1.0 -1.0 -1.0 -1.0 -1.0 -1.0 -1.0 1.832 1.624 4.0 1449.914 0.802 2599.674 2.3966540197304704 0.0
23.0 1.0 Car -1.0 -1.0 -1.0 -1.0 -1.0 -1.0 -1.0 1.832 1.584 4.304 1456.162 0.778 2594.998 2.3981173998104297 0.0
23.0 0.0 Car -1.0 -1.0 -1.0 -1.0 -1.0 -1.0 -1.0 1.961 1.58 5.224 1416.893 1.35 2628.609 1.9082684129654504 0.0
23.0 3.0 Car -1.0 -1.0 -1.0 -1.0 -1.0 -1.0 -1.0 1.923 1.676 4.562 1525.961 0.791 2539.961 -0.6880813741630439 0.0
23.0 2.0 Car -1.0 -1.0 -1.0 -1.0 -1.0 -1.0 -1.0 1.832 1.624 4.0 1449.693 0.887 2600.042 2.3094076278551716 0.0
24.0 1.0 Car -1.0 -1.0 -1.0 -1.0 -1.0 -1.0 -1.0 1.832 1.584 4.304 1455.747 0.814 2595.395 2.382111622172535 0.0
24.0 0.0 Car -1.0 -1.0 -1.0 -1.0 -1.0 -1.0 -1.0 1.961 1.58 5.224 1416.578 1.488 2629.925 1.8209495655137575 0.0
24.0 3.0 Car -1.0 -1.0 -1.0 -1.0 -1.0 -1.0 -1.0 1.923 1.676 4.562 1529.704 0.818 2536.94 -0.6890549178177667 0.0
24.0 2.0 Car -1.0 -1.0 -1.0 -1.0 -1.0 -1.0 -1.0 1.832 1.624 4.0 1449.301 0.962 2600.672 2.2220866301441387 0.0
25.0 1.0 Car -1.0 -1.0 -1.0 -1.0 -1.0 -1.0 -1.0 1.832 1.584 4.304 1455.078 0.881 2596.072 2.3588473906503324 0.0
25.0 0.0 Car -1.0 -1.0 -1.0 -1.0 -1.0 -1.0 -1.0 1.961 1.58 5.224 1416.504 1.45 2630.775 1.733712383987198 0.0
25.0 3.0 Car -1.0 -1.0 -1.0 -1.0 -1.0 -1.0 -1.0 1.923 1.676 4.562 1533.442 0.845 2533.921 -0.6900275509549378 0.0
25.0 2.0 Car -1.0 -1.0 -1.0 -1.0 -1.0 -1.0 -1.0 1.832 1.624 4.0 1448.7 1.037 2601.668 2.161011718805465 0.0
26.0 1.0 Car -1.0 -1.0 -1.0 -1.0 -1.0 -1.0 -1.0 1.832 1.584 4.304 1454.498 0.998 2596.726 2.3413944822211246 0.0
26.0 0.0 Car -1.0 -1.0 -1.0 -1.0 -1.0 -1.0 -1.0 1.961 1.58 5.224 1416.533 1.613 2631.233 1.646491256445921 0.0
26.0 3.0 Car -1.0 -1.0 -1.0 -1.0 -1.0 -1.0 -1.0 1.923 1.676 4.562 1537.181 0.873 2530.904 -0.691000005101479 0.0
26.0 2.0 Car -1.0 -1.0 -1.0 -1.0 -1.0 -1.0 -1.0 1.832 1.624 4.0 1447.888 1.122 2602.979 2.1523079244512644 0.0
27.0 1.0 Car -1.0 -1.0 -1.0 -1.0 -1.0 -1.0 -1.0 1.832 1.584 4.304 1453.625 1.114 2597.59 2.3239408056104454 0.0
27.0 0.0 Car -1.0 -1.0 -1.0 -1.0 -1.0 -1.0 -1.0 1.961 1.58 5.224 1416.444 1.586 2632.345 1.6290450374831011 0.0
27.0 3.0 Car -1.0 -1.0 -1.0 -1.0 -1.0 -1.0 -1.0 1.923 1.676 4.562 1540.919 0.9 2527.886 -0.691972502050127 0.0
27.0 2.0 Car -1.0 -1.0 -1.0 -1.0 -1.0 -1.0 -1.0 1.832 1.624 4.0 1446.778 1.187 2604.256 2.248252825675824 0.0
28.0 1.0 Car -1.0 -1.0 -1.0 -1.0 -1.0 -1.0 -1.0 1.832 1.584 4.304 1452.568 1.206 2598.714 2.3152087505714194 0.0
28.0 0.0 Car -1.0 -1.0 -1.0 -1.0 -1.0 -1.0 -1.0 1.961 1.58 5.224 1416.394 1.635 2633.281 1.6115773884343907 0.0
28.0 3.0 Car -1.0 -1.0 -1.0 -1.0 -1.0 -1.0 -1.0 1.923 1.676 4.562 1544.662 0.927 2524.864 -0.6929461935666748 0.0
28.0 2.0 Car -1.0 -1.0 -1.0 -1.0 -1.0 -1.0 -1.0 1.832 1.624 4.0 1445.166 1.262 2605.964 2.326840849650697 0.0
29.0 1.0 Car -1.0 -1.0 -1.0 -1.0 -1.0 -1.0 -1.0 1.832 1.584 4.304 1451.511 1.248 2599.837 2.3064875130905023 0.0
29.0 0.0 Car -1.0 -1.0 -1.0 -1.0 -1.0 -1.0 -1.0 1.961 1.58 5.224 1416.348 1.833 2634.216 1.5941313788860911 0.0
29.0 3.0 Car -1.0 -1.0 -1.0 -1.0 -1.0 -1.0 -1.0 1.923 1.676 4.562 1548.4 0.954 2521.847 -0.6939186788420207 0.0
29.0 2.0 Car -1.0 -1.0 -1.0 -1.0 -1.0 -1.0 -1.0 1.832 1.624 4.0 1443.605 1.287 2607.562 2.3409179234912774 0.0
30.0 1.0 Car -1.0 -1.0 -1.0 -1.0 -1.0 -1.0 -1.0 1.832 1.584 4.304 1450.02 1.364 2601.5 2.314756553389693 0.0
30.0 0.0 Car -1.0 -1.0 -1.0 -1.0 -1.0 -1.0 -1.0 1.961 1.58 5.224 1416.551 1.711 2634.97 1.5339774415088852 0.0
30.0 3.0 Car -1.0 -1.0 -1.0 -1.0 -1.0 -1.0 -1.0 1.923 1.676 4.562 1552.138 0.982 2518.828 -0.6948912575037824 0.0
30.0 2.0 Car -1.0 -1.0 -1.0 -1.0 -1.0 -1.0 -1.0 1.832 1.624 4.0 1441.671 1.312 2609.453 2.372456345715864 0.0
31.0 1.0 Car -1.0 -1.0 -1.0 -1.0 -1.0 -1.0 -1.0 1.832 1.584 4.304 1448.805 1.429 2602.866 2.3064875130905023 0.0
31.0 3.0 Car -1.0 -1.0 -1.0 -1.0 -1.0 -1.0 -1.0 1.923 1.676 4.562 1555.504 1.006 2516.111 -0.6957669185761198 0.0
31.0 2.0 Car -1.0 -1.0 -1.0 -1.0 -1.0 -1.0 -1.0 1.832 1.624 4.0 1439.265 1.379 2611.632 2.4252357243804585 0.0
32.0 1.0 Car -1.0 -1.0 -1.0 -1.0 -1.0 -1.0 -1.0 1.832 1.584 4.304 1447.187 1.451 2604.675 2.3064875130905023 0.0
32.0 3.0 Car -1.0 -1.0 -1.0 -1.0 -1.0 -1.0 -1.0 1.923 1.676 4.562 1559.18 0.863 2513.131 -0.680279959251838 0.0
