0.0 0.0 Car -1.0 -1.0 -1.0 -1.0 -1.0 -1.0 -1.0 1.982 1.545 4.453 1366.321 0.799 2671.527 -0.6907838647428033 0.0
1.0 0.0 Car -1.0 -1.0 -1.0 -1.0 -1.0 -1.0 -1.0 1.982 1.545 4.453 1368.361 0.761 2669.601 -0.8304102049023495 1.0
2.0 0.0 Car -1.0 -1.0 -1.0 -1.0 -1.0 -1.0 -1.0 1.982 1.545 4.453 1369.941 0.724 2667.624 -0.9700365450618955 1.0
3.0 0.0 Car -1.0 -1.0 -1.0 -1.0 -1.0 -1.0 -1.0 1.982 1.545 4.453 1371.133 0.686 2665.635 -1.1096628852214414 1.0
4.0 0.0 Car -1.0 -1.0 -1.0 -1.0 -1.0 -1.0 -1.0 1.982 1.545 4.453 1372.037 0.649 2663.501 -1.2492892253809875 0.0
5.0 0.0 Car -1.0 -1.0 -1.0 -1.0 -1.0 -1.0 -1.0 1.982 1.545 4.453 1372.243 0.661 2661.323 -1.4587287356203071 0.0
6.0 0.0 Car -1.0 -1.0 -1.0 -1.0 -1.0 -1.0 -1.0 1.982 1.545 4.453 1371.992 0.674 2659.15 -1.668168245859627 0.0
7.0 0.0 Car -1.0 -1.0 -1.0 -1.0 -1.0 -1.0 -1.0 1.982 1.545 4.453 1371.343 0.661 2657.253 -1.8776077560989466 0.0
8.0 0.0 Car -1.0 -1.0 -1.0 -1.0 -1.0 -1.0 -1.0 1.982 1.545 4.453 1370.217 0.649 2655.308 -2.0870472663382653 0.0
9.0 0.0 Car -1.0 -1.0 -1.0 -1.0 -1.0 -1.0 -1.0 1.982 1.545 4.453 1369.048 0.616 2653.56 -2.1498791194100613 0.0
10.0 0.0 Car -1.0 -1.0 -1.0 -1.0 -1.0 -1.0 -1.0 1.982 1.545 4.453 1367.702 0.584 2651.787 -2.2127109724818568 0.0
11.0 0.0 Car -1.0 -1.0 -1.0 -1.0 -1.0 -1.0 -1.0 1.982 1.545 4.453 1366.232 0.585 2650.024 -2.2464540046870805 0.0
12.0 0.0 Car -1.0 -1.0 -1.0 -1.0 -1.0 -1.0 -1.0 1.982 1.545 4.453 1364.653 0.535 2648.153 -2.280197036892304 0.0
13.0 0.0 Car -1.0 -1.0 -1.0 -1.0 -1.0 -1.0 -1.0 1.982 1.545 4.453 1362.879 0.486 2646.372 -2.313940069097528 0.0
14.0 0.0 Car -1.0 -1.0 -1.0 -1.0 -1.0 -1.0 -1.0 1.982 1.545 4.453 1361.075 0.47 2644.269 -2.3255755974441565 0.0
15.0 0.0 Car -1.0 -1.0 -1.0 -1.0 -1.0 -1.0 -1.0 1.982 1.545 4.453 1358.983 0.455 2642.054 -2.31103118701087 0.0
21.0 1.0 Car -1.0 -1.0 -1.0 -1.0 -1.0 -1.0 -1.0 1.76 1.394 4.476 1412.33 0.693 2619.564 0.9320232738035866 0.0
22.0 1.0 Car -1.0 -1.0 -1.0 -1.0 -1.0 -1.0 -1.0 1.76 1.394 4.476 1413.056 0.603 2620.784 0.9320232738035866 1.0
23.0 1.0 Car -1.0 -1.0 -1.0 -1.0 -1.0 -1.0 -1.0 1.76 1.394 4.476 1413.787 0.612 2621.961 0.9320232738035866 1.0
24.0 1.0 Car -1.0 -1.0 -1.0 -1.0 -1.0 -1.0 -1.0 1.76 1.394 4.476 1414.351 0.622 2623.196 1.0349976996712522 1.0
25.0 1.0 Car -1.0 -1.0 -1.0 -1.0 -1.0 -1.0 -1.0 1.76 1.394 4.476 1414.724 0.632 2624.234 1.1379721255389177 1.0
26.0 1.0 Car -1.0 -1.0 -1.0 -1.0 -1.0 -1.0 -1.0 1.76 1.394 4.476 1414.84 0.666 2624.802 1.2147666126266683 1.0
27.0 1.0 Car -1.0 -1.0 -1.0 -1.0 -1.0 -1.0 -1.0 1.76 1.394 4.476 1414.995 0.701 2625.191 1.309014392234362 0.0
28.0 1.0 Car -1.0 -1.0 -1.0 -1.0 -1.0 -1.0 -1.0 1.76 1.394 4.476 1415.028 0.66 2625.76 1.403262171842056 0.0
29.0 1.0 Car -1.0 -1.0 -1.0 -1.0 -1.0 -1.0 -1.0 1.76 1.394 4.476 1414.965 0.695 2626.313 1.5647051276515311 0.0
30.0 1.0 Car -1.0 -1.0 -1.0 -1.0 -1.0 -1.0 -1.0 1.76 1.394 4.476 1414.752 0.729 2627.247 1.7261480834610066 0.0
31.0 1.0 Car -1.0 -1.0 -1.0 -1.0 -1.0 -1.0 -1.0 1.76 1.394 4.476 1414.248 0.764 2628.553 1.887591039270482 0.0
32.0 1.0 Car -1.0 -1.0 -1.0 -1.0 -1.0 -1.0 -1.0 1.76 1.394 4.476 1413.465 0.798 2629.859 2.0490339950799576 0.0
33.0 1.0 Car -1.0 -1.0 -1.0 -1.0 -1.0 -1.0 -1.0 1.76 1.394 4.476 1412.289 0.891 2631.376 2.1712070427195607 0.0
34.0 1.0 Car -1.0 -1.0 -1.0 -1.0 -1.0 -1.0 -1.0 1.76 1.394 4.476 1410.439 0.984 2633.126 2.2933800903591637 0.0
35.0 1.0 Car -1.0 -1.0 -1.0 -1.0 -1.0 -1.0 -1.0 1.76 1.394 4.476 1408.1 1.002 2635.036 2.4155531379987667 0.0
36.0 1.0 Car -1.0 -1.0 -1.0 -1.0 -1.0 -1.0 -1.0 1.76 1.394 4.476 1405.226 1.082 2637.514 2.4330064305187102 0.0
37.0 1.0 Car -1.0 -1.0 -1.0 -1.0 -1.0 -1.0 -1.0 1.76 1.394 4.476 1402.309 1.163 2639.941 2.4504597230386533 0.0
38.0 1.0 Car -1.0 -1.0 -1.0 -1.0 -1.0 -1.0 -1.0 1.76 1.394 4.476 1399.329 1.243 2642.291 2.4679130155585964 0.0
