0.0 1.0 Car -1.0 -1.0 -1.0 -1.0 -1.0 -1.0 -1.0 2.028 1.898 4.84 1807.774 1.117 1192.274 2.160089296626315 0.0
1.0 1.0 Car -1.0 -1.0 -1.0 -1.0 -1.0 -1.0 -1.0 2.028 1.898 4.84 1806.873 1.085 1193.662 2.155729283355416 1.0
2.0 1.0 Car -1.0 -1.0 -1.0 -1.0 -1.0 -1.0 -1.0 2.028 1.898 4.84 1805.971 1.053 1195.051 2.151364909268856 1.0
3.0 1.0 Car -1.0 -1.0 -1.0 -1.0 -1.0 -1.0 -1.0 2.028 1.898 4.84 1805.07 1.021 1196.439 2.147000369471301 1.0
4.0 1.0 Car -1.0 -1.0 -1.0 -1.0 -1.0 -1.0 -1.0 2.028 1.898 4.84 1804.168 0.989 1197.828 2.1426360041063717 1.0
5.0 1.0 Car -1.0 -1.0 -1.0 -1.0 -1.0 -1.0 -1.0 2.028 1.898 4.84 1802.972 1.003 1199.662 2.1675636852193536 1.0
6.0 1.0 Car -1.0 -1.0 -1.0 -1.0 -1.0 -1.0 -1.0 2.028 1.898 4.84 1801.413 1.021 1201.912 2.198733605959493 0.0
7.0 1.0 Car -1.0 -1.0 -1.0 -1.0 -1.0 -1.0 -1.0 2.028 1.898 4.84 1799.785 1.039 1204.113 2.229902466706088 0.0
7.0 0.0 Car -1.0 -1.0 -1.0 -1.0 -1.0 -1.0 -1.0 1.73 1.654 4.778 1720.124 1.681 1121.05 0.9084438767873111 0.0
8.0 1.0 Car -1.0 -1.0 -1.0 -1.0 -1.0 -1.0 -1.0 2.028 1.898 4.84 1797.971 1.062 1206.289 2.3043270584235462 0.0
8.0 0.0 Car -1.0 -1.0 -1.0 -1.0 -1.0 -1.0 -1.0 1.73 1.654 4.778 1723.946 1.636 1125.824 0.9084438767873111 1.0
9.0 1.0 Car -1.0 -1.0 -1.0 -1.0 -1.0 -1.0 -1.0 2.028 1.898 4.84 1795.772 1.089 1208.541 2.3869820993855777 0.0
9.0 0.0 Car -1.0 -1.0 -1.0 -1.0 -1.0 -1.0 -1.0 1.73 1.654 4.778 1728.294 1.586 1131.556 0.9258971693072543 1.0
10.0 1.0 Car -1.0 -1.0 -1.0 -1.0 -1.0 -1.0 -1.0 2.028 1.898 4.84 1793.485 1.089 1210.578 2.439341976945408 0.0
10.0 0.0 Car -1.0 -1.0 -1.0 -1.0 -1.0 -1.0 -1.0 1.73 1.654 4.778 1732.693 1.437 1137.246 0.9433504618271977 1.0
11.0 1.0 Car -1.0 -1.0 -1.0 -1.0 -1.0 -1.0 -1.0 2.028 1.898 4.84 1791.045 0.964 1212.526 2.4742483876157535 0.0
11.0 0.0 Car -1.0 -1.0 -1.0 -1.0 -1.0 -1.0 -1.0 1.73 1.654 4.778 1736.101 1.287 1142.108 0.9782570468670844 1.0
12.0 1.0 Car -1.0 -1.0 -1.0 -1.0 -1.0 -1.0 -1.0 2.028 1.898 4.84 1788.538 0.839 1214.387 2.509155147025181 0.0
12.0 0.0 Car -1.0 -1.0 -1.0 -1.0 -1.0 -1.0 -1.0 1.73 1.654 4.778 1740.302 1.198 1147.919 0.9782570468670844 1.0
13.0 1.0 Car -1.0 -1.0 -1.0 -1.0 -1.0 -1.0 -1.0 2.028 1.898 4.84 1785.655 0.864 1216.398 2.5614931996188632 0.0
13.0 0.0 Car -1.0 -1.0 -1.0 -1.0 -1.0 -1.0 -1.0 1.73 1.654 4.778 1744.171 1.037 1153.342 0.9433504618271977 0.0
14.0 1.0 Car -1.0 -1.0 -1.0 -1.0 -1.0 -1.0 -1.0 2.028 1.898 4.84 1782.888 0.889 1218.107 2.5789683171049544 0.0
14.0 0.0 Car -1.0 -1.0 -1.0 -1.0 -1.0 -1.0 -1.0 1.73 1.654 4.778 1747.849 0.887 1158.485 0.9433504618271977 0.0
15.0 1.0 Car -1.0 -1.0 -1.0 -1.0 -1.0 -1.0 -1.0 2.028 1.898 4.84 1780.173 0.915 1219.689 2.596397465280939 0.0
15.0 0.0 Car -1.0 -1.0 -1.0 -1.0 -1.0 -1.0 -1.0 1.73 1.654 4.778 1751.564 0.787 1163.568 0.9433504618271977 0.0
16.0 1.0 Car -1.0 -1.0 -1.0 -1.0 -1.0 -1.0 -1.0 2.028 1.898 4.84 1777.451 0.94 1221.274 2.613874902144841 0.0
16.0 0.0 Car -1.0 -1.0 -1.0 -1.0 -1.0 -1.0 -1.0 1.73 1.654 4.778 1755.308 0.687 1168.691 0.960803754347141 0.0
17.0 1.0 Car -1.0 -1.0 -1.0 -1.0 -1.0 -1.0 -1.0 2.028 1.898 4.84 1774.955 1.037 1222.71 2.613874902144841 0.0
17.0 0.0 Car -1.0 -1.0 -1.0 -1.0 -1.0 -1.0 -1.0 1.73 1.654 4.778 1758.73 0.637 1173.358 0.9433504618271977 0.0
18.0 0.0 Car -1.0 -1.0 -1.0 -1.0 -1.0 -1.0 -1.0 1.73 1.654 4.778 1761.983 0.687 1177.753 0.9258971693072543 0.0
19.0 0.0 Car -1.0 -1.0 -1.0 -1.0 -1.0 -1.0 -1.0 1.73 1.654 4.778 1764.782 0.687 1181.115 0.8560839992274812 0.0
20.0 0.0 Car -1.0 -1.0 -1.0 -1.0 -1.0 -1.0 -1.0 1.73 1.654 4.778 1767.534 0.687 1184.156 0.8386307067075379 0.0
21.0 0.0 Car -1.0 -1.0 -1.0 -1.0 -1.0 -1.0 -1.0 1.73 1.654 4.778 1770.079 0.687 1186.669 0.7339109515878779 0.0
22.0 0.0 Car -1.0 -1.0 -1.0 -1.0 -1.0 -1.0 -1.0 1.73 1.654 4.778 1771.982 0.737 1188.348 0.7513642441078213 0.0
23.0 0.0 Car -1.0 -1.0 -1.0 -1.0 -1.0 -1.0 -1.0 1.73 1.654 4.778 1773.03 0.787 1189.291 0.7164576590679346 0.0
24.0 0.0 Car -1.0 -1.0 -1.0 -1.0 -1.0 -1.0 -1.0 1.73 1.654 4.778 1773.765 0.832 1189.931 0.6990043665479913 0.0
