0.0 9.0 Car -1.0 -1.0 -1.0 -1.0 -1.0 -1.0 -1.0 2.128 2.21 5.206 766.694 1.165 1410.165 2.5475523893835295 0.0
0.0 3.0 Bus -1.0 -1.0 -1.0 -1.0 -1.0 -1.0 -1.0 2.807 3.389 12.007 757.441 1.721 1410.634 2.585007155128705 0.0
0.0 10.0 Car -1.0 -1.0 -1.0 -1.0 -1.0 -1.0 -1.0 2.019 2.338 6.014 778.164 1.361 1401.656 2.713480841364486 0.0
0.0 0.0 Car -1.0 -1.0 -1.0 -1.0 -1.0 -1.0 -1.0 2.034 1.58 4.541 710.337 0.476 1434.729 -0.5216789134196422 0.0
1.0 6.0 Car -1.0 -1.0 -1.0 -1.0 -1.0 -1.0 -1.0 1.904 1.552 5.021 707.922 0.305 1431.576 -0.5914920834994146 0.0
1.0 9.0 Car -1.0 -1.0 -1.0 -1.0 -1.0 -1.0 -1.0 2.128 2.21 5.206 765.425 1.115 1410.943 2.5475523893835295 1.0
1.0 3.0 Bus -1.0 -1.0 -1.0 -1.0 -1.0 -1.0 -1.0 2.807 3.389 12.007 753.318 1.687 1413.082 2.5806450645949788 1.0
1.0 10.0 Car -1.0 -1.0 -1.0 -1.0 -1.0 -1.0 -1.0 2.019 2.338 6.014 774.639 1.269 1402.692 2.713480841364486 1.0
1.0 0.0 Car -1.0 -1.0 -1.0 -1.0 -1.0 -1.0 -1.0 2.034 1.58 4.541 715.357 0.616 1431.562 -0.5216789134196422 1.0
2.0 6.0 Car -1.0 -1.0 -1.0 -1.0 -1.0 -1.0 -1.0 1.904 1.552 5.021 711.031 0.364 1429.568 -0.5914920834994146 1.0
2.0 9.0 Car -1.0 -1.0 -1.0 -1.0 -1.0 -1.0 -1.0 2.128 2.21 5.206 764.393 1.115 1411.56 2.5475523893835295 1.0
2.0 3.0 Bus -1.0 -1.0 -1.0 -1.0 -1.0 -1.0 -1.0 2.807 3.389 12.007 749.194 1.653 1415.529 2.5762830089666338 1.0
2.0 10.0 Car -1.0 -1.0 -1.0 -1.0 -1.0 -1.0 -1.0 2.019 2.338 6.014 771.974 1.277 1403.872 2.7658407189243164 1.0
2.0 0.0 Car -1.0 -1.0 -1.0 -1.0 -1.0 -1.0 -1.0 2.034 1.58 4.541 720.378 0.831 1428.394 -0.5216789134196422 1.0
3.0 6.0 Car -1.0 -1.0 -1.0 -1.0 -1.0 -1.0 -1.0 1.904 1.552 5.021 714.144 0.423 1427.557 -0.5914920834994146 0.0
3.0 9.0 Car -1.0 -1.0 -1.0 -1.0 -1.0 -1.0 -1.0 2.128 2.21 5.206 763.241 1.115 1412.258 2.5475523893835295 0.0
3.0 3.0 Bus -1.0 -1.0 -1.0 -1.0 -1.0 -1.0 -1.0 2.807 3.389 12.007 745.066 1.619 1417.98 2.5719157524365484 0.0
3.0 10.0 Car -1.0 -1.0 -1.0 -1.0 -1.0 -1.0 -1.0 2.019 2.338 6.014 768.76 1.434 1405.172 2.7658407189243164 0.0
3.0 0.0 Car -1.0 -1.0 -1.0 -1.0 -1.0 -1.0 -1.0 2.034 1.58 4.541 725.405 0.779 1425.222 -0.5216789134196422 0.0
4.0 6.0 Car -1.0 -1.0 -1.0 -1.0 -1.0 -1.0 -1.0 1.904 1.552 5.021 717.252 0.482 1425.549 -0.5914920834994146 0.0
4.0 9.0 Car -1.0 -1.0 -1.0 -1.0 -1.0 -1.0 -1.0 2.128 2.21 5.206 762.238 1.171 1412.856 2.5475523893835295 0.0
4.0 3.0 Bus -1.0 -1.0 -1.0 -1.0 -1.0 -1.0 -1.0 2.807 3.389 12.007 740.783 1.585 1420.791 2.5675538626087615 0.0
4.0 10.0 Car -1.0 -1.0 -1.0 -1.0 -1.0 -1.0 -1.0 2.019 2.338 6.014 765.376 1.542 1406.578 2.713480841364486 0.0
4.0 0.0 Car -1.0 -1.0 -1.0 -1.0 -1.0 -1.0 -1.0 2.034 1.58 4.541 730.425 0.728 1422.054 -0.5216789134196422 0.0
5.0 6.0 Car -1.0 -1.0 -1.0 -1.0 -1.0 -1.0 -1.0 1.904 1.552 5.021 720.361 0.54 1423.54 -0.5914920834994146 0.0
5.0 9.0 Car -1.0 -1.0 -1.0 -1.0 -1.0 -1.0 -1.0 2.128 2.21 5.206 761.1 1.226 1413.7 2.5999122669433596 0.0
5.0 3.0 Bus -1.0 -1.0 -1.0 -1.0 -1.0 -1.0 -1.0 2.807 3.389 12.007 736.305 1.551 1423.801 2.5675538626087615 0.0
5.0 10.0 Car -1.0 -1.0 -1.0 -1.0 -1.0 -1.0 -1.0 2.019 2.338 6.014 761.632 1.5 1408.401 2.6785742563245996 0.0
5.0 0.0 Car -1.0 -1.0 -1.0 -1.0 -1.0 -1.0 -1.0 2.034 1.58 4.541 735.446 0.676 1418.886 -0.5216789134196422 0.0
6.0 6.0 Car -1.0 -1.0 -1.0 -1.0 -1.0 -1.0 -1.0 1.904 1.552 5.021 723.47 0.599 1421.532 -0.5914920834994146 0.0
6.0 9.0 Car -1.0 -1.0 -1.0 -1.0 -1.0 -1.0 -1.0 2.128 2.21 5.206 760.003 1.132 1414.349 2.5999122669433596 0.0
6.0 3.0 Bus -1.0 -1.0 -1.0 -1.0 -1.0 -1.0 -1.0 2.807 3.389 12.007 731.86 1.717 1426.79 2.5675538626087615 0.0
6.0 10.0 Car -1.0 -1.0 -1.0 -1.0 -1.0 -1.0 -1.0 2.019 2.338 6.014 757.698 1.408 1410.476 2.62621437876477 0.0
6.0 0.0 Car -1.0 -1.0 -1.0 -1.0 -1.0 -1.0 -1.0 2.034 1.58 4.541 740.527 0.776 1415.877 -0.5216789134196422 0.0
7.0 6.0 Car -1.0 -1.0 -1.0 -1.0 -1.0 -1.0 -1.0 1.904 1.552 5.021 726.582 0.658 1419.522 -0.5914920834994146 0.0
7.0 9.0 Car -1.0 -1.0 -1.0 -1.0 -1.0 -1.0 -1.0 2.128 2.21 5.206 758.984 1.137 1414.993 2.5999122669433596 0.0
7.0 3.0 Bus -1.0 -1.0 -1.0 -1.0 -1.0 -1.0 -1.0 2.807 3.389 12.007 727.335 1.734 1429.83 2.5675538626087615 0.0
7.0 10.0 Car -1.0 -1.0 -1.0 -1.0 -1.0 -1.0 -1.0 2.019 2.338 6.014 753.71 1.279 1412.818 2.62621437876477 0.0
7.0 0.0 Car -1.0 -1.0 -1.0 -1.0 -1.0 -1.0 -1.0 2.034 1.58 4.541 745.83 0.826 1412.74 -0.5216789134196422 0.0
8.0 6.0 Car -1.0 -1.0 -1.0 -1.0 -1.0 -1.0 -1.0 1.904 1.552 5.021 729.694 0.717 1417.511 -0.5914920834994146 0.0
8.0 1.0 Car -1.0 -1.0 -1.0 -1.0 -1.0 -1.0 -1.0 2.0 2.04 5.1 699.93 0.347 1436.717 -0.5342627373121118 0.0
8.0 9.0 Car -1.0 -1.0 -1.0 -1.0 -1.0 -1.0 -1.0 2.128 2.21 5.206 757.934 1.242 1415.655 2.5999122669433596 0.0
8.0 3.0 Bus -1.0 -1.0 -1.0 -1.0 -1.0 -1.0 -1.0 2.807 3.389 12.007 722.352 1.75 1432.872 2.5675538626087615 0.0
8.0 10.0 Car -1.0 -1.0 -1.0 -1.0 -1.0 -1.0 -1.0 2.019 2.338 6.014 749.71 1.108 1415.376 2.62621437876477 0.0
8.0 0.0 Car -1.0 -1.0 -1.0 -1.0 -1.0 -1.0 -1.0 2.034 1.58 4.541 750.713 0.876 1409.654 -0.5216789134196422 0.0
8.0 8.0 Car -1.0 -1.0 -1.0 -1.0 -1.0 -1.0 -1.0 1.935 1.84 5.054 763.441 0.936 1408.164 2.661120963804657 0.0
9.0 6.0 Car -1.0 -1.0 -1.0 -1.0 -1.0 -1.0 -1.0 1.904 1.552 5.021 732.181 0.713 1415.905 -0.5914920834994146 0.0
9.0 1.0 Car -1.0 -1.0 -1.0 -1.0 -1.0 -1.0 -1.0 2.0 2.04 5.1 702.188 0.415 1435.525 -0.5342627373121118 0.0
9.0 9.0 Car -1.0 -1.0 -1.0 -1.0 -1.0 -1.0 -1.0 2.128 2.21 5.206 757.092 1.047 1416.194 2.5999122669433596 0.0
9.0 3.0 Bus -1.0 -1.0 -1.0 -1.0 -1.0 -1.0 -1.0 2.807 3.389 12.007 718.434 1.622 1435.398 2.5675538626087615 0.0
9.0 10.0 Car -1.0 -1.0 -1.0 -1.0 -1.0 -1.0 -1.0 2.019 2.338 6.014 746.544 1.128 1417.311 2.62621437876477 0.0
9.0 0.0 Car -1.0 -1.0 -1.0 -1.0 -1.0 -1.0 -1.0 2.034 1.58 4.541 754.614 0.917 1407.189 -0.5216789134196422 0.0
9.0 8.0 Car -1.0 -1.0 -1.0 -1.0 -1.0 -1.0 -1.0 1.935 1.84 5.054 759.905 0.947 1410.022 2.661120963804657 0.0
10.0 6.0 Car -1.0 -1.0 -1.0 -1.0 -1.0 -1.0 -1.0 1.904 1.552 5.021 735.29 0.708 1413.896 -0.5914920834994146 0.0
10.0 1.0 Car -1.0 -1.0 -1.0 -1.0 -1.0 -1.0 -1.0 2.0 2.04 5.1 704.9 0.437 1433.846 -0.5342627373121118 0.0
10.0 9.0 Car -1.0 -1.0 -1.0 -1.0 -1.0 -1.0 -1.0 2.128 2.21 5.206 756.056 1.102 1416.806 2.5999122669433596 0.0
10.0 3.0 Bus -1.0 -1.0 -1.0 -1.0 -1.0 -1.0 -1.0 2.807 3.389 12.007 713.479 1.537 1438.711 2.5675538626087615 0.0
10.0 10.0 Car -1.0 -1.0 -1.0 -1.0 -1.0 -1.0 -1.0 2.019 2.338 6.014 742.204 1.177 1419.982 2.6087610862448267 0.0
10.0 0.0 Car -1.0 -1.0 -1.0 -1.0 -1.0 -1.0 -1.0 2.034 1.58 4.541 759.728 0.867 1404.22 -0.5216789134196422 0.0
10.0 8.0 Car -1.0 -1.0 -1.0 -1.0 -1.0 -1.0 -1.0 1.935 1.84 5.054 755.106 0.836 1412.83 2.57385450120494 0.0
11.0 6.0 Car -1.0 -1.0 -1.0 -1.0 -1.0 -1.0 -1.0 1.904 1.552 5.021 738.089 0.703 1412.088 -0.5914920834994146 1.0
11.0 1.0 Car -1.0 -1.0 -1.0 -1.0 -1.0 -1.0 -1.0 2.0 2.04 5.1 707.207 0.556 1432.291 -0.5342627373121118 1.0
11.0 9.0 Car -1.0 -1.0 -1.0 -1.0 -1.0 -1.0 -1.0 2.128 2.21 5.206 755.221 1.143 1417.382 2.5999122669433596 1.0
11.0 3.0 Bus -1.0 -1.0 -1.0 -1.0 -1.0 -1.0 -1.0 2.807 3.389 12.007 708.966 1.46 1441.614 2.5675538626087615 1.0
11.0 10.0 Car -1.0 -1.0 -1.0 -1.0 -1.0 -1.0 -1.0 2.019 2.338 6.014 738.597 1.012 1422.333 2.57385450120494 1.0
11.0 0.0 Car -1.0 -1.0 -1.0 -1.0 -1.0 -1.0 -1.0 2.034 1.58 4.541 764.333 1.122 1401.547 -0.5216789134196422 0.0
11.0 8.0 Car -1.0 -1.0 -1.0 -1.0 -1.0 -1.0 -1.0 1.935 1.84 5.054 750.76 0.736 1415.385 2.57385450120494 1.0
12.0 7.0 Car -1.0 -1.0 -1.0 -1.0 -1.0 -1.0 -1.0 2.022 1.573 4.607 768.43 0.913 1406.435 2.6475597555211596 0.0
12.0 6.0 Car -1.0 -1.0 -1.0 -1.0 -1.0 -1.0 -1.0 1.904 1.552 5.021 741.171 0.803 1410.032 -0.5914920834994146 1.0
12.0 1.0 Car -1.0 -1.0 -1.0 -1.0 -1.0 -1.0 -1.0 2.0 2.04 5.1 710.215 0.634 1430.479 -0.5342627373121118 1.0
12.0 9.0 Car -1.0 -1.0 -1.0 -1.0 -1.0 -1.0 -1.0 2.128 2.21 5.206 754.203 1.139 1418.081 2.5999122669433596 1.0
12.0 3.0 Bus -1.0 -1.0 -1.0 -1.0 -1.0 -1.0 -1.0 2.807 3.389 12.007 703.948 1.374 1444.842 2.5675538626087615 1.0
12.0 10.0 Car -1.0 -1.0 -1.0 -1.0 -1.0 -1.0 -1.0 2.019 2.338 6.014 734.151 1.062 1425.163 2.57385450120494 1.0
12.0 0.0 Car -1.0 -1.0 -1.0 -1.0 -1.0 -1.0 -1.0 2.034 1.58 4.541 769.297 1.105 1398.303 -0.5216789134196422 0.0
12.0 8.0 Car -1.0 -1.0 -1.0 -1.0 -1.0 -1.0 -1.0 1.935 1.84 5.054 745.897 0.736 1418.347 2.57385450120494 1.0
13.0 7.0 Car -1.0 -1.0 -1.0 -1.0 -1.0 -1.0 -1.0 2.022 1.573 4.607 765.231 0.913 1408.174 2.6475597555211596 1.0
13.0 6.0 Car -1.0 -1.0 -1.0 -1.0 -1.0 -1.0 -1.0 1.904 1.552 5.021 743.504 0.803 1408.594 -0.5914920834994146 1.0
13.0 1.0 Car -1.0 -1.0 -1.0 -1.0 -1.0 -1.0 -1.0 2.0 2.04 5.1 712.618 0.696 1429.032 -0.5342627373121118 1.0
13.0 9.0 Car -1.0 -1.0 -1.0 -1.0 -1.0 -1.0 -1.0 2.128 2.21 5.206 753.367 1.096 1418.603 2.5999122669433596 1.0
13.0 3.0 Bus -1.0 -1.0 -1.0 -1.0 -1.0 -1.0 -1.0 2.807 3.389 12.007 699.94 1.306 1447.42 2.5675538626087615 1.0
13.0 10.0 Car -1.0 -1.0 -1.0 -1.0 -1.0 -1.0 -1.0 2.019 2.338 6.014 730.601 1.283 1427.47 2.57385450120494 1.0
13.0 0.0 Car -1.0 -1.0 -1.0 -1.0 -1.0 -1.0 -1.0 2.034 1.58 4.541 773.263 1.292 1395.713 -0.5216789134196422 0.0
13.0 8.0 Car -1.0 -1.0 -1.0 -1.0 -1.0 -1.0 -1.0 1.935 1.84 5.054 742.544 0.736 1420.363 2.57385450120494 1.0
14.0 7.0 Car -1.0 -1.0 -1.0 -1.0 -1.0 -1.0 -1.0 2.022 1.573 4.607 761.219 0.913 1410.355 2.6475597555211596 1.0
14.0 6.0 Car -1.0 -1.0 -1.0 -1.0 -1.0 -1.0 -1.0 1.904 1.552 5.021 745.971 0.803 1407.007 -0.5914920834994146 1.0
14.0 1.0 Car -1.0 -1.0 -1.0 -1.0 -1.0 -1.0 -1.0 2.0 2.04 5.1 715.632 0.774 1427.218 -0.5342627373121118 0.0
14.0 9.0 Car -1.0 -1.0 -1.0 -1.0 -1.0 -1.0 -1.0 2.128 2.21 5.206 752.359 1.08 1419.254 2.5999122669433596 1.0
14.0 3.0 Bus -1.0 -1.0 -1.0 -1.0 -1.0 -1.0 -1.0 2.807 3.389 12.007 694.915 1.22 1450.653 2.5675538626087615 1.0
14.0 10.0 Car -1.0 -1.0 -1.0 -1.0 -1.0 -1.0 -1.0 2.019 2.338 6.014 725.721 1.082 1430.718 2.57385450120494 1.0
14.0 0.0 Car -1.0 -1.0 -1.0 -1.0 -1.0 -1.0 -1.0 2.034 1.58 4.541 778.235 1.376 1392.464 -0.5216789134196422 0.0
14.0 8.0 Car -1.0 -1.0 -1.0 -1.0 -1.0 -1.0 -1.0 1.935 1.84 5.054 738.168 0.736 1423.207 2.57385450120494 1.0
15.0 7.0 Car -1.0 -1.0 -1.0 -1.0 -1.0 -1.0 -1.0 2.022 1.573 4.607 756.791 0.913 1412.606 2.6475597555211596 1.0
15.0 5.0 Truck -1.0 -1.0 -1.0 -1.0 -1.0 -1.0 -1.0 2.029 1.809 5.695 777.364 1.589 1401.285 2.648921112323743 0.0
15.0 6.0 Car -1.0 -1.0 -1.0 -1.0 -1.0 -1.0 -1.0 1.904 1.552 5.021 747.824 0.803 1405.797 -0.5856848381575896 1.0
15.0 1.0 Car -1.0 -1.0 -1.0 -1.0 -1.0 -1.0 -1.0 2.0 2.04 5.1 718.726 0.307 1425.312 -0.5342627373121118 0.0
15.0 9.0 Car -1.0 -1.0 -1.0 -1.0 -1.0 -1.0 -1.0 2.128 2.21 5.206 751.369 1.152 1419.852 2.5999122669433596 1.0
15.0 3.0 Bus -1.0 -1.0 -1.0 -1.0 -1.0 -1.0 -1.0 2.807 3.389 12.007 689.782 1.127 1453.701 2.5675538626087615 0.0
15.0 10.0 Car -1.0 -1.0 -1.0 -1.0 -1.0 -1.0 -1.0 2.019 2.338 6.014 720.723 1.082 1433.847 2.57385450120494 1.0
15.0 8.0 Car -1.0 -1.0 -1.0 -1.0 -1.0 -1.0 -1.0 1.935 1.84 5.054 733.486 0.736 1426.163 2.57385450120494 1.0
16.0 7.0 Car -1.0 -1.0 -1.0 -1.0 -1.0 -1.0 -1.0 2.022 1.573 4.607 752.232 0.913 1414.963 2.6475597555211596 1.0
16.0 5.0 Truck -1.0 -1.0 -1.0 -1.0 -1.0 -1.0 -1.0 2.029 1.809 5.695 774.822 1.563 1402.575 2.648921112323743 1.0
16.0 6.0 Car -1.0 -1.0 -1.0 -1.0 -1.0 -1.0 -1.0 1.904 1.552 5.021 749.68 0.803 1404.584 -0.5798684252405906 1.0
16.0 1.0 Car -1.0 -1.0 -1.0 -1.0 -1.0 -1.0 -1.0 2.0 2.04 5.1 722.004 0.843 1423.298 -0.5342627373121118 0.0
16.0 9.0 Car -1.0 -1.0 -1.0 -1.0 -1.0 -1.0 -1.0 2.128 2.21 5.206 750.426 1.124 1420.463 2.5999122669433596 1.0
16.0 3.0 Bus -1.0 -1.0 -1.0 -1.0 -1.0 -1.0 -1.0 2.807 3.389 12.007 684.642 1.034 1456.754 2.5675538626087615 0.0
16.0 10.0 Car -1.0 -1.0 -1.0 -1.0 -1.0 -1.0 -1.0 2.019 2.338 6.014 715.493 0.781 1437.222 2.57385450120494 1.0
16.0 8.0 Car -1.0 -1.0 -1.0 -1.0 -1.0 -1.0 -1.0 1.935 1.84 5.054 729.031 0.736 1428.974 2.5564012086849965 1.0
17.0 7.0 Car -1.0 -1.0 -1.0 -1.0 -1.0 -1.0 -1.0 2.022 1.573 4.607 747.481 0.913 1417.46 2.6475597555211596 1.0
17.0 5.0 Truck -1.0 -1.0 -1.0 -1.0 -1.0 -1.0 -1.0 2.029 1.809 5.695 771.056 1.607 1404.656 2.648921112323743 1.0
17.0 6.0 Car -1.0 -1.0 -1.0 -1.0 -1.0 -1.0 -1.0 1.904 1.552 5.021 751.541 0.803 1403.369 -0.5740387909794715 1.0
17.0 1.0 Car -1.0 -1.0 -1.0 -1.0 -1.0 -1.0 -1.0 2.0 2.04 5.1 725.324 0.78 1421.337 -0.4819028597522825 0.0
17.0 9.0 Car -1.0 -1.0 -1.0 -1.0 -1.0 -1.0 -1.0 2.128 2.21 5.206 749.66 1.096 1420.886 2.5999122669433596 1.0
17.0 3.0 Bus -1.0 -1.0 -1.0 -1.0 -1.0 -1.0 -1.0 2.807 3.389 12.007 679.558 0.753 1459.92 2.5675538626087615 0.0
17.0 10.0 Car -1.0 -1.0 -1.0 -1.0 -1.0 -1.0 -1.0 2.019 2.338 6.014 710.476 0.579 1440.66 2.57385450120494 0.0
17.0 8.0 Car -1.0 -1.0 -1.0 -1.0 -1.0 -1.0 -1.0 1.935 1.84 5.054 724.572 0.736 1431.791 2.5564012086849965 1.0
18.0 7.0 Car -1.0 -1.0 -1.0 -1.0 -1.0 -1.0 -1.0 2.022 1.573 4.607 742.497 0.863 1420.299 2.6301064630012165 1.0
18.0 5.0 Truck -1.0 -1.0 -1.0 -1.0 -1.0 -1.0 -1.0 2.029 1.809 5.695 767.425 1.699 1406.664 2.648921112323743 1.0
18.0 6.0 Car -1.0 -1.0 -1.0 -1.0 -1.0 -1.0 -1.0 1.904 1.552 5.021 752.571 0.803 1402.596 -0.5740387909794715 0.0
18.0 1.0 Car -1.0 -1.0 -1.0 -1.0 -1.0 -1.0 -1.0 2.0 2.04 5.1 728.617 0.854 1419.555 -0.4819028597522825 0.0
18.0 9.0 Car -1.0 -1.0 -1.0 -1.0 -1.0 -1.0 -1.0 2.128 2.21 5.206 748.871 1.119 1421.405 2.5999122669433596 1.0
18.0 3.0 Bus -1.0 -1.0 -1.0 -1.0 -1.0 -1.0 -1.0 2.807 3.389 12.007 674.431 0.703 1462.993 2.5675538626087615 0.0
18.0 10.0 Car -1.0 -1.0 -1.0 -1.0 -1.0 -1.0 -1.0 2.019 2.338 6.014 705.17 0.378 1443.991 2.57385450120494 0.0
18.0 8.0 Car -1.0 -1.0 -1.0 -1.0 -1.0 -1.0 -1.0 1.935 1.84 5.054 720.122 0.736 1434.601 2.5564012086849965 1.0
19.0 7.0 Car -1.0 -1.0 -1.0 -1.0 -1.0 -1.0 -1.0 2.022 1.573 4.607 738.619 0.855 1422.595 2.61909193231513 1.0
19.0 5.0 Truck -1.0 -1.0 -1.0 -1.0 -1.0 -1.0 -1.0 2.029 1.809 5.695 763.249 1.631 1408.953 2.648921112323743 1.0
19.0 6.0 Car -1.0 -1.0 -1.0 -1.0 -1.0 -1.0 -1.0 1.904 1.552 5.021 753.396 0.803 1401.976 -0.5740387909794715 0.0
19.0 1.0 Car -1.0 -1.0 -1.0 -1.0 -1.0 -1.0 -1.0 2.0 2.04 5.1 731.708 0.857 1417.89 -0.4819028597522825 0.0
19.0 9.0 Car -1.0 -1.0 -1.0 -1.0 -1.0 -1.0 -1.0 2.128 2.21 5.206 748.293 1.136 1421.772 2.5999122669433596 1.0
19.0 3.0 Bus -1.0 -1.0 -1.0 -1.0 -1.0 -1.0 -1.0 2.807 3.389 12.007 670.326 0.662 1465.454 2.5675538626087615 0.0
19.0 10.0 Car -1.0 -1.0 -1.0 -1.0 -1.0 -1.0 -1.0 2.019 2.338 6.014 700.853 0.236 1446.664 2.57385450120494 0.0
19.0 8.0 Car -1.0 -1.0 -1.0 -1.0 -1.0 -1.0 -1.0 1.935 1.84 5.054 716.482 0.507 1436.858 2.5913077937248836 1.0
20.0 7.0 Car -1.0 -1.0 -1.0 -1.0 -1.0 -1.0 -1.0 2.022 1.573 4.607 733.847 0.844 1425.591 2.605319498691748 1.0
20.0 5.0 Truck -1.0 -1.0 -1.0 -1.0 -1.0 -1.0 -1.0 2.029 1.809 5.695 760.448 1.523 1410.516 2.648921112323743 1.0
20.0 6.0 Car -1.0 -1.0 -1.0 -1.0 -1.0 -1.0 -1.0 1.904 1.552 5.021 754.303 0.803 1401.2 -0.5740387909794715 0.0
20.0 1.0 Car -1.0 -1.0 -1.0 -1.0 -1.0 -1.0 -1.0 2.0 2.04 5.1 735.493 0.859 1415.857 -0.44699627471239634 0.0
20.0 9.0 Car -1.0 -1.0 -1.0 -1.0 -1.0 -1.0 -1.0 2.128 2.21 5.206 747.596 1.159 1422.205 2.5999122669433596 1.0
20.0 3.0 Bus -1.0 -1.0 -1.0 -1.0 -1.0 -1.0 -1.0 2.807 3.389 12.007 665.337 0.589 1468.755 2.5675538626087615 0.0
20.0 10.0 Car -1.0 -1.0 -1.0 -1.0 -1.0 -1.0 -1.0 2.019 2.338 6.014 695.511 0.134 1450.018 2.57385450120494 0.0
20.0 8.0 Car -1.0 -1.0 -1.0 -1.0 -1.0 -1.0 -1.0 1.935 1.84 5.054 712.049 0.411 1439.607 2.5913077937248836 0.0
20.0 4.0 Car -1.0 -1.0 -1.0 -1.0 -1.0 -1.0 -1.0 2.057 2.0 5.155 701.498 0.32 1435.209 -0.5230751768091633 0.0
21.0 7.0 Car -1.0 -1.0 -1.0 -1.0 -1.0 -1.0 -1.0 2.022 1.573 4.607 729.071 0.834 1428.59 2.591533042066567 1.0
21.0 5.0 Truck -1.0 -1.0 -1.0 -1.0 -1.0 -1.0 -1.0 2.029 1.809 5.695 756.244 1.456 1412.743 2.648921112323743 1.0
21.0 6.0 Car -1.0 -1.0 -1.0 -1.0 -1.0 -1.0 -1.0 1.904 1.552 5.021 754.863 0.803 1400.648 -0.5740387909794715 0.0
21.0 1.0 Car -1.0 -1.0 -1.0 -1.0 -1.0 -1.0 -1.0 2.0 2.04 5.1 739.287 1.007 1414.102 -0.44699627471239634 0.0
21.0 9.0 Car -1.0 -1.0 -1.0 -1.0 -1.0 -1.0 -1.0 2.128 2.21 5.206 746.96 1.181 1422.601 2.5999122669433596 1.0
21.0 3.0 Bus -1.0 -1.0 -1.0 -1.0 -1.0 -1.0 -1.0 2.807 3.389 12.007 660.119 0.279 1471.712 2.5675538626087615 0.0
21.0 10.0 Car -1.0 -1.0 -1.0 -1.0 -1.0 -1.0 -1.0 2.019 2.338 6.014 690.227 0.057 1453.476 2.57385450120494 0.0
21.0 8.0 Car -1.0 -1.0 -1.0 -1.0 -1.0 -1.0 -1.0 1.935 1.84 5.054 707.612 0.415 1442.358 2.5913077937248836 0.0
21.0 4.0 Car -1.0 -1.0 -1.0 -1.0 -1.0 -1.0 -1.0 2.057 2.0 5.155 703.99 0.352 1433.602 -0.5230751768091633 1.0
22.0 7.0 Car -1.0 -1.0 -1.0 -1.0 -1.0 -1.0 -1.0 2.022 1.573 4.607 724.294 0.823 1431.589 2.5777465854413864 1.0
22.0 5.0 Truck -1.0 -1.0 -1.0 -1.0 -1.0 -1.0 -1.0 2.029 1.809 5.695 752.175 1.339 1414.993 2.5965612347639127 1.0
22.0 6.0 Car -1.0 -1.0 -1.0 -1.0 -1.0 -1.0 -1.0 1.904 1.552 5.021 755.411 0.903 1400.269 -0.5740387909794715 0.0
22.0 1.0 Car -1.0 -1.0 -1.0 -1.0 -1.0 -1.0 -1.0 2.0 2.04 5.1 743.209 0.957 1412.285 -0.4295429821924532 0.0
22.0 9.0 Car -1.0 -1.0 -1.0 -1.0 -1.0 -1.0 -1.0 2.128 2.21 5.206 746.367 1.203 1422.929 2.5999122669433596 1.0
22.0 3.0 Bus -1.0 -1.0 -1.0 -1.0 -1.0 -1.0 -1.0 2.807 3.389 12.007 654.901 0.118 1474.669 2.5675538626087615 0.0
22.0 10.0 Car -1.0 -1.0 -1.0 -1.0 -1.0 -1.0 -1.0 2.019 2.338 6.014 684.836 0.031 1456.767 2.57385450120494 0.0
22.0 8.0 Car -1.0 -1.0 -1.0 -1.0 -1.0 -1.0 -1.0 1.935 1.84 5.054 703.008 0.319 1445.171 2.5913077937248836 0.0
22.0 4.0 Car -1.0 -1.0 -1.0 -1.0 -1.0 -1.0 -1.0 2.057 2.0 5.155 706.482 0.383 1431.996 -0.5230751768091633 1.0
23.0 7.0 Car -1.0 -1.0 -1.0 -1.0 -1.0 -1.0 -1.0 2.022 1.573 4.607 719.224 0.7 1434.862 2.5777465854413864 0.0
23.0 5.0 Truck -1.0 -1.0 -1.0 -1.0 -1.0 -1.0 -1.0 2.029 1.809 5.695 747.819 1.322 1417.521 2.5965612347639127 1.0
23.0 6.0 Car -1.0 -1.0 -1.0 -1.0 -1.0 -1.0 -1.0 1.904 1.552 5.021 755.447 0.89 1400.22 -0.5740387909794715 0.0
23.0 1.0 Car -1.0 -1.0 -1.0 -1.0 -1.0 -1.0 -1.0 2.0 2.04 5.1 747.041 1.007 1410.432 -0.5517160298320549 0.0
23.0 9.0 Car -1.0 -1.0 -1.0 -1.0 -1.0 -1.0 -1.0 2.128 2.21 5.206 745.688 1.226 1423.393 2.5999122669433596 1.0
23.0 3.0 Bus -1.0 -1.0 -1.0 -1.0 -1.0 -1.0 -1.0 2.807 3.389 12.007 649.772 0.083 1477.766 2.5675538626087615 0.0
23.0 10.0 Car -1.0 -1.0 -1.0 -1.0 -1.0 -1.0 -1.0 2.019 2.338 6.014 679.518 -0.121 1460.247 2.57385450120494 0.0
23.0 8.0 Car -1.0 -1.0 -1.0 -1.0 -1.0 -1.0 -1.0 1.935 1.84 5.054 698.258 0.223 1448.278 2.5913077937248836 0.0
23.0 4.0 Car -1.0 -1.0 -1.0 -1.0 -1.0 -1.0 -1.0 2.057 2.0 5.155 709.348 0.414 1430.271 -0.5230751768091633 1.0
24.0 7.0 Car -1.0 -1.0 -1.0 -1.0 -1.0 -1.0 -1.0 2.022 1.573 4.607 714.153 0.577 1438.136 2.5777465854413864 0.0
24.0 5.0 Truck -1.0 -1.0 -1.0 -1.0 -1.0 -1.0 -1.0 2.029 1.809 5.695 743.463 1.255 1420.049 2.5965612347639127 1.0
24.0 6.0 Car -1.0 -1.0 -1.0 -1.0 -1.0 -1.0 -1.0 1.904 1.552 5.021 755.484 0.878 1400.171 -0.5740387909794715 0.0
24.0 1.0 Car -1.0 -1.0 -1.0 -1.0 -1.0 -1.0 -1.0 2.0 2.04 5.1 750.76 1.107 1408.367 -0.5517160298320549 0.0
24.0 9.0 Car -1.0 -1.0 -1.0 -1.0 -1.0 -1.0 -1.0 2.128 2.21 5.206 745.052 1.048 1423.789 2.5999122669433596 1.0
24.0 3.0 Bus -1.0 -1.0 -1.0 -1.0 -1.0 -1.0 -1.0 2.807 3.389 12.007 644.687 0.097 1480.932 2.5675538626087615 0.0
24.0 10.0 Car -1.0 -1.0 -1.0 -1.0 -1.0 -1.0 -1.0 2.019 2.338 6.014 674.135 -0.323 1463.627 2.57385450120494 0.0
24.0 8.0 Car -1.0 -1.0 -1.0 -1.0 -1.0 -1.0 -1.0 1.935 1.84 5.054 693.479 0.027 1451.342 2.5913077937248836 0.0
24.0 4.0 Car -1.0 -1.0 -1.0 -1.0 -1.0 -1.0 -1.0 2.057 2.0 5.155 712.216 0.546 1428.545 -0.5230751768091633 1.0
25.0 7.0 Car -1.0 -1.0 -1.0 -1.0 -1.0 -1.0 -1.0 2.022 1.573 4.607 709.091 0.454 1441.404 2.5777465854413864 0.0
25.0 5.0 Truck -1.0 -1.0 -1.0 -1.0 -1.0 -1.0 -1.0 2.029 1.809 5.695 738.929 1.27 1422.967 2.5965612347639127 1.0
25.0 6.0 Car -1.0 -1.0 -1.0 -1.0 -1.0 -1.0 -1.0 1.904 1.552 5.021 755.52 0.865 1400.122 -0.5740387909794715 0.0
25.0 1.0 Car -1.0 -1.0 -1.0 -1.0 -1.0 -1.0 -1.0 2.0 2.04 5.1 754.509 1.107 1406.366 -0.5517160298320549 0.0
25.0 9.0 Car -1.0 -1.0 -1.0 -1.0 -1.0 -1.0 -1.0 2.128 2.21 5.206 744.294 1.12 1424.258 2.5999122669433596 1.0
25.0 3.0 Bus -1.0 -1.0 -1.0 -1.0 -1.0 -1.0 -1.0 2.807 3.389 12.007 637.734 -0.096 1485.496 2.5675538626087615 0.0
25.0 10.0 Car -1.0 -1.0 -1.0 -1.0 -1.0 -1.0 -1.0 2.019 2.338 6.014 668.761 -0.375 1467.001 2.57385450120494 0.0
25.0 8.0 Car -1.0 -1.0 -1.0 -1.0 -1.0 -1.0 -1.0 1.935 1.84 5.054 688.708 0.031 1454.4 2.5913077937248836 0.0
25.0 4.0 Car -1.0 -1.0 -1.0 -1.0 -1.0 -1.0 -1.0 2.057 2.0 5.155 715.079 0.677 1426.823 -0.5230751768091633 1.0
26.0 7.0 Car -1.0 -1.0 -1.0 -1.0 -1.0 -1.0 -1.0 2.022 1.573 4.607 704.027 0.331 1444.673 2.5777465854413864 0.0
26.0 5.0 Truck -1.0 -1.0 -1.0 -1.0 -1.0 -1.0 -1.0 2.029 1.809 5.695 734.358 1.328 1425.826 2.5965612347639127 1.0
26.0 6.0 Car -1.0 -1.0 -1.0 -1.0 -1.0 -1.0 -1.0 1.904 1.552 5.021 755.557 0.853 1400.073 -0.5740387909794715 0.0
26.0 9.0 Car -1.0 -1.0 -1.0 -1.0 -1.0 -1.0 -1.0 2.128 2.21 5.206 743.597 1.043 1424.691 2.5999122669433596 1.0
26.0 3.0 Bus -1.0 -1.0 -1.0 -1.0 -1.0 -1.0 -1.0 2.807 3.389 12.007 631.235 -0.289 1489.461 2.5675538626087615 0.0
26.0 10.0 Car -1.0 -1.0 -1.0 -1.0 -1.0 -1.0 -1.0 2.019 2.338 6.014 663.385 -0.426 1470.376 2.57385450120494 0.0
26.0 8.0 Car -1.0 -1.0 -1.0 -1.0 -1.0 -1.0 -1.0 1.935 1.84 5.054 683.936 -0.065 1457.459 2.5913077937248836 0.0
26.0 2.0 Car -1.0 -1.0 -1.0 -1.0 -1.0 -1.0 -1.0 1.956 1.492 4.521 762.281 1.058 1408.874 2.6023208213203723 0.0
26.0 4.0 Car -1.0 -1.0 -1.0 -1.0 -1.0 -1.0 -1.0 2.057 2.0 5.155 717.942 0.708 1425.099 -0.5230751768091633 1.0
27.0 7.0 Car -1.0 -1.0 -1.0 -1.0 -1.0 -1.0 -1.0 2.022 1.573 4.607 698.919 0.233 1447.895 2.5777465854413864 0.0
27.0 5.0 Truck -1.0 -1.0 -1.0 -1.0 -1.0 -1.0 -1.0 2.029 1.809 5.695 729.991 1.164 1428.576 2.5965612347639127 1.0
27.0 6.0 Car -1.0 -1.0 -1.0 -1.0 -1.0 -1.0 -1.0 1.904 1.552 5.021 755.543 0.858 1400.101 -0.5740387909794715 0.0
27.0 9.0 Car -1.0 -1.0 -1.0 -1.0 -1.0 -1.0 -1.0 2.128 2.21 5.206 742.929 1.015 1425.106 2.5999122669433596 1.0
27.0 10.0 Car -1.0 -1.0 -1.0 -1.0 -1.0 -1.0 -1.0 2.019 2.338 6.014 657.999 -0.378 1473.758 2.57385450120494 0.0
27.0 8.0 Car -1.0 -1.0 -1.0 -1.0 -1.0 -1.0 -1.0 1.935 1.84 5.054 679.155 -0.161 1460.523 2.5913077937248836 0.0
27.0 2.0 Car -1.0 -1.0 -1.0 -1.0 -1.0 -1.0 -1.0 1.956 1.492 4.521 757.762 1.063 1411.695 2.5848675288004292 1.0
27.0 4.0 Car -1.0 -1.0 -1.0 -1.0 -1.0 -1.0 -1.0 2.057 2.0 5.155 720.811 0.739 1423.373 -0.5230751768091633 0.0
28.0 7.0 Car -1.0 -1.0 -1.0 -1.0 -1.0 -1.0 -1.0 2.022 1.573 4.607 692.809 0.116 1451.747 2.5777465854413864 0.0
28.0 5.0 Truck -1.0 -1.0 -1.0 -1.0 -1.0 -1.0 -1.0 2.029 1.809 5.695 725.087 1.087 1431.685 2.5965612347639127 0.0
28.0 6.0 Car -1.0 -1.0 -1.0 -1.0 -1.0 -1.0 -1.0 1.904 1.552 5.021 755.526 0.864 1400.135 -0.5740387909794715 0.0
28.0 9.0 Car -1.0 -1.0 -1.0 -1.0 -1.0 -1.0 -1.0 2.128 2.21 5.206 742.12 1.032 1425.491 2.5475523893835295 0.0
28.0 10.0 Car -1.0 -1.0 -1.0 -1.0 -1.0 -1.0 -1.0 2.019 2.338 6.014 651.557 -0.32 1477.803 2.57385450120494 0.0
28.0 8.0 Car -1.0 -1.0 -1.0 -1.0 -1.0 -1.0 -1.0 1.935 1.84 5.054 673.382 -0.426 1464.1 2.6087610862448267 0.0
28.0 2.0 Car -1.0 -1.0 -1.0 -1.0 -1.0 -1.0 -1.0 1.956 1.492 4.521 753.127 0.969 1414.597 2.5848675288004292 0.0
28.0 4.0 Car -1.0 -1.0 -1.0 -1.0 -1.0 -1.0 -1.0 2.057 2.0 5.155 724.243 0.777 1421.308 -0.5230751768091633 0.0
29.0 7.0 Car -1.0 -1.0 -1.0 -1.0 -1.0 -1.0 -1.0 2.022 1.573 4.607 688.729 0.037 1454.321 2.5777465854413864 0.0
29.0 5.0 Truck -1.0 -1.0 -1.0 -1.0 -1.0 -1.0 -1.0 2.029 1.809 5.695 721.563 0.979 1433.856 2.5965612347639127 0.0
29.0 6.0 Car -1.0 -1.0 -1.0 -1.0 -1.0 -1.0 -1.0 1.904 1.552 5.021 755.515 0.869 1400.157 -0.5740387909794715 0.0
29.0 9.0 Car -1.0 -1.0 -1.0 -1.0 -1.0 -1.0 -1.0 2.128 2.21 5.206 741.632 1.043 1425.829 2.5824589744234165 0.0
29.0 8.0 Car -1.0 -1.0 -1.0 -1.0 -1.0 -1.0 -1.0 1.935 1.84 5.054 670.185 -0.603 1466.101 2.6087610862448267 0.0
29.0 2.0 Car -1.0 -1.0 -1.0 -1.0 -1.0 -1.0 -1.0 1.956 1.492 4.521 749.832 0.939 1416.552 2.6197741138403154 0.0
29.0 4.0 Car -1.0 -1.0 -1.0 -1.0 -1.0 -1.0 -1.0 2.057 2.0 5.155 726.416 0.777 1420.193 -0.5230751768091633 0.0
30.0 7.0 Car -1.0 -1.0 -1.0 -1.0 -1.0 -1.0 -1.0 2.022 1.573 4.607 683.624 -0.06 1457.54 2.5777465854413864 0.0
30.0 5.0 Truck -1.0 -1.0 -1.0 -1.0 -1.0 -1.0 -1.0 2.029 1.809 5.695 716.947 0.825 1436.74 2.5965612347639127 0.0
30.0 9.0 Car -1.0 -1.0 -1.0 -1.0 -1.0 -1.0 -1.0 2.128 2.21 5.206 741.028 1.057 1426.268 2.5999122669433596 0.0
30.0 8.0 Car -1.0 -1.0 -1.0 -1.0 -1.0 -1.0 -1.0 1.935 1.84 5.054 665.706 -0.624 1468.886 2.6087610862448267 0.0
30.0 2.0 Car -1.0 -1.0 -1.0 -1.0 -1.0 -1.0 -1.0 1.956 1.492 4.521 745.461 0.89 1419.01 2.5848675288004292 0.0
30.0 4.0 Car -1.0 -1.0 -1.0 -1.0 -1.0 -1.0 -1.0 2.057 2.0 5.155 729.494 0.877 1418.385 -0.5230751768091633 0.0
31.0 7.0 Car -1.0 -1.0 -1.0 -1.0 -1.0 -1.0 -1.0 2.022 1.573 4.607 679.043 -0.148 1460.429 2.5777465854413864 0.0
31.0 5.0 Truck -1.0 -1.0 -1.0 -1.0 -1.0 -1.0 -1.0 2.029 1.809 5.695 712.883 0.754 1439.315 2.5965612347639127 0.0
31.0 9.0 Car -1.0 -1.0 -1.0 -1.0 -1.0 -1.0 -1.0 2.128 2.21 5.206 740.473 1.069 1426.641 2.5999122669433596 0.0
31.0 8.0 Car -1.0 -1.0 -1.0 -1.0 -1.0 -1.0 -1.0 1.935 1.84 5.054 661.148 -0.643 1471.703 2.6087610862448267 0.0
31.0 2.0 Car -1.0 -1.0 -1.0 -1.0 -1.0 -1.0 -1.0 1.956 1.492 4.521 741.678 0.849 1421.274 2.5848675288004292 0.0
31.0 4.0 Car -1.0 -1.0 -1.0 -1.0 -1.0 -1.0 -1.0 2.057 2.0 5.155 732.256 0.927 1416.764 -0.5230751768091633 0.0
32.0 7.0 Car -1.0 -1.0 -1.0 -1.0 -1.0 -1.0 -1.0 2.022 1.573 4.607 673.945 -0.246 1463.644 2.5777465854413864 0.0
32.0 5.0 Truck -1.0 -1.0 -1.0 -1.0 -1.0 -1.0 -1.0 2.029 1.809 5.695 708.35 0.68 1442.249 2.5965612347639127 0.0
32.0 9.0 Car -1.0 -1.0 -1.0 -1.0 -1.0 -1.0 -1.0 2.128 2.21 5.206 739.84 1.083 1427.029 2.5999122669433596 0.0
32.0 2.0 Car -1.0 -1.0 -1.0 -1.0 -1.0 -1.0 -1.0 1.956 1.492 4.521 737.252 0.807 1423.867 2.5848675288004292 0.0
32.0 4.0 Car -1.0 -1.0 -1.0 -1.0 -1.0 -1.0 -1.0 2.057 2.0 5.155 735.33 1.027 1414.958 -0.5230751768091633 0.0
33.0 7.0 Car -1.0 -1.0 -1.0 -1.0 -1.0 -1.0 -1.0 2.022 1.573 4.607 668.841 -0.344 1466.862 2.5777465854413864 0.0
33.0 5.0 Truck -1.0 -1.0 -1.0 -1.0 -1.0 -1.0 -1.0 2.029 1.809 5.695 703.631 0.548 1445.043 2.614014527283856 0.0
33.0 9.0 Car -1.0 -1.0 -1.0 -1.0 -1.0 -1.0 -1.0 2.128 2.21 5.206 739.316 1.097 1427.392 2.5999122669433596 0.0
33.0 2.0 Car -1.0 -1.0 -1.0 -1.0 -1.0 -1.0 -1.0 1.956 1.492 4.521 732.923 0.874 1426.458 2.5848675288004292 0.0
33.0 4.0 Car -1.0 -1.0 -1.0 -1.0 -1.0 -1.0 -1.0 2.057 2.0 5.155 738.407 0.827 1413.152 -0.5230751768091633 0.0
34.0 7.0 Car -1.0 -1.0 -1.0 -1.0 -1.0 -1.0 -1.0 2.022 1.573 4.607 663.743 -0.442 1470.077 2.5777465854413864 0.0
34.0 5.0 Truck -1.0 -1.0 -1.0 -1.0 -1.0 -1.0 -1.0 2.029 1.809 5.695 698.806 0.485 1448.165 2.614014527283856 0.0
34.0 9.0 Car -1.0 -1.0 -1.0 -1.0 -1.0 -1.0 -1.0 2.128 2.21 5.206 738.664 1.111 1427.749 2.5999122669433596 0.0
34.0 2.0 Car -1.0 -1.0 -1.0 -1.0 -1.0 -1.0 -1.0 1.956 1.492 4.521 728.642 0.875 1429.056 2.5848675288004292 0.0
34.0 4.0 Car -1.0 -1.0 -1.0 -1.0 -1.0 -1.0 -1.0 2.057 2.0 5.155 741.569 0.927 1411.501 -0.5230751768091633 0.0
35.0 5.0 Truck -1.0 -1.0 -1.0 -1.0 -1.0 -1.0 -1.0 2.029 1.809 5.695 693.41 0.346 1451.61 2.5791079422439696 0.0
35.0 9.0 Car -1.0 -1.0 -1.0 -1.0 -1.0 -1.0 -1.0 2.128 2.21 5.206 737.953 1.126 1428.23 2.5999122669433596 0.0
35.0 2.0 Car -1.0 -1.0 -1.0 -1.0 -1.0 -1.0 -1.0 1.956 1.492 4.521 724.677 0.865 1431.451 2.5848675288004292 0.0
35.0 4.0 Car -1.0 -1.0 -1.0 -1.0 -1.0 -1.0 -1.0 2.057 2.0 5.155 745.047 0.977 1409.685 -0.5230751768091633 0.0
36.0 5.0 Truck -1.0 -1.0 -1.0 -1.0 -1.0 -1.0 -1.0 2.029 1.809 5.695 688.565 0.219 1454.481 2.5791079422439696 0.0
36.0 9.0 Car -1.0 -1.0 -1.0 -1.0 -1.0 -1.0 -1.0 2.128 2.21 5.206 737.302 1.14 1428.594 2.5999122669433596 0.0
36.0 2.0 Car -1.0 -1.0 -1.0 -1.0 -1.0 -1.0 -1.0 1.956 1.492 4.521 720.525 0.765 1434.009 2.5848675288004292 0.0
36.0 4.0 Car -1.0 -1.0 -1.0 -1.0 -1.0 -1.0 -1.0 2.057 2.0 5.155 748.209 1.027 1408.034 -0.5230751768091633 0.0
37.0 5.0 Truck -1.0 -1.0 -1.0 -1.0 -1.0 -1.0 -1.0 2.029 1.809 5.695 683.716 0.224 1457.493 2.5791079422439696 0.0
37.0 9.0 Car -1.0 -1.0 -1.0 -1.0 -1.0 -1.0 -1.0 2.128 2.21 5.206 736.687 1.154 1429.019 2.5999122669433596 0.0
37.0 2.0 Car -1.0 -1.0 -1.0 -1.0 -1.0 -1.0 -1.0 1.956 1.492 4.521 716.409 0.665 1436.66 2.532507651240599 0.0
37.0 4.0 Car -1.0 -1.0 -1.0 -1.0 -1.0 -1.0 -1.0 2.057 2.0 5.155 751.279 1.001 1406.435 -0.5230751768091633 0.0
38.0 5.0 Truck -1.0 -1.0 -1.0 -1.0 -1.0 -1.0 -1.0 2.029 1.809 5.695 678.879 0.088 1460.451 2.5791079422439696 0.0
38.0 9.0 Car -1.0 -1.0 -1.0 -1.0 -1.0 -1.0 -1.0 2.128 2.21 5.206 736.054 1.168 1429.414 2.5999122669433596 0.0
38.0 2.0 Car -1.0 -1.0 -1.0 -1.0 -1.0 -1.0 -1.0 1.956 1.492 4.521 712.266 0.565 1439.345 2.549960943760542 0.0
38.0 4.0 Car -1.0 -1.0 -1.0 -1.0 -1.0 -1.0 -1.0 2.057 2.0 5.155 754.208 0.975 1404.592 -0.5230751768091633 0.0
39.0 5.0 Truck -1.0 -1.0 -1.0 -1.0 -1.0 -1.0 -1.0 2.029 1.809 5.695 674.189 0.052 1463.224 2.5791079422439696 0.0
39.0 9.0 Car -1.0 -1.0 -1.0 -1.0 -1.0 -1.0 -1.0 2.128 2.21 5.206 735.296 1.182 1429.884 2.5999122669433596 0.0
39.0 2.0 Car -1.0 -1.0 -1.0 -1.0 -1.0 -1.0 -1.0 1.956 1.492 4.521 708.009 0.465 1442.188 2.532507651240599 0.0
