0.0 2.0 Car -1.0 -1.0 -1.0 -1.0 -1.0 -1.0 -1.0 1.95 1.795 4.269 696.971 0.737 487.166 2.4342630675919334 0.0
0.0 1.0 Car -1.0 -1.0 -1.0 -1.0 -1.0 -1.0 -1.0 2.308 2.0 5.116 758.072 0.918 434.327 2.4183980243963665 0.0
0.0 3.0 Truck -1.0 -1.0 -1.0 -1.0 -1.0 -1.0 -1.0 3.213 3.566 12.983 667.747 1.721 511.649 2.3819031900321037 0.0
1.0 2.0 Car -1.0 -1.0 -1.0 -1.0 -1.0 -1.0 -1.0 1.95 1.795 4.269 693.455 0.779 490.182 2.4342630675919334 1.0
1.0 1.0 Car -1.0 -1.0 -1.0 -1.0 -1.0 -1.0 -1.0 2.308 2.0 5.116 755.66 0.922 436.426 2.4183980243963665 1.0
1.0 3.0 Truck -1.0 -1.0 -1.0 -1.0 -1.0 -1.0 -1.0 3.213 3.566 12.983 664.577 1.751 514.661 2.39063449490496 1.0
2.0 2.0 Car -1.0 -1.0 -1.0 -1.0 -1.0 -1.0 -1.0 1.95 1.795 4.269 689.942 0.82 493.195 2.4342630675919334 1.0
2.0 1.0 Car -1.0 -1.0 -1.0 -1.0 -1.0 -1.0 -1.0 2.308 2.0 5.116 753.25 0.926 438.523 2.4183980243963665 1.0
2.0 3.0 Truck -1.0 -1.0 -1.0 -1.0 -1.0 -1.0 -1.0 3.213 3.566 12.983 661.41 1.781 517.67 2.3993564825520473 1.0
3.0 2.0 Car -1.0 -1.0 -1.0 -1.0 -1.0 -1.0 -1.0 1.95 1.795 4.269 686.429 1.012 496.208 2.4342630675919334 1.0
3.0 1.0 Car -1.0 -1.0 -1.0 -1.0 -1.0 -1.0 -1.0 2.308 2.0 5.116 750.841 0.931 440.62 2.4183980243963665 1.0
3.0 3.0 Truck -1.0 -1.0 -1.0 -1.0 -1.0 -1.0 -1.0 3.213 3.566 12.983 658.181 1.811 520.61 2.4066281592386223 1.0
4.0 2.0 Car -1.0 -1.0 -1.0 -1.0 -1.0 -1.0 -1.0 1.95 1.795 4.269 682.916 1.037 499.22 2.4342630675919334 1.0
4.0 1.0 Car -1.0 -1.0 -1.0 -1.0 -1.0 -1.0 -1.0 2.308 2.0 5.116 748.431 0.935 442.717 2.4183980243963665 1.0
4.0 3.0 Truck -1.0 -1.0 -1.0 -1.0 -1.0 -1.0 -1.0 3.213 3.566 12.983 654.93 1.841 523.527 2.41389947225772 1.0
5.0 2.0 Car -1.0 -1.0 -1.0 -1.0 -1.0 -1.0 -1.0 1.95 1.795 4.269 679.403 1.062 502.233 2.4342630675919334 1.0
5.0 1.0 Car -1.0 -1.0 -1.0 -1.0 -1.0 -1.0 -1.0 2.308 2.0 5.116 746.022 0.939 444.814 2.4183980243963665 1.0
5.0 3.0 Truck -1.0 -1.0 -1.0 -1.0 -1.0 -1.0 -1.0 3.213 3.566 12.983 651.659 1.872 526.42 2.4211712216777905 1.0
6.0 2.0 Car -1.0 -1.0 -1.0 -1.0 -1.0 -1.0 -1.0 1.95 1.795 4.269 675.894 1.087 505.243 2.4342630675919334 1.0
6.0 1.0 Car -1.0 -1.0 -1.0 -1.0 -1.0 -1.0 -1.0 2.308 2.0 5.116 743.308 0.943 447.198 2.4183980243963665 1.0
6.0 3.0 Truck -1.0 -1.0 -1.0 -1.0 -1.0 -1.0 -1.0 3.213 3.566 12.983 648.37 1.902 529.286 2.4284348394930566 1.0
7.0 2.0 Car -1.0 -1.0 -1.0 -1.0 -1.0 -1.0 -1.0 1.95 1.795 4.269 673.195 1.087 507.568 2.4342630675919334 1.0
7.0 1.0 Car -1.0 -1.0 -1.0 -1.0 -1.0 -1.0 -1.0 2.308 2.0 5.116 740.591 0.947 449.585 2.4183980243963665 1.0
7.0 3.0 Truck -1.0 -1.0 -1.0 -1.0 -1.0 -1.0 -1.0 3.213 3.566 12.983 645.056 1.932 532.13 2.43570605068526 1.0
8.0 2.0 Car -1.0 -1.0 -1.0 -1.0 -1.0 -1.0 -1.0 1.95 1.795 4.269 670.499 1.087 509.89 2.4342630675919334 1.0
8.0 1.0 Car -1.0 -1.0 -1.0 -1.0 -1.0 -1.0 -1.0 2.308 2.0 5.116 737.877 0.952 451.97 2.4183980243963665 1.0
8.0 3.0 Truck -1.0 -1.0 -1.0 -1.0 -1.0 -1.0 -1.0 3.213 3.566 12.983 641.726 1.962 534.948 2.4429696103137295 1.0
9.0 2.0 Car -1.0 -1.0 -1.0 -1.0 -1.0 -1.0 -1.0 1.95 1.795 4.269 667.8 1.087 512.215 2.4342630675919334 1.0
9.0 1.0 Car -1.0 -1.0 -1.0 -1.0 -1.0 -1.0 -1.0 2.308 2.0 5.116 735.16 0.956 454.357 2.4183980243963665 1.0
9.0 3.0 Truck -1.0 -1.0 -1.0 -1.0 -1.0 -1.0 -1.0 3.213 3.566 12.983 638.322 1.992 537.683 2.4502411415333136 1.0
10.0 2.0 Car -1.0 -1.0 -1.0 -1.0 -1.0 -1.0 -1.0 1.95 1.795 4.269 665.1 1.087 514.54 2.4342630675919334 1.0
10.0 1.0 Car -1.0 -1.0 -1.0 -1.0 -1.0 -1.0 -1.0 2.308 2.0 5.116 732.443 0.96 456.744 2.4183980243963665 1.0
10.0 3.0 Truck -1.0 -1.0 -1.0 -1.0 -1.0 -1.0 -1.0 3.213 3.566 12.983 634.917 2.023 540.418 2.4575126000194025 1.0
11.0 2.0 Car -1.0 -1.0 -1.0 -1.0 -1.0 -1.0 -1.0 1.95 1.795 4.269 663.055 1.07 516.345 2.428436592710977 1.0
11.0 1.0 Car -1.0 -1.0 -1.0 -1.0 -1.0 -1.0 -1.0 2.308 2.0 5.116 729.448 0.964 459.33 2.4183980243963665 1.0
11.0 3.0 Truck -1.0 -1.0 -1.0 -1.0 -1.0 -1.0 -1.0 3.213 3.566 12.983 631.505 2.053 543.158 2.464800438088693 1.0
12.0 2.0 Car -1.0 -1.0 -1.0 -1.0 -1.0 -1.0 -1.0 1.95 1.795 4.269 661.014 1.054 518.146 2.422623073408543 1.0
12.0 1.0 Car -1.0 -1.0 -1.0 -1.0 -1.0 -1.0 -1.0 2.308 2.0 5.116 726.46 0.968 461.909 2.4183980243963665 1.0
12.0 3.0 Truck -1.0 -1.0 -1.0 -1.0 -1.0 -1.0 -1.0 3.213 3.566 12.983 628.101 2.083 545.893 2.472072071135171 1.0
13.0 2.0 Car -1.0 -1.0 -1.0 -1.0 -1.0 -1.0 -1.0 1.95 1.795 4.269 658.974 1.037 519.947 2.4168097750719904 1.0
13.0 1.0 Car -1.0 -1.0 -1.0 -1.0 -1.0 -1.0 -1.0 2.308 2.0 5.116 723.471 0.972 464.489 2.4183980243963665 1.0
13.0 3.0 Truck -1.0 -1.0 -1.0 -1.0 -1.0 -1.0 -1.0 3.213 3.566 12.983 624.696 2.113 548.628 2.479343427794366 1.0
14.0 2.0 Car -1.0 -1.0 -1.0 -1.0 -1.0 -1.0 -1.0 1.95 1.795 4.269 657.021 1.02 521.596 2.4260010120371094 1.0
14.0 1.0 Car -1.0 -1.0 -1.0 -1.0 -1.0 -1.0 -1.0 2.308 2.0 5.116 720.48 0.977 467.072 2.4183980243963665 1.0
14.0 3.0 Truck -1.0 -1.0 -1.0 -1.0 -1.0 -1.0 -1.0 3.213 3.566 12.983 621.288 2.144 551.366 2.486622945151763 1.0
15.0 2.0 Car -1.0 -1.0 -1.0 -1.0 -1.0 -1.0 -1.0 1.95 1.795 4.269 655.069 1.004 523.244 2.4351925245057107 1.0
15.0 1.0 Car -1.0 -1.0 -1.0 -1.0 -1.0 -1.0 -1.0 2.308 2.0 5.116 717.488 0.981 469.654 2.4183980243963665 1.0
15.0 3.0 Truck -1.0 -1.0 -1.0 -1.0 -1.0 -1.0 -1.0 3.213 3.566 12.983 619.234 2.174 552.848 2.4944286306078958 1.0
16.0 2.0 Car -1.0 -1.0 -1.0 -1.0 -1.0 -1.0 -1.0 1.95 1.795 4.269 653.509 0.99 524.562 2.442535335142491 1.0
16.0 1.0 Car -1.0 -1.0 -1.0 -1.0 -1.0 -1.0 -1.0 2.308 2.0 5.116 715.014 0.984 471.807 2.4213048693854065 1.0
16.0 3.0 Truck -1.0 -1.0 -1.0 -1.0 -1.0 -1.0 -1.0 3.213 3.566 12.983 617.594 2.198 554.032 2.5006643475685646 1.0
17.0 2.0 Car -1.0 -1.0 -1.0 -1.0 -1.0 -1.0 -1.0 1.95 1.795 4.269 651.559 0.974 526.209 2.451716360111877 1.0
17.0 1.0 Car -1.0 -1.0 -1.0 -1.0 -1.0 -1.0 -1.0 2.308 2.0 5.116 711.919 0.988 474.499 2.424939419933779 1.0
17.0 3.0 Truck -1.0 -1.0 -1.0 -1.0 -1.0 -1.0 -1.0 3.213 3.566 12.983 615.542 2.228 555.513 2.5084611267516137 1.0
18.0 2.0 Car -1.0 -1.0 -1.0 -1.0 -1.0 -1.0 -1.0 1.95 1.795 4.269 649.844 0.957 527.688 2.433896635063059 1.0
18.0 1.0 Car -1.0 -1.0 -1.0 -1.0 -1.0 -1.0 -1.0 2.308 2.0 5.116 708.821 0.993 477.194 2.428578093150858 1.0
18.0 3.0 Truck -1.0 -1.0 -1.0 -1.0 -1.0 -1.0 -1.0 3.213 3.566 12.983 613.488 2.258 556.995 2.5162667498170417 1.0
19.0 2.0 Car -1.0 -1.0 -1.0 -1.0 -1.0 -1.0 -1.0 1.95 1.795 4.269 648.32 0.942 529.041 2.4178666629699768 1.0
19.0 1.0 Car -1.0 -1.0 -1.0 -1.0 -1.0 -1.0 -1.0 2.308 2.0 5.116 706.034 0.996 479.618 2.431851310328218 1.0
19.0 3.0 Truck -1.0 -1.0 -1.0 -1.0 -1.0 -1.0 -1.0 3.213 3.566 12.983 611.709 2.286 558.409 2.5015696278522017 1.0
20.0 2.0 Car -1.0 -1.0 -1.0 -1.0 -1.0 -1.0 -1.0 1.95 1.795 4.269 646.49 0.924 530.728 2.398277374968326 1.0
20.0 1.0 Car -1.0 -1.0 -1.0 -1.0 -1.0 -1.0 -1.0 2.308 2.0 5.116 702.629 1.001 482.58 2.43585131691631 1.0
20.0 3.0 Truck -1.0 -1.0 -1.0 -1.0 -1.0 -1.0 -1.0 3.213 3.566 12.983 609.534 2.319 560.137 2.483609137759465 1.0
21.0 2.0 Car -1.0 -1.0 -1.0 -1.0 -1.0 -1.0 -1.0 1.95 1.795 4.269 644.841 0.907 532.277 2.380476949710643 1.0
21.0 0.0 Car -1.0 -1.0 -1.0 -1.0 -1.0 -1.0 -1.0 2.06 1.871 4.782 635.133 1.011 537.467 -0.7857123223010288 0.0
21.0 1.0 Car -1.0 -1.0 -1.0 -1.0 -1.0 -1.0 -1.0 2.308 2.0 5.116 699.557 1.005 485.223 2.432360546683764 1.0
21.0 3.0 Truck -1.0 -1.0 -1.0 -1.0 -1.0 -1.0 -1.0 3.213 3.566 12.983 607.559 2.349 561.708 2.4760109071167236 1.0
22.0 2.0 Car -1.0 -1.0 -1.0 -1.0 -1.0 -1.0 -1.0 1.95 1.795 4.269 643.356 0.892 533.672 2.36444989751216 1.0
22.0 0.0 Car -1.0 -1.0 -1.0 -1.0 -1.0 -1.0 -1.0 2.06 1.871 4.782 637.351 0.951 535.285 -0.7595300915848388 1.0
22.0 1.0 Car -1.0 -1.0 -1.0 -1.0 -1.0 -1.0 -1.0 2.308 2.0 5.116 696.791 1.009 487.603 2.429217545552048 1.0
22.0 3.0 Truck -1.0 -1.0 -1.0 -1.0 -1.0 -1.0 -1.0 3.213 3.566 12.983 605.78 2.376 563.121 2.4691696526318196 1.0
23.0 2.0 Car -1.0 -1.0 -1.0 -1.0 -1.0 -1.0 -1.0 1.95 1.795 4.269 642.204 0.874 534.769 2.38366048612047 1.0
23.0 0.0 Car -1.0 -1.0 -1.0 -1.0 -1.0 -1.0 -1.0 2.06 1.871 4.782 640.139 0.877 532.697 -0.7275240158897839 1.0
23.0 1.0 Car -1.0 -1.0 -1.0 -1.0 -1.0 -1.0 -1.0 2.308 2.0 5.116 693.41 1.013 490.512 2.4253754309048365 1.0
23.0 3.0 Truck -1.0 -1.0 -1.0 -1.0 -1.0 -1.0 -1.0 3.213 3.566 12.983 604.104 2.41 564.821 2.4192221222502153 1.0
24.0 2.0 Car -1.0 -1.0 -1.0 -1.0 -1.0 -1.0 -1.0 1.95 1.795 4.269 641.143 0.857 535.751 2.401113687860888 1.0
24.0 0.0 Car -1.0 -1.0 -1.0 -1.0 -1.0 -1.0 -1.0 2.06 1.871 4.782 642.743 0.811 530.425 -0.6984458597013133 1.0
24.0 1.0 Car -1.0 -1.0 -1.0 -1.0 -1.0 -1.0 -1.0 2.308 2.0 5.116 690.338 1.018 493.155 2.4218847933499523 1.0
24.0 3.0 Truck -1.0 -1.0 -1.0 -1.0 -1.0 -1.0 -1.0 3.213 3.566 12.983 602.657 2.44 566.437 2.373843797725129 1.0
25.0 2.0 Car -1.0 -1.0 -1.0 -1.0 -1.0 -1.0 -1.0 1.95 1.795 4.269 640.066 0.84 536.712 2.418547546579336 1.0
25.0 0.0 Car -1.0 -1.0 -1.0 -1.0 -1.0 -1.0 -1.0 2.06 1.871 4.782 645.853 0.811 527.738 -0.7076246532738435 0.0
25.0 1.0 Car -1.0 -1.0 -1.0 -1.0 -1.0 -1.0 -1.0 2.308 2.0 5.116 687.269 1.022 495.795 2.4183980243963665 1.0
25.0 3.0 Truck -1.0 -1.0 -1.0 -1.0 -1.0 -1.0 -1.0 3.213 3.566 12.983 601.286 2.47 568.114 2.328515765057164 1.0
26.0 2.0 Car -1.0 -1.0 -1.0 -1.0 -1.0 -1.0 -1.0 1.95 1.795 4.269 639.086 0.825 537.568 2.4342638217602994 1.0
26.0 0.0 Car -1.0 -1.0 -1.0 -1.0 -1.0 -1.0 -1.0 2.06 1.871 4.782 648.656 0.811 525.315 -0.7158991522212563 0.0
26.0 1.0 Car -1.0 -1.0 -1.0 -1.0 -1.0 -1.0 -1.0 2.308 2.0 5.116 684.643 1.026 498.086 2.4183980243963665 1.0
26.0 3.0 Truck -1.0 -1.0 -1.0 -1.0 -1.0 -1.0 -1.0 3.213 3.566 12.983 600.116 2.497 569.678 2.2876534495866587 1.0
27.0 2.0 Car -1.0 -1.0 -1.0 -1.0 -1.0 -1.0 -1.0 1.95 1.795 4.269 637.997 0.809 538.519 2.451716360111877 1.0
27.0 0.0 Car -1.0 -1.0 -1.0 -1.0 -1.0 -1.0 -1.0 2.06 1.871 4.782 651.99 0.811 522.403 -0.7158991522212563 0.0
27.0 1.0 Car -1.0 -1.0 -1.0 -1.0 -1.0 -1.0 -1.0 2.308 2.0 5.116 681.989 1.03 500.398 2.4183980243963665 1.0
27.0 3.0 Truck -1.0 -1.0 -1.0 -1.0 -1.0 -1.0 -1.0 3.213 3.566 12.983 598.894 2.527 571.469 2.2422768498725567 1.0
28.0 2.0 Car -1.0 -1.0 -1.0 -1.0 -1.0 -1.0 -1.0 1.95 1.795 4.269 636.37 0.864 539.82 2.4691503359372984 1.0
28.0 0.0 Car -1.0 -1.0 -1.0 -1.0 -1.0 -1.0 -1.0 2.06 1.871 4.782 655.32 0.811 519.495 -0.7158991522212563 0.0
28.0 1.0 Car -1.0 -1.0 -1.0 -1.0 -1.0 -1.0 -1.0 2.308 2.0 5.116 679.514 1.034 502.553 2.4183980243963665 1.0
28.0 3.0 Truck -1.0 -1.0 -1.0 -1.0 -1.0 -1.0 -1.0 3.213 3.566 12.983 597.592 2.545 573.059 2.2444572863550016 1.0
29.0 2.0 Car -1.0 -1.0 -1.0 -1.0 -1.0 -1.0 -1.0 1.95 1.795 4.269 634.714 0.92 541.099 2.486658994834716 0.0
29.0 0.0 Car -1.0 -1.0 -1.0 -1.0 -1.0 -1.0 -1.0 2.06 1.871 4.782 658.907 0.811 516.307 -0.7246486201761884 0.0
29.0 1.0 Car -1.0 -1.0 -1.0 -1.0 -1.0 -1.0 -1.0 2.308 2.0 5.116 677.028 1.038 504.716 2.4183980243963665 0.0
29.0 3.0 Truck -1.0 -1.0 -1.0 -1.0 -1.0 -1.0 -1.0 3.213 3.566 12.983 596.285 2.563 574.656 2.2466470633170035 0.0
30.0 2.0 Car -1.0 -1.0 -1.0 -1.0 -1.0 -1.0 -1.0 1.95 1.795 4.269 633.055 0.975 542.356 2.504076316230338 0.0
30.0 0.0 Car -1.0 -1.0 -1.0 -1.0 -1.0 -1.0 -1.0 2.06 1.871 4.782 662.475 0.811 513.136 -0.7333524447411993 0.0
30.0 1.0 Car -1.0 -1.0 -1.0 -1.0 -1.0 -1.0 -1.0 2.308 2.0 5.116 674.556 1.042 506.868 2.4183980243963665 0.0
30.0 3.0 Truck -1.0 -1.0 -1.0 -1.0 -1.0 -1.0 -1.0 3.213 3.566 12.983 594.985 2.581 576.244 2.2488254168594066 0.0
31.0 2.0 Car -1.0 -1.0 -1.0 -1.0 -1.0 -1.0 -1.0 1.95 1.795 4.269 631.393 1.031 543.616 2.5215295301916503 0.0
31.0 0.0 Car -1.0 -1.0 -1.0 -1.0 -1.0 -1.0 -1.0 2.06 1.871 4.782 666.161 0.873 509.77 -0.7333427786136428 0.0
31.0 1.0 Car -1.0 -1.0 -1.0 -1.0 -1.0 -1.0 -1.0 2.308 2.0 5.116 672.324 1.046 508.824 2.4218856228323506 0.0
31.0 3.0 Truck -1.0 -1.0 -1.0 -1.0 -1.0 -1.0 -1.0 3.213 3.566 12.983 593.682 2.598 577.836 2.2510082594214382 0.0
32.0 2.0 Car -1.0 -1.0 -1.0 -1.0 -1.0 -1.0 -1.0 1.95 1.795 4.269 628.867 1.086 545.479 2.4953776977952624 0.0
32.0 0.0 Car -1.0 -1.0 -1.0 -1.0 -1.0 -1.0 -1.0 2.06 1.871 4.782 669.495 0.936 506.572 -0.7449731920223711 0.0
32.0 1.0 Car -1.0 -1.0 -1.0 -1.0 -1.0 -1.0 -1.0 2.308 2.0 5.116 670.092 1.051 510.779 2.425373298014226 0.0
32.0 3.0 Truck -1.0 -1.0 -1.0 -1.0 -1.0 -1.0 -1.0 3.213 3.566 12.983 592.654 2.616 579.076 2.253186389244025 0.0
33.0 2.0 Car -1.0 -1.0 -1.0 -1.0 -1.0 -1.0 -1.0 1.95 1.795 4.269 626.388 1.142 547.411 2.469198033670561 0.0
33.0 0.0 Car -1.0 -1.0 -1.0 -1.0 -1.0 -1.0 -1.0 2.06 1.871 4.782 672.832 0.998 503.37 -0.7566159829387732 0.0
33.0 1.0 Car -1.0 -1.0 -1.0 -1.0 -1.0 -1.0 -1.0 2.308 2.0 5.116 668.057 1.055 512.564 2.428864684906495 0.0
33.0 3.0 Truck -1.0 -1.0 -1.0 -1.0 -1.0 -1.0 -1.0 3.213 3.566 12.983 591.624 2.634 580.317 2.255366837111349 0.0
34.0 2.0 Car -1.0 -1.0 -1.0 -1.0 -1.0 -1.0 -1.0 1.95 1.795 4.269 623.733 1.197 549.592 2.443017794077793 0.0
34.0 0.0 Car -1.0 -1.0 -1.0 -1.0 -1.0 -1.0 -1.0 2.06 1.871 4.782 676.169 1.061 500.168 -0.7682590297810857 0.0
34.0 1.0 Car -1.0 -1.0 -1.0 -1.0 -1.0 -1.0 -1.0 2.308 2.0 5.116 665.96 1.059 514.402 2.4323561485446556 0.0
34.0 3.0 Truck -1.0 -1.0 -1.0 -1.0 -1.0 -1.0 -1.0 3.213 3.566 12.983 590.595 2.651 581.558 2.2575473329081692 0.0
35.0 2.0 Car -1.0 -1.0 -1.0 -1.0 -1.0 -1.0 -1.0 1.95 1.795 4.269 621.133 1.253 551.844 2.4168097750719904 0.0
35.0 0.0 Car -1.0 -1.0 -1.0 -1.0 -1.0 -1.0 -1.0 2.06 1.871 4.782 679.164 1.123 497.223 -0.797379259415862 0.0
35.0 1.0 Car -1.0 -1.0 -1.0 -1.0 -1.0 -1.0 -1.0 2.308 2.0 5.116 664.075 1.063 516.058 2.43585131691631 0.0
35.0 3.0 Truck -1.0 -1.0 -1.0 -1.0 -1.0 -1.0 -1.0 3.213 3.566 12.983 589.564 2.669 582.8 2.2597301423925 0.0
36.0 2.0 Car -1.0 -1.0 -1.0 -1.0 -1.0 -1.0 -1.0 1.95 1.795 4.269 618.819 1.275 553.876 2.4168097750719904 0.0
36.0 0.0 Car -1.0 -1.0 -1.0 -1.0 -1.0 -1.0 -1.0 2.06 1.871 4.782 682.066 1.186 494.199 -0.8264371171660914 0.0
36.0 1.0 Car -1.0 -1.0 -1.0 -1.0 -1.0 -1.0 -1.0 2.308 2.0 5.116 662.289 1.067 517.584 2.43585131691631 0.0
36.0 3.0 Truck -1.0 -1.0 -1.0 -1.0 -1.0 -1.0 -1.0 3.213 3.566 12.983 588.551 2.687 583.924 2.280670055312838 0.0
37.0 2.0 Car -1.0 -1.0 -1.0 -1.0 -1.0 -1.0 -1.0 1.95 1.795 4.269 616.502 1.297 555.909 2.4168097750719904 0.0
37.0 1.0 Car -1.0 -1.0 -1.0 -1.0 -1.0 -1.0 -1.0 2.308 2.0 5.116 660.502 1.072 519.112 2.43585131691631 0.0
37.0 3.0 Truck -1.0 -1.0 -1.0 -1.0 -1.0 -1.0 -1.0 3.213 3.566 12.983 587.514 2.705 585.027 2.301631959979927 0.0
38.0 2.0 Car -1.0 -1.0 -1.0 -1.0 -1.0 -1.0 -1.0 1.95 1.795 4.269 614.188 1.319 557.94 2.4168097750719904 0.0
38.0 1.0 Car -1.0 -1.0 -1.0 -1.0 -1.0 -1.0 -1.0 2.308 2.0 5.116 658.716 1.076 520.639 2.43585131691631 0.0
38.0 3.0 Truck -1.0 -1.0 -1.0 -1.0 -1.0 -1.0 -1.0 3.213 3.566 12.983 586.454 2.722 586.106 2.3225714121208094 0.0
39.0 2.0 Car -1.0 -1.0 -1.0 -1.0 -1.0 -1.0 -1.0 1.95 1.795 4.269 611.984 1.316 559.873 2.4168097750719904 0.0
39.0 1.0 Car -1.0 -1.0 -1.0 -1.0 -1.0 -1.0 -1.0 2.308 2.0 5.116 656.93 1.08 522.165 2.43585131691631 0.0
39.0 3.0 Truck -1.0 -1.0 -1.0 -1.0 -1.0 -1.0 -1.0 3.213 3.566 12.983 585.362 2.74 587.152 2.3435120790438932 0.0
40.0 2.0 Car -1.0 -1.0 -1.0 -1.0 -1.0 -1.0 -1.0 1.95 1.795 4.269 609.78 1.313 561.807 2.4168097750719904 0.0
40.0 1.0 Car -1.0 -1.0 -1.0 -1.0 -1.0 -1.0 -1.0 2.308 2.0 5.116 655.145 1.084 523.691 2.43585131691631 0.0
40.0 3.0 Truck -1.0 -1.0 -1.0 -1.0 -1.0 -1.0 -1.0 3.213 3.566 12.983 584.269 2.758 588.198 2.36444989751216 0.0
