0.0 4.0 Car -1.0 -1.0 -1.0 -1.0 -1.0 -1.0 -1.0 1.897 1.657 4.472 328.353 0.867 991.115 -1.9679229268270488 0.0
0.0 0.0 Car -1.0 -1.0 -1.0 -1.0 -1.0 -1.0 -1.0 2.082 1.657 4.472 349.302 0.746 1042.037 -1.938833906168958 0.0
1.0 4.0 Car -1.0 -1.0 -1.0 -1.0 -1.0 -1.0 -1.0 1.897 1.657 4.472 326.745 0.867 987.24 -1.9679229268270488 1.0
1.0 0.0 Car -1.0 -1.0 -1.0 -1.0 -1.0 -1.0 -1.0 2.082 1.657 4.472 348.062 0.746 1038.944 -1.9446559052087544 1.0
2.0 2.0 Car -1.0 -1.0 -1.0 -1.0 -1.0 -1.0 -1.0 1.897 1.857 4.472 313.773 1.084 956.015 -1.967922926827048 0.0
2.0 4.0 Car -1.0 -1.0 -1.0 -1.0 -1.0 -1.0 -1.0 1.897 1.657 4.472 325.051 0.867 983.239 -1.9679229268270488 1.0
2.0 0.0 Car -1.0 -1.0 -1.0 -1.0 -1.0 -1.0 -1.0 2.082 1.657 4.472 346.824 0.746 1035.856 -1.9504716101200705 1.0
3.0 2.0 Car -1.0 -1.0 -1.0 -1.0 -1.0 -1.0 -1.0 1.897 1.857 4.472 312.494 1.044 952.906 -1.967922926827048 1.0
3.0 4.0 Car -1.0 -1.0 -1.0 -1.0 -1.0 -1.0 -1.0 1.897 1.657 4.472 323.246 0.867 979.052 -1.9679229268270488 1.0
3.0 0.0 Car -1.0 -1.0 -1.0 -1.0 -1.0 -1.0 -1.0 2.082 1.657 4.472 345.586 0.746 1032.767 -1.9562871986888999 1.0
4.0 2.0 Car -1.0 -1.0 -1.0 -1.0 -1.0 -1.0 -1.0 1.897 1.857 4.472 311.214 1.004 949.796 -1.967922926827048 1.0
4.0 3.0 Car -1.0 -1.0 -1.0 -1.0 -1.0 -1.0 -1.0 2.082 1.834 4.678 295.322 1.239 929.14 1.16785216238095 0.0
4.0 4.0 Car -1.0 -1.0 -1.0 -1.0 -1.0 -1.0 -1.0 1.897 1.657 4.472 321.441 0.867 974.865 -1.9679229268270488 1.0
4.0 0.0 Car -1.0 -1.0 -1.0 -1.0 -1.0 -1.0 -1.0 2.082 1.657 4.472 344.175 0.796 1029.306 -1.9562871986888999 1.0
5.0 2.0 Car -1.0 -1.0 -1.0 -1.0 -1.0 -1.0 -1.0 1.897 1.857 4.472 309.922 1.013 946.696 -1.967922926827048 1.0
5.0 3.0 Car -1.0 -1.0 -1.0 -1.0 -1.0 -1.0 -1.0 2.082 1.834 4.678 297.503 1.24 934.248 1.16785216238095 1.0
5.0 4.0 Car -1.0 -1.0 -1.0 -1.0 -1.0 -1.0 -1.0 1.897 1.657 4.472 319.813 0.867 970.942 -1.9679229268270488 1.0
5.0 0.0 Car -1.0 -1.0 -1.0 -1.0 -1.0 -1.0 -1.0 2.082 1.657 4.472 342.765 0.846 1025.848 -1.9562871986888999 1.0
6.0 2.0 Car -1.0 -1.0 -1.0 -1.0 -1.0 -1.0 -1.0 1.897 1.857 4.472 308.628 1.023 943.593 -1.967922926827048 1.0
6.0 3.0 Car -1.0 -1.0 -1.0 -1.0 -1.0 -1.0 -1.0 2.082 1.834 4.678 299.687 0.99 939.363 1.16785216238095 1.0
6.0 4.0 Car -1.0 -1.0 -1.0 -1.0 -1.0 -1.0 -1.0 1.897 1.657 4.472 318.162 0.867 967.123 -1.9679229268270488 1.0
6.0 0.0 Car -1.0 -1.0 -1.0 -1.0 -1.0 -1.0 -1.0 2.082 1.657 4.472 341.353 0.896 1022.387 -1.9562871986888999 1.0
7.0 2.0 Car -1.0 -1.0 -1.0 -1.0 -1.0 -1.0 -1.0 1.897 1.857 4.472 307.306 1.033 940.502 -1.9737362794212248 1.0
7.0 3.0 Car -1.0 -1.0 -1.0 -1.0 -1.0 -1.0 -1.0 2.082 1.834 4.678 301.719 0.99 944.121 1.16785216238095 1.0
7.0 4.0 Car -1.0 -1.0 -1.0 -1.0 -1.0 -1.0 -1.0 1.897 1.657 4.472 316.535 0.867 963.362 -1.9679229268270488 1.0
7.0 0.0 Car -1.0 -1.0 -1.0 -1.0 -1.0 -1.0 -1.0 2.082 1.657 4.472 340.057 0.896 1019.211 -1.9562871986888999 1.0
8.0 2.0 Car -1.0 -1.0 -1.0 -1.0 -1.0 -1.0 -1.0 1.897 1.857 4.472 305.982 1.042 937.407 -1.979556179605176 1.0
8.0 3.0 Car -1.0 -1.0 -1.0 -1.0 -1.0 -1.0 -1.0 2.082 1.834 4.678 303.892 0.99 949.212 1.16785216238095 1.0
8.0 4.0 Car -1.0 -1.0 -1.0 -1.0 -1.0 -1.0 -1.0 1.897 1.657 4.472 315.023 0.867 959.714 -1.9679229268270488 1.0
8.0 0.0 Car -1.0 -1.0 -1.0 -1.0 -1.0 -1.0 -1.0 2.082 1.657 4.472 338.76 0.896 1016.031 -1.9562871986888999 1.0
9.0 2.0 Car -1.0 -1.0 -1.0 -1.0 -1.0 -1.0 -1.0 1.897 1.857 4.472 304.658 1.052 934.312 -1.985376219346991 1.0
9.0 3.0 Car -1.0 -1.0 -1.0 -1.0 -1.0 -1.0 -1.0 2.082 1.834 4.678 306.066 0.99 954.302 1.1761649001107435 1.0
9.0 4.0 Car -1.0 -1.0 -1.0 -1.0 -1.0 -1.0 -1.0 1.897 1.657 4.472 313.585 0.867 956.403 -1.9679229268270488 1.0
9.0 0.0 Car -1.0 -1.0 -1.0 -1.0 -1.0 -1.0 -1.0 2.082 1.657 4.472 337.463 0.896 1012.851 -1.9562871986888999 1.0
10.0 2.0 Car -1.0 -1.0 -1.0 -1.0 -1.0 -1.0 -1.0 1.897 1.857 4.472 303.05 1.031 930.981 -2.0028295118669344 1.0
10.0 3.0 Car -1.0 -1.0 -1.0 -1.0 -1.0 -1.0 -1.0 2.082 1.834 4.678 308.455 0.99 959.899 1.1853054549008935 1.0
10.0 4.0 Car -1.0 -1.0 -1.0 -1.0 -1.0 -1.0 -1.0 1.897 1.657 4.472 311.925 0.867 952.574 -1.9679229268270488 1.0
10.0 0.0 Car -1.0 -1.0 -1.0 -1.0 -1.0 -1.0 -1.0 2.082 1.657 4.472 335.832 0.891 1009.014 -1.9562871986888999 1.0
11.0 2.0 Car -1.0 -1.0 -1.0 -1.0 -1.0 -1.0 -1.0 1.897 1.857 4.472 302.208 1.004 929.144 -2.0111035452473724 1.0
11.0 5.0 Car -1.0 -1.0 -1.0 -1.0 -1.0 -1.0 -1.0 1.805 1.657 4.472 288.061 1.093 917.434 0.684977536204332 0.0
11.0 3.0 Car -1.0 -1.0 -1.0 -1.0 -1.0 -1.0 -1.0 2.082 1.834 4.678 310.586 0.948 964.543 1.1853054549008935 1.0
11.0 4.0 Car -1.0 -1.0 -1.0 -1.0 -1.0 -1.0 -1.0 1.897 1.657 4.472 310.566 0.867 949.439 -1.9679229268270488 1.0
11.0 0.0 Car -1.0 -1.0 -1.0 -1.0 -1.0 -1.0 -1.0 2.082 1.657 4.472 334.497 0.886 1005.872 -1.9562871986888999 1.0
12.0 2.0 Car -1.0 -1.0 -1.0 -1.0 -1.0 -1.0 -1.0 1.897 1.857 4.472 301.391 0.981 927.052 -2.0202828043868775 1.0
12.0 5.0 Car -1.0 -1.0 -1.0 -1.0 -1.0 -1.0 -1.0 1.805 1.657 4.472 289.568 1.068 919.271 0.7373374137641618 1.0
12.0 3.0 Car -1.0 -1.0 -1.0 -1.0 -1.0 -1.0 -1.0 2.082 1.834 4.678 312.719 0.9 969.789 1.1853054549008935 1.0
12.0 4.0 Car -1.0 -1.0 -1.0 -1.0 -1.0 -1.0 -1.0 1.897 1.657 4.472 309.284 0.867 946.5 -1.9679229268270488 1.0
12.0 0.0 Car -1.0 -1.0 -1.0 -1.0 -1.0 -1.0 -1.0 2.082 1.657 4.472 333.016 0.882 1002.386 -1.9562871986888999 1.0
13.0 2.0 Car -1.0 -1.0 -1.0 -1.0 -1.0 -1.0 -1.0 1.897 1.857 4.472 300.4 1.032 925.075 -2.0202828043868775 1.0
13.0 5.0 Car -1.0 -1.0 -1.0 -1.0 -1.0 -1.0 -1.0 1.805 1.657 4.472 290.391 1.042 920.96 1.1213098492029145 1.0
13.0 3.0 Car -1.0 -1.0 -1.0 -1.0 -1.0 -1.0 -1.0 2.082 1.834 4.678 314.851 0.903 975.035 1.1853054549008935 1.0
13.0 4.0 Car -1.0 -1.0 -1.0 -1.0 -1.0 -1.0 -1.0 1.897 1.657 4.472 308.002 0.867 943.56 -1.9679229268270488 1.0
13.0 0.0 Car -1.0 -1.0 -1.0 -1.0 -1.0 -1.0 -1.0 2.082 1.657 4.472 331.535 0.877 998.9 -1.9562871986888999 1.0
14.0 2.0 Car -1.0 -1.0 -1.0 -1.0 -1.0 -1.0 -1.0 1.897 1.857 4.472 299.408 1.033 923.097 -2.0202828043868775 1.0
14.0 5.0 Car -1.0 -1.0 -1.0 -1.0 -1.0 -1.0 -1.0 1.805 1.657 4.472 291.203 1.017 922.543 1.1213098492029145 1.0
14.0 3.0 Car -1.0 -1.0 -1.0 -1.0 -1.0 -1.0 -1.0 2.082 1.834 4.678 316.92 0.949 980.124 1.1853054549008935 0.0
14.0 4.0 Car -1.0 -1.0 -1.0 -1.0 -1.0 -1.0 -1.0 1.897 1.657 4.472 306.742 0.867 940.674 -1.9679229268270488 1.0
14.0 0.0 Car -1.0 -1.0 -1.0 -1.0 -1.0 -1.0 -1.0 2.082 1.657 4.472 330.052 0.872 995.41 -1.9562871986888999 1.0
15.0 2.0 Car -1.0 -1.0 -1.0 -1.0 -1.0 -1.0 -1.0 1.897 1.857 4.472 298.438 1.035 921.164 -2.0377167887768763 1.0
15.0 5.0 Car -1.0 -1.0 -1.0 -1.0 -1.0 -1.0 -1.0 1.805 1.657 4.472 292.414 0.992 924.952 1.1300268413979144 1.0
15.0 3.0 Car -1.0 -1.0 -1.0 -1.0 -1.0 -1.0 -1.0 2.082 1.834 4.678 318.962 0.971 985.146 1.1853054549008935 0.0
15.0 4.0 Car -1.0 -1.0 -1.0 -1.0 -1.0 -1.0 -1.0 1.897 1.657 4.472 305.699 0.867 938.305 -1.9679229268270488 1.0
15.0 0.0 Car -1.0 -1.0 -1.0 -1.0 -1.0 -1.0 -1.0 2.082 1.657 4.472 328.653 0.867 992.128 -1.9562871986888999 1.0
16.0 2.0 Car -1.0 -1.0 -1.0 -1.0 -1.0 -1.0 -1.0 1.897 1.857 4.472 297.466 0.986 919.227 -2.055189389426763 1.0
16.0 5.0 Car -1.0 -1.0 -1.0 -1.0 -1.0 -1.0 -1.0 1.805 1.657 4.472 293.627 0.967 927.367 1.1387631417228579 1.0
16.0 3.0 Car -1.0 -1.0 -1.0 -1.0 -1.0 -1.0 -1.0 2.082 1.834 4.678 320.971 0.968 990.089 1.1853054549008935 0.0
16.0 4.0 Car -1.0 -1.0 -1.0 -1.0 -1.0 -1.0 -1.0 1.897 1.657 4.472 304.687 0.867 935.868 -1.9679229268270488 1.0
16.0 0.0 Car -1.0 -1.0 -1.0 -1.0 -1.0 -1.0 -1.0 2.082 1.657 4.472 327.251 0.862 988.838 -1.9562871986888999 1.0
17.0 2.0 Car -1.0 -1.0 -1.0 -1.0 -1.0 -1.0 -1.0 1.897 1.857 4.472 296.366 0.962 917.3 -2.0028295118669344 1.0
17.0 5.0 Car -1.0 -1.0 -1.0 -1.0 -1.0 -1.0 -1.0 1.805 1.657 4.472 295.138 0.917 930.5 1.1736697267627443 1.0
17.0 3.0 Car -1.0 -1.0 -1.0 -1.0 -1.0 -1.0 -1.0 2.082 1.834 4.678 322.976 0.966 995.021 1.1853054549008935 0.0
17.0 4.0 Car -1.0 -1.0 -1.0 -1.0 -1.0 -1.0 -1.0 1.897 1.657 4.472 303.677 0.867 933.436 -1.9679229268270488 1.0
17.0 0.0 Car -1.0 -1.0 -1.0 -1.0 -1.0 -1.0 -1.0 2.082 1.657 4.472 325.883 0.857 985.63 -1.9562871986888999 1.0
18.0 2.0 Car -1.0 -1.0 -1.0 -1.0 -1.0 -1.0 -1.0 1.897 1.857 4.472 295.58 0.988 915.889 -2.0637513226935615 1.0
18.0 5.0 Car -1.0 -1.0 -1.0 -1.0 -1.0 -1.0 -1.0 1.805 1.657 4.472 296.9 0.867 933.828 1.1736697267627443 1.0
18.0 3.0 Car -1.0 -1.0 -1.0 -1.0 -1.0 -1.0 -1.0 2.082 1.834 4.678 325.071 1.112 999.917 1.1853054549008935 0.0
18.0 4.0 Car -1.0 -1.0 -1.0 -1.0 -1.0 -1.0 -1.0 1.897 1.657 4.472 302.666 0.867 931.005 -1.9679229268270488 1.0
18.0 0.0 Car -1.0 -1.0 -1.0 -1.0 -1.0 -1.0 -1.0 2.082 1.657 4.472 324.515 0.852 982.422 -1.9562871986888999 1.0
19.0 2.0 Car -1.0 -1.0 -1.0 -1.0 -1.0 -1.0 -1.0 1.897 1.857 4.472 294.592 1.015 914.607 -2.264628899666082 1.0
19.0 5.0 Car -1.0 -1.0 -1.0 -1.0 -1.0 -1.0 -1.0 1.805 1.657 4.472 298.418 0.867 937.367 1.1736697267627443 1.0
19.0 3.0 Car -1.0 -1.0 -1.0 -1.0 -1.0 -1.0 -1.0 2.082 1.834 4.678 327.055 1.11 1004.627 1.1853054549008935 0.0
19.0 4.0 Car -1.0 -1.0 -1.0 -1.0 -1.0 -1.0 -1.0 1.897 1.657 4.472 301.636 0.867 929.003 -1.98538913323379 1.0
19.0 0.0 Car -1.0 -1.0 -1.0 -1.0 -1.0 -1.0 -1.0 2.082 1.657 4.472 323.143 0.847 979.207 -1.9562871986888999 1.0
20.0 2.0 Car -1.0 -1.0 -1.0 -1.0 -1.0 -1.0 -1.0 1.897 1.857 4.472 293.475 1.041 913.443 -2.491521702425343 1.0
20.0 5.0 Car -1.0 -1.0 -1.0 -1.0 -1.0 -1.0 -1.0 1.805 1.657 4.472 299.993 0.867 941.044 1.1736697267627443 1.0
20.0 3.0 Car -1.0 -1.0 -1.0 -1.0 -1.0 -1.0 -1.0 2.082 1.834 4.678 329.03 1.107 1009.227 1.1853054549008935 0.0
20.0 4.0 Car -1.0 -1.0 -1.0 -1.0 -1.0 -1.0 -1.0 1.897 1.657 4.472 300.607 0.867 927.004 -2.002836108419921 1.0
20.0 0.0 Car -1.0 -1.0 -1.0 -1.0 -1.0 -1.0 -1.0 2.082 1.657 4.472 321.764 0.842 975.971 -1.9562871986888999 1.0
21.0 2.0 Car -1.0 -1.0 -1.0 -1.0 -1.0 -1.0 -1.0 1.897 1.857 4.472 292.043 1.067 912.615 -2.561334872505115 1.0
21.0 5.0 Car -1.0 -1.0 -1.0 -1.0 -1.0 -1.0 -1.0 1.805 1.657 4.472 301.687 0.858 945.003 1.1736697267627443 0.0
21.0 3.0 Car -1.0 -1.0 -1.0 -1.0 -1.0 -1.0 -1.0 2.082 1.834 4.678 330.945 1.104 1013.851 1.1853054549008935 0.0
21.0 4.0 Car -1.0 -1.0 -1.0 -1.0 -1.0 -1.0 -1.0 1.897 1.657 4.472 299.691 0.867 924.954 -2.020282804386878 1.0
21.0 0.0 Car -1.0 -1.0 -1.0 -1.0 -1.0 -1.0 -1.0 2.082 1.657 4.472 320.384 0.837 972.736 -1.9562871986888999 1.0
22.0 2.0 Car -1.0 -1.0 -1.0 -1.0 -1.0 -1.0 -1.0 1.897 1.857 4.472 290.573 1.093 911.837 -2.735867797704548 1.0
22.0 5.0 Car -1.0 -1.0 -1.0 -1.0 -1.0 -1.0 -1.0 1.805 1.657 4.472 303.382 0.849 948.967 1.1736697267627443 0.0
22.0 3.0 Car -1.0 -1.0 -1.0 -1.0 -1.0 -1.0 -1.0 2.082 1.834 4.678 332.862 1.101 1018.48 1.1853054549008935 0.0
22.0 4.0 Car -1.0 -1.0 -1.0 -1.0 -1.0 -1.0 -1.0 1.897 1.657 4.472 298.814 0.867 922.984 -2.020282804386878 1.0
22.0 0.0 Car -1.0 -1.0 -1.0 -1.0 -1.0 -1.0 -1.0 2.082 1.657 4.472 319.077 0.832 969.588 -1.9591993269028198 1.0
23.0 2.0 Car -1.0 -1.0 -1.0 -1.0 -1.0 -1.0 -1.0 1.897 1.857 4.472 288.449 1.043 911.305 -2.8929474303840377 1.0
23.0 5.0 Car -1.0 -1.0 -1.0 -1.0 -1.0 -1.0 -1.0 1.805 1.657 4.472 304.88 0.867 953.015 1.1736697267627443 0.0
23.0 3.0 Car -1.0 -1.0 -1.0 -1.0 -1.0 -1.0 -1.0 2.082 1.834 4.678 334.656 1.123 1022.806 1.1853054549008935 0.0
23.0 4.0 Car -1.0 -1.0 -1.0 -1.0 -1.0 -1.0 -1.0 1.897 1.657 4.472 298.058 0.867 921.267 -2.020282804386878 1.0
23.0 0.0 Car -1.0 -1.0 -1.0 -1.0 -1.0 -1.0 -1.0 2.082 1.657 4.472 317.772 0.827 966.444 -1.9621082894880015 1.0
24.0 2.0 Car -1.0 -1.0 -1.0 -1.0 -1.0 -1.0 -1.0 1.897 1.857 4.472 286.224 1.043 911.257 -3.0151204780236407 1.0
24.0 5.0 Car -1.0 -1.0 -1.0 -1.0 -1.0 -1.0 -1.0 1.805 1.657 4.472 306.493 0.967 957.338 1.1736697267627443 0.0
24.0 3.0 Car -1.0 -1.0 -1.0 -1.0 -1.0 -1.0 -1.0 2.082 1.834 4.678 336.447 1.146 1027.127 1.1853054549008935 0.0
24.0 4.0 Car -1.0 -1.0 -1.0 -1.0 -1.0 -1.0 -1.0 1.897 1.657 4.472 297.343 0.867 919.703 -2.020282804386878 1.0
24.0 0.0 Car -1.0 -1.0 -1.0 -1.0 -1.0 -1.0 -1.0 2.082 1.657 4.472 316.468 0.822 963.303 -1.9650138245817743 1.0
25.0 2.0 Car -1.0 -1.0 -1.0 -1.0 -1.0 -1.0 -1.0 1.897 1.857 4.472 284.045 1.043 911.218 -3.084933648103414 1.0
25.0 5.0 Car -1.0 -1.0 -1.0 -1.0 -1.0 -1.0 -1.0 1.805 1.657 4.472 308.193 0.967 961.63 1.1736697267627443 0.0
25.0 3.0 Car -1.0 -1.0 -1.0 -1.0 -1.0 -1.0 -1.0 2.082 1.834 4.678 338.241 1.218 1031.454 1.1853054549008935 0.0
25.0 4.0 Car -1.0 -1.0 -1.0 -1.0 -1.0 -1.0 -1.0 1.897 1.657 4.472 296.585 0.867 918.123 -2.020282804386878 1.0
25.0 0.0 Car -1.0 -1.0 -1.0 -1.0 -1.0 -1.0 -1.0 2.082 1.657 4.472 315.288 0.817 960.462 -1.9679229268270488 1.0
26.0 1.0 Truck -1.0 -1.0 -1.0 -1.0 -1.0 -1.0 -1.0 3.113 3.259 9.122 205.603 2.275 907.438 1.392999635608518 0.0
26.0 2.0 Car -1.0 -1.0 -1.0 -1.0 -1.0 -1.0 -1.0 1.897 1.857 4.472 282.016 1.093 911.225 -3.1372935256632437 1.0
26.0 5.0 Car -1.0 -1.0 -1.0 -1.0 -1.0 -1.0 -1.0 1.805 1.657 4.472 310.043 0.967 966.157 1.1562167135725765 0.0
26.0 4.0 Car -1.0 -1.0 -1.0 -1.0 -1.0 -1.0 -1.0 1.897 1.657 4.472 295.934 0.867 916.833 -2.020282804386878 1.0
26.0 0.0 Car -1.0 -1.0 -1.0 -1.0 -1.0 -1.0 -1.0 2.082 1.657 4.472 314.109 0.812 957.62 -1.9708316624645819 1.0
27.0 1.0 Truck -1.0 -1.0 -1.0 -1.0 -1.0 -1.0 -1.0 3.113 3.259 9.122 206.012 2.2 908.203 1.392999635608518 1.0
27.0 2.0 Car -1.0 -1.0 -1.0 -1.0 -1.0 -1.0 -1.0 1.897 1.857 4.472 280.082 1.093 911.175 3.110985196476456 1.0
27.0 5.0 Car -1.0 -1.0 -1.0 -1.0 -1.0 -1.0 -1.0 1.805 1.657 4.472 311.892 0.967 970.684 1.1387631417228579 0.0
27.0 4.0 Car -1.0 -1.0 -1.0 -1.0 -1.0 -1.0 -1.0 1.897 1.657 4.472 295.228 0.867 915.502 -2.0726426819467076 1.0
27.0 0.0 Car -1.0 -1.0 -1.0 -1.0 -1.0 -1.0 -1.0 2.082 1.657 4.472 312.93 0.807 954.779 -1.9737404912088439 1.0
28.0 1.0 Truck -1.0 -1.0 -1.0 -1.0 -1.0 -1.0 -1.0 3.113 3.259 9.122 206.423 2.125 908.971 1.392999635608518 0.0
28.0 2.0 Car -1.0 -1.0 -1.0 -1.0 -1.0 -1.0 -1.0 1.897 1.857 4.472 278.294 1.093 911.251 3.110985196476456 0.0
28.0 5.0 Car -1.0 -1.0 -1.0 -1.0 -1.0 -1.0 -1.0 1.805 1.657 4.472 313.849 1.017 975.445 1.1387631417228579 0.0
28.0 4.0 Car -1.0 -1.0 -1.0 -1.0 -1.0 -1.0 -1.0 1.897 1.657 4.472 294.343 0.867 914.289 -2.247175607146138 0.0
28.0 0.0 Car -1.0 -1.0 -1.0 -1.0 -1.0 -1.0 -1.0 2.082 1.657 4.472 311.946 0.807 952.425 -1.9737404912088439 0.0
29.0 1.0 Truck -1.0 -1.0 -1.0 -1.0 -1.0 -1.0 -1.0 3.113 3.259 9.122 206.943 2.125 910.002 1.392999635608518 0.0
29.0 2.0 Car -1.0 -1.0 -1.0 -1.0 -1.0 -1.0 -1.0 1.897 1.857 4.472 276.883 1.093 911.377 3.1197027823756063 0.0
29.0 5.0 Car -1.0 -1.0 -1.0 -1.0 -1.0 -1.0 -1.0 1.805 1.657 4.472 315.84 1.067 979.999 1.086403264163028 0.0
29.0 4.0 Car -1.0 -1.0 -1.0 -1.0 -1.0 -1.0 -1.0 1.897 1.657 4.472 293.338 0.867 913.355 -2.334442069745854 0.0
29.0 0.0 Car -1.0 -1.0 -1.0 -1.0 -1.0 -1.0 -1.0 2.082 1.657 4.472 310.966 0.807 950.078 -1.9737404912088439 0.0
30.0 1.0 Truck -1.0 -1.0 -1.0 -1.0 -1.0 -1.0 -1.0 3.113 3.259 9.122 207.342 2.125 911.057 1.392999635608518 0.0
30.0 2.0 Car -1.0 -1.0 -1.0 -1.0 -1.0 -1.0 -1.0 1.897 1.857 4.472 275.468 1.093 911.504 3.1284384889963994 0.0
30.0 5.0 Car -1.0 -1.0 -1.0 -1.0 -1.0 -1.0 -1.0 1.805 1.657 4.472 317.864 1.117 984.617 1.086403264163028 0.0
30.0 4.0 Car -1.0 -1.0 -1.0 -1.0 -1.0 -1.0 -1.0 1.897 1.657 4.472 292.307 0.867 912.72 -2.456615117385456 0.0
30.0 0.0 Car -1.0 -1.0 -1.0 -1.0 -1.0 -1.0 -1.0 2.082 1.657 4.472 309.984 0.807 947.726 -1.9737404912088439 0.0
31.0 1.0 Truck -1.0 -1.0 -1.0 -1.0 -1.0 -1.0 -1.0 3.113 3.259 9.122 207.766 2.125 911.726 1.2533732954489716 0.0
31.0 2.0 Car -1.0 -1.0 -1.0 -1.0 -1.0 -1.0 -1.0 1.897 1.857 4.472 274.192 1.093 911.538 3.1034716303235705 0.0
31.0 5.0 Car -1.0 -1.0 -1.0 -1.0 -1.0 -1.0 -1.0 1.805 1.657 4.472 319.904 1.167 989.267 1.086403264163028 0.0
31.0 4.0 Car -1.0 -1.0 -1.0 -1.0 -1.0 -1.0 -1.0 1.897 1.657 4.472 291.388 0.817 912.131 -2.5787881650250575 0.0
31.0 0.0 Car -1.0 -1.0 -1.0 -1.0 -1.0 -1.0 -1.0 2.082 1.657 4.472 309.0 0.807 945.371 -1.9737404912088439 0.0
32.0 1.0 Truck -1.0 -1.0 -1.0 -1.0 -1.0 -1.0 -1.0 3.113 3.259 9.122 208.753 2.125 913.138 1.1172115888422716 0.0
32.0 2.0 Car -1.0 -1.0 -1.0 -1.0 -1.0 -1.0 -1.0 1.897 1.857 4.472 272.793 1.093 911.612 3.0760786114365697 0.0
32.0 5.0 Car -1.0 -1.0 -1.0 -1.0 -1.0 -1.0 -1.0 1.805 1.657 4.472 322.147 1.222 994.367 1.1213098492029145 0.0
32.0 4.0 Car -1.0 -1.0 -1.0 -1.0 -1.0 -1.0 -1.0 1.897 1.657 4.472 290.105 0.762 911.775 -2.8056809677843204 0.0
32.0 0.0 Car -1.0 -1.0 -1.0 -1.0 -1.0 -1.0 -1.0 2.082 1.657 4.472 308.043 0.807 943.073 -1.9737404912088439 0.0
33.0 1.0 Truck -1.0 -1.0 -1.0 -1.0 -1.0 -1.0 -1.0 3.113 3.259 9.122 209.81 2.125 914.296 0.9932393378695707 0.0
33.0 2.0 Car -1.0 -1.0 -1.0 -1.0 -1.0 -1.0 -1.0 1.897 1.857 4.472 271.964 1.093 911.634 3.0760786114365697 0.0
33.0 4.0 Car -1.0 -1.0 -1.0 -1.0 -1.0 -1.0 -1.0 1.897 1.657 4.472 288.628 0.762 911.487 -2.96276060046381 0.0
33.0 0.0 Car -1.0 -1.0 -1.0 -1.0 -1.0 -1.0 -1.0 2.082 1.657 4.472 307.171 0.807 940.981 -1.9737404912088439 0.0
34.0 1.0 Truck -1.0 -1.0 -1.0 -1.0 -1.0 -1.0 -1.0 3.113 3.259 9.122 211.001 2.125 915.314 0.8694008600102191 0.0
34.0 2.0 Car -1.0 -1.0 -1.0 -1.0 -1.0 -1.0 -1.0 1.897 1.857 4.472 271.136 1.093 911.657 3.0760786114365697 0.0
34.0 4.0 Car -1.0 -1.0 -1.0 -1.0 -1.0 -1.0 -1.0 1.897 1.657 4.472 287.001 0.763 911.424 -3.084933648103413 0.0
34.0 0.0 Car -1.0 -1.0 -1.0 -1.0 -1.0 -1.0 -1.0 2.082 1.657 4.472 306.3 0.807 938.89 -1.9737404912088439 0.0
35.0 1.0 Truck -1.0 -1.0 -1.0 -1.0 -1.0 -1.0 -1.0 3.113 3.259 9.122 212.028 2.125 916.405 0.6250547647310127 0.0
35.0 2.0 Car -1.0 -1.0 -1.0 -1.0 -1.0 -1.0 -1.0 1.897 1.857 4.472 270.45 1.093 911.716 3.0760786114365697 0.0
35.0 4.0 Car -1.0 -1.0 -1.0 -1.0 -1.0 -1.0 -1.0 1.897 1.657 4.472 285.434 0.763 911.394 -3.1023869406233566 0.0
35.0 0.0 Car -1.0 -1.0 -1.0 -1.0 -1.0 -1.0 -1.0 2.082 1.657 4.472 305.516 0.807 937.003 -1.9737404912088439 0.0
36.0 1.0 Truck -1.0 -1.0 -1.0 -1.0 -1.0 -1.0 -1.0 3.113 3.259 9.122 213.99 2.125 917.308 0.4853540849275413 0.0
36.0 2.0 Car -1.0 -1.0 -1.0 -1.0 -1.0 -1.0 -1.0 1.897 1.857 4.472 269.763 1.093 911.775 3.0760786114365697 0.0
36.0 4.0 Car -1.0 -1.0 -1.0 -1.0 -1.0 -1.0 -1.0 1.897 1.657 4.472 283.928 0.763 911.396 -3.137293525663243 0.0
36.0 0.0 Car -1.0 -1.0 -1.0 -1.0 -1.0 -1.0 -1.0 2.082 1.657 4.472 304.732 0.807 935.116 -1.9737404912088439 0.0
37.0 1.0 Truck -1.0 -1.0 -1.0 -1.0 -1.0 -1.0 -1.0 3.113 3.259 9.122 216.056 2.125 917.928 0.34580208441191984 0.0
37.0 2.0 Car -1.0 -1.0 -1.0 -1.0 -1.0 -1.0 -1.0 1.897 1.857 4.472 269.52 1.093 911.774 3.0760786114365697 0.0
37.0 4.0 Car -1.0 -1.0 -1.0 -1.0 -1.0 -1.0 -1.0 1.897 1.657 4.472 282.424 0.763 911.399 3.0935319039565137 0.0
37.0 0.0 Car -1.0 -1.0 -1.0 -1.0 -1.0 -1.0 -1.0 2.082 1.657 4.472 303.948 0.807 933.231 -1.9737404912088439 0.0
38.0 1.0 Truck -1.0 -1.0 -1.0 -1.0 -1.0 -1.0 -1.0 3.113 3.259 9.122 218.194 2.1 918.532 0.2847163549401397 0.0
38.0 2.0 Car -1.0 -1.0 -1.0 -1.0 -1.0 -1.0 -1.0 1.897 1.857 4.472 269.277 1.093 911.774 3.0760786114365697 0.0
38.0 4.0 Car -1.0 -1.0 -1.0 -1.0 -1.0 -1.0 -1.0 1.897 1.657 4.472 281.379 0.788 911.379 3.0935319039565137 0.0
38.0 0.0 Car -1.0 -1.0 -1.0 -1.0 -1.0 -1.0 -1.0 2.082 1.657 4.472 303.134 0.807 931.273 -1.9737404912088439 0.0
39.0 1.0 Truck -1.0 -1.0 -1.0 -1.0 -1.0 -1.0 -1.0 3.113 3.259 9.122 220.364 2.075 919.003 0.22362903677231658 0.0
39.0 2.0 Car -1.0 -1.0 -1.0 -1.0 -1.0 -1.0 -1.0 1.897 1.857 4.472 269.126 1.093 911.767 3.0760786114365697 0.0
39.0 4.0 Car -1.0 -1.0 -1.0 -1.0 -1.0 -1.0 -1.0 1.897 1.657 4.472 280.334 0.813 911.359 3.0935319039565137 0.0
39.0 0.0 Car -1.0 -1.0 -1.0 -1.0 -1.0 -1.0 -1.0 2.082 1.657 4.472 302.319 0.807 929.315 -1.9737404912088439 0.0
