0.0 4.0 Car -1.0 -1.0 -1.0 -1.0 -1.0 -1.0 -1.0 1.945 1.799 4.576 1176.815 1.036 1136.891 2.5102896101297496 0.0
1.0 4.0 Car -1.0 -1.0 -1.0 -1.0 -1.0 -1.0 -1.0 1.945 1.799 4.576 1176.82 1.036 1136.887 2.5102896101297496 0.0
1.0 1.0 Car -1.0 -1.0 -1.0 -1.0 -1.0 -1.0 -1.0 1.888 1.754 4.369 1181.795 0.951 1133.492 2.5102896101297496 0.0
1.0 7.0 Car -1.0 -1.0 -1.0 -1.0 -1.0 -1.0 -1.0 1.948 1.571 4.408 1208.607 0.722 1110.386 2.5277429026496927 0.0
2.0 4.0 Car -1.0 -1.0 -1.0 -1.0 -1.0 -1.0 -1.0 1.945 1.799 4.576 1176.825 1.036 1136.884 2.5102896101297496 1.0
2.0 5.0 Bus -1.0 -1.0 -1.0 -1.0 -1.0 -1.0 -1.0 2.536 2.953 8.647 1190.83 1.374 1126.612 2.5428050939015976 0.0
2.0 1.0 Car -1.0 -1.0 -1.0 -1.0 -1.0 -1.0 -1.0 1.888 1.754 4.369 1181.792 0.951 1133.488 2.5102896101297496 0.0
2.0 7.0 Car -1.0 -1.0 -1.0 -1.0 -1.0 -1.0 -1.0 1.948 1.571 4.408 1206.224 0.737 1112.048 2.5277429026496927 1.0
3.0 4.0 Car -1.0 -1.0 -1.0 -1.0 -1.0 -1.0 -1.0 1.945 1.799 4.576 1176.83 1.036 1136.88 2.5102896101297496 1.0
3.0 5.0 Bus -1.0 -1.0 -1.0 -1.0 -1.0 -1.0 -1.0 2.536 2.953 8.647 1190.83 1.374 1126.612 2.5428050939015976 0.0
3.0 6.0 Truck -1.0 -1.0 -1.0 -1.0 -1.0 -1.0 -1.0 2.17 2.12 5.052 1190.473 0.957 1130.856 2.5144260400865717 0.0
3.0 1.0 Car -1.0 -1.0 -1.0 -1.0 -1.0 -1.0 -1.0 1.888 1.754 4.369 1181.789 0.951 1133.484 2.5102896101297496 0.0
3.0 7.0 Car -1.0 -1.0 -1.0 -1.0 -1.0 -1.0 -1.0 1.948 1.571 4.408 1203.842 0.753 1113.71 2.5277429026496927 1.0
4.0 4.0 Car -1.0 -1.0 -1.0 -1.0 -1.0 -1.0 -1.0 1.945 1.799 4.576 1176.835 1.036 1136.876 2.5102896101297496 1.0
4.0 5.0 Bus -1.0 -1.0 -1.0 -1.0 -1.0 -1.0 -1.0 2.536 2.953 8.647 1190.83 1.374 1126.612 2.5428050939015976 0.0
4.0 6.0 Truck -1.0 -1.0 -1.0 -1.0 -1.0 -1.0 -1.0 2.17 2.12 5.052 1190.473 0.957 1130.856 2.5144260400865717 0.0
4.0 2.0 Car -1.0 -1.0 -1.0 -1.0 -1.0 -1.0 -1.0 2.468 2.0 4.478 1145.639 0.988 1134.041 -2.2815293047774694 0.0
4.0 1.0 Car -1.0 -1.0 -1.0 -1.0 -1.0 -1.0 -1.0 1.888 1.754 4.369 1181.786 0.951 1133.48 2.5102896101297496 1.0
4.0 7.0 Car -1.0 -1.0 -1.0 -1.0 -1.0 -1.0 -1.0 1.948 1.571 4.408 1201.459 0.769 1115.372 2.5277429026496927 1.0
5.0 4.0 Car -1.0 -1.0 -1.0 -1.0 -1.0 -1.0 -1.0 1.945 1.799 4.576 1176.84 1.036 1136.873 2.5102896101297496 1.0
5.0 8.0 Truck -1.0 -1.0 -1.0 -1.0 -1.0 -1.0 -1.0 3.304 4.072 10.91 1124.071 2.551 1163.88 -0.6385287076321032 0.0
5.0 5.0 Bus -1.0 -1.0 -1.0 -1.0 -1.0 -1.0 -1.0 2.536 2.953 8.647 1190.83 1.374 1126.612 2.5428050939015976 1.0
5.0 6.0 Truck -1.0 -1.0 -1.0 -1.0 -1.0 -1.0 -1.0 2.17 2.12 5.052 1190.473 0.957 1130.856 2.5144260400865717 0.0
5.0 2.0 Car -1.0 -1.0 -1.0 -1.0 -1.0 -1.0 -1.0 2.468 2.0 4.478 1144.082 1.107 1133.047 -2.2815293047774694 1.0
5.0 1.0 Car -1.0 -1.0 -1.0 -1.0 -1.0 -1.0 -1.0 1.888 1.754 4.369 1181.783 0.951 1133.476 2.5102896101297496 1.0
5.0 7.0 Car -1.0 -1.0 -1.0 -1.0 -1.0 -1.0 -1.0 1.948 1.571 4.408 1199.077 0.784 1117.034 2.5277429026496927 1.0
6.0 4.0 Car -1.0 -1.0 -1.0 -1.0 -1.0 -1.0 -1.0 1.945 1.799 4.576 1176.84 1.036 1136.873 2.5102896101297496 1.0
6.0 8.0 Truck -1.0 -1.0 -1.0 -1.0 -1.0 -1.0 -1.0 3.304 4.072 10.91 1124.071 2.651 1163.88 -0.6385287076321032 0.0
6.0 5.0 Bus -1.0 -1.0 -1.0 -1.0 -1.0 -1.0 -1.0 2.536 2.953 8.647 1190.83 1.374 1126.612 2.5428050939015976 1.0
6.0 6.0 Truck -1.0 -1.0 -1.0 -1.0 -1.0 -1.0 -1.0 2.17 2.12 5.052 1190.473 0.957 1130.856 2.5144260400865717 1.0
6.0 2.0 Car -1.0 -1.0 -1.0 -1.0 -1.0 -1.0 -1.0 2.468 2.0 4.478 1141.63 1.207 1131.014 -2.072089794538152 0.0
6.0 1.0 Car -1.0 -1.0 -1.0 -1.0 -1.0 -1.0 -1.0 1.888 1.754 4.369 1181.78 0.951 1133.472 2.5102896101297496 1.0
6.0 7.0 Car -1.0 -1.0 -1.0 -1.0 -1.0 -1.0 -1.0 1.948 1.571 4.408 1196.694 0.8 1118.696 2.5277429026496927 1.0
7.0 4.0 Car -1.0 -1.0 -1.0 -1.0 -1.0 -1.0 -1.0 1.945 1.799 4.576 1176.84 1.036 1136.873 2.5102896101297496 1.0
7.0 8.0 Truck -1.0 -1.0 -1.0 -1.0 -1.0 -1.0 -1.0 3.304 4.072 10.91 1124.071 2.651 1163.88 -0.6385287076321032 0.0
7.0 5.0 Bus -1.0 -1.0 -1.0 -1.0 -1.0 -1.0 -1.0 2.536 2.953 8.647 1190.847 1.374 1126.6 2.5428050939015976 1.0
7.0 6.0 Truck -1.0 -1.0 -1.0 -1.0 -1.0 -1.0 -1.0 2.17 2.12 5.052 1190.473 0.957 1130.856 2.5144260400865717 1.0
7.0 2.0 Car -1.0 -1.0 -1.0 -1.0 -1.0 -1.0 -1.0 2.468 2.0 4.478 1140.998 1.307 1128.967 -2.072089794538152 0.0
7.0 1.0 Car -1.0 -1.0 -1.0 -1.0 -1.0 -1.0 -1.0 1.888 1.754 4.369 1181.78 0.951 1133.472 2.5102896101297496 1.0
7.0 7.0 Car -1.0 -1.0 -1.0 -1.0 -1.0 -1.0 -1.0 1.948 1.571 4.408 1194.312 0.815 1120.358 2.5277429026496927 1.0
8.0 4.0 Car -1.0 -1.0 -1.0 -1.0 -1.0 -1.0 -1.0 1.945 1.799 4.576 1176.84 1.036 1136.873 2.5102896101297496 1.0
8.0 8.0 Truck -1.0 -1.0 -1.0 -1.0 -1.0 -1.0 -1.0 3.304 4.072 10.91 1124.169 2.651 1163.761 -0.6385287076321032 1.0
8.0 5.0 Bus -1.0 -1.0 -1.0 -1.0 -1.0 -1.0 -1.0 2.536 2.953 8.647 1190.863 1.374 1126.589 2.5428050939015976 1.0
8.0 6.0 Truck -1.0 -1.0 -1.0 -1.0 -1.0 -1.0 -1.0 2.17 2.12 5.052 1190.473 0.957 1130.856 2.5144260400865717 1.0
8.0 2.0 Car -1.0 -1.0 -1.0 -1.0 -1.0 -1.0 -1.0 2.468 2.0 4.478 1140.354 1.407 1126.812 -1.932463454378607 0.0
8.0 1.0 Car -1.0 -1.0 -1.0 -1.0 -1.0 -1.0 -1.0 1.888 1.754 4.369 1181.78 0.951 1133.472 2.5102896101297496 1.0
8.0 7.0 Car -1.0 -1.0 -1.0 -1.0 -1.0 -1.0 -1.0 1.948 1.571 4.408 1191.929 0.831 1122.02 2.5277429026496927 1.0
9.0 4.0 Car -1.0 -1.0 -1.0 -1.0 -1.0 -1.0 -1.0 1.945 1.799 4.576 1176.84 1.036 1136.873 2.5102896101297496 1.0
9.0 8.0 Truck -1.0 -1.0 -1.0 -1.0 -1.0 -1.0 -1.0 3.304 4.072 10.91 1124.268 2.651 1163.641 -0.6385287076321032 1.0
9.0 5.0 Bus -1.0 -1.0 -1.0 -1.0 -1.0 -1.0 -1.0 2.536 2.953 8.647 1190.88 1.374 1126.578 2.5428050939015976 1.0
9.0 6.0 Truck -1.0 -1.0 -1.0 -1.0 -1.0 -1.0 -1.0 2.17 2.12 5.052 1190.473 0.957 1130.856 2.5144260400865717 1.0
9.0 2.0 Car -1.0 -1.0 -1.0 -1.0 -1.0 -1.0 -1.0 2.468 2.0 4.478 1140.017 1.507 1124.588 -1.7928371142190627 0.0
9.0 1.0 Car -1.0 -1.0 -1.0 -1.0 -1.0 -1.0 -1.0 1.888 1.754 4.369 1181.78 0.951 1133.472 2.5102896101297496 1.0
9.0 7.0 Car -1.0 -1.0 -1.0 -1.0 -1.0 -1.0 -1.0 1.948 1.571 4.408 1189.547 0.846 1123.682 2.5277429026496927 1.0
10.0 4.0 Car -1.0 -1.0 -1.0 -1.0 -1.0 -1.0 -1.0 1.945 1.799 4.576 1176.783 1.036 1136.914 2.5102896101297496 1.0
10.0 8.0 Truck -1.0 -1.0 -1.0 -1.0 -1.0 -1.0 -1.0 3.304 4.072 10.91 1124.312 2.651 1163.701 -0.6385287076321032 1.0
10.0 5.0 Bus -1.0 -1.0 -1.0 -1.0 -1.0 -1.0 -1.0 2.536 2.953 8.647 1190.896 1.374 1126.567 2.5428050939015976 1.0
10.0 6.0 Truck -1.0 -1.0 -1.0 -1.0 -1.0 -1.0 -1.0 2.17 2.12 5.052 1190.473 0.957 1130.856 2.5144260400865717 1.0
10.0 2.0 Car -1.0 -1.0 -1.0 -1.0 -1.0 -1.0 -1.0 2.468 2.0 4.478 1139.993 1.607 1122.339 -1.6532107740595179 0.0
10.0 1.0 Car -1.0 -1.0 -1.0 -1.0 -1.0 -1.0 -1.0 1.888 1.754 4.369 1181.78 0.951 1133.472 2.5102896101297496 1.0
10.0 7.0 Car -1.0 -1.0 -1.0 -1.0 -1.0 -1.0 -1.0 1.948 1.571 4.408 1187.381 0.868 1125.191 2.519016256389721 1.0
11.0 4.0 Car -1.0 -1.0 -1.0 -1.0 -1.0 -1.0 -1.0 1.945 1.799 4.576 1176.726 1.036 1136.956 2.5102896101297496 1.0
11.0 8.0 Truck -1.0 -1.0 -1.0 -1.0 -1.0 -1.0 -1.0 3.304 4.072 10.91 1124.357 2.651 1163.762 -0.6385287076321032 1.0
11.0 5.0 Bus -1.0 -1.0 -1.0 -1.0 -1.0 -1.0 -1.0 2.536 2.953 8.647 1190.912 1.374 1126.556 2.5428050939015976 1.0
11.0 6.0 Truck -1.0 -1.0 -1.0 -1.0 -1.0 -1.0 -1.0 2.17 2.12 5.052 1190.473 0.957 1130.856 2.5144260400865717 1.0
11.0 2.0 Car -1.0 -1.0 -1.0 -1.0 -1.0 -1.0 -1.0 2.468 2.0 4.478 1140.04 1.607 1119.977 -1.6357574815395743 0.0
11.0 1.0 Car -1.0 -1.0 -1.0 -1.0 -1.0 -1.0 -1.0 1.888 1.754 4.369 1181.696 0.951 1133.533 2.5102896101297496 1.0
11.0 7.0 Car -1.0 -1.0 -1.0 -1.0 -1.0 -1.0 -1.0 1.948 1.571 4.408 1185.215 0.89 1126.7 2.5102896101297496 1.0
12.0 4.0 Car -1.0 -1.0 -1.0 -1.0 -1.0 -1.0 -1.0 1.945 1.799 4.576 1176.338 1.036 1137.24 2.5102896101297496 1.0
12.0 8.0 Truck -1.0 -1.0 -1.0 -1.0 -1.0 -1.0 -1.0 3.304 4.072 10.91 1124.367 2.639 1163.715 -0.6385287076321032 1.0
12.0 5.0 Bus -1.0 -1.0 -1.0 -1.0 -1.0 -1.0 -1.0 2.536 2.953 8.647 1190.929 1.374 1126.544 2.5428050939015976 1.0
12.0 6.0 Truck -1.0 -1.0 -1.0 -1.0 -1.0 -1.0 -1.0 2.17 2.12 5.052 1190.473 0.957 1130.856 2.5144260400865717 1.0
12.0 2.0 Car -1.0 -1.0 -1.0 -1.0 -1.0 -1.0 -1.0 2.468 2.0 4.478 1140.129 1.607 1117.616 -1.6183041890196315 0.0
12.0 1.0 Car -1.0 -1.0 -1.0 -1.0 -1.0 -1.0 -1.0 1.888 1.754 4.369 1181.613 0.951 1133.594 2.5102896101297496 1.0
12.0 7.0 Car -1.0 -1.0 -1.0 -1.0 -1.0 -1.0 -1.0 1.948 1.571 4.408 1183.672 0.911 1127.773 2.5102896101297496 1.0
13.0 4.0 Car -1.0 -1.0 -1.0 -1.0 -1.0 -1.0 -1.0 1.945 1.799 4.576 1175.442 1.036 1137.895 2.5102896101297496 1.0
13.0 8.0 Truck -1.0 -1.0 -1.0 -1.0 -1.0 -1.0 -1.0 3.304 4.072 10.91 1124.376 2.626 1163.668 -0.6385287076321032 1.0
13.0 5.0 Bus -1.0 -1.0 -1.0 -1.0 -1.0 -1.0 -1.0 2.536 2.953 8.647 1190.4 1.374 1126.905 2.5428050939015976 1.0
13.0 6.0 Truck -1.0 -1.0 -1.0 -1.0 -1.0 -1.0 -1.0 2.17 2.12 5.052 1190.473 0.957 1130.856 2.5144260400865717 1.0
13.0 2.0 Car -1.0 -1.0 -1.0 -1.0 -1.0 -1.0 -1.0 2.468 2.0 4.478 1140.259 1.607 1115.257 -1.6008508964996881 0.0
13.0 1.0 Car -1.0 -1.0 -1.0 -1.0 -1.0 -1.0 -1.0 1.888 1.754 4.369 1181.529 0.951 1133.656 2.5102896101297496 1.0
13.0 7.0 Car -1.0 -1.0 -1.0 -1.0 -1.0 -1.0 -1.0 1.948 1.571 4.408 1182.128 0.933 1128.846 2.5102896101297496 1.0
14.0 4.0 Car -1.0 -1.0 -1.0 -1.0 -1.0 -1.0 -1.0 1.945 1.799 4.576 1174.096 1.036 1138.867 2.5102896101297496 1.0
14.0 8.0 Truck -1.0 -1.0 -1.0 -1.0 -1.0 -1.0 -1.0 3.304 4.072 10.91 1124.386 2.614 1163.622 -0.6385287076321032 1.0
14.0 5.0 Bus -1.0 -1.0 -1.0 -1.0 -1.0 -1.0 -1.0 2.536 2.953 8.647 1189.872 1.374 1127.265 2.5428050939015976 1.0
14.0 6.0 Truck -1.0 -1.0 -1.0 -1.0 -1.0 -1.0 -1.0 2.17 2.12 5.052 1190.473 0.957 1130.856 2.5144260400865717 1.0
14.0 2.0 Car -1.0 -1.0 -1.0 -1.0 -1.0 -1.0 -1.0 2.468 2.0 4.478 1140.45 1.607 1112.902 -1.583397603979745 0.0
14.0 1.0 Car -1.0 -1.0 -1.0 -1.0 -1.0 -1.0 -1.0 1.888 1.754 4.369 1181.463 0.951 1133.741 2.5102896101297496 1.0
14.0 7.0 Car -1.0 -1.0 -1.0 -1.0 -1.0 -1.0 -1.0 1.948 1.571 4.408 1180.584 0.955 1129.92 2.5102896101297496 1.0
15.0 4.0 Car -1.0 -1.0 -1.0 -1.0 -1.0 -1.0 -1.0 1.945 1.799 4.576 1172.076 1.036 1140.331 2.5102896101297496 1.0
15.0 8.0 Truck -1.0 -1.0 -1.0 -1.0 -1.0 -1.0 -1.0 3.304 4.072 10.91 1124.396 2.601 1163.575 -0.6385287076321032 1.0
15.0 5.0 Bus -1.0 -1.0 -1.0 -1.0 -1.0 -1.0 -1.0 2.536 2.953 8.647 1189.344 1.374 1127.626 2.5428050939015976 1.0
15.0 6.0 Truck -1.0 -1.0 -1.0 -1.0 -1.0 -1.0 -1.0 2.17 2.12 5.052 1189.732 0.957 1131.393 2.5144260400865717 1.0
15.0 2.0 Car -1.0 -1.0 -1.0 -1.0 -1.0 -1.0 -1.0 2.468 2.0 4.478 1140.642 1.607 1110.547 -1.565944311459802 0.0
15.0 1.0 Car -1.0 -1.0 -1.0 -1.0 -1.0 -1.0 -1.0 1.888 1.754 4.369 1180.213 0.951 1134.606 2.5102896101297496 1.0
15.0 7.0 Car -1.0 -1.0 -1.0 -1.0 -1.0 -1.0 -1.0 1.948 1.571 4.408 1179.04 0.977 1130.993 2.5102896101297496 1.0
16.0 4.0 Car -1.0 -1.0 -1.0 -1.0 -1.0 -1.0 -1.0 1.945 1.799 4.576 1169.65 1.036 1142.092 2.5102896101297496 1.0
16.0 8.0 Truck -1.0 -1.0 -1.0 -1.0 -1.0 -1.0 -1.0 3.304 4.072 10.91 1124.472 2.601 1163.619 -0.6385287076321032 1.0
16.0 5.0 Bus -1.0 -1.0 -1.0 -1.0 -1.0 -1.0 -1.0 2.536 2.953 8.647 1188.815 1.374 1127.987 2.5428050939015976 1.0
16.0 3.0 Car -1.0 -1.0 -1.0 -1.0 -1.0 -1.0 -1.0 1.718 1.665 4.484 1108.356 1.506 1175.326 -0.6734352926719893 0.0
16.0 6.0 Truck -1.0 -1.0 -1.0 -1.0 -1.0 -1.0 -1.0 2.17 2.12 5.052 1188.99 0.957 1131.931 2.5144260400865717 1.0
16.0 2.0 Car -1.0 -1.0 -1.0 -1.0 -1.0 -1.0 -1.0 2.468 2.0 4.478 1140.73 1.607 1108.417 -1.5397643726798873 0.0
16.0 1.0 Car -1.0 -1.0 -1.0 -1.0 -1.0 -1.0 -1.0 1.888 1.754 4.369 1178.989 0.951 1135.506 2.5102896101297496 1.0
16.0 7.0 Car -1.0 -1.0 -1.0 -1.0 -1.0 -1.0 -1.0 1.948 1.571 4.408 1177.65 0.952 1131.934 2.5102896101297496 1.0
17.0 4.0 Car -1.0 -1.0 -1.0 -1.0 -1.0 -1.0 -1.0 1.945 1.799 4.576 1166.898 1.036 1144.093 2.5102896101297496 1.0
17.0 8.0 Truck -1.0 -1.0 -1.0 -1.0 -1.0 -1.0 -1.0 3.304 4.072 10.91 1124.746 2.551 1163.424 -0.6385287076321032 1.0
17.0 5.0 Bus -1.0 -1.0 -1.0 -1.0 -1.0 -1.0 -1.0 2.536 2.953 8.647 1187.51 1.374 1128.95 2.5428050939015976 1.0
17.0 3.0 Car -1.0 -1.0 -1.0 -1.0 -1.0 -1.0 -1.0 1.718 1.665 4.484 1111.459 1.409 1172.813 -0.6647086464120179 1.0
17.0 6.0 Truck -1.0 -1.0 -1.0 -1.0 -1.0 -1.0 -1.0 2.17 2.12 5.052 1188.249 0.957 1132.468 2.5144260400865717 1.0
17.0 2.0 Car -1.0 -1.0 -1.0 -1.0 -1.0 -1.0 -1.0 2.468 2.0 4.478 1140.875 1.607 1106.289 -1.5135844338999727 0.0
17.0 1.0 Car -1.0 -1.0 -1.0 -1.0 -1.0 -1.0 -1.0 1.888 1.754 4.369 1177.766 0.951 1136.407 2.5102896101297496 1.0
17.0 7.0 Car -1.0 -1.0 -1.0 -1.0 -1.0 -1.0 -1.0 1.948 1.571 4.408 1177.195 0.927 1132.308 2.516107374303064 1.0
18.0 4.0 Car -1.0 -1.0 -1.0 -1.0 -1.0 -1.0 -1.0 1.945 1.799 4.576 1163.713 1.036 1146.408 2.5102896101297496 1.0
18.0 8.0 Truck -1.0 -1.0 -1.0 -1.0 -1.0 -1.0 -1.0 3.304 4.072 10.91 1125.019 2.401 1163.228 -0.6385287076321032 1.0
18.0 5.0 Bus -1.0 -1.0 -1.0 -1.0 -1.0 -1.0 -1.0 2.536 2.953 8.647 1186.204 1.374 1129.913 2.5428050939015976 1.0
18.0 3.0 Car -1.0 -1.0 -1.0 -1.0 -1.0 -1.0 -1.0 1.718 1.665 4.484 1114.563 1.312 1170.301 -0.6559820001520463 1.0
18.0 6.0 Truck -1.0 -1.0 -1.0 -1.0 -1.0 -1.0 -1.0 2.17 2.12 5.052 1186.917 0.957 1133.433 2.5144260400865717 1.0
18.0 1.0 Car -1.0 -1.0 -1.0 -1.0 -1.0 -1.0 -1.0 1.888 1.754 4.369 1175.509 0.951 1138.026 2.5102896101297496 1.0
18.0 7.0 Car -1.0 -1.0 -1.0 -1.0 -1.0 -1.0 -1.0 1.948 1.571 4.408 1176.739 0.902 1132.681 2.5219251384763783 1.0
19.0 4.0 Car -1.0 -1.0 -1.0 -1.0 -1.0 -1.0 -1.0 1.945 1.799 4.576 1160.63 1.036 1148.65 2.5102896101297496 1.0
19.0 8.0 Truck -1.0 -1.0 -1.0 -1.0 -1.0 -1.0 -1.0 3.304 4.072 10.91 1125.983 2.251 1162.446 -0.6385287076321032 1.0
19.0 5.0 Bus -1.0 -1.0 -1.0 -1.0 -1.0 -1.0 -1.0 2.536 2.953 8.647 1184.119 1.374 1131.407 2.5369873297282832 1.0
19.0 3.0 Car -1.0 -1.0 -1.0 -1.0 -1.0 -1.0 -1.0 1.718 1.665 4.484 1115.572 1.249 1169.451 -0.6472553538920747 1.0
19.0 6.0 Truck -1.0 -1.0 -1.0 -1.0 -1.0 -1.0 -1.0 2.17 2.12 5.052 1185.585 0.957 1134.399 2.5144260400865717 1.0
19.0 1.0 Car -1.0 -1.0 -1.0 -1.0 -1.0 -1.0 -1.0 1.888 1.754 4.369 1173.251 0.951 1139.646 2.5102896101297496 1.0
19.0 7.0 Car -1.0 -1.0 -1.0 -1.0 -1.0 -1.0 -1.0 1.948 1.571 4.408 1176.284 0.877 1133.055 2.5277429026496927 1.0
20.0 4.0 Car -1.0 -1.0 -1.0 -1.0 -1.0 -1.0 -1.0 1.945 1.799 4.576 1156.795 0.986 1151.481 2.5102896101297496 1.0
20.0 8.0 Truck -1.0 -1.0 -1.0 -1.0 -1.0 -1.0 -1.0 3.304 4.072 10.91 1127.6 2.101 1161.289 -0.6385287076321032 1.0
20.0 5.0 Bus -1.0 -1.0 -1.0 -1.0 -1.0 -1.0 -1.0 2.536 2.953 8.647 1182.034 1.374 1132.902 2.531169565554969 1.0
20.0 3.0 Car -1.0 -1.0 -1.0 -1.0 -1.0 -1.0 -1.0 1.718 1.665 4.484 1116.604 1.185 1168.627 -0.6385287076321032 1.0
20.0 6.0 Truck -1.0 -1.0 -1.0 -1.0 -1.0 -1.0 -1.0 2.17 2.12 5.052 1183.667 0.957 1135.831 2.5056993938266 1.0
20.0 1.0 Car -1.0 -1.0 -1.0 -1.0 -1.0 -1.0 -1.0 1.888 1.754 4.369 1170.457 0.951 1141.676 2.5102896101297496 1.0
20.0 7.0 Car -1.0 -1.0 -1.0 -1.0 -1.0 -1.0 -1.0 1.948 1.571 4.408 1174.603 0.852 1134.244 2.545196195169636 1.0
21.0 4.0 Car -1.0 -1.0 -1.0 -1.0 -1.0 -1.0 -1.0 1.945 1.799 4.576 1152.96 0.936 1154.311 2.5102896101297496 1.0
21.0 8.0 Truck -1.0 -1.0 -1.0 -1.0 -1.0 -1.0 -1.0 3.304 4.072 10.91 1129.113 2.001 1160.114 -0.6385287076321032 1.0
21.0 5.0 Bus -1.0 -1.0 -1.0 -1.0 -1.0 -1.0 -1.0 2.536 2.953 8.647 1179.95 1.374 1134.396 2.5253518013816545 1.0
21.0 3.0 Car -1.0 -1.0 -1.0 -1.0 -1.0 -1.0 -1.0 1.718 1.665 4.484 1117.635 1.122 1167.804 -0.6298020613721316 1.0
21.0 6.0 Truck -1.0 -1.0 -1.0 -1.0 -1.0 -1.0 -1.0 2.17 2.12 5.052 1181.75 0.957 1137.264 2.4969727475666286 1.0
21.0 1.0 Car -1.0 -1.0 -1.0 -1.0 -1.0 -1.0 -1.0 1.888 1.754 4.369 1166.959 0.951 1144.24 2.5102896101297496 1.0
21.0 7.0 Car -1.0 -1.0 -1.0 -1.0 -1.0 -1.0 -1.0 1.948 1.571 4.408 1172.923 0.827 1135.433 2.5626494876895793 0.0
22.0 4.0 Car -1.0 -1.0 -1.0 -1.0 -1.0 -1.0 -1.0 1.945 1.799 4.576 1148.362 0.886 1157.699 2.5102896101297496 1.0
22.0 8.0 Truck -1.0 -1.0 -1.0 -1.0 -1.0 -1.0 -1.0 3.304 4.072 10.91 1130.992 1.901 1158.677 -0.6385287076321032 1.0
22.0 5.0 Bus -1.0 -1.0 -1.0 -1.0 -1.0 -1.0 -1.0 2.536 2.953 8.647 1176.805 1.374 1136.763 2.5253518013816545 1.0
22.0 3.0 Car -1.0 -1.0 -1.0 -1.0 -1.0 -1.0 -1.0 1.718 1.665 4.484 1118.667 1.058 1166.98 -0.62107541511216 1.0
22.0 6.0 Truck -1.0 -1.0 -1.0 -1.0 -1.0 -1.0 -1.0 2.17 2.12 5.052 1179.13 0.957 1139.206 2.4882461013066566 1.0
22.0 1.0 Car -1.0 -1.0 -1.0 -1.0 -1.0 -1.0 -1.0 1.888 1.754 4.369 1163.061 0.951 1147.022 2.5102896101297496 1.0
22.0 7.0 Car -1.0 -1.0 -1.0 -1.0 -1.0 -1.0 -1.0 1.948 1.571 4.408 1172.193 0.802 1135.983 2.580102780209523 0.0
23.0 4.0 Car -1.0 -1.0 -1.0 -1.0 -1.0 -1.0 -1.0 1.945 1.799 4.576 1143.415 0.952 1161.213 2.5102896101297496 1.0
23.0 8.0 Truck -1.0 -1.0 -1.0 -1.0 -1.0 -1.0 -1.0 3.304 4.072 10.91 1132.871 1.801 1157.241 -0.6385287076321032 1.0
23.0 5.0 Bus -1.0 -1.0 -1.0 -1.0 -1.0 -1.0 -1.0 2.536 2.953 8.647 1173.659 1.374 1139.13 2.5253518013816545 1.0
23.0 3.0 Car -1.0 -1.0 -1.0 -1.0 -1.0 -1.0 -1.0 1.718 1.665 4.484 1119.698 0.994 1166.157 -0.6123487688521885 1.0
23.0 6.0 Truck -1.0 -1.0 -1.0 -1.0 -1.0 -1.0 -1.0 2.17 2.12 5.052 1176.51 0.957 1141.148 2.479519455046685 1.0
23.0 1.0 Car -1.0 -1.0 -1.0 -1.0 -1.0 -1.0 -1.0 1.888 1.754 4.369 1159.163 0.951 1149.803 2.5102896101297496 1.0
23.0 7.0 Car -1.0 -1.0 -1.0 -1.0 -1.0 -1.0 -1.0 1.948 1.571 4.408 1171.464 0.777 1136.533 2.597556072729466 0.0
23.0 0.0 Car -1.0 -1.0 -1.0 -1.0 -1.0 -1.0 -1.0 1.833 1.674 4.744 1109.565 1.176 1173.818 -0.6038839220443819 0.0
24.0 4.0 Car -1.0 -1.0 -1.0 -1.0 -1.0 -1.0 -1.0 1.945 1.799 4.576 1138.467 1.019 1164.727 2.5102896101297496 1.0
24.0 8.0 Truck -1.0 -1.0 -1.0 -1.0 -1.0 -1.0 -1.0 3.304 4.072 10.91 1135.024 1.801 1155.607 -0.62107541511216 1.0
24.0 5.0 Bus -1.0 -1.0 -1.0 -1.0 -1.0 -1.0 -1.0 2.536 2.953 8.647 1170.514 1.374 1141.497 2.5253518013816545 1.0
24.0 3.0 Car -1.0 -1.0 -1.0 -1.0 -1.0 -1.0 -1.0 1.718 1.665 4.484 1120.73 0.931 1165.333 -0.6036221225922169 1.0
24.0 6.0 Truck -1.0 -1.0 -1.0 -1.0 -1.0 -1.0 -1.0 2.17 2.12 5.052 1173.499 0.957 1143.439 2.4882461013066566 1.0
24.0 1.0 Car -1.0 -1.0 -1.0 -1.0 -1.0 -1.0 -1.0 1.888 1.754 4.369 1154.945 0.951 1152.842 2.5102896101297496 1.0
24.0 7.0 Car -1.0 -1.0 -1.0 -1.0 -1.0 -1.0 -1.0 1.948 1.571 4.408 1170.669 0.702 1136.914 2.580102780209523 0.0
24.0 0.0 Car -1.0 -1.0 -1.0 -1.0 -1.0 -1.0 -1.0 1.833 1.674 4.744 1110.706 1.134 1173.028 -0.6038839220443819 1.0
25.0 4.0 Car -1.0 -1.0 -1.0 -1.0 -1.0 -1.0 -1.0 1.945 1.799 4.576 1133.52 1.086 1168.241 2.5102896101297496 1.0
25.0 8.0 Truck -1.0 -1.0 -1.0 -1.0 -1.0 -1.0 -1.0 3.304 4.072 10.91 1137.422 1.801 1153.799 -0.62107541511216 1.0
25.0 5.0 Bus -1.0 -1.0 -1.0 -1.0 -1.0 -1.0 -1.0 2.536 2.953 8.647 1166.793 1.374 1144.234 2.5253518013816545 1.0
25.0 3.0 Car -1.0 -1.0 -1.0 -1.0 -1.0 -1.0 -1.0 1.718 1.665 4.484 1122.948 0.878 1163.767 -0.6036221225922169 0.0
25.0 6.0 Truck -1.0 -1.0 -1.0 -1.0 -1.0 -1.0 -1.0 2.17 2.12 5.052 1170.487 0.957 1145.73 2.4969727475666286 1.0
25.0 1.0 Car -1.0 -1.0 -1.0 -1.0 -1.0 -1.0 -1.0 1.888 1.754 4.369 1150.279 0.935 1156.152 2.5102896101297496 1.0
25.0 7.0 Car -1.0 -1.0 -1.0 -1.0 -1.0 -1.0 -1.0 1.948 1.571 4.408 1170.593 0.704 1136.951 2.580102780209523 0.0
25.0 0.0 Car -1.0 -1.0 -1.0 -1.0 -1.0 -1.0 -1.0 1.833 1.674 4.744 1111.847 1.092 1172.238 -0.6038839220443819 1.0
26.0 4.0 Car -1.0 -1.0 -1.0 -1.0 -1.0 -1.0 -1.0 1.945 1.799 4.576 1128.282 1.177 1171.889 2.5190162563897216 1.0
26.0 8.0 Truck -1.0 -1.0 -1.0 -1.0 -1.0 -1.0 -1.0 3.304 4.072 10.91 1139.82 1.801 1151.991 -0.62107541511216 0.0
26.0 5.0 Bus -1.0 -1.0 -1.0 -1.0 -1.0 -1.0 -1.0 2.536 2.953 8.647 1163.071 1.374 1146.972 2.5253518013816545 1.0
26.0 3.0 Car -1.0 -1.0 -1.0 -1.0 -1.0 -1.0 -1.0 1.718 1.665 4.484 1125.031 0.825 1162.331 -0.6036221225922169 0.0
26.0 6.0 Truck -1.0 -1.0 -1.0 -1.0 -1.0 -1.0 -1.0 2.17 2.12 5.052 1167.402 1.032 1147.924 2.5144260400865717 1.0
26.0 1.0 Car -1.0 -1.0 -1.0 -1.0 -1.0 -1.0 -1.0 1.888 1.754 4.369 1145.614 0.918 1159.463 2.5102896101297496 0.0
26.0 7.0 Car -1.0 -1.0 -1.0 -1.0 -1.0 -1.0 -1.0 1.948 1.571 4.408 1170.518 0.707 1136.988 2.580102780209523 0.0
26.0 0.0 Car -1.0 -1.0 -1.0 -1.0 -1.0 -1.0 -1.0 1.833 1.674 4.744 1113.216 1.001 1171.291 -0.6038839220443819 0.0
27.0 4.0 Car -1.0 -1.0 -1.0 -1.0 -1.0 -1.0 -1.0 1.945 1.799 4.576 1123.044 1.269 1175.537 2.527742902649693 0.0
27.0 8.0 Truck -1.0 -1.0 -1.0 -1.0 -1.0 -1.0 -1.0 3.304 4.072 10.91 1142.284 1.801 1150.275 -0.62107541511216 0.0
27.0 5.0 Bus -1.0 -1.0 -1.0 -1.0 -1.0 -1.0 -1.0 2.536 2.953 8.647 1159.485 1.374 1149.541 2.5253518013816545 0.0
27.0 3.0 Car -1.0 -1.0 -1.0 -1.0 -1.0 -1.0 -1.0 1.718 1.665 4.484 1127.114 0.772 1160.894 -0.6036221225922169 0.0
27.0 6.0 Truck -1.0 -1.0 -1.0 -1.0 -1.0 -1.0 -1.0 2.17 2.12 5.052 1164.316 1.107 1150.119 2.5318793326065148 0.0
27.0 1.0 Car -1.0 -1.0 -1.0 -1.0 -1.0 -1.0 -1.0 1.888 1.754 4.369 1140.949 0.901 1162.773 2.5102896101297496 0.0
27.0 7.0 Car -1.0 -1.0 -1.0 -1.0 -1.0 -1.0 -1.0 1.948 1.571 4.408 1170.442 0.71 1137.025 2.580102780209523 0.0
27.0 0.0 Car -1.0 -1.0 -1.0 -1.0 -1.0 -1.0 -1.0 1.833 1.674 4.744 1114.881 0.909 1170.14 -0.6038839220443819 0.0
28.0 4.0 Car -1.0 -1.0 -1.0 -1.0 -1.0 -1.0 -1.0 1.945 1.799 4.576 1117.648 1.361 1179.316 2.527742902649693 0.0
28.0 8.0 Truck -1.0 -1.0 -1.0 -1.0 -1.0 -1.0 -1.0 3.304 4.072 10.91 1144.748 1.801 1148.558 -0.62107541511216 0.0
28.0 5.0 Bus -1.0 -1.0 -1.0 -1.0 -1.0 -1.0 -1.0 2.536 2.953 8.647 1155.899 1.374 1152.11 2.5253518013816545 0.0
28.0 3.0 Car -1.0 -1.0 -1.0 -1.0 -1.0 -1.0 -1.0 1.718 1.665 4.484 1129.425 0.719 1159.301 -0.6036221225922169 0.0
28.0 6.0 Truck -1.0 -1.0 -1.0 -1.0 -1.0 -1.0 -1.0 2.17 2.12 5.052 1161.136 1.157 1152.421 2.523152686346543 0.0
28.0 1.0 Car -1.0 -1.0 -1.0 -1.0 -1.0 -1.0 -1.0 1.888 1.754 4.369 1136.889 0.935 1165.723 2.5102896101297496 0.0
28.0 7.0 Car -1.0 -1.0 -1.0 -1.0 -1.0 -1.0 -1.0 1.948 1.571 4.408 1170.367 0.713 1137.062 2.580102780209523 0.0
28.0 0.0 Car -1.0 -1.0 -1.0 -1.0 -1.0 -1.0 -1.0 1.833 1.674 4.744 1116.545 0.817 1168.989 -0.6038839220443819 0.0
29.0 4.0 Car -1.0 -1.0 -1.0 -1.0 -1.0 -1.0 -1.0 1.945 1.799 4.576 1112.252 1.452 1183.095 2.527742902649693 0.0
29.0 8.0 Truck -1.0 -1.0 -1.0 -1.0 -1.0 -1.0 -1.0 3.304 4.072 10.91 1147.831 1.801 1146.352 -0.62107541511216 0.0
29.0 5.0 Bus -1.0 -1.0 -1.0 -1.0 -1.0 -1.0 -1.0 2.536 2.953 8.647 1151.262 1.374 1155.46 2.5253518013816545 0.0
29.0 3.0 Car -1.0 -1.0 -1.0 -1.0 -1.0 -1.0 -1.0 1.718 1.665 4.484 1131.737 0.665 1157.707 -0.6036221225922169 0.0
29.0 6.0 Truck -1.0 -1.0 -1.0 -1.0 -1.0 -1.0 -1.0 2.17 2.12 5.052 1157.956 1.207 1154.724 2.5144260400865717 0.0
29.0 1.0 Car -1.0 -1.0 -1.0 -1.0 -1.0 -1.0 -1.0 1.888 1.754 4.369 1131.47 0.968 1169.667 2.5102896101297496 0.0
29.0 7.0 Car -1.0 -1.0 -1.0 -1.0 -1.0 -1.0 -1.0 1.948 1.571 4.408 1170.291 0.715 1137.1 2.580102780209523 0.0
29.0 0.0 Car -1.0 -1.0 -1.0 -1.0 -1.0 -1.0 -1.0 1.833 1.674 4.744 1118.21 0.726 1167.838 -0.6038839220443819 0.0
30.0 4.0 Car -1.0 -1.0 -1.0 -1.0 -1.0 -1.0 -1.0 1.945 1.799 4.576 1106.138 1.494 1187.495 2.5102896101297496 0.0
30.0 8.0 Truck -1.0 -1.0 -1.0 -1.0 -1.0 -1.0 -1.0 3.304 4.072 10.91 1150.914 1.801 1144.146 -0.62107541511216 0.0
30.0 5.0 Bus -1.0 -1.0 -1.0 -1.0 -1.0 -1.0 -1.0 2.536 2.953 8.647 1146.625 1.374 1158.81 2.5253518013816545 0.0
30.0 3.0 Car -1.0 -1.0 -1.0 -1.0 -1.0 -1.0 -1.0 1.718 1.665 4.484 1134.501 0.64 1155.764 -0.6123487688521885 0.0
30.0 6.0 Truck -1.0 -1.0 -1.0 -1.0 -1.0 -1.0 -1.0 2.17 2.12 5.052 1154.149 1.232 1157.524 2.5144260400865717 0.0
30.0 1.0 Car -1.0 -1.0 -1.0 -1.0 -1.0 -1.0 -1.0 1.888 1.754 4.369 1125.93 1.001 1173.699 2.5102896101297496 0.0
30.0 7.0 Car -1.0 -1.0 -1.0 -1.0 -1.0 -1.0 -1.0 1.948 1.571 4.408 1170.216 0.718 1137.137 2.580102780209523 0.0
30.0 0.0 Car -1.0 -1.0 -1.0 -1.0 -1.0 -1.0 -1.0 1.833 1.674 4.744 1120.412 0.701 1166.316 -0.5951572757844104 0.0
31.0 4.0 Car -1.0 -1.0 -1.0 -1.0 -1.0 -1.0 -1.0 1.945 1.799 4.576 1099.462 1.486 1192.326 2.5102896101297496 0.0
31.0 8.0 Truck -1.0 -1.0 -1.0 -1.0 -1.0 -1.0 -1.0 3.304 4.072 10.91 1154.485 1.801 1141.59 -0.62107541511216 0.0
31.0 5.0 Bus -1.0 -1.0 -1.0 -1.0 -1.0 -1.0 -1.0 2.536 2.953 8.647 1141.624 1.374 1162.417 2.5253518013816545 0.0
31.0 3.0 Car -1.0 -1.0 -1.0 -1.0 -1.0 -1.0 -1.0 1.718 1.665 4.484 1137.265 0.615 1153.82 -0.62107541511216 0.0
31.0 6.0 Truck -1.0 -1.0 -1.0 -1.0 -1.0 -1.0 -1.0 2.17 2.12 5.052 1150.343 1.257 1160.324 2.5144260400865717 0.0
31.0 1.0 Car -1.0 -1.0 -1.0 -1.0 -1.0 -1.0 -1.0 1.888 1.754 4.369 1120.396 1.018 1177.824 2.5044718459564352 0.0
31.0 7.0 Car -1.0 -1.0 -1.0 -1.0 -1.0 -1.0 -1.0 1.948 1.571 4.408 1170.141 0.721 1137.174 2.580102780209523 0.0
31.0 0.0 Car -1.0 -1.0 -1.0 -1.0 -1.0 -1.0 -1.0 1.833 1.674 4.744 1122.614 0.676 1164.794 -0.5864306295244388 0.0
32.0 4.0 Car -1.0 -1.0 -1.0 -1.0 -1.0 -1.0 -1.0 1.945 1.799 4.576 1092.786 1.477 1197.156 2.5102896101297496 0.0
32.0 8.0 Truck -1.0 -1.0 -1.0 -1.0 -1.0 -1.0 -1.0 3.304 4.072 10.91 1158.097 1.801 1139.006 -0.62107541511216 0.0
32.0 5.0 Bus -1.0 -1.0 -1.0 -1.0 -1.0 -1.0 -1.0 2.536 2.953 8.647 1136.623 1.374 1166.025 2.5253518013816545 0.0
32.0 3.0 Car -1.0 -1.0 -1.0 -1.0 -1.0 -1.0 -1.0 1.718 1.665 4.484 1140.294 0.59 1151.612 -0.62107541511216 0.0
32.0 6.0 Truck -1.0 -1.0 -1.0 -1.0 -1.0 -1.0 -1.0 2.17 2.12 5.052 1146.405 1.207 1163.241 2.5144260400865717 0.0
32.0 1.0 Car -1.0 -1.0 -1.0 -1.0 -1.0 -1.0 -1.0 1.888 1.754 4.369 1114.814 1.035 1181.986 2.498654081783121 0.0
32.0 7.0 Car -1.0 -1.0 -1.0 -1.0 -1.0 -1.0 -1.0 1.948 1.571 4.408 1170.065 0.724 1137.211 2.580102780209523 0.0
32.0 0.0 Car -1.0 -1.0 -1.0 -1.0 -1.0 -1.0 -1.0 1.833 1.674 4.744 1125.229 0.676 1163.037 -0.5864306295244388 0.0
33.0 4.0 Car -1.0 -1.0 -1.0 -1.0 -1.0 -1.0 -1.0 1.945 1.799 4.576 1086.11 1.469 1201.987 2.5102896101297496 0.0
33.0 8.0 Truck -1.0 -1.0 -1.0 -1.0 -1.0 -1.0 -1.0 3.304 4.072 10.91 1161.709 1.801 1136.421 -0.62107541511216 0.0
33.0 5.0 Bus -1.0 -1.0 -1.0 -1.0 -1.0 -1.0 -1.0 2.536 2.953 8.647 1131.331 1.374 1169.84 2.534078447641626 0.0
33.0 3.0 Car -1.0 -1.0 -1.0 -1.0 -1.0 -1.0 -1.0 1.718 1.665 4.484 1143.825 0.565 1149.044 -0.62107541511216 0.0
33.0 6.0 Truck -1.0 -1.0 -1.0 -1.0 -1.0 -1.0 -1.0 2.17 2.12 5.052 1142.468 1.157 1166.157 2.5144260400865717 0.0
33.0 1.0 Car -1.0 -1.0 -1.0 -1.0 -1.0 -1.0 -1.0 1.888 1.754 4.369 1109.111 1.051 1186.237 2.4928363176098065 0.0
33.0 0.0 Car -1.0 -1.0 -1.0 -1.0 -1.0 -1.0 -1.0 1.833 1.674 4.744 1127.844 0.676 1161.28 -0.5864306295244388 0.0
34.0 4.0 Car -1.0 -1.0 -1.0 -1.0 -1.0 -1.0 -1.0 1.945 1.799 4.576 1079.434 1.461 1206.818 2.5102896101297496 0.0
34.0 8.0 Truck -1.0 -1.0 -1.0 -1.0 -1.0 -1.0 -1.0 3.304 4.072 10.91 1165.322 1.801 1133.836 -0.62107541511216 0.0
34.0 5.0 Bus -1.0 -1.0 -1.0 -1.0 -1.0 -1.0 -1.0 2.536 2.953 8.647 1126.039 1.374 1173.655 2.5428050939015976 0.0
34.0 3.0 Car -1.0 -1.0 -1.0 -1.0 -1.0 -1.0 -1.0 1.718 1.665 4.484 1147.355 0.54 1146.477 -0.62107541511216 0.0
34.0 6.0 Truck -1.0 -1.0 -1.0 -1.0 -1.0 -1.0 -1.0 2.17 2.12 5.052 1138.291 1.107 1169.246 2.5144260400865717 0.0
34.0 1.0 Car -1.0 -1.0 -1.0 -1.0 -1.0 -1.0 -1.0 1.888 1.754 4.369 1103.018 1.051 1190.701 2.5102896101297496 0.0
34.0 0.0 Car -1.0 -1.0 -1.0 -1.0 -1.0 -1.0 -1.0 1.833 1.674 4.744 1130.547 0.676 1159.465 -0.5864306295244388 0.0
35.0 4.0 Car -1.0 -1.0 -1.0 -1.0 -1.0 -1.0 -1.0 1.945 1.799 4.576 1072.504 1.482 1211.834 2.5102896101297496 0.0
35.0 8.0 Truck -1.0 -1.0 -1.0 -1.0 -1.0 -1.0 -1.0 3.304 4.072 10.91 1170.111 1.801 1130.317 -0.62107541511216 0.0
35.0 5.0 Bus -1.0 -1.0 -1.0 -1.0 -1.0 -1.0 -1.0 2.536 2.953 8.647 1120.444 1.374 1177.605 2.5428050939015976 0.0
35.0 3.0 Car -1.0 -1.0 -1.0 -1.0 -1.0 -1.0 -1.0 1.718 1.665 4.484 1150.886 0.515 1143.909 -0.62107541511216 0.0
35.0 6.0 Truck -1.0 -1.0 -1.0 -1.0 -1.0 -1.0 -1.0 2.17 2.12 5.052 1134.114 1.057 1172.336 2.5144260400865717 0.0
35.0 1.0 Car -1.0 -1.0 -1.0 -1.0 -1.0 -1.0 -1.0 1.888 1.754 4.369 1096.896 1.051 1195.125 2.527742902649693 0.0
35.0 0.0 Car -1.0 -1.0 -1.0 -1.0 -1.0 -1.0 -1.0 1.833 1.674 4.744 1133.25 0.676 1157.649 -0.5864306295244388 0.0
36.0 4.0 Car -1.0 -1.0 -1.0 -1.0 -1.0 -1.0 -1.0 1.945 1.799 4.576 1065.574 1.504 1216.851 2.5102896101297496 0.0
36.0 8.0 Truck -1.0 -1.0 -1.0 -1.0 -1.0 -1.0 -1.0 3.304 4.072 10.91 1174.595 1.801 1127.016 -0.62107541511216 0.0
36.0 5.0 Bus -1.0 -1.0 -1.0 -1.0 -1.0 -1.0 -1.0 2.536 2.953 8.647 1114.848 1.374 1181.554 2.5428050939015976 0.0
36.0 3.0 Car -1.0 -1.0 -1.0 -1.0 -1.0 -1.0 -1.0 1.718 1.665 4.484 1154.416 0.49 1141.342 -0.62107541511216 0.0
36.0 6.0 Truck -1.0 -1.0 -1.0 -1.0 -1.0 -1.0 -1.0 2.17 2.12 5.052 1129.945 1.007 1175.316 2.5318793326065148 0.0
36.0 1.0 Car -1.0 -1.0 -1.0 -1.0 -1.0 -1.0 -1.0 1.888 1.754 4.369 1090.773 1.051 1199.548 2.5451961951696367 0.0
36.0 0.0 Car -1.0 -1.0 -1.0 -1.0 -1.0 -1.0 -1.0 1.833 1.674 4.744 1135.953 0.676 1155.834 -0.5864306295244388 0.0
37.0 4.0 Car -1.0 -1.0 -1.0 -1.0 -1.0 -1.0 -1.0 1.945 1.799 4.576 1058.644 1.526 1221.867 2.5102896101297496 0.0
37.0 8.0 Truck -1.0 -1.0 -1.0 -1.0 -1.0 -1.0 -1.0 3.304 4.072 10.91 1179.08 1.801 1123.715 -0.62107541511216 0.0
37.0 5.0 Bus -1.0 -1.0 -1.0 -1.0 -1.0 -1.0 -1.0 2.536 2.953 8.647 1109.105 1.374 1185.498 2.5428050939015976 0.0
37.0 6.0 Truck -1.0 -1.0 -1.0 -1.0 -1.0 -1.0 -1.0 2.17 2.12 5.052 1125.775 0.957 1178.296 2.5493326251264583 0.0
37.0 1.0 Car -1.0 -1.0 -1.0 -1.0 -1.0 -1.0 -1.0 1.888 1.754 4.369 1084.343 1.076 1204.162 2.5364695489096647 0.0
37.0 0.0 Car -1.0 -1.0 -1.0 -1.0 -1.0 -1.0 -1.0 1.833 1.674 4.744 1138.656 0.676 1154.018 -0.5864306295244388 0.0
38.0 4.0 Car -1.0 -1.0 -1.0 -1.0 -1.0 -1.0 -1.0 1.945 1.799 4.576 1051.714 1.547 1226.884 2.5102896101297496 0.0
38.0 5.0 Bus -1.0 -1.0 -1.0 -1.0 -1.0 -1.0 -1.0 2.536 2.953 8.647 1103.361 1.374 1189.441 2.5428050939015976 0.0
38.0 6.0 Truck -1.0 -1.0 -1.0 -1.0 -1.0 -1.0 -1.0 2.17 2.12 5.052 1122.226 0.982 1180.859 2.5406059788664868 0.0
