0.0 6.0 Car -1.0 -1.0 -1.0 -1.0 -1.0 -1.0 -1.0 1.947 1.713 4.534 1249.065 1.014 1504.983 -0.5450025371097543 0.0
0.0 3.0 Car -1.0 -1.0 -1.0 -1.0 -1.0 -1.0 -1.0 1.934 1.638 4.519 1220.97 0.861 1522.921 -0.5445950864995339 0.0
0.0 4.0 Car -1.0 -1.0 -1.0 -1.0 -1.0 -1.0 -1.0 1.788 1.451 4.445 1258.878 0.951 1496.73 -0.5549528369756591 0.0
0.0 5.0 Car -1.0 -1.0 -1.0 -1.0 -1.0 -1.0 -1.0 1.812 1.675 4.432 1171.113 1.305 1557.188 -0.5837787173322222 0.0
0.0 8.0 Car -1.0 -1.0 -1.0 -1.0 -1.0 -1.0 -1.0 1.858 1.869 4.186 1277.028 1.479 1485.693 -0.5502366415614315 0.0
1.0 6.0 Car -1.0 -1.0 -1.0 -1.0 -1.0 -1.0 -1.0 1.947 1.713 4.534 1252.113 1.034 1503.112 -0.5439493146663437 0.0
1.0 3.0 Car -1.0 -1.0 -1.0 -1.0 -1.0 -1.0 -1.0 1.934 1.638 4.519 1223.756 0.881 1521.033 -0.5445950864995339 0.0
1.0 4.0 Car -1.0 -1.0 -1.0 -1.0 -1.0 -1.0 -1.0 1.788 1.451 4.445 1262.855 0.957 1494.752 -0.5576178263633191 0.0
1.0 5.0 Car -1.0 -1.0 -1.0 -1.0 -1.0 -1.0 -1.0 1.812 1.675 4.432 1174.774 1.304 1554.514 -0.5962409835036683 0.0
1.0 8.0 Car -1.0 -1.0 -1.0 -1.0 -1.0 -1.0 -1.0 1.858 1.869 4.186 1281.397 1.525 1483.08 -0.5562538858989465 0.0
2.0 6.0 Car -1.0 -1.0 -1.0 -1.0 -1.0 -1.0 -1.0 1.947 1.713 4.534 1256.552 1.027 1500.57 -0.5398220536726904 0.0
2.0 3.0 Car -1.0 -1.0 -1.0 -1.0 -1.0 -1.0 -1.0 1.934 1.638 4.519 1227.335 0.956 1518.568 -0.5445950864995339 0.0
2.0 4.0 Car -1.0 -1.0 -1.0 -1.0 -1.0 -1.0 -1.0 1.788 1.451 4.445 1267.892 1.024 1491.955 -0.5610847842473948 0.0
2.0 5.0 Car -1.0 -1.0 -1.0 -1.0 -1.0 -1.0 -1.0 1.812 1.675 4.432 1179.535 1.304 1551.035 -0.6124534878222985 0.0
2.0 8.0 Car -1.0 -1.0 -1.0 -1.0 -1.0 -1.0 -1.0 1.858 1.869 4.186 1286.72 1.543 1479.814 -0.5562538858989465 0.0
3.0 6.0 Car -1.0 -1.0 -1.0 -1.0 -1.0 -1.0 -1.0 1.947 1.713 4.534 1260.644 1.019 1498.226 -0.5360175646858717 1.0
3.0 3.0 Car -1.0 -1.0 -1.0 -1.0 -1.0 -1.0 -1.0 1.934 1.638 4.519 1230.755 1.029 1516.255 -0.5445950864995339 1.0
3.0 4.0 Car -1.0 -1.0 -1.0 -1.0 -1.0 -1.0 -1.0 1.788 1.451 4.445 1272.44 1.085 1489.228 -0.5642806090590589 1.0
3.0 5.0 Car -1.0 -1.0 -1.0 -1.0 -1.0 -1.0 -1.0 1.812 1.675 4.432 1184.231 1.289 1547.829 -0.5925223150512138 1.0
3.0 8.0 Car -1.0 -1.0 -1.0 -1.0 -1.0 -1.0 -1.0 1.858 1.869 4.186 1291.626 1.559 1476.803 -0.5562538858989465 1.0
4.0 6.0 Car -1.0 -1.0 -1.0 -1.0 -1.0 -1.0 -1.0 1.947 1.713 4.534 1264.056 1.013 1496.271 -0.5328449865543163 1.0
4.0 3.0 Car -1.0 -1.0 -1.0 -1.0 -1.0 -1.0 -1.0 1.934 1.638 4.519 1233.541 0.959 1514.434 -0.5445950864995339 1.0
4.0 4.0 Car -1.0 -1.0 -1.0 -1.0 -1.0 -1.0 -1.0 1.788 1.451 4.445 1275.897 1.124 1486.906 -0.5599199205121002 1.0
4.0 5.0 Car -1.0 -1.0 -1.0 -1.0 -1.0 -1.0 -1.0 1.812 1.675 4.432 1188.237 1.276 1545.294 -0.5759016327233458 1.0
4.0 8.0 Car -1.0 -1.0 -1.0 -1.0 -1.0 -1.0 -1.0 1.858 1.869 4.186 1295.717 1.573 1474.293 -0.5562538858989465 1.0
5.0 6.0 Car -1.0 -1.0 -1.0 -1.0 -1.0 -1.0 -1.0 1.947 1.713 4.534 1267.509 1.047 1494.386 -0.5296722243624291 0.0
5.0 3.0 Car -1.0 -1.0 -1.0 -1.0 -1.0 -1.0 -1.0 1.934 1.638 4.519 1236.296 0.925 1512.559 -0.5445950864995339 0.0
5.0 4.0 Car -1.0 -1.0 -1.0 -1.0 -1.0 -1.0 -1.0 1.788 1.451 4.445 1279.441 1.163 1484.722 -0.5555589789753809 0.0
5.0 5.0 Car -1.0 -1.0 -1.0 -1.0 -1.0 -1.0 -1.0 1.812 1.675 4.432 1192.243 1.264 1542.758 -0.5592799861297649 0.0
5.0 8.0 Car -1.0 -1.0 -1.0 -1.0 -1.0 -1.0 -1.0 1.858 1.869 4.186 1298.424 1.626 1472.776 -0.5519998929517196 0.0
6.0 6.0 Car -1.0 -1.0 -1.0 -1.0 -1.0 -1.0 -1.0 1.947 1.713 4.534 1270.966 1.08 1492.498 -0.5264960221464006 0.0
6.0 3.0 Car -1.0 -1.0 -1.0 -1.0 -1.0 -1.0 -1.0 1.934 1.638 4.519 1239.062 0.92 1510.786 -0.5445950864995339 0.0
6.0 4.0 Car -1.0 -1.0 -1.0 -1.0 -1.0 -1.0 -1.0 1.788 1.451 4.445 1282.973 1.201 1482.51 -0.5511933091472684 0.0
6.0 5.0 Car -1.0 -1.0 -1.0 -1.0 -1.0 -1.0 -1.0 1.812 1.675 4.432 1196.253 1.251 1540.22 -0.5426403177425261 0.0
6.0 8.0 Car -1.0 -1.0 -1.0 -1.0 -1.0 -1.0 -1.0 1.858 1.869 4.186 1301.134 1.679 1471.257 -0.547741287670649 0.0
7.0 6.0 Car -1.0 -1.0 -1.0 -1.0 -1.0 -1.0 -1.0 1.947 1.713 4.534 1274.283 1.115 1490.669 -0.5230027601162522 0.0
7.0 3.0 Car -1.0 -1.0 -1.0 -1.0 -1.0 -1.0 -1.0 1.934 1.638 4.519 1241.835 0.951 1509.045 -0.5445950864995339 0.0
7.0 4.0 Car -1.0 -1.0 -1.0 -1.0 -1.0 -1.0 -1.0 1.788 1.451 4.445 1286.537 1.19 1480.35 -0.5468273165391158 0.0
7.0 5.0 Car -1.0 -1.0 -1.0 -1.0 -1.0 -1.0 -1.0 1.812 1.675 4.432 1200.305 1.227 1537.376 -0.5675820650011878 0.0
7.0 8.0 Car -1.0 -1.0 -1.0 -1.0 -1.0 -1.0 -1.0 1.858 1.869 4.186 1303.799 1.684 1469.666 -0.54348236752546 0.0
8.0 6.0 Car -1.0 -1.0 -1.0 -1.0 -1.0 -1.0 -1.0 1.947 1.713 4.534 1277.928 1.153 1488.657 -0.5191626637298423 0.0
8.0 3.0 Car -1.0 -1.0 -1.0 -1.0 -1.0 -1.0 -1.0 1.934 1.638 4.519 1244.842 0.929 1507.226 -0.5445950864995339 0.0
8.0 4.0 Car -1.0 -1.0 -1.0 -1.0 -1.0 -1.0 -1.0 1.788 1.451 4.445 1288.986 1.246 1478.869 -0.543679738131503 0.0
8.0 5.0 Car -1.0 -1.0 -1.0 -1.0 -1.0 -1.0 -1.0 1.812 1.675 4.432 1204.675 1.2 1534.134 -0.5950001953023554 0.0
8.0 8.0 Car -1.0 -1.0 -1.0 -1.0 -1.0 -1.0 -1.0 1.858 1.869 4.186 1306.73 1.688 1467.916 -0.5388005933790033 0.0
9.0 6.0 Car -1.0 -1.0 -1.0 -1.0 -1.0 -1.0 -1.0 1.947 1.713 4.534 1280.912 1.185 1487.012 -0.5160208009516887 0.0
9.0 3.0 Car -1.0 -1.0 -1.0 -1.0 -1.0 -1.0 -1.0 1.934 1.638 4.519 1247.429 0.929 1505.652 -0.536538576603892 0.0
9.0 4.0 Car -1.0 -1.0 -1.0 -1.0 -1.0 -1.0 -1.0 1.788 1.451 4.445 1291.018 1.25 1477.704 -0.5411044747930106 0.0
9.0 5.0 Car -1.0 -1.0 -1.0 -1.0 -1.0 -1.0 -1.0 1.812 1.675 4.432 1208.146 1.209 1531.779 -0.5950001953023554 0.0
9.0 8.0 Car -1.0 -1.0 -1.0 -1.0 -1.0 -1.0 -1.0 1.858 1.869 4.186 1309.185 1.637 1466.396 -0.5057204402822553 0.0
10.0 6.0 Car -1.0 -1.0 -1.0 -1.0 -1.0 -1.0 -1.0 1.947 1.713 4.534 1284.183 1.178 1485.112 -0.5125319991178299 0.0
10.0 3.0 Car -1.0 -1.0 -1.0 -1.0 -1.0 -1.0 -1.0 1.934 1.638 4.519 1250.32 0.929 1503.933 -0.5275924295302978 0.0
10.0 4.0 Car -1.0 -1.0 -1.0 -1.0 -1.0 -1.0 -1.0 1.788 1.451 4.445 1293.269 1.206 1476.402 -0.5382448389360682 0.0
10.0 5.0 Car -1.0 -1.0 -1.0 -1.0 -1.0 -1.0 -1.0 1.812 1.675 4.432 1212.001 1.219 1529.165 -0.5950001953023554 0.0
10.0 8.0 Car -1.0 -1.0 -1.0 -1.0 -1.0 -1.0 -1.0 1.858 1.869 4.186 1311.968 1.58 1464.803 -0.46898742329923104 0.0
11.0 6.0 Car -1.0 -1.0 -1.0 -1.0 -1.0 -1.0 -1.0 1.947 1.713 4.534 1287.455 1.171 1483.212 -0.5090427296264576 0.0
11.0 3.0 Car -1.0 -1.0 -1.0 -1.0 -1.0 -1.0 -1.0 1.934 1.638 4.519 1253.293 0.929 1502.167 -0.5186450832676699 0.0
11.0 4.0 Car -1.0 -1.0 -1.0 -1.0 -1.0 -1.0 -1.0 1.788 1.451 4.445 1295.52 1.162 1475.099 -0.5353848197583587 0.0
11.0 5.0 Car -1.0 -1.0 -1.0 -1.0 -1.0 -1.0 -1.0 1.812 1.675 4.432 1215.856 1.229 1526.55 -0.5950001953023554 0.0
11.0 8.0 Car -1.0 -1.0 -1.0 -1.0 -1.0 -1.0 -1.0 1.858 1.869 4.186 1312.74 1.522 1464.442 -0.46898742329923104 0.0
12.0 6.0 Car -1.0 -1.0 -1.0 -1.0 -1.0 -1.0 -1.0 1.947 1.713 4.534 1290.369 1.181 1481.567 -0.5124666831170379 0.0
12.0 3.0 Car -1.0 -1.0 -1.0 -1.0 -1.0 -1.0 -1.0 1.934 1.638 4.519 1256.23 0.929 1500.456 -0.5096885014596476 0.0
12.0 4.0 Car -1.0 -1.0 -1.0 -1.0 -1.0 -1.0 -1.0 1.788 1.451 4.445 1297.773 1.167 1473.795 -0.5325218484386206 0.0
12.0 5.0 Car -1.0 -1.0 -1.0 -1.0 -1.0 -1.0 -1.0 1.812 1.675 4.432 1219.799 1.221 1523.931 -0.6032345605683753 0.0
12.0 8.0 Car -1.0 -1.0 -1.0 -1.0 -1.0 -1.0 -1.0 1.858 1.869 4.186 1313.514 1.465 1464.08 -0.46898742329923104 0.0
13.0 6.0 Car -1.0 -1.0 -1.0 -1.0 -1.0 -1.0 -1.0 1.947 1.713 4.534 1293.573 1.192 1479.759 -0.516231304974895 0.0
13.0 3.0 Car -1.0 -1.0 -1.0 -1.0 -1.0 -1.0 -1.0 1.934 1.638 4.519 1259.29 0.912 1498.692 -0.5060665680033244 0.0
13.0 4.0 Car -1.0 -1.0 -1.0 -1.0 -1.0 -1.0 -1.0 1.788 1.451 4.445 1300.251 1.119 1472.361 -0.5293740240191726 0.0
13.0 5.0 Car -1.0 -1.0 -1.0 -1.0 -1.0 -1.0 -1.0 1.812 1.675 4.432 1224.135 1.212 1521.051 -0.6122882090923176 0.0
13.0 8.0 Car -1.0 -1.0 -1.0 -1.0 -1.0 -1.0 -1.0 1.858 1.869 4.186 1314.364 1.402 1463.683 -0.46898742329923104 0.0
14.0 6.0 Car -1.0 -1.0 -1.0 -1.0 -1.0 -1.0 -1.0 1.947 1.713 4.534 1296.488 1.201 1478.114 -0.5196554979439316 0.0
14.0 3.0 Car -1.0 -1.0 -1.0 -1.0 -1.0 -1.0 -1.0 1.934 1.638 4.519 1261.931 0.896 1497.198 -0.5027721603459989 0.0
14.0 2.0 Car -1.0 -1.0 -1.0 -1.0 -1.0 -1.0 -1.0 1.785 1.641 4.379 1268.562 0.875 1487.873 -0.6211452274921943 0.0
14.0 1.0 Car -1.0 -1.0 -1.0 -1.0 -1.0 -1.0 -1.0 1.808 1.471 4.624 1275.155 0.769 1481.556 0.03055155156576084 0.0
14.0 0.0 Car -1.0 -1.0 -1.0 -1.0 -1.0 -1.0 -1.0 1.846 1.427 4.683 1272.752 0.695 1498.184 2.6477342883966184 0.0
14.0 7.0 Car -1.0 -1.0 -1.0 -1.0 -1.0 -1.0 -1.0 1.84 1.45 4.618 1251.281 0.818 1500.422 -0.452947847483494 0.0
14.0 4.0 Car -1.0 -1.0 -1.0 -1.0 -1.0 -1.0 -1.0 1.788 1.451 4.445 1301.504 1.119 1471.65 -0.5293740240191726 0.0
14.0 5.0 Car -1.0 -1.0 -1.0 -1.0 -1.0 -1.0 -1.0 1.812 1.675 4.432 1228.079 1.204 1518.432 -0.620523150287037 0.0
14.0 8.0 Car -1.0 -1.0 -1.0 -1.0 -1.0 -1.0 -1.0 1.858 1.869 4.186 1315.132 1.377 1463.327 -0.48645088788451263 0.0
15.0 6.0 Car -1.0 -1.0 -1.0 -1.0 -1.0 -1.0 -1.0 1.947 1.713 4.534 1299.069 1.211 1476.618 -0.5230757018861123 0.0
15.0 3.0 Car -1.0 -1.0 -1.0 -1.0 -1.0 -1.0 -1.0 1.934 1.638 4.519 1264.529 0.881 1495.727 -0.4994815905216279 0.0
15.0 2.0 Car -1.0 -1.0 -1.0 -1.0 -1.0 -1.0 -1.0 1.785 1.641 4.379 1268.562 0.825 1487.873 -0.5687853499323641 0.0
15.0 1.0 Car -1.0 -1.0 -1.0 -1.0 -1.0 -1.0 -1.0 1.808 1.471 4.624 1275.67 0.752 1481.654 0.0945213626883683 0.0
15.0 0.0 Car -1.0 -1.0 -1.0 -1.0 -1.0 -1.0 -1.0 1.846 1.427 4.683 1272.759 0.671 1498.192 2.6477342883966184 0.0
15.0 7.0 Car -1.0 -1.0 -1.0 -1.0 -1.0 -1.0 -1.0 1.84 1.45 4.618 1254.169 0.787 1498.78 -0.452947847483494 0.0
15.0 4.0 Car -1.0 -1.0 -1.0 -1.0 -1.0 -1.0 -1.0 1.788 1.451 4.445 1302.755 1.12 1470.94 -0.5293740240191726 0.0
15.0 5.0 Car -1.0 -1.0 -1.0 -1.0 -1.0 -1.0 -1.0 1.812 1.675 4.432 1231.579 1.236 1515.64 -0.599629708343747 0.0
15.0 8.0 Car -1.0 -1.0 -1.0 -1.0 -1.0 -1.0 -1.0 1.858 1.869 4.186 1315.9 1.352 1462.971 -0.5038940083391172 0.0
16.0 6.0 Car -1.0 -1.0 -1.0 -1.0 -1.0 -1.0 -1.0 1.947 1.713 4.534 1301.52 1.221 1475.268 -0.5264960221464006 0.0
16.0 3.0 Car -1.0 -1.0 -1.0 -1.0 -1.0 -1.0 -1.0 1.934 1.638 4.519 1267.065 0.865 1494.29 -0.496190908787891 0.0
16.0 2.0 Car -1.0 -1.0 -1.0 -1.0 -1.0 -1.0 -1.0 1.785 1.641 4.379 1268.613 0.825 1487.811 -0.582168776836339 0.0
16.0 1.0 Car -1.0 -1.0 -1.0 -1.0 -1.0 -1.0 -1.0 1.808 1.471 4.624 1276.343 0.786 1481.742 0.12358676432771666 0.0
16.0 0.0 Car -1.0 -1.0 -1.0 -1.0 -1.0 -1.0 -1.0 1.846 1.427 4.683 1272.766 0.647 1498.201 2.6477342883966184 0.0
16.0 7.0 Car -1.0 -1.0 -1.0 -1.0 -1.0 -1.0 -1.0 1.84 1.45 4.618 1257.091 0.756 1497.209 -0.452947847483494 0.0
16.0 4.0 Car -1.0 -1.0 -1.0 -1.0 -1.0 -1.0 -1.0 1.788 1.451 4.445 1304.006 1.131 1470.23 -0.5293740240191726 0.0
16.0 5.0 Car -1.0 -1.0 -1.0 -1.0 -1.0 -1.0 -1.0 1.812 1.675 4.432 1235.136 1.269 1512.922 -0.5787355558329988 0.0
16.0 8.0 Car -1.0 -1.0 -1.0 -1.0 -1.0 -1.0 -1.0 1.858 1.869 4.186 1316.049 1.321 1462.883 -0.49843636208023184 0.0
17.0 6.0 Car -1.0 -1.0 -1.0 -1.0 -1.0 -1.0 -1.0 1.947 1.713 4.534 1304.124 1.191 1473.88 -0.5235443211468745 1.0
17.0 3.0 Car -1.0 -1.0 -1.0 -1.0 -1.0 -1.0 -1.0 1.934 1.638 4.519 1270.118 0.897 1492.594 -0.4922352089397046 1.0
17.0 2.0 Car -1.0 -1.0 -1.0 -1.0 -1.0 -1.0 -1.0 1.785 1.641 4.379 1268.675 0.825 1487.738 -0.5982568777394164 1.0
17.0 1.0 Car -1.0 -1.0 -1.0 -1.0 -1.0 -1.0 -1.0 1.808 1.471 4.624 1277.402 0.786 1481.76 0.057570854567352565 1.0
17.0 0.0 Car -1.0 -1.0 -1.0 -1.0 -1.0 -1.0 -1.0 1.846 1.427 4.683 1272.727 0.63 1498.202 2.6477342883966184 1.0
17.0 7.0 Car -1.0 -1.0 -1.0 -1.0 -1.0 -1.0 -1.0 1.84 1.45 4.618 1260.604 0.718 1495.321 -0.452947847483494 1.0
17.0 4.0 Car -1.0 -1.0 -1.0 -1.0 -1.0 -1.0 -1.0 1.788 1.451 4.445 1305.511 1.055 1469.376 -0.5293740240191726 1.0
17.0 5.0 Car -1.0 -1.0 -1.0 -1.0 -1.0 -1.0 -1.0 1.812 1.675 4.432 1239.486 1.308 1509.754 -0.5536188771012331 1.0
18.0 6.0 Car -1.0 -1.0 -1.0 -1.0 -1.0 -1.0 -1.0 1.947 1.713 4.534 1306.281 1.166 1472.729 -0.5210990126848416 0.0
18.0 3.0 Car -1.0 -1.0 -1.0 -1.0 -1.0 -1.0 -1.0 1.934 1.638 4.519 1272.639 0.853 1491.202 -0.4922352089397046 0.0
18.0 2.0 Car -1.0 -1.0 -1.0 -1.0 -1.0 -1.0 -1.0 1.785 1.641 4.379 1268.954 0.825 1487.529 -0.5862386424523073 0.0
18.0 1.0 Car -1.0 -1.0 -1.0 -1.0 -1.0 -1.0 -1.0 1.808 1.471 4.624 1278.808 0.786 1481.584 -0.0533313474503354 0.0
18.0 0.0 Car -1.0 -1.0 -1.0 -1.0 -1.0 -1.0 -1.0 1.846 1.427 4.683 1272.694 0.615 1498.203 2.6477342883966184 0.0
18.0 7.0 Car -1.0 -1.0 -1.0 -1.0 -1.0 -1.0 -1.0 1.84 1.45 4.618 1263.011 0.699 1494.058 -0.46633094875410475 0.0
18.0 4.0 Car -1.0 -1.0 -1.0 -1.0 -1.0 -1.0 -1.0 1.788 1.451 4.445 1306.757 1.043 1468.668 -0.5119207314992296 0.0
18.0 5.0 Car -1.0 -1.0 -1.0 -1.0 -1.0 -1.0 -1.0 1.812 1.675 4.432 1243.18 1.34 1507.26 -0.53281120482995 0.0
19.0 6.0 Car -1.0 -1.0 -1.0 -1.0 -1.0 -1.0 -1.0 1.947 1.713 4.534 1308.13 1.135 1471.708 -0.5181519192281678 0.0
19.0 3.0 Car -1.0 -1.0 -1.0 -1.0 -1.0 -1.0 -1.0 1.934 1.638 4.519 1275.616 0.86 1489.557 -0.4922352089397046 0.0
19.0 2.0 Car -1.0 -1.0 -1.0 -1.0 -1.0 -1.0 -1.0 1.785 1.641 4.379 1269.5 0.825 1487.147 -0.5687853499323641 0.0
19.0 1.0 Car -1.0 -1.0 -1.0 -1.0 -1.0 -1.0 -1.0 1.808 1.471 4.624 1280.781 0.786 1481.159 -0.19057250103126291 0.0
19.0 0.0 Car -1.0 -1.0 -1.0 -1.0 -1.0 -1.0 -1.0 1.846 1.427 4.683 1272.766 0.597 1498.201 2.6477342883966184 0.0
19.0 7.0 Car -1.0 -1.0 -1.0 -1.0 -1.0 -1.0 -1.0 1.84 1.45 4.618 1265.911 0.676 1492.536 -0.4824603045376392 0.0
19.0 4.0 Car -1.0 -1.0 -1.0 -1.0 -1.0 -1.0 -1.0 1.788 1.451 4.445 1307.399 0.999 1468.312 -0.5199790294196376 0.0
19.0 5.0 Car -1.0 -1.0 -1.0 -1.0 -1.0 -1.0 -1.0 1.812 1.675 4.432 1247.632 1.379 1504.253 -0.5077337327026399 0.0
20.0 6.0 Car -1.0 -1.0 -1.0 -1.0 -1.0 -1.0 -1.0 1.947 1.713 4.534 1309.67 1.11 1470.856 -0.5156965115037639 0.0
20.0 3.0 Car -1.0 -1.0 -1.0 -1.0 -1.0 -1.0 -1.0 1.934 1.638 4.519 1278.079 0.867 1488.195 -0.4922352089397046 0.0
20.0 2.0 Car -1.0 -1.0 -1.0 -1.0 -1.0 -1.0 -1.0 1.785 1.641 4.379 1270.23 0.825 1486.652 -0.5687853499323641 0.0
20.0 1.0 Car -1.0 -1.0 -1.0 -1.0 -1.0 -1.0 -1.0 1.808 1.471 4.624 1282.72 0.736 1480.468 -0.29529037073906106 0.0
20.0 0.0 Car -1.0 -1.0 -1.0 -1.0 -1.0 -1.0 -1.0 1.846 1.427 4.683 1272.575 0.572 1498.353 2.6069953780268778 0.0
20.0 7.0 Car -1.0 -1.0 -1.0 -1.0 -1.0 -1.0 -1.0 1.84 1.45 4.618 1268.342 0.69 1491.204 -0.49589867877408134 0.0
20.0 4.0 Car -1.0 -1.0 -1.0 -1.0 -1.0 -1.0 -1.0 1.788 1.451 4.445 1307.949 0.962 1468.042 -0.5266929009850307 0.0
20.0 5.0 Car -1.0 -1.0 -1.0 -1.0 -1.0 -1.0 -1.0 1.812 1.675 4.432 1251.118 1.379 1502.363 -0.4946402533476246 0.0
21.0 6.0 Car -1.0 -1.0 -1.0 -1.0 -1.0 -1.0 -1.0 1.947 1.713 4.534 1311.211 1.085 1470.005 -0.5132410153616931 0.0
21.0 3.0 Car -1.0 -1.0 -1.0 -1.0 -1.0 -1.0 -1.0 1.934 1.638 4.519 1280.534 0.873 1486.838 -0.4922352089397046 0.0
21.0 2.0 Car -1.0 -1.0 -1.0 -1.0 -1.0 -1.0 -1.0 1.785 1.641 4.379 1271.315 0.825 1486.062 -0.5687853499323641 0.0
21.0 1.0 Car -1.0 -1.0 -1.0 -1.0 -1.0 -1.0 -1.0 1.808 1.471 4.624 1284.77 0.786 1479.647 -0.3476521337107527 0.0
21.0 0.0 Car -1.0 -1.0 -1.0 -1.0 -1.0 -1.0 -1.0 1.846 1.427 4.683 1272.39 0.547 1498.513 2.566255000674949 0.0
21.0 7.0 Car -1.0 -1.0 -1.0 -1.0 -1.0 -1.0 -1.0 1.84 1.45 4.618 1270.772 0.704 1489.871 -0.5093375369178119 0.0
21.0 4.0 Car -1.0 -1.0 -1.0 -1.0 -1.0 -1.0 -1.0 1.788 1.451 4.445 1308.478 0.925 1467.736 -0.5334070143126586 0.0
21.0 5.0 Car -1.0 -1.0 -1.0 -1.0 -1.0 -1.0 -1.0 1.812 1.675 4.432 1254.652 1.379 1500.566 -0.4815463025047655 0.0
22.0 6.0 Car -1.0 -1.0 -1.0 -1.0 -1.0 -1.0 -1.0 1.947 1.713 4.534 1312.211 1.064 1469.486 -0.5145514101108999 0.0
22.0 3.0 Car -1.0 -1.0 -1.0 -1.0 -1.0 -1.0 -1.0 1.934 1.638 4.519 1282.946 0.879 1485.504 -0.4922352089397046 0.0
22.0 2.0 Car -1.0 -1.0 -1.0 -1.0 -1.0 -1.0 -1.0 1.785 1.641 4.379 1272.673 0.825 1485.086 -0.5687853499323641 0.0
22.0 1.0 Car -1.0 -1.0 -1.0 -1.0 -1.0 -1.0 -1.0 1.808 1.471 4.624 1286.881 0.786 1478.734 -0.39561441016835275 0.0
22.0 0.0 Car -1.0 -1.0 -1.0 -1.0 -1.0 -1.0 -1.0 1.846 1.427 4.683 1272.157 0.597 1498.6 2.5255612407570154 0.0
22.0 7.0 Car -1.0 -1.0 -1.0 -1.0 -1.0 -1.0 -1.0 1.84 1.45 4.618 1273.362 0.718 1488.341 -0.5227610175632664 0.0
22.0 4.0 Car -1.0 -1.0 -1.0 -1.0 -1.0 -1.0 -1.0 1.788 1.451 4.445 1309.007 0.938 1467.43 -0.5401134449737226 0.0
22.0 5.0 Car -1.0 -1.0 -1.0 -1.0 -1.0 -1.0 -1.0 1.812 1.675 4.432 1258.182 1.379 1498.77 -0.46846733449782585 0.0
23.0 6.0 Car -1.0 -1.0 -1.0 -1.0 -1.0 -1.0 -1.0 1.947 1.713 4.534 1312.879 1.042 1469.137 -0.5158632587664327 0.0
23.0 3.0 Car -1.0 -1.0 -1.0 -1.0 -1.0 -1.0 -1.0 1.934 1.638 4.519 1285.311 0.882 1484.195 -0.4932663263624155 0.0
23.0 2.0 Car -1.0 -1.0 -1.0 -1.0 -1.0 -1.0 -1.0 1.785 1.641 4.379 1274.169 0.825 1484.208 -0.5687853499323641 0.0
23.0 1.0 Car -1.0 -1.0 -1.0 -1.0 -1.0 -1.0 -1.0 1.808 1.471 4.624 1288.911 0.786 1477.765 -0.4203417371976583 0.0
23.0 0.0 Car -1.0 -1.0 -1.0 -1.0 -1.0 -1.0 -1.0 1.846 1.427 4.683 1271.365 0.59 1499.226 2.4655027173383637 0.0
23.0 7.0 Car -1.0 -1.0 -1.0 -1.0 -1.0 -1.0 -1.0 1.84 1.45 4.618 1276.097 0.731 1486.607 -0.5227610175632664 0.0
23.0 4.0 Car -1.0 -1.0 -1.0 -1.0 -1.0 -1.0 -1.0 1.788 1.451 4.445 1309.536 0.901 1467.125 -0.5468273165391158 0.0
23.0 5.0 Car -1.0 -1.0 -1.0 -1.0 -1.0 -1.0 -1.0 1.812 1.675 4.432 1261.716 1.379 1496.973 -0.4553738551428106 0.0
24.0 6.0 Car -1.0 -1.0 -1.0 -1.0 -1.0 -1.0 -1.0 1.947 1.713 4.534 1313.531 1.021 1468.761 -0.5171751179194839 0.0
24.0 3.0 Car -1.0 -1.0 -1.0 -1.0 -1.0 -1.0 -1.0 1.934 1.638 4.519 1287.567 0.884 1482.946 -0.4942974520362106 0.0
24.0 2.0 Car -1.0 -1.0 -1.0 -1.0 -1.0 -1.0 -1.0 1.785 1.641 4.379 1275.658 0.825 1483.37 -0.5687853499323641 0.0
24.0 1.0 Car -1.0 -1.0 -1.0 -1.0 -1.0 -1.0 -1.0 1.808 1.471 4.624 1290.975 0.786 1476.688 -0.4450692620970261 0.0
24.0 0.0 Car -1.0 -1.0 -1.0 -1.0 -1.0 -1.0 -1.0 1.846 1.427 4.683 1270.613 0.583 1499.898 2.4054437133265703 0.0
24.0 7.0 Car -1.0 -1.0 -1.0 -1.0 -1.0 -1.0 -1.0 1.84 1.45 4.618 1278.832 0.743 1484.874 -0.5227610175632664 0.0
24.0 4.0 Car -1.0 -1.0 -1.0 -1.0 -1.0 -1.0 -1.0 1.788 1.451 4.445 1309.835 0.879 1466.99 -0.5381103311335086 0.0
24.0 5.0 Car -1.0 -1.0 -1.0 -1.0 -1.0 -1.0 -1.0 1.812 1.675 4.432 1264.001 1.379 1495.882 -0.472801325263104 0.0
25.0 6.0 Car -1.0 -1.0 -1.0 -1.0 -1.0 -1.0 -1.0 1.947 1.713 4.534 1313.834 1.0 1468.621 -0.518488483466454 0.0
25.0 3.0 Car -1.0 -1.0 -1.0 -1.0 -1.0 -1.0 -1.0 1.934 1.638 4.519 1289.593 0.887 1481.82 -0.49532976174065535 0.0
25.0 2.0 Car -1.0 -1.0 -1.0 -1.0 -1.0 -1.0 -1.0 1.785 1.641 4.379 1276.938 0.825 1482.667 -0.5687853499323641 0.0
25.0 1.0 Car -1.0 -1.0 -1.0 -1.0 -1.0 -1.0 -1.0 1.808 1.471 4.624 1292.868 0.736 1475.69 -0.4698251813503558 0.0
25.0 0.0 Car -1.0 -1.0 -1.0 -1.0 -1.0 -1.0 -1.0 1.846 1.427 4.683 1269.983 0.576 1500.699 2.362728814035933 0.0
25.0 7.0 Car -1.0 -1.0 -1.0 -1.0 -1.0 -1.0 -1.0 1.84 1.45 4.618 1281.322 0.756 1483.282 -0.5227610175632664 0.0
25.0 4.0 Car -1.0 -1.0 -1.0 -1.0 -1.0 -1.0 -1.0 1.788 1.451 4.445 1310.128 0.857 1466.848 -0.5293833361062315 0.0
25.0 5.0 Car -1.0 -1.0 -1.0 -1.0 -1.0 -1.0 -1.0 1.812 1.675 4.432 1266.259 1.379 1494.731 -0.4902488071620641 0.0
26.0 6.0 Car -1.0 -1.0 -1.0 -1.0 -1.0 -1.0 -1.0 1.947 1.713 4.534 1314.122 0.979 1468.452 -0.519804667597168 0.0
26.0 3.0 Car -1.0 -1.0 -1.0 -1.0 -1.0 -1.0 -1.0 1.934 1.638 4.519 1291.377 0.889 1480.825 -0.49636428686133227 0.0
26.0 2.0 Car -1.0 -1.0 -1.0 -1.0 -1.0 -1.0 -1.0 1.785 1.641 4.379 1277.906 0.825 1482.163 -0.5687853499323641 0.0
26.0 1.0 Car -1.0 -1.0 -1.0 -1.0 -1.0 -1.0 -1.0 1.808 1.471 4.624 1294.508 0.752 1474.869 -0.4698251813503558 0.0
26.0 0.0 Car -1.0 -1.0 -1.0 -1.0 -1.0 -1.0 -1.0 1.846 1.427 4.683 1268.276 0.569 1502.394 2.394110435064113 0.0
26.0 7.0 Car -1.0 -1.0 -1.0 -1.0 -1.0 -1.0 -1.0 1.84 1.45 4.618 1283.818 0.768 1481.686 -0.5227610175632664 0.0
26.0 4.0 Car -1.0 -1.0 -1.0 -1.0 -1.0 -1.0 -1.0 1.788 1.451 4.445 1310.398 0.835 1466.665 -0.5206376122746447 0.0
26.0 5.0 Car -1.0 -1.0 -1.0 -1.0 -1.0 -1.0 -1.0 1.812 1.675 4.432 1268.522 1.379 1493.577 -0.5077337327026399 0.0
27.0 6.0 Car -1.0 -1.0 -1.0 -1.0 -1.0 -1.0 -1.0 1.947 1.713 4.534 1314.128 0.967 1468.431 -0.5211165110039411 0.0
27.0 3.0 Car -1.0 -1.0 -1.0 -1.0 -1.0 -1.0 -1.0 1.934 1.638 4.519 1293.004 0.892 1479.916 -0.4973954001585006 0.0
27.0 2.0 Car -1.0 -1.0 -1.0 -1.0 -1.0 -1.0 -1.0 1.785 1.641 4.379 1278.66 0.825 1481.796 -0.5687853499323641 0.0
27.0 1.0 Car -1.0 -1.0 -1.0 -1.0 -1.0 -1.0 -1.0 1.808 1.471 4.624 1295.969 0.768 1474.086 -0.4698251813503558 0.0
27.0 0.0 Car -1.0 -1.0 -1.0 -1.0 -1.0 -1.0 -1.0 1.846 1.427 4.683 1266.522 0.562 1504.03 2.4253885607298153 0.0
27.0 7.0 Car -1.0 -1.0 -1.0 -1.0 -1.0 -1.0 -1.0 1.84 1.45 4.618 1286.147 0.772 1480.273 -0.5227610175632664 0.0
27.0 4.0 Car -1.0 -1.0 -1.0 -1.0 -1.0 -1.0 -1.0 1.788 1.451 4.445 1310.668 0.813 1466.482 -0.5119207314992296 0.0
27.0 5.0 Car -1.0 -1.0 -1.0 -1.0 -1.0 -1.0 -1.0 1.812 1.675 4.432 1270.527 1.379 1492.389 -0.5077337327026399 0.0
28.0 6.0 Car -1.0 -1.0 -1.0 -1.0 -1.0 -1.0 -1.0 1.947 1.713 4.534 1314.135 0.955 1468.407 -0.5225604053215522 0.0
28.0 3.0 Car -1.0 -1.0 -1.0 -1.0 -1.0 -1.0 -1.0 1.934 1.638 4.519 1294.5 0.894 1479.087 -0.4960103726752787 0.0
28.0 2.0 Car -1.0 -1.0 -1.0 -1.0 -1.0 -1.0 -1.0 1.785 1.641 4.379 1279.459 0.812 1481.329 -0.5313087700338754 0.0
28.0 1.0 Car -1.0 -1.0 -1.0 -1.0 -1.0 -1.0 -1.0 1.808 1.471 4.624 1297.4 0.786 1473.313 -0.4698251813503558 0.0
28.0 0.0 Car -1.0 -1.0 -1.0 -1.0 -1.0 -1.0 -1.0 1.846 1.427 4.683 1264.462 0.572 1505.713 2.4620936695116624 0.0
28.0 7.0 Car -1.0 -1.0 -1.0 -1.0 -1.0 -1.0 -1.0 1.84 1.45 4.618 1288.48 0.776 1478.852 -0.5227610175632664 0.0
28.0 4.0 Car -1.0 -1.0 -1.0 -1.0 -1.0 -1.0 -1.0 1.788 1.451 4.445 1310.82 0.794 1466.389 -0.5119207314992296 0.0
28.0 5.0 Car -1.0 -1.0 -1.0 -1.0 -1.0 -1.0 -1.0 1.812 1.675 4.432 1272.735 1.379 1491.081 -0.5077337327026399 0.0
29.0 6.0 Car -1.0 -1.0 -1.0 -1.0 -1.0 -1.0 -1.0 1.947 1.713 4.534 1314.141 0.944 1468.385 -0.5238722985915389 0.0
29.0 3.0 Car -1.0 -1.0 -1.0 -1.0 -1.0 -1.0 -1.0 1.934 1.638 4.519 1295.703 0.896 1478.418 -0.49475196462434035 0.0
29.0 2.0 Car -1.0 -1.0 -1.0 -1.0 -1.0 -1.0 -1.0 1.785 1.641 4.379 1280.2 0.8 1480.932 -0.4972583050162616 0.0
29.0 1.0 Car -1.0 -1.0 -1.0 -1.0 -1.0 -1.0 -1.0 1.808 1.471 4.624 1298.588 0.788 1472.684 -0.4698251813503558 0.0
29.0 0.0 Car -1.0 -1.0 -1.0 -1.0 -1.0 -1.0 -1.0 1.846 1.427 4.683 1262.538 0.58 1507.176 2.4954431914245307 0.0
29.0 7.0 Car -1.0 -1.0 -1.0 -1.0 -1.0 -1.0 -1.0 1.84 1.45 4.618 1290.299 0.78 1477.841 -0.5227610175632664 0.0
29.0 4.0 Car -1.0 -1.0 -1.0 -1.0 -1.0 -1.0 -1.0 1.788 1.451 4.445 1310.959 0.777 1466.304 -0.5119207314992296 0.0
29.0 5.0 Car -1.0 -1.0 -1.0 -1.0 -1.0 -1.0 -1.0 1.812 1.675 4.432 1275.385 1.379 1489.585 -0.5019158754225668 0.0
