0.0 1.0 Car -1.0 -1.0 -1.0 -1.0 -1.0 -1.0 -1.0 1.664 1.367 4.404 806.674 -0.921 2396.952 -1.4155492885455274 0.0
1.0 1.0 Car -1.0 -1.0 -1.0 -1.0 -1.0 -1.0 -1.0 1.664 1.367 4.404 807.041 -0.873 2394.118 -1.4504639008801474 1.0
2.0 1.0 Car -1.0 -1.0 -1.0 -1.0 -1.0 -1.0 -1.0 1.664 1.367 4.404 807.308 -0.825 2391.275 -1.4853423332102678 1.0
3.0 1.0 Car -1.0 -1.0 -1.0 -1.0 -1.0 -1.0 -1.0 1.664 1.367 4.404 807.61 -0.777 2388.34 -1.528984885065678 1.0
3.0 2.0 Car -1.0 -1.0 -1.0 -1.0 -1.0 -1.0 -1.0 1.779 1.608 4.578 830.527 0.171 2315.352 2.6403689998941613 0.0
4.0 1.0 Car -1.0 -1.0 -1.0 -1.0 -1.0 -1.0 -1.0 1.664 1.367 4.404 807.784 -0.729 2385.395 -1.572628921225017 1.0
4.0 2.0 Car -1.0 -1.0 -1.0 -1.0 -1.0 -1.0 -1.0 1.779 1.608 4.578 827.337 0.274 2317.143 2.6540631047496497 1.0
5.0 1.0 Car -1.0 -1.0 -1.0 -1.0 -1.0 -1.0 -1.0 1.664 1.367 4.404 807.745 -0.568 2382.229 -1.3786644769322343 1.0
5.0 2.0 Car -1.0 -1.0 -1.0 -1.0 -1.0 -1.0 -1.0 1.779 1.608 4.578 824.146 0.377 2318.935 2.6677586615780933 1.0
6.0 1.0 Car -1.0 -1.0 -1.0 -1.0 -1.0 -1.0 -1.0 1.664 1.367 4.404 808.154 -0.44 2379.73 -1.2235630708261516 1.0
6.0 0.0 Car -1.0 -1.0 -1.0 -1.0 -1.0 -1.0 -1.0 1.796 1.547 4.338 835.154 -0.346 2312.511 2.6164063981903256 0.0
6.0 2.0 Car -1.0 -1.0 -1.0 -1.0 -1.0 -1.0 -1.0 1.779 1.608 4.578 821.595 0.46 2320.368 2.6787101538953704 1.0
7.0 1.0 Car -1.0 -1.0 -1.0 -1.0 -1.0 -1.0 -1.0 1.664 1.367 4.404 809.288 -0.279 2376.589 -1.218104523443654 1.0
7.0 0.0 Car -1.0 -1.0 -1.0 -1.0 -1.0 -1.0 -1.0 1.796 1.547 4.338 831.759 -0.163 2314.431 2.615471706421932 0.0
7.0 2.0 Car -1.0 -1.0 -1.0 -1.0 -1.0 -1.0 -1.0 1.779 1.608 4.578 818.185 0.729 2321.892 2.704928723432711 1.0
8.0 1.0 Car -1.0 -1.0 -1.0 -1.0 -1.0 -1.0 -1.0 1.664 1.367 4.404 810.421 -0.119 2373.451 -1.2126524695717062 1.0
8.0 0.0 Car -1.0 -1.0 -1.0 -1.0 -1.0 -1.0 -1.0 1.796 1.547 4.338 828.369 0.02 2316.349 2.614538126566733 0.0
8.0 2.0 Car -1.0 -1.0 -1.0 -1.0 -1.0 -1.0 -1.0 1.779 1.608 4.578 814.741 0.997 2323.324 2.7311161032512565 1.0
9.0 1.0 Car -1.0 -1.0 -1.0 -1.0 -1.0 -1.0 -1.0 1.664 1.367 4.404 811.78 0.074 2369.686 -1.2061097783062087 1.0
9.0 0.0 Car -1.0 -1.0 -1.0 -1.0 -1.0 -1.0 -1.0 1.796 1.547 4.338 824.514 0.206 2318.587 2.6306591688246153 1.0
9.0 2.0 Car -1.0 -1.0 -1.0 -1.0 -1.0 -1.0 -1.0 1.779 1.608 4.578 811.32 1.32 2324.595 2.7625420475337643 1.0
10.0 1.0 Car -1.0 -1.0 -1.0 -1.0 -1.0 -1.0 -1.0 1.664 1.367 4.404 812.93 0.266 2366.635 -1.211934056147017 1.0
10.0 0.0 Car -1.0 -1.0 -1.0 -1.0 -1.0 -1.0 -1.0 1.796 1.547 4.338 821.302 0.361 2320.451 2.644093495984746 1.0
10.0 2.0 Car -1.0 -1.0 -1.0 -1.0 -1.0 -1.0 -1.0 1.779 1.608 4.578 808.241 1.353 2325.587 2.826607728958872 1.0
11.0 1.0 Car -1.0 -1.0 -1.0 -1.0 -1.0 -1.0 -1.0 1.664 1.367 4.404 814.078 0.457 2363.592 -1.2177457644329244 1.0
11.0 0.0 Car -1.0 -1.0 -1.0 -1.0 -1.0 -1.0 -1.0 1.796 1.547 4.338 818.302 0.371 2321.958 2.6574988301061824 1.0
11.0 2.0 Car -1.0 -1.0 -1.0 -1.0 -1.0 -1.0 -1.0 1.779 1.608 4.578 805.596 1.387 2326.238 2.8905351482471113 1.0
12.0 1.0 Car -1.0 -1.0 -1.0 -1.0 -1.0 -1.0 -1.0 1.664 1.367 4.404 815.226 0.649 2360.545 -1.2235630708261533 0.0
12.0 0.0 Car -1.0 -1.0 -1.0 -1.0 -1.0 -1.0 -1.0 1.796 1.547 4.338 815.509 0.481 2323.316 2.670917076868 1.0
12.0 2.0 Car -1.0 -1.0 -1.0 -1.0 -1.0 -1.0 -1.0 1.779 1.608 4.578 802.605 1.42 2326.961 2.919621680213254 1.0
13.0 1.0 Car -1.0 -1.0 -1.0 -1.0 -1.0 -1.0 -1.0 1.664 1.367 4.404 816.214 0.624 2357.494 -1.2672432398752347 0.0
13.0 0.0 Car -1.0 -1.0 -1.0 -1.0 -1.0 -1.0 -1.0 1.796 1.547 4.338 813.326 0.59 2324.432 2.6843512966465064 1.0
13.0 2.0 Car -1.0 -1.0 -1.0 -1.0 -1.0 -1.0 -1.0 1.779 1.608 4.578 799.638 1.462 2327.379 3.0077110907213225 1.0
14.0 1.0 Car -1.0 -1.0 -1.0 -1.0 -1.0 -1.0 -1.0 1.664 1.367 4.404 817.066 0.599 2354.413 -1.3107815700726408 0.0
14.0 0.0 Car -1.0 -1.0 -1.0 -1.0 -1.0 -1.0 -1.0 1.796 1.547 4.338 811.985 0.6 2325.112 2.6843512966465064 1.0
14.0 2.0 Car -1.0 -1.0 -1.0 -1.0 -1.0 -1.0 -1.0 1.779 1.608 4.578 796.654 1.503 2327.534 3.095514456071985 1.0
15.0 1.0 Car -1.0 -1.0 -1.0 -1.0 -1.0 -1.0 -1.0 1.664 1.367 4.404 817.784 0.574 2351.288 -1.3544586841310708 0.0
15.0 0.0 Car -1.0 -1.0 -1.0 -1.0 -1.0 -1.0 -1.0 1.796 1.547 4.338 811.124 0.61 2325.555 2.6843512966465064 1.0
15.0 2.0 Car -1.0 -1.0 -1.0 -1.0 -1.0 -1.0 -1.0 1.779 1.608 4.578 793.71 1.545 2327.205 -3.0472005633101964 1.0
16.0 1.0 Car -1.0 -1.0 -1.0 -1.0 -1.0 -1.0 -1.0 1.664 1.367 4.404 818.365 0.549 2348.137 -1.3980959960255843 0.0
16.0 0.0 Car -1.0 -1.0 -1.0 -1.0 -1.0 -1.0 -1.0 1.796 1.547 4.338 810.745 0.619 2325.761 2.6843512966465064 1.0
16.0 2.0 Car -1.0 -1.0 -1.0 -1.0 -1.0 -1.0 -1.0 1.779 1.608 4.578 790.853 1.587 2326.176 -2.76137511485594 1.0
17.0 1.0 Car -1.0 -1.0 -1.0 -1.0 -1.0 -1.0 -1.0 1.664 1.367 4.404 818.798 0.549 2345.752 -1.3671141318170756 0.0
17.0 0.0 Car -1.0 -1.0 -1.0 -1.0 -1.0 -1.0 -1.0 1.796 1.547 4.338 810.546 0.627 2325.91 2.6688603645422515 1.0
17.0 2.0 Car -1.0 -1.0 -1.0 -1.0 -1.0 -1.0 -1.0 1.779 1.608 4.578 788.754 1.647 2325.077 -2.5852438894333183 1.0
18.0 1.0 Car -1.0 -1.0 -1.0 -1.0 -1.0 -1.0 -1.0 1.664 1.367 4.404 819.444 0.549 2342.783 -1.3282828259458128 0.0
18.0 0.0 Car -1.0 -1.0 -1.0 -1.0 -1.0 -1.0 -1.0 1.796 1.547 4.338 810.296 0.637 2326.096 2.6494447116066198 1.0
18.0 2.0 Car -1.0 -1.0 -1.0 -1.0 -1.0 -1.0 -1.0 1.779 1.608 4.578 786.127 1.723 2323.098 -2.4301143260664197 1.0
18.0 3.0 Car -1.0 -1.0 -1.0 -1.0 -1.0 -1.0 -1.0 1.997 1.635 4.659 833.531 -0.558 2313.206 2.589387931679898 0.0
19.0 1.0 Car -1.0 -1.0 -1.0 -1.0 -1.0 -1.0 -1.0 1.664 1.367 4.404 820.306 0.549 2339.913 -1.2411115085280784 0.0
19.0 0.0 Car -1.0 -1.0 -1.0 -1.0 -1.0 -1.0 -1.0 1.796 1.547 4.338 810.057 0.622 2326.224 2.6538032731178114 1.0
19.0 2.0 Car -1.0 -1.0 -1.0 -1.0 -1.0 -1.0 -1.0 1.779 1.608 4.578 783.869 1.825 2320.586 -2.28255934799555 1.0
19.0 3.0 Car -1.0 -1.0 -1.0 -1.0 -1.0 -1.0 -1.0 1.997 1.635 4.659 830.49 -0.384 2315.044 2.624293782705995 0.0
20.0 1.0 Car -1.0 -1.0 -1.0 -1.0 -1.0 -1.0 -1.0 1.664 1.367 4.404 821.415 0.549 2337.128 -1.153936524965717 0.0
20.0 0.0 Car -1.0 -1.0 -1.0 -1.0 -1.0 -1.0 -1.0 1.796 1.547 4.338 809.817 0.606 2326.353 2.6581620179360512 1.0
20.0 2.0 Car -1.0 -1.0 -1.0 -1.0 -1.0 -1.0 -1.0 1.779 1.608 4.578 782.005 1.927 2317.769 -2.1349981642379223 1.0
20.0 3.0 Car -1.0 -1.0 -1.0 -1.0 -1.0 -1.0 -1.0 1.997 1.635 4.659 827.386 -0.209 2316.776 2.6592011017596713 0.0
21.0 1.0 Car -1.0 -1.0 -1.0 -1.0 -1.0 -1.0 -1.0 1.664 1.367 4.404 822.767 0.549 2334.443 -1.0664834381466661 0.0
21.0 0.0 Car -1.0 -1.0 -1.0 -1.0 -1.0 -1.0 -1.0 1.796 1.547 4.338 809.577 0.591 2326.481 2.6625346679032167 1.0
21.0 2.0 Car -1.0 -1.0 -1.0 -1.0 -1.0 -1.0 -1.0 1.779 1.608 4.578 780.13 2.155 2314.57 -2.059795750498989 1.0
21.0 3.0 Car -1.0 -1.0 -1.0 -1.0 -1.0 -1.0 -1.0 1.997 1.635 4.659 824.437 -0.084 2318.269 2.667937051805832 1.0
22.0 1.0 Car -1.0 -1.0 -1.0 -1.0 -1.0 -1.0 -1.0 1.664 1.367 4.404 824.477 0.362 2331.645 -0.9901317081059369 0.0
22.0 0.0 Car -1.0 -1.0 -1.0 -1.0 -1.0 -1.0 -1.0 1.796 1.547 4.338 809.337 0.576 2326.61 2.666898004126563 1.0
22.0 2.0 Car -1.0 -1.0 -1.0 -1.0 -1.0 -1.0 -1.0 1.779 1.608 4.578 778.503 2.383 2311.247 -1.9847535178908091 1.0
22.0 3.0 Car -1.0 -1.0 -1.0 -1.0 -1.0 -1.0 -1.0 1.997 1.635 4.659 821.494 0.041 2319.759 2.676654394279615 1.0
23.0 1.0 Car -1.0 -1.0 -1.0 -1.0 -1.0 -1.0 -1.0 1.664 1.367 4.404 826.395 0.174 2328.986 -0.9137796725800831 0.0
23.0 0.0 Car -1.0 -1.0 -1.0 -1.0 -1.0 -1.0 -1.0 1.796 1.547 4.338 808.119 0.56 2327.268 2.661444304349029 1.0
23.0 2.0 Car -1.0 -1.0 -1.0 -1.0 -1.0 -1.0 -1.0 1.779 1.608 4.578 776.594 2.612 2307.371 -2.050197915221214 1.0
23.0 3.0 Car -1.0 -1.0 -1.0 -1.0 -1.0 -1.0 -1.0 1.997 1.635 4.659 819.267 0.08 2320.675 2.69679179230548 1.0
24.0 0.0 Car -1.0 -1.0 -1.0 -1.0 -1.0 -1.0 -1.0 1.796 1.547 4.338 806.656 0.542 2328.058 2.6548984441146004 0.0
24.0 2.0 Car -1.0 -1.0 -1.0 -1.0 -1.0 -1.0 -1.0 1.779 1.608 4.578 773.974 2.887 2302.896 -2.1287482380343623 1.0
24.0 3.0 Car -1.0 -1.0 -1.0 -1.0 -1.0 -1.0 -1.0 1.997 1.635 4.659 816.593 0.126 2321.775 2.72096191503673 1.0
25.0 0.0 Car -1.0 -1.0 -1.0 -1.0 -1.0 -1.0 -1.0 1.796 1.547 4.338 804.681 0.527 2329.144 2.6494447116066198 0.0
25.0 2.0 Car -1.0 -1.0 -1.0 -1.0 -1.0 -1.0 -1.0 1.779 1.608 4.578 771.528 2.971 2299.333 -2.1941930281301283 1.0
25.0 3.0 Car -1.0 -1.0 -1.0 -1.0 -1.0 -1.0 -1.0 1.997 1.635 4.659 814.366 0.164 2322.691 2.741099433917439 1.0
26.0 0.0 Car -1.0 -1.0 -1.0 -1.0 -1.0 -1.0 -1.0 1.796 1.547 4.338 802.102 0.561 2330.534 2.6494447116066198 0.0
26.0 2.0 Car -1.0 -1.0 -1.0 -1.0 -1.0 -1.0 -1.0 1.779 1.608 4.578 768.917 3.116 2295.504 -2.2176612359481225 1.0
26.0 3.0 Car -1.0 -1.0 -1.0 -1.0 -1.0 -1.0 -1.0 1.997 1.635 4.659 812.138 0.202 2323.607 2.761236147099191 1.0
27.0 0.0 Car -1.0 -1.0 -1.0 -1.0 -1.0 -1.0 -1.0 1.796 1.547 4.338 799.523 0.596 2331.924 2.6494447116066198 0.0
27.0 2.0 Car -1.0 -1.0 -1.0 -1.0 -1.0 -1.0 -1.0 1.779 1.608 4.578 766.095 2.99 2291.422 -2.2200427277506747 1.0
27.0 3.0 Car -1.0 -1.0 -1.0 -1.0 -1.0 -1.0 -1.0 1.997 1.635 4.659 809.911 0.241 2324.523 2.7813741493992743 1.0
28.0 0.0 Car -1.0 -1.0 -1.0 -1.0 -1.0 -1.0 -1.0 1.796 1.547 4.338 796.944 0.631 2333.314 2.6494447116066198 0.0
28.0 2.0 Car -1.0 -1.0 -1.0 -1.0 -1.0 -1.0 -1.0 1.779 1.608 4.578 763.274 2.863 2287.34 -2.2224241242724023 0.0
28.0 3.0 Car -1.0 -1.0 -1.0 -1.0 -1.0 -1.0 -1.0 1.997 1.635 4.659 807.499 0.226 2325.414 2.846582246218947 0.0
29.0 0.0 Car -1.0 -1.0 -1.0 -1.0 -1.0 -1.0 -1.0 1.796 1.547 4.338 794.56 0.56 2334.989 2.5330933031880707 0.0
29.0 2.0 Car -1.0 -1.0 -1.0 -1.0 -1.0 -1.0 -1.0 1.779 1.608 4.578 760.45 2.736 2283.253 -2.224808193421256 0.0
29.0 3.0 Car -1.0 -1.0 -1.0 -1.0 -1.0 -1.0 -1.0 1.997 1.635 4.659 805.032 0.212 2326.147 2.9118635256971084 0.0
30.0 0.0 Car -1.0 -1.0 -1.0 -1.0 -1.0 -1.0 -1.0 1.796 1.547 4.338 792.802 0.503 2336.522 2.4400052013673 0.0
30.0 2.0 Car -1.0 -1.0 -1.0 -1.0 -1.0 -1.0 -1.0 1.779 1.608 4.578 757.893 2.635 2279.816 -2.2267155916615753 0.0
30.0 3.0 Car -1.0 -1.0 -1.0 -1.0 -1.0 -1.0 -1.0 1.997 1.635 4.659 803.026 0.201 2326.617 2.964092462790787 0.0
31.0 0.0 Car -1.0 -1.0 -1.0 -1.0 -1.0 -1.0 -1.0 1.796 1.547 4.338 790.623 0.262 2338.909 2.2828395141770192 0.0
31.0 2.0 Car -1.0 -1.0 -1.0 -1.0 -1.0 -1.0 -1.0 1.779 1.608 4.578 754.697 2.509 2275.521 -2.229099613170016 0.0
31.0 3.0 Car -1.0 -1.0 -1.0 -1.0 -1.0 -1.0 -1.0 1.997 1.635 4.659 800.49 0.186 2327.055 3.0293724377652316 0.0
32.0 0.0 Car -1.0 -1.0 -1.0 -1.0 -1.0 -1.0 -1.0 1.796 1.547 4.338 788.846 0.022 2341.603 2.1258459360083206 0.0
32.0 2.0 Car -1.0 -1.0 -1.0 -1.0 -1.0 -1.0 -1.0 1.779 1.608 4.578 751.05 2.476 2271.193 -2.24251981066689 0.0
32.0 3.0 Car -1.0 -1.0 -1.0 -1.0 -1.0 -1.0 -1.0 1.997 1.635 4.659 797.703 0.172 2327.109 -3.109637982885585 0.0
33.0 0.0 Car -1.0 -1.0 -1.0 -1.0 -1.0 -1.0 -1.0 1.796 1.547 4.338 787.489 -0.268 2344.926 1.9424806536923567 0.0
33.0 2.0 Car -1.0 -1.0 -1.0 -1.0 -1.0 -1.0 -1.0 1.779 1.608 4.578 747.4 2.443 2266.861 -2.25595498893925 0.0
33.0 3.0 Car -1.0 -1.0 -1.0 -1.0 -1.0 -1.0 -1.0 1.997 1.635 4.659 794.935 0.158 2326.761 -2.965302155982713 0.0
34.0 0.0 Car -1.0 -1.0 -1.0 -1.0 -1.0 -1.0 -1.0 1.796 1.547 4.338 786.761 -0.558 2348.436 1.7593267930895116 0.0
34.0 2.0 Car -1.0 -1.0 -1.0 -1.0 -1.0 -1.0 -1.0 1.779 1.608 4.578 743.753 2.41 2262.534 -2.2693746763380345 0.0
34.0 3.0 Car -1.0 -1.0 -1.0 -1.0 -1.0 -1.0 -1.0 1.997 1.635 4.659 792.248 0.144 2326.02 -2.8211327495025236 0.0
35.0 0.0 Car -1.0 -1.0 -1.0 -1.0 -1.0 -1.0 -1.0 1.796 1.547 4.338 786.684 -0.775 2352.249 1.5774945442565713 0.0
35.0 2.0 Car -1.0 -1.0 -1.0 -1.0 -1.0 -1.0 -1.0 1.779 1.608 4.578 740.47 2.38 2258.637 -2.2814594907298456 0.0
35.0 3.0 Car -1.0 -1.0 -1.0 -1.0 -1.0 -1.0 -1.0 1.997 1.635 4.659 789.642 0.108 2324.747 -2.6720450433661616 0.0
36.0 2.0 Car -1.0 -1.0 -1.0 -1.0 -1.0 -1.0 -1.0 1.779 1.608 4.578 736.582 2.445 2254.329 -2.312013034558795 0.0
36.0 3.0 Car -1.0 -1.0 -1.0 -1.0 -1.0 -1.0 -1.0 1.997 1.635 4.659 787.003 0.068 2322.896 -2.506306474259396 0.0
37.0 2.0 Car -1.0 -1.0 -1.0 -1.0 -1.0 -1.0 -1.0 1.779 1.608 4.578 732.771 2.522 2249.969 -2.3218198690546865 0.0
37.0 3.0 Car -1.0 -1.0 -1.0 -1.0 -1.0 -1.0 -1.0 1.997 1.635 4.659 784.71 0.028 2320.641 -2.3409246170938154 0.0
38.0 2.0 Car -1.0 -1.0 -1.0 -1.0 -1.0 -1.0 -1.0 1.779 1.608 4.578 728.603 2.599 2245.936 -2.314184193426452 0.0
38.0 3.0 Car -1.0 -1.0 -1.0 -1.0 -1.0 -1.0 -1.0 1.997 1.635 4.659 782.818 -0.012 2318.035 -2.1753609262646223 0.0
39.0 2.0 Car -1.0 -1.0 -1.0 -1.0 -1.0 -1.0 -1.0 1.779 1.608 4.578 724.592 2.677 2241.745 -2.341466140554769 0.0
39.0 3.0 Car -1.0 -1.0 -1.0 -1.0 -1.0 -1.0 -1.0 1.997 1.635 4.659 780.718 -0.052 2314.897 -2.1229420244257375 0.0
