0.0 2.0 Car -1.0 -1.0 -1.0 -1.0 -1.0 -1.0 -1.0 1.974 1.648 4.761 1213.175 1.029 951.95 0.8322078939342799 0.0
1.0 2.0 Car -1.0 -1.0 -1.0 -1.0 -1.0 -1.0 -1.0 1.974 1.648 4.761 1213.218 1.002 951.9 0.8322078939342799 0.0
2.0 2.0 Car -1.0 -1.0 -1.0 -1.0 -1.0 -1.0 -1.0 1.974 1.648 4.761 1213.207 0.977 951.888 0.8322078939342799 0.0
3.0 2.0 Car -1.0 -1.0 -1.0 -1.0 -1.0 -1.0 -1.0 1.974 1.648 4.761 1213.196 0.952 951.875 0.8322078939342799 1.0
3.0 0.0 Car -1.0 -1.0 -1.0 -1.0 -1.0 -1.0 -1.0 2.028 1.692 4.955 1234.846 1.18 994.19 -2.2813896784444645 0.0
4.0 2.0 Car -1.0 -1.0 -1.0 -1.0 -1.0 -1.0 -1.0 1.974 1.648 4.761 1213.22 0.952 951.928 0.8322078939342799 1.0
4.0 0.0 Car -1.0 -1.0 -1.0 -1.0 -1.0 -1.0 -1.0 2.028 1.692 4.955 1234.732 1.18 994.044 -2.2813896784444645 0.0
5.0 2.0 Car -1.0 -1.0 -1.0 -1.0 -1.0 -1.0 -1.0 1.974 1.648 4.761 1213.238 0.952 951.97 0.8322078939342799 1.0
5.0 0.0 Car -1.0 -1.0 -1.0 -1.0 -1.0 -1.0 -1.0 2.028 1.692 4.955 1234.628 1.157 993.93 -2.2813896784444645 1.0
6.0 2.0 Car -1.0 -1.0 -1.0 -1.0 -1.0 -1.0 -1.0 1.974 1.648 4.761 1213.216 0.952 951.946 0.8322078939342799 1.0
6.0 0.0 Car -1.0 -1.0 -1.0 -1.0 -1.0 -1.0 -1.0 2.028 1.692 4.955 1234.498 1.128 993.789 -2.2813896784444645 1.0
7.0 2.0 Car -1.0 -1.0 -1.0 -1.0 -1.0 -1.0 -1.0 1.974 1.648 4.761 1213.144 0.902 952.012 0.8322078939342799 1.0
7.0 0.0 Car -1.0 -1.0 -1.0 -1.0 -1.0 -1.0 -1.0 2.028 1.692 4.955 1234.368 1.098 993.647 -2.2813896784444645 1.0
8.0 2.0 Car -1.0 -1.0 -1.0 -1.0 -1.0 -1.0 -1.0 1.974 1.648 4.761 1213.313 0.852 951.858 0.8322078939342799 1.0
8.0 0.0 Car -1.0 -1.0 -1.0 -1.0 -1.0 -1.0 -1.0 2.028 1.692 4.955 1234.239 1.069 993.506 -2.2813896784444645 1.0
9.0 2.0 Car -1.0 -1.0 -1.0 -1.0 -1.0 -1.0 -1.0 1.974 1.648 4.761 1213.313 0.852 951.858 0.8322078939342799 1.0
9.0 0.0 Car -1.0 -1.0 -1.0 -1.0 -1.0 -1.0 -1.0 2.028 1.692 4.955 1234.108 1.04 993.365 -2.2813896784444645 1.0
10.0 2.0 Car -1.0 -1.0 -1.0 -1.0 -1.0 -1.0 -1.0 1.974 1.648 4.761 1213.3 0.852 951.892 0.8322078939342799 1.0
10.0 0.0 Car -1.0 -1.0 -1.0 -1.0 -1.0 -1.0 -1.0 2.028 1.692 4.955 1233.978 1.011 993.223 -2.2813896784444645 1.0
11.0 2.0 Car -1.0 -1.0 -1.0 -1.0 -1.0 -1.0 -1.0 1.974 1.648 4.761 1213.287 0.852 951.926 0.8322078939342799 1.0
11.0 4.0 Car -1.0 -1.0 -1.0 -1.0 -1.0 -1.0 -1.0 1.949 1.673 4.615 1228.349 1.007 987.308 -2.187648044319265 0.0
11.0 0.0 Car -1.0 -1.0 -1.0 -1.0 -1.0 -1.0 -1.0 2.028 1.692 4.955 1233.835 1.01 993.095 -2.272672780444962 1.0
11.0 3.0 Truck -1.0 -1.0 -1.0 -1.0 -1.0 -1.0 -1.0 3.272 4.151 9.654 1193.99 1.297 992.593 -0.7847872981584043 0.0
12.0 2.0 Car -1.0 -1.0 -1.0 -1.0 -1.0 -1.0 -1.0 1.974 1.648 4.761 1213.334 0.852 951.913 0.8322078939342799 1.0
12.0 4.0 Car -1.0 -1.0 -1.0 -1.0 -1.0 -1.0 -1.0 1.949 1.673 4.615 1228.224 0.982 987.13 -2.187648044319265 1.0
12.0 0.0 Car -1.0 -1.0 -1.0 -1.0 -1.0 -1.0 -1.0 2.028 1.692 4.955 1233.692 1.01 992.967 -2.2639363859245214 1.0
12.0 3.0 Truck -1.0 -1.0 -1.0 -1.0 -1.0 -1.0 -1.0 3.272 4.151 9.654 1195.496 1.364 990.896 -0.7848241768470028 0.0
13.0 2.0 Car -1.0 -1.0 -1.0 -1.0 -1.0 -1.0 -1.0 1.974 1.648 4.761 1213.496 0.802 952.172 0.8322078939342799 1.0
13.0 4.0 Car -1.0 -1.0 -1.0 -1.0 -1.0 -1.0 -1.0 1.949 1.673 4.615 1228.1 0.957 986.953 -2.187648044319265 1.0
13.0 0.0 Car -1.0 -1.0 -1.0 -1.0 -1.0 -1.0 -1.0 2.028 1.692 4.955 1233.575 1.01 992.817 -2.2639363859245214 1.0
13.0 3.0 Truck -1.0 -1.0 -1.0 -1.0 -1.0 -1.0 -1.0 3.272 4.151 9.654 1196.932 1.331 989.141 -0.8196938831982905 0.0
14.0 2.0 Car -1.0 -1.0 -1.0 -1.0 -1.0 -1.0 -1.0 1.974 1.648 4.761 1214.191 0.802 952.919 0.8496611864542221 1.0
14.0 4.0 Car -1.0 -1.0 -1.0 -1.0 -1.0 -1.0 -1.0 1.949 1.673 4.615 1227.846 0.957 986.595 -2.187648044319265 1.0
14.0 0.0 Car -1.0 -1.0 -1.0 -1.0 -1.0 -1.0 -1.0 2.028 1.692 4.955 1233.444 0.985 992.677 -2.2639363859245214 1.0
14.0 3.0 Truck -1.0 -1.0 -1.0 -1.0 -1.0 -1.0 -1.0 3.272 4.151 9.654 1198.439 1.414 987.427 -0.8255136554863141 1.0
15.0 1.0 Car -1.0 -1.0 -1.0 -1.0 -1.0 -1.0 -1.0 1.986 1.774 4.895 1237.729 1.216 998.439 -2.2400079218790947 0.0
15.0 2.0 Car -1.0 -1.0 -1.0 -1.0 -1.0 -1.0 -1.0 1.974 1.648 4.761 1215.343 0.852 954.314 0.8496611864542221 1.0
15.0 4.0 Car -1.0 -1.0 -1.0 -1.0 -1.0 -1.0 -1.0 1.949 1.673 4.615 1227.115 0.907 985.563 -2.187648044319265 1.0
15.0 0.0 Car -1.0 -1.0 -1.0 -1.0 -1.0 -1.0 -1.0 2.028 1.692 4.955 1233.313 0.96 992.537 -2.2639363859245214 1.0
15.0 3.0 Truck -1.0 -1.0 -1.0 -1.0 -1.0 -1.0 -1.0 3.272 4.151 9.654 1199.968 1.448 985.74 -0.8051390361710267 1.0
16.0 1.0 Car -1.0 -1.0 -1.0 -1.0 -1.0 -1.0 -1.0 1.986 1.774 4.895 1237.455 1.227 998.009 -2.2400079218790947 1.0
16.0 2.0 Car -1.0 -1.0 -1.0 -1.0 -1.0 -1.0 -1.0 1.974 1.648 4.761 1216.893 0.777 956.117 0.858387597039833 1.0
16.0 4.0 Car -1.0 -1.0 -1.0 -1.0 -1.0 -1.0 -1.0 1.949 1.673 4.615 1226.293 0.908 984.403 -2.187648044319265 1.0
16.0 0.0 Car -1.0 -1.0 -1.0 -1.0 -1.0 -1.0 -1.0 2.028 1.692 4.955 1232.748 0.935 991.874 -2.2726632678588543 1.0
16.0 3.0 Truck -1.0 -1.0 -1.0 -1.0 -1.0 -1.0 -1.0 3.272 4.151 9.654 1201.495 1.481 984.054 -0.7847872981584043 1.0
17.0 1.0 Car -1.0 -1.0 -1.0 -1.0 -1.0 -1.0 -1.0 1.986 1.774 4.895 1237.108 1.238 997.595 -2.2400079218790947 0.0
17.0 2.0 Car -1.0 -1.0 -1.0 -1.0 -1.0 -1.0 -1.0 1.974 1.648 4.761 1218.875 0.802 958.501 0.8671144789741654 0.0
17.0 4.0 Car -1.0 -1.0 -1.0 -1.0 -1.0 -1.0 -1.0 1.949 1.673 4.615 1224.817 0.958 982.266 -2.187648044319265 0.0
17.0 0.0 Car -1.0 -1.0 -1.0 -1.0 -1.0 -1.0 -1.0 2.028 1.692 4.955 1232.13 0.91 991.255 -2.2464830934045783 0.0
17.0 3.0 Truck -1.0 -1.0 -1.0 -1.0 -1.0 -1.0 -1.0 3.272 4.151 9.654 1202.726 1.481 982.717 -0.7556973910448667 0.0
18.0 1.0 Car -1.0 -1.0 -1.0 -1.0 -1.0 -1.0 -1.0 1.986 1.774 4.895 1236.762 1.249 997.181 -2.2400079218790947 0.0
18.0 2.0 Car -1.0 -1.0 -1.0 -1.0 -1.0 -1.0 -1.0 1.974 1.648 4.761 1221.362 0.819 961.547 0.8851664946399109 0.0
18.0 4.0 Car -1.0 -1.0 -1.0 -1.0 -1.0 -1.0 -1.0 1.949 1.673 4.615 1223.341 0.908 980.13 -2.187648044319265 0.0
18.0 0.0 Car -1.0 -1.0 -1.0 -1.0 -1.0 -1.0 -1.0 2.028 1.692 4.955 1230.867 0.863 989.777 -2.2525004319598256 0.0
18.0 3.0 Truck -1.0 -1.0 -1.0 -1.0 -1.0 -1.0 -1.0 3.272 4.151 9.654 1203.792 1.531 981.878 -0.7266095788361917 0.0
19.0 1.0 Car -1.0 -1.0 -1.0 -1.0 -1.0 -1.0 -1.0 1.986 1.774 4.895 1236.394 1.11 996.74 -2.2400079218790947 0.0
19.0 2.0 Car -1.0 -1.0 -1.0 -1.0 -1.0 -1.0 -1.0 1.974 1.648 4.761 1224.166 0.836 964.959 0.8857657956108497 0.0
19.0 4.0 Car -1.0 -1.0 -1.0 -1.0 -1.0 -1.0 -1.0 1.949 1.673 4.615 1221.866 0.858 977.993 -2.187648044319265 0.0
19.0 0.0 Car -1.0 -1.0 -1.0 -1.0 -1.0 -1.0 -1.0 2.028 1.692 4.955 1229.604 0.817 988.3 -2.2585179631234538 0.0
19.0 3.0 Truck -1.0 -1.0 -1.0 -1.0 -1.0 -1.0 -1.0 3.272 4.151 9.654 1204.552 1.531 981.094 -0.7149741280786319 0.0
20.0 1.0 Car -1.0 -1.0 -1.0 -1.0 -1.0 -1.0 -1.0 1.986 1.774 4.895 1235.689 1.06 995.861 -2.205101336839208 0.0
20.0 2.0 Car -1.0 -1.0 -1.0 -1.0 -1.0 -1.0 -1.0 1.974 1.648 4.761 1226.818 0.902 968.335 0.9020210640140521 0.0
20.0 4.0 Car -1.0 -1.0 -1.0 -1.0 -1.0 -1.0 -1.0 1.949 1.673 4.615 1220.272 0.913 975.695 -2.187648044319265 0.0
20.0 0.0 Car -1.0 -1.0 -1.0 -1.0 -1.0 -1.0 -1.0 2.028 1.692 4.955 1228.467 0.775 986.969 -2.2639363859245214 0.0
20.0 3.0 Truck -1.0 -1.0 -1.0 -1.0 -1.0 -1.0 -1.0 3.272 4.151 9.654 1205.219 1.415 980.639 -0.7117678672710719 0.0
21.0 1.0 Car -1.0 -1.0 -1.0 -1.0 -1.0 -1.0 -1.0 1.986 1.774 4.895 1234.687 1.096 994.576 -2.2312816422291846 0.0
21.0 2.0 Car -1.0 -1.0 -1.0 -1.0 -1.0 -1.0 -1.0 1.974 1.648 4.761 1230.238 0.806 972.678 0.9020208196073438 0.0
21.0 4.0 Car -1.0 -1.0 -1.0 -1.0 -1.0 -1.0 -1.0 1.949 1.673 4.615 1218.069 0.913 972.716 -2.187648044319265 0.0
21.0 0.0 Car -1.0 -1.0 -1.0 -1.0 -1.0 -1.0 -1.0 2.028 1.692 4.955 1226.605 0.725 984.659 -2.2639363859245214 0.0
21.0 3.0 Truck -1.0 -1.0 -1.0 -1.0 -1.0 -1.0 -1.0 3.272 4.151 9.654 1205.391 1.477 980.615 -0.7082070513992154 0.0
22.0 1.0 Car -1.0 -1.0 -1.0 -1.0 -1.0 -1.0 -1.0 1.986 1.774 4.895 1233.652 1.133 993.318 -2.2574612143990374 0.0
22.0 2.0 Car -1.0 -1.0 -1.0 -1.0 -1.0 -1.0 -1.0 1.974 1.648 4.761 1233.611 0.952 977.067 0.9020210640140521 0.0
22.0 4.0 Car -1.0 -1.0 -1.0 -1.0 -1.0 -1.0 -1.0 1.949 1.673 4.615 1215.866 0.913 969.737 -2.187648044319265 0.0
22.0 0.0 Car -1.0 -1.0 -1.0 -1.0 -1.0 -1.0 -1.0 2.028 1.692 4.955 1224.307 0.7 981.824 -2.255214564096022 0.0
22.0 3.0 Truck -1.0 -1.0 -1.0 -1.0 -1.0 -1.0 -1.0 3.272 4.151 9.654 1205.562 1.54 980.591 -0.704646335253539 0.0
23.0 1.0 Car -1.0 -1.0 -1.0 -1.0 -1.0 -1.0 -1.0 1.986 1.774 4.895 1232.205 1.044 991.53 -2.2400079218790947 0.0
23.0 2.0 Car -1.0 -1.0 -1.0 -1.0 -1.0 -1.0 -1.0 1.974 1.648 4.761 1237.303 1.002 981.831 0.9020210640140521 0.0
23.0 4.0 Car -1.0 -1.0 -1.0 -1.0 -1.0 -1.0 -1.0 1.949 1.673 4.615 1213.219 0.914 966.269 -2.187648044319265 0.0
23.0 0.0 Car -1.0 -1.0 -1.0 -1.0 -1.0 -1.0 -1.0 2.028 1.692 4.955 1222.006 0.675 978.987 -2.2464830934045783 0.0
23.0 3.0 Truck -1.0 -1.0 -1.0 -1.0 -1.0 -1.0 -1.0 3.272 4.151 9.654 1205.824 1.56 980.314 -0.7010816799237399 0.0
24.0 1.0 Car -1.0 -1.0 -1.0 -1.0 -1.0 -1.0 -1.0 1.986 1.774 4.895 1230.362 0.955 989.128 -2.2400079218790947 0.0
24.0 2.0 Car -1.0 -1.0 -1.0 -1.0 -1.0 -1.0 -1.0 1.974 1.648 4.761 1240.992 1.052 986.59 0.9020210640140521 0.0
24.0 4.0 Car -1.0 -1.0 -1.0 -1.0 -1.0 -1.0 -1.0 1.949 1.673 4.615 1210.296 0.964 962.302 -2.2400079218790947 0.0
24.0 0.0 Car -1.0 -1.0 -1.0 -1.0 -1.0 -1.0 -1.0 2.028 1.692 4.955 1219.67 0.725 975.966 -2.2290298008846348 0.0
24.0 3.0 Truck -1.0 -1.0 -1.0 -1.0 -1.0 -1.0 -1.0 3.272 4.151 9.654 1206.085 1.581 980.037 -0.6975208355586888 0.0
25.0 1.0 Car -1.0 -1.0 -1.0 -1.0 -1.0 -1.0 -1.0 1.986 1.774 4.895 1228.519 0.866 986.726 -2.2400079218790947 0.0
25.0 2.0 Car -1.0 -1.0 -1.0 -1.0 -1.0 -1.0 -1.0 1.974 1.648 4.761 1245.145 1.152 991.478 0.8787402404832548 0.0
25.0 4.0 Car -1.0 -1.0 -1.0 -1.0 -1.0 -1.0 -1.0 1.949 1.673 4.615 1207.238 0.914 958.435 -2.2400079218790947 0.0
25.0 0.0 Car -1.0 -1.0 -1.0 -1.0 -1.0 -1.0 -1.0 2.028 1.692 4.955 1217.084 0.725 972.621 -2.2290298008846348 0.0
25.0 3.0 Truck -1.0 -1.0 -1.0 -1.0 -1.0 -1.0 -1.0 3.272 4.151 9.654 1205.97 1.55 980.108 -0.6975208355586888 0.0
26.0 1.0 Car -1.0 -1.0 -1.0 -1.0 -1.0 -1.0 -1.0 1.986 1.774 4.895 1226.351 0.827 983.973 -2.2400079218790947 0.0
26.0 2.0 Car -1.0 -1.0 -1.0 -1.0 -1.0 -1.0 -1.0 1.974 1.648 4.761 1249.278 1.202 996.392 0.8729061110444927 0.0
26.0 4.0 Car -1.0 -1.0 -1.0 -1.0 -1.0 -1.0 -1.0 1.949 1.673 4.615 1203.617 0.887 953.857 -2.2400079218790947 0.0
26.0 0.0 Car -1.0 -1.0 -1.0 -1.0 -1.0 -1.0 -1.0 2.028 1.692 4.955 1214.073 0.675 968.651 -2.2290298008846348 0.0
26.0 3.0 Truck -1.0 -1.0 -1.0 -1.0 -1.0 -1.0 -1.0 3.272 4.151 9.654 1205.855 1.518 980.179 -0.6975208355586888 0.0
27.0 1.0 Car -1.0 -1.0 -1.0 -1.0 -1.0 -1.0 -1.0 1.986 1.774 4.895 1224.046 0.838 981.091 -2.2400079218790947 0.0
27.0 2.0 Car -1.0 -1.0 -1.0 -1.0 -1.0 -1.0 -1.0 1.974 1.648 4.761 1253.451 1.202 1001.257 0.8671144789741654 0.0
27.0 4.0 Car -1.0 -1.0 -1.0 -1.0 -1.0 -1.0 -1.0 1.949 1.673 4.615 1200.004 0.861 949.29 -2.2400079218790947 0.0
27.0 0.0 Car -1.0 -1.0 -1.0 -1.0 -1.0 -1.0 -1.0 2.028 1.692 4.955 1211.206 0.652 964.999 -2.2290298008846348 0.0
27.0 3.0 Truck -1.0 -1.0 -1.0 -1.0 -1.0 -1.0 -1.0 3.272 4.151 9.654 1205.741 1.487 980.25 -0.6975208355586888 0.0
28.0 1.0 Car -1.0 -1.0 -1.0 -1.0 -1.0 -1.0 -1.0 1.986 1.774 4.895 1221.917 0.832 978.278 -2.2322568400117535 0.0
28.0 2.0 Car -1.0 -1.0 -1.0 -1.0 -1.0 -1.0 -1.0 1.974 1.648 4.761 1256.592 1.302 1004.87 0.8496611864542221 0.0
28.0 4.0 Car -1.0 -1.0 -1.0 -1.0 -1.0 -1.0 -1.0 1.949 1.673 4.615 1197.112 0.84 945.633 -2.2400079218790947 0.0
28.0 0.0 Car -1.0 -1.0 -1.0 -1.0 -1.0 -1.0 -1.0 2.028 1.692 4.955 1208.91 0.634 962.075 -2.2290298008846348 0.0
28.0 3.0 Truck -1.0 -1.0 -1.0 -1.0 -1.0 -1.0 -1.0 3.272 4.151 9.654 1205.649 1.462 980.307 -0.6975208355586888 0.0
