0.0 1.0 Car -1.0 -1.0 -1.0 -1.0 -1.0 -1.0 -1.0 2.112 2.725 5.884 333.286 1.664 993.544 -1.6203628692487566 0.0
1.0 1.0 Car -1.0 -1.0 -1.0 -1.0 -1.0 -1.0 -1.0 2.112 2.725 5.884 333.869 1.625 990.615 -1.3447917820979303 1.0
2.0 1.0 Car -1.0 -1.0 -1.0 -1.0 -1.0 -1.0 -1.0 2.112 2.725 5.884 334.858 1.586 988.46 -1.184435657516356 1.0
3.0 1.0 Car -1.0 -1.0 -1.0 -1.0 -1.0 -1.0 -1.0 2.112 2.725 5.884 336.688 1.547 985.585 -1.023161267113105 1.0
4.0 1.0 Car -1.0 -1.0 -1.0 -1.0 -1.0 -1.0 -1.0 2.112 2.725 5.884 338.916 1.508 983.567 -0.8806122754703694 1.0
5.0 1.0 Car -1.0 -1.0 -1.0 -1.0 -1.0 -1.0 -1.0 2.112 2.725 5.884 341.392 1.495 981.907 -0.7380632838276336 1.0
5.0 4.0 Car -1.0 -1.0 -1.0 -1.0 -1.0 -1.0 -1.0 1.744 2.033 4.943 332.662 1.302 997.626 -1.782248863441007 0.0
6.0 1.0 Car -1.0 -1.0 -1.0 -1.0 -1.0 -1.0 -1.0 2.112 2.725 5.884 343.893 1.469 980.091 -0.42433330686924386 1.0
6.0 4.0 Car -1.0 -1.0 -1.0 -1.0 -1.0 -1.0 -1.0 1.744 2.033 4.943 332.498 1.293 995.304 -1.6907340872298333 1.0
7.0 2.0 Car -1.0 -1.0 -1.0 -1.0 -1.0 -1.0 -1.0 1.794 1.98 4.701 334.586 1.857 1001.82 -1.9630308736538908 0.0
7.0 1.0 Car -1.0 -1.0 -1.0 -1.0 -1.0 -1.0 -1.0 2.112 2.725 5.884 347.574 1.469 978.315 -0.45296530054216255 1.0
7.0 4.0 Car -1.0 -1.0 -1.0 -1.0 -1.0 -1.0 -1.0 1.744 2.033 4.943 332.615 1.315 992.753 -1.5236903978189567 1.0
8.0 2.0 Car -1.0 -1.0 -1.0 -1.0 -1.0 -1.0 -1.0 1.794 1.98 4.701 333.738 1.797 999.293 -1.8091173701784096 1.0
8.0 1.0 Car -1.0 -1.0 -1.0 -1.0 -1.0 -1.0 -1.0 2.112 2.725 5.884 351.08 1.469 976.7 -0.45296530054216255 1.0
8.0 4.0 Car -1.0 -1.0 -1.0 -1.0 -1.0 -1.0 -1.0 1.744 2.033 4.943 333.267 1.265 989.92 -1.3183868216613905 1.0
9.0 2.0 Car -1.0 -1.0 -1.0 -1.0 -1.0 -1.0 -1.0 1.794 1.98 4.701 333.287 1.737 996.665 -1.6552038667029285 1.0
9.0 1.0 Car -1.0 -1.0 -1.0 -1.0 -1.0 -1.0 -1.0 2.112 2.725 5.884 354.854 1.466 974.734 -0.46169194680213405 1.0
9.0 4.0 Car -1.0 -1.0 -1.0 -1.0 -1.0 -1.0 -1.0 1.744 2.033 4.943 334.266 1.255 987.713 -1.1130832455038242 1.0
10.0 2.0 Car -1.0 -1.0 -1.0 -1.0 -1.0 -1.0 -1.0 1.794 1.98 4.701 333.245 1.677 993.999 -1.5012903632274481 1.0
10.0 1.0 Car -1.0 -1.0 -1.0 -1.0 -1.0 -1.0 -1.0 2.112 2.725 5.884 358.627 1.463 972.767 -0.47041859306210565 1.0
10.0 4.0 Car -1.0 -1.0 -1.0 -1.0 -1.0 -1.0 -1.0 1.744 2.033 4.943 335.963 1.226 985.469 -0.8985281250207535 1.0
11.0 2.0 Car -1.0 -1.0 -1.0 -1.0 -1.0 -1.0 -1.0 1.794 1.98 4.701 333.611 1.617 991.358 -1.3473768597519675 1.0
11.0 3.0 Bus -1.0 -1.0 -1.0 -1.0 -1.0 -1.0 -1.0 2.794 3.176 12.112 338.125 2.105 1013.221 -1.98071325772784 0.0
11.0 1.0 Car -1.0 -1.0 -1.0 -1.0 -1.0 -1.0 -1.0 2.112 2.725 5.884 362.62 1.401 970.838 -0.45792167945839285 1.0
11.0 4.0 Car -1.0 -1.0 -1.0 -1.0 -1.0 -1.0 -1.0 1.744 2.033 4.943 338.196 1.237 983.858 -0.7956048216678036 1.0
12.0 2.0 Car -1.0 -1.0 -1.0 -1.0 -1.0 -1.0 -1.0 1.794 1.98 4.701 334.687 1.5 988.716 -1.1774334377764992 1.0
12.0 3.0 Bus -1.0 -1.0 -1.0 -1.0 -1.0 -1.0 -1.0 2.794 3.176 12.112 336.883 2.051 1010.12 -1.98071325772784 1.0
12.0 1.0 Car -1.0 -1.0 -1.0 -1.0 -1.0 -1.0 -1.0 2.112 2.725 5.884 366.612 1.339 968.909 -0.44542476585468016 1.0
12.0 4.0 Car -1.0 -1.0 -1.0 -1.0 -1.0 -1.0 -1.0 1.744 2.033 4.943 340.473 1.209 982.166 -0.5729697236091421 1.0
13.0 2.0 Car -1.0 -1.0 -1.0 -1.0 -1.0 -1.0 -1.0 1.794 1.98 4.701 336.195 1.383 986.294 -1.007490015801031 1.0
13.0 3.0 Bus -1.0 -1.0 -1.0 -1.0 -1.0 -1.0 -1.0 2.794 3.176 12.112 335.914 2.042 1007.647 -1.98071325772784 1.0
13.0 1.0 Car -1.0 -1.0 -1.0 -1.0 -1.0 -1.0 -1.0 2.112 2.725 5.884 370.604 1.277 966.979 -0.43292785225096697 1.0
13.0 4.0 Car -1.0 -1.0 -1.0 -1.0 -1.0 -1.0 -1.0 1.744 2.033 4.943 343.22 1.118 980.716 -0.46698536561954196 1.0
14.0 2.0 Car -1.0 -1.0 -1.0 -1.0 -1.0 -1.0 -1.0 1.794 1.98 4.701 338.09 1.266 984.162 -0.8375465938255626 1.0
14.0 3.0 Bus -1.0 -1.0 -1.0 -1.0 -1.0 -1.0 -1.0 2.794 3.176 12.112 334.613 1.942 1004.522 -1.9458066726879535 1.0
14.0 1.0 Car -1.0 -1.0 -1.0 -1.0 -1.0 -1.0 -1.0 2.112 2.725 5.884 374.642 1.323 965.148 -0.44949156109154353 1.0
14.0 4.0 Car -1.0 -1.0 -1.0 -1.0 -1.0 -1.0 -1.0 1.744 2.033 4.943 346.147 1.068 979.306 -0.5053251781019927 1.0
15.0 0.0 Truck -1.0 -1.0 -1.0 -1.0 -1.0 -1.0 -1.0 1.731 2.57 4.843 342.003 1.701 1023.616 -2.0139822636418097 0.0
15.0 2.0 Car -1.0 -1.0 -1.0 -1.0 -1.0 -1.0 -1.0 1.794 1.98 4.701 340.319 1.149 982.381 -0.6676031718500939 1.0
15.0 3.0 Bus -1.0 -1.0 -1.0 -1.0 -1.0 -1.0 -1.0 2.794 3.176 12.112 333.579 1.98 1001.779 -1.9109000876480677 1.0
15.0 1.0 Car -1.0 -1.0 -1.0 -1.0 -1.0 -1.0 -1.0 2.112 2.725 5.884 378.68 1.369 963.317 -0.4660552699321201 1.0
15.0 4.0 Car -1.0 -1.0 -1.0 -1.0 -1.0 -1.0 -1.0 1.744 2.033 4.943 349.334 1.05 977.601 -0.5053251781019927 1.0
16.0 0.0 Truck -1.0 -1.0 -1.0 -1.0 -1.0 -1.0 -1.0 1.731 2.57 4.843 340.607 1.764 1020.504 -2.0139822636418097 1.0
16.0 2.0 Car -1.0 -1.0 -1.0 -1.0 -1.0 -1.0 -1.0 1.794 1.98 4.701 343.026 1.11 980.487 -0.614145470919293 1.0
16.0 3.0 Bus -1.0 -1.0 -1.0 -1.0 -1.0 -1.0 -1.0 2.794 3.176 12.112 332.911 1.834 999.241 -1.8323602713083231 1.0
16.0 1.0 Car -1.0 -1.0 -1.0 -1.0 -1.0 -1.0 -1.0 2.112 2.725 5.884 382.681 1.343 961.675 -0.465182605306123 1.0
16.0 4.0 Car -1.0 -1.0 -1.0 -1.0 -1.0 -1.0 -1.0 1.744 2.033 4.943 352.696 1.011 975.833 -0.48434430289755914 1.0
17.0 0.0 Truck -1.0 -1.0 -1.0 -1.0 -1.0 -1.0 -1.0 1.731 2.57 4.843 339.21 1.828 1017.392 -2.0139822636418097 1.0
17.0 2.0 Car -1.0 -1.0 -1.0 -1.0 -1.0 -1.0 -1.0 1.794 1.98 4.701 346.2 1.072 978.478 -0.5781410625084348 1.0
17.0 3.0 Bus -1.0 -1.0 -1.0 -1.0 -1.0 -1.0 -1.0 2.794 3.176 12.112 332.444 1.871 996.658 -1.7538204549685796 1.0
17.0 1.0 Car -1.0 -1.0 -1.0 -1.0 -1.0 -1.0 -1.0 2.112 2.725 5.884 386.681 1.317 960.032 -0.4643099406801259 1.0
17.0 4.0 Car -1.0 -1.0 -1.0 -1.0 -1.0 -1.0 -1.0 1.744 2.033 4.943 356.298 1.014 973.902 -0.4640662018136253 1.0
18.0 0.0 Truck -1.0 -1.0 -1.0 -1.0 -1.0 -1.0 -1.0 1.731 2.57 4.843 337.813 1.666 1014.28 -2.0139822636418097 0.0
18.0 2.0 Car -1.0 -1.0 -1.0 -1.0 -1.0 -1.0 -1.0 1.794 1.98 4.701 349.444 1.033 976.584 -0.5421366540975772 0.0
18.0 3.0 Bus -1.0 -1.0 -1.0 -1.0 -1.0 -1.0 -1.0 2.794 3.176 12.112 332.456 1.817 994.139 -1.6625194700012946 0.0
18.0 1.0 Car -1.0 -1.0 -1.0 -1.0 -1.0 -1.0 -1.0 2.112 2.725 5.884 390.682 1.291 958.389 -0.46343727605412877 0.0
18.0 4.0 Car -1.0 -1.0 -1.0 -1.0 -1.0 -1.0 -1.0 1.744 2.033 4.943 359.901 1.033 972.063 -0.4437881007296913 0.0
19.0 0.0 Truck -1.0 -1.0 -1.0 -1.0 -1.0 -1.0 -1.0 1.731 2.57 4.843 336.369 1.655 1011.193 -2.0139822636418097 0.0
19.0 2.0 Car -1.0 -1.0 -1.0 -1.0 -1.0 -1.0 -1.0 1.794 1.98 4.701 352.754 0.994 974.809 -0.506132245686719 0.0
19.0 3.0 Bus -1.0 -1.0 -1.0 -1.0 -1.0 -1.0 -1.0 2.794 3.176 12.112 332.754 1.717 991.819 -1.536311899994123 0.0
19.0 1.0 Car -1.0 -1.0 -1.0 -1.0 -1.0 -1.0 -1.0 2.112 2.725 5.884 394.303 1.311 956.641 -0.46256461142813166 0.0
19.0 4.0 Car -1.0 -1.0 -1.0 -1.0 -1.0 -1.0 -1.0 1.744 2.033 4.943 363.558 1.043 970.334 -0.4235099996457574 0.0
20.0 0.0 Truck -1.0 -1.0 -1.0 -1.0 -1.0 -1.0 -1.0 1.731 2.57 4.843 334.723 1.643 1007.674 -2.0021317486478214 0.0
20.0 2.0 Car -1.0 -1.0 -1.0 -1.0 -1.0 -1.0 -1.0 1.794 1.98 4.701 356.125 0.956 973.154 -0.4701278372758608 0.0
20.0 3.0 Bus -1.0 -1.0 -1.0 -1.0 -1.0 -1.0 -1.0 2.794 3.176 12.112 333.272 1.735 989.805 -1.3705056210546636 0.0
20.0 1.0 Car -1.0 -1.0 -1.0 -1.0 -1.0 -1.0 -1.0 2.112 2.725 5.884 397.976 1.296 954.995 -0.46169194680213455 0.0
20.0 4.0 Car -1.0 -1.0 -1.0 -1.0 -1.0 -1.0 -1.0 1.744 2.033 4.943 367.525 1.046 968.558 -0.4189439270001225 0.0
21.0 0.0 Truck -1.0 -1.0 -1.0 -1.0 -1.0 -1.0 -1.0 1.731 2.57 4.843 333.078 1.632 1004.156 -1.9902812336538338 0.0
21.0 2.0 Car -1.0 -1.0 -1.0 -1.0 -1.0 -1.0 -1.0 1.794 1.98 4.701 359.554 0.917 971.621 -0.4341234288650031 0.0
21.0 3.0 Bus -1.0 -1.0 -1.0 -1.0 -1.0 -1.0 -1.0 2.794 3.176 12.112 334.353 1.661 987.688 -1.2046993421152046 0.0
21.0 1.0 Car -1.0 -1.0 -1.0 -1.0 -1.0 -1.0 -1.0 2.112 2.725 5.884 401.648 1.282 953.348 -0.4608192821761375 0.0
21.0 4.0 Car -1.0 -1.0 -1.0 -1.0 -1.0 -1.0 -1.0 1.744 2.033 4.943 371.454 1.03 966.798 -0.41437785435448754 0.0
22.0 0.0 Truck -1.0 -1.0 -1.0 -1.0 -1.0 -1.0 -1.0 1.731 2.57 4.843 331.433 1.62 1000.638 -1.978430718659846 0.0
22.0 2.0 Car -1.0 -1.0 -1.0 -1.0 -1.0 -1.0 -1.0 1.794 1.98 4.701 363.036 0.878 970.212 -0.39811902045414516 0.0
22.0 3.0 Bus -1.0 -1.0 -1.0 -1.0 -1.0 -1.0 -1.0 2.794 3.176 12.112 335.788 1.656 985.7 -1.0441698824392733 0.0
22.0 1.0 Car -1.0 -1.0 -1.0 -1.0 -1.0 -1.0 -1.0 2.112 2.725 5.884 405.32 1.267 951.701 -0.4599466175501403 0.0
22.0 4.0 Car -1.0 -1.0 -1.0 -1.0 -1.0 -1.0 -1.0 1.744 2.033 4.943 375.271 1.039 965.177 -0.4255238101471516 0.0
23.0 0.0 Truck -1.0 -1.0 -1.0 -1.0 -1.0 -1.0 -1.0 1.731 2.57 4.843 329.787 1.609 997.119 -1.9665802036658582 0.0
23.0 2.0 Car -1.0 -1.0 -1.0 -1.0 -1.0 -1.0 -1.0 1.794 1.98 4.701 366.892 0.86 968.623 -0.40296199637355984 0.0
23.0 3.0 Bus -1.0 -1.0 -1.0 -1.0 -1.0 -1.0 -1.0 2.794 3.176 12.112 337.575 1.651 983.893 -0.8836404227633423 0.0
23.0 1.0 Car -1.0 -1.0 -1.0 -1.0 -1.0 -1.0 -1.0 2.112 2.725 5.884 408.839 1.287 950.083 -0.4590739529241432 0.0
23.0 4.0 Car -1.0 -1.0 -1.0 -1.0 -1.0 -1.0 -1.0 1.744 2.033 4.943 379.087 1.048 963.555 -0.43666976593981577 0.0
24.0 0.0 Truck -1.0 -1.0 -1.0 -1.0 -1.0 -1.0 -1.0 1.731 2.57 4.843 328.228 1.586 993.229 -1.9378914288879516 0.0
24.0 2.0 Car -1.0 -1.0 -1.0 -1.0 -1.0 -1.0 -1.0 1.794 1.98 4.701 370.747 0.841 967.034 -0.4078049722929742 0.0
24.0 3.0 Bus -1.0 -1.0 -1.0 -1.0 -1.0 -1.0 -1.0 2.794 3.176 12.112 339.589 1.605 982.261 -0.7440140826037975 0.0
24.0 1.0 Car -1.0 -1.0 -1.0 -1.0 -1.0 -1.0 -1.0 2.112 2.725 5.884 412.359 1.307 948.464 -0.4582012882981461 0.0
24.0 4.0 Car -1.0 -1.0 -1.0 -1.0 -1.0 -1.0 -1.0 1.744 2.033 4.943 383.082 1.09 961.794 -0.43666976593981577 0.0
25.0 0.0 Truck -1.0 -1.0 -1.0 -1.0 -1.0 -1.0 -1.0 1.731 2.57 4.843 326.564 1.586 989.085 -1.9378914288879516 0.0
25.0 2.0 Car -1.0 -1.0 -1.0 -1.0 -1.0 -1.0 -1.0 1.794 1.98 4.701 374.602 0.823 965.445 -0.4126479482123888 0.0
25.0 3.0 Bus -1.0 -1.0 -1.0 -1.0 -1.0 -1.0 -1.0 2.794 3.176 12.112 341.811 1.563 980.705 -0.6373699241015699 0.0
25.0 1.0 Car -1.0 -1.0 -1.0 -1.0 -1.0 -1.0 -1.0 2.112 2.725 5.884 415.192 1.297 946.424 -0.45732862367214894 0.0
25.0 4.0 Car -1.0 -1.0 -1.0 -1.0 -1.0 -1.0 -1.0 1.744 2.033 4.943 387.023 1.071 959.909 -0.43666976593981577 0.0
26.0 0.0 Truck -1.0 -1.0 -1.0 -1.0 -1.0 -1.0 -1.0 1.731 2.57 4.843 324.944 1.563 984.745 -1.9378914288879516 0.0
26.0 2.0 Car -1.0 -1.0 -1.0 -1.0 -1.0 -1.0 -1.0 1.794 1.98 4.701 378.332 0.835 963.875 -0.42282748724818453 0.0
26.0 3.0 Bus -1.0 -1.0 -1.0 -1.0 -1.0 -1.0 -1.0 2.794 3.176 12.112 344.482 1.563 979.245 -0.5675567540217976 0.0
26.0 1.0 Car -1.0 -1.0 -1.0 -1.0 -1.0 -1.0 -1.0 2.112 2.725 5.884 418.026 1.288 944.384 -0.4564559590461519 0.0
26.0 4.0 Car -1.0 -1.0 -1.0 -1.0 -1.0 -1.0 -1.0 1.744 2.033 4.943 390.964 1.051 958.024 -0.43666976593981577 0.0
27.0 0.0 Truck -1.0 -1.0 -1.0 -1.0 -1.0 -1.0 -1.0 1.731 2.57 4.843 323.359 1.582 980.598 -1.9378914288879516 0.0
27.0 2.0 Car -1.0 -1.0 -1.0 -1.0 -1.0 -1.0 -1.0 1.794 1.98 4.701 382.022 0.848 962.211 -0.43300702628398025 0.0
27.0 3.0 Bus -1.0 -1.0 -1.0 -1.0 -1.0 -1.0 -1.0 2.794 3.176 12.112 347.136 1.563 977.902 -0.5068959746833351 0.0
27.0 1.0 Car -1.0 -1.0 -1.0 -1.0 -1.0 -1.0 -1.0 2.112 2.725 5.884 421.233 1.337 943.403 -0.45558329442015477 0.0
27.0 4.0 Car -1.0 -1.0 -1.0 -1.0 -1.0 -1.0 -1.0 1.744 2.033 4.943 395.085 1.073 956.289 -0.43666976593981577 0.0
28.0 0.0 Truck -1.0 -1.0 -1.0 -1.0 -1.0 -1.0 -1.0 1.731 2.57 4.843 321.774 1.601 976.452 -1.9378914288879516 0.0
28.0 2.0 Car -1.0 -1.0 -1.0 -1.0 -1.0 -1.0 -1.0 1.794 1.98 4.701 385.711 0.86 960.546 -0.4431865653197762 0.0
28.0 3.0 Bus -1.0 -1.0 -1.0 -1.0 -1.0 -1.0 -1.0 2.794 3.176 12.112 349.986 1.518 976.358 -0.47371215347184137 0.0
28.0 1.0 Car -1.0 -1.0 -1.0 -1.0 -1.0 -1.0 -1.0 2.112 2.725 5.884 424.002 1.322 941.774 -0.4547106297941572 0.0
28.0 4.0 Car -1.0 -1.0 -1.0 -1.0 -1.0 -1.0 -1.0 1.744 2.033 4.943 399.106 1.081 954.251 -0.43666976593981577 0.0
29.0 0.0 Truck -1.0 -1.0 -1.0 -1.0 -1.0 -1.0 -1.0 1.731 2.57 4.843 320.139 1.586 972.177 -1.9378914288879516 0.0
29.0 2.0 Car -1.0 -1.0 -1.0 -1.0 -1.0 -1.0 -1.0 1.794 1.98 4.701 389.4 0.872 958.881 -0.4533661043555721 0.0
29.0 3.0 Bus -1.0 -1.0 -1.0 -1.0 -1.0 -1.0 -1.0 2.794 3.176 12.112 352.968 1.563 974.869 -0.44052833226034815 0.0
29.0 1.0 Car -1.0 -1.0 -1.0 -1.0 -1.0 -1.0 -1.0 2.112 2.725 5.884 426.771 1.307 940.144 -0.4538379651681597 0.0
29.0 4.0 Car -1.0 -1.0 -1.0 -1.0 -1.0 -1.0 -1.0 1.744 2.033 4.943 403.126 1.089 952.213 -0.43666976593981577 0.0
