0.0 4.0 Car -1.0 -1.0 -1.0 -1.0 -1.0 -1.0 -1.0 1.872 1.653 4.581 315.733 0.188 709.151 -2.318809537644726 0.0
0.0 1.0 Car -1.0 -1.0 -1.0 -1.0 -1.0 -1.0 -1.0 1.985 1.888 5.031 301.13 1.028 681.176 1.6569632319682153 0.0
0.0 7.0 Truck -1.0 -1.0 -1.0 -1.0 -1.0 -1.0 -1.0 2.26 2.874 5.987 341.045 0.764 742.231 -2.1137934908070153 0.0
1.0 4.0 Car -1.0 -1.0 -1.0 -1.0 -1.0 -1.0 -1.0 1.872 1.653 4.581 313.303 0.388 706.58 -2.3013562451247824 1.0
1.0 3.0 Car -1.0 -1.0 -1.0 -1.0 -1.0 -1.0 -1.0 1.96 1.799 4.723 346.174 0.187 756.251 -2.0570101498455795 0.0
1.0 1.0 Car -1.0 -1.0 -1.0 -1.0 -1.0 -1.0 -1.0 1.985 1.888 5.031 301.304 1.115 682.627 1.5195616125243498 1.0
1.0 7.0 Truck -1.0 -1.0 -1.0 -1.0 -1.0 -1.0 -1.0 2.26 2.874 5.987 339.443 0.695 739.453 -2.1137934908070153 1.0
2.0 4.0 Car -1.0 -1.0 -1.0 -1.0 -1.0 -1.0 -1.0 1.872 1.653 4.581 311.265 0.438 704.449 -2.3013562451247824 0.0
2.0 3.0 Car -1.0 -1.0 -1.0 -1.0 -1.0 -1.0 -1.0 1.96 1.799 4.723 345.312 0.205 753.363 -2.0570101498455795 1.0
2.0 1.0 Car -1.0 -1.0 -1.0 -1.0 -1.0 -1.0 -1.0 1.985 1.888 5.031 301.677 1.152 684.287 1.3821501084472074 1.0
2.0 7.0 Truck -1.0 -1.0 -1.0 -1.0 -1.0 -1.0 -1.0 2.26 2.874 5.987 337.804 0.627 736.698 -2.1312467833269584 1.0
3.0 4.0 Car -1.0 -1.0 -1.0 -1.0 -1.0 -1.0 -1.0 1.872 1.653 4.581 309.823 0.618 702.907 -2.311053969437884 0.0
3.0 3.0 Car -1.0 -1.0 -1.0 -1.0 -1.0 -1.0 -1.0 1.96 1.799 4.723 344.623 0.14 751.056 -2.0570101498455795 1.0
3.0 1.0 Car -1.0 -1.0 -1.0 -1.0 -1.0 -1.0 -1.0 1.985 1.888 5.031 302.246 1.202 685.849 1.2968082469326498 1.0
3.0 7.0 Truck -1.0 -1.0 -1.0 -1.0 -1.0 -1.0 -1.0 2.26 2.874 5.987 336.433 0.642 734.539 -2.1417243627106455 1.0
4.0 4.0 Car -1.0 -1.0 -1.0 -1.0 -1.0 -1.0 -1.0 1.872 1.653 4.581 308.287 0.768 701.174 -2.2839029526048398 0.0
4.0 3.0 Car -1.0 -1.0 -1.0 -1.0 -1.0 -1.0 -1.0 1.96 1.799 4.723 342.176 0.121 747.171 -2.0570101498455795 1.0
4.0 1.0 Car -1.0 -1.0 -1.0 -1.0 -1.0 -1.0 -1.0 1.985 1.888 5.031 303.171 1.214 687.971 1.185724333929746 1.0
4.0 7.0 Truck -1.0 -1.0 -1.0 -1.0 -1.0 -1.0 -1.0 2.26 2.874 5.987 334.677 0.723 731.765 -2.1330017854502197 1.0
5.0 4.0 Car -1.0 -1.0 -1.0 -1.0 -1.0 -1.0 -1.0 1.872 1.653 4.581 307.02 0.867 699.655 -2.2664496600848967 0.0
5.0 3.0 Car -1.0 -1.0 -1.0 -1.0 -1.0 -1.0 -1.0 1.96 1.799 4.723 340.56 0.151 743.953 -2.0814227480705494 1.0
5.0 1.0 Car -1.0 -1.0 -1.0 -1.0 -1.0 -1.0 -1.0 1.985 1.888 5.031 304.493 1.26 690.35 1.0403237502800489 1.0
5.0 7.0 Truck -1.0 -1.0 -1.0 -1.0 -1.0 -1.0 -1.0 2.26 2.874 5.987 332.823 0.705 729.107 -2.173710100727518 1.0
6.0 4.0 Car -1.0 -1.0 -1.0 -1.0 -1.0 -1.0 -1.0 1.872 1.653 4.581 305.933 0.967 698.359 -2.248996367564953 0.0
6.0 3.0 Car -1.0 -1.0 -1.0 -1.0 -1.0 -1.0 -1.0 1.96 1.799 4.723 338.886 0.182 740.765 -2.105840235523186 1.0
6.0 1.0 Car -1.0 -1.0 -1.0 -1.0 -1.0 -1.0 -1.0 1.985 1.888 5.031 306.084 1.305 692.731 0.9821675000691376 1.0
6.0 7.0 Truck -1.0 -1.0 -1.0 -1.0 -1.0 -1.0 -1.0 2.26 2.874 5.987 330.862 0.688 726.525 -2.21442656885358 1.0
6.0 6.0 Truck -1.0 -1.0 -1.0 -1.0 -1.0 -1.0 -1.0 2.516 2.509 6.826 357.655 1.04 782.745 -1.999169938404512 0.0
7.0 4.0 Car -1.0 -1.0 -1.0 -1.0 -1.0 -1.0 -1.0 1.872 1.653 4.581 305.059 1.017 697.33 -2.248996367564953 0.0
7.0 3.0 Car -1.0 -1.0 -1.0 -1.0 -1.0 -1.0 -1.0 1.96 1.799 4.723 337.16 0.213 737.603 -2.1302767909637175 1.0
7.0 1.0 Car -1.0 -1.0 -1.0 -1.0 -1.0 -1.0 -1.0 1.985 1.888 5.031 307.824 1.3 695.267 0.8715650685707663 1.0
7.0 7.0 Truck -1.0 -1.0 -1.0 -1.0 -1.0 -1.0 -1.0 2.26 2.874 5.987 329.073 0.745 724.105 -2.255174833089822 1.0
7.0 6.0 Truck -1.0 -1.0 -1.0 -1.0 -1.0 -1.0 -1.0 2.516 2.509 6.826 355.906 1.015 778.808 -1.999169938404512 1.0
8.0 4.0 Car -1.0 -1.0 -1.0 -1.0 -1.0 -1.0 -1.0 1.872 1.653 4.581 304.355 1.167 696.365 -2.248996367564953 0.0
8.0 3.0 Car -1.0 -1.0 -1.0 -1.0 -1.0 -1.0 -1.0 1.96 1.799 4.723 335.409 0.244 734.454 -2.154717013324998 1.0
8.0 1.0 Car -1.0 -1.0 -1.0 -1.0 -1.0 -1.0 -1.0 1.985 1.888 5.031 309.84 1.297 697.558 0.8668676739570144 1.0
8.0 7.0 Truck -1.0 -1.0 -1.0 -1.0 -1.0 -1.0 -1.0 2.26 2.874 5.987 326.956 1.009 721.697 -2.260988332997918 1.0
8.0 6.0 Truck -1.0 -1.0 -1.0 -1.0 -1.0 -1.0 -1.0 2.516 2.509 6.826 354.347 1.041 774.819 -1.999169938404512 1.0
9.0 4.0 Car -1.0 -1.0 -1.0 -1.0 -1.0 -1.0 -1.0 1.872 1.653 4.581 303.862 1.167 695.709 -2.248996367564953 0.0
9.0 3.0 Car -1.0 -1.0 -1.0 -1.0 -1.0 -1.0 -1.0 1.96 1.799 4.723 333.655 0.274 731.301 -2.1791831974851807 0.0
9.0 1.0 Car -1.0 -1.0 -1.0 -1.0 -1.0 -1.0 -1.0 1.985 1.888 5.031 312.022 1.244 699.94 0.8621652895026412 1.0
9.0 2.0 Car -1.0 -1.0 -1.0 -1.0 -1.0 -1.0 -1.0 2.122 1.999 4.853 358.375 0.93 768.449 1.1782368714353355 0.0
9.0 7.0 Truck -1.0 -1.0 -1.0 -1.0 -1.0 -1.0 -1.0 2.26 2.874 5.987 325.036 1.073 719.527 -2.2668080083373714 1.0
9.0 6.0 Truck -1.0 -1.0 -1.0 -1.0 -1.0 -1.0 -1.0 2.516 2.509 6.826 352.787 1.067 770.826 -1.999169938404512 1.0
10.0 4.0 Car -1.0 -1.0 -1.0 -1.0 -1.0 -1.0 -1.0 1.872 1.653 4.581 303.453 1.317 695.223 -2.2315430750450105 0.0
10.0 3.0 Car -1.0 -1.0 -1.0 -1.0 -1.0 -1.0 -1.0 1.96 1.799 4.723 331.676 0.349 728.55 -2.1791831974851807 0.0
10.0 1.0 Car -1.0 -1.0 -1.0 -1.0 -1.0 -1.0 -1.0 1.985 1.888 5.031 314.278 1.247 702.47 0.8487306061560227 1.0
10.0 2.0 Car -1.0 -1.0 -1.0 -1.0 -1.0 -1.0 -1.0 2.122 1.999 4.853 359.699 0.79 771.738 1.1607835789153924 1.0
10.0 7.0 Truck -1.0 -1.0 -1.0 -1.0 -1.0 -1.0 -1.0 2.26 2.874 5.987 323.26 1.287 717.463 -2.272628125609765 1.0
10.0 6.0 Truck -1.0 -1.0 -1.0 -1.0 -1.0 -1.0 -1.0 2.516 2.509 6.826 351.227 1.093 766.833 -1.999169938404512 1.0
11.0 4.0 Car -1.0 -1.0 -1.0 -1.0 -1.0 -1.0 -1.0 1.872 1.653 4.581 303.36 1.417 695.159 -2.2474075464232466 0.0
11.0 3.0 Car -1.0 -1.0 -1.0 -1.0 -1.0 -1.0 -1.0 1.96 1.799 4.723 329.763 0.374 726.006 -2.248996367564953 0.0
11.0 1.0 Car -1.0 -1.0 -1.0 -1.0 -1.0 -1.0 -1.0 1.985 1.888 5.031 316.5 1.25 705.072 0.8353117883895601 1.0
11.0 2.0 Car -1.0 -1.0 -1.0 -1.0 -1.0 -1.0 -1.0 2.122 1.999 4.853 360.161 0.949 773.214 1.1607835789153924 1.0
11.0 7.0 Truck -1.0 -1.0 -1.0 -1.0 -1.0 -1.0 -1.0 2.26 2.874 5.987 321.562 1.315 715.523 -2.275983539694393 1.0
11.0 6.0 Truck -1.0 -1.0 -1.0 -1.0 -1.0 -1.0 -1.0 2.516 2.509 6.826 349.673 1.202 762.699 -1.999169938404512 1.0
12.0 4.0 Car -1.0 -1.0 -1.0 -1.0 -1.0 -1.0 -1.0 1.872 1.653 4.581 302.904 1.597 694.649 -2.248996367564953 0.0
12.0 3.0 Car -1.0 -1.0 -1.0 -1.0 -1.0 -1.0 -1.0 1.96 1.799 4.723 327.453 0.464 723.14 -2.248996367564953 0.0
12.0 1.0 Car -1.0 -1.0 -1.0 -1.0 -1.0 -1.0 -1.0 1.985 1.888 5.031 319.131 1.284 708.023 0.8192051910109364 1.0
12.0 2.0 Car -1.0 -1.0 -1.0 -1.0 -1.0 -1.0 -1.0 2.122 1.999 4.853 360.643 1.141 775.017 1.1607835789153924 1.0
12.0 7.0 Truck -1.0 -1.0 -1.0 -1.0 -1.0 -1.0 -1.0 2.26 2.874 5.987 319.408 1.568 713.122 -2.280011040823048 1.0
12.0 6.0 Truck -1.0 -1.0 -1.0 -1.0 -1.0 -1.0 -1.0 2.516 2.509 6.826 347.644 1.212 757.941 -1.999169938404512 1.0
13.0 4.0 Car -1.0 -1.0 -1.0 -1.0 -1.0 -1.0 -1.0 1.872 1.653 4.581 302.692 1.672 694.385 -2.2315430750450105 0.0
13.0 3.0 Car -1.0 -1.0 -1.0 -1.0 -1.0 -1.0 -1.0 1.96 1.799 4.723 325.75 0.664 721.026 -2.248996367564953 0.0
13.0 1.0 Car -1.0 -1.0 -1.0 -1.0 -1.0 -1.0 -1.0 1.985 1.888 5.031 321.379 1.285 710.379 0.8482898391215452 1.0
13.0 2.0 Car -1.0 -1.0 -1.0 -1.0 -1.0 -1.0 -1.0 2.122 1.999 4.853 361.045 1.3 776.519 1.1607835789153924 1.0
13.0 7.0 Truck -1.0 -1.0 -1.0 -1.0 -1.0 -1.0 -1.0 2.26 2.874 5.987 317.901 1.746 711.405 -2.2833666294391244 0.0
13.0 6.0 Truck -1.0 -1.0 -1.0 -1.0 -1.0 -1.0 -1.0 2.516 2.509 6.826 345.658 1.096 754.112 -1.999169938404512 1.0
14.0 3.0 Car -1.0 -1.0 -1.0 -1.0 -1.0 -1.0 -1.0 1.96 1.799 4.723 324.047 0.764 718.911 -2.248996367564953 0.0
14.0 1.0 Car -1.0 -1.0 -1.0 -1.0 -1.0 -1.0 -1.0 1.985 1.888 5.031 323.454 1.287 712.692 0.8511995271493125 1.0
14.0 2.0 Car -1.0 -1.0 -1.0 -1.0 -1.0 -1.0 -1.0 2.122 1.999 4.853 361.809 1.278 778.856 1.1607835789153924 1.0
14.0 7.0 Truck -1.0 -1.0 -1.0 -1.0 -1.0 -1.0 -1.0 2.26 2.874 5.987 316.481 1.824 709.726 -2.286722546979852 0.0
14.0 6.0 Truck -1.0 -1.0 -1.0 -1.0 -1.0 -1.0 -1.0 2.516 2.509 6.826 344.071 1.08 750.1 -1.999169938404512 1.0
15.0 3.0 Car -1.0 -1.0 -1.0 -1.0 -1.0 -1.0 -1.0 1.96 1.799 4.723 322.53 0.814 717.024 -2.2315430750450105 0.0
15.0 1.0 Car -1.0 -1.0 -1.0 -1.0 -1.0 -1.0 -1.0 1.985 1.888 5.031 325.449 1.239 715.0 0.854111776050823 1.0
15.0 2.0 Car -1.0 -1.0 -1.0 -1.0 -1.0 -1.0 -1.0 2.122 1.999 4.853 362.85 1.356 781.076 1.1607835789153924 1.0
15.0 7.0 Truck -1.0 -1.0 -1.0 -1.0 -1.0 -1.0 -1.0 2.26 2.874 5.987 315.138 1.902 708.197 -2.290081418129708 0.0
15.0 6.0 Truck -1.0 -1.0 -1.0 -1.0 -1.0 -1.0 -1.0 2.516 2.509 6.826 342.428 1.064 746.004 -2.0689831084842845 1.0
16.0 3.0 Car -1.0 -1.0 -1.0 -1.0 -1.0 -1.0 -1.0 1.96 1.799 4.723 321.026 0.914 715.404 -2.248996367564953 0.0
16.0 1.0 Car -1.0 -1.0 -1.0 -1.0 -1.0 -1.0 -1.0 1.985 1.888 5.031 327.36 1.09 717.186 0.8628430199338559 1.0
16.0 2.0 Car -1.0 -1.0 -1.0 -1.0 -1.0 -1.0 -1.0 2.122 1.999 4.853 363.891 1.334 783.296 1.1607835789153924 1.0
16.0 7.0 Truck -1.0 -1.0 -1.0 -1.0 -1.0 -1.0 -1.0 2.26 2.874 5.987 313.805 1.99 706.619 -2.272628125609765 0.0
16.0 6.0 Truck -1.0 -1.0 -1.0 -1.0 -1.0 -1.0 -1.0 2.516 2.509 6.826 340.42 1.115 742.175 -2.0922703288760567 1.0
17.0 3.0 Car -1.0 -1.0 -1.0 -1.0 -1.0 -1.0 -1.0 1.96 1.799 4.723 319.759 1.022 713.899 -2.2868114971832916 0.0
17.0 1.0 Car -1.0 -1.0 -1.0 -1.0 -1.0 -1.0 -1.0 1.985 1.888 5.031 329.302 1.042 719.427 0.8366584835308797 1.0
17.0 2.0 Car -1.0 -1.0 -1.0 -1.0 -1.0 -1.0 -1.0 2.122 1.999 4.853 364.962 1.311 785.5 1.1607835789153924 1.0
17.0 7.0 Truck -1.0 -1.0 -1.0 -1.0 -1.0 -1.0 -1.0 2.26 2.874 5.987 312.592 2.118 705.18 -2.272628125609765 0.0
17.0 6.0 Truck -1.0 -1.0 -1.0 -1.0 -1.0 -1.0 -1.0 2.516 2.509 6.826 338.522 1.166 738.821 -2.1155330245006962 1.0
18.0 3.0 Car -1.0 -1.0 -1.0 -1.0 -1.0 -1.0 -1.0 1.96 1.799 4.723 318.619 1.131 712.453 -2.3246275345826084 0.0
18.0 1.0 Car -1.0 -1.0 -1.0 -1.0 -1.0 -1.0 -1.0 1.985 1.888 5.031 331.305 1.005 721.64 0.8628418885405623 1.0
18.0 2.0 Car -1.0 -1.0 -1.0 -1.0 -1.0 -1.0 -1.0 2.122 1.999 4.853 366.186 1.289 787.638 1.1607835789153924 1.0
18.0 7.0 Truck -1.0 -1.0 -1.0 -1.0 -1.0 -1.0 -1.0 2.26 2.874 5.987 311.577 2.247 703.976 -2.272628125609765 0.0
18.0 6.0 Truck -1.0 -1.0 -1.0 -1.0 -1.0 -1.0 -1.0 2.516 2.509 6.826 336.794 1.216 735.731 -2.138796278564057 1.0
19.0 3.0 Car -1.0 -1.0 -1.0 -1.0 -1.0 -1.0 -1.0 1.96 1.799 4.723 317.418 1.464 711.1 -2.3362628301646686 0.0
19.0 1.0 Car -1.0 -1.0 -1.0 -1.0 -1.0 -1.0 -1.0 1.985 1.888 5.031 333.167 1.117 723.783 0.9064775385631862 1.0
19.0 2.0 Car -1.0 -1.0 -1.0 -1.0 -1.0 -1.0 -1.0 2.122 1.999 4.853 367.103 0.817 789.908 1.1607835789153924 1.0
19.0 7.0 Truck -1.0 -1.0 -1.0 -1.0 -1.0 -1.0 -1.0 2.26 2.874 5.987 310.49 2.583 702.815 -2.272628125609765 0.0
19.0 6.0 Truck -1.0 -1.0 -1.0 -1.0 -1.0 -1.0 -1.0 2.516 2.509 6.826 334.99 1.3 732.886 -2.1574905851282966 1.0
20.0 3.0 Car -1.0 -1.0 -1.0 -1.0 -1.0 -1.0 -1.0 1.96 1.799 4.723 316.238 1.647 709.721 -2.3362628301646686 0.0
20.0 1.0 Car -1.0 -1.0 -1.0 -1.0 -1.0 -1.0 -1.0 1.985 1.888 5.031 334.744 1.08 725.689 0.932706597419716 1.0
20.0 2.0 Car -1.0 -1.0 -1.0 -1.0 -1.0 -1.0 -1.0 2.122 1.999 4.853 367.868 0.795 792.248 1.1607835789153924 1.0
20.0 7.0 Truck -1.0 -1.0 -1.0 -1.0 -1.0 -1.0 -1.0 2.26 2.874 5.987 309.749 2.752 701.86 -2.262926035561179 0.0
20.0 6.0 Truck -1.0 -1.0 -1.0 -1.0 -1.0 -1.0 -1.0 2.516 2.509 6.826 332.884 1.384 729.758 -2.176204899402411 1.0
21.0 1.0 Car -1.0 -1.0 -1.0 -1.0 -1.0 -1.0 -1.0 1.985 1.888 5.031 335.964 1.14 727.246 0.9404594671332498 1.0
21.0 2.0 Car -1.0 -1.0 -1.0 -1.0 -1.0 -1.0 -1.0 2.122 1.999 4.853 368.48 0.777 794.117 1.1685442903827343 1.0
21.0 7.0 Truck -1.0 -1.0 -1.0 -1.0 -1.0 -1.0 -1.0 2.26 2.874 5.987 309.157 2.887 701.097 -2.255174833089822 0.0
21.0 6.0 Truck -1.0 -1.0 -1.0 -1.0 -1.0 -1.0 -1.0 2.516 2.509 6.826 331.393 1.351 727.542 -2.1911561561238853 1.0
21.0 0.0 Car -1.0 -1.0 -1.0 -1.0 -1.0 -1.0 -1.0 2.065 2.102 5.003 368.521 0.797 806.274 -1.9593764314644562 0.0
22.0 1.0 Car -1.0 -1.0 -1.0 -1.0 -1.0 -1.0 -1.0 1.985 1.888 5.031 337.541 1.153 729.29 0.9937381162103694 1.0
22.0 2.0 Car -1.0 -1.0 -1.0 -1.0 -1.0 -1.0 -1.0 2.122 1.999 4.853 369.243 0.755 796.452 1.1782368714353355 1.0
22.0 5.0 Car -1.0 -1.0 -1.0 -1.0 -1.0 -1.0 -1.0 2.039 1.793 4.805 374.066 0.725 817.959 -1.9655025371336898 0.0
22.0 7.0 Truck -1.0 -1.0 -1.0 -1.0 -1.0 -1.0 -1.0 2.26 2.874 5.987 308.261 3.056 699.934 -2.2377215405698787 0.0
22.0 6.0 Truck -1.0 -1.0 -1.0 -1.0 -1.0 -1.0 -1.0 2.516 2.509 6.826 329.574 1.53 725.288 -2.208576861926067 1.0
22.0 0.0 Car -1.0 -1.0 -1.0 -1.0 -1.0 -1.0 -1.0 2.065 2.102 5.003 366.623 0.788 801.486 -1.9593764314644562 1.0
23.0 1.0 Car -1.0 -1.0 -1.0 -1.0 -1.0 -1.0 -1.0 1.985 1.888 5.031 339.047 1.155 731.624 1.011191241322274 1.0
23.0 2.0 Car -1.0 -1.0 -1.0 -1.0 -1.0 -1.0 -1.0 2.122 1.999 4.853 370.254 0.705 798.85 1.1782368714353355 1.0
23.0 5.0 Car -1.0 -1.0 -1.0 -1.0 -1.0 -1.0 -1.0 2.039 1.793 4.805 372.272 0.678 813.809 -1.9655025371336898 1.0
23.0 7.0 Truck -1.0 -1.0 -1.0 -1.0 -1.0 -1.0 -1.0 2.26 2.874 5.987 307.329 3.225 698.792 -2.2377215405698787 0.0
23.0 6.0 Truck -1.0 -1.0 -1.0 -1.0 -1.0 -1.0 -1.0 2.516 2.509 6.826 328.379 1.635 723.637 -2.226036364762671 1.0
23.0 0.0 Car -1.0 -1.0 -1.0 -1.0 -1.0 -1.0 -1.0 2.065 2.102 5.003 364.464 0.596 796.793 -1.9593764314644562 1.0
24.0 1.0 Car -1.0 -1.0 -1.0 -1.0 -1.0 -1.0 -1.0 1.985 1.888 5.031 340.585 1.156 734.147 1.0286645251522146 1.0
24.0 2.0 Car -1.0 -1.0 -1.0 -1.0 -1.0 -1.0 -1.0 2.122 1.999 4.853 371.546 0.705 801.751 1.1782368714353355 0.0
24.0 5.0 Car -1.0 -1.0 -1.0 -1.0 -1.0 -1.0 -1.0 2.039 1.793 4.805 370.415 0.593 809.679 -1.9655025371336898 1.0
24.0 7.0 Truck -1.0 -1.0 -1.0 -1.0 -1.0 -1.0 -1.0 2.26 2.874 5.987 306.897 3.395 698.177 -2.2202682480499356 0.0
24.0 6.0 Truck -1.0 -1.0 -1.0 -1.0 -1.0 -1.0 -1.0 2.516 2.509 6.826 326.845 1.69 721.605 -2.243516033683715 1.0
24.0 0.0 Car -1.0 -1.0 -1.0 -1.0 -1.0 -1.0 -1.0 2.065 2.102 5.003 362.526 0.58 792.003 -1.9593764314644562 0.0
25.0 1.0 Car -1.0 -1.0 -1.0 -1.0 -1.0 -1.0 -1.0 1.985 1.888 5.031 342.203 1.158 737.019 1.0461171968673462 1.0
25.0 2.0 Car -1.0 -1.0 -1.0 -1.0 -1.0 -1.0 -1.0 2.122 1.999 4.853 372.836 0.705 804.649 1.1782368714353355 0.0
25.0 5.0 Car -1.0 -1.0 -1.0 -1.0 -1.0 -1.0 -1.0 2.039 1.793 4.805 368.651 0.526 805.516 -1.9655025371336898 1.0
25.0 6.0 Truck -1.0 -1.0 -1.0 -1.0 -1.0 -1.0 -1.0 2.516 2.509 6.826 325.914 1.853 720.541 -2.266795076283849 1.0
25.0 0.0 Car -1.0 -1.0 -1.0 -1.0 -1.0 -1.0 -1.0 2.065 2.102 5.003 360.59 0.563 787.218 -1.9593764314644562 0.0
26.0 1.0 Car -1.0 -1.0 -1.0 -1.0 -1.0 -1.0 -1.0 1.985 1.888 5.031 343.788 1.159 739.902 1.0635708102526977 1.0
26.0 2.0 Car -1.0 -1.0 -1.0 -1.0 -1.0 -1.0 -1.0 2.122 1.999 4.853 374.203 0.719 807.496 1.1782368714353355 0.0
26.0 5.0 Car -1.0 -1.0 -1.0 -1.0 -1.0 -1.0 -1.0 2.039 1.793 4.805 366.576 0.569 801.097 -1.9655025371336898 1.0
26.0 6.0 Truck -1.0 -1.0 -1.0 -1.0 -1.0 -1.0 -1.0 2.516 2.509 6.826 324.936 1.891 719.499 -2.2900753749198235 1.0
26.0 0.0 Car -1.0 -1.0 -1.0 -1.0 -1.0 -1.0 -1.0 2.065 2.102 5.003 358.352 0.581 782.059 -1.9593764314644562 0.0
27.0 1.0 Car -1.0 -1.0 -1.0 -1.0 -1.0 -1.0 -1.0 1.985 1.888 5.031 345.429 1.161 743.028 1.081004578810086 1.0
27.0 2.0 Car -1.0 -1.0 -1.0 -1.0 -1.0 -1.0 -1.0 2.122 1.999 4.853 375.569 0.732 810.34 1.1782368714353355 0.0
27.0 5.0 Car -1.0 -1.0 -1.0 -1.0 -1.0 -1.0 -1.0 2.039 1.793 4.805 364.565 0.512 796.658 -1.9655025371336898 1.0
27.0 6.0 Truck -1.0 -1.0 -1.0 -1.0 -1.0 -1.0 -1.0 2.516 2.509 6.826 324.053 1.929 718.352 -2.3133292037634874 0.0
27.0 0.0 Car -1.0 -1.0 -1.0 -1.0 -1.0 -1.0 -1.0 2.065 2.102 5.003 356.116 0.648 776.906 -1.9593764314644562 0.0
28.0 1.0 Car -1.0 -1.0 -1.0 -1.0 -1.0 -1.0 -1.0 1.985 1.888 5.031 347.056 1.154 746.429 1.0988248952431219 0.0
28.0 2.0 Car -1.0 -1.0 -1.0 -1.0 -1.0 -1.0 -1.0 2.122 1.999 4.853 376.935 0.746 813.184 1.1782368714353355 0.0
28.0 5.0 Car -1.0 -1.0 -1.0 -1.0 -1.0 -1.0 -1.0 2.039 1.793 4.805 362.477 0.504 792.25 -1.9655025371336898 0.0
28.0 6.0 Truck -1.0 -1.0 -1.0 -1.0 -1.0 -1.0 -1.0 2.516 2.509 6.826 323.406 2.004 717.99 -2.3317075380297267 0.0
28.0 0.0 Car -1.0 -1.0 -1.0 -1.0 -1.0 -1.0 -1.0 2.065 2.102 5.003 354.11 0.738 771.994 -1.9593764314644562 0.0
29.0 1.0 Car -1.0 -1.0 -1.0 -1.0 -1.0 -1.0 -1.0 1.985 1.888 5.031 348.585 1.147 749.699 1.1148513019132844 0.0
29.0 2.0 Car -1.0 -1.0 -1.0 -1.0 -1.0 -1.0 -1.0 2.122 1.999 4.853 378.163 0.758 815.742 1.1782368714353355 0.0
29.0 5.0 Car -1.0 -1.0 -1.0 -1.0 -1.0 -1.0 -1.0 2.039 1.793 4.805 360.969 0.547 788.133 -1.9655025371336898 0.0
29.0 6.0 Truck -1.0 -1.0 -1.0 -1.0 -1.0 -1.0 -1.0 2.516 2.509 6.826 322.824 2.071 717.664 -2.348235788803373 0.0
29.0 0.0 Car -1.0 -1.0 -1.0 -1.0 -1.0 -1.0 -1.0 2.065 2.102 5.003 352.406 0.915 767.814 -1.9593764314644562 0.0
30.0 1.0 Car -1.0 -1.0 -1.0 -1.0 -1.0 -1.0 -1.0 1.985 1.888 5.031 350.194 1.14 753.2 1.1326311215160945 0.0
30.0 2.0 Car -1.0 -1.0 -1.0 -1.0 -1.0 -1.0 -1.0 2.122 1.999 4.853 379.526 0.771 818.579 1.1782368714353355 0.0
30.0 5.0 Car -1.0 -1.0 -1.0 -1.0 -1.0 -1.0 -1.0 2.039 1.793 4.805 359.378 0.581 783.53 -1.9655025371336898 0.0
30.0 6.0 Truck -1.0 -1.0 -1.0 -1.0 -1.0 -1.0 -1.0 2.516 2.509 6.826 322.699 2.28 717.443 -2.3307824962834305 0.0
30.0 0.0 Car -1.0 -1.0 -1.0 -1.0 -1.0 -1.0 -1.0 2.065 2.102 5.003 350.396 1.081 763.039 -1.9593764314644562 0.0
31.0 1.0 Car -1.0 -1.0 -1.0 -1.0 -1.0 -1.0 -1.0 1.985 1.888 5.031 351.854 1.132 756.687 1.1504509388684758 0.0
31.0 2.0 Car -1.0 -1.0 -1.0 -1.0 -1.0 -1.0 -1.0 2.122 1.999 4.853 380.892 0.785 821.423 1.1782368714353355 0.0
31.0 5.0 Car -1.0 -1.0 -1.0 -1.0 -1.0 -1.0 -1.0 2.039 1.793 4.805 357.403 0.683 778.958 -1.9655025371336898 0.0
31.0 6.0 Truck -1.0 -1.0 -1.0 -1.0 -1.0 -1.0 -1.0 2.516 2.509 6.826 322.576 2.356 717.22 -2.3307824962834305 0.0
31.0 0.0 Car -1.0 -1.0 -1.0 -1.0 -1.0 -1.0 -1.0 2.065 2.102 5.003 348.384 1.198 758.625 -1.9593764314644562 0.0
32.0 1.0 Car -1.0 -1.0 -1.0 -1.0 -1.0 -1.0 -1.0 1.985 1.888 5.031 353.452 1.125 760.205 1.1682710414098028 0.0
32.0 2.0 Car -1.0 -1.0 -1.0 -1.0 -1.0 -1.0 -1.0 2.122 1.999 4.853 382.392 0.798 824.408 1.0647894487878813 0.0
32.0 5.0 Car -1.0 -1.0 -1.0 -1.0 -1.0 -1.0 -1.0 2.039 1.793 4.805 355.427 0.848 774.386 -1.9655025371336898 0.0
32.0 6.0 Truck -1.0 -1.0 -1.0 -1.0 -1.0 -1.0 -1.0 2.516 2.509 6.826 322.452 2.432 716.996 -2.3307824962834305 0.0
32.0 0.0 Car -1.0 -1.0 -1.0 -1.0 -1.0 -1.0 -1.0 2.065 2.102 5.003 346.429 1.439 754.336 -1.9768363486764218 0.0
33.0 1.0 Car -1.0 -1.0 -1.0 -1.0 -1.0 -1.0 -1.0 1.985 1.888 5.031 355.033 1.11 763.684 1.1682710414098028 0.0
33.0 2.0 Car -1.0 -1.0 -1.0 -1.0 -1.0 -1.0 -1.0 2.122 1.999 4.853 384.221 0.812 827.203 0.9513440686760726 0.0
33.0 5.0 Car -1.0 -1.0 -1.0 -1.0 -1.0 -1.0 -1.0 2.039 1.793 4.805 353.451 0.925 769.813 -1.9655025371336898 0.0
33.0 6.0 Truck -1.0 -1.0 -1.0 -1.0 -1.0 -1.0 -1.0 2.516 2.509 6.826 322.329 2.508 716.773 -2.3307824962834305 0.0
33.0 0.0 Car -1.0 -1.0 -1.0 -1.0 -1.0 -1.0 -1.0 2.065 2.102 5.003 344.684 1.381 750.313 -1.9942959515356908 0.0
34.0 1.0 Car -1.0 -1.0 -1.0 -1.0 -1.0 -1.0 -1.0 1.985 1.888 5.031 356.562 1.095 767.218 1.1682710414098028 0.0
34.0 2.0 Car -1.0 -1.0 -1.0 -1.0 -1.0 -1.0 -1.0 2.122 1.999 4.853 386.409 0.825 829.629 0.7593578509566963 0.0
34.0 5.0 Car -1.0 -1.0 -1.0 -1.0 -1.0 -1.0 -1.0 2.039 1.793 4.805 351.477 1.065 765.246 -1.9655025371336898 0.0
34.0 6.0 Truck -1.0 -1.0 -1.0 -1.0 -1.0 -1.0 -1.0 2.516 2.509 6.826 322.175 2.618 716.518 -2.3365938244005546 0.0
34.0 0.0 Car -1.0 -1.0 -1.0 -1.0 -1.0 -1.0 -1.0 2.065 2.102 5.003 342.812 1.372 746.425 -2.0117363090242844 0.0
35.0 1.0 Car -1.0 -1.0 -1.0 -1.0 -1.0 -1.0 -1.0 1.985 1.888 5.031 358.093 1.081 770.756 1.1682710414098028 0.0
35.0 2.0 Car -1.0 -1.0 -1.0 -1.0 -1.0 -1.0 -1.0 2.122 1.999 4.853 389.167 0.839 831.683 0.7331917571693632 0.0
35.0 5.0 Car -1.0 -1.0 -1.0 -1.0 -1.0 -1.0 -1.0 2.039 1.793 4.805 349.741 1.173 761.31 -1.9655025371336898 0.0
35.0 6.0 Truck -1.0 -1.0 -1.0 -1.0 -1.0 -1.0 -1.0 2.516 2.509 6.826 322.021 2.727 716.262 -2.342411728235125 0.0
35.0 0.0 Car -1.0 -1.0 -1.0 -1.0 -1.0 -1.0 -1.0 2.065 2.102 5.003 341.223 1.564 743.047 -2.0117363090242844 0.0
36.0 1.0 Car -1.0 -1.0 -1.0 -1.0 -1.0 -1.0 -1.0 1.985 1.888 5.031 359.594 1.066 774.311 1.1682710414098028 0.0
36.0 5.0 Car -1.0 -1.0 -1.0 -1.0 -1.0 -1.0 -1.0 2.039 1.793 4.805 348.003 1.282 757.37 -1.9655025371336898 0.0
36.0 6.0 Truck -1.0 -1.0 -1.0 -1.0 -1.0 -1.0 -1.0 2.516 2.509 6.826 321.867 2.837 716.006 -2.348235788803373 0.0
37.0 1.0 Car -1.0 -1.0 -1.0 -1.0 -1.0 -1.0 -1.0 1.985 1.888 5.031 361.172 1.051 777.96 1.1682710414098028 0.0
37.0 5.0 Car -1.0 -1.0 -1.0 -1.0 -1.0 -1.0 -1.0 2.039 1.793 4.805 346.308 1.516 753.407 -1.9655025371336898 0.0
37.0 6.0 Truck -1.0 -1.0 -1.0 -1.0 -1.0 -1.0 -1.0 2.516 2.509 6.826 321.743 2.93 715.782 -2.348235788803373 0.0
38.0 1.0 Car -1.0 -1.0 -1.0 -1.0 -1.0 -1.0 -1.0 1.985 1.888 5.031 362.692 1.023 781.51 1.1682710414098028 0.0
38.0 5.0 Car -1.0 -1.0 -1.0 -1.0 -1.0 -1.0 -1.0 2.039 1.793 4.805 344.701 1.55 750.058 -1.9655025371336898 0.0
38.0 6.0 Truck -1.0 -1.0 -1.0 -1.0 -1.0 -1.0 -1.0 2.516 2.509 6.826 321.62 3.023 715.559 -2.348235788803373 0.0
39.0 1.0 Car -1.0 -1.0 -1.0 -1.0 -1.0 -1.0 -1.0 1.985 1.888 5.031 364.179 0.995 785.069 1.1682710414098028 0.0
39.0 5.0 Car -1.0 -1.0 -1.0 -1.0 -1.0 -1.0 -1.0 2.039 1.793 4.805 343.096 1.658 746.714 -1.9655025371336898 0.0
