0.0 0.0 Car -1.0 -1.0 -1.0 -1.0 -1.0 -1.0 -1.0 2.129 1.995 5.141 2474.976 0.901 882.198 0.030333819171395104 0.0
1.0 0.0 Car -1.0 -1.0 -1.0 -1.0 -1.0 -1.0 -1.0 2.129 1.995 5.141 2479.451 0.909 882.242 -0.013299412128463082 1.0
2.0 0.0 Car -1.0 -1.0 -1.0 -1.0 -1.0 -1.0 -1.0 2.129 1.995 5.141 2483.437 0.918 882.296 -0.022026058388434633 1.0
3.0 0.0 Car -1.0 -1.0 -1.0 -1.0 -1.0 -1.0 -1.0 2.129 1.995 5.141 2487.37 0.927 882.265 -0.03657046882172077 1.0
4.0 0.0 Car -1.0 -1.0 -1.0 -1.0 -1.0 -1.0 -1.0 2.129 1.995 5.141 2491.403 0.936 881.973 -0.023189611223097373 1.0
5.0 0.0 Car -1.0 -1.0 -1.0 -1.0 -1.0 -1.0 -1.0 2.129 1.995 5.141 2495.085 0.944 881.618 -0.0970752162241908 1.0
6.0 0.0 Car -1.0 -1.0 -1.0 -1.0 -1.0 -1.0 -1.0 2.129 1.995 5.141 2498.346 0.953 881.044 -0.17096082122528403 1.0
7.0 0.0 Car -1.0 -1.0 -1.0 -1.0 -1.0 -1.0 -1.0 2.129 1.995 5.141 2501.58 0.962 880.259 -0.20993984118649056 1.0
8.0 0.0 Car -1.0 -1.0 -1.0 -1.0 -1.0 -1.0 -1.0 2.129 1.995 5.141 2504.594 0.971 879.208 -0.3187320312274706 1.0
9.0 0.0 Car -1.0 -1.0 -1.0 -1.0 -1.0 -1.0 -1.0 2.129 1.995 5.141 2507.426 0.986 877.939 -0.405998493827187 1.0
10.0 0.0 Car -1.0 -1.0 -1.0 -1.0 -1.0 -1.0 -1.0 2.129 1.995 5.141 2510.009 1.001 876.488 -0.4932649564269034 1.0
11.0 0.0 Car -1.0 -1.0 -1.0 -1.0 -1.0 -1.0 -1.0 2.129 1.995 5.141 2512.445 1.016 874.822 -0.5805314190266199 1.0
12.0 0.0 Car -1.0 -1.0 -1.0 -1.0 -1.0 -1.0 -1.0 2.129 1.995 5.141 2514.684 1.031 872.982 -0.6677978816263365 1.0
13.0 0.0 Car -1.0 -1.0 -1.0 -1.0 -1.0 -1.0 -1.0 2.129 1.995 5.141 2516.754 1.046 870.953 -0.755064344226053 1.0
14.0 0.0 Car -1.0 -1.0 -1.0 -1.0 -1.0 -1.0 -1.0 2.129 1.995 5.141 2518.728 1.061 868.701 -0.8248775143058262 1.0
15.0 0.0 Car -1.0 -1.0 -1.0 -1.0 -1.0 -1.0 -1.0 2.129 1.995 5.141 2520.448 1.076 866.301 -0.9005084485589139 1.0
16.0 0.0 Car -1.0 -1.0 -1.0 -1.0 -1.0 -1.0 -1.0 2.129 1.995 5.141 2521.949 1.091 863.757 -1.0023193215919162 1.0
17.0 0.0 Car -1.0 -1.0 -1.0 -1.0 -1.0 -1.0 -1.0 2.129 1.995 5.141 2523.183 1.106 861.074 -1.1041301946249185 1.0
18.0 0.0 Car -1.0 -1.0 -1.0 -1.0 -1.0 -1.0 -1.0 2.129 1.995 5.141 2524.148 1.046 858.148 -1.2123406082485662 1.0
19.0 0.0 Car -1.0 -1.0 -1.0 -1.0 -1.0 -1.0 -1.0 2.129 1.995 5.141 2524.976 0.986 854.827 -1.3336409912621718 1.0
20.0 0.0 Car -1.0 -1.0 -1.0 -1.0 -1.0 -1.0 -1.0 2.129 1.995 5.141 2525.395 0.926 851.909 -1.4083992608892622 1.0
21.0 0.0 Car -1.0 -1.0 -1.0 -1.0 -1.0 -1.0 -1.0 2.129 1.995 5.141 2525.652 0.866 848.728 -1.483157530516352 1.0
22.0 0.0 Car -1.0 -1.0 -1.0 -1.0 -1.0 -1.0 -1.0 2.129 1.995 5.141 2525.787 0.806 846.038 -1.5579158001434426 1.0
23.0 0.0 Car -1.0 -1.0 -1.0 -1.0 -1.0 -1.0 -1.0 2.129 1.995 5.141 2525.841 0.786 842.933 -1.5579158001434426 1.0
24.0 1.0 Car -1.0 -1.0 -1.0 -1.0 -1.0 -1.0 -1.0 2.167 1.633 4.895 2552.484 0.786 787.963 -3.132324955262376 0.0
24.0 0.0 Car -1.0 -1.0 -1.0 -1.0 -1.0 -1.0 -1.0 2.129 1.995 5.141 2525.892 0.766 840.04 -1.5579158001434426 1.0
25.0 1.0 Car -1.0 -1.0 -1.0 -1.0 -1.0 -1.0 -1.0 2.167 1.633 4.895 2549.776 0.782 787.98 -3.106145016482461 1.0
25.0 0.0 Car -1.0 -1.0 -1.0 -1.0 -1.0 -1.0 -1.0 2.129 1.995 5.141 2525.942 0.746 837.307 -1.5579158001434426 1.0
26.0 1.0 Car -1.0 -1.0 -1.0 -1.0 -1.0 -1.0 -1.0 2.167 1.633 4.895 2546.091 0.744 787.928 -3.1265071910890616 0.0
26.0 0.0 Car -1.0 -1.0 -1.0 -1.0 -1.0 -1.0 -1.0 2.129 1.995 5.141 2525.993 0.726 834.443 -1.5579158001434426 0.0
27.0 1.0 Car -1.0 -1.0 -1.0 -1.0 -1.0 -1.0 -1.0 2.167 1.633 4.895 2543.872 0.557 787.98 3.136315941483925 0.0
27.0 0.0 Car -1.0 -1.0 -1.0 -1.0 -1.0 -1.0 -1.0 2.129 1.995 5.141 2526.042 0.706 831.678 -1.5579158001434426 0.0
28.0 1.0 Car -1.0 -1.0 -1.0 -1.0 -1.0 -1.0 -1.0 2.167 1.633 4.895 2541.652 0.369 788.032 3.1159537668773245 0.0
28.0 0.0 Car -1.0 -1.0 -1.0 -1.0 -1.0 -1.0 -1.0 2.129 1.995 5.141 2526.064 0.752 828.927 -1.5567818398321722 0.0
29.0 1.0 Car -1.0 -1.0 -1.0 -1.0 -1.0 -1.0 -1.0 2.167 1.633 4.895 2540.323 0.478 788.244 3.0374139505375792 0.0
29.0 0.0 Car -1.0 -1.0 -1.0 -1.0 -1.0 -1.0 -1.0 2.129 1.995 5.141 2526.085 0.798 826.247 -1.5556478795209019 0.0
30.0 1.0 Car -1.0 -1.0 -1.0 -1.0 -1.0 -1.0 -1.0 2.167 1.633 4.895 2539.28 0.586 788.523 2.9588741341978344 0.0
30.0 0.0 Car -1.0 -1.0 -1.0 -1.0 -1.0 -1.0 -1.0 2.129 1.995 5.141 2526.106 0.844 823.584 -1.5545139192096316 0.0
31.0 1.0 Car -1.0 -1.0 -1.0 -1.0 -1.0 -1.0 -1.0 2.167 1.633 4.895 2538.307 0.569 788.875 2.8541543790781745 0.0
31.0 0.0 Car -1.0 -1.0 -1.0 -1.0 -1.0 -1.0 -1.0 2.129 1.995 5.141 2526.15 0.891 820.887 -1.5068378455118463 0.0
32.0 1.0 Car -1.0 -1.0 -1.0 -1.0 -1.0 -1.0 -1.0 2.167 1.633 4.895 2537.157 0.753 789.315 2.7232546851786 0.0
32.0 0.0 Car -1.0 -1.0 -1.0 -1.0 -1.0 -1.0 -1.0 2.129 1.995 5.141 2526.175 0.937 818.322 -1.559518203803734 0.0
33.0 1.0 Car -1.0 -1.0 -1.0 -1.0 -1.0 -1.0 -1.0 2.167 1.633 4.895 2536.074 0.736 789.901 2.5923549912790254 0.0
33.0 0.0 Car -1.0 -1.0 -1.0 -1.0 -1.0 -1.0 -1.0 2.129 1.995 5.141 2525.947 0.983 815.914 -1.601726586583656 0.0
34.0 1.0 Car -1.0 -1.0 -1.0 -1.0 -1.0 -1.0 -1.0 2.167 1.633 4.895 2534.8 0.819 791.065 2.38873324521302 0.0
34.0 0.0 Car -1.0 -1.0 -1.0 -1.0 -1.0 -1.0 -1.0 2.129 1.995 5.141 2525.625 1.029 813.338 -1.6904770827500946 0.0
35.0 1.0 Car -1.0 -1.0 -1.0 -1.0 -1.0 -1.0 -1.0 2.167 1.633 4.895 2533.826 0.928 792.709 2.2287447304468735 0.0
35.0 0.0 Car -1.0 -1.0 -1.0 -1.0 -1.0 -1.0 -1.0 2.129 1.995 5.141 2524.97 1.018 811.021 -1.8290941289735116 0.0
36.0 1.0 Car -1.0 -1.0 -1.0 -1.0 -1.0 -1.0 -1.0 2.167 1.633 4.895 2532.947 0.836 795.127 1.9291298755211799 0.0
36.0 0.0 Car -1.0 -1.0 -1.0 -1.0 -1.0 -1.0 -1.0 2.129 1.995 5.141 2524.115 1.057 808.981 -1.9218962823320782 0.0
37.0 1.0 Car -1.0 -1.0 -1.0 -1.0 -1.0 -1.0 -1.0 2.167 1.633 4.895 2532.338 0.786 797.952 1.8156834741415486 0.0
37.0 0.0 Car -1.0 -1.0 -1.0 -1.0 -1.0 -1.0 -1.0 2.129 1.995 5.141 2522.977 1.097 806.851 -2.059301294352722 0.0
