0.0 7.0 Car -1.0 -1.0 -1.0 -1.0 -1.0 -1.0 -1.0 2.198 1.455 4.756 561.889 0.406 1527.277 -2.945396271091091 0.0
0.0 14.0 Truck -1.0 -1.0 -1.0 -1.0 -1.0 -1.0 -1.0 2.332 3.254 10.578 524.5 1.63 1542.494 -0.6122091417265132 0.0
0.0 0.0 Car -1.0 -1.0 -1.0 -1.0 -1.0 -1.0 -1.0 1.747 1.81 4.618 591.961 0.784 1508.997 -0.5552241416489007 0.0
0.0 9.0 Car -1.0 -1.0 -1.0 -1.0 -1.0 -1.0 -1.0 2.188 1.747 5.084 567.753 0.596 1520.04 -0.34686257538305787 0.0
0.0 11.0 Car -1.0 -1.0 -1.0 -1.0 -1.0 -1.0 -1.0 1.792 1.501 4.743 620.517 0.943 1495.186 2.59076674165892 0.0
0.0 8.0 Car -1.0 -1.0 -1.0 -1.0 -1.0 -1.0 -1.0 2.055 1.726 4.498 617.071 1.007 1501.47 2.5894751980118738 0.0
1.0 4.0 Bus -1.0 -1.0 -1.0 -1.0 -1.0 -1.0 -1.0 2.837 3.6 12.98 582.381 1.296 1510.913 -0.5500120636399367 0.0
1.0 7.0 Car -1.0 -1.0 -1.0 -1.0 -1.0 -1.0 -1.0 2.198 1.455 4.756 561.618 0.429 1527.079 -2.8892743171494257 1.0
1.0 14.0 Truck -1.0 -1.0 -1.0 -1.0 -1.0 -1.0 -1.0 2.332 3.254 10.578 527.061 1.615 1540.781 -0.5872660510857735 1.0
1.0 0.0 Car -1.0 -1.0 -1.0 -1.0 -1.0 -1.0 -1.0 1.747 1.81 4.618 596.27 0.804 1506.206 -0.5552241416489007 1.0
1.0 9.0 Car -1.0 -1.0 -1.0 -1.0 -1.0 -1.0 -1.0 2.188 1.747 5.084 570.41 0.678 1519.103 -0.2945026978232279 1.0
1.0 11.0 Car -1.0 -1.0 -1.0 -1.0 -1.0 -1.0 -1.0 1.792 1.501 4.743 615.634 0.9 1498.152 2.59076674165892 1.0
1.0 8.0 Car -1.0 -1.0 -1.0 -1.0 -1.0 -1.0 -1.0 2.055 1.726 4.498 616.767 0.993 1501.636 2.5894751980118738 1.0
2.0 4.0 Bus -1.0 -1.0 -1.0 -1.0 -1.0 -1.0 -1.0 2.837 3.6 12.98 582.244 1.341 1510.963 -0.5447998502328453 0.0
2.0 7.0 Car -1.0 -1.0 -1.0 -1.0 -1.0 -1.0 -1.0 2.198 1.455 4.756 561.359 0.453 1526.865 -2.8331509052849393 1.0
2.0 14.0 Truck -1.0 -1.0 -1.0 -1.0 -1.0 -1.0 -1.0 2.332 3.254 10.578 529.681 1.6 1539.159 -0.5623223124793357 1.0
2.0 0.0 Car -1.0 -1.0 -1.0 -1.0 -1.0 -1.0 -1.0 1.747 1.81 4.618 601.323 0.988 1503.351 -0.5552241416489007 1.0
2.0 9.0 Car -1.0 -1.0 -1.0 -1.0 -1.0 -1.0 -1.0 2.188 1.747 5.084 572.853 0.737 1518.441 -0.282672710009912 1.0
2.0 11.0 Car -1.0 -1.0 -1.0 -1.0 -1.0 -1.0 -1.0 1.792 1.501 4.743 610.957 0.821 1501.138 2.59076674165892 1.0
2.0 8.0 Car -1.0 -1.0 -1.0 -1.0 -1.0 -1.0 -1.0 2.055 1.726 4.498 616.151 1.009 1501.99 2.5894751980118738 1.0
3.0 4.0 Bus -1.0 -1.0 -1.0 -1.0 -1.0 -1.0 -1.0 2.837 3.6 12.98 582.135 1.377 1511.004 -0.540636066187453 0.0
3.0 7.0 Car -1.0 -1.0 -1.0 -1.0 -1.0 -1.0 -1.0 2.198 1.455 4.756 561.16 0.401 1526.685 -2.7883166384116014 1.0
3.0 14.0 Truck -1.0 -1.0 -1.0 -1.0 -1.0 -1.0 -1.0 2.332 3.254 10.578 531.737 1.588 1537.8 -0.5423959716467407 1.0
3.0 0.0 Car -1.0 -1.0 -1.0 -1.0 -1.0 -1.0 -1.0 1.747 1.81 4.618 605.184 1.01 1500.555 -0.5552241416489007 1.0
3.0 9.0 Car -1.0 -1.0 -1.0 -1.0 -1.0 -1.0 -1.0 2.188 1.747 5.084 574.816 0.694 1517.931 -0.3220714799607196 1.0
3.0 11.0 Car -1.0 -1.0 -1.0 -1.0 -1.0 -1.0 -1.0 1.792 1.501 4.743 607.621 0.75 1503.268 2.584627028048829 1.0
3.0 8.0 Car -1.0 -1.0 -1.0 -1.0 -1.0 -1.0 -1.0 2.055 1.726 4.498 615.327 1.009 1502.451 2.5894751980118738 1.0
4.0 4.0 Bus -1.0 -1.0 -1.0 -1.0 -1.0 -1.0 -1.0 2.837 3.6 12.98 582.012 1.418 1511.049 -0.5359479372707044 1.0
4.0 7.0 Car -1.0 -1.0 -1.0 -1.0 -1.0 -1.0 -1.0 2.198 1.455 4.756 560.634 0.421 1526.719 -2.8310475592635247 1.0
4.0 14.0 Truck -1.0 -1.0 -1.0 -1.0 -1.0 -1.0 -1.0 2.332 3.254 10.578 532.964 1.526 1537.185 -0.5423959716467407 1.0
4.0 0.0 Car -1.0 -1.0 -1.0 -1.0 -1.0 -1.0 -1.0 1.747 1.81 4.618 609.994 1.078 1497.556 -0.5552241416489007 1.0
4.0 9.0 Car -1.0 -1.0 -1.0 -1.0 -1.0 -1.0 -1.0 2.188 1.747 5.084 576.978 0.702 1517.202 -0.32712936522822683 1.0
4.0 11.0 Car -1.0 -1.0 -1.0 -1.0 -1.0 -1.0 -1.0 1.792 1.501 4.743 603.587 0.788 1505.776 2.5799120321986884 1.0
4.0 8.0 Car -1.0 -1.0 -1.0 -1.0 -1.0 -1.0 -1.0 2.055 1.726 4.498 614.225 1.009 1503.106 2.5894751980118738 1.0
5.0 4.0 Bus -1.0 -1.0 -1.0 -1.0 -1.0 -1.0 -1.0 2.837 3.6 12.98 581.875 1.463 1511.1 -0.5307415355678522 1.0
5.0 7.0 Car -1.0 -1.0 -1.0 -1.0 -1.0 -1.0 -1.0 2.198 1.455 4.756 560.238 0.469 1526.744 -2.8358964117850216 1.0
5.0 14.0 Truck -1.0 -1.0 -1.0 -1.0 -1.0 -1.0 -1.0 2.332 3.254 10.578 534.357 1.563 1536.549 -0.5423959716467407 1.0
5.0 0.0 Car -1.0 -1.0 -1.0 -1.0 -1.0 -1.0 -1.0 1.747 1.81 4.618 615.019 1.147 1494.378 -0.5552241416489007 0.0
5.0 9.0 Car -1.0 -1.0 -1.0 -1.0 -1.0 -1.0 -1.0 2.188 1.747 5.084 579.505 0.785 1516.131 -0.4205598881222805 1.0
5.0 11.0 Car -1.0 -1.0 -1.0 -1.0 -1.0 -1.0 -1.0 1.792 1.501 4.743 599.132 0.673 1508.517 2.5766052554104597 1.0
5.0 8.0 Car -1.0 -1.0 -1.0 -1.0 -1.0 -1.0 -1.0 2.055 1.726 4.498 613.189 1.009 1503.732 2.5894751980118738 1.0
6.0 4.0 Bus -1.0 -1.0 -1.0 -1.0 -1.0 -1.0 -1.0 2.837 3.6 12.98 581.739 1.508 1511.15 -0.5255296242027376 1.0
6.0 7.0 Car -1.0 -1.0 -1.0 -1.0 -1.0 -1.0 -1.0 2.198 1.455 4.756 560.01 0.396 1526.751 -2.7010501758118846 1.0
6.0 14.0 Truck -1.0 -1.0 -1.0 -1.0 -1.0 -1.0 -1.0 2.332 3.254 10.578 536.072 1.505 1535.524 -0.5191254729856327 1.0
6.0 0.0 Car -1.0 -1.0 -1.0 -1.0 -1.0 -1.0 -1.0 1.747 1.81 4.618 620.049 1.216 1491.197 -0.5552241416489007 0.0
6.0 9.0 Car -1.0 -1.0 -1.0 -1.0 -1.0 -1.0 -1.0 2.188 1.747 5.084 582.005 0.768 1514.996 -0.46171093618047765 1.0
6.0 11.0 Car -1.0 -1.0 -1.0 -1.0 -1.0 -1.0 -1.0 1.792 1.501 4.743 595.034 0.684 1511.025 2.59076674165892 1.0
6.0 8.0 Car -1.0 -1.0 -1.0 -1.0 -1.0 -1.0 -1.0 2.055 1.726 4.498 612.308 1.009 1504.259 2.5894751980118738 1.0
7.0 4.0 Bus -1.0 -1.0 -1.0 -1.0 -1.0 -1.0 -1.0 2.837 3.6 12.98 581.602 1.553 1511.2 -0.5203175566090144 1.0
7.0 7.0 Car -1.0 -1.0 -1.0 -1.0 -1.0 -1.0 -1.0 2.198 1.455 4.756 559.021 0.361 1525.83 -2.478739100249995 1.0
7.0 14.0 Truck -1.0 -1.0 -1.0 -1.0 -1.0 -1.0 -1.0 2.332 3.254 10.578 537.788 1.447 1534.495 -0.4958542767843377 1.0
7.0 0.0 Car -1.0 -1.0 -1.0 -1.0 -1.0 -1.0 -1.0 1.747 1.81 4.618 624.841 1.31 1488.144 -0.5552241416489007 0.0
7.0 9.0 Car -1.0 -1.0 -1.0 -1.0 -1.0 -1.0 -1.0 2.188 1.747 5.084 584.194 0.801 1513.52 -0.5377708491289575 1.0
7.0 11.0 Car -1.0 -1.0 -1.0 -1.0 -1.0 -1.0 -1.0 1.792 1.501 4.743 591.198 0.602 1513.382 2.5733134491389764 1.0
7.0 8.0 Car -1.0 -1.0 -1.0 -1.0 -1.0 -1.0 -1.0 2.055 1.726 4.498 611.714 1.026 1504.647 2.580755746659494 1.0
7.0 12.0 Car -1.0 -1.0 -1.0 -1.0 -1.0 -1.0 -1.0 2.381 1.727 5.015 546.444 0.4 1528.722 -0.3630633910035934 0.0
8.0 4.0 Bus -1.0 -1.0 -1.0 -1.0 -1.0 -1.0 -1.0 2.837 3.6 12.98 582.094 1.343 1510.939 -0.5238128290712923 1.0
8.0 7.0 Car -1.0 -1.0 -1.0 -1.0 -1.0 -1.0 -1.0 2.198 1.455 4.756 558.259 0.275 1524.713 -2.2564253592314993 1.0
8.0 14.0 Truck -1.0 -1.0 -1.0 -1.0 -1.0 -1.0 -1.0 2.332 3.254 10.578 539.514 1.339 1533.461 -0.4725828015669684 1.0
8.0 0.0 Car -1.0 -1.0 -1.0 -1.0 -1.0 -1.0 -1.0 1.747 1.81 4.618 629.634 1.404 1485.091 -0.5552241416489007 0.0
8.0 9.0 Car -1.0 -1.0 -1.0 -1.0 -1.0 -1.0 -1.0 2.188 1.747 5.084 587.03 0.8 1511.794 -0.555243542834412 1.0
8.0 11.0 Car -1.0 -1.0 -1.0 -1.0 -1.0 -1.0 -1.0 1.792 1.501 4.743 587.412 0.537 1515.731 2.6256733266988066 1.0
8.0 8.0 Car -1.0 -1.0 -1.0 -1.0 -1.0 -1.0 -1.0 2.055 1.726 4.498 611.582 0.993 1504.779 2.589489692543723 1.0
8.0 12.0 Car -1.0 -1.0 -1.0 -1.0 -1.0 -1.0 -1.0 2.381 1.727 5.015 547.743 0.391 1528.177 -0.3630633910035934 1.0
9.0 4.0 Bus -1.0 -1.0 -1.0 -1.0 -1.0 -1.0 -1.0 2.837 3.6 12.98 582.45 1.29 1510.754 -0.5273111607429718 1.0
9.0 7.0 Car -1.0 -1.0 -1.0 -1.0 -1.0 -1.0 -1.0 2.198 1.455 4.756 557.775 0.339 1523.438 -2.1560900875203086 1.0
9.0 14.0 Truck -1.0 -1.0 -1.0 -1.0 -1.0 -1.0 -1.0 2.332 3.254 10.578 541.162 1.381 1532.58 -0.45508508974428574 1.0
9.0 0.0 Car -1.0 -1.0 -1.0 -1.0 -1.0 -1.0 -1.0 1.747 1.81 4.618 634.537 1.499 1482.026 -0.5552241416489007 0.0
9.0 9.0 Car -1.0 -1.0 -1.0 -1.0 -1.0 -1.0 -1.0 2.188 1.747 5.084 589.799 0.799 1510.15 -0.5727315293759565 1.0
9.0 11.0 Car -1.0 -1.0 -1.0 -1.0 -1.0 -1.0 -1.0 1.792 1.501 4.743 584.136 0.595 1517.707 2.6082200341788635 1.0
9.0 8.0 Car -1.0 -1.0 -1.0 -1.0 -1.0 -1.0 -1.0 2.055 1.726 4.498 611.489 1.009 1504.819 2.5807779902246253 1.0
9.0 12.0 Car -1.0 -1.0 -1.0 -1.0 -1.0 -1.0 -1.0 2.381 1.727 5.015 549.044 0.382 1527.631 -0.3630633910035934 1.0
10.0 4.0 Bus -1.0 -1.0 -1.0 -1.0 -1.0 -1.0 -1.0 2.837 3.6 12.98 582.356 1.431 1510.832 -0.5307917308404314 1.0
10.0 7.0 Car -1.0 -1.0 -1.0 -1.0 -1.0 -1.0 -1.0 2.198 1.455 4.756 557.25 0.287 1522.242 -2.077141138995444 1.0
10.0 14.0 Truck -1.0 -1.0 -1.0 -1.0 -1.0 -1.0 -1.0 2.332 3.254 10.578 542.837 1.373 1531.766 -0.4376762165270822 1.0
10.0 0.0 Car -1.0 -1.0 -1.0 -1.0 -1.0 -1.0 -1.0 1.747 1.81 4.618 639.217 1.603 1479.117 -0.5509267291712691 0.0
10.0 9.0 Car -1.0 -1.0 -1.0 -1.0 -1.0 -1.0 -1.0 2.188 1.747 5.084 592.495 0.849 1508.419 -0.5901307266887867 1.0
10.0 11.0 Car -1.0 -1.0 -1.0 -1.0 -1.0 -1.0 -1.0 1.792 1.501 4.743 581.047 0.634 1519.575 2.6082200341788635 1.0
10.0 8.0 Car -1.0 -1.0 -1.0 -1.0 -1.0 -1.0 -1.0 2.055 1.726 4.498 611.264 1.026 1504.939 2.5894751980118738 1.0
10.0 12.0 Car -1.0 -1.0 -1.0 -1.0 -1.0 -1.0 -1.0 2.381 1.727 5.015 550.339 0.373 1527.088 -0.3630633910035934 1.0
11.0 4.0 Bus -1.0 -1.0 -1.0 -1.0 -1.0 -1.0 -1.0 2.837 3.6 12.98 582.252 1.588 1510.917 -0.5346306894146391 1.0
11.0 7.0 Car -1.0 -1.0 -1.0 -1.0 -1.0 -1.0 -1.0 2.198 1.455 4.756 556.692 0.289 1520.934 -1.916655506684423 1.0
11.0 14.0 Truck -1.0 -1.0 -1.0 -1.0 -1.0 -1.0 -1.0 2.332 3.254 10.578 543.722 1.277 1531.423 -0.4376762165270822 1.0
11.0 0.0 Car -1.0 -1.0 -1.0 -1.0 -1.0 -1.0 -1.0 1.747 1.81 4.618 644.378 1.719 1475.907 -0.5461868193243307 0.0
11.0 1.0 Car -1.0 -1.0 -1.0 -1.0 -1.0 -1.0 -1.0 2.032 1.784 4.581 556.871 0.612 1528.658 -0.5021338098826647 0.0
11.0 9.0 Car -1.0 -1.0 -1.0 -1.0 -1.0 -1.0 -1.0 2.188 1.747 5.084 595.462 0.84 1506.384 -0.5982215973215711 0.0
11.0 11.0 Car -1.0 -1.0 -1.0 -1.0 -1.0 -1.0 -1.0 1.792 1.501 4.743 578.106 0.716 1521.158 2.6082200341788635 1.0
11.0 16.0 Car -1.0 -1.0 -1.0 -1.0 -1.0 -1.0 -1.0 2.211 1.924 4.811 519.075 1.366 1550.19 -0.5204048230716118 0.0
11.0 8.0 Car -1.0 -1.0 -1.0 -1.0 -1.0 -1.0 -1.0 2.055 1.726 4.498 610.801 1.044 1505.294 2.5894751980118738 1.0
11.0 12.0 Car -1.0 -1.0 -1.0 -1.0 -1.0 -1.0 -1.0 2.381 1.727 5.015 551.766 0.363 1526.489 -0.3630633910035934 1.0
12.0 4.0 Bus -1.0 -1.0 -1.0 -1.0 -1.0 -1.0 -1.0 2.837 3.6 12.98 582.168 1.716 1510.987 -0.5377708491289575 1.0
12.0 7.0 Car -1.0 -1.0 -1.0 -1.0 -1.0 -1.0 -1.0 2.198 1.455 4.756 556.265 0.289 1519.78 -1.8532255063512282 1.0
12.0 14.0 Truck -1.0 -1.0 -1.0 -1.0 -1.0 -1.0 -1.0 2.332 3.254 10.578 544.451 1.29 1531.154 -0.4376762165270822 1.0
12.0 0.0 Car -1.0 -1.0 -1.0 -1.0 -1.0 -1.0 -1.0 1.747 1.81 4.618 648.686 1.871 1473.23 -0.5423097069087767 0.0
12.0 1.0 Car -1.0 -1.0 -1.0 -1.0 -1.0 -1.0 -1.0 2.032 1.784 4.581 559.443 0.642 1527.285 -0.4938742888717944 1.0
12.0 9.0 Car -1.0 -1.0 -1.0 -1.0 -1.0 -1.0 -1.0 2.188 1.747 5.084 598.233 0.964 1504.658 -0.590563400581436 0.0
12.0 11.0 Car -1.0 -1.0 -1.0 -1.0 -1.0 -1.0 -1.0 1.792 1.501 4.743 576.394 0.66 1522.205 2.6082200341788635 1.0
12.0 16.0 Car -1.0 -1.0 -1.0 -1.0 -1.0 -1.0 -1.0 2.211 1.924 4.811 520.961 1.305 1549.089 -0.523146455023547 1.0
12.0 8.0 Car -1.0 -1.0 -1.0 -1.0 -1.0 -1.0 -1.0 2.055 1.726 4.498 610.191 1.059 1505.675 2.606928490531817 1.0
12.0 12.0 Car -1.0 -1.0 -1.0 -1.0 -1.0 -1.0 -1.0 2.381 1.727 5.015 552.934 0.355 1525.999 -0.3630633910035934 1.0
13.0 4.0 Bus -1.0 -1.0 -1.0 -1.0 -1.0 -1.0 -1.0 2.837 3.6 12.98 582.749 1.722 1510.691 -0.5349072114765323 1.0
13.0 7.0 Car -1.0 -1.0 -1.0 -1.0 -1.0 -1.0 -1.0 2.198 1.455 4.756 555.917 0.189 1518.413 -1.8199526326793765 1.0
13.0 14.0 Truck -1.0 -1.0 -1.0 -1.0 -1.0 -1.0 -1.0 2.332 3.254 10.578 545.26 1.249 1530.848 -0.4376762165270822 1.0
13.0 15.0 Car -1.0 -1.0 -1.0 -1.0 -1.0 -1.0 -1.0 2.006 2.28 6.019 538.354 1.24 1538.84 -0.49724430389647706 0.0
13.0 0.0 Car -1.0 -1.0 -1.0 -1.0 -1.0 -1.0 -1.0 1.747 1.81 4.618 653.681 2.169 1470.129 -0.5379940467613324 0.0
13.0 1.0 Car -1.0 -1.0 -1.0 -1.0 -1.0 -1.0 -1.0 2.032 1.784 4.581 562.305 0.676 1525.756 -0.4846805173627215 0.0
13.0 9.0 Car -1.0 -1.0 -1.0 -1.0 -1.0 -1.0 -1.0 2.188 1.747 5.084 601.327 1.147 1502.546 -0.5994922628217464 0.0
13.0 11.0 Car -1.0 -1.0 -1.0 -1.0 -1.0 -1.0 -1.0 1.792 1.501 4.743 574.634 0.648 1523.104 2.6256733266988066 0.0
13.0 16.0 Car -1.0 -1.0 -1.0 -1.0 -1.0 -1.0 -1.0 2.211 1.924 4.811 523.061 1.237 1547.864 -0.5261981983019878 1.0
13.0 8.0 Car -1.0 -1.0 -1.0 -1.0 -1.0 -1.0 -1.0 2.055 1.726 4.498 609.192 1.158 1506.202 2.6069284905318173 1.0
13.0 12.0 Car -1.0 -1.0 -1.0 -1.0 -1.0 -1.0 -1.0 2.381 1.727 5.015 554.234 0.345 1525.453 -0.3630633910035934 1.0
14.0 4.0 Bus -1.0 -1.0 -1.0 -1.0 -1.0 -1.0 -1.0 2.837 3.6 12.98 583.387 1.729 1510.366 -0.5317623623223388 1.0
14.0 7.0 Car -1.0 -1.0 -1.0 -1.0 -1.0 -1.0 -1.0 2.198 1.455 4.756 555.587 0.239 1516.901 -1.7834123362714558 1.0
14.0 14.0 Truck -1.0 -1.0 -1.0 -1.0 -1.0 -1.0 -1.0 2.332 3.254 10.578 546.9 1.326 1530.333 -0.4067209122722315 1.0
14.0 15.0 Car -1.0 -1.0 -1.0 -1.0 -1.0 -1.0 -1.0 2.006 2.28 6.019 540.36 1.237 1537.883 -0.4943059685976659 1.0
14.0 0.0 Car -1.0 -1.0 -1.0 -1.0 -1.0 -1.0 -1.0 1.747 1.81 4.618 658.859 2.27 1466.707 -0.5332545853448427 0.0
14.0 1.0 Car -1.0 -1.0 -1.0 -1.0 -1.0 -1.0 -1.0 2.032 1.784 4.581 566.28 0.751 1523.701 -0.4908715782136915 0.0
14.0 9.0 Car -1.0 -1.0 -1.0 -1.0 -1.0 -1.0 -1.0 2.188 1.747 5.084 604.786 1.088 1500.084 -0.60758401920873 0.0
14.0 11.0 Car -1.0 -1.0 -1.0 -1.0 -1.0 -1.0 -1.0 1.792 1.501 4.743 573.695 0.647 1523.961 2.5733134491389764 0.0
14.0 16.0 Car -1.0 -1.0 -1.0 -1.0 -1.0 -1.0 -1.0 2.211 1.924 4.811 525.368 1.162 1546.518 -0.5295496252047212 1.0
14.0 8.0 Car -1.0 -1.0 -1.0 -1.0 -1.0 -1.0 -1.0 2.055 1.726 4.498 607.594 1.113 1507.094 2.6069284905318173 1.0
14.0 12.0 Car -1.0 -1.0 -1.0 -1.0 -1.0 -1.0 -1.0 2.381 1.727 5.015 555.711 0.399 1525.011 -0.3630633910035934 1.0
15.0 4.0 Bus -1.0 -1.0 -1.0 -1.0 -1.0 -1.0 -1.0 2.837 3.6 12.98 583.968 1.808 1510.071 -0.5289051163606078 1.0
15.0 7.0 Car -1.0 -1.0 -1.0 -1.0 -1.0 -1.0 -1.0 2.198 1.455 4.756 555.306 0.139 1515.509 -1.745643008762412 0.0
15.0 14.0 Truck -1.0 -1.0 -1.0 -1.0 -1.0 -1.0 -1.0 2.332 3.254 10.578 548.244 1.305 1529.524 -0.37859653690802797 1.0
15.0 15.0 Car -1.0 -1.0 -1.0 -1.0 -1.0 -1.0 -1.0 2.006 2.28 6.019 542.096 1.221 1536.85 -0.49163635035682063 1.0
15.0 0.0 Car -1.0 -1.0 -1.0 -1.0 -1.0 -1.0 -1.0 1.747 1.81 4.618 663.643 2.486 1463.734 -0.5289485578283912 0.0
15.0 1.0 Car -1.0 -1.0 -1.0 -1.0 -1.0 -1.0 -1.0 2.032 1.784 4.581 569.892 0.819 1521.833 -0.4964964532865323 0.0
15.0 9.0 Car -1.0 -1.0 -1.0 -1.0 -1.0 -1.0 -1.0 2.188 1.747 5.084 608.221 1.221 1497.85 -0.5726774341688436 0.0
15.0 11.0 Car -1.0 -1.0 -1.0 -1.0 -1.0 -1.0 -1.0 1.792 1.501 4.743 573.086 0.633 1524.24 2.5733134491389764 0.0
15.0 16.0 Car -1.0 -1.0 -1.0 -1.0 -1.0 -1.0 -1.0 2.211 1.924 4.811 527.36 1.216 1545.352 -0.5378581155915549 1.0
15.0 8.0 Car -1.0 -1.0 -1.0 -1.0 -1.0 -1.0 -1.0 2.055 1.726 4.498 606.103 1.163 1508.015 2.6069284905318173 1.0
15.0 12.0 Car -1.0 -1.0 -1.0 -1.0 -1.0 -1.0 -1.0 2.381 1.727 5.015 557.053 0.447 1524.61 -0.3630633910035934 0.0
16.0 4.0 Bus -1.0 -1.0 -1.0 -1.0 -1.0 -1.0 -1.0 2.837 3.6 12.98 585.415 1.852 1509.164 -0.5245620407956944 0.0
16.0 7.0 Car -1.0 -1.0 -1.0 -1.0 -1.0 -1.0 -1.0 2.198 1.455 4.756 555.077 0.239 1514.105 -1.7077898716158357 0.0
16.0 14.0 Truck -1.0 -1.0 -1.0 -1.0 -1.0 -1.0 -1.0 2.332 3.254 10.578 549.745 1.284 1529.092 -0.3504097539273656 1.0
16.0 15.0 Car -1.0 -1.0 -1.0 -1.0 -1.0 -1.0 -1.0 2.006 2.28 6.019 543.835 1.205 1535.815 -0.48896080826845534 1.0
16.0 0.0 Car -1.0 -1.0 -1.0 -1.0 -1.0 -1.0 -1.0 1.747 1.81 4.618 668.438 2.702 1460.754 -0.5246329752939092 0.0
16.0 1.0 Car -1.0 -1.0 -1.0 -1.0 -1.0 -1.0 -1.0 2.032 1.784 4.581 573.512 0.888 1519.961 -0.5021338098826647 0.0
16.0 9.0 Car -1.0 -1.0 -1.0 -1.0 -1.0 -1.0 -1.0 2.188 1.747 5.084 611.971 1.304 1495.49 -0.5552241416489007 0.0
16.0 11.0 Car -1.0 -1.0 -1.0 -1.0 -1.0 -1.0 -1.0 1.792 1.501 4.743 572.649 0.696 1524.486 2.6082200341788635 0.0
16.0 16.0 Car -1.0 -1.0 -1.0 -1.0 -1.0 -1.0 -1.0 2.211 1.924 4.811 528.936 1.235 1544.419 -0.5356474252842034 1.0
16.0 8.0 Car -1.0 -1.0 -1.0 -1.0 -1.0 -1.0 -1.0 2.055 1.726 4.498 604.155 1.154 1509.078 2.5894751980118738 1.0
16.0 12.0 Car -1.0 -1.0 -1.0 -1.0 -1.0 -1.0 -1.0 2.381 1.727 5.015 558.399 0.496 1524.207 -0.3630633910035934 0.0
17.0 4.0 Bus -1.0 -1.0 -1.0 -1.0 -1.0 -1.0 -1.0 2.837 3.6 12.98 586.862 1.897 1508.258 -0.520219130124195 0.0
17.0 7.0 Car -1.0 -1.0 -1.0 -1.0 -1.0 -1.0 -1.0 2.198 1.455 4.756 554.936 0.239 1513.13 -1.7048773472357486 0.0
17.0 14.0 Truck -1.0 -1.0 -1.0 -1.0 -1.0 -1.0 -1.0 2.332 3.254 10.578 551.401 1.276 1528.47 -0.33294737106911465 1.0
17.0 15.0 Car -1.0 -1.0 -1.0 -1.0 -1.0 -1.0 -1.0 2.006 2.28 6.019 545.613 1.214 1534.853 -0.4862853677623127 1.0
17.0 1.0 Car -1.0 -1.0 -1.0 -1.0 -1.0 -1.0 -1.0 2.032 1.784 4.581 577.657 0.978 1517.756 -0.5021338098826647 0.0
17.0 9.0 Car -1.0 -1.0 -1.0 -1.0 -1.0 -1.0 -1.0 2.188 1.747 5.084 615.935 1.487 1492.953 -0.5552241416489007 0.0
17.0 11.0 Car -1.0 -1.0 -1.0 -1.0 -1.0 -1.0 -1.0 1.792 1.501 4.743 572.468 0.76 1524.68 2.5733134491389764 0.0
17.0 16.0 Car -1.0 -1.0 -1.0 -1.0 -1.0 -1.0 -1.0 2.211 1.924 4.811 530.512 1.254 1543.487 -0.5334368189100616 1.0
17.0 8.0 Car -1.0 -1.0 -1.0 -1.0 -1.0 -1.0 -1.0 2.055 1.726 4.498 602.109 1.164 1510.326 2.5894751980118738 1.0
17.0 12.0 Car -1.0 -1.0 -1.0 -1.0 -1.0 -1.0 -1.0 2.381 1.727 5.015 559.744 0.545 1523.805 -0.3630633910035934 0.0
18.0 4.0 Bus -1.0 -1.0 -1.0 -1.0 -1.0 -1.0 -1.0 2.837 3.6 12.98 588.308 1.942 1507.352 -0.5158807410036848 0.0
18.0 7.0 Car -1.0 -1.0 -1.0 -1.0 -1.0 -1.0 -1.0 2.198 1.455 4.756 554.878 0.339 1512.607 -1.7019678551831687 0.0
18.0 14.0 Truck -1.0 -1.0 -1.0 -1.0 -1.0 -1.0 -1.0 2.332 3.254 10.578 553.129 1.468 1528.055 -0.315503168887479 1.0
18.0 15.0 Car -1.0 -1.0 -1.0 -1.0 -1.0 -1.0 -1.0 2.006 2.28 6.019 547.389 1.223 1533.892 -0.4836127127476484 1.0
18.0 1.0 Car -1.0 -1.0 -1.0 -1.0 -1.0 -1.0 -1.0 2.032 1.784 4.581 581.853 1.068 1515.523 -0.5021338098826647 0.0
18.0 9.0 Car -1.0 -1.0 -1.0 -1.0 -1.0 -1.0 -1.0 2.188 1.747 5.084 619.951 1.569 1490.485 -0.5552241416489007 0.0
18.0 11.0 Car -1.0 -1.0 -1.0 -1.0 -1.0 -1.0 -1.0 1.792 1.501 4.743 572.299 0.773 1524.669 2.6082200341788635 0.0
18.0 16.0 Car -1.0 -1.0 -1.0 -1.0 -1.0 -1.0 -1.0 2.211 1.924 4.811 532.087 1.272 1542.555 -0.531228514072883 1.0
18.0 8.0 Car -1.0 -1.0 -1.0 -1.0 -1.0 -1.0 -1.0 2.055 1.726 4.498 599.699 1.161 1511.779 2.5894751980118738 1.0
18.0 12.0 Car -1.0 -1.0 -1.0 -1.0 -1.0 -1.0 -1.0 2.381 1.727 5.015 561.088 0.594 1523.403 -0.3630633910035934 0.0
19.0 4.0 Bus -1.0 -1.0 -1.0 -1.0 -1.0 -1.0 -1.0 2.837 3.6 12.98 590.317 1.986 1506.128 -0.5173575257936917 0.0
19.0 7.0 Car -1.0 -1.0 -1.0 -1.0 -1.0 -1.0 -1.0 2.198 1.455 4.756 554.843 0.389 1512.345 -1.6990553599041136 0.0
19.0 14.0 Truck -1.0 -1.0 -1.0 -1.0 -1.0 -1.0 -1.0 2.332 3.254 10.578 554.926 1.747 1527.73 -0.3215247609973324 1.0
19.0 15.0 Car -1.0 -1.0 -1.0 -1.0 -1.0 -1.0 -1.0 2.006 2.28 6.019 548.73 1.173 1533.251 -0.48953497966238396 1.0
19.0 1.0 Car -1.0 -1.0 -1.0 -1.0 -1.0 -1.0 -1.0 2.032 1.784 4.581 586.484 1.141 1512.956 -0.5021338098826647 0.0
19.0 9.0 Car -1.0 -1.0 -1.0 -1.0 -1.0 -1.0 -1.0 2.188 1.747 5.084 624.057 1.752 1488.094 -0.5552241416489007 0.0
19.0 11.0 Car -1.0 -1.0 -1.0 -1.0 -1.0 -1.0 -1.0 1.792 1.501 4.743 572.373 0.782 1524.728 2.618913791286384 0.0
19.0 16.0 Car -1.0 -1.0 -1.0 -1.0 -1.0 -1.0 -1.0 2.211 1.924 4.811 533.663 1.291 1541.622 -0.5290179297864285 1.0
19.0 8.0 Car -1.0 -1.0 -1.0 -1.0 -1.0 -1.0 -1.0 2.055 1.726 4.498 597.251 1.152 1513.264 2.5894751980118738 1.0
19.0 12.0 Car -1.0 -1.0 -1.0 -1.0 -1.0 -1.0 -1.0 2.381 1.727 5.015 562.433 0.642 1523.0 -0.3630633910035934 0.0
20.0 4.0 Bus -1.0 -1.0 -1.0 -1.0 -1.0 -1.0 -1.0 2.837 3.6 12.98 592.689 2.088 1504.776 -0.5144005531364266 0.0
20.0 7.0 Car -1.0 -1.0 -1.0 -1.0 -1.0 -1.0 -1.0 2.198 1.455 4.756 554.765 0.389 1511.759 -1.69614587367174 0.0
20.0 14.0 Truck -1.0 -1.0 -1.0 -1.0 -1.0 -1.0 -1.0 2.332 3.254 10.578 556.746 1.675 1527.017 -0.3275401318947808 1.0
20.0 15.0 Car -1.0 -1.0 -1.0 -1.0 -1.0 -1.0 -1.0 2.006 2.28 6.019 550.07 1.124 1532.61 -0.49545112798261476 1.0
20.0 1.0 Car -1.0 -1.0 -1.0 -1.0 -1.0 -1.0 -1.0 2.032 1.784 4.581 591.138 1.214 1510.376 -0.5021338098826647 0.0
20.0 9.0 Car -1.0 -1.0 -1.0 -1.0 -1.0 -1.0 -1.0 2.188 1.747 5.084 628.76 1.904 1485.293 -0.5492065096020959 0.0
20.0 11.0 Car -1.0 -1.0 -1.0 -1.0 -1.0 -1.0 -1.0 1.792 1.501 4.743 572.456 0.791 1524.728 2.594689915090842 0.0
20.0 16.0 Car -1.0 -1.0 -1.0 -1.0 -1.0 -1.0 -1.0 2.211 1.924 4.811 535.178 1.247 1540.725 -0.5268096293667871 1.0
20.0 8.0 Car -1.0 -1.0 -1.0 -1.0 -1.0 -1.0 -1.0 2.055 1.726 4.498 594.811 1.143 1514.756 2.5894751980118738 1.0
20.0 12.0 Car -1.0 -1.0 -1.0 -1.0 -1.0 -1.0 -1.0 2.381 1.727 5.015 564.733 0.558 1522.201 -0.3630633910035934 0.0
21.0 4.0 Bus -1.0 -1.0 -1.0 -1.0 -1.0 -1.0 -1.0 2.837 3.6 12.98 594.825 2.18 1503.558 -0.5117380509325454 0.0
21.0 7.0 Car -1.0 -1.0 -1.0 -1.0 -1.0 -1.0 -1.0 2.198 1.455 4.756 554.748 0.435 1511.62 -1.69614587367174 0.0
21.0 14.0 Truck -1.0 -1.0 -1.0 -1.0 -1.0 -1.0 -1.0 2.332 3.254 10.578 558.689 1.897 1526.186 -0.3329564614074223 1.0
21.0 15.0 Car -1.0 -1.0 -1.0 -1.0 -1.0 -1.0 -1.0 2.006 2.28 6.019 551.277 1.079 1532.033 -0.5007781160095077 1.0
21.0 1.0 Car -1.0 -1.0 -1.0 -1.0 -1.0 -1.0 -1.0 2.032 1.784 4.581 595.437 1.28 1507.994 -0.5021338098826647 0.0
21.0 9.0 Car -1.0 -1.0 -1.0 -1.0 -1.0 -1.0 -1.0 2.188 1.747 5.084 632.994 2.041 1482.771 -0.5437881441169106 0.0
21.0 11.0 Car -1.0 -1.0 -1.0 -1.0 -1.0 -1.0 -1.0 1.792 1.501 4.743 572.444 0.793 1524.748 2.6217620776979347 0.0
21.0 16.0 Car -1.0 -1.0 -1.0 -1.0 -1.0 -1.0 -1.0 2.211 1.924 4.811 536.542 1.207 1539.917 -0.5248212427918623 1.0
21.0 8.0 Car -1.0 -1.0 -1.0 -1.0 -1.0 -1.0 -1.0 2.055 1.726 4.498 592.594 1.135 1516.158 2.5894751980118738 1.0
21.0 12.0 Car -1.0 -1.0 -1.0 -1.0 -1.0 -1.0 -1.0 2.381 1.727 5.015 567.422 0.608 1521.101 -0.3796025874960105 0.0
22.0 4.0 Bus -1.0 -1.0 -1.0 -1.0 -1.0 -1.0 -1.0 2.837 3.6 12.98 597.198 2.281 1502.205 -0.5087812439008617 0.0
22.0 2.0 Car -1.0 -1.0 -1.0 -1.0 -1.0 -1.0 -1.0 2.23 1.773 4.98 544.081 1.062 1535.303 -0.5029515305516687 0.0
22.0 7.0 Car -1.0 -1.0 -1.0 -1.0 -1.0 -1.0 -1.0 2.198 1.455 4.756 554.748 0.489 1511.62 -1.69614587367174 0.0
22.0 14.0 Truck -1.0 -1.0 -1.0 -1.0 -1.0 -1.0 -1.0 2.332 3.254 10.578 561.267 1.873 1525.223 -0.3504094920617257 1.0
22.0 15.0 Car -1.0 -1.0 -1.0 -1.0 -1.0 -1.0 -1.0 2.006 2.28 6.019 552.667 1.092 1531.349 -0.5066939329551811 1.0
22.0 1.0 Car -1.0 -1.0 -1.0 -1.0 -1.0 -1.0 -1.0 2.032 1.784 4.581 600.381 1.487 1505.237 -0.5195804825239917 0.0
22.0 9.0 Car -1.0 -1.0 -1.0 -1.0 -1.0 -1.0 -1.0 2.188 1.747 5.084 637.696 2.192 1479.97 -0.5377708491289575 0.0
22.0 11.0 Car -1.0 -1.0 -1.0 -1.0 -1.0 -1.0 -1.0 1.792 1.501 4.743 572.397 0.792 1524.765 2.614990895663788 0.0
22.0 16.0 Car -1.0 -1.0 -1.0 -1.0 -1.0 -1.0 -1.0 2.211 1.924 4.811 538.057 1.163 1539.021 -0.5226130660632671 1.0
22.0 13.0 Car -1.0 -1.0 -1.0 -1.0 -1.0 -1.0 -1.0 2.282 1.734 4.845 511.113 1.392 1556.092 -0.5518207496089733 0.0
22.0 8.0 Car -1.0 -1.0 -1.0 -1.0 -1.0 -1.0 -1.0 2.055 1.726 4.498 590.015 1.127 1517.73 2.5720219054919307 1.0
22.0 12.0 Car -1.0 -1.0 -1.0 -1.0 -1.0 -1.0 -1.0 2.381 1.727 5.015 570.421 0.724 1519.911 -0.39796997604348006 0.0
23.0 4.0 Bus -1.0 -1.0 -1.0 -1.0 -1.0 -1.0 -1.0 2.837 3.6 12.98 599.57 2.383 1500.852 -0.5058243481411879 0.0
23.0 2.0 Car -1.0 -1.0 -1.0 -1.0 -1.0 -1.0 -1.0 2.23 1.773 4.98 545.634 1.062 1534.488 -0.5029515305516687 1.0
23.0 7.0 Car -1.0 -1.0 -1.0 -1.0 -1.0 -1.0 -1.0 2.198 1.455 4.756 554.762 0.539 1511.736 -1.69614587367174 0.0
23.0 14.0 Truck -1.0 -1.0 -1.0 -1.0 -1.0 -1.0 -1.0 2.332 3.254 10.578 564.207 1.889 1524.184 -0.36786304644730894 1.0
23.0 15.0 Car -1.0 -1.0 -1.0 -1.0 -1.0 -1.0 -1.0 2.006 2.28 6.019 554.058 1.106 1530.664 -0.5126099274229383 1.0
23.0 5.0 Bus -1.0 -1.0 -1.0 -1.0 -1.0 -1.0 -1.0 3.129 3.021 8.116 488.452 2.444 1568.605 -0.5343674570890302 0.0
23.0 1.0 Car -1.0 -1.0 -1.0 -1.0 -1.0 -1.0 -1.0 2.032 1.784 4.581 605.415 1.694 1502.256 -0.5370276787058068 0.0
23.0 11.0 Car -1.0 -1.0 -1.0 -1.0 -1.0 -1.0 -1.0 1.792 1.501 4.743 572.318 0.874 1524.9 2.6082200341788635 0.0
23.0 16.0 Car -1.0 -1.0 -1.0 -1.0 -1.0 -1.0 -1.0 2.211 1.924 4.811 539.606 1.118 1538.103 -0.5204048230716118 1.0
23.0 13.0 Car -1.0 -1.0 -1.0 -1.0 -1.0 -1.0 -1.0 2.282 1.734 4.845 512.675 1.342 1555.178 -0.5518207496089733 1.0
23.0 8.0 Car -1.0 -1.0 -1.0 -1.0 -1.0 -1.0 -1.0 2.055 1.726 4.498 587.445 1.168 1519.4 2.5894751980118738 1.0
23.0 12.0 Car -1.0 -1.0 -1.0 -1.0 -1.0 -1.0 -1.0 2.381 1.727 5.015 574.871 0.891 1517.833 -0.43574937613299625 0.0
24.0 4.0 Bus -1.0 -1.0 -1.0 -1.0 -1.0 -1.0 -1.0 2.837 3.6 12.98 601.944 2.485 1499.498 -0.5028642640890713 0.0
24.0 2.0 Car -1.0 -1.0 -1.0 -1.0 -1.0 -1.0 -1.0 2.23 1.773 4.98 547.188 1.028 1533.672 -0.4913119162527498 0.0
24.0 7.0 Car -1.0 -1.0 -1.0 -1.0 -1.0 -1.0 -1.0 2.198 1.455 4.756 554.764 0.514 1511.747 -1.69614587367174 0.0
24.0 14.0 Truck -1.0 -1.0 -1.0 -1.0 -1.0 -1.0 -1.0 2.332 3.254 10.578 567.17 2.106 1522.944 -0.4086016964935262 1.0
24.0 15.0 Car -1.0 -1.0 -1.0 -1.0 -1.0 -1.0 -1.0 2.006 2.28 6.019 555.45 1.119 1529.979 -0.5185323008509246 1.0
24.0 5.0 Bus -1.0 -1.0 -1.0 -1.0 -1.0 -1.0 -1.0 3.129 3.021 8.116 489.986 2.427 1567.766 -0.5169141645690871 1.0
24.0 1.0 Car -1.0 -1.0 -1.0 -1.0 -1.0 -1.0 -1.0 2.032 1.784 4.581 610.453 1.901 1499.269 -0.5544936874424939 0.0
24.0 11.0 Car -1.0 -1.0 -1.0 -1.0 -1.0 -1.0 -1.0 1.792 1.501 4.743 572.171 0.935 1525.0 2.6082200341788635 1.0
24.0 16.0 Car -1.0 -1.0 -1.0 -1.0 -1.0 -1.0 -1.0 2.211 1.924 4.811 541.283 1.143 1537.185 -0.5087652087726928 1.0
24.0 13.0 Car -1.0 -1.0 -1.0 -1.0 -1.0 -1.0 -1.0 2.282 1.734 4.845 514.238 1.292 1554.263 -0.5518207496089733 1.0
24.0 8.0 Car -1.0 -1.0 -1.0 -1.0 -1.0 -1.0 -1.0 2.055 1.726 4.498 584.658 1.206 1521.068 2.5720219054919307 1.0
24.0 12.0 Car -1.0 -1.0 -1.0 -1.0 -1.0 -1.0 -1.0 2.381 1.727 5.015 579.258 1.057 1515.618 -0.47356951211095005 0.0
25.0 4.0 Bus -1.0 -1.0 -1.0 -1.0 -1.0 -1.0 -1.0 2.837 3.6 12.98 604.842 2.612 1497.838 -0.5028642640890713 0.0
25.0 2.0 Car -1.0 -1.0 -1.0 -1.0 -1.0 -1.0 -1.0 2.23 1.773 4.98 548.743 0.995 1532.857 -0.4796718600197116 0.0
25.0 10.0 Car -1.0 -1.0 -1.0 -1.0 -1.0 -1.0 -1.0 2.292 1.813 4.798 531.367 1.333 1543.984 -0.5692740421289164 0.0
25.0 7.0 Car -1.0 -1.0 -1.0 -1.0 -1.0 -1.0 -1.0 2.198 1.455 4.756 554.765 0.489 1511.759 -1.69614587367174 0.0
25.0 14.0 Truck -1.0 -1.0 -1.0 -1.0 -1.0 -1.0 -1.0 2.332 3.254 10.578 571.398 2.273 1520.965 -0.44934189330915864 0.0
25.0 15.0 Car -1.0 -1.0 -1.0 -1.0 -1.0 -1.0 -1.0 2.006 2.28 6.019 557.646 1.175 1528.838 -0.5131885600353945 1.0
25.0 5.0 Bus -1.0 -1.0 -1.0 -1.0 -1.0 -1.0 -1.0 3.129 3.021 8.116 491.52 2.411 1566.927 -0.499460872049144 1.0
25.0 11.0 Car -1.0 -1.0 -1.0 -1.0 -1.0 -1.0 -1.0 1.792 1.501 4.743 572.165 0.985 1525.024 2.6431266192187497 1.0
25.0 16.0 Car -1.0 -1.0 -1.0 -1.0 -1.0 -1.0 -1.0 2.211 1.924 4.811 542.961 1.168 1536.267 -0.4971251525396548 1.0
25.0 6.0 Car -1.0 -1.0 -1.0 -1.0 -1.0 -1.0 -1.0 2.418 1.782 5.525 525.25 0.912 1541.685 -0.5867273346488596 0.0
25.0 13.0 Car -1.0 -1.0 -1.0 -1.0 -1.0 -1.0 -1.0 2.282 1.734 4.845 515.802 1.342 1553.348 -0.5518207496089733 1.0
25.0 3.0 Truck -1.0 -1.0 -1.0 -1.0 -1.0 -1.0 -1.0 2.962 3.151 6.96 473.24 2.66 1578.969 -0.5518207496089733 0.0
25.0 8.0 Car -1.0 -1.0 -1.0 -1.0 -1.0 -1.0 -1.0 2.055 1.726 4.498 581.991 1.205 1522.804 2.5720219054919307 1.0
25.0 12.0 Car -1.0 -1.0 -1.0 -1.0 -1.0 -1.0 -1.0 2.381 1.727 5.015 584.319 1.223 1512.937 -0.4561162195910069 0.0
26.0 4.0 Bus -1.0 -1.0 -1.0 -1.0 -1.0 -1.0 -1.0 2.837 3.6 12.98 607.736 2.739 1496.179 -0.5028642640890713 0.0
26.0 2.0 Car -1.0 -1.0 -1.0 -1.0 -1.0 -1.0 -1.0 2.23 1.773 4.98 550.296 0.962 1532.042 -0.4680449455117826 0.0
26.0 10.0 Car -1.0 -1.0 -1.0 -1.0 -1.0 -1.0 -1.0 2.292 1.813 4.798 532.899 1.301 1543.022 -0.5692740421289164 1.0
26.0 7.0 Car -1.0 -1.0 -1.0 -1.0 -1.0 -1.0 -1.0 2.198 1.455 4.756 554.748 0.607 1511.62 -1.7310524587116263 0.0
26.0 14.0 Truck -1.0 -1.0 -1.0 -1.0 -1.0 -1.0 -1.0 2.332 3.254 10.578 575.173 2.339 1519.06 -0.49003609408691107 0.0
26.0 15.0 Car -1.0 -1.0 -1.0 -1.0 -1.0 -1.0 -1.0 2.006 2.28 6.019 559.839 1.232 1527.699 -0.5078508523498982 0.0
26.0 5.0 Bus -1.0 -1.0 -1.0 -1.0 -1.0 -1.0 -1.0 3.129 3.021 8.116 493.403 2.35 1565.843 -0.5169141645690871 1.0
26.0 11.0 Car -1.0 -1.0 -1.0 -1.0 -1.0 -1.0 -1.0 1.792 1.501 4.743 572.203 1.016 1524.832 2.6431266192187497 1.0
26.0 16.0 Car -1.0 -1.0 -1.0 -1.0 -1.0 -1.0 -1.0 2.211 1.924 4.811 544.636 1.193 1535.35 -0.48549823803172565 1.0
26.0 6.0 Car -1.0 -1.0 -1.0 -1.0 -1.0 -1.0 -1.0 2.418 1.782 5.525 527.261 1.012 1540.375 -0.5784189308252145 1.0
26.0 13.0 Car -1.0 -1.0 -1.0 -1.0 -1.0 -1.0 -1.0 2.282 1.734 4.845 517.363 1.392 1552.435 -0.5518207496089733 1.0
26.0 3.0 Truck -1.0 -1.0 -1.0 -1.0 -1.0 -1.0 -1.0 2.962 3.151 6.96 474.718 2.628 1578.095 -0.5461898325632113 1.0
26.0 8.0 Car -1.0 -1.0 -1.0 -1.0 -1.0 -1.0 -1.0 2.055 1.726 4.498 579.136 1.205 1524.647 2.5720219054919307 1.0
26.0 12.0 Car -1.0 -1.0 -1.0 -1.0 -1.0 -1.0 -1.0 2.381 1.727 5.015 590.203 1.39 1509.833 -0.47356951211095005 0.0
27.0 4.0 Bus -1.0 -1.0 -1.0 -1.0 -1.0 -1.0 -1.0 2.837 3.6 12.98 610.921 2.879 1494.354 -0.5028642640890713 0.0
27.0 2.0 Car -1.0 -1.0 -1.0 -1.0 -1.0 -1.0 -1.0 2.23 1.773 4.98 552.707 0.935 1530.829 -0.4680449455117826 0.0
27.0 10.0 Car -1.0 -1.0 -1.0 -1.0 -1.0 -1.0 -1.0 2.292 1.813 4.798 534.584 1.265 1541.963 -0.5692740421289164 0.0
27.0 14.0 Truck -1.0 -1.0 -1.0 -1.0 -1.0 -1.0 -1.0 2.332 3.254 10.578 579.621 2.258 1516.524 -0.504093992205509 0.0
27.0 15.0 Car -1.0 -1.0 -1.0 -1.0 -1.0 -1.0 -1.0 2.006 2.28 6.019 562.253 1.294 1526.444 -0.5019757476109681 0.0
27.0 5.0 Bus -1.0 -1.0 -1.0 -1.0 -1.0 -1.0 -1.0 3.129 3.021 8.116 495.476 2.282 1564.65 -0.5260639851020841 0.0
27.0 11.0 Car -1.0 -1.0 -1.0 -1.0 -1.0 -1.0 -1.0 1.792 1.501 4.743 572.169 1.051 1524.935 2.6431266192187497 0.0
27.0 16.0 Car -1.0 -1.0 -1.0 -1.0 -1.0 -1.0 -1.0 2.211 1.924 4.811 546.727 1.14 1534.238 -0.48549823803172565 0.0
27.0 6.0 Car -1.0 -1.0 -1.0 -1.0 -1.0 -1.0 -1.0 2.418 1.782 5.525 529.474 1.062 1538.933 -0.5692740421289164 0.0
27.0 13.0 Car -1.0 -1.0 -1.0 -1.0 -1.0 -1.0 -1.0 2.282 1.734 4.845 519.338 1.286 1551.271 -0.5518207496089733 0.0
27.0 3.0 Truck -1.0 -1.0 -1.0 -1.0 -1.0 -1.0 -1.0 2.962 3.151 6.96 476.346 2.592 1577.134 -0.5399919983299939 0.0
27.0 8.0 Car -1.0 -1.0 -1.0 -1.0 -1.0 -1.0 -1.0 2.055 1.726 4.498 575.965 1.154 1526.652 2.5720219054919307 0.0
28.0 2.0 Car -1.0 -1.0 -1.0 -1.0 -1.0 -1.0 -1.0 2.23 1.773 4.98 554.895 0.912 1529.729 -0.4680449455117826 0.0
28.0 10.0 Car -1.0 -1.0 -1.0 -1.0 -1.0 -1.0 -1.0 2.292 1.813 4.798 536.114 1.233 1541.002 -0.5692740421289164 0.0
28.0 14.0 Truck -1.0 -1.0 -1.0 -1.0 -1.0 -1.0 -1.0 2.332 3.254 10.578 583.764 2.411 1513.931 -0.5168515498867947 0.0
28.0 15.0 Car -1.0 -1.0 -1.0 -1.0 -1.0 -1.0 -1.0 2.006 2.28 6.019 564.839 1.345 1525.008 -0.5110543672944647 0.0
28.0 5.0 Bus -1.0 -1.0 -1.0 -1.0 -1.0 -1.0 -1.0 3.129 3.021 8.116 497.357 2.221 1563.567 -0.5343674570890302 0.0
28.0 11.0 Car -1.0 -1.0 -1.0 -1.0 -1.0 -1.0 -1.0 1.792 1.501 4.743 572.14 1.083 1525.044 2.6431266192187497 0.0
28.0 16.0 Car -1.0 -1.0 -1.0 -1.0 -1.0 -1.0 -1.0 2.211 1.924 4.811 548.624 1.091 1533.229 -0.48549823803172565 0.0
28.0 6.0 Car -1.0 -1.0 -1.0 -1.0 -1.0 -1.0 -1.0 2.418 1.782 5.525 531.483 0.995 1537.625 -0.5692740421289164 0.0
28.0 13.0 Car -1.0 -1.0 -1.0 -1.0 -1.0 -1.0 -1.0 2.282 1.734 4.845 520.798 1.189 1550.42 -0.5518207496089733 0.0
28.0 3.0 Truck -1.0 -1.0 -1.0 -1.0 -1.0 -1.0 -1.0 2.962 3.151 6.96 477.822 2.56 1576.262 -0.5343674570890302 0.0
28.0 8.0 Car -1.0 -1.0 -1.0 -1.0 -1.0 -1.0 -1.0 2.055 1.726 4.498 572.953 1.12 1528.503 2.5720219054919307 0.0
29.0 2.0 Car -1.0 -1.0 -1.0 -1.0 -1.0 -1.0 -1.0 2.23 1.773 4.98 557.196 0.912 1528.502 -0.48549838933061196 0.0
29.0 10.0 Car -1.0 -1.0 -1.0 -1.0 -1.0 -1.0 -1.0 2.292 1.813 4.798 537.863 1.133 1539.905 -0.5692740421289164 0.0
29.0 14.0 Truck -1.0 -1.0 -1.0 -1.0 -1.0 -1.0 -1.0 2.332 3.254 10.578 588.227 2.564 1511.306 -0.5296237735420058 0.0
29.0 15.0 Car -1.0 -1.0 -1.0 -1.0 -1.0 -1.0 -1.0 2.006 2.28 6.019 567.428 1.396 1523.571 -0.5201434236777506 0.0
29.0 5.0 Bus -1.0 -1.0 -1.0 -1.0 -1.0 -1.0 -1.0 3.129 3.021 8.116 499.24 2.161 1562.483 -0.5169141645690871 0.0
29.0 11.0 Car -1.0 -1.0 -1.0 -1.0 -1.0 -1.0 -1.0 1.792 1.501 4.743 571.811 1.115 1525.098 2.660579929196123 0.0
29.0 16.0 Car -1.0 -1.0 -1.0 -1.0 -1.0 -1.0 -1.0 2.211 1.924 4.811 551.445 1.016 1531.8 -0.48549823803172565 0.0
29.0 6.0 Car -1.0 -1.0 -1.0 -1.0 -1.0 -1.0 -1.0 2.418 1.782 5.525 533.493 0.928 1536.315 -0.5692740421289164 0.0
29.0 13.0 Car -1.0 -1.0 -1.0 -1.0 -1.0 -1.0 -1.0 2.282 1.734 4.845 522.204 1.092 1549.602 -0.5518207496089733 0.0
29.0 3.0 Truck -1.0 -1.0 -1.0 -1.0 -1.0 -1.0 -1.0 2.962 3.151 6.96 479.628 2.46 1575.189 -0.5343674570890302 0.0
29.0 8.0 Car -1.0 -1.0 -1.0 -1.0 -1.0 -1.0 -1.0 2.055 1.726 4.498 570.216 1.036 1530.301 2.5720219054919307 0.0
30.0 2.0 Car -1.0 -1.0 -1.0 -1.0 -1.0 -1.0 -1.0 2.23 1.773 4.98 559.568 0.912 1527.157 -0.5029517982343136 0.0
30.0 10.0 Car -1.0 -1.0 -1.0 -1.0 -1.0 -1.0 -1.0 2.292 1.813 4.798 539.781 1.067 1538.705 -0.5634562314020365 0.0
30.0 14.0 Truck -1.0 -1.0 -1.0 -1.0 -1.0 -1.0 -1.0 2.332 3.254 10.578 593.171 3.067 1508.351 -0.5423959716467405 0.0
30.0 15.0 Car -1.0 -1.0 -1.0 -1.0 -1.0 -1.0 -1.0 2.006 2.28 6.019 570.017 1.447 1522.133 -0.5292324618786326 0.0
30.0 5.0 Bus -1.0 -1.0 -1.0 -1.0 -1.0 -1.0 -1.0 3.129 3.021 8.116 501.311 2.035 1561.278 -0.5343674570890302 0.0
30.0 11.0 Car -1.0 -1.0 -1.0 -1.0 -1.0 -1.0 -1.0 1.792 1.501 4.743 571.55 1.096 1525.332 2.6605799117386932 0.0
30.0 16.0 Car -1.0 -1.0 -1.0 -1.0 -1.0 -1.0 -1.0 2.211 1.924 4.811 554.303 0.941 1530.352 -0.48549823803172565 0.0
30.0 6.0 Car -1.0 -1.0 -1.0 -1.0 -1.0 -1.0 -1.0 2.418 1.782 5.525 535.504 0.862 1535.005 -0.5692740421289164 0.0
30.0 13.0 Car -1.0 -1.0 -1.0 -1.0 -1.0 -1.0 -1.0 2.282 1.734 4.845 523.616 0.992 1548.755 -0.5518207496089733 0.0
30.0 3.0 Truck -1.0 -1.0 -1.0 -1.0 -1.0 -1.0 -1.0 2.962 3.151 6.96 481.434 2.36 1574.117 -0.5343674570890302 0.0
30.0 8.0 Car -1.0 -1.0 -1.0 -1.0 -1.0 -1.0 -1.0 2.055 1.726 4.498 567.367 0.951 1532.17 2.5720219054919307 0.0
31.0 2.0 Car -1.0 -1.0 -1.0 -1.0 -1.0 -1.0 -1.0 2.23 1.773 4.98 562.001 0.912 1525.78 -0.5204048230716118 0.0
31.0 10.0 Car -1.0 -1.0 -1.0 -1.0 -1.0 -1.0 -1.0 2.292 1.813 4.798 541.699 1.0 1537.505 -0.557638548697462 0.0
31.0 14.0 Truck -1.0 -1.0 -1.0 -1.0 -1.0 -1.0 -1.0 2.332 3.254 10.578 597.869 2.796 1505.385 -0.5511272772696961 0.0
31.0 15.0 Car -1.0 -1.0 -1.0 -1.0 -1.0 -1.0 -1.0 2.006 2.28 6.019 572.811 1.346 1520.403 -0.538321300073073 0.0
31.0 5.0 Bus -1.0 -1.0 -1.0 -1.0 -1.0 -1.0 -1.0 3.129 3.021 8.116 503.131 1.91 1560.235 -0.5343674570890302 0.0
31.0 11.0 Car -1.0 -1.0 -1.0 -1.0 -1.0 -1.0 -1.0 1.792 1.501 4.743 571.25 0.928 1525.575 2.678033204258637 0.0
31.0 16.0 Car -1.0 -1.0 -1.0 -1.0 -1.0 -1.0 -1.0 2.211 1.924 4.811 556.723 0.924 1529.104 -0.47967844416256117 0.0
31.0 6.0 Car -1.0 -1.0 -1.0 -1.0 -1.0 -1.0 -1.0 2.418 1.782 5.525 537.667 0.787 1533.724 -0.5605427365059605 0.0
31.0 13.0 Car -1.0 -1.0 -1.0 -1.0 -1.0 -1.0 -1.0 2.282 1.734 4.845 525.13 0.892 1547.923 -0.5169141645690871 0.0
31.0 3.0 Truck -1.0 -1.0 -1.0 -1.0 -1.0 -1.0 -1.0 2.962 3.151 6.96 483.239 2.26 1573.044 -0.5343674570890302 0.0
31.0 8.0 Car -1.0 -1.0 -1.0 -1.0 -1.0 -1.0 -1.0 2.055 1.726 4.498 564.715 0.775 1533.828 2.5778322060585572 0.0
32.0 2.0 Car -1.0 -1.0 -1.0 -1.0 -1.0 -1.0 -1.0 2.23 1.773 4.98 564.31 0.978 1524.497 -0.5145828000366577 0.0
32.0 10.0 Car -1.0 -1.0 -1.0 -1.0 -1.0 -1.0 -1.0 2.292 1.813 4.798 543.617 0.933 1536.305 -0.5518207496089733 0.0
32.0 14.0 Truck -1.0 -1.0 -1.0 -1.0 -1.0 -1.0 -1.0 2.332 3.254 10.578 602.414 2.875 1502.172 -0.5598587575641791 0.0
32.0 15.0 Car -1.0 -1.0 -1.0 -1.0 -1.0 -1.0 -1.0 2.006 2.28 6.019 575.606 1.545 1518.672 -0.5474103200915512 0.0
32.0 5.0 Bus -1.0 -1.0 -1.0 -1.0 -1.0 -1.0 -1.0 3.129 3.021 8.116 504.951 1.785 1559.191 -0.5343674570890302 0.0
32.0 11.0 Car -1.0 -1.0 -1.0 -1.0 -1.0 -1.0 -1.0 1.792 1.501 4.743 570.939 0.96 1525.722 2.678033204258637 0.0
32.0 16.0 Car -1.0 -1.0 -1.0 -1.0 -1.0 -1.0 -1.0 2.211 1.924 4.811 559.143 0.908 1527.855 -0.47385853386724897 0.0
32.0 6.0 Car -1.0 -1.0 -1.0 -1.0 -1.0 -1.0 -1.0 2.418 1.782 5.525 539.829 0.711 1532.442 -0.5518112562114776 0.0
32.0 13.0 Car -1.0 -1.0 -1.0 -1.0 -1.0 -1.0 -1.0 2.282 1.734 4.845 526.497 0.792 1547.143 -0.5518207496089733 0.0
32.0 3.0 Truck -1.0 -1.0 -1.0 -1.0 -1.0 -1.0 -1.0 2.962 3.151 6.96 485.055 2.143 1571.984 -0.5401894801239844 0.0
32.0 8.0 Car -1.0 -1.0 -1.0 -1.0 -1.0 -1.0 -1.0 2.055 1.726 4.498 561.873 0.767 1535.716 2.583642622861417 0.0
33.0 2.0 Car -1.0 -1.0 -1.0 -1.0 -1.0 -1.0 -1.0 2.23 1.773 4.98 566.676 1.045 1523.182 -0.5087671012365357 0.0
33.0 10.0 Car -1.0 -1.0 -1.0 -1.0 -1.0 -1.0 -1.0 2.292 1.813 4.798 545.691 0.933 1535.009 -0.5430940072273782 0.0
33.0 14.0 Truck -1.0 -1.0 -1.0 -1.0 -1.0 -1.0 -1.0 2.332 3.254 10.578 607.146 2.904 1499.271 -0.5685807531947429 0.0
33.0 15.0 Car -1.0 -1.0 -1.0 -1.0 -1.0 -1.0 -1.0 2.006 2.28 6.019 578.79 1.645 1516.687 -0.5564894670647584 0.0
33.0 5.0 Bus -1.0 -1.0 -1.0 -1.0 -1.0 -1.0 -1.0 3.129 3.021 8.116 506.769 1.661 1558.148 -0.5343674570890302 0.0
33.0 11.0 Car -1.0 -1.0 -1.0 -1.0 -1.0 -1.0 -1.0 1.792 1.501 4.743 570.551 0.951 1525.904 2.6744754892567073 0.0
33.0 16.0 Car -1.0 -1.0 -1.0 -1.0 -1.0 -1.0 -1.0 2.211 1.924 4.811 561.561 0.891 1526.608 -0.4680449455117826 0.0
33.0 6.0 Car -1.0 -1.0 -1.0 -1.0 -1.0 -1.0 -1.0 2.418 1.782 5.525 541.99 0.637 1531.162 -0.5430892605809138 0.0
33.0 13.0 Car -1.0 -1.0 -1.0 -1.0 -1.0 -1.0 -1.0 2.282 1.734 4.845 527.964 0.692 1546.145 -0.5518207496089733 0.0
33.0 3.0 Truck -1.0 -1.0 -1.0 -1.0 -1.0 -1.0 -1.0 2.962 3.151 6.96 486.869 2.027 1570.926 -0.5460051789241063 0.0
33.0 8.0 Car -1.0 -1.0 -1.0 -1.0 -1.0 -1.0 -1.0 2.055 1.726 4.498 559.099 0.799 1537.562 2.5371056349158687 0.0
34.0 2.0 Car -1.0 -1.0 -1.0 -1.0 -1.0 -1.0 -1.0 2.23 1.773 4.98 569.102 1.112 1521.833 -0.5029515305516687 0.0
34.0 10.0 Car -1.0 -1.0 -1.0 -1.0 -1.0 -1.0 -1.0 2.292 1.813 4.798 547.766 0.883 1533.712 -0.5169141645690871 0.0
34.0 14.0 Truck -1.0 -1.0 -1.0 -1.0 -1.0 -1.0 -1.0 2.332 3.254 10.578 611.88 3.033 1496.369 -0.5773025566866266 0.0
34.0 15.0 Car -1.0 -1.0 -1.0 -1.0 -1.0 -1.0 -1.0 2.006 2.28 6.019 581.974 1.744 1514.703 -0.5655684140315236 0.0
34.0 5.0 Bus -1.0 -1.0 -1.0 -1.0 -1.0 -1.0 -1.0 3.129 3.021 8.116 508.315 1.592 1557.213 -0.5403783594474967 0.0
34.0 11.0 Car -1.0 -1.0 -1.0 -1.0 -1.0 -1.0 -1.0 1.792 1.501 4.743 570.162 0.941 1526.086 2.6709178526284316 0.0
34.0 16.0 Car -1.0 -1.0 -1.0 -1.0 -1.0 -1.0 -1.0 2.211 1.924 4.811 564.014 0.968 1525.326 -0.4725134516010376 0.0
34.0 6.0 Car -1.0 -1.0 -1.0 -1.0 -1.0 -1.0 -1.0 2.418 1.782 5.525 544.15 0.562 1529.882 -0.5343674570890302 0.0
34.0 13.0 Car -1.0 -1.0 -1.0 -1.0 -1.0 -1.0 -1.0 2.282 1.734 4.845 529.948 0.675 1544.926 -0.5518207496089733 0.0
34.0 3.0 Truck -1.0 -1.0 -1.0 -1.0 -1.0 -1.0 -1.0 2.962 3.151 6.96 488.682 1.91 1569.867 -0.5518207496089733 0.0
34.0 8.0 Car -1.0 -1.0 -1.0 -1.0 -1.0 -1.0 -1.0 2.055 1.726 4.498 556.382 0.848 1539.377 2.5022087354121574 0.0
35.0 2.0 Car -1.0 -1.0 -1.0 -1.0 -1.0 -1.0 -1.0 2.23 1.773 4.98 571.47 1.162 1520.517 -0.5029515305516687 0.0
35.0 10.0 Car -1.0 -1.0 -1.0 -1.0 -1.0 -1.0 -1.0 2.292 1.813 4.798 550.412 0.858 1532.317 -0.5081972489947204 0.0
35.0 14.0 Truck -1.0 -1.0 -1.0 -1.0 -1.0 -1.0 -1.0 2.332 3.254 10.578 616.447 3.25 1493.839 -0.5652770239804066 0.0
35.0 15.0 Car -1.0 -1.0 -1.0 -1.0 -1.0 -1.0 -1.0 2.006 2.28 6.019 585.161 1.843 1512.716 -0.5746571794963486 0.0
35.0 5.0 Bus -1.0 -1.0 -1.0 -1.0 -1.0 -1.0 -1.0 3.129 3.021 8.116 510.1 1.523 1556.133 -0.5463957623432343 0.0
35.0 11.0 Car -1.0 -1.0 -1.0 -1.0 -1.0 -1.0 -1.0 1.792 1.501 4.743 569.774 0.932 1526.268 2.6673563685662565 0.0
35.0 16.0 Car -1.0 -1.0 -1.0 -1.0 -1.0 -1.0 -1.0 2.211 1.924 4.811 566.55 1.045 1524.001 -0.47698679019108026 0.0
35.0 6.0 Car -1.0 -1.0 -1.0 -1.0 -1.0 -1.0 -1.0 2.418 1.782 5.525 546.424 0.456 1528.471 -0.5435459146898949 0.0
35.0 13.0 Car -1.0 -1.0 -1.0 -1.0 -1.0 -1.0 -1.0 2.282 1.734 4.845 531.82 0.658 1543.777 -0.5518207496089733 0.0
35.0 3.0 Truck -1.0 -1.0 -1.0 -1.0 -1.0 -1.0 -1.0 2.962 3.151 6.96 490.456 1.858 1568.74 -0.5518207496089733 0.0
35.0 8.0 Car -1.0 -1.0 -1.0 -1.0 -1.0 -1.0 -1.0 2.055 1.726 4.498 553.817 0.898 1541.372 2.4602981430788358 0.0
36.0 10.0 Car -1.0 -1.0 -1.0 -1.0 -1.0 -1.0 -1.0 2.292 1.813 4.798 552.798 0.836 1531.06 -0.5177918096320173 0.0
36.0 14.0 Truck -1.0 -1.0 -1.0 -1.0 -1.0 -1.0 -1.0 2.332 3.254 10.578 620.421 3.455 1491.338 -0.5544354095953739 0.0
36.0 15.0 Car -1.0 -1.0 -1.0 -1.0 -1.0 -1.0 -1.0 2.006 2.28 6.019 588.141 1.902 1510.749 -0.5828511525046851 0.0
36.0 5.0 Bus -1.0 -1.0 -1.0 -1.0 -1.0 -1.0 -1.0 3.129 3.021 8.116 511.256 1.461 1555.434 -0.5518207496089733 0.0
36.0 11.0 Car -1.0 -1.0 -1.0 -1.0 -1.0 -1.0 -1.0 1.792 1.501 4.743 569.423 0.924 1526.432 2.6641455139801167 0.0
36.0 16.0 Car -1.0 -1.0 -1.0 -1.0 -1.0 -1.0 -1.0 2.211 1.924 4.811 568.836 1.114 1522.807 -0.4810197268760255 0.0
36.0 6.0 Car -1.0 -1.0 -1.0 -1.0 -1.0 -1.0 -1.0 2.418 1.782 5.525 548.659 0.362 1527.085 -0.5518207496089733 0.0
36.0 13.0 Car -1.0 -1.0 -1.0 -1.0 -1.0 -1.0 -1.0 2.282 1.734 4.845 533.723 0.642 1542.607 -0.5518207496089733 0.0
36.0 3.0 Truck -1.0 -1.0 -1.0 -1.0 -1.0 -1.0 -1.0 2.962 3.151 6.96 491.899 1.81 1567.818 -0.5518207496089733 0.0
36.0 8.0 Car -1.0 -1.0 -1.0 -1.0 -1.0 -1.0 -1.0 2.055 1.726 4.498 551.545 0.952 1543.237 2.4084969388897695 0.0
37.0 10.0 Car -1.0 -1.0 -1.0 -1.0 -1.0 -1.0 -1.0 2.292 1.813 4.798 555.447 0.861 1529.664 -0.5090648146019525 0.0
37.0 15.0 Car -1.0 -1.0 -1.0 -1.0 -1.0 -1.0 -1.0 2.006 2.28 6.019 591.45 1.968 1508.565 -0.5919504273989143 0.0
37.0 5.0 Bus -1.0 -1.0 -1.0 -1.0 -1.0 -1.0 -1.0 3.129 3.021 8.116 512.739 1.461 1554.542 -0.5461914738527867 0.0
37.0 11.0 Car -1.0 -1.0 -1.0 -1.0 -1.0 -1.0 -1.0 1.792 1.501 4.743 569.034 0.915 1526.614 2.6605799117386932 0.0
37.0 16.0 Car -1.0 -1.0 -1.0 -1.0 -1.0 -1.0 -1.0 2.211 1.924 4.811 571.374 1.191 1521.481 -0.48549823803172565 0.0
37.0 6.0 Car -1.0 -1.0 -1.0 -1.0 -1.0 -1.0 -1.0 2.418 1.782 5.525 550.649 0.345 1525.793 -0.5687085768775328 0.0
37.0 13.0 Car -1.0 -1.0 -1.0 -1.0 -1.0 -1.0 -1.0 2.282 1.734 4.845 536.253 0.642 1541.012 -0.5518207496089733 0.0
37.0 3.0 Truck -1.0 -1.0 -1.0 -1.0 -1.0 -1.0 -1.0 2.962 3.151 6.96 493.722 1.794 1566.66 -0.5518207496089733 0.0
37.0 8.0 Car -1.0 -1.0 -1.0 -1.0 -1.0 -1.0 -1.0 2.055 1.726 4.498 549.064 0.951 1545.441 2.428971319360855 0.0
38.0 10.0 Car -1.0 -1.0 -1.0 -1.0 -1.0 -1.0 -1.0 2.292 1.813 4.798 558.362 0.833 1528.127 -0.499460872049144 0.0
38.0 5.0 Bus -1.0 -1.0 -1.0 -1.0 -1.0 -1.0 -1.0 3.129 3.021 8.116 514.341 1.461 1553.577 -0.5399965303710865 0.0
38.0 11.0 Car -1.0 -1.0 -1.0 -1.0 -1.0 -1.0 -1.0 1.792 1.501 4.743 568.631 0.9 1526.864 2.6605799117386932 0.0
38.0 16.0 Car -1.0 -1.0 -1.0 -1.0 -1.0 -1.0 -1.0 2.211 1.924 4.811 574.892 1.322 1519.567 -0.49464252147540716 0.0
38.0 6.0 Car -1.0 -1.0 -1.0 -1.0 -1.0 -1.0 -1.0 2.418 1.782 5.525 552.802 0.328 1524.313 -0.5872934073226342 0.0
38.0 13.0 Car -1.0 -1.0 -1.0 -1.0 -1.0 -1.0 -1.0 2.282 1.734 4.845 539.13 0.642 1539.199 -0.5518207496089733 0.0
38.0 3.0 Truck -1.0 -1.0 -1.0 -1.0 -1.0 -1.0 -1.0 2.962 3.151 6.96 495.769 1.776 1565.361 -0.5518207496089733 0.0
38.0 8.0 Car -1.0 -1.0 -1.0 -1.0 -1.0 -1.0 -1.0 2.055 1.726 4.498 546.297 0.946 1547.878 2.4469083750499427 0.0
