0.0 0.0 Car -1.0 -1.0 -1.0 -1.0 -1.0 -1.0 -1.0 1.844 1.579 4.649 746.496 0.546 1550.057 -2.8724454296717115 0.0
0.0 1.0 Car -1.0 -1.0 -1.0 -1.0 -1.0 -1.0 -1.0 1.889 1.537 4.049 760.894 1.073 1552.116 -3.127421452724253 0.0
0.0 2.0 Car -1.0 -1.0 -1.0 -1.0 -1.0 -1.0 -1.0 1.889 1.695 4.272 777.912 1.918 1550.231 2.9812309292559 0.0
1.0 0.0 Car -1.0 -1.0 -1.0 -1.0 -1.0 -1.0 -1.0 1.844 1.579 4.649 744.787 0.446 1549.55 -2.8375646450965317 1.0
1.0 1.0 Car -1.0 -1.0 -1.0 -1.0 -1.0 -1.0 -1.0 1.889 1.537 4.049 758.751 0.879 1552.026 -3.087572847071732 1.0
1.0 2.0 Car -1.0 -1.0 -1.0 -1.0 -1.0 -1.0 -1.0 1.889 1.695 4.272 775.527 1.76 1550.541 2.9812309292559 1.0
2.0 0.0 Car -1.0 -1.0 -1.0 -1.0 -1.0 -1.0 -1.0 1.844 1.579 4.649 743.095 0.346 1548.984 -2.802645089967438 1.0
2.0 1.0 Car -1.0 -1.0 -1.0 -1.0 -1.0 -1.0 -1.0 1.889 1.537 4.049 756.729 0.794 1551.856 -3.047679949052148 1.0
2.0 2.0 Car -1.0 -1.0 -1.0 -1.0 -1.0 -1.0 -1.0 1.889 1.695 4.272 773.139 1.602 1550.85 2.9812309292559 1.0
3.0 0.0 Car -1.0 -1.0 -1.0 -1.0 -1.0 -1.0 -1.0 1.844 1.579 4.649 741.424 0.246 1548.359 -2.7677256745520515 1.0
3.0 1.0 Car -1.0 -1.0 -1.0 -1.0 -1.0 -1.0 -1.0 1.889 1.537 4.049 754.901 0.71 1551.627 -3.0077872106446972 1.0
3.0 2.0 Car -1.0 -1.0 -1.0 -1.0 -1.0 -1.0 -1.0 1.889 1.695 4.272 770.516 1.468 1551.183 2.9986839540937336 1.0
4.0 0.0 Car -1.0 -1.0 -1.0 -1.0 -1.0 -1.0 -1.0 1.844 1.579 4.649 739.742 0.172 1547.566 -2.7049013034487466 1.0
4.0 1.0 Car -1.0 -1.0 -1.0 -1.0 -1.0 -1.0 -1.0 1.889 1.537 4.049 753.084 0.626 1551.324 -2.9678923174734435 1.0
4.0 2.0 Car -1.0 -1.0 -1.0 -1.0 -1.0 -1.0 -1.0 1.889 1.695 4.272 767.893 1.335 1551.516 3.016137921638127 1.0
5.0 0.0 Car -1.0 -1.0 -1.0 -1.0 -1.0 -1.0 -1.0 1.844 1.579 4.649 738.114 0.099 1546.668 -2.6420808282512143 1.0
5.0 3.0 Truck -1.0 -1.0 -1.0 -1.0 -1.0 -1.0 -1.0 2.699 3.843 10.218 809.328 4.178 1578.21 -2.2258533017902704 0.0
5.0 1.0 Car -1.0 -1.0 -1.0 -1.0 -1.0 -1.0 -1.0 1.889 1.537 4.049 751.28 0.541 1550.95 -2.92799989829026 1.0
5.0 2.0 Car -1.0 -1.0 -1.0 -1.0 -1.0 -1.0 -1.0 1.889 1.695 4.272 765.27 1.202 1551.849 3.03359080681573 1.0
6.0 0.0 Car -1.0 -1.0 -1.0 -1.0 -1.0 -1.0 -1.0 1.844 1.579 4.649 736.535 0.076 1545.918 -2.6141417021572453 1.0
6.0 3.0 Truck -1.0 -1.0 -1.0 -1.0 -1.0 -1.0 -1.0 2.699 3.843 10.218 807.434 4.152 1575.749 -2.2258533017902704 1.0
6.0 1.0 Car -1.0 -1.0 -1.0 -1.0 -1.0 -1.0 -1.0 1.889 1.537 4.049 749.491 0.457 1550.503 -2.888063585770347 1.0
6.0 2.0 Car -1.0 -1.0 -1.0 -1.0 -1.0 -1.0 -1.0 1.889 1.695 4.272 762.416 1.052 1552.038 3.0918104869110294 1.0
7.0 0.0 Car -1.0 -1.0 -1.0 -1.0 -1.0 -1.0 -1.0 1.844 1.579 4.649 734.963 0.052 1545.153 -2.621120057282665 1.0
7.0 3.0 Truck -1.0 -1.0 -1.0 -1.0 -1.0 -1.0 -1.0 2.699 3.843 10.218 805.541 4.126 1573.291 -2.2258533017902704 1.0
7.0 1.0 Car -1.0 -1.0 -1.0 -1.0 -1.0 -1.0 -1.0 1.889 1.537 4.049 747.722 0.373 1549.986 -2.8481687724051605 1.0
7.0 2.0 Car -1.0 -1.0 -1.0 -1.0 -1.0 -1.0 -1.0 1.889 1.695 4.272 759.558 0.902 1552.061 -3.133215638185215 1.0
8.0 0.0 Car -1.0 -1.0 -1.0 -1.0 -1.0 -1.0 -1.0 1.844 1.579 4.649 733.567 0.029 1544.084 -2.6280993343925054 1.0
8.0 3.0 Truck -1.0 -1.0 -1.0 -1.0 -1.0 -1.0 -1.0 2.699 3.843 10.218 803.649 4.1 1570.833 -2.2258533017902704 1.0
8.0 1.0 Car -1.0 -1.0 -1.0 -1.0 -1.0 -1.0 -1.0 1.889 1.537 4.049 745.745 0.323 1549.362 -2.813262187365274 1.0
8.0 2.0 Car -1.0 -1.0 -1.0 -1.0 -1.0 -1.0 -1.0 1.889 1.695 4.272 756.703 0.752 1551.918 -3.0750615751644235 1.0
9.0 0.0 Car -1.0 -1.0 -1.0 -1.0 -1.0 -1.0 -1.0 1.844 1.579 4.649 732.425 0.037 1543.553 -2.739581221930106 1.0
9.0 3.0 Truck -1.0 -1.0 -1.0 -1.0 -1.0 -1.0 -1.0 2.699 3.843 10.218 802.201 4.082 1568.952 -2.2258533017902704 1.0
9.0 1.0 Car -1.0 -1.0 -1.0 -1.0 -1.0 -1.0 -1.0 1.889 1.537 4.049 744.19 0.283 1548.789 -2.7977505206288376 1.0
9.0 2.0 Car -1.0 -1.0 -1.0 -1.0 -1.0 -1.0 -1.0 1.889 1.695 4.272 754.549 0.66 1551.689 -3.030190723041891 1.0
10.0 0.0 Car -1.0 -1.0 -1.0 -1.0 -1.0 -1.0 -1.0 1.844 1.579 4.649 730.926 0.047 1543.073 -2.878971922996895 1.0
10.0 3.0 Truck -1.0 -1.0 -1.0 -1.0 -1.0 -1.0 -1.0 2.699 3.843 10.218 800.518 3.883 1566.768 -2.2258533017902704 1.0
10.0 5.0 Car -1.0 -1.0 -1.0 -1.0 -1.0 -1.0 -1.0 1.939 1.856 4.321 731.849 1.08 1569.605 0.17898351473240015 0.0
10.0 1.0 Car -1.0 -1.0 -1.0 -1.0 -1.0 -1.0 -1.0 1.889 1.537 4.049 742.246 0.233 1548.072 -2.778355602325387 1.0
10.0 2.0 Car -1.0 -1.0 -1.0 -1.0 -1.0 -1.0 -1.0 1.889 1.695 4.272 751.874 0.546 1551.267 -2.9740867255856718 1.0
11.0 0.0 Car -1.0 -1.0 -1.0 -1.0 -1.0 -1.0 -1.0 1.844 1.579 4.649 729.371 0.057 1542.818 -3.033880086424019 1.0
11.0 3.0 Truck -1.0 -1.0 -1.0 -1.0 -1.0 -1.0 -1.0 2.699 3.843 10.218 799.179 3.785 1565.029 -2.2258533017902704 1.0
11.0 5.0 Car -1.0 -1.0 -1.0 -1.0 -1.0 -1.0 -1.0 1.939 1.856 4.321 731.74 1.073 1569.589 0.17898351473240015 0.0
11.0 1.0 Car -1.0 -1.0 -1.0 -1.0 -1.0 -1.0 -1.0 1.889 1.537 4.049 740.526 0.133 1547.214 -2.7259759869323834 1.0
11.0 2.0 Car -1.0 -1.0 -1.0 -1.0 -1.0 -1.0 -1.0 1.889 1.695 4.272 749.227 0.432 1550.696 -2.917981942484934 0.0
12.0 0.0 Car -1.0 -1.0 -1.0 -1.0 -1.0 -1.0 -1.0 1.844 1.579 4.649 727.797 0.067 1542.806 3.0945721431225057 1.0
12.0 3.0 Truck -1.0 -1.0 -1.0 -1.0 -1.0 -1.0 -1.0 2.699 3.843 10.218 797.931 3.701 1563.411 -2.2258533017902704 1.0
12.0 5.0 Car -1.0 -1.0 -1.0 -1.0 -1.0 -1.0 -1.0 1.939 1.856 4.321 731.632 1.066 1569.574 0.17898351473240015 0.0
12.0 1.0 Car -1.0 -1.0 -1.0 -1.0 -1.0 -1.0 -1.0 1.889 1.537 4.049 738.84 0.133 1546.297 -2.708542432245614 1.0
12.0 2.0 Car -1.0 -1.0 -1.0 -1.0 -1.0 -1.0 -1.0 1.889 1.695 4.272 747.018 0.368 1550.05 -2.871490790516455 0.0
13.0 0.0 Car -1.0 -1.0 -1.0 -1.0 -1.0 -1.0 -1.0 1.844 1.579 4.649 726.237 0.077 1543.038 2.939500979469405 1.0
13.0 3.0 Truck -1.0 -1.0 -1.0 -1.0 -1.0 -1.0 -1.0 2.699 3.843 10.218 796.68 3.566 1561.788 -2.2258533017902704 1.0
13.0 5.0 Car -1.0 -1.0 -1.0 -1.0 -1.0 -1.0 -1.0 1.939 1.856 4.321 731.524 1.058 1569.559 0.17898351473240015 1.0
13.0 1.0 Car -1.0 -1.0 -1.0 -1.0 -1.0 -1.0 -1.0 1.889 1.537 4.049 737.278 0.083 1545.37 -2.8233048549584168 1.0
13.0 2.0 Car -1.0 -1.0 -1.0 -1.0 -1.0 -1.0 -1.0 1.889 1.695 4.272 744.836 0.303 1549.3 -2.824898057109952 0.0
14.0 0.0 Car -1.0 -1.0 -1.0 -1.0 -1.0 -1.0 -1.0 1.844 1.579 4.649 724.476 0.091 1543.757 2.686574213751905 1.0
14.0 3.0 Truck -1.0 -1.0 -1.0 -1.0 -1.0 -1.0 -1.0 2.699 3.843 10.218 795.574 3.49 1560.354 -2.2258533017902704 1.0
14.0 5.0 Car -1.0 -1.0 -1.0 -1.0 -1.0 -1.0 -1.0 1.939 1.856 4.321 731.411 1.047 1569.551 0.17679291809395914 1.0
14.0 1.0 Car -1.0 -1.0 -1.0 -1.0 -1.0 -1.0 -1.0 1.889 1.537 4.049 735.623 0.033 1544.628 -2.9379434365474575 1.0
14.0 2.0 Car -1.0 -1.0 -1.0 -1.0 -1.0 -1.0 -1.0 1.889 1.695 4.272 742.694 0.239 1548.451 -2.778355602325386 0.0
15.0 0.0 Car -1.0 -1.0 -1.0 -1.0 -1.0 -1.0 -1.0 1.844 1.579 4.649 722.949 0.122 1544.896 2.4333519545166933 1.0
15.0 3.0 Truck -1.0 -1.0 -1.0 -1.0 -1.0 -1.0 -1.0 2.699 3.843 10.218 794.595 3.439 1559.085 -2.2258533017902704 1.0
15.0 5.0 Car -1.0 -1.0 -1.0 -1.0 -1.0 -1.0 -1.0 1.939 1.856 4.321 731.299 1.036 1569.544 0.1745997621885906 1.0
15.0 1.0 Car -1.0 -1.0 -1.0 -1.0 -1.0 -1.0 -1.0 1.889 1.537 4.049 733.891 -0.017 1544.081 -3.0527159500184937 1.0
15.0 2.0 Car -1.0 -1.0 -1.0 -1.0 -1.0 -1.0 -1.0 1.889 1.695 4.272 740.653 0.15 1547.514 -2.74344727346291 0.0
16.0 0.0 Car -1.0 -1.0 -1.0 -1.0 -1.0 -1.0 -1.0 1.844 1.579 4.649 721.756 0.177 1546.382 2.180154994384025 1.0
16.0 3.0 Truck -1.0 -1.0 -1.0 -1.0 -1.0 -1.0 -1.0 2.699 3.843 10.218 793.616 3.338 1557.816 -2.2258533017902704 1.0
16.0 5.0 Car -1.0 -1.0 -1.0 -1.0 -1.0 -1.0 -1.0 1.939 1.856 4.321 731.187 1.025 1569.536 0.17240682539854113 1.0
16.0 1.0 Car -1.0 -1.0 -1.0 -1.0 -1.0 -1.0 -1.0 1.889 1.537 4.049 731.811 -0.03 1543.725 3.115708310460777 1.0
16.0 2.0 Car -1.0 -1.0 -1.0 -1.0 -1.0 -1.0 -1.0 1.889 1.695 4.272 738.647 0.061 1546.506 -2.708542432245612 0.0
17.0 0.0 Car -1.0 -1.0 -1.0 -1.0 -1.0 -1.0 -1.0 1.844 1.579 4.649 720.974 0.333 1548.116 1.9272100133126935 1.0
17.0 3.0 Truck -1.0 -1.0 -1.0 -1.0 -1.0 -1.0 -1.0 2.699 3.843 10.218 792.761 3.322 1556.784 -2.2328350377786617 1.0
17.0 5.0 Car -1.0 -1.0 -1.0 -1.0 -1.0 -1.0 -1.0 1.939 1.856 4.321 731.075 1.014 1569.528 0.17021607099707012 1.0
17.0 1.0 Car -1.0 -1.0 -1.0 -1.0 -1.0 -1.0 -1.0 1.889 1.537 4.049 729.707 -0.043 1543.611 3.0010614727968177 1.0
17.0 2.0 Car -1.0 -1.0 -1.0 -1.0 -1.0 -1.0 -1.0 1.889 1.695 4.272 736.628 -0.029 1545.291 -2.6387244671262047 0.0
18.0 0.0 Car -1.0 -1.0 -1.0 -1.0 -1.0 -1.0 -1.0 1.844 1.579 4.649 720.329 0.414 1550.017 1.891634629819819 1.0
18.0 3.0 Truck -1.0 -1.0 -1.0 -1.0 -1.0 -1.0 -1.0 2.699 3.843 10.218 791.905 3.282 1555.752 -2.2398161592624457 1.0
18.0 5.0 Car -1.0 -1.0 -1.0 -1.0 -1.0 -1.0 -1.0 1.939 1.856 4.321 730.963 1.003 1569.52 0.16802550941708017 1.0
18.0 1.0 Car -1.0 -1.0 -1.0 -1.0 -1.0 -1.0 -1.0 1.889 1.537 4.049 727.603 -0.055 1543.737 2.8864247258910916 1.0
18.0 2.0 Car -1.0 -1.0 -1.0 -1.0 -1.0 -1.0 -1.0 1.889 1.695 4.272 734.722 -0.118 1543.901 -2.568912647106135 0.0
19.0 0.0 Car -1.0 -1.0 -1.0 -1.0 -1.0 -1.0 -1.0 1.844 1.579 4.649 719.752 0.495 1551.94 1.8560603138766878 1.0
19.0 3.0 Truck -1.0 -1.0 -1.0 -1.0 -1.0 -1.0 -1.0 2.699 3.843 10.218 791.05 3.141 1554.72 -2.2467970712560223 1.0
19.0 5.0 Car -1.0 -1.0 -1.0 -1.0 -1.0 -1.0 -1.0 1.939 1.856 4.321 730.851 0.992 1569.513 0.16583501357168592 1.0
19.0 1.0 Car -1.0 -1.0 -1.0 -1.0 -1.0 -1.0 -1.0 1.889 1.537 4.049 725.527 -0.068 1544.104 2.771791419016581 1.0
19.0 2.0 Car -1.0 -1.0 -1.0 -1.0 -1.0 -1.0 -1.0 1.889 1.695 4.272 732.918 -0.207 1542.381 -2.4991029220062955 0.0
20.0 0.0 Car -1.0 -1.0 -1.0 -1.0 -1.0 -1.0 -1.0 1.844 1.579 4.649 719.244 0.575 1553.882 1.8204841475140021 1.0
20.0 3.0 Truck -1.0 -1.0 -1.0 -1.0 -1.0 -1.0 -1.0 2.699 3.843 10.218 790.342 3.091 1553.871 -2.253778346365959 1.0
20.0 5.0 Car -1.0 -1.0 -1.0 -1.0 -1.0 -1.0 -1.0 1.939 1.856 4.321 730.739 0.98 1569.505 0.1636444037863256 1.0
20.0 1.0 Car -1.0 -1.0 -1.0 -1.0 -1.0 -1.0 -1.0 1.889 1.537 4.049 723.726 0.057 1545.439 2.4663646044665777 1.0
20.0 2.0 Car -1.0 -1.0 -1.0 -1.0 -1.0 -1.0 -1.0 1.889 1.695 4.272 730.698 -0.296 1540.427 -2.3507527549391525 0.0
21.0 0.0 Car -1.0 -1.0 -1.0 -1.0 -1.0 -1.0 -1.0 1.844 1.579 4.649 718.051 0.758 1557.293 1.9007633261379322 1.0
21.0 3.0 Truck -1.0 -1.0 -1.0 -1.0 -1.0 -1.0 -1.0 2.699 3.843 10.218 789.633 3.042 1553.022 -2.2607598868301566 1.0
21.0 5.0 Car -1.0 -1.0 -1.0 -1.0 -1.0 -1.0 -1.0 1.939 1.856 4.321 730.246 0.969 1569.473 0.17737374778672563 1.0
21.0 1.0 Car -1.0 -1.0 -1.0 -1.0 -1.0 -1.0 -1.0 1.889 1.537 4.049 722.409 0.182 1547.253 2.1609261808185654 1.0
21.0 2.0 Car -1.0 -1.0 -1.0 -1.0 -1.0 -1.0 -1.0 1.889 1.695 4.272 728.792 -0.385 1538.166 -2.202396949167263 0.0
22.0 0.0 Car -1.0 -1.0 -1.0 -1.0 -1.0 -1.0 -1.0 1.844 1.579 4.649 716.265 0.976 1561.241 1.9970231833924668 1.0
22.0 3.0 Truck -1.0 -1.0 -1.0 -1.0 -1.0 -1.0 -1.0 2.699 3.843 10.218 788.753 3.039 1552.24 -2.3492621594710004 1.0
22.0 5.0 Car -1.0 -1.0 -1.0 -1.0 -1.0 -1.0 -1.0 1.939 1.856 4.321 729.656 0.956 1569.425 0.19383610722201447 1.0
22.0 1.0 Car -1.0 -1.0 -1.0 -1.0 -1.0 -1.0 -1.0 1.889 1.537 4.049 720.918 0.356 1549.999 2.1532706621140596 1.0
22.0 2.0 Car -1.0 -1.0 -1.0 -1.0 -1.0 -1.0 -1.0 1.889 1.695 4.272 727.09 -0.492 1535.002 -2.1849436566473197 0.0
23.0 0.0 Car -1.0 -1.0 -1.0 -1.0 -1.0 -1.0 -1.0 1.844 1.579 4.649 715.304 1.114 1562.936 2.046527458254406 1.0
23.0 4.0 Car -1.0 -1.0 -1.0 -1.0 -1.0 -1.0 -1.0 1.963 1.782 4.403 707.002 -0.422 1499.153 1.1628605206882952 0.0
23.0 3.0 Truck -1.0 -1.0 -1.0 -1.0 -1.0 -1.0 -1.0 2.699 3.843 10.218 788.129 3.037 1551.762 -2.4083707207867637 1.0
23.0 5.0 Car -1.0 -1.0 -1.0 -1.0 -1.0 -1.0 -1.0 1.939 1.856 4.321 729.263 0.947 1569.388 0.20483092524247115 1.0
23.0 1.0 Car -1.0 -1.0 -1.0 -1.0 -1.0 -1.0 -1.0 1.889 1.537 4.049 719.922 0.473 1551.832 2.1481577233922984 1.0
24.0 0.0 Car -1.0 -1.0 -1.0 -1.0 -1.0 -1.0 -1.0 1.844 1.579 4.649 713.71 1.32 1565.382 2.1207201243443388 1.0
24.0 4.0 Car -1.0 -1.0 -1.0 -1.0 -1.0 -1.0 -1.0 1.963 1.782 4.403 708.458 -0.422 1502.535 1.1628605206882952 1.0
24.0 3.0 Truck -1.0 -1.0 -1.0 -1.0 -1.0 -1.0 -1.0 2.699 3.843 10.218 787.143 3.033 1551.117 -2.4969574492054125 1.0
24.0 5.0 Car -1.0 -1.0 -1.0 -1.0 -1.0 -1.0 -1.0 1.939 1.856 4.321 728.675 0.934 1569.316 0.2213089943463269 1.0
24.0 1.0 Car -1.0 -1.0 -1.0 -1.0 -1.0 -1.0 -1.0 1.889 1.537 4.049 718.429 0.647 1554.58 2.140494899194189 0.0
25.0 0.0 Car -1.0 -1.0 -1.0 -1.0 -1.0 -1.0 -1.0 1.844 1.579 4.649 712.243 1.492 1567.329 2.1826716645781423 1.0
25.0 4.0 Car -1.0 -1.0 -1.0 -1.0 -1.0 -1.0 -1.0 1.963 1.782 4.403 709.673 -0.422 1505.359 1.1628605206882952 1.0
25.0 3.0 Truck -1.0 -1.0 -1.0 -1.0 -1.0 -1.0 -1.0 2.699 3.843 10.218 786.278 2.984 1550.648 -2.5709281603152747 1.0
25.0 5.0 Car -1.0 -1.0 -1.0 -1.0 -1.0 -1.0 -1.0 1.939 1.856 4.321 728.184 0.922 1569.256 0.23506832953217272 1.0
25.0 1.0 Car -1.0 -1.0 -1.0 -1.0 -1.0 -1.0 -1.0 1.889 1.537 4.049 717.183 0.792 1556.875 2.1340963724039765 0.0
26.0 0.0 Car -1.0 -1.0 -1.0 -1.0 -1.0 -1.0 -1.0 1.844 1.579 4.649 710.662 1.664 1569.177 2.2444837174851617 1.0
26.0 4.0 Car -1.0 -1.0 -1.0 -1.0 -1.0 -1.0 -1.0 1.963 1.782 4.403 710.886 -0.422 1508.176 1.1628605206882952 1.0
26.0 3.0 Truck -1.0 -1.0 -1.0 -1.0 -1.0 -1.0 -1.0 2.699 3.843 10.218 785.383 2.934 1550.244 -2.6447323222689083 1.0
26.0 5.0 Car -1.0 -1.0 -1.0 -1.0 -1.0 -1.0 -1.0 1.939 1.856 4.321 727.694 0.911 1569.197 0.24879668481217343 1.0
26.0 1.0 Car -1.0 -1.0 -1.0 -1.0 -1.0 -1.0 -1.0 1.889 1.537 4.049 715.939 0.937 1559.165 2.1277122522514995 0.0
27.0 0.0 Car -1.0 -1.0 -1.0 -1.0 -1.0 -1.0 -1.0 1.844 1.579 4.649 708.972 1.836 1570.923 2.306235301152112 1.0
27.0 4.0 Car -1.0 -1.0 -1.0 -1.0 -1.0 -1.0 -1.0 1.963 1.782 4.403 711.98 -0.422 1510.722 1.1628605206882952 1.0
27.0 3.0 Truck -1.0 -1.0 -1.0 -1.0 -1.0 -1.0 -1.0 2.699 3.843 10.218 784.674 2.974 1550.037 -2.7086509716953238 1.0
27.0 5.0 Car -1.0 -1.0 -1.0 -1.0 -1.0 -1.0 -1.0 1.939 1.856 4.321 727.277 0.915 1569.094 0.24879668481217343 0.0
27.0 1.0 Car -1.0 -1.0 -1.0 -1.0 -1.0 -1.0 -1.0 1.889 1.537 4.049 714.697 1.082 1561.452 2.1213343775297435 0.0
28.0 0.0 Car -1.0 -1.0 -1.0 -1.0 -1.0 -1.0 -1.0 1.844 1.579 4.649 707.55 1.993 1572.508 2.334922204924251 0.0
28.0 4.0 Car -1.0 -1.0 -1.0 -1.0 -1.0 -1.0 -1.0 1.963 1.782 4.403 713.077 -0.422 1513.273 1.1628605206882952 0.0
28.0 3.0 Truck -1.0 -1.0 -1.0 -1.0 -1.0 -1.0 -1.0 2.699 3.843 10.218 783.952 2.893 1549.876 -2.772705939606307 0.0
28.0 5.0 Car -1.0 -1.0 -1.0 -1.0 -1.0 -1.0 -1.0 1.939 1.856 4.321 726.858 0.92 1568.99 0.24879668481217343 0.0
28.0 1.0 Car -1.0 -1.0 -1.0 -1.0 -1.0 -1.0 -1.0 1.889 1.537 4.049 713.452 1.228 1563.744 2.114942900796295 0.0
29.0 0.0 Car -1.0 -1.0 -1.0 -1.0 -1.0 -1.0 -1.0 1.844 1.579 4.649 706.088 2.15 1574.048 2.3635423263112756 0.0
29.0 4.0 Car -1.0 -1.0 -1.0 -1.0 -1.0 -1.0 -1.0 1.963 1.782 4.403 714.172 -0.422 1515.818 1.1628605206882952 0.0
29.0 3.0 Truck -1.0 -1.0 -1.0 -1.0 -1.0 -1.0 -1.0 2.699 3.843 10.218 783.222 2.813 1549.762 -2.836611789175017 0.0
29.0 5.0 Car -1.0 -1.0 -1.0 -1.0 -1.0 -1.0 -1.0 1.939 1.856 4.321 726.441 0.924 1568.887 0.24879668481217343 0.0
29.0 1.0 Car -1.0 -1.0 -1.0 -1.0 -1.0 -1.0 -1.0 1.889 1.537 4.049 712.209 1.373 1566.031 2.108566303258735 0.0
30.0 0.0 Car -1.0 -1.0 -1.0 -1.0 -1.0 -1.0 -1.0 1.844 1.579 4.649 704.426 2.332 1575.679 2.3635423263112756 0.0
30.0 4.0 Car -1.0 -1.0 -1.0 -1.0 -1.0 -1.0 -1.0 1.963 1.782 4.403 715.269 -0.422 1518.37 1.1628605206882952 0.0
30.0 3.0 Truck -1.0 -1.0 -1.0 -1.0 -1.0 -1.0 -1.0 2.699 3.843 10.218 782.485 2.732 1549.695 -2.9006665010888466 0.0
30.0 5.0 Car -1.0 -1.0 -1.0 -1.0 -1.0 -1.0 -1.0 1.939 1.856 4.321 726.023 0.928 1568.784 0.24879668481217343 0.0
30.0 1.0 Car -1.0 -1.0 -1.0 -1.0 -1.0 -1.0 -1.0 1.889 1.537 4.049 711.156 1.501 1567.666 2.1551256597142125 0.0
31.0 0.0 Car -1.0 -1.0 -1.0 -1.0 -1.0 -1.0 -1.0 1.844 1.579 4.649 702.765 2.514 1577.311 2.3635423263112756 0.0
31.0 4.0 Car -1.0 -1.0 -1.0 -1.0 -1.0 -1.0 -1.0 1.963 1.782 4.403 716.678 -0.422 1521.36 1.1541293642450778 0.0
31.0 3.0 Truck -1.0 -1.0 -1.0 -1.0 -1.0 -1.0 -1.0 2.699 3.843 10.218 781.746 2.652 1549.674 -2.9647200610154822 0.0
31.0 5.0 Car -1.0 -1.0 -1.0 -1.0 -1.0 -1.0 -1.0 1.939 1.856 4.321 725.604 0.932 1568.681 0.24879668481217343 0.0
31.0 1.0 Car -1.0 -1.0 -1.0 -1.0 -1.0 -1.0 -1.0 1.889 1.537 4.049 710.028 1.63 1569.25 2.201684178826413 0.0
32.0 0.0 Car -1.0 -1.0 -1.0 -1.0 -1.0 -1.0 -1.0 1.844 1.579 4.649 701.105 2.696 1578.941 2.3635423263112756 0.0
32.0 4.0 Car -1.0 -1.0 -1.0 -1.0 -1.0 -1.0 -1.0 1.963 1.782 4.403 718.085 -0.422 1524.348 1.145407594566217 0.0
32.0 3.0 Truck -1.0 -1.0 -1.0 -1.0 -1.0 -1.0 -1.0 2.699 3.843 10.218 781.007 2.571 1549.702 -3.028704757707661 0.0
32.0 5.0 Car -1.0 -1.0 -1.0 -1.0 -1.0 -1.0 -1.0 1.939 1.856 4.321 725.187 0.936 1568.578 0.24879668481217343 0.0
32.0 1.0 Car -1.0 -1.0 -1.0 -1.0 -1.0 -1.0 -1.0 1.889 1.537 4.049 708.829 1.758 1570.779 2.2481926434182817 0.0
33.0 0.0 Car -1.0 -1.0 -1.0 -1.0 -1.0 -1.0 -1.0 1.844 1.579 4.649 699.635 2.864 1580.43 2.368127702443636 0.0
33.0 4.0 Car -1.0 -1.0 -1.0 -1.0 -1.0 -1.0 -1.0 1.963 1.782 4.403 719.49 -0.422 1527.332 1.136695787419787 0.0
33.0 3.0 Truck -1.0 -1.0 -1.0 -1.0 -1.0 -1.0 -1.0 2.699 3.843 10.218 780.361 2.65 1549.717 -3.0745585190312608 0.0
33.0 5.0 Car -1.0 -1.0 -1.0 -1.0 -1.0 -1.0 -1.0 1.939 1.856 4.321 724.769 0.94 1568.475 0.24879668481217343 0.0
33.0 1.0 Car -1.0 -1.0 -1.0 -1.0 -1.0 -1.0 -1.0 1.889 1.537 4.049 707.737 1.9 1572.07 2.2711195240800817 0.0
34.0 0.0 Car -1.0 -1.0 -1.0 -1.0 -1.0 -1.0 -1.0 1.844 1.579 4.649 698.159 3.033 1581.925 2.372728892276165 0.0
34.0 4.0 Car -1.0 -1.0 -1.0 -1.0 -1.0 -1.0 -1.0 1.963 1.782 4.403 720.901 -0.422 1530.326 1.1279539356484085 0.0
34.0 3.0 Truck -1.0 -1.0 -1.0 -1.0 -1.0 -1.0 -1.0 2.699 3.843 10.218 779.714 2.615 1549.762 -3.1205704173565514 0.0
34.0 5.0 Car -1.0 -1.0 -1.0 -1.0 -1.0 -1.0 -1.0 1.939 1.856 4.321 724.35 0.945 1568.371 0.24879668481217343 0.0
34.0 1.0 Car -1.0 -1.0 -1.0 -1.0 -1.0 -1.0 -1.0 1.889 1.537 4.049 706.614 2.042 1573.341 2.294125473242727 0.0
35.0 0.0 Car -1.0 -1.0 -1.0 -1.0 -1.0 -1.0 -1.0 1.844 1.579 4.649 696.687 3.202 1583.416 2.3773190896585765 0.0
35.0 4.0 Car -1.0 -1.0 -1.0 -1.0 -1.0 -1.0 -1.0 1.963 1.782 4.403 722.347 -0.422 1533.205 1.10857164276477 0.0
35.0 3.0 Truck -1.0 -1.0 -1.0 -1.0 -1.0 -1.0 -1.0 2.699 3.843 10.218 779.072 2.579 1549.837 3.1167129159989195 0.0
35.0 5.0 Car -1.0 -1.0 -1.0 -1.0 -1.0 -1.0 -1.0 1.939 1.856 4.321 723.933 0.949 1568.268 0.24879668481217343 0.0
35.0 1.0 Car -1.0 -1.0 -1.0 -1.0 -1.0 -1.0 -1.0 1.889 1.537 4.049 705.481 2.183 1574.598 2.317076460154785 0.0
36.0 0.0 Car -1.0 -1.0 -1.0 -1.0 -1.0 -1.0 -1.0 1.844 1.579 4.649 695.508 3.337 1584.611 2.380995618831219 0.0
36.0 4.0 Car -1.0 -1.0 -1.0 -1.0 -1.0 -1.0 -1.0 1.963 1.782 4.403 723.505 -0.422 1535.512 1.0930473506085223 0.0
36.0 3.0 Truck -1.0 -1.0 -1.0 -1.0 -1.0 -1.0 -1.0 2.699 3.843 10.218 778.56 2.551 1549.918 3.079947624272493 0.0
36.0 5.0 Car -1.0 -1.0 -1.0 -1.0 -1.0 -1.0 -1.0 1.939 1.856 4.321 723.598 0.952 1568.186 0.24879668481217343 0.0
37.0 0.0 Car -1.0 -1.0 -1.0 -1.0 -1.0 -1.0 -1.0 1.844 1.579 4.649 693.377 3.629 1586.51 2.3888606113290316 0.0
37.0 4.0 Car -1.0 -1.0 -1.0 -1.0 -1.0 -1.0 -1.0 1.963 1.782 4.403 724.771 -0.437 1537.679 1.014403349919993 0.0
37.0 3.0 Truck -1.0 -1.0 -1.0 -1.0 -1.0 -1.0 -1.0 2.699 3.843 10.218 778.015 2.446 1550.003 3.0642188241347874 0.0
37.0 5.0 Car -1.0 -1.0 -1.0 -1.0 -1.0 -1.0 -1.0 1.939 1.856 4.321 723.969 0.866 1568.136 0.16621426358514224 0.0
38.0 0.0 Car -1.0 -1.0 -1.0 -1.0 -1.0 -1.0 -1.0 1.844 1.579 4.649 691.88 3.783 1587.793 2.398453675918967 0.0
38.0 4.0 Car -1.0 -1.0 -1.0 -1.0 -1.0 -1.0 -1.0 1.963 1.782 4.403 726.539 -0.455 1540.178 0.9184799299770239 0.0
38.0 3.0 Truck -1.0 -1.0 -1.0 -1.0 -1.0 -1.0 -1.0 2.699 3.843 10.218 777.356 2.437 1550.176 3.0450341401461936 0.0
38.0 5.0 Car -1.0 -1.0 -1.0 -1.0 -1.0 -1.0 -1.0 1.939 1.856 4.321 724.413 0.76 1568.034 0.06548708539082294 0.0
39.0 0.0 Car -1.0 -1.0 -1.0 -1.0 -1.0 -1.0 -1.0 1.844 1.579 4.649 690.519 3.924 1588.96 2.4071775297582474 0.0
39.0 4.0 Car -1.0 -1.0 -1.0 -1.0 -1.0 -1.0 -1.0 1.963 1.782 4.403 728.348 -0.472 1542.293 0.831247962809373 0.0
39.0 3.0 Truck -1.0 -1.0 -1.0 -1.0 -1.0 -1.0 -1.0 2.699 3.843 10.218 776.76 2.301 1550.339 3.027587746712663 0.0
