0.0 1.0 Car -1.0 -1.0 -1.0 -1.0 -1.0 -1.0 -1.0 1.646 1.497 4.364 994.469 -1.286 1726.216 0.07910704834729732 0.0
1.0 0.0 Car -1.0 -1.0 -1.0 -1.0 -1.0 -1.0 -1.0 1.794 1.636 4.213 1115.634 1.16 1685.118 2.5612881311111937 0.0
1.0 1.0 Car -1.0 -1.0 -1.0 -1.0 -1.0 -1.0 -1.0 1.646 1.497 4.364 999.265 -1.094 1726.537 0.07714658791115903 1.0
2.0 0.0 Car -1.0 -1.0 -1.0 -1.0 -1.0 -1.0 -1.0 1.794 1.636 4.213 1110.69 1.09 1688.396 2.5612881311111937 1.0
2.0 1.0 Car -1.0 -1.0 -1.0 -1.0 -1.0 -1.0 -1.0 1.646 1.497 4.364 1004.056 -0.902 1726.858 0.07518825071595624 1.0
3.0 0.0 Car -1.0 -1.0 -1.0 -1.0 -1.0 -1.0 -1.0 1.794 1.636 4.213 1106.731 1.034 1691.021 2.5612881311111937 1.0
3.0 1.0 Car -1.0 -1.0 -1.0 -1.0 -1.0 -1.0 -1.0 1.646 1.497 4.364 1007.892 -0.749 1727.115 0.07362012368003756 1.0
4.0 0.0 Car -1.0 -1.0 -1.0 -1.0 -1.0 -1.0 -1.0 1.794 1.636 4.213 1101.792 0.964 1694.295 2.5612881311111937 1.0
4.0 1.0 Car -1.0 -1.0 -1.0 -1.0 -1.0 -1.0 -1.0 1.646 1.497 4.364 1012.678 -0.557 1727.436 0.07166397632188803 1.0
5.0 0.0 Car -1.0 -1.0 -1.0 -1.0 -1.0 -1.0 -1.0 1.794 1.636 4.213 1096.849 0.894 1697.573 2.5612881311111937 0.0
5.0 1.0 Car -1.0 -1.0 -1.0 -1.0 -1.0 -1.0 -1.0 1.646 1.497 4.364 1017.468 -0.302 1727.757 0.0697058389150389 1.0
6.0 0.0 Car -1.0 -1.0 -1.0 -1.0 -1.0 -1.0 -1.0 1.794 1.636 4.213 1091.905 0.824 1700.851 2.5612881311111937 0.0
6.0 1.0 Car -1.0 -1.0 -1.0 -1.0 -1.0 -1.0 -1.0 1.646 1.497 4.364 1021.627 0.009 1728.063 0.10191565933175806 1.0
7.0 0.0 Car -1.0 -1.0 -1.0 -1.0 -1.0 -1.0 -1.0 1.794 1.636 4.213 1086.914 0.87 1704.068 2.5682771937262014 0.0
7.0 1.0 Car -1.0 -1.0 -1.0 -1.0 -1.0 -1.0 -1.0 1.646 1.497 4.364 1025.599 0.12 1728.482 0.13416156412928304 1.0
8.0 0.0 Car -1.0 -1.0 -1.0 -1.0 -1.0 -1.0 -1.0 1.794 1.636 4.213 1081.897 0.865 1707.233 2.5752588961989353 0.0
8.0 1.0 Car -1.0 -1.0 -1.0 -1.0 -1.0 -1.0 -1.0 1.646 1.497 4.364 1029.552 0.231 1729.028 0.16637351094701391 1.0
9.0 0.0 Car -1.0 -1.0 -1.0 -1.0 -1.0 -1.0 -1.0 1.794 1.636 4.213 1077.606 0.861 1710.108 2.5822402215865816 0.0
9.0 1.0 Car -1.0 -1.0 -1.0 -1.0 -1.0 -1.0 -1.0 1.646 1.497 4.364 1033.059 0.348 1729.661 0.10965056557377073 1.0
10.0 0.0 Car -1.0 -1.0 -1.0 -1.0 -1.0 -1.0 -1.0 1.794 1.636 4.213 1073.563 0.924 1712.695 2.5892133628312055 0.0
10.0 1.0 Car -1.0 -1.0 -1.0 -1.0 -1.0 -1.0 -1.0 1.646 1.497 4.364 1036.592 0.466 1730.093 0.05299411598345927 1.0
11.0 0.0 Car -1.0 -1.0 -1.0 -1.0 -1.0 -1.0 -1.0 1.794 1.636 4.213 1069.485 0.936 1715.207 2.5787414236311372 0.0
11.0 1.0 Car -1.0 -1.0 -1.0 -1.0 -1.0 -1.0 -1.0 1.646 1.497 4.364 1040.542 0.583 1730.274 -0.012450546938894025 1.0
12.0 0.0 Car -1.0 -1.0 -1.0 -1.0 -1.0 -1.0 -1.0 1.794 1.636 4.213 1065.944 0.999 1717.366 2.5918432785986365 0.0
12.0 1.0 Car -1.0 -1.0 -1.0 -1.0 -1.0 -1.0 -1.0 1.646 1.497 4.364 1044.499 0.701 1730.195 -0.07797258433219256 1.0
13.0 0.0 Car -1.0 -1.0 -1.0 -1.0 -1.0 -1.0 -1.0 1.794 1.636 4.213 1062.405 1.061 1719.525 2.6049436151752103 0.0
13.0 1.0 Car -1.0 -1.0 -1.0 -1.0 -1.0 -1.0 -1.0 1.646 1.497 4.364 1048.702 0.756 1729.611 -0.2175989244917391 1.0
14.0 0.0 Car -1.0 -1.0 -1.0 -1.0 -1.0 -1.0 -1.0 1.794 1.636 4.213 1059.229 1.024 1721.14 2.740269735876651 0.0
14.0 1.0 Car -1.0 -1.0 -1.0 -1.0 -1.0 -1.0 -1.0 1.646 1.497 4.364 1052.214 0.786 1728.791 -0.2612752606589446 1.0
15.0 0.0 Car -1.0 -1.0 -1.0 -1.0 -1.0 -1.0 -1.0 1.794 1.636 4.213 1055.869 0.986 1722.311 2.8754473964701734 0.0
15.0 1.0 Car -1.0 -1.0 -1.0 -1.0 -1.0 -1.0 -1.0 1.646 1.497 4.364 1055.797 0.816 1727.585 -0.40958514221111564 1.0
16.0 0.0 Car -1.0 -1.0 -1.0 -1.0 -1.0 -1.0 -1.0 1.794 1.636 4.213 1052.309 0.986 1723.194 2.9103643279835993 0.0
16.0 1.0 Car -1.0 -1.0 -1.0 -1.0 -1.0 -1.0 -1.0 1.646 1.497 4.364 1059.61 0.866 1725.7 -0.523055578613381 1.0
17.0 1.0 Car -1.0 -1.0 -1.0 -1.0 -1.0 -1.0 -1.0 1.646 1.497 4.364 1063.218 0.916 1723.46 -0.5667101405003585 1.0
18.0 1.0 Car -1.0 -1.0 -1.0 -1.0 -1.0 -1.0 -1.0 1.646 1.497 4.364 1066.72 0.966 1721.067 -0.6103200355814078 1.0
19.0 1.0 Car -1.0 -1.0 -1.0 -1.0 -1.0 -1.0 -1.0 1.646 1.497 4.364 1070.714 0.983 1718.419 -0.5957682237963535 1.0
20.0 1.0 Car -1.0 -1.0 -1.0 -1.0 -1.0 -1.0 -1.0 1.646 1.497 4.364 1074.713 0.999 1715.768 -0.5811992366826123 1.0
21.0 1.0 Car -1.0 -1.0 -1.0 -1.0 -1.0 -1.0 -1.0 1.646 1.497 4.364 1078.702 1.016 1713.124 -0.566664774890604 1.0
22.0 1.0 Car -1.0 -1.0 -1.0 -1.0 -1.0 -1.0 -1.0 1.646 1.497 4.364 1082.853 0.991 1710.436 -0.5753915171683608 1.0
23.0 1.0 Car -1.0 -1.0 -1.0 -1.0 -1.0 -1.0 -1.0 1.646 1.497 4.364 1087.003 0.966 1707.749 -0.5841180674105471 1.0
24.0 1.0 Car -1.0 -1.0 -1.0 -1.0 -1.0 -1.0 -1.0 1.646 1.497 4.364 1091.291 0.951 1704.947 -0.588483157018333 1.0
25.0 1.0 Car -1.0 -1.0 -1.0 -1.0 -1.0 -1.0 -1.0 1.646 1.497 4.364 1095.579 0.936 1702.144 -0.5928490762138144 1.0
26.0 1.0 Car -1.0 -1.0 -1.0 -1.0 -1.0 -1.0 -1.0 1.646 1.497 4.364 1099.866 0.921 1699.342 -0.5972135982089662 1.0
27.0 1.0 Car -1.0 -1.0 -1.0 -1.0 -1.0 -1.0 -1.0 1.646 1.497 4.364 1104.158 0.906 1696.537 -0.6015837002729354 1.0
28.0 1.0 Car -1.0 -1.0 -1.0 -1.0 -1.0 -1.0 -1.0 1.646 1.497 4.364 1107.997 0.928 1693.992 -0.5980872859000262 0.0
29.0 1.0 Car -1.0 -1.0 -1.0 -1.0 -1.0 -1.0 -1.0 1.646 1.497 4.364 1111.832 0.95 1691.451 -0.5945952589871065 0.0
30.0 1.0 Car -1.0 -1.0 -1.0 -1.0 -1.0 -1.0 -1.0 1.646 1.497 4.364 1115.667 0.972 1688.909 -0.5911028478221176 0.0
31.0 1.0 Car -1.0 -1.0 -1.0 -1.0 -1.0 -1.0 -1.0 1.646 1.497 4.364 1119.497 0.994 1686.371 -0.5876144747970549 0.0
32.0 1.0 Car -1.0 -1.0 -1.0 -1.0 -1.0 -1.0 -1.0 1.646 1.497 4.364 1123.337 1.016 1683.826 -0.5841180674105471 0.0
33.0 1.0 Car -1.0 -1.0 -1.0 -1.0 -1.0 -1.0 -1.0 1.646 1.497 4.364 1126.823 0.993 1681.611 -0.5792035502266679 0.0
34.0 1.0 Car -1.0 -1.0 -1.0 -1.0 -1.0 -1.0 -1.0 1.646 1.497 4.364 1130.313 0.971 1679.394 -0.5742841174343399 0.0
35.0 1.0 Car -1.0 -1.0 -1.0 -1.0 -1.0 -1.0 -1.0 1.646 1.497 4.364 1133.796 0.948 1677.181 -0.5693753515123463 0.0
36.0 1.0 Car -1.0 -1.0 -1.0 -1.0 -1.0 -1.0 -1.0 1.646 1.497 4.364 1136.939 0.928 1675.184 -0.5649444712125433 0.0
37.0 1.0 Car -1.0 -1.0 -1.0 -1.0 -1.0 -1.0 -1.0 1.646 1.497 4.364 1140.422 0.906 1672.972 -0.5600356954593328 0.0
38.0 1.0 Car -1.0 -1.0 -1.0 -1.0 -1.0 -1.0 -1.0 1.646 1.497 4.364 1143.78 0.91 1670.887 -0.5622445343017449 0.0
39.0 1.0 Car -1.0 -1.0 -1.0 -1.0 -1.0 -1.0 -1.0 1.646 1.497 4.364 1147.139 0.914 1668.802 -0.5644533952381572 0.0
