0.0 4.0 Car -1.0 -1.0 -1.0 -1.0 -1.0 -1.0 -1.0 2.291 1.765 4.556 659.938 1.239 1472.382 2.648205527358 0.0
0.0 1.0 Car -1.0 -1.0 -1.0 -1.0 -1.0 -1.0 -1.0 1.717 1.51 5.253 677.478 1.357 1463.976 2.687649968467925 0.0
0.0 2.0 Car -1.0 -1.0 -1.0 -1.0 -1.0 -1.0 -1.0 1.893 1.758 4.461 599.135 0.632 1511.727 2.560816891695941 0.0
0.0 8.0 Car -1.0 -1.0 -1.0 -1.0 -1.0 -1.0 -1.0 1.926 1.603 4.013 597.219 0.459 1509.348 2.618395303722675 0.0
1.0 4.0 Car -1.0 -1.0 -1.0 -1.0 -1.0 -1.0 -1.0 2.291 1.765 4.556 657.035 1.206 1473.921 2.6358747595918453 0.0
1.0 1.0 Car -1.0 -1.0 -1.0 -1.0 -1.0 -1.0 -1.0 1.717 1.51 5.253 674.09 1.356 1465.572 2.6791404766444638 0.0
1.0 2.0 Car -1.0 -1.0 -1.0 -1.0 -1.0 -1.0 -1.0 1.893 1.758 4.461 599.155 0.632 1511.797 2.560816891695941 0.0
1.0 8.0 Car -1.0 -1.0 -1.0 -1.0 -1.0 -1.0 -1.0 1.926 1.603 4.013 597.227 0.509 1509.471 2.618395303722675 0.0
2.0 4.0 Car -1.0 -1.0 -1.0 -1.0 -1.0 -1.0 -1.0 2.291 1.765 4.556 654.132 1.173 1475.46 2.623542806395787 0.0
2.0 6.0 Bus -1.0 -1.0 -1.0 -1.0 -1.0 -1.0 -1.0 3.378 3.553 12.621 547.759 1.493 1528.261 -0.5200383039401899 0.0
2.0 3.0 Car -1.0 -1.0 -1.0 -1.0 -1.0 -1.0 -1.0 2.057 1.719 5.012 696.496 2.104 1452.569 2.602844420100946 0.0
2.0 1.0 Car -1.0 -1.0 -1.0 -1.0 -1.0 -1.0 -1.0 1.717 1.51 5.253 670.702 1.355 1467.167 2.67063016675304 0.0
2.0 2.0 Car -1.0 -1.0 -1.0 -1.0 -1.0 -1.0 -1.0 1.893 1.758 4.461 599.25 0.682 1511.921 2.5782701842158846 0.0
2.0 8.0 Car -1.0 -1.0 -1.0 -1.0 -1.0 -1.0 -1.0 1.926 1.603 4.013 597.367 0.509 1509.709 2.600942011202732 0.0
3.0 4.0 Car -1.0 -1.0 -1.0 -1.0 -1.0 -1.0 -1.0 2.291 1.765 4.556 651.63 1.139 1476.908 2.6286289479612366 1.0
3.0 6.0 Bus -1.0 -1.0 -1.0 -1.0 -1.0 -1.0 -1.0 3.378 3.553 12.621 547.504 1.451 1528.282 -0.5091024239931161 1.0
3.0 3.0 Car -1.0 -1.0 -1.0 -1.0 -1.0 -1.0 -1.0 2.057 1.719 5.012 694.6 1.993 1453.664 2.602844420100946 1.0
3.0 1.0 Car -1.0 -1.0 -1.0 -1.0 -1.0 -1.0 -1.0 1.717 1.51 5.253 667.31 1.354 1468.765 2.6621100400460573 1.0
3.0 2.0 Car -1.0 -1.0 -1.0 -1.0 -1.0 -1.0 -1.0 1.893 1.758 4.461 599.301 0.769 1512.002 2.5782701842158846 1.0
3.0 8.0 Car -1.0 -1.0 -1.0 -1.0 -1.0 -1.0 -1.0 1.926 1.603 4.013 597.309 0.509 1509.776 2.6358485962426186 1.0
4.0 4.0 Car -1.0 -1.0 -1.0 -1.0 -1.0 -1.0 -1.0 2.291 1.765 4.556 649.125 1.153 1478.536 2.59584564979817 1.0
4.0 6.0 Bus -1.0 -1.0 -1.0 -1.0 -1.0 -1.0 -1.0 3.378 3.553 12.621 547.223 1.406 1528.306 -0.4970799933646868 1.0
4.0 3.0 Car -1.0 -1.0 -1.0 -1.0 -1.0 -1.0 -1.0 2.057 1.719 5.012 692.363 1.986 1455.169 2.602844420100946 1.0
4.0 1.0 Car -1.0 -1.0 -1.0 -1.0 -1.0 -1.0 -1.0 1.717 1.51 5.253 663.581 1.352 1470.521 2.6527433834280387 1.0
4.0 2.0 Car -1.0 -1.0 -1.0 -1.0 -1.0 -1.0 -1.0 1.893 1.758 4.461 599.248 0.76 1511.93 2.595723476735828 1.0
4.0 8.0 Car -1.0 -1.0 -1.0 -1.0 -1.0 -1.0 -1.0 1.926 1.603 4.013 597.283 0.509 1509.728 2.653301888762562 1.0
5.0 4.0 Car -1.0 -1.0 -1.0 -1.0 -1.0 -1.0 -1.0 2.291 1.765 4.556 647.176 1.077 1479.929 2.572583590179181 1.0
5.0 6.0 Bus -1.0 -1.0 -1.0 -1.0 -1.0 -1.0 -1.0 3.378 3.553 12.621 548.978 1.401 1527.266 -0.4861452290625645 1.0
5.0 3.0 Car -1.0 -1.0 -1.0 -1.0 -1.0 -1.0 -1.0 2.057 1.719 5.012 692.205 2.02 1455.251 2.602844420100946 1.0
5.0 1.0 Car -1.0 -1.0 -1.0 -1.0 -1.0 -1.0 -1.0 1.717 1.51 5.253 661.02 1.312 1471.923 2.6393244014539317 1.0
5.0 2.0 Car -1.0 -1.0 -1.0 -1.0 -1.0 -1.0 -1.0 1.893 1.758 4.461 599.194 0.702 1511.87 2.560816891695941 1.0
5.0 8.0 Car -1.0 -1.0 -1.0 -1.0 -1.0 -1.0 -1.0 1.926 1.603 4.013 596.827 0.509 1509.829 2.618395303722675 1.0
6.0 4.0 Car -1.0 -1.0 -1.0 -1.0 -1.0 -1.0 -1.0 2.291 1.765 4.556 645.227 1.052 1481.322 2.5493203206088246 1.0
6.0 6.0 Bus -1.0 -1.0 -1.0 -1.0 -1.0 -1.0 -1.0 3.378 3.553 12.621 550.732 1.397 1526.227 -0.4752098960002709 1.0
6.0 3.0 Car -1.0 -1.0 -1.0 -1.0 -1.0 -1.0 -1.0 2.057 1.719 5.012 689.336 1.854 1456.873 2.585391127581003 1.0
6.0 1.0 Car -1.0 -1.0 -1.0 -1.0 -1.0 -1.0 -1.0 1.717 1.51 5.253 658.459 1.272 1473.325 2.6259047215057056 1.0
6.0 2.0 Car -1.0 -1.0 -1.0 -1.0 -1.0 -1.0 -1.0 1.893 1.758 4.461 599.204 0.693 1511.89 2.560816891695941 1.0
6.0 8.0 Car -1.0 -1.0 -1.0 -1.0 -1.0 -1.0 -1.0 1.926 1.603 4.013 596.924 0.509 1509.782 2.6358485962426186 1.0
7.0 4.0 Car -1.0 -1.0 -1.0 -1.0 -1.0 -1.0 -1.0 2.291 1.765 4.556 643.299 1.052 1482.75 2.526032479718397 1.0
7.0 6.0 Bus -1.0 -1.0 -1.0 -1.0 -1.0 -1.0 -1.0 3.378 3.553 12.621 552.489 1.392 1525.186 -0.4642630127314189 1.0
7.0 3.0 Car -1.0 -1.0 -1.0 -1.0 -1.0 -1.0 -1.0 2.057 1.719 5.012 686.526 1.788 1458.55 2.6377510051408333 1.0
7.0 1.0 Car -1.0 -1.0 -1.0 -1.0 -1.0 -1.0 -1.0 1.717 1.51 5.253 655.895 1.232 1474.728 2.6124708673138173 1.0
7.0 2.0 Car -1.0 -1.0 -1.0 -1.0 -1.0 -1.0 -1.0 1.893 1.758 4.461 599.242 0.685 1511.898 2.560816891695941 1.0
7.0 8.0 Car -1.0 -1.0 -1.0 -1.0 -1.0 -1.0 -1.0 1.926 1.603 4.013 596.939 0.509 1509.805 2.6358485962426186 1.0
8.0 4.0 Car -1.0 -1.0 -1.0 -1.0 -1.0 -1.0 -1.0 2.291 1.765 4.556 641.514 1.007 1484.105 2.518103969296593 1.0
8.0 6.0 Bus -1.0 -1.0 -1.0 -1.0 -1.0 -1.0 -1.0 3.378 3.553 12.621 554.243 1.387 1524.147 -0.4533278765476463 1.0
8.0 3.0 Car -1.0 -1.0 -1.0 -1.0 -1.0 -1.0 -1.0 2.057 1.719 5.012 683.626 1.822 1460.16 2.6377510051408333 1.0
8.0 1.0 Car -1.0 -1.0 -1.0 -1.0 -1.0 -1.0 -1.0 1.717 1.51 5.253 653.844 1.192 1475.931 2.5990514289720172 1.0
8.0 2.0 Car -1.0 -1.0 -1.0 -1.0 -1.0 -1.0 -1.0 1.893 1.758 4.461 598.386 0.726 1512.384 2.560816891695941 1.0
8.0 8.0 Car -1.0 -1.0 -1.0 -1.0 -1.0 -1.0 -1.0 1.926 1.603 4.013 595.931 0.509 1510.269 2.6358485962426186 1.0
9.0 4.0 Car -1.0 -1.0 -1.0 -1.0 -1.0 -1.0 -1.0 2.291 1.765 4.556 639.369 1.002 1485.733 2.5085791871984537 0.0
9.0 6.0 Bus -1.0 -1.0 -1.0 -1.0 -1.0 -1.0 -1.0 3.378 3.553 12.621 557.394 1.472 1522.75 -0.4393457649267045 0.0
9.0 3.0 Car -1.0 -1.0 -1.0 -1.0 -1.0 -1.0 -1.0 2.057 1.719 5.012 679.468 1.733 1462.373 2.6202977126208897 0.0
9.0 1.0 Car -1.0 -1.0 -1.0 -1.0 -1.0 -1.0 -1.0 1.717 1.51 5.253 651.38 1.143 1477.376 2.5829302133482654 0.0
9.0 2.0 Car -1.0 -1.0 -1.0 -1.0 -1.0 -1.0 -1.0 1.893 1.758 4.461 598.07 0.726 1512.583 2.560816891695941 0.0
9.0 8.0 Car -1.0 -1.0 -1.0 -1.0 -1.0 -1.0 -1.0 1.926 1.603 4.013 595.881 0.559 1510.353 2.6358485962426186 0.0
10.0 4.0 Car -1.0 -1.0 -1.0 -1.0 -1.0 -1.0 -1.0 2.291 1.765 4.556 637.981 0.952 1486.796 2.5085791871984537 0.0
10.0 6.0 Bus -1.0 -1.0 -1.0 -1.0 -1.0 -1.0 -1.0 3.378 3.553 12.621 560.029 1.544 1521.607 -0.4276946882137495 0.0
10.0 3.0 Car -1.0 -1.0 -1.0 -1.0 -1.0 -1.0 -1.0 2.057 1.719 5.012 676.439 1.659 1463.943 2.6552042976607764 0.0
10.0 1.0 Car -1.0 -1.0 -1.0 -1.0 -1.0 -1.0 -1.0 1.717 1.51 5.253 649.892 1.11 1478.377 2.5580495792336873 0.0
10.0 2.0 Car -1.0 -1.0 -1.0 -1.0 -1.0 -1.0 -1.0 1.893 1.758 4.461 597.594 0.726 1512.9 2.560816891695941 0.0
10.0 8.0 Car -1.0 -1.0 -1.0 -1.0 -1.0 -1.0 -1.0 1.926 1.603 4.013 595.267 0.559 1510.725 2.6358485962426186 0.0
11.0 4.0 Car -1.0 -1.0 -1.0 -1.0 -1.0 -1.0 -1.0 2.291 1.765 4.556 636.592 0.977 1487.86 2.5085791871984537 0.0
11.0 6.0 Bus -1.0 -1.0 -1.0 -1.0 -1.0 -1.0 -1.0 3.378 3.553 12.621 562.669 1.615 1520.476 -0.4160431458386378 0.0
11.0 3.0 Car -1.0 -1.0 -1.0 -1.0 -1.0 -1.0 -1.0 2.057 1.719 5.012 673.427 1.585 1465.39 2.6726575901807195 0.0
11.0 1.0 Car -1.0 -1.0 -1.0 -1.0 -1.0 -1.0 -1.0 1.717 1.51 5.253 648.424 1.077 1479.405 2.5331679507071736 0.0
11.0 2.0 Car -1.0 -1.0 -1.0 -1.0 -1.0 -1.0 -1.0 1.893 1.758 4.461 596.892 0.776 1513.394 2.5782701842158846 0.0
11.0 8.0 Car -1.0 -1.0 -1.0 -1.0 -1.0 -1.0 -1.0 1.926 1.603 4.013 594.666 0.559 1511.121 2.6358485962426186 0.0
12.0 4.0 Car -1.0 -1.0 -1.0 -1.0 -1.0 -1.0 -1.0 2.291 1.765 4.556 635.203 1.002 1488.923 2.5085791871984537 0.0
12.0 6.0 Bus -1.0 -1.0 -1.0 -1.0 -1.0 -1.0 -1.0 3.378 3.553 12.621 565.311 1.686 1519.35 -0.40439151033109466 0.0
12.0 3.0 Car -1.0 -1.0 -1.0 -1.0 -1.0 -1.0 -1.0 2.057 1.719 5.012 670.725 1.611 1466.702 2.6726575901807195 0.0
12.0 1.0 Car -1.0 -1.0 -1.0 -1.0 -1.0 -1.0 -1.0 1.717 1.51 5.253 646.972 1.043 1480.457 2.5082861232982725 0.0
12.0 2.0 Car -1.0 -1.0 -1.0 -1.0 -1.0 -1.0 -1.0 1.893 1.758 4.461 596.173 0.776 1513.862 2.5782701842158846 0.0
12.0 8.0 Car -1.0 -1.0 -1.0 -1.0 -1.0 -1.0 -1.0 1.926 1.603 4.013 593.728 0.559 1511.648 2.6358485962426186 0.0
13.0 4.0 Car -1.0 -1.0 -1.0 -1.0 -1.0 -1.0 -1.0 2.291 1.765 4.556 634.115 0.962 1489.727 2.5173105880209863 0.0
13.0 6.0 Bus -1.0 -1.0 -1.0 -1.0 -1.0 -1.0 -1.0 3.378 3.553 12.621 567.953 1.757 1518.224 -0.3927400378053063 0.0
13.0 3.0 Car -1.0 -1.0 -1.0 -1.0 -1.0 -1.0 -1.0 2.057 1.719 5.012 667.041 1.537 1468.32 2.690110882700663 0.0
13.0 1.0 Car -1.0 -1.0 -1.0 -1.0 -1.0 -1.0 -1.0 1.717 1.51 5.253 645.529 1.01 1481.521 2.4834046439335493 0.0
13.0 2.0 Car -1.0 -1.0 -1.0 -1.0 -1.0 -1.0 -1.0 1.893 1.758 4.461 595.308 0.776 1514.387 2.5782701842158846 0.0
13.0 8.0 Car -1.0 -1.0 -1.0 -1.0 -1.0 -1.0 -1.0 1.926 1.603 4.013 592.648 0.559 1512.256 2.6358485962426186 0.0
14.0 4.0 Car -1.0 -1.0 -1.0 -1.0 -1.0 -1.0 -1.0 2.291 1.765 4.556 633.028 1.021 1490.53 2.526032479718397 0.0
14.0 6.0 Bus -1.0 -1.0 -1.0 -1.0 -1.0 -1.0 -1.0 3.378 3.553 12.621 570.345 1.751 1517.152 -0.42400244952541777 0.0
14.0 3.0 Car -1.0 -1.0 -1.0 -1.0 -1.0 -1.0 -1.0 2.057 1.719 5.012 664.762 1.563 1469.39 2.690110882700663 0.0
14.0 1.0 Car -1.0 -1.0 -1.0 -1.0 -1.0 -1.0 -1.0 1.717 1.51 5.253 644.088 0.977 1482.583 2.4585502622940716 0.0
14.0 2.0 Car -1.0 -1.0 -1.0 -1.0 -1.0 -1.0 -1.0 1.893 1.758 4.461 594.464 0.826 1514.899 2.5782701842158846 0.0
14.0 8.0 Car -1.0 -1.0 -1.0 -1.0 -1.0 -1.0 -1.0 1.926 1.603 4.013 591.271 0.559 1513.061 2.6358485962426186 0.0
14.0 7.0 Car -1.0 -1.0 -1.0 -1.0 -1.0 -1.0 -1.0 1.85 1.623 4.557 546.199 0.618 1529.258 -0.5033355029299011 0.0
14.0 9.0 Car -1.0 -1.0 -1.0 -1.0 -1.0 -1.0 -1.0 2.036 1.669 4.013 579.105 0.726 1520.838 2.597880151810199 0.0
15.0 4.0 Car -1.0 -1.0 -1.0 -1.0 -1.0 -1.0 -1.0 2.291 1.765 4.556 632.142 1.037 1491.153 2.5319803537918246 0.0
15.0 6.0 Bus -1.0 -1.0 -1.0 -1.0 -1.0 -1.0 -1.0 3.378 3.553 12.621 572.235 1.747 1516.24 -0.4490402215794598 0.0
15.0 3.0 Car -1.0 -1.0 -1.0 -1.0 -1.0 -1.0 -1.0 2.057 1.719 5.012 662.091 1.493 1470.884 2.6552042976607764 0.0
15.0 1.0 Car -1.0 -1.0 -1.0 -1.0 -1.0 -1.0 -1.0 1.717 1.51 5.253 643.08 0.984 1483.384 2.467848116594551 0.0
15.0 2.0 Car -1.0 -1.0 -1.0 -1.0 -1.0 -1.0 -1.0 1.893 1.758 4.461 593.453 0.876 1515.546 2.595723476735828 0.0
15.0 8.0 Car -1.0 -1.0 -1.0 -1.0 -1.0 -1.0 -1.0 1.926 1.603 4.013 590.187 0.609 1513.739 2.618395303722675 0.0
15.0 7.0 Car -1.0 -1.0 -1.0 -1.0 -1.0 -1.0 -1.0 1.85 1.623 4.557 547.714 0.565 1528.524 -0.5033355029299011 0.0
15.0 9.0 Car -1.0 -1.0 -1.0 -1.0 -1.0 -1.0 -1.0 2.036 1.669 4.013 577.207 0.726 1522.015 2.5954279373675604 0.0
16.0 4.0 Car -1.0 -1.0 -1.0 -1.0 -1.0 -1.0 -1.0 2.291 1.765 4.556 631.036 1.057 1491.932 2.539415025531725 0.0
16.0 6.0 Bus -1.0 -1.0 -1.0 -1.0 -1.0 -1.0 -1.0 3.378 3.553 12.621 574.564 1.74 1515.035 -0.4803367174403719 0.0
16.0 3.0 Car -1.0 -1.0 -1.0 -1.0 -1.0 -1.0 -1.0 2.057 1.719 5.012 659.416 1.519 1472.281 2.642624084503118 0.0
16.0 1.0 Car -1.0 -1.0 -1.0 -1.0 -1.0 -1.0 -1.0 1.717 1.51 5.253 641.818 0.994 1484.381 2.4794701673905344 0.0
16.0 2.0 Car -1.0 -1.0 -1.0 -1.0 -1.0 -1.0 -1.0 1.893 1.758 4.461 591.174 0.839 1516.878 2.6131767692557712 0.0
16.0 8.0 Car -1.0 -1.0 -1.0 -1.0 -1.0 -1.0 -1.0 1.926 1.603 4.013 588.558 0.671 1514.67 2.6358485962426186 0.0
16.0 7.0 Car -1.0 -1.0 -1.0 -1.0 -1.0 -1.0 -1.0 1.85 1.623 4.557 549.761 0.549 1527.38 -0.4858822104099581 0.0
16.0 9.0 Car -1.0 -1.0 -1.0 -1.0 -1.0 -1.0 -1.0 2.036 1.669 4.013 574.393 0.726 1523.755 2.592362739753793 0.0
17.0 4.0 Car -1.0 -1.0 -1.0 -1.0 -1.0 -1.0 -1.0 2.291 1.765 4.556 630.042 1.076 1492.631 2.5460939822460404 1.0
17.0 6.0 Bus -1.0 -1.0 -1.0 -1.0 -1.0 -1.0 -1.0 3.378 3.553 12.621 576.14 1.75 1514.249 -0.4922460882645643 1.0
17.0 3.0 Car -1.0 -1.0 -1.0 -1.0 -1.0 -1.0 -1.0 2.057 1.719 5.012 657.084 1.497 1473.646 2.64604582526594 1.0
17.0 1.0 Car -1.0 -1.0 -1.0 -1.0 -1.0 -1.0 -1.0 1.717 1.51 5.253 640.682 1.002 1485.273 2.489910866982065 1.0
17.0 2.0 Car -1.0 -1.0 -1.0 -1.0 -1.0 -1.0 -1.0 1.893 1.758 4.461 588.357 0.85 1518.46 2.648083354295658 1.0
17.0 8.0 Car -1.0 -1.0 -1.0 -1.0 -1.0 -1.0 -1.0 1.926 1.603 4.013 587.001 0.677 1515.564 2.6358485962426186 1.0
17.0 7.0 Car -1.0 -1.0 -1.0 -1.0 -1.0 -1.0 -1.0 1.85 1.623 4.557 551.61 0.54 1526.368 -0.3986157478102421 1.0
17.0 9.0 Car -1.0 -1.0 -1.0 -1.0 -1.0 -1.0 -1.0 2.036 1.669 4.013 571.865 0.726 1525.318 2.589609111496973 1.0
18.0 4.0 Car -1.0 -1.0 -1.0 -1.0 -1.0 -1.0 -1.0 2.291 1.765 4.556 628.937 1.096 1493.408 2.553512430485284 1.0
18.0 6.0 Bus -1.0 -1.0 -1.0 -1.0 -1.0 -1.0 -1.0 3.378 3.553 12.621 577.89 1.762 1513.376 -0.5054740600572036 1.0
18.0 3.0 Car -1.0 -1.0 -1.0 -1.0 -1.0 -1.0 -1.0 2.057 1.719 5.012 654.937 1.479 1474.708 2.647913998001627 1.0
18.0 1.0 Car -1.0 -1.0 -1.0 -1.0 -1.0 -1.0 -1.0 1.717 1.51 5.253 639.419 1.012 1486.264 2.5015075568266405 1.0
18.0 2.0 Car -1.0 -1.0 -1.0 -1.0 -1.0 -1.0 -1.0 1.893 1.758 4.461 584.934 0.857 1520.349 2.6306300617757143 1.0
18.0 8.0 Car -1.0 -1.0 -1.0 -1.0 -1.0 -1.0 -1.0 1.926 1.603 4.013 585.142 0.684 1516.662 2.6358485962426186 1.0
18.0 7.0 Car -1.0 -1.0 -1.0 -1.0 -1.0 -1.0 -1.0 1.85 1.623 4.557 553.77 0.535 1525.454 -0.41606904033018544 1.0
18.0 9.0 Car -1.0 -1.0 -1.0 -1.0 -1.0 -1.0 -1.0 2.036 1.669 4.013 569.058 0.726 1527.054 2.5865506025760276 1.0
19.0 4.0 Car -1.0 -1.0 -1.0 -1.0 -1.0 -1.0 -1.0 2.291 1.765 4.556 627.832 1.116 1494.186 2.5609390647582835 1.0
19.0 6.0 Bus -1.0 -1.0 -1.0 -1.0 -1.0 -1.0 -1.0 3.378 3.553 12.621 579.642 1.773 1512.502 -0.5187166285175202 0.0
19.0 3.0 Car -1.0 -1.0 -1.0 -1.0 -1.0 -1.0 -1.0 2.057 1.719 5.012 652.223 1.456 1476.278 2.6708541961674515 1.0
19.0 1.0 Car -1.0 -1.0 -1.0 -1.0 -1.0 -1.0 -1.0 1.717 1.51 5.253 638.155 1.021 1487.255 2.513117043268492 1.0
19.0 2.0 Car -1.0 -1.0 -1.0 -1.0 -1.0 -1.0 -1.0 1.893 1.758 4.461 580.908 0.814 1522.78 2.595723476735828 1.0
19.0 8.0 Car -1.0 -1.0 -1.0 -1.0 -1.0 -1.0 -1.0 1.926 1.603 4.013 582.806 0.691 1517.983 2.653301888762562 1.0
19.0 7.0 Car -1.0 -1.0 -1.0 -1.0 -1.0 -1.0 -1.0 1.85 1.623 4.557 556.235 0.53 1524.391 -0.3986157478102421 1.0
19.0 9.0 Car -1.0 -1.0 -1.0 -1.0 -1.0 -1.0 -1.0 2.036 1.669 4.013 566.247 0.726 1528.792 2.5834887186827884 1.0
20.0 4.0 Car -1.0 -1.0 -1.0 -1.0 -1.0 -1.0 -1.0 2.291 1.765 4.556 627.2 1.037 1494.611 2.5609390647582835 1.0
20.0 6.0 Bus -1.0 -1.0 -1.0 -1.0 -1.0 -1.0 -1.0 3.378 3.553 12.621 580.589 1.782 1511.898 -0.5293071334609661 0.0
20.0 3.0 Car -1.0 -1.0 -1.0 -1.0 -1.0 -1.0 -1.0 2.057 1.719 5.012 650.105 1.457 1477.426 2.655914742782559 1.0
20.0 1.0 Car -1.0 -1.0 -1.0 -1.0 -1.0 -1.0 -1.0 1.717 1.51 5.253 637.106 1.023 1487.992 2.513117043268492 1.0
20.0 2.0 Car -1.0 -1.0 -1.0 -1.0 -1.0 -1.0 -1.0 1.893 1.758 4.461 578.462 0.82 1524.295 2.595723476735828 1.0
20.0 8.0 Car -1.0 -1.0 -1.0 -1.0 -1.0 -1.0 -1.0 1.926 1.603 4.013 580.924 0.697 1519.015 2.6358485962426186 1.0
20.0 7.0 Car -1.0 -1.0 -1.0 -1.0 -1.0 -1.0 -1.0 1.85 1.623 4.557 558.225 0.566 1523.583 -0.3811624552902988 1.0
20.0 9.0 Car -1.0 -1.0 -1.0 -1.0 -1.0 -1.0 -1.0 2.036 1.669 4.013 563.707 0.748 1530.465 2.5834887186827884 1.0
21.0 4.0 Car -1.0 -1.0 -1.0 -1.0 -1.0 -1.0 -1.0 2.291 1.765 4.556 626.569 1.053 1495.036 2.5609390647582835 1.0
21.0 6.0 Bus -1.0 -1.0 -1.0 -1.0 -1.0 -1.0 -1.0 3.378 3.553 12.621 581.535 1.791 1511.294 -0.5398977973517916 0.0
21.0 3.0 Car -1.0 -1.0 -1.0 -1.0 -1.0 -1.0 -1.0 2.057 1.719 5.012 647.987 1.458 1478.574 2.640975065179183 1.0
21.0 1.0 Car -1.0 -1.0 -1.0 -1.0 -1.0 -1.0 -1.0 1.717 1.51 5.253 636.056 1.025 1488.729 2.513117043268492 1.0
21.0 2.0 Car -1.0 -1.0 -1.0 -1.0 -1.0 -1.0 -1.0 1.893 1.758 4.461 576.539 0.825 1525.514 2.595723476735828 1.0
21.0 8.0 Car -1.0 -1.0 -1.0 -1.0 -1.0 -1.0 -1.0 1.926 1.603 4.013 579.31 0.752 1519.962 2.6358485962426186 1.0
21.0 7.0 Car -1.0 -1.0 -1.0 -1.0 -1.0 -1.0 -1.0 1.85 1.623 4.557 560.173 0.602 1522.672 -0.34625587025041216 1.0
21.0 5.0 Car -1.0 -1.0 -1.0 -1.0 -1.0 -1.0 -1.0 1.736 1.925 3.932 537.426 1.198 1534.123 -0.4812396346534218 0.0
21.0 9.0 Car -1.0 -1.0 -1.0 -1.0 -1.0 -1.0 -1.0 2.036 1.669 4.013 561.167 0.77 1532.138 2.5834887186827884 1.0
22.0 4.0 Car -1.0 -1.0 -1.0 -1.0 -1.0 -1.0 -1.0 2.291 1.765 4.556 625.779 1.085 1495.568 2.5609390647582835 1.0
22.0 6.0 Bus -1.0 -1.0 -1.0 -1.0 -1.0 -1.0 -1.0 3.378 3.553 12.621 581.724 1.797 1511.136 -0.53941667555807 0.0
22.0 3.0 Car -1.0 -1.0 -1.0 -1.0 -1.0 -1.0 -1.0 2.057 1.719 5.012 645.338 1.458 1480.009 2.6222947132338668 1.0
22.0 1.0 Car -1.0 -1.0 -1.0 -1.0 -1.0 -1.0 -1.0 1.717 1.51 5.253 634.744 1.027 1489.651 2.513117043268492 1.0
22.0 2.0 Car -1.0 -1.0 -1.0 -1.0 -1.0 -1.0 -1.0 1.893 1.758 4.461 573.98 0.832 1527.121 2.595723476735828 1.0
22.0 8.0 Car -1.0 -1.0 -1.0 -1.0 -1.0 -1.0 -1.0 1.926 1.603 4.013 577.196 0.771 1521.116 2.670755181282505 1.0
22.0 7.0 Car -1.0 -1.0 -1.0 -1.0 -1.0 -1.0 -1.0 1.85 1.623 4.557 563.271 0.535 1521.608 -0.3637091627703554 1.0
22.0 0.0 Car -1.0 -1.0 -1.0 -1.0 -1.0 -1.0 -1.0 2.155 1.607 4.885 547.895 0.942 1533.495 -0.49785516909824423 0.0
22.0 5.0 Car -1.0 -1.0 -1.0 -1.0 -1.0 -1.0 -1.0 1.736 1.925 3.932 539.073 1.117 1533.229 -0.5045111383618033 1.0
22.0 9.0 Car -1.0 -1.0 -1.0 -1.0 -1.0 -1.0 -1.0 2.036 1.669 4.013 557.991 0.797 1534.23 2.5834887186827884 1.0
23.0 4.0 Car -1.0 -1.0 -1.0 -1.0 -1.0 -1.0 -1.0 2.291 1.765 4.556 625.518 1.049 1495.792 2.569655789143561 1.0
23.0 6.0 Bus -1.0 -1.0 -1.0 -1.0 -1.0 -1.0 -1.0 3.378 3.553 12.621 581.912 1.803 1510.979 -0.5389355460645366 0.0
23.0 3.0 Car -1.0 -1.0 -1.0 -1.0 -1.0 -1.0 -1.0 2.057 1.719 5.012 642.693 1.451 1481.451 2.6161439369123105 1.0
23.0 1.0 Car -1.0 -1.0 -1.0 -1.0 -1.0 -1.0 -1.0 1.717 1.51 5.253 633.941 1.029 1490.241 2.513117043268492 1.0
23.0 2.0 Car -1.0 -1.0 -1.0 -1.0 -1.0 -1.0 -1.0 1.893 1.758 4.461 571.645 0.839 1528.603 2.5782701842158846 1.0
23.0 8.0 Car -1.0 -1.0 -1.0 -1.0 -1.0 -1.0 -1.0 1.926 1.603 4.013 575.325 0.741 1522.197 2.653301888762562 1.0
23.0 7.0 Car -1.0 -1.0 -1.0 -1.0 -1.0 -1.0 -1.0 1.85 1.623 4.557 566.698 0.668 1520.771 -0.29389599269058225 1.0
23.0 0.0 Car -1.0 -1.0 -1.0 -1.0 -1.0 -1.0 -1.0 2.155 1.607 4.885 550.531 0.858 1532.045 -0.49785516909824423 1.0
23.0 5.0 Car -1.0 -1.0 -1.0 -1.0 -1.0 -1.0 -1.0 1.736 1.925 3.932 540.721 1.087 1532.336 -0.49287615014421116 1.0
23.0 9.0 Car -1.0 -1.0 -1.0 -1.0 -1.0 -1.0 -1.0 2.036 1.669 4.013 554.816 0.825 1536.322 2.5834887186827884 1.0
24.0 4.0 Car -1.0 -1.0 -1.0 -1.0 -1.0 -1.0 -1.0 2.291 1.765 4.556 625.256 1.112 1496.017 2.5783923572782266 1.0
24.0 6.0 Bus -1.0 -1.0 -1.0 -1.0 -1.0 -1.0 -1.0 3.378 3.553 12.621 582.051 1.809 1510.766 -0.5384533212727387 0.0
24.0 3.0 Car -1.0 -1.0 -1.0 -1.0 -1.0 -1.0 -1.0 2.057 1.719 5.012 640.043 1.444 1482.896 2.60997915825932 1.0
24.0 1.0 Car -1.0 -1.0 -1.0 -1.0 -1.0 -1.0 -1.0 1.717 1.51 5.253 633.137 1.032 1490.833 2.513117043268492 0.0
24.0 2.0 Car -1.0 -1.0 -1.0 -1.0 -1.0 -1.0 -1.0 1.893 1.758 4.461 569.099 0.846 1530.243 2.5782701842158846 1.0
24.0 8.0 Car -1.0 -1.0 -1.0 -1.0 -1.0 -1.0 -1.0 1.926 1.603 4.013 573.438 0.76 1523.256 2.6358485962426186 1.0
24.0 7.0 Car -1.0 -1.0 -1.0 -1.0 -1.0 -1.0 -1.0 1.85 1.623 4.557 569.911 0.7 1519.825 -0.31138222003387694 1.0
24.0 0.0 Car -1.0 -1.0 -1.0 -1.0 -1.0 -1.0 -1.0 2.155 1.607 4.885 553.117 0.724 1530.478 -0.49785516909824423 1.0
24.0 5.0 Car -1.0 -1.0 -1.0 -1.0 -1.0 -1.0 -1.0 1.736 1.925 3.932 542.343 1.082 1531.387 -0.48558893900275096 1.0
24.0 9.0 Car -1.0 -1.0 -1.0 -1.0 -1.0 -1.0 -1.0 2.036 1.669 4.013 551.657 0.966 1538.458 2.5834887186827884 1.0
25.0 4.0 Car -1.0 -1.0 -1.0 -1.0 -1.0 -1.0 -1.0 2.291 1.765 4.556 625.124 1.122 1496.074 2.5749049438738343 1.0
25.0 6.0 Bus -1.0 -1.0 -1.0 -1.0 -1.0 -1.0 -1.0 3.378 3.553 12.621 582.19 1.815 1510.554 -0.5379727644527268 0.0
25.0 3.0 Car -1.0 -1.0 -1.0 -1.0 -1.0 -1.0 -1.0 2.057 1.719 5.012 637.401 1.437 1484.337 2.6038357030161503 1.0
25.0 1.0 Car -1.0 -1.0 -1.0 -1.0 -1.0 -1.0 -1.0 1.717 1.51 5.253 632.916 1.048 1491.012 2.513117043268492 0.0
25.0 2.0 Car -1.0 -1.0 -1.0 -1.0 -1.0 -1.0 -1.0 1.893 1.758 4.461 566.244 0.803 1532.064 2.595723476735828 1.0
25.0 8.0 Car -1.0 -1.0 -1.0 -1.0 -1.0 -1.0 -1.0 1.926 1.603 4.013 571.986 0.779 1523.948 2.6358485962426186 1.0
25.0 7.0 Car -1.0 -1.0 -1.0 -1.0 -1.0 -1.0 -1.0 1.85 1.623 4.557 573.089 0.733 1518.79 -0.31135467158396657 1.0
25.0 0.0 Car -1.0 -1.0 -1.0 -1.0 -1.0 -1.0 -1.0 2.155 1.607 4.885 556.802 0.698 1528.527 -0.4804018765783011 1.0
25.0 5.0 Car -1.0 -1.0 -1.0 -1.0 -1.0 -1.0 -1.0 1.736 1.925 3.932 543.96 1.06 1530.441 -0.478326933663213 1.0
25.0 9.0 Car -1.0 -1.0 -1.0 -1.0 -1.0 -1.0 -1.0 2.036 1.669 4.013 548.69 1.174 1540.355 2.5776753789126543 0.0
26.0 4.0 Car -1.0 -1.0 -1.0 -1.0 -1.0 -1.0 -1.0 2.291 1.765 4.556 624.772 1.1 1496.397 2.553959802654097 1.0
26.0 6.0 Bus -1.0 -1.0 -1.0 -1.0 -1.0 -1.0 -1.0 3.378 3.553 12.621 582.329 1.821 1510.341 -0.5374915964601331 0.0
26.0 3.0 Car -1.0 -1.0 -1.0 -1.0 -1.0 -1.0 -1.0 2.057 1.719 5.012 634.812 1.399 1485.919 2.591868310734347 1.0
26.0 1.0 Car -1.0 -1.0 -1.0 -1.0 -1.0 -1.0 -1.0 1.717 1.51 5.253 632.696 1.065 1491.191 2.513117043268492 0.0
26.0 2.0 Car -1.0 -1.0 -1.0 -1.0 -1.0 -1.0 -1.0 1.893 1.758 4.461 563.244 0.76 1533.873 2.595723476735828 1.0
26.0 8.0 Car -1.0 -1.0 -1.0 -1.0 -1.0 -1.0 -1.0 1.926 1.603 4.013 570.26 0.748 1524.655 2.6358485962426186 1.0
26.0 7.0 Car -1.0 -1.0 -1.0 -1.0 -1.0 -1.0 -1.0 1.85 1.623 4.557 576.165 0.666 1517.448 -0.34625587025041216 0.0
26.0 0.0 Car -1.0 -1.0 -1.0 -1.0 -1.0 -1.0 -1.0 2.155 1.607 4.885 559.666 0.73 1526.797 -0.46294858405835804 1.0
26.0 5.0 Car -1.0 -1.0 -1.0 -1.0 -1.0 -1.0 -1.0 1.736 1.925 3.932 545.517 0.788 1529.373 -0.47105569249896634 1.0
26.0 9.0 Car -1.0 -1.0 -1.0 -1.0 -1.0 -1.0 -1.0 2.036 1.669 4.013 545.719 1.232 1542.254 2.5718546457319427 0.0
27.0 4.0 Car -1.0 -1.0 -1.0 -1.0 -1.0 -1.0 -1.0 2.291 1.765 4.556 624.351 1.142 1496.614 2.567922154487478 1.0
27.0 6.0 Bus -1.0 -1.0 -1.0 -1.0 -1.0 -1.0 -1.0 3.378 3.553 12.621 582.361 1.791 1510.444 -0.5374915964601331 0.0
27.0 3.0 Car -1.0 -1.0 -1.0 -1.0 -1.0 -1.0 -1.0 2.057 1.719 5.012 632.225 1.361 1487.502 2.5799040304288856 1.0
27.0 1.0 Car -1.0 -1.0 -1.0 -1.0 -1.0 -1.0 -1.0 1.717 1.51 5.253 632.475 1.081 1491.369 2.513117043268492 0.0
27.0 2.0 Car -1.0 -1.0 -1.0 -1.0 -1.0 -1.0 -1.0 1.893 1.758 4.461 559.5 0.767 1536.167 2.595723476735828 1.0
27.0 8.0 Car -1.0 -1.0 -1.0 -1.0 -1.0 -1.0 -1.0 1.926 1.603 4.013 569.122 0.718 1525.289 2.653301888762562 1.0
27.0 7.0 Car -1.0 -1.0 -1.0 -1.0 -1.0 -1.0 -1.0 1.85 1.623 4.557 581.232 0.781 1515.263 -0.41606904033018544 0.0
27.0 0.0 Car -1.0 -1.0 -1.0 -1.0 -1.0 -1.0 -1.0 2.155 1.607 4.885 563.225 0.748 1524.778 -0.4716759286776955 1.0
27.0 5.0 Car -1.0 -1.0 -1.0 -1.0 -1.0 -1.0 -1.0 1.736 1.925 3.932 547.229 0.716 1528.622 -0.359066587013819 1.0
27.0 9.0 Car -1.0 -1.0 -1.0 -1.0 -1.0 -1.0 -1.0 2.036 1.669 4.013 542.748 1.29 1544.152 2.566035426162845 0.0
28.0 4.0 Car -1.0 -1.0 -1.0 -1.0 -1.0 -1.0 -1.0 2.291 1.765 4.556 623.693 1.127 1497.035 2.5644306550235427 0.0
28.0 6.0 Bus -1.0 -1.0 -1.0 -1.0 -1.0 -1.0 -1.0 3.378 3.553 12.621 582.393 1.761 1510.547 -0.5374915964601331 0.0
28.0 3.0 Car -1.0 -1.0 -1.0 -1.0 -1.0 -1.0 -1.0 2.057 1.719 5.012 629.637 1.141 1489.084 2.56793783506106 0.0
28.0 1.0 Car -1.0 -1.0 -1.0 -1.0 -1.0 -1.0 -1.0 1.717 1.51 5.253 632.596 1.098 1491.3 2.513117043268492 0.0
28.0 2.0 Car -1.0 -1.0 -1.0 -1.0 -1.0 -1.0 -1.0 1.893 1.758 4.461 556.264 0.624 1538.201 2.5782701842158846 0.0
28.0 8.0 Car -1.0 -1.0 -1.0 -1.0 -1.0 -1.0 -1.0 1.926 1.603 4.013 567.958 0.537 1525.875 2.653301888762562 0.0
28.0 7.0 Car -1.0 -1.0 -1.0 -1.0 -1.0 -1.0 -1.0 1.85 1.623 4.557 584.89 0.647 1513.179 -0.5033355029299011 0.0
28.0 0.0 Car -1.0 -1.0 -1.0 -1.0 -1.0 -1.0 -1.0 2.155 1.607 4.885 566.198 0.557 1523.161 -0.4804018765783011 0.0
28.0 5.0 Car -1.0 -1.0 -1.0 -1.0 -1.0 -1.0 -1.0 1.736 1.925 3.932 549.728 0.428 1527.408 -0.359066587013819 0.0
28.0 9.0 Car -1.0 -1.0 -1.0 -1.0 -1.0 -1.0 -1.0 2.036 1.669 4.013 539.183 1.048 1546.335 2.5427665217754454 0.0
29.0 4.0 Car -1.0 -1.0 -1.0 -1.0 -1.0 -1.0 -1.0 2.291 1.765 4.556 623.036 1.112 1497.457 2.5609390647582835 0.0
29.0 6.0 Bus -1.0 -1.0 -1.0 -1.0 -1.0 -1.0 -1.0 3.378 3.553 12.621 582.425 1.732 1510.651 -0.5374915964601331 0.0
29.0 3.0 Car -1.0 -1.0 -1.0 -1.0 -1.0 -1.0 -1.0 2.057 1.719 5.012 625.694 1.139 1491.342 2.56793783506106 0.0
29.0 1.0 Car -1.0 -1.0 -1.0 -1.0 -1.0 -1.0 -1.0 1.717 1.51 5.253 632.716 1.114 1491.231 2.513117043268492 0.0
29.0 2.0 Car -1.0 -1.0 -1.0 -1.0 -1.0 -1.0 -1.0 1.893 1.758 4.461 552.586 0.681 1540.833 2.5782701842158846 0.0
29.0 8.0 Car -1.0 -1.0 -1.0 -1.0 -1.0 -1.0 -1.0 1.926 1.603 4.013 567.273 0.506 1526.362 2.653301888762562 0.0
29.0 7.0 Car -1.0 -1.0 -1.0 -1.0 -1.0 -1.0 -1.0 1.85 1.623 4.557 589.344 0.713 1510.729 -0.5382420879697873 0.0
29.0 0.0 Car -1.0 -1.0 -1.0 -1.0 -1.0 -1.0 -1.0 2.155 1.607 4.885 569.689 0.661 1521.249 -0.4804018765783011 0.0
29.0 5.0 Car -1.0 -1.0 -1.0 -1.0 -1.0 -1.0 -1.0 1.736 1.925 3.932 553.067 0.389 1526.086 -0.41142646457364895 0.0
29.0 9.0 Car -1.0 -1.0 -1.0 -1.0 -1.0 -1.0 -1.0 2.036 1.669 4.013 535.827 1.106 1548.827 2.5456727899550007 0.0
30.0 4.0 Car -1.0 -1.0 -1.0 -1.0 -1.0 -1.0 -1.0 2.291 1.765 4.556 621.809 1.051 1498.188 2.5517558633561537 0.0
30.0 6.0 Bus -1.0 -1.0 -1.0 -1.0 -1.0 -1.0 -1.0 3.378 3.553 12.621 582.363 1.702 1510.54 -0.5374915964601331 0.0
30.0 3.0 Car -1.0 -1.0 -1.0 -1.0 -1.0 -1.0 -1.0 2.057 1.719 5.012 621.809 1.017 1493.671 2.56793783506106 0.0
30.0 1.0 Car -1.0 -1.0 -1.0 -1.0 -1.0 -1.0 -1.0 1.717 1.51 5.253 632.182 1.114 1491.431 2.513117043268492 0.0
30.0 2.0 Car -1.0 -1.0 -1.0 -1.0 -1.0 -1.0 -1.0 1.893 1.758 4.461 548.734 0.838 1543.569 2.5782701842158846 0.0
30.0 8.0 Car -1.0 -1.0 -1.0 -1.0 -1.0 -1.0 -1.0 1.926 1.603 4.013 566.78 0.475 1526.685 2.653301888762562 0.0
30.0 7.0 Car -1.0 -1.0 -1.0 -1.0 -1.0 -1.0 -1.0 1.85 1.623 4.557 593.472 0.679 1507.964 -0.5906019655296166 0.0
30.0 0.0 Car -1.0 -1.0 -1.0 -1.0 -1.0 -1.0 -1.0 2.155 1.607 4.885 573.335 0.564 1519.503 -0.44549529153841494 0.0
30.0 5.0 Car -1.0 -1.0 -1.0 -1.0 -1.0 -1.0 -1.0 1.736 1.925 3.932 554.859 0.351 1525.406 -0.41142646457364895 0.0
30.0 9.0 Car -1.0 -1.0 -1.0 -1.0 -1.0 -1.0 -1.0 2.036 1.669 4.013 532.467 1.164 1551.322 2.5485821336429018 0.0
31.0 4.0 Car -1.0 -1.0 -1.0 -1.0 -1.0 -1.0 -1.0 2.291 1.765 4.556 620.704 1.087 1498.846 2.5434857722383404 0.0
31.0 3.0 Car -1.0 -1.0 -1.0 -1.0 -1.0 -1.0 -1.0 2.057 1.719 5.012 618.003 0.937 1496.167 2.56793783506106 0.0
31.0 1.0 Car -1.0 -1.0 -1.0 -1.0 -1.0 -1.0 -1.0 1.717 1.51 5.253 631.7 1.114 1491.611 2.513117043268492 0.0
31.0 2.0 Car -1.0 -1.0 -1.0 -1.0 -1.0 -1.0 -1.0 1.893 1.758 4.461 545.34 0.924 1545.885 2.5782701842158846 0.0
31.0 8.0 Car -1.0 -1.0 -1.0 -1.0 -1.0 -1.0 -1.0 1.926 1.603 4.013 566.323 0.498 1526.885 2.6882084738024483 0.0
31.0 7.0 Car -1.0 -1.0 -1.0 -1.0 -1.0 -1.0 -1.0 1.85 1.623 4.557 597.421 0.629 1505.394 -0.6255085505695027 0.0
31.0 0.0 Car -1.0 -1.0 -1.0 -1.0 -1.0 -1.0 -1.0 2.155 1.607 4.885 576.915 0.61 1517.637 -0.46294858405835804 0.0
31.0 5.0 Car -1.0 -1.0 -1.0 -1.0 -1.0 -1.0 -1.0 1.736 1.925 3.932 556.833 0.306 1524.583 -0.41142646457364895 0.0
31.0 9.0 Car -1.0 -1.0 -1.0 -1.0 -1.0 -1.0 -1.0 2.036 1.669 4.013 528.704 1.247 1553.84 2.5485821336429018 0.0
32.0 4.0 Car -1.0 -1.0 -1.0 -1.0 -1.0 -1.0 -1.0 2.291 1.765 4.556 619.396 1.002 1499.831 2.526032479718397 0.0
32.0 3.0 Car -1.0 -1.0 -1.0 -1.0 -1.0 -1.0 -1.0 2.057 1.719 5.012 613.231 0.938 1499.295 2.56793783506106 0.0
32.0 1.0 Car -1.0 -1.0 -1.0 -1.0 -1.0 -1.0 -1.0 1.717 1.51 5.253 631.112 1.114 1491.831 2.513117043268492 0.0
32.0 2.0 Car -1.0 -1.0 -1.0 -1.0 -1.0 -1.0 -1.0 1.893 1.758 4.461 541.404 1.03 1548.668 2.5782701842158846 0.0
32.0 8.0 Car -1.0 -1.0 -1.0 -1.0 -1.0 -1.0 -1.0 1.926 1.603 4.013 565.754 0.525 1527.19 2.705661766322392 0.0
32.0 7.0 Car -1.0 -1.0 -1.0 -1.0 -1.0 -1.0 -1.0 1.85 1.623 4.557 602.748 0.615 1501.951 -0.5906019655296166 0.0
32.0 0.0 Car -1.0 -1.0 -1.0 -1.0 -1.0 -1.0 -1.0 2.155 1.607 4.885 581.659 0.716 1514.891 -0.49785516909824423 0.0
32.0 5.0 Car -1.0 -1.0 -1.0 -1.0 -1.0 -1.0 -1.0 1.736 1.925 3.932 559.244 0.474 1523.579 -0.41142646457364895 0.0
32.0 9.0 Car -1.0 -1.0 -1.0 -1.0 -1.0 -1.0 -1.0 2.036 1.669 4.013 524.109 1.347 1556.915 2.5485821336429018 0.0
33.0 4.0 Car -1.0 -1.0 -1.0 -1.0 -1.0 -1.0 -1.0 2.291 1.765 4.556 618.36 1.032 1500.472 2.526032479718397 0.0
33.0 3.0 Car -1.0 -1.0 -1.0 -1.0 -1.0 -1.0 -1.0 2.057 1.719 5.012 608.783 0.963 1502.448 2.56793783506106 0.0
33.0 1.0 Car -1.0 -1.0 -1.0 -1.0 -1.0 -1.0 -1.0 1.717 1.51 5.253 630.579 1.114 1492.03 2.513117043268492 0.0
33.0 2.0 Car -1.0 -1.0 -1.0 -1.0 -1.0 -1.0 -1.0 1.893 1.758 4.461 536.778 1.075 1551.661 2.595723476735828 0.0
33.0 8.0 Car -1.0 -1.0 -1.0 -1.0 -1.0 -1.0 -1.0 1.926 1.603 4.013 565.532 0.55 1527.171 2.7580216438822216 0.0
33.0 7.0 Car -1.0 -1.0 -1.0 -1.0 -1.0 -1.0 -1.0 1.85 1.623 4.557 608.27 0.877 1498.293 -0.5731486730096736 0.0
33.0 0.0 Car -1.0 -1.0 -1.0 -1.0 -1.0 -1.0 -1.0 2.155 1.607 4.885 585.48 0.671 1512.596 -0.5153084616181874 0.0
33.0 5.0 Car -1.0 -1.0 -1.0 -1.0 -1.0 -1.0 -1.0 1.736 1.925 3.932 562.536 0.51 1522.229 -0.32416000197393235 0.0
33.0 9.0 Car -1.0 -1.0 -1.0 -1.0 -1.0 -1.0 -1.0 2.036 1.669 4.013 519.94 1.439 1559.705 2.5485821336429018 0.0
34.0 4.0 Car -1.0 -1.0 -1.0 -1.0 -1.0 -1.0 -1.0 2.291 1.765 4.556 617.68 1.064 1500.939 2.5609390647582835 0.0
34.0 3.0 Car -1.0 -1.0 -1.0 -1.0 -1.0 -1.0 -1.0 2.057 1.719 5.012 604.949 0.92 1504.948 2.56793783506106 0.0
34.0 1.0 Car -1.0 -1.0 -1.0 -1.0 -1.0 -1.0 -1.0 1.717 1.51 5.253 630.098 1.114 1492.21 2.513117043268492 0.0
34.0 2.0 Car -1.0 -1.0 -1.0 -1.0 -1.0 -1.0 -1.0 1.893 1.758 4.461 533.27 1.167 1553.795 2.595723476735828 0.0
34.0 8.0 Car -1.0 -1.0 -1.0 -1.0 -1.0 -1.0 -1.0 1.926 1.603 4.013 564.953 0.5 1527.29 2.7929282289221087 0.0
34.0 7.0 Car -1.0 -1.0 -1.0 -1.0 -1.0 -1.0 -1.0 1.85 1.623 4.557 612.67 0.825 1495.499 -0.5906019655296166 0.0
34.0 0.0 Car -1.0 -1.0 -1.0 -1.0 -1.0 -1.0 -1.0 2.155 1.607 4.885 589.338 0.676 1510.236 -0.5676683391780166 0.0
34.0 5.0 Car -1.0 -1.0 -1.0 -1.0 -1.0 -1.0 -1.0 1.736 1.925 3.932 565.513 0.588 1521.06 -0.3458496760447772 0.0
34.0 9.0 Car -1.0 -1.0 -1.0 -1.0 -1.0 -1.0 -1.0 2.036 1.669 4.013 515.673 1.509 1562.378 2.5485821336429018 0.0
35.0 4.0 Car -1.0 -1.0 -1.0 -1.0 -1.0 -1.0 -1.0 2.291 1.765 4.556 617.277 1.044 1501.209 2.5434857722383404 0.0
35.0 3.0 Car -1.0 -1.0 -1.0 -1.0 -1.0 -1.0 -1.0 2.057 1.719 5.012 600.631 0.76 1508.113 2.56793783506106 0.0
35.0 1.0 Car -1.0 -1.0 -1.0 -1.0 -1.0 -1.0 -1.0 1.717 1.51 5.253 629.564 1.114 1492.41 2.513117043268492 0.0
35.0 2.0 Car -1.0 -1.0 -1.0 -1.0 -1.0 -1.0 -1.0 1.893 1.758 4.461 528.681 1.262 1556.668 2.595723476735828 0.0
35.0 8.0 Car -1.0 -1.0 -1.0 -1.0 -1.0 -1.0 -1.0 1.926 1.603 4.013 564.102 0.544 1527.447 2.897647984041768 0.0
35.0 7.0 Car -1.0 -1.0 -1.0 -1.0 -1.0 -1.0 -1.0 1.85 1.623 4.557 618.131 1.062 1492.138 -0.5731486730096736 0.0
35.0 0.0 Car -1.0 -1.0 -1.0 -1.0 -1.0 -1.0 -1.0 2.155 1.607 4.885 593.387 0.576 1507.631 -0.5676683391780166 0.0
35.0 5.0 Car -1.0 -1.0 -1.0 -1.0 -1.0 -1.0 -1.0 1.736 1.925 3.932 568.941 0.674 1520.095 -0.36991255648811716 0.0
35.0 9.0 Car -1.0 -1.0 -1.0 -1.0 -1.0 -1.0 -1.0 2.036 1.669 4.013 510.939 1.588 1565.344 2.5485821336429018 0.0
36.0 4.0 Car -1.0 -1.0 -1.0 -1.0 -1.0 -1.0 -1.0 2.291 1.765 4.556 617.055 1.124 1501.312 2.5609390647582835 0.0
36.0 3.0 Car -1.0 -1.0 -1.0 -1.0 -1.0 -1.0 -1.0 2.057 1.719 5.012 596.162 0.722 1511.245 2.56793783506106 0.0
36.0 2.0 Car -1.0 -1.0 -1.0 -1.0 -1.0 -1.0 -1.0 1.893 1.758 4.461 523.559 1.358 1559.764 2.5782701842158846 0.0
36.0 8.0 Car -1.0 -1.0 -1.0 -1.0 -1.0 -1.0 -1.0 1.926 1.603 4.013 563.678 0.539 1527.414 3.0198210316813716 0.0
36.0 7.0 Car -1.0 -1.0 -1.0 -1.0 -1.0 -1.0 -1.0 1.85 1.623 4.557 623.748 1.048 1488.563 -0.5382420879697873 0.0
36.0 0.0 Car -1.0 -1.0 -1.0 -1.0 -1.0 -1.0 -1.0 2.155 1.607 4.885 597.997 0.676 1504.982 -0.5851216316979597 0.0
36.0 5.0 Car -1.0 -1.0 -1.0 -1.0 -1.0 -1.0 -1.0 1.736 1.925 3.932 572.369 0.76 1519.13 -0.39397317205370563 0.0
36.0 9.0 Car -1.0 -1.0 -1.0 -1.0 -1.0 -1.0 -1.0 2.036 1.669 4.013 506.205 1.666 1568.31 2.5485821336429018 0.0
37.0 4.0 Car -1.0 -1.0 -1.0 -1.0 -1.0 -1.0 -1.0 2.291 1.765 4.556 616.956 1.124 1501.362 2.5434956128053834 0.0
37.0 3.0 Car -1.0 -1.0 -1.0 -1.0 -1.0 -1.0 -1.0 2.057 1.719 5.012 591.848 0.648 1514.283 2.5504845425411165 0.0
37.0 2.0 Car -1.0 -1.0 -1.0 -1.0 -1.0 -1.0 -1.0 1.893 1.758 4.461 518.401 1.454 1562.815 2.5782701842158846 0.0
37.0 8.0 Car -1.0 -1.0 -1.0 -1.0 -1.0 -1.0 -1.0 1.926 1.603 4.013 563.255 0.533 1527.38 3.0198210316813716 0.0
37.0 7.0 Car -1.0 -1.0 -1.0 -1.0 -1.0 -1.0 -1.0 1.85 1.623 4.557 629.725 1.085 1484.943 -0.5906019655296166 0.0
37.0 0.0 Car -1.0 -1.0 -1.0 -1.0 -1.0 -1.0 -1.0 2.155 1.607 4.885 602.754 0.762 1501.834 -0.5851216316979597 0.0
37.0 5.0 Car -1.0 -1.0 -1.0 -1.0 -1.0 -1.0 -1.0 1.736 1.925 3.932 576.086 0.71 1517.382 -0.41142646457364895 0.0
38.0 4.0 Car -1.0 -1.0 -1.0 -1.0 -1.0 -1.0 -1.0 2.291 1.765 4.556 616.858 1.124 1501.413 2.526032479718397 0.0
38.0 3.0 Car -1.0 -1.0 -1.0 -1.0 -1.0 -1.0 -1.0 2.057 1.719 5.012 587.606 0.624 1517.362 2.56793783506106 0.0
38.0 2.0 Car -1.0 -1.0 -1.0 -1.0 -1.0 -1.0 -1.0 1.893 1.758 4.461 513.21 1.5 1565.827 2.5782701842158846 0.0
38.0 8.0 Car -1.0 -1.0 -1.0 -1.0 -1.0 -1.0 -1.0 1.926 1.603 4.013 562.831 0.478 1527.347 3.0372743242013147 0.0
38.0 0.0 Car -1.0 -1.0 -1.0 -1.0 -1.0 -1.0 -1.0 2.155 1.607 4.885 607.737 0.758 1498.663 -0.5502150466580735 0.0
38.0 5.0 Car -1.0 -1.0 -1.0 -1.0 -1.0 -1.0 -1.0 1.736 1.925 3.932 579.849 0.76 1515.732 -0.46378634213347875 0.0
39.0 4.0 Car -1.0 -1.0 -1.0 -1.0 -1.0 -1.0 -1.0 2.291 1.765 4.556 616.945 1.074 1501.4 2.552197264844701 0.0
39.0 3.0 Car -1.0 -1.0 -1.0 -1.0 -1.0 -1.0 -1.0 2.057 1.719 5.012 583.433 0.575 1520.304 2.56793783506106 0.0
39.0 2.0 Car -1.0 -1.0 -1.0 -1.0 -1.0 -1.0 -1.0 1.893 1.758 4.461 507.075 1.496 1569.418 2.5782701842158846 0.0
39.0 8.0 Car -1.0 -1.0 -1.0 -1.0 -1.0 -1.0 -1.0 1.926 1.603 4.013 562.6 0.422 1527.304 -3.1062846428187254 0.0
39.0 0.0 Car -1.0 -1.0 -1.0 -1.0 -1.0 -1.0 -1.0 2.155 1.607 4.885 612.966 0.873 1495.354 -0.5502150466580735 0.0
39.0 5.0 Car -1.0 -1.0 -1.0 -1.0 -1.0 -1.0 -1.0 1.736 1.925 3.932 584.367 0.76 1513.491 -0.4986929271733649 0.0
