0.0 1.0 Car -1.0 -1.0 -1.0 -1.0 -1.0 -1.0 -1.0 1.862 1.455 4.61 135.118 1.017 971.684 1.796223053038655 0.0
0.0 0.0 Car -1.0 -1.0 -1.0 -1.0 -1.0 -1.0 -1.0 1.956 1.455 4.544 141.799 1.141 945.631 1.8311296380785416 0.0
0.0 2.0 Car -1.0 -1.0 -1.0 -1.0 -1.0 -1.0 -1.0 1.775 1.486 4.088 139.9 0.729 992.492 -2.6184791119529565 0.0
1.0 1.0 Car -1.0 -1.0 -1.0 -1.0 -1.0 -1.0 -1.0 1.862 1.455 4.61 134.191 0.966 975.72 1.7956784439616276 1.0
1.0 0.0 Car -1.0 -1.0 -1.0 -1.0 -1.0 -1.0 -1.0 1.956 1.455 4.544 140.778 1.148 949.545 1.8291905255838474 1.0
1.0 2.0 Car -1.0 -1.0 -1.0 -1.0 -1.0 -1.0 -1.0 1.775 1.486 4.088 138.79 0.744 991.713 -2.5312126493532414 1.0
2.0 1.0 Car -1.0 -1.0 -1.0 -1.0 -1.0 -1.0 -1.0 1.862 1.455 4.61 133.361 0.916 979.326 1.795133281452198 1.0
2.0 0.0 Car -1.0 -1.0 -1.0 -1.0 -1.0 -1.0 -1.0 1.956 1.455 4.544 139.757 1.155 953.464 1.8272494425606944 1.0
2.0 2.0 Car -1.0 -1.0 -1.0 -1.0 -1.0 -1.0 -1.0 1.775 1.486 4.088 137.957 0.709 990.914 -2.4439461867535255 1.0
3.0 1.0 Car -1.0 -1.0 -1.0 -1.0 -1.0 -1.0 -1.0 1.862 1.455 4.61 132.556 0.865 982.825 1.794588097154092 1.0
3.0 0.0 Car -1.0 -1.0 -1.0 -1.0 -1.0 -1.0 -1.0 1.956 1.455 4.544 138.735 1.162 957.382 1.8253082819576811 1.0
3.0 2.0 Car -1.0 -1.0 -1.0 -1.0 -1.0 -1.0 -1.0 1.775 1.486 4.088 137.521 0.722 990.434 -2.355501351207582 1.0
4.0 1.0 Car -1.0 -1.0 -1.0 -1.0 -1.0 -1.0 -1.0 1.862 1.455 4.61 131.79 0.814 986.155 1.794043477182726 1.0
4.0 0.0 Car -1.0 -1.0 -1.0 -1.0 -1.0 -1.0 -1.0 1.956 1.455 4.544 137.715 1.169 961.297 1.8233691306730568 1.0
4.0 2.0 Car -1.0 -1.0 -1.0 -1.0 -1.0 -1.0 -1.0 1.775 1.486 4.088 137.171 0.735 989.879 -2.267148065961108 1.0
5.0 1.0 Car -1.0 -1.0 -1.0 -1.0 -1.0 -1.0 -1.0 1.862 1.455 4.61 131.108 0.764 989.113 1.793498922577392 1.0
5.0 0.0 Car -1.0 -1.0 -1.0 -1.0 -1.0 -1.0 -1.0 1.956 1.455 4.544 136.702 1.063 965.213 1.8214302121280153 1.0
5.0 2.0 Car -1.0 -1.0 -1.0 -1.0 -1.0 -1.0 -1.0 1.775 1.486 4.088 136.885 0.698 989.352 -2.178805384996424 1.0
6.0 1.0 Car -1.0 -1.0 -1.0 -1.0 -1.0 -1.0 -1.0 1.862 1.455 4.61 130.479 0.713 991.828 1.7964435344807665 1.0
6.0 0.0 Car -1.0 -1.0 -1.0 -1.0 -1.0 -1.0 -1.0 1.956 1.455 4.544 135.689 0.958 969.129 1.8194911306652655 1.0
6.0 2.0 Car -1.0 -1.0 -1.0 -1.0 -1.0 -1.0 -1.0 1.775 1.486 4.088 136.701 0.61 988.832 -2.090455281034487 1.0
7.0 1.0 Car -1.0 -1.0 -1.0 -1.0 -1.0 -1.0 -1.0 1.862 1.455 4.61 129.879 0.663 994.416 1.7993849537416122 1.0
7.0 0.0 Car -1.0 -1.0 -1.0 -1.0 -1.0 -1.0 -1.0 1.956 1.455 4.544 134.677 0.853 973.041 1.8175541516167382 1.0
7.0 2.0 Car -1.0 -1.0 -1.0 -1.0 -1.0 -1.0 -1.0 1.775 1.486 4.088 136.543 0.573 988.395 -2.002200969084735 1.0
8.0 1.0 Car -1.0 -1.0 -1.0 -1.0 -1.0 -1.0 -1.0 1.862 1.455 4.61 129.351 0.612 996.698 1.8023293653685184 1.0
8.0 0.0 Car -1.0 -1.0 -1.0 -1.0 -1.0 -1.0 -1.0 1.956 1.455 4.544 133.664 0.747 976.957 1.8156152020397518 1.0
8.0 2.0 Car -1.0 -1.0 -1.0 -1.0 -1.0 -1.0 -1.0 1.775 1.486 4.088 136.393 0.552 987.642 -1.880885938151764 1.0
9.0 1.0 Car -1.0 -1.0 -1.0 -1.0 -1.0 -1.0 -1.0 1.862 1.455 4.61 128.861 0.556 998.838 1.8101846729024924 1.0
9.0 0.0 Car -1.0 -1.0 -1.0 -1.0 -1.0 -1.0 -1.0 1.956 1.455 4.544 132.651 0.641 980.873 1.813676345558598 1.0
9.0 2.0 Car -1.0 -1.0 -1.0 -1.0 -1.0 -1.0 -1.0 1.775 1.486 4.088 136.284 0.531 986.704 -1.7595767319828612 1.0
10.0 1.0 Car -1.0 -1.0 -1.0 -1.0 -1.0 -1.0 -1.0 1.862 1.455 4.61 128.399 0.54 1000.735 1.80231453940126 1.0
10.0 0.0 Car -1.0 -1.0 -1.0 -1.0 -1.0 -1.0 -1.0 1.956 1.455 4.544 131.938 0.589 983.922 1.813676345558598 1.0
10.0 2.0 Car -1.0 -1.0 -1.0 -1.0 -1.0 -1.0 -1.0 1.775 1.486 4.088 136.261 0.509 985.541 -1.6382478672352294 0.0
11.0 1.0 Car -1.0 -1.0 -1.0 -1.0 -1.0 -1.0 -1.0 1.862 1.455 4.61 127.985 0.542 1002.459 1.8146158792154918 1.0
11.0 0.0 Car -1.0 -1.0 -1.0 -1.0 -1.0 -1.0 -1.0 1.956 1.455 4.544 131.226 0.537 986.967 1.813676345558598 1.0
11.0 2.0 Car -1.0 -1.0 -1.0 -1.0 -1.0 -1.0 -1.0 1.775 1.486 4.088 136.279 0.519 983.905 -1.566925219573656 0.0
12.0 1.0 Car -1.0 -1.0 -1.0 -1.0 -1.0 -1.0 -1.0 1.862 1.455 4.61 127.706 0.543 1003.616 1.8104909326656522 1.0
12.0 0.0 Car -1.0 -1.0 -1.0 -1.0 -1.0 -1.0 -1.0 1.956 1.455 4.544 130.656 0.495 989.405 1.813676345558598 1.0
12.0 2.0 Car -1.0 -1.0 -1.0 -1.0 -1.0 -1.0 -1.0 1.775 1.486 4.088 136.378 0.527 982.599 -1.5098202486621648 0.0
13.0 1.0 Car -1.0 -1.0 -1.0 -1.0 -1.0 -1.0 -1.0 1.862 1.455 4.61 127.413 0.567 1004.852 1.8087179185923117 1.0
13.0 0.0 Car -1.0 -1.0 -1.0 -1.0 -1.0 -1.0 -1.0 1.956 1.455 4.544 129.943 0.442 992.458 1.813676345558598 1.0
13.0 2.0 Car -1.0 -1.0 -1.0 -1.0 -1.0 -1.0 -1.0 1.775 1.486 4.088 136.606 0.537 980.975 -1.438336901671285 0.0
14.0 1.0 Car -1.0 -1.0 -1.0 -1.0 -1.0 -1.0 -1.0 1.862 1.455 4.61 127.188 0.59 1005.776 1.79821150281694 1.0
14.0 0.0 Car -1.0 -1.0 -1.0 -1.0 -1.0 -1.0 -1.0 1.956 1.455 4.544 129.545 0.421 994.288 1.8034875104740542 1.0
14.0 2.0 Car -1.0 -1.0 -1.0 -1.0 -1.0 -1.0 -1.0 1.775 1.486 4.088 136.956 0.584 978.734 -1.4292324909948264 0.0
15.0 1.0 Car -1.0 -1.0 -1.0 -1.0 -1.0 -1.0 -1.0 1.862 1.455 4.61 127.021 0.613 1006.451 1.787716663457961 1.0
15.0 0.0 Car -1.0 -1.0 -1.0 -1.0 -1.0 -1.0 -1.0 1.956 1.455 4.544 129.147 0.401 996.117 1.7933099018819714 1.0
15.0 2.0 Car -1.0 -1.0 -1.0 -1.0 -1.0 -1.0 -1.0 1.775 1.486 4.088 137.305 0.63 976.496 -1.4201381119458274 0.0
16.0 1.0 Car -1.0 -1.0 -1.0 -1.0 -1.0 -1.0 -1.0 1.862 1.455 4.61 126.852 0.622 1007.222 1.7859260148198908 0.0
16.0 0.0 Car -1.0 -1.0 -1.0 -1.0 -1.0 -1.0 -1.0 1.956 1.455 4.544 128.75 0.38 997.946 1.7831316628165808 0.0
16.0 2.0 Car -1.0 -1.0 -1.0 -1.0 -1.0 -1.0 -1.0 1.775 1.486 4.088 137.654 0.676 974.257 -1.411043169526446 0.0
17.0 1.0 Car -1.0 -1.0 -1.0 -1.0 -1.0 -1.0 -1.0 1.862 1.455 4.61 126.751 0.631 1007.683 1.7841355593948898 0.0
17.0 0.0 Car -1.0 -1.0 -1.0 -1.0 -1.0 -1.0 -1.0 1.956 1.455 4.544 128.514 0.402 999.002 1.7856518071059397 0.0
17.0 2.0 Car -1.0 -1.0 -1.0 -1.0 -1.0 -1.0 -1.0 1.775 1.486 4.088 138.201 0.747 971.465 -1.3817084486486415 0.0
18.0 1.0 Car -1.0 -1.0 -1.0 -1.0 -1.0 -1.0 -1.0 1.862 1.455 4.61 126.672 0.64 1008.043 1.7823489574972242 0.0
18.0 0.0 Car -1.0 -1.0 -1.0 -1.0 -1.0 -1.0 -1.0 1.956 1.455 4.544 128.279 0.423 1000.056 1.788166527387099 0.0
18.0 2.0 Car -1.0 -1.0 -1.0 -1.0 -1.0 -1.0 -1.0 1.775 1.486 4.088 138.793 0.75 968.611 -1.3751250893946136 0.0
19.0 1.0 Car -1.0 -1.0 -1.0 -1.0 -1.0 -1.0 -1.0 1.862 1.455 4.61 126.611 0.648 1008.315 1.780560319706287 0.0
19.0 0.0 Car -1.0 -1.0 -1.0 -1.0 -1.0 -1.0 -1.0 1.956 1.455 4.544 128.24 0.429 1000.219 1.790684113277047 0.0
19.0 2.0 Car -1.0 -1.0 -1.0 -1.0 -1.0 -1.0 -1.0 1.775 1.486 4.088 139.386 0.753 965.754 -1.3685342281801156 0.0
20.0 1.0 Car -1.0 -1.0 -1.0 -1.0 -1.0 -1.0 -1.0 1.862 1.455 4.61 126.55 0.657 1008.587 1.7787697605187112 0.0
20.0 0.0 Car -1.0 -1.0 -1.0 -1.0 -1.0 -1.0 -1.0 1.956 1.455 4.544 128.202 0.435 1000.381 1.7932044036167665 0.0
20.0 2.0 Car -1.0 -1.0 -1.0 -1.0 -1.0 -1.0 -1.0 1.775 1.486 4.088 139.979 0.755 962.893 -1.3619362869080214 0.0
21.0 1.0 Car -1.0 -1.0 -1.0 -1.0 -1.0 -1.0 -1.0 1.862 1.455 4.61 126.489 0.669 1008.875 1.7787697605187112 0.0
21.0 0.0 Car -1.0 -1.0 -1.0 -1.0 -1.0 -1.0 -1.0 1.956 1.455 4.544 128.156 0.443 1000.576 1.796223053038655 0.0
21.0 2.0 Car -1.0 -1.0 -1.0 -1.0 -1.0 -1.0 -1.0 1.775 1.486 4.088 140.69 0.759 959.467 -1.354033676921873 0.0
22.0 1.0 Car -1.0 -1.0 -1.0 -1.0 -1.0 -1.0 -1.0 1.862 1.455 4.61 126.438 0.678 1009.115 1.7787697605187112 0.0
22.0 0.0 Car -1.0 -1.0 -1.0 -1.0 -1.0 -1.0 -1.0 1.956 1.455 4.544 128.144 0.443 1000.628 1.796223053038655 0.0
23.0 1.0 Car -1.0 -1.0 -1.0 -1.0 -1.0 -1.0 -1.0 1.862 1.455 4.61 126.388 0.688 1009.348 1.7787697605187112 0.0
23.0 0.0 Car -1.0 -1.0 -1.0 -1.0 -1.0 -1.0 -1.0 1.956 1.455 4.544 128.133 0.443 1000.68 1.796223053038655 0.0
24.0 1.0 Car -1.0 -1.0 -1.0 -1.0 -1.0 -1.0 -1.0 1.862 1.455 4.61 126.338 0.697 1009.581 1.7787697605187112 0.0
24.0 0.0 Car -1.0 -1.0 -1.0 -1.0 -1.0 -1.0 -1.0 1.956 1.455 4.544 128.121 0.443 1000.731 1.796223053038655 0.0
25.0 1.0 Car -1.0 -1.0 -1.0 -1.0 -1.0 -1.0 -1.0 1.862 1.455 4.61 126.289 0.707 1009.814 1.7787697605187112 0.0
25.0 0.0 Car -1.0 -1.0 -1.0 -1.0 -1.0 -1.0 -1.0 1.956 1.455 4.544 128.11 0.443 1000.783 1.796223053038655 0.0
26.0 1.0 Car -1.0 -1.0 -1.0 -1.0 -1.0 -1.0 -1.0 1.862 1.455 4.61 126.238 0.711 1010.049 1.7787697605187112 0.0
26.0 0.0 Car -1.0 -1.0 -1.0 -1.0 -1.0 -1.0 -1.0 1.956 1.455 4.544 128.099 0.443 1000.835 1.796223053038655 0.0
27.0 1.0 Car -1.0 -1.0 -1.0 -1.0 -1.0 -1.0 -1.0 1.862 1.455 4.61 126.188 0.715 1010.282 1.7787697605187112 0.0
27.0 0.0 Car -1.0 -1.0 -1.0 -1.0 -1.0 -1.0 -1.0 1.956 1.455 4.544 128.087 0.443 1000.887 1.796223053038655 0.0
