0.0 11.0 Car -1.0 -1.0 -1.0 -1.0 -1.0 -1.0 -1.0 1.952 1.493 4.932 1451.818 0.678 1279.06 -2.106786940082721 0.0
0.0 15.0 Car -1.0 -1.0 -1.0 -1.0 -1.0 -1.0 -1.0 1.914 1.605 4.635 1476.385 1.185 1247.622 1.004541704293267 0.0
0.0 4.0 Car -1.0 -1.0 -1.0 -1.0 -1.0 -1.0 -1.0 1.781 1.713 4.673 1478.25 1.498 1231.892 2.634819934237596 0.0
0.0 8.0 Car -1.0 -1.0 -1.0 -1.0 -1.0 -1.0 -1.0 1.986 1.749 4.635 1495.655 1.455 1222.94 2.7120496713840234 0.0
1.0 11.0 Car -1.0 -1.0 -1.0 -1.0 -1.0 -1.0 -1.0 1.952 1.493 4.932 1450.787 0.694 1277.214 -2.1029555095353754 1.0
1.0 15.0 Car -1.0 -1.0 -1.0 -1.0 -1.0 -1.0 -1.0 1.914 1.605 4.635 1477.01 1.042 1248.912 0.9696351192533802 1.0
1.0 4.0 Car -1.0 -1.0 -1.0 -1.0 -1.0 -1.0 -1.0 1.781 1.713 4.673 1476.167 1.486 1233.03 2.6379699654752606 1.0
1.0 9.0 Car -1.0 -1.0 -1.0 -1.0 -1.0 -1.0 -1.0 2.097 1.861 4.68 1396.068 1.222 1280.463 2.6533200097549474 0.0
1.0 8.0 Car -1.0 -1.0 -1.0 -1.0 -1.0 -1.0 -1.0 1.986 1.749 4.635 1494.222 1.489 1223.68 2.7062381731957923 1.0
2.0 11.0 Car -1.0 -1.0 -1.0 -1.0 -1.0 -1.0 -1.0 1.952 1.493 4.932 1449.755 0.709 1275.364 -2.0991156385475165 1.0
2.0 15.0 Car -1.0 -1.0 -1.0 -1.0 -1.0 -1.0 -1.0 1.914 1.605 4.635 1478.012 1.049 1249.913 0.8240823321555051 1.0
2.0 4.0 Car -1.0 -1.0 -1.0 -1.0 -1.0 -1.0 -1.0 1.781 1.713 4.673 1474.127 1.474 1234.255 2.6411269360665033 1.0
2.0 9.0 Car -1.0 -1.0 -1.0 -1.0 -1.0 -1.0 -1.0 2.097 1.861 4.68 1394.922 1.253 1281.298 2.5992869592243055 1.0
2.0 8.0 Car -1.0 -1.0 -1.0 -1.0 -1.0 -1.0 -1.0 1.986 1.749 4.635 1492.785 1.524 1224.421 2.700413872581901 1.0
3.0 11.0 Car -1.0 -1.0 -1.0 -1.0 -1.0 -1.0 -1.0 1.952 1.493 4.932 1448.724 0.725 1273.515 -2.09528004149181 0.0
3.0 15.0 Car -1.0 -1.0 -1.0 -1.0 -1.0 -1.0 -1.0 1.914 1.605 4.635 1479.148 1.056 1250.757 0.6786915512131506 1.0
3.0 4.0 Car -1.0 -1.0 -1.0 -1.0 -1.0 -1.0 -1.0 1.781 1.713 4.673 1472.088 1.462 1235.479 2.6442803928214342 1.0
3.0 9.0 Car -1.0 -1.0 -1.0 -1.0 -1.0 -1.0 -1.0 2.097 1.861 4.68 1393.823 1.284 1282.192 2.5453140496704325 1.0
3.0 8.0 Car -1.0 -1.0 -1.0 -1.0 -1.0 -1.0 -1.0 1.986 1.749 4.635 1491.351 1.558 1225.161 2.694596054650822 1.0
4.0 11.0 Car -1.0 -1.0 -1.0 -1.0 -1.0 -1.0 -1.0 1.952 1.493 4.932 1448.324 0.724 1272.752 -2.091444498147996 0.0
4.0 15.0 Car -1.0 -1.0 -1.0 -1.0 -1.0 -1.0 -1.0 1.914 1.605 4.635 1480.393 1.063 1251.427 0.5333028062547974 0.0
4.0 4.0 Car -1.0 -1.0 -1.0 -1.0 -1.0 -1.0 -1.0 1.781 1.713 4.673 1468.987 1.417 1237.222 2.647433851969539 1.0
4.0 9.0 Car -1.0 -1.0 -1.0 -1.0 -1.0 -1.0 -1.0 2.097 1.861 4.68 1392.534 1.315 1283.316 2.4564552364706262 1.0
4.0 8.0 Car -1.0 -1.0 -1.0 -1.0 -1.0 -1.0 -1.0 1.986 1.749 4.635 1489.059 1.535 1226.359 2.6684165242554214 1.0
5.0 11.0 Car -1.0 -1.0 -1.0 -1.0 -1.0 -1.0 -1.0 1.952 1.493 4.932 1447.752 0.723 1271.677 -2.0876087169372224 0.0
5.0 15.0 Car -1.0 -1.0 -1.0 -1.0 -1.0 -1.0 -1.0 1.914 1.605 4.635 1481.348 1.01 1251.877 0.3289951217879517 0.0
5.0 4.0 Car -1.0 -1.0 -1.0 -1.0 -1.0 -1.0 -1.0 1.781 1.713 4.673 1465.886 1.372 1238.965 2.650587506684132 1.0
5.0 9.0 Car -1.0 -1.0 -1.0 -1.0 -1.0 -1.0 -1.0 2.097 1.861 4.68 1391.349 1.346 1284.55 2.3675909125585526 1.0
5.0 8.0 Car -1.0 -1.0 -1.0 -1.0 -1.0 -1.0 -1.0 1.986 1.749 4.635 1486.8 1.511 1227.616 2.6422353702972687 1.0
6.0 11.0 Car -1.0 -1.0 -1.0 -1.0 -1.0 -1.0 -1.0 1.952 1.493 4.932 1447.565 0.722 1271.344 -2.083773234978431 0.0
6.0 15.0 Car -1.0 -1.0 -1.0 -1.0 -1.0 -1.0 -1.0 1.914 1.605 4.635 1482.374 0.957 1252.123 0.12470337657210173 0.0
6.0 3.0 Bus -1.0 -1.0 -1.0 -1.0 -1.0 -1.0 -1.0 3.069 3.563 11.958 1433.632 2.51 1179.951 2.6274884691256895 0.0
6.0 4.0 Car -1.0 -1.0 -1.0 -1.0 -1.0 -1.0 -1.0 1.781 1.713 4.673 1462.785 1.327 1240.707 2.653740915363465 1.0
6.0 9.0 Car -1.0 -1.0 -1.0 -1.0 -1.0 -1.0 -1.0 2.097 1.861 4.68 1390.516 1.353 1285.448 2.364914117049017 1.0
6.0 8.0 Car -1.0 -1.0 -1.0 -1.0 -1.0 -1.0 -1.0 1.986 1.749 4.635 1484.575 1.487 1228.931 2.6160562588858047 1.0
7.0 11.0 Car -1.0 -1.0 -1.0 -1.0 -1.0 -1.0 -1.0 1.952 1.493 4.932 1447.378 0.754 1271.01 -2.079937676288362 0.0
7.0 15.0 Car -1.0 -1.0 -1.0 -1.0 -1.0 -1.0 -1.0 1.914 1.605 4.635 1483.429 0.903 1252.157 -0.07959245563118313 0.0
7.0 3.0 Bus -1.0 -1.0 -1.0 -1.0 -1.0 -1.0 -1.0 3.069 3.563 11.958 1432.986 2.42 1180.221 2.644941761645633 1.0
7.0 4.0 Car -1.0 -1.0 -1.0 -1.0 -1.0 -1.0 -1.0 1.781 1.713 4.673 1458.777 1.281 1242.741 2.651405528816636 1.0
7.0 9.0 Car -1.0 -1.0 -1.0 -1.0 -1.0 -1.0 -1.0 2.097 1.861 4.68 1389.683 1.359 1286.345 2.36223726798847 1.0
7.0 8.0 Car -1.0 -1.0 -1.0 -1.0 -1.0 -1.0 -1.0 1.986 1.749 4.635 1482.384 1.463 1230.305 2.58987662374442 1.0
8.0 11.0 Car -1.0 -1.0 -1.0 -1.0 -1.0 -1.0 -1.0 1.952 1.493 4.932 1447.172 0.762 1270.643 -2.075715982791053 0.0
8.0 5.0 Bus -1.0 -1.0 -1.0 -1.0 -1.0 -1.0 -1.0 3.069 3.563 8.003 1439.815 2.387 1176.29 2.6274884691256895 0.0
8.0 15.0 Car -1.0 -1.0 -1.0 -1.0 -1.0 -1.0 -1.0 1.914 1.605 4.635 1484.571 0.845 1251.945 -0.30445523470247915 0.0
8.0 3.0 Bus -1.0 -1.0 -1.0 -1.0 -1.0 -1.0 -1.0 3.069 3.563 11.958 1430.914 2.396 1181.286 2.6274884691256895 1.0
8.0 4.0 Car -1.0 -1.0 -1.0 -1.0 -1.0 -1.0 -1.0 1.781 1.713 4.673 1454.423 1.231 1245.087 2.648835033356879 1.0
8.0 9.0 Car -1.0 -1.0 -1.0 -1.0 -1.0 -1.0 -1.0 2.097 1.861 4.68 1388.767 1.366 1287.333 2.359290934172369 0.0
8.0 8.0 Car -1.0 -1.0 -1.0 -1.0 -1.0 -1.0 -1.0 1.986 1.749 4.635 1480.669 1.457 1231.38 2.4654478001372997 1.0
9.0 11.0 Car -1.0 -1.0 -1.0 -1.0 -1.0 -1.0 -1.0 1.952 1.493 4.932 1446.985 0.768 1270.309 -2.0718803550428344 0.0
9.0 5.0 Bus -1.0 -1.0 -1.0 -1.0 -1.0 -1.0 -1.0 3.069 3.563 8.003 1437.968 2.472 1177.232 2.6274884691256895 1.0
9.0 15.0 Car -1.0 -1.0 -1.0 -1.0 -1.0 -1.0 -1.0 1.914 1.605 4.635 1488.361 0.845 1251.18 -0.09509250953127914 0.0
9.0 3.0 Bus -1.0 -1.0 -1.0 -1.0 -1.0 -1.0 -1.0 3.069 3.563 11.958 1429.126 2.481 1182.2 2.6274884691256895 1.0
9.0 4.0 Car -1.0 -1.0 -1.0 -1.0 -1.0 -1.0 -1.0 1.781 1.713 4.673 1450.51 1.185 1247.299 2.6464996047620755 1.0
9.0 9.0 Car -1.0 -1.0 -1.0 -1.0 -1.0 -1.0 -1.0 2.097 1.861 4.68 1387.934 1.372 1288.23 2.3566140369159116 0.0
9.0 8.0 Car -1.0 -1.0 -1.0 -1.0 -1.0 -1.0 -1.0 1.986 1.749 4.635 1479.236 1.451 1232.534 2.352397753086306 1.0
10.0 11.0 Car -1.0 -1.0 -1.0 -1.0 -1.0 -1.0 -1.0 1.952 1.493 4.932 1446.984 0.761 1270.308 -2.0718803550428344 0.0
10.0 5.0 Bus -1.0 -1.0 -1.0 -1.0 -1.0 -1.0 -1.0 3.069 3.563 8.003 1436.12 2.557 1178.174 2.6274884691256895 1.0
10.0 15.0 Car -1.0 -1.0 -1.0 -1.0 -1.0 -1.0 -1.0 1.914 1.605 4.635 1492.232 0.845 1251.221 0.11450350263778919 0.0
10.0 3.0 Bus -1.0 -1.0 -1.0 -1.0 -1.0 -1.0 -1.0 3.069 3.563 11.958 1427.336 2.566 1183.115 2.6274884691256895 0.0
10.0 4.0 Car -1.0 -1.0 -1.0 -1.0 -1.0 -1.0 -1.0 1.781 1.713 4.673 1446.593 1.139 1249.514 2.6441615738648556 1.0
10.0 9.0 Car -1.0 -1.0 -1.0 -1.0 -1.0 -1.0 -1.0 2.097 1.861 4.68 1387.143 1.379 1288.888 2.409017790649099 0.0
10.0 8.0 Car -1.0 -1.0 -1.0 -1.0 -1.0 -1.0 -1.0 1.986 1.749 4.635 1477.942 1.445 1233.845 2.2392217375465866 1.0
11.0 11.0 Car -1.0 -1.0 -1.0 -1.0 -1.0 -1.0 -1.0 1.952 1.493 4.932 1446.984 0.759 1270.307 -2.0718803550428344 0.0
11.0 5.0 Bus -1.0 -1.0 -1.0 -1.0 -1.0 -1.0 -1.0 3.069 3.563 8.003 1433.651 2.602 1179.468 2.6274884691256895 1.0
11.0 15.0 Car -1.0 -1.0 -1.0 -1.0 -1.0 -1.0 -1.0 1.914 1.605 4.635 1496.005 0.845 1252.064 0.3238632960154795 0.0
11.0 3.0 Bus -1.0 -1.0 -1.0 -1.0 -1.0 -1.0 -1.0 3.069 3.563 11.958 1424.912 2.726 1184.388 2.6274884691256895 0.0
11.0 4.0 Car -1.0 -1.0 -1.0 -1.0 -1.0 -1.0 -1.0 1.781 1.713 4.673 1442.057 1.069 1252.07 2.641826177974032 1.0
11.0 9.0 Car -1.0 -1.0 -1.0 -1.0 -1.0 -1.0 -1.0 2.097 1.861 4.68 1386.319 1.385 1289.503 2.4613624843303206 0.0
11.0 8.0 Car -1.0 -1.0 -1.0 -1.0 -1.0 -1.0 -1.0 1.986 1.749 4.635 1476.806 1.439 1235.291 2.126173273582525 1.0
12.0 11.0 Car -1.0 -1.0 -1.0 -1.0 -1.0 -1.0 -1.0 1.952 1.493 4.932 1446.983 0.756 1270.306 -2.0718803550428344 0.0
12.0 5.0 Bus -1.0 -1.0 -1.0 -1.0 -1.0 -1.0 -1.0 3.069 3.563 8.003 1431.182 2.647 1180.762 2.6274884691256895 1.0
12.0 15.0 Car -1.0 -1.0 -1.0 -1.0 -1.0 -1.0 -1.0 1.914 1.605 4.635 1497.932 0.808 1253.316 0.563561306415693 0.0
12.0 3.0 Bus -1.0 -1.0 -1.0 -1.0 -1.0 -1.0 -1.0 3.069 3.563 11.958 1422.444 2.799 1185.686 2.6274884691256895 0.0
12.0 4.0 Car -1.0 -1.0 -1.0 -1.0 -1.0 -1.0 -1.0 1.781 1.713 4.673 1437.521 0.898 1254.626 2.63949069798726 1.0
12.0 9.0 Car -1.0 -1.0 -1.0 -1.0 -1.0 -1.0 -1.0 2.097 1.861 4.68 1385.464 1.391 1290.074 2.513709062906818 1.0
12.0 8.0 Car -1.0 -1.0 -1.0 -1.0 -1.0 -1.0 -1.0 1.986 1.749 4.635 1475.839 1.433 1236.857 2.0131207388234955 1.0
13.0 11.0 Car -1.0 -1.0 -1.0 -1.0 -1.0 -1.0 -1.0 1.952 1.493 4.932 1446.982 0.754 1270.305 -2.0718803550428344 0.0
13.0 5.0 Bus -1.0 -1.0 -1.0 -1.0 -1.0 -1.0 -1.0 3.069 3.563 8.003 1428.713 2.692 1182.055 2.6274884691256895 1.0
13.0 15.0 Car -1.0 -1.0 -1.0 -1.0 -1.0 -1.0 -1.0 1.914 1.605 4.635 1499.507 0.771 1254.989 0.8032497267664995 0.0
13.0 3.0 Bus -1.0 -1.0 -1.0 -1.0 -1.0 -1.0 -1.0 3.069 3.563 11.958 1419.977 2.753 1186.984 2.6274884691256895 0.0
13.0 4.0 Car -1.0 -1.0 -1.0 -1.0 -1.0 -1.0 -1.0 1.781 1.713 4.673 1432.731 0.853 1257.321 2.6371553114404307 0.0
13.0 9.0 Car -1.0 -1.0 -1.0 -1.0 -1.0 -1.0 -1.0 2.097 1.861 4.68 1384.581 1.398 1290.6 2.566053547155231 1.0
13.0 8.0 Car -1.0 -1.0 -1.0 -1.0 -1.0 -1.0 -1.0 1.986 1.749 4.635 1475.056 1.427 1238.522 1.9000727271699855 1.0
14.0 11.0 Car -1.0 -1.0 -1.0 -1.0 -1.0 -1.0 -1.0 1.952 1.493 4.932 1446.982 0.751 1270.304 -2.0718803550428344 0.0
14.0 5.0 Bus -1.0 -1.0 -1.0 -1.0 -1.0 -1.0 -1.0 3.069 3.563 8.003 1426.244 2.737 1183.349 2.6274884691256895 1.0
14.0 15.0 Car -1.0 -1.0 -1.0 -1.0 -1.0 -1.0 -1.0 1.914 1.605 4.635 1500.64 0.735 1256.989 1.0429371881123655 0.0
14.0 3.0 Bus -1.0 -1.0 -1.0 -1.0 -1.0 -1.0 -1.0 3.069 3.563 11.958 1417.509 2.766 1188.282 2.6274884691256895 0.0
14.0 4.0 Car -1.0 -1.0 -1.0 -1.0 -1.0 -1.0 -1.0 1.781 1.713 4.673 1427.941 0.808 1260.016 2.634819934237596 0.0
14.0 9.0 Car -1.0 -1.0 -1.0 -1.0 -1.0 -1.0 -1.0 2.097 1.861 4.68 1384.444 1.404 1290.669 2.566053547155231 1.0
14.0 8.0 Car -1.0 -1.0 -1.0 -1.0 -1.0 -1.0 -1.0 1.986 1.749 4.635 1474.465 1.421 1240.264 1.7870251678270281 1.0
15.0 5.0 Bus -1.0 -1.0 -1.0 -1.0 -1.0 -1.0 -1.0 3.069 3.563 8.003 1423.774 2.783 1184.642 2.6274884691256895 0.0
15.0 15.0 Car -1.0 -1.0 -1.0 -1.0 -1.0 -1.0 -1.0 1.914 1.605 4.635 1500.643 0.698 1257.021 1.0499209354025378 0.0
15.0 3.0 Bus -1.0 -1.0 -1.0 -1.0 -1.0 -1.0 -1.0 3.069 3.563 11.958 1415.005 2.78 1189.6 2.6274884691256895 0.0
15.0 4.0 Car -1.0 -1.0 -1.0 -1.0 -1.0 -1.0 -1.0 1.781 1.713 4.673 1422.405 0.87 1263.125 2.634819934237596 0.0
15.0 9.0 Car -1.0 -1.0 -1.0 -1.0 -1.0 -1.0 -1.0 2.097 1.861 4.68 1384.306 1.41 1290.737 2.566053547155231 1.0
15.0 8.0 Car -1.0 -1.0 -1.0 -1.0 -1.0 -1.0 -1.0 1.986 1.749 4.635 1474.445 1.394 1241.897 1.6404498164484527 1.0
16.0 12.0 Bus -1.0 -1.0 -1.0 -1.0 -1.0 -1.0 -1.0 3.069 3.563 11.958 1437.299 2.35 1176.618 2.6274884691256895 0.0
16.0 5.0 Bus -1.0 -1.0 -1.0 -1.0 -1.0 -1.0 -1.0 3.069 3.563 8.003 1421.148 2.796 1186.037 2.6274884691256895 0.0
16.0 3.0 Bus -1.0 -1.0 -1.0 -1.0 -1.0 -1.0 -1.0 3.069 3.563 11.958 1412.359 2.793 1190.999 2.6274884691256895 0.0
16.0 4.0 Car -1.0 -1.0 -1.0 -1.0 -1.0 -1.0 -1.0 1.781 1.713 4.673 1417.258 0.933 1266.019 2.634819934237596 0.0
16.0 9.0 Car -1.0 -1.0 -1.0 -1.0 -1.0 -1.0 -1.0 2.097 1.861 4.68 1384.169 1.417 1290.806 2.566053547155231 1.0
16.0 8.0 Car -1.0 -1.0 -1.0 -1.0 -1.0 -1.0 -1.0 1.986 1.749 4.635 1474.663 1.367 1243.515 1.4939395456973403 1.0
17.0 12.0 Bus -1.0 -1.0 -1.0 -1.0 -1.0 -1.0 -1.0 3.069 3.563 11.958 1434.925 2.399 1177.96 2.6274884691256895 1.0
17.0 5.0 Bus -1.0 -1.0 -1.0 -1.0 -1.0 -1.0 -1.0 3.069 3.563 8.003 1418.138 2.689 1187.649 2.6274884691256895 0.0
17.0 3.0 Bus -1.0 -1.0 -1.0 -1.0 -1.0 -1.0 -1.0 3.069 3.563 11.958 1409.361 2.687 1192.597 2.6274884691256895 0.0
17.0 4.0 Car -1.0 -1.0 -1.0 -1.0 -1.0 -1.0 -1.0 1.781 1.713 4.673 1412.11 0.995 1268.914 2.634819934237596 0.0
17.0 9.0 Car -1.0 -1.0 -1.0 -1.0 -1.0 -1.0 -1.0 2.097 1.861 4.68 1384.588 1.413 1290.542 2.584926243405195 1.0
17.0 1.0 Car -1.0 -1.0 -1.0 -1.0 -1.0 -1.0 -1.0 1.896 1.9 4.672 1453.551 0.874 1281.485 -2.054427062522891 0.0
17.0 8.0 Car -1.0 -1.0 -1.0 -1.0 -1.0 -1.0 -1.0 1.986 1.749 4.635 1475.084 1.34 1244.876 1.3473964414765167 1.0
18.0 12.0 Bus -1.0 -1.0 -1.0 -1.0 -1.0 -1.0 -1.0 3.069 3.563 11.958 1432.549 2.447 1179.305 2.6274884691256895 1.0
18.0 5.0 Bus -1.0 -1.0 -1.0 -1.0 -1.0 -1.0 -1.0 3.069 3.563 8.003 1415.172 2.652 1189.236 2.6274884691256895 0.0
18.0 3.0 Bus -1.0 -1.0 -1.0 -1.0 -1.0 -1.0 -1.0 3.069 3.563 11.958 1406.36 2.65 1194.196 2.6274884691256895 0.0
18.0 14.0 Bus -1.0 -1.0 -1.0 -1.0 -1.0 -1.0 -1.0 3.069 3.563 8.003 1396.094 2.652 1195.161 -0.5141041844641041 0.0
18.0 4.0 Car -1.0 -1.0 -1.0 -1.0 -1.0 -1.0 -1.0 1.781 1.713 4.673 1406.957 1.058 1271.812 2.634819934237596 0.0
18.0 0.0 Car -1.0 -1.0 -1.0 -1.0 -1.0 -1.0 -1.0 1.916 1.453 4.793 1415.316 0.883 1248.66 -0.5890766232151794 0.0
18.0 9.0 Car -1.0 -1.0 -1.0 -1.0 -1.0 -1.0 -1.0 2.097 1.861 4.68 1385.011 1.41 1290.286 2.603819817826216 1.0
18.0 1.0 Car -1.0 -1.0 -1.0 -1.0 -1.0 -1.0 -1.0 1.896 1.9 4.672 1453.203 0.892 1280.824 -2.055591399750482 1.0
18.0 8.0 Car -1.0 -1.0 -1.0 -1.0 -1.0 -1.0 -1.0 1.986 1.749 4.635 1475.699 1.313 1246.163 1.2006912219989938 1.0
19.0 12.0 Bus -1.0 -1.0 -1.0 -1.0 -1.0 -1.0 -1.0 3.069 3.563 11.958 1430.173 2.496 1180.649 2.6274884691256895 1.0
19.0 5.0 Bus -1.0 -1.0 -1.0 -1.0 -1.0 -1.0 -1.0 3.069 3.563 8.003 1411.679 2.775 1191.12 2.6274884691256895 0.0
19.0 3.0 Bus -1.0 -1.0 -1.0 -1.0 -1.0 -1.0 -1.0 3.069 3.563 11.958 1402.857 2.774 1196.078 2.6274884691256895 0.0
19.0 14.0 Bus -1.0 -1.0 -1.0 -1.0 -1.0 -1.0 -1.0 3.069 3.563 8.003 1398.539 2.684 1193.747 -0.5141041844641041 1.0
19.0 4.0 Car -1.0 -1.0 -1.0 -1.0 -1.0 -1.0 -1.0 1.781 1.713 4.673 1401.803 1.121 1274.71 2.634819934237596 0.0
19.0 0.0 Car -1.0 -1.0 -1.0 -1.0 -1.0 -1.0 -1.0 1.916 1.453 4.793 1415.467 0.853 1248.548 -0.5995555046444352 0.0
19.0 9.0 Car -1.0 -1.0 -1.0 -1.0 -1.0 -1.0 -1.0 2.097 1.861 4.68 1385.44 1.407 1290.037 2.622713278984103 1.0
19.0 1.0 Car -1.0 -1.0 -1.0 -1.0 -1.0 -1.0 -1.0 1.896 1.9 4.672 1452.855 0.894 1280.162 -2.056755729998109 0.0
19.0 8.0 Car -1.0 -1.0 -1.0 -1.0 -1.0 -1.0 -1.0 1.986 1.749 4.635 1476.497 1.286 1247.346 1.0539868819894096 1.0
20.0 12.0 Bus -1.0 -1.0 -1.0 -1.0 -1.0 -1.0 -1.0 3.069 3.563 11.958 1427.799 2.549 1181.992 2.6274884691256895 1.0
20.0 5.0 Bus -1.0 -1.0 -1.0 -1.0 -1.0 -1.0 -1.0 3.069 3.563 8.003 1408.797 2.734 1192.66 2.6274884691256895 0.0
20.0 3.0 Bus -1.0 -1.0 -1.0 -1.0 -1.0 -1.0 -1.0 3.069 3.563 11.958 1400.003 2.727 1197.595 2.6274884691256895 0.0
20.0 14.0 Bus -1.0 -1.0 -1.0 -1.0 -1.0 -1.0 -1.0 3.069 3.563 8.003 1400.981 2.717 1192.334 -0.5141041844641041 0.0
20.0 2.0 Car -1.0 -1.0 -1.0 -1.0 -1.0 -1.0 -1.0 1.798 1.545 4.733 1415.865 0.8 1252.65 -0.5130220803302636 0.0
20.0 4.0 Car -1.0 -1.0 -1.0 -1.0 -1.0 -1.0 -1.0 1.781 1.713 4.673 1396.812 1.185 1277.517 2.634819934237596 0.0
20.0 0.0 Car -1.0 -1.0 -1.0 -1.0 -1.0 -1.0 -1.0 1.916 1.453 4.793 1415.533 0.853 1248.486 -0.5995555046444352 0.0
20.0 9.0 Car -1.0 -1.0 -1.0 -1.0 -1.0 -1.0 -1.0 2.097 1.861 4.68 1385.873 1.403 1289.798 2.641585182392128 1.0
20.0 1.0 Car -1.0 -1.0 -1.0 -1.0 -1.0 -1.0 -1.0 1.896 1.9 4.672 1452.507 0.871 1279.501 -2.0579187317257763 0.0
20.0 7.0 Truck -1.0 -1.0 -1.0 -1.0 -1.0 -1.0 -1.0 2.172 2.037 5.898 1408.42 1.146 1252.473 -0.5119931154616615 0.0
20.0 8.0 Car -1.0 -1.0 -1.0 -1.0 -1.0 -1.0 -1.0 1.986 1.749 4.635 1477.493 1.289 1248.533 0.9085743894895656 1.0
21.0 12.0 Bus -1.0 -1.0 -1.0 -1.0 -1.0 -1.0 -1.0 3.069 3.563 11.958 1425.425 2.602 1183.335 2.6274884691256895 1.0
21.0 5.0 Bus -1.0 -1.0 -1.0 -1.0 -1.0 -1.0 -1.0 3.069 3.563 8.003 1406.071 2.619 1194.142 2.6274884691256895 0.0
21.0 3.0 Bus -1.0 -1.0 -1.0 -1.0 -1.0 -1.0 -1.0 3.069 3.563 11.958 1397.291 2.621 1199.03 2.6274884691256895 0.0
21.0 14.0 Bus -1.0 -1.0 -1.0 -1.0 -1.0 -1.0 -1.0 3.069 3.563 8.003 1403.423 2.749 1190.921 -0.5141041844641041 0.0
21.0 2.0 Car -1.0 -1.0 -1.0 -1.0 -1.0 -1.0 -1.0 1.798 1.545 4.733 1415.865 0.8 1252.65 -0.5130220803302636 0.0
21.0 4.0 Car -1.0 -1.0 -1.0 -1.0 -1.0 -1.0 -1.0 1.781 1.713 4.673 1391.82 1.25 1280.325 2.634819934237596 0.0
21.0 0.0 Car -1.0 -1.0 -1.0 -1.0 -1.0 -1.0 -1.0 1.916 1.453 4.793 1415.529 0.853 1248.492 -0.5995540855878292 1.0
21.0 9.0 Car -1.0 -1.0 -1.0 -1.0 -1.0 -1.0 -1.0 2.097 1.861 4.68 1386.312 1.4 1289.57 2.6604582939402506 0.0
21.0 10.0 Car -1.0 -1.0 -1.0 -1.0 -1.0 -1.0 -1.0 1.91 1.697 4.573 1410.12 0.991 1255.717 -0.4849048260807813 0.0
21.0 1.0 Car -1.0 -1.0 -1.0 -1.0 -1.0 -1.0 -1.0 1.896 1.9 4.672 1452.159 0.847 1278.84 -2.0590818079064026 0.0
21.0 7.0 Truck -1.0 -1.0 -1.0 -1.0 -1.0 -1.0 -1.0 2.172 2.037 5.898 1408.681 1.153 1252.327 -0.5133017292595383 0.0
21.0 8.0 Car -1.0 -1.0 -1.0 -1.0 -1.0 -1.0 -1.0 1.986 1.749 4.635 1478.651 1.292 1249.563 0.7631525879836796 1.0
22.0 12.0 Bus -1.0 -1.0 -1.0 -1.0 -1.0 -1.0 -1.0 3.069 3.563 11.958 1423.051 2.704 1184.677 2.6274884691256895 1.0
22.0 5.0 Bus -1.0 -1.0 -1.0 -1.0 -1.0 -1.0 -1.0 3.069 3.563 8.003 1403.346 2.504 1195.624 2.6274884691256895 0.0
22.0 13.0 Car -1.0 -1.0 -1.0 -1.0 -1.0 -1.0 -1.0 1.973 1.851 4.64 1416.514 0.959 1256.311 -0.5406680956820913 0.0
22.0 14.0 Bus -1.0 -1.0 -1.0 -1.0 -1.0 -1.0 -1.0 3.069 3.563 8.003 1405.866 2.782 1189.508 -0.5141041844641041 0.0
22.0 2.0 Car -1.0 -1.0 -1.0 -1.0 -1.0 -1.0 -1.0 1.798 1.545 4.733 1415.865 0.8 1252.65 -0.5130220803302636 0.0
22.0 4.0 Car -1.0 -1.0 -1.0 -1.0 -1.0 -1.0 -1.0 1.781 1.713 4.673 1386.828 1.315 1283.133 2.634819934237596 0.0
22.0 0.0 Car -1.0 -1.0 -1.0 -1.0 -1.0 -1.0 -1.0 1.916 1.453 4.793 1415.525 0.853 1248.497 -0.5995526665454167 1.0
22.0 9.0 Car -1.0 -1.0 -1.0 -1.0 -1.0 -1.0 -1.0 2.097 1.861 4.68 1386.752 1.396 1289.342 2.6793312167164824 0.0
22.0 10.0 Car -1.0 -1.0 -1.0 -1.0 -1.0 -1.0 -1.0 1.91 1.697 4.573 1410.169 0.993 1255.692 -0.4849048260807813 0.0
22.0 1.0 Car -1.0 -1.0 -1.0 -1.0 -1.0 -1.0 -1.0 1.896 1.9 4.672 1452.044 0.853 1278.619 -2.0602448724537528 0.0
22.0 7.0 Truck -1.0 -1.0 -1.0 -1.0 -1.0 -1.0 -1.0 2.172 2.037 5.898 1408.942 1.161 1252.18 -0.5146103299684501 0.0
22.0 8.0 Car -1.0 -1.0 -1.0 -1.0 -1.0 -1.0 -1.0 1.986 1.749 4.635 1479.526 1.27 1250.181 0.6220944471627615 1.0
23.0 12.0 Bus -1.0 -1.0 -1.0 -1.0 -1.0 -1.0 -1.0 3.069 3.563 11.958 1420.678 2.807 1186.02 2.6274884691256895 1.0
23.0 5.0 Bus -1.0 -1.0 -1.0 -1.0 -1.0 -1.0 -1.0 3.069 3.563 8.003 1400.117 2.809 1197.495 2.6274884691256895 0.0
23.0 13.0 Car -1.0 -1.0 -1.0 -1.0 -1.0 -1.0 -1.0 1.973 1.851 4.64 1416.513 0.959 1256.311 -0.5406680956820913 0.0
23.0 6.0 Car -1.0 -1.0 -1.0 -1.0 -1.0 -1.0 -1.0 2.135 2.12 5.526 1405.089 1.199 1259.277 -0.957993773124024 0.0
23.0 14.0 Bus -1.0 -1.0 -1.0 -1.0 -1.0 -1.0 -1.0 3.069 3.563 8.003 1408.211 2.829 1188.15 -0.5141041844641041 0.0
23.0 2.0 Car -1.0 -1.0 -1.0 -1.0 -1.0 -1.0 -1.0 1.798 1.545 4.733 1415.865 0.8 1252.65 -0.5130220803302636 1.0
23.0 4.0 Car -1.0 -1.0 -1.0 -1.0 -1.0 -1.0 -1.0 1.781 1.713 4.673 1381.836 1.379 1285.941 2.634819934237596 0.0
23.0 0.0 Car -1.0 -1.0 -1.0 -1.0 -1.0 -1.0 -1.0 1.916 1.453 4.793 1415.521 0.853 1248.502 -0.5995512475881659 1.0
23.0 9.0 Car -1.0 -1.0 -1.0 -1.0 -1.0 -1.0 -1.0 2.097 1.861 4.68 1387.223 1.388 1289.125 2.694555776235127 0.0
23.0 10.0 Car -1.0 -1.0 -1.0 -1.0 -1.0 -1.0 -1.0 1.91 1.697 4.573 1410.217 0.995 1255.666 -0.4849048260807813 0.0
23.0 1.0 Car -1.0 -1.0 -1.0 -1.0 -1.0 -1.0 -1.0 1.896 1.9 4.672 1451.805 0.909 1278.164 -2.0614078672014555 0.0
23.0 7.0 Truck -1.0 -1.0 -1.0 -1.0 -1.0 -1.0 -1.0 2.172 2.037 5.898 1408.942 1.161 1252.171 -0.5165487892663152 1.0
23.0 8.0 Car -1.0 -1.0 -1.0 -1.0 -1.0 -1.0 -1.0 1.986 1.749 4.635 1480.479 1.232 1250.67 0.4810447717434734 1.0
24.0 12.0 Bus -1.0 -1.0 -1.0 -1.0 -1.0 -1.0 -1.0 3.069 3.563 11.958 1418.258 2.794 1187.389 2.6274884691256895 1.0
24.0 5.0 Bus -1.0 -1.0 -1.0 -1.0 -1.0 -1.0 -1.0 3.069 3.563 8.003 1397.553 2.78 1198.865 2.6274884691256895 0.0
24.0 13.0 Car -1.0 -1.0 -1.0 -1.0 -1.0 -1.0 -1.0 1.973 1.851 4.64 1416.512 0.959 1256.312 -0.5406680956820913 0.0
24.0 6.0 Car -1.0 -1.0 -1.0 -1.0 -1.0 -1.0 -1.0 2.135 2.12 5.526 1405.088 1.199 1259.276 -0.957993773124024 0.0
24.0 14.0 Bus -1.0 -1.0 -1.0 -1.0 -1.0 -1.0 -1.0 3.069 3.563 8.003 1411.25 2.788 1186.401 -0.5141041844641041 0.0
24.0 2.0 Car -1.0 -1.0 -1.0 -1.0 -1.0 -1.0 -1.0 1.798 1.545 4.733 1415.865 0.8 1252.65 -0.5130220803302636 1.0
24.0 4.0 Car -1.0 -1.0 -1.0 -1.0 -1.0 -1.0 -1.0 1.781 1.713 4.673 1377.182 1.444 1288.562 2.634819934237596 0.0
24.0 0.0 Car -1.0 -1.0 -1.0 -1.0 -1.0 -1.0 -1.0 1.916 1.453 4.793 1415.517 0.853 1248.507 -0.5995498285627856 1.0
24.0 9.0 Car -1.0 -1.0 -1.0 -1.0 -1.0 -1.0 -1.0 2.097 1.861 4.68 1387.694 1.38 1288.908 2.7097810667416904 0.0
24.0 10.0 Car -1.0 -1.0 -1.0 -1.0 -1.0 -1.0 -1.0 1.91 1.697 4.573 1410.266 0.997 1255.641 -0.4849048260807813 1.0
24.0 1.0 Car -1.0 -1.0 -1.0 -1.0 -1.0 -1.0 -1.0 1.896 1.9 4.672 1451.723 0.89 1278.027 -2.0625709177888774 0.0
24.0 7.0 Truck -1.0 -1.0 -1.0 -1.0 -1.0 -1.0 -1.0 2.172 2.037 5.898 1408.943 1.161 1252.162 -0.5184873416368454 1.0
24.0 8.0 Car -1.0 -1.0 -1.0 -1.0 -1.0 -1.0 -1.0 1.986 1.749 4.635 1481.492 1.268 1251.02 0.33998832400288137 1.0
25.0 12.0 Bus -1.0 -1.0 -1.0 -1.0 -1.0 -1.0 -1.0 3.069 3.563 11.958 1415.979 2.781 1188.678 2.6274884691256895 1.0
25.0 5.0 Bus -1.0 -1.0 -1.0 -1.0 -1.0 -1.0 -1.0 3.069 3.563 8.003 1395.022 2.752 1200.299 2.6274884691256895 0.0
25.0 13.0 Car -1.0 -1.0 -1.0 -1.0 -1.0 -1.0 -1.0 1.973 1.851 4.64 1416.511 0.959 1256.313 -0.5406680956820913 1.0
25.0 6.0 Car -1.0 -1.0 -1.0 -1.0 -1.0 -1.0 -1.0 2.135 2.12 5.526 1405.086 1.199 1259.275 -0.957993773124024 0.0
25.0 14.0 Bus -1.0 -1.0 -1.0 -1.0 -1.0 -1.0 -1.0 3.069 3.563 8.003 1414.292 2.746 1184.649 -0.5141041844641041 0.0
25.0 2.0 Car -1.0 -1.0 -1.0 -1.0 -1.0 -1.0 -1.0 1.798 1.545 4.733 1415.865 0.8 1252.65 -0.5130220803302636 1.0
25.0 0.0 Car -1.0 -1.0 -1.0 -1.0 -1.0 -1.0 -1.0 1.916 1.453 4.793 1415.512 0.853 1248.512 -0.5995484079647508 1.0
25.0 9.0 Car -1.0 -1.0 -1.0 -1.0 -1.0 -1.0 -1.0 2.097 1.861 4.68 1388.177 1.372 1288.254 2.707557141033905 0.0
25.0 10.0 Car -1.0 -1.0 -1.0 -1.0 -1.0 -1.0 -1.0 1.91 1.697 4.573 1410.373 0.995 1255.584 -0.4849048260807813 1.0
25.0 1.0 Car -1.0 -1.0 -1.0 -1.0 -1.0 -1.0 -1.0 1.896 1.9 4.672 1451.642 0.87 1277.891 -2.0637352573431222 0.0
25.0 7.0 Truck -1.0 -1.0 -1.0 -1.0 -1.0 -1.0 -1.0 2.172 2.037 5.898 1408.944 1.161 1252.152 -0.5204280424347281 1.0
25.0 8.0 Car -1.0 -1.0 -1.0 -1.0 -1.0 -1.0 -1.0 1.986 1.749 4.635 1482.544 1.004 1251.224 0.19877554851218823 1.0
26.0 12.0 Bus -1.0 -1.0 -1.0 -1.0 -1.0 -1.0 -1.0 3.069 3.563 11.958 1413.845 2.767 1189.885 2.6274884691256895 1.0
26.0 5.0 Bus -1.0 -1.0 -1.0 -1.0 -1.0 -1.0 -1.0 3.069 3.563 8.003 1392.494 2.724 1201.732 2.6274884691256895 0.0
26.0 13.0 Car -1.0 -1.0 -1.0 -1.0 -1.0 -1.0 -1.0 1.973 1.851 4.64 1416.51 0.959 1256.313 -0.5406680956820913 1.0
26.0 6.0 Car -1.0 -1.0 -1.0 -1.0 -1.0 -1.0 -1.0 2.135 2.12 5.526 1405.084 1.199 1259.274 -0.957993773124024 1.0
26.0 14.0 Bus -1.0 -1.0 -1.0 -1.0 -1.0 -1.0 -1.0 3.069 3.563 8.003 1417.331 2.705 1182.899 -0.5141041844641041 0.0
26.0 2.0 Car -1.0 -1.0 -1.0 -1.0 -1.0 -1.0 -1.0 1.798 1.545 4.733 1415.865 0.8 1252.65 -0.5130220803302636 1.0
26.0 0.0 Car -1.0 -1.0 -1.0 -1.0 -1.0 -1.0 -1.0 1.916 1.453 4.793 1415.508 0.853 1248.518 -0.5995469889166611 1.0
26.0 9.0 Car -1.0 -1.0 -1.0 -1.0 -1.0 -1.0 -1.0 2.097 1.861 4.68 1388.563 1.364 1288.195 2.7053356417420114 0.0
26.0 10.0 Car -1.0 -1.0 -1.0 -1.0 -1.0 -1.0 -1.0 1.91 1.697 4.573 1410.479 0.993 1255.528 -0.4849048260807813 1.0
26.0 1.0 Car -1.0 -1.0 -1.0 -1.0 -1.0 -1.0 -1.0 1.896 1.9 4.672 1451.56 0.876 1277.754 -2.064898326543784 0.0
26.0 7.0 Truck -1.0 -1.0 -1.0 -1.0 -1.0 -1.0 -1.0 2.172 2.037 5.898 1408.945 1.161 1252.143 -0.5223666258294801 1.0
26.0 8.0 Car -1.0 -1.0 -1.0 -1.0 -1.0 -1.0 -1.0 1.986 1.749 4.635 1483.223 1.032 1251.377 0.15142171841617036 1.0
27.0 12.0 Bus -1.0 -1.0 -1.0 -1.0 -1.0 -1.0 -1.0 3.069 3.563 11.958 1411.855 2.754 1191.011 2.6274884691256895 0.0
27.0 13.0 Car -1.0 -1.0 -1.0 -1.0 -1.0 -1.0 -1.0 1.973 1.851 4.64 1416.509 0.959 1256.314 -0.5406680956820913 0.0
27.0 6.0 Car -1.0 -1.0 -1.0 -1.0 -1.0 -1.0 -1.0 2.135 2.12 5.526 1405.082 1.199 1259.272 -0.957993773124024 0.0
27.0 14.0 Bus -1.0 -1.0 -1.0 -1.0 -1.0 -1.0 -1.0 3.069 3.563 8.003 1420.369 2.664 1181.15 -0.5141041844641041 0.0
27.0 2.0 Car -1.0 -1.0 -1.0 -1.0 -1.0 -1.0 -1.0 1.798 1.545 4.733 1415.865 0.8 1252.65 -0.5130220803302636 0.0
27.0 0.0 Car -1.0 -1.0 -1.0 -1.0 -1.0 -1.0 -1.0 1.916 1.453 4.793 1415.504 0.853 1248.523 -0.5995455698912809 0.0
27.0 9.0 Car -1.0 -1.0 -1.0 -1.0 -1.0 -1.0 -1.0 2.097 1.861 4.68 1388.949 1.355 1288.135 2.7031141780019983 0.0
27.0 10.0 Car -1.0 -1.0 -1.0 -1.0 -1.0 -1.0 -1.0 1.91 1.697 4.573 1410.586 0.991 1255.472 -0.4849048260807813 0.0
27.0 1.0 Car -1.0 -1.0 -1.0 -1.0 -1.0 -1.0 -1.0 1.896 1.9 4.672 1451.479 0.865 1277.617 -2.0660613771312044 0.0
27.0 7.0 Truck -1.0 -1.0 -1.0 -1.0 -1.0 -1.0 -1.0 2.172 2.037 5.898 1408.946 1.161 1252.134 -0.5243051782000103 0.0
27.0 8.0 Car -1.0 -1.0 -1.0 -1.0 -1.0 -1.0 -1.0 1.986 1.749 4.635 1483.909 1.06 1251.498 0.10406864614967225 0.0
28.0 12.0 Bus -1.0 -1.0 -1.0 -1.0 -1.0 -1.0 -1.0 3.069 3.563 11.958 1409.615 2.768 1192.279 2.6274884691256895 0.0
28.0 13.0 Car -1.0 -1.0 -1.0 -1.0 -1.0 -1.0 -1.0 1.973 1.851 4.64 1416.508 0.959 1256.314 -0.5406680956820913 0.0
28.0 6.0 Car -1.0 -1.0 -1.0 -1.0 -1.0 -1.0 -1.0 2.135 2.12 5.526 1405.08 1.199 1259.271 -0.957993773124024 0.0
28.0 14.0 Bus -1.0 -1.0 -1.0 -1.0 -1.0 -1.0 -1.0 3.069 3.563 8.003 1423.408 2.622 1179.4 -0.5141041844641041 0.0
28.0 2.0 Car -1.0 -1.0 -1.0 -1.0 -1.0 -1.0 -1.0 1.798 1.545 4.733 1415.865 0.801 1252.65 -0.5130220803302636 0.0
28.0 0.0 Car -1.0 -1.0 -1.0 -1.0 -1.0 -1.0 -1.0 1.916 1.453 4.793 1415.5 0.853 1248.528 -0.5995441509084816 0.0
28.0 9.0 Car -1.0 -1.0 -1.0 -1.0 -1.0 -1.0 -1.0 2.097 1.861 4.68 1389.165 1.347 1288.221 2.7183390116411124 0.0
28.0 10.0 Car -1.0 -1.0 -1.0 -1.0 -1.0 -1.0 -1.0 1.91 1.697 4.573 1410.586 0.991 1255.472 -0.4849048260807813 0.0
28.0 1.0 Car -1.0 -1.0 -1.0 -1.0 -1.0 -1.0 -1.0 1.896 1.9 4.672 1451.398 0.855 1277.481 -2.0672243928188014 0.0
28.0 7.0 Truck -1.0 -1.0 -1.0 -1.0 -1.0 -1.0 -1.0 2.172 2.037 5.898 1408.946 1.161 1252.124 -0.5262436724001249 0.0
28.0 8.0 Car -1.0 -1.0 -1.0 -1.0 -1.0 -1.0 -1.0 1.986 1.749 4.635 1484.599 1.088 1251.587 0.05671699481352355 0.0
29.0 12.0 Bus -1.0 -1.0 -1.0 -1.0 -1.0 -1.0 -1.0 3.069 3.563 11.958 1407.372 2.822 1193.548 2.6274884691256895 0.0
29.0 13.0 Car -1.0 -1.0 -1.0 -1.0 -1.0 -1.0 -1.0 1.973 1.851 4.64 1416.507 0.959 1256.315 -0.5406680956820913 0.0
29.0 6.0 Car -1.0 -1.0 -1.0 -1.0 -1.0 -1.0 -1.0 2.135 2.12 5.526 1405.078 1.199 1259.27 -0.957993773124024 0.0
29.0 14.0 Bus -1.0 -1.0 -1.0 -1.0 -1.0 -1.0 -1.0 3.069 3.563 8.003 1426.45 2.581 1177.649 -0.5141041844641041 0.0
29.0 2.0 Car -1.0 -1.0 -1.0 -1.0 -1.0 -1.0 -1.0 1.798 1.545 4.733 1415.865 0.801 1252.65 -0.5130220803302636 0.0
29.0 0.0 Car -1.0 -1.0 -1.0 -1.0 -1.0 -1.0 -1.0 1.916 1.453 4.793 1415.495 0.853 1248.533 -0.599542730384254 0.0
29.0 9.0 Car -1.0 -1.0 -1.0 -1.0 -1.0 -1.0 -1.0 2.097 1.861 4.68 1389.382 1.339 1288.306 2.7335803838819035 0.0
29.0 10.0 Car -1.0 -1.0 -1.0 -1.0 -1.0 -1.0 -1.0 1.91 1.697 4.573 1410.586 0.991 1255.472 -0.4849048260807813 0.0
29.0 1.0 Car -1.0 -1.0 -1.0 -1.0 -1.0 -1.0 -1.0 1.896 1.9 4.672 1451.337 0.844 1277.381 -2.06838867188002 0.0
29.0 7.0 Truck -1.0 -1.0 -1.0 -1.0 -1.0 -1.0 -1.0 2.172 2.037 5.898 1408.947 1.161 1252.115 -0.5281842723692871 0.0
29.0 8.0 Car -1.0 -1.0 -1.0 -1.0 -1.0 -1.0 -1.0 1.986 1.749 4.635 1485.293 1.116 1251.643 0.00931390579872593 0.0
30.0 12.0 Bus -1.0 -1.0 -1.0 -1.0 -1.0 -1.0 -1.0 3.069 3.563 11.958 1404.809 2.826 1194.998 2.6274884691256895 0.0
30.0 13.0 Car -1.0 -1.0 -1.0 -1.0 -1.0 -1.0 -1.0 1.973 1.851 4.64 1416.506 0.959 1256.315 -0.5406680956820913 0.0
30.0 6.0 Car -1.0 -1.0 -1.0 -1.0 -1.0 -1.0 -1.0 2.135 2.12 5.526 1405.077 1.199 1259.268 -0.957993773124024 0.0
30.0 14.0 Bus -1.0 -1.0 -1.0 -1.0 -1.0 -1.0 -1.0 3.069 3.563 8.003 1429.488 2.539 1175.899 -0.5141041844641041 0.0
30.0 2.0 Car -1.0 -1.0 -1.0 -1.0 -1.0 -1.0 -1.0 1.798 1.545 4.733 1415.865 0.801 1252.65 -0.5130220803302636 0.0
30.0 0.0 Car -1.0 -1.0 -1.0 -1.0 -1.0 -1.0 -1.0 1.916 1.453 4.793 1415.597 0.853 1248.462 -0.6053340853719802 0.0
30.0 9.0 Car -1.0 -1.0 -1.0 -1.0 -1.0 -1.0 -1.0 2.097 1.861 4.68 1389.554 1.348 1288.251 2.7396928696158116 0.0
30.0 10.0 Car -1.0 -1.0 -1.0 -1.0 -1.0 -1.0 -1.0 1.91 1.697 4.573 1410.586 0.991 1255.472 -0.4849048260807813 0.0
30.0 1.0 Car -1.0 -1.0 -1.0 -1.0 -1.0 -1.0 -1.0 1.896 1.9 4.672 1451.276 0.833 1277.282 -2.069551689894272 0.0
30.0 7.0 Truck -1.0 -1.0 -1.0 -1.0 -1.0 -1.0 -1.0 2.172 2.037 5.898 1408.948 1.161 1252.105 -0.53012277044743 0.0
30.0 8.0 Car -1.0 -1.0 -1.0 -1.0 -1.0 -1.0 -1.0 1.986 1.749 4.635 1485.989 1.069 1251.665 -0.03803784026611279 0.0
31.0 12.0 Bus -1.0 -1.0 -1.0 -1.0 -1.0 -1.0 -1.0 3.069 3.563 11.958 1402.458 2.87 1196.327 2.6274884691256895 0.0
31.0 13.0 Car -1.0 -1.0 -1.0 -1.0 -1.0 -1.0 -1.0 1.973 1.851 4.64 1416.497 0.959 1256.321 -0.5406680956820913 0.0
31.0 6.0 Car -1.0 -1.0 -1.0 -1.0 -1.0 -1.0 -1.0 2.135 2.12 5.526 1405.075 1.199 1259.267 -0.957993773124024 0.0
31.0 14.0 Bus -1.0 -1.0 -1.0 -1.0 -1.0 -1.0 -1.0 3.069 3.563 8.003 1432.53 2.498 1174.148 -0.5141041844641041 0.0
31.0 2.0 Car -1.0 -1.0 -1.0 -1.0 -1.0 -1.0 -1.0 1.798 1.545 4.733 1415.837 0.801 1252.666 -0.5130220803302636 0.0
31.0 0.0 Car -1.0 -1.0 -1.0 -1.0 -1.0 -1.0 -1.0 1.916 1.453 4.793 1415.851 0.853 1248.155 -0.6460829106555996 0.0
31.0 9.0 Car -1.0 -1.0 -1.0 -1.0 -1.0 -1.0 -1.0 2.097 1.861 4.68 1389.727 1.357 1288.196 2.7458127778817945 0.0
31.0 10.0 Car -1.0 -1.0 -1.0 -1.0 -1.0 -1.0 -1.0 1.91 1.697 4.573 1410.541 1.008 1255.496 -0.4849048260807813 0.0
31.0 7.0 Truck -1.0 -1.0 -1.0 -1.0 -1.0 -1.0 -1.0 2.172 2.037 5.898 1408.847 1.161 1252.159 -0.5354728837076107 0.0
31.0 8.0 Car -1.0 -1.0 -1.0 -1.0 -1.0 -1.0 -1.0 1.986 1.749 4.635 1486.686 1.022 1251.655 -0.08544708664575794 0.0
32.0 12.0 Bus -1.0 -1.0 -1.0 -1.0 -1.0 -1.0 -1.0 3.069 3.563 11.958 1400.197 2.812 1197.607 2.6274884691256895 0.0
32.0 13.0 Car -1.0 -1.0 -1.0 -1.0 -1.0 -1.0 -1.0 1.973 1.851 4.64 1416.488 0.959 1256.326 -0.5406680956820913 0.0
32.0 6.0 Car -1.0 -1.0 -1.0 -1.0 -1.0 -1.0 -1.0 2.135 2.12 5.526 1405.073 1.199 1259.266 -0.957993773124024 0.0
32.0 2.0 Car -1.0 -1.0 -1.0 -1.0 -1.0 -1.0 -1.0 1.798 1.545 4.733 1415.894 0.801 1252.634 -0.5130220803302636 0.0
32.0 0.0 Car -1.0 -1.0 -1.0 -1.0 -1.0 -1.0 -1.0 1.916 1.453 4.793 1416.874 0.853 1247.132 -0.73918184480398 0.0
32.0 9.0 Car -1.0 -1.0 -1.0 -1.0 -1.0 -1.0 -1.0 2.097 1.861 4.68 1389.878 1.365 1288.134 2.7344797394089966 0.0
32.0 10.0 Car -1.0 -1.0 -1.0 -1.0 -1.0 -1.0 -1.0 1.91 1.697 4.573 1410.496 1.025 1255.519 -0.4849048260807813 0.0
32.0 7.0 Truck -1.0 -1.0 -1.0 -1.0 -1.0 -1.0 -1.0 2.172 2.037 5.898 1408.745 1.161 1252.213 -0.5408220990000374 0.0
32.0 8.0 Car -1.0 -1.0 -1.0 -1.0 -1.0 -1.0 -1.0 1.986 1.749 4.635 1488.2 1.016 1251.451 -0.09793042432684797 0.0
33.0 12.0 Bus -1.0 -1.0 -1.0 -1.0 -1.0 -1.0 -1.0 3.069 3.563 11.958 1398.721 2.799 1198.442 2.6274884691256895 0.0
33.0 13.0 Car -1.0 -1.0 -1.0 -1.0 -1.0 -1.0 -1.0 1.973 1.851 4.64 1416.479 0.959 1256.332 -0.5406680956820913 0.0
33.0 6.0 Car -1.0 -1.0 -1.0 -1.0 -1.0 -1.0 -1.0 2.135 2.12 5.526 1405.007 1.199 1259.219 -0.957993773124024 0.0
33.0 2.0 Car -1.0 -1.0 -1.0 -1.0 -1.0 -1.0 -1.0 1.798 1.545 4.733 1416.273 0.801 1252.444 -0.5130220803302636 0.0
33.0 0.0 Car -1.0 -1.0 -1.0 -1.0 -1.0 -1.0 -1.0 1.916 1.453 4.793 1418.321 0.803 1245.353 -0.8964349812403389 0.0
33.0 10.0 Car -1.0 -1.0 -1.0 -1.0 -1.0 -1.0 -1.0 1.91 1.697 4.573 1410.702 1.041 1255.411 -0.4849048260807813 0.0
33.0 7.0 Truck -1.0 -1.0 -1.0 -1.0 -1.0 -1.0 -1.0 2.172 2.037 5.898 1409.12 1.161 1252.05 -0.5321377324621063 0.0
33.0 8.0 Car -1.0 -1.0 -1.0 -1.0 -1.0 -1.0 -1.0 1.986 1.749 4.635 1488.697 1.042 1251.343 -0.07171418217380411 0.0
34.0 12.0 Bus -1.0 -1.0 -1.0 -1.0 -1.0 -1.0 -1.0 3.069 3.563 11.958 1396.636 2.795 1199.637 2.6274884691256895 0.0
34.0 13.0 Car -1.0 -1.0 -1.0 -1.0 -1.0 -1.0 -1.0 1.973 1.851 4.64 1416.754 0.959 1256.21 -0.5406680956820913 0.0
34.0 6.0 Car -1.0 -1.0 -1.0 -1.0 -1.0 -1.0 -1.0 2.135 2.12 5.526 1405.087 1.207 1259.318 -0.9230636461082126 0.0
34.0 2.0 Car -1.0 -1.0 -1.0 -1.0 -1.0 -1.0 -1.0 1.798 1.545 4.733 1417.216 0.801 1251.935 -0.5130220803302636 0.0
34.0 0.0 Car -1.0 -1.0 -1.0 -1.0 -1.0 -1.0 -1.0 1.916 1.453 4.793 1419.911 0.803 1242.721 -1.0533437840100146 0.0
34.0 10.0 Car -1.0 -1.0 -1.0 -1.0 -1.0 -1.0 -1.0 1.91 1.697 4.573 1411.192 0.991 1255.153 -0.4849048260807813 0.0
34.0 7.0 Truck -1.0 -1.0 -1.0 -1.0 -1.0 -1.0 -1.0 2.172 2.037 5.898 1410.193 1.161 1251.4 -0.558340749843469 0.0
34.0 8.0 Car -1.0 -1.0 -1.0 -1.0 -1.0 -1.0 -1.0 1.986 1.749 4.635 1489.196 1.066 1251.248 -0.045555345138341925 0.0
35.0 12.0 Bus -1.0 -1.0 -1.0 -1.0 -1.0 -1.0 -1.0 3.069 3.563 11.958 1394.549 2.791 1200.834 2.6274884691256895 0.0
35.0 13.0 Car -1.0 -1.0 -1.0 -1.0 -1.0 -1.0 -1.0 1.973 1.851 4.64 1417.304 0.959 1255.924 -0.5406680956820913 0.0
35.0 6.0 Car -1.0 -1.0 -1.0 -1.0 -1.0 -1.0 -1.0 2.135 2.12 5.526 1405.26 1.216 1259.11 -0.88809599588088 0.0
35.0 2.0 Car -1.0 -1.0 -1.0 -1.0 -1.0 -1.0 -1.0 1.798 1.545 4.733 1418.729 0.801 1251.106 -0.5130220803302636 0.0
35.0 0.0 Car -1.0 -1.0 -1.0 -1.0 -1.0 -1.0 -1.0 1.916 1.453 4.793 1421.112 0.853 1239.467 -1.2802339129222213 0.0
35.0 10.0 Car -1.0 -1.0 -1.0 -1.0 -1.0 -1.0 -1.0 1.91 1.697 4.573 1412.339 1.016 1254.549 -0.4849048260807813 0.0
35.0 7.0 Truck -1.0 -1.0 -1.0 -1.0 -1.0 -1.0 -1.0 2.172 2.037 5.898 1411.792 1.161 1250.517 -0.5670998739772295 0.0
35.0 8.0 Car -1.0 -1.0 -1.0 -1.0 -1.0 -1.0 -1.0 1.986 1.749 4.635 1489.697 1.091 1251.165 -0.019368407329733772 0.0
36.0 12.0 Bus -1.0 -1.0 -1.0 -1.0 -1.0 -1.0 -1.0 3.069 3.563 11.958 1393.432 3.207 1201.483 2.6274884691256895 0.0
36.0 13.0 Car -1.0 -1.0 -1.0 -1.0 -1.0 -1.0 -1.0 1.973 1.851 4.64 1418.126 0.959 1255.474 -0.5406680956820913 0.0
36.0 6.0 Car -1.0 -1.0 -1.0 -1.0 -1.0 -1.0 -1.0 2.135 2.12 5.526 1405.836 1.224 1258.7 -0.8269924486002913 0.0
36.0 2.0 Car -1.0 -1.0 -1.0 -1.0 -1.0 -1.0 -1.0 1.798 1.545 4.733 1420.131 0.801 1250.327 -0.5130220803302636 0.0
36.0 0.0 Car -1.0 -1.0 -1.0 -1.0 -1.0 -1.0 -1.0 1.916 1.453 4.793 1421.847 0.89 1235.656 -1.4548615110841738 0.0
36.0 10.0 Car -1.0 -1.0 -1.0 -1.0 -1.0 -1.0 -1.0 1.91 1.697 4.573 1413.846 0.991 1253.754 -0.4849048260807813 0.0
36.0 7.0 Truck -1.0 -1.0 -1.0 -1.0 -1.0 -1.0 -1.0 2.172 2.037 5.898 1413.51 1.161 1249.448 -0.5889100381219694 0.0
36.0 8.0 Car -1.0 -1.0 -1.0 -1.0 -1.0 -1.0 -1.0 1.986 1.749 4.635 1490.2 1.116 1251.096 0.006789330792811965 0.0
37.0 12.0 Bus -1.0 -1.0 -1.0 -1.0 -1.0 -1.0 -1.0 3.069 3.563 11.958 1392.386 3.629 1202.092 2.6274884691256895 0.0
37.0 13.0 Car -1.0 -1.0 -1.0 -1.0 -1.0 -1.0 -1.0 1.973 1.851 4.64 1419.186 0.959 1254.881 -0.5406680956820913 0.0
37.0 6.0 Car -1.0 -1.0 -1.0 -1.0 -1.0 -1.0 -1.0 2.135 2.12 5.526 1406.717 1.199 1258.137 -0.7135234488842933 0.0
37.0 2.0 Car -1.0 -1.0 -1.0 -1.0 -1.0 -1.0 -1.0 1.798 1.545 4.733 1421.904 0.801 1249.339 -0.5130220803302636 0.0
37.0 0.0 Car -1.0 -1.0 -1.0 -1.0 -1.0 -1.0 -1.0 1.916 1.453 4.793 1421.614 0.928 1231.48 -1.6818482881125054 0.0
37.0 10.0 Car -1.0 -1.0 -1.0 -1.0 -1.0 -1.0 -1.0 1.91 1.697 4.573 1415.517 0.983 1252.888 -0.5169270652307079 0.0
37.0 7.0 Truck -1.0 -1.0 -1.0 -1.0 -1.0 -1.0 -1.0 2.172 2.037 5.898 1415.228 1.161 1248.379 -0.6107201150031892 0.0
37.0 8.0 Car -1.0 -1.0 -1.0 -1.0 -1.0 -1.0 -1.0 1.986 1.749 4.635 1492.007 1.087 1250.988 0.018433229447776256 0.0
38.0 12.0 Bus -1.0 -1.0 -1.0 -1.0 -1.0 -1.0 -1.0 3.069 3.563 11.958 1391.341 3.602 1202.7 2.6274884691256895 0.0
38.0 13.0 Car -1.0 -1.0 -1.0 -1.0 -1.0 -1.0 -1.0 1.973 1.851 4.64 1420.6 0.959 1254.075 -0.5406680956820913 0.0
38.0 6.0 Car -1.0 -1.0 -1.0 -1.0 -1.0 -1.0 -1.0 2.135 2.12 5.526 1407.99 1.174 1257.298 -0.6350464803032496 0.0
38.0 2.0 Car -1.0 -1.0 -1.0 -1.0 -1.0 -1.0 -1.0 1.798 1.545 4.733 1423.901 0.801 1248.188 -0.5130220803302636 0.0
38.0 0.0 Car -1.0 -1.0 -1.0 -1.0 -1.0 -1.0 -1.0 1.916 1.453 4.793 1420.843 1.04 1227.035 -1.78647162353602 0.0
38.0 10.0 Car -1.0 -1.0 -1.0 -1.0 -1.0 -1.0 -1.0 1.91 1.697 4.573 1417.537 0.975 1251.746 -0.5489143908529623 0.0
38.0 7.0 Truck -1.0 -1.0 -1.0 -1.0 -1.0 -1.0 -1.0 2.172 2.037 5.898 1416.946 1.136 1246.98 -0.7110170037084265 0.0
38.0 8.0 Car -1.0 -1.0 -1.0 -1.0 -1.0 -1.0 -1.0 1.986 1.749 4.635 1493.807 1.058 1251.166 0.030064432876276245 0.0
