0.0 4.0 Truck -1.0 -1.0 -1.0 -1.0 -1.0 -1.0 -1.0 2.884 3.684 10.194 1255.847 2.071 1507.766 2.641398743251444 0.0
0.0 2.0 Car -1.0 -1.0 -1.0 -1.0 -1.0 -1.0 -1.0 2.007 1.657 4.826 1275.531 0.943 1496.311 2.612234291365194 0.0
0.0 0.0 Car -1.0 -1.0 -1.0 -1.0 -1.0 -1.0 -1.0 2.383 3.238 7.1 1299.818 1.606 1487.032 2.6624997737820295 0.0
1.0 4.0 Truck -1.0 -1.0 -1.0 -1.0 -1.0 -1.0 -1.0 2.884 3.684 10.194 1252.372 2.006 1509.844 2.624282417155462 1.0
1.0 2.0 Car -1.0 -1.0 -1.0 -1.0 -1.0 -1.0 -1.0 2.007 1.657 4.826 1271.999 0.943 1498.345 2.612234291365194 1.0
1.0 0.0 Car -1.0 -1.0 -1.0 -1.0 -1.0 -1.0 -1.0 2.383 3.238 7.1 1296.956 1.626 1488.509 2.6581340576509254 1.0
2.0 4.0 Truck -1.0 -1.0 -1.0 -1.0 -1.0 -1.0 -1.0 2.884 3.684 10.194 1248.918 1.94 1511.939 2.6072036192782244 1.0
2.0 2.0 Car -1.0 -1.0 -1.0 -1.0 -1.0 -1.0 -1.0 2.007 1.657 4.826 1268.476 0.943 1500.375 2.612234291365194 1.0
2.0 0.0 Car -1.0 -1.0 -1.0 -1.0 -1.0 -1.0 -1.0 2.383 3.238 7.1 1294.1 1.647 1489.983 2.6537779135242943 1.0
3.0 4.0 Truck -1.0 -1.0 -1.0 -1.0 -1.0 -1.0 -1.0 2.884 3.684 10.194 1245.466 1.874 1514.055 2.5900881834502054 1.0
3.0 2.0 Car -1.0 -1.0 -1.0 -1.0 -1.0 -1.0 -1.0 2.007 1.657 4.826 1264.944 0.943 1502.409 2.612234291365194 1.0
3.0 0.0 Car -1.0 -1.0 -1.0 -1.0 -1.0 -1.0 -1.0 2.383 3.238 7.1 1291.239 1.668 1491.461 2.6494124244662887 1.0
4.0 4.0 Truck -1.0 -1.0 -1.0 -1.0 -1.0 -1.0 -1.0 2.884 3.684 10.194 1242.02 1.808 1516.181 2.5729709670862606 1.0
4.0 2.0 Car -1.0 -1.0 -1.0 -1.0 -1.0 -1.0 -1.0 2.007 1.657 4.826 1261.448 0.943 1504.46 2.6065143120486205 1.0
4.0 0.0 Car -1.0 -1.0 -1.0 -1.0 -1.0 -1.0 -1.0 2.383 3.238 7.1 1288.377 1.689 1492.939 2.645046481262086 1.0
5.0 4.0 Truck -1.0 -1.0 -1.0 -1.0 -1.0 -1.0 -1.0 2.884 3.684 10.194 1238.227 1.736 1518.521 2.5541322806517277 1.0
5.0 2.0 Car -1.0 -1.0 -1.0 -1.0 -1.0 -1.0 -1.0 2.007 1.657 4.826 1257.601 0.943 1506.718 2.600219077212195 1.0
5.0 0.0 Car -1.0 -1.0 -1.0 -1.0 -1.0 -1.0 -1.0 2.383 3.238 7.1 1285.284 1.739 1494.652 2.6326556894678386 1.0
5.0 5.0 Car -1.0 -1.0 -1.0 -1.0 -1.0 -1.0 -1.0 1.813 1.407 4.85 1158.513 1.275 1562.611 -0.5876523593483736 0.0
6.0 4.0 Truck -1.0 -1.0 -1.0 -1.0 -1.0 -1.0 -1.0 2.884 3.684 10.194 1234.88 1.797 1520.871 2.550572251121099 1.0
6.0 2.0 Car -1.0 -1.0 -1.0 -1.0 -1.0 -1.0 -1.0 2.007 1.657 4.826 1254.105 0.943 1508.77 2.594499303854833 1.0
6.0 0.0 Car -1.0 -1.0 -1.0 -1.0 -1.0 -1.0 -1.0 2.383 3.238 7.1 1282.473 1.785 1496.209 2.6213975676307832 1.0
6.0 5.0 Car -1.0 -1.0 -1.0 -1.0 -1.0 -1.0 -1.0 1.813 1.407 4.85 1161.473 1.182 1560.653 -0.5789255385118328 1.0
7.0 4.0 Truck -1.0 -1.0 -1.0 -1.0 -1.0 -1.0 -1.0 2.884 3.684 10.194 1231.533 1.858 1523.221 2.547012364024411 1.0
7.0 2.0 Car -1.0 -1.0 -1.0 -1.0 -1.0 -1.0 -1.0 2.007 1.657 4.826 1250.609 0.943 1510.821 2.5887797593410395 1.0
7.0 0.0 Car -1.0 -1.0 -1.0 -1.0 -1.0 -1.0 -1.0 2.383 3.238 7.1 1279.663 1.831 1497.765 2.6101398962221998 1.0
7.0 5.0 Car -1.0 -1.0 -1.0 -1.0 -1.0 -1.0 -1.0 1.813 1.407 4.85 1164.433 1.088 1558.695 -0.5701990668284305 1.0
8.0 4.0 Truck -1.0 -1.0 -1.0 -1.0 -1.0 -1.0 -1.0 2.884 3.684 10.194 1228.183 1.92 1525.574 2.543448438925495 1.0
8.0 2.0 Car -1.0 -1.0 -1.0 -1.0 -1.0 -1.0 -1.0 2.007 1.657 4.826 1247.11 0.943 1512.875 2.5830537271120844 1.0
8.0 0.0 Car -1.0 -1.0 -1.0 -1.0 -1.0 -1.0 -1.0 2.383 3.238 7.1 1276.409 1.861 1499.694 2.6101398962221998 1.0
8.0 5.0 Car -1.0 -1.0 -1.0 -1.0 -1.0 -1.0 -1.0 1.813 1.407 4.85 1167.748 1.07 1556.51 -0.5876523593483736 1.0
9.0 4.0 Truck -1.0 -1.0 -1.0 -1.0 -1.0 -1.0 -1.0 2.884 3.684 10.194 1224.832 1.981 1527.927 2.5398845209482763 1.0
9.0 2.0 Car -1.0 -1.0 -1.0 -1.0 -1.0 -1.0 -1.0 2.007 1.657 4.826 1243.61 0.943 1514.929 2.5773277063253075 1.0
9.0 0.0 Car -1.0 -1.0 -1.0 -1.0 -1.0 -1.0 -1.0 2.383 3.238 7.1 1273.155 1.89 1501.622 2.6101398962221998 1.0
9.0 5.0 Car -1.0 -1.0 -1.0 -1.0 -1.0 -1.0 -1.0 1.813 1.407 4.85 1171.007 1.001 1554.361 -0.5876523593483736 1.0
10.0 6.0 Car -1.0 -1.0 -1.0 -1.0 -1.0 -1.0 -1.0 1.822 1.503 4.618 1139.307 1.145 1570.445 0.9872105841628941 0.0
10.0 4.0 Truck -1.0 -1.0 -1.0 -1.0 -1.0 -1.0 -1.0 2.884 3.684 10.194 1221.818 2.036 1530.044 2.536678988131784 1.0
10.0 2.0 Car -1.0 -1.0 -1.0 -1.0 -1.0 -1.0 -1.0 2.007 1.657 4.826 1240.539 0.943 1516.782 2.5690633056154506 1.0
10.0 0.0 Car -1.0 -1.0 -1.0 -1.0 -1.0 -1.0 -1.0 2.383 3.238 7.1 1270.839 1.917 1502.998 2.6101398962221998 1.0
10.0 5.0 Car -1.0 -1.0 -1.0 -1.0 -1.0 -1.0 -1.0 1.813 1.407 4.85 1173.938 0.94 1552.428 -0.5876523593483736 1.0
11.0 6.0 Car -1.0 -1.0 -1.0 -1.0 -1.0 -1.0 -1.0 1.822 1.503 4.618 1140.932 1.255 1572.968 1.0133922755072748 1.0
11.0 7.0 Car -1.0 -1.0 -1.0 -1.0 -1.0 -1.0 -1.0 1.988 1.903 4.447 1127.551 1.525 1596.884 2.5854085803018765 0.0
11.0 4.0 Truck -1.0 -1.0 -1.0 -1.0 -1.0 -1.0 -1.0 2.884 3.684 10.194 1218.608 1.986 1532.332 2.533768336053081 1.0
11.0 2.0 Car -1.0 -1.0 -1.0 -1.0 -1.0 -1.0 -1.0 2.007 1.657 4.826 1237.124 0.943 1518.843 2.559874413805364 1.0
11.0 0.0 Car -1.0 -1.0 -1.0 -1.0 -1.0 -1.0 -1.0 2.383 3.238 7.1 1267.605 1.912 1504.805 2.6159601995970005 1.0
11.0 5.0 Car -1.0 -1.0 -1.0 -1.0 -1.0 -1.0 -1.0 1.813 1.407 4.85 1177.198 0.871 1550.279 -0.5876523593483736 1.0
12.0 6.0 Car -1.0 -1.0 -1.0 -1.0 -1.0 -1.0 -1.0 1.822 1.503 4.618 1142.491 1.365 1575.532 1.039570461722724 0.0
12.0 7.0 Car -1.0 -1.0 -1.0 -1.0 -1.0 -1.0 -1.0 1.988 1.903 4.447 1123.632 1.557 1599.332 2.5854085803018765 1.0
12.0 4.0 Truck -1.0 -1.0 -1.0 -1.0 -1.0 -1.0 -1.0 2.884 3.684 10.194 1215.399 1.936 1534.62 2.5308580736440396 1.0
12.0 2.0 Car -1.0 -1.0 -1.0 -1.0 -1.0 -1.0 -1.0 2.007 1.657 4.826 1233.679 0.943 1521.122 2.559874413805364 1.0
12.0 0.0 Car -1.0 -1.0 -1.0 -1.0 -1.0 -1.0 -1.0 2.383 3.238 7.1 1264.372 1.908 1506.611 2.62177972376646 1.0
12.0 8.0 Car -1.0 -1.0 -1.0 -1.0 -1.0 -1.0 -1.0 1.998 2.0 4.689 1137.813 1.137 1586.732 2.043221175233368 0.0
12.0 5.0 Car -1.0 -1.0 -1.0 -1.0 -1.0 -1.0 -1.0 1.813 1.407 4.85 1180.265 0.855 1548.258 -0.5876523593483736 1.0
13.0 6.0 Car -1.0 -1.0 -1.0 -1.0 -1.0 -1.0 -1.0 1.822 1.503 4.618 1144.052 1.301 1578.237 1.0451991652538186 0.0
13.0 7.0 Car -1.0 -1.0 -1.0 -1.0 -1.0 -1.0 -1.0 1.988 1.903 4.447 1119.716 1.589 1601.778 2.5854085803018765 1.0
13.0 4.0 Truck -1.0 -1.0 -1.0 -1.0 -1.0 -1.0 -1.0 2.884 3.684 10.194 1212.192 1.886 1536.905 2.5279508413528164 1.0
13.0 2.0 Car -1.0 -1.0 -1.0 -1.0 -1.0 -1.0 -1.0 2.007 1.657 4.826 1230.238 0.943 1523.398 2.559874413805364 1.0
13.0 0.0 Car -1.0 -1.0 -1.0 -1.0 -1.0 -1.0 -1.0 2.383 3.238 7.1 1261.143 1.903 1508.416 2.627593188742143 1.0
13.0 8.0 Car -1.0 -1.0 -1.0 -1.0 -1.0 -1.0 -1.0 1.998 2.0 4.689 1136.73 1.137 1588.709 2.1130343453131415 1.0
13.0 5.0 Car -1.0 -1.0 -1.0 -1.0 -1.0 -1.0 -1.0 1.813 1.407 4.85 1183.329 0.838 1546.239 -0.5876523593483736 1.0
14.0 6.0 Car -1.0 -1.0 -1.0 -1.0 -1.0 -1.0 -1.0 1.822 1.503 4.618 1145.614 1.236 1580.942 1.0508279926483475 0.0
14.0 7.0 Car -1.0 -1.0 -1.0 -1.0 -1.0 -1.0 -1.0 1.988 1.903 4.447 1116.06 1.622 1604.062 2.5854085803018765 1.0
14.0 4.0 Truck -1.0 -1.0 -1.0 -1.0 -1.0 -1.0 -1.0 2.884 3.684 10.194 1208.986 1.836 1539.191 2.5250435450859765 1.0
14.0 2.0 Car -1.0 -1.0 -1.0 -1.0 -1.0 -1.0 -1.0 2.007 1.657 4.826 1226.951 0.943 1525.534 2.534949681667875 1.0
14.0 0.0 Car -1.0 -1.0 -1.0 -1.0 -1.0 -1.0 -1.0 2.383 3.238 7.1 1258.738 1.882 1509.675 2.639224373754674 1.0
14.0 8.0 Car -1.0 -1.0 -1.0 -1.0 -1.0 -1.0 -1.0 1.998 2.0 4.689 1134.953 1.137 1591.369 2.1828475153929148 1.0
14.0 5.0 Car -1.0 -1.0 -1.0 -1.0 -1.0 -1.0 -1.0 1.813 1.407 4.85 1186.393 0.821 1544.22 -0.5876523593483736 1.0
15.0 6.0 Car -1.0 -1.0 -1.0 -1.0 -1.0 -1.0 -1.0 1.822 1.503 4.618 1147.332 1.165 1583.919 1.0570237542426675 0.0
15.0 7.0 Car -1.0 -1.0 -1.0 -1.0 -1.0 -1.0 -1.0 1.988 1.903 4.447 1112.036 1.657 1606.576 2.5854085803018765 1.0
15.0 4.0 Truck -1.0 -1.0 -1.0 -1.0 -1.0 -1.0 -1.0 2.884 3.684 10.194 1205.457 1.781 1541.706 2.5218434266082097 1.0
15.0 2.0 Car -1.0 -1.0 -1.0 -1.0 -1.0 -1.0 -1.0 2.007 1.657 4.826 1223.395 0.943 1527.979 2.507514536245534 1.0
15.0 0.0 Car -1.0 -1.0 -1.0 -1.0 -1.0 -1.0 -1.0 2.383 3.238 7.1 1255.385 1.858 1511.449 2.6520270490449316 1.0
15.0 8.0 Car -1.0 -1.0 -1.0 -1.0 -1.0 -1.0 -1.0 1.998 2.0 4.689 1132.215 1.137 1594.599 2.31087512169567 1.0
15.0 5.0 Car -1.0 -1.0 -1.0 -1.0 -1.0 -1.0 -1.0 1.813 1.407 4.85 1190.283 0.821 1541.653 -0.5876523593483736 1.0
15.0 3.0 Car -1.0 -1.0 -1.0 -1.0 -1.0 -1.0 -1.0 1.966 1.417 4.051 1141.835 0.994 1567.629 -0.0739321472430754 0.0
16.0 6.0 Car -1.0 -1.0 -1.0 -1.0 -1.0 -1.0 -1.0 1.822 1.503 4.618 1148.857 1.165 1586.66 1.0624460393069715 0.0
16.0 7.0 Car -1.0 -1.0 -1.0 -1.0 -1.0 -1.0 -1.0 1.988 1.903 4.447 1108.744 1.686 1608.633 2.5854085803018765 1.0
16.0 4.0 Truck -1.0 -1.0 -1.0 -1.0 -1.0 -1.0 -1.0 2.884 3.684 10.194 1202.57 1.736 1543.764 2.5192256956118406 1.0
16.0 2.0 Car -1.0 -1.0 -1.0 -1.0 -1.0 -1.0 -1.0 2.007 1.657 4.826 1220.71 0.943 1529.888 2.507514536245534 1.0
16.0 0.0 Car -1.0 -1.0 -1.0 -1.0 -1.0 -1.0 -1.0 2.383 3.238 7.1 1252.642 1.839 1512.9 2.6624997737820295 1.0
16.0 8.0 Car -1.0 -1.0 -1.0 -1.0 -1.0 -1.0 -1.0 1.998 2.0 4.689 1129.683 1.137 1596.964 2.415603067157081 1.0
16.0 5.0 Car -1.0 -1.0 -1.0 -1.0 -1.0 -1.0 -1.0 1.813 1.407 4.85 1192.784 0.821 1540.007 -0.5876523593483736 1.0
16.0 3.0 Car -1.0 -1.0 -1.0 -1.0 -1.0 -1.0 -1.0 1.966 1.417 4.051 1144.672 0.943 1567.388 -0.10700963525199936 1.0
17.0 6.0 Car -1.0 -1.0 -1.0 -1.0 -1.0 -1.0 -1.0 1.822 1.503 4.618 1150.549 1.165 1589.703 1.0684680002299425 0.0
17.0 7.0 Car -1.0 -1.0 -1.0 -1.0 -1.0 -1.0 -1.0 1.988 1.903 4.447 1104.191 1.718 1611.593 2.5912306461423853 1.0
17.0 4.0 Truck -1.0 -1.0 -1.0 -1.0 -1.0 -1.0 -1.0 2.884 3.684 10.194 1199.554 1.788 1545.941 2.5192256956118406 1.0
17.0 2.0 Car -1.0 -1.0 -1.0 -1.0 -1.0 -1.0 -1.0 2.007 1.657 4.826 1217.728 0.943 1532.007 2.507514536245534 1.0
17.0 0.0 Car -1.0 -1.0 -1.0 -1.0 -1.0 -1.0 -1.0 2.383 3.238 7.1 1249.821 1.817 1514.403 2.645033576260503 1.0
17.0 8.0 Car -1.0 -1.0 -1.0 -1.0 -1.0 -1.0 -1.0 1.998 2.0 4.689 1126.599 1.137 1599.264 2.531913365791781 1.0
17.0 5.0 Car -1.0 -1.0 -1.0 -1.0 -1.0 -1.0 -1.0 1.813 1.407 4.85 1195.561 0.821 1538.179 -0.5876523593483736 1.0
17.0 3.0 Car -1.0 -1.0 -1.0 -1.0 -1.0 -1.0 -1.0 1.966 1.417 4.051 1147.81 0.887 1567.011 -0.14374531732284868 1.0
18.0 6.0 Car -1.0 -1.0 -1.0 -1.0 -1.0 -1.0 -1.0 1.822 1.503 4.618 1152.239 1.165 1592.74 1.0744770467626106 0.0
18.0 7.0 Car -1.0 -1.0 -1.0 -1.0 -1.0 -1.0 -1.0 1.988 1.903 4.447 1099.648 1.75 1614.547 2.5970402262773913 1.0
18.0 4.0 Truck -1.0 -1.0 -1.0 -1.0 -1.0 -1.0 -1.0 2.884 3.684 10.194 1196.545 1.84 1548.113 2.5192256956118406 1.0
18.0 2.0 Car -1.0 -1.0 -1.0 -1.0 -1.0 -1.0 -1.0 2.007 1.657 4.826 1214.752 0.943 1534.122 2.507514536245534 1.0
18.0 0.0 Car -1.0 -1.0 -1.0 -1.0 -1.0 -1.0 -1.0 2.383 3.238 7.1 1247.046 1.796 1515.975 2.627604835855485 1.0
18.0 8.0 Car -1.0 -1.0 -1.0 -1.0 -1.0 -1.0 -1.0 1.998 2.0 4.689 1122.45 1.137 1602.119 2.540630958897725 1.0
18.0 5.0 Car -1.0 -1.0 -1.0 -1.0 -1.0 -1.0 -1.0 1.813 1.407 4.85 1198.429 0.796 1536.29 -0.5876523593483736 1.0
18.0 3.0 Car -1.0 -1.0 -1.0 -1.0 -1.0 -1.0 -1.0 1.966 1.417 4.051 1151.021 0.858 1565.929 -0.29479419923397376 1.0
19.0 6.0 Car -1.0 -1.0 -1.0 -1.0 -1.0 -1.0 -1.0 1.822 1.503 4.618 1154.114 1.165 1596.464 1.0927466948317246 0.0
19.0 7.0 Car -1.0 -1.0 -1.0 -1.0 -1.0 -1.0 -1.0 1.988 1.903 4.447 1095.095 1.782 1617.507 2.60286187282182 1.0
19.0 4.0 Truck -1.0 -1.0 -1.0 -1.0 -1.0 -1.0 -1.0 2.884 3.684 10.194 1193.53 1.892 1550.29 2.5192256956118406 1.0
19.0 2.0 Car -1.0 -1.0 -1.0 -1.0 -1.0 -1.0 -1.0 2.007 1.657 4.826 1211.771 0.943 1536.242 2.507514536245534 1.0
19.0 0.0 Car -1.0 -1.0 -1.0 -1.0 -1.0 -1.0 -1.0 2.383 3.238 7.1 1244.266 1.775 1517.551 2.6101398962221998 1.0
19.0 8.0 Car -1.0 -1.0 -1.0 -1.0 -1.0 -1.0 -1.0 1.998 2.0 4.689 1118.292 1.137 1604.98 2.5493666583117243 1.0
19.0 5.0 Car -1.0 -1.0 -1.0 -1.0 -1.0 -1.0 -1.0 1.813 1.407 4.85 1201.303 0.771 1534.398 -0.5876523593483736 1.0
19.0 3.0 Car -1.0 -1.0 -1.0 -1.0 -1.0 -1.0 -1.0 1.966 1.417 4.051 1154.038 0.828 1564.373 -0.44615680737136154 1.0
20.0 6.0 Car -1.0 -1.0 -1.0 -1.0 -1.0 -1.0 -1.0 1.822 1.503 4.618 1155.991 1.165 1600.189 1.1110177318496672 0.0
20.0 7.0 Car -1.0 -1.0 -1.0 -1.0 -1.0 -1.0 -1.0 1.988 1.903 4.447 1090.811 1.765 1619.925 2.6090956467591453 1.0
20.0 4.0 Truck -1.0 -1.0 -1.0 -1.0 -1.0 -1.0 -1.0 2.884 3.684 10.194 1190.514 1.944 1552.467 2.5192256956118406 1.0
20.0 2.0 Car -1.0 -1.0 -1.0 -1.0 -1.0 -1.0 -1.0 2.007 1.657 4.826 1208.788 0.943 1538.362 2.507514536245534 1.0
20.0 0.0 Car -1.0 -1.0 -1.0 -1.0 -1.0 -1.0 -1.0 2.383 3.238 7.1 1241.323 1.753 1519.303 2.5914385744102235 1.0
20.0 8.0 Car -1.0 -1.0 -1.0 -1.0 -1.0 -1.0 -1.0 1.998 2.0 4.689 1113.28 1.193 1608.5 2.539675283298823 1.0
20.0 5.0 Car -1.0 -1.0 -1.0 -1.0 -1.0 -1.0 -1.0 1.813 1.407 4.85 1204.769 0.746 1532.111 -0.5876523593483736 1.0
20.0 3.0 Car -1.0 -1.0 -1.0 -1.0 -1.0 -1.0 -1.0 1.966 1.417 4.051 1156.787 0.799 1562.38 -0.5975309228413731 1.0
21.0 6.0 Car -1.0 -1.0 -1.0 -1.0 -1.0 -1.0 -1.0 1.822 1.503 4.618 1157.493 1.165 1603.172 1.1256511849884203 0.0
21.0 7.0 Car -1.0 -1.0 -1.0 -1.0 -1.0 -1.0 -1.0 1.988 1.903 4.447 1087.38 1.75 1621.862 2.61408833757904 1.0
21.0 4.0 Truck -1.0 -1.0 -1.0 -1.0 -1.0 -1.0 -1.0 2.884 3.684 10.194 1188.099 1.986 1554.21 2.5192256956118406 1.0
21.0 2.0 Car -1.0 -1.0 -1.0 -1.0 -1.0 -1.0 -1.0 2.007 1.657 4.826 1206.4 0.943 1540.06 2.507514536245534 1.0
21.0 0.0 Car -1.0 -1.0 -1.0 -1.0 -1.0 -1.0 -1.0 2.383 3.238 7.1 1239.004 1.736 1520.768 2.5764605019505398 1.0
21.0 8.0 Car -1.0 -1.0 -1.0 -1.0 -1.0 -1.0 -1.0 1.998 2.0 4.689 1109.266 1.237 1611.319 2.531913365791781 0.0
21.0 5.0 Car -1.0 -1.0 -1.0 -1.0 -1.0 -1.0 -1.0 1.813 1.407 4.85 1207.545 0.726 1530.279 -0.5876523593483736 1.0
21.0 3.0 Car -1.0 -1.0 -1.0 -1.0 -1.0 -1.0 -1.0 1.966 1.417 4.051 1159.709 0.792 1560.372 -0.5975309228413731 1.0
22.0 6.0 Car -1.0 -1.0 -1.0 -1.0 -1.0 -1.0 -1.0 1.822 1.503 4.618 1159.274 1.115 1606.939 1.1260462797729256 0.0
22.0 7.0 Car -1.0 -1.0 -1.0 -1.0 -1.0 -1.0 -1.0 1.988 1.903 4.447 1083.101 1.732 1624.278 2.620315165341763 0.0
22.0 4.0 Truck -1.0 -1.0 -1.0 -1.0 -1.0 -1.0 -1.0 2.884 3.684 10.194 1185.761 1.994 1555.923 2.5192256956118406 1.0
22.0 2.0 Car -1.0 -1.0 -1.0 -1.0 -1.0 -1.0 -1.0 2.007 1.657 4.826 1203.421 0.943 1542.177 2.507514536245534 1.0
22.0 0.0 Car -1.0 -1.0 -1.0 -1.0 -1.0 -1.0 -1.0 2.383 3.238 7.1 1236.111 1.715 1522.594 2.5577800186623696 1.0
22.0 8.0 Car -1.0 -1.0 -1.0 -1.0 -1.0 -1.0 -1.0 1.998 2.0 4.689 1104.466 1.293 1614.561 2.5377288976285195 0.0
22.0 5.0 Car -1.0 -1.0 -1.0 -1.0 -1.0 -1.0 -1.0 1.813 1.407 4.85 1211.007 0.701 1527.995 -0.5876523593483736 1.0
22.0 3.0 Car -1.0 -1.0 -1.0 -1.0 -1.0 -1.0 -1.0 1.966 1.417 4.051 1163.354 0.785 1557.868 -0.5975309228413731 0.0
23.0 6.0 Car -1.0 -1.0 -1.0 -1.0 -1.0 -1.0 -1.0 1.822 1.503 4.618 1161.055 1.065 1610.705 1.1264413729748894 0.0
23.0 7.0 Car -1.0 -1.0 -1.0 -1.0 -1.0 -1.0 -1.0 1.988 1.903 4.447 1078.837 1.748 1626.517 2.6261262957381515 0.0
23.0 4.0 Truck -1.0 -1.0 -1.0 -1.0 -1.0 -1.0 -1.0 2.884 3.684 10.194 1183.423 2.003 1557.636 2.5192256956118406 1.0
23.0 2.0 Car -1.0 -1.0 -1.0 -1.0 -1.0 -1.0 -1.0 2.007 1.657 4.826 1200.36 0.909 1544.369 2.507514536245534 1.0
23.0 0.0 Car -1.0 -1.0 -1.0 -1.0 -1.0 -1.0 -1.0 2.383 3.238 7.1 1233.449 1.747 1524.356 2.5403466274732054 1.0
23.0 8.0 Car -1.0 -1.0 -1.0 -1.0 -1.0 -1.0 -1.0 1.998 2.0 4.689 1099.667 1.348 1617.803 2.5435444061713115 0.0
23.0 5.0 Car -1.0 -1.0 -1.0 -1.0 -1.0 -1.0 -1.0 1.813 1.407 4.85 1214.47 0.676 1525.711 -0.5876523593483736 1.0
23.0 3.0 Car -1.0 -1.0 -1.0 -1.0 -1.0 -1.0 -1.0 1.966 1.417 4.051 1167.715 0.777 1554.875 -0.5975309228413731 0.0
24.0 1.0 Truck -1.0 -1.0 -1.0 -1.0 -1.0 -1.0 -1.0 2.266 2.0 6.192 1131.859 0.838 1562.142 1.0928204572799216 0.0
24.0 7.0 Car -1.0 -1.0 -1.0 -1.0 -1.0 -1.0 -1.0 1.988 1.903 4.447 1074.569 1.763 1628.758 2.631944164655312 0.0
24.0 4.0 Truck -1.0 -1.0 -1.0 -1.0 -1.0 -1.0 -1.0 2.884 3.684 10.194 1181.082 2.011 1559.35 2.5192256956118406 1.0
24.0 2.0 Car -1.0 -1.0 -1.0 -1.0 -1.0 -1.0 -1.0 2.007 1.657 4.826 1197.295 0.876 1546.563 2.507514536245534 1.0
24.0 0.0 Car -1.0 -1.0 -1.0 -1.0 -1.0 -1.0 -1.0 2.383 3.238 7.1 1230.83 1.779 1526.188 2.5228930207217233 1.0
24.0 8.0 Car -1.0 -1.0 -1.0 -1.0 -1.0 -1.0 -1.0 1.998 2.0 4.689 1094.861 1.404 1621.049 2.5493666583117243 0.0
24.0 5.0 Car -1.0 -1.0 -1.0 -1.0 -1.0 -1.0 -1.0 1.813 1.407 4.85 1217.936 0.651 1523.423 -0.5876523593483736 1.0
24.0 3.0 Car -1.0 -1.0 -1.0 -1.0 -1.0 -1.0 -1.0 1.966 1.417 4.051 1171.838 0.793 1552.07 -0.5975309228413731 0.0
25.0 1.0 Truck -1.0 -1.0 -1.0 -1.0 -1.0 -1.0 -1.0 2.266 2.0 6.192 1133.174 0.792 1564.775 1.119015994686156 1.0
25.0 7.0 Car -1.0 -1.0 -1.0 -1.0 -1.0 -1.0 -1.0 1.988 1.903 4.447 1070.295 1.779 1631.002 2.637768457861706 0.0
25.0 4.0 Truck -1.0 -1.0 -1.0 -1.0 -1.0 -1.0 -1.0 2.884 3.684 10.194 1178.739 2.019 1561.067 2.5192256956118406 1.0
25.0 2.0 Car -1.0 -1.0 -1.0 -1.0 -1.0 -1.0 -1.0 2.007 1.657 4.826 1194.227 0.843 1548.76 2.507514536245534 1.0
25.0 0.0 Car -1.0 -1.0 -1.0 -1.0 -1.0 -1.0 -1.0 2.383 3.238 7.1 1228.209 1.811 1528.023 2.50542014110254 1.0
25.0 8.0 Car -1.0 -1.0 -1.0 -1.0 -1.0 -1.0 -1.0 1.998 2.0 4.689 1089.665 1.359 1624.47 2.5668199508316674 0.0
25.0 5.0 Car -1.0 -1.0 -1.0 -1.0 -1.0 -1.0 -1.0 1.813 1.407 4.85 1221.406 0.626 1521.134 -0.5876523593483736 1.0
25.0 3.0 Car -1.0 -1.0 -1.0 -1.0 -1.0 -1.0 -1.0 1.966 1.417 4.051 1175.965 0.81 1549.261 -0.5975309228413731 0.0
26.0 1.0 Truck -1.0 -1.0 -1.0 -1.0 -1.0 -1.0 -1.0 2.266 2.0 6.192 1134.417 0.745 1567.439 1.145180334839752 1.0
26.0 7.0 Car -1.0 -1.0 -1.0 -1.0 -1.0 -1.0 -1.0 1.988 1.903 4.447 1066.312 1.744 1633.126 2.637768457861706 0.0
26.0 4.0 Truck -1.0 -1.0 -1.0 -1.0 -1.0 -1.0 -1.0 2.884 3.684 10.194 1176.398 2.028 1562.782 2.5192256956118406 1.0
26.0 2.0 Car -1.0 -1.0 -1.0 -1.0 -1.0 -1.0 -1.0 2.007 1.657 4.826 1191.633 0.859 1550.66 2.5016991066983323 1.0
26.0 0.0 Car -1.0 -1.0 -1.0 -1.0 -1.0 -1.0 -1.0 2.383 3.238 7.1 1225.645 1.843 1529.925 2.499604711555338 1.0
26.0 8.0 Car -1.0 -1.0 -1.0 -1.0 -1.0 -1.0 -1.0 1.998 2.0 4.689 1085.075 1.332 1627.436 2.5726353803788693 0.0
26.0 5.0 Car -1.0 -1.0 -1.0 -1.0 -1.0 -1.0 -1.0 1.813 1.407 4.85 1224.872 0.601 1518.847 -0.5876523593483736 1.0
26.0 3.0 Car -1.0 -1.0 -1.0 -1.0 -1.0 -1.0 -1.0 1.966 1.417 4.051 1180.088 0.827 1546.456 -0.5975309228413731 0.0
27.0 1.0 Truck -1.0 -1.0 -1.0 -1.0 -1.0 -1.0 -1.0 2.266 2.0 6.192 1135.583 0.774 1570.119 1.1825556923482643 1.0
27.0 7.0 Car -1.0 -1.0 -1.0 -1.0 -1.0 -1.0 -1.0 1.988 1.903 4.447 1062.328 1.71 1635.25 2.637768457861706 0.0
27.0 4.0 Truck -1.0 -1.0 -1.0 -1.0 -1.0 -1.0 -1.0 2.884 3.684 10.194 1174.057 2.036 1564.497 2.5192256956118406 1.0
27.0 2.0 Car -1.0 -1.0 -1.0 -1.0 -1.0 -1.0 -1.0 2.007 1.657 4.826 1189.04 0.876 1552.56 2.4958830605306126 1.0
27.0 0.0 Car -1.0 -1.0 -1.0 -1.0 -1.0 -1.0 -1.0 2.383 3.238 7.1 1223.08 1.876 1531.827 2.4937886653876182 1.0
27.0 8.0 Car -1.0 -1.0 -1.0 -1.0 -1.0 -1.0 -1.0 1.998 2.0 4.689 1080.485 1.304 1630.401 2.578451426546589 0.0
27.0 5.0 Car -1.0 -1.0 -1.0 -1.0 -1.0 -1.0 -1.0 1.813 1.407 4.85 1227.747 0.746 1516.868 -0.5891305844743021 1.0
27.0 3.0 Car -1.0 -1.0 -1.0 -1.0 -1.0 -1.0 -1.0 1.966 1.417 4.051 1184.883 0.895 1543.193 -0.5975309228413731 0.0
28.0 1.0 Truck -1.0 -1.0 -1.0 -1.0 -1.0 -1.0 -1.0 2.266 2.0 6.192 1136.649 0.802 1572.843 1.2199681334056343 0.0
28.0 7.0 Car -1.0 -1.0 -1.0 -1.0 -1.0 -1.0 -1.0 1.988 1.903 4.447 1058.34 1.675 1637.377 2.637768457861706 0.0
28.0 4.0 Truck -1.0 -1.0 -1.0 -1.0 -1.0 -1.0 -1.0 2.884 3.684 10.194 1172.855 2.053 1565.385 2.5192256956118406 0.0
28.0 2.0 Car -1.0 -1.0 -1.0 -1.0 -1.0 -1.0 -1.0 2.007 1.657 4.826 1186.444 0.893 1554.462 2.4900612437255907 0.0
28.0 0.0 Car -1.0 -1.0 -1.0 -1.0 -1.0 -1.0 -1.0 2.383 3.238 7.1 1220.513 1.908 1533.73 2.4879668485825963 0.0
28.0 8.0 Car -1.0 -1.0 -1.0 -1.0 -1.0 -1.0 -1.0 1.998 2.0 4.689 1075.89 1.276 1633.37 2.584273243351611 0.0
28.0 5.0 Car -1.0 -1.0 -1.0 -1.0 -1.0 -1.0 -1.0 1.813 1.407 4.85 1230.625 0.89 1514.887 -0.5906102762840928 0.0
28.0 3.0 Car -1.0 -1.0 -1.0 -1.0 -1.0 -1.0 -1.0 1.966 1.417 4.051 1189.683 0.963 1539.926 -0.5975309228413731 0.0
29.0 1.0 Truck -1.0 -1.0 -1.0 -1.0 -1.0 -1.0 -1.0 2.266 2.0 6.192 1137.428 0.825 1575.049 1.249900089959412 0.0
29.0 7.0 Car -1.0 -1.0 -1.0 -1.0 -1.0 -1.0 -1.0 1.988 1.903 4.447 1055.603 1.648 1638.829 2.6455254207853667 0.0
29.0 4.0 Truck -1.0 -1.0 -1.0 -1.0 -1.0 -1.0 -1.0 2.884 3.684 10.194 1171.892 2.067 1566.095 2.5192256956118406 0.0
29.0 2.0 Car -1.0 -1.0 -1.0 -1.0 -1.0 -1.0 -1.0 2.007 1.657 4.826 1184.698 0.862 1555.713 2.497818206649251 0.0
29.0 0.0 Car -1.0 -1.0 -1.0 -1.0 -1.0 -1.0 -1.0 2.383 3.238 7.1 1218.507 1.867 1535.251 2.4929515221143 0.0
29.0 8.0 Car -1.0 -1.0 -1.0 -1.0 -1.0 -1.0 -1.0 1.998 2.0 4.689 1072.573 1.292 1635.432 2.584273243351611 0.0
29.0 5.0 Car -1.0 -1.0 -1.0 -1.0 -1.0 -1.0 -1.0 1.813 1.407 4.85 1232.927 1.006 1513.303 -0.591794108980166 0.0
29.0 3.0 Car -1.0 -1.0 -1.0 -1.0 -1.0 -1.0 -1.0 1.966 1.417 4.051 1193.523 1.017 1537.313 -0.5975309228413731 0.0
30.0 1.0 Truck -1.0 -1.0 -1.0 -1.0 -1.0 -1.0 -1.0 2.266 2.0 6.192 1138.004 0.909 1577.21 1.3080571234254117 0.0
30.0 7.0 Car -1.0 -1.0 -1.0 -1.0 -1.0 -1.0 -1.0 1.988 1.903 4.447 1052.181 1.613 1640.643 2.6552217503816498 0.0
30.0 4.0 Truck -1.0 -1.0 -1.0 -1.0 -1.0 -1.0 -1.0 2.884 3.684 10.194 1170.69 2.084 1566.983 2.5192256956118406 0.0
30.0 2.0 Car -1.0 -1.0 -1.0 -1.0 -1.0 -1.0 -1.0 2.007 1.657 4.826 1182.516 0.823 1557.276 2.507514536245534 0.0
30.0 0.0 Car -1.0 -1.0 -1.0 -1.0 -1.0 -1.0 -1.0 2.383 3.238 7.1 1215.999 1.816 1537.151 2.499182444959869 0.0
30.0 8.0 Car -1.0 -1.0 -1.0 -1.0 -1.0 -1.0 -1.0 1.998 2.0 4.689 1068.425 1.312 1638.01 2.584273243351611 0.0
30.0 5.0 Car -1.0 -1.0 -1.0 -1.0 -1.0 -1.0 -1.0 1.813 1.407 4.85 1235.804 1.15 1511.322 -0.5932739190709132 0.0
30.0 3.0 Car -1.0 -1.0 -1.0 -1.0 -1.0 -1.0 -1.0 1.966 1.417 4.051 1198.324 1.085 1534.046 -0.5975309228413731 0.0
31.0 1.0 Truck -1.0 -1.0 -1.0 -1.0 -1.0 -1.0 -1.0 2.266 2.0 6.192 1138.454 0.992 1579.404 1.3662773762372378 0.0
31.0 7.0 Car -1.0 -1.0 -1.0 -1.0 -1.0 -1.0 -1.0 1.988 1.903 4.447 1049.38 1.579 1642.164 2.6421209351883386 0.0
31.0 4.0 Truck -1.0 -1.0 -1.0 -1.0 -1.0 -1.0 -1.0 2.884 3.684 10.194 1169.486 2.102 1567.873 2.5192256956118406 0.0
31.0 2.0 Car -1.0 -1.0 -1.0 -1.0 -1.0 -1.0 -1.0 2.007 1.657 4.826 1180.886 0.784 1558.418 2.507514536245534 0.0
31.0 0.0 Car -1.0 -1.0 -1.0 -1.0 -1.0 -1.0 -1.0 2.383 3.238 7.1 1213.488 1.764 1539.054 2.50542014110254 0.0
31.0 8.0 Car -1.0 -1.0 -1.0 -1.0 -1.0 -1.0 -1.0 1.998 2.0 4.689 1064.274 1.332 1640.591 2.584273243351611 0.0
31.0 5.0 Car -1.0 -1.0 -1.0 -1.0 -1.0 -1.0 -1.0 1.813 1.407 4.85 1238.685 1.295 1509.338 -0.5947553377826695 0.0
31.0 3.0 Car -1.0 -1.0 -1.0 -1.0 -1.0 -1.0 -1.0 1.966 1.417 4.051 1203.129 1.153 1530.776 -0.5975309228413731 0.0
32.0 1.0 Truck -1.0 -1.0 -1.0 -1.0 -1.0 -1.0 -1.0 2.266 2.0 6.192 1138.776 1.075 1581.617 1.4244330151588447 0.0
32.0 7.0 Car -1.0 -1.0 -1.0 -1.0 -1.0 -1.0 -1.0 1.988 1.903 4.447 1046.582 1.544 1643.683 2.6290346595168232 0.0
32.0 4.0 Truck -1.0 -1.0 -1.0 -1.0 -1.0 -1.0 -1.0 2.884 3.684 10.194 1168.283 2.119 1568.761 2.5192256956118406 0.0
32.0 2.0 Car -1.0 -1.0 -1.0 -1.0 -1.0 -1.0 -1.0 2.007 1.657 4.826 1179.258 0.745 1559.558 2.507514536245534 0.0
32.0 0.0 Car -1.0 -1.0 -1.0 -1.0 -1.0 -1.0 -1.0 2.383 3.238 7.1 1211.128 1.731 1540.824 2.4996024118058164 0.0
32.0 8.0 Car -1.0 -1.0 -1.0 -1.0 -1.0 -1.0 -1.0 1.998 2.0 4.689 1060.809 1.362 1642.74 2.584273243351611 0.0
32.0 5.0 Car -1.0 -1.0 -1.0 -1.0 -1.0 -1.0 -1.0 1.813 1.407 4.85 1241.563 1.439 1507.357 -0.5962351123891296 0.0
32.0 3.0 Car -1.0 -1.0 -1.0 -1.0 -1.0 -1.0 -1.0 1.966 1.417 4.051 1207.93 1.221 1527.509 -0.5975309228413731 0.0
33.0 1.0 Truck -1.0 -1.0 -1.0 -1.0 -1.0 -1.0 -1.0 2.266 2.0 6.192 1138.795 1.075 1582.964 1.5117301222782211 0.0
33.0 7.0 Car -1.0 -1.0 -1.0 -1.0 -1.0 -1.0 -1.0 1.988 1.903 4.447 1043.784 1.509 1645.203 2.6159485145964023 0.0
33.0 4.0 Truck -1.0 -1.0 -1.0 -1.0 -1.0 -1.0 -1.0 2.884 3.684 10.194 1167.08 2.136 1569.649 2.5192256956118406 0.0
33.0 2.0 Car -1.0 -1.0 -1.0 -1.0 -1.0 -1.0 -1.0 2.007 1.657 4.826 1178.036 0.731 1560.411 2.5162410168421943 0.0
33.0 0.0 Car -1.0 -1.0 -1.0 -1.0 -1.0 -1.0 -1.0 2.383 3.238 7.1 1208.768 1.698 1542.594 2.493784740636745 0.0
33.0 5.0 Car -1.0 -1.0 -1.0 -1.0 -1.0 -1.0 -1.0 1.813 1.407 4.85 1244.44 1.584 1505.376 -0.5977148722104703 0.0
33.0 3.0 Car -1.0 -1.0 -1.0 -1.0 -1.0 -1.0 -1.0 1.966 1.417 4.051 1212.73 1.289 1524.242 -0.5975309228413731 0.0
34.0 1.0 Truck -1.0 -1.0 -1.0 -1.0 -1.0 -1.0 -1.0 2.266 2.0 6.192 1138.696 1.075 1584.308 1.5990305438902366 0.0
34.0 4.0 Truck -1.0 -1.0 -1.0 -1.0 -1.0 -1.0 -1.0 2.884 3.684 10.194 1166.882 2.075 1569.731 2.5192256956118406 0.0
34.0 2.0 Car -1.0 -1.0 -1.0 -1.0 -1.0 -1.0 -1.0 2.007 1.657 4.826 1176.814 0.717 1561.263 2.5249678287654778 0.0
34.0 0.0 Car -1.0 -1.0 -1.0 -1.0 -1.0 -1.0 -1.0 2.383 3.238 7.1 1206.408 1.664 1544.365 2.4879668485825963 0.0
34.0 5.0 Car -1.0 -1.0 -1.0 -1.0 -1.0 -1.0 -1.0 1.813 1.407 4.85 1247.318 1.728 1503.395 -0.5991946882152654 0.0
35.0 1.0 Truck -1.0 -1.0 -1.0 -1.0 -1.0 -1.0 -1.0 2.266 2.0 6.192 1138.481 1.075 1585.636 1.686232402957994 0.0
35.0 4.0 Truck -1.0 -1.0 -1.0 -1.0 -1.0 -1.0 -1.0 2.884 3.684 10.194 1166.683 2.014 1569.814 2.5192256956118406 0.0
35.0 2.0 Car -1.0 -1.0 -1.0 -1.0 -1.0 -1.0 -1.0 2.007 1.657 4.826 1176.144 0.703 1561.743 2.5249678287654778 0.0
35.0 0.0 Car -1.0 -1.0 -1.0 -1.0 -1.0 -1.0 -1.0 2.383 3.238 7.1 1204.181 1.664 1546.031 2.493786836542811 0.0
35.0 5.0 Car -1.0 -1.0 -1.0 -1.0 -1.0 -1.0 -1.0 1.813 1.407 4.85 1250.193 1.873 1501.417 -0.6006728335015485 0.0
36.0 1.0 Truck -1.0 -1.0 -1.0 -1.0 -1.0 -1.0 -1.0 2.266 2.0 6.192 1138.148 1.075 1586.985 1.8084453849262583 0.0
36.0 4.0 Truck -1.0 -1.0 -1.0 -1.0 -1.0 -1.0 -1.0 2.884 3.684 10.194 1166.485 1.953 1569.896 2.5192256956118406 0.0
36.0 2.0 Car -1.0 -1.0 -1.0 -1.0 -1.0 -1.0 -1.0 2.007 1.657 4.826 1175.474 0.689 1562.224 2.5249678287654778 0.0
36.0 0.0 Car -1.0 -1.0 -1.0 -1.0 -1.0 -1.0 -1.0 2.383 3.238 7.1 1201.955 1.664 1547.698 2.4996066032886217 0.0
36.0 5.0 Car -1.0 -1.0 -1.0 -1.0 -1.0 -1.0 -1.0 1.813 1.407 4.85 1253.067 2.017 1499.438 -0.6021509226043774 0.0
37.0 1.0 Truck -1.0 -1.0 -1.0 -1.0 -1.0 -1.0 -1.0 2.266 2.0 6.192 1137.653 1.075 1588.282 1.9305275615935003 0.0
37.0 4.0 Truck -1.0 -1.0 -1.0 -1.0 -1.0 -1.0 -1.0 2.884 3.684 10.194 1166.287 1.892 1569.978 2.5192256956118406 0.0
37.0 2.0 Car -1.0 -1.0 -1.0 -1.0 -1.0 -1.0 -1.0 2.007 1.657 4.826 1174.995 0.675 1562.57 2.5249678287654778 0.0
37.0 0.0 Car -1.0 -1.0 -1.0 -1.0 -1.0 -1.0 -1.0 2.383 3.238 7.1 1199.732 1.664 1549.362 2.50542014110254 0.0
37.0 5.0 Car -1.0 -1.0 -1.0 -1.0 -1.0 -1.0 -1.0 1.813 1.407 4.85 1255.938 2.161 1497.461 -0.6036274296994121 0.0
38.0 1.0 Truck -1.0 -1.0 -1.0 -1.0 -1.0 -1.0 -1.0 2.266 2.0 6.192 1137.003 1.075 1589.51 2.0527515458768035 0.0
38.0 4.0 Truck -1.0 -1.0 -1.0 -1.0 -1.0 -1.0 -1.0 2.884 3.684 10.194 1166.089 1.831 1570.06 2.5192256956118406 0.0
38.0 2.0 Car -1.0 -1.0 -1.0 -1.0 -1.0 -1.0 -1.0 2.007 1.657 4.826 1174.515 0.662 1562.916 2.5249678287654778 0.0
38.0 0.0 Car -1.0 -1.0 -1.0 -1.0 -1.0 -1.0 -1.0 2.383 3.238 7.1 1197.499 1.664 1550.992 2.5112403541254404 0.0
38.0 5.0 Car -1.0 -1.0 -1.0 -1.0 -1.0 -1.0 -1.0 1.813 1.407 4.85 1258.813 2.306 1495.483 -0.6051056518683167 0.0
39.0 1.0 Truck -1.0 -1.0 -1.0 -1.0 -1.0 -1.0 -1.0 2.266 2.0 6.192 1134.974 1.075 1592.17 2.2533485026783993 0.0
39.0 4.0 Truck -1.0 -1.0 -1.0 -1.0 -1.0 -1.0 -1.0 2.884 3.684 10.194 1165.891 1.77 1570.143 2.5192256956118406 0.0
39.0 2.0 Car -1.0 -1.0 -1.0 -1.0 -1.0 -1.0 -1.0 2.007 1.657 4.826 1174.361 0.648 1563.032 2.5249678287654778 0.0
39.0 0.0 Car -1.0 -1.0 -1.0 -1.0 -1.0 -1.0 -1.0 2.383 3.238 7.1 1195.27 1.664 1552.62 2.517053534952699 0.0
39.0 5.0 Car -1.0 -1.0 -1.0 -1.0 -1.0 -1.0 -1.0 1.813 1.407 4.85 1263.127 2.406 1492.201 -0.596384045050856 0.0
