0.0 0.0 Car -1.0 -1.0 -1.0 -1.0 -1.0 -1.0 -1.0 1.767 1.589 4.337 613.863 0.983 1233.199 1.056377983129254 0.0
0.0 4.0 Car -1.0 -1.0 -1.0 -1.0 -1.0 -1.0 -1.0 2.031 1.713 4.725 655.353 0.954 1309.87 -2.1019349247542056 0.0
1.0 0.0 Car -1.0 -1.0 -1.0 -1.0 -1.0 -1.0 -1.0 1.767 1.589 4.337 615.88 0.983 1236.683 1.056377983129254 1.0
1.0 4.0 Car -1.0 -1.0 -1.0 -1.0 -1.0 -1.0 -1.0 2.031 1.713 4.725 652.469 0.944 1304.864 -2.1019349247542056 1.0
2.0 0.0 Car -1.0 -1.0 -1.0 -1.0 -1.0 -1.0 -1.0 1.767 1.589 4.337 617.821 1.003 1239.959 1.0528907331508743 1.0
2.0 4.0 Car -1.0 -1.0 -1.0 -1.0 -1.0 -1.0 -1.0 2.031 1.713 4.725 649.557 0.935 1299.876 -2.1019349247542056 1.0
2.0 3.0 Car -1.0 -1.0 -1.0 -1.0 -1.0 -1.0 -1.0 2.156 1.423 4.752 615.685 0.5 1268.279 -0.6734701984623706 0.0
3.0 0.0 Car -1.0 -1.0 -1.0 -1.0 -1.0 -1.0 -1.0 1.767 1.589 4.337 619.743 1.023 1243.2 1.0493989012200369 1.0
3.0 4.0 Car -1.0 -1.0 -1.0 -1.0 -1.0 -1.0 -1.0 2.031 1.713 4.725 646.62 0.9 1294.893 -2.1019349247542056 1.0
3.0 3.0 Car -1.0 -1.0 -1.0 -1.0 -1.0 -1.0 -1.0 2.156 1.423 4.752 616.193 0.65 1267.868 -0.6734701984623706 0.0
4.0 0.0 Car -1.0 -1.0 -1.0 -1.0 -1.0 -1.0 -1.0 1.767 1.589 4.337 621.667 1.043 1246.444 1.045903695687008 1.0
4.0 4.0 Car -1.0 -1.0 -1.0 -1.0 -1.0 -1.0 -1.0 2.031 1.713 4.725 643.737 0.865 1289.873 -2.1019349247542056 1.0
4.0 3.0 Car -1.0 -1.0 -1.0 -1.0 -1.0 -1.0 -1.0 2.156 1.423 4.752 616.711 0.6 1267.449 -0.6734701984623706 0.0
5.0 0.0 Car -1.0 -1.0 -1.0 -1.0 -1.0 -1.0 -1.0 1.767 1.589 4.337 623.471 1.063 1249.483 1.0424123387146567 1.0
5.0 4.0 Car -1.0 -1.0 -1.0 -1.0 -1.0 -1.0 -1.0 2.031 1.713 4.725 640.843 0.88 1284.866 -2.1019349247542056 0.0
5.0 3.0 Car -1.0 -1.0 -1.0 -1.0 -1.0 -1.0 -1.0 2.156 1.423 4.752 616.694 0.635 1267.457 -0.6734701984623706 1.0
6.0 0.0 Car -1.0 -1.0 -1.0 -1.0 -1.0 -1.0 -1.0 1.767 1.589 4.337 625.274 1.083 1252.518 1.0389246906093106 1.0
6.0 4.0 Car -1.0 -1.0 -1.0 -1.0 -1.0 -1.0 -1.0 2.031 1.713 4.725 637.951 0.895 1279.865 -2.1019349247542056 0.0
6.0 3.0 Car -1.0 -1.0 -1.0 -1.0 -1.0 -1.0 -1.0 2.156 1.423 4.752 616.678 0.671 1267.464 -0.6734701984623706 1.0
7.0 0.0 Car -1.0 -1.0 -1.0 -1.0 -1.0 -1.0 -1.0 1.767 1.589 4.337 627.131 1.07 1255.631 1.033683116062525 1.0
7.0 4.0 Car -1.0 -1.0 -1.0 -1.0 -1.0 -1.0 -1.0 2.031 1.713 4.725 634.864 0.845 1274.822 -2.1368415097940923 0.0
7.0 3.0 Car -1.0 -1.0 -1.0 -1.0 -1.0 -1.0 -1.0 2.156 1.423 4.752 616.661 0.706 1267.472 -0.6734701984623706 1.0
8.0 0.0 Car -1.0 -1.0 -1.0 -1.0 -1.0 -1.0 -1.0 1.767 1.589 4.337 628.983 1.056 1258.738 1.028452789035836 1.0
8.0 1.0 Car -1.0 -1.0 -1.0 -1.0 -1.0 -1.0 -1.0 2.141 1.929 5.171 680.555 1.353 1351.978 -2.1058444622839385 0.0
8.0 4.0 Car -1.0 -1.0 -1.0 -1.0 -1.0 -1.0 -1.0 2.031 1.713 4.725 631.433 0.92 1269.28 -2.1106660376902595 0.0
8.0 3.0 Car -1.0 -1.0 -1.0 -1.0 -1.0 -1.0 -1.0 2.156 1.423 4.752 616.645 0.741 1267.479 -0.6734701984623706 1.0
9.0 0.0 Car -1.0 -1.0 -1.0 -1.0 -1.0 -1.0 -1.0 1.767 1.589 4.337 630.843 1.043 1261.816 1.0261257362253744 1.0
9.0 1.0 Car -1.0 -1.0 -1.0 -1.0 -1.0 -1.0 -1.0 2.141 1.929 5.171 678.661 1.336 1348.773 -2.1058444622839385 1.0
9.0 4.0 Car -1.0 -1.0 -1.0 -1.0 -1.0 -1.0 -1.0 2.031 1.713 4.725 628.0 0.995 1263.733 -2.119388217274148 0.0
9.0 3.0 Car -1.0 -1.0 -1.0 -1.0 -1.0 -1.0 -1.0 2.156 1.423 4.752 616.657 0.651 1267.495 -0.6734701984623706 1.0
10.0 0.0 Car -1.0 -1.0 -1.0 -1.0 -1.0 -1.0 -1.0 1.767 1.589 4.337 632.7 1.029 1264.891 1.023801222479627 1.0
10.0 1.0 Car -1.0 -1.0 -1.0 -1.0 -1.0 -1.0 -1.0 2.141 1.929 5.171 676.769 1.42 1345.572 -2.1058444622839385 1.0
10.0 4.0 Car -1.0 -1.0 -1.0 -1.0 -1.0 -1.0 -1.0 2.031 1.713 4.725 624.619 1.095 1258.086 -2.110671528201367 0.0
10.0 3.0 Car -1.0 -1.0 -1.0 -1.0 -1.0 -1.0 -1.0 2.156 1.423 4.752 616.685 0.595 1267.455 -0.6734701984623706 1.0
11.0 0.0 Car -1.0 -1.0 -1.0 -1.0 -1.0 -1.0 -1.0 1.767 1.589 4.337 634.562 1.016 1267.973 1.0214713980893673 1.0
11.0 1.0 Car -1.0 -1.0 -1.0 -1.0 -1.0 -1.0 -1.0 2.141 1.929 5.171 674.841 1.303 1342.38 -2.1058444622839385 1.0
11.0 4.0 Car -1.0 -1.0 -1.0 -1.0 -1.0 -1.0 -1.0 2.031 1.713 4.725 621.23 1.195 1252.425 -2.1019349247542056 0.0
11.0 3.0 Car -1.0 -1.0 -1.0 -1.0 -1.0 -1.0 -1.0 2.156 1.423 4.752 616.732 0.688 1267.421 -0.6734701984623706 1.0
12.0 0.0 Car -1.0 -1.0 -1.0 -1.0 -1.0 -1.0 -1.0 1.767 1.589 4.337 636.574 0.992 1271.251 1.0214713980893673 1.0
12.0 1.0 Car -1.0 -1.0 -1.0 -1.0 -1.0 -1.0 -1.0 2.141 1.929 5.171 672.807 1.203 1338.973 -2.114571169646871 1.0
12.0 4.0 Car -1.0 -1.0 -1.0 -1.0 -1.0 -1.0 -1.0 2.031 1.713 4.725 617.947 1.32 1246.719 -2.0932082173912736 0.0
12.0 3.0 Car -1.0 -1.0 -1.0 -1.0 -1.0 -1.0 -1.0 2.156 1.423 4.752 616.778 0.782 1267.388 -0.6734701984623706 1.0
13.0 0.0 Car -1.0 -1.0 -1.0 -1.0 -1.0 -1.0 -1.0 1.767 1.589 4.337 638.587 0.969 1274.528 1.0214713980893673 1.0
13.0 1.0 Car -1.0 -1.0 -1.0 -1.0 -1.0 -1.0 -1.0 2.141 1.929 5.171 670.772 1.103 1335.566 -2.123297754803881 1.0
13.0 4.0 Car -1.0 -1.0 -1.0 -1.0 -1.0 -1.0 -1.0 2.031 1.713 4.725 614.663 1.445 1241.013 -2.0844816322342616 0.0
13.0 3.0 Car -1.0 -1.0 -1.0 -1.0 -1.0 -1.0 -1.0 2.156 1.423 4.752 617.178 0.792 1267.068 -0.6734701984623706 0.0
14.0 0.0 Car -1.0 -1.0 -1.0 -1.0 -1.0 -1.0 -1.0 1.767 1.589 4.337 640.602 0.945 1277.808 1.0214713980893673 1.0
14.0 1.0 Car -1.0 -1.0 -1.0 -1.0 -1.0 -1.0 -1.0 2.141 1.929 5.171 668.623 1.078 1332.036 -2.123297754803881 1.0
14.0 4.0 Car -1.0 -1.0 -1.0 -1.0 -1.0 -1.0 -1.0 2.031 1.713 4.725 611.494 1.537 1235.294 -2.0903101619855975 0.0
14.0 3.0 Car -1.0 -1.0 -1.0 -1.0 -1.0 -1.0 -1.0 2.156 1.423 4.752 617.578 0.802 1266.749 -0.6734701984623706 0.0
15.0 0.0 Car -1.0 -1.0 -1.0 -1.0 -1.0 -1.0 -1.0 1.767 1.589 4.337 642.61 0.922 1281.078 1.0214713980893673 0.0
15.0 1.0 Car -1.0 -1.0 -1.0 -1.0 -1.0 -1.0 -1.0 2.141 1.929 5.171 666.481 1.053 1328.517 -2.123297754803881 0.0
15.0 4.0 Car -1.0 -1.0 -1.0 -1.0 -1.0 -1.0 -1.0 2.031 1.713 4.725 608.334 1.629 1229.595 -2.096119462776263 0.0
15.0 3.0 Car -1.0 -1.0 -1.0 -1.0 -1.0 -1.0 -1.0 2.156 1.423 4.752 618.214 0.812 1266.277 -0.6734701984623706 0.0
16.0 0.0 Car -1.0 -1.0 -1.0 -1.0 -1.0 -1.0 -1.0 1.767 1.589 4.337 644.621 0.898 1284.352 1.0214713980893673 0.0
16.0 1.0 Car -1.0 -1.0 -1.0 -1.0 -1.0 -1.0 -1.0 2.141 1.929 5.171 664.307 1.003 1325.014 -2.123297754803881 0.0
16.0 4.0 Car -1.0 -1.0 -1.0 -1.0 -1.0 -1.0 -1.0 2.031 1.713 4.725 605.172 1.72 1223.889 -2.1019349247542056 0.0
16.0 3.0 Car -1.0 -1.0 -1.0 -1.0 -1.0 -1.0 -1.0 2.156 1.423 4.752 618.812 0.853 1265.746 -0.6593038794522625 0.0
17.0 0.0 Car -1.0 -1.0 -1.0 -1.0 -1.0 -1.0 -1.0 1.767 1.589 4.337 646.625 0.921 1287.75 1.0281902175778443 0.0
17.0 2.0 Car -1.0 -1.0 -1.0 -1.0 -1.0 -1.0 -1.0 1.936 1.727 4.842 682.379 0.781 1360.894 -1.5813381154734387 0.0
17.0 1.0 Car -1.0 -1.0 -1.0 -1.0 -1.0 -1.0 -1.0 2.141 1.929 5.171 662.127 0.953 1321.502 -2.123297754803881 0.0
17.0 3.0 Car -1.0 -1.0 -1.0 -1.0 -1.0 -1.0 -1.0 2.156 1.423 4.752 619.451 0.895 1265.266 -0.6625587364805123 0.0
18.0 0.0 Car -1.0 -1.0 -1.0 -1.0 -1.0 -1.0 -1.0 1.767 1.589 4.337 649.297 0.947 1292.269 1.036237474288063 1.0
18.0 2.0 Car -1.0 -1.0 -1.0 -1.0 -1.0 -1.0 -1.0 1.936 1.727 4.842 682.49 0.748 1360.059 -1.7558710406728697 1.0
18.0 1.0 Car -1.0 -1.0 -1.0 -1.0 -1.0 -1.0 -1.0 2.141 1.929 5.171 659.616 0.953 1317.309 -2.1058444622839385 0.0
18.0 3.0 Car -1.0 -1.0 -1.0 -1.0 -1.0 -1.0 -1.0 2.156 1.423 4.752 620.068 0.944 1264.777 -0.6734701984623706 0.0
19.0 0.0 Car -1.0 -1.0 -1.0 -1.0 -1.0 -1.0 -1.0 1.767 1.589 4.337 651.404 0.969 1295.883 1.0429566428423909 1.0
19.0 2.0 Car -1.0 -1.0 -1.0 -1.0 -1.0 -1.0 -1.0 1.936 1.727 4.842 682.24 0.72 1358.447 -1.8694261792202307 1.0
19.0 1.0 Car -1.0 -1.0 -1.0 -1.0 -1.0 -1.0 -1.0 2.141 1.929 5.171 657.627 0.953 1313.815 -2.1058444622839385 0.0
19.0 3.0 Car -1.0 -1.0 -1.0 -1.0 -1.0 -1.0 -1.0 2.156 1.423 4.752 620.343 0.986 1264.553 -0.6734701984623706 0.0
20.0 0.0 Car -1.0 -1.0 -1.0 -1.0 -1.0 -1.0 -1.0 1.767 1.589 4.337 653.509 0.992 1299.493 1.049667004196801 1.0
20.0 2.0 Car -1.0 -1.0 -1.0 -1.0 -1.0 -1.0 -1.0 1.936 1.727 4.842 680.869 0.693 1354.819 -2.000217135952073 1.0
20.0 1.0 Car -1.0 -1.0 -1.0 -1.0 -1.0 -1.0 -1.0 2.141 1.929 5.171 655.577 0.986 1310.239 -2.094209764181317 0.0
20.0 3.0 Car -1.0 -1.0 -1.0 -1.0 -1.0 -1.0 -1.0 2.156 1.423 4.752 620.617 1.027 1264.33 -0.6734701984623706 0.0
21.0 0.0 Car -1.0 -1.0 -1.0 -1.0 -1.0 -1.0 -1.0 1.767 1.589 4.337 655.614 1.014 1303.103 1.056377983129254 1.0
21.0 2.0 Car -1.0 -1.0 -1.0 -1.0 -1.0 -1.0 -1.0 1.936 1.727 4.842 679.475 0.791 1351.971 -2.0438499744519 1.0
21.0 1.0 Car -1.0 -1.0 -1.0 -1.0 -1.0 -1.0 -1.0 2.141 1.929 5.171 653.526 1.02 1306.662 -2.0825739952967037 0.0
21.0 3.0 Car -1.0 -1.0 -1.0 -1.0 -1.0 -1.0 -1.0 2.156 1.423 4.752 620.89 1.068 1264.107 -0.6734701984623706 0.0
22.0 0.0 Car -1.0 -1.0 -1.0 -1.0 -1.0 -1.0 -1.0 1.767 1.589 4.337 657.443 1.017 1306.306 1.056377983129254 1.0
22.0 2.0 Car -1.0 -1.0 -1.0 -1.0 -1.0 -1.0 -1.0 1.936 1.727 4.842 678.006 0.788 1349.159 -2.0700303060318452 1.0
22.0 1.0 Car -1.0 -1.0 -1.0 -1.0 -1.0 -1.0 -1.0 2.141 1.929 5.171 651.476 1.053 1303.085 -2.0709378772440523 0.0
22.0 3.0 Car -1.0 -1.0 -1.0 -1.0 -1.0 -1.0 -1.0 2.156 1.423 4.752 621.019 1.11 1264.008 -0.6734701984623706 0.0
23.0 0.0 Car -1.0 -1.0 -1.0 -1.0 -1.0 -1.0 -1.0 1.767 1.589 4.337 659.272 1.019 1309.509 1.056377983129254 1.0
23.0 2.0 Car -1.0 -1.0 -1.0 -1.0 -1.0 -1.0 -1.0 1.936 1.727 4.842 676.166 0.762 1345.878 -2.07833974747582 1.0
23.0 1.0 Car -1.0 -1.0 -1.0 -1.0 -1.0 -1.0 -1.0 2.141 1.929 5.171 649.415 1.102 1299.395 -2.0765674285554234 0.0
23.0 3.0 Car -1.0 -1.0 -1.0 -1.0 -1.0 -1.0 -1.0 2.156 1.423 4.752 621.147 1.151 1263.91 -0.6734701984623706 0.0
24.0 0.0 Car -1.0 -1.0 -1.0 -1.0 -1.0 -1.0 -1.0 1.767 1.589 4.337 661.284 1.022 1313.033 1.056377983129254 1.0
24.0 2.0 Car -1.0 -1.0 -1.0 -1.0 -1.0 -1.0 -1.0 1.936 1.727 4.842 674.141 0.733 1342.267 -2.0874835985517883 1.0
24.0 1.0 Car -1.0 -1.0 -1.0 -1.0 -1.0 -1.0 -1.0 2.141 1.929 5.171 647.146 1.157 1295.335 -2.0827622828260473 0.0
24.0 3.0 Car -1.0 -1.0 -1.0 -1.0 -1.0 -1.0 -1.0 2.156 1.423 4.752 621.289 1.197 1263.801 -0.6734701984623706 0.0
25.0 0.0 Car -1.0 -1.0 -1.0 -1.0 -1.0 -1.0 -1.0 1.767 1.589 4.337 663.125 1.025 1316.257 1.056377983129254 1.0
25.0 2.0 Car -1.0 -1.0 -1.0 -1.0 -1.0 -1.0 -1.0 1.936 1.727 4.842 672.156 0.733 1338.758 -2.0874835985517883 1.0
25.0 1.0 Car -1.0 -1.0 -1.0 -1.0 -1.0 -1.0 -1.0 2.141 1.929 5.171 645.085 1.206 1291.646 -2.0883911697639945 0.0
26.0 0.0 Car -1.0 -1.0 -1.0 -1.0 -1.0 -1.0 -1.0 1.767 1.589 4.337 664.97 1.028 1319.488 1.056377983129254 1.0
26.0 2.0 Car -1.0 -1.0 -1.0 -1.0 -1.0 -1.0 -1.0 1.936 1.727 4.842 669.732 0.808 1334.509 -2.0874835985517883 1.0
26.0 1.0 Car -1.0 -1.0 -1.0 -1.0 -1.0 -1.0 -1.0 2.141 1.929 5.171 642.977 1.289 1287.972 -2.0883911697639945 0.0
27.0 0.0 Car -1.0 -1.0 -1.0 -1.0 -1.0 -1.0 -1.0 1.767 1.589 4.337 666.474 1.04 1322.145 1.056377983129254 0.0
27.0 2.0 Car -1.0 -1.0 -1.0 -1.0 -1.0 -1.0 -1.0 1.936 1.727 4.842 667.313 0.883 1330.269 -2.0874835985517883 0.0
28.0 0.0 Car -1.0 -1.0 -1.0 -1.0 -1.0 -1.0 -1.0 1.767 1.589 4.337 667.98 1.053 1324.805 1.056377983129254 0.0
28.0 2.0 Car -1.0 -1.0 -1.0 -1.0 -1.0 -1.0 -1.0 1.936 1.727 4.842 664.829 0.958 1325.902 -2.0874835985517883 0.0
29.0 0.0 Car -1.0 -1.0 -1.0 -1.0 -1.0 -1.0 -1.0 1.767 1.589 4.337 669.27 1.066 1327.021 1.056377983129254 0.0
29.0 2.0 Car -1.0 -1.0 -1.0 -1.0 -1.0 -1.0 -1.0 1.936 1.727 4.842 662.348 1.033 1321.539 -2.0874835985517883 0.0
30.0 0.0 Car -1.0 -1.0 -1.0 -1.0 -1.0 -1.0 -1.0 1.767 1.589 4.337 670.433 1.077 1329.019 1.056377983129254 0.0
30.0 2.0 Car -1.0 -1.0 -1.0 -1.0 -1.0 -1.0 -1.0 1.936 1.727 4.842 660.111 1.101 1317.606 -2.0874835985517883 0.0
31.0 0.0 Car -1.0 -1.0 -1.0 -1.0 -1.0 -1.0 -1.0 1.767 1.589 4.337 671.575 1.059 1331.036 1.056377983129254 0.0
31.0 2.0 Car -1.0 -1.0 -1.0 -1.0 -1.0 -1.0 -1.0 1.936 1.727 4.842 657.423 1.176 1312.927 -2.0874835985517883 0.0
32.0 0.0 Car -1.0 -1.0 -1.0 -1.0 -1.0 -1.0 -1.0 1.767 1.589 4.337 672.649 1.042 1332.934 1.056377983129254 0.0
32.0 2.0 Car -1.0 -1.0 -1.0 -1.0 -1.0 -1.0 -1.0 1.936 1.727 4.842 654.709 1.251 1308.269 -2.0962198571184847 0.0
33.0 0.0 Car -1.0 -1.0 -1.0 -1.0 -1.0 -1.0 -1.0 1.767 1.589 4.337 673.722 1.025 1334.827 1.056377983129254 0.0
33.0 2.0 Car -1.0 -1.0 -1.0 -1.0 -1.0 -1.0 -1.0 1.936 1.727 4.842 652.0 1.325 1303.621 -2.104936891071732 0.0
34.0 0.0 Car -1.0 -1.0 -1.0 -1.0 -1.0 -1.0 -1.0 1.767 1.589 4.337 674.559 1.007 1336.306 1.056377983129254 0.0
34.0 2.0 Car -1.0 -1.0 -1.0 -1.0 -1.0 -1.0 -1.0 1.936 1.727 4.842 649.164 1.4 1298.816 -2.104936891071732 0.0
35.0 0.0 Car -1.0 -1.0 -1.0 -1.0 -1.0 -1.0 -1.0 1.767 1.589 4.337 675.4 0.99 1337.789 1.056377983129254 0.0
35.0 2.0 Car -1.0 -1.0 -1.0 -1.0 -1.0 -1.0 -1.0 1.936 1.727 4.842 646.41 1.475 1294.272 -2.1084296603266295 0.0
36.0 0.0 Car -1.0 -1.0 -1.0 -1.0 -1.0 -1.0 -1.0 1.767 1.589 4.337 675.858 0.99 1338.63 1.0607449538587677 0.0
36.0 2.0 Car -1.0 -1.0 -1.0 -1.0 -1.0 -1.0 -1.0 1.936 1.727 4.842 643.656 1.55 1289.728 -2.1119227087813823 0.0
37.0 0.0 Car -1.0 -1.0 -1.0 -1.0 -1.0 -1.0 -1.0 1.767 1.589 4.337 676.316 0.991 1339.469 1.0651022994632113 0.0
37.0 2.0 Car -1.0 -1.0 -1.0 -1.0 -1.0 -1.0 -1.0 1.936 1.727 4.842 640.908 1.625 1285.193 -2.1154080583001154 0.0
38.0 0.0 Car -1.0 -1.0 -1.0 -1.0 -1.0 -1.0 -1.0 1.767 1.589 4.337 676.514 0.991 1339.839 1.069464322372313 0.0
38.0 2.0 Car -1.0 -1.0 -1.0 -1.0 -1.0 -1.0 -1.0 1.936 1.727 4.842 638.156 1.7 1280.654 -2.1188971490969144 0.0
