0.0 1.0 Car -1.0 -1.0 -1.0 -1.0 -1.0 -1.0 -1.0 1.619 1.417 4.746 1238.779 2.16 1000.551 -2.260375914258429 0.0
0.0 0.0 Car -1.0 -1.0 -1.0 -1.0 -1.0 -1.0 -1.0 1.993 1.835 4.382 1220.03 1.746 963.418 0.8629780486760796 0.0
0.0 5.0 Car -1.0 -1.0 -1.0 -1.0 -1.0 -1.0 -1.0 2.043 1.762 4.73 1204.196 1.432 956.09 -2.274827240438624 0.0
0.0 2.0 Car -1.0 -1.0 -1.0 -1.0 -1.0 -1.0 -1.0 2.032 1.942 5.04 1177.596 0.731 910.094 0.8626286263264982 0.0
0.0 6.0 Car -1.0 -1.0 -1.0 -1.0 -1.0 -1.0 -1.0 1.854 1.877 4.699 1232.836 2.122 988.393 -2.274827240438624 0.0
1.0 1.0 Car -1.0 -1.0 -1.0 -1.0 -1.0 -1.0 -1.0 1.619 1.417 4.746 1236.889 2.11 998.378 -2.260375914258429 1.0
1.0 0.0 Car -1.0 -1.0 -1.0 -1.0 -1.0 -1.0 -1.0 1.993 1.835 4.382 1223.196 1.704 967.013 0.880431341196023 1.0
1.0 5.0 Car -1.0 -1.0 -1.0 -1.0 -1.0 -1.0 -1.0 2.043 1.762 4.73 1200.658 1.332 951.636 -2.274827240438624 1.0
1.0 2.0 Car -1.0 -1.0 -1.0 -1.0 -1.0 -1.0 -1.0 2.032 1.942 5.04 1179.944 0.728 912.693 0.8626286263264982 1.0
1.0 6.0 Car -1.0 -1.0 -1.0 -1.0 -1.0 -1.0 -1.0 1.854 1.877 4.699 1229.927 1.964 985.048 -2.274827240438624 1.0
2.0 1.0 Car -1.0 -1.0 -1.0 -1.0 -1.0 -1.0 -1.0 1.619 1.417 4.746 1234.435 1.86 995.522 -2.260375914258429 1.0
2.0 0.0 Car -1.0 -1.0 -1.0 -1.0 -1.0 -1.0 -1.0 1.993 1.835 4.382 1226.816 1.718 971.173 0.874615391950969 1.0
2.0 5.0 Car -1.0 -1.0 -1.0 -1.0 -1.0 -1.0 -1.0 2.043 1.762 4.73 1197.121 1.232 947.181 -2.274827240438624 1.0
2.0 2.0 Car -1.0 -1.0 -1.0 -1.0 -1.0 -1.0 -1.0 2.032 1.942 5.04 1182.293 0.726 915.293 0.8626286263264982 1.0
2.0 6.0 Car -1.0 -1.0 -1.0 -1.0 -1.0 -1.0 -1.0 1.854 1.877 4.699 1227.018 1.805 981.702 -2.274827240438624 1.0
3.0 1.0 Car -1.0 -1.0 -1.0 -1.0 -1.0 -1.0 -1.0 1.619 1.417 4.746 1231.979 1.61 992.663 -2.260375914258429 1.0
3.0 3.0 Car -1.0 -1.0 -1.0 -1.0 -1.0 -1.0 -1.0 1.963 1.78 4.171 1273.325 2.787 1023.725 0.7541727086317883 0.0
3.0 0.0 Car -1.0 -1.0 -1.0 -1.0 -1.0 -1.0 -1.0 1.993 1.835 4.382 1230.439 1.732 975.336 0.8687937070672457 1.0
3.0 5.0 Car -1.0 -1.0 -1.0 -1.0 -1.0 -1.0 -1.0 2.043 1.762 4.73 1193.754 1.099 943.13 -2.274827240438624 0.0
3.0 2.0 Car -1.0 -1.0 -1.0 -1.0 -1.0 -1.0 -1.0 2.032 1.942 5.04 1184.644 0.723 917.895 0.8626286263264982 1.0
3.0 6.0 Car -1.0 -1.0 -1.0 -1.0 -1.0 -1.0 -1.0 1.854 1.877 4.699 1224.106 1.647 978.353 -2.274827240438624 1.0
4.0 1.0 Car -1.0 -1.0 -1.0 -1.0 -1.0 -1.0 -1.0 1.619 1.417 4.746 1229.525 1.36 989.807 -2.260375914258429 1.0
4.0 3.0 Car -1.0 -1.0 -1.0 -1.0 -1.0 -1.0 -1.0 1.963 1.78 4.171 1273.325 2.787 1023.725 0.7541727086317883 1.0
4.0 0.0 Car -1.0 -1.0 -1.0 -1.0 -1.0 -1.0 -1.0 1.993 1.835 4.382 1234.059 1.745 979.496 0.8629780486760796 1.0
4.0 5.0 Car -1.0 -1.0 -1.0 -1.0 -1.0 -1.0 -1.0 2.043 1.762 4.73 1190.391 0.965 939.082 -2.274827240438624 0.0
4.0 2.0 Car -1.0 -1.0 -1.0 -1.0 -1.0 -1.0 -1.0 2.032 1.942 5.04 1186.993 0.72 920.495 0.8626286263264982 1.0
4.0 6.0 Car -1.0 -1.0 -1.0 -1.0 -1.0 -1.0 -1.0 1.854 1.877 4.699 1221.197 1.572 975.007 -2.274827240438624 1.0
5.0 1.0 Car -1.0 -1.0 -1.0 -1.0 -1.0 -1.0 -1.0 1.619 1.417 4.746 1227.071 1.11 986.951 -2.260375914258429 1.0
5.0 3.0 Car -1.0 -1.0 -1.0 -1.0 -1.0 -1.0 -1.0 1.963 1.78 4.171 1273.325 2.787 1023.725 0.7541727086317883 0.0
5.0 0.0 Car -1.0 -1.0 -1.0 -1.0 -1.0 -1.0 -1.0 1.993 1.835 4.382 1237.381 1.775 983.283 0.8673389378262928 1.0
5.0 5.0 Car -1.0 -1.0 -1.0 -1.0 -1.0 -1.0 -1.0 2.043 1.762 4.73 1186.775 0.832 934.737 -2.274827240438624 0.0
5.0 2.0 Car -1.0 -1.0 -1.0 -1.0 -1.0 -1.0 -1.0 2.032 1.942 5.04 1189.138 0.726 922.922 0.8587501463521305 1.0
5.0 6.0 Car -1.0 -1.0 -1.0 -1.0 -1.0 -1.0 -1.0 1.854 1.877 4.699 1218.288 1.497 971.662 -2.274827240438624 1.0
6.0 1.0 Car -1.0 -1.0 -1.0 -1.0 -1.0 -1.0 -1.0 1.619 1.417 4.746 1225.763 1.21 984.896 -2.3402559315070093 1.0
6.0 3.0 Car -1.0 -1.0 -1.0 -1.0 -1.0 -1.0 -1.0 1.963 1.78 4.171 1273.412 2.748 1023.735 0.794867425216546 0.0
6.0 0.0 Car -1.0 -1.0 -1.0 -1.0 -1.0 -1.0 -1.0 1.993 1.835 4.382 1240.703 1.806 987.071 0.8716998967680405 1.0
6.0 5.0 Car -1.0 -1.0 -1.0 -1.0 -1.0 -1.0 -1.0 2.043 1.762 4.73 1183.338 0.707 930.603 -2.274827240438624 0.0
6.0 2.0 Car -1.0 -1.0 -1.0 -1.0 -1.0 -1.0 -1.0 2.032 1.942 5.04 1191.283 0.732 925.349 0.8548716043066897 1.0
6.0 6.0 Car -1.0 -1.0 -1.0 -1.0 -1.0 -1.0 -1.0 1.854 1.877 4.699 1215.379 1.422 968.316 -2.274827240438624 1.0
7.0 1.0 Car -1.0 -1.0 -1.0 -1.0 -1.0 -1.0 -1.0 1.619 1.417 4.746 1224.293 1.309 982.95 -2.420222398990706 1.0
7.0 3.0 Car -1.0 -1.0 -1.0 -1.0 -1.0 -1.0 -1.0 1.963 1.78 4.171 1273.498 2.71 1023.749 0.8356061837023692 0.0
7.0 0.0 Car -1.0 -1.0 -1.0 -1.0 -1.0 -1.0 -1.0 1.993 1.835 4.382 1244.029 1.836 990.863 0.8760655753623223 0.0
7.0 5.0 Car -1.0 -1.0 -1.0 -1.0 -1.0 -1.0 -1.0 2.043 1.762 4.73 1179.898 0.582 926.465 -2.274827240438624 0.0
7.0 2.0 Car -1.0 -1.0 -1.0 -1.0 -1.0 -1.0 -1.0 2.032 1.942 5.04 1193.431 0.738 927.779 0.8509888647049227 1.0
7.0 6.0 Car -1.0 -1.0 -1.0 -1.0 -1.0 -1.0 -1.0 1.854 1.877 4.699 1212.197 1.305 964.619 -2.274827240438624 1.0
8.0 1.0 Car -1.0 -1.0 -1.0 -1.0 -1.0 -1.0 -1.0 1.619 1.417 4.746 1223.066 1.229 981.837 -2.397985350279191 1.0
8.0 3.0 Car -1.0 -1.0 -1.0 -1.0 -1.0 -1.0 -1.0 1.963 1.78 4.171 1273.583 2.671 1023.766 0.8763457562713917 0.0
8.0 0.0 Car -1.0 -1.0 -1.0 -1.0 -1.0 -1.0 -1.0 1.993 1.835 4.382 1247.355 1.866 994.655 0.880431341196023 0.0
8.0 5.0 Car -1.0 -1.0 -1.0 -1.0 -1.0 -1.0 -1.0 2.043 1.762 4.73 1176.594 0.549 922.402 -2.274827240438624 0.0
8.0 2.0 Car -1.0 -1.0 -1.0 -1.0 -1.0 -1.0 -1.0 2.032 1.942 5.04 1195.274 0.722 929.895 0.8393488704858227 1.0
8.0 6.0 Car -1.0 -1.0 -1.0 -1.0 -1.0 -1.0 -1.0 1.854 1.877 4.699 1209.015 1.189 960.922 -2.274827240438624 1.0
8.0 4.0 Truck -1.0 -1.0 -1.0 -1.0 -1.0 -1.0 -1.0 2.557 4.065 6.068 1273.649 3.471 1018.536 0.8274955049929998 0.0
9.0 1.0 Car -1.0 -1.0 -1.0 -1.0 -1.0 -1.0 -1.0 1.619 1.417 4.746 1221.84 1.149 980.724 -2.375773452025918 1.0
9.0 3.0 Car -1.0 -1.0 -1.0 -1.0 -1.0 -1.0 -1.0 1.963 1.78 4.171 1273.706 2.582 1023.904 0.8763457562713917 0.0
9.0 0.0 Car -1.0 -1.0 -1.0 -1.0 -1.0 -1.0 -1.0 1.993 1.835 4.382 1250.596 1.909 998.513 0.8704419874034419 0.0
9.0 5.0 Car -1.0 -1.0 -1.0 -1.0 -1.0 -1.0 -1.0 2.043 1.762 4.73 1173.293 0.515 918.345 -2.274827240438624 0.0
9.0 2.0 Car -1.0 -1.0 -1.0 -1.0 -1.0 -1.0 -1.0 2.032 1.942 5.04 1197.115 0.706 932.008 0.8277220412866115 1.0
9.0 6.0 Car -1.0 -1.0 -1.0 -1.0 -1.0 -1.0 -1.0 1.854 1.877 4.699 1205.836 1.072 957.229 -2.274827240438624 1.0
9.0 4.0 Truck -1.0 -1.0 -1.0 -1.0 -1.0 -1.0 -1.0 2.557 4.065 6.068 1273.651 3.424 1018.567 0.8294537972176268 1.0
10.0 1.0 Car -1.0 -1.0 -1.0 -1.0 -1.0 -1.0 -1.0 1.619 1.417 4.746 1220.614 1.069 979.61 -2.3535364921852797 1.0
10.0 3.0 Car -1.0 -1.0 -1.0 -1.0 -1.0 -1.0 -1.0 1.963 1.78 4.171 1274.27 2.493 1024.571 0.8763457562713917 0.0
10.0 0.0 Car -1.0 -1.0 -1.0 -1.0 -1.0 -1.0 -1.0 1.993 1.835 4.382 1252.892 1.936 1001.188 0.8855848728834146 0.0
10.0 5.0 Car -1.0 -1.0 -1.0 -1.0 -1.0 -1.0 -1.0 2.043 1.762 4.73 1169.989 0.482 914.282 -2.274827240438624 0.0
10.0 2.0 Car -1.0 -1.0 -1.0 -1.0 -1.0 -1.0 -1.0 2.032 1.942 5.04 1198.869 0.721 933.983 0.8364510597852561 1.0
10.0 6.0 Car -1.0 -1.0 -1.0 -1.0 -1.0 -1.0 -1.0 1.854 1.877 4.699 1202.524 1.005 953.345 -2.274827240438624 0.0
10.0 4.0 Truck -1.0 -1.0 -1.0 -1.0 -1.0 -1.0 -1.0 2.557 4.065 6.068 1273.621 3.417 1018.626 0.8314142989747804 0.0
11.0 1.0 Car -1.0 -1.0 -1.0 -1.0 -1.0 -1.0 -1.0 1.619 1.417 4.746 1219.388 0.989 978.495 -2.3312990435548167 1.0
11.0 3.0 Car -1.0 -1.0 -1.0 -1.0 -1.0 -1.0 -1.0 1.963 1.78 4.171 1274.834 2.355 1025.239 0.8763457562713917 0.0
11.0 0.0 Car -1.0 -1.0 -1.0 -1.0 -1.0 -1.0 -1.0 1.993 1.835 4.382 1255.211 1.963 1003.845 0.883274415058469 0.0
11.0 5.0 Car -1.0 -1.0 -1.0 -1.0 -1.0 -1.0 -1.0 2.043 1.762 4.73 1166.636 0.447 910.122 -2.274827240438624 0.0
11.0 2.0 Car -1.0 -1.0 -1.0 -1.0 -1.0 -1.0 -1.0 2.032 1.942 5.04 1200.623 0.735 935.958 0.8451802701561464 1.0
11.0 6.0 Car -1.0 -1.0 -1.0 -1.0 -1.0 -1.0 -1.0 1.854 1.877 4.699 1199.211 0.939 949.461 -2.274827240438624 0.0
11.0 4.0 Truck -1.0 -1.0 -1.0 -1.0 -1.0 -1.0 -1.0 2.557 4.065 6.068 1273.592 3.41 1018.686 0.8333748438256537 0.0
12.0 1.0 Car -1.0 -1.0 -1.0 -1.0 -1.0 -1.0 -1.0 1.619 1.417 4.746 1218.163 0.909 977.382 -2.3090859455447017 1.0
12.0 3.0 Car -1.0 -1.0 -1.0 -1.0 -1.0 -1.0 -1.0 1.963 1.78 4.171 1275.951 2.416 1026.565 0.8821594267691911 0.0
12.0 0.0 Car -1.0 -1.0 -1.0 -1.0 -1.0 -1.0 -1.0 1.993 1.835 4.382 1257.527 1.989 1006.499 0.880966487248646 0.0
12.0 5.0 Car -1.0 -1.0 -1.0 -1.0 -1.0 -1.0 -1.0 2.043 1.762 4.73 1163.288 0.412 905.966 -2.274827240438624 0.0
12.0 2.0 Car -1.0 -1.0 -1.0 -1.0 -1.0 -1.0 -1.0 2.032 1.942 5.04 1202.375 0.75 937.931 0.8538999218006191 1.0
12.0 6.0 Car -1.0 -1.0 -1.0 -1.0 -1.0 -1.0 -1.0 1.854 1.877 4.699 1195.903 0.872 945.581 -2.274827240438624 0.0
12.0 4.0 Truck -1.0 -1.0 -1.0 -1.0 -1.0 -1.0 -1.0 2.557 4.065 6.068 1273.563 3.404 1018.745 0.8353332418257738 0.0
13.0 1.0 Car -1.0 -1.0 -1.0 -1.0 -1.0 -1.0 -1.0 1.619 1.417 4.746 1216.954 0.876 975.997 -2.2980720301458506 0.0
13.0 3.0 Car -1.0 -1.0 -1.0 -1.0 -1.0 -1.0 -1.0 1.963 1.78 4.171 1277.07 2.477 1027.892 0.8879791331124232 0.0
13.0 0.0 Car -1.0 -1.0 -1.0 -1.0 -1.0 -1.0 -1.0 1.993 1.835 4.382 1259.828 2.046 1009.17 0.8740605573554323 0.0
13.0 5.0 Car -1.0 -1.0 -1.0 -1.0 -1.0 -1.0 -1.0 2.043 1.762 4.73 1160.059 0.226 902.001 -2.274827240438624 0.0
13.0 2.0 Car -1.0 -1.0 -1.0 -1.0 -1.0 -1.0 -1.0 2.032 1.942 5.04 1204.129 0.765 939.906 0.8626286263264982 1.0
13.0 6.0 Car -1.0 -1.0 -1.0 -1.0 -1.0 -1.0 -1.0 1.854 1.877 4.699 1192.578 0.747 941.666 -2.274827240438624 0.0
13.0 4.0 Truck -1.0 -1.0 -1.0 -1.0 -1.0 -1.0 -1.0 2.557 4.065 6.068 1273.983 3.397 1019.022 0.837293673065932 0.0
14.0 1.0 Car -1.0 -1.0 -1.0 -1.0 -1.0 -1.0 -1.0 1.619 1.417 4.746 1215.746 0.843 974.612 -2.2870577185748675 0.0
14.0 3.0 Car -1.0 -1.0 -1.0 -1.0 -1.0 -1.0 -1.0 1.963 1.78 4.171 1278.188 2.538 1029.219 0.893799048791335 0.0
14.0 0.0 Car -1.0 -1.0 -1.0 -1.0 -1.0 -1.0 -1.0 1.993 1.835 4.382 1262.128 2.103 1011.841 0.8671543790549202 0.0
14.0 5.0 Car -1.0 -1.0 -1.0 -1.0 -1.0 -1.0 -1.0 2.043 1.762 4.73 1156.829 0.041 898.035 -2.274827240438624 0.0
14.0 2.0 Car -1.0 -1.0 -1.0 -1.0 -1.0 -1.0 -1.0 2.032 1.942 5.04 1205.88 0.779 941.883 0.8626286263264982 1.0
14.0 6.0 Car -1.0 -1.0 -1.0 -1.0 -1.0 -1.0 -1.0 1.854 1.877 4.699 1189.253 0.622 937.75 -2.274827240438624 0.0
14.0 4.0 Truck -1.0 -1.0 -1.0 -1.0 -1.0 -1.0 -1.0 2.557 4.065 6.068 1274.218 3.39 1019.466 0.8392541748230857 0.0
15.0 1.0 Car -1.0 -1.0 -1.0 -1.0 -1.0 -1.0 -1.0 1.619 1.417 4.746 1214.539 0.809 973.23 -2.2760563266172835 0.0
15.0 3.0 Car -1.0 -1.0 -1.0 -1.0 -1.0 -1.0 -1.0 1.963 1.78 4.171 1279.989 2.649 1031.455 0.8841018719760528 0.0
15.0 0.0 Car -1.0 -1.0 -1.0 -1.0 -1.0 -1.0 -1.0 1.993 1.835 4.382 1264.425 2.159 1014.509 0.8602563015924072 0.0
15.0 2.0 Car -1.0 -1.0 -1.0 -1.0 -1.0 -1.0 -1.0 2.032 1.942 5.04 1207.629 0.793 943.858 0.8626286263264982 1.0
15.0 6.0 Car -1.0 -1.0 -1.0 -1.0 -1.0 -1.0 -1.0 1.854 1.877 4.699 1185.897 0.596 933.825 -2.274827240438624 0.0
15.0 4.0 Truck -1.0 -1.0 -1.0 -1.0 -1.0 -1.0 -1.0 2.557 4.065 6.068 1274.452 3.384 1019.91 0.8412123769426627 0.0
16.0 1.0 Car -1.0 -1.0 -1.0 -1.0 -1.0 -1.0 -1.0 1.619 1.417 4.746 1213.619 0.778 971.983 -2.2388173502586444 0.0
16.0 3.0 Car -1.0 -1.0 -1.0 -1.0 -1.0 -1.0 -1.0 1.963 1.78 4.171 1281.428 2.738 1033.243 0.8763457562713917 0.0
16.0 0.0 Car -1.0 -1.0 -1.0 -1.0 -1.0 -1.0 -1.0 1.993 1.835 4.382 1266.263 2.205 1016.643 0.8547389960963737 0.0
16.0 2.0 Car -1.0 -1.0 -1.0 -1.0 -1.0 -1.0 -1.0 2.032 1.942 5.04 1209.028 0.805 945.437 0.8626286263264982 1.0
16.0 6.0 Car -1.0 -1.0 -1.0 -1.0 -1.0 -1.0 -1.0 1.854 1.877 4.699 1183.212 0.575 930.685 -2.274827240438624 0.0
16.0 4.0 Truck -1.0 -1.0 -1.0 -1.0 -1.0 -1.0 -1.0 2.557 4.065 6.068 1274.721 3.461 1020.352 0.8372909095664129 0.0
17.0 1.0 Car -1.0 -1.0 -1.0 -1.0 -1.0 -1.0 -1.0 1.619 1.417 4.746 1212.536 0.738 970.38 -2.1923063770824833 0.0
17.0 0.0 Car -1.0 -1.0 -1.0 -1.0 -1.0 -1.0 -1.0 1.993 1.835 4.382 1268.619 2.248 1019.261 0.8524336537034644 0.0
17.0 2.0 Car -1.0 -1.0 -1.0 -1.0 -1.0 -1.0 -1.0 2.032 1.942 5.04 1210.696 0.812 947.383 0.8492141144064131 1.0
17.0 6.0 Car -1.0 -1.0 -1.0 -1.0 -1.0 -1.0 -1.0 1.854 1.877 4.699 1179.86 0.548 926.763 -2.274827240438624 0.0
17.0 4.0 Truck -1.0 -1.0 -1.0 -1.0 -1.0 -1.0 -1.0 2.557 4.065 6.068 1275.335 3.221 1020.652 0.8323930503397956 0.0
18.0 1.0 Car -1.0 -1.0 -1.0 -1.0 -1.0 -1.0 -1.0 1.619 1.417 4.746 1211.529 0.699 968.728 -2.145798384566922 0.0
18.0 0.0 Car -1.0 -1.0 -1.0 -1.0 -1.0 -1.0 -1.0 1.993 1.835 4.382 1270.976 2.292 1021.879 0.8501284590486647 0.0
18.0 2.0 Car -1.0 -1.0 -1.0 -1.0 -1.0 -1.0 -1.0 2.032 1.942 5.04 1212.415 0.82 949.283 0.8358004621567335 1.0
18.0 6.0 Car -1.0 -1.0 -1.0 -1.0 -1.0 -1.0 -1.0 1.854 1.877 4.699 1176.507 0.522 922.841 -2.274827240438624 0.0
18.0 4.0 Truck -1.0 -1.0 -1.0 -1.0 -1.0 -1.0 -1.0 2.557 4.065 6.068 1277.503 3.151 1022.979 0.8249457590915957 0.0
19.0 1.0 Car -1.0 -1.0 -1.0 -1.0 -1.0 -1.0 -1.0 1.619 1.417 4.746 1210.599 0.659 967.03 -2.0992353429758945 0.0
19.0 2.0 Car -1.0 -1.0 -1.0 -1.0 -1.0 -1.0 -1.0 2.032 1.942 5.04 1214.137 0.827 951.185 0.8223709328692582 1.0
19.0 6.0 Car -1.0 -1.0 -1.0 -1.0 -1.0 -1.0 -1.0 1.854 1.877 4.699 1173.136 0.522 918.972 -2.274827240438624 0.0
19.0 4.0 Truck -1.0 -1.0 -1.0 -1.0 -1.0 -1.0 -1.0 2.557 4.065 6.068 1279.055 3.006 1024.543 0.8262213733298412 0.0
20.0 1.0 Car -1.0 -1.0 -1.0 -1.0 -1.0 -1.0 -1.0 1.619 1.417 4.746 1209.695 0.609 965.292 -2.0817919195305685 0.0
20.0 2.0 Car -1.0 -1.0 -1.0 -1.0 -1.0 -1.0 -1.0 2.032 1.942 5.04 1215.856 0.834 953.086 0.8089570119725769 1.0
20.0 6.0 Car -1.0 -1.0 -1.0 -1.0 -1.0 -1.0 -1.0 1.854 1.877 4.699 1169.769 0.522 915.107 -2.274827240438624 0.0
20.0 4.0 Truck -1.0 -1.0 -1.0 -1.0 -1.0 -1.0 -1.0 2.557 4.065 6.068 1280.605 2.861 1026.105 0.8274955049930011 0.0
21.0 1.0 Car -1.0 -1.0 -1.0 -1.0 -1.0 -1.0 -1.0 1.619 1.417 4.746 1208.791 0.559 963.553 -2.0643287579360083 0.0
21.0 2.0 Car -1.0 -1.0 -1.0 -1.0 -1.0 -1.0 -1.0 2.032 1.942 5.04 1217.54 0.858 954.744 0.7795319849530717 1.0
21.0 6.0 Car -1.0 -1.0 -1.0 -1.0 -1.0 -1.0 -1.0 1.854 1.877 4.699 1166.488 0.422 911.119 -2.274827240438624 0.0
21.0 4.0 Truck -1.0 -1.0 -1.0 -1.0 -1.0 -1.0 -1.0 2.557 4.065 6.068 1281.611 2.936 1028.215 0.8216819663470135 0.0
22.0 1.0 Car -1.0 -1.0 -1.0 -1.0 -1.0 -1.0 -1.0 1.619 1.417 4.746 1207.997 0.597 962.112 -2.0687015911150968 0.0
22.0 2.0 Car -1.0 -1.0 -1.0 -1.0 -1.0 -1.0 -1.0 2.032 1.942 5.04 1219.552 0.858 956.515 0.6975884498278684 1.0
23.0 1.0 Car -1.0 -1.0 -1.0 -1.0 -1.0 -1.0 -1.0 1.619 1.417 4.746 1207.205 0.634 960.675 -2.0730649797112304 0.0
23.0 2.0 Car -1.0 -1.0 -1.0 -1.0 -1.0 -1.0 -1.0 2.032 1.942 5.04 1221.698 0.857 958.114 0.6158218989331115 1.0
24.0 1.0 Car -1.0 -1.0 -1.0 -1.0 -1.0 -1.0 -1.0 1.619 1.417 4.746 1206.415 0.672 959.24 -2.077418714232736 0.0
24.0 2.0 Car -1.0 -1.0 -1.0 -1.0 -1.0 -1.0 -1.0 2.032 1.942 5.04 1223.683 0.896 959.244 0.43165877107470124 1.0
25.0 2.0 Car -1.0 -1.0 -1.0 -1.0 -1.0 -1.0 -1.0 2.032 1.942 5.04 1225.846 0.935 959.993 0.24708949088640383 1.0
26.0 2.0 Car -1.0 -1.0 -1.0 -1.0 -1.0 -1.0 -1.0 2.032 1.942 5.04 1228.157 0.975 960.027 0.06252353376262354 1.0
27.0 2.0 Car -1.0 -1.0 -1.0 -1.0 -1.0 -1.0 -1.0 2.032 1.942 5.04 1230.439 1.014 959.636 -0.12224882259061752 1.0
28.0 2.0 Car -1.0 -1.0 -1.0 -1.0 -1.0 -1.0 -1.0 2.032 1.942 5.04 1232.157 0.994 958.978 -0.2654878612415572 0.0
29.0 2.0 Car -1.0 -1.0 -1.0 -1.0 -1.0 -1.0 -1.0 2.032 1.942 5.04 1233.61 0.976 958.181 -0.39448253844684095 0.0
30.0 2.0 Car -1.0 -1.0 -1.0 -1.0 -1.0 -1.0 -1.0 2.032 1.942 5.04 1235.089 0.956 957.083 -0.5378761395536876 0.0
31.0 2.0 Car -1.0 -1.0 -1.0 -1.0 -1.0 -1.0 -1.0 2.032 1.942 5.04 1236.675 0.927 956.048 -0.566407255851577 0.0
32.0 2.0 Car -1.0 -1.0 -1.0 -1.0 -1.0 -1.0 -1.0 2.032 1.942 5.04 1238.231 0.898 954.966 -0.5949704145930421 0.0
33.0 2.0 Car -1.0 -1.0 -1.0 -1.0 -1.0 -1.0 -1.0 2.032 1.942 5.04 1239.754 0.902 953.86 -0.6060270615095904 0.0
34.0 2.0 Car -1.0 -1.0 -1.0 -1.0 -1.0 -1.0 -1.0 2.032 1.942 5.04 1241.274 0.907 952.757 -0.617059338664733 0.0
35.0 2.0 Car -1.0 -1.0 -1.0 -1.0 -1.0 -1.0 -1.0 2.032 1.942 5.04 1242.794 0.911 951.653 -0.628091637913948 0.0
36.0 2.0 Car -1.0 -1.0 -1.0 -1.0 -1.0 -1.0 -1.0 2.032 1.942 5.04 1244.942 0.944 949.965 -0.6431395894950288 0.0
37.0 2.0 Car -1.0 -1.0 -1.0 -1.0 -1.0 -1.0 -1.0 2.032 1.942 5.04 1246.89 0.973 948.418 -0.6568378617535648 0.0
38.0 2.0 Car -1.0 -1.0 -1.0 -1.0 -1.0 -1.0 -1.0 2.032 1.942 5.04 1248.828 1.003 946.864 -0.670521582139608 0.0
39.0 2.0 Car -1.0 -1.0 -1.0 -1.0 -1.0 -1.0 -1.0 2.032 1.942 5.04 1250.762 1.032 945.305 -0.6842053299303075 0.0
