0.0 0.0 Bus -1.0 -1.0 -1.0 -1.0 -1.0 -1.0 -1.0 2.917 3.489 12.231 1450.63 1.91 1527.069 -1.6146689875059823 0.0
1.0 0.0 Bus -1.0 -1.0 -1.0 -1.0 -1.0 -1.0 -1.0 2.917 3.489 12.231 1450.541 1.997 1527.529 -1.6596037007947644 1.0
2.0 0.0 Bus -1.0 -1.0 -1.0 -1.0 -1.0 -1.0 -1.0 2.917 3.489 12.231 1450.555 2.051 1527.981 -1.6870282861641361 0.0
3.0 0.0 Bus -1.0 -1.0 -1.0 -1.0 -1.0 -1.0 -1.0 2.917 3.489 12.231 1450.487 2.11 1528.406 -1.7281256135391463 0.0
4.0 0.0 Bus -1.0 -1.0 -1.0 -1.0 -1.0 -1.0 -1.0 2.917 3.489 12.231 1450.457 2.163 1528.867 -1.7987172748362927 0.0
5.0 0.0 Bus -1.0 -1.0 -1.0 -1.0 -1.0 -1.0 -1.0 2.917 3.489 12.231 1450.36 2.25 1529.353 -1.8776784760535936 0.0
6.0 0.0 Bus -1.0 -1.0 -1.0 -1.0 -1.0 -1.0 -1.0 2.917 3.489 12.231 1450.302 2.337 1529.845 -1.9565489495524224 0.0
7.0 0.0 Bus -1.0 -1.0 -1.0 -1.0 -1.0 -1.0 -1.0 2.917 3.489 12.231 1450.283 2.415 1530.289 -2.027485875773309 0.0
8.0 0.0 Bus -1.0 -1.0 -1.0 -1.0 -1.0 -1.0 -1.0 2.917 3.489 12.231 1450.262 2.415 1530.441 -2.0528629030444034 0.0
9.0 0.0 Bus -1.0 -1.0 -1.0 -1.0 -1.0 -1.0 -1.0 2.917 3.489 12.231 1450.356 2.416 1530.662 -2.08458926497609 0.0
10.0 0.0 Bus -1.0 -1.0 -1.0 -1.0 -1.0 -1.0 -1.0 2.917 3.489 12.231 1450.21 2.387 1530.67 -2.097882367316271 0.0
11.0 0.0 Bus -1.0 -1.0 -1.0 -1.0 -1.0 -1.0 -1.0 2.917 3.489 12.231 1450.298 2.409 1530.834 -2.1111909466658743 1.0
12.0 0.0 Bus -1.0 -1.0 -1.0 -1.0 -1.0 -1.0 -1.0 2.917 3.489 12.231 1450.44 2.402 1531.075 -2.1153282007719016 0.0
13.0 0.0 Bus -1.0 -1.0 -1.0 -1.0 -1.0 -1.0 -1.0 2.917 3.489 12.231 1450.429 2.396 1531.061 -2.118655941523421 0.0
14.0 0.0 Bus -1.0 -1.0 -1.0 -1.0 -1.0 -1.0 -1.0 2.917 3.489 12.231 1450.418 2.39 1531.048 -2.1219839818518946 0.0
15.0 0.0 Bus -1.0 -1.0 -1.0 -1.0 -1.0 -1.0 -1.0 2.917 3.489 12.231 1450.406 2.384 1531.035 -2.125311496256382 0.0
16.0 0.0 Bus -1.0 -1.0 -1.0 -1.0 -1.0 -1.0 -1.0 2.917 3.489 12.231 1450.395 2.377 1531.021 -2.128639296923292 0.0
17.0 0.0 Bus -1.0 -1.0 -1.0 -1.0 -1.0 -1.0 -1.0 2.917 3.489 12.231 1450.381 2.37 1531.005 -2.1326297751275582 0.0
18.0 0.0 Bus -1.0 -1.0 -1.0 -1.0 -1.0 -1.0 -1.0 2.917 3.489 12.231 1450.24 2.298 1530.784 -2.115820056870357 0.0
19.0 0.0 Bus -1.0 -1.0 -1.0 -1.0 -1.0 -1.0 -1.0 2.917 3.489 12.231 1450.044 2.255 1530.664 -2.1201050727025845 0.0
20.0 0.0 Bus -1.0 -1.0 -1.0 -1.0 -1.0 -1.0 -1.0 2.917 3.489 12.231 1449.927 2.241 1530.337 -2.1593347059534995 0.0
21.0 0.0 Bus -1.0 -1.0 -1.0 -1.0 -1.0 -1.0 -1.0 2.917 3.489 12.231 1449.379 2.198 1530.0 -2.1810654260922413 0.0
22.0 0.0 Bus -1.0 -1.0 -1.0 -1.0 -1.0 -1.0 -1.0 2.917 3.489 12.231 1448.842 2.159 1529.518 -2.2425590019581154 0.0
23.0 0.0 Bus -1.0 -1.0 -1.0 -1.0 -1.0 -1.0 -1.0 2.917 3.489 12.231 1448.18 2.148 1528.993 -2.3385994743185807 0.0
