0.0 2.0 Car -1.0 -1.0 -1.0 -1.0 -1.0 -1.0 -1.0 2.162 2.101 4.764 1318.052 1.24 1465.643 -0.49572586744723696 0.0
0.0 1.0 Truck -1.0 -1.0 -1.0 -1.0 -1.0 -1.0 -1.0 2.476 2.773 6.069 1401.671 1.376 1429.606 2.564255190324567 0.0
1.0 2.0 Car -1.0 -1.0 -1.0 -1.0 -1.0 -1.0 -1.0 2.162 2.101 4.764 1318.321 1.227 1465.491 -0.49572586744723696 1.0
1.0 1.0 Truck -1.0 -1.0 -1.0 -1.0 -1.0 -1.0 -1.0 2.476 2.773 6.069 1399.197 1.376 1431.114 2.58170848284451 1.0
2.0 2.0 Car -1.0 -1.0 -1.0 -1.0 -1.0 -1.0 -1.0 2.162 2.101 4.764 1318.591 1.215 1465.339 -0.49572586744723696 1.0
2.0 1.0 Truck -1.0 -1.0 -1.0 -1.0 -1.0 -1.0 -1.0 2.476 2.773 6.069 1396.782 1.376 1432.635 2.590430365813191 1.0
3.0 2.0 Car -1.0 -1.0 -1.0 -1.0 -1.0 -1.0 -1.0 2.162 2.101 4.764 1318.861 1.202 1465.187 -0.49572586744723696 0.0
3.0 1.0 Truck -1.0 -1.0 -1.0 -1.0 -1.0 -1.0 -1.0 2.476 2.773 6.069 1394.365 1.376 1434.158 2.5991617753644536 1.0
4.0 2.0 Car -1.0 -1.0 -1.0 -1.0 -1.0 -1.0 -1.0 2.162 2.101 4.764 1319.13 1.19 1465.035 -0.49572586744723696 0.0
4.0 1.0 Truck -1.0 -1.0 -1.0 -1.0 -1.0 -1.0 -1.0 2.476 2.773 6.069 1391.853 1.385 1435.657 2.6049797723065273 1.0
5.0 2.0 Car -1.0 -1.0 -1.0 -1.0 -1.0 -1.0 -1.0 2.162 2.101 4.764 1319.544 1.19 1464.805 -0.49572586744723696 0.0
5.0 1.0 Truck -1.0 -1.0 -1.0 -1.0 -1.0 -1.0 -1.0 2.476 2.773 6.069 1389.342 1.393 1437.155 2.6107974433723378 1.0
6.0 2.0 Car -1.0 -1.0 -1.0 -1.0 -1.0 -1.0 -1.0 2.162 2.101 4.764 1319.957 1.19 1464.576 -0.49572586744723696 0.0
6.0 1.0 Truck -1.0 -1.0 -1.0 -1.0 -1.0 -1.0 -1.0 2.476 2.773 6.069 1386.831 1.402 1438.653 2.616615067884397 1.0
7.0 2.0 Car -1.0 -1.0 -1.0 -1.0 -1.0 -1.0 -1.0 2.162 2.101 4.764 1320.371 1.19 1464.346 -0.49572586744723696 0.0
7.0 1.0 Truck -1.0 -1.0 -1.0 -1.0 -1.0 -1.0 -1.0 2.476 2.773 6.069 1384.362 1.496 1439.963 2.5991617753644536 1.0
8.0 2.0 Car -1.0 -1.0 -1.0 -1.0 -1.0 -1.0 -1.0 2.162 2.101 4.764 1320.956 1.19 1464.062 -0.48699931720428236 0.0
8.0 1.0 Truck -1.0 -1.0 -1.0 -1.0 -1.0 -1.0 -1.0 2.476 2.773 6.069 1382.029 1.526 1441.338 2.5991617753644536 1.0
9.0 2.0 Car -1.0 -1.0 -1.0 -1.0 -1.0 -1.0 -1.0 2.162 2.101 4.764 1321.542 1.19 1463.779 -0.4782725749272938 0.0
9.0 1.0 Truck -1.0 -1.0 -1.0 -1.0 -1.0 -1.0 -1.0 2.476 2.773 6.069 1379.742 1.526 1442.684 2.606008223583847 1.0
10.0 2.0 Car -1.0 -1.0 -1.0 -1.0 -1.0 -1.0 -1.0 2.162 2.101 4.764 1321.547 1.19 1463.77 -0.4782725749272938 0.0
10.0 1.0 Truck -1.0 -1.0 -1.0 -1.0 -1.0 -1.0 -1.0 2.476 2.773 6.069 1377.455 1.526 1444.031 2.612854699195553 1.0
11.0 2.0 Car -1.0 -1.0 -1.0 -1.0 -1.0 -1.0 -1.0 2.162 2.101 4.764 1321.552 1.19 1463.761 -0.4782725749272938 0.0
11.0 1.0 Truck -1.0 -1.0 -1.0 -1.0 -1.0 -1.0 -1.0 2.476 2.773 6.069 1375.15 1.526 1445.389 2.6203824900936445 1.0
12.0 2.0 Car -1.0 -1.0 -1.0 -1.0 -1.0 -1.0 -1.0 2.162 2.101 4.764 1321.557 1.19 1463.752 -0.4782725749272938 0.0
12.0 1.0 Truck -1.0 -1.0 -1.0 -1.0 -1.0 -1.0 -1.0 2.476 2.773 6.069 1373.053 1.526 1446.624 2.6272289520091943 1.0
13.0 2.0 Car -1.0 -1.0 -1.0 -1.0 -1.0 -1.0 -1.0 2.162 2.101 4.764 1321.562 1.19 1463.743 -0.4782725749272938 0.0
13.0 1.0 Truck -1.0 -1.0 -1.0 -1.0 -1.0 -1.0 -1.0 2.476 2.773 6.069 1371.013 1.576 1447.828 2.6340683604043402 1.0
14.0 2.0 Car -1.0 -1.0 -1.0 -1.0 -1.0 -1.0 -1.0 2.162 2.101 4.764 1321.566 1.19 1463.736 -0.4782725749272938 0.0
14.0 1.0 Truck -1.0 -1.0 -1.0 -1.0 -1.0 -1.0 -1.0 2.476 2.773 6.069 1369.403 1.576 1448.712 2.6340683604043402 1.0
15.0 1.0 Truck -1.0 -1.0 -1.0 -1.0 -1.0 -1.0 -1.0 2.476 2.773 6.069 1367.83 1.576 1449.575 2.6340683604043402 1.0
16.0 1.0 Truck -1.0 -1.0 -1.0 -1.0 -1.0 -1.0 -1.0 2.476 2.773 6.069 1366.253 1.576 1450.438 2.6340683604043402 1.0
17.0 1.0 Truck -1.0 -1.0 -1.0 -1.0 -1.0 -1.0 -1.0 2.476 2.773 6.069 1365.278 1.576 1450.978 2.634068347311147 0.0
18.0 1.0 Truck -1.0 -1.0 -1.0 -1.0 -1.0 -1.0 -1.0 2.476 2.773 6.069 1364.305 1.576 1451.518 2.6340683342325013 0.0
19.0 1.0 Truck -1.0 -1.0 -1.0 -1.0 -1.0 -1.0 -1.0 2.476 2.773 6.069 1363.558 1.576 1451.908 2.6427998353685327 0.0
20.0 1.0 Truck -1.0 -1.0 -1.0 -1.0 -1.0 -1.0 -1.0 2.476 2.773 6.069 1362.811 1.576 1452.298 2.6515216529242833 0.0
21.0 1.0 Truck -1.0 -1.0 -1.0 -1.0 -1.0 -1.0 -1.0 2.476 2.773 6.069 1362.541 1.576 1452.475 2.6515216529242833 0.0
22.0 1.0 Truck -1.0 -1.0 -1.0 -1.0 -1.0 -1.0 -1.0 2.476 2.773 6.069 1362.271 1.576 1452.651 2.6515216529242833 0.0
23.0 0.0 Car -1.0 -1.0 -1.0 -1.0 -1.0 -1.0 -1.0 2.06 1.985 4.811 1201.418 2.009 1527.283 -0.5252393850906332 0.0
23.0 1.0 Truck -1.0 -1.0 -1.0 -1.0 -1.0 -1.0 -1.0 2.476 2.773 6.069 1362.001 1.576 1452.828 2.6515216529242833 0.0
24.0 0.0 Car -1.0 -1.0 -1.0 -1.0 -1.0 -1.0 -1.0 2.06 1.985 4.811 1207.093 1.972 1523.801 -0.5252393850906332 0.0
24.0 1.0 Truck -1.0 -1.0 -1.0 -1.0 -1.0 -1.0 -1.0 2.476 2.773 6.069 1362.0 1.576 1452.825 2.6515216529242833 0.0
25.0 0.0 Car -1.0 -1.0 -1.0 -1.0 -1.0 -1.0 -1.0 2.06 1.985 4.811 1212.197 1.939 1520.669 -0.5252393850906332 0.0
25.0 1.0 Truck -1.0 -1.0 -1.0 -1.0 -1.0 -1.0 -1.0 2.476 2.773 6.069 1361.999 1.576 1452.823 2.6515216529242833 0.0
26.0 0.0 Car -1.0 -1.0 -1.0 -1.0 -1.0 -1.0 -1.0 2.06 1.985 4.811 1217.866 1.901 1517.191 -0.5252393850906332 1.0
26.0 1.0 Truck -1.0 -1.0 -1.0 -1.0 -1.0 -1.0 -1.0 2.476 2.773 6.069 1361.998 1.576 1452.821 2.6515216529242833 0.0
27.0 0.0 Car -1.0 -1.0 -1.0 -1.0 -1.0 -1.0 -1.0 2.06 1.985 4.811 1224.112 1.861 1513.358 -0.5252393850906332 0.0
27.0 1.0 Truck -1.0 -1.0 -1.0 -1.0 -1.0 -1.0 -1.0 2.476 2.773 6.069 1361.997 1.576 1452.818 2.6515216529242833 0.0
28.0 0.0 Car -1.0 -1.0 -1.0 -1.0 -1.0 -1.0 -1.0 2.06 1.985 4.811 1229.781 1.823 1509.88 -0.5252393850906332 0.0
28.0 1.0 Truck -1.0 -1.0 -1.0 -1.0 -1.0 -1.0 -1.0 2.476 2.773 6.069 1361.995 1.576 1452.816 2.6515216529242833 0.0
29.0 0.0 Car -1.0 -1.0 -1.0 -1.0 -1.0 -1.0 -1.0 2.06 1.985 4.811 1235.455 1.786 1506.398 -0.5252393850906332 0.0
30.0 0.0 Car -1.0 -1.0 -1.0 -1.0 -1.0 -1.0 -1.0 2.06 1.985 4.811 1241.131 1.749 1502.916 -0.5252393850906332 0.0
31.0 0.0 Car -1.0 -1.0 -1.0 -1.0 -1.0 -1.0 -1.0 2.06 1.985 4.811 1248.904 1.702 1498.628 -0.5112833458069193 0.0
32.0 0.0 Car -1.0 -1.0 -1.0 -1.0 -1.0 -1.0 -1.0 2.06 1.985 4.811 1256.746 1.654 1494.445 -0.4973113082946963 0.0
33.0 0.0 Car -1.0 -1.0 -1.0 -1.0 -1.0 -1.0 -1.0 2.06 1.985 4.811 1264.692 1.607 1490.487 -0.4833541242860804 0.0
34.0 0.0 Car -1.0 -1.0 -1.0 -1.0 -1.0 -1.0 -1.0 2.06 1.985 4.811 1272.647 1.56 1486.524 -0.46938197509337914 0.0
35.0 0.0 Car -1.0 -1.0 -1.0 -1.0 -1.0 -1.0 -1.0 2.06 1.985 4.811 1280.592 1.513 1482.566 -0.45542621501086084 0.0
36.0 0.0 Car -1.0 -1.0 -1.0 -1.0 -1.0 -1.0 -1.0 2.06 1.985 4.811 1284.832 1.475 1480.771 -0.45542621501086084 0.0
37.0 0.0 Car -1.0 -1.0 -1.0 -1.0 -1.0 -1.0 -1.0 2.06 1.985 4.811 1289.067 1.438 1478.979 -0.45542621501086084 0.0
38.0 0.0 Car -1.0 -1.0 -1.0 -1.0 -1.0 -1.0 -1.0 2.06 1.985 4.811 1291.997 1.463 1477.106 -0.45542621501086084 0.0
