0.0 1.0 Car -1.0 -1.0 -1.0 -1.0 -1.0 -1.0 -1.0 2.134 1.782 4.659 126.309 0.374 1007.012 1.7656623377729588 0.0
1.0 1.0 Car -1.0 -1.0 -1.0 -1.0 -1.0 -1.0 -1.0 2.134 1.782 4.659 125.54 0.574 1010.02 1.8005689228128452 1.0
2.0 1.0 Car -1.0 -1.0 -1.0 -1.0 -1.0 -1.0 -1.0 2.134 1.782 4.659 124.973 0.774 1012.28 1.7831156302929019 0.0
3.0 1.0 Car -1.0 -1.0 -1.0 -1.0 -1.0 -1.0 -1.0 2.134 1.782 4.659 124.565 0.774 1014.027 1.7831156302929019 0.0
4.0 1.0 Car -1.0 -1.0 -1.0 -1.0 -1.0 -1.0 -1.0 2.134 1.782 4.659 124.263 0.774 1015.102 1.7656623377729588 0.0
5.0 1.0 Car -1.0 -1.0 -1.0 -1.0 -1.0 -1.0 -1.0 2.134 1.782 4.659 123.958 0.874 1016.027 1.7656623377729588 0.0
6.0 1.0 Car -1.0 -1.0 -1.0 -1.0 -1.0 -1.0 -1.0 2.134 1.782 4.659 123.886 0.974 1016.153 1.7482090452530155 0.0
7.0 1.0 Car -1.0 -1.0 -1.0 -1.0 -1.0 -1.0 -1.0 2.134 1.782 4.659 123.879 1.074 1016.123 1.7307557527330721 0.0
8.0 1.0 Car -1.0 -1.0 -1.0 -1.0 -1.0 -1.0 -1.0 2.134 1.782 4.659 123.905 1.074 1016.128 1.7482090452530155 0.0
9.0 1.0 Car -1.0 -1.0 -1.0 -1.0 -1.0 -1.0 -1.0 2.134 1.782 4.659 123.933 1.074 1015.975 1.7482090452530155 0.0
10.0 1.0 Car -1.0 -1.0 -1.0 -1.0 -1.0 -1.0 -1.0 2.134 1.782 4.659 123.849 1.074 1016.443 1.7482090452530155 0.0
11.0 1.0 Car -1.0 -1.0 -1.0 -1.0 -1.0 -1.0 -1.0 2.134 1.782 4.659 123.871 1.174 1016.474 1.7482090452530155 0.0
12.0 1.0 Car -1.0 -1.0 -1.0 -1.0 -1.0 -1.0 -1.0 2.134 1.782 4.659 123.891 1.274 1016.514 1.7482090452530155 0.0
13.0 1.0 Car -1.0 -1.0 -1.0 -1.0 -1.0 -1.0 -1.0 2.134 1.782 4.659 123.911 1.374 1016.554 1.7482090452530155 0.0
17.0 0.0 Car -1.0 -1.0 -1.0 -1.0 -1.0 -1.0 -1.0 2.231 1.801 3.947 143.946 0.811 1108.733 0.8502022385215751 0.0
18.0 0.0 Car -1.0 -1.0 -1.0 -1.0 -1.0 -1.0 -1.0 2.231 1.801 3.947 144.809 0.786 1109.396 0.8502022385215751 1.0
19.0 0.0 Car -1.0 -1.0 -1.0 -1.0 -1.0 -1.0 -1.0 2.231 1.801 3.947 147.355 0.761 1112.304 0.8851088235614617 1.0
20.0 0.0 Car -1.0 -1.0 -1.0 -1.0 -1.0 -1.0 -1.0 2.231 1.801 3.947 148.757 0.836 1113.687 0.902562116081405 1.0
21.0 0.0 Car -1.0 -1.0 -1.0 -1.0 -1.0 -1.0 -1.0 2.231 1.801 3.947 150.012 0.911 1115.188 0.902562116081405 1.0
22.0 0.0 Car -1.0 -1.0 -1.0 -1.0 -1.0 -1.0 -1.0 2.231 1.801 3.947 151.199 1.036 1116.604 0.902562116081405 1.0
23.0 0.0 Car -1.0 -1.0 -1.0 -1.0 -1.0 -1.0 -1.0 2.231 1.801 3.947 152.386 1.161 1118.02 0.902562116081405 1.0
24.0 0.0 Car -1.0 -1.0 -1.0 -1.0 -1.0 -1.0 -1.0 2.231 1.801 3.947 153.72 1.111 1119.666 0.902562116081405 1.0
25.0 0.0 Car -1.0 -1.0 -1.0 -1.0 -1.0 -1.0 -1.0 2.231 1.801 3.947 155.02 1.061 1121.27 0.902562116081405 1.0
26.0 0.0 Car -1.0 -1.0 -1.0 -1.0 -1.0 -1.0 -1.0 2.231 1.801 3.947 156.321 0.861 1122.873 0.902562116081405 1.0
27.0 0.0 Car -1.0 -1.0 -1.0 -1.0 -1.0 -1.0 -1.0 2.231 1.801 3.947 157.536 0.811 1124.544 0.902562116081405 1.0
28.0 0.0 Car -1.0 -1.0 -1.0 -1.0 -1.0 -1.0 -1.0 2.231 1.801 3.947 159.045 0.811 1126.675 0.902562116081405 0.0
29.0 0.0 Car -1.0 -1.0 -1.0 -1.0 -1.0 -1.0 -1.0 2.231 1.801 3.947 160.41 0.761 1128.712 0.902562116081405 0.0
30.0 0.0 Car -1.0 -1.0 -1.0 -1.0 -1.0 -1.0 -1.0 2.231 1.801 3.947 161.775 0.811 1130.748 0.902562116081405 0.0
31.0 0.0 Car -1.0 -1.0 -1.0 -1.0 -1.0 -1.0 -1.0 2.231 1.801 3.947 163.184 0.761 1132.751 0.902562116081405 0.0
32.0 0.0 Car -1.0 -1.0 -1.0 -1.0 -1.0 -1.0 -1.0 2.231 1.801 3.947 164.584 0.811 1134.656 0.902562116081405 0.0
33.0 0.0 Car -1.0 -1.0 -1.0 -1.0 -1.0 -1.0 -1.0 2.231 1.801 3.947 166.069 0.861 1136.494 0.902562116081405 0.0
34.0 0.0 Car -1.0 -1.0 -1.0 -1.0 -1.0 -1.0 -1.0 2.231 1.801 3.947 167.454 0.811 1138.204 0.902562116081405 0.0
35.0 0.0 Car -1.0 -1.0 -1.0 -1.0 -1.0 -1.0 -1.0 2.231 1.801 3.947 168.855 0.761 1139.936 0.902562116081405 0.0
36.0 0.0 Car -1.0 -1.0 -1.0 -1.0 -1.0 -1.0 -1.0 2.231 1.801 3.947 170.492 0.711 1141.965 0.902562116081405 0.0
37.0 0.0 Car -1.0 -1.0 -1.0 -1.0 -1.0 -1.0 -1.0 2.231 1.801 3.947 171.506 0.661 1143.207 0.902562116081405 0.0
38.0 0.0 Car -1.0 -1.0 -1.0 -1.0 -1.0 -1.0 -1.0 2.231 1.801 3.947 172.52 0.661 1144.448 0.902562116081405 0.0
39.0 0.0 Car -1.0 -1.0 -1.0 -1.0 -1.0 -1.0 -1.0 2.231 1.801 3.947 173.362 0.661 1145.514 0.902562116081405 0.0
