0.0 11.0 Car -1.0 -1.0 -1.0 -1.0 -1.0 -1.0 -1.0 2.371 1.637 5.278 1430.31 1.068 919.695 -0.749566553849689 0.0
0.0 10.0 Car -1.0 -1.0 -1.0 -1.0 -1.0 -1.0 -1.0 2.192 1.799 4.403 1420.494 1.403 927.935 -0.7459711755737204 0.0
0.0 14.0 Car -1.0 -1.0 -1.0 -1.0 -1.0 -1.0 -1.0 1.982 1.949 3.941 1411.251 1.788 938.26 -0.7110645905338341 0.0
0.0 13.0 Car -1.0 -1.0 -1.0 -1.0 -1.0 -1.0 -1.0 2.235 1.819 5.151 1406.134 2.344 947.266 -0.7459711755737204 0.0
0.0 7.0 Car -1.0 -1.0 -1.0 -1.0 -1.0 -1.0 -1.0 2.002 1.589 4.253 1412.052 2.009 941.764 -0.7285178830537773 0.0
0.0 18.0 Car -1.0 -1.0 -1.0 -1.0 -1.0 -1.0 -1.0 2.02 2.0 4.947 1522.603 0.796 853.995 2.424681210026672 0.0
0.0 5.0 Car -1.0 -1.0 -1.0 -1.0 -1.0 -1.0 -1.0 2.255 1.572 4.697 1469.99 0.617 900.084 2.3973493539433264 0.0
0.0 16.0 Car -1.0 -1.0 -1.0 -1.0 -1.0 -1.0 -1.0 2.404 2.361 5.786 1399.059 2.42 948.552 -0.7634244680936636 0.0
0.0 19.0 Car -1.0 -1.0 -1.0 -1.0 -1.0 -1.0 -1.0 2.061 2.077 4.418 1418.353 1.914 935.69 -0.693611298013891 0.0
0.0 1.0 Car -1.0 -1.0 -1.0 -1.0 -1.0 -1.0 -1.0 2.027 1.601 4.115 1427.512 1.467 927.515 -0.7459711755737204 0.0
1.0 11.0 Car -1.0 -1.0 -1.0 -1.0 -1.0 -1.0 -1.0 2.371 1.637 5.278 1433.416 0.968 916.844 -0.749566553849689 1.0
1.0 10.0 Car -1.0 -1.0 -1.0 -1.0 -1.0 -1.0 -1.0 2.192 1.799 4.403 1422.231 1.41 926.288 -0.7459711755737204 1.0
1.0 14.0 Car -1.0 -1.0 -1.0 -1.0 -1.0 -1.0 -1.0 1.982 1.949 3.941 1411.226 1.824 938.216 -0.7110645905338341 1.0
1.0 13.0 Car -1.0 -1.0 -1.0 -1.0 -1.0 -1.0 -1.0 2.235 1.819 5.151 1406.994 2.418 946.707 -0.7634244680936636 1.0
1.0 7.0 Car -1.0 -1.0 -1.0 -1.0 -1.0 -1.0 -1.0 2.002 1.589 4.253 1413.118 1.958 940.846 -0.734335910743151 1.0
1.0 20.0 Car -1.0 -1.0 -1.0 -1.0 -1.0 -1.0 -1.0 1.864 1.911 4.856 1316.433 4.731 1021.956 -0.693611298013891 0.0
1.0 18.0 Car -1.0 -1.0 -1.0 -1.0 -1.0 -1.0 -1.0 2.02 2.0 4.947 1518.125 0.796 857.856 2.424681210026672 1.0
1.0 5.0 Car -1.0 -1.0 -1.0 -1.0 -1.0 -1.0 -1.0 2.255 1.572 4.697 1467.48 0.667 902.273 2.4148026464632695 1.0
1.0 16.0 Car -1.0 -1.0 -1.0 -1.0 -1.0 -1.0 -1.0 2.404 2.361 5.786 1399.061 2.41 948.562 -0.7634244680936636 1.0
1.0 19.0 Car -1.0 -1.0 -1.0 -1.0 -1.0 -1.0 -1.0 2.061 2.077 4.418 1419.658 1.914 934.429 -0.693611298013891 1.0
1.0 1.0 Car -1.0 -1.0 -1.0 -1.0 -1.0 -1.0 -1.0 2.027 1.601 4.115 1429.732 1.392 925.684 -0.7459711755737204 1.0
2.0 11.0 Car -1.0 -1.0 -1.0 -1.0 -1.0 -1.0 -1.0 2.371 1.637 5.278 1436.782 0.868 913.751 -0.749566553849689 1.0
2.0 10.0 Car -1.0 -1.0 -1.0 -1.0 -1.0 -1.0 -1.0 2.192 1.799 4.403 1425.122 1.253 923.658 -0.7459711755737204 1.0
2.0 14.0 Car -1.0 -1.0 -1.0 -1.0 -1.0 -1.0 -1.0 1.982 1.949 3.941 1411.202 1.86 938.172 -0.7110645905338341 1.0
2.0 13.0 Car -1.0 -1.0 -1.0 -1.0 -1.0 -1.0 -1.0 2.235 1.819 5.151 1407.681 2.343 946.067 -0.754698048540142 1.0
2.0 7.0 Car -1.0 -1.0 -1.0 -1.0 -1.0 -1.0 -1.0 2.002 1.589 4.253 1414.184 1.907 939.927 -0.7401533920242254 1.0
2.0 20.0 Car -1.0 -1.0 -1.0 -1.0 -1.0 -1.0 -1.0 1.864 1.911 4.856 1321.504 4.59 1017.618 -0.6877973174849634 1.0
2.0 18.0 Car -1.0 -1.0 -1.0 -1.0 -1.0 -1.0 -1.0 2.02 2.0 4.947 1513.647 0.797 861.717 2.424681210026672 1.0
2.0 5.0 Car -1.0 -1.0 -1.0 -1.0 -1.0 -1.0 -1.0 2.255 1.572 4.697 1465.247 0.667 904.218 2.432255938983213 1.0
2.0 16.0 Car -1.0 -1.0 -1.0 -1.0 -1.0 -1.0 -1.0 2.404 2.361 5.786 1399.064 2.4 948.571 -0.7634244680936636 1.0
2.0 3.0 Car -1.0 -1.0 -1.0 -1.0 -1.0 -1.0 -1.0 2.19 1.724 4.336 1405.98 1.888 942.333 -0.7285178830537773 0.0
2.0 19.0 Car -1.0 -1.0 -1.0 -1.0 -1.0 -1.0 -1.0 2.061 2.077 4.418 1421.895 1.866 932.534 -0.7459711755737204 1.0
2.0 1.0 Car -1.0 -1.0 -1.0 -1.0 -1.0 -1.0 -1.0 2.027 1.601 4.115 1431.951 1.317 923.854 -0.7459711755737204 1.0
3.0 11.0 Car -1.0 -1.0 -1.0 -1.0 -1.0 -1.0 -1.0 2.371 1.637 5.278 1440.361 0.818 910.49 -0.732113261329746 1.0
3.0 10.0 Car -1.0 -1.0 -1.0 -1.0 -1.0 -1.0 -1.0 2.192 1.799 4.403 1427.972 1.153 920.983 -0.7285178830537773 1.0
3.0 14.0 Car -1.0 -1.0 -1.0 -1.0 -1.0 -1.0 -1.0 1.982 1.949 3.941 1413.377 1.82 936.335 -0.7285273049298003 1.0
3.0 13.0 Car -1.0 -1.0 -1.0 -1.0 -1.0 -1.0 -1.0 2.235 1.819 5.151 1408.368 2.368 945.427 -0.7459711755737204 1.0
3.0 7.0 Car -1.0 -1.0 -1.0 -1.0 -1.0 -1.0 -1.0 2.002 1.589 4.253 1415.251 1.856 939.009 -0.7459711755737204 1.0
3.0 20.0 Car -1.0 -1.0 -1.0 -1.0 -1.0 -1.0 -1.0 1.864 1.911 4.856 1326.544 4.449 1013.24 -0.7081685914367943 1.0
3.0 18.0 Car -1.0 -1.0 -1.0 -1.0 -1.0 -1.0 -1.0 2.02 2.0 4.947 1509.567 0.798 865.231 2.426837827009434 1.0
3.0 5.0 Car -1.0 -1.0 -1.0 -1.0 -1.0 -1.0 -1.0 2.255 1.572 4.697 1463.357 0.717 905.867 2.432255938983213 1.0
3.0 16.0 Car -1.0 -1.0 -1.0 -1.0 -1.0 -1.0 -1.0 2.404 2.361 5.786 1399.067 2.39 948.58 -0.7634244680936636 1.0
3.0 3.0 Car -1.0 -1.0 -1.0 -1.0 -1.0 -1.0 -1.0 2.19 1.724 4.336 1406.923 1.825 941.476 -0.7285178830537773 1.0
3.0 19.0 Car -1.0 -1.0 -1.0 -1.0 -1.0 -1.0 -1.0 2.061 2.077 4.418 1424.442 1.814 930.247 -0.693611298013891 1.0
3.0 1.0 Car -1.0 -1.0 -1.0 -1.0 -1.0 -1.0 -1.0 2.027 1.601 4.115 1434.475 1.217 921.611 -0.7634244680936636 1.0
4.0 11.0 Car -1.0 -1.0 -1.0 -1.0 -1.0 -1.0 -1.0 2.371 1.637 5.278 1444.3 0.668 906.917 -0.732113261329746 1.0
4.0 10.0 Car -1.0 -1.0 -1.0 -1.0 -1.0 -1.0 -1.0 2.192 1.799 4.403 1430.894 1.053 918.122 -0.7285178830537773 1.0
4.0 14.0 Car -1.0 -1.0 -1.0 -1.0 -1.0 -1.0 -1.0 1.982 1.949 3.941 1415.549 1.781 934.5 -0.7459711755737204 1.0
4.0 13.0 Car -1.0 -1.0 -1.0 -1.0 -1.0 -1.0 -1.0 2.235 1.819 5.151 1409.563 2.293 944.294 -0.7459711755737204 1.0
4.0 7.0 Car -1.0 -1.0 -1.0 -1.0 -1.0 -1.0 -1.0 2.002 1.589 4.253 1417.215 1.755 937.555 -0.7634139476613542 1.0
4.0 20.0 Car -1.0 -1.0 -1.0 -1.0 -1.0 -1.0 -1.0 1.864 1.911 4.856 1331.578 4.309 1008.866 -0.7285178830537773 1.0
4.0 18.0 Car -1.0 -1.0 -1.0 -1.0 -1.0 -1.0 -1.0 2.02 2.0 4.947 1505.492 0.798 868.741 2.4289921168192974 1.0
4.0 5.0 Car -1.0 -1.0 -1.0 -1.0 -1.0 -1.0 -1.0 2.255 1.572 4.697 1461.739 0.82 907.283 2.432255938983213 1.0
4.0 16.0 Car -1.0 -1.0 -1.0 -1.0 -1.0 -1.0 -1.0 2.404 2.361 5.786 1399.069 2.38 948.589 -0.7634244680936636 1.0
4.0 3.0 Car -1.0 -1.0 -1.0 -1.0 -1.0 -1.0 -1.0 2.19 1.724 4.336 1407.865 1.762 940.62 -0.7285178830537773 1.0
4.0 19.0 Car -1.0 -1.0 -1.0 -1.0 -1.0 -1.0 -1.0 2.061 2.077 4.418 1427.07 1.714 927.811 -0.7110645905338341 1.0
4.0 1.0 Car -1.0 -1.0 -1.0 -1.0 -1.0 -1.0 -1.0 2.027 1.601 4.115 1437.293 1.067 918.914 -0.7634244680936636 1.0
5.0 11.0 Car -1.0 -1.0 -1.0 -1.0 -1.0 -1.0 -1.0 2.371 1.637 5.278 1448.919 0.518 902.732 -0.732113261329746 1.0
5.0 10.0 Car -1.0 -1.0 -1.0 -1.0 -1.0 -1.0 -1.0 2.192 1.799 4.403 1434.465 0.903 914.844 -0.7285178830537773 1.0
5.0 14.0 Car -1.0 -1.0 -1.0 -1.0 -1.0 -1.0 -1.0 1.982 1.949 3.941 1417.454 1.738 932.545 -0.754289807677703 1.0
5.0 13.0 Car -1.0 -1.0 -1.0 -1.0 -1.0 -1.0 -1.0 2.235 1.819 5.151 1410.759 2.218 943.16 -0.7459711755737204 1.0
5.0 7.0 Car -1.0 -1.0 -1.0 -1.0 -1.0 -1.0 -1.0 2.002 1.589 4.253 1418.113 1.754 936.296 -0.7634244680936636 1.0
5.0 20.0 Car -1.0 -1.0 -1.0 -1.0 -1.0 -1.0 -1.0 1.864 1.911 4.856 1336.873 4.134 1004.283 -0.7118806188458126 1.0
5.0 18.0 Car -1.0 -1.0 -1.0 -1.0 -1.0 -1.0 -1.0 2.02 2.0 4.947 1501.411 0.799 872.256 2.431149005305565 1.0
5.0 5.0 Car -1.0 -1.0 -1.0 -1.0 -1.0 -1.0 -1.0 2.255 1.572 4.697 1460.438 0.823 908.428 2.432255938983213 0.0
5.0 16.0 Car -1.0 -1.0 -1.0 -1.0 -1.0 -1.0 -1.0 2.404 2.361 5.786 1399.072 2.37 948.598 -0.7634244680936636 1.0
5.0 3.0 Car -1.0 -1.0 -1.0 -1.0 -1.0 -1.0 -1.0 2.19 1.724 4.336 1408.808 1.699 939.763 -0.7285178830537773 1.0
5.0 19.0 Car -1.0 -1.0 -1.0 -1.0 -1.0 -1.0 -1.0 2.061 2.077 4.418 1429.851 1.614 925.056 -0.7459711755737204 1.0
5.0 1.0 Car -1.0 -1.0 -1.0 -1.0 -1.0 -1.0 -1.0 2.027 1.601 4.115 1440.25 0.967 916.085 -0.7634244680936636 1.0
6.0 11.0 Car -1.0 -1.0 -1.0 -1.0 -1.0 -1.0 -1.0 2.371 1.637 5.278 1454.023 0.453 898.155 -0.732113261329746 1.0
6.0 10.0 Car -1.0 -1.0 -1.0 -1.0 -1.0 -1.0 -1.0 2.192 1.799 4.403 1438.535 0.798 910.909 -0.7285178830537773 1.0
6.0 14.0 Car -1.0 -1.0 -1.0 -1.0 -1.0 -1.0 -1.0 1.982 1.949 3.941 1419.546 1.691 930.397 -0.7634244680936636 1.0
6.0 13.0 Car -1.0 -1.0 -1.0 -1.0 -1.0 -1.0 -1.0 2.235 1.819 5.151 1413.018 2.136 940.987 -0.7368311882059668 1.0
6.0 7.0 Car -1.0 -1.0 -1.0 -1.0 -1.0 -1.0 -1.0 2.002 1.589 4.253 1420.56 1.654 933.918 -0.7459711755737204 1.0
6.0 20.0 Car -1.0 -1.0 -1.0 -1.0 -1.0 -1.0 -1.0 1.864 1.911 4.856 1342.687 3.943 999.25 -0.693611298013891 1.0
6.0 2.0 Car -1.0 -1.0 -1.0 -1.0 -1.0 -1.0 -1.0 2.192 1.606 4.501 1478.758 0.556 891.475 2.414174327946049 0.0
6.0 18.0 Car -1.0 -1.0 -1.0 -1.0 -1.0 -1.0 -1.0 2.02 2.0 4.947 1496.931 0.8 876.115 2.433517476904124 1.0
6.0 5.0 Car -1.0 -1.0 -1.0 -1.0 -1.0 -1.0 -1.0 2.255 1.572 4.697 1459.327 0.827 909.411 2.432255938983213 0.0
6.0 16.0 Car -1.0 -1.0 -1.0 -1.0 -1.0 -1.0 -1.0 2.404 2.361 5.786 1399.08 2.261 948.653 -0.7285178830537773 1.0
6.0 3.0 Car -1.0 -1.0 -1.0 -1.0 -1.0 -1.0 -1.0 2.19 1.724 4.336 1409.762 1.629 938.895 -0.7376578704215309 1.0
6.0 19.0 Car -1.0 -1.0 -1.0 -1.0 -1.0 -1.0 -1.0 2.061 2.077 4.418 1433.093 1.499 921.749 -0.7634244680936636 1.0
6.0 1.0 Car -1.0 -1.0 -1.0 -1.0 -1.0 -1.0 -1.0 2.027 1.601 4.115 1443.787 0.962 912.602 -0.7983310531335496 1.0
6.0 0.0 Car -1.0 -1.0 -1.0 -1.0 -1.0 -1.0 -1.0 2.183 1.699 4.75 1309.765 5.023 1030.727 -0.693611298013891 0.0
7.0 11.0 Car -1.0 -1.0 -1.0 -1.0 -1.0 -1.0 -1.0 2.371 1.637 5.278 1458.762 0.394 894.048 -0.7146599688098028 1.0
7.0 10.0 Car -1.0 -1.0 -1.0 -1.0 -1.0 -1.0 -1.0 2.192 1.799 4.403 1442.34 0.802 907.36 -0.7285178830537773 1.0
7.0 14.0 Car -1.0 -1.0 -1.0 -1.0 -1.0 -1.0 -1.0 1.982 1.949 3.941 1422.318 1.427 928.04 -0.7808777606136066 1.0
7.0 13.0 Car -1.0 -1.0 -1.0 -1.0 -1.0 -1.0 -1.0 2.235 1.819 5.151 1415.073 2.061 939.011 -0.7285178830537773 1.0
7.0 7.0 Car -1.0 -1.0 -1.0 -1.0 -1.0 -1.0 -1.0 2.002 1.589 4.253 1423.012 1.554 931.575 -0.7459711755737204 1.0
7.0 20.0 Car -1.0 -1.0 -1.0 -1.0 -1.0 -1.0 -1.0 1.864 1.911 4.856 1348.08 3.793 994.792 -0.693611298013891 1.0
7.0 2.0 Car -1.0 -1.0 -1.0 -1.0 -1.0 -1.0 -1.0 2.192 1.606 4.501 1475.288 0.605 894.565 2.414174327946049 1.0
7.0 18.0 Car -1.0 -1.0 -1.0 -1.0 -1.0 -1.0 -1.0 2.02 2.0 4.947 1492.855 0.8 879.626 2.4356717279277724 1.0
7.0 5.0 Car -1.0 -1.0 -1.0 -1.0 -1.0 -1.0 -1.0 2.255 1.572 4.697 1458.563 0.83 910.094 2.432255938983213 0.0
7.0 16.0 Car -1.0 -1.0 -1.0 -1.0 -1.0 -1.0 -1.0 2.404 2.361 5.786 1402.529 2.161 945.439 -0.7546978567491457 1.0
7.0 3.0 Car -1.0 -1.0 -1.0 -1.0 -1.0 -1.0 -1.0 2.19 1.724 4.336 1410.63 1.566 938.105 -0.7459711755737204 1.0
7.0 19.0 Car -1.0 -1.0 -1.0 -1.0 -1.0 -1.0 -1.0 2.061 2.077 4.418 1436.351 1.245 918.645 -0.7459711755737204 1.0
7.0 1.0 Car -1.0 -1.0 -1.0 -1.0 -1.0 -1.0 -1.0 2.027 1.601 4.115 1447.031 1.003 909.334 -0.7808777606136066 1.0
7.0 0.0 Car -1.0 -1.0 -1.0 -1.0 -1.0 -1.0 -1.0 2.183 1.699 4.75 1316.058 4.847 1025.976 -0.693611298013891 1.0
8.0 11.0 Car -1.0 -1.0 -1.0 -1.0 -1.0 -1.0 -1.0 2.371 1.637 5.278 1463.578 0.335 889.872 -0.7146599688098028 1.0
8.0 10.0 Car -1.0 -1.0 -1.0 -1.0 -1.0 -1.0 -1.0 2.192 1.799 4.403 1446.439 0.707 903.548 -0.7285178830537773 1.0
8.0 14.0 Car -1.0 -1.0 -1.0 -1.0 -1.0 -1.0 -1.0 1.982 1.949 3.941 1424.36 1.363 925.821 -0.7808777606136066 1.0
8.0 13.0 Car -1.0 -1.0 -1.0 -1.0 -1.0 -1.0 -1.0 2.235 1.819 5.151 1417.243 1.986 936.91 -0.7285178830537773 1.0
8.0 7.0 Car -1.0 -1.0 -1.0 -1.0 -1.0 -1.0 -1.0 2.002 1.589 4.253 1425.51 1.505 929.19 -0.7459711755737204 1.0
8.0 20.0 Car -1.0 -1.0 -1.0 -1.0 -1.0 -1.0 -1.0 1.864 1.911 4.856 1353.473 3.642 990.335 -0.693611298013891 1.0
8.0 2.0 Car -1.0 -1.0 -1.0 -1.0 -1.0 -1.0 -1.0 2.192 1.606 4.501 1472.397 0.655 897.139 2.414174327946049 1.0
8.0 18.0 Car -1.0 -1.0 -1.0 -1.0 -1.0 -1.0 -1.0 2.02 2.0 4.947 1488.78 0.801 883.136 2.437825961713103 1.0
8.0 5.0 Car -1.0 -1.0 -1.0 -1.0 -1.0 -1.0 -1.0 2.255 1.572 4.697 1458.044 0.834 910.567 2.432255938983213 0.0
8.0 16.0 Car -1.0 -1.0 -1.0 -1.0 -1.0 -1.0 -1.0 2.404 2.361 5.786 1403.411 2.061 944.678 -0.7459711755737204 1.0
8.0 3.0 Car -1.0 -1.0 -1.0 -1.0 -1.0 -1.0 -1.0 2.19 1.724 4.336 1413.809 1.52 935.219 -0.7416066715407208 1.0
8.0 19.0 Car -1.0 -1.0 -1.0 -1.0 -1.0 -1.0 -1.0 2.061 2.077 4.418 1439.893 1.159 915.36 -0.7983310531335496 1.0
8.0 1.0 Car -1.0 -1.0 -1.0 -1.0 -1.0 -1.0 -1.0 2.027 1.601 4.115 1449.97 0.894 906.344 -0.7459711755737204 1.0
8.0 0.0 Car -1.0 -1.0 -1.0 -1.0 -1.0 -1.0 -1.0 2.183 1.699 4.75 1321.157 4.671 1021.834 -0.693611298013891 1.0
9.0 11.0 Car -1.0 -1.0 -1.0 -1.0 -1.0 -1.0 -1.0 2.371 1.637 5.278 1468.475 0.276 885.577 -0.732113261329746 1.0
9.0 10.0 Car -1.0 -1.0 -1.0 -1.0 -1.0 -1.0 -1.0 2.192 1.799 4.403 1450.639 0.612 899.85 -0.7285178830537773 1.0
9.0 14.0 Car -1.0 -1.0 -1.0 -1.0 -1.0 -1.0 -1.0 1.982 1.949 3.941 1427.049 1.21 923.005 -0.7808777606136066 1.0
9.0 13.0 Car -1.0 -1.0 -1.0 -1.0 -1.0 -1.0 -1.0 2.235 1.819 5.151 1419.412 1.911 934.808 -0.7285178830537773 1.0
9.0 4.0 Car -1.0 -1.0 -1.0 -1.0 -1.0 -1.0 -1.0 2.245 1.812 4.936 1388.206 2.583 957.213 -0.7110645905338341 0.0
9.0 7.0 Car -1.0 -1.0 -1.0 -1.0 -1.0 -1.0 -1.0 2.002 1.589 4.253 1427.763 1.355 926.632 -0.7459711755737204 1.0
9.0 20.0 Car -1.0 -1.0 -1.0 -1.0 -1.0 -1.0 -1.0 1.864 1.911 4.856 1358.866 3.492 985.877 -0.693611298013891 1.0
9.0 21.0 Car -1.0 -1.0 -1.0 -1.0 -1.0 -1.0 -1.0 2.295 2.06 4.945 1396.802 2.428 950.675 -0.7110645905338341 0.0
9.0 2.0 Car -1.0 -1.0 -1.0 -1.0 -1.0 -1.0 -1.0 2.192 1.606 4.501 1469.806 0.705 899.446 2.414174327946049 1.0
9.0 18.0 Car -1.0 -1.0 -1.0 -1.0 -1.0 -1.0 -1.0 2.02 2.0 4.947 1484.704 0.802 886.647 2.439980285999602 1.0
9.0 5.0 Car -1.0 -1.0 -1.0 -1.0 -1.0 -1.0 -1.0 2.255 1.572 4.697 1457.745 0.837 910.851 2.432255938983213 0.0
9.0 16.0 Car -1.0 -1.0 -1.0 -1.0 -1.0 -1.0 -1.0 2.404 2.361 5.786 1406.386 2.061 941.889 -0.7459711755737204 1.0
9.0 3.0 Car -1.0 -1.0 -1.0 -1.0 -1.0 -1.0 -1.0 2.19 1.724 4.336 1416.988 1.473 932.332 -0.7372419841512458 0.0
9.0 19.0 Car -1.0 -1.0 -1.0 -1.0 -1.0 -1.0 -1.0 2.061 2.077 4.418 1443.649 1.136 911.876 -0.7459711755737204 1.0
9.0 1.0 Car -1.0 -1.0 -1.0 -1.0 -1.0 -1.0 -1.0 2.027 1.601 4.115 1454.512 0.785 902.108 -0.7634244680936636 1.0
9.0 0.0 Car -1.0 -1.0 -1.0 -1.0 -1.0 -1.0 -1.0 2.183 1.699 4.75 1326.162 4.495 1017.579 -0.693611298013891 1.0
10.0 11.0 Car -1.0 -1.0 -1.0 -1.0 -1.0 -1.0 -1.0 2.371 1.637 5.278 1473.503 0.217 881.167 -0.732113261329746 1.0
10.0 10.0 Car -1.0 -1.0 -1.0 -1.0 -1.0 -1.0 -1.0 2.192 1.799 4.403 1455.588 0.666 895.808 -0.7285178830537773 1.0
10.0 14.0 Car -1.0 -1.0 -1.0 -1.0 -1.0 -1.0 -1.0 1.982 1.949 3.941 1430.281 1.034 919.822 -0.7634244680936636 1.0
10.0 13.0 Car -1.0 -1.0 -1.0 -1.0 -1.0 -1.0 -1.0 2.235 1.819 5.151 1422.238 1.811 932.002 -0.7285178830537773 1.0
10.0 4.0 Car -1.0 -1.0 -1.0 -1.0 -1.0 -1.0 -1.0 2.245 1.812 4.936 1389.031 2.558 956.507 -0.7197960753234279 1.0
10.0 7.0 Car -1.0 -1.0 -1.0 -1.0 -1.0 -1.0 -1.0 2.002 1.589 4.253 1431.868 1.255 923.405 -0.7459711755737204 1.0
10.0 20.0 Car -1.0 -1.0 -1.0 -1.0 -1.0 -1.0 -1.0 1.864 1.911 4.856 1364.258 3.342 981.42 -0.693611298013891 1.0
10.0 21.0 Car -1.0 -1.0 -1.0 -1.0 -1.0 -1.0 -1.0 2.295 2.06 4.945 1398.174 2.327 949.451 -0.7285178830537773 1.0
10.0 2.0 Car -1.0 -1.0 -1.0 -1.0 -1.0 -1.0 -1.0 2.192 1.606 4.501 1467.816 0.755 901.217 2.414174327946049 1.0
10.0 18.0 Car -1.0 -1.0 -1.0 -1.0 -1.0 -1.0 -1.0 2.02 2.0 4.947 1480.629 0.802 890.157 2.4421345025466152 1.0
10.0 5.0 Car -1.0 -1.0 -1.0 -1.0 -1.0 -1.0 -1.0 2.255 1.572 4.697 1457.618 0.84 910.987 2.432255938983213 0.0
10.0 16.0 Car -1.0 -1.0 -1.0 -1.0 -1.0 -1.0 -1.0 2.404 2.361 5.786 1409.361 2.061 939.1 -0.7459711755737204 1.0
10.0 3.0 Car -1.0 -1.0 -1.0 -1.0 -1.0 -1.0 -1.0 2.19 1.724 4.336 1420.168 1.427 929.445 -0.7328775150432891 0.0
10.0 19.0 Car -1.0 -1.0 -1.0 -1.0 -1.0 -1.0 -1.0 2.061 2.077 4.418 1447.5 1.123 908.222 -0.7459711755737204 1.0
10.0 1.0 Car -1.0 -1.0 -1.0 -1.0 -1.0 -1.0 -1.0 2.027 1.601 4.115 1458.311 0.726 898.749 -0.7285178830537773 1.0
10.0 0.0 Car -1.0 -1.0 -1.0 -1.0 -1.0 -1.0 -1.0 2.183 1.699 4.75 1331.168 4.32 1013.324 -0.693611298013891 1.0
11.0 11.0 Car -1.0 -1.0 -1.0 -1.0 -1.0 -1.0 -1.0 2.371 1.637 5.278 1478.551 0.159 876.738 -0.732113261329746 1.0
11.0 10.0 Car -1.0 -1.0 -1.0 -1.0 -1.0 -1.0 -1.0 2.192 1.799 4.403 1460.279 0.671 891.67 -0.7285178830537773 1.0
11.0 14.0 Car -1.0 -1.0 -1.0 -1.0 -1.0 -1.0 -1.0 1.982 1.949 3.941 1433.811 0.97 916.408 -0.7459711755737204 0.0
11.0 13.0 Car -1.0 -1.0 -1.0 -1.0 -1.0 -1.0 -1.0 2.235 1.819 5.151 1425.06 1.711 929.199 -0.7285178830537773 0.0
11.0 4.0 Car -1.0 -1.0 -1.0 -1.0 -1.0 -1.0 -1.0 2.245 1.812 4.936 1389.854 2.533 955.802 -0.7285178830537773 1.0
11.0 7.0 Car -1.0 -1.0 -1.0 -1.0 -1.0 -1.0 -1.0 2.002 1.589 4.253 1435.083 1.155 920.283 -0.7459711755737204 1.0
11.0 20.0 Car -1.0 -1.0 -1.0 -1.0 -1.0 -1.0 -1.0 1.864 1.911 4.856 1369.632 3.192 977.086 -0.6848896910451265 1.0
11.0 21.0 Car -1.0 -1.0 -1.0 -1.0 -1.0 -1.0 -1.0 2.295 2.06 4.945 1399.71 2.227 948.121 -0.7285178830537773 1.0
11.0 2.0 Car -1.0 -1.0 -1.0 -1.0 -1.0 -1.0 -1.0 2.192 1.606 4.501 1466.106 0.755 902.739 2.414174327946049 1.0
11.0 18.0 Car -1.0 -1.0 -1.0 -1.0 -1.0 -1.0 -1.0 2.02 2.0 4.947 1477.503 0.802 892.924 2.424681210026672 1.0
11.0 5.0 Car -1.0 -1.0 -1.0 -1.0 -1.0 -1.0 -1.0 2.255 1.572 4.697 1457.618 0.84 910.987 2.432255938983213 0.0
11.0 16.0 Car -1.0 -1.0 -1.0 -1.0 -1.0 -1.0 -1.0 2.404 2.361 5.786 1411.278 2.062 937.362 -0.7634244680936636 1.0
11.0 3.0 Car -1.0 -1.0 -1.0 -1.0 -1.0 -1.0 -1.0 2.19 1.724 4.336 1423.344 1.314 926.562 -0.7285178830537773 0.0
11.0 19.0 Car -1.0 -1.0 -1.0 -1.0 -1.0 -1.0 -1.0 2.061 2.077 4.418 1452.055 0.977 904.206 -0.7459711755737204 1.0
11.0 1.0 Car -1.0 -1.0 -1.0 -1.0 -1.0 -1.0 -1.0 2.027 1.601 4.115 1462.578 0.617 895.013 -0.7110645905338341 1.0
11.0 0.0 Car -1.0 -1.0 -1.0 -1.0 -1.0 -1.0 -1.0 2.183 1.699 4.75 1336.987 4.144 1008.279 -0.6994267328127255 1.0
12.0 11.0 Car -1.0 -1.0 -1.0 -1.0 -1.0 -1.0 -1.0 2.371 1.637 5.278 1483.631 0.1 872.281 -0.732113261329746 0.0
12.0 10.0 Car -1.0 -1.0 -1.0 -1.0 -1.0 -1.0 -1.0 2.192 1.799 4.403 1465.132 0.267 887.429 -0.7285178830537773 1.0
12.0 14.0 Car -1.0 -1.0 -1.0 -1.0 -1.0 -1.0 -1.0 1.982 1.949 3.941 1437.388 0.856 913.036 -0.7285178830537773 0.0
12.0 13.0 Car -1.0 -1.0 -1.0 -1.0 -1.0 -1.0 -1.0 2.235 1.819 5.151 1428.258 1.511 926.25 -0.7459711755737204 0.0
12.0 4.0 Car -1.0 -1.0 -1.0 -1.0 -1.0 -1.0 -1.0 2.245 1.812 4.936 1391.44 2.483 954.417 -0.7285178830537773 1.0
12.0 7.0 Car -1.0 -1.0 -1.0 -1.0 -1.0 -1.0 -1.0 2.002 1.589 4.253 1438.795 0.955 916.861 -0.7459711755737204 1.0
12.0 20.0 Car -1.0 -1.0 -1.0 -1.0 -1.0 -1.0 -1.0 1.864 1.911 4.856 1375.013 3.042 972.747 -0.6761580054939479 1.0
12.0 21.0 Car -1.0 -1.0 -1.0 -1.0 -1.0 -1.0 -1.0 2.295 2.06 4.945 1401.447 2.127 946.524 -0.7285178830537773 1.0
12.0 2.0 Car -1.0 -1.0 -1.0 -1.0 -1.0 -1.0 -1.0 2.192 1.606 4.501 1464.787 0.755 903.913 2.414174327946049 0.0
12.0 18.0 Car -1.0 -1.0 -1.0 -1.0 -1.0 -1.0 -1.0 2.02 2.0 4.947 1475.271 0.802 894.851 2.424681210026672 1.0
12.0 5.0 Car -1.0 -1.0 -1.0 -1.0 -1.0 -1.0 -1.0 2.255 1.572 4.697 1457.618 0.84 910.987 2.432255938983213 0.0
12.0 16.0 Car -1.0 -1.0 -1.0 -1.0 -1.0 -1.0 -1.0 2.404 2.361 5.786 1414.719 1.912 934.028 -0.7459711755737204 1.0
12.0 3.0 Car -1.0 -1.0 -1.0 -1.0 -1.0 -1.0 -1.0 2.19 1.724 4.336 1426.49 1.064 923.374 -0.7459711755737204 0.0
12.0 19.0 Car -1.0 -1.0 -1.0 -1.0 -1.0 -1.0 -1.0 2.061 2.077 4.418 1456.433 0.973 900.547 -0.7459711755737204 1.0
12.0 1.0 Car -1.0 -1.0 -1.0 -1.0 -1.0 -1.0 -1.0 2.027 1.601 4.115 1466.865 0.508 891.387 -0.7110645905338341 1.0
12.0 0.0 Car -1.0 -1.0 -1.0 -1.0 -1.0 -1.0 -1.0 2.183 1.699 4.75 1342.813 3.968 1003.228 -0.7052488878569347 1.0
13.0 11.0 Car -1.0 -1.0 -1.0 -1.0 -1.0 -1.0 -1.0 2.371 1.637 5.278 1488.532 0.291 867.845 -0.732113261329746 0.0
13.0 10.0 Car -1.0 -1.0 -1.0 -1.0 -1.0 -1.0 -1.0 2.192 1.799 4.403 1470.138 0.263 883.051 -0.7285178830537773 0.0
13.0 14.0 Car -1.0 -1.0 -1.0 -1.0 -1.0 -1.0 -1.0 1.982 1.949 3.941 1441.546 0.842 909.138 -0.7285178830537773 0.0
13.0 13.0 Car -1.0 -1.0 -1.0 -1.0 -1.0 -1.0 -1.0 2.235 1.819 5.151 1431.793 1.362 922.941 -0.7285178830537773 0.0
13.0 4.0 Car -1.0 -1.0 -1.0 -1.0 -1.0 -1.0 -1.0 2.245 1.812 4.936 1393.024 2.433 953.033 -0.7285178830537773 1.0
13.0 7.0 Car -1.0 -1.0 -1.0 -1.0 -1.0 -1.0 -1.0 2.002 1.589 4.253 1442.603 0.955 913.222 -0.7459711755737204 1.0
13.0 20.0 Car -1.0 -1.0 -1.0 -1.0 -1.0 -1.0 -1.0 1.864 1.911 4.856 1380.41 2.891 968.437 -0.6761580054939479 1.0
13.0 21.0 Car -1.0 -1.0 -1.0 -1.0 -1.0 -1.0 -1.0 2.295 2.06 4.945 1403.788 2.051 944.388 -0.7285178830537773 1.0
13.0 2.0 Car -1.0 -1.0 -1.0 -1.0 -1.0 -1.0 -1.0 2.192 1.606 4.501 1463.655 0.755 904.921 2.414174327946049 0.0
13.0 18.0 Car -1.0 -1.0 -1.0 -1.0 -1.0 -1.0 -1.0 2.02 2.0 4.947 1473.133 0.852 896.788 2.407227917506729 1.0
13.0 5.0 Car -1.0 -1.0 -1.0 -1.0 -1.0 -1.0 -1.0 2.255 1.572 4.697 1457.618 0.84 910.987 2.432255938983213 0.0
13.0 16.0 Car -1.0 -1.0 -1.0 -1.0 -1.0 -1.0 -1.0 2.404 2.361 5.786 1417.379 1.912 931.379 -0.7808777606136066 1.0
13.0 3.0 Car -1.0 -1.0 -1.0 -1.0 -1.0 -1.0 -1.0 2.19 1.724 4.336 1429.542 0.914 920.31 -0.7459711755737204 0.0
13.0 19.0 Car -1.0 -1.0 -1.0 -1.0 -1.0 -1.0 -1.0 2.061 2.077 4.418 1460.902 0.919 896.712 -0.7459711755737204 0.0
13.0 1.0 Car -1.0 -1.0 -1.0 -1.0 -1.0 -1.0 -1.0 2.027 1.601 4.115 1471.5 0.474 887.333 -0.7285085905052879 0.0
13.0 0.0 Car -1.0 -1.0 -1.0 -1.0 -1.0 -1.0 -1.0 2.183 1.699 4.75 1348.633 3.792 998.182 -0.7110645905338341 1.0
14.0 11.0 Car -1.0 -1.0 -1.0 -1.0 -1.0 -1.0 -1.0 2.371 1.637 5.278 1493.236 0.182 863.491 -0.732113261329746 0.0
14.0 10.0 Car -1.0 -1.0 -1.0 -1.0 -1.0 -1.0 -1.0 2.192 1.799 4.403 1475.126 0.26 878.689 -0.7285178830537773 0.0
14.0 14.0 Car -1.0 -1.0 -1.0 -1.0 -1.0 -1.0 -1.0 1.982 1.949 3.941 1445.471 1.028 905.491 -0.7285178830537773 0.0
14.0 13.0 Car -1.0 -1.0 -1.0 -1.0 -1.0 -1.0 -1.0 2.235 1.819 5.151 1435.516 1.162 919.464 -0.7285178830537773 0.0
14.0 4.0 Car -1.0 -1.0 -1.0 -1.0 -1.0 -1.0 -1.0 2.245 1.812 4.936 1394.609 2.383 951.648 -0.7285178830537773 1.0
14.0 7.0 Car -1.0 -1.0 -1.0 -1.0 -1.0 -1.0 -1.0 2.002 1.589 4.253 1446.752 0.955 909.428 -0.7459711755737204 1.0
14.0 20.0 Car -1.0 -1.0 -1.0 -1.0 -1.0 -1.0 -1.0 1.864 1.911 4.856 1385.813 2.741 964.124 -0.6761580054939479 1.0
14.0 21.0 Car -1.0 -1.0 -1.0 -1.0 -1.0 -1.0 -1.0 2.295 2.06 4.945 1406.131 1.976 942.251 -0.7285178830537773 1.0
14.0 2.0 Car -1.0 -1.0 -1.0 -1.0 -1.0 -1.0 -1.0 2.192 1.606 4.501 1462.846 0.755 905.642 2.414174327946049 0.0
14.0 18.0 Car -1.0 -1.0 -1.0 -1.0 -1.0 -1.0 -1.0 2.02 2.0 4.947 1471.419 0.919 898.319 2.407227917506729 1.0
14.0 5.0 Car -1.0 -1.0 -1.0 -1.0 -1.0 -1.0 -1.0 2.255 1.572 4.697 1457.618 0.84 910.987 2.432255938983213 0.0
14.0 16.0 Car -1.0 -1.0 -1.0 -1.0 -1.0 -1.0 -1.0 2.404 2.361 5.786 1420.463 1.612 928.32 -0.7808777606136066 1.0
14.0 15.0 Car -1.0 -1.0 -1.0 -1.0 -1.0 -1.0 -1.0 2.298 2.008 5.334 1262.741 5.419 1061.576 -0.6412514204540618 0.0
14.0 3.0 Car -1.0 -1.0 -1.0 -1.0 -1.0 -1.0 -1.0 2.19 1.724 4.336 1433.267 0.914 916.868 -0.7459711755737204 0.0
14.0 19.0 Car -1.0 -1.0 -1.0 -1.0 -1.0 -1.0 -1.0 2.061 2.077 4.418 1465.541 0.714 892.628 -0.7459711755737204 0.0
14.0 1.0 Car -1.0 -1.0 -1.0 -1.0 -1.0 -1.0 -1.0 2.027 1.601 4.115 1476.139 0.44 883.275 -0.7459711755737204 0.0
14.0 12.0 Car -1.0 -1.0 -1.0 -1.0 -1.0 -1.0 -1.0 1.975 1.542 4.64 1461.272 0.67 916.178 2.443338779758429 0.0
14.0 0.0 Car -1.0 -1.0 -1.0 -1.0 -1.0 -1.0 -1.0 2.183 1.699 4.75 1354.424 3.617 993.09 -0.7110645905338341 1.0
15.0 11.0 Car -1.0 -1.0 -1.0 -1.0 -1.0 -1.0 -1.0 2.371 1.637 5.278 1497.838 0.192 859.479 -0.732113261329746 0.0
15.0 10.0 Car -1.0 -1.0 -1.0 -1.0 -1.0 -1.0 -1.0 2.192 1.799 4.403 1481.014 0.257 873.606 -0.7285178830537773 0.0
15.0 14.0 Car -1.0 -1.0 -1.0 -1.0 -1.0 -1.0 -1.0 1.982 1.949 3.941 1449.888 1.028 901.402 -0.7459711755737204 0.0
15.0 13.0 Car -1.0 -1.0 -1.0 -1.0 -1.0 -1.0 -1.0 2.235 1.819 5.151 1439.346 1.061 915.893 -0.7285178830537773 0.0
15.0 4.0 Car -1.0 -1.0 -1.0 -1.0 -1.0 -1.0 -1.0 2.245 1.812 4.936 1396.987 2.283 949.45 -0.7459621374434815 1.0
15.0 7.0 Car -1.0 -1.0 -1.0 -1.0 -1.0 -1.0 -1.0 2.002 1.589 4.253 1450.837 0.955 905.65 -0.7459711755737204 1.0
15.0 20.0 Car -1.0 -1.0 -1.0 -1.0 -1.0 -1.0 -1.0 1.864 1.911 4.856 1391.997 2.591 959.182 -0.6761580054939479 1.0
15.0 21.0 Car -1.0 -1.0 -1.0 -1.0 -1.0 -1.0 -1.0 2.295 2.06 4.945 1408.588 1.925 939.997 -0.7285178830537773 1.0
15.0 2.0 Car -1.0 -1.0 -1.0 -1.0 -1.0 -1.0 -1.0 2.192 1.606 4.501 1462.36 0.805 906.074 2.414174327946049 0.0
15.0 18.0 Car -1.0 -1.0 -1.0 -1.0 -1.0 -1.0 -1.0 2.02 2.0 4.947 1470.115 0.935 899.527 2.407227917506729 0.0
15.0 5.0 Car -1.0 -1.0 -1.0 -1.0 -1.0 -1.0 -1.0 2.255 1.572 4.697 1457.618 0.84 910.987 2.432255938983213 0.0
15.0 16.0 Car -1.0 -1.0 -1.0 -1.0 -1.0 -1.0 -1.0 2.404 2.361 5.786 1424.207 1.562 924.718 -0.7808777606136066 1.0
15.0 15.0 Car -1.0 -1.0 -1.0 -1.0 -1.0 -1.0 -1.0 2.298 2.008 5.334 1270.422 5.377 1055.874 -0.6412514204540618 1.0
15.0 3.0 Car -1.0 -1.0 -1.0 -1.0 -1.0 -1.0 -1.0 2.19 1.724 4.336 1437.145 0.814 913.284 -0.7459711755737204 0.0
15.0 19.0 Car -1.0 -1.0 -1.0 -1.0 -1.0 -1.0 -1.0 2.061 2.077 4.418 1470.344 0.789 888.672 -0.693611298013891 0.0
15.0 1.0 Car -1.0 -1.0 -1.0 -1.0 -1.0 -1.0 -1.0 2.027 1.601 4.115 1481.117 0.456 878.98 -0.7430643645652176 0.0
15.0 12.0 Car -1.0 -1.0 -1.0 -1.0 -1.0 -1.0 -1.0 1.975 1.542 4.64 1461.272 0.67 916.178 2.443338779758429 0.0
15.0 0.0 Car -1.0 -1.0 -1.0 -1.0 -1.0 -1.0 -1.0 2.183 1.699 4.75 1360.214 3.441 987.998 -0.7110645905338341 1.0
16.0 11.0 Car -1.0 -1.0 -1.0 -1.0 -1.0 -1.0 -1.0 2.371 1.637 5.278 1502.445 0.202 855.463 -0.732113261329746 0.0
16.0 8.0 Car -1.0 -1.0 -1.0 -1.0 -1.0 -1.0 -1.0 2.02 1.841 4.833 1465.46 0.872 908.581 2.425885487238486 0.0
16.0 10.0 Car -1.0 -1.0 -1.0 -1.0 -1.0 -1.0 -1.0 2.192 1.799 4.403 1485.846 0.253 869.465 -0.7285178830537773 0.0
16.0 14.0 Car -1.0 -1.0 -1.0 -1.0 -1.0 -1.0 -1.0 1.982 1.949 3.941 1454.73 0.628 896.928 -0.7459711755737204 0.0
16.0 13.0 Car -1.0 -1.0 -1.0 -1.0 -1.0 -1.0 -1.0 2.235 1.819 5.151 1443.303 1.061 912.35 -0.7285178830537773 0.0
16.0 4.0 Car -1.0 -1.0 -1.0 -1.0 -1.0 -1.0 -1.0 2.245 1.812 4.936 1399.367 2.183 947.25 -0.7634244680936636 1.0
16.0 7.0 Car -1.0 -1.0 -1.0 -1.0 -1.0 -1.0 -1.0 2.002 1.589 4.253 1455.586 0.755 901.548 -0.7110645905338341 1.0
16.0 20.0 Car -1.0 -1.0 -1.0 -1.0 -1.0 -1.0 -1.0 1.864 1.911 4.856 1398.149 2.44 954.182 -0.693611298013891 1.0
16.0 21.0 Car -1.0 -1.0 -1.0 -1.0 -1.0 -1.0 -1.0 2.295 2.06 4.945 1411.534 1.9 937.308 -0.7285178830537773 1.0
16.0 2.0 Car -1.0 -1.0 -1.0 -1.0 -1.0 -1.0 -1.0 2.192 1.606 4.501 1462.106 0.855 906.3 2.414174327946049 0.0
16.0 18.0 Car -1.0 -1.0 -1.0 -1.0 -1.0 -1.0 -1.0 2.02 2.0 4.947 1468.811 0.952 900.736 2.407227917506729 0.0
16.0 5.0 Car -1.0 -1.0 -1.0 -1.0 -1.0 -1.0 -1.0 2.255 1.572 4.697 1457.618 0.84 910.987 2.432255938983213 0.0
16.0 16.0 Car -1.0 -1.0 -1.0 -1.0 -1.0 -1.0 -1.0 2.404 2.361 5.786 1427.628 1.212 921.272 -0.7634244680936636 1.0
16.0 15.0 Car -1.0 -1.0 -1.0 -1.0 -1.0 -1.0 -1.0 2.298 2.008 5.334 1278.11 5.335 1050.167 -0.6412514204540618 1.0
16.0 3.0 Car -1.0 -1.0 -1.0 -1.0 -1.0 -1.0 -1.0 2.19 1.724 4.336 1440.918 0.814 909.797 -0.7459711755737204 0.0
16.0 19.0 Car -1.0 -1.0 -1.0 -1.0 -1.0 -1.0 -1.0 2.061 2.077 4.418 1475.124 0.706 884.506 -0.693611298013891 0.0
16.0 1.0 Car -1.0 -1.0 -1.0 -1.0 -1.0 -1.0 -1.0 2.027 1.601 4.115 1486.1 0.472 874.682 -0.7401545414318179 0.0
16.0 12.0 Car -1.0 -1.0 -1.0 -1.0 -1.0 -1.0 -1.0 1.975 1.542 4.64 1461.272 0.67 916.178 2.443338779758429 0.0
16.0 0.0 Car -1.0 -1.0 -1.0 -1.0 -1.0 -1.0 -1.0 2.183 1.699 4.75 1366.011 3.265 982.9 -0.7110645905338341 1.0
17.0 11.0 Car -1.0 -1.0 -1.0 -1.0 -1.0 -1.0 -1.0 2.371 1.637 5.278 1507.052 0.211 851.446 -0.732113261329746 0.0
17.0 8.0 Car -1.0 -1.0 -1.0 -1.0 -1.0 -1.0 -1.0 2.02 1.841 4.833 1465.471 0.872 908.594 2.425885487238486 0.0
17.0 10.0 Car -1.0 -1.0 -1.0 -1.0 -1.0 -1.0 -1.0 2.192 1.799 4.403 1491.018 0.243 865.005 -0.7328834950885311 0.0
17.0 14.0 Car -1.0 -1.0 -1.0 -1.0 -1.0 -1.0 -1.0 1.982 1.949 3.941 1459.645 0.59 892.499 -0.7110645905338341 0.0
17.0 13.0 Car -1.0 -1.0 -1.0 -1.0 -1.0 -1.0 -1.0 2.235 1.819 5.151 1447.419 0.961 908.665 -0.7285178830537773 0.0
17.0 4.0 Car -1.0 -1.0 -1.0 -1.0 -1.0 -1.0 -1.0 2.245 1.812 4.936 1402.039 2.083 944.617 -0.7692443333881491 1.0
17.0 7.0 Car -1.0 -1.0 -1.0 -1.0 -1.0 -1.0 -1.0 2.002 1.589 4.253 1460.042 0.605 897.61 -0.7110645905338341 0.0
17.0 20.0 Car -1.0 -1.0 -1.0 -1.0 -1.0 -1.0 -1.0 1.864 1.911 4.856 1404.173 2.29 949.026 -0.7110645905338341 1.0
17.0 21.0 Car -1.0 -1.0 -1.0 -1.0 -1.0 -1.0 -1.0 2.295 2.06 4.945 1414.479 1.874 934.618 -0.7285178830537773 1.0
17.0 2.0 Car -1.0 -1.0 -1.0 -1.0 -1.0 -1.0 -1.0 2.192 1.606 4.501 1462.06 0.855 906.342 2.414174327946049 0.0
17.0 18.0 Car -1.0 -1.0 -1.0 -1.0 -1.0 -1.0 -1.0 2.02 2.0 4.947 1468.143 0.952 901.318 2.407227917506729 0.0
17.0 5.0 Car -1.0 -1.0 -1.0 -1.0 -1.0 -1.0 -1.0 2.255 1.572 4.697 1457.618 0.84 910.987 2.432255938983213 1.0
17.0 9.0 Truck -1.0 -1.0 -1.0 -1.0 -1.0 -1.0 -1.0 2.272 1.977 5.5 1466.99 0.865 911.418 2.4270374045299796 0.0
17.0 16.0 Car -1.0 -1.0 -1.0 -1.0 -1.0 -1.0 -1.0 2.404 2.361 5.786 1431.44 1.162 917.779 -0.7634244680936636 1.0
17.0 15.0 Car -1.0 -1.0 -1.0 -1.0 -1.0 -1.0 -1.0 2.298 2.008 5.334 1285.624 5.142 1044.225 -0.6412514204540618 1.0
17.0 3.0 Car -1.0 -1.0 -1.0 -1.0 -1.0 -1.0 -1.0 2.19 1.724 4.336 1445.02 0.814 906.007 -0.7285178830537773 0.0
17.0 19.0 Car -1.0 -1.0 -1.0 -1.0 -1.0 -1.0 -1.0 2.061 2.077 4.418 1479.87 0.626 880.275 -0.693611298013891 0.0
17.0 1.0 Car -1.0 -1.0 -1.0 -1.0 -1.0 -1.0 -1.0 2.027 1.601 4.115 1491.099 0.488 870.369 -0.737244607815073 0.0
17.0 12.0 Car -1.0 -1.0 -1.0 -1.0 -1.0 -1.0 -1.0 1.975 1.542 4.64 1461.272 0.67 916.178 2.443338779758429 1.0
17.0 0.0 Car -1.0 -1.0 -1.0 -1.0 -1.0 -1.0 -1.0 2.183 1.699 4.75 1371.643 3.105 977.945 -0.7154290670851529 1.0
18.0 11.0 Car -1.0 -1.0 -1.0 -1.0 -1.0 -1.0 -1.0 2.371 1.637 5.278 1511.654 0.221 847.434 -0.732113261329746 0.0
18.0 8.0 Car -1.0 -1.0 -1.0 -1.0 -1.0 -1.0 -1.0 2.02 1.841 4.833 1465.482 0.872 908.606 2.425885487238486 0.0
18.0 10.0 Car -1.0 -1.0 -1.0 -1.0 -1.0 -1.0 -1.0 2.192 1.799 4.403 1496.184 0.234 860.551 -0.7372443264855987 0.0
18.0 14.0 Car -1.0 -1.0 -1.0 -1.0 -1.0 -1.0 -1.0 1.982 1.949 3.941 1464.586 -0.072 888.104 -0.7110645905338341 0.0
18.0 13.0 Car -1.0 -1.0 -1.0 -1.0 -1.0 -1.0 -1.0 2.235 1.819 5.151 1452.035 0.861 904.486 -0.7285178830537773 0.0
18.0 4.0 Car -1.0 -1.0 -1.0 -1.0 -1.0 -1.0 -1.0 2.245 1.812 4.936 1404.708 1.983 941.987 -0.7750578255401894 1.0
18.0 7.0 Car -1.0 -1.0 -1.0 -1.0 -1.0 -1.0 -1.0 2.002 1.589 4.253 1464.575 0.505 893.605 -0.7110645905338341 0.0
18.0 20.0 Car -1.0 -1.0 -1.0 -1.0 -1.0 -1.0 -1.0 1.864 1.911 4.856 1409.704 2.19 944.34 -0.7110645905338341 1.0
18.0 21.0 Car -1.0 -1.0 -1.0 -1.0 -1.0 -1.0 -1.0 2.295 2.06 4.945 1417.589 1.699 931.632 -0.7459711755737204 1.0
18.0 2.0 Car -1.0 -1.0 -1.0 -1.0 -1.0 -1.0 -1.0 2.192 1.606 4.501 1462.06 0.855 906.342 2.414174327946049 0.0
18.0 18.0 Car -1.0 -1.0 -1.0 -1.0 -1.0 -1.0 -1.0 2.02 2.0 4.947 1467.839 0.952 901.538 2.407227917506729 0.0
18.0 5.0 Car -1.0 -1.0 -1.0 -1.0 -1.0 -1.0 -1.0 2.255 1.572 4.697 1457.618 0.84 910.987 2.432255938983213 1.0
18.0 9.0 Truck -1.0 -1.0 -1.0 -1.0 -1.0 -1.0 -1.0 2.272 1.977 5.5 1466.994 0.865 911.415 2.4270374045299796 0.0
18.0 16.0 Car -1.0 -1.0 -1.0 -1.0 -1.0 -1.0 -1.0 2.404 2.361 5.786 1435.485 1.162 913.91 -0.7459711755737204 1.0
18.0 15.0 Car -1.0 -1.0 -1.0 -1.0 -1.0 -1.0 -1.0 2.298 2.008 5.334 1293.151 4.951 1038.318 -0.6412514204540618 1.0
18.0 3.0 Car -1.0 -1.0 -1.0 -1.0 -1.0 -1.0 -1.0 2.19 1.724 4.336 1449.415 0.739 901.995 -0.7285178830537773 0.0
18.0 19.0 Car -1.0 -1.0 -1.0 -1.0 -1.0 -1.0 -1.0 2.061 2.077 4.418 1484.61 0.547 876.05 -0.693611298013891 0.0
18.0 1.0 Car -1.0 -1.0 -1.0 -1.0 -1.0 -1.0 -1.0 2.027 1.601 4.115 1496.093 0.505 866.061 -0.7343378607706126 0.0
18.0 12.0 Car -1.0 -1.0 -1.0 -1.0 -1.0 -1.0 -1.0 1.975 1.542 4.64 1461.272 0.67 916.178 2.443338779758429 1.0
18.0 0.0 Car -1.0 -1.0 -1.0 -1.0 -1.0 -1.0 -1.0 2.183 1.699 4.75 1377.268 2.946 972.995 -0.7197887642422152 1.0
19.0 11.0 Car -1.0 -1.0 -1.0 -1.0 -1.0 -1.0 -1.0 2.371 1.637 5.278 1516.261 0.231 843.417 -0.732113261329746 0.0
19.0 8.0 Car -1.0 -1.0 -1.0 -1.0 -1.0 -1.0 -1.0 2.02 1.841 4.833 1465.474 0.872 908.598 2.425885487238486 1.0
19.0 10.0 Car -1.0 -1.0 -1.0 -1.0 -1.0 -1.0 -1.0 2.192 1.799 4.403 1501.355 0.224 856.091 -0.7416099908631013 0.0
19.0 14.0 Car -1.0 -1.0 -1.0 -1.0 -1.0 -1.0 -1.0 1.982 1.949 3.941 1469.958 0.103 883.546 -0.7110645905338341 0.0
19.0 13.0 Car -1.0 -1.0 -1.0 -1.0 -1.0 -1.0 -1.0 2.235 1.819 5.151 1456.615 0.811 900.533 -0.7110645905338341 0.0
19.0 4.0 Car -1.0 -1.0 -1.0 -1.0 -1.0 -1.0 -1.0 2.245 1.812 4.936 1407.38 1.883 939.353 -0.7808777606136066 1.0
19.0 7.0 Car -1.0 -1.0 -1.0 -1.0 -1.0 -1.0 -1.0 2.002 1.589 4.253 1469.114 0.405 889.595 -0.7110645905338341 0.0
19.0 20.0 Car -1.0 -1.0 -1.0 -1.0 -1.0 -1.0 -1.0 1.864 1.911 4.856 1414.579 2.089 939.91 -0.693611298013891 1.0
19.0 21.0 Car -1.0 -1.0 -1.0 -1.0 -1.0 -1.0 -1.0 2.295 2.06 4.945 1420.772 1.523 928.581 -0.7634244680936636 1.0
19.0 2.0 Car -1.0 -1.0 -1.0 -1.0 -1.0 -1.0 -1.0 2.192 1.606 4.501 1462.06 0.855 906.342 2.414174327946049 1.0
19.0 18.0 Car -1.0 -1.0 -1.0 -1.0 -1.0 -1.0 -1.0 2.02 2.0 4.947 1467.601 0.952 901.836 2.407227917506729 0.0
19.0 5.0 Car -1.0 -1.0 -1.0 -1.0 -1.0 -1.0 -1.0 2.255 1.572 4.697 1457.618 0.84 910.987 2.432255938983213 1.0
19.0 9.0 Truck -1.0 -1.0 -1.0 -1.0 -1.0 -1.0 -1.0 2.272 1.977 5.5 1466.999 0.865 911.411 2.4270374045299796 0.0
19.0 16.0 Car -1.0 -1.0 -1.0 -1.0 -1.0 -1.0 -1.0 2.404 2.361 5.786 1439.526 1.162 910.259 -0.7459711755737204 1.0
19.0 15.0 Car -1.0 -1.0 -1.0 -1.0 -1.0 -1.0 -1.0 2.298 2.008 5.334 1300.62 4.758 1032.316 -0.6412514204540618 1.0
19.0 3.0 Car -1.0 -1.0 -1.0 -1.0 -1.0 -1.0 -1.0 2.19 1.724 4.336 1453.815 0.664 897.979 -0.7285178830537773 0.0
19.0 19.0 Car -1.0 -1.0 -1.0 -1.0 -1.0 -1.0 -1.0 2.061 2.077 4.418 1489.357 0.468 871.819 -0.693611298013891 0.0
19.0 1.0 Car -1.0 -1.0 -1.0 -1.0 -1.0 -1.0 -1.0 2.027 1.601 4.115 1501.092 0.521 861.748 -0.73142789226439 0.0
19.0 12.0 Car -1.0 -1.0 -1.0 -1.0 -1.0 -1.0 -1.0 1.975 1.542 4.64 1461.272 0.67 916.178 2.443338779758429 1.0
19.0 0.0 Car -1.0 -1.0 -1.0 -1.0 -1.0 -1.0 -1.0 2.183 1.699 4.75 1382.9 2.787 968.039 -0.7241532931226677 1.0
20.0 11.0 Car -1.0 -1.0 -1.0 -1.0 -1.0 -1.0 -1.0 2.371 1.637 5.278 1520.868 0.241 839.4 -0.732113261329746 0.0
20.0 8.0 Car -1.0 -1.0 -1.0 -1.0 -1.0 -1.0 -1.0 2.02 1.841 4.833 1465.467 0.872 908.589 2.425885487238486 1.0
20.0 10.0 Car -1.0 -1.0 -1.0 -1.0 -1.0 -1.0 -1.0 2.192 1.799 4.403 1506.527 0.214 851.631 -0.745975716307144 0.0
20.0 14.0 Car -1.0 -1.0 -1.0 -1.0 -1.0 -1.0 -1.0 1.982 1.949 3.941 1475.33 0.278 878.987 -0.7110645905338341 0.0
20.0 13.0 Car -1.0 -1.0 -1.0 -1.0 -1.0 -1.0 -1.0 2.235 1.819 5.151 1461.026 0.861 896.68 -0.7110645905338341 0.0
20.0 4.0 Car -1.0 -1.0 -1.0 -1.0 -1.0 -1.0 -1.0 2.245 1.812 4.936 1410.978 1.682 935.734 -0.7459711755737204 0.0
20.0 7.0 Car -1.0 -1.0 -1.0 -1.0 -1.0 -1.0 -1.0 2.002 1.589 4.253 1474.316 0.405 885.014 -0.7110645905338341 0.0
20.0 20.0 Car -1.0 -1.0 -1.0 -1.0 -1.0 -1.0 -1.0 1.864 1.911 4.856 1419.423 1.889 935.375 -0.7285178830537773 1.0
20.0 21.0 Car -1.0 -1.0 -1.0 -1.0 -1.0 -1.0 -1.0 2.295 2.06 4.945 1424.265 1.448 925.284 -0.7634244680936636 1.0
20.0 2.0 Car -1.0 -1.0 -1.0 -1.0 -1.0 -1.0 -1.0 2.192 1.606 4.501 1462.06 0.855 906.342 2.414174327946049 1.0
20.0 18.0 Car -1.0 -1.0 -1.0 -1.0 -1.0 -1.0 -1.0 2.02 2.0 4.947 1467.618 0.952 901.855 2.407227917506729 0.0
20.0 5.0 Car -1.0 -1.0 -1.0 -1.0 -1.0 -1.0 -1.0 2.255 1.572 4.697 1457.618 0.84 910.987 2.432255938983213 1.0
20.0 9.0 Truck -1.0 -1.0 -1.0 -1.0 -1.0 -1.0 -1.0 2.272 1.977 5.5 1467.003 0.865 911.407 2.4270374045299796 1.0
20.0 17.0 Car -1.0 -1.0 -1.0 -1.0 -1.0 -1.0 -1.0 2.126 1.56 4.387 1471.858 0.632 907.077 2.3973493539433264 0.0
20.0 16.0 Car -1.0 -1.0 -1.0 -1.0 -1.0 -1.0 -1.0 2.404 2.361 5.786 1443.656 1.012 906.472 -0.7459711755737204 0.0
20.0 15.0 Car -1.0 -1.0 -1.0 -1.0 -1.0 -1.0 -1.0 2.298 2.008 5.334 1308.111 4.566 1026.344 -0.6412514204540618 1.0
20.0 3.0 Car -1.0 -1.0 -1.0 -1.0 -1.0 -1.0 -1.0 2.19 1.724 4.336 1458.361 0.538 893.992 -0.7285178830537773 0.0
20.0 19.0 Car -1.0 -1.0 -1.0 -1.0 -1.0 -1.0 -1.0 2.061 2.077 4.418 1494.103 0.388 867.589 -0.693611298013891 0.0
20.0 1.0 Car -1.0 -1.0 -1.0 -1.0 -1.0 -1.0 -1.0 2.027 1.601 4.115 1506.091 0.537 857.435 -0.7285178830537773 0.0
20.0 12.0 Car -1.0 -1.0 -1.0 -1.0 -1.0 -1.0 -1.0 1.975 1.542 4.64 1461.272 0.67 916.178 2.443338779758429 1.0
20.0 0.0 Car -1.0 -1.0 -1.0 -1.0 -1.0 -1.0 -1.0 2.183 1.699 4.75 1388.532 2.628 963.083 -0.7285178830537773 1.0
21.0 11.0 Car -1.0 -1.0 -1.0 -1.0 -1.0 -1.0 -1.0 2.371 1.637 5.278 1525.47 0.251 835.388 -0.732113261329746 0.0
21.0 8.0 Car -1.0 -1.0 -1.0 -1.0 -1.0 -1.0 -1.0 2.02 1.841 4.833 1465.46 0.872 908.581 2.425885487238486 1.0
21.0 10.0 Car -1.0 -1.0 -1.0 -1.0 -1.0 -1.0 -1.0 2.192 1.799 4.403 1511.693 0.205 847.176 -0.7503364342949229 0.0
21.0 14.0 Car -1.0 -1.0 -1.0 -1.0 -1.0 -1.0 -1.0 1.982 1.949 3.941 1480.981 0.453 874.125 -0.7110645905338341 0.0
21.0 13.0 Car -1.0 -1.0 -1.0 -1.0 -1.0 -1.0 -1.0 2.235 1.819 5.151 1465.53 0.711 892.746 -0.7110645905338341 0.0
21.0 4.0 Car -1.0 -1.0 -1.0 -1.0 -1.0 -1.0 -1.0 2.245 1.812 4.936 1414.799 1.632 932.444 -0.7459711755737204 0.0
21.0 7.0 Car -1.0 -1.0 -1.0 -1.0 -1.0 -1.0 -1.0 2.002 1.589 4.253 1479.299 0.405 880.622 -0.7110645905338341 0.0
21.0 20.0 Car -1.0 -1.0 -1.0 -1.0 -1.0 -1.0 -1.0 1.864 1.911 4.856 1423.604 1.689 931.118 -0.7459711755737204 1.0
21.0 21.0 Car -1.0 -1.0 -1.0 -1.0 -1.0 -1.0 -1.0 2.295 2.06 4.945 1427.815 1.173 921.908 -0.7285178830537773 1.0
21.0 2.0 Car -1.0 -1.0 -1.0 -1.0 -1.0 -1.0 -1.0 2.192 1.606 4.501 1462.06 0.855 906.342 2.414174327946049 1.0
21.0 18.0 Car -1.0 -1.0 -1.0 -1.0 -1.0 -1.0 -1.0 2.02 2.0 4.947 1467.635 0.952 901.874 2.407227917506729 1.0
21.0 5.0 Car -1.0 -1.0 -1.0 -1.0 -1.0 -1.0 -1.0 2.255 1.572 4.697 1457.618 0.84 910.987 2.432255938983213 1.0
21.0 9.0 Truck -1.0 -1.0 -1.0 -1.0 -1.0 -1.0 -1.0 2.272 1.977 5.5 1467.007 0.865 911.403 2.4270374045299796 1.0
21.0 17.0 Car -1.0 -1.0 -1.0 -1.0 -1.0 -1.0 -1.0 2.126 1.56 4.387 1471.858 0.632 907.077 2.3973493539433264 0.0
21.0 16.0 Car -1.0 -1.0 -1.0 -1.0 -1.0 -1.0 -1.0 2.404 2.361 5.786 1448.213 1.162 902.291 -0.7459711755737204 0.0
21.0 15.0 Car -1.0 -1.0 -1.0 -1.0 -1.0 -1.0 -1.0 2.298 2.008 5.334 1315.506 4.374 1020.261 -0.6237981279341187 1.0
21.0 19.0 Car -1.0 -1.0 -1.0 -1.0 -1.0 -1.0 -1.0 2.061 2.077 4.418 1498.955 0.684 863.493 -0.7459711755737204 0.0
21.0 1.0 Car -1.0 -1.0 -1.0 -1.0 -1.0 -1.0 -1.0 2.027 1.601 4.115 1510.533 0.553 853.581 -0.7285178830537773 0.0
21.0 12.0 Car -1.0 -1.0 -1.0 -1.0 -1.0 -1.0 -1.0 1.975 1.542 4.64 1461.272 0.67 916.178 2.443338779758429 1.0
21.0 0.0 Car -1.0 -1.0 -1.0 -1.0 -1.0 -1.0 -1.0 2.183 1.699 4.75 1394.044 2.493 957.994 -0.7285178830537773 1.0
22.0 11.0 Car -1.0 -1.0 -1.0 -1.0 -1.0 -1.0 -1.0 2.371 1.637 5.278 1530.077 0.261 831.372 -0.732113261329746 0.0
22.0 8.0 Car -1.0 -1.0 -1.0 -1.0 -1.0 -1.0 -1.0 2.02 1.841 4.833 1465.46 0.872 908.581 2.425885487238486 1.0
22.0 10.0 Car -1.0 -1.0 -1.0 -1.0 -1.0 -1.0 -1.0 2.192 1.799 4.403 1516.865 0.195 842.717 -0.75470200271072 0.0
22.0 14.0 Car -1.0 -1.0 -1.0 -1.0 -1.0 -1.0 -1.0 1.982 1.949 3.941 1486.639 0.628 869.257 -0.7110645905338341 0.0
22.0 6.0 Car -1.0 -1.0 -1.0 -1.0 -1.0 -1.0 -1.0 1.996 1.73 4.115 1479.161 0.841 896.442 2.4072453707703945 0.0
22.0 13.0 Car -1.0 -1.0 -1.0 -1.0 -1.0 -1.0 -1.0 2.235 1.819 5.151 1470.137 0.611 888.722 -0.7110645905338341 0.0
22.0 4.0 Car -1.0 -1.0 -1.0 -1.0 -1.0 -1.0 -1.0 2.245 1.812 4.936 1418.404 1.482 929.262 -0.7459711755737204 0.0
22.0 7.0 Car -1.0 -1.0 -1.0 -1.0 -1.0 -1.0 -1.0 2.002 1.589 4.253 1484.287 0.405 876.225 -0.7110645905338341 0.0
22.0 20.0 Car -1.0 -1.0 -1.0 -1.0 -1.0 -1.0 -1.0 1.864 1.911 4.856 1428.659 1.538 926.351 -0.7110645905338341 1.0
22.0 21.0 Car -1.0 -1.0 -1.0 -1.0 -1.0 -1.0 -1.0 2.295 2.06 4.945 1431.333 1.148 918.642 -0.7285178830537773 1.0
22.0 2.0 Car -1.0 -1.0 -1.0 -1.0 -1.0 -1.0 -1.0 2.192 1.606 4.501 1462.06 0.855 906.342 2.414174327946049 1.0
22.0 18.0 Car -1.0 -1.0 -1.0 -1.0 -1.0 -1.0 -1.0 2.02 2.0 4.947 1467.652 0.952 901.893 2.407227917506729 1.0
22.0 5.0 Car -1.0 -1.0 -1.0 -1.0 -1.0 -1.0 -1.0 2.255 1.572 4.697 1457.618 0.84 910.987 2.432255938983213 1.0
22.0 9.0 Truck -1.0 -1.0 -1.0 -1.0 -1.0 -1.0 -1.0 2.272 1.977 5.5 1467.012 0.865 911.4 2.4270374045299796 1.0
22.0 17.0 Car -1.0 -1.0 -1.0 -1.0 -1.0 -1.0 -1.0 2.126 1.56 4.387 1471.858 0.632 907.077 2.3973493539433264 0.0
22.0 16.0 Car -1.0 -1.0 -1.0 -1.0 -1.0 -1.0 -1.0 2.404 2.361 5.786 1452.918 0.962 898.026 -0.7285178830537773 0.0
22.0 15.0 Car -1.0 -1.0 -1.0 -1.0 -1.0 -1.0 -1.0 2.298 2.008 5.334 1322.919 4.232 1013.938 -0.6237981279341187 1.0
22.0 19.0 Car -1.0 -1.0 -1.0 -1.0 -1.0 -1.0 -1.0 2.061 2.077 4.418 1503.779 0.73 859.41 -0.7285178830537773 0.0
22.0 1.0 Car -1.0 -1.0 -1.0 -1.0 -1.0 -1.0 -1.0 2.027 1.601 4.115 1514.979 0.569 849.723 -0.7285178830537773 0.0
22.0 12.0 Car -1.0 -1.0 -1.0 -1.0 -1.0 -1.0 -1.0 1.975 1.542 4.64 1461.272 0.67 916.178 2.443338779758429 1.0
22.0 0.0 Car -1.0 -1.0 -1.0 -1.0 -1.0 -1.0 -1.0 2.183 1.699 4.75 1399.562 2.359 952.899 -0.7285178830537773 1.0
23.0 11.0 Car -1.0 -1.0 -1.0 -1.0 -1.0 -1.0 -1.0 2.371 1.637 5.278 1534.103 0.102 827.761 -0.732113261329746 0.0
23.0 8.0 Car -1.0 -1.0 -1.0 -1.0 -1.0 -1.0 -1.0 2.02 1.841 4.833 1465.46 0.872 908.581 2.425885487238486 1.0
23.0 10.0 Car -1.0 -1.0 -1.0 -1.0 -1.0 -1.0 -1.0 2.192 1.799 4.403 1522.031 0.185 838.262 -0.7590628166602044 0.0
23.0 6.0 Car -1.0 -1.0 -1.0 -1.0 -1.0 -1.0 -1.0 1.996 1.73 4.115 1478.029 0.822 897.435 2.4072453707703945 1.0
23.0 4.0 Car -1.0 -1.0 -1.0 -1.0 -1.0 -1.0 -1.0 2.245 1.812 4.936 1422.234 1.332 925.732 -0.7459711755737204 0.0
23.0 7.0 Car -1.0 -1.0 -1.0 -1.0 -1.0 -1.0 -1.0 2.002 1.589 4.253 1489.109 0.422 871.836 -0.7168801985203874 0.0
23.0 20.0 Car -1.0 -1.0 -1.0 -1.0 -1.0 -1.0 -1.0 1.864 1.911 4.856 1433.605 1.338 921.489 -0.7459711755737204 1.0
23.0 21.0 Car -1.0 -1.0 -1.0 -1.0 -1.0 -1.0 -1.0 2.295 2.06 4.945 1435.187 1.072 915.077 -0.7285178830537773 1.0
23.0 2.0 Car -1.0 -1.0 -1.0 -1.0 -1.0 -1.0 -1.0 2.192 1.606 4.501 1462.06 0.855 906.342 2.414174327946049 1.0
23.0 18.0 Car -1.0 -1.0 -1.0 -1.0 -1.0 -1.0 -1.0 2.02 2.0 4.947 1467.708 0.952 901.867 2.413043525493282 1.0
23.0 5.0 Car -1.0 -1.0 -1.0 -1.0 -1.0 -1.0 -1.0 2.255 1.572 4.697 1457.618 0.84 910.987 2.432255938983213 1.0
23.0 9.0 Truck -1.0 -1.0 -1.0 -1.0 -1.0 -1.0 -1.0 2.272 1.977 5.5 1467.016 0.865 911.396 2.4270374045299796 1.0
23.0 17.0 Car -1.0 -1.0 -1.0 -1.0 -1.0 -1.0 -1.0 2.126 1.56 4.387 1471.868 0.632 907.088 2.3973493539433264 1.0
23.0 16.0 Car -1.0 -1.0 -1.0 -1.0 -1.0 -1.0 -1.0 2.404 2.361 5.786 1457.411 0.862 893.952 -0.7285178830537773 0.0
23.0 15.0 Car -1.0 -1.0 -1.0 -1.0 -1.0 -1.0 -1.0 2.298 2.008 5.334 1330.324 4.09 1007.622 -0.6237981279341187 1.0
23.0 19.0 Car -1.0 -1.0 -1.0 -1.0 -1.0 -1.0 -1.0 2.061 2.077 4.418 1509.255 0.776 854.746 -0.7285178830537773 0.0
23.0 1.0 Car -1.0 -1.0 -1.0 -1.0 -1.0 -1.0 -1.0 2.027 1.601 4.115 1519.134 0.585 845.973 -0.7372436914283491 0.0
23.0 12.0 Car -1.0 -1.0 -1.0 -1.0 -1.0 -1.0 -1.0 1.975 1.542 4.64 1461.272 0.67 916.178 2.443338779758429 1.0
23.0 0.0 Car -1.0 -1.0 -1.0 -1.0 -1.0 -1.0 -1.0 2.183 1.699 4.75 1405.086 2.175 947.799 -0.7343334910403304 1.0
24.0 8.0 Car -1.0 -1.0 -1.0 -1.0 -1.0 -1.0 -1.0 2.02 1.841 4.833 1465.497 0.872 908.548 2.425885487238486 1.0
24.0 10.0 Car -1.0 -1.0 -1.0 -1.0 -1.0 -1.0 -1.0 2.192 1.799 4.403 1527.198 0.176 833.806 -0.7634244680936636 0.0
24.0 6.0 Car -1.0 -1.0 -1.0 -1.0 -1.0 -1.0 -1.0 1.996 1.73 4.115 1476.897 0.804 898.429 2.4072453707703945 1.0
24.0 4.0 Car -1.0 -1.0 -1.0 -1.0 -1.0 -1.0 -1.0 2.245 1.812 4.936 1426.066 1.182 922.201 -0.7459711755737204 0.0
24.0 7.0 Car -1.0 -1.0 -1.0 -1.0 -1.0 -1.0 -1.0 2.002 1.589 4.253 1493.931 0.438 867.446 -0.7226969233806586 0.0
24.0 20.0 Car -1.0 -1.0 -1.0 -1.0 -1.0 -1.0 -1.0 1.864 1.911 4.856 1438.998 1.138 916.361 -0.7459711755737204 1.0
24.0 21.0 Car -1.0 -1.0 -1.0 -1.0 -1.0 -1.0 -1.0 2.295 2.06 4.945 1439.112 1.047 911.492 -0.7285178830537773 0.0
24.0 2.0 Car -1.0 -1.0 -1.0 -1.0 -1.0 -1.0 -1.0 2.192 1.606 4.501 1462.06 0.855 906.342 2.414174327946049 1.0
24.0 18.0 Car -1.0 -1.0 -1.0 -1.0 -1.0 -1.0 -1.0 2.02 2.0 4.947 1467.765 0.952 901.841 2.418860250353553 1.0
24.0 5.0 Car -1.0 -1.0 -1.0 -1.0 -1.0 -1.0 -1.0 2.255 1.572 4.697 1457.618 0.84 910.987 2.432255938983213 1.0
24.0 9.0 Truck -1.0 -1.0 -1.0 -1.0 -1.0 -1.0 -1.0 2.272 1.977 5.5 1467.02 0.865 911.392 2.4270374045299796 1.0
24.0 17.0 Car -1.0 -1.0 -1.0 -1.0 -1.0 -1.0 -1.0 2.126 1.56 4.387 1471.878 0.632 907.099 2.3973493539433264 1.0
24.0 16.0 Car -1.0 -1.0 -1.0 -1.0 -1.0 -1.0 -1.0 2.404 2.361 5.786 1462.037 0.863 890.025 -0.7285178830537773 0.0
24.0 15.0 Car -1.0 -1.0 -1.0 -1.0 -1.0 -1.0 -1.0 2.298 2.008 5.334 1337.858 4.048 1001.483 -0.6237981279341187 1.0
24.0 19.0 Car -1.0 -1.0 -1.0 -1.0 -1.0 -1.0 -1.0 2.061 2.077 4.418 1514.77 0.777 850.006 -0.7285178830537773 0.0
24.0 1.0 Car -1.0 -1.0 -1.0 -1.0 -1.0 -1.0 -1.0 2.027 1.601 4.115 1523.29 0.601 842.223 -0.7459711755737204 0.0
24.0 12.0 Car -1.0 -1.0 -1.0 -1.0 -1.0 -1.0 -1.0 1.975 1.542 4.64 1461.312 0.67 916.102 2.443338779758429 1.0
24.0 0.0 Car -1.0 -1.0 -1.0 -1.0 -1.0 -1.0 -1.0 2.183 1.699 4.75 1410.611 1.991 942.697 -0.7401502159006017 1.0
25.0 8.0 Car -1.0 -1.0 -1.0 -1.0 -1.0 -1.0 -1.0 2.02 1.841 4.833 1465.535 0.872 908.516 2.425885487238486 1.0
25.0 6.0 Car -1.0 -1.0 -1.0 -1.0 -1.0 -1.0 -1.0 1.996 1.73 4.115 1475.765 0.785 899.423 2.4072453707703945 1.0
25.0 4.0 Car -1.0 -1.0 -1.0 -1.0 -1.0 -1.0 -1.0 2.245 1.812 4.936 1430.0 1.082 918.576 -0.7459711755737204 0.0
25.0 7.0 Car -1.0 -1.0 -1.0 -1.0 -1.0 -1.0 -1.0 2.002 1.589 4.253 1498.757 0.455 863.053 -0.7285178830537773 0.0
25.0 20.0 Car -1.0 -1.0 -1.0 -1.0 -1.0 -1.0 -1.0 1.864 1.911 4.856 1444.874 1.088 911.341 -0.7285178830537773 0.0
25.0 21.0 Car -1.0 -1.0 -1.0 -1.0 -1.0 -1.0 -1.0 2.295 2.06 4.945 1443.137 0.922 907.818 -0.7285178830537773 0.0
25.0 2.0 Car -1.0 -1.0 -1.0 -1.0 -1.0 -1.0 -1.0 2.192 1.606 4.501 1462.062 0.855 906.297 2.414174327946049 1.0
25.0 18.0 Car -1.0 -1.0 -1.0 -1.0 -1.0 -1.0 -1.0 2.02 2.0 4.947 1467.822 0.952 901.816 2.424681210026672 1.0
25.0 5.0 Car -1.0 -1.0 -1.0 -1.0 -1.0 -1.0 -1.0 2.255 1.572 4.697 1457.618 0.84 910.987 2.432255938983213 1.0
25.0 9.0 Truck -1.0 -1.0 -1.0 -1.0 -1.0 -1.0 -1.0 2.272 1.977 5.5 1467.024 0.865 911.389 2.4270374045299796 1.0
25.0 17.0 Car -1.0 -1.0 -1.0 -1.0 -1.0 -1.0 -1.0 2.126 1.56 4.387 1471.969 0.607 906.975 2.3973493539433264 1.0
25.0 16.0 Car -1.0 -1.0 -1.0 -1.0 -1.0 -1.0 -1.0 2.404 2.361 5.786 1466.824 0.763 885.911 -0.693611298013891 0.0
25.0 15.0 Car -1.0 -1.0 -1.0 -1.0 -1.0 -1.0 -1.0 2.298 2.008 5.334 1345.184 3.906 995.043 -0.6237981279341187 1.0
25.0 12.0 Car -1.0 -1.0 -1.0 -1.0 -1.0 -1.0 -1.0 1.975 1.542 4.64 1461.353 0.67 916.027 2.443338779758429 1.0
25.0 0.0 Car -1.0 -1.0 -1.0 -1.0 -1.0 -1.0 -1.0 2.183 1.699 4.75 1416.14 1.806 937.592 -0.7459711755737204 1.0
26.0 8.0 Car -1.0 -1.0 -1.0 -1.0 -1.0 -1.0 -1.0 2.02 1.841 4.833 1465.661 0.872 908.406 2.425885487238486 1.0
26.0 6.0 Car -1.0 -1.0 -1.0 -1.0 -1.0 -1.0 -1.0 1.996 1.73 4.115 1474.634 0.766 900.416 2.4072453707703945 1.0
26.0 4.0 Car -1.0 -1.0 -1.0 -1.0 -1.0 -1.0 -1.0 2.245 1.812 4.936 1434.068 0.982 915.011 -0.7459711755737204 0.0
26.0 7.0 Car -1.0 -1.0 -1.0 -1.0 -1.0 -1.0 -1.0 2.002 1.589 4.253 1503.802 0.472 858.909 -0.7285178830537773 0.0
26.0 20.0 Car -1.0 -1.0 -1.0 -1.0 -1.0 -1.0 -1.0 1.864 1.911 4.856 1450.56 0.938 906.123 -0.7634244680936636 0.0
26.0 21.0 Car -1.0 -1.0 -1.0 -1.0 -1.0 -1.0 -1.0 2.295 2.06 4.945 1447.522 0.797 903.909 -0.7372399791227457 0.0
26.0 2.0 Car -1.0 -1.0 -1.0 -1.0 -1.0 -1.0 -1.0 2.192 1.606 4.501 1462.224 0.855 906.153 2.414174327946049 1.0
26.0 18.0 Car -1.0 -1.0 -1.0 -1.0 -1.0 -1.0 -1.0 2.02 2.0 4.947 1467.846 0.952 901.813 2.424681210026672 1.0
26.0 5.0 Car -1.0 -1.0 -1.0 -1.0 -1.0 -1.0 -1.0 2.255 1.572 4.697 1457.496 0.84 911.093 2.432255938983213 1.0
26.0 9.0 Truck -1.0 -1.0 -1.0 -1.0 -1.0 -1.0 -1.0 2.272 1.977 5.5 1467.029 0.865 911.385 2.4270374045299796 1.0
26.0 17.0 Car -1.0 -1.0 -1.0 -1.0 -1.0 -1.0 -1.0 2.126 1.56 4.387 1472.059 0.582 906.85 2.3973493539433264 1.0
26.0 16.0 Car -1.0 -1.0 -1.0 -1.0 -1.0 -1.0 -1.0 2.404 2.361 5.786 1471.601 0.664 881.805 -0.693611298013891 0.0
26.0 15.0 Car -1.0 -1.0 -1.0 -1.0 -1.0 -1.0 -1.0 2.298 2.008 5.334 1351.984 3.614 988.531 -0.6237981279341187 1.0
26.0 12.0 Car -1.0 -1.0 -1.0 -1.0 -1.0 -1.0 -1.0 1.975 1.542 4.64 1461.451 0.67 915.945 2.443338779758429 1.0
26.0 0.0 Car -1.0 -1.0 -1.0 -1.0 -1.0 -1.0 -1.0 2.183 1.699 4.75 1421.339 1.606 932.794 -0.7459711755737204 1.0
27.0 8.0 Car -1.0 -1.0 -1.0 -1.0 -1.0 -1.0 -1.0 2.02 1.841 4.833 1465.614 0.872 908.403 2.425885487238486 0.0
27.0 6.0 Car -1.0 -1.0 -1.0 -1.0 -1.0 -1.0 -1.0 1.996 1.73 4.115 1473.503 0.748 901.409 2.4072453707703945 0.0
27.0 4.0 Car -1.0 -1.0 -1.0 -1.0 -1.0 -1.0 -1.0 2.245 1.812 4.936 1438.288 0.832 911.307 -0.7459711755737204 0.0
27.0 7.0 Car -1.0 -1.0 -1.0 -1.0 -1.0 -1.0 -1.0 2.002 1.589 4.253 1508.852 0.488 854.761 -0.7285178830537773 0.0
27.0 20.0 Car -1.0 -1.0 -1.0 -1.0 -1.0 -1.0 -1.0 1.864 1.911 4.856 1456.555 0.888 900.753 -0.7285178830537773 0.0
27.0 21.0 Car -1.0 -1.0 -1.0 -1.0 -1.0 -1.0 -1.0 2.295 2.06 4.945 1451.911 0.672 899.995 -0.7459711755737204 0.0
27.0 2.0 Car -1.0 -1.0 -1.0 -1.0 -1.0 -1.0 -1.0 2.192 1.606 4.501 1462.251 0.855 906.129 2.414174327946049 0.0
27.0 18.0 Car -1.0 -1.0 -1.0 -1.0 -1.0 -1.0 -1.0 2.02 2.0 4.947 1467.869 0.952 901.81 2.424681210026672 0.0
27.0 5.0 Car -1.0 -1.0 -1.0 -1.0 -1.0 -1.0 -1.0 2.255 1.572 4.697 1456.785 0.84 911.703 2.432255938983213 0.0
27.0 9.0 Truck -1.0 -1.0 -1.0 -1.0 -1.0 -1.0 -1.0 2.272 1.977 5.5 1467.003 0.865 911.407 2.4270374045299796 0.0
27.0 17.0 Car -1.0 -1.0 -1.0 -1.0 -1.0 -1.0 -1.0 2.126 1.56 4.387 1472.1 0.607 906.895 2.3973493539433264 0.0
27.0 16.0 Car -1.0 -1.0 -1.0 -1.0 -1.0 -1.0 -1.0 2.404 2.361 5.786 1476.322 0.514 877.746 -0.693611298013891 0.0
27.0 15.0 Car -1.0 -1.0 -1.0 -1.0 -1.0 -1.0 -1.0 2.298 2.008 5.334 1359.137 3.323 983.122 -0.6237981279341187 0.0
27.0 12.0 Car -1.0 -1.0 -1.0 -1.0 -1.0 -1.0 -1.0 1.975 1.542 4.64 1461.157 0.67 916.191 2.443338779758429 0.0
27.0 0.0 Car -1.0 -1.0 -1.0 -1.0 -1.0 -1.0 -1.0 2.183 1.699 4.75 1426.543 1.405 927.99 -0.7459711755737204 0.0
28.0 8.0 Car -1.0 -1.0 -1.0 -1.0 -1.0 -1.0 -1.0 2.02 1.841 4.833 1465.363 0.872 908.621 2.425885487238486 0.0
28.0 6.0 Car -1.0 -1.0 -1.0 -1.0 -1.0 -1.0 -1.0 1.996 1.73 4.115 1472.371 0.729 902.403 2.4072453707703945 0.0
28.0 4.0 Car -1.0 -1.0 -1.0 -1.0 -1.0 -1.0 -1.0 2.245 1.812 4.936 1442.636 0.931 907.346 -0.7459711755737204 0.0
28.0 7.0 Car -1.0 -1.0 -1.0 -1.0 -1.0 -1.0 -1.0 2.002 1.589 4.253 1513.843 0.505 850.547 -0.7285178830537773 0.0
28.0 20.0 Car -1.0 -1.0 -1.0 -1.0 -1.0 -1.0 -1.0 1.864 1.911 4.856 1462.379 0.739 895.578 -0.7285178830537773 0.0
28.0 21.0 Car -1.0 -1.0 -1.0 -1.0 -1.0 -1.0 -1.0 2.295 2.06 4.945 1456.128 0.722 896.108 -0.7285178830537773 0.0
28.0 2.0 Car -1.0 -1.0 -1.0 -1.0 -1.0 -1.0 -1.0 2.192 1.606 4.501 1462.18 0.805 906.192 2.414174327946049 0.0
28.0 18.0 Car -1.0 -1.0 -1.0 -1.0 -1.0 -1.0 -1.0 2.02 2.0 4.947 1467.893 0.952 901.807 2.424681210026672 0.0
28.0 5.0 Car -1.0 -1.0 -1.0 -1.0 -1.0 -1.0 -1.0 2.255 1.572 4.697 1455.608 0.84 912.713 2.432255938983213 0.0
28.0 9.0 Truck -1.0 -1.0 -1.0 -1.0 -1.0 -1.0 -1.0 2.272 1.977 5.5 1466.851 0.865 911.539 2.4270374045299796 0.0
28.0 17.0 Car -1.0 -1.0 -1.0 -1.0 -1.0 -1.0 -1.0 2.126 1.56 4.387 1472.141 0.632 906.939 2.3973493539433264 0.0
28.0 16.0 Car -1.0 -1.0 -1.0 -1.0 -1.0 -1.0 -1.0 2.404 2.361 5.786 1481.033 0.464 873.799 -0.693611298013891 0.0
28.0 15.0 Car -1.0 -1.0 -1.0 -1.0 -1.0 -1.0 -1.0 2.298 2.008 5.334 1365.563 3.031 977.331 -0.6587043405427484 0.0
28.0 12.0 Car -1.0 -1.0 -1.0 -1.0 -1.0 -1.0 -1.0 1.975 1.542 4.64 1460.203 0.67 916.991 2.443338779758429 0.0
28.0 0.0 Car -1.0 -1.0 -1.0 -1.0 -1.0 -1.0 -1.0 2.183 1.699 4.75 1431.771 1.204 922.972 -0.7459711755737204 0.0
29.0 8.0 Car -1.0 -1.0 -1.0 -1.0 -1.0 -1.0 -1.0 2.02 1.841 4.833 1464.734 0.847 909.19 2.425885487238486 0.0
29.0 6.0 Car -1.0 -1.0 -1.0 -1.0 -1.0 -1.0 -1.0 1.996 1.73 4.115 1471.24 0.711 903.396 2.4072453707703945 0.0
29.0 4.0 Car -1.0 -1.0 -1.0 -1.0 -1.0 -1.0 -1.0 2.245 1.812 4.936 1447.011 0.681 903.315 -0.7459711755737204 0.0
29.0 20.0 Car -1.0 -1.0 -1.0 -1.0 -1.0 -1.0 -1.0 1.864 1.911 4.856 1468.307 0.589 890.31 -0.7285178830537773 0.0
29.0 21.0 Car -1.0 -1.0 -1.0 -1.0 -1.0 -1.0 -1.0 2.295 2.06 4.945 1460.914 0.722 891.929 -0.7285178830537773 0.0
29.0 2.0 Car -1.0 -1.0 -1.0 -1.0 -1.0 -1.0 -1.0 2.192 1.606 4.501 1461.824 0.805 906.552 2.414174327946049 0.0
29.0 18.0 Car -1.0 -1.0 -1.0 -1.0 -1.0 -1.0 -1.0 2.02 2.0 4.947 1467.604 0.919 902.044 2.424681210026672 0.0
29.0 5.0 Car -1.0 -1.0 -1.0 -1.0 -1.0 -1.0 -1.0 2.255 1.572 4.697 1454.014 0.84 914.082 2.432255938983213 0.0
29.0 9.0 Truck -1.0 -1.0 -1.0 -1.0 -1.0 -1.0 -1.0 2.272 1.977 5.5 1466.555 0.865 911.796 2.4270374045299796 0.0
29.0 17.0 Car -1.0 -1.0 -1.0 -1.0 -1.0 -1.0 -1.0 2.126 1.56 4.387 1472.041 0.682 906.897 2.3973493539433264 0.0
29.0 16.0 Car -1.0 -1.0 -1.0 -1.0 -1.0 -1.0 -1.0 2.404 2.361 5.786 1485.754 0.565 869.74 -0.693611298013891 0.0
29.0 15.0 Car -1.0 -1.0 -1.0 -1.0 -1.0 -1.0 -1.0 2.298 2.008 5.334 1371.893 2.814 971.467 -0.6936115307834264 0.0
29.0 12.0 Car -1.0 -1.0 -1.0 -1.0 -1.0 -1.0 -1.0 1.975 1.542 4.64 1458.565 0.67 918.366 2.443338779758429 0.0
29.0 0.0 Car -1.0 -1.0 -1.0 -1.0 -1.0 -1.0 -1.0 2.183 1.699 4.75 1437.165 0.903 917.844 -0.7459711755737204 0.0
30.0 8.0 Car -1.0 -1.0 -1.0 -1.0 -1.0 -1.0 -1.0 2.02 1.841 4.833 1464.105 0.822 909.759 2.425885487238486 0.0
30.0 6.0 Car -1.0 -1.0 -1.0 -1.0 -1.0 -1.0 -1.0 1.996 1.73 4.115 1470.643 0.721 903.92 2.4072453707703945 0.0
30.0 4.0 Car -1.0 -1.0 -1.0 -1.0 -1.0 -1.0 -1.0 2.245 1.812 4.936 1451.636 0.631 899.054 -0.7459711755737204 0.0
30.0 20.0 Car -1.0 -1.0 -1.0 -1.0 -1.0 -1.0 -1.0 1.864 1.911 4.856 1474.365 0.539 884.925 -0.7285178830537773 0.0
30.0 21.0 Car -1.0 -1.0 -1.0 -1.0 -1.0 -1.0 -1.0 2.295 2.06 4.945 1464.658 0.522 888.533 -0.7285178830537773 0.0
30.0 2.0 Car -1.0 -1.0 -1.0 -1.0 -1.0 -1.0 -1.0 2.192 1.606 4.501 1461.093 0.805 907.203 2.414174327946049 0.0
30.0 18.0 Car -1.0 -1.0 -1.0 -1.0 -1.0 -1.0 -1.0 2.02 2.0 4.947 1467.314 0.885 902.282 2.424681210026672 0.0
30.0 5.0 Car -1.0 -1.0 -1.0 -1.0 -1.0 -1.0 -1.0 2.255 1.572 4.697 1452.175 0.89 915.66 2.432255938983213 0.0
30.0 9.0 Truck -1.0 -1.0 -1.0 -1.0 -1.0 -1.0 -1.0 2.272 1.977 5.5 1466.031 0.865 912.25 2.4270374045299796 0.0
30.0 17.0 Car -1.0 -1.0 -1.0 -1.0 -1.0 -1.0 -1.0 2.126 1.56 4.387 1471.972 0.632 906.889 2.3973493539433264 0.0
30.0 16.0 Car -1.0 -1.0 -1.0 -1.0 -1.0 -1.0 -1.0 2.404 2.361 5.786 1490.352 0.665 865.782 -0.693611298013891 0.0
30.0 15.0 Car -1.0 -1.0 -1.0 -1.0 -1.0 -1.0 -1.0 2.298 2.008 5.334 1378.493 2.597 965.941 -0.7285178830537773 0.0
30.0 12.0 Car -1.0 -1.0 -1.0 -1.0 -1.0 -1.0 -1.0 1.975 1.542 4.64 1456.503 0.67 920.18 2.443338779758429 0.0
30.0 0.0 Car -1.0 -1.0 -1.0 -1.0 -1.0 -1.0 -1.0 2.183 1.699 4.75 1440.996 1.303 914.25 -0.7459711755737204 0.0
31.0 8.0 Car -1.0 -1.0 -1.0 -1.0 -1.0 -1.0 -1.0 2.02 1.841 4.833 1462.823 0.822 910.896 2.425885487238486 0.0
31.0 6.0 Car -1.0 -1.0 -1.0 -1.0 -1.0 -1.0 -1.0 1.996 1.73 4.115 1470.046 0.731 904.444 2.4072453707703945 0.0
31.0 4.0 Car -1.0 -1.0 -1.0 -1.0 -1.0 -1.0 -1.0 2.245 1.812 4.936 1456.061 0.631 895.025 -0.7459711755737204 0.0
31.0 20.0 Car -1.0 -1.0 -1.0 -1.0 -1.0 -1.0 -1.0 1.864 1.911 4.856 1480.425 0.489 879.538 -0.7285178830537773 0.0
31.0 21.0 Car -1.0 -1.0 -1.0 -1.0 -1.0 -1.0 -1.0 2.295 2.06 4.945 1469.011 0.322 884.595 -0.7285178830537773 0.0
31.0 2.0 Car -1.0 -1.0 -1.0 -1.0 -1.0 -1.0 -1.0 2.192 1.606 4.501 1459.819 0.805 908.337 2.414174327946049 0.0
31.0 18.0 Car -1.0 -1.0 -1.0 -1.0 -1.0 -1.0 -1.0 2.02 2.0 4.947 1467.024 0.852 902.519 2.424681210026672 0.0
31.0 5.0 Car -1.0 -1.0 -1.0 -1.0 -1.0 -1.0 -1.0 2.255 1.572 4.697 1449.697 0.89 917.787 2.432255938983213 0.0
31.0 9.0 Truck -1.0 -1.0 -1.0 -1.0 -1.0 -1.0 -1.0 2.272 1.977 5.5 1465.292 0.815 912.891 2.4270374045299796 0.0
31.0 17.0 Car -1.0 -1.0 -1.0 -1.0 -1.0 -1.0 -1.0 2.126 1.56 4.387 1472.059 0.582 906.85 2.3973493539433264 0.0
31.0 16.0 Car -1.0 -1.0 -1.0 -1.0 -1.0 -1.0 -1.0 2.404 2.361 5.786 1494.892 0.766 861.874 -0.693611298013891 0.0
31.0 15.0 Car -1.0 -1.0 -1.0 -1.0 -1.0 -1.0 -1.0 2.298 2.008 5.334 1384.974 2.339 960.269 -0.7285178830537773 0.0
31.0 12.0 Car -1.0 -1.0 -1.0 -1.0 -1.0 -1.0 -1.0 1.975 1.542 4.64 1453.756 0.72 922.57 2.443338779758429 0.0
31.0 0.0 Car -1.0 -1.0 -1.0 -1.0 -1.0 -1.0 -1.0 2.183 1.699 4.75 1448.513 0.752 907.792 -0.7285178830537773 0.0
32.0 8.0 Car -1.0 -1.0 -1.0 -1.0 -1.0 -1.0 -1.0 2.02 1.841 4.833 1461.543 0.822 912.031 2.425885487238486 0.0
32.0 6.0 Car -1.0 -1.0 -1.0 -1.0 -1.0 -1.0 -1.0 1.996 1.73 4.115 1469.451 0.741 904.966 2.4072453707703945 0.0
32.0 20.0 Car -1.0 -1.0 -1.0 -1.0 -1.0 -1.0 -1.0 1.864 1.911 4.856 1486.475 0.439 874.161 -0.7285178830537773 0.0
32.0 21.0 Car -1.0 -1.0 -1.0 -1.0 -1.0 -1.0 -1.0 2.295 2.06 4.945 1473.382 0.322 880.596 -0.7285178830537773 0.0
32.0 2.0 Car -1.0 -1.0 -1.0 -1.0 -1.0 -1.0 -1.0 2.192 1.606 4.501 1457.863 0.805 910.078 2.414174327946049 0.0
32.0 18.0 Car -1.0 -1.0 -1.0 -1.0 -1.0 -1.0 -1.0 2.02 2.0 4.947 1465.711 0.859 903.622 2.4362969036495334 0.0
32.0 5.0 Car -1.0 -1.0 -1.0 -1.0 -1.0 -1.0 -1.0 2.255 1.572 4.697 1446.857 0.94 920.225 2.432255938983213 0.0
32.0 9.0 Truck -1.0 -1.0 -1.0 -1.0 -1.0 -1.0 -1.0 2.272 1.977 5.5 1464.154 0.815 913.878 2.4270374045299796 0.0
32.0 17.0 Car -1.0 -1.0 -1.0 -1.0 -1.0 -1.0 -1.0 2.126 1.56 4.387 1471.617 0.582 907.217 2.3973493539433264 0.0
32.0 15.0 Car -1.0 -1.0 -1.0 -1.0 -1.0 -1.0 -1.0 2.298 2.008 5.334 1391.444 2.081 954.606 -0.7110784436426906 0.0
32.0 12.0 Car -1.0 -1.0 -1.0 -1.0 -1.0 -1.0 -1.0 1.975 1.542 4.64 1450.378 0.82 925.488 2.443338779758429 0.0
32.0 0.0 Car -1.0 -1.0 -1.0 -1.0 -1.0 -1.0 -1.0 2.183 1.699 4.75 1454.064 0.702 902.97 -0.693611298013891 0.0
33.0 8.0 Car -1.0 -1.0 -1.0 -1.0 -1.0 -1.0 -1.0 2.02 1.841 4.833 1459.679 0.797 913.665 2.425885487238486 0.0
33.0 6.0 Car -1.0 -1.0 -1.0 -1.0 -1.0 -1.0 -1.0 1.996 1.73 4.115 1467.952 0.751 906.292 2.4072453707703945 0.0
33.0 20.0 Car -1.0 -1.0 -1.0 -1.0 -1.0 -1.0 -1.0 1.864 1.911 4.856 1492.534 0.389 868.776 -0.7285178830537773 0.0
33.0 21.0 Car -1.0 -1.0 -1.0 -1.0 -1.0 -1.0 -1.0 2.295 2.06 4.945 1477.864 0.323 876.781 -0.7285178830537773 0.0
33.0 2.0 Car -1.0 -1.0 -1.0 -1.0 -1.0 -1.0 -1.0 2.192 1.606 4.501 1455.055 0.805 912.578 2.414174327946049 0.0
33.0 18.0 Car -1.0 -1.0 -1.0 -1.0 -1.0 -1.0 -1.0 2.02 2.0 4.947 1464.397 0.866 904.726 2.4479310512449572 0.0
33.0 5.0 Car -1.0 -1.0 -1.0 -1.0 -1.0 -1.0 -1.0 2.255 1.572 4.697 1443.696 0.94 922.895 2.432255938983213 0.0
33.0 9.0 Truck -1.0 -1.0 -1.0 -1.0 -1.0 -1.0 -1.0 2.272 1.977 5.5 1462.797 0.765 915.056 2.4270374045299796 0.0
33.0 17.0 Car -1.0 -1.0 -1.0 -1.0 -1.0 -1.0 -1.0 2.126 1.56 4.387 1471.551 0.582 907.236 2.3973493539433264 0.0
33.0 15.0 Car -1.0 -1.0 -1.0 -1.0 -1.0 -1.0 -1.0 2.298 2.008 5.334 1397.923 1.822 948.935 -0.693611298013891 0.0
33.0 12.0 Car -1.0 -1.0 -1.0 -1.0 -1.0 -1.0 -1.0 1.975 1.542 4.64 1446.627 0.871 928.719 2.443338779758429 0.0
33.0 0.0 Car -1.0 -1.0 -1.0 -1.0 -1.0 -1.0 -1.0 2.183 1.699 4.75 1459.715 0.551 898.404 -0.693611298013891 0.0
34.0 8.0 Car -1.0 -1.0 -1.0 -1.0 -1.0 -1.0 -1.0 2.02 1.841 4.833 1457.812 0.772 915.302 2.425885487238486 0.0
34.0 6.0 Car -1.0 -1.0 -1.0 -1.0 -1.0 -1.0 -1.0 1.996 1.73 4.115 1466.451 0.761 907.619 2.4072453707703945 0.0
34.0 20.0 Car -1.0 -1.0 -1.0 -1.0 -1.0 -1.0 -1.0 1.864 1.911 4.856 1498.604 0.339 863.38 -0.7285178830537773 0.0
34.0 21.0 Car -1.0 -1.0 -1.0 -1.0 -1.0 -1.0 -1.0 2.295 2.06 4.945 1482.355 0.323 872.959 -0.7285178830537773 0.0
34.0 2.0 Car -1.0 -1.0 -1.0 -1.0 -1.0 -1.0 -1.0 2.192 1.606 4.501 1451.371 0.805 915.815 2.414174327946049 0.0
34.0 18.0 Car -1.0 -1.0 -1.0 -1.0 -1.0 -1.0 -1.0 2.02 2.0 4.947 1463.079 0.872 905.833 2.459587795066559 0.0
34.0 5.0 Car -1.0 -1.0 -1.0 -1.0 -1.0 -1.0 -1.0 2.255 1.572 4.697 1440.26 0.94 925.802 2.432255938983213 0.0
34.0 9.0 Truck -1.0 -1.0 -1.0 -1.0 -1.0 -1.0 -1.0 2.272 1.977 5.5 1461.15 0.765 916.485 2.4270374045299796 0.0
34.0 17.0 Car -1.0 -1.0 -1.0 -1.0 -1.0 -1.0 -1.0 2.126 1.56 4.387 1471.159 0.482 907.749 2.3973493539433264 0.0
34.0 15.0 Car -1.0 -1.0 -1.0 -1.0 -1.0 -1.0 -1.0 2.298 2.008 5.334 1403.339 1.613 943.998 -0.7110884092186889 0.0
34.0 12.0 Car -1.0 -1.0 -1.0 -1.0 -1.0 -1.0 -1.0 1.975 1.542 4.64 1442.503 0.921 932.264 2.443338779758429 0.0
34.0 0.0 Car -1.0 -1.0 -1.0 -1.0 -1.0 -1.0 -1.0 2.183 1.699 4.75 1465.841 0.451 893.825 -0.6761580054939479 0.0
35.0 8.0 Car -1.0 -1.0 -1.0 -1.0 -1.0 -1.0 -1.0 2.02 1.841 4.833 1455.487 0.747 917.367 2.4346121334984576 0.0
35.0 6.0 Car -1.0 -1.0 -1.0 -1.0 -1.0 -1.0 -1.0 1.996 1.73 4.115 1464.953 0.771 908.945 2.4072453707703945 0.0
35.0 20.0 Car -1.0 -1.0 -1.0 -1.0 -1.0 -1.0 -1.0 1.864 1.911 4.856 1504.663 0.289 857.995 -0.7285178830537773 0.0
35.0 21.0 Car -1.0 -1.0 -1.0 -1.0 -1.0 -1.0 -1.0 2.295 2.06 4.945 1486.885 0.348 869.101 -0.7285178830537773 0.0
35.0 2.0 Car -1.0 -1.0 -1.0 -1.0 -1.0 -1.0 -1.0 2.192 1.606 4.501 1446.921 0.755 919.649 2.431627620465992 0.0
35.0 18.0 Car -1.0 -1.0 -1.0 -1.0 -1.0 -1.0 -1.0 2.02 2.0 4.947 1460.659 0.833 907.941 2.459587795066559 0.0
35.0 5.0 Car -1.0 -1.0 -1.0 -1.0 -1.0 -1.0 -1.0 2.255 1.572 4.697 1436.41 0.99 929.107 2.432255938983213 0.0
35.0 9.0 Truck -1.0 -1.0 -1.0 -1.0 -1.0 -1.0 -1.0 2.272 1.977 5.5 1459.22 0.715 918.158 2.4270374045299796 0.0
35.0 17.0 Car -1.0 -1.0 -1.0 -1.0 -1.0 -1.0 -1.0 2.126 1.56 4.387 1468.285 0.482 910.285 2.379896061423383 0.0
35.0 15.0 Car -1.0 -1.0 -1.0 -1.0 -1.0 -1.0 -1.0 2.298 2.008 5.334 1408.743 1.405 939.072 -0.7285297923962045 0.0
35.0 12.0 Car -1.0 -1.0 -1.0 -1.0 -1.0 -1.0 -1.0 1.975 1.542 4.64 1437.869 0.921 936.114 2.478245364798316 0.0
35.0 0.0 Car -1.0 -1.0 -1.0 -1.0 -1.0 -1.0 -1.0 2.183 1.699 4.75 1471.94 0.351 889.226 -0.6587047129740049 0.0
36.0 8.0 Car -1.0 -1.0 -1.0 -1.0 -1.0 -1.0 -1.0 2.02 1.841 4.833 1453.162 0.722 919.433 2.443338779758429 0.0
36.0 6.0 Car -1.0 -1.0 -1.0 -1.0 -1.0 -1.0 -1.0 1.996 1.73 4.115 1463.455 0.781 910.27 2.4072453707703945 0.0
36.0 20.0 Car -1.0 -1.0 -1.0 -1.0 -1.0 -1.0 -1.0 1.864 1.911 4.856 1510.721 0.239 852.611 -0.7285178830537773 0.0
36.0 2.0 Car -1.0 -1.0 -1.0 -1.0 -1.0 -1.0 -1.0 2.192 1.606 4.501 1442.256 0.705 923.669 2.431627620465992 0.0
36.0 18.0 Car -1.0 -1.0 -1.0 -1.0 -1.0 -1.0 -1.0 2.02 2.0 4.947 1458.238 0.793 910.049 2.459587795066559 0.0
36.0 5.0 Car -1.0 -1.0 -1.0 -1.0 -1.0 -1.0 -1.0 2.255 1.572 4.697 1432.312 0.94 932.667 2.432255938983213 0.0
36.0 9.0 Truck -1.0 -1.0 -1.0 -1.0 -1.0 -1.0 -1.0 2.272 1.977 5.5 1457.234 0.65 920.044 2.3572362895005097 0.0
36.0 17.0 Car -1.0 -1.0 -1.0 -1.0 -1.0 -1.0 -1.0 2.126 1.56 4.387 1467.834 0.426 910.788 2.3624427689034397 0.0
36.0 15.0 Car -1.0 -1.0 -1.0 -1.0 -1.0 -1.0 -1.0 2.298 2.008 5.334 1414.082 1.121 934.075 -0.7459711755737204 0.0
36.0 12.0 Car -1.0 -1.0 -1.0 -1.0 -1.0 -1.0 -1.0 1.975 1.542 4.64 1432.703 0.921 940.115 2.5131519498382024 0.0
36.0 0.0 Car -1.0 -1.0 -1.0 -1.0 -1.0 -1.0 -1.0 2.183 1.699 4.75 1476.938 0.576 885.059 -0.6674315381743335 0.0
37.0 8.0 Car -1.0 -1.0 -1.0 -1.0 -1.0 -1.0 -1.0 2.02 1.841 4.833 1450.334 0.722 921.803 2.4346145681524205 0.0
37.0 6.0 Car -1.0 -1.0 -1.0 -1.0 -1.0 -1.0 -1.0 1.996 1.73 4.115 1461.956 0.791 911.595 2.4072453707703945 0.0
37.0 2.0 Car -1.0 -1.0 -1.0 -1.0 -1.0 -1.0 -1.0 2.192 1.606 4.501 1437.835 0.755 927.437 2.431627620465992 0.0
37.0 18.0 Car -1.0 -1.0 -1.0 -1.0 -1.0 -1.0 -1.0 2.02 2.0 4.947 1455.817 0.753 912.157 2.4595877950665583 0.0
37.0 5.0 Car -1.0 -1.0 -1.0 -1.0 -1.0 -1.0 -1.0 2.255 1.572 4.697 1428.067 0.94 936.354 2.432255938983213 0.0
37.0 9.0 Truck -1.0 -1.0 -1.0 -1.0 -1.0 -1.0 -1.0 2.272 1.977 5.5 1455.327 0.661 922.014 2.3048898633288557 0.0
37.0 17.0 Car -1.0 -1.0 -1.0 -1.0 -1.0 -1.0 -1.0 2.126 1.56 4.387 1467.432 0.37 911.099 2.379896061423383 0.0
37.0 15.0 Car -1.0 -1.0 -1.0 -1.0 -1.0 -1.0 -1.0 2.298 2.008 5.334 1420.021 0.871 928.776 -0.7285178830537773 0.0
37.0 12.0 Car -1.0 -1.0 -1.0 -1.0 -1.0 -1.0 -1.0 1.975 1.542 4.64 1427.192 0.971 944.324 2.5131519498382024 0.0
37.0 0.0 Car -1.0 -1.0 -1.0 -1.0 -1.0 -1.0 -1.0 2.183 1.699 4.75 1481.935 0.434 880.891 -0.6761581887987043 0.0
38.0 8.0 Car -1.0 -1.0 -1.0 -1.0 -1.0 -1.0 -1.0 2.02 1.841 4.833 1447.503 0.722 924.174 2.425885487238486 0.0
38.0 6.0 Car -1.0 -1.0 -1.0 -1.0 -1.0 -1.0 -1.0 1.996 1.73 4.115 1459.379 0.831 913.903 2.4072453707703945 0.0
38.0 2.0 Car -1.0 -1.0 -1.0 -1.0 -1.0 -1.0 -1.0 2.192 1.606 4.501 1433.119 0.755 931.459 2.431627620465992 0.0
38.0 18.0 Car -1.0 -1.0 -1.0 -1.0 -1.0 -1.0 -1.0 2.02 2.0 4.947 1451.932 0.778 915.653 2.442124569070268 0.0
38.0 5.0 Car -1.0 -1.0 -1.0 -1.0 -1.0 -1.0 -1.0 2.255 1.572 4.697 1423.696 0.99 940.148 2.432255938983213 0.0
38.0 9.0 Truck -1.0 -1.0 -1.0 -1.0 -1.0 -1.0 -1.0 2.272 1.977 5.5 1453.679 0.672 924.209 2.21759789429066 0.0
38.0 17.0 Car -1.0 -1.0 -1.0 -1.0 -1.0 -1.0 -1.0 2.126 1.56 4.387 1466.192 0.325 912.389 2.379896061423383 0.0
38.0 15.0 Car -1.0 -1.0 -1.0 -1.0 -1.0 -1.0 -1.0 2.298 2.008 5.334 1426.456 0.571 923.034 -0.7285178830537773 0.0
38.0 12.0 Car -1.0 -1.0 -1.0 -1.0 -1.0 -1.0 -1.0 1.975 1.542 4.64 1421.187 1.071 948.891 2.5131519498382024 0.0
38.0 0.0 Car -1.0 -1.0 -1.0 -1.0 -1.0 -1.0 -1.0 2.183 1.699 4.75 1486.935 0.292 876.721 -0.6848897100923077 0.0
