0.0 3.0 Car -1.0 -1.0 -1.0 -1.0 -1.0 -1.0 -1.0 1.819 1.72 4.573 1243.292 0.944 2770.662 2.439900481119949 0.0
0.0 2.0 Car -1.0 -1.0 -1.0 -1.0 -1.0 -1.0 -1.0 1.718 1.622 4.409 1283.73 0.97 2736.424 2.4427145633033103 0.0
0.0 1.0 Car -1.0 -1.0 -1.0 -1.0 -1.0 -1.0 -1.0 2.074 1.96 4.662 1281.852 0.927 2742.2 -0.7174341696603251 0.0
1.0 4.0 Car -1.0 -1.0 -1.0 -1.0 -1.0 -1.0 -1.0 1.853 1.787 4.516 1321.585 0.566 2704.43 2.43880092368797 0.0
1.0 3.0 Car -1.0 -1.0 -1.0 -1.0 -1.0 -1.0 -1.0 1.819 1.72 4.573 1239.864 0.908 2773.487 2.4460831681097686 1.0
1.0 2.0 Car -1.0 -1.0 -1.0 -1.0 -1.0 -1.0 -1.0 1.718 1.622 4.409 1280.322 0.864 2739.348 2.4427145633033103 1.0
1.0 1.0 Car -1.0 -1.0 -1.0 -1.0 -1.0 -1.0 -1.0 2.074 1.96 4.662 1286.514 0.971 2738.168 -0.7174341696603251 1.0
2.0 4.0 Car -1.0 -1.0 -1.0 -1.0 -1.0 -1.0 -1.0 1.853 1.787 4.516 1319.631 0.591 2706.085 2.43880092368797 1.0
2.0 3.0 Car -1.0 -1.0 -1.0 -1.0 -1.0 -1.0 -1.0 1.819 1.72 4.573 1236.739 0.876 2776.063 2.451718527117173 1.0
2.0 2.0 Car -1.0 -1.0 -1.0 -1.0 -1.0 -1.0 -1.0 1.718 1.622 4.409 1277.216 0.767 2742.013 2.4427145633033103 1.0
2.0 1.0 Car -1.0 -1.0 -1.0 -1.0 -1.0 -1.0 -1.0 2.074 1.96 4.662 1290.762 1.011 2734.493 -0.7174341696603251 1.0
3.0 4.0 Car -1.0 -1.0 -1.0 -1.0 -1.0 -1.0 -1.0 1.853 1.787 4.516 1317.712 0.616 2707.78 2.4363028812618497 1.0
3.0 3.0 Car -1.0 -1.0 -1.0 -1.0 -1.0 -1.0 -1.0 1.819 1.72 4.573 1233.424 0.844 2778.796 2.457353773639892 1.0
3.0 2.0 Car -1.0 -1.0 -1.0 -1.0 -1.0 -1.0 -1.0 1.718 1.622 4.409 1274.11 0.725 2744.677 2.4427145633033103 1.0
3.0 1.0 Car -1.0 -1.0 -1.0 -1.0 -1.0 -1.0 -1.0 2.074 1.96 4.662 1295.071 1.027 2730.887 -0.7174341696603251 1.0
4.0 4.0 Car -1.0 -1.0 -1.0 -1.0 -1.0 -1.0 -1.0 1.853 1.787 4.516 1315.797 0.641 2709.471 2.433810338748492 1.0
4.0 3.0 Car -1.0 -1.0 -1.0 -1.0 -1.0 -1.0 -1.0 1.819 1.72 4.573 1230.021 0.794 2781.664 2.439900481119949 1.0
4.0 2.0 Car -1.0 -1.0 -1.0 -1.0 -1.0 -1.0 -1.0 1.718 1.622 4.409 1270.991 0.658 2747.314 2.4427145633033103 1.0
4.0 1.0 Car -1.0 -1.0 -1.0 -1.0 -1.0 -1.0 -1.0 2.074 1.96 4.662 1299.37 1.044 2727.289 -0.7174341696603251 1.0
5.0 4.0 Car -1.0 -1.0 -1.0 -1.0 -1.0 -1.0 -1.0 1.853 1.787 4.516 1313.883 0.666 2711.163 2.4313178111941 1.0
5.0 3.0 Car -1.0 -1.0 -1.0 -1.0 -1.0 -1.0 -1.0 1.819 1.72 4.573 1226.49 0.794 2784.708 2.439900481119949 1.0
5.0 2.0 Car -1.0 -1.0 -1.0 -1.0 -1.0 -1.0 -1.0 1.718 1.622 4.409 1267.873 0.592 2749.951 2.4427145633033103 1.0
5.0 1.0 Car -1.0 -1.0 -1.0 -1.0 -1.0 -1.0 -1.0 2.074 1.96 4.662 1303.669 1.01 2723.691 -0.7174341696603251 1.0
6.0 4.0 Car -1.0 -1.0 -1.0 -1.0 -1.0 -1.0 -1.0 1.853 1.787 4.516 1311.966 0.691 2712.856 2.4288223965594806 1.0
6.0 3.0 Car -1.0 -1.0 -1.0 -1.0 -1.0 -1.0 -1.0 1.819 1.72 4.573 1222.954 0.794 2787.756 2.439900481119949 1.0
6.0 2.0 Car -1.0 -1.0 -1.0 -1.0 -1.0 -1.0 -1.0 1.718 1.622 4.409 1264.751 0.525 2752.59 2.4427145633033103 1.0
6.0 1.0 Car -1.0 -1.0 -1.0 -1.0 -1.0 -1.0 -1.0 2.074 1.96 4.662 1307.974 0.976 2720.089 -0.7174341696603251 1.0
7.0 4.0 Car -1.0 -1.0 -1.0 -1.0 -1.0 -1.0 -1.0 1.853 1.787 4.516 1310.051 0.716 2714.547 2.4263299188683045 1.0
7.0 3.0 Car -1.0 -1.0 -1.0 -1.0 -1.0 -1.0 -1.0 1.819 1.72 4.573 1219.438 0.864 2790.798 2.439900481119949 1.0
7.0 2.0 Car -1.0 -1.0 -1.0 -1.0 -1.0 -1.0 -1.0 1.718 1.622 4.409 1262.29 0.575 2754.674 2.4427145633033103 1.0
7.0 1.0 Car -1.0 -1.0 -1.0 -1.0 -1.0 -1.0 -1.0 2.074 1.96 4.662 1312.273 0.593 2716.491 -0.7174341696603251 1.0
8.0 4.0 Car -1.0 -1.0 -1.0 -1.0 -1.0 -1.0 -1.0 1.853 1.787 4.516 1308.139 0.741 2716.236 2.4238401686950626 1.0
8.0 3.0 Car -1.0 -1.0 -1.0 -1.0 -1.0 -1.0 -1.0 1.819 1.72 4.573 1215.926 0.934 2793.836 2.439900481119949 1.0
8.0 2.0 Car -1.0 -1.0 -1.0 -1.0 -1.0 -1.0 -1.0 1.718 1.622 4.409 1259.833 0.625 2756.756 2.4427145633033103 1.0
8.0 1.0 Car -1.0 -1.0 -1.0 -1.0 -1.0 -1.0 -1.0 2.074 1.96 4.662 1316.644 0.922 2712.986 -0.7209224542786115 1.0
9.0 4.0 Car -1.0 -1.0 -1.0 -1.0 -1.0 -1.0 -1.0 1.853 1.787 4.516 1306.224 0.766 2717.928 2.4213476311680266 1.0
9.0 3.0 Car -1.0 -1.0 -1.0 -1.0 -1.0 -1.0 -1.0 1.819 1.72 4.573 1212.85 1.004 2796.505 2.439900481119949 0.0
9.0 2.0 Car -1.0 -1.0 -1.0 -1.0 -1.0 -1.0 -1.0 1.718 1.622 4.409 1257.372 0.675 2758.84 2.4427145633033103 1.0
9.0 1.0 Car -1.0 -1.0 -1.0 -1.0 -1.0 -1.0 -1.0 2.074 1.96 4.662 1320.919 0.939 2709.363 -0.7069613516215325 1.0
10.0 4.0 Car -1.0 -1.0 -1.0 -1.0 -1.0 -1.0 -1.0 1.853 1.787 4.516 1304.299 0.791 2719.636 2.4213476311680266 1.0
10.0 0.0 Car -1.0 -1.0 -1.0 -1.0 -1.0 -1.0 -1.0 1.919 1.545 4.472 1352.652 0.66 2680.735 2.4737075087278564 0.0
10.0 3.0 Car -1.0 -1.0 -1.0 -1.0 -1.0 -1.0 -1.0 1.819 1.72 4.573 1209.775 1.074 2799.174 2.439900481119949 0.0
10.0 2.0 Car -1.0 -1.0 -1.0 -1.0 -1.0 -1.0 -1.0 1.718 1.622 4.409 1255.374 0.725 2760.561 2.433983183433112 1.0
10.0 1.0 Car -1.0 -1.0 -1.0 -1.0 -1.0 -1.0 -1.0 2.074 1.96 4.662 1325.168 0.756 2705.706 -0.6988200599069638 1.0
11.0 4.0 Car -1.0 -1.0 -1.0 -1.0 -1.0 -1.0 -1.0 1.853 1.787 4.516 1302.375 0.816 2721.342 2.4213476311680266 1.0
11.0 0.0 Car -1.0 -1.0 -1.0 -1.0 -1.0 -1.0 -1.0 1.919 1.545 4.472 1348.826 0.66 2683.72 2.4824293253611893 1.0
11.0 3.0 Car -1.0 -1.0 -1.0 -1.0 -1.0 -1.0 -1.0 1.819 1.72 4.573 1206.703 1.144 2801.84 2.439900481119949 0.0
11.0 2.0 Car -1.0 -1.0 -1.0 -1.0 -1.0 -1.0 -1.0 1.718 1.622 4.409 1253.378 0.775 2762.281 2.4252612707833667 1.0
11.0 1.0 Car -1.0 -1.0 -1.0 -1.0 -1.0 -1.0 -1.0 2.074 1.96 4.662 1329.389 0.973 2702.029 -0.6993904880522742 1.0
12.0 4.0 Car -1.0 -1.0 -1.0 -1.0 -1.0 -1.0 -1.0 1.853 1.787 4.516 1300.45 0.841 2723.051 2.4213476311680266 1.0
12.0 0.0 Car -1.0 -1.0 -1.0 -1.0 -1.0 -1.0 -1.0 1.919 1.545 4.472 1344.996 0.66 2686.708 2.4911608012478 1.0
12.0 3.0 Car -1.0 -1.0 -1.0 -1.0 -1.0 -1.0 -1.0 1.819 1.72 4.573 1204.023 1.294 2804.122 2.439900481119949 0.0
12.0 2.0 Car -1.0 -1.0 -1.0 -1.0 -1.0 -1.0 -1.0 1.718 1.622 4.409 1251.423 0.8 2763.985 2.4078173478237908 1.0
12.0 1.0 Car -1.0 -1.0 -1.0 -1.0 -1.0 -1.0 -1.0 2.074 1.96 4.662 1333.805 0.791 2698.568 -0.6999808771403822 1.0
13.0 4.0 Car -1.0 -1.0 -1.0 -1.0 -1.0 -1.0 -1.0 1.853 1.787 4.516 1298.522 0.866 2724.761 2.4213476311680266 1.0
13.0 0.0 Car -1.0 -1.0 -1.0 -1.0 -1.0 -1.0 -1.0 1.919 1.545 4.472 1340.968 0.71 2689.867 2.482431852484063 1.0
13.0 3.0 Car -1.0 -1.0 -1.0 -1.0 -1.0 -1.0 -1.0 1.819 1.72 4.573 1201.339 1.444 2806.407 2.439900481119949 0.0
13.0 2.0 Car -1.0 -1.0 -1.0 -1.0 -1.0 -1.0 -1.0 1.718 1.622 4.409 1249.467 0.825 2765.69 2.39035468574348 1.0
13.0 1.0 Car -1.0 -1.0 -1.0 -1.0 -1.0 -1.0 -1.0 2.074 1.96 4.662 1337.923 0.91 2695.159 -0.704345351522251 1.0
14.0 4.0 Car -1.0 -1.0 -1.0 -1.0 -1.0 -1.0 -1.0 1.853 1.787 4.516 1296.276 0.866 2726.647 2.43006947921202 1.0
14.0 0.0 Car -1.0 -1.0 -1.0 -1.0 -1.0 -1.0 -1.0 1.919 1.545 4.472 1336.945 0.76 2693.023 2.4737124277131737 1.0
14.0 3.0 Car -1.0 -1.0 -1.0 -1.0 -1.0 -1.0 -1.0 1.819 1.72 4.573 1200.004 1.427 2807.535 2.436992674221372 0.0
14.0 2.0 Car -1.0 -1.0 -1.0 -1.0 -1.0 -1.0 -1.0 1.718 1.622 4.409 1247.217 0.825 2767.585 2.4601678558232534 1.0
14.0 1.0 Car -1.0 -1.0 -1.0 -1.0 -1.0 -1.0 -1.0 2.074 1.96 4.662 1342.037 1.03 2691.755 -0.7087050639076954 1.0
15.0 4.0 Car -1.0 -1.0 -1.0 -1.0 -1.0 -1.0 -1.0 1.853 1.787 4.516 1294.028 0.866 2728.536 2.43880092368797 1.0
15.0 0.0 Car -1.0 -1.0 -1.0 -1.0 -1.0 -1.0 -1.0 1.919 1.545 4.472 1332.917 0.81 2696.183 2.4649834091765954 1.0
15.0 3.0 Car -1.0 -1.0 -1.0 -1.0 -1.0 -1.0 -1.0 1.819 1.72 4.573 1198.668 1.411 2808.665 2.4340816679353603 0.0
15.0 2.0 Car -1.0 -1.0 -1.0 -1.0 -1.0 -1.0 -1.0 1.718 1.622 4.409 1244.832 0.825 2769.706 2.4601678558232534 1.0
15.0 1.0 Car -1.0 -1.0 -1.0 -1.0 -1.0 -1.0 -1.0 2.074 1.96 4.662 1346.156 1.15 2688.346 -0.7130695731759843 1.0
16.0 4.0 Car -1.0 -1.0 -1.0 -1.0 -1.0 -1.0 -1.0 1.853 1.787 4.516 1291.546 0.866 2730.577 2.4562542162079133 1.0
16.0 0.0 Car -1.0 -1.0 -1.0 -1.0 -1.0 -1.0 -1.0 1.919 1.545 4.472 1328.889 0.86 2699.342 2.4562542162079133 1.0
16.0 3.0 Car -1.0 -1.0 -1.0 -1.0 -1.0 -1.0 -1.0 1.819 1.72 4.573 1197.332 1.369 2809.795 2.4311706034786678 0.0
16.0 2.0 Car -1.0 -1.0 -1.0 -1.0 -1.0 -1.0 -1.0 1.718 1.622 4.409 1242.448 0.825 2771.827 2.4601678558232534 0.0
16.0 1.0 Car -1.0 -1.0 -1.0 -1.0 -1.0 -1.0 -1.0 2.074 1.96 4.662 1350.274 1.269 2684.938 -0.7174341696603251 1.0
17.0 4.0 Car -1.0 -1.0 -1.0 -1.0 -1.0 -1.0 -1.0 1.853 1.787 4.516 1288.648 0.879 2732.935 2.4562542162079133 1.0
17.0 0.0 Car -1.0 -1.0 -1.0 -1.0 -1.0 -1.0 -1.0 1.919 1.545 4.472 1324.956 0.835 2702.604 2.4518940450677817 1.0
17.0 3.0 Car -1.0 -1.0 -1.0 -1.0 -1.0 -1.0 -1.0 1.819 1.72 4.573 1195.998 1.427 2810.922 2.428265710931191 0.0
17.0 2.0 Car -1.0 -1.0 -1.0 -1.0 -1.0 -1.0 -1.0 1.718 1.622 4.409 1239.973 1.125 2773.826 2.4601678558232534 0.0
17.0 1.0 Car -1.0 -1.0 -1.0 -1.0 -1.0 -1.0 -1.0 2.074 1.96 4.662 1354.147 1.214 2681.613 -0.708929133783942 1.0
18.0 4.0 Car -1.0 -1.0 -1.0 -1.0 -1.0 -1.0 -1.0 1.853 1.787 4.516 1285.745 0.891 2735.297 2.4562542162079133 1.0
18.0 0.0 Car -1.0 -1.0 -1.0 -1.0 -1.0 -1.0 -1.0 1.919 1.545 4.472 1321.014 0.81 2705.872 2.4475250466098033 1.0
18.0 3.0 Car -1.0 -1.0 -1.0 -1.0 -1.0 -1.0 -1.0 1.819 1.72 4.573 1194.662 1.486 2812.052 2.4253549373279015 0.0
18.0 2.0 Car -1.0 -1.0 -1.0 -1.0 -1.0 -1.0 -1.0 1.718 1.622 4.409 1237.494 1.075 2775.829 2.4601678558232534 0.0
18.0 1.0 Car -1.0 -1.0 -1.0 -1.0 -1.0 -1.0 -1.0 2.074 1.96 4.662 1358.028 1.159 2678.282 -0.7004068791671539 1.0
19.0 4.0 Car -1.0 -1.0 -1.0 -1.0 -1.0 -1.0 -1.0 1.853 1.787 4.516 1282.844 0.904 2737.657 2.4562542162079133 1.0
19.0 0.0 Car -1.0 -1.0 -1.0 -1.0 -1.0 -1.0 -1.0 1.919 1.545 4.472 1317.077 0.785 2709.136 2.443160588414219 1.0
19.0 3.0 Car -1.0 -1.0 -1.0 -1.0 -1.0 -1.0 -1.0 1.819 1.72 4.573 1193.327 1.544 2813.18 2.4224471886000054 0.0
19.0 2.0 Car -1.0 -1.0 -1.0 -1.0 -1.0 -1.0 -1.0 1.718 1.622 4.409 1234.653 1.147 2778.252 2.449256676218775 0.0
19.0 1.0 Car -1.0 -1.0 -1.0 -1.0 -1.0 -1.0 -1.0 2.074 1.96 4.662 1361.905 1.104 2674.955 -0.6918934808757963 1.0
20.0 4.0 Car -1.0 -1.0 -1.0 -1.0 -1.0 -1.0 -1.0 1.853 1.787 4.516 1279.947 0.916 2740.015 2.4562542162079133 1.0
20.0 0.0 Car -1.0 -1.0 -1.0 -1.0 -1.0 -1.0 -1.0 1.919 1.545 4.472 1313.144 0.76 2712.397 2.43880092368797 1.0
20.0 3.0 Car -1.0 -1.0 -1.0 -1.0 -1.0 -1.0 -1.0 1.819 1.72 4.573 1191.975 1.527 2814.286 2.439900481119949 0.0
20.0 2.0 Car -1.0 -1.0 -1.0 -1.0 -1.0 -1.0 -1.0 1.718 1.622 4.409 1231.815 1.16 2780.672 2.438357480325104 0.0
20.0 1.0 Car -1.0 -1.0 -1.0 -1.0 -1.0 -1.0 -1.0 2.074 1.96 4.662 1365.813 1.084 2671.668 -0.6833894328203267 1.0
21.0 4.0 Car -1.0 -1.0 -1.0 -1.0 -1.0 -1.0 -1.0 1.853 1.787 4.516 1276.603 0.916 2742.85 2.43880092368797 1.0
21.0 0.0 Car -1.0 -1.0 -1.0 -1.0 -1.0 -1.0 -1.0 1.919 1.545 4.472 1308.218 0.732 2716.615 2.43880092368797 1.0
21.0 2.0 Car -1.0 -1.0 -1.0 -1.0 -1.0 -1.0 -1.0 1.718 1.622 4.409 1228.405 1.175 2783.58 2.4252612707833667 0.0
21.0 1.0 Car -1.0 -1.0 -1.0 -1.0 -1.0 -1.0 -1.0 2.074 1.96 4.662 1370.509 1.061 2667.719 -0.6731711748521301 1.0
22.0 4.0 Car -1.0 -1.0 -1.0 -1.0 -1.0 -1.0 -1.0 1.853 1.787 4.516 1273.67 0.936 2745.402 2.43880092368797 0.0
22.0 0.0 Car -1.0 -1.0 -1.0 -1.0 -1.0 -1.0 -1.0 1.919 1.545 4.472 1304.11 0.708 2720.133 2.43880092368797 1.0
22.0 2.0 Car -1.0 -1.0 -1.0 -1.0 -1.0 -1.0 -1.0 1.718 1.622 4.409 1225.343 1.208 2786.22 2.4252612707833667 0.0
22.0 1.0 Car -1.0 -1.0 -1.0 -1.0 -1.0 -1.0 -1.0 2.074 1.96 4.662 1374.426 1.041 2664.425 -0.6646481367911692 1.0
23.0 4.0 Car -1.0 -1.0 -1.0 -1.0 -1.0 -1.0 -1.0 1.853 1.787 4.516 1270.741 0.956 2747.952 2.43880092368797 0.0
23.0 0.0 Car -1.0 -1.0 -1.0 -1.0 -1.0 -1.0 -1.0 1.919 1.545 4.472 1300.006 0.684 2723.647 2.43880092368797 1.0
23.0 2.0 Car -1.0 -1.0 -1.0 -1.0 -1.0 -1.0 -1.0 1.718 1.622 4.409 1222.285 1.242 2788.857 2.4252612707833667 0.0
23.0 1.0 Car -1.0 -1.0 -1.0 -1.0 -1.0 -1.0 -1.0 2.074 1.96 4.662 1378.339 1.021 2661.135 -0.6561343467777255 1.0
24.0 4.0 Car -1.0 -1.0 -1.0 -1.0 -1.0 -1.0 -1.0 1.853 1.787 4.516 1267.812 0.976 2750.502 2.43880092368797 0.0
24.0 0.0 Car -1.0 -1.0 -1.0 -1.0 -1.0 -1.0 -1.0 1.919 1.545 4.472 1295.902 0.66 2727.161 2.43880092368797 1.0
24.0 2.0 Car -1.0 -1.0 -1.0 -1.0 -1.0 -1.0 -1.0 1.718 1.622 4.409 1219.228 1.175 2791.493 2.4252612707833667 0.0
24.0 1.0 Car -1.0 -1.0 -1.0 -1.0 -1.0 -1.0 -1.0 2.074 1.96 4.662 1382.358 0.916 2657.98 -0.6476209995805529 1.0
25.0 4.0 Car -1.0 -1.0 -1.0 -1.0 -1.0 -1.0 -1.0 1.853 1.787 4.516 1264.88 0.996 2753.055 2.43880092368797 0.0
25.0 0.0 Car -1.0 -1.0 -1.0 -1.0 -1.0 -1.0 -1.0 1.919 1.545 4.472 1292.05 0.698 2730.414 2.43880092368797 0.0
25.0 2.0 Car -1.0 -1.0 -1.0 -1.0 -1.0 -1.0 -1.0 1.718 1.622 4.409 1216.418 1.325 2793.914 2.4252612707833667 0.0
25.0 1.0 Car -1.0 -1.0 -1.0 -1.0 -1.0 -1.0 -1.0 2.074 1.96 4.662 1386.12 0.936 2654.704 -0.722157871678359 0.0
26.0 4.0 Car -1.0 -1.0 -1.0 -1.0 -1.0 -1.0 -1.0 1.853 1.787 4.516 1261.951 1.016 2755.605 2.43880092368797 0.0
26.0 0.0 Car -1.0 -1.0 -1.0 -1.0 -1.0 -1.0 -1.0 1.919 1.545 4.472 1288.202 0.735 2733.664 2.43880092368797 0.0
26.0 2.0 Car -1.0 -1.0 -1.0 -1.0 -1.0 -1.0 -1.0 1.718 1.622 4.409 1213.612 1.425 2796.332 2.4252612707833667 0.0
26.0 1.0 Car -1.0 -1.0 -1.0 -1.0 -1.0 -1.0 -1.0 2.074 1.96 4.662 1389.995 0.956 2651.579 -0.7268361971372901 0.0
27.0 4.0 Car -1.0 -1.0 -1.0 -1.0 -1.0 -1.0 -1.0 1.853 1.787 4.516 1259.532 1.029 2757.671 2.43880092368797 0.0
27.0 0.0 Car -1.0 -1.0 -1.0 -1.0 -1.0 -1.0 -1.0 1.919 1.545 4.472 1284.354 0.773 2736.913 2.43880092368797 0.0
27.0 2.0 Car -1.0 -1.0 -1.0 -1.0 -1.0 -1.0 -1.0 1.718 1.622 4.409 1211.366 1.375 2798.262 2.4252612707833667 0.0
27.0 1.0 Car -1.0 -1.0 -1.0 -1.0 -1.0 -1.0 -1.0 2.074 1.96 4.662 1393.856 0.971 2648.449 -0.7225099988827139 0.0
28.0 4.0 Car -1.0 -1.0 -1.0 -1.0 -1.0 -1.0 -1.0 1.853 1.787 4.516 1257.092 1.041 2759.716 2.4329810079703496 0.0
28.0 0.0 Car -1.0 -1.0 -1.0 -1.0 -1.0 -1.0 -1.0 1.919 1.545 4.472 1280.502 0.81 2740.166 2.43880092368797 0.0
28.0 1.0 Car -1.0 -1.0 -1.0 -1.0 -1.0 -1.0 -1.0 2.074 1.96 4.662 1397.72 0.986 2645.316 -0.718179300517932 0.0
29.0 4.0 Car -1.0 -1.0 -1.0 -1.0 -1.0 -1.0 -1.0 1.853 1.787 4.516 1254.651 1.054 2761.76 2.427160824763437 0.0
29.0 0.0 Car -1.0 -1.0 -1.0 -1.0 -1.0 -1.0 -1.0 1.919 1.545 4.472 1277.209 0.955 2742.988 2.4342037369747436 0.0
29.0 1.0 Car -1.0 -1.0 -1.0 -1.0 -1.0 -1.0 -1.0 2.074 1.96 4.662 1401.585 1.0 2642.183 -0.7138484031098143 0.0
30.0 4.0 Car -1.0 -1.0 -1.0 -1.0 -1.0 -1.0 -1.0 1.853 1.787 4.516 1252.213 1.066 2763.803 2.4213476311680266 0.0
30.0 0.0 Car -1.0 -1.0 -1.0 -1.0 -1.0 -1.0 -1.0 1.919 1.545 4.472 1273.921 1.1 2745.806 2.4296120711442772 0.0
30.0 1.0 Car -1.0 -1.0 -1.0 -1.0 -1.0 -1.0 -1.0 2.074 1.96 4.662 1405.444 1.015 2639.054 -0.7095227067906076 0.0
31.0 4.0 Car -1.0 -1.0 -1.0 -1.0 -1.0 -1.0 -1.0 1.853 1.787 4.516 1250.32 1.066 2765.505 2.4175735598187176 0.0
31.0 0.0 Car -1.0 -1.0 -1.0 -1.0 -1.0 -1.0 -1.0 1.919 1.545 4.472 1271.29 1.216 2748.06 2.425939012227502 0.0
31.0 1.0 Car -1.0 -1.0 -1.0 -1.0 -1.0 -1.0 -1.0 2.074 1.96 4.662 1408.499 0.869 2636.517 -0.6975249580645579 0.0
32.0 4.0 Car -1.0 -1.0 -1.0 -1.0 -1.0 -1.0 -1.0 1.853 1.787 4.516 1247.955 1.066 2767.633 2.4128559116396513 0.0
32.0 0.0 Car -1.0 -1.0 -1.0 -1.0 -1.0 -1.0 -1.0 1.919 1.545 4.472 1268.001 1.36 2750.878 2.4213476311680266 0.0
32.0 1.0 Car -1.0 -1.0 -1.0 -1.0 -1.0 -1.0 -1.0 2.074 1.96 4.662 1412.317 0.685 2633.345 -0.6825275846204392 0.0
33.0 4.0 Car -1.0 -1.0 -1.0 -1.0 -1.0 -1.0 -1.0 1.853 1.787 4.516 1245.588 1.066 2769.762 2.408137564990221 0.0
33.0 0.0 Car -1.0 -1.0 -1.0 -1.0 -1.0 -1.0 -1.0 1.919 1.545 4.472 1264.708 1.41 2753.698 2.43880092368797 0.0
33.0 1.0 Car -1.0 -1.0 -1.0 -1.0 -1.0 -1.0 -1.0 2.074 1.96 4.662 1416.841 0.721 2629.495 -0.7009062072931522 0.0
34.0 0.0 Car -1.0 -1.0 -1.0 -1.0 -1.0 -1.0 -1.0 1.919 1.545 4.472 1262.08 1.422 2755.974 2.4307547080701384 0.0
34.0 1.0 Car -1.0 -1.0 -1.0 -1.0 -1.0 -1.0 -1.0 2.074 1.96 4.662 1420.909 0.753 2626.032 -0.7174341696603251 0.0
35.0 0.0 Car -1.0 -1.0 -1.0 -1.0 -1.0 -1.0 -1.0 1.919 1.545 4.472 1259.158 1.435 2758.505 2.4218077785087546 0.0
35.0 1.0 Car -1.0 -1.0 -1.0 -1.0 -1.0 -1.0 -1.0 2.074 1.96 4.662 1425.532 0.753 2622.282 -0.7174341696603251 0.0
36.0 0.0 Car -1.0 -1.0 -1.0 -1.0 -1.0 -1.0 -1.0 1.919 1.545 4.472 1256.233 1.448 2761.039 2.412851022781823 0.0
36.0 1.0 Car -1.0 -1.0 -1.0 -1.0 -1.0 -1.0 -1.0 2.074 1.96 4.662 1430.16 0.753 2618.528 -0.7174341696603251 0.0
