0.0 1.0 Car -1.0 -1.0 -1.0 -1.0 -1.0 -1.0 -1.0 1.845 1.677 4.807 796.038 -0.816 2329.075 -2.6533542487925548 0.0
0.0 5.0 Bus -1.0 -1.0 -1.0 -1.0 -1.0 -1.0 -1.0 3.026 3.538 12.852 747.087 2.922 2289.063 1.0055190876302473 0.0
0.0 2.0 Car -1.0 -1.0 -1.0 -1.0 -1.0 -1.0 -1.0 1.899 1.418 4.483 779.845 -1.452 2336.597 1.0809173123375204 0.0
1.0 1.0 Car -1.0 -1.0 -1.0 -1.0 -1.0 -1.0 -1.0 1.845 1.677 4.807 793.044 -0.352 2327.602 -2.6533542487925548 1.0
1.0 5.0 Bus -1.0 -1.0 -1.0 -1.0 -1.0 -1.0 -1.0 3.026 3.538 12.852 747.141 3.21 2289.076 1.0144505010670408 1.0
1.0 2.0 Car -1.0 -1.0 -1.0 -1.0 -1.0 -1.0 -1.0 1.899 1.418 4.483 779.952 -1.271 2336.819 1.0746397131777266 1.0
2.0 1.0 Car -1.0 -1.0 -1.0 -1.0 -1.0 -1.0 -1.0 1.845 1.677 4.807 790.231 0.013 2326.0 -2.4090081535133514 1.0
2.0 5.0 Bus -1.0 -1.0 -1.0 -1.0 -1.0 -1.0 -1.0 3.026 3.538 12.852 747.195 3.498 2289.09 1.0233818073030747 1.0
2.0 3.0 Bus -1.0 -1.0 -1.0 -1.0 -1.0 -1.0 -1.0 3.169 4.039 12.174 773.171 3.14 2295.944 -2.078163542321663 0.0
2.0 7.0 Car -1.0 -1.0 -1.0 -1.0 -1.0 -1.0 -1.0 2.142 2.002 4.685 800.978 -0.689 2331.275 -2.8134707545513313 0.0
2.0 2.0 Car -1.0 -1.0 -1.0 -1.0 -1.0 -1.0 -1.0 1.899 1.418 4.483 780.08 -1.04 2336.994 1.1032691933777687 1.0
3.0 1.0 Car -1.0 -1.0 -1.0 -1.0 -1.0 -1.0 -1.0 1.845 1.677 4.807 787.684 0.38 2323.578 -2.4090081535133514 1.0
3.0 5.0 Bus -1.0 -1.0 -1.0 -1.0 -1.0 -1.0 -1.0 3.026 3.538 12.852 747.255 3.815 2289.105 1.0332117239082175 1.0
3.0 3.0 Bus -1.0 -1.0 -1.0 -1.0 -1.0 -1.0 -1.0 3.169 4.039 12.174 773.177 3.361 2295.954 -2.078163542321663 0.0
3.0 7.0 Car -1.0 -1.0 -1.0 -1.0 -1.0 -1.0 -1.0 2.142 2.002 4.685 797.565 -0.291 2329.935 -2.7586314993091485 1.0
3.0 2.0 Car -1.0 -1.0 -1.0 -1.0 -1.0 -1.0 -1.0 1.899 1.418 4.483 780.304 -0.891 2337.569 1.1120576664069295 1.0
4.0 1.0 Car -1.0 -1.0 -1.0 -1.0 -1.0 -1.0 -1.0 1.845 1.677 4.807 785.36 0.763 2321.215 -2.3391949834335795 1.0
4.0 5.0 Bus -1.0 -1.0 -1.0 -1.0 -1.0 -1.0 -1.0 3.026 3.538 12.852 747.213 3.964 2289.169 1.0323385857805658 1.0
4.0 3.0 Bus -1.0 -1.0 -1.0 -1.0 -1.0 -1.0 -1.0 3.169 4.039 12.174 773.182 3.496 2295.963 -2.078163542321663 0.0
4.0 7.0 Car -1.0 -1.0 -1.0 -1.0 -1.0 -1.0 -1.0 2.142 2.002 4.685 794.529 0.07 2328.556 -2.7087509994316714 1.0
4.0 2.0 Car -1.0 -1.0 -1.0 -1.0 -1.0 -1.0 -1.0 1.899 1.418 4.483 780.872 -0.71 2338.349 1.157566442369426 1.0
5.0 1.0 Car -1.0 -1.0 -1.0 -1.0 -1.0 -1.0 -1.0 1.845 1.677 4.807 783.025 1.146 2318.753 -2.251928520833864 1.0
5.0 5.0 Bus -1.0 -1.0 -1.0 -1.0 -1.0 -1.0 -1.0 3.026 3.538 12.852 747.172 4.113 2289.234 1.031467377378748 1.0
5.0 4.0 Car -1.0 -1.0 -1.0 -1.0 -1.0 -1.0 -1.0 2.111 1.69 4.186 807.194 -0.193 2330.136 2.753816846326059 0.0
5.0 3.0 Bus -1.0 -1.0 -1.0 -1.0 -1.0 -1.0 -1.0 3.169 4.039 12.174 773.187 3.615 2295.973 -2.078163542321663 1.0
5.0 7.0 Car -1.0 -1.0 -1.0 -1.0 -1.0 -1.0 -1.0 2.142 2.002 4.685 791.587 0.431 2327.132 -2.5691246592721266 0.0
5.0 2.0 Car -1.0 -1.0 -1.0 -1.0 -1.0 -1.0 -1.0 1.899 1.418 4.483 781.604 -0.579 2339.724 1.1507304824172937 1.0
6.0 1.0 Car -1.0 -1.0 -1.0 -1.0 -1.0 -1.0 -1.0 1.845 1.677 4.807 780.925 1.431 2316.024 -2.2161310394175358 1.0
6.0 5.0 Bus -1.0 -1.0 -1.0 -1.0 -1.0 -1.0 -1.0 3.026 3.538 12.852 747.13 4.262 2289.298 1.0305951849214416 1.0
6.0 4.0 Car -1.0 -1.0 -1.0 -1.0 -1.0 -1.0 -1.0 2.111 1.69 4.186 804.749 0.069 2331.266 2.753816846326059 1.0
6.0 3.0 Bus -1.0 -1.0 -1.0 -1.0 -1.0 -1.0 -1.0 3.169 4.039 12.174 773.273 3.658 2296.128 -2.078163542321663 1.0
6.0 7.0 Car -1.0 -1.0 -1.0 -1.0 -1.0 -1.0 -1.0 2.142 2.002 4.685 788.919 0.792 2325.451 -2.499311489192354 0.0
6.0 2.0 Car -1.0 -1.0 -1.0 -1.0 -1.0 -1.0 -1.0 1.899 1.418 4.483 782.253 -0.363 2341.639 1.2404223648561492 1.0
7.0 1.0 Car -1.0 -1.0 -1.0 -1.0 -1.0 -1.0 -1.0 1.845 1.677 4.807 778.923 2.017 2313.223 -2.1803349186130005 1.0
7.0 5.0 Bus -1.0 -1.0 -1.0 -1.0 -1.0 -1.0 -1.0 3.026 3.538 12.852 747.159 4.373 2289.458 1.0118228949926331 1.0
7.0 4.0 Car -1.0 -1.0 -1.0 -1.0 -1.0 -1.0 -1.0 2.111 1.69 4.186 802.304 0.332 2332.397 2.753816846326059 1.0
7.0 3.0 Bus -1.0 -1.0 -1.0 -1.0 -1.0 -1.0 -1.0 3.169 4.039 12.174 773.197 3.702 2295.991 -2.078163542321663 1.0
7.0 7.0 Car -1.0 -1.0 -1.0 -1.0 -1.0 -1.0 -1.0 2.142 2.002 4.685 786.622 1.154 2323.287 -2.3945917340726957 0.0
7.0 2.0 Car -1.0 -1.0 -1.0 -1.0 -1.0 -1.0 -1.0 1.899 1.418 4.483 782.844 -0.296 2343.89 1.3301108382330247 1.0
8.0 1.0 Car -1.0 -1.0 -1.0 -1.0 -1.0 -1.0 -1.0 1.845 1.677 4.807 777.208 2.407 2310.64 -2.1481008078689983 1.0
8.0 5.0 Bus -1.0 -1.0 -1.0 -1.0 -1.0 -1.0 -1.0 3.026 3.538 12.852 747.185 4.473 2289.601 0.9949186031620204 1.0
8.0 4.0 Car -1.0 -1.0 -1.0 -1.0 -1.0 -1.0 -1.0 2.111 1.69 4.186 799.704 0.569 2333.462 2.753816846326059 1.0
8.0 3.0 Bus -1.0 -1.0 -1.0 -1.0 -1.0 -1.0 -1.0 3.169 4.039 12.174 773.268 3.843 2296.118 -2.078163542321663 1.0
8.0 7.0 Car -1.0 -1.0 -1.0 -1.0 -1.0 -1.0 -1.0 2.142 2.002 4.685 784.678 1.479 2321.185 -2.272418686433094 0.0
8.0 2.0 Car -1.0 -1.0 -1.0 -1.0 -1.0 -1.0 -1.0 1.899 1.418 4.483 783.309 -0.191 2346.382 1.4108745667687836 1.0
9.0 1.0 Car -1.0 -1.0 -1.0 -1.0 -1.0 -1.0 -1.0 1.845 1.677 4.807 775.401 2.841 2307.708 -2.112302180674319 1.0
9.0 5.0 Bus -1.0 -1.0 -1.0 -1.0 -1.0 -1.0 -1.0 3.026 3.538 12.852 747.214 4.584 2289.761 0.9761449988259132 1.0
9.0 4.0 Car -1.0 -1.0 -1.0 -1.0 -1.0 -1.0 -1.0 2.111 1.69 4.186 796.718 0.726 2334.819 2.7269392334482627 1.0
9.0 3.0 Bus -1.0 -1.0 -1.0 -1.0 -1.0 -1.0 -1.0 3.169 4.039 12.174 773.231 4.001 2296.051 -2.078163542321663 1.0
9.0 7.0 Car -1.0 -1.0 -1.0 -1.0 -1.0 -1.0 -1.0 2.142 2.002 4.685 782.557 1.729 2318.403 -2.2023626132504894 0.0
9.0 2.0 Car -1.0 -1.0 -1.0 -1.0 -1.0 -1.0 -1.0 1.899 1.418 4.483 783.863 -0.251 2349.522 1.4021497748868361 1.0
10.0 1.0 Car -1.0 -1.0 -1.0 -1.0 -1.0 -1.0 -1.0 1.845 1.677 4.807 773.607 3.251 2304.826 -2.112302180674319 1.0
10.0 5.0 Bus -1.0 -1.0 -1.0 -1.0 -1.0 -1.0 -1.0 3.026 3.538 12.852 747.243 4.695 2289.92 0.957374135967886 1.0
10.0 4.0 Car -1.0 -1.0 -1.0 -1.0 -1.0 -1.0 -1.0 2.111 1.69 4.186 793.699 0.883 2336.436 2.6215346845257415 1.0
10.0 3.0 Bus -1.0 -1.0 -1.0 -1.0 -1.0 -1.0 -1.0 3.169 4.039 12.174 773.194 4.158 2295.985 -2.078163542321663 1.0
10.0 7.0 Car -1.0 -1.0 -1.0 -1.0 -1.0 -1.0 -1.0 2.142 2.002 4.685 780.634 2.046 2315.356 -2.126488913641662 0.0
10.0 2.0 Car -1.0 -1.0 -1.0 -1.0 -1.0 -1.0 -1.0 1.899 1.418 4.483 784.508 -0.411 2353.023 1.3934262570716724 1.0
11.0 1.0 Car -1.0 -1.0 -1.0 -1.0 -1.0 -1.0 -1.0 1.845 1.677 4.807 771.836 3.662 2301.852 -2.112302180674319 1.0
11.0 5.0 Bus -1.0 -1.0 -1.0 -1.0 -1.0 -1.0 -1.0 3.026 3.538 12.852 747.72 4.806 2290.672 0.9386013953851465 1.0
11.0 4.0 Car -1.0 -1.0 -1.0 -1.0 -1.0 -1.0 -1.0 2.111 1.69 4.186 791.175 0.741 2338.168 2.516119591563355 1.0
11.0 3.0 Bus -1.0 -1.0 -1.0 -1.0 -1.0 -1.0 -1.0 3.169 4.039 12.174 773.055 4.316 2295.735 -2.078163542321663 1.0
11.0 7.0 Car -1.0 -1.0 -1.0 -1.0 -1.0 -1.0 -1.0 2.142 2.002 4.685 778.596 2.363 2312.159 -2.1291384406321545 0.0
11.0 2.0 Car -1.0 -1.0 -1.0 -1.0 -1.0 -1.0 -1.0 1.899 1.418 4.483 785.087 -0.422 2356.597 1.4196084516479135 1.0
11.0 8.0 Car -1.0 -1.0 -1.0 -1.0 -1.0 -1.0 -1.0 1.814 1.531 4.617 816.532 -0.38 2325.109 2.6671425104709723 0.0
12.0 1.0 Car -1.0 -1.0 -1.0 -1.0 -1.0 -1.0 -1.0 1.845 1.677 4.807 769.838 4.073 2298.759 -2.112302180674319 1.0
12.0 5.0 Bus -1.0 -1.0 -1.0 -1.0 -1.0 -1.0 -1.0 3.026 3.538 12.852 748.197 4.917 2291.424 0.9198082251575382 1.0
12.0 4.0 Car -1.0 -1.0 -1.0 -1.0 -1.0 -1.0 -1.0 2.111 1.69 4.186 789.015 0.54 2340.315 2.3466477048153838 1.0
12.0 3.0 Bus -1.0 -1.0 -1.0 -1.0 -1.0 -1.0 -1.0 3.169 4.039 12.174 772.879 4.474 2295.538 -2.089807369560928 1.0
12.0 7.0 Car -1.0 -1.0 -1.0 -1.0 -1.0 -1.0 -1.0 2.142 2.002 4.685 776.658 2.68 2309.122 -2.131790851000023 0.0
12.0 2.0 Car -1.0 -1.0 -1.0 -1.0 -1.0 -1.0 -1.0 1.899 1.418 4.483 785.986 -0.682 2360.367 1.3410613966890104 0.0
12.0 8.0 Car -1.0 -1.0 -1.0 -1.0 -1.0 -1.0 -1.0 1.814 1.531 4.617 814.271 -0.271 2326.289 2.6671425104709723 1.0
13.0 1.0 Car -1.0 -1.0 -1.0 -1.0 -1.0 -1.0 -1.0 1.845 1.677 4.807 767.9 4.483 2295.831 -2.129755473194262 1.0
13.0 5.0 Bus -1.0 -1.0 -1.0 -1.0 -1.0 -1.0 -1.0 3.026 3.538 12.852 748.674 5.028 2292.175 0.9010355972382816 1.0
13.0 4.0 Car -1.0 -1.0 -1.0 -1.0 -1.0 -1.0 -1.0 2.111 1.69 4.186 787.394 0.488 2342.725 2.1424926336319494 1.0
13.0 3.0 Bus -1.0 -1.0 -1.0 -1.0 -1.0 -1.0 -1.0 3.169 4.039 12.174 772.642 4.631 2295.233 -2.1014384692461583 1.0
13.0 7.0 Car -1.0 -1.0 -1.0 -1.0 -1.0 -1.0 -1.0 2.142 2.002 4.685 774.801 3.097 2306.215 -2.131790851000023 0.0
13.0 2.0 Car -1.0 -1.0 -1.0 -1.0 -1.0 -1.0 -1.0 1.899 1.418 4.483 786.959 -0.705 2364.102 1.3323349599150551 0.0
13.0 8.0 Car -1.0 -1.0 -1.0 -1.0 -1.0 -1.0 -1.0 1.814 1.531 4.617 812.267 -0.012 2327.337 2.6671425104709723 1.0
14.0 1.0 Car -1.0 -1.0 -1.0 -1.0 -1.0 -1.0 -1.0 1.845 1.677 4.807 766.101 4.777 2292.852 -2.1275743166670034 1.0
14.0 5.0 Bus -1.0 -1.0 -1.0 -1.0 -1.0 -1.0 -1.0 3.026 3.538 12.852 749.535 4.987 2292.922 0.8998836760676852 1.0
14.0 4.0 Car -1.0 -1.0 -1.0 -1.0 -1.0 -1.0 -1.0 2.111 1.69 4.186 786.27 0.437 2345.478 1.9034211755539552 1.0
14.0 3.0 Bus -1.0 -1.0 -1.0 -1.0 -1.0 -1.0 -1.0 3.169 4.039 12.174 772.404 4.788 2294.927 -2.1130701273615484 1.0
14.0 7.0 Car -1.0 -1.0 -1.0 -1.0 -1.0 -1.0 -1.0 2.142 2.002 4.685 772.936 3.514 2303.295 -2.131790851000023 0.0
14.0 2.0 Car -1.0 -1.0 -1.0 -1.0 -1.0 -1.0 -1.0 1.899 1.418 4.483 787.926 -0.828 2367.808 1.323608104169067 0.0
14.0 8.0 Car -1.0 -1.0 -1.0 -1.0 -1.0 -1.0 -1.0 1.814 1.531 4.617 810.478 0.163 2328.089 2.6671425104709723 1.0
15.0 1.0 Car -1.0 -1.0 -1.0 -1.0 -1.0 -1.0 -1.0 1.845 1.677 4.807 764.299 5.071 2289.869 -2.1253908040241827 0.0
15.0 5.0 Bus -1.0 -1.0 -1.0 -1.0 -1.0 -1.0 -1.0 3.026 3.538 12.852 750.397 4.945 2293.669 0.898730510575849 1.0
15.0 4.0 Car -1.0 -1.0 -1.0 -1.0 -1.0 -1.0 -1.0 2.111 1.69 4.186 785.808 0.345 2348.579 1.6675495787573988 1.0
15.0 3.0 Bus -1.0 -1.0 -1.0 -1.0 -1.0 -1.0 -1.0 3.169 4.039 12.174 772.089 4.873 2294.529 -2.124602521597231 1.0
15.0 7.0 Car -1.0 -1.0 -1.0 -1.0 -1.0 -1.0 -1.0 2.142 2.002 4.685 771.034 3.932 2300.318 -2.131790851000023 0.0
15.0 2.0 Car -1.0 -1.0 -1.0 -1.0 -1.0 -1.0 -1.0 1.899 1.418 4.483 788.735 -0.851 2371.396 1.323608104169067 0.0
15.0 8.0 Car -1.0 -1.0 -1.0 -1.0 -1.0 -1.0 -1.0 1.814 1.531 4.617 809.519 0.264 2328.683 2.6671425104709723 1.0
16.0 1.0 Car -1.0 -1.0 -1.0 -1.0 -1.0 -1.0 -1.0 1.845 1.677 4.807 762.498 5.366 2286.887 -2.1232075139033886 0.0
16.0 0.0 Car -1.0 -1.0 -1.0 -1.0 -1.0 -1.0 -1.0 2.029 1.622 4.41 821.174 -0.454 2323.765 2.7184672181374445 0.0
16.0 5.0 Bus -1.0 -1.0 -1.0 -1.0 -1.0 -1.0 -1.0 3.026 3.538 12.852 751.259 4.904 2294.415 0.897577462603241 1.0
16.0 4.0 Car -1.0 -1.0 -1.0 -1.0 -1.0 -1.0 -1.0 2.111 1.69 4.186 785.821 0.179 2351.952 1.5189595889269156 0.0
16.0 3.0 Bus -1.0 -1.0 -1.0 -1.0 -1.0 -1.0 -1.0 3.169 4.039 12.174 771.774 4.958 2294.132 -2.136133740565287 0.0
16.0 7.0 Car -1.0 -1.0 -1.0 -1.0 -1.0 -1.0 -1.0 2.142 2.002 4.685 769.201 4.349 2297.449 -2.131790851000023 0.0
16.0 2.0 Car -1.0 -1.0 -1.0 -1.0 -1.0 -1.0 -1.0 1.899 1.418 4.483 789.747 -0.923 2375.155 1.3061548116491237 0.0
16.0 8.0 Car -1.0 -1.0 -1.0 -1.0 -1.0 -1.0 -1.0 1.814 1.531 4.617 808.559 0.365 2329.277 2.6671425104709723 1.0
17.0 1.0 Car -1.0 -1.0 -1.0 -1.0 -1.0 -1.0 -1.0 1.845 1.677 4.807 760.385 5.894 2283.694 -2.1208091846059443 0.0
17.0 0.0 Car -1.0 -1.0 -1.0 -1.0 -1.0 -1.0 -1.0 2.029 1.622 4.41 819.477 -0.506 2324.518 2.7184672181374445 1.0
17.0 5.0 Bus -1.0 -1.0 -1.0 -1.0 -1.0 -1.0 -1.0 3.026 3.538 12.852 752.282 4.801 2295.611 0.8931476660628385 1.0
17.0 4.0 Car -1.0 -1.0 -1.0 -1.0 -1.0 -1.0 -1.0 2.111 1.69 4.186 786.428 -0.008 2355.914 1.408094376736609 0.0
17.0 3.0 Bus -1.0 -1.0 -1.0 -1.0 -1.0 -1.0 -1.0 3.169 4.039 12.174 771.427 5.051 2293.694 -2.1488007059048537 0.0
17.0 2.0 Car -1.0 -1.0 -1.0 -1.0 -1.0 -1.0 -1.0 1.899 1.418 4.483 790.647 -0.904 2379.333 1.3410613966890104 0.0
17.0 8.0 Car -1.0 -1.0 -1.0 -1.0 -1.0 -1.0 -1.0 1.814 1.531 4.617 807.593 0.473 2329.734 2.6671425104709723 1.0
18.0 1.0 Car -1.0 -1.0 -1.0 -1.0 -1.0 -1.0 -1.0 1.845 1.677 4.807 758.614 6.074 2280.699 -2.118628215695295 0.0
18.0 0.0 Car -1.0 -1.0 -1.0 -1.0 -1.0 -1.0 -1.0 2.029 1.622 4.41 817.934 -0.553 2325.203 2.7184672181374445 1.0
18.0 5.0 Bus -1.0 -1.0 -1.0 -1.0 -1.0 -1.0 -1.0 3.026 3.538 12.852 753.212 4.707 2296.699 0.8891193416182257 1.0
18.0 4.0 Car -1.0 -1.0 -1.0 -1.0 -1.0 -1.0 -1.0 2.111 1.69 4.186 787.306 -0.175 2359.941 1.32953054208838 0.0
18.0 3.0 Bus -1.0 -1.0 -1.0 -1.0 -1.0 -1.0 -1.0 3.169 4.039 12.174 770.924 5.136 2293.008 -2.1603196652184575 0.0
18.0 2.0 Car -1.0 -1.0 -1.0 -1.0 -1.0 -1.0 -1.0 1.899 1.418 4.483 791.279 -1.04 2383.347 1.3934212742488403 0.0
18.0 8.0 Car -1.0 -1.0 -1.0 -1.0 -1.0 -1.0 -1.0 1.814 1.531 4.617 806.673 0.643 2330.136 2.6671425104709723 1.0
19.0 1.0 Car -1.0 -1.0 -1.0 -1.0 -1.0 -1.0 -1.0 1.845 1.677 4.807 756.55 6.408 2277.887 -2.116449646531975 0.0
19.0 6.0 Car -1.0 -1.0 -1.0 -1.0 -1.0 -1.0 -1.0 2.072 1.851 4.657 832.032 -1.034 2315.55 2.449524605776544 0.0
19.0 0.0 Car -1.0 -1.0 -1.0 -1.0 -1.0 -1.0 -1.0 2.029 1.622 4.41 816.561 -0.434 2325.796 2.7184672181374445 1.0
19.0 5.0 Bus -1.0 -1.0 -1.0 -1.0 -1.0 -1.0 -1.0 3.026 3.538 12.852 754.058 4.585 2297.682 0.8917552292703815 1.0
19.0 4.0 Car -1.0 -1.0 -1.0 -1.0 -1.0 -1.0 -1.0 2.111 1.69 4.186 788.356 -0.391 2364.112 1.355734499176779 0.0
19.0 3.0 Bus -1.0 -1.0 -1.0 -1.0 -1.0 -1.0 -1.0 3.169 4.039 12.174 770.421 5.22 2292.323 -2.1718259500772716 0.0
19.0 2.0 Car -1.0 -1.0 -1.0 -1.0 -1.0 -1.0 -1.0 1.899 1.418 4.483 791.827 -1.376 2387.588 1.428327859288727 0.0
19.0 8.0 Car -1.0 -1.0 -1.0 -1.0 -1.0 -1.0 -1.0 1.814 1.531 4.617 805.484 0.64 2330.766 2.6671425104709723 1.0
20.0 1.0 Car -1.0 -1.0 -1.0 -1.0 -1.0 -1.0 -1.0 1.845 1.677 4.807 754.38 7.074 2275.131 -2.1142661207996247 0.0
20.0 6.0 Car -1.0 -1.0 -1.0 -1.0 -1.0 -1.0 -1.0 2.072 1.851 4.657 830.492 -0.894 2316.854 2.449524605776544 0.0
20.0 0.0 Car -1.0 -1.0 -1.0 -1.0 -1.0 -1.0 -1.0 2.029 1.622 4.41 815.389 -0.314 2326.331 2.7184672181374445 1.0
20.0 5.0 Bus -1.0 -1.0 -1.0 -1.0 -1.0 -1.0 -1.0 3.026 3.538 12.852 754.907 4.463 2298.667 0.894397113959182 1.0
20.0 4.0 Car -1.0 -1.0 -1.0 -1.0 -1.0 -1.0 -1.0 2.111 1.69 4.186 789.357 -0.476 2368.569 1.355734499176779 0.0
20.0 3.0 Bus -1.0 -1.0 -1.0 -1.0 -1.0 -1.0 -1.0 3.169 4.039 12.174 769.77 5.305 2291.594 -2.193291720575342 0.0
20.0 2.0 Car -1.0 -1.0 -1.0 -1.0 -1.0 -1.0 -1.0 1.899 1.418 4.483 792.272 -1.663 2392.126 1.4457811518086703 0.0
20.0 8.0 Car -1.0 -1.0 -1.0 -1.0 -1.0 -1.0 -1.0 1.814 1.531 4.617 803.824 0.787 2331.459 2.6671425104709723 1.0
21.0 1.0 Car -1.0 -1.0 -1.0 -1.0 -1.0 -1.0 -1.0 1.845 1.677 4.807 752.375 7.768 2272.684 -2.112302180674319 0.0
21.0 6.0 Car -1.0 -1.0 -1.0 -1.0 -1.0 -1.0 -1.0 2.072 1.851 4.657 829.107 -0.769 2318.026 2.449524605776544 0.0
21.0 0.0 Car -1.0 -1.0 -1.0 -1.0 -1.0 -1.0 -1.0 2.029 1.622 4.41 814.363 -0.207 2326.799 2.7184672181374445 1.0
21.0 5.0 Bus -1.0 -1.0 -1.0 -1.0 -1.0 -1.0 -1.0 3.026 3.538 12.852 755.67 4.354 2299.553 0.8967733183106554 1.0
21.0 4.0 Car -1.0 -1.0 -1.0 -1.0 -1.0 -1.0 -1.0 2.111 1.69 4.186 790.257 -0.552 2372.577 1.355734499176779 0.0
21.0 3.0 Bus -1.0 -1.0 -1.0 -1.0 -1.0 -1.0 -1.0 3.169 4.039 12.174 769.004 5.381 2290.643 -2.2125987923341808 0.0
21.0 2.0 Car -1.0 -1.0 -1.0 -1.0 -1.0 -1.0 -1.0 1.899 1.418 4.483 792.594 -1.886 2396.119 1.4457811518086703 0.0
21.0 8.0 Car -1.0 -1.0 -1.0 -1.0 -1.0 -1.0 -1.0 1.814 1.531 4.617 802.533 0.809 2332.038 2.6671425104709723 1.0
22.0 1.0 Car -1.0 -1.0 -1.0 -1.0 -1.0 -1.0 -1.0 1.845 1.677 4.807 750.689 7.831 2270.213 -2.1472087657142054 0.0
22.0 6.0 Car -1.0 -1.0 -1.0 -1.0 -1.0 -1.0 -1.0 2.072 1.851 4.657 827.553 -0.665 2319.311 2.49106762190571 1.0
22.0 0.0 Car -1.0 -1.0 -1.0 -1.0 -1.0 -1.0 -1.0 2.029 1.622 4.41 813.698 -0.087 2327.104 2.7184672181374445 1.0
22.0 5.0 Bus -1.0 -1.0 -1.0 -1.0 -1.0 -1.0 -1.0 3.026 3.538 12.852 756.801 4.225 2300.812 0.881935634760807 1.0
22.0 4.0 Car -1.0 -1.0 -1.0 -1.0 -1.0 -1.0 -1.0 2.111 1.69 4.186 791.169 -0.663 2377.122 1.355734499176779 0.0
22.0 3.0 Bus -1.0 -1.0 -1.0 -1.0 -1.0 -1.0 -1.0 3.169 4.039 12.174 768.141 5.466 2289.597 -2.2340401993517354 0.0
22.0 2.0 Car -1.0 -1.0 -1.0 -1.0 -1.0 -1.0 -1.0 1.899 1.418 4.483 793.013 -2.156 2401.795 1.4739245878268559 0.0
22.0 8.0 Car -1.0 -1.0 -1.0 -1.0 -1.0 -1.0 -1.0 1.814 1.531 4.617 800.769 0.923 2333.027 2.6601642395358573 1.0
23.0 1.0 Car -1.0 -1.0 -1.0 -1.0 -1.0 -1.0 -1.0 1.845 1.677 4.807 748.915 7.799 2266.649 -2.1472087657142054 0.0
23.0 6.0 Car -1.0 -1.0 -1.0 -1.0 -1.0 -1.0 -1.0 2.072 1.851 4.657 825.783 -0.55 2320.65 2.5367910683762602 1.0
23.0 0.0 Car -1.0 -1.0 -1.0 -1.0 -1.0 -1.0 -1.0 2.029 1.622 4.41 812.945 0.044 2327.45 2.7184672181374445 1.0
23.0 5.0 Bus -1.0 -1.0 -1.0 -1.0 -1.0 -1.0 -1.0 3.026 3.538 12.852 758.046 4.084 2302.197 0.8656048506061597 1.0
23.0 4.0 Car -1.0 -1.0 -1.0 -1.0 -1.0 -1.0 -1.0 2.111 1.69 4.186 791.879 -0.863 2382.178 1.4380309815530403 0.0
23.0 3.0 Bus -1.0 -1.0 -1.0 -1.0 -1.0 -1.0 -1.0 3.169 4.039 12.174 767.186 5.559 2288.45 -2.257639232772233 0.0
23.0 2.0 Car -1.0 -1.0 -1.0 -1.0 -1.0 -1.0 -1.0 1.899 1.418 4.483 793.289 -2.454 2408.052 1.504900068429272 0.0
23.0 8.0 Car -1.0 -1.0 -1.0 -1.0 -1.0 -1.0 -1.0 1.814 1.531 4.617 798.81 1.068 2333.928 2.6524837524819884 1.0
24.0 1.0 Car -1.0 -1.0 -1.0 -1.0 -1.0 -1.0 -1.0 1.845 1.677 4.807 747.15 7.896 2264.372 -2.1472087657142054 0.0
24.0 6.0 Car -1.0 -1.0 -1.0 -1.0 -1.0 -1.0 -1.0 2.072 1.851 4.657 824.449 -0.458 2321.581 2.560855199290482 1.0
24.0 0.0 Car -1.0 -1.0 -1.0 -1.0 -1.0 -1.0 -1.0 2.029 1.622 4.41 812.381 0.164 2327.711 2.7184672181374445 1.0
24.0 5.0 Bus -1.0 -1.0 -1.0 -1.0 -1.0 -1.0 -1.0 3.026 3.538 12.852 759.177 3.956 2303.455 0.8507650002171367 1.0
24.0 4.0 Car -1.0 -1.0 -1.0 -1.0 -1.0 -1.0 -1.0 2.111 1.69 4.186 792.293 -1.154 2386.796 1.5302674243762118 0.0
24.0 3.0 Bus -1.0 -1.0 -1.0 -1.0 -1.0 -1.0 -1.0 3.169 4.039 12.174 766.319 5.643 2287.408 -2.279083771011756 0.0
24.0 8.0 Car -1.0 -1.0 -1.0 -1.0 -1.0 -1.0 -1.0 1.814 1.531 4.617 796.947 1.086 2334.791 2.645504462466585 1.0
25.0 1.0 Car -1.0 -1.0 -1.0 -1.0 -1.0 -1.0 -1.0 1.845 1.677 4.807 745.384 7.993 2262.093 -2.1472087657142054 0.0
25.0 6.0 Car -1.0 -1.0 -1.0 -1.0 -1.0 -1.0 -1.0 2.072 1.851 4.657 823.114 -0.365 2322.513 2.584939016671811 1.0
25.0 0.0 Car -1.0 -1.0 -1.0 -1.0 -1.0 -1.0 -1.0 2.029 1.622 4.41 811.973 0.283 2327.92 2.7184672181374445 1.0
25.0 5.0 Bus -1.0 -1.0 -1.0 -1.0 -1.0 -1.0 -1.0 3.026 3.538 12.852 760.463 3.758 2305.083 0.8592238034145564 1.0
25.0 4.0 Car -1.0 -1.0 -1.0 -1.0 -1.0 -1.0 -1.0 2.111 1.69 4.186 792.334 -1.446 2391.434 1.5302674243762118 0.0
25.0 3.0 Bus -1.0 -1.0 -1.0 -1.0 -1.0 -1.0 -1.0 3.169 4.039 12.174 765.345 5.728 2286.317 -2.3005458526729883 0.0
25.0 8.0 Car -1.0 -1.0 -1.0 -1.0 -1.0 -1.0 -1.0 1.814 1.531 4.617 795.216 1.106 2335.679 2.6385194628095654 1.0
26.0 1.0 Car -1.0 -1.0 -1.0 -1.0 -1.0 -1.0 -1.0 1.845 1.677 4.807 743.795 8.08 2260.042 -2.1472087657142054 0.0
26.0 6.0 Car -1.0 -1.0 -1.0 -1.0 -1.0 -1.0 -1.0 2.072 1.851 4.657 821.913 -0.281 2323.352 2.6066042384560335 1.0
26.0 0.0 Car -1.0 -1.0 -1.0 -1.0 -1.0 -1.0 -1.0 2.029 1.622 4.41 811.606 0.391 2328.108 2.7184672181374445 1.0
26.0 5.0 Bus -1.0 -1.0 -1.0 -1.0 -1.0 -1.0 -1.0 3.026 3.538 12.852 761.619 3.581 2306.548 0.8668331389446978 1.0
26.0 4.0 Car -1.0 -1.0 -1.0 -1.0 -1.0 -1.0 -1.0 2.111 1.69 4.186 792.37 -1.708 2395.605 1.5302674243762118 0.0
26.0 3.0 Bus -1.0 -1.0 -1.0 -1.0 -1.0 -1.0 -1.0 3.169 4.039 12.174 764.187 5.804 2284.933 -2.3005458526729883 0.0
26.0 8.0 Car -1.0 -1.0 -1.0 -1.0 -1.0 -1.0 -1.0 1.814 1.531 4.617 793.817 1.054 2336.501 2.632235925431086 1.0
27.0 6.0 Car -1.0 -1.0 -1.0 -1.0 -1.0 -1.0 -1.0 2.072 1.851 4.657 821.112 -0.419 2323.811 2.6240573563994074 0.0
27.0 0.0 Car -1.0 -1.0 -1.0 -1.0 -1.0 -1.0 -1.0 2.029 1.622 4.41 811.199 0.51 2328.316 2.7184672181374445 0.0
27.0 5.0 Bus -1.0 -1.0 -1.0 -1.0 -1.0 -1.0 -1.0 3.026 3.538 12.852 762.904 3.384 2308.175 0.8752836922571142 0.0
27.0 4.0 Car -1.0 -1.0 -1.0 -1.0 -1.0 -1.0 -1.0 2.111 1.69 4.186 792.21 -1.999 2400.246 1.5302674243762118 0.0
27.0 3.0 Bus -1.0 -1.0 -1.0 -1.0 -1.0 -1.0 -1.0 3.169 4.039 12.174 762.9 5.889 2283.397 -2.3005458526729883 0.0
27.0 8.0 Car -1.0 -1.0 -1.0 -1.0 -1.0 -1.0 -1.0 1.814 1.531 4.617 792.088 0.968 2337.618 2.5744276365819854 0.0
28.0 6.0 Car -1.0 -1.0 -1.0 -1.0 -1.0 -1.0 -1.0 2.072 1.851 4.657 820.311 -0.556 2324.27 2.64151082349592 0.0
28.0 0.0 Car -1.0 -1.0 -1.0 -1.0 -1.0 -1.0 -1.0 2.029 1.622 4.41 809.769 0.63 2328.971 2.7184672181374445 0.0
28.0 5.0 Bus -1.0 -1.0 -1.0 -1.0 -1.0 -1.0 -1.0 3.026 3.538 12.852 764.329 3.148 2309.905 0.9084645060424547 0.0
28.0 8.0 Car -1.0 -1.0 -1.0 -1.0 -1.0 -1.0 -1.0 1.814 1.531 4.617 790.591 0.832 2338.796 2.499164898746483 0.0
29.0 6.0 Car -1.0 -1.0 -1.0 -1.0 -1.0 -1.0 -1.0 2.072 1.851 4.657 819.498 -0.461 2324.74 2.703450687056823 0.0
29.0 0.0 Car -1.0 -1.0 -1.0 -1.0 -1.0 -1.0 -1.0 2.029 1.622 4.41 808.339 0.749 2329.626 2.7184672181374445 0.0
29.0 5.0 Bus -1.0 -1.0 -1.0 -1.0 -1.0 -1.0 -1.0 3.026 3.538 12.852 765.696 2.912 2311.682 0.9416451870726787 0.0
29.0 8.0 Car -1.0 -1.0 -1.0 -1.0 -1.0 -1.0 -1.0 1.814 1.531 4.617 789.086 0.696 2340.213 2.4151756935713298 0.0
30.0 6.0 Car -1.0 -1.0 -1.0 -1.0 -1.0 -1.0 -1.0 2.072 1.851 4.657 818.658 -0.366 2325.159 2.7653943918265216 0.0
30.0 0.0 Car -1.0 -1.0 -1.0 -1.0 -1.0 -1.0 -1.0 2.029 1.622 4.41 806.91 0.869 2330.282 2.7184672181374445 0.0
30.0 5.0 Bus -1.0 -1.0 -1.0 -1.0 -1.0 -1.0 -1.0 3.026 3.538 12.852 767.003 2.676 2313.503 0.9748279258072066 0.0
30.0 8.0 Car -1.0 -1.0 -1.0 -1.0 -1.0 -1.0 -1.0 1.814 1.531 4.617 787.755 0.61 2341.77 2.2788213323999087 0.0
31.0 6.0 Car -1.0 -1.0 -1.0 -1.0 -1.0 -1.0 -1.0 2.072 1.851 4.657 817.706 -0.261 2325.559 2.8334970412152964 0.0
31.0 0.0 Car -1.0 -1.0 -1.0 -1.0 -1.0 -1.0 -1.0 2.029 1.622 4.41 804.697 1.0 2331.222 2.7057907267801613 0.0
31.0 5.0 Bus -1.0 -1.0 -1.0 -1.0 -1.0 -1.0 -1.0 3.026 3.538 12.852 768.177 2.451 2315.339 1.0051186393012166 0.0
31.0 8.0 Car -1.0 -1.0 -1.0 -1.0 -1.0 -1.0 -1.0 1.814 1.531 4.617 786.527 0.556 2343.813 2.1192340358596837 0.0
32.0 6.0 Car -1.0 -1.0 -1.0 -1.0 -1.0 -1.0 -1.0 2.072 1.851 4.657 816.024 0.06 2326.139 2.8334970412152964 0.0
32.0 0.0 Car -1.0 -1.0 -1.0 -1.0 -1.0 -1.0 -1.0 2.029 1.622 4.41 802.684 1.12 2332.077 2.6942609719939856 0.0
32.0 5.0 Bus -1.0 -1.0 -1.0 -1.0 -1.0 -1.0 -1.0 3.026 3.538 12.852 769.196 2.247 2317.038 1.032669204283346 0.0
32.0 8.0 Car -1.0 -1.0 -1.0 -1.0 -1.0 -1.0 -1.0 1.814 1.531 4.617 785.739 0.506 2345.833 1.9407555415285915 0.0
33.0 6.0 Car -1.0 -1.0 -1.0 -1.0 -1.0 -1.0 -1.0 2.072 1.851 4.657 814.343 0.381 2326.718 2.8334970412152964 0.0
33.0 0.0 Car -1.0 -1.0 -1.0 -1.0 -1.0 -1.0 -1.0 2.029 1.622 4.41 800.681 1.239 2332.965 2.6661073405776143 0.0
33.0 5.0 Bus -1.0 -1.0 -1.0 -1.0 -1.0 -1.0 -1.0 3.026 3.538 12.852 770.168 2.042 2318.765 1.0602172340811087 0.0
33.0 8.0 Car -1.0 -1.0 -1.0 -1.0 -1.0 -1.0 -1.0 1.814 1.531 4.617 785.199 0.383 2347.881 1.8312766797779936 0.0
34.0 6.0 Car -1.0 -1.0 -1.0 -1.0 -1.0 -1.0 -1.0 2.072 1.851 4.657 812.659 0.702 2327.298 2.8334970412152964 0.0
34.0 0.0 Car -1.0 -1.0 -1.0 -1.0 -1.0 -1.0 -1.0 2.029 1.622 4.41 798.287 1.224 2334.194 2.6253826348483855 0.0
34.0 5.0 Bus -1.0 -1.0 -1.0 -1.0 -1.0 -1.0 -1.0 3.026 3.538 12.852 770.789 2.087 2320.063 1.0718571584682244 0.0
34.0 8.0 Car -1.0 -1.0 -1.0 -1.0 -1.0 -1.0 -1.0 1.814 1.531 4.617 784.953 0.177 2350.19 1.6867210955496832 0.0
35.0 6.0 Car -1.0 -1.0 -1.0 -1.0 -1.0 -1.0 -1.0 2.072 1.851 4.657 810.242 0.774 2328.129 2.8334970412152964 0.0
35.0 0.0 Car -1.0 -1.0 -1.0 -1.0 -1.0 -1.0 -1.0 2.029 1.622 4.41 795.868 1.208 2335.436 2.584657464098251 0.0
35.0 5.0 Bus -1.0 -1.0 -1.0 -1.0 -1.0 -1.0 -1.0 3.026 3.538 12.852 771.409 2.131 2321.36 1.0834973154500749 0.0
35.0 8.0 Car -1.0 -1.0 -1.0 -1.0 -1.0 -1.0 -1.0 1.814 1.531 4.617 784.996 0.152 2352.438 1.5836890739107827 0.0
36.0 6.0 Car -1.0 -1.0 -1.0 -1.0 -1.0 -1.0 -1.0 2.072 1.851 4.657 807.635 0.846 2329.0 2.791808751133596 0.0
36.0 0.0 Car -1.0 -1.0 -1.0 -1.0 -1.0 -1.0 -1.0 2.029 1.622 4.41 793.583 1.192 2336.901 2.561387585457955 0.0
36.0 5.0 Bus -1.0 -1.0 -1.0 -1.0 -1.0 -1.0 -1.0 3.026 3.538 12.852 772.029 2.175 2322.658 1.0951364722745662 0.0
36.0 8.0 Car -1.0 -1.0 -1.0 -1.0 -1.0 -1.0 -1.0 1.814 1.531 4.617 785.274 0.077 2354.854 1.4806659050936146 0.0
37.0 6.0 Car -1.0 -1.0 -1.0 -1.0 -1.0 -1.0 -1.0 2.072 1.851 4.657 805.068 0.918 2329.978 2.750164781492985 0.0
37.0 0.0 Car -1.0 -1.0 -1.0 -1.0 -1.0 -1.0 -1.0 2.029 1.622 4.41 791.368 1.053 2338.647 2.4468364708547314 0.0
37.0 5.0 Bus -1.0 -1.0 -1.0 -1.0 -1.0 -1.0 -1.0 3.026 3.538 12.852 772.617 2.078 2323.77 1.1067632550591682 0.0
37.0 8.0 Car -1.0 -1.0 -1.0 -1.0 -1.0 -1.0 -1.0 1.814 1.531 4.617 785.791 0.0 2356.984 1.3461189765457893 0.0
38.0 6.0 Car -1.0 -1.0 -1.0 -1.0 -1.0 -1.0 -1.0 2.072 1.851 4.657 802.545 0.99 2331.061 2.708520145379575 0.0
38.0 0.0 Car -1.0 -1.0 -1.0 -1.0 -1.0 -1.0 -1.0 2.029 1.622 4.41 789.391 0.914 2340.615 2.332283522968021 0.0
38.0 5.0 Bus -1.0 -1.0 -1.0 -1.0 -1.0 -1.0 -1.0 3.026 3.538 12.852 773.205 1.981 2324.883 1.118390223919558 0.0
38.0 8.0 Car -1.0 -1.0 -1.0 -1.0 -1.0 -1.0 -1.0 1.814 1.531 4.617 786.357 -0.176 2359.297 1.3511973521542295 0.0
