0.0 4.0 Car -1.0 -1.0 -1.0 -1.0 -1.0 -1.0 -1.0 2.001 2.037 5.249 1538.81 0.369 1211.248 2.990569313397608 0.0
0.0 1.0 Bus -1.0 -1.0 -1.0 -1.0 -1.0 -1.0 -1.0 3.165 4.593 13.124 1529.673 2.588 1273.934 -1.727491987075264 0.0
0.0 2.0 Car -1.0 -1.0 -1.0 -1.0 -1.0 -1.0 -1.0 1.822 1.85 4.288 1517.572 1.125 1214.249 -3.133023086952407 0.0
0.0 3.0 Car -1.0 -1.0 -1.0 -1.0 -1.0 -1.0 -1.0 1.645 1.492 3.96 1525.771 0.981 1215.941 2.7450189409307177 0.0
1.0 4.0 Car -1.0 -1.0 -1.0 -1.0 -1.0 -1.0 -1.0 2.001 2.037 5.249 1537.903 0.398 1211.389 2.990569313397608 1.0
1.0 1.0 Bus -1.0 -1.0 -1.0 -1.0 -1.0 -1.0 -1.0 3.165 4.593 13.124 1529.144 2.571 1271.046 -1.727491987075264 1.0
1.0 2.0 Car -1.0 -1.0 -1.0 -1.0 -1.0 -1.0 -1.0 1.822 1.85 4.288 1517.135 1.095 1214.22 -3.0946267037249635 1.0
1.0 3.0 Car -1.0 -1.0 -1.0 -1.0 -1.0 -1.0 -1.0 1.645 1.492 3.96 1523.866 0.983 1216.736 2.7549198922955767 1.0
2.0 4.0 Car -1.0 -1.0 -1.0 -1.0 -1.0 -1.0 -1.0 2.001 2.037 5.249 1537.192 0.427 1211.499 2.990569313397608 1.0
2.0 1.0 Bus -1.0 -1.0 -1.0 -1.0 -1.0 -1.0 -1.0 3.165 4.593 13.124 1528.616 2.554 1268.158 -1.727491987075264 1.0
2.0 2.0 Car -1.0 -1.0 -1.0 -1.0 -1.0 -1.0 -1.0 1.822 1.85 4.288 1516.699 1.065 1214.175 -3.056226172543296 1.0
2.0 3.0 Car -1.0 -1.0 -1.0 -1.0 -1.0 -1.0 -1.0 1.645 1.492 3.96 1521.982 0.986 1217.582 2.7299134427425216 1.0
3.0 4.0 Car -1.0 -1.0 -1.0 -1.0 -1.0 -1.0 -1.0 2.001 2.037 5.249 1536.625 0.457 1211.588 2.990569313397608 1.0
3.0 1.0 Bus -1.0 -1.0 -1.0 -1.0 -1.0 -1.0 -1.0 3.165 4.593 13.124 1528.088 2.487 1265.274 -1.727491987075264 1.0
3.0 2.0 Car -1.0 -1.0 -1.0 -1.0 -1.0 -1.0 -1.0 1.822 1.85 4.288 1516.266 1.035 1214.114 -3.017874341416776 1.0
3.0 3.0 Car -1.0 -1.0 -1.0 -1.0 -1.0 -1.0 -1.0 1.645 1.492 3.96 1520.139 0.988 1218.514 2.6962005224428705 1.0
4.0 4.0 Car -1.0 -1.0 -1.0 -1.0 -1.0 -1.0 -1.0 2.001 2.037 5.249 1536.136 0.48 1211.648 2.990569313397608 1.0
4.0 1.0 Bus -1.0 -1.0 -1.0 -1.0 -1.0 -1.0 -1.0 3.165 4.593 13.124 1527.559 2.42 1262.386 -1.727491987075264 1.0
4.0 2.0 Car -1.0 -1.0 -1.0 -1.0 -1.0 -1.0 -1.0 1.822 1.85 4.288 1515.626 1.055 1214.007 -2.979476575537924 1.0
4.0 3.0 Car -1.0 -1.0 -1.0 -1.0 -1.0 -1.0 -1.0 1.645 1.492 3.96 1518.366 0.991 1219.593 2.563554881986329 1.0
5.0 4.0 Car -1.0 -1.0 -1.0 -1.0 -1.0 -1.0 -1.0 2.001 2.037 5.249 1535.486 0.502 1211.732 2.990569313397608 1.0
5.0 1.0 Bus -1.0 -1.0 -1.0 -1.0 -1.0 -1.0 -1.0 3.165 4.593 13.124 1527.244 2.503 1260.191 -1.7739781787323372 1.0
5.0 2.0 Car -1.0 -1.0 -1.0 -1.0 -1.0 -1.0 -1.0 1.822 1.85 4.288 1514.873 0.975 1213.854 -2.941036869233031 1.0
5.0 3.0 Car -1.0 -1.0 -1.0 -1.0 -1.0 -1.0 -1.0 1.645 1.492 3.96 1516.691 0.931 1220.809 2.518126138171455 1.0
6.0 4.0 Car -1.0 -1.0 -1.0 -1.0 -1.0 -1.0 -1.0 2.001 2.037 5.249 1534.837 0.525 1211.817 2.990569313397608 1.0
6.0 1.0 Bus -1.0 -1.0 -1.0 -1.0 -1.0 -1.0 -1.0 3.165 4.593 13.124 1526.828 2.586 1258.016 -1.8204148582934094 1.0
6.0 2.0 Car -1.0 -1.0 -1.0 -1.0 -1.0 -1.0 -1.0 1.822 1.85 4.288 1514.061 0.952 1213.573 -2.8305392112923498 1.0
6.0 3.0 Car -1.0 -1.0 -1.0 -1.0 -1.0 -1.0 -1.0 1.645 1.492 3.96 1515.295 0.851 1222.166 2.3855091297272164 1.0
7.0 4.0 Car -1.0 -1.0 -1.0 -1.0 -1.0 -1.0 -1.0 2.001 2.037 5.249 1533.911 0.615 1211.991 2.990569313397608 1.0
7.0 1.0 Bus -1.0 -1.0 -1.0 -1.0 -1.0 -1.0 -1.0 3.165 4.593 13.124 1526.308 2.67 1255.85 -1.8671183272348089 1.0
7.0 2.0 Car -1.0 -1.0 -1.0 -1.0 -1.0 -1.0 -1.0 1.822 1.85 4.288 1513.098 0.878 1213.138 -2.7368600114698394 1.0
7.0 3.0 Car -1.0 -1.0 -1.0 -1.0 -1.0 -1.0 -1.0 1.645 1.492 3.96 1514.004 0.77 1223.631 2.2521302061366333 1.0
8.0 4.0 Car -1.0 -1.0 -1.0 -1.0 -1.0 -1.0 -1.0 2.001 2.037 5.249 1532.855 0.621 1212.164 2.990569313397608 1.0
8.0 1.0 Bus -1.0 -1.0 -1.0 -1.0 -1.0 -1.0 -1.0 3.165 4.593 13.124 1525.849 2.57 1254.422 -1.8671183272348089 1.0
8.0 2.0 Car -1.0 -1.0 -1.0 -1.0 -1.0 -1.0 -1.0 1.822 1.85 4.288 1512.016 0.805 1212.514 -2.574517726314222 1.0
8.0 3.0 Car -1.0 -1.0 -1.0 -1.0 -1.0 -1.0 -1.0 1.645 1.492 3.96 1513.136 0.641 1225.038 2.1201315905218276 1.0
9.0 4.0 Car -1.0 -1.0 -1.0 -1.0 -1.0 -1.0 -1.0 2.001 2.037 5.249 1531.685 0.477 1212.354 2.990569313397608 1.0
9.0 1.0 Bus -1.0 -1.0 -1.0 -1.0 -1.0 -1.0 -1.0 3.165 4.593 13.124 1525.388 2.469 1252.987 -1.8671183272348089 0.0
9.0 2.0 Car -1.0 -1.0 -1.0 -1.0 -1.0 -1.0 -1.0 1.822 1.85 4.288 1510.814 0.786 1211.495 -2.4478856322638562 1.0
9.0 3.0 Car -1.0 -1.0 -1.0 -1.0 -1.0 -1.0 -1.0 1.645 1.492 3.96 1512.525 0.611 1226.401 1.9873837937185543 1.0
10.0 4.0 Car -1.0 -1.0 -1.0 -1.0 -1.0 -1.0 -1.0 2.001 2.037 5.249 1530.303 0.633 1212.576 2.990569313397608 1.0
10.0 1.0 Bus -1.0 -1.0 -1.0 -1.0 -1.0 -1.0 -1.0 3.165 4.593 13.124 1524.927 2.369 1251.554 -1.8671183272348089 0.0
10.0 2.0 Car -1.0 -1.0 -1.0 -1.0 -1.0 -1.0 -1.0 1.822 1.85 4.288 1509.598 0.766 1210.198 -2.2691464764038156 1.0
10.0 3.0 Car -1.0 -1.0 -1.0 -1.0 -1.0 -1.0 -1.0 1.645 1.492 3.96 1512.152 0.531 1227.633 1.8549010224136095 0.0
11.0 4.0 Car -1.0 -1.0 -1.0 -1.0 -1.0 -1.0 -1.0 2.001 2.037 5.249 1528.769 0.723 1212.809 2.990569313397608 1.0
11.0 1.0 Bus -1.0 -1.0 -1.0 -1.0 -1.0 -1.0 -1.0 3.165 4.593 13.124 1524.668 2.469 1250.784 -1.8671183272348089 0.0
11.0 2.0 Car -1.0 -1.0 -1.0 -1.0 -1.0 -1.0 -1.0 1.822 1.85 4.288 1508.442 0.747 1208.407 -2.1775604083125906 1.0
11.0 3.0 Car -1.0 -1.0 -1.0 -1.0 -1.0 -1.0 -1.0 1.645 1.492 3.96 1511.708 0.531 1228.717 1.7816500105887014 0.0
12.0 4.0 Car -1.0 -1.0 -1.0 -1.0 -1.0 -1.0 -1.0 2.001 2.037 5.249 1527.232 0.813 1213.043 2.990569313397608 1.0
12.0 1.0 Bus -1.0 -1.0 -1.0 -1.0 -1.0 -1.0 -1.0 3.165 4.593 13.124 1524.41 2.569 1250.012 -1.8671183272348089 0.0
12.0 2.0 Car -1.0 -1.0 -1.0 -1.0 -1.0 -1.0 -1.0 1.822 1.85 4.288 1507.139 0.678 1206.444 -2.1032788282757524 1.0
12.0 3.0 Car -1.0 -1.0 -1.0 -1.0 -1.0 -1.0 -1.0 1.645 1.492 3.96 1511.705 0.656 1229.561 1.7083128271372505 0.0
13.0 4.0 Car -1.0 -1.0 -1.0 -1.0 -1.0 -1.0 -1.0 2.001 2.037 5.249 1525.707 0.911 1213.291 2.9905627599583373 1.0
13.0 1.0 Bus -1.0 -1.0 -1.0 -1.0 -1.0 -1.0 -1.0 3.165 4.593 13.124 1524.309 2.744 1249.76 -1.8671183272348089 0.0
13.0 2.0 Car -1.0 -1.0 -1.0 -1.0 -1.0 -1.0 -1.0 1.822 1.85 4.288 1505.928 0.726 1204.075 -2.080019804707947 1.0
13.0 6.0 Car -1.0 -1.0 -1.0 -1.0 -1.0 -1.0 -1.0 1.913 1.628 4.442 1546.883 -0.886 1209.555 2.9647733470558038 0.0
13.0 3.0 Car -1.0 -1.0 -1.0 -1.0 -1.0 -1.0 -1.0 1.645 1.492 3.96 1511.632 0.881 1230.498 1.6350404189560919 0.0
14.0 4.0 Car -1.0 -1.0 -1.0 -1.0 -1.0 -1.0 -1.0 2.001 2.037 5.249 1524.073 0.959 1213.555 2.990556202128095 1.0
14.0 1.0 Bus -1.0 -1.0 -1.0 -1.0 -1.0 -1.0 -1.0 3.165 4.593 13.124 1524.209 2.919 1249.507 -1.8671183272348089 0.0
14.0 2.0 Car -1.0 -1.0 -1.0 -1.0 -1.0 -1.0 -1.0 1.822 1.85 4.288 1504.568 0.748 1201.449 -2.056745197002153 1.0
14.0 6.0 Car -1.0 -1.0 -1.0 -1.0 -1.0 -1.0 -1.0 1.913 1.628 4.442 1545.794 -0.886 1209.884 2.9647733470558038 1.0
14.0 3.0 Car -1.0 -1.0 -1.0 -1.0 -1.0 -1.0 -1.0 1.645 1.492 3.96 1511.613 0.955 1231.71 1.5617189163958656 0.0
15.0 4.0 Car -1.0 -1.0 -1.0 -1.0 -1.0 -1.0 -1.0 2.001 2.037 5.249 1522.653 1.007 1213.787 2.990549642908471 1.0
15.0 1.0 Bus -1.0 -1.0 -1.0 -1.0 -1.0 -1.0 -1.0 3.165 4.593 13.124 1524.165 2.869 1249.52 -1.8671183272348089 0.0
15.0 2.0 Car -1.0 -1.0 -1.0 -1.0 -1.0 -1.0 -1.0 1.822 1.85 4.288 1503.097 0.721 1198.548 -2.0160123656760374 1.0
15.0 6.0 Car -1.0 -1.0 -1.0 -1.0 -1.0 -1.0 -1.0 1.913 1.628 4.442 1544.705 -0.886 1210.213 2.9647733470558038 1.0
15.0 3.0 Car -1.0 -1.0 -1.0 -1.0 -1.0 -1.0 -1.0 1.645 1.492 3.96 1511.702 1.131 1233.356 1.4883818794948 0.0
16.0 4.0 Car -1.0 -1.0 -1.0 -1.0 -1.0 -1.0 -1.0 2.001 2.037 5.249 1521.179 1.105 1213.95 3.0080366445244384 1.0
16.0 1.0 Bus -1.0 -1.0 -1.0 -1.0 -1.0 -1.0 -1.0 3.165 4.593 13.124 1524.122 2.819 1249.534 -1.8671183272348089 0.0
16.0 2.0 Car -1.0 -1.0 -1.0 -1.0 -1.0 -1.0 -1.0 1.822 1.85 4.288 1501.696 0.771 1195.351 -1.9600852872162042 1.0
16.0 6.0 Car -1.0 -1.0 -1.0 -1.0 -1.0 -1.0 -1.0 1.913 1.628 4.442 1543.614 -0.886 1210.543 2.9647733470558038 1.0
16.0 3.0 Car -1.0 -1.0 -1.0 -1.0 -1.0 -1.0 -1.0 1.645 1.492 3.96 1511.872 1.156 1235.347 1.3836621243751404 0.0
17.0 4.0 Car -1.0 -1.0 -1.0 -1.0 -1.0 -1.0 -1.0 2.001 2.037 5.249 1519.751 1.178 1214.062 3.0517097588332147 1.0
17.0 1.0 Bus -1.0 -1.0 -1.0 -1.0 -1.0 -1.0 -1.0 3.165 4.593 13.124 1524.266 2.802 1249.49 -1.8671183272348089 0.0
17.0 2.0 Car -1.0 -1.0 -1.0 -1.0 -1.0 -1.0 -1.0 1.822 1.85 4.288 1500.098 0.947 1191.851 -1.9914625267672685 1.0
17.0 6.0 Car -1.0 -1.0 -1.0 -1.0 -1.0 -1.0 -1.0 1.913 1.628 4.442 1542.432 -0.374 1210.61 2.912413469495974 1.0
17.0 3.0 Car -1.0 -1.0 -1.0 -1.0 -1.0 -1.0 -1.0 1.645 1.492 3.96 1512.607 1.131 1237.759 1.2963018420578685 0.0
18.0 4.0 Car -1.0 -1.0 -1.0 -1.0 -1.0 -1.0 -1.0 2.001 2.037 5.249 1518.322 1.251 1214.112 3.0952890685172685 1.0
18.0 1.0 Bus -1.0 -1.0 -1.0 -1.0 -1.0 -1.0 -1.0 3.165 4.593 13.124 1524.41 2.786 1249.446 -1.8671183272348089 0.0
18.0 2.0 Car -1.0 -1.0 -1.0 -1.0 -1.0 -1.0 -1.0 1.822 1.85 4.288 1498.394 1.122 1188.41 -2.0227723717615795 1.0
18.0 6.0 Car -1.0 -1.0 -1.0 -1.0 -1.0 -1.0 -1.0 1.913 1.628 4.442 1540.557 -0.204 1210.892 2.924634915855094 1.0
18.0 3.0 Car -1.0 -1.0 -1.0 -1.0 -1.0 -1.0 -1.0 1.645 1.492 3.96 1513.548 1.106 1240.092 1.2091291991757072 0.0
19.0 4.0 Car -1.0 -1.0 -1.0 -1.0 -1.0 -1.0 -1.0 2.001 2.037 5.249 1516.945 1.248 1213.971 -3.078831164858661 1.0
19.0 1.0 Bus -1.0 -1.0 -1.0 -1.0 -1.0 -1.0 -1.0 3.165 4.593 13.124 1524.554 2.769 1249.402 -1.8671183272348089 0.0
19.0 2.0 Car -1.0 -1.0 -1.0 -1.0 -1.0 -1.0 -1.0 1.822 1.85 4.288 1496.649 1.151 1184.644 -2.0192131453628446 1.0
19.0 6.0 Car -1.0 -1.0 -1.0 -1.0 -1.0 -1.0 -1.0 1.913 1.628 4.442 1538.682 -0.034 1211.172 2.9368564111114415 0.0
19.0 3.0 Car -1.0 -1.0 -1.0 -1.0 -1.0 -1.0 -1.0 1.645 1.492 3.96 1514.574 1.164 1242.373 1.1916759066557638 0.0
19.0 5.0 Car -1.0 -1.0 -1.0 -1.0 -1.0 -1.0 -1.0 1.878 1.532 4.494 1455.366 3.178 1123.481 1.1460530000002536 0.0
20.0 4.0 Car -1.0 -1.0 -1.0 -1.0 -1.0 -1.0 -1.0 2.001 2.037 5.249 1515.726 1.245 1213.716 -2.9807499433620293 1.0
20.0 0.0 Car -1.0 -1.0 -1.0 -1.0 -1.0 -1.0 -1.0 1.679 1.461 4.628 1454.012 3.586 1113.606 1.1234335328674796 0.0
20.0 1.0 Bus -1.0 -1.0 -1.0 -1.0 -1.0 -1.0 -1.0 3.165 4.593 13.124 1524.513 2.793 1249.414 -1.8671183272348089 0.0
20.0 2.0 Car -1.0 -1.0 -1.0 -1.0 -1.0 -1.0 -1.0 1.822 1.85 4.288 1495.08 1.181 1181.257 -2.0160123656760374 1.0
20.0 6.0 Car -1.0 -1.0 -1.0 -1.0 -1.0 -1.0 -1.0 1.913 1.628 4.442 1536.995 0.119 1211.423 2.9478470898086 0.0
20.0 3.0 Car -1.0 -1.0 -1.0 -1.0 -1.0 -1.0 -1.0 1.645 1.492 3.96 1515.499 1.261 1244.436 1.2091291991757072 0.0
20.0 5.0 Car -1.0 -1.0 -1.0 -1.0 -1.0 -1.0 -1.0 1.878 1.532 4.494 1456.662 3.04 1126.277 1.1460530000002536 1.0
21.0 4.0 Car -1.0 -1.0 -1.0 -1.0 -1.0 -1.0 -1.0 2.001 2.037 5.249 1514.409 1.139 1213.295 -2.8718096687066077 1.0
21.0 0.0 Car -1.0 -1.0 -1.0 -1.0 -1.0 -1.0 -1.0 1.679 1.461 4.628 1456.287 3.337 1118.309 1.1234335328674796 1.0
21.0 2.0 Car -1.0 -1.0 -1.0 -1.0 -1.0 -1.0 -1.0 1.822 1.85 4.288 1493.202 1.253 1177.266 -2.0160123656760374 1.0
21.0 6.0 Car -1.0 -1.0 -1.0 -1.0 -1.0 -1.0 -1.0 1.913 1.628 4.442 1535.122 0.288 1211.7 2.960054600457914 0.0
21.0 3.0 Car -1.0 -1.0 -1.0 -1.0 -1.0 -1.0 -1.0 1.645 1.492 3.96 1516.522 1.319 1247.069 1.2527376268084316 0.0
21.0 5.0 Car -1.0 -1.0 -1.0 -1.0 -1.0 -1.0 -1.0 1.878 1.532 4.494 1458.1 2.887 1129.383 1.1460530000002536 1.0
22.0 4.0 Car -1.0 -1.0 -1.0 -1.0 -1.0 -1.0 -1.0 2.001 2.037 5.249 1513.151 1.129 1212.606 -2.740151668642531 1.0
22.0 0.0 Car -1.0 -1.0 -1.0 -1.0 -1.0 -1.0 -1.0 1.679 1.461 4.628 1458.564 3.088 1123.017 1.1234335328674796 1.0
22.0 2.0 Car -1.0 -1.0 -1.0 -1.0 -1.0 -1.0 -1.0 1.822 1.85 4.288 1491.14 1.274 1173.163 -2.0160123656760374 1.0
22.0 6.0 Car -1.0 -1.0 -1.0 -1.0 -1.0 -1.0 -1.0 1.913 1.628 4.442 1533.246 0.458 1211.978 2.972275997919807 0.0
22.0 5.0 Car -1.0 -1.0 -1.0 -1.0 -1.0 -1.0 -1.0 1.878 1.532 4.494 1459.54 2.733 1132.492 1.1460530000002536 1.0
23.0 4.0 Car -1.0 -1.0 -1.0 -1.0 -1.0 -1.0 -1.0 2.001 2.037 5.249 1511.878 1.09 1211.659 -2.594484292984247 1.0
23.0 0.0 Car -1.0 -1.0 -1.0 -1.0 -1.0 -1.0 -1.0 1.679 1.461 4.628 1461.084 2.812 1128.226 1.1234335328674796 1.0
23.0 2.0 Car -1.0 -1.0 -1.0 -1.0 -1.0 -1.0 -1.0 1.822 1.85 4.288 1488.766 1.377 1168.28 -2.0160123656760374 1.0
23.0 6.0 Car -1.0 -1.0 -1.0 -1.0 -1.0 -1.0 -1.0 1.913 1.628 4.442 1530.737 0.513 1212.291 2.9857978415926887 0.0
23.0 5.0 Car -1.0 -1.0 -1.0 -1.0 -1.0 -1.0 -1.0 1.878 1.532 4.494 1461.221 2.506 1136.126 1.1460530000002536 1.0
24.0 4.0 Car -1.0 -1.0 -1.0 -1.0 -1.0 -1.0 -1.0 2.001 2.037 5.249 1510.658 1.05 1210.504 -2.4253876535461227 1.0
24.0 0.0 Car -1.0 -1.0 -1.0 -1.0 -1.0 -1.0 -1.0 1.679 1.461 4.628 1463.341 2.565 1132.891 1.1234335328674796 1.0
24.0 2.0 Car -1.0 -1.0 -1.0 -1.0 -1.0 -1.0 -1.0 1.822 1.85 4.288 1486.641 1.424 1163.907 -2.0160123656760374 1.0
24.0 6.0 Car -1.0 -1.0 -1.0 -1.0 -1.0 -1.0 -1.0 1.913 1.628 4.442 1528.49 0.562 1212.568 2.99790856018039 0.0
24.0 5.0 Car -1.0 -1.0 -1.0 -1.0 -1.0 -1.0 -1.0 1.878 1.532 4.494 1462.727 2.303 1139.38 1.1460530000002536 1.0
25.0 4.0 Car -1.0 -1.0 -1.0 -1.0 -1.0 -1.0 -1.0 2.001 2.037 5.249 1509.774 1.008 1209.195 -2.254747019106084 1.0
25.0 7.0 Bus -1.0 -1.0 -1.0 -1.0 -1.0 -1.0 -1.0 2.911 3.261 12.146 1450.64 3.917 1113.135 1.1059802403475338 0.0
25.0 0.0 Car -1.0 -1.0 -1.0 -1.0 -1.0 -1.0 -1.0 1.679 1.461 4.628 1465.618 2.315 1137.599 1.1234335328674796 0.0
25.0 2.0 Car -1.0 -1.0 -1.0 -1.0 -1.0 -1.0 -1.0 1.822 1.85 4.288 1484.45 1.476 1159.262 -2.0160123656760374 1.0
25.0 6.0 Car -1.0 -1.0 -1.0 -1.0 -1.0 -1.0 -1.0 1.913 1.628 4.442 1526.221 0.612 1212.845 3.0101298598478277 0.0
25.0 5.0 Car -1.0 -1.0 -1.0 -1.0 -1.0 -1.0 -1.0 1.878 1.532 4.494 1464.084 2.098 1142.306 1.1460530000002536 1.0
26.0 4.0 Car -1.0 -1.0 -1.0 -1.0 -1.0 -1.0 -1.0 2.001 2.037 5.249 1508.723 0.891 1207.636 -2.189036236100923 1.0
26.0 7.0 Bus -1.0 -1.0 -1.0 -1.0 -1.0 -1.0 -1.0 2.911 3.261 12.146 1452.072 3.654 1116.185 1.1234335328674772 1.0
26.0 0.0 Car -1.0 -1.0 -1.0 -1.0 -1.0 -1.0 -1.0 1.679 1.461 4.628 1467.895 2.066 1142.307 1.1234335328674796 0.0
26.0 2.0 Car -1.0 -1.0 -1.0 -1.0 -1.0 -1.0 -1.0 1.822 1.85 4.288 1482.234 1.577 1154.564 -2.0160123656760374 1.0
26.0 6.0 Car -1.0 -1.0 -1.0 -1.0 -1.0 -1.0 -1.0 1.913 1.628 4.442 1523.953 0.661 1213.122 3.0223507438888326 0.0
26.0 5.0 Car -1.0 -1.0 -1.0 -1.0 -1.0 -1.0 -1.0 1.878 1.532 4.494 1465.441 1.893 1145.233 1.1460530000002536 1.0
27.0 4.0 Car -1.0 -1.0 -1.0 -1.0 -1.0 -1.0 -1.0 2.001 2.037 5.249 1507.517 0.824 1205.751 -2.12324539494578 1.0
27.0 7.0 Bus -1.0 -1.0 -1.0 -1.0 -1.0 -1.0 -1.0 2.911 3.261 12.146 1453.507 3.391 1119.239 1.1234335328674772 1.0
27.0 0.0 Car -1.0 -1.0 -1.0 -1.0 -1.0 -1.0 -1.0 1.679 1.461 4.628 1469.835 1.841 1146.424 1.1234335328674796 0.0
27.0 2.0 Car -1.0 -1.0 -1.0 -1.0 -1.0 -1.0 -1.0 1.822 1.85 4.288 1479.81 1.679 1149.77 -2.0334656581959805 1.0
27.0 6.0 Car -1.0 -1.0 -1.0 -1.0 -1.0 -1.0 -1.0 1.913 1.628 4.442 1521.682 0.711 1213.399 3.034586517135577 0.0
27.0 5.0 Car -1.0 -1.0 -1.0 -1.0 -1.0 -1.0 -1.0 1.878 1.532 4.494 1466.883 1.724 1148.346 1.1460530000002536 1.0
28.0 4.0 Car -1.0 -1.0 -1.0 -1.0 -1.0 -1.0 -1.0 2.001 2.037 5.249 1506.351 0.698 1203.616 -2.0941358067378424 0.0
28.0 7.0 Bus -1.0 -1.0 -1.0 -1.0 -1.0 -1.0 -1.0 2.911 3.261 12.146 1454.778 3.203 1121.954 1.1234335328674772 0.0
28.0 0.0 Car -1.0 -1.0 -1.0 -1.0 -1.0 -1.0 -1.0 1.679 1.461 4.628 1471.775 1.617 1150.539 1.1234335328674796 0.0
28.0 2.0 Car -1.0 -1.0 -1.0 -1.0 -1.0 -1.0 -1.0 1.822 1.85 4.288 1477.48 1.706 1144.732 -2.02473492055044 0.0
28.0 6.0 Car -1.0 -1.0 -1.0 -1.0 -1.0 -1.0 -1.0 1.913 1.628 4.442 1519.045 0.592 1213.599 -3.10449314406655 0.0
28.0 5.0 Car -1.0 -1.0 -1.0 -1.0 -1.0 -1.0 -1.0 1.878 1.532 4.494 1468.241 1.53 1151.31 1.1460530000002536 0.0
29.0 4.0 Car -1.0 -1.0 -1.0 -1.0 -1.0 -1.0 -1.0 2.001 2.037 5.249 1505.249 0.573 1201.451 -2.0650535011156212 0.0
29.0 7.0 Bus -1.0 -1.0 -1.0 -1.0 -1.0 -1.0 -1.0 2.911 3.261 12.146 1456.049 3.016 1124.666 1.1234335328674772 0.0
29.0 0.0 Car -1.0 -1.0 -1.0 -1.0 -1.0 -1.0 -1.0 1.679 1.461 4.628 1473.539 1.351 1154.382 1.1292520884624915 0.0
29.0 2.0 Car -1.0 -1.0 -1.0 -1.0 -1.0 -1.0 -1.0 1.822 1.85 4.288 1475.085 1.732 1139.763 -2.0160123656760374 0.0
29.0 6.0 Car -1.0 -1.0 -1.0 -1.0 -1.0 -1.0 -1.0 1.913 1.628 4.442 1516.409 0.473 1213.418 -2.960522559245237 0.0
29.0 5.0 Car -1.0 -1.0 -1.0 -1.0 -1.0 -1.0 -1.0 1.878 1.532 4.494 1469.572 1.337 1154.215 1.1460530000002536 0.0
30.0 4.0 Car -1.0 -1.0 -1.0 -1.0 -1.0 -1.0 -1.0 2.001 2.037 5.249 1504.211 0.448 1199.255 -2.035978932346064 0.0
30.0 7.0 Bus -1.0 -1.0 -1.0 -1.0 -1.0 -1.0 -1.0 2.911 3.261 12.146 1457.445 2.803 1127.641 1.1234335328674772 0.0
30.0 0.0 Car -1.0 -1.0 -1.0 -1.0 -1.0 -1.0 -1.0 1.679 1.461 4.628 1475.167 1.085 1157.936 1.1350690961297716 0.0
30.0 2.0 Car -1.0 -1.0 -1.0 -1.0 -1.0 -1.0 -1.0 1.822 1.85 4.288 1472.55 1.779 1134.462 -2.0116519520766385 0.0
30.0 6.0 Car -1.0 -1.0 -1.0 -1.0 -1.0 -1.0 -1.0 1.913 1.628 4.442 1513.827 0.355 1212.861 -2.816590275348801 0.0
30.0 5.0 Car -1.0 -1.0 -1.0 -1.0 -1.0 -1.0 -1.0 1.878 1.532 4.494 1470.735 1.093 1156.788 1.1460530000002536 0.0
31.0 4.0 Car -1.0 -1.0 -1.0 -1.0 -1.0 -1.0 -1.0 2.001 2.037 5.249 1502.805 0.356 1196.333 -2.035978932346064 0.0
31.0 7.0 Bus -1.0 -1.0 -1.0 -1.0 -1.0 -1.0 -1.0 2.911 3.261 12.146 1458.869 2.491 1130.672 1.1234335328674772 0.0
31.0 0.0 Car -1.0 -1.0 -1.0 -1.0 -1.0 -1.0 -1.0 1.679 1.461 4.628 1476.56 0.919 1160.985 1.1408868253874231 0.0
31.0 2.0 Car -1.0 -1.0 -1.0 -1.0 -1.0 -1.0 -1.0 1.822 1.85 4.288 1470.078 1.725 1129.227 -2.0072909975750024 0.0
31.0 5.0 Car -1.0 -1.0 -1.0 -1.0 -1.0 -1.0 -1.0 1.878 1.532 4.494 1471.899 0.85 1159.361 1.1460530000002536 0.0
32.0 4.0 Car -1.0 -1.0 -1.0 -1.0 -1.0 -1.0 -1.0 2.001 2.037 5.249 1501.396 0.264 1193.407 -2.035978932346064 0.0
32.0 7.0 Bus -1.0 -1.0 -1.0 -1.0 -1.0 -1.0 -1.0 2.911 3.261 12.146 1460.222 2.278 1133.557 1.1234335328674772 0.0
32.0 0.0 Car -1.0 -1.0 -1.0 -1.0 -1.0 -1.0 -1.0 1.679 1.461 4.628 1477.85 0.569 1163.783 1.1408868253874231 0.0
32.0 2.0 Car -1.0 -1.0 -1.0 -1.0 -1.0 -1.0 -1.0 1.822 1.85 4.288 1467.434 1.747 1123.903 -2.002925122607845 0.0
32.0 5.0 Car -1.0 -1.0 -1.0 -1.0 -1.0 -1.0 -1.0 1.878 1.532 4.494 1472.926 0.606 1161.668 1.1460530000002536 0.0
33.0 4.0 Car -1.0 -1.0 -1.0 -1.0 -1.0 -1.0 -1.0 2.001 2.037 5.249 1499.988 0.172 1190.481 -2.035978932346064 0.0
33.0 7.0 Bus -1.0 -1.0 -1.0 -1.0 -1.0 -1.0 -1.0 2.911 3.261 12.146 1461.503 2.065 1136.29 1.1234335328674772 0.0
33.0 0.0 Car -1.0 -1.0 -1.0 -1.0 -1.0 -1.0 -1.0 1.679 1.461 4.628 1479.011 0.42 1166.286 1.1408868253874231 0.0
33.0 2.0 Car -1.0 -1.0 -1.0 -1.0 -1.0 -1.0 -1.0 1.822 1.85 4.288 1464.832 1.769 1118.461 -1.998559073156094 0.0
33.0 5.0 Car -1.0 -1.0 -1.0 -1.0 -1.0 -1.0 -1.0 1.878 1.532 4.494 1474.029 0.362 1164.145 1.1460530000002536 0.0
34.0 4.0 Car -1.0 -1.0 -1.0 -1.0 -1.0 -1.0 -1.0 2.001 2.037 5.249 1498.581 0.08 1187.558 -2.035978932346064 0.0
34.0 7.0 Bus -1.0 -1.0 -1.0 -1.0 -1.0 -1.0 -1.0 2.911 3.261 12.146 1462.782 1.852 1139.021 1.1234335328674772 0.0
34.0 0.0 Car -1.0 -1.0 -1.0 -1.0 -1.0 -1.0 -1.0 1.679 1.461 4.628 1479.986 0.27 1168.382 1.1408868253874231 0.0
34.0 2.0 Car -1.0 -1.0 -1.0 -1.0 -1.0 -1.0 -1.0 1.822 1.85 4.288 1462.274 1.783 1112.946 -1.9927414176082676 0.0
34.0 5.0 Car -1.0 -1.0 -1.0 -1.0 -1.0 -1.0 -1.0 1.878 1.532 4.494 1474.963 0.219 1166.186 1.1460530000002536 0.0
35.0 4.0 Car -1.0 -1.0 -1.0 -1.0 -1.0 -1.0 -1.0 2.001 2.037 5.249 1497.179 -0.087 1184.653 -2.0228913780059505 0.0
35.0 7.0 Bus -1.0 -1.0 -1.0 -1.0 -1.0 -1.0 -1.0 2.911 3.261 12.146 1463.835 1.652 1141.281 1.1234335328674772 0.0
35.0 0.0 Car -1.0 -1.0 -1.0 -1.0 -1.0 -1.0 -1.0 1.679 1.461 4.628 1480.774 0.121 1170.072 1.1408868253874231 0.0
35.0 2.0 Car -1.0 -1.0 -1.0 -1.0 -1.0 -1.0 -1.0 1.822 1.85 4.288 1459.723 1.797 1107.523 -1.986923156862071 0.0
35.0 5.0 Car -1.0 -1.0 -1.0 -1.0 -1.0 -1.0 -1.0 1.878 1.532 4.494 1475.898 0.075 1168.227 1.1460530000002536 0.0
36.0 4.0 Car -1.0 -1.0 -1.0 -1.0 -1.0 -1.0 -1.0 2.001 2.037 5.249 1495.778 -0.254 1181.748 -2.0098059703768105 0.0
36.0 7.0 Bus -1.0 -1.0 -1.0 -1.0 -1.0 -1.0 -1.0 2.911 3.261 12.146 1464.672 1.452 1143.089 1.1234335328674772 0.0
36.0 0.0 Car -1.0 -1.0 -1.0 -1.0 -1.0 -1.0 -1.0 1.679 1.461 4.628 1481.344 -0.028 1171.38 1.1408868253874231 0.0
36.0 2.0 Car -1.0 -1.0 -1.0 -1.0 -1.0 -1.0 -1.0 1.822 1.85 4.288 1457.188 1.837 1101.95 -1.9811058504671506 0.0
36.0 5.0 Car -1.0 -1.0 -1.0 -1.0 -1.0 -1.0 -1.0 1.878 1.532 4.494 1476.832 -0.068 1170.268 1.1460530000002536 0.0
37.0 4.0 Car -1.0 -1.0 -1.0 -1.0 -1.0 -1.0 -1.0 2.001 2.037 5.249 1494.22 -0.336 1178.381 -2.0010674174559675 0.0
37.0 7.0 Bus -1.0 -1.0 -1.0 -1.0 -1.0 -1.0 -1.0 2.911 3.261 12.146 1465.292 1.252 1144.446 1.1234335328674772 0.0
37.0 2.0 Car -1.0 -1.0 -1.0 -1.0 -1.0 -1.0 -1.0 1.822 1.85 4.288 1454.516 1.791 1096.312 -1.998578276693941 0.0
37.0 5.0 Car -1.0 -1.0 -1.0 -1.0 -1.0 -1.0 -1.0 1.878 1.532 4.494 1477.598 -0.279 1171.925 1.1460530000002536 0.0
38.0 4.0 Car -1.0 -1.0 -1.0 -1.0 -1.0 -1.0 -1.0 2.001 2.037 5.249 1492.663 -0.418 1175.018 -1.992338521263005 0.0
38.0 7.0 Bus -1.0 -1.0 -1.0 -1.0 -1.0 -1.0 -1.0 2.911 3.261 12.146 1465.745 1.052 1145.389 1.1234335328674772 0.0
38.0 2.0 Car -1.0 -1.0 -1.0 -1.0 -1.0 -1.0 -1.0 1.822 1.85 4.288 1451.701 1.745 1090.753 -2.016031394636282 0.0
38.0 5.0 Car -1.0 -1.0 -1.0 -1.0 -1.0 -1.0 -1.0 1.878 1.532 4.494 1478.362 -0.489 1173.58 1.1460530000002536 0.0
39.0 4.0 Car -1.0 -1.0 -1.0 -1.0 -1.0 -1.0 -1.0 2.001 2.037 5.249 1491.109 -0.5 1171.658 -1.9836190547862353 0.0
39.0 7.0 Bus -1.0 -1.0 -1.0 -1.0 -1.0 -1.0 -1.0 2.911 3.261 12.146 1465.979 1.002 1145.878 1.1234335328674772 0.0
39.0 2.0 Car -1.0 -1.0 -1.0 -1.0 -1.0 -1.0 -1.0 1.822 1.85 4.288 1448.889 1.699 1085.2 -2.0334656581959805 0.0
39.0 5.0 Car -1.0 -1.0 -1.0 -1.0 -1.0 -1.0 -1.0 1.878 1.532 4.494 1479.423 -0.622 1175.955 1.1460530000002536 0.0
