0.0 0.0 Car -1.0 -1.0 -1.0 -1.0 -1.0 -1.0 -1.0 1.721 1.854 4.534 330.769 1.248 700.561 2.371012335239832 0.0
1.0 0.0 Car -1.0 -1.0 -1.0 -1.0 -1.0 -1.0 -1.0 1.721 1.854 4.534 329.078 1.304 702.147 2.3680506238188963 1.0
2.0 0.0 Car -1.0 -1.0 -1.0 -1.0 -1.0 -1.0 -1.0 1.721 1.854 4.534 326.598 1.309 704.614 2.3650854284289147 1.0
3.0 0.0 Car -1.0 -1.0 -1.0 -1.0 -1.0 -1.0 -1.0 1.721 1.854 4.534 324.118 1.315 707.08 2.3621203811668683 1.0
4.0 0.0 Car -1.0 -1.0 -1.0 -1.0 -1.0 -1.0 -1.0 1.721 1.854 4.534 321.64 1.32 709.544 2.35915867567105 1.0
5.0 0.0 Car -1.0 -1.0 -1.0 -1.0 -1.0 -1.0 -1.0 1.721 1.854 4.534 318.525 1.314 712.712 2.331848606846643 1.0
6.0 0.0 Car -1.0 -1.0 -1.0 -1.0 -1.0 -1.0 -1.0 1.721 1.854 4.534 315.498 1.307 715.964 2.3045384288753903 1.0
7.0 0.0 Car -1.0 -1.0 -1.0 -1.0 -1.0 -1.0 -1.0 1.721 1.854 4.534 312.563 1.3 719.294 2.277258484580368 1.0
8.0 0.0 Car -1.0 -1.0 -1.0 -1.0 -1.0 -1.0 -1.0 1.721 1.854 4.534 309.72 1.294 722.703 2.249978649432191 1.0
9.0 0.0 Car -1.0 -1.0 -1.0 -1.0 -1.0 -1.0 -1.0 1.721 1.854 4.534 306.972 1.287 726.188 2.2226981048295187 1.0
10.0 0.0 Car -1.0 -1.0 -1.0 -1.0 -1.0 -1.0 -1.0 1.721 1.854 4.534 304.846 1.282 729.024 2.200910211511286 1.0
11.0 0.0 Car -1.0 -1.0 -1.0 -1.0 -1.0 -1.0 -1.0 1.721 1.854 4.534 302.268 1.275 732.644 2.1735992695121142 1.0
12.0 0.0 Car -1.0 -1.0 -1.0 -1.0 -1.0 -1.0 -1.0 1.721 1.854 4.534 299.797 1.269 736.325 2.146349995480705 1.0
13.0 0.0 Car -1.0 -1.0 -1.0 -1.0 -1.0 -1.0 -1.0 1.721 1.854 4.534 297.421 1.262 740.079 2.119040908977908 1.0
14.0 0.0 Car -1.0 -1.0 -1.0 -1.0 -1.0 -1.0 -1.0 1.721 1.854 4.534 295.151 1.256 743.893 2.0917596549207387 1.0
15.0 0.0 Car -1.0 -1.0 -1.0 -1.0 -1.0 -1.0 -1.0 1.721 1.854 4.534 292.432 1.342 748.678 2.0568530698808525 1.0
16.0 0.0 Car -1.0 -1.0 -1.0 -1.0 -1.0 -1.0 -1.0 1.721 1.854 4.534 289.851 1.328 753.6 2.0335917084852233 1.0
17.0 0.0 Car -1.0 -1.0 -1.0 -1.0 -1.0 -1.0 -1.0 1.721 1.854 4.534 287.442 1.314 758.615 2.0103029830815666 1.0
18.0 0.0 Car -1.0 -1.0 -1.0 -1.0 -1.0 -1.0 -1.0 1.721 1.854 4.534 285.034 1.3 763.625 1.987039899801079 1.0
19.0 0.0 Car -1.0 -1.0 -1.0 -1.0 -1.0 -1.0 -1.0 1.721 1.854 4.534 282.605 1.242 769.664 1.9490976741828667 1.0
20.0 0.0 Car -1.0 -1.0 -1.0 -1.0 -1.0 -1.0 -1.0 1.721 1.854 4.534 280.81 1.211 773.073 1.9359206507436308 1.0
21.0 0.0 Car -1.0 -1.0 -1.0 -1.0 -1.0 -1.0 -1.0 1.721 1.854 4.534 279.222 1.276 777.441 1.882320144681419 1.0
22.0 0.0 Car -1.0 -1.0 -1.0 -1.0 -1.0 -1.0 -1.0 1.721 1.854 4.534 277.276 1.115 784.135 1.8509236625416976 1.0
23.0 0.0 Car -1.0 -1.0 -1.0 -1.0 -1.0 -1.0 -1.0 1.721 1.854 4.534 275.633 1.154 789.297 1.8195296925978641 1.0
24.0 0.0 Car -1.0 -1.0 -1.0 -1.0 -1.0 -1.0 -1.0 1.721 1.854 4.534 274.273 1.243 794.868 1.788101368375257 1.0
25.0 0.0 Car -1.0 -1.0 -1.0 -1.0 -1.0 -1.0 -1.0 1.721 1.854 4.534 273.204 1.232 799.442 1.7566707203714529 1.0
26.0 0.0 Car -1.0 -1.0 -1.0 -1.0 -1.0 -1.0 -1.0 1.721 1.854 4.534 272.283 1.221 804.287 1.7252405120019294 1.0
27.0 0.0 Car -1.0 -1.0 -1.0 -1.0 -1.0 -1.0 -1.0 1.721 1.854 4.534 271.353 1.232 810.323 1.7093061705564063 1.0
28.0 0.0 Car -1.0 -1.0 -1.0 -1.0 -1.0 -1.0 -1.0 1.721 1.854 4.534 270.783 1.24 814.508 1.6965614389017518 0.0
29.0 0.0 Car -1.0 -1.0 -1.0 -1.0 -1.0 -1.0 -1.0 1.721 1.854 4.534 270.261 1.251 818.499 1.6806270018224465 0.0
30.0 0.0 Car -1.0 -1.0 -1.0 -1.0 -1.0 -1.0 -1.0 1.721 1.854 4.534 269.708 1.261 822.778 1.664692022818373 0.0
31.0 0.0 Car -1.0 -1.0 -1.0 -1.0 -1.0 -1.0 -1.0 1.721 1.854 4.534 269.477 1.244 826.892 1.6325899434522704 0.0
32.0 0.0 Car -1.0 -1.0 -1.0 -1.0 -1.0 -1.0 -1.0 1.721 1.854 4.534 269.364 1.291 832.217 1.6004886989289056 0.0
33.0 0.0 Car -1.0 -1.0 -1.0 -1.0 -1.0 -1.0 -1.0 1.721 1.854 4.534 269.321 1.337 836.787 1.5684207838963875 0.0
34.0 0.0 Car -1.0 -1.0 -1.0 -1.0 -1.0 -1.0 -1.0 1.721 1.854 4.534 269.207 1.394 839.897 1.5188326604875437 0.0
35.0 0.0 Car -1.0 -1.0 -1.0 -1.0 -1.0 -1.0 -1.0 1.721 1.854 4.534 269.155 1.429 843.363 1.5041486175903727 0.0
36.0 0.0 Car -1.0 -1.0 -1.0 -1.0 -1.0 -1.0 -1.0 1.721 1.854 4.534 269.395 1.442 847.603 1.4811277258827318 0.0
37.0 0.0 Car -1.0 -1.0 -1.0 -1.0 -1.0 -1.0 -1.0 1.721 1.854 4.534 269.658 1.454 850.995 1.4626909516202962 0.0
38.0 0.0 Car -1.0 -1.0 -1.0 -1.0 -1.0 -1.0 -1.0 1.721 1.854 4.534 270.075 1.467 855.222 1.4396701059661363 0.0
39.0 0.0 Car -1.0 -1.0 -1.0 -1.0 -1.0 -1.0 -1.0 1.721 1.854 4.534 270.637 1.481 859.431 1.4166490300445718 0.0
