0.0 3.0 Car -1.0 -1.0 -1.0 -1.0 -1.0 -1.0 -1.0 1.658 1.647 4.28 1470.781 1.288 1220.849 -0.5258851569127897 0.0
0.0 4.0 Car -1.0 -1.0 -1.0 -1.0 -1.0 -1.0 -1.0 1.804 1.601 3.798 1482.081 1.186 1251.21 0.2948210172491516 0.0
0.0 1.0 Car -1.0 -1.0 -1.0 -1.0 -1.0 -1.0 -1.0 1.967 1.68 4.847 1441.669 0.833 1219.979 0.864705924606389 0.0
0.0 6.0 Car -1.0 -1.0 -1.0 -1.0 -1.0 -1.0 -1.0 1.857 1.5 4.677 1448.084 0.736 1216.834 0.8532565647134525 0.0
0.0 10.0 Car -1.0 -1.0 -1.0 -1.0 -1.0 -1.0 -1.0 1.944 2.0 4.759 1498.145 1.356 1258.204 0.8532740180124102 0.0
0.0 9.0 Car -1.0 -1.0 -1.0 -1.0 -1.0 -1.0 -1.0 1.921 1.829 4.299 1440.617 0.934 1213.4 0.9058782416621789 0.0
0.0 11.0 Truck -1.0 -1.0 -1.0 -1.0 -1.0 -1.0 -1.0 3.007 4.243 11.181 1432.59 2.18 1203.553 0.8823686566355483 0.0
0.0 8.0 Car -1.0 -1.0 -1.0 -1.0 -1.0 -1.0 -1.0 1.858 1.755 4.541 1443.948 0.851 1212.217 0.9016719981624586 0.0
0.0 2.0 Car -1.0 -1.0 -1.0 -1.0 -1.0 -1.0 -1.0 1.872 1.786 4.497 1437.224 0.929 1214.343 0.8707098572333958 0.0
1.0 3.0 Car -1.0 -1.0 -1.0 -1.0 -1.0 -1.0 -1.0 1.658 1.647 4.28 1470.701 1.232 1220.744 -0.5258851569127897 1.0
1.0 4.0 Car -1.0 -1.0 -1.0 -1.0 -1.0 -1.0 -1.0 1.804 1.601 3.798 1483.331 1.186 1251.59 0.2948210172491516 1.0
1.0 1.0 Car -1.0 -1.0 -1.0 -1.0 -1.0 -1.0 -1.0 1.967 1.68 4.847 1441.712 0.833 1220.029 0.864705924606389 1.0
1.0 6.0 Car -1.0 -1.0 -1.0 -1.0 -1.0 -1.0 -1.0 1.857 1.5 4.677 1448.107 0.736 1216.861 0.8532565647134525 1.0
1.0 10.0 Car -1.0 -1.0 -1.0 -1.0 -1.0 -1.0 -1.0 1.944 2.0 4.759 1498.145 1.306 1258.204 0.8532740180124102 1.0
1.0 9.0 Car -1.0 -1.0 -1.0 -1.0 -1.0 -1.0 -1.0 1.921 1.829 4.299 1440.637 0.934 1213.425 0.9058782416621789 1.0
1.0 12.0 Truck -1.0 -1.0 -1.0 -1.0 -1.0 -1.0 -1.0 2.072 2.121 5.291 1489.391 1.919 1220.326 2.717215845918176 0.0
1.0 11.0 Truck -1.0 -1.0 -1.0 -1.0 -1.0 -1.0 -1.0 3.007 4.243 11.181 1432.789 2.233 1203.748 0.8777779338887309 1.0
1.0 8.0 Car -1.0 -1.0 -1.0 -1.0 -1.0 -1.0 -1.0 1.858 1.755 4.541 1443.871 0.851 1212.119 0.9016719981624586 1.0
1.0 2.0 Car -1.0 -1.0 -1.0 -1.0 -1.0 -1.0 -1.0 1.872 1.786 4.497 1437.146 0.929 1214.25 0.8707098572333958 1.0
2.0 3.0 Car -1.0 -1.0 -1.0 -1.0 -1.0 -1.0 -1.0 1.658 1.647 4.28 1470.637 1.188 1220.66 -0.5258851569127897 1.0
2.0 4.0 Car -1.0 -1.0 -1.0 -1.0 -1.0 -1.0 -1.0 1.804 1.601 3.798 1484.784 1.236 1251.953 0.2948210172491516 1.0
2.0 1.0 Car -1.0 -1.0 -1.0 -1.0 -1.0 -1.0 -1.0 1.967 1.68 4.847 1441.745 0.833 1220.068 0.864705924606389 1.0
2.0 6.0 Car -1.0 -1.0 -1.0 -1.0 -1.0 -1.0 -1.0 1.857 1.5 4.677 1448.126 0.736 1216.882 0.8532565647134525 1.0
2.0 10.0 Car -1.0 -1.0 -1.0 -1.0 -1.0 -1.0 -1.0 1.944 2.0 4.759 1498.064 1.353 1258.093 0.869121411683262 1.0
2.0 9.0 Car -1.0 -1.0 -1.0 -1.0 -1.0 -1.0 -1.0 1.921 1.829 4.299 1440.652 0.934 1213.445 0.9058782416621789 1.0
2.0 12.0 Truck -1.0 -1.0 -1.0 -1.0 -1.0 -1.0 -1.0 2.072 2.121 5.291 1487.953 1.819 1221.186 2.6673292692200543 1.0
2.0 11.0 Truck -1.0 -1.0 -1.0 -1.0 -1.0 -1.0 -1.0 3.007 4.243 11.181 1432.949 2.276 1203.905 0.8741014380482541 1.0
2.0 8.0 Car -1.0 -1.0 -1.0 -1.0 -1.0 -1.0 -1.0 1.858 1.755 4.541 1443.754 0.851 1211.972 0.9016719981624586 1.0
2.0 2.0 Car -1.0 -1.0 -1.0 -1.0 -1.0 -1.0 -1.0 1.872 1.786 4.497 1437.083 0.929 1214.176 0.8707098572333958 1.0
3.0 3.0 Car -1.0 -1.0 -1.0 -1.0 -1.0 -1.0 -1.0 1.658 1.647 4.28 1470.535 1.175 1220.632 -0.5258851569127897 1.0
3.0 4.0 Car -1.0 -1.0 -1.0 -1.0 -1.0 -1.0 -1.0 1.804 1.601 3.798 1486.589 1.336 1252.432 0.259914432209265 0.0
3.0 1.0 Car -1.0 -1.0 -1.0 -1.0 -1.0 -1.0 -1.0 1.967 1.68 4.847 1441.89 0.833 1220.238 0.864705924606389 1.0
3.0 6.0 Car -1.0 -1.0 -1.0 -1.0 -1.0 -1.0 -1.0 1.857 1.5 4.677 1448.528 0.736 1217.343 0.8532565647134525 1.0
3.0 10.0 Car -1.0 -1.0 -1.0 -1.0 -1.0 -1.0 -1.0 1.944 2.0 4.759 1498.09 1.249 1258.1 0.8889085555917333 1.0
3.0 9.0 Car -1.0 -1.0 -1.0 -1.0 -1.0 -1.0 -1.0 1.921 1.829 4.299 1440.672 0.934 1213.47 0.9058782416621789 1.0
3.0 12.0 Truck -1.0 -1.0 -1.0 -1.0 -1.0 -1.0 -1.0 2.072 2.121 5.291 1486.221 1.694 1222.36 2.605040611997995 1.0
3.0 11.0 Truck -1.0 -1.0 -1.0 -1.0 -1.0 -1.0 -1.0 3.007 4.243 11.181 1433.149 2.329 1204.1 0.8695109448867056 1.0
3.0 8.0 Car -1.0 -1.0 -1.0 -1.0 -1.0 -1.0 -1.0 1.858 1.755 4.541 1443.648 0.851 1211.837 0.9016719981624586 1.0
3.0 2.0 Car -1.0 -1.0 -1.0 -1.0 -1.0 -1.0 -1.0 1.872 1.786 4.497 1437.005 0.929 1214.083 0.8707098572333958 1.0
4.0 3.0 Car -1.0 -1.0 -1.0 -1.0 -1.0 -1.0 -1.0 1.658 1.647 4.28 1470.432 1.163 1220.603 -0.5258851569127897 1.0
4.0 4.0 Car -1.0 -1.0 -1.0 -1.0 -1.0 -1.0 -1.0 1.804 1.601 3.798 1487.843 1.32 1252.742 0.23081545467210304 0.0
4.0 1.0 Car -1.0 -1.0 -1.0 -1.0 -1.0 -1.0 -1.0 1.967 1.68 4.847 1442.236 0.833 1220.644 0.864705924606389 1.0
4.0 6.0 Car -1.0 -1.0 -1.0 -1.0 -1.0 -1.0 -1.0 1.857 1.5 4.677 1449.392 0.736 1218.298 0.8183499796735659 1.0
4.0 10.0 Car -1.0 -1.0 -1.0 -1.0 -1.0 -1.0 -1.0 1.944 2.0 4.759 1498.231 1.238 1258.252 0.9087176294451605 1.0
4.0 9.0 Car -1.0 -1.0 -1.0 -1.0 -1.0 -1.0 -1.0 1.921 1.829 4.299 1441.037 0.934 1213.936 0.9058782416621789 1.0
4.0 12.0 Truck -1.0 -1.0 -1.0 -1.0 -1.0 -1.0 -1.0 2.072 2.121 5.291 1484.563 1.569 1223.641 2.5426829207187422 1.0
4.0 11.0 Truck -1.0 -1.0 -1.0 -1.0 -1.0 -1.0 -1.0 3.007 4.243 11.181 1433.349 2.383 1204.295 0.8649153641156049 1.0
4.0 8.0 Car -1.0 -1.0 -1.0 -1.0 -1.0 -1.0 -1.0 1.858 1.755 4.541 1443.706 0.851 1211.911 0.9016719981624586 1.0
4.0 2.0 Car -1.0 -1.0 -1.0 -1.0 -1.0 -1.0 -1.0 1.872 1.786 4.497 1437.236 0.954 1214.357 0.8707098572333958 1.0
5.0 3.0 Car -1.0 -1.0 -1.0 -1.0 -1.0 -1.0 -1.0 1.658 1.647 4.28 1470.329 1.15 1220.575 -0.5258851569127897 1.0
5.0 4.0 Car -1.0 -1.0 -1.0 -1.0 -1.0 -1.0 -1.0 1.804 1.601 3.798 1489.105 1.303 1253.016 0.2017472378910974 0.0
5.0 1.0 Car -1.0 -1.0 -1.0 -1.0 -1.0 -1.0 -1.0 1.967 1.68 4.847 1442.825 0.833 1221.335 0.864705924606389 1.0
5.0 6.0 Car -1.0 -1.0 -1.0 -1.0 -1.0 -1.0 -1.0 1.857 1.5 4.677 1450.653 0.736 1219.629 0.8183499796735659 1.0
5.0 10.0 Car -1.0 -1.0 -1.0 -1.0 -1.0 -1.0 -1.0 1.944 2.0 4.759 1498.368 1.228 1258.407 0.9285057629720865 1.0
5.0 9.0 Car -1.0 -1.0 -1.0 -1.0 -1.0 -1.0 -1.0 1.921 1.829 4.299 1441.657 0.934 1214.727 0.9058782416621789 1.0
5.0 12.0 Truck -1.0 -1.0 -1.0 -1.0 -1.0 -1.0 -1.0 2.072 2.121 5.291 1483.314 1.569 1224.494 2.5426829207187422 0.0
5.0 11.0 Truck -1.0 -1.0 -1.0 -1.0 -1.0 -1.0 -1.0 3.007 4.243 11.181 1433.68 2.399 1204.694 0.8649153641156049 1.0
5.0 8.0 Car -1.0 -1.0 -1.0 -1.0 -1.0 -1.0 -1.0 1.858 1.755 4.541 1443.823 0.901 1212.057 0.8667654131225719 1.0
5.0 2.0 Car -1.0 -1.0 -1.0 -1.0 -1.0 -1.0 -1.0 1.872 1.786 4.497 1437.705 0.979 1214.914 0.8707098572333958 1.0
6.0 3.0 Car -1.0 -1.0 -1.0 -1.0 -1.0 -1.0 -1.0 1.658 1.647 4.28 1470.226 1.138 1220.546 -0.5258851569127897 1.0
6.0 4.0 Car -1.0 -1.0 -1.0 -1.0 -1.0 -1.0 -1.0 1.804 1.601 3.798 1490.376 1.286 1253.254 0.17264796960954845 0.0
6.0 1.0 Car -1.0 -1.0 -1.0 -1.0 -1.0 -1.0 -1.0 1.967 1.68 4.847 1443.596 0.833 1222.307 0.8821685167460674 1.0
6.0 6.0 Car -1.0 -1.0 -1.0 -1.0 -1.0 -1.0 -1.0 1.857 1.5 4.677 1452.069 0.736 1221.127 0.8183499796735659 1.0
6.0 10.0 Car -1.0 -1.0 -1.0 -1.0 -1.0 -1.0 -1.0 1.944 2.0 4.759 1498.502 1.217 1258.564 0.9483150347492048 1.0
6.0 9.0 Car -1.0 -1.0 -1.0 -1.0 -1.0 -1.0 -1.0 1.921 1.829 4.299 1442.623 0.934 1215.926 0.8796843534526612 1.0
6.0 12.0 Truck -1.0 -1.0 -1.0 -1.0 -1.0 -1.0 -1.0 2.072 2.121 5.291 1482.375 1.494 1225.134 2.5426829207187422 0.0
6.0 7.0 Car -1.0 -1.0 -1.0 -1.0 -1.0 -1.0 -1.0 1.849 1.86 4.712 1406.751 1.688 1178.716 0.8763123641306888 0.0
6.0 11.0 Truck -1.0 -1.0 -1.0 -1.0 -1.0 -1.0 -1.0 3.007 4.243 11.181 1434.012 2.415 1205.094 0.8649153641156049 1.0
6.0 8.0 Car -1.0 -1.0 -1.0 -1.0 -1.0 -1.0 -1.0 1.858 1.755 4.541 1444.232 0.901 1212.571 0.8493121206026287 1.0
6.0 2.0 Car -1.0 -1.0 -1.0 -1.0 -1.0 -1.0 -1.0 1.872 1.786 4.497 1438.306 0.97 1215.66 0.8765319842761018 1.0
7.0 3.0 Car -1.0 -1.0 -1.0 -1.0 -1.0 -1.0 -1.0 1.658 1.647 4.28 1470.632 1.038 1220.529 -0.5258851569127897 1.0
7.0 4.0 Car -1.0 -1.0 -1.0 -1.0 -1.0 -1.0 -1.0 1.804 1.601 3.798 1491.023 1.244 1253.388 0.20114809299906655 0.0
7.0 1.0 Car -1.0 -1.0 -1.0 -1.0 -1.0 -1.0 -1.0 1.967 1.68 4.847 1444.365 0.833 1223.279 0.8996125096462756 1.0
7.0 5.0 Car -1.0 -1.0 -1.0 -1.0 -1.0 -1.0 -1.0 2.262 3.039 5.918 1420.998 0.91 1192.377 0.818960844908839 0.0
7.0 6.0 Car -1.0 -1.0 -1.0 -1.0 -1.0 -1.0 -1.0 1.857 1.5 4.677 1453.747 0.736 1222.904 0.8183499796735659 1.0
7.0 10.0 Car -1.0 -1.0 -1.0 -1.0 -1.0 -1.0 -1.0 1.944 2.0 4.759 1498.633 1.207 1258.724 0.968103207860869 0.0
7.0 9.0 Car -1.0 -1.0 -1.0 -1.0 -1.0 -1.0 -1.0 1.921 1.829 4.299 1443.618 0.934 1217.099 0.853518364102349 1.0
7.0 12.0 Truck -1.0 -1.0 -1.0 -1.0 -1.0 -1.0 -1.0 2.072 2.121 5.291 1481.437 1.419 1225.774 2.5426829207187422 0.0
7.0 7.0 Car -1.0 -1.0 -1.0 -1.0 -1.0 -1.0 -1.0 1.849 1.86 4.712 1409.931 1.815 1182.642 0.885039525402358 1.0
7.0 11.0 Truck -1.0 -1.0 -1.0 -1.0 -1.0 -1.0 -1.0 3.007 4.243 11.181 1434.343 2.431 1205.493 0.8649153641156049 1.0
7.0 8.0 Car -1.0 -1.0 -1.0 -1.0 -1.0 -1.0 -1.0 1.858 1.755 4.541 1444.764 0.901 1213.226 0.8493121206026287 1.0
7.0 2.0 Car -1.0 -1.0 -1.0 -1.0 -1.0 -1.0 -1.0 1.872 1.786 4.497 1438.905 0.962 1216.404 0.8823479102271126 1.0
8.0 3.0 Car -1.0 -1.0 -1.0 -1.0 -1.0 -1.0 -1.0 1.658 1.647 4.28 1471.038 0.938 1220.512 -0.5258851569127897 0.0
8.0 4.0 Car -1.0 -1.0 -1.0 -1.0 -1.0 -1.0 -1.0 1.804 1.601 3.798 1491.667 1.201 1253.541 0.2296448526609145 0.0
8.0 1.0 Car -1.0 -1.0 -1.0 -1.0 -1.0 -1.0 -1.0 1.967 1.68 4.847 1445.282 0.833 1224.537 0.9170658021662189 1.0
8.0 5.0 Car -1.0 -1.0 -1.0 -1.0 -1.0 -1.0 -1.0 2.262 3.039 5.918 1422.0 1.03 1193.472 0.818960844908839 1.0
8.0 6.0 Car -1.0 -1.0 -1.0 -1.0 -1.0 -1.0 -1.0 1.857 1.5 4.677 1455.554 0.736 1224.869 0.8358032721935091 1.0
8.0 10.0 Car -1.0 -1.0 -1.0 -1.0 -1.0 -1.0 -1.0 1.944 2.0 4.759 1498.761 1.196 1258.886 0.98788904547298 0.0
8.0 9.0 Car -1.0 -1.0 -1.0 -1.0 -1.0 -1.0 -1.0 1.921 1.829 4.299 1445.094 0.934 1218.852 0.8447921106534101 1.0
8.0 12.0 Truck -1.0 -1.0 -1.0 -1.0 -1.0 -1.0 -1.0 2.072 2.121 5.291 1481.334 1.394 1225.88 2.5426829207187422 0.0
8.0 7.0 Car -1.0 -1.0 -1.0 -1.0 -1.0 -1.0 -1.0 1.849 1.86 4.712 1413.111 1.643 1186.568 0.893765656650632 1.0
8.0 11.0 Truck -1.0 -1.0 -1.0 -1.0 -1.0 -1.0 -1.0 3.007 4.243 11.181 1434.674 2.447 1205.892 0.8649153641156049 1.0
8.0 8.0 Car -1.0 -1.0 -1.0 -1.0 -1.0 -1.0 -1.0 1.858 1.755 4.541 1445.586 0.901 1214.208 0.8493121206026287 1.0
8.0 2.0 Car -1.0 -1.0 -1.0 -1.0 -1.0 -1.0 -1.0 1.872 1.786 4.497 1439.504 0.954 1217.148 0.8881631497533391 1.0
9.0 3.0 Car -1.0 -1.0 -1.0 -1.0 -1.0 -1.0 -1.0 1.658 1.647 4.28 1471.256 0.938 1220.468 -0.5084318643928465 0.0
9.0 4.0 Car -1.0 -1.0 -1.0 -1.0 -1.0 -1.0 -1.0 1.804 1.601 3.798 1492.305 1.158 1253.712 0.2581441778777651 0.0
9.0 1.0 Car -1.0 -1.0 -1.0 -1.0 -1.0 -1.0 -1.0 1.967 1.68 4.847 1446.213 0.788 1226.034 1.0043322647659356 1.0
9.0 5.0 Car -1.0 -1.0 -1.0 -1.0 -1.0 -1.0 -1.0 2.262 3.039 5.918 1423.003 1.15 1194.568 0.818960844908839 1.0
9.0 6.0 Car -1.0 -1.0 -1.0 -1.0 -1.0 -1.0 -1.0 1.857 1.5 4.677 1457.668 0.789 1227.174 0.8358032721935091 0.0
9.0 10.0 Car -1.0 -1.0 -1.0 -1.0 -1.0 -1.0 -1.0 1.944 2.0 4.759 1498.886 1.186 1259.051 1.0076766643983097 0.0
9.0 9.0 Car -1.0 -1.0 -1.0 -1.0 -1.0 -1.0 -1.0 1.921 1.829 4.299 1446.569 0.934 1220.606 0.8360650715824056 1.0
9.0 12.0 Truck -1.0 -1.0 -1.0 -1.0 -1.0 -1.0 -1.0 2.072 2.121 5.291 1481.231 1.368 1225.986 2.5426829207187422 0.0
9.0 7.0 Car -1.0 -1.0 -1.0 -1.0 -1.0 -1.0 -1.0 1.849 1.86 4.712 1415.986 1.534 1190.091 0.8877459261932544 1.0
9.0 11.0 Truck -1.0 -1.0 -1.0 -1.0 -1.0 -1.0 -1.0 3.007 4.243 11.181 1435.706 2.407 1207.271 0.8616025843759255 1.0
9.0 8.0 Car -1.0 -1.0 -1.0 -1.0 -1.0 -1.0 -1.0 1.858 1.755 4.541 1446.779 0.901 1215.613 0.8493121206026287 0.0
9.0 2.0 Car -1.0 -1.0 -1.0 -1.0 -1.0 -1.0 -1.0 1.872 1.786 4.497 1440.467 0.928 1218.424 0.9002026106680943 1.0
10.0 3.0 Car -1.0 -1.0 -1.0 -1.0 -1.0 -1.0 -1.0 1.658 1.647 4.28 1471.827 0.938 1220.173 -0.480552251381797 0.0
10.0 4.0 Car -1.0 -1.0 -1.0 -1.0 -1.0 -1.0 -1.0 1.804 1.601 3.798 1492.875 1.119 1253.882 0.28377481351524425 0.0
10.0 1.0 Car -1.0 -1.0 -1.0 -1.0 -1.0 -1.0 -1.0 1.967 1.68 4.847 1446.905 0.748 1227.644 1.091598727365652 1.0
10.0 5.0 Car -1.0 -1.0 -1.0 -1.0 -1.0 -1.0 -1.0 2.262 3.039 5.918 1423.905 1.258 1195.553 0.818960844908839 1.0
10.0 6.0 Car -1.0 -1.0 -1.0 -1.0 -1.0 -1.0 -1.0 1.857 1.5 4.677 1459.57 0.836 1229.246 0.8358032721935091 0.0
10.0 10.0 Car -1.0 -1.0 -1.0 -1.0 -1.0 -1.0 -1.0 1.944 2.0 4.759 1498.993 1.176 1259.203 1.0254724980522423 0.0
10.0 9.0 Car -1.0 -1.0 -1.0 -1.0 -1.0 -1.0 -1.0 1.921 1.829 4.299 1447.981 0.934 1222.273 0.8831547201206076 1.0
10.0 12.0 Truck -1.0 -1.0 -1.0 -1.0 -1.0 -1.0 -1.0 2.072 2.121 5.291 1481.137 1.345 1226.081 2.5426829207187422 0.0
10.0 7.0 Car -1.0 -1.0 -1.0 -1.0 -1.0 -1.0 -1.0 1.849 1.86 4.712 1418.573 1.436 1193.26 0.8823321307151197 1.0
10.0 11.0 Truck -1.0 -1.0 -1.0 -1.0 -1.0 -1.0 -1.0 3.007 4.243 11.181 1436.634 2.371 1208.512 0.8586232629425626 1.0
10.0 8.0 Car -1.0 -1.0 -1.0 -1.0 -1.0 -1.0 -1.0 1.858 1.755 4.541 1447.993 0.901 1217.085 0.8493121206026287 0.0
10.0 2.0 Car -1.0 -1.0 -1.0 -1.0 -1.0 -1.0 -1.0 1.872 1.786 4.497 1441.333 0.905 1219.571 0.9110302016243641 1.0
11.0 3.0 Car -1.0 -1.0 -1.0 -1.0 -1.0 -1.0 -1.0 1.658 1.647 4.28 1472.844 1.338 1219.948 -0.41073833644596847 0.0
11.0 4.0 Car -1.0 -1.0 -1.0 -1.0 -1.0 -1.0 -1.0 1.804 1.601 3.798 1493.504 1.076 1254.087 0.312274309769095 0.0
11.0 1.0 Car -1.0 -1.0 -1.0 -1.0 -1.0 -1.0 -1.0 1.967 1.68 4.847 1447.44 0.803 1229.603 1.2312250675251986 1.0
11.0 5.0 Car -1.0 -1.0 -1.0 -1.0 -1.0 -1.0 -1.0 2.262 3.039 5.918 1424.907 1.378 1196.649 0.818960844908839 1.0
11.0 6.0 Car -1.0 -1.0 -1.0 -1.0 -1.0 -1.0 -1.0 1.857 1.5 4.677 1461.798 0.841 1231.837 0.860729051117048 0.0
11.0 10.0 Car -1.0 -1.0 -1.0 -1.0 -1.0 -1.0 -1.0 1.944 2.0 4.759 1499.113 1.166 1259.371 1.0452602357317864 0.0
11.0 9.0 Car -1.0 -1.0 -1.0 -1.0 -1.0 -1.0 -1.0 1.921 1.829 4.299 1449.457 0.934 1224.203 0.9355151563224793 1.0
11.0 12.0 Truck -1.0 -1.0 -1.0 -1.0 -1.0 -1.0 -1.0 2.072 2.121 5.291 1481.034 1.319 1226.187 2.5426829207187422 0.0
11.0 7.0 Car -1.0 -1.0 -1.0 -1.0 -1.0 -1.0 -1.0 1.849 1.86 4.712 1421.448 1.327 1196.783 0.8763123641306888 1.0
11.0 11.0 Truck -1.0 -1.0 -1.0 -1.0 -1.0 -1.0 -1.0 3.007 4.243 11.181 1437.666 2.331 1209.891 0.8553104633214336 1.0
11.0 8.0 Car -1.0 -1.0 -1.0 -1.0 -1.0 -1.0 -1.0 1.858 1.755 4.541 1449.483 0.901 1218.79 0.8493121206026287 0.0
11.0 2.0 Car -1.0 -1.0 -1.0 -1.0 -1.0 -1.0 -1.0 1.872 1.786 4.497 1442.295 0.879 1220.847 0.9230697347932256 1.0
12.0 3.0 Car -1.0 -1.0 -1.0 -1.0 -1.0 -1.0 -1.0 1.658 1.647 4.28 1474.449 1.316 1219.309 -0.37878639527341407 0.0
12.0 4.0 Car -1.0 -1.0 -1.0 -1.0 -1.0 -1.0 -1.0 1.804 1.601 3.798 1494.072 1.113 1254.345 0.4196618829185947 0.0
12.0 1.0 Car -1.0 -1.0 -1.0 -1.0 -1.0 -1.0 -1.0 1.967 1.68 4.847 1447.839 0.764 1232.079 1.4057579927246318 1.0
12.0 5.0 Car -1.0 -1.0 -1.0 -1.0 -1.0 -1.0 -1.0 2.262 3.039 5.918 1426.011 1.51 1197.855 0.818960844908839 1.0
12.0 6.0 Car -1.0 -1.0 -1.0 -1.0 -1.0 -1.0 -1.0 1.857 1.5 4.677 1464.218 0.846 1234.804 0.8881631497533389 0.0
12.0 10.0 Car -1.0 -1.0 -1.0 -1.0 -1.0 -1.0 -1.0 1.944 2.0 4.759 1499.476 1.116 1260.032 1.0452602357317864 0.0
12.0 9.0 Car -1.0 -1.0 -1.0 -1.0 -1.0 -1.0 -1.0 1.921 1.829 4.299 1450.962 0.934 1226.413 0.9931447042618955 1.0
12.0 12.0 Truck -1.0 -1.0 -1.0 -1.0 -1.0 -1.0 -1.0 2.072 2.121 5.291 1481.003 1.386 1226.23 2.5426829207187422 0.0
12.0 7.0 Car -1.0 -1.0 -1.0 -1.0 -1.0 -1.0 -1.0 1.849 1.86 4.712 1424.5 1.271 1200.434 0.8515305990022645 1.0
12.0 11.0 Truck -1.0 -1.0 -1.0 -1.0 -1.0 -1.0 -1.0 3.007 4.243 11.181 1439.48 2.282 1211.884 0.8649153815731571 1.0
12.0 8.0 Car -1.0 -1.0 -1.0 -1.0 -1.0 -1.0 -1.0 1.858 1.755 4.541 1451.295 0.901 1220.863 0.8493121206026287 0.0
12.0 2.0 Car -1.0 -1.0 -1.0 -1.0 -1.0 -1.0 -1.0 1.872 1.786 4.497 1443.724 0.851 1222.755 0.9478514999216501 1.0
13.0 3.0 Car -1.0 -1.0 -1.0 -1.0 -1.0 -1.0 -1.0 1.658 1.647 4.28 1475.978 1.388 1218.923 -0.29899146381747643 0.0
13.0 4.0 Car -1.0 -1.0 -1.0 -1.0 -1.0 -1.0 -1.0 1.804 1.601 3.798 1494.562 1.147 1254.632 0.517231517227313 0.0
13.0 1.0 Car -1.0 -1.0 -1.0 -1.0 -1.0 -1.0 -1.0 1.967 1.68 4.847 1447.77 0.729 1234.617 1.545384332884178 1.0
13.0 5.0 Car -1.0 -1.0 -1.0 -1.0 -1.0 -1.0 -1.0 2.262 3.039 5.918 1427.278 1.494 1199.233 0.818960844908839 1.0
13.0 6.0 Car -1.0 -1.0 -1.0 -1.0 -1.0 -1.0 -1.0 1.857 1.5 4.677 1466.635 0.852 1237.819 0.9056164422732822 0.0
13.0 10.0 Car -1.0 -1.0 -1.0 -1.0 -1.0 -1.0 -1.0 1.944 2.0 4.759 1499.964 1.116 1261.069 1.080166820771673 0.0
13.0 9.0 Car -1.0 -1.0 -1.0 -1.0 -1.0 -1.0 -1.0 1.921 1.829 4.299 1452.129 0.934 1228.505 1.1327734186509109 1.0
13.0 12.0 Truck -1.0 -1.0 -1.0 -1.0 -1.0 -1.0 -1.0 2.072 2.121 5.291 1480.974 1.447 1226.27 2.5426829207187422 0.0
13.0 7.0 Car -1.0 -1.0 -1.0 -1.0 -1.0 -1.0 -1.0 1.849 1.86 4.712 1427.303 1.219 1203.726 0.829014513665847 1.0
13.0 11.0 Truck -1.0 -1.0 -1.0 -1.0 -1.0 -1.0 -1.0 3.007 4.243 11.181 1441.129 2.237 1213.694 0.8736421674935461 1.0
13.0 8.0 Car -1.0 -1.0 -1.0 -1.0 -1.0 -1.0 -1.0 1.858 1.755 4.541 1453.193 0.901 1222.984 0.8493121206026287 0.0
13.0 2.0 Car -1.0 -1.0 -1.0 -1.0 -1.0 -1.0 -1.0 1.872 1.786 4.497 1444.961 0.826 1224.533 0.9703675852580675 1.0
14.0 3.0 Car -1.0 -1.0 -1.0 -1.0 -1.0 -1.0 -1.0 1.658 1.647 4.28 1477.769 1.338 1218.394 -0.21172589155381072 0.0
14.0 4.0 Car -1.0 -1.0 -1.0 -1.0 -1.0 -1.0 -1.0 1.804 1.601 3.798 1495.022 1.181 1254.965 0.6147978334119326 0.0
14.0 1.0 Car -1.0 -1.0 -1.0 -1.0 -1.0 -1.0 -1.0 1.967 1.68 4.847 1447.482 0.743 1237.01 1.7024639655636677 1.0
14.0 5.0 Car -1.0 -1.0 -1.0 -1.0 -1.0 -1.0 -1.0 2.262 3.039 5.918 1428.546 1.477 1200.612 0.818960844908839 1.0
14.0 6.0 Car -1.0 -1.0 -1.0 -1.0 -1.0 -1.0 -1.0 1.857 1.5 4.677 1469.052 1.057 1240.835 0.9056164422732822 0.0
14.0 10.0 Car -1.0 -1.0 -1.0 -1.0 -1.0 -1.0 -1.0 1.944 2.0 4.759 1500.129 1.116 1261.499 1.080166820771673 0.0
14.0 9.0 Car -1.0 -1.0 -1.0 -1.0 -1.0 -1.0 -1.0 1.921 1.829 4.299 1452.993 0.934 1230.74 1.2723973845809884 1.0
14.0 12.0 Truck -1.0 -1.0 -1.0 -1.0 -1.0 -1.0 -1.0 2.072 2.121 5.291 1480.946 1.508 1226.31 2.5426829207187422 0.0
14.0 7.0 Car -1.0 -1.0 -1.0 -1.0 -1.0 -1.0 -1.0 1.849 1.86 4.712 1430.107 1.168 1207.018 0.8064991940509155 1.0
14.0 11.0 Truck -1.0 -1.0 -1.0 -1.0 -1.0 -1.0 -1.0 3.007 4.243 11.181 1442.777 2.193 1215.505 0.8823686566355483 1.0
14.0 8.0 Car -1.0 -1.0 -1.0 -1.0 -1.0 -1.0 -1.0 1.858 1.755 4.541 1455.28 0.901 1225.313 0.8318588280826853 0.0
14.0 2.0 Car -1.0 -1.0 -1.0 -1.0 -1.0 -1.0 -1.0 1.872 1.786 4.497 1446.198 0.8 1226.31 0.9928829048729991 1.0
15.0 3.0 Car -1.0 -1.0 -1.0 -1.0 -1.0 -1.0 -1.0 1.658 1.647 4.28 1480.473 1.288 1217.757 -0.22917918407375404 0.0
15.0 1.0 Car -1.0 -1.0 -1.0 -1.0 -1.0 -1.0 -1.0 1.967 1.68 4.847 1446.832 0.74 1239.374 1.8288301504592375 1.0
15.0 5.0 Car -1.0 -1.0 -1.0 -1.0 -1.0 -1.0 -1.0 2.262 3.039 5.918 1429.813 1.46 1201.991 0.818960844908839 1.0
15.0 6.0 Car -1.0 -1.0 -1.0 -1.0 -1.0 -1.0 -1.0 1.857 1.5 4.677 1471.529 1.112 1244.088 0.9230697347932255 0.0
15.0 10.0 Car -1.0 -1.0 -1.0 -1.0 -1.0 -1.0 -1.0 1.944 2.0 4.759 1500.949 1.116 1262.878 1.080166820771673 0.0
15.0 9.0 Car -1.0 -1.0 -1.0 -1.0 -1.0 -1.0 -1.0 1.921 1.829 4.299 1453.52 0.934 1233.041 1.4047810068525377 1.0
15.0 12.0 Truck -1.0 -1.0 -1.0 -1.0 -1.0 -1.0 -1.0 2.072 2.121 5.291 1480.917 1.569 1226.35 2.5426829207187422 0.0
15.0 7.0 Car -1.0 -1.0 -1.0 -1.0 -1.0 -1.0 -1.0 1.849 1.86 4.712 1432.821 1.092 1209.966 0.8064991940509155 1.0
15.0 11.0 Truck -1.0 -1.0 -1.0 -1.0 -1.0 -1.0 -1.0 3.007 4.243 11.181 1444.371 2.205 1217.438 0.8883860940115277 1.0
15.0 8.0 Car -1.0 -1.0 -1.0 -1.0 -1.0 -1.0 -1.0 1.858 1.755 4.541 1457.344 1.001 1227.663 0.8493121206026287 0.0
15.0 2.0 Car -1.0 -1.0 -1.0 -1.0 -1.0 -1.0 -1.0 1.872 1.786 4.497 1447.225 0.827 1228.244 1.1493362766484665 1.0
16.0 3.0 Car -1.0 -1.0 -1.0 -1.0 -1.0 -1.0 -1.0 1.658 1.647 4.28 1482.68 1.39 1217.237 -0.22917918407375404 0.0
16.0 1.0 Car -1.0 -1.0 -1.0 -1.0 -1.0 -1.0 -1.0 1.967 1.68 4.847 1445.997 0.738 1241.417 1.942621979417367 1.0
16.0 5.0 Car -1.0 -1.0 -1.0 -1.0 -1.0 -1.0 -1.0 2.262 3.039 5.918 1431.23 1.434 1203.527 0.818960844908839 1.0
16.0 6.0 Car -1.0 -1.0 -1.0 -1.0 -1.0 -1.0 -1.0 1.857 1.5 4.677 1473.766 1.161 1246.973 0.9405230273131688 0.0
16.0 10.0 Car -1.0 -1.0 -1.0 -1.0 -1.0 -1.0 -1.0 1.944 2.0 4.759 1501.557 1.866 1264.153 1.080166820771673 0.0
16.0 9.0 Car -1.0 -1.0 -1.0 -1.0 -1.0 -1.0 -1.0 1.921 1.829 4.299 1453.731 0.934 1235.157 1.523991494332483 1.0
16.0 12.0 Truck -1.0 -1.0 -1.0 -1.0 -1.0 -1.0 -1.0 2.072 2.121 5.291 1480.93 1.569 1226.368 2.552298109497028 0.0
16.0 7.0 Car -1.0 -1.0 -1.0 -1.0 -1.0 -1.0 -1.0 1.849 1.86 4.712 1435.265 1.023 1212.62 0.8064991940509155 1.0
16.0 11.0 Truck -1.0 -1.0 -1.0 -1.0 -1.0 -1.0 -1.0 3.007 4.243 11.181 1445.807 2.215 1219.179 0.8938047525333433 1.0
16.0 8.0 Car -1.0 -1.0 -1.0 -1.0 -1.0 -1.0 -1.0 1.858 1.755 4.541 1459.455 1.051 1229.972 0.8318588280826853 0.0
16.0 2.0 Car -1.0 -1.0 -1.0 -1.0 -1.0 -1.0 -1.0 1.872 1.786 4.497 1447.882 0.851 1230.103 1.2902213982156745 1.0
17.0 3.0 Car -1.0 -1.0 -1.0 -1.0 -1.0 -1.0 -1.0 1.658 1.647 4.28 1484.855 1.538 1216.724 -0.22917918407375404 0.0
17.0 1.0 Car -1.0 -1.0 -1.0 -1.0 -1.0 -1.0 -1.0 1.967 1.68 4.847 1444.804 0.735 1243.558 2.068983108482477 1.0
17.0 5.0 Car -1.0 -1.0 -1.0 -1.0 -1.0 -1.0 -1.0 2.262 3.039 5.918 1432.804 1.405 1205.233 0.818960844908839 1.0
17.0 6.0 Car -1.0 -1.0 -1.0 -1.0 -1.0 -1.0 -1.0 1.857 1.5 4.677 1476.102 1.311 1250.357 0.957976319833112 0.0
17.0 10.0 Car -1.0 -1.0 -1.0 -1.0 -1.0 -1.0 -1.0 1.944 2.0 4.759 1502.207 2.199 1265.314 1.080166820771673 0.0
17.0 9.0 Car -1.0 -1.0 -1.0 -1.0 -1.0 -1.0 -1.0 1.921 1.829 4.299 1453.669 0.934 1237.517 1.6563698200197408 1.0
17.0 7.0 Car -1.0 -1.0 -1.0 -1.0 -1.0 -1.0 -1.0 1.849 1.86 4.712 1437.979 1.053 1215.568 0.8064991940509155 1.0
17.0 11.0 Truck -1.0 -1.0 -1.0 -1.0 -1.0 -1.0 -1.0 3.007 4.243 11.181 1447.401 2.227 1221.113 0.8998219491554912 1.0
17.0 8.0 Car -1.0 -1.0 -1.0 -1.0 -1.0 -1.0 -1.0 1.858 1.755 4.541 1461.856 1.151 1232.696 0.8493121206026287 0.0
17.0 2.0 Car -1.0 -1.0 -1.0 -1.0 -1.0 -1.0 -1.0 1.872 1.786 4.497 1448.206 0.876 1232.271 1.4466685103915247 1.0
18.0 3.0 Car -1.0 -1.0 -1.0 -1.0 -1.0 -1.0 -1.0 1.658 1.647 4.28 1487.636 1.671 1215.757 -0.2873067573887744 0.0
18.0 1.0 Car -1.0 -1.0 -1.0 -1.0 -1.0 -1.0 -1.0 1.967 1.68 4.847 1443.367 0.732 1245.631 2.150361711123505 1.0
18.0 5.0 Car -1.0 -1.0 -1.0 -1.0 -1.0 -1.0 -1.0 2.262 3.039 5.918 1434.899 1.455 1207.654 0.8276848302894085 1.0
18.0 6.0 Car -1.0 -1.0 -1.0 -1.0 -1.0 -1.0 -1.0 1.857 1.5 4.677 1478.365 1.36 1253.619 0.9754145918276181 0.0
18.0 10.0 Car -1.0 -1.0 -1.0 -1.0 -1.0 -1.0 -1.0 1.944 2.0 4.759 1502.749 2.107 1266.273 1.080166820771673 0.0
18.0 9.0 Car -1.0 -1.0 -1.0 -1.0 -1.0 -1.0 -1.0 1.921 1.829 4.299 1453.077 0.934 1239.828 1.7784377239812834 1.0
18.0 7.0 Car -1.0 -1.0 -1.0 -1.0 -1.0 -1.0 -1.0 1.849 1.86 4.712 1440.694 1.082 1218.516 0.8064991940509155 1.0
18.0 11.0 Truck -1.0 -1.0 -1.0 -1.0 -1.0 -1.0 -1.0 3.007 4.243 11.181 1448.961 2.077 1223.426 0.9608898468194776 1.0
18.0 8.0 Car -1.0 -1.0 -1.0 -1.0 -1.0 -1.0 -1.0 1.858 1.755 4.541 1464.251 1.251 1235.509 0.8667654131225719 0.0
18.0 2.0 Car -1.0 -1.0 -1.0 -1.0 -1.0 -1.0 -1.0 1.872 1.786 4.497 1448.096 0.95 1234.485 1.5688415580311277 1.0
19.0 3.0 Car -1.0 -1.0 -1.0 -1.0 -1.0 -1.0 -1.0 1.658 1.647 4.28 1490.469 1.53 1214.59 -0.34546978937452494 0.0
19.0 1.0 Car -1.0 -1.0 -1.0 -1.0 -1.0 -1.0 -1.0 1.967 1.68 4.847 1441.766 0.729 1247.581 2.2317899559035563 1.0
19.0 5.0 Car -1.0 -1.0 -1.0 -1.0 -1.0 -1.0 -1.0 2.262 3.039 5.918 1436.967 1.505 1210.105 0.8364141374287822 1.0
19.0 6.0 Car -1.0 -1.0 -1.0 -1.0 -1.0 -1.0 -1.0 1.857 1.5 4.677 1480.544 1.41 1256.94 0.9928635014233435 0.0
19.0 9.0 Car -1.0 -1.0 -1.0 -1.0 -1.0 -1.0 -1.0 1.921 1.829 4.299 1452.206 0.934 1242.05 1.9005800911513595 1.0
19.0 7.0 Car -1.0 -1.0 -1.0 -1.0 -1.0 -1.0 -1.0 1.849 1.86 4.712 1442.766 1.061 1221.005 0.8675441096207329 1.0
19.0 11.0 Truck -1.0 -1.0 -1.0 -1.0 -1.0 -1.0 -1.0 3.007 4.243 11.181 1450.377 1.926 1225.83 1.0219949967950945 1.0
19.0 8.0 Car -1.0 -1.0 -1.0 -1.0 -1.0 -1.0 -1.0 1.858 1.755 4.541 1466.711 1.301 1238.352 0.8667654131225719 0.0
19.0 2.0 Car -1.0 -1.0 -1.0 -1.0 -1.0 -1.0 -1.0 1.872 1.786 4.497 1447.745 0.975 1236.653 1.7259211907106173 1.0
20.0 1.0 Car -1.0 -1.0 -1.0 -1.0 -1.0 -1.0 -1.0 1.967 1.68 4.847 1440.009 0.727 1249.397 2.313329203761683 1.0
20.0 5.0 Car -1.0 -1.0 -1.0 -1.0 -1.0 -1.0 -1.0 2.262 3.039 5.918 1439.023 1.555 1212.286 0.8451453760963369 1.0
20.0 6.0 Car -1.0 -1.0 -1.0 -1.0 -1.0 -1.0 -1.0 1.857 1.5 4.677 1482.726 1.46 1260.267 1.0103361973929421 0.0
20.0 9.0 Car -1.0 -1.0 -1.0 -1.0 -1.0 -1.0 -1.0 1.921 1.829 4.299 1451.104 0.934 1244.07 2.0228889629385503 1.0
20.0 7.0 Car -1.0 -1.0 -1.0 -1.0 -1.0 -1.0 -1.0 1.849 1.86 4.712 1444.685 1.04 1223.62 0.9286722416905185 1.0
20.0 11.0 Truck -1.0 -1.0 -1.0 -1.0 -1.0 -1.0 -1.0 3.007 4.243 11.181 1451.489 2.026 1228.269 1.1092614593948111 1.0
20.0 8.0 Car -1.0 -1.0 -1.0 -1.0 -1.0 -1.0 -1.0 1.858 1.755 4.541 1469.519 1.301 1241.603 0.8667654131225719 0.0
20.0 2.0 Car -1.0 -1.0 -1.0 -1.0 -1.0 -1.0 -1.0 1.872 1.786 4.497 1447.182 0.949 1238.779 1.8131876533103342 1.0
21.0 1.0 Car -1.0 -1.0 -1.0 -1.0 -1.0 -1.0 -1.0 1.967 1.68 4.847 1438.118 0.724 1251.183 2.369682483581526 1.0
21.0 5.0 Car -1.0 -1.0 -1.0 -1.0 -1.0 -1.0 -1.0 2.262 3.039 5.918 1441.078 1.605 1214.466 0.8538674299487257 1.0
21.0 9.0 Car -1.0 -1.0 -1.0 -1.0 -1.0 -1.0 -1.0 1.921 1.829 4.299 1449.752 0.934 1245.962 2.159231451654154 1.0
21.0 7.0 Car -1.0 -1.0 -1.0 -1.0 -1.0 -1.0 -1.0 1.849 1.86 4.712 1446.665 1.169 1226.969 1.1206584594098947 1.0
21.0 11.0 Truck -1.0 -1.0 -1.0 -1.0 -1.0 -1.0 -1.0 3.007 4.243 11.181 1452.467 2.126 1230.785 1.2314345070344144 1.0
21.0 2.0 Car -1.0 -1.0 -1.0 -1.0 -1.0 -1.0 -1.0 1.872 1.786 4.497 1446.518 0.974 1240.909 1.9353607009499374 1.0
22.0 1.0 Car -1.0 -1.0 -1.0 -1.0 -1.0 -1.0 -1.0 1.967 1.68 4.847 1436.019 0.721 1252.972 2.425970789932685 1.0
22.0 5.0 Car -1.0 -1.0 -1.0 -1.0 -1.0 -1.0 -1.0 2.262 3.039 5.918 1442.928 1.655 1216.607 0.8538674299487257 1.0
22.0 0.0 Bus -1.0 -1.0 -1.0 -1.0 -1.0 -1.0 -1.0 3.052 3.639 12.466 1352.426 2.336 1290.418 -0.488325671405037 0.0
22.0 9.0 Car -1.0 -1.0 -1.0 -1.0 -1.0 -1.0 -1.0 1.921 1.829 4.299 1448.175 0.934 1247.725 2.261377883723884 1.0
22.0 7.0 Car -1.0 -1.0 -1.0 -1.0 -1.0 -1.0 -1.0 1.849 1.86 4.712 1448.124 1.127 1230.249 1.3866714495266843 1.0
22.0 11.0 Truck -1.0 -1.0 -1.0 -1.0 -1.0 -1.0 -1.0 3.007 4.243 11.181 1452.927 2.126 1233.443 1.3361542621540743 1.0
22.0 2.0 Car -1.0 -1.0 -1.0 -1.0 -1.0 -1.0 -1.0 1.872 1.786 4.497 1445.424 0.998 1243.321 1.987720578509767 1.0
23.0 1.0 Car -1.0 -1.0 -1.0 -1.0 -1.0 -1.0 -1.0 1.967 1.68 4.847 1433.22 0.718 1255.109 2.4878621289611162 1.0
23.0 5.0 Car -1.0 -1.0 -1.0 -1.0 -1.0 -1.0 -1.0 2.262 3.039 5.918 1444.963 1.71 1218.962 0.8538674299487257 1.0
23.0 0.0 Bus -1.0 -1.0 -1.0 -1.0 -1.0 -1.0 -1.0 3.052 3.639 12.466 1355.788 2.386 1288.592 -0.488325671405037 1.0
23.0 9.0 Car -1.0 -1.0 -1.0 -1.0 -1.0 -1.0 -1.0 1.921 1.829 4.299 1446.299 0.934 1249.523 2.3370482282975296 1.0
23.0 7.0 Car -1.0 -1.0 -1.0 -1.0 -1.0 -1.0 -1.0 1.849 1.86 4.712 1448.671 1.081 1234.156 1.6791638200480803 1.0
23.0 11.0 Truck -1.0 -1.0 -1.0 -1.0 -1.0 -1.0 -1.0 3.007 4.243 11.181 1453.066 2.276 1236.406 1.4971303201071329 1.0
23.0 2.0 Car -1.0 -1.0 -1.0 -1.0 -1.0 -1.0 -1.0 1.872 1.786 4.497 1443.592 0.996 1246.353 2.133965648991462 1.0
24.0 1.0 Car -1.0 -1.0 -1.0 -1.0 -1.0 -1.0 -1.0 1.967 1.68 4.847 1430.444 0.715 1256.99 2.5191851307757354 1.0
24.0 5.0 Car -1.0 -1.0 -1.0 -1.0 -1.0 -1.0 -1.0 2.262 3.039 5.918 1446.814 1.76 1221.104 0.8713207748413778 1.0
24.0 0.0 Bus -1.0 -1.0 -1.0 -1.0 -1.0 -1.0 -1.0 3.052 3.639 12.466 1358.845 2.334 1286.931 -0.488325671405037 1.0
24.0 9.0 Car -1.0 -1.0 -1.0 -1.0 -1.0 -1.0 -1.0 1.921 1.829 4.299 1444.657 0.959 1251.074 2.3773206592020397 1.0
24.0 7.0 Car -1.0 -1.0 -1.0 -1.0 -1.0 -1.0 -1.0 1.849 1.86 4.712 1447.887 1.058 1237.582 1.805579564016136 1.0
24.0 11.0 Truck -1.0 -1.0 -1.0 -1.0 -1.0 -1.0 -1.0 3.007 4.243 11.181 1452.702 2.126 1239.084 1.6435355332118216 1.0
24.0 2.0 Car -1.0 -1.0 -1.0 -1.0 -1.0 -1.0 -1.0 1.872 1.786 4.497 1441.557 0.995 1248.852 2.26697325882886 1.0
25.0 1.0 Car -1.0 -1.0 -1.0 -1.0 -1.0 -1.0 -1.0 1.967 1.68 4.847 1427.464 0.712 1258.888 2.550507944606851 1.0
25.0 5.0 Car -1.0 -1.0 -1.0 -1.0 -1.0 -1.0 -1.0 2.262 3.039 5.918 1448.664 1.81 1223.246 0.8887740149886122 1.0
25.0 0.0 Bus -1.0 -1.0 -1.0 -1.0 -1.0 -1.0 -1.0 3.052 3.639 12.466 1361.902 2.282 1285.271 -0.488325671405037 1.0
25.0 9.0 Car -1.0 -1.0 -1.0 -1.0 -1.0 -1.0 -1.0 1.921 1.829 4.299 1442.954 0.985 1252.559 2.4175928484134745 1.0
25.0 7.0 Car -1.0 -1.0 -1.0 -1.0 -1.0 -1.0 -1.0 1.849 1.86 4.712 1446.677 1.036 1240.882 1.9319945493061286 1.0
25.0 11.0 Truck -1.0 -1.0 -1.0 -1.0 -1.0 -1.0 -1.0 3.007 4.243 11.181 1452.103 2.376 1241.702 1.7899398676726 1.0
25.0 2.0 Car -1.0 -1.0 -1.0 -1.0 -1.0 -1.0 -1.0 1.872 1.786 4.497 1439.098 0.993 1251.345 2.389146306468463 1.0
26.0 1.0 Car -1.0 -1.0 -1.0 -1.0 -1.0 -1.0 -1.0 1.967 1.68 4.847 1424.636 0.71 1260.578 2.5786773978380646 1.0
26.0 5.0 Car -1.0 -1.0 -1.0 -1.0 -1.0 -1.0 -1.0 2.262 3.039 5.918 1450.276 1.855 1225.245 0.9300702159796034 1.0
26.0 0.0 Bus -1.0 -1.0 -1.0 -1.0 -1.0 -1.0 -1.0 3.052 3.639 12.466 1364.651 2.236 1283.777 -0.488325671405037 1.0
26.0 9.0 Car -1.0 -1.0 -1.0 -1.0 -1.0 -1.0 -1.0 1.921 1.829 4.299 1441.372 1.008 1253.834 2.453810716853606 1.0
26.0 7.0 Car -1.0 -1.0 -1.0 -1.0 -1.0 -1.0 -1.0 1.849 1.86 4.712 1445.241 1.015 1243.698 2.0456829629668896 1.0
26.0 11.0 Truck -1.0 -1.0 -1.0 -1.0 -1.0 -1.0 -1.0 3.007 4.243 11.181 1451.187 2.329 1244.089 1.9144073126075545 1.0
26.0 2.0 Car -1.0 -1.0 -1.0 -1.0 -1.0 -1.0 -1.0 1.872 1.786 4.497 1436.528 0.991 1253.403 2.458959476548236 1.0
27.0 1.0 Car -1.0 -1.0 -1.0 -1.0 -1.0 -1.0 -1.0 1.967 1.68 4.847 1421.314 0.707 1262.439 2.610035176600719 1.0
27.0 5.0 Car -1.0 -1.0 -1.0 -1.0 -1.0 -1.0 -1.0 2.262 3.039 5.918 1451.971 1.905 1227.546 0.9760404775883289 0.0
27.0 0.0 Bus -1.0 -1.0 -1.0 -1.0 -1.0 -1.0 -1.0 3.052 3.639 12.466 1367.712 2.286 1282.114 -0.488325671405037 1.0
27.0 9.0 Car -1.0 -1.0 -1.0 -1.0 -1.0 -1.0 -1.0 1.921 1.829 4.299 1439.559 1.034 1255.185 2.494127860977019 1.0
27.0 7.0 Car -1.0 -1.0 -1.0 -1.0 -1.0 -1.0 -1.0 1.849 1.86 4.712 1443.367 1.044 1246.417 2.1213701092066777 1.0
27.0 11.0 Truck -1.0 -1.0 -1.0 -1.0 -1.0 -1.0 -1.0 3.007 4.243 11.181 1449.827 2.277 1246.59 2.0529624549238585 1.0
27.0 2.0 Car -1.0 -1.0 -1.0 -1.0 -1.0 -1.0 -1.0 1.872 1.786 4.497 1433.582 0.94 1255.415 2.546225939147953 1.0
28.0 1.0 Car -1.0 -1.0 -1.0 -1.0 -1.0 -1.0 -1.0 1.967 1.68 4.847 1417.725 0.804 1264.406 2.615850920307679 0.0
28.0 5.0 Car -1.0 -1.0 -1.0 -1.0 -1.0 -1.0 -1.0 2.262 3.039 5.918 1453.222 1.955 1229.978 1.127249813969279 0.0
28.0 0.0 Bus -1.0 -1.0 -1.0 -1.0 -1.0 -1.0 -1.0 3.052 3.639 12.466 1370.769 1.986 1280.453 -0.488325671405037 0.0
28.0 9.0 Car -1.0 -1.0 -1.0 -1.0 -1.0 -1.0 -1.0 1.921 1.829 4.299 1437.826 1.034 1256.596 2.529025318232443 0.0
28.0 7.0 Car -1.0 -1.0 -1.0 -1.0 -1.0 -1.0 -1.0 1.849 1.86 4.712 1441.241 1.074 1248.947 2.19697422303203 0.0
28.0 11.0 Truck -1.0 -1.0 -1.0 -1.0 -1.0 -1.0 -1.0 3.007 4.243 11.181 1448.137 2.225 1248.877 2.1913655956312956 0.0
28.0 2.0 Car -1.0 -1.0 -1.0 -1.0 -1.0 -1.0 -1.0 1.872 1.786 4.497 1430.568 0.938 1257.252 2.5985858167077827 0.0
29.0 1.0 Car -1.0 -1.0 -1.0 -1.0 -1.0 -1.0 -1.0 1.967 1.68 4.847 1413.977 0.802 1266.465 2.6216664662338625 0.0
29.0 5.0 Car -1.0 -1.0 -1.0 -1.0 -1.0 -1.0 -1.0 2.262 3.039 5.918 1454.092 2.005 1232.571 1.2784540080500633 0.0
29.0 0.0 Bus -1.0 -1.0 -1.0 -1.0 -1.0 -1.0 -1.0 3.052 3.639 12.466 1373.826 1.953 1278.793 -0.488325671405037 0.0
29.0 9.0 Car -1.0 -1.0 -1.0 -1.0 -1.0 -1.0 -1.0 1.921 1.829 4.299 1436.044 1.035 1257.945 2.5639215887013593 0.0
29.0 7.0 Car -1.0 -1.0 -1.0 -1.0 -1.0 -1.0 -1.0 1.849 1.86 4.712 1438.851 1.103 1251.307 2.2725757657261525 0.0
29.0 11.0 Truck -1.0 -1.0 -1.0 -1.0 -1.0 -1.0 -1.0 3.007 4.243 11.181 1446.35 2.26 1250.555 2.221900030759174 0.0
29.0 2.0 Car -1.0 -1.0 -1.0 -1.0 -1.0 -1.0 -1.0 1.872 1.786 4.497 1427.277 0.936 1259.106 2.616039109227726 0.0
30.0 1.0 Car -1.0 -1.0 -1.0 -1.0 -1.0 -1.0 -1.0 1.967 1.68 4.847 1410.109 0.849 1268.593 2.6274884691206624 0.0
30.0 5.0 Car -1.0 -1.0 -1.0 -1.0 -1.0 -1.0 -1.0 2.262 3.039 5.918 1454.562 2.055 1235.269 1.4298260831068543 0.0
30.0 0.0 Bus -1.0 -1.0 -1.0 -1.0 -1.0 -1.0 -1.0 3.052 3.639 12.466 1376.887 1.919 1277.13 -0.488325671405037 0.0
30.0 9.0 Car -1.0 -1.0 -1.0 -1.0 -1.0 -1.0 -1.0 1.921 1.829 4.299 1434.215 1.036 1259.232 2.5988566042591996 0.0
30.0 7.0 Car -1.0 -1.0 -1.0 -1.0 -1.0 -1.0 -1.0 1.849 1.86 4.712 1436.379 1.049 1253.581 2.4267854052817253 0.0
30.0 11.0 Truck -1.0 -1.0 -1.0 -1.0 -1.0 -1.0 -1.0 3.007 4.243 11.181 1444.992 2.294 1251.93 2.2873936572314055 0.0
30.0 2.0 Car -1.0 -1.0 -1.0 -1.0 -1.0 -1.0 -1.0 1.872 1.786 4.497 1423.739 0.934 1261.098 2.6334924017476693 0.0
31.0 1.0 Car -1.0 -1.0 -1.0 -1.0 -1.0 -1.0 -1.0 1.967 1.68 4.847 1405.955 0.846 1270.883 2.6274884691206624 0.0
31.0 5.0 Car -1.0 -1.0 -1.0 -1.0 -1.0 -1.0 -1.0 2.262 3.039 5.918 1454.448 2.055 1238.004 1.621815181313694 0.0
31.0 0.0 Bus -1.0 -1.0 -1.0 -1.0 -1.0 -1.0 -1.0 3.052 3.639 12.466 1379.944 1.886 1275.469 -0.488325671405037 0.0
31.0 9.0 Car -1.0 -1.0 -1.0 -1.0 -1.0 -1.0 -1.0 1.921 1.829 4.299 1432.344 1.036 1260.454 2.6337542011365658 0.0
31.0 7.0 Car -1.0 -1.0 -1.0 -1.0 -1.0 -1.0 -1.0 1.849 1.86 4.712 1433.732 1.094 1255.405 2.4936568798121366 0.0
31.0 11.0 Truck -1.0 -1.0 -1.0 -1.0 -1.0 -1.0 -1.0 3.007 4.243 11.181 1443.549 2.328 1253.212 2.352817133882807 0.0
31.0 2.0 Car -1.0 -1.0 -1.0 -1.0 -1.0 -1.0 -1.0 1.872 1.786 4.497 1419.664 0.933 1263.389 2.6334924017476693 0.0
32.0 1.0 Car -1.0 -1.0 -1.0 -1.0 -1.0 -1.0 -1.0 1.967 1.68 4.847 1401.685 0.893 1273.238 2.6274884691206624 0.0
32.0 5.0 Car -1.0 -1.0 -1.0 -1.0 -1.0 -1.0 -1.0 2.262 3.039 5.918 1453.814 2.055 1240.667 1.8137985185456071 0.0
32.0 0.0 Bus -1.0 -1.0 -1.0 -1.0 -1.0 -1.0 -1.0 3.052 3.639 12.466 1383.001 1.811 1273.808 -0.488325671405037 0.0
32.0 9.0 Car -1.0 -1.0 -1.0 -1.0 -1.0 -1.0 -1.0 1.921 1.829 4.299 1430.044 1.037 1261.747 2.6424807819304217 0.0
32.0 7.0 Car -1.0 -1.0 -1.0 -1.0 -1.0 -1.0 -1.0 1.849 1.86 4.712 1430.85 1.04 1257.417 2.604134890289277 0.0
32.0 11.0 Truck -1.0 -1.0 -1.0 -1.0 -1.0 -1.0 -1.0 3.007 4.243 11.181 1441.95 2.363 1254.343 2.4008051058706155 0.0
32.0 2.0 Car -1.0 -1.0 -1.0 -1.0 -1.0 -1.0 -1.0 1.872 1.786 4.497 1415.494 0.931 1265.699 2.6334924017476693 0.0
33.0 1.0 Car -1.0 -1.0 -1.0 -1.0 -1.0 -1.0 -1.0 1.967 1.68 4.847 1397.323 0.94 1275.646 2.6274884691206624 0.0
33.0 5.0 Car -1.0 -1.0 -1.0 -1.0 -1.0 -1.0 -1.0 2.262 3.039 5.918 1452.821 2.055 1243.153 1.98833144374504 0.0
33.0 0.0 Bus -1.0 -1.0 -1.0 -1.0 -1.0 -1.0 -1.0 3.052 3.639 12.466 1386.062 1.736 1272.146 -0.488325671405037 0.0
33.0 9.0 Car -1.0 -1.0 -1.0 -1.0 -1.0 -1.0 -1.0 1.921 1.829 4.299 1427.742 1.038 1263.041 2.651217784929831 0.0
33.0 7.0 Car -1.0 -1.0 -1.0 -1.0 -1.0 -1.0 -1.0 1.849 1.86 4.712 1427.308 1.036 1259.332 2.621641616125019 0.0
33.0 11.0 Truck -1.0 -1.0 -1.0 -1.0 -1.0 -1.0 -1.0 3.007 4.243 11.181 1440.43 2.397 1255.525 2.4531979599965257 0.0
33.0 2.0 Car -1.0 -1.0 -1.0 -1.0 -1.0 -1.0 -1.0 1.872 1.786 4.497 1411.249 0.929 1267.996 2.6203871659726676 0.0
34.0 1.0 Car -1.0 -1.0 -1.0 -1.0 -1.0 -1.0 -1.0 1.967 1.68 4.847 1392.974 0.938 1278.199 2.6274884691206624 0.0
34.0 5.0 Car -1.0 -1.0 -1.0 -1.0 -1.0 -1.0 -1.0 2.262 3.039 5.918 1451.397 2.055 1245.409 2.1105044913846434 0.0
34.0 0.0 Bus -1.0 -1.0 -1.0 -1.0 -1.0 -1.0 -1.0 3.052 3.639 12.466 1388.664 1.736 1270.726 -0.4708723788850939 0.0
34.0 9.0 Car -1.0 -1.0 -1.0 -1.0 -1.0 -1.0 -1.0 1.921 1.829 4.299 1425.051 0.988 1264.543 2.659943789621873 0.0
34.0 7.0 Car -1.0 -1.0 -1.0 -1.0 -1.0 -1.0 -1.0 1.849 1.86 4.712 1423.618 1.019 1261.393 2.621641616125019 0.0
34.0 11.0 Truck -1.0 -1.0 -1.0 -1.0 -1.0 -1.0 -1.0 3.007 4.243 11.181 1438.852 2.432 1256.625 2.5055248609902754 0.0
34.0 2.0 Car -1.0 -1.0 -1.0 -1.0 -1.0 -1.0 -1.0 1.872 1.786 4.497 1407.085 0.928 1270.345 2.6072984273204405 0.0
35.0 1.0 Car -1.0 -1.0 -1.0 -1.0 -1.0 -1.0 -1.0 1.967 1.68 4.847 1388.41 0.935 1280.835 2.6274884691206624 0.0
35.0 5.0 Car -1.0 -1.0 -1.0 -1.0 -1.0 -1.0 -1.0 2.262 3.039 5.918 1449.982 2.055 1247.18 2.2152242465043033 0.0
35.0 0.0 Bus -1.0 -1.0 -1.0 -1.0 -1.0 -1.0 -1.0 3.052 3.639 12.466 1391.869 1.736 1268.987 -0.4766858507800529 0.0
35.0 9.0 Car -1.0 -1.0 -1.0 -1.0 -1.0 -1.0 -1.0 1.921 1.829 4.299 1422.363 0.939 1266.043 2.668660786176452 0.0
35.0 7.0 Car -1.0 -1.0 -1.0 -1.0 -1.0 -1.0 -1.0 1.849 1.86 4.712 1419.931 1.003 1263.452 2.621641616125019 0.0
35.0 11.0 Truck -1.0 -1.0 -1.0 -1.0 -1.0 -1.0 -1.0 3.007 4.243 11.181 1436.926 2.466 1257.732 2.5171518047801933 0.0
35.0 2.0 Car -1.0 -1.0 -1.0 -1.0 -1.0 -1.0 -1.0 1.872 1.786 4.497 1402.926 0.926 1272.691 2.5942232005973445 0.0
36.0 1.0 Car -1.0 -1.0 -1.0 -1.0 -1.0 -1.0 -1.0 1.967 1.68 4.847 1383.808 0.957 1283.652 2.61003388473669 0.0
36.0 5.0 Car -1.0 -1.0 -1.0 -1.0 -1.0 -1.0 -1.0 2.262 3.039 5.918 1448.489 2.055 1248.734 2.3024907091040197 0.0
36.0 0.0 Bus -1.0 -1.0 -1.0 -1.0 -1.0 -1.0 -1.0 3.052 3.639 12.466 1395.078 1.736 1267.245 -0.4825061918727416 0.0
36.0 9.0 Car -1.0 -1.0 -1.0 -1.0 -1.0 -1.0 -1.0 1.921 1.829 4.299 1419.304 0.939 1267.75 2.668660786176452 0.0
36.0 7.0 Car -1.0 -1.0 -1.0 -1.0 -1.0 -1.0 -1.0 1.849 1.86 4.712 1416.24 0.986 1265.514 2.621641616125019 0.0
36.0 11.0 Truck -1.0 -1.0 -1.0 -1.0 -1.0 -1.0 -1.0 3.007 4.243 11.181 1434.998 2.5 1258.841 2.528792486965571 0.0
36.0 2.0 Car -1.0 -1.0 -1.0 -1.0 -1.0 -1.0 -1.0 1.872 1.786 4.497 1398.762 0.924 1275.039 2.581132524187839 0.0
37.0 1.0 Car -1.0 -1.0 -1.0 -1.0 -1.0 -1.0 -1.0 1.967 1.68 4.847 1379.208 0.979 1286.468 2.5925818840807757 0.0
37.0 5.0 Car -1.0 -1.0 -1.0 -1.0 -1.0 -1.0 -1.0 2.262 3.039 5.918 1446.895 2.055 1250.218 2.398426429923709 0.0
37.0 0.0 Bus -1.0 -1.0 -1.0 -1.0 -1.0 -1.0 -1.0 3.052 3.639 12.466 1398.287 1.736 1265.504 -0.488325671405037 0.0
37.0 9.0 Car -1.0 -1.0 -1.0 -1.0 -1.0 -1.0 -1.0 1.921 1.829 4.299 1416.246 0.94 1269.457 2.668660786176452 0.0
37.0 7.0 Car -1.0 -1.0 -1.0 -1.0 -1.0 -1.0 -1.0 1.849 1.86 4.712 1412.1 0.986 1267.857 2.621641616125019 0.0
37.0 11.0 Truck -1.0 -1.0 -1.0 -1.0 -1.0 -1.0 -1.0 3.007 4.243 11.181 1433.07 2.535 1259.95 2.540431446030162 0.0
37.0 2.0 Car -1.0 -1.0 -1.0 -1.0 -1.0 -1.0 -1.0 1.872 1.786 4.497 1394.763 0.922 1277.401 2.5873610996920826 0.0
38.0 1.0 Car -1.0 -1.0 -1.0 -1.0 -1.0 -1.0 -1.0 1.967 1.68 4.847 1374.571 0.977 1289.221 2.5925818840807757 0.0
38.0 5.0 Car -1.0 -1.0 -1.0 -1.0 -1.0 -1.0 -1.0 2.262 3.039 5.918 1445.164 2.055 1251.545 2.494476926823396 0.0
38.0 0.0 Bus -1.0 -1.0 -1.0 -1.0 -1.0 -1.0 -1.0 3.052 3.639 12.466 1400.884 1.784 1264.136 -0.488325671405037 0.0
38.0 9.0 Car -1.0 -1.0 -1.0 -1.0 -1.0 -1.0 -1.0 1.921 1.829 4.299 1413.185 0.941 1271.166 2.668660786176452 0.0
38.0 7.0 Car -1.0 -1.0 -1.0 -1.0 -1.0 -1.0 -1.0 1.849 1.86 4.712 1407.752 0.986 1270.32 2.621641616125019 0.0
38.0 11.0 Truck -1.0 -1.0 -1.0 -1.0 -1.0 -1.0 -1.0 3.007 4.243 11.181 1430.819 2.569 1261.233 2.5947442273512307 0.0
38.0 2.0 Car -1.0 -1.0 -1.0 -1.0 -1.0 -1.0 -1.0 1.872 1.786 4.497 1390.76 0.921 1279.766 2.593597126972101 0.0
39.0 1.0 Car -1.0 -1.0 -1.0 -1.0 -1.0 -1.0 -1.0 1.967 1.68 4.847 1370.861 0.974 1291.424 2.5925818840807757 0.0
39.0 0.0 Bus -1.0 -1.0 -1.0 -1.0 -1.0 -1.0 -1.0 3.052 3.639 12.466 1402.962 1.822 1263.042 -0.488325671405037 0.0
39.0 9.0 Car -1.0 -1.0 -1.0 -1.0 -1.0 -1.0 -1.0 1.921 1.829 4.299 1410.736 0.941 1272.533 2.668660786176452 0.0
39.0 7.0 Car -1.0 -1.0 -1.0 -1.0 -1.0 -1.0 -1.0 1.849 1.86 4.712 1404.223 0.986 1272.319 2.621641616125019 0.0
39.0 11.0 Truck -1.0 -1.0 -1.0 -1.0 -1.0 -1.0 -1.0 3.007 4.243 11.181 1428.97 2.597 1262.171 2.6381933019825934 0.0
39.0 2.0 Car -1.0 -1.0 -1.0 -1.0 -1.0 -1.0 -1.0 1.872 1.786 4.497 1387.557 0.919 1281.657 2.5985858167077827 0.0
