0.0 0.0 Car -1.0 -1.0 -1.0 -1.0 -1.0 -1.0 -1.0 2.244 2.438 5.649 1948.087 1.036 1037.76 -0.09044296183700261 0.0
1.0 0.0 Car -1.0 -1.0 -1.0 -1.0 -1.0 -1.0 -1.0 2.244 2.438 5.649 1951.428 0.99 1038.251 0.1365157687415355 1.0
2.0 0.0 Car -1.0 -1.0 -1.0 -1.0 -1.0 -1.0 -1.0 2.244 2.438 5.649 1954.571 0.945 1039.48 0.3633424167355017 1.0
3.0 0.0 Car -1.0 -1.0 -1.0 -1.0 -1.0 -1.0 -1.0 2.244 2.438 5.649 1957.819 0.9 1041.623 0.5902326096155162 1.0
4.0 0.0 Car -1.0 -1.0 -1.0 -1.0 -1.0 -1.0 -1.0 2.244 2.438 5.649 1960.211 1.122 1044.248 0.8171282492000493 1.0
5.0 0.0 Car -1.0 -1.0 -1.0 -1.0 -1.0 -1.0 -1.0 2.244 2.438 5.649 1962.771 1.118 1047.496 0.8738172838133661 1.0
6.0 0.0 Car -1.0 -1.0 -1.0 -1.0 -1.0 -1.0 -1.0 2.244 2.438 5.649 1965.371 1.114 1051.234 0.9362166181300797 1.0
7.0 0.0 Car -1.0 -1.0 -1.0 -1.0 -1.0 -1.0 -1.0 2.244 2.438 5.649 1967.321 1.111 1054.407 0.9872706601762496 1.0
8.0 0.0 Car -1.0 -1.0 -1.0 -1.0 -1.0 -1.0 -1.0 2.244 2.438 5.649 1969.296 1.107 1058.047 1.0440210519593123 1.0
9.0 0.0 Car -1.0 -1.0 -1.0 -1.0 -1.0 -1.0 -1.0 2.244 2.438 5.649 1971.639 1.129 1062.075 1.0440210519593123 1.0
10.0 0.0 Car -1.0 -1.0 -1.0 -1.0 -1.0 -1.0 -1.0 2.244 2.438 5.649 1974.192 1.254 1066.557 1.0440210519593123 1.0
11.0 0.0 Car -1.0 -1.0 -1.0 -1.0 -1.0 -1.0 -1.0 2.244 2.438 5.649 1976.747 1.38 1071.043 1.0440210519593123 1.0
12.0 0.0 Car -1.0 -1.0 -1.0 -1.0 -1.0 -1.0 -1.0 2.244 2.438 5.649 1979.163 1.431 1075.289 1.0440210519593123 1.0
13.0 0.0 Car -1.0 -1.0 -1.0 -1.0 -1.0 -1.0 -1.0 2.244 2.438 5.649 1981.774 1.465 1079.871 1.0440210519593123 1.0
14.0 0.0 Car -1.0 -1.0 -1.0 -1.0 -1.0 -1.0 -1.0 2.244 2.438 5.649 1984.406 1.486 1084.49 1.0440210519593123 1.0
15.0 0.0 Car -1.0 -1.0 -1.0 -1.0 -1.0 -1.0 -1.0 2.244 2.438 5.649 1987.294 1.508 1089.244 1.0315504652902197 1.0
15.0 1.0 Car -1.0 -1.0 -1.0 -1.0 -1.0 -1.0 -1.0 2.116 2.0 4.851 2000.792 0.645 1006.883 2.6040836038515156 0.0
16.0 0.0 Car -1.0 -1.0 -1.0 -1.0 -1.0 -1.0 -1.0 2.244 2.438 5.649 1990.18 1.529 1093.995 1.0190845171412997 1.0
16.0 1.0 Car -1.0 -1.0 -1.0 -1.0 -1.0 -1.0 -1.0 2.116 2.0 4.851 1995.828 0.597 1009.695 2.5866303113315725 1.0
17.0 0.0 Car -1.0 -1.0 -1.0 -1.0 -1.0 -1.0 -1.0 2.244 2.438 5.649 1992.489 1.546 1097.795 1.0091144669194256 0.0
17.0 1.0 Car -1.0 -1.0 -1.0 -1.0 -1.0 -1.0 -1.0 2.116 2.0 4.851 1991.244 0.558 1012.323 2.5866303113315725 1.0
18.0 0.0 Car -1.0 -1.0 -1.0 -1.0 -1.0 -1.0 -1.0 2.244 2.438 5.649 1995.62 1.568 1102.807 1.0091144669194256 0.0
18.0 1.0 Car -1.0 -1.0 -1.0 -1.0 -1.0 -1.0 -1.0 2.116 2.0 4.851 1985.514 0.51 1015.61 2.5866303113315725 1.0
19.0 0.0 Car -1.0 -1.0 -1.0 -1.0 -1.0 -1.0 -1.0 2.244 2.438 5.649 1998.754 1.589 1107.824 1.0091144669194256 0.0
19.0 1.0 Car -1.0 -1.0 -1.0 -1.0 -1.0 -1.0 -1.0 2.116 2.0 4.851 1979.913 0.49 1019.121 2.5866303113315725 1.0
20.0 0.0 Car -1.0 -1.0 -1.0 -1.0 -1.0 -1.0 -1.0 2.244 2.438 5.649 2001.884 1.611 1112.835 1.0091144669194256 0.0
20.0 1.0 Car -1.0 -1.0 -1.0 -1.0 -1.0 -1.0 -1.0 2.116 2.0 4.851 1974.32 0.469 1022.628 2.5866303113315725 1.0
21.0 0.0 Car -1.0 -1.0 -1.0 -1.0 -1.0 -1.0 -1.0 2.244 2.438 5.649 2005.015 1.632 1117.846 1.0091144669194256 0.0
21.0 1.0 Car -1.0 -1.0 -1.0 -1.0 -1.0 -1.0 -1.0 2.116 2.0 4.851 1968.726 0.449 1026.135 2.5866303113315725 1.0
22.0 0.0 Car -1.0 -1.0 -1.0 -1.0 -1.0 -1.0 -1.0 2.244 2.438 5.649 2008.168 1.749 1123.106 1.0091144669194256 0.0
22.0 1.0 Car -1.0 -1.0 -1.0 -1.0 -1.0 -1.0 -1.0 2.116 2.0 4.851 1964.246 0.432 1028.944 2.5866303113315725 1.0
23.0 0.0 Car -1.0 -1.0 -1.0 -1.0 -1.0 -1.0 -1.0 2.244 2.438 5.649 2011.345 1.896 1128.463 1.0091144669194256 0.0
23.0 1.0 Car -1.0 -1.0 -1.0 -1.0 -1.0 -1.0 -1.0 2.116 2.0 4.851 1958.646 0.412 1032.455 2.5866303113315725 1.0
24.0 0.0 Car -1.0 -1.0 -1.0 -1.0 -1.0 -1.0 -1.0 2.244 2.438 5.649 2014.517 1.942 1133.815 1.0091144669194256 0.0
24.0 1.0 Car -1.0 -1.0 -1.0 -1.0 -1.0 -1.0 -1.0 2.116 2.0 4.851 1953.053 0.459 1035.962 2.5866303113315725 0.0
25.0 0.0 Car -1.0 -1.0 -1.0 -1.0 -1.0 -1.0 -1.0 2.244 2.438 5.649 2017.528 1.989 1138.909 1.0091144669194256 0.0
25.0 1.0 Car -1.0 -1.0 -1.0 -1.0 -1.0 -1.0 -1.0 2.116 2.0 4.851 1947.453 0.509 1039.473 2.5866303113315725 0.0
26.0 0.0 Car -1.0 -1.0 -1.0 -1.0 -1.0 -1.0 -1.0 2.244 2.438 5.649 2020.487 2.035 1143.922 1.0091144669194256 0.0
26.0 1.0 Car -1.0 -1.0 -1.0 -1.0 -1.0 -1.0 -1.0 2.116 2.0 4.851 1941.881 0.559 1042.966 2.5866303113315725 0.0
27.0 0.0 Car -1.0 -1.0 -1.0 -1.0 -1.0 -1.0 -1.0 2.244 2.438 5.649 2023.446 2.081 1148.934 1.0091144669194256 0.0
27.0 1.0 Car -1.0 -1.0 -1.0 -1.0 -1.0 -1.0 -1.0 2.116 2.0 4.851 1936.309 0.609 1046.46 2.5866303113315725 0.0
28.0 0.0 Car -1.0 -1.0 -1.0 -1.0 -1.0 -1.0 -1.0 2.244 2.438 5.649 2027.088 2.137 1154.875 1.0091144669194256 0.0
28.0 1.0 Car -1.0 -1.0 -1.0 -1.0 -1.0 -1.0 -1.0 2.116 2.0 4.851 1929.836 0.659 1050.575 2.5866303113315725 0.0
29.0 1.0 Car -1.0 -1.0 -1.0 -1.0 -1.0 -1.0 -1.0 2.116 2.0 4.851 1924.438 0.7 1054.006 2.5866303113315725 0.0
30.0 1.0 Car -1.0 -1.0 -1.0 -1.0 -1.0 -1.0 -1.0 2.116 2.0 4.851 1920.121 0.734 1056.751 2.5866303113315725 0.0
31.0 1.0 Car -1.0 -1.0 -1.0 -1.0 -1.0 -1.0 -1.0 2.116 2.0 4.851 1915.266 0.771 1059.837 2.5866303113315725 0.0
32.0 1.0 Car -1.0 -1.0 -1.0 -1.0 -1.0 -1.0 -1.0 2.116 2.0 4.851 1909.867 0.813 1063.269 2.5866303113315725 0.0
33.0 1.0 Car -1.0 -1.0 -1.0 -1.0 -1.0 -1.0 -1.0 2.116 2.0 4.851 1903.932 0.858 1067.042 2.5866303113315725 0.0
34.0 1.0 Car -1.0 -1.0 -1.0 -1.0 -1.0 -1.0 -1.0 2.116 2.0 4.851 1899.071 0.846 1070.132 2.5866303113315725 0.0
35.0 1.0 Car -1.0 -1.0 -1.0 -1.0 -1.0 -1.0 -1.0 2.116 2.0 4.851 1893.975 0.932 1073.102 2.5866303113315725 0.0
