0.0 0.0 Car -1.0 -1.0 -1.0 -1.0 -1.0 -1.0 -1.0 1.994 1.519 4.281 788.598 1.953 2291.106 0.9540318755346606 0.0
0.0 2.0 Car -1.0 -1.0 -1.0 -1.0 -1.0 -1.0 -1.0 1.982 1.444 4.166 814.596 0.685 2323.938 0.9813814251436134 0.0
1.0 0.0 Car -1.0 -1.0 -1.0 -1.0 -1.0 -1.0 -1.0 1.994 1.519 4.281 792.466 1.953 2296.455 0.9540318755346606 1.0
1.0 2.0 Car -1.0 -1.0 -1.0 -1.0 -1.0 -1.0 -1.0 1.982 1.444 4.166 819.256 0.616 2331.141 0.9930169534902421 1.0
2.0 0.0 Car -1.0 -1.0 -1.0 -1.0 -1.0 -1.0 -1.0 1.994 1.519 4.281 796.443 1.953 2302.015 0.9540318755346606 1.0
2.0 2.0 Car -1.0 -1.0 -1.0 -1.0 -1.0 -1.0 -1.0 1.982 1.444 4.166 824.183 0.547 2338.754 1.0046524818368712 1.0
3.0 0.0 Car -1.0 -1.0 -1.0 -1.0 -1.0 -1.0 -1.0 1.994 1.519 4.281 800.477 1.916 2307.86 0.9583951986646463 1.0
3.0 2.0 Car -1.0 -1.0 -1.0 -1.0 -1.0 -1.0 -1.0 1.982 1.444 4.166 829.075 0.478 2346.317 1.0162880101835 1.0
4.0 0.0 Car -1.0 -1.0 -1.0 -1.0 -1.0 -1.0 -1.0 1.994 1.519 4.281 804.51 1.878 2313.705 0.9627585217946324 1.0
4.0 2.0 Car -1.0 -1.0 -1.0 -1.0 -1.0 -1.0 -1.0 1.982 1.444 4.166 834.103 0.436 2354.187 1.0093066931755228 1.0
5.0 0.0 Car -1.0 -1.0 -1.0 -1.0 -1.0 -1.0 -1.0 1.994 1.519 4.281 808.544 1.841 2319.55 0.9671218449246182 1.0
5.0 2.0 Car -1.0 -1.0 -1.0 -1.0 -1.0 -1.0 -1.0 1.982 1.444 4.166 839.039 0.395 2361.971 1.0023253761675455 1.0
6.0 0.0 Car -1.0 -1.0 -1.0 -1.0 -1.0 -1.0 -1.0 1.994 1.519 4.281 812.578 1.803 2325.394 0.9714851680546038 1.0
6.0 2.0 Car -1.0 -1.0 -1.0 -1.0 -1.0 -1.0 -1.0 1.982 1.444 4.166 844.024 0.353 2369.688 0.995344059159568 1.0
7.0 0.0 Car -1.0 -1.0 -1.0 -1.0 -1.0 -1.0 -1.0 1.994 1.519 4.281 817.06 1.766 2331.789 0.9714851680546038 1.0
7.0 2.0 Car -1.0 -1.0 -1.0 -1.0 -1.0 -1.0 -1.0 1.982 1.444 4.166 848.881 0.312 2377.263 1.005816034671534 1.0
8.0 0.0 Car -1.0 -1.0 -1.0 -1.0 -1.0 -1.0 -1.0 1.994 1.519 4.281 820.853 1.728 2337.335 0.9714851680546038 1.0
8.0 2.0 Car -1.0 -1.0 -1.0 -1.0 -1.0 -1.0 -1.0 1.982 1.444 4.166 853.682 0.287 2384.639 0.9813814251436134 1.0
9.0 0.0 Car -1.0 -1.0 -1.0 -1.0 -1.0 -1.0 -1.0 1.994 1.519 4.281 824.647 1.691 2342.88 0.9714851680546038 1.0
9.0 2.0 Car -1.0 -1.0 -1.0 -1.0 -1.0 -1.0 -1.0 1.982 1.444 4.166 857.391 0.229 2390.226 0.9813814251436134 1.0
10.0 0.0 Car -1.0 -1.0 -1.0 -1.0 -1.0 -1.0 -1.0 1.994 1.519 4.281 828.482 1.603 2348.432 0.9714851680546038 1.0
10.0 2.0 Car -1.0 -1.0 -1.0 -1.0 -1.0 -1.0 -1.0 1.982 1.444 4.166 862.028 0.229 2397.277 0.9813814251436134 1.0
11.0 0.0 Car -1.0 -1.0 -1.0 -1.0 -1.0 -1.0 -1.0 1.994 1.519 4.281 832.428 1.549 2354.236 0.9714851680546038 1.0
11.0 2.0 Car -1.0 -1.0 -1.0 -1.0 -1.0 -1.0 -1.0 1.982 1.444 4.166 866.491 0.229 2404.157 0.9813814251436134 1.0
12.0 0.0 Car -1.0 -1.0 -1.0 -1.0 -1.0 -1.0 -1.0 1.994 1.519 4.281 836.374 1.495 2360.039 0.9714851680546038 1.0
12.0 2.0 Car -1.0 -1.0 -1.0 -1.0 -1.0 -1.0 -1.0 1.982 1.444 4.166 871.122 0.229 2410.851 0.9813814251436134 1.0
13.0 0.0 Car -1.0 -1.0 -1.0 -1.0 -1.0 -1.0 -1.0 1.994 1.519 4.281 840.545 1.441 2366.171 0.9714851680546038 1.0
13.0 2.0 Car -1.0 -1.0 -1.0 -1.0 -1.0 -1.0 -1.0 1.982 1.444 4.166 875.644 0.13 2417.6 0.9813814251436134 1.0
14.0 0.0 Car -1.0 -1.0 -1.0 -1.0 -1.0 -1.0 -1.0 1.994 1.519 4.281 844.622 1.286 2372.01 0.9714851680546038 1.0
14.0 2.0 Car -1.0 -1.0 -1.0 -1.0 -1.0 -1.0 -1.0 1.982 1.444 4.166 880.157 0.19 2424.278 0.9813814251436134 1.0
15.0 0.0 Car -1.0 -1.0 -1.0 -1.0 -1.0 -1.0 -1.0 1.994 1.519 4.281 848.619 1.282 2377.94 0.9714851680546038 1.0
15.0 2.0 Car -1.0 -1.0 -1.0 -1.0 -1.0 -1.0 -1.0 1.982 1.444 4.166 884.755 0.15 2430.973 0.9813814251436134 1.0
16.0 0.0 Car -1.0 -1.0 -1.0 -1.0 -1.0 -1.0 -1.0 1.994 1.519 4.281 852.575 1.278 2383.861 0.9714851680546038 1.0
16.0 2.0 Car -1.0 -1.0 -1.0 -1.0 -1.0 -1.0 -1.0 1.982 1.444 4.166 889.444 0.26 2437.804 0.9813814251436134 1.0
17.0 0.0 Car -1.0 -1.0 -1.0 -1.0 -1.0 -1.0 -1.0 1.994 1.519 4.281 856.432 1.274 2389.743 0.9714851680546038 1.0
17.0 2.0 Car -1.0 -1.0 -1.0 -1.0 -1.0 -1.0 -1.0 1.982 1.444 4.166 894.247 0.37 2444.668 0.9552014863636983 1.0
18.0 0.0 Car -1.0 -1.0 -1.0 -1.0 -1.0 -1.0 -1.0 1.994 1.519 4.281 860.264 1.22 2395.536 0.9714851680546038 1.0
18.0 2.0 Car -1.0 -1.0 -1.0 -1.0 -1.0 -1.0 -1.0 1.982 1.444 4.166 898.952 0.48 2451.391 0.9639281326236699 1.0
19.0 0.0 Car -1.0 -1.0 -1.0 -1.0 -1.0 -1.0 -1.0 1.994 1.519 4.281 864.119 1.216 2401.206 0.9714851680546038 1.0
19.0 2.0 Car -1.0 -1.0 -1.0 -1.0 -1.0 -1.0 -1.0 1.982 1.444 4.166 903.81 0.64 2458.392 0.9639281326236699 1.0
20.0 0.0 Car -1.0 -1.0 -1.0 -1.0 -1.0 -1.0 -1.0 1.994 1.519 4.281 868.09 1.111 2407.046 0.9714851680546038 1.0
20.0 2.0 Car -1.0 -1.0 -1.0 -1.0 -1.0 -1.0 -1.0 1.982 1.444 4.166 908.614 0.85 2465.431 0.9464748401037266 1.0
21.0 0.0 Car -1.0 -1.0 -1.0 -1.0 -1.0 -1.0 -1.0 1.994 1.519 4.281 872.072 1.156 2412.901 0.9714851680546038 1.0
21.0 2.0 Car -1.0 -1.0 -1.0 -1.0 -1.0 -1.0 -1.0 1.982 1.444 4.166 913.654 1.076 2472.594 0.9464748401037266 1.0
22.0 0.0 Car -1.0 -1.0 -1.0 -1.0 -1.0 -1.0 -1.0 1.994 1.519 4.281 875.912 1.101 2418.496 0.9714851680546038 1.0
22.0 2.0 Car -1.0 -1.0 -1.0 -1.0 -1.0 -1.0 -1.0 1.982 1.444 4.166 918.571 1.302 2479.847 0.9464748401037266 1.0
23.0 0.0 Car -1.0 -1.0 -1.0 -1.0 -1.0 -1.0 -1.0 1.994 1.519 4.281 879.735 1.046 2424.066 0.9714851680546038 1.0
23.0 2.0 Car -1.0 -1.0 -1.0 -1.0 -1.0 -1.0 -1.0 1.982 1.444 4.166 923.488 1.529 2487.1 0.9464748401037266 1.0
24.0 0.0 Car -1.0 -1.0 -1.0 -1.0 -1.0 -1.0 -1.0 1.994 1.519 4.281 883.524 0.89 2429.588 0.9714851680546038 1.0
24.0 2.0 Car -1.0 -1.0 -1.0 -1.0 -1.0 -1.0 -1.0 1.982 1.444 4.166 928.404 1.755 2494.353 0.9464748401037266 1.0
25.0 1.0 Truck -1.0 -1.0 -1.0 -1.0 -1.0 -1.0 -1.0 1.829 2.0 4.79 952.53 2.439 2521.817 -2.172254240452521 0.0
25.0 0.0 Car -1.0 -1.0 -1.0 -1.0 -1.0 -1.0 -1.0 1.994 1.519 4.281 887.364 0.835 2435.183 0.9714851680546038 1.0
25.0 2.0 Car -1.0 -1.0 -1.0 -1.0 -1.0 -1.0 -1.0 1.982 1.444 4.166 933.296 1.801 2501.394 0.9464748401037266 1.0
26.0 1.0 Truck -1.0 -1.0 -1.0 -1.0 -1.0 -1.0 -1.0 1.829 2.0 4.79 948.81 2.252 2516.536 -2.172254240452521 1.0
26.0 0.0 Car -1.0 -1.0 -1.0 -1.0 -1.0 -1.0 -1.0 1.994 1.519 4.281 891.22 0.83 2440.803 0.9714851680546038 1.0
26.0 2.0 Car -1.0 -1.0 -1.0 -1.0 -1.0 -1.0 -1.0 1.982 1.444 4.166 938.187 1.847 2508.436 0.9464748401037266 1.0
27.0 1.0 Truck -1.0 -1.0 -1.0 -1.0 -1.0 -1.0 -1.0 1.829 2.0 4.79 945.147 2.066 2511.337 -2.172254240452521 0.0
27.0 0.0 Car -1.0 -1.0 -1.0 -1.0 -1.0 -1.0 -1.0 1.994 1.519 4.281 894.976 0.725 2446.235 0.9714851680546038 1.0
27.0 2.0 Car -1.0 -1.0 -1.0 -1.0 -1.0 -1.0 -1.0 1.982 1.444 4.166 943.078 1.893 2515.477 0.9464748401037266 1.0
28.0 1.0 Truck -1.0 -1.0 -1.0 -1.0 -1.0 -1.0 -1.0 1.829 2.0 4.79 941.484 1.88 2506.138 -2.172254240452521 0.0
28.0 0.0 Car -1.0 -1.0 -1.0 -1.0 -1.0 -1.0 -1.0 1.994 1.519 4.281 898.798 0.669 2451.765 0.9714851680546038 0.0
28.0 2.0 Car -1.0 -1.0 -1.0 -1.0 -1.0 -1.0 -1.0 1.982 1.444 4.166 947.969 1.939 2522.519 0.9464748401037266 0.0
29.0 1.0 Truck -1.0 -1.0 -1.0 -1.0 -1.0 -1.0 -1.0 1.829 2.0 4.79 937.811 1.618 2500.926 -2.172254240452521 0.0
29.0 0.0 Car -1.0 -1.0 -1.0 -1.0 -1.0 -1.0 -1.0 1.994 1.519 4.281 902.636 0.614 2457.319 0.9714851680546038 0.0
29.0 2.0 Car -1.0 -1.0 -1.0 -1.0 -1.0 -1.0 -1.0 1.982 1.444 4.166 952.86 1.985 2529.56 0.9464748401037266 0.0
30.0 1.0 Truck -1.0 -1.0 -1.0 -1.0 -1.0 -1.0 -1.0 1.829 2.0 4.79 934.165 1.357 2495.695 -2.172254240452521 0.0
30.0 0.0 Car -1.0 -1.0 -1.0 -1.0 -1.0 -1.0 -1.0 1.994 1.519 4.281 906.419 0.559 2462.793 0.9714851680546038 0.0
30.0 2.0 Car -1.0 -1.0 -1.0 -1.0 -1.0 -1.0 -1.0 1.982 1.444 4.166 957.687 2.011 2536.562 0.9464748401037266 0.0
31.0 1.0 Truck -1.0 -1.0 -1.0 -1.0 -1.0 -1.0 -1.0 1.829 2.0 4.79 930.647 1.146 2490.416 -2.172254240452521 0.0
31.0 0.0 Car -1.0 -1.0 -1.0 -1.0 -1.0 -1.0 -1.0 1.994 1.519 4.281 910.416 0.551 2468.516 0.9714851680546038 0.0
31.0 2.0 Car -1.0 -1.0 -1.0 -1.0 -1.0 -1.0 -1.0 1.982 1.444 4.166 962.169 1.928 2543.188 0.9464748401037266 0.0
32.0 1.0 Truck -1.0 -1.0 -1.0 -1.0 -1.0 -1.0 -1.0 1.829 2.0 4.79 927.036 0.985 2485.002 -2.172254240452521 0.0
32.0 0.0 Car -1.0 -1.0 -1.0 -1.0 -1.0 -1.0 -1.0 1.994 1.519 4.281 914.38 0.542 2474.191 0.9714851680546038 0.0
32.0 2.0 Car -1.0 -1.0 -1.0 -1.0 -1.0 -1.0 -1.0 1.982 1.444 4.166 966.652 1.846 2549.815 0.9464748401037266 0.0
33.0 1.0 Truck -1.0 -1.0 -1.0 -1.0 -1.0 -1.0 -1.0 1.829 2.0 4.79 923.41 0.823 2479.544 -2.172254240452521 0.0
33.0 0.0 Car -1.0 -1.0 -1.0 -1.0 -1.0 -1.0 -1.0 1.994 1.519 4.281 918.435 0.534 2479.999 0.9714851680546038 0.0
33.0 2.0 Car -1.0 -1.0 -1.0 -1.0 -1.0 -1.0 -1.0 1.982 1.444 4.166 971.134 1.763 2556.441 0.9464748401037266 0.0
34.0 1.0 Truck -1.0 -1.0 -1.0 -1.0 -1.0 -1.0 -1.0 1.829 2.0 4.79 919.855 0.661 2474.259 -2.172254240452521 0.0
34.0 0.0 Car -1.0 -1.0 -1.0 -1.0 -1.0 -1.0 -1.0 1.994 1.519 4.281 922.506 0.526 2485.832 0.9714851680546038 0.0
34.0 2.0 Car -1.0 -1.0 -1.0 -1.0 -1.0 -1.0 -1.0 1.982 1.444 4.166 975.617 1.68 2563.068 0.9464748401037266 0.0
35.0 1.0 Truck -1.0 -1.0 -1.0 -1.0 -1.0 -1.0 -1.0 1.829 2.0 4.79 916.126 0.449 2468.853 -2.172254240452521 0.0
35.0 0.0 Car -1.0 -1.0 -1.0 -1.0 -1.0 -1.0 -1.0 1.994 1.519 4.281 926.549 0.518 2491.622 0.9714851680546038 0.0
35.0 2.0 Car -1.0 -1.0 -1.0 -1.0 -1.0 -1.0 -1.0 1.982 1.444 4.166 980.099 1.598 2569.694 0.9464748401037266 0.0
36.0 1.0 Truck -1.0 -1.0 -1.0 -1.0 -1.0 -1.0 -1.0 1.829 2.0 4.79 912.175 0.337 2463.121 -2.172254240452521 0.0
36.0 0.0 Car -1.0 -1.0 -1.0 -1.0 -1.0 -1.0 -1.0 1.994 1.519 4.281 930.436 0.535 2497.224 0.9714851680546038 0.0
36.0 2.0 Car -1.0 -1.0 -1.0 -1.0 -1.0 -1.0 -1.0 1.982 1.444 4.166 984.133 1.482 2575.743 0.9464748401037266 0.0
37.0 1.0 Truck -1.0 -1.0 -1.0 -1.0 -1.0 -1.0 -1.0 1.829 2.0 4.79 908.557 0.225 2457.758 -2.172254240452521 0.0
37.0 0.0 Car -1.0 -1.0 -1.0 -1.0 -1.0 -1.0 -1.0 1.994 1.519 4.281 934.357 0.551 2502.875 0.9714851680546038 0.0
37.0 2.0 Car -1.0 -1.0 -1.0 -1.0 -1.0 -1.0 -1.0 1.982 1.444 4.166 988.167 1.367 2581.791 0.9464748401037266 0.0
38.0 1.0 Truck -1.0 -1.0 -1.0 -1.0 -1.0 -1.0 -1.0 1.829 2.0 4.79 904.939 0.263 2452.396 -2.172254240452521 0.0
38.0 0.0 Car -1.0 -1.0 -1.0 -1.0 -1.0 -1.0 -1.0 1.994 1.519 4.281 938.211 0.568 2508.429 0.9714851680546038 0.0
38.0 2.0 Car -1.0 -1.0 -1.0 -1.0 -1.0 -1.0 -1.0 1.982 1.444 4.166 992.202 1.252 2587.84 0.9464748401037266 0.0
39.0 0.0 Car -1.0 -1.0 -1.0 -1.0 -1.0 -1.0 -1.0 1.994 1.519 4.281 942.031 0.585 2513.933 0.9714851680546038 0.0
39.0 2.0 Car -1.0 -1.0 -1.0 -1.0 -1.0 -1.0 -1.0 1.982 1.444 4.166 996.236 1.137 2593.888 0.9464748401037266 0.0
