0.0 0.0 Car -1.0 -1.0 -1.0 -1.0 -1.0 -1.0 -1.0 1.763 1.487 4.113 800.051 1.389 527.352 2.4430961789794354 0.0
0.0 1.0 Car -1.0 -1.0 -1.0 -1.0 -1.0 -1.0 -1.0 2.046 1.861 4.595 687.319 1.139 620.988 -0.7299483020751155 0.0
1.0 0.0 Car -1.0 -1.0 -1.0 -1.0 -1.0 -1.0 -1.0 1.763 1.487 4.113 795.27 1.321 531.202 2.4430961789794354 0.0
1.0 1.0 Car -1.0 -1.0 -1.0 -1.0 -1.0 -1.0 -1.0 2.046 1.861 4.595 690.037 1.193 618.651 -0.7353979709862095 0.0
2.0 0.0 Car -1.0 -1.0 -1.0 -1.0 -1.0 -1.0 -1.0 1.763 1.487 4.113 791.751 1.254 534.325 2.4430961789794354 0.0
2.0 1.0 Car -1.0 -1.0 -1.0 -1.0 -1.0 -1.0 -1.0 2.046 1.861 4.595 692.748 1.173 616.239 -0.7353979709862095 0.0
3.0 0.0 Car -1.0 -1.0 -1.0 -1.0 -1.0 -1.0 -1.0 1.763 1.487 4.113 788.351 1.236 537.459 2.4430961789794354 1.0
3.0 1.0 Car -1.0 -1.0 -1.0 -1.0 -1.0 -1.0 -1.0 2.046 1.861 4.595 695.459 1.153 613.827 -0.7353979709862095 1.0
4.0 0.0 Car -1.0 -1.0 -1.0 -1.0 -1.0 -1.0 -1.0 1.763 1.487 4.113 783.506 1.168 541.733 2.4430961789794354 1.0
4.0 1.0 Car -1.0 -1.0 -1.0 -1.0 -1.0 -1.0 -1.0 2.046 1.861 4.595 698.176 1.078 611.418 -0.730104652592491 1.0
5.0 0.0 Car -1.0 -1.0 -1.0 -1.0 -1.0 -1.0 -1.0 1.763 1.487 4.113 777.694 1.147 547.169 2.408189593939549 1.0
5.0 1.0 Car -1.0 -1.0 -1.0 -1.0 -1.0 -1.0 -1.0 2.046 1.861 4.595 701.432 0.988 608.531 -0.7237586277191901 1.0
6.0 0.0 Car -1.0 -1.0 -1.0 -1.0 -1.0 -1.0 -1.0 1.763 1.487 4.113 772.459 1.127 552.174 2.408189593939549 1.0
6.0 1.0 Car -1.0 -1.0 -1.0 -1.0 -1.0 -1.0 -1.0 2.046 1.861 4.595 704.415 0.905 605.885 -0.7179446784662664 1.0
7.0 0.0 Car -1.0 -1.0 -1.0 -1.0 -1.0 -1.0 -1.0 1.763 1.487 4.113 768.521 1.029 555.958 2.425642886459492 1.0
7.0 1.0 Car -1.0 -1.0 -1.0 -1.0 -1.0 -1.0 -1.0 2.046 1.861 4.595 706.648 0.886 603.941 -0.7233583571989651 1.0
8.0 0.0 Car -1.0 -1.0 -1.0 -1.0 -1.0 -1.0 -1.0 1.763 1.487 4.113 763.646 1.032 560.554 2.425642886459492 1.0
8.0 1.0 Car -1.0 -1.0 -1.0 -1.0 -1.0 -1.0 -1.0 2.046 1.861 4.595 709.13 0.865 601.78 -0.7293780918369853 1.0
9.0 0.0 Car -1.0 -1.0 -1.0 -1.0 -1.0 -1.0 -1.0 1.763 1.487 4.113 758.623 1.034 564.981 2.425642886459492 1.0
9.0 1.0 Car -1.0 -1.0 -1.0 -1.0 -1.0 -1.0 -1.0 2.046 1.861 4.595 711.613 0.843 599.618 -0.7353979709862095 1.0
10.0 0.0 Car -1.0 -1.0 -1.0 -1.0 -1.0 -1.0 -1.0 1.763 1.487 4.113 754.931 0.986 568.361 2.425642886459492 1.0
10.0 1.0 Car -1.0 -1.0 -1.0 -1.0 -1.0 -1.0 -1.0 2.046 1.861 4.595 714.092 0.864 597.445 -0.726671795539521 1.0
11.0 0.0 Car -1.0 -1.0 -1.0 -1.0 -1.0 -1.0 -1.0 1.763 1.487 4.113 749.942 0.939 572.494 2.425642886459492 1.0
11.0 1.0 Car -1.0 -1.0 -1.0 -1.0 -1.0 -1.0 -1.0 2.046 1.861 4.595 716.572 0.885 595.272 -0.7179446784662664 1.0
12.0 0.0 Car -1.0 -1.0 -1.0 -1.0 -1.0 -1.0 -1.0 1.763 1.487 4.113 744.588 0.886 576.925 2.425642886459492 0.0
12.0 1.0 Car -1.0 -1.0 -1.0 -1.0 -1.0 -1.0 -1.0 2.046 1.861 4.595 719.137 0.907 593.023 -0.7217877037909534 1.0
13.0 0.0 Car -1.0 -1.0 -1.0 -1.0 -1.0 -1.0 -1.0 1.763 1.487 4.113 739.706 0.839 580.966 2.4605494714993785 0.0
13.0 1.0 Car -1.0 -1.0 -1.0 -1.0 -1.0 -1.0 -1.0 2.046 1.861 4.595 721.465 0.883 590.983 -0.7252762282694936 1.0
14.0 0.0 Car -1.0 -1.0 -1.0 -1.0 -1.0 -1.0 -1.0 1.763 1.487 4.113 734.819 0.741 585.011 2.4605494714993785 0.0
14.0 1.0 Car -1.0 -1.0 -1.0 -1.0 -1.0 -1.0 -1.0 2.046 1.861 4.595 723.796 0.859 588.94 -0.7287683815682864 1.0
15.0 0.0 Car -1.0 -1.0 -1.0 -1.0 -1.0 -1.0 -1.0 1.763 1.487 4.113 730.385 0.704 588.68 2.4605494714993785 0.0
15.0 1.0 Car -1.0 -1.0 -1.0 -1.0 -1.0 -1.0 -1.0 2.046 1.861 4.595 725.89 0.838 587.104 -0.7319056153109029 0.0
16.0 0.0 Car -1.0 -1.0 -1.0 -1.0 -1.0 -1.0 -1.0 1.763 1.487 4.113 725.431 0.712 592.743 2.4605494714993785 0.0
16.0 1.0 Car -1.0 -1.0 -1.0 -1.0 -1.0 -1.0 -1.0 2.046 1.861 4.595 728.221 0.814 585.061 -0.7353979709862095 0.0
17.0 0.0 Car -1.0 -1.0 -1.0 -1.0 -1.0 -1.0 -1.0 1.763 1.487 4.113 720.095 0.721 597.12 2.4605494714993785 0.0
17.0 1.0 Car -1.0 -1.0 -1.0 -1.0 -1.0 -1.0 -1.0 2.046 1.861 4.595 730.64 0.842 582.941 -0.7316309942622888 1.0
18.0 0.0 Car -1.0 -1.0 -1.0 -1.0 -1.0 -1.0 -1.0 1.763 1.487 4.113 715.336 0.679 601.207 2.425642886459492 0.0
18.0 1.0 Car -1.0 -1.0 -1.0 -1.0 -1.0 -1.0 -1.0 2.046 1.861 4.595 732.838 0.867 581.014 -0.7282085046961196 1.0
19.0 0.0 Car -1.0 -1.0 -1.0 -1.0 -1.0 -1.0 -1.0 1.763 1.487 4.113 710.386 0.637 605.461 2.425642886459492 0.0
19.0 1.0 Car -1.0 -1.0 -1.0 -1.0 -1.0 -1.0 -1.0 2.046 1.861 4.595 735.036 0.893 579.087 -0.7247859808962223 1.0
20.0 0.0 Car -1.0 -1.0 -1.0 -1.0 -1.0 -1.0 -1.0 1.763 1.487 4.113 705.392 0.595 609.826 2.408189593939549 0.0
20.0 1.0 Car -1.0 -1.0 -1.0 -1.0 -1.0 -1.0 -1.0 2.046 1.861 4.595 737.231 0.918 577.163 -0.7213672638868743 1.0
21.0 0.0 Car -1.0 -1.0 -1.0 -1.0 -1.0 -1.0 -1.0 1.763 1.487 4.113 700.373 0.553 614.216 2.408189593939549 0.0
21.0 1.0 Car -1.0 -1.0 -1.0 -1.0 -1.0 -1.0 -1.0 2.046 1.861 4.595 739.428 0.943 575.236 -0.7179446784662664 1.0
22.0 0.0 Car -1.0 -1.0 -1.0 -1.0 -1.0 -1.0 -1.0 1.763 1.487 4.113 694.464 0.711 619.406 2.408189593939549 0.0
22.0 1.0 Car -1.0 -1.0 -1.0 -1.0 -1.0 -1.0 -1.0 2.046 1.861 4.595 741.423 0.932 573.495 -0.7179446784662664 1.0
23.0 0.0 Car -1.0 -1.0 -1.0 -1.0 -1.0 -1.0 -1.0 1.763 1.487 4.113 688.794 0.869 624.382 2.408189593939549 0.0
23.0 1.0 Car -1.0 -1.0 -1.0 -1.0 -1.0 -1.0 -1.0 2.046 1.861 4.595 743.415 0.922 571.756 -0.7179446784662664 1.0
24.0 1.0 Car -1.0 -1.0 -1.0 -1.0 -1.0 -1.0 -1.0 2.046 1.861 4.595 745.41 0.911 570.015 -0.7179446784662664 0.0
25.0 1.0 Car -1.0 -1.0 -1.0 -1.0 -1.0 -1.0 -1.0 2.046 1.861 4.595 747.491 0.946 568.208 -0.7179446784662664 0.0
26.0 1.0 Car -1.0 -1.0 -1.0 -1.0 -1.0 -1.0 -1.0 2.046 1.861 4.595 749.226 0.975 566.702 -0.7179446784662664 0.0
27.0 1.0 Car -1.0 -1.0 -1.0 -1.0 -1.0 -1.0 -1.0 2.046 1.861 4.595 751.05 0.971 565.143 -0.7144511533039415 0.0
28.0 1.0 Car -1.0 -1.0 -1.0 -1.0 -1.0 -1.0 -1.0 2.046 1.861 4.595 752.873 0.967 563.585 -0.7109610351783141 0.0
29.0 1.0 Car -1.0 -1.0 -1.0 -1.0 -1.0 -1.0 -1.0 2.046 1.861 4.595 754.698 0.963 562.025 -0.7074671958425233 0.0
30.0 1.0 Car -1.0 -1.0 -1.0 -1.0 -1.0 -1.0 -1.0 2.046 1.861 4.595 756.518 0.959 560.469 -0.7039811759352194 0.0
31.0 1.0 Car -1.0 -1.0 -1.0 -1.0 -1.0 -1.0 -1.0 2.046 1.861 4.595 758.341 0.955 558.912 -0.7004913859463233 0.0
32.0 1.0 Car -1.0 -1.0 -1.0 -1.0 -1.0 -1.0 -1.0 2.046 1.861 4.595 760.319 0.951 557.235 -0.6968591753913883 0.0
33.0 1.0 Car -1.0 -1.0 -1.0 -1.0 -1.0 -1.0 -1.0 2.046 1.861 4.595 761.901 0.948 555.894 -0.6939549403697978 0.0
34.0 1.0 Car -1.0 -1.0 -1.0 -1.0 -1.0 -1.0 -1.0 2.046 1.861 4.595 763.882 0.944 554.214 -0.6903185761897861 0.0
35.0 1.0 Car -1.0 -1.0 -1.0 -1.0 -1.0 -1.0 -1.0 2.046 1.861 4.595 765.865 0.94 552.534 -0.6866782911622855 0.0
