0.0 1.0 Car -1.0 -1.0 -1.0 -1.0 -1.0 -1.0 -1.0 1.998 1.885 4.536 1321.997 1.124 879.883 -0.7137288880261754 0.0
1.0 1.0 Car -1.0 -1.0 -1.0 -1.0 -1.0 -1.0 -1.0 1.998 1.885 4.536 1323.464 1.124 878.607 -0.7088172963818287 1.0
1.0 3.0 Car -1.0 -1.0 -1.0 -1.0 -1.0 -1.0 -1.0 2.323 2.0 5.371 1358.86 0.777 869.704 -2.310510351274046 0.0
2.0 1.0 Car -1.0 -1.0 -1.0 -1.0 -1.0 -1.0 -1.0 1.998 1.885 4.536 1324.806 1.124 877.452 -0.7038632028837076 1.0
2.0 3.0 Car -1.0 -1.0 -1.0 -1.0 -1.0 -1.0 -1.0 2.323 2.0 5.371 1358.034 0.822 868.819 -2.367527047288681 1.0
3.0 1.0 Car -1.0 -1.0 -1.0 -1.0 -1.0 -1.0 -1.0 1.998 1.885 4.536 1326.003 1.124 876.471 -0.7038632028837076 1.0
3.0 3.0 Car -1.0 -1.0 -1.0 -1.0 -1.0 -1.0 -1.0 2.323 2.0 5.371 1357.156 0.868 867.981 -2.4246692106485814 1.0
4.0 1.0 Car -1.0 -1.0 -1.0 -1.0 -1.0 -1.0 -1.0 1.998 1.885 4.536 1327.197 1.124 875.491 -0.7038632028837076 1.0
4.0 3.0 Car -1.0 -1.0 -1.0 -1.0 -1.0 -1.0 -1.0 2.323 2.0 5.371 1356.013 0.888 867.239 -2.464283694751208 1.0
5.0 0.0 Truck -1.0 -1.0 -1.0 -1.0 -1.0 -1.0 -1.0 3.062 3.931 5.578 1404.314 1.963 852.584 -3.0820071133091105 0.0
5.0 1.0 Car -1.0 -1.0 -1.0 -1.0 -1.0 -1.0 -1.0 1.998 1.885 4.536 1328.194 1.124 874.639 -0.7038632028837076 1.0
5.0 3.0 Car -1.0 -1.0 -1.0 -1.0 -1.0 -1.0 -1.0 2.323 2.0 5.371 1354.841 0.909 866.544 -2.50390316620915 1.0
6.0 0.0 Truck -1.0 -1.0 -1.0 -1.0 -1.0 -1.0 -1.0 3.062 3.931 5.578 1400.177 2.038 852.276 -3.0820071133091105 1.0
6.0 1.0 Car -1.0 -1.0 -1.0 -1.0 -1.0 -1.0 -1.0 1.998 1.885 4.536 1329.045 1.131 873.934 -0.6980436166575993 1.0
6.0 3.0 Car -1.0 -1.0 -1.0 -1.0 -1.0 -1.0 -1.0 2.323 2.0 5.371 1353.476 0.954 865.91 -2.6608256299831137 1.0
7.0 0.0 Truck -1.0 -1.0 -1.0 -1.0 -1.0 -1.0 -1.0 3.062 3.931 5.578 1396.04 2.113 851.968 -3.0820071133091105 0.0
7.0 1.0 Car -1.0 -1.0 -1.0 -1.0 -1.0 -1.0 -1.0 1.998 1.885 4.536 1329.896 1.138 873.228 -0.692223518706026 1.0
7.0 3.0 Car -1.0 -1.0 -1.0 -1.0 -1.0 -1.0 -1.0 2.323 2.0 5.371 1352.028 0.9 865.497 -2.8177618921987007 1.0
8.0 0.0 Truck -1.0 -1.0 -1.0 -1.0 -1.0 -1.0 -1.0 3.062 3.931 5.578 1391.907 2.113 851.66 -3.0820071133091105 1.0
8.0 1.0 Car -1.0 -1.0 -1.0 -1.0 -1.0 -1.0 -1.0 1.998 1.885 4.536 1330.746 1.145 872.523 -0.6864099103637646 1.0
8.0 3.0 Car -1.0 -1.0 -1.0 -1.0 -1.0 -1.0 -1.0 2.323 2.0 5.371 1350.383 0.945 865.393 -3.071035570162723 1.0
9.0 0.0 Truck -1.0 -1.0 -1.0 -1.0 -1.0 -1.0 -1.0 3.062 3.931 5.578 1386.601 2.113 851.36 -3.0820071133091105 1.0
9.0 1.0 Car -1.0 -1.0 -1.0 -1.0 -1.0 -1.0 -1.0 1.998 1.885 4.536 1331.395 1.131 871.99 -0.6805964143123648 0.0
9.0 3.0 Car -1.0 -1.0 -1.0 -1.0 -1.0 -1.0 -1.0 2.323 2.0 5.371 1348.687 0.991 865.489 2.958873019008695 1.0
10.0 0.0 Truck -1.0 -1.0 -1.0 -1.0 -1.0 -1.0 -1.0 3.062 3.931 5.578 1382.592 2.113 851.136 -3.0820071133091105 1.0
10.0 1.0 Car -1.0 -1.0 -1.0 -1.0 -1.0 -1.0 -1.0 1.998 1.885 4.536 1332.044 1.117 871.456 -0.6747764637441733 0.0
10.0 3.0 Car -1.0 -1.0 -1.0 -1.0 -1.0 -1.0 -1.0 2.323 2.0 5.371 1346.758 1.019 866.109 2.849743586683507 1.0
11.0 0.0 Truck -1.0 -1.0 -1.0 -1.0 -1.0 -1.0 -1.0 3.062 3.931 5.578 1378.563 2.113 850.95 -3.099460405829054 1.0
11.0 1.0 Car -1.0 -1.0 -1.0 -1.0 -1.0 -1.0 -1.0 1.998 1.885 4.536 1332.693 1.104 870.923 -0.6689566178438214 0.0
11.0 3.0 Car -1.0 -1.0 -1.0 -1.0 -1.0 -1.0 -1.0 2.323 2.0 5.371 1344.907 1.047 866.935 2.740616116976697 1.0
12.0 0.0 Truck -1.0 -1.0 -1.0 -1.0 -1.0 -1.0 -1.0 3.062 3.931 5.578 1375.15 2.113 850.884 -3.116913698348997 1.0
12.0 1.0 Car -1.0 -1.0 -1.0 -1.0 -1.0 -1.0 -1.0 1.998 1.885 4.536 1333.123 1.09 870.561 -0.6751883809802188 0.0
12.0 3.0 Car -1.0 -1.0 -1.0 -1.0 -1.0 -1.0 -1.0 2.323 2.0 5.371 1342.674 1.153 868.076 2.6690255308284363 1.0
13.0 0.0 Truck -1.0 -1.0 -1.0 -1.0 -1.0 -1.0 -1.0 3.062 3.931 5.578 1372.642 2.113 850.749 -3.116913698348997 1.0
13.0 1.0 Car -1.0 -1.0 -1.0 -1.0 -1.0 -1.0 -1.0 1.998 1.885 4.536 1333.467 1.079 870.271 -0.6801711331162695 0.0
13.0 3.0 Car -1.0 -1.0 -1.0 -1.0 -1.0 -1.0 -1.0 2.323 2.0 5.371 1341.261 1.058 868.959 2.6175688519202795 1.0
14.0 0.0 Truck -1.0 -1.0 -1.0 -1.0 -1.0 -1.0 -1.0 3.062 3.931 5.578 1370.028 2.113 850.744 3.131365023790703 1.0
14.0 1.0 Car -1.0 -1.0 -1.0 -1.0 -1.0 -1.0 -1.0 1.998 1.885 4.536 1333.898 1.065 869.909 -0.6864099103637646 0.0
14.0 3.0 Car -1.0 -1.0 -1.0 -1.0 -1.0 -1.0 -1.0 2.323 2.0 5.371 1338.803 1.087 870.512 2.5369745788009315 1.0
15.0 0.0 Truck -1.0 -1.0 -1.0 -1.0 -1.0 -1.0 -1.0 3.062 3.931 5.578 1367.416 2.113 850.739 3.1139117312707594 1.0
15.0 1.0 Car -1.0 -1.0 -1.0 -1.0 -1.0 -1.0 -1.0 1.998 1.885 4.536 1333.975 1.062 869.854 -0.6864099103637646 0.0
15.0 3.0 Car -1.0 -1.0 -1.0 -1.0 -1.0 -1.0 -1.0 2.323 2.0 5.371 1336.438 1.117 872.435 2.4461836664230088 1.0
16.0 0.0 Truck -1.0 -1.0 -1.0 -1.0 -1.0 -1.0 -1.0 3.062 3.931 5.578 1365.34 2.113 850.769 3.0964584387508163 1.0
16.0 1.0 Car -1.0 -1.0 -1.0 -1.0 -1.0 -1.0 -1.0 1.998 1.885 4.536 1334.052 1.059 869.799 -0.6864099103637646 0.0
16.0 3.0 Car -1.0 -1.0 -1.0 -1.0 -1.0 -1.0 -1.0 2.323 2.0 5.371 1333.786 1.191 874.588 2.4461836664230088 1.0
17.0 0.0 Truck -1.0 -1.0 -1.0 -1.0 -1.0 -1.0 -1.0 3.062 3.931 5.578 1363.457 2.113 850.795 3.0964584387508163 1.0
17.0 1.0 Car -1.0 -1.0 -1.0 -1.0 -1.0 -1.0 -1.0 1.998 1.885 4.536 1334.129 1.056 869.744 -0.6864099103637646 0.0
17.0 3.0 Car -1.0 -1.0 -1.0 -1.0 -1.0 -1.0 -1.0 2.323 2.0 5.371 1331.135 1.266 876.741 2.4461836664230088 1.0
18.0 0.0 Truck -1.0 -1.0 -1.0 -1.0 -1.0 -1.0 -1.0 3.062 3.931 5.578 1362.153 2.113 850.889 3.079005146230873 1.0
18.0 1.0 Car -1.0 -1.0 -1.0 -1.0 -1.0 -1.0 -1.0 1.998 1.885 4.536 1334.116 1.046 869.749 -0.6805924061060322 0.0
18.0 3.0 Car -1.0 -1.0 -1.0 -1.0 -1.0 -1.0 -1.0 2.323 2.0 5.371 1328.484 1.341 878.894 2.4461836664230088 1.0
19.0 0.0 Truck -1.0 -1.0 -1.0 -1.0 -1.0 -1.0 -1.0 3.062 3.931 5.578 1361.08 2.113 851.011 3.0964584387508163 1.0
19.0 1.0 Car -1.0 -1.0 -1.0 -1.0 -1.0 -1.0 -1.0 1.998 1.885 4.536 1334.103 1.035 869.753 -0.6747745294319433 0.0
19.0 3.0 Car -1.0 -1.0 -1.0 -1.0 -1.0 -1.0 -1.0 2.323 2.0 5.371 1325.664 1.434 881.295 2.4200038061979137 1.0
20.0 0.0 Truck -1.0 -1.0 -1.0 -1.0 -1.0 -1.0 -1.0 3.062 3.931 5.578 1360.314 2.113 851.083 3.1139117312707594 1.0
20.0 1.0 Car -1.0 -1.0 -1.0 -1.0 -1.0 -1.0 -1.0 1.998 1.885 4.536 1334.09 1.025 869.758 -0.6689566178438214 0.0
20.0 3.0 Car -1.0 -1.0 -1.0 -1.0 -1.0 -1.0 -1.0 2.323 2.0 5.371 1322.907 1.528 883.769 2.3938237888631777 1.0
21.0 0.0 Truck -1.0 -1.0 -1.0 -1.0 -1.0 -1.0 -1.0 3.062 3.931 5.578 1359.659 2.113 851.071 3.1139117312707594 1.0
21.0 3.0 Car -1.0 -1.0 -1.0 -1.0 -1.0 -1.0 -1.0 2.323 2.0 5.371 1320.012 1.622 886.436 2.3938237888631786 1.0
22.0 0.0 Truck -1.0 -1.0 -1.0 -1.0 -1.0 -1.0 -1.0 3.062 3.931 5.578 1359.044 2.113 851.057 3.1139117312707594 1.0
22.0 3.0 Car -1.0 -1.0 -1.0 -1.0 -1.0 -1.0 -1.0 2.323 2.0 5.371 1317.254 1.67 889.022 2.3880126819163285 1.0
23.0 0.0 Truck -1.0 -1.0 -1.0 -1.0 -1.0 -1.0 -1.0 3.062 3.931 5.578 1358.234 2.113 851.01 3.1139117312707594 1.0
23.0 3.0 Car -1.0 -1.0 -1.0 -1.0 -1.0 -1.0 -1.0 2.323 2.0 5.371 1314.49 1.719 891.615 2.382188248878042 1.0
24.0 0.0 Truck -1.0 -1.0 -1.0 -1.0 -1.0 -1.0 -1.0 3.062 3.931 5.578 1357.208 2.113 851.196 -3.116913698348997 0.0
24.0 3.0 Car -1.0 -1.0 -1.0 -1.0 -1.0 -1.0 -1.0 2.323 2.0 5.371 1311.728 1.767 894.204 2.3763704963432355 1.0
25.0 0.0 Truck -1.0 -1.0 -1.0 -1.0 -1.0 -1.0 -1.0 3.062 3.931 5.578 1355.823 2.113 851.208 -3.13436699086894 0.0
25.0 2.0 Truck -1.0 -1.0 -1.0 -1.0 -1.0 -1.0 -1.0 2.651 3.213 3.818 1321.628 2.287 819.836 0.8143357223862981 0.0
25.0 3.0 Car -1.0 -1.0 -1.0 -1.0 -1.0 -1.0 -1.0 2.323 2.0 5.371 1309.216 1.816 896.564 2.3799288312339133 1.0
26.0 0.0 Truck -1.0 -1.0 -1.0 -1.0 -1.0 -1.0 -1.0 3.062 3.931 5.578 1354.17 2.113 851.299 -3.116913698348997 0.0
26.0 2.0 Truck -1.0 -1.0 -1.0 -1.0 -1.0 -1.0 -1.0 2.651 3.213 3.818 1323.742 2.287 822.088 0.8143357223862981 1.0
26.0 3.0 Car -1.0 -1.0 -1.0 -1.0 -1.0 -1.0 -1.0 2.323 2.0 5.371 1306.702 1.864 898.927 2.3834912236326287 1.0
27.0 0.0 Truck -1.0 -1.0 -1.0 -1.0 -1.0 -1.0 -1.0 3.062 3.931 5.578 1352.36 2.113 851.356 -3.099460405829054 0.0
27.0 2.0 Truck -1.0 -1.0 -1.0 -1.0 -1.0 -1.0 -1.0 2.651 3.213 3.818 1325.533 2.287 823.998 0.8143357223862981 1.0
27.0 3.0 Car -1.0 -1.0 -1.0 -1.0 -1.0 -1.0 -1.0 2.323 2.0 5.371 1304.184 1.913 901.292 2.387057189485791 1.0
28.0 0.0 Truck -1.0 -1.0 -1.0 -1.0 -1.0 -1.0 -1.0 3.062 3.931 5.578 1350.354 2.113 851.267 -3.0452381453775854 0.0
28.0 2.0 Truck -1.0 -1.0 -1.0 -1.0 -1.0 -1.0 -1.0 2.651 3.213 3.818 1326.89 2.287 825.446 0.8143357223862981 0.0
28.0 3.0 Car -1.0 -1.0 -1.0 -1.0 -1.0 -1.0 -1.0 2.323 2.0 5.371 1301.92 1.956 903.42 2.390265219064141 0.0
29.0 0.0 Truck -1.0 -1.0 -1.0 -1.0 -1.0 -1.0 -1.0 3.062 3.931 5.578 1348.12 2.113 850.798 -2.967637745804657 0.0
29.0 2.0 Truck -1.0 -1.0 -1.0 -1.0 -1.0 -1.0 -1.0 2.651 3.213 3.818 1327.861 2.287 826.446 0.8143357223862981 0.0
29.0 3.0 Car -1.0 -1.0 -1.0 -1.0 -1.0 -1.0 -1.0 2.323 2.0 5.371 1299.408 2.004 905.78 2.3938237888631786 0.0
30.0 0.0 Truck -1.0 -1.0 -1.0 -1.0 -1.0 -1.0 -1.0 3.062 3.931 5.578 1345.981 2.113 850.133 -2.88078997545674 0.0
30.0 2.0 Truck -1.0 -1.0 -1.0 -1.0 -1.0 -1.0 -1.0 2.651 3.213 3.818 1328.834 2.287 827.446 0.8143357223862981 0.0
30.0 3.0 Car -1.0 -1.0 -1.0 -1.0 -1.0 -1.0 -1.0 2.323 2.0 5.371 1297.428 2.053 907.586 2.3938237888631786 0.0
31.0 0.0 Truck -1.0 -1.0 -1.0 -1.0 -1.0 -1.0 -1.0 3.062 3.931 5.578 1343.813 2.113 849.123 -2.7181901813381177 0.0
31.0 2.0 Truck -1.0 -1.0 -1.0 -1.0 -1.0 -1.0 -1.0 2.651 3.213 3.818 1329.737 2.287 828.381 0.8087028868524642 0.0
31.0 3.0 Car -1.0 -1.0 -1.0 -1.0 -1.0 -1.0 -1.0 2.323 2.0 5.371 1295.45 2.101 909.391 2.3938237888631786 0.0
32.0 0.0 Truck -1.0 -1.0 -1.0 -1.0 -1.0 -1.0 -1.0 3.062 3.931 5.578 1341.66 2.113 847.659 -2.593314922750699 0.0
32.0 2.0 Truck -1.0 -1.0 -1.0 -1.0 -1.0 -1.0 -1.0 2.651 3.213 3.818 1330.731 2.287 829.409 0.8025091465621388 0.0
32.0 3.0 Car -1.0 -1.0 -1.0 -1.0 -1.0 -1.0 -1.0 2.323 2.0 5.371 1293.275 2.154 911.375 2.3938237888631786 0.0
33.0 0.0 Truck -1.0 -1.0 -1.0 -1.0 -1.0 -1.0 -1.0 3.062 3.931 5.578 1339.091 2.237 845.689 -2.549696416091104 0.0
33.0 2.0 Truck -1.0 -1.0 -1.0 -1.0 -1.0 -1.0 -1.0 2.651 3.213 3.818 1331.634 2.287 830.343 0.7968824298663548 0.0
33.0 3.0 Car -1.0 -1.0 -1.0 -1.0 -1.0 -1.0 -1.0 2.323 2.0 5.371 1292.156 2.203 912.408 2.3938237888631786 0.0
34.0 0.0 Truck -1.0 -1.0 -1.0 -1.0 -1.0 -1.0 -1.0 3.062 3.931 5.578 1336.372 2.363 843.604 -2.5409550451908696 0.0
34.0 2.0 Truck -1.0 -1.0 -1.0 -1.0 -1.0 -1.0 -1.0 2.651 3.213 3.818 1332.163 2.287 830.89 0.7881554868250279 0.0
34.0 3.0 Car -1.0 -1.0 -1.0 -1.0 -1.0 -1.0 -1.0 2.323 2.0 5.371 1291.036 2.251 913.442 2.3938237888631786 0.0
35.0 0.0 Truck -1.0 -1.0 -1.0 -1.0 -1.0 -1.0 -1.0 3.062 3.931 5.578 1334.242 2.488 841.502 -2.514774949288899 0.0
35.0 2.0 Truck -1.0 -1.0 -1.0 -1.0 -1.0 -1.0 -1.0 2.651 3.213 3.818 1332.693 2.287 831.438 0.7794291373464115 0.0
35.0 3.0 Car -1.0 -1.0 -1.0 -1.0 -1.0 -1.0 -1.0 2.323 2.0 5.371 1290.363 2.299 914.035 2.3938237888631786 0.0
36.0 2.0 Truck -1.0 -1.0 -1.0 -1.0 -1.0 -1.0 -1.0 2.651 3.213 3.818 1332.753 2.287 831.522 0.7794291373464115 0.0
36.0 3.0 Car -1.0 -1.0 -1.0 -1.0 -1.0 -1.0 -1.0 2.323 2.0 5.371 1290.223 2.348 914.2 2.3938237888631786 0.0
37.0 2.0 Truck -1.0 -1.0 -1.0 -1.0 -1.0 -1.0 -1.0 2.651 3.213 3.818 1332.85 2.287 831.616 0.7794291373464115 0.0
37.0 3.0 Car -1.0 -1.0 -1.0 -1.0 -1.0 -1.0 -1.0 2.323 2.0 5.371 1290.083 2.396 914.366 2.3938237888631786 0.0
38.0 2.0 Truck -1.0 -1.0 -1.0 -1.0 -1.0 -1.0 -1.0 2.651 3.213 3.818 1332.947 2.287 831.709 0.7794291373464115 0.0
38.0 3.0 Car -1.0 -1.0 -1.0 -1.0 -1.0 -1.0 -1.0 2.323 2.0 5.371 1289.865 2.445 914.528 2.3938237888631786 0.0
39.0 2.0 Truck -1.0 -1.0 -1.0 -1.0 -1.0 -1.0 -1.0 2.651 3.213 3.818 1333.044 2.287 831.803 0.7794291373464115 0.0
39.0 3.0 Car -1.0 -1.0 -1.0 -1.0 -1.0 -1.0 -1.0 2.323 2.0 5.371 1288.728 2.493 915.592 2.3938237888631786 0.0
