0.0 2.0 Car -1.0 -1.0 -1.0 -1.0 -1.0 -1.0 -1.0 1.803 1.513 4.486 1274.66 -2.533 839.935 1.031562891758802 0.0
0.0 4.0 Car -1.0 -1.0 -1.0 -1.0 -1.0 -1.0 -1.0 1.711 1.637 4.047 1306.411 -0.189 887.587 1.050683846377956 0.0
0.0 8.0 Car -1.0 -1.0 -1.0 -1.0 -1.0 -1.0 -1.0 1.762 1.48 4.181 1294.049 -1.103 866.793 1.0616020193915805 0.0
0.0 6.0 Car -1.0 -1.0 -1.0 -1.0 -1.0 -1.0 -1.0 1.711 1.637 4.047 1304.587 -0.189 891.514 1.050683846377956 0.0
0.0 1.0 Car -1.0 -1.0 -1.0 -1.0 -1.0 -1.0 -1.0 1.739 1.566 4.302 1305.844 0.024 902.174 1.7041045750598793 0.0
1.0 2.0 Car -1.0 -1.0 -1.0 -1.0 -1.0 -1.0 -1.0 1.803 1.513 4.486 1277.163 -2.332 844.229 1.031562891758802 1.0
1.0 4.0 Car -1.0 -1.0 -1.0 -1.0 -1.0 -1.0 -1.0 1.711 1.637 4.047 1308.787 0.011 891.634 1.0332166975787926 1.0
1.0 5.0 Bus -1.0 -1.0 -1.0 -1.0 -1.0 -1.0 -1.0 2.753 4.364 12.145 1286.026 -0.127 837.312 -2.1751253069559007 0.0
1.0 8.0 Car -1.0 -1.0 -1.0 -1.0 -1.0 -1.0 -1.0 1.762 1.48 4.181 1296.245 -0.941 870.723 1.052867746332596 1.0
1.0 6.0 Car -1.0 -1.0 -1.0 -1.0 -1.0 -1.0 -1.0 1.711 1.637 4.047 1306.001 -0.079 893.936 1.0489341021342444 1.0
1.0 1.0 Car -1.0 -1.0 -1.0 -1.0 -1.0 -1.0 -1.0 1.739 1.566 4.302 1305.155 0.099 903.941 1.8962069087933593 1.0
2.0 2.0 Car -1.0 -1.0 -1.0 -1.0 -1.0 -1.0 -1.0 1.803 1.513 4.486 1279.663 -2.132 848.518 1.031562891758802 1.0
2.0 9.0 Car -1.0 -1.0 -1.0 -1.0 -1.0 -1.0 -1.0 1.865 1.755 4.204 1335.11 1.469 915.622 -2.246212567376757 0.0
2.0 4.0 Car -1.0 -1.0 -1.0 -1.0 -1.0 -1.0 -1.0 1.711 1.637 4.047 1311.265 0.211 895.613 1.0157706647718916 0.0
2.0 5.0 Bus -1.0 -1.0 -1.0 -1.0 -1.0 -1.0 -1.0 2.753 4.364 12.145 1285.998 -0.127 837.262 -2.1751253069559007 0.0
2.0 8.0 Car -1.0 -1.0 -1.0 -1.0 -1.0 -1.0 -1.0 1.762 1.48 4.181 1298.438 -0.778 874.647 1.04414403211435 1.0
2.0 6.0 Car -1.0 -1.0 -1.0 -1.0 -1.0 -1.0 -1.0 1.711 1.637 4.047 1307.414 0.031 896.356 1.0471864731519487 1.0
2.0 1.0 Car -1.0 -1.0 -1.0 -1.0 -1.0 -1.0 -1.0 1.739 1.566 4.302 1304.143 0.174 905.542 2.088077010498632 1.0
3.0 2.0 Car -1.0 -1.0 -1.0 -1.0 -1.0 -1.0 -1.0 1.803 1.513 4.486 1282.163 -1.932 852.808 1.031562891758802 1.0
3.0 9.0 Car -1.0 -1.0 -1.0 -1.0 -1.0 -1.0 -1.0 1.865 1.755 4.204 1330.383 1.169 909.28 -2.228759274856815 1.0
3.0 4.0 Car -1.0 -1.0 -1.0 -1.0 -1.0 -1.0 -1.0 1.711 1.637 4.047 1313.743 0.411 899.592 0.9983239688181259 0.0
3.0 5.0 Bus -1.0 -1.0 -1.0 -1.0 -1.0 -1.0 -1.0 2.753 4.364 12.145 1285.971 -0.127 837.212 -2.1751253069559007 0.0
3.0 8.0 Car -1.0 -1.0 -1.0 -1.0 -1.0 -1.0 -1.0 1.762 1.48 4.181 1300.632 -0.716 878.572 1.035419986296147 1.0
3.0 6.0 Car -1.0 -1.0 -1.0 -1.0 -1.0 -1.0 -1.0 1.711 1.637 4.047 1309.004 0.141 898.962 1.0279906848410847 1.0
3.0 1.0 Car -1.0 -1.0 -1.0 -1.0 -1.0 -1.0 -1.0 1.739 1.566 4.302 1302.681 0.166 907.229 2.2742416622411574 1.0
3.0 7.0 Car -1.0 -1.0 -1.0 -1.0 -1.0 -1.0 -1.0 1.865 1.749 4.204 1296.491 -1.059 854.485 -2.0987481056033794 0.0
4.0 2.0 Car -1.0 -1.0 -1.0 -1.0 -1.0 -1.0 -1.0 1.803 1.513 4.486 1284.663 -1.732 857.097 1.031562891758802 1.0
4.0 9.0 Car -1.0 -1.0 -1.0 -1.0 -1.0 -1.0 -1.0 1.865 1.755 4.204 1325.242 1.044 902.522 -2.1938523755913617 0.0
4.0 4.0 Car -1.0 -1.0 -1.0 -1.0 -1.0 -1.0 -1.0 1.711 1.637 4.047 1316.337 0.611 903.392 0.9808705191853992 0.0
4.0 5.0 Bus -1.0 -1.0 -1.0 -1.0 -1.0 -1.0 -1.0 2.753 4.364 12.145 1285.943 -0.126 837.162 -2.1751253069559007 1.0
4.0 8.0 Car -1.0 -1.0 -1.0 -1.0 -1.0 -1.0 -1.0 1.762 1.48 4.181 1302.825 -0.654 882.497 1.0266954343516939 1.0
4.0 6.0 Car -1.0 -1.0 -1.0 -1.0 -1.0 -1.0 -1.0 1.711 1.637 4.047 1310.594 0.251 901.569 1.0087937828849507 1.0
4.0 1.0 Car -1.0 -1.0 -1.0 -1.0 -1.0 -1.0 -1.0 1.739 1.566 4.302 1300.793 0.157 908.925 2.355692994779429 1.0
4.0 7.0 Car -1.0 -1.0 -1.0 -1.0 -1.0 -1.0 -1.0 1.865 1.749 4.204 1296.437 -1.058 854.369 -2.1019499024050727 0.0
5.0 2.0 Car -1.0 -1.0 -1.0 -1.0 -1.0 -1.0 -1.0 1.803 1.513 4.486 1287.271 -1.532 861.538 1.031562891758802 1.0
5.0 9.0 Car -1.0 -1.0 -1.0 -1.0 -1.0 -1.0 -1.0 1.865 1.755 4.204 1320.999 0.669 896.541 -2.158946104777043 0.0
5.0 4.0 Car -1.0 -1.0 -1.0 -1.0 -1.0 -1.0 -1.0 1.711 1.637 4.047 1318.931 0.811 907.192 0.9634173837782395 0.0
5.0 5.0 Bus -1.0 -1.0 -1.0 -1.0 -1.0 -1.0 -1.0 2.753 4.364 12.145 1285.916 -0.126 837.112 -2.1751253069559007 1.0
5.0 8.0 Car -1.0 -1.0 -1.0 -1.0 -1.0 -1.0 -1.0 1.762 1.48 4.181 1305.415 -0.42 886.855 1.0266954343516939 1.0
5.0 6.0 Car -1.0 -1.0 -1.0 -1.0 -1.0 -1.0 -1.0 1.711 1.637 4.047 1312.398 0.386 904.368 0.9861046528725635 1.0
5.0 1.0 Car -1.0 -1.0 -1.0 -1.0 -1.0 -1.0 -1.0 1.739 1.566 4.302 1298.772 0.149 910.463 2.437142860897498 1.0
5.0 7.0 Car -1.0 -1.0 -1.0 -1.0 -1.0 -1.0 -1.0 1.865 1.749 4.204 1296.384 -1.056 854.253 -2.105151641562779 0.0
6.0 2.0 Car -1.0 -1.0 -1.0 -1.0 -1.0 -1.0 -1.0 1.803 1.513 4.486 1289.88 -1.332 865.978 1.031562891758802 1.0
6.0 9.0 Car -1.0 -1.0 -1.0 -1.0 -1.0 -1.0 -1.0 1.865 1.755 4.204 1316.764 0.344 889.79 -2.158946104777043 0.0
6.0 4.0 Car -1.0 -1.0 -1.0 -1.0 -1.0 -1.0 -1.0 1.711 1.637 4.047 1321.858 1.011 911.125 0.9366113968551577 0.0
6.0 5.0 Bus -1.0 -1.0 -1.0 -1.0 -1.0 -1.0 -1.0 2.753 4.364 12.145 1285.926 -0.126 837.036 -2.1751253069559007 1.0
6.0 8.0 Car -1.0 -1.0 -1.0 -1.0 -1.0 -1.0 -1.0 1.762 1.48 4.181 1308.005 -0.187 891.213 1.0266954343516939 0.0
6.0 6.0 Car -1.0 -1.0 -1.0 -1.0 -1.0 -1.0 -1.0 1.711 1.637 4.047 1314.202 0.521 907.168 0.9634173837782395 1.0
6.0 1.0 Car -1.0 -1.0 -1.0 -1.0 -1.0 -1.0 -1.0 1.739 1.566 4.302 1296.481 0.141 912.288 2.454589184414278 1.0
6.0 7.0 Car -1.0 -1.0 -1.0 -1.0 -1.0 -1.0 -1.0 1.865 1.749 4.204 1296.359 -1.057 854.224 -2.1083531181201036 1.0
7.0 2.0 Car -1.0 -1.0 -1.0 -1.0 -1.0 -1.0 -1.0 1.803 1.513 4.486 1292.531 -1.132 870.49 1.031562891758802 1.0
7.0 9.0 Car -1.0 -1.0 -1.0 -1.0 -1.0 -1.0 -1.0 1.865 1.755 4.204 1312.844 0.219 883.512 -2.1065862272172122 0.0
7.0 4.0 Car -1.0 -1.0 -1.0 -1.0 -1.0 -1.0 -1.0 1.711 1.637 4.047 1324.894 1.212 914.983 0.9097703371091881 0.0
7.0 5.0 Bus -1.0 -1.0 -1.0 -1.0 -1.0 -1.0 -1.0 2.753 4.364 12.145 1285.936 -0.127 836.96 -2.1751253069559007 1.0
7.0 8.0 Car -1.0 -1.0 -1.0 -1.0 -1.0 -1.0 -1.0 1.762 1.48 4.181 1310.768 0.046 895.607 1.006316502602175 0.0
7.0 6.0 Car -1.0 -1.0 -1.0 -1.0 -1.0 -1.0 -1.0 1.711 1.637 4.047 1316.297 0.665 909.951 0.9397685762635519 1.0
7.0 1.0 Car -1.0 -1.0 -1.0 -1.0 -1.0 -1.0 -1.0 1.739 1.566 4.302 1294.187 0.132 914.115 2.472058334615877 1.0
7.0 7.0 Car -1.0 -1.0 -1.0 -1.0 -1.0 -1.0 -1.0 1.865 1.749 4.204 1296.333 -1.058 854.194 -2.1115587834737806 1.0
8.0 2.0 Car -1.0 -1.0 -1.0 -1.0 -1.0 -1.0 -1.0 1.803 1.513 4.486 1295.179 -0.932 874.996 1.031562891758802 1.0
8.0 9.0 Car -1.0 -1.0 -1.0 -1.0 -1.0 -1.0 -1.0 1.865 1.755 4.204 1309.56 -0.027 877.545 -2.0415957371564084 0.0
8.0 4.0 Car -1.0 -1.0 -1.0 -1.0 -1.0 -1.0 -1.0 1.711 1.637 4.047 1328.027 1.412 918.752 0.8829672997354318 0.0
8.0 5.0 Bus -1.0 -1.0 -1.0 -1.0 -1.0 -1.0 -1.0 2.753 4.364 12.145 1285.946 -0.127 836.884 -2.1751253069559007 1.0
8.0 8.0 Car -1.0 -1.0 -1.0 -1.0 -1.0 -1.0 -1.0 1.762 1.48 4.181 1313.528 0.28 899.995 0.9859664391363838 0.0
8.0 0.0 Car -1.0 -1.0 -1.0 -1.0 -1.0 -1.0 -1.0 1.748 1.503 4.445 1284.436 -1.673 856.668 1.0280536387478163 0.0
8.0 6.0 Car -1.0 -1.0 -1.0 -1.0 -1.0 -1.0 -1.0 1.711 1.637 4.047 1318.511 0.808 912.762 0.8986999765366673 1.0
8.0 1.0 Car -1.0 -1.0 -1.0 -1.0 -1.0 -1.0 -1.0 1.739 1.566 4.302 1291.896 0.124 915.94 2.489502738457328 1.0
8.0 7.0 Car -1.0 -1.0 -1.0 -1.0 -1.0 -1.0 -1.0 1.865 1.749 4.204 1296.308 -1.059 854.165 -2.1147599077622976 1.0
9.0 2.0 Car -1.0 -1.0 -1.0 -1.0 -1.0 -1.0 -1.0 1.803 1.513 4.486 1297.827 -0.732 879.503 1.031562891758802 1.0
9.0 9.0 Car -1.0 -1.0 -1.0 -1.0 -1.0 -1.0 -1.0 1.865 1.755 4.204 1306.751 -0.273 871.615 -2.0124195690878 0.0
9.0 4.0 Car -1.0 -1.0 -1.0 -1.0 -1.0 -1.0 -1.0 1.711 1.637 4.047 1331.234 1.612 922.673 0.8856955167436482 0.0
9.0 5.0 Bus -1.0 -1.0 -1.0 -1.0 -1.0 -1.0 -1.0 2.753 4.364 12.145 1285.956 -0.127 836.808 -2.1751253069559007 1.0
9.0 8.0 Car -1.0 -1.0 -1.0 -1.0 -1.0 -1.0 -1.0 1.762 1.48 4.181 1316.292 0.513 904.171 0.9591073127011621 0.0
9.0 0.0 Car -1.0 -1.0 -1.0 -1.0 -1.0 -1.0 -1.0 1.748 1.503 4.445 1286.932 -1.511 860.557 1.0311400139118028 1.0
9.0 6.0 Car -1.0 -1.0 -1.0 -1.0 -1.0 -1.0 -1.0 1.711 1.637 4.047 1320.912 0.951 915.816 0.8925310633377782 1.0
9.0 1.0 Car -1.0 -1.0 -1.0 -1.0 -1.0 -1.0 -1.0 1.739 1.566 4.302 1289.673 0.167 917.687 2.489502738457328 1.0
9.0 7.0 Car -1.0 -1.0 -1.0 -1.0 -1.0 -1.0 -1.0 1.865 1.749 4.204 1296.282 -1.059 854.135 -2.1179619671643746 1.0
10.0 2.0 Car -1.0 -1.0 -1.0 -1.0 -1.0 -1.0 -1.0 1.803 1.513 4.486 1300.211 -0.552 883.561 1.031562891758802 1.0
10.0 9.0 Car -1.0 -1.0 -1.0 -1.0 -1.0 -1.0 -1.0 1.865 1.755 4.204 1304.622 -0.494 866.089 -1.9844131795776114 0.0
10.0 4.0 Car -1.0 -1.0 -1.0 -1.0 -1.0 -1.0 -1.0 1.711 1.637 4.047 1334.12 1.792 926.203 0.8881514959595518 0.0
10.0 5.0 Bus -1.0 -1.0 -1.0 -1.0 -1.0 -1.0 -1.0 2.753 4.364 12.145 1285.965 -0.127 836.74 -2.1751253069559007 1.0
10.0 8.0 Car -1.0 -1.0 -1.0 -1.0 -1.0 -1.0 -1.0 1.762 1.48 4.181 1318.876 0.723 907.866 0.9349283503665804 0.0
10.0 0.0 Car -1.0 -1.0 -1.0 -1.0 -1.0 -1.0 -1.0 1.748 1.503 4.445 1289.051 -1.38 864.133 1.0339184121229434 1.0
10.0 6.0 Car -1.0 -1.0 -1.0 -1.0 -1.0 -1.0 -1.0 1.711 1.637 4.047 1323.185 1.074 918.642 0.8847706446595464 1.0
10.0 1.0 Car -1.0 -1.0 -1.0 -1.0 -1.0 -1.0 -1.0 1.739 1.566 4.302 1287.672 0.206 919.26 2.489502738457328 1.0
10.0 7.0 Car -1.0 -1.0 -1.0 -1.0 -1.0 -1.0 -1.0 1.865 1.749 4.204 1296.411 -1.048 854.016 -2.1208445059491936 1.0
11.0 2.0 Car -1.0 -1.0 -1.0 -1.0 -1.0 -1.0 -1.0 1.803 1.513 4.486 1302.907 -0.352 888.039 1.023419905354403 1.0
11.0 9.0 Car -1.0 -1.0 -1.0 -1.0 -1.0 -1.0 -1.0 1.865 1.755 4.204 1302.172 -0.69 860.137 -2.0193264707725795 0.0
11.0 4.0 Car -1.0 -1.0 -1.0 -1.0 -1.0 -1.0 -1.0 1.711 1.637 4.047 1337.326 1.992 930.124 0.8908794237420582 0.0
11.0 5.0 Bus -1.0 -1.0 -1.0 -1.0 -1.0 -1.0 -1.0 2.753 4.364 12.145 1285.751 -0.136 836.275 -2.1732081585404543 1.0
11.0 8.0 Car -1.0 -1.0 -1.0 -1.0 -1.0 -1.0 -1.0 1.762 1.48 4.181 1321.992 0.956 912.082 0.9080720713404499 0.0
11.0 0.0 Car -1.0 -1.0 -1.0 -1.0 -1.0 -1.0 -1.0 1.748 1.503 4.445 1291.405 -1.235 868.106 1.0370044600918993 1.0
11.0 6.0 Car -1.0 -1.0 -1.0 -1.0 -1.0 -1.0 -1.0 1.711 1.637 4.047 1325.71 1.21 921.782 0.8761509211785228 1.0
11.0 1.0 Car -1.0 -1.0 -1.0 -1.0 -1.0 -1.0 -1.0 1.739 1.566 4.302 1285.45 0.25 921.008 2.489502738457328 1.0
11.0 7.0 Car -1.0 -1.0 -1.0 -1.0 -1.0 -1.0 -1.0 1.865 1.749 4.204 1296.143 -1.046 853.523 -2.124046225892238 1.0
12.0 2.0 Car -1.0 -1.0 -1.0 -1.0 -1.0 -1.0 -1.0 1.803 1.513 4.486 1305.599 -0.152 892.512 1.0152862855012095 1.0
12.0 9.0 Car -1.0 -1.0 -1.0 -1.0 -1.0 -1.0 -1.0 1.865 1.755 4.204 1299.559 -0.886 854.265 -2.0367663859102496 0.0
12.0 4.0 Car -1.0 -1.0 -1.0 -1.0 -1.0 -1.0 -1.0 1.711 1.637 4.047 1340.529 2.191 934.041 0.8936042136984662 0.0
12.0 5.0 Bus -1.0 -1.0 -1.0 -1.0 -1.0 -1.0 -1.0 2.753 4.364 12.145 1285.538 -0.144 835.811 -2.1712932153440647 1.0
12.0 8.0 Car -1.0 -1.0 -1.0 -1.0 -1.0 -1.0 -1.0 1.762 1.48 4.181 1325.216 1.189 916.21 0.8812466840167242 0.0
12.0 0.0 Car -1.0 -1.0 -1.0 -1.0 -1.0 -1.0 -1.0 1.748 1.503 4.445 1293.756 -1.09 872.074 1.0400869583034456 1.0
12.0 6.0 Car -1.0 -1.0 -1.0 -1.0 -1.0 -1.0 -1.0 1.711 1.637 4.047 1328.264 1.37 924.891 0.8761509211785228 1.0
12.0 1.0 Car -1.0 -1.0 -1.0 -1.0 -1.0 -1.0 -1.0 1.739 1.566 4.302 1283.438 0.305 922.538 2.489502738457328 1.0
12.0 7.0 Car -1.0 -1.0 -1.0 -1.0 -1.0 -1.0 -1.0 1.865 1.749 4.204 1295.985 -1.069 853.236 -2.1283671942233506 1.0
13.0 2.0 Car -1.0 -1.0 -1.0 -1.0 -1.0 -1.0 -1.0 1.803 1.513 4.486 1308.295 0.048 896.99 1.0071433153864648 1.0
13.0 9.0 Car -1.0 -1.0 -1.0 -1.0 -1.0 -1.0 -1.0 1.865 1.755 4.204 1296.578 -1.081 848.445 -2.0891329346972705 0.0
13.0 4.0 Car -1.0 -1.0 -1.0 -1.0 -1.0 -1.0 -1.0 1.711 1.637 4.047 1343.735 2.391 937.962 0.8936042136984662 0.0
13.0 5.0 Bus -1.0 -1.0 -1.0 -1.0 -1.0 -1.0 -1.0 2.753 4.364 12.145 1285.324 -0.153 835.347 -2.1693760707637826 1.0
13.0 8.0 Car -1.0 -1.0 -1.0 -1.0 -1.0 -1.0 -1.0 1.762 1.48 4.181 1328.498 1.372 920.088 0.8812466840167242 0.0
13.0 0.0 Car -1.0 -1.0 -1.0 -1.0 -1.0 -1.0 -1.0 1.748 1.503 4.445 1295.839 -0.929 875.7 1.0472120176823316 1.0
13.0 6.0 Car -1.0 -1.0 -1.0 -1.0 -1.0 -1.0 -1.0 1.711 1.637 4.047 1330.821 1.53 928.003 0.8761509211785228 1.0
13.0 1.0 Car -1.0 -1.0 -1.0 -1.0 -1.0 -1.0 -1.0 1.739 1.566 4.302 1281.424 0.361 924.07 2.489502738457328 1.0
13.0 7.0 Car -1.0 -1.0 -1.0 -1.0 -1.0 -1.0 -1.0 1.865 1.749 4.204 1295.826 -1.092 852.948 -2.1326931298611207 1.0
14.0 2.0 Car -1.0 -1.0 -1.0 -1.0 -1.0 -1.0 -1.0 1.803 1.513 4.486 1311.161 0.248 901.318 0.9844590208796398 1.0
14.0 9.0 Car -1.0 -1.0 -1.0 -1.0 -1.0 -1.0 -1.0 1.865 1.755 4.204 1293.548 -1.277 842.711 -2.0891329346972705 0.0
14.0 5.0 Bus -1.0 -1.0 -1.0 -1.0 -1.0 -1.0 -1.0 2.753 4.364 12.145 1285.11 -0.162 834.882 -2.1674589952164443 1.0
14.0 8.0 Car -1.0 -1.0 -1.0 -1.0 -1.0 -1.0 -1.0 1.762 1.48 4.181 1331.78 1.556 923.966 0.8812466840167242 0.0
14.0 0.0 Car -1.0 -1.0 -1.0 -1.0 -1.0 -1.0 -1.0 1.748 1.503 4.445 1297.922 -0.767 879.327 1.0543368205005845 1.0
14.0 6.0 Car -1.0 -1.0 -1.0 -1.0 -1.0 -1.0 -1.0 1.711 1.637 4.047 1333.54 1.74 931.398 0.8935945996935071 1.0
14.0 1.0 Car -1.0 -1.0 -1.0 -1.0 -1.0 -1.0 -1.0 1.739 1.566 4.302 1279.41 0.417 925.602 2.489502738457328 1.0
14.0 7.0 Car -1.0 -1.0 -1.0 -1.0 -1.0 -1.0 -1.0 1.865 1.749 4.204 1295.667 -1.115 852.661 -2.1370189097296923 1.0
15.0 2.0 Car -1.0 -1.0 -1.0 -1.0 -1.0 -1.0 -1.0 1.803 1.513 4.486 1314.03 0.448 905.65 0.9617497216790286 1.0
15.0 9.0 Car -1.0 -1.0 -1.0 -1.0 -1.0 -1.0 -1.0 1.865 1.755 4.204 1290.515 -1.473 836.971 -2.0891329346972705 0.0
15.0 5.0 Bus -1.0 -1.0 -1.0 -1.0 -1.0 -1.0 -1.0 2.753 4.364 12.145 1284.896 -0.171 834.417 -2.1655398064939746 1.0
15.0 8.0 Car -1.0 -1.0 -1.0 -1.0 -1.0 -1.0 -1.0 1.762 1.48 4.181 1334.738 1.749 927.611 0.8684780427373919 0.0
15.0 0.0 Car -1.0 -1.0 -1.0 -1.0 -1.0 -1.0 -1.0 1.748 1.503 4.445 1299.944 -0.595 882.896 1.0543368205005845 1.0
15.0 6.0 Car -1.0 -1.0 -1.0 -1.0 -1.0 -1.0 -1.0 1.711 1.637 4.047 1336.261 1.95 934.796 0.9110575062184093 1.0
15.0 1.0 Car -1.0 -1.0 -1.0 -1.0 -1.0 -1.0 -1.0 1.739 1.566 4.302 1277.393 0.473 927.136 2.489502738457328 1.0
15.0 7.0 Car -1.0 -1.0 -1.0 -1.0 -1.0 -1.0 -1.0 1.865 1.749 4.204 1295.508 -1.138 852.373 -2.1413494578665024 0.0
16.0 2.0 Car -1.0 -1.0 -1.0 -1.0 -1.0 -1.0 -1.0 1.803 1.513 4.486 1317.051 0.648 909.62 0.9392085935500578 1.0
16.0 5.0 Bus -1.0 -1.0 -1.0 -1.0 -1.0 -1.0 -1.0 2.753 4.364 12.145 1284.682 -0.179 833.951 -2.1636184393985936 1.0
16.0 8.0 Car -1.0 -1.0 -1.0 -1.0 -1.0 -1.0 -1.0 1.762 1.48 4.181 1337.793 1.942 931.182 0.8556949084267267 0.0
16.0 0.0 Car -1.0 -1.0 -1.0 -1.0 -1.0 -1.0 -1.0 1.748 1.503 4.445 1301.968 -0.423 886.47 1.0543368205005845 1.0
16.0 6.0 Car -1.0 -1.0 -1.0 -1.0 -1.0 -1.0 -1.0 1.711 1.637 4.047 1339.136 2.124 938.348 0.9067952962226946 1.0
16.0 1.0 Car -1.0 -1.0 -1.0 -1.0 -1.0 -1.0 -1.0 1.739 1.566 4.302 1275.685 0.505 928.221 2.514456546773926 1.0
16.0 7.0 Car -1.0 -1.0 -1.0 -1.0 -1.0 -1.0 -1.0 1.865 1.749 4.204 1295.349 -1.161 852.085 -2.145684921386904 0.0
17.0 2.0 Car -1.0 -1.0 -1.0 -1.0 -1.0 -1.0 -1.0 1.803 1.513 4.486 1320.368 0.868 913.979 0.9144523034285127 1.0
17.0 5.0 Bus -1.0 -1.0 -1.0 -1.0 -1.0 -1.0 -1.0 2.753 4.364 12.145 1284.447 -0.189 833.44 -2.1615082556947827 1.0
17.0 8.0 Car -1.0 -1.0 -1.0 -1.0 -1.0 -1.0 -1.0 1.762 1.48 4.181 1341.149 2.154 935.103 0.8416555497998274 0.0
17.0 0.0 Car -1.0 -1.0 -1.0 -1.0 -1.0 -1.0 -1.0 1.748 1.503 4.445 1303.823 -0.262 890.046 1.1536005130718032 1.0
17.0 6.0 Car -1.0 -1.0 -1.0 -1.0 -1.0 -1.0 -1.0 1.711 1.637 4.047 1342.294 2.315 942.249 0.9021142302791829 1.0
17.0 1.0 Car -1.0 -1.0 -1.0 -1.0 -1.0 -1.0 -1.0 1.739 1.566 4.302 1273.777 0.541 929.364 2.541862616017158 1.0
17.0 7.0 Car -1.0 -1.0 -1.0 -1.0 -1.0 -1.0 -1.0 1.865 1.749 4.204 1295.188 -1.12 851.626 -2.15044643962629 0.0
18.0 2.0 Car -1.0 -1.0 -1.0 -1.0 -1.0 -1.0 -1.0 1.803 1.513 4.486 1323.386 1.069 917.944 0.8919365515992556 1.0
18.0 5.0 Bus -1.0 -1.0 -1.0 -1.0 -1.0 -1.0 -1.0 2.753 4.364 12.145 1283.571 -0.212 832.117 -2.15958905163166 1.0
18.0 0.0 Car -1.0 -1.0 -1.0 -1.0 -1.0 -1.0 -1.0 1.748 1.503 4.445 1305.195 -0.117 893.445 1.243880464414115 1.0
18.0 6.0 Car -1.0 -1.0 -1.0 -1.0 -1.0 -1.0 -1.0 1.711 1.637 4.047 1345.166 2.489 945.797 0.8978568185844971 0.0
18.0 1.0 Car -1.0 -1.0 -1.0 -1.0 -1.0 -1.0 -1.0 1.739 1.566 4.302 1272.074 0.556 930.232 2.6815928275789 1.0
18.0 7.0 Car -1.0 -1.0 -1.0 -1.0 -1.0 -1.0 -1.0 1.865 1.749 4.204 1295.042 -1.082 851.208 -2.154777022378477 0.0
19.0 2.0 Car -1.0 -1.0 -1.0 -1.0 -1.0 -1.0 -1.0 1.803 1.513 4.486 1326.526 1.264 921.885 0.8884459922553138 1.0
19.0 5.0 Bus -1.0 -1.0 -1.0 -1.0 -1.0 -1.0 -1.0 2.753 4.364 12.145 1282.697 -0.235 830.796 -2.1576720144359567 1.0
19.0 0.0 Car -1.0 -1.0 -1.0 -1.0 -1.0 -1.0 -1.0 1.748 1.503 4.445 1305.881 -0.045 896.612 1.4021791671851145 1.0
19.0 6.0 Car -1.0 -1.0 -1.0 -1.0 -1.0 -1.0 -1.0 1.711 1.637 4.047 1348.035 2.662 949.341 0.8936042136984662 0.0
19.0 1.0 Car -1.0 -1.0 -1.0 -1.0 -1.0 -1.0 -1.0 1.739 1.566 4.302 1270.579 0.596 930.584 2.8211652774679523 1.0
19.0 7.0 Car -1.0 -1.0 -1.0 -1.0 -1.0 -1.0 -1.0 1.865 1.749 4.204 1294.896 -1.045 850.791 -2.1591027157086056 0.0
20.0 2.0 Car -1.0 -1.0 -1.0 -1.0 -1.0 -1.0 -1.0 1.803 1.513 4.486 1329.666 1.459 925.825 0.8849553351479457 1.0
20.0 5.0 Bus -1.0 -1.0 -1.0 -1.0 -1.0 -1.0 -1.0 2.753 4.364 12.145 1281.869 -0.258 829.018 -2.1576720144359567 1.0
20.0 0.0 Car -1.0 -1.0 -1.0 -1.0 -1.0 -1.0 -1.0 1.748 1.503 4.445 1306.059 0.027 899.849 1.56048230357894 1.0
20.0 6.0 Car -1.0 -1.0 -1.0 -1.0 -1.0 -1.0 -1.0 1.711 1.637 4.047 1350.862 2.735 952.832 0.864515745861899 0.0
20.0 1.0 Car -1.0 -1.0 -1.0 -1.0 -1.0 -1.0 -1.0 1.739 1.566 4.302 1269.051 0.637 930.723 2.960741636495797 1.0
20.0 7.0 Car -1.0 -1.0 -1.0 -1.0 -1.0 -1.0 -1.0 1.865 1.749 4.204 1294.463 -1.052 849.71 -2.1636771739186114 0.0
21.0 2.0 Car -1.0 -1.0 -1.0 -1.0 -1.0 -1.0 -1.0 1.803 1.513 4.486 1332.648 1.634 929.409 0.8849553351479457 1.0
21.0 5.0 Bus -1.0 -1.0 -1.0 -1.0 -1.0 -1.0 -1.0 2.753 4.364 12.145 1281.123 -0.278 827.417 -2.1576720144359567 1.0
21.0 0.0 Car -1.0 -1.0 -1.0 -1.0 -1.0 -1.0 -1.0 1.748 1.503 4.445 1305.682 0.067 902.474 1.7228775503967921 1.0
21.0 6.0 Car -1.0 -1.0 -1.0 -1.0 -1.0 -1.0 -1.0 1.711 1.637 4.047 1353.494 2.802 955.904 0.8383230200082462 0.0
21.0 1.0 Car -1.0 -1.0 -1.0 -1.0 -1.0 -1.0 -1.0 1.739 1.566 4.302 1267.849 0.612 930.804 -3.129928650483307 1.0
21.0 7.0 Car -1.0 -1.0 -1.0 -1.0 -1.0 -1.0 -1.0 1.865 1.749 4.204 1294.072 -1.058 848.736 -2.1677962471711743 0.0
22.0 2.0 Car -1.0 -1.0 -1.0 -1.0 -1.0 -1.0 -1.0 1.803 1.513 4.486 1336.29 1.849 933.785 0.8849553351479457 1.0
22.0 5.0 Bus -1.0 -1.0 -1.0 -1.0 -1.0 -1.0 -1.0 2.753 4.364 12.145 1279.077 -0.231 825.289 -2.201619573587936 0.0
22.0 0.0 Car -1.0 -1.0 -1.0 -1.0 -1.0 -1.0 -1.0 1.748 1.503 4.445 1304.654 0.114 905.545 1.921188372596165 1.0
22.0 6.0 Car -1.0 -1.0 -1.0 -1.0 -1.0 -1.0 -1.0 1.711 1.637 4.047 1356.815 2.882 959.56 0.8063374717766111 0.0
22.0 1.0 Car -1.0 -1.0 -1.0 -1.0 -1.0 -1.0 -1.0 1.739 1.566 4.302 1266.395 0.582 930.589 -2.8948367208253627 0.0
22.0 7.0 Car -1.0 -1.0 -1.0 -1.0 -1.0 -1.0 -1.0 1.865 1.749 4.204 1293.137 -1.05 847.401 -2.1691454112631665 0.0
23.0 2.0 Car -1.0 -1.0 -1.0 -1.0 -1.0 -1.0 -1.0 1.803 1.513 4.486 1339.72 1.944 937.612 0.8587762605125409 0.0
23.0 5.0 Bus -1.0 -1.0 -1.0 -1.0 -1.0 -1.0 -1.0 2.753 4.364 12.145 1277.137 -0.188 823.434 -2.2415859575472847 0.0
23.0 0.0 Car -1.0 -1.0 -1.0 -1.0 -1.0 -1.0 -1.0 1.748 1.503 4.445 1303.21 0.158 908.111 2.101534371697182 1.0
23.0 6.0 Car -1.0 -1.0 -1.0 -1.0 -1.0 -1.0 -1.0 1.711 1.637 4.047 1360.447 3.056 963.273 0.8121555075131156 0.0
23.0 1.0 Car -1.0 -1.0 -1.0 -1.0 -1.0 -1.0 -1.0 1.739 1.566 4.302 1265.148 0.554 930.104 -2.681041586174957 0.0
23.0 7.0 Car -1.0 -1.0 -1.0 -1.0 -1.0 -1.0 -1.0 1.865 1.749 4.204 1291.953 -1.044 846.415 -2.170372355629706 0.0
24.0 2.0 Car -1.0 -1.0 -1.0 -1.0 -1.0 -1.0 -1.0 1.803 1.513 4.486 1343.249 2.039 941.349 0.8325954575881156 0.0
24.0 5.0 Bus -1.0 -1.0 -1.0 -1.0 -1.0 -1.0 -1.0 2.753 4.364 12.145 1275.125 -0.145 821.658 -2.2815549800056485 0.0
24.0 0.0 Car -1.0 -1.0 -1.0 -1.0 -1.0 -1.0 -1.0 1.748 1.503 4.445 1301.027 0.093 910.842 2.188803045558823 1.0
24.0 6.0 Car -1.0 -1.0 -1.0 -1.0 -1.0 -1.0 -1.0 1.711 1.637 4.047 1363.288 3.229 966.288 0.8267005473914572 0.0
24.0 1.0 Car -1.0 -1.0 -1.0 -1.0 -1.0 -1.0 -1.0 1.739 1.566 4.302 1264.033 0.527 929.366 -2.4672323372065703 0.0
24.0 3.0 Car -1.0 -1.0 -1.0 -1.0 -1.0 -1.0 -1.0 1.895 1.52 4.75 1282.373 -1.249 847.805 1.014420267842673 0.0
24.0 7.0 Car -1.0 -1.0 -1.0 -1.0 -1.0 -1.0 -1.0 1.865 1.749 4.204 1290.769 -1.037 845.428 -2.171599380996606 0.0
25.0 2.0 Car -1.0 -1.0 -1.0 -1.0 -1.0 -1.0 -1.0 1.803 1.513 4.486 1346.489 2.196 945.051 0.8325954575881156 0.0
25.0 5.0 Bus -1.0 -1.0 -1.0 -1.0 -1.0 -1.0 -1.0 2.753 4.364 12.145 1273.043 -0.102 819.964 -2.3215205644198433 0.0
25.0 0.0 Car -1.0 -1.0 -1.0 -1.0 -1.0 -1.0 -1.0 1.748 1.503 4.445 1298.615 0.028 913.371 2.2760642127681416 1.0
25.0 6.0 Car -1.0 -1.0 -1.0 -1.0 -1.0 -1.0 -1.0 1.711 1.637 4.047 1366.129 3.403 969.303 0.8412443361386361 0.0
25.0 1.0 Car -1.0 -1.0 -1.0 -1.0 -1.0 -1.0 -1.0 1.739 1.566 4.302 1263.193 0.492 928.538 -2.3660321998196285 0.0
25.0 3.0 Car -1.0 -1.0 -1.0 -1.0 -1.0 -1.0 -1.0 1.895 1.52 4.75 1284.773 -1.124 851.815 1.0318728271410251 1.0
25.0 7.0 Car -1.0 -1.0 -1.0 -1.0 -1.0 -1.0 -1.0 1.865 1.749 4.204 1289.871 -1.03 844.245 -2.172826300817581 0.0
26.0 2.0 Car -1.0 -1.0 -1.0 -1.0 -1.0 -1.0 -1.0 1.803 1.513 4.486 1349.728 2.354 948.753 0.8325954575881156 0.0
26.0 5.0 Bus -1.0 -1.0 -1.0 -1.0 -1.0 -1.0 -1.0 2.753 4.364 12.145 1270.895 -0.059 818.354 -2.3614899866507844 0.0
26.0 0.0 Car -1.0 -1.0 -1.0 -1.0 -1.0 -1.0 -1.0 1.748 1.503 4.445 1295.78 0.059 916.172 2.3633337594963315 0.0
26.0 6.0 Car -1.0 -1.0 -1.0 -1.0 -1.0 -1.0 -1.0 1.711 1.637 4.047 1369.208 3.576 972.76 0.8499762487741367 0.0
26.0 1.0 Car -1.0 -1.0 -1.0 -1.0 -1.0 -1.0 -1.0 1.739 1.566 4.302 1262.441 0.457 927.629 -2.264822344381827 0.0
26.0 3.0 Car -1.0 -1.0 -1.0 -1.0 -1.0 -1.0 -1.0 1.895 1.52 4.75 1287.169 -0.999 855.828 1.0493270623744428 1.0
26.0 7.0 Car -1.0 -1.0 -1.0 -1.0 -1.0 -1.0 -1.0 1.865 1.749 4.204 1288.766 -1.105 842.338 -2.172826300817581 0.0
27.0 2.0 Car -1.0 -1.0 -1.0 -1.0 -1.0 -1.0 -1.0 1.803 1.513 4.486 1352.964 2.511 952.451 0.8325954575881156 0.0
27.0 5.0 Bus -1.0 -1.0 -1.0 -1.0 -1.0 -1.0 -1.0 2.753 4.364 12.145 1268.563 -0.016 816.39 -2.4014111963088505 0.0
27.0 0.0 Car -1.0 -1.0 -1.0 -1.0 -1.0 -1.0 -1.0 1.748 1.503 4.445 1292.709 0.067 919.039 2.398200331346386 0.0
27.0 6.0 Car -1.0 -1.0 -1.0 -1.0 -1.0 -1.0 -1.0 1.711 1.637 4.047 1372.284 3.749 976.213 0.8586976286585795 0.0
27.0 1.0 Car -1.0 -1.0 -1.0 -1.0 -1.0 -1.0 -1.0 1.739 1.566 4.302 1261.7 0.422 926.714 -2.268413895386804 0.0
27.0 3.0 Car -1.0 -1.0 -1.0 -1.0 -1.0 -1.0 -1.0 1.895 1.52 4.75 1289.56 -0.874 859.838 1.066760243673598 0.0
28.0 2.0 Car -1.0 -1.0 -1.0 -1.0 -1.0 -1.0 -1.0 1.803 1.513 4.486 1356.208 2.669 956.157 0.8325954575881156 0.0
28.0 5.0 Bus -1.0 -1.0 -1.0 -1.0 -1.0 -1.0 -1.0 2.753 4.364 12.145 1266.149 0.027 814.517 -2.4414240338417335 0.0
28.0 0.0 Car -1.0 -1.0 -1.0 -1.0 -1.0 -1.0 -1.0 1.748 1.503 4.445 1289.532 0.076 921.803 2.433146929576105 0.0
28.0 6.0 Car -1.0 -1.0 -1.0 -1.0 -1.0 -1.0 -1.0 1.711 1.637 4.047 1375.225 3.848 979.808 0.8761515663999722 0.0
28.0 1.0 Car -1.0 -1.0 -1.0 -1.0 -1.0 -1.0 -1.0 1.739 1.566 4.302 1260.936 0.387 925.774 -2.2631031648547237 0.0
28.0 3.0 Car -1.0 -1.0 -1.0 -1.0 -1.0 -1.0 -1.0 1.895 1.52 4.75 1291.957 -0.749 863.856 1.0842334379224463 0.0
29.0 2.0 Car -1.0 -1.0 -1.0 -1.0 -1.0 -1.0 -1.0 1.803 1.513 4.486 1359.33 2.846 959.938 0.8465699546565287 0.0
29.0 5.0 Bus -1.0 -1.0 -1.0 -1.0 -1.0 -1.0 -1.0 2.753 4.364 12.145 1263.662 0.071 812.743 -2.4814339130575407 0.0
29.0 0.0 Car -1.0 -1.0 -1.0 -1.0 -1.0 -1.0 -1.0 1.748 1.503 4.445 1285.857 0.154 924.887 2.4418779596015114 0.0
29.0 6.0 Car -1.0 -1.0 -1.0 -1.0 -1.0 -1.0 -1.0 1.711 1.637 4.047 1378.167 3.946 983.403 0.8936042136984662 0.0
29.0 1.0 Car -1.0 -1.0 -1.0 -1.0 -1.0 -1.0 -1.0 1.739 1.566 4.302 1260.172 0.352 924.835 -2.257792826967249 0.0
29.0 3.0 Car -1.0 -1.0 -1.0 -1.0 -1.0 -1.0 -1.0 1.895 1.52 4.75 1294.288 -0.586 868.212 1.0711368928843361 0.0
30.0 2.0 Car -1.0 -1.0 -1.0 -1.0 -1.0 -1.0 -1.0 1.803 1.513 4.486 1362.448 3.024 963.716 0.8605297904666069 0.0
30.0 5.0 Bus -1.0 -1.0 -1.0 -1.0 -1.0 -1.0 -1.0 2.753 4.364 12.145 1261.108 0.114 811.071 -2.5214018161526868 0.0
30.0 0.0 Car -1.0 -1.0 -1.0 -1.0 -1.0 -1.0 -1.0 1.748 1.503 4.445 1282.185 0.233 927.968 2.450599829520039 0.0
30.0 1.0 Car -1.0 -1.0 -1.0 -1.0 -1.0 -1.0 -1.0 1.739 1.566 4.302 1259.409 0.305 923.897 -2.257792826967249 0.0
30.0 3.0 Car -1.0 -1.0 -1.0 -1.0 -1.0 -1.0 -1.0 1.895 1.52 4.75 1296.617 -0.424 872.563 1.0580540880065448 0.0
31.0 2.0 Car -1.0 -1.0 -1.0 -1.0 -1.0 -1.0 -1.0 1.803 1.513 4.486 1365.567 3.201 967.493 0.8744897100553043 0.0
31.0 5.0 Bus -1.0 -1.0 -1.0 -1.0 -1.0 -1.0 -1.0 2.753 4.364 12.145 1258.28 0.157 809.661 -2.5613699591113783 0.0
31.0 0.0 Car -1.0 -1.0 -1.0 -1.0 -1.0 -1.0 -1.0 1.748 1.503 4.445 1278.514 0.311 931.049 2.459321751782034 0.0
31.0 1.0 Car -1.0 -1.0 -1.0 -1.0 -1.0 -1.0 -1.0 1.739 1.566 4.302 1258.646 0.257 922.958 -2.257792826967249 0.0
31.0 3.0 Car -1.0 -1.0 -1.0 -1.0 -1.0 -1.0 -1.0 1.895 1.52 4.75 1299.003 -0.361 876.884 1.0449712046135522 0.0
32.0 2.0 Car -1.0 -1.0 -1.0 -1.0 -1.0 -1.0 -1.0 1.803 1.513 4.486 1368.689 3.379 971.275 0.888465380024384 0.0
32.0 5.0 Bus -1.0 -1.0 -1.0 -1.0 -1.0 -1.0 -1.0 2.753 4.364 12.145 1255.394 0.2 808.365 -2.601383196416839 0.0
32.0 0.0 Car -1.0 -1.0 -1.0 -1.0 -1.0 -1.0 -1.0 1.748 1.503 4.445 1274.838 0.39 934.133 2.468053514615991 0.0
32.0 1.0 Car -1.0 -1.0 -1.0 -1.0 -1.0 -1.0 -1.0 1.739 1.566 4.302 1257.883 0.21 922.019 -2.257792826967249 0.0
32.0 3.0 Car -1.0 -1.0 -1.0 -1.0 -1.0 -1.0 -1.0 1.895 1.52 4.75 1301.391 -0.298 881.21 1.0318735603626163 0.0
33.0 2.0 Car -1.0 -1.0 -1.0 -1.0 -1.0 -1.0 -1.0 1.803 1.513 4.486 1371.805 3.556 975.048 0.9024086276678889 0.0
33.0 5.0 Bus -1.0 -1.0 -1.0 -1.0 -1.0 -1.0 -1.0 2.753 4.364 12.145 1252.466 0.243 807.187 -2.64130360652975 0.0
33.0 0.0 Car -1.0 -1.0 -1.0 -1.0 -1.0 -1.0 -1.0 1.748 1.503 4.445 1270.93 0.495 937.289 2.4535210444770126 0.0
33.0 1.0 Car -1.0 -1.0 -1.0 -1.0 -1.0 -1.0 -1.0 1.739 1.566 4.302 1257.121 0.162 921.082 -2.257792826967249 0.0
33.0 3.0 Car -1.0 -1.0 -1.0 -1.0 -1.0 -1.0 -1.0 1.895 1.52 4.75 1303.979 -0.149 885.517 1.023152023467245 0.0
34.0 2.0 Car -1.0 -1.0 -1.0 -1.0 -1.0 -1.0 -1.0 1.803 1.513 4.486 1374.802 3.734 978.921 0.9024086276678889 0.0
34.0 0.0 Car -1.0 -1.0 -1.0 -1.0 -1.0 -1.0 -1.0 1.748 1.503 4.445 1267.017 0.6 940.448 2.4389715471352886 0.0
34.0 3.0 Car -1.0 -1.0 -1.0 -1.0 -1.0 -1.0 -1.0 1.895 1.52 4.75 1306.569 0.001 889.829 1.014420267842673 0.0
35.0 0.0 Car -1.0 -1.0 -1.0 -1.0 -1.0 -1.0 -1.0 1.748 1.503 4.445 1263.105 0.706 943.607 2.424422020687236 0.0
35.0 3.0 Car -1.0 -1.0 -1.0 -1.0 -1.0 -1.0 -1.0 1.895 1.52 4.75 1309.426 0.201 894.319 1.0144202678426728 0.0
36.0 0.0 Car -1.0 -1.0 -1.0 -1.0 -1.0 -1.0 -1.0 1.748 1.503 4.445 1259.331 0.827 947.046 2.392422799765579 0.0
36.0 3.0 Car -1.0 -1.0 -1.0 -1.0 -1.0 -1.0 -1.0 1.895 1.52 4.75 1312.283 0.401 898.808 1.0144202678426728 0.0
37.0 0.0 Car -1.0 -1.0 -1.0 -1.0 -1.0 -1.0 -1.0 1.748 1.503 4.445 1255.67 0.949 950.604 2.360425051123152 0.0
37.0 3.0 Car -1.0 -1.0 -1.0 -1.0 -1.0 -1.0 -1.0 1.895 1.52 4.75 1315.445 0.565 903.414 0.9795141250622489 0.0
38.0 3.0 Car -1.0 -1.0 -1.0 -1.0 -1.0 -1.0 -1.0 1.895 1.52 4.75 1318.766 0.728 907.906 0.9446078426209422 0.0
