0.0 14.0 Bus -1.0 -1.0 -1.0 -1.0 -1.0 -1.0 -1.0 2.958 3.588 12.914 790.054 1.814 1380.973 -0.5475446929310728 0.0
0.0 4.0 Car -1.0 -1.0 -1.0 -1.0 -1.0 -1.0 -1.0 1.566 1.738 5.011 709.86 0.704 1434.516 -0.558767160026072 0.0
0.0 2.0 Car -1.0 -1.0 -1.0 -1.0 -1.0 -1.0 -1.0 1.835 1.555 5.483 750.365 0.618 1409.512 -0.5646838261897513 0.0
0.0 12.0 Car -1.0 -1.0 -1.0 -1.0 -1.0 -1.0 -1.0 1.949 2.144 5.312 800.588 1.212 1388.533 2.538424317397955 0.0
0.0 9.0 Car -1.0 -1.0 -1.0 -1.0 -1.0 -1.0 -1.0 1.822 1.541 4.676 811.8 1.105 1382.767 2.5673618763933885 0.0
0.0 6.0 Car -1.0 -1.0 -1.0 -1.0 -1.0 -1.0 -1.0 1.814 1.682 5.243 797.659 1.081 1380.846 -0.5649979854510159 0.0
0.0 8.0 Car -1.0 -1.0 -1.0 -1.0 -1.0 -1.0 -1.0 1.734 1.811 5.162 764.422 0.537 1396.829 -0.3433062638659122 0.0
1.0 14.0 Bus -1.0 -1.0 -1.0 -1.0 -1.0 -1.0 -1.0 2.958 3.588 12.914 793.767 1.844 1378.703 -0.551218389851258 1.0
1.0 4.0 Car -1.0 -1.0 -1.0 -1.0 -1.0 -1.0 -1.0 1.566 1.738 5.011 713.597 0.706 1432.228 -0.558767160026072 1.0
1.0 2.0 Car -1.0 -1.0 -1.0 -1.0 -1.0 -1.0 -1.0 1.835 1.555 5.483 754.831 0.634 1406.713 -0.567454290984784 1.0
1.0 12.0 Car -1.0 -1.0 -1.0 -1.0 -1.0 -1.0 -1.0 1.949 2.144 5.312 800.032 1.212 1388.914 2.538424317397955 1.0
1.0 9.0 Car -1.0 -1.0 -1.0 -1.0 -1.0 -1.0 -1.0 1.822 1.541 4.676 811.09 1.097 1383.22 2.58017428572276 1.0
1.0 6.0 Car -1.0 -1.0 -1.0 -1.0 -1.0 -1.0 -1.0 1.814 1.682 5.243 802.41 1.123 1377.857 -0.5613242885308307 1.0
1.0 8.0 Car -1.0 -1.0 -1.0 -1.0 -1.0 -1.0 -1.0 1.734 1.811 5.162 768.064 0.6 1395.003 -0.5469597604629839 1.0
2.0 14.0 Bus -1.0 -1.0 -1.0 -1.0 -1.0 -1.0 -1.0 2.958 3.588 12.914 798.408 1.882 1375.865 -0.5558114229866908 1.0
2.0 4.0 Car -1.0 -1.0 -1.0 -1.0 -1.0 -1.0 -1.0 1.566 1.738 5.011 718.268 0.709 1429.368 -0.558767160026072 1.0
2.0 2.0 Car -1.0 -1.0 -1.0 -1.0 -1.0 -1.0 -1.0 1.835 1.555 5.483 760.415 0.655 1403.213 -0.5709180597388741 1.0
2.0 12.0 Car -1.0 -1.0 -1.0 -1.0 -1.0 -1.0 -1.0 1.949 2.144 5.312 799.338 1.212 1389.39 2.538424317397955 1.0
2.0 5.0 Car -1.0 -1.0 -1.0 -1.0 -1.0 -1.0 -1.0 2.072 2.21 6.059 687.0 0.358 1445.681 -0.6187541264212113 0.0
2.0 9.0 Car -1.0 -1.0 -1.0 -1.0 -1.0 -1.0 -1.0 1.822 1.541 4.676 810.195 1.088 1383.775 2.5961929780300075 1.0
2.0 6.0 Car -1.0 -1.0 -1.0 -1.0 -1.0 -1.0 -1.0 1.814 1.682 5.243 808.351 1.176 1374.119 -0.5567312553953979 1.0
2.0 8.0 Car -1.0 -1.0 -1.0 -1.0 -1.0 -1.0 -1.0 1.734 1.811 5.162 772.631 0.679 1392.248 -0.539743137976441 1.0
2.0 10.0 Car -1.0 -1.0 -1.0 -1.0 -1.0 -1.0 -1.0 1.765 1.737 4.861 732.033 0.659 1416.822 -0.4880289654439101 0.0
3.0 14.0 Bus -1.0 -1.0 -1.0 -1.0 -1.0 -1.0 -1.0 2.958 3.588 12.914 803.05 1.92 1373.026 -0.5604050993358675 1.0
3.0 4.0 Car -1.0 -1.0 -1.0 -1.0 -1.0 -1.0 -1.0 1.566 1.738 5.011 722.941 0.711 1426.507 -0.558767160026072 1.0
3.0 2.0 Car -1.0 -1.0 -1.0 -1.0 -1.0 -1.0 -1.0 1.835 1.555 5.483 765.69 0.654 1399.945 -0.5297772411498651 1.0
3.0 12.0 Car -1.0 -1.0 -1.0 -1.0 -1.0 -1.0 -1.0 1.949 2.144 5.312 798.647 1.212 1389.865 2.538424317397955 1.0
3.0 5.0 Car -1.0 -1.0 -1.0 -1.0 -1.0 -1.0 -1.0 2.072 2.21 6.059 691.718 0.39 1442.454 -0.6082766272336757 1.0
3.0 9.0 Car -1.0 -1.0 -1.0 -1.0 -1.0 -1.0 -1.0 1.822 1.541 4.676 809.291 1.078 1384.315 2.612213913613701 1.0
3.0 6.0 Car -1.0 -1.0 -1.0 -1.0 -1.0 -1.0 -1.0 1.814 1.682 5.243 814.417 1.229 1370.296 -0.5521375790462214 1.0
3.0 8.0 Car -1.0 -1.0 -1.0 -1.0 -1.0 -1.0 -1.0 1.734 1.811 5.162 776.762 0.758 1389.479 -0.567444310803221 1.0
3.0 10.0 Car -1.0 -1.0 -1.0 -1.0 -1.0 -1.0 -1.0 1.765 1.737 4.861 737.145 0.642 1413.8 -0.4996591624625477 1.0
4.0 14.0 Bus -1.0 -1.0 -1.0 -1.0 -1.0 -1.0 -1.0 2.958 3.588 12.914 807.691 1.958 1370.188 -0.5649979854510159 1.0
4.0 4.0 Car -1.0 -1.0 -1.0 -1.0 -1.0 -1.0 -1.0 1.566 1.738 5.011 727.612 0.714 1423.647 -0.558767160026072 1.0
4.0 2.0 Car -1.0 -1.0 -1.0 -1.0 -1.0 -1.0 -1.0 1.835 1.555 5.483 771.103 0.621 1396.571 -0.5472305336698082 1.0
4.0 12.0 Car -1.0 -1.0 -1.0 -1.0 -1.0 -1.0 -1.0 1.949 2.144 5.312 797.955 1.212 1390.339 2.538424317397955 1.0
4.0 5.0 Car -1.0 -1.0 -1.0 -1.0 -1.0 -1.0 -1.0 2.072 2.21 6.059 696.434 0.421 1439.226 -0.5978009304535714 1.0
4.0 9.0 Car -1.0 -1.0 -1.0 -1.0 -1.0 -1.0 -1.0 1.822 1.541 4.676 808.379 1.068 1384.84 2.6282320931720458 1.0
4.0 6.0 Car -1.0 -1.0 -1.0 -1.0 -1.0 -1.0 -1.0 1.814 1.682 5.243 820.606 1.281 1366.399 -0.5475446929310728 1.0
4.0 8.0 Car -1.0 -1.0 -1.0 -1.0 -1.0 -1.0 -1.0 1.734 1.811 5.162 781.342 0.837 1386.495 -0.5527457741052303 1.0
4.0 10.0 Car -1.0 -1.0 -1.0 -1.0 -1.0 -1.0 -1.0 1.765 1.737 4.861 742.256 0.625 1410.779 -0.5112873587791901 1.0
5.0 14.0 Bus -1.0 -1.0 -1.0 -1.0 -1.0 -1.0 -1.0 2.958 3.588 12.914 812.485 2.052 1367.139 -0.5545216219246156 1.0
5.0 4.0 Car -1.0 -1.0 -1.0 -1.0 -1.0 -1.0 -1.0 1.566 1.738 5.011 732.29 0.716 1420.784 -0.558767160026072 1.0
5.0 2.0 Car -1.0 -1.0 -1.0 -1.0 -1.0 -1.0 -1.0 1.835 1.555 5.483 776.787 0.721 1393.187 -0.5437384124943416 1.0
5.0 12.0 Car -1.0 -1.0 -1.0 -1.0 -1.0 -1.0 -1.0 1.949 2.144 5.312 797.19 1.212 1390.864 2.538424317397955 1.0
5.0 5.0 Car -1.0 -1.0 -1.0 -1.0 -1.0 -1.0 -1.0 2.072 2.21 6.059 699.994 0.477 1436.836 -0.5960586757951809 1.0
5.0 9.0 Car -1.0 -1.0 -1.0 -1.0 -1.0 -1.0 -1.0 1.822 1.541 4.676 807.457 1.059 1385.351 2.644268923971701 1.0
5.0 6.0 Car -1.0 -1.0 -1.0 -1.0 -1.0 -1.0 -1.0 1.814 1.682 5.243 827.167 1.384 1362.284 -0.5126381078911866 1.0
5.0 8.0 Car -1.0 -1.0 -1.0 -1.0 -1.0 -1.0 -1.0 1.734 1.811 5.162 785.85 0.922 1383.652 -0.5527457741052303 1.0
5.0 10.0 Car -1.0 -1.0 -1.0 -1.0 -1.0 -1.0 -1.0 1.765 1.737 4.861 747.373 0.609 1407.754 -0.5229290947302658 1.0
6.0 14.0 Bus -1.0 -1.0 -1.0 -1.0 -1.0 -1.0 -1.0 2.958 3.588 12.914 817.282 2.146 1364.096 -0.5440448396945481 1.0
6.0 4.0 Car -1.0 -1.0 -1.0 -1.0 -1.0 -1.0 -1.0 1.566 1.738 5.011 736.967 0.719 1417.92 -0.558767160026072 1.0
6.0 2.0 Car -1.0 -1.0 -1.0 -1.0 -1.0 -1.0 -1.0 1.835 1.555 5.483 782.612 0.804 1389.599 -0.5421686397676093 1.0
6.0 12.0 Car -1.0 -1.0 -1.0 -1.0 -1.0 -1.0 -1.0 1.949 2.144 5.312 796.425 1.212 1391.389 2.538424317397955 1.0
6.0 5.0 Car -1.0 -1.0 -1.0 -1.0 -1.0 -1.0 -1.0 2.072 2.21 6.059 703.554 0.534 1434.446 -0.594316351504956 1.0
6.0 9.0 Car -1.0 -1.0 -1.0 -1.0 -1.0 -1.0 -1.0 1.822 1.541 4.676 806.527 1.049 1385.847 2.660306395707485 1.0
6.0 6.0 Car -1.0 -1.0 -1.0 -1.0 -1.0 -1.0 -1.0 1.814 1.682 5.243 833.807 1.427 1358.157 -0.5231120130970011 1.0
6.0 8.0 Car -1.0 -1.0 -1.0 -1.0 -1.0 -1.0 -1.0 1.734 1.811 5.162 790.358 1.008 1380.81 -0.5527457741052303 1.0
6.0 10.0 Car -1.0 -1.0 -1.0 -1.0 -1.0 -1.0 -1.0 1.765 1.737 4.861 752.49 0.592 1404.728 -0.534571295960875 1.0
7.0 14.0 Bus -1.0 -1.0 -1.0 -1.0 -1.0 -1.0 -1.0 2.958 3.588 12.914 822.083 2.24 1361.059 -0.5335680783996645 1.0
7.0 4.0 Car -1.0 -1.0 -1.0 -1.0 -1.0 -1.0 -1.0 1.566 1.738 5.011 741.644 0.721 1415.056 -0.558767160026072 1.0
7.0 2.0 Car -1.0 -1.0 -1.0 -1.0 -1.0 -1.0 -1.0 1.835 1.555 5.483 788.354 0.888 1386.062 -0.5405988701776683 1.0
7.0 7.0 Car -1.0 -1.0 -1.0 -1.0 -1.0 -1.0 -1.0 2.037 2.28 5.403 680.948 0.271 1451.334 -0.5489409563414389 0.0
7.0 12.0 Car -1.0 -1.0 -1.0 -1.0 -1.0 -1.0 -1.0 1.949 2.144 5.312 795.659 1.212 1391.915 2.538424317397955 1.0
7.0 5.0 Car -1.0 -1.0 -1.0 -1.0 -1.0 -1.0 -1.0 2.072 2.21 6.059 708.24 0.59 1431.266 -0.5838475413813251 1.0
7.0 9.0 Car -1.0 -1.0 -1.0 -1.0 -1.0 -1.0 -1.0 1.822 1.541 4.676 805.589 1.04 1386.329 2.6763438353964615 1.0
7.0 6.0 Car -1.0 -1.0 -1.0 -1.0 -1.0 -1.0 -1.0 1.814 1.682 5.243 840.337 1.469 1353.858 -0.5335858973733814 0.0
7.0 8.0 Car -1.0 -1.0 -1.0 -1.0 -1.0 -1.0 -1.0 1.734 1.811 5.162 794.866 0.924 1377.967 -0.5527457741052303 0.0
7.0 10.0 Car -1.0 -1.0 -1.0 -1.0 -1.0 -1.0 -1.0 1.765 1.737 4.861 757.564 0.6 1401.631 -0.5462134739275077 1.0
7.0 0.0 Truck -1.0 -1.0 -1.0 -1.0 -1.0 -1.0 -1.0 2.157 1.988 6.229 728.39 0.811 1418.974 -0.5238605749861858 0.0
8.0 14.0 Bus -1.0 -1.0 -1.0 -1.0 -1.0 -1.0 -1.0 2.958 3.588 12.914 826.88 2.334 1358.027 -0.5231034804463177 1.0
8.0 4.0 Car -1.0 -1.0 -1.0 -1.0 -1.0 -1.0 -1.0 1.566 1.738 5.011 746.351 0.686 1412.253 -0.558767160026072 1.0
8.0 2.0 Car -1.0 -1.0 -1.0 -1.0 -1.0 -1.0 -1.0 1.835 1.555 5.483 794.089 0.972 1382.529 -0.539030923063502 1.0
8.0 7.0 Car -1.0 -1.0 -1.0 -1.0 -1.0 -1.0 -1.0 2.037 2.28 5.403 686.24 0.329 1448.204 -0.5489409563414389 1.0
8.0 12.0 Car -1.0 -1.0 -1.0 -1.0 -1.0 -1.0 -1.0 1.949 2.144 5.312 794.92 1.212 1392.422 2.538424317397955 1.0
8.0 5.0 Car -1.0 -1.0 -1.0 -1.0 -1.0 -1.0 -1.0 2.072 2.21 6.059 712.487 0.685 1428.695 -0.5722182740644826 1.0
8.0 9.0 Car -1.0 -1.0 -1.0 -1.0 -1.0 -1.0 -1.0 1.822 1.541 4.676 804.637 1.03 1386.779 2.692362655890934 1.0
8.0 6.0 Car -1.0 -1.0 -1.0 -1.0 -1.0 -1.0 -1.0 1.814 1.682 5.243 846.859 1.512 1349.563 -0.5440476216483936 0.0
8.0 8.0 Car -1.0 -1.0 -1.0 -1.0 -1.0 -1.0 -1.0 1.734 1.811 5.162 799.434 0.979 1375.03 -0.5527457741052303 0.0
8.0 10.0 Car -1.0 -1.0 -1.0 -1.0 -1.0 -1.0 -1.0 1.765 1.737 4.861 762.633 0.609 1398.536 -0.5578421355236838 1.0
8.0 0.0 Truck -1.0 -1.0 -1.0 -1.0 -1.0 -1.0 -1.0 2.157 1.988 6.229 733.178 0.794 1416.087 -0.5238605749861858 1.0
9.0 14.0 Bus -1.0 -1.0 -1.0 -1.0 -1.0 -1.0 -1.0 2.958 3.588 12.914 831.678 2.428 1354.995 -0.5126381078911866 1.0
9.0 4.0 Car -1.0 -1.0 -1.0 -1.0 -1.0 -1.0 -1.0 1.566 1.738 5.011 751.059 0.652 1409.449 -0.558767160026072 1.0
9.0 2.0 Car -1.0 -1.0 -1.0 -1.0 -1.0 -1.0 -1.0 1.835 1.555 5.483 799.825 1.056 1378.996 -0.5374628598880555 0.0
9.0 7.0 Car -1.0 -1.0 -1.0 -1.0 -1.0 -1.0 -1.0 2.037 2.28 5.403 691.532 0.386 1445.075 -0.5489409563414389 1.0
9.0 12.0 Car -1.0 -1.0 -1.0 -1.0 -1.0 -1.0 -1.0 1.949 2.144 5.312 794.181 1.212 1392.93 2.538424317397955 1.0
9.0 5.0 Car -1.0 -1.0 -1.0 -1.0 -1.0 -1.0 -1.0 2.072 2.21 6.059 716.734 0.779 1426.124 -0.5605881459356663 1.0
9.0 9.0 Car -1.0 -1.0 -1.0 -1.0 -1.0 -1.0 -1.0 1.822 1.541 4.676 803.686 1.02 1387.229 2.7083826621172427 1.0
9.0 6.0 Car -1.0 -1.0 -1.0 -1.0 -1.0 -1.0 -1.0 1.814 1.682 5.243 853.382 1.555 1345.269 -0.5545101203124775 0.0
9.0 8.0 Car -1.0 -1.0 -1.0 -1.0 -1.0 -1.0 -1.0 1.734 1.811 5.162 804.002 1.035 1372.092 -0.5527457741052303 0.0
9.0 10.0 Car -1.0 -1.0 -1.0 -1.0 -1.0 -1.0 -1.0 1.765 1.737 4.861 767.639 0.625 1395.219 -0.5403883425555805 0.0
9.0 0.0 Truck -1.0 -1.0 -1.0 -1.0 -1.0 -1.0 -1.0 2.157 1.988 6.229 737.965 0.778 1413.199 -0.5238605749861858 1.0
10.0 14.0 Bus -1.0 -1.0 -1.0 -1.0 -1.0 -1.0 -1.0 2.958 3.588 12.914 836.741 2.542 1351.844 -0.5738920147103291 1.0
10.0 4.0 Car -1.0 -1.0 -1.0 -1.0 -1.0 -1.0 -1.0 1.566 1.738 5.011 755.723 0.679 1406.551 -0.5528378071865299 1.0
10.0 2.0 Car -1.0 -1.0 -1.0 -1.0 -1.0 -1.0 -1.0 1.835 1.555 5.483 805.416 1.115 1375.55 -0.5358909949214924 0.0
10.0 7.0 Car -1.0 -1.0 -1.0 -1.0 -1.0 -1.0 -1.0 2.037 2.28 5.403 694.966 0.435 1442.974 -0.5489409563414389 1.0
10.0 12.0 Car -1.0 -1.0 -1.0 -1.0 -1.0 -1.0 -1.0 1.949 2.144 5.312 793.52 1.212 1393.379 2.5401915372015793 1.0
10.0 5.0 Car -1.0 -1.0 -1.0 -1.0 -1.0 -1.0 -1.0 2.072 2.21 6.059 720.992 0.874 1423.547 -0.5489298203984152 1.0
10.0 9.0 Car -1.0 -1.0 -1.0 -1.0 -1.0 -1.0 -1.0 1.822 1.541 4.676 802.732 1.011 1387.681 2.7244415090728786 1.0
10.0 6.0 Car -1.0 -1.0 -1.0 -1.0 -1.0 -1.0 -1.0 1.814 1.682 5.243 859.921 1.597 1340.964 -0.5649979854510159 0.0
10.0 8.0 Car -1.0 -1.0 -1.0 -1.0 -1.0 -1.0 -1.0 1.734 1.811 5.162 808.581 1.091 1369.148 -0.5527457741052303 0.0
10.0 10.0 Car -1.0 -1.0 -1.0 -1.0 -1.0 -1.0 -1.0 1.765 1.737 4.861 772.221 0.717 1392.327 -0.5228922326221261 0.0
10.0 0.0 Truck -1.0 -1.0 -1.0 -1.0 -1.0 -1.0 -1.0 2.157 1.988 6.229 742.765 0.761 1410.305 -0.5238605749861858 1.0
11.0 14.0 Bus -1.0 -1.0 -1.0 -1.0 -1.0 -1.0 -1.0 2.958 3.588 12.914 841.778 2.606 1348.708 -0.5303823801247103 1.0
11.0 4.0 Car -1.0 -1.0 -1.0 -1.0 -1.0 -1.0 -1.0 1.566 1.738 5.011 760.364 0.706 1403.666 -0.5469376452037227 1.0
11.0 2.0 Car -1.0 -1.0 -1.0 -1.0 -1.0 -1.0 -1.0 1.835 1.555 5.483 811.347 1.199 1371.902 -0.5343268684191913 0.0
11.0 7.0 Car -1.0 -1.0 -1.0 -1.0 -1.0 -1.0 -1.0 2.037 2.28 5.403 698.382 0.483 1440.883 -0.5489409563414389 1.0
11.0 12.0 Car -1.0 -1.0 -1.0 -1.0 -1.0 -1.0 -1.0 1.949 2.144 5.312 792.862 1.212 1393.826 2.5419500567875737 1.0
11.0 5.0 Car -1.0 -1.0 -1.0 -1.0 -1.0 -1.0 -1.0 2.072 2.21 6.059 725.2 0.869 1420.934 -0.5489335248858396 1.0
11.0 9.0 Car -1.0 -1.0 -1.0 -1.0 -1.0 -1.0 -1.0 1.822 1.541 4.676 801.681 1.019 1388.132 2.7126885342697236 1.0
11.0 6.0 Car -1.0 -1.0 -1.0 -1.0 -1.0 -1.0 -1.0 1.814 1.682 5.243 866.581 1.65 1336.934 -0.5649979854510159 0.0
11.0 8.0 Car -1.0 -1.0 -1.0 -1.0 -1.0 -1.0 -1.0 1.734 1.811 5.162 813.476 1.201 1366.092 -0.5527457741052303 0.0
11.0 10.0 Car -1.0 -1.0 -1.0 -1.0 -1.0 -1.0 -1.0 1.765 1.737 4.861 777.821 0.809 1388.849 -0.5054822579638545 0.0
11.0 0.0 Truck -1.0 -1.0 -1.0 -1.0 -1.0 -1.0 -1.0 2.157 1.988 6.229 747.541 0.744 1407.424 -0.5238605749861858 1.0
12.0 14.0 Bus -1.0 -1.0 -1.0 -1.0 -1.0 -1.0 -1.0 2.958 3.588 12.914 847.018 2.719 1345.361 -0.5392544541206784 0.0
12.0 4.0 Car -1.0 -1.0 -1.0 -1.0 -1.0 -1.0 -1.0 1.566 1.738 5.011 765.017 0.733 1400.775 -0.5410229292064105 1.0
12.0 2.0 Car -1.0 -1.0 -1.0 -1.0 -1.0 -1.0 -1.0 1.835 1.555 5.483 817.293 1.282 1368.245 -0.5327588836635289 0.0
12.0 7.0 Car -1.0 -1.0 -1.0 -1.0 -1.0 -1.0 -1.0 2.037 2.28 5.403 702.349 0.59 1438.542 -0.5489409563414389 1.0
12.0 12.0 Car -1.0 -1.0 -1.0 -1.0 -1.0 -1.0 -1.0 1.949 2.144 5.312 792.203 1.212 1394.274 2.5437129141391477 1.0
12.0 5.0 Car -1.0 -1.0 -1.0 -1.0 -1.0 -1.0 -1.0 2.072 2.21 6.059 729.419 0.864 1418.316 -0.5489372385111766 1.0
12.0 9.0 Car -1.0 -1.0 -1.0 -1.0 -1.0 -1.0 -1.0 1.822 1.541 4.676 800.609 1.001 1388.54 2.805778781382995 1.0
12.0 6.0 Car -1.0 -1.0 -1.0 -1.0 -1.0 -1.0 -1.0 1.814 1.682 5.243 873.257 1.702 1332.895 -0.5649979854510159 0.0
12.0 8.0 Car -1.0 -1.0 -1.0 -1.0 -1.0 -1.0 -1.0 1.734 1.811 5.162 818.384 1.311 1363.028 -0.5527457741052303 0.0
12.0 10.0 Car -1.0 -1.0 -1.0 -1.0 -1.0 -1.0 -1.0 1.765 1.737 4.861 782.926 0.967 1385.687 -0.5491006759216189 0.0
12.0 0.0 Truck -1.0 -1.0 -1.0 -1.0 -1.0 -1.0 -1.0 2.157 1.988 6.229 752.72 0.728 1404.311 -0.5238605749861858 1.0
13.0 14.0 Bus -1.0 -1.0 -1.0 -1.0 -1.0 -1.0 -1.0 2.958 3.588 12.914 852.516 2.847 1342.276 -0.513229988896529 0.0
13.0 4.0 Car -1.0 -1.0 -1.0 -1.0 -1.0 -1.0 -1.0 1.566 1.738 5.011 769.657 0.808 1397.851 -0.5351015159959195 0.0
13.0 2.0 Car -1.0 -1.0 -1.0 -1.0 -1.0 -1.0 -1.0 1.835 1.555 5.483 823.011 1.382 1364.723 -0.5311891234839621 0.0
13.0 7.0 Car -1.0 -1.0 -1.0 -1.0 -1.0 -1.0 -1.0 2.037 2.28 5.403 706.321 0.698 1436.198 -0.5489409563414389 1.0
13.0 12.0 Car -1.0 -1.0 -1.0 -1.0 -1.0 -1.0 -1.0 1.949 2.144 5.312 791.579 1.212 1394.698 2.545477767568216 1.0
13.0 5.0 Car -1.0 -1.0 -1.0 -1.0 -1.0 -1.0 -1.0 2.072 2.21 6.059 733.715 0.808 1415.653 -0.5314876638214957 1.0
13.0 9.0 Car -1.0 -1.0 -1.0 -1.0 -1.0 -1.0 -1.0 1.822 1.541 4.676 799.502 0.982 1388.848 2.8989744342723114 1.0
13.0 6.0 Car -1.0 -1.0 -1.0 -1.0 -1.0 -1.0 -1.0 1.814 1.682 5.243 879.656 1.755 1328.81 -0.5649979854510159 0.0
13.0 8.0 Car -1.0 -1.0 -1.0 -1.0 -1.0 -1.0 -1.0 1.734 1.811 5.162 823.435 1.415 1359.892 -0.5527457741052303 0.0
13.0 10.0 Car -1.0 -1.0 -1.0 -1.0 -1.0 -1.0 -1.0 1.765 1.737 4.861 787.987 1.075 1382.444 -0.5578421355236838 0.0
13.0 0.0 Truck -1.0 -1.0 -1.0 -1.0 -1.0 -1.0 -1.0 2.157 1.988 6.229 758.14 0.811 1401.276 -0.558767160026072 1.0
14.0 14.0 Bus -1.0 -1.0 -1.0 -1.0 -1.0 -1.0 -1.0 2.958 3.588 12.914 857.157 2.907 1339.198 -0.537757261253733 0.0
14.0 4.0 Car -1.0 -1.0 -1.0 -1.0 -1.0 -1.0 -1.0 1.566 1.738 5.011 773.83 0.876 1395.221 -0.5297756459594614 0.0
14.0 2.0 Car -1.0 -1.0 -1.0 -1.0 -1.0 -1.0 -1.0 1.835 1.555 5.483 828.153 1.471 1361.555 -0.5297772411498651 0.0
14.0 7.0 Car -1.0 -1.0 -1.0 -1.0 -1.0 -1.0 -1.0 2.037 2.28 5.403 709.632 0.78 1434.22 -0.5457332714277081 1.0
14.0 12.0 Car -1.0 -1.0 -1.0 -1.0 -1.0 -1.0 -1.0 1.949 2.144 5.312 791.018 1.212 1395.08 2.5470651217457565 1.0
14.0 5.0 Car -1.0 -1.0 -1.0 -1.0 -1.0 -1.0 -1.0 2.072 2.21 6.059 737.353 0.808 1413.357 -0.5489409563414389 1.0
14.0 9.0 Car -1.0 -1.0 -1.0 -1.0 -1.0 -1.0 -1.0 1.822 1.541 4.676 798.014 0.973 1389.235 2.8989744342723114 1.0
14.0 6.0 Car -1.0 -1.0 -1.0 -1.0 -1.0 -1.0 -1.0 1.814 1.682 5.243 885.41 1.803 1325.135 -0.5649979854510159 0.0
14.0 8.0 Car -1.0 -1.0 -1.0 -1.0 -1.0 -1.0 -1.0 1.734 1.811 5.162 827.979 1.507 1357.072 -0.5527457741052303 0.0
14.0 10.0 Car -1.0 -1.0 -1.0 -1.0 -1.0 -1.0 -1.0 1.765 1.737 4.861 792.615 1.015 1379.658 -0.553811858010969 0.0
14.0 0.0 Truck -1.0 -1.0 -1.0 -1.0 -1.0 -1.0 -1.0 2.157 1.988 6.229 762.63 0.746 1398.227 -0.5238605749861858 1.0
15.0 14.0 Bus -1.0 -1.0 -1.0 -1.0 -1.0 -1.0 -1.0 2.958 3.588 12.914 862.514 2.956 1335.778 -0.5649979854510159 0.0
15.0 4.0 Car -1.0 -1.0 -1.0 -1.0 -1.0 -1.0 -1.0 1.566 1.738 5.011 778.464 0.952 1392.301 -0.5238605749861858 0.0
15.0 2.0 Car -1.0 -1.0 -1.0 -1.0 -1.0 -1.0 -1.0 1.835 1.555 5.483 834.401 1.5 1357.722 -0.5297772411498651 0.0
15.0 7.0 Car -1.0 -1.0 -1.0 -1.0 -1.0 -1.0 -1.0 2.037 2.28 5.403 713.317 0.87 1432.035 -0.5421707203713102 1.0
15.0 12.0 Car -1.0 -1.0 -1.0 -1.0 -1.0 -1.0 -1.0 1.949 2.144 5.312 790.395 1.212 1395.504 2.548828084896491 1.0
15.0 5.0 Car -1.0 -1.0 -1.0 -1.0 -1.0 -1.0 -1.0 2.072 2.21 6.059 741.829 0.858 1410.692 -0.5594156977438449 1.0
15.0 9.0 Car -1.0 -1.0 -1.0 -1.0 -1.0 -1.0 -1.0 1.822 1.541 4.676 795.8 0.964 1389.496 2.706988216552935 1.0
15.0 6.0 Car -1.0 -1.0 -1.0 -1.0 -1.0 -1.0 -1.0 1.814 1.682 5.243 891.802 1.855 1321.054 -0.5649979854510159 0.0
15.0 8.0 Car -1.0 -1.0 -1.0 -1.0 -1.0 -1.0 -1.0 1.734 1.811 5.162 832.968 1.534 1353.847 -0.5527457741052303 0.0
15.0 10.0 Car -1.0 -1.0 -1.0 -1.0 -1.0 -1.0 -1.0 1.765 1.737 4.861 797.84 1.093 1376.51 -0.549335710946449 0.0
15.0 0.0 Truck -1.0 -1.0 -1.0 -1.0 -1.0 -1.0 -1.0 2.157 1.988 6.229 767.549 0.815 1395.203 -0.5491701790137418 1.0
16.0 14.0 Bus -1.0 -1.0 -1.0 -1.0 -1.0 -1.0 -1.0 2.958 3.588 12.914 867.58 2.945 1332.316 -0.5780917529526919 0.0
16.0 4.0 Car -1.0 -1.0 -1.0 -1.0 -1.0 -1.0 -1.0 1.566 1.738 5.011 783.397 1.071 1389.208 -0.5238605749861858 0.0
16.0 2.0 Car -1.0 -1.0 -1.0 -1.0 -1.0 -1.0 -1.0 1.835 1.555 5.483 840.187 1.528 1354.16 -0.5297772411498651 0.0
16.0 7.0 Car -1.0 -1.0 -1.0 -1.0 -1.0 -1.0 -1.0 2.037 2.28 5.403 717.001 0.961 1429.85 -0.5386083118457456 1.0
16.0 12.0 Car -1.0 -1.0 -1.0 -1.0 -1.0 -1.0 -1.0 1.949 2.144 5.312 789.64 1.212 1396.017 2.5505909775144517 1.0
16.0 5.0 Car -1.0 -1.0 -1.0 -1.0 -1.0 -1.0 -1.0 2.072 2.21 6.059 745.872 0.833 1408.1 -0.5698900200719419 1.0
16.0 9.0 Car -1.0 -1.0 -1.0 -1.0 -1.0 -1.0 -1.0 1.822 1.541 4.676 793.147 0.954 1390.814 2.759348094112765 1.0
16.0 6.0 Car -1.0 -1.0 -1.0 -1.0 -1.0 -1.0 -1.0 1.814 1.682 5.243 898.193 1.908 1316.974 -0.5649979854510159 0.0
16.0 8.0 Car -1.0 -1.0 -1.0 -1.0 -1.0 -1.0 -1.0 1.734 1.811 5.162 837.988 1.649 1350.672 -0.5527457741052303 0.0
16.0 10.0 Car -1.0 -1.0 -1.0 -1.0 -1.0 -1.0 -1.0 1.765 1.737 4.861 803.08 1.17 1373.355 -0.5448597429639861 0.0
16.0 0.0 Truck -1.0 -1.0 -1.0 -1.0 -1.0 -1.0 -1.0 2.157 1.988 6.229 772.951 0.925 1391.806 -0.5482945866694808 1.0
17.0 14.0 Bus -1.0 -1.0 -1.0 -1.0 -1.0 -1.0 -1.0 2.958 3.588 12.914 872.635 2.934 1328.851 -0.5911706947217286 0.0
17.0 4.0 Car -1.0 -1.0 -1.0 -1.0 -1.0 -1.0 -1.0 1.566 1.738 5.011 788.328 1.072 1386.124 -0.5306979426549558 0.0
17.0 2.0 Car -1.0 -1.0 -1.0 -1.0 -1.0 -1.0 -1.0 1.835 1.555 5.483 845.966 1.556 1350.602 -0.5297772411498651 0.0
17.0 7.0 Car -1.0 -1.0 -1.0 -1.0 -1.0 -1.0 -1.0 2.037 2.28 5.403 720.628 1.026 1427.637 -0.5350499369427686 1.0
17.0 12.0 Car -1.0 -1.0 -1.0 -1.0 -1.0 -1.0 -1.0 1.949 2.144 5.312 788.886 1.212 1396.53 2.552351874054918 1.0
17.0 5.0 Car -1.0 -1.0 -1.0 -1.0 -1.0 -1.0 -1.0 2.072 2.21 6.059 749.91 0.708 1405.511 -0.5803524825970913 1.0
17.0 9.0 Car -1.0 -1.0 -1.0 -1.0 -1.0 -1.0 -1.0 1.822 1.541 4.676 790.17 0.947 1392.408 2.6983053978309774 1.0
17.0 6.0 Car -1.0 -1.0 -1.0 -1.0 -1.0 -1.0 -1.0 1.814 1.682 5.243 904.577 1.96 1312.898 -0.5649979854510159 0.0
17.0 8.0 Car -1.0 -1.0 -1.0 -1.0 -1.0 -1.0 -1.0 1.734 1.811 5.162 843.002 1.763 1347.501 -0.5527457741052303 0.0
17.0 10.0 Car -1.0 -1.0 -1.0 -1.0 -1.0 -1.0 -1.0 1.765 1.737 4.861 808.171 1.248 1370.29 -0.5403888430037406 0.0
17.0 0.0 Truck -1.0 -1.0 -1.0 -1.0 -1.0 -1.0 -1.0 2.157 1.988 6.229 777.991 1.036 1388.63 -0.5474199857356745 0.0
18.0 14.0 Bus -1.0 -1.0 -1.0 -1.0 -1.0 -1.0 -1.0 2.958 3.588 12.914 877.692 2.923 1325.377 -0.6042639645398 0.0
18.0 4.0 Car -1.0 -1.0 -1.0 -1.0 -1.0 -1.0 -1.0 1.566 1.738 5.011 793.312 1.136 1383.017 -0.5290306068526602 0.0
18.0 2.0 Car -1.0 -1.0 -1.0 -1.0 -1.0 -1.0 -1.0 1.835 1.555 5.483 851.683 1.585 1347.08 -0.5297772411498651 0.0
18.0 7.0 Car -1.0 -1.0 -1.0 -1.0 -1.0 -1.0 -1.0 2.037 2.28 5.403 724.259 1.092 1425.422 -0.5314876638214957 1.0
18.0 12.0 Car -1.0 -1.0 -1.0 -1.0 -1.0 -1.0 -1.0 1.949 2.144 5.312 788.071 1.212 1397.083 2.5541146996667443 1.0
18.0 5.0 Car -1.0 -1.0 -1.0 -1.0 -1.0 -1.0 -1.0 2.072 2.21 6.059 753.947 0.708 1402.869 -0.5908264068045942 1.0
18.0 9.0 Car -1.0 -1.0 -1.0 -1.0 -1.0 -1.0 -1.0 1.822 1.541 4.676 787.065 0.94 1394.155 2.637195828956515 1.0
18.0 6.0 Car -1.0 -1.0 -1.0 -1.0 -1.0 -1.0 -1.0 1.814 1.682 5.243 910.968 2.013 1308.817 -0.5649979854510159 0.0
18.0 8.0 Car -1.0 -1.0 -1.0 -1.0 -1.0 -1.0 -1.0 1.734 1.811 5.162 848.022 1.878 1344.326 -0.5527457741052303 0.0
18.0 10.0 Car -1.0 -1.0 -1.0 -1.0 -1.0 -1.0 -1.0 1.765 1.737 4.861 813.396 1.36 1367.222 -0.5403888430037406 0.0
18.0 11.0 Bus -1.0 -1.0 -1.0 -1.0 -1.0 -1.0 -1.0 2.997 3.311 12.86 838.523 2.603 1364.22 2.5317222530635686 0.0
18.0 0.0 Truck -1.0 -1.0 -1.0 -1.0 -1.0 -1.0 -1.0 2.157 1.988 6.229 783.072 1.116 1385.448 -0.5552756843271807 0.0
18.0 3.0 Car -1.0 -1.0 -1.0 -1.0 -1.0 -1.0 -1.0 1.736 1.711 5.173 710.372 0.671 1434.377 -0.5838475413813251 0.0
19.0 14.0 Bus -1.0 -1.0 -1.0 -1.0 -1.0 -1.0 -1.0 2.958 3.588 12.914 882.749 2.912 1321.903 -0.6173578630108452 0.0
19.0 4.0 Car -1.0 -1.0 -1.0 -1.0 -1.0 -1.0 -1.0 1.566 1.738 5.011 798.296 1.199 1379.911 -0.5273631909958305 0.0
19.0 2.0 Car -1.0 -1.0 -1.0 -1.0 -1.0 -1.0 -1.0 1.835 1.555 5.483 857.401 1.613 1343.558 -0.5297772411498651 0.0
19.0 7.0 Car -1.0 -1.0 -1.0 -1.0 -1.0 -1.0 -1.0 2.037 2.28 5.403 728.475 1.111 1422.991 -0.5357427486503701 1.0
19.0 12.0 Car -1.0 -1.0 -1.0 -1.0 -1.0 -1.0 -1.0 1.949 2.144 5.312 787.255 1.212 1397.637 2.555877609917898 1.0
19.0 5.0 Car -1.0 -1.0 -1.0 -1.0 -1.0 -1.0 -1.0 2.072 2.21 6.059 757.73 0.808 1400.296 -0.6013008339012682 1.0
19.0 9.0 Car -1.0 -1.0 -1.0 -1.0 -1.0 -1.0 -1.0 1.822 1.541 4.676 783.387 0.858 1396.301 2.602268461433275 1.0
19.0 13.0 Truck -1.0 -1.0 -1.0 -1.0 -1.0 -1.0 -1.0 2.068 2.0 6.029 685.607 0.429 1446.986 -0.566394248861382 0.0
19.0 10.0 Car -1.0 -1.0 -1.0 -1.0 -1.0 -1.0 -1.0 1.765 1.737 4.861 818.621 1.473 1364.153 -0.5403888430037406 0.0
19.0 11.0 Bus -1.0 -1.0 -1.0 -1.0 -1.0 -1.0 -1.0 2.997 3.311 12.86 834.119 2.528 1365.407 2.5491755455835117 1.0
19.0 0.0 Truck -1.0 -1.0 -1.0 -1.0 -1.0 -1.0 -1.0 2.157 1.988 6.229 787.746 1.196 1382.647 -0.5413138675061289 0.0
19.0 3.0 Car -1.0 -1.0 -1.0 -1.0 -1.0 -1.0 -1.0 1.736 1.711 5.173 714.52 0.785 1431.827 -0.5838475413813251 1.0
20.0 14.0 Bus -1.0 -1.0 -1.0 -1.0 -1.0 -1.0 -1.0 2.958 3.588 12.914 888.211 2.983 1317.713 -0.643709629993758 0.0
20.0 4.0 Car -1.0 -1.0 -1.0 -1.0 -1.0 -1.0 -1.0 1.566 1.738 5.011 803.781 1.269 1376.491 -0.5255279608225653 0.0
20.0 2.0 Car -1.0 -1.0 -1.0 -1.0 -1.0 -1.0 -1.0 1.835 1.555 5.483 863.693 1.644 1339.681 -0.5297772411498651 0.0
20.0 7.0 Car -1.0 -1.0 -1.0 -1.0 -1.0 -1.0 -1.0 2.037 2.28 5.403 733.116 1.133 1420.315 -0.5404260794677951 1.0
20.0 12.0 Car -1.0 -1.0 -1.0 -1.0 -1.0 -1.0 -1.0 1.949 2.144 5.312 786.259 1.212 1398.297 2.5691863391353875 1.0
20.0 5.0 Car -1.0 -1.0 -1.0 -1.0 -1.0 -1.0 -1.0 2.072 2.21 6.059 761.617 0.877 1397.738 -0.6013008339012682 1.0
20.0 9.0 Car -1.0 -1.0 -1.0 -1.0 -1.0 -1.0 -1.0 1.822 1.541 4.676 778.956 0.915 1398.746 2.594739385152443 1.0
20.0 13.0 Truck -1.0 -1.0 -1.0 -1.0 -1.0 -1.0 -1.0 2.068 2.0 6.029 692.455 0.566 1442.713 -0.566394248861382 1.0
20.0 10.0 Car -1.0 -1.0 -1.0 -1.0 -1.0 -1.0 -1.0 1.765 1.737 4.861 824.221 1.674 1360.625 -0.5403888430037406 0.0
20.0 11.0 Bus -1.0 -1.0 -1.0 -1.0 -1.0 -1.0 -1.0 2.997 3.311 12.86 830.701 2.446 1367.264 2.566628838103455 1.0
20.0 0.0 Truck -1.0 -1.0 -1.0 -1.0 -1.0 -1.0 -1.0 2.157 1.988 6.229 793.38 1.284 1379.079 -0.5413138675061289 0.0
20.0 3.0 Car -1.0 -1.0 -1.0 -1.0 -1.0 -1.0 -1.0 1.736 1.711 5.173 719.166 0.84 1429.145 -0.5838475413813251 1.0
21.0 14.0 Bus -1.0 -1.0 -1.0 -1.0 -1.0 -1.0 -1.0 2.958 3.588 12.914 893.047 3.047 1313.747 -0.6676513478616074 0.0
21.0 4.0 Car -1.0 -1.0 -1.0 -1.0 -1.0 -1.0 -1.0 1.566 1.738 5.011 808.765 1.332 1373.385 -0.5238605749861858 0.0
21.0 7.0 Car -1.0 -1.0 -1.0 -1.0 -1.0 -1.0 -1.0 2.037 2.28 5.403 737.333 1.152 1417.885 -0.5446810876873691 1.0
21.0 12.0 Car -1.0 -1.0 -1.0 -1.0 -1.0 -1.0 -1.0 1.949 2.144 5.312 785.354 1.212 1398.897 2.581277894146152 1.0
21.0 5.0 Car -1.0 -1.0 -1.0 -1.0 -1.0 -1.0 -1.0 2.072 2.21 6.059 764.949 0.94 1395.551 -0.6013008339012682 1.0
21.0 9.0 Car -1.0 -1.0 -1.0 -1.0 -1.0 -1.0 -1.0 1.822 1.541 4.676 774.914 0.905 1401.081 2.5878988943330574 1.0
21.0 13.0 Truck -1.0 -1.0 -1.0 -1.0 -1.0 -1.0 -1.0 2.068 2.0 6.029 698.676 0.691 1438.832 -0.566394248861382 1.0
21.0 11.0 Bus -1.0 -1.0 -1.0 -1.0 -1.0 -1.0 -1.0 2.997 3.311 12.86 827.209 2.371 1369.016 2.566628838103455 1.0
21.0 0.0 Truck -1.0 -1.0 -1.0 -1.0 -1.0 -1.0 -1.0 2.157 1.988 6.229 798.126 1.364 1376.273 -0.5413138675061289 0.0
21.0 3.0 Car -1.0 -1.0 -1.0 -1.0 -1.0 -1.0 -1.0 1.736 1.711 5.173 723.388 0.89 1426.708 -0.5838475413813251 1.0
22.0 14.0 Bus -1.0 -1.0 -1.0 -1.0 -1.0 -1.0 -1.0 2.958 3.588 12.914 897.866 3.111 1309.749 -0.6916204140083311 0.0
22.0 4.0 Car -1.0 -1.0 -1.0 -1.0 -1.0 -1.0 -1.0 1.566 1.738 5.011 814.123 1.433 1370.084 -0.5151389667799614 0.0
22.0 7.0 Car -1.0 -1.0 -1.0 -1.0 -1.0 -1.0 -1.0 2.037 2.28 5.403 741.554 1.171 1415.451 -0.5489409563414389 1.0
22.0 12.0 Car -1.0 -1.0 -1.0 -1.0 -1.0 -1.0 -1.0 1.949 2.144 5.312 784.48 1.212 1399.479 2.59338326116574 1.0
22.0 5.0 Car -1.0 -1.0 -1.0 -1.0 -1.0 -1.0 -1.0 2.072 2.21 6.059 768.541 1.002 1393.112 -0.6013008339012682 1.0
22.0 9.0 Car -1.0 -1.0 -1.0 -1.0 -1.0 -1.0 -1.0 1.822 1.541 4.676 770.805 0.896 1403.565 2.598503882239651 1.0
22.0 13.0 Truck -1.0 -1.0 -1.0 -1.0 -1.0 -1.0 -1.0 2.068 2.0 6.029 704.904 0.816 1434.946 -0.566394248861382 1.0
22.0 1.0 Car -1.0 -1.0 -1.0 -1.0 -1.0 -1.0 -1.0 1.812 1.851 4.646 694.45 0.489 1443.491 -0.566394248861382 0.0
22.0 11.0 Bus -1.0 -1.0 -1.0 -1.0 -1.0 -1.0 -1.0 2.997 3.311 12.86 824.679 2.296 1370.141 2.5840821306233988 1.0
22.0 0.0 Truck -1.0 -1.0 -1.0 -1.0 -1.0 -1.0 -1.0 2.157 1.988 6.229 802.878 1.444 1373.463 -0.5413138675061289 0.0
22.0 3.0 Car -1.0 -1.0 -1.0 -1.0 -1.0 -1.0 -1.0 1.736 1.711 5.173 727.544 0.88 1424.162 -0.5838475413813251 1.0
23.0 14.0 Bus -1.0 -1.0 -1.0 -1.0 -1.0 -1.0 -1.0 2.958 3.588 12.914 902.673 3.175 1305.736 -0.7155875643386717 0.0
23.0 4.0 Car -1.0 -1.0 -1.0 -1.0 -1.0 -1.0 -1.0 1.566 1.738 5.011 819.528 1.534 1366.863 -0.5296917311223872 0.0
23.0 7.0 Car -1.0 -1.0 -1.0 -1.0 -1.0 -1.0 -1.0 2.037 2.28 5.403 745.682 1.12 1412.865 -0.5514361508725086 1.0
23.0 12.0 Car -1.0 -1.0 -1.0 -1.0 -1.0 -1.0 -1.0 1.949 2.144 5.312 783.606 1.212 1400.061 2.605487660619036 1.0
23.0 5.0 Car -1.0 -1.0 -1.0 -1.0 -1.0 -1.0 -1.0 2.072 2.21 6.059 771.914 1.065 1390.924 -0.6013008339012682 1.0
23.0 9.0 Car -1.0 -1.0 -1.0 -1.0 -1.0 -1.0 -1.0 1.822 1.541 4.676 765.831 0.786 1406.423 2.582925142965018 1.0
23.0 13.0 Truck -1.0 -1.0 -1.0 -1.0 -1.0 -1.0 -1.0 2.068 2.0 6.029 711.131 0.94 1431.06 -0.566394248861382 1.0
23.0 1.0 Car -1.0 -1.0 -1.0 -1.0 -1.0 -1.0 -1.0 1.812 1.851 4.646 698.841 0.573 1440.827 -0.566394248861382 1.0
23.0 11.0 Bus -1.0 -1.0 -1.0 -1.0 -1.0 -1.0 -1.0 2.997 3.311 12.86 820.73 2.221 1372.584 2.5753511485860052 1.0
23.0 0.0 Truck -1.0 -1.0 -1.0 -1.0 -1.0 -1.0 -1.0 2.157 1.988 6.229 808.085 1.499 1369.99 -0.5936737450659582 0.0
23.0 3.0 Car -1.0 -1.0 -1.0 -1.0 -1.0 -1.0 -1.0 1.736 1.711 5.173 731.7 0.869 1421.616 -0.5838475413813251 0.0
24.0 4.0 Car -1.0 -1.0 -1.0 -1.0 -1.0 -1.0 -1.0 1.566 1.738 5.011 824.859 1.586 1363.525 -0.5442300417534702 0.0
24.0 7.0 Car -1.0 -1.0 -1.0 -1.0 -1.0 -1.0 -1.0 2.037 2.28 5.403 749.806 1.068 1410.282 -0.5539288671925214 1.0
24.0 12.0 Car -1.0 -1.0 -1.0 -1.0 -1.0 -1.0 -1.0 1.949 2.144 5.312 782.695 1.212 1400.626 2.617580038061149 1.0
24.0 5.0 Car -1.0 -1.0 -1.0 -1.0 -1.0 -1.0 -1.0 2.072 2.21 6.059 774.848 1.128 1388.986 -0.6013008339012682 1.0
24.0 9.0 Car -1.0 -1.0 -1.0 -1.0 -1.0 -1.0 -1.0 1.822 1.541 4.676 760.807 0.777 1409.311 2.5673618763933885 1.0
24.0 13.0 Truck -1.0 -1.0 -1.0 -1.0 -1.0 -1.0 -1.0 2.068 2.0 6.029 717.353 1.065 1427.178 -0.566394248861382 1.0
24.0 1.0 Car -1.0 -1.0 -1.0 -1.0 -1.0 -1.0 -1.0 1.812 1.851 4.646 703.228 0.657 1438.166 -0.566394248861382 1.0
24.0 11.0 Bus -1.0 -1.0 -1.0 -1.0 -1.0 -1.0 -1.0 2.997 3.311 12.86 816.786 2.146 1375.025 2.566628838103455 1.0
24.0 0.0 Truck -1.0 -1.0 -1.0 -1.0 -1.0 -1.0 -1.0 2.157 1.988 6.229 813.406 1.504 1366.545 -0.5413138675061289 0.0
24.0 3.0 Car -1.0 -1.0 -1.0 -1.0 -1.0 -1.0 -1.0 1.736 1.711 5.173 735.862 0.858 1419.088 -0.5838475413813251 0.0
25.0 7.0 Car -1.0 -1.0 -1.0 -1.0 -1.0 -1.0 -1.0 2.037 2.28 5.403 753.93 1.097 1407.7 -0.5564213790725878 1.0
25.0 12.0 Car -1.0 -1.0 -1.0 -1.0 -1.0 -1.0 -1.0 1.949 2.144 5.312 781.783 1.212 1401.19 2.629671423747812 1.0
25.0 5.0 Car -1.0 -1.0 -1.0 -1.0 -1.0 -1.0 -1.0 2.072 2.21 6.059 777.363 1.279 1387.29 -0.5981028480682092 1.0
25.0 9.0 Car -1.0 -1.0 -1.0 -1.0 -1.0 -1.0 -1.0 1.822 1.541 4.676 755.699 0.782 1412.389 2.5551452397372083 1.0
25.0 13.0 Truck -1.0 -1.0 -1.0 -1.0 -1.0 -1.0 -1.0 2.068 2.0 6.029 723.443 1.028 1423.091 -0.566394248861382 1.0
25.0 1.0 Car -1.0 -1.0 -1.0 -1.0 -1.0 -1.0 -1.0 1.812 1.851 4.646 707.614 0.741 1435.505 -0.566394248861382 1.0
25.0 11.0 Bus -1.0 -1.0 -1.0 -1.0 -1.0 -1.0 -1.0 2.997 3.311 12.86 813.152 2.071 1377.211 2.566628838103455 1.0
25.0 0.0 Truck -1.0 -1.0 -1.0 -1.0 -1.0 -1.0 -1.0 2.157 1.988 6.229 818.667 1.634 1363.088 -0.5413138675061289 0.0
25.0 3.0 Car -1.0 -1.0 -1.0 -1.0 -1.0 -1.0 -1.0 1.736 1.711 5.173 740.007 0.842 1416.535 -0.5882096362573442 0.0
26.0 7.0 Car -1.0 -1.0 -1.0 -1.0 -1.0 -1.0 -1.0 2.037 2.28 5.403 758.054 1.127 1405.117 -0.5589138211438924 1.0
26.0 12.0 Car -1.0 -1.0 -1.0 -1.0 -1.0 -1.0 -1.0 1.949 2.144 5.312 780.818 1.212 1401.833 2.641762470786272 1.0
26.0 5.0 Car -1.0 -1.0 -1.0 -1.0 -1.0 -1.0 -1.0 2.072 2.21 6.059 779.879 1.212 1385.594 -0.5949049518023997 1.0
26.0 9.0 Car -1.0 -1.0 -1.0 -1.0 -1.0 -1.0 -1.0 1.822 1.541 4.676 750.592 0.787 1415.467 2.5429289452371835 0.0
26.0 13.0 Truck -1.0 -1.0 -1.0 -1.0 -1.0 -1.0 -1.0 2.068 2.0 6.029 729.533 0.99 1419.003 -0.566394248861382 1.0
26.0 1.0 Car -1.0 -1.0 -1.0 -1.0 -1.0 -1.0 -1.0 1.812 1.851 4.646 712.0 0.875 1432.843 -0.566394248861382 1.0
26.0 11.0 Bus -1.0 -1.0 -1.0 -1.0 -1.0 -1.0 -1.0 2.997 3.311 12.86 809.518 1.996 1379.396 2.566628838103455 1.0
26.0 0.0 Truck -1.0 -1.0 -1.0 -1.0 -1.0 -1.0 -1.0 2.157 1.988 6.229 824.273 1.764 1359.698 -0.53694647347301 0.0
26.0 3.0 Car -1.0 -1.0 -1.0 -1.0 -1.0 -1.0 -1.0 1.736 1.711 5.173 744.126 0.825 1413.942 -0.5925716089624539 0.0
27.0 7.0 Car -1.0 -1.0 -1.0 -1.0 -1.0 -1.0 -1.0 2.037 2.28 5.403 762.183 1.156 1402.531 -0.5614091503061461 1.0
27.0 12.0 Car -1.0 -1.0 -1.0 -1.0 -1.0 -1.0 -1.0 1.949 2.144 5.312 779.851 1.212 1402.476 2.653867523346816 1.0
27.0 5.0 Car -1.0 -1.0 -1.0 -1.0 -1.0 -1.0 -1.0 2.072 2.21 6.059 782.047 1.254 1384.159 -0.5917033512910747 1.0
27.0 9.0 Car -1.0 -1.0 -1.0 -1.0 -1.0 -1.0 -1.0 1.822 1.541 4.676 745.28 0.768 1418.603 2.556888424975513 0.0
27.0 13.0 Truck -1.0 -1.0 -1.0 -1.0 -1.0 -1.0 -1.0 2.068 2.0 6.029 734.897 0.965 1415.599 -0.5751281860119315 1.0
27.0 1.0 Car -1.0 -1.0 -1.0 -1.0 -1.0 -1.0 -1.0 1.812 1.851 4.646 716.392 1.009 1430.179 -0.566394248861382 1.0
27.0 11.0 Bus -1.0 -1.0 -1.0 -1.0 -1.0 -1.0 -1.0 2.997 3.311 12.86 806.195 1.996 1381.518 2.578273014465332 1.0
27.0 0.0 Truck -1.0 -1.0 -1.0 -1.0 -1.0 -1.0 -1.0 2.157 1.988 6.229 831.522 1.944 1355.038 -0.567500822376331 0.0
27.0 3.0 Car -1.0 -1.0 -1.0 -1.0 -1.0 -1.0 -1.0 1.736 1.711 5.173 748.249 0.809 1411.347 -0.5969386343073264 0.0
28.0 7.0 Car -1.0 -1.0 -1.0 -1.0 -1.0 -1.0 -1.0 2.037 2.28 5.403 766.637 1.203 1399.635 -0.5639017220222948 0.0
28.0 12.0 Car -1.0 -1.0 -1.0 -1.0 -1.0 -1.0 -1.0 1.949 2.144 5.312 778.886 1.212 1403.119 2.6659591993033667 0.0
28.0 5.0 Car -1.0 -1.0 -1.0 -1.0 -1.0 -1.0 -1.0 2.072 2.21 6.059 784.131 1.297 1382.584 -0.6117743481533595 0.0
28.0 9.0 Car -1.0 -1.0 -1.0 -1.0 -1.0 -1.0 -1.0 1.822 1.541 4.676 740.034 0.898 1421.83 2.553398473007371 0.0
28.0 13.0 Truck -1.0 -1.0 -1.0 -1.0 -1.0 -1.0 -1.0 2.068 2.0 6.029 740.255 0.94 1412.199 -0.5838524717860848 0.0
28.0 1.0 Car -1.0 -1.0 -1.0 -1.0 -1.0 -1.0 -1.0 1.812 1.851 4.646 720.778 1.143 1427.518 -0.566394248861382 0.0
28.0 11.0 Bus -1.0 -1.0 -1.0 -1.0 -1.0 -1.0 -1.0 2.997 3.311 12.86 802.92 1.996 1383.715 2.5899043235112478 0.0
28.0 0.0 Truck -1.0 -1.0 -1.0 -1.0 -1.0 -1.0 -1.0 2.157 1.988 6.229 836.203 1.924 1352.251 -0.5631341090086877 0.0
28.0 3.0 Car -1.0 -1.0 -1.0 -1.0 -1.0 -1.0 -1.0 1.736 1.711 5.173 752.368 0.792 1408.755 -0.6013008339012682 0.0
29.0 7.0 Car -1.0 -1.0 -1.0 -1.0 -1.0 -1.0 -1.0 2.037 2.28 5.403 770.697 1.25 1396.987 -0.566394248861382 0.0
29.0 12.0 Car -1.0 -1.0 -1.0 -1.0 -1.0 -1.0 -1.0 1.949 2.144 5.312 777.92 1.212 1403.761 2.6780506575575016 0.0
29.0 5.0 Car -1.0 -1.0 -1.0 -1.0 -1.0 -1.0 -1.0 2.072 2.21 6.059 785.589 1.339 1381.572 -0.6536607114610975 0.0
29.0 9.0 Car -1.0 -1.0 -1.0 -1.0 -1.0 -1.0 -1.0 1.822 1.541 4.676 734.842 0.879 1425.138 2.549908583873445 0.0
29.0 13.0 Truck -1.0 -1.0 -1.0 -1.0 -1.0 -1.0 -1.0 2.068 2.0 6.029 745.614 0.915 1408.798 -0.592576600485396 0.0
29.0 1.0 Car -1.0 -1.0 -1.0 -1.0 -1.0 -1.0 -1.0 1.812 1.851 4.646 725.165 1.077 1424.857 -0.566394248861382 0.0
29.0 11.0 Bus -1.0 -1.0 -1.0 -1.0 -1.0 -1.0 -1.0 2.997 3.311 12.86 799.438 1.996 1385.831 2.601535423143342 0.0
29.0 3.0 Car -1.0 -1.0 -1.0 -1.0 -1.0 -1.0 -1.0 1.736 1.711 5.173 756.341 0.851 1406.111 -0.5501673667932399 0.0
30.0 7.0 Car -1.0 -1.0 -1.0 -1.0 -1.0 -1.0 -1.0 2.037 2.28 5.403 774.906 1.408 1394.22 -0.5708689133730728 0.0
30.0 12.0 Car -1.0 -1.0 -1.0 -1.0 -1.0 -1.0 -1.0 1.949 2.144 5.312 776.881 1.212 1404.346 2.668532601208839 0.0
30.0 5.0 Car -1.0 -1.0 -1.0 -1.0 -1.0 -1.0 -1.0 2.072 2.21 6.059 786.885 1.381 1380.478 -0.6627050145285573 0.0
30.0 9.0 Car -1.0 -1.0 -1.0 -1.0 -1.0 -1.0 -1.0 1.822 1.541 4.676 729.33 0.852 1428.774 2.549908583873445 0.0
30.0 13.0 Truck -1.0 -1.0 -1.0 -1.0 -1.0 -1.0 -1.0 2.068 2.0 6.029 750.972 0.89 1405.398 -0.6013008339012682 0.0
30.0 1.0 Car -1.0 -1.0 -1.0 -1.0 -1.0 -1.0 -1.0 1.812 1.851 4.646 729.551 1.036 1422.196 -0.566394248861382 0.0
30.0 11.0 Bus -1.0 -1.0 -1.0 -1.0 -1.0 -1.0 -1.0 2.997 3.311 12.86 795.854 2.046 1388.007 2.601535423143342 0.0
30.0 3.0 Car -1.0 -1.0 -1.0 -1.0 -1.0 -1.0 -1.0 1.736 1.711 5.173 760.947 0.911 1403.183 -0.5459750368528661 0.0
31.0 7.0 Car -1.0 -1.0 -1.0 -1.0 -1.0 -1.0 -1.0 2.037 2.28 5.403 779.094 1.53 1391.422 -0.5753435868362944 0.0
31.0 12.0 Car -1.0 -1.0 -1.0 -1.0 -1.0 -1.0 -1.0 1.949 2.144 5.312 775.841 1.212 1404.931 2.65901452581938 0.0
31.0 5.0 Car -1.0 -1.0 -1.0 -1.0 -1.0 -1.0 -1.0 2.072 2.21 6.059 787.392 1.423 1379.999 -0.6717493356890739 0.0
31.0 9.0 Car -1.0 -1.0 -1.0 -1.0 -1.0 -1.0 -1.0 1.822 1.541 4.676 724.212 0.768 1432.08 2.543891169333543 0.0
31.0 13.0 Truck -1.0 -1.0 -1.0 -1.0 -1.0 -1.0 -1.0 2.068 2.0 6.029 756.019 0.966 1402.203 -0.5878806886352899 0.0
31.0 1.0 Car -1.0 -1.0 -1.0 -1.0 -1.0 -1.0 -1.0 1.812 1.851 4.646 734.494 0.995 1419.219 -0.566394248861382 0.0
31.0 11.0 Bus -1.0 -1.0 -1.0 -1.0 -1.0 -1.0 -1.0 2.997 3.311 12.86 792.265 2.033 1390.136 2.601535423143342 0.0
31.0 3.0 Car -1.0 -1.0 -1.0 -1.0 -1.0 -1.0 -1.0 1.736 1.711 5.173 765.306 0.97 1400.408 -0.5417826985257688 0.0
32.0 7.0 Car -1.0 -1.0 -1.0 -1.0 -1.0 -1.0 -1.0 2.037 2.28 5.403 782.903 1.534 1388.96 -0.579372939530352 0.0
32.0 12.0 Car -1.0 -1.0 -1.0 -1.0 -1.0 -1.0 -1.0 1.949 2.144 5.312 774.965 1.212 1405.426 2.6504436919858105 0.0
32.0 5.0 Car -1.0 -1.0 -1.0 -1.0 -1.0 -1.0 -1.0 2.072 2.21 6.059 788.4 1.461 1379.132 -0.6798935634486142 0.0
32.0 9.0 Car -1.0 -1.0 -1.0 -1.0 -1.0 -1.0 -1.0 1.822 1.541 4.676 719.604 0.693 1435.058 2.5384726095912735 0.0
32.0 13.0 Truck -1.0 -1.0 -1.0 -1.0 -1.0 -1.0 -1.0 2.068 2.0 6.029 760.564 0.94 1399.327 -0.5757961200233987 0.0
32.0 1.0 Car -1.0 -1.0 -1.0 -1.0 -1.0 -1.0 -1.0 1.812 1.851 4.646 738.945 0.958 1416.538 -0.566394248861382 0.0
32.0 11.0 Bus -1.0 -1.0 -1.0 -1.0 -1.0 -1.0 -1.0 2.997 3.311 12.86 789.034 2.021 1392.052 2.601535423143342 0.0
32.0 3.0 Car -1.0 -1.0 -1.0 -1.0 -1.0 -1.0 -1.0 1.736 1.711 5.173 769.232 1.023 1397.909 -0.5380075828952027 0.0
33.0 7.0 Car -1.0 -1.0 -1.0 -1.0 -1.0 -1.0 -1.0 2.037 2.28 5.403 787.133 1.733 1386.226 -0.5838475413813251 0.0
33.0 12.0 Car -1.0 -1.0 -1.0 -1.0 -1.0 -1.0 -1.0 1.949 2.144 5.312 773.992 1.212 1405.976 2.6409257689227252 0.0
33.0 5.0 Car -1.0 -1.0 -1.0 -1.0 -1.0 -1.0 -1.0 2.072 2.21 6.059 789.041 1.504 1378.556 -0.6889377398646751 0.0
33.0 9.0 Car -1.0 -1.0 -1.0 -1.0 -1.0 -1.0 -1.0 1.822 1.541 4.676 714.486 0.609 1438.364 2.532455291353502 0.0
33.0 13.0 Truck -1.0 -1.0 -1.0 -1.0 -1.0 -1.0 -1.0 2.068 2.0 6.029 765.539 1.19 1396.278 -0.56237618953215 0.0
33.0 1.0 Car -1.0 -1.0 -1.0 -1.0 -1.0 -1.0 -1.0 1.812 1.851 4.646 743.888 0.917 1413.56 -0.566394248861382 0.0
33.0 11.0 Bus -1.0 -1.0 -1.0 -1.0 -1.0 -1.0 -1.0 2.997 3.311 12.86 785.445 2.009 1394.181 2.601535423143342 0.0
33.0 3.0 Car -1.0 -1.0 -1.0 -1.0 -1.0 -1.0 -1.0 1.736 1.711 5.173 773.605 1.083 1395.145 -0.5085844601200571 0.0
34.0 7.0 Car -1.0 -1.0 -1.0 -1.0 -1.0 -1.0 -1.0 2.037 2.28 5.403 791.633 1.759 1383.425 -0.5789267972754457 0.0
34.0 12.0 Car -1.0 -1.0 -1.0 -1.0 -1.0 -1.0 -1.0 1.949 2.144 5.312 772.985 1.212 1406.546 2.6313969926055023 0.0
34.0 5.0 Car -1.0 -1.0 -1.0 -1.0 -1.0 -1.0 -1.0 2.072 2.21 6.059 789.419 1.525 1378.152 -0.682619157460703 0.0
34.0 9.0 Car -1.0 -1.0 -1.0 -1.0 -1.0 -1.0 -1.0 1.822 1.541 4.676 709.369 0.497 1441.683 2.5184930284565143 0.0
34.0 13.0 Truck -1.0 -1.0 -1.0 -1.0 -1.0 -1.0 -1.0 2.068 2.0 6.029 769.818 0.94 1393.669 -0.5489409563414389 0.0
34.0 1.0 Car -1.0 -1.0 -1.0 -1.0 -1.0 -1.0 -1.0 1.812 1.851 4.646 748.837 0.876 1410.58 -0.566394248861382 0.0
34.0 11.0 Bus -1.0 -1.0 -1.0 -1.0 -1.0 -1.0 -1.0 2.997 3.311 12.86 781.853 1.996 1396.312 2.601535423143342 0.0
34.0 3.0 Car -1.0 -1.0 -1.0 -1.0 -1.0 -1.0 -1.0 1.736 1.711 5.173 778.062 1.142 1392.507 -0.47912778626166647 0.0
35.0 7.0 Car -1.0 -1.0 -1.0 -1.0 -1.0 -1.0 -1.0 2.037 2.28 5.403 796.133 1.784 1380.624 -0.5740061514979193 0.0
35.0 12.0 Car -1.0 -1.0 -1.0 -1.0 -1.0 -1.0 -1.0 1.949 2.144 5.312 771.979 1.212 1407.116 2.621868406696246 0.0
35.0 5.0 Car -1.0 -1.0 -1.0 -1.0 -1.0 -1.0 -1.0 2.072 2.21 6.059 789.798 1.546 1377.749 -0.6763007013172699 0.0
35.0 9.0 Car -1.0 -1.0 -1.0 -1.0 -1.0 -1.0 -1.0 1.822 1.541 4.676 704.189 0.386 1444.91 2.526347804137728 0.0
35.0 13.0 Truck -1.0 -1.0 -1.0 -1.0 -1.0 -1.0 -1.0 2.068 2.0 6.029 773.876 1.24 1391.378 -0.5489409563414389 0.0
35.0 1.0 Car -1.0 -1.0 -1.0 -1.0 -1.0 -1.0 -1.0 1.812 1.851 4.646 753.949 0.976 1407.398 -0.5605721218448504 0.0
35.0 11.0 Bus -1.0 -1.0 -1.0 -1.0 -1.0 -1.0 -1.0 2.997 3.311 12.86 778.063 1.996 1398.715 2.623352531480747 0.0
36.0 7.0 Car -1.0 -1.0 -1.0 -1.0 -1.0 -1.0 -1.0 2.037 2.28 5.403 800.629 1.81 1377.826 -0.5690911694335355 0.0
36.0 12.0 Car -1.0 -1.0 -1.0 -1.0 -1.0 -1.0 -1.0 1.949 2.144 5.312 770.973 1.212 1407.685 2.6123507882859087 0.0
36.0 5.0 Car -1.0 -1.0 -1.0 -1.0 -1.0 -1.0 -1.0 2.072 2.21 6.059 789.81 1.567 1377.721 -0.6821284123766516 0.0
36.0 9.0 Car -1.0 -1.0 -1.0 -1.0 -1.0 -1.0 -1.0 1.822 1.541 4.676 699.039 0.275 1448.168 2.5341935388925534 0.0
36.0 13.0 Truck -1.0 -1.0 -1.0 -1.0 -1.0 -1.0 -1.0 2.068 2.0 6.029 777.577 1.34 1389.307 -0.5489409563414389 0.0
36.0 1.0 Car -1.0 -1.0 -1.0 -1.0 -1.0 -1.0 -1.0 1.812 1.851 4.646 759.361 1.076 1404.03 -0.5547566961555006 0.0
36.0 11.0 Bus -1.0 -1.0 -1.0 -1.0 -1.0 -1.0 -1.0 2.997 3.311 12.86 774.261 1.996 1400.816 2.618984913923925 0.0
37.0 7.0 Car -1.0 -1.0 -1.0 -1.0 -1.0 -1.0 -1.0 2.037 2.28 5.403 805.124 1.836 1375.028 -0.564175921882598 0.0
37.0 12.0 Car -1.0 -1.0 -1.0 -1.0 -1.0 -1.0 -1.0 1.949 2.144 5.312 769.981 1.212 1408.277 2.6028326557740593 0.0
37.0 5.0 Car -1.0 -1.0 -1.0 -1.0 -1.0 -1.0 -1.0 2.072 2.21 6.059 789.821 1.588 1377.693 -0.6879564382243486 0.0
37.0 9.0 Car -1.0 -1.0 -1.0 -1.0 -1.0 -1.0 -1.0 1.822 1.541 4.676 693.888 0.164 1451.426 2.5420396974408033 0.0
37.0 13.0 Truck -1.0 -1.0 -1.0 -1.0 -1.0 -1.0 -1.0 2.068 2.0 6.029 781.277 1.44 1387.234 -0.5489409563414389 0.0
37.0 1.0 Car -1.0 -1.0 -1.0 -1.0 -1.0 -1.0 -1.0 1.812 1.851 4.646 764.448 1.176 1400.864 -0.5489409563414389 0.0
37.0 11.0 Bus -1.0 -1.0 -1.0 -1.0 -1.0 -1.0 -1.0 2.997 3.311 12.86 770.458 1.996 1402.918 2.614617060446866 0.0
38.0 7.0 Car -1.0 -1.0 -1.0 -1.0 -1.0 -1.0 -1.0 2.037 2.28 5.403 809.633 1.862 1372.222 -0.5592464363861218 0.0
38.0 12.0 Car -1.0 -1.0 -1.0 -1.0 -1.0 -1.0 -1.0 1.949 2.144 5.312 768.985 1.212 1408.87 2.5932869521885404 0.0
38.0 5.0 Car -1.0 -1.0 -1.0 -1.0 -1.0 -1.0 -1.0 2.072 2.21 6.059 789.833 1.609 1377.666 -0.693801346052812 0.0
38.0 13.0 Truck -1.0 -1.0 -1.0 -1.0 -1.0 -1.0 -1.0 2.068 2.0 6.029 784.989 1.54 1385.156 -0.5489409563414389 0.0
38.0 1.0 Car -1.0 -1.0 -1.0 -1.0 -1.0 -1.0 -1.0 1.812 1.851 4.646 769.451 1.276 1397.749 -0.5489409563414389 0.0
38.0 11.0 Bus -1.0 -1.0 -1.0 -1.0 -1.0 -1.0 -1.0 2.997 3.311 12.86 766.447 1.996 1405.245 2.618988715663285 0.0
39.0 7.0 Car -1.0 -1.0 -1.0 -1.0 -1.0 -1.0 -1.0 2.037 2.28 5.403 814.115 1.888 1369.432 -0.5543455349419113 0.0
39.0 12.0 Car -1.0 -1.0 -1.0 -1.0 -1.0 -1.0 -1.0 1.949 2.144 5.312 767.996 1.212 1409.46 2.583796600199125 0.0
39.0 5.0 Car -1.0 -1.0 -1.0 -1.0 -1.0 -1.0 -1.0 2.072 2.21 6.059 789.844 1.63 1377.638 -0.6996123616726512 0.0
39.0 13.0 Truck -1.0 -1.0 -1.0 -1.0 -1.0 -1.0 -1.0 2.068 2.0 6.029 788.678 1.64 1383.09 -0.5489409563414389 0.0
39.0 1.0 Car -1.0 -1.0 -1.0 -1.0 -1.0 -1.0 -1.0 1.812 1.851 4.646 774.425 1.376 1394.651 -0.5489409563414389 0.0
39.0 11.0 Bus -1.0 -1.0 -1.0 -1.0 -1.0 -1.0 -1.0 2.997 3.311 12.86 762.716 1.853 1407.503 2.6106885815456753 0.0
