0.0 4.0 Car -1.0 -1.0 -1.0 -1.0 -1.0 -1.0 -1.0 2.226 2.0 5.045 1735.075 1.235 1237.298 -0.6534338186545563 0.0
0.0 2.0 Car -1.0 -1.0 -1.0 -1.0 -1.0 -1.0 -1.0 1.944 2.076 4.843 1758.692 1.229 1174.362 0.8988620170402831 0.0
0.0 3.0 Car -1.0 -1.0 -1.0 -1.0 -1.0 -1.0 -1.0 2.12 1.813 5.082 1752.403 1.119 1224.257 -0.6828775235689086 0.0
0.0 5.0 Truck -1.0 -1.0 -1.0 -1.0 -1.0 -1.0 -1.0 4.139 4.4 8.497 1810.852 2.472 1188.83 2.158902471553831 0.0
1.0 4.0 Car -1.0 -1.0 -1.0 -1.0 -1.0 -1.0 -1.0 2.226 2.0 5.045 1739.275 1.135 1234.495 -0.6359805261346132 1.0
1.0 2.0 Car -1.0 -1.0 -1.0 -1.0 -1.0 -1.0 -1.0 1.944 2.076 4.843 1760.685 1.188 1177.135 0.8988620170402831 1.0
1.0 3.0 Car -1.0 -1.0 -1.0 -1.0 -1.0 -1.0 -1.0 2.12 1.813 5.082 1754.433 1.069 1222.628 -0.7003308160888517 1.0
1.0 6.0 Bus -1.0 -1.0 -1.0 -1.0 -1.0 -1.0 -1.0 2.99 3.352 8.855 1833.418 2.417 1152.59 2.132181480700826 0.0
1.0 0.0 Bus -1.0 -1.0 -1.0 -1.0 -1.0 -1.0 -1.0 3.072 3.521 11.091 1827.948 2.426 1161.292 2.132181480700826 0.0
1.0 5.0 Truck -1.0 -1.0 -1.0 -1.0 -1.0 -1.0 -1.0 4.139 4.4 8.497 1809.605 2.485 1190.507 2.158902471553831 1.0
2.0 4.0 Car -1.0 -1.0 -1.0 -1.0 -1.0 -1.0 -1.0 2.226 2.0 5.045 1741.834 1.135 1232.694 -0.6534338186545563 1.0
2.0 2.0 Car -1.0 -1.0 -1.0 -1.0 -1.0 -1.0 -1.0 1.944 2.076 4.843 1762.674 1.148 1179.314 0.8988620170402831 1.0
2.0 3.0 Car -1.0 -1.0 -1.0 -1.0 -1.0 -1.0 -1.0 2.12 1.813 5.082 1756.309 1.069 1220.952 -0.7177841086087949 1.0
2.0 6.0 Bus -1.0 -1.0 -1.0 -1.0 -1.0 -1.0 -1.0 2.99 3.352 8.855 1831.986 2.372 1154.869 2.132181480700826 1.0
2.0 0.0 Bus -1.0 -1.0 -1.0 -1.0 -1.0 -1.0 -1.0 3.072 3.521 11.091 1826.504 2.394 1163.649 2.132181480700826 1.0
2.0 5.0 Truck -1.0 -1.0 -1.0 -1.0 -1.0 -1.0 -1.0 4.139 4.4 8.497 1808.347 2.235 1192.577 2.141449179033888 1.0
3.0 4.0 Car -1.0 -1.0 -1.0 -1.0 -1.0 -1.0 -1.0 2.226 2.0 5.045 1745.291 0.985 1230.022 -0.6708871111744993 1.0
3.0 2.0 Car -1.0 -1.0 -1.0 -1.0 -1.0 -1.0 -1.0 1.944 2.076 4.843 1764.44 1.057 1181.159 0.8465021394804529 0.0
3.0 3.0 Car -1.0 -1.0 -1.0 -1.0 -1.0 -1.0 -1.0 2.12 1.813 5.082 1757.842 1.07 1219.581 -0.7623819498917667 1.0
3.0 6.0 Bus -1.0 -1.0 -1.0 -1.0 -1.0 -1.0 -1.0 2.99 3.352 8.855 1830.671 2.278 1157.077 2.132181480700826 0.0
3.0 0.0 Bus -1.0 -1.0 -1.0 -1.0 -1.0 -1.0 -1.0 3.072 3.521 11.091 1825.059 2.351 1166.006 2.132181480700826 1.0
3.0 5.0 Truck -1.0 -1.0 -1.0 -1.0 -1.0 -1.0 -1.0 4.139 4.4 8.497 1806.982 2.235 1194.815 2.1239958865139448 1.0
4.0 4.0 Car -1.0 -1.0 -1.0 -1.0 -1.0 -1.0 -1.0 2.226 2.0 5.045 1746.641 1.045 1228.97 -0.6708871111744993 1.0
4.0 2.0 Car -1.0 -1.0 -1.0 -1.0 -1.0 -1.0 -1.0 1.944 2.076 4.843 1765.186 0.984 1181.465 0.8465021394804529 0.0
4.0 3.0 Car -1.0 -1.0 -1.0 -1.0 -1.0 -1.0 -1.0 2.12 1.813 5.082 1758.954 1.04 1218.362 -0.7875972786885672 1.0
4.0 6.0 Bus -1.0 -1.0 -1.0 -1.0 -1.0 -1.0 -1.0 2.99 3.352 8.855 1829.617 2.202 1158.845 2.132181480700826 1.0
4.0 0.0 Bus -1.0 -1.0 -1.0 -1.0 -1.0 -1.0 -1.0 3.072 3.521 11.091 1823.903 1.776 1167.894 2.132181480700826 1.0
4.0 5.0 Truck -1.0 -1.0 -1.0 -1.0 -1.0 -1.0 -1.0 4.139 4.4 8.497 1805.928 2.235 1196.629 2.1239958865139448 1.0
5.0 4.0 Car -1.0 -1.0 -1.0 -1.0 -1.0 -1.0 -1.0 2.226 2.0 5.045 1749.343 0.995 1226.743 -0.7232469887343287 1.0
5.0 2.0 Car -1.0 -1.0 -1.0 -1.0 -1.0 -1.0 -1.0 1.944 2.076 4.843 1766.782 1.194 1183.254 0.8465021394804529 0.0
5.0 3.0 Car -1.0 -1.0 -1.0 -1.0 -1.0 -1.0 -1.0 2.12 1.813 5.082 1760.528 0.915 1216.966 -0.8312062842155167 1.0
5.0 6.0 Bus -1.0 -1.0 -1.0 -1.0 -1.0 -1.0 -1.0 2.99 3.352 8.855 1828.3 2.107 1161.055 2.132181480700826 1.0
5.0 0.0 Bus -1.0 -1.0 -1.0 -1.0 -1.0 -1.0 -1.0 3.072 3.521 11.091 1822.588 1.776 1170.046 2.132181480700826 1.0
5.0 5.0 Truck -1.0 -1.0 -1.0 -1.0 -1.0 -1.0 -1.0 4.139 4.4 8.497 1804.748 2.185 1198.833 2.1239958865139448 1.0
6.0 4.0 Car -1.0 -1.0 -1.0 -1.0 -1.0 -1.0 -1.0 2.226 2.0 5.045 1751.722 0.894 1224.523 -0.775606866294158 1.0
6.0 2.0 Car -1.0 -1.0 -1.0 -1.0 -1.0 -1.0 -1.0 1.944 2.076 4.843 1767.764 1.103 1184.324 0.7592356768807367 0.0
6.0 3.0 Car -1.0 -1.0 -1.0 -1.0 -1.0 -1.0 -1.0 2.12 1.813 5.082 1761.892 0.89 1215.458 -0.8574104487683397 1.0
6.0 6.0 Bus -1.0 -1.0 -1.0 -1.0 -1.0 -1.0 -1.0 2.99 3.352 8.855 1826.982 2.012 1163.268 2.132181480700826 1.0
6.0 0.0 Bus -1.0 -1.0 -1.0 -1.0 -1.0 -1.0 -1.0 3.072 3.521 11.091 1821.311 1.776 1172.136 2.132181480700826 1.0
6.0 5.0 Truck -1.0 -1.0 -1.0 -1.0 -1.0 -1.0 -1.0 4.139 4.4 8.497 1803.287 2.135 1201.472 2.141449179033888 1.0
7.0 4.0 Car -1.0 -1.0 -1.0 -1.0 -1.0 -1.0 -1.0 2.226 2.0 5.045 1754.003 0.794 1222.253 -0.8105134513340442 1.0
7.0 2.0 Car -1.0 -1.0 -1.0 -1.0 -1.0 -1.0 -1.0 1.944 2.076 4.843 1768.813 1.013 1185.036 0.7592356768807367 0.0
7.0 3.0 Car -1.0 -1.0 -1.0 -1.0 -1.0 -1.0 -1.0 2.12 1.813 5.082 1763.594 0.89 1213.462 -0.8399571562483964 1.0
7.0 6.0 Bus -1.0 -1.0 -1.0 -1.0 -1.0 -1.0 -1.0 2.99 3.352 8.855 1825.664 1.917 1165.481 2.132181480700826 0.0
7.0 0.0 Bus -1.0 -1.0 -1.0 -1.0 -1.0 -1.0 -1.0 3.072 3.521 11.091 1819.995 1.776 1174.291 2.132181480700826 0.0
7.0 5.0 Truck -1.0 -1.0 -1.0 -1.0 -1.0 -1.0 -1.0 4.139 4.4 8.497 1801.961 2.085 1203.539 2.141449179033888 1.0
8.0 4.0 Car -1.0 -1.0 -1.0 -1.0 -1.0 -1.0 -1.0 2.226 2.0 5.045 1756.182 0.694 1219.938 -0.8105134513340442 1.0
8.0 2.0 Car -1.0 -1.0 -1.0 -1.0 -1.0 -1.0 -1.0 1.944 2.076 4.843 1769.544 1.072 1185.774 0.7592356768807367 0.0
8.0 3.0 Car -1.0 -1.0 -1.0 -1.0 -1.0 -1.0 -1.0 2.12 1.813 5.082 1765.515 0.89 1211.298 -0.8574104487683397 1.0
8.0 6.0 Bus -1.0 -1.0 -1.0 -1.0 -1.0 -1.0 -1.0 2.99 3.352 8.855 1824.347 1.822 1167.691 2.132181480700826 0.0
8.0 0.0 Bus -1.0 -1.0 -1.0 -1.0 -1.0 -1.0 -1.0 3.072 3.521 11.091 1818.72 1.776 1176.379 2.132181480700826 0.0
8.0 5.0 Truck -1.0 -1.0 -1.0 -1.0 -1.0 -1.0 -1.0 4.139 4.4 8.497 1800.777 2.135 1205.383 2.141449179033888 1.0
9.0 4.0 Car -1.0 -1.0 -1.0 -1.0 -1.0 -1.0 -1.0 2.226 2.0 5.045 1756.679 0.944 1219.272 -0.8279667438539872 1.0
9.0 7.0 Car -1.0 -1.0 -1.0 -1.0 -1.0 -1.0 -1.0 2.112 1.729 4.927 1860.429 1.854 1109.951 2.23812296629396 0.0
9.0 2.0 Car -1.0 -1.0 -1.0 -1.0 -1.0 -1.0 -1.0 1.944 2.076 4.843 1770.106 1.132 1185.936 0.7068757993209074 0.0
9.0 3.0 Car -1.0 -1.0 -1.0 -1.0 -1.0 -1.0 -1.0 2.12 1.813 5.082 1767.257 0.89 1209.177 -0.8923170338082241 1.0
9.0 6.0 Bus -1.0 -1.0 -1.0 -1.0 -1.0 -1.0 -1.0 2.99 3.352 8.855 1823.01 1.822 1169.873 2.132181480700826 0.0
9.0 0.0 Bus -1.0 -1.0 -1.0 -1.0 -1.0 -1.0 -1.0 3.072 3.521 11.091 1817.406 1.776 1178.528 2.132181480700826 0.0
9.0 5.0 Truck -1.0 -1.0 -1.0 -1.0 -1.0 -1.0 -1.0 4.139 4.4 8.497 1799.633 2.184 1207.165 2.1239958865139448 1.0
10.0 4.0 Car -1.0 -1.0 -1.0 -1.0 -1.0 -1.0 -1.0 2.226 2.0 5.045 1759.525 0.945 1216.06 -0.8454200363739304 1.0
10.0 7.0 Car -1.0 -1.0 -1.0 -1.0 -1.0 -1.0 -1.0 2.112 1.729 4.927 1857.442 1.729 1114.423 2.23812296629396 1.0
10.0 2.0 Car -1.0 -1.0 -1.0 -1.0 -1.0 -1.0 -1.0 1.944 2.076 4.843 1770.471 1.167 1186.212 0.6021032182824675 0.0
10.0 3.0 Car -1.0 -1.0 -1.0 -1.0 -1.0 -1.0 -1.0 2.12 1.813 5.082 1769.343 0.94 1206.694 -0.8574104487683378 1.0
10.0 6.0 Bus -1.0 -1.0 -1.0 -1.0 -1.0 -1.0 -1.0 2.99 3.352 8.855 1821.674 1.822 1172.056 2.132181480700826 0.0
10.0 0.0 Bus -1.0 -1.0 -1.0 -1.0 -1.0 -1.0 -1.0 3.072 3.521 11.091 1816.133 1.776 1180.614 2.14963477322077 0.0
10.0 5.0 Truck -1.0 -1.0 -1.0 -1.0 -1.0 -1.0 -1.0 4.139 4.4 8.497 1798.231 2.084 1209.335 2.1239958865139448 1.0
11.0 4.0 Car -1.0 -1.0 -1.0 -1.0 -1.0 -1.0 -1.0 2.226 2.0 5.045 1761.508 0.995 1213.887 -0.8279667438539872 1.0
11.0 7.0 Car -1.0 -1.0 -1.0 -1.0 -1.0 -1.0 -1.0 2.112 1.729 4.927 1854.634 1.644 1118.777 2.23812296629396 1.0
11.0 2.0 Car -1.0 -1.0 -1.0 -1.0 -1.0 -1.0 -1.0 1.944 2.076 4.843 1770.558 1.201 1186.173 0.6719692142810212 0.0
11.0 3.0 Car -1.0 -1.0 -1.0 -1.0 -1.0 -1.0 -1.0 2.12 1.813 5.082 1771.655 0.94 1204.173 -0.8225038637284516 1.0
11.0 6.0 Bus -1.0 -1.0 -1.0 -1.0 -1.0 -1.0 -1.0 2.99 3.352 8.855 1820.26 1.822 1174.189 2.132181480700826 0.0
11.0 0.0 Bus -1.0 -1.0 -1.0 -1.0 -1.0 -1.0 -1.0 3.072 3.521 11.091 1814.819 1.776 1182.764 2.14963477322077 0.0
11.0 5.0 Truck -1.0 -1.0 -1.0 -1.0 -1.0 -1.0 -1.0 4.139 4.4 8.497 1797.365 2.034 1211.085 2.1239958865139448 1.0
12.0 4.0 Car -1.0 -1.0 -1.0 -1.0 -1.0 -1.0 -1.0 2.226 2.0 5.045 1763.687 1.045 1211.523 -0.8279667438539872 1.0
12.0 7.0 Car -1.0 -1.0 -1.0 -1.0 -1.0 -1.0 -1.0 2.112 1.729 4.927 1851.719 1.509 1123.047 2.23812296629396 1.0
12.0 2.0 Car -1.0 -1.0 -1.0 -1.0 -1.0 -1.0 -1.0 1.944 2.076 4.843 1770.621 1.236 1186.098 0.6553648495962262 0.0
12.0 3.0 Car -1.0 -1.0 -1.0 -1.0 -1.0 -1.0 -1.0 2.12 1.813 5.082 1773.55 0.99 1202.184 -0.7875972786885654 1.0
12.0 6.0 Bus -1.0 -1.0 -1.0 -1.0 -1.0 -1.0 -1.0 2.99 3.352 8.855 1819.034 1.822 1176.369 2.132181480700826 0.0
12.0 0.0 Bus -1.0 -1.0 -1.0 -1.0 -1.0 -1.0 -1.0 3.072 3.521 11.091 1813.506 1.776 1184.913 2.14963477322077 0.0
12.0 5.0 Truck -1.0 -1.0 -1.0 -1.0 -1.0 -1.0 -1.0 4.139 4.4 8.497 1796.35 2.084 1212.739 2.141449179033888 1.0
13.0 4.0 Car -1.0 -1.0 -1.0 -1.0 -1.0 -1.0 -1.0 2.226 2.0 5.045 1765.888 1.045 1209.087 -0.8279667438539872 0.0
13.0 7.0 Car -1.0 -1.0 -1.0 -1.0 -1.0 -1.0 -1.0 2.112 1.729 4.927 1849.131 1.329 1127.285 2.220669673774017 1.0
13.0 2.0 Car -1.0 -1.0 -1.0 -1.0 -1.0 -1.0 -1.0 1.944 2.076 4.843 1770.696 1.27 1186.162 0.6719692142810212 0.0
13.0 3.0 Car -1.0 -1.0 -1.0 -1.0 -1.0 -1.0 -1.0 2.12 1.813 5.082 1776.87 1.04 1199.368 -0.6130643534891361 1.0
13.0 6.0 Bus -1.0 -1.0 -1.0 -1.0 -1.0 -1.0 -1.0 2.99 3.352 8.855 1817.718 1.822 1178.345 2.132181480700826 0.0
13.0 0.0 Bus -1.0 -1.0 -1.0 -1.0 -1.0 -1.0 -1.0 3.072 3.521 11.091 1812.255 1.776 1186.828 2.14963477322077 0.0
13.0 5.0 Truck -1.0 -1.0 -1.0 -1.0 -1.0 -1.0 -1.0 4.139 4.4 8.497 1795.005 1.984 1214.153 2.193809056593718 1.0
14.0 4.0 Car -1.0 -1.0 -1.0 -1.0 -1.0 -1.0 -1.0 2.226 2.0 5.045 1768.312 1.095 1206.536 -0.775606866294158 0.0
14.0 7.0 Car -1.0 -1.0 -1.0 -1.0 -1.0 -1.0 -1.0 2.112 1.729 4.927 1845.41 1.28 1132.452 2.220669673774017 1.0
14.0 2.0 Car -1.0 -1.0 -1.0 -1.0 -1.0 -1.0 -1.0 1.944 2.076 4.843 1770.57 1.18 1186.168 0.6719692142810212 0.0
14.0 3.0 Car -1.0 -1.0 -1.0 -1.0 -1.0 -1.0 -1.0 2.12 1.813 5.082 1779.897 1.04 1197.31 -0.5432511834093637 1.0
14.0 6.0 Bus -1.0 -1.0 -1.0 -1.0 -1.0 -1.0 -1.0 2.99 3.352 8.855 1816.468 1.822 1180.219 2.132181480700826 0.0
14.0 1.0 Car -1.0 -1.0 -1.0 -1.0 -1.0 -1.0 -1.0 2.021 1.934 4.627 1885.392 1.677 1080.567 2.3539953749012286 0.0
14.0 0.0 Bus -1.0 -1.0 -1.0 -1.0 -1.0 -1.0 -1.0 3.072 3.521 11.091 1810.962 1.776 1188.806 2.14963477322077 0.0
14.0 5.0 Truck -1.0 -1.0 -1.0 -1.0 -1.0 -1.0 -1.0 4.139 4.4 8.497 1793.568 1.934 1215.852 2.2810755191934344 0.0
15.0 4.0 Car -1.0 -1.0 -1.0 -1.0 -1.0 -1.0 -1.0 2.226 2.0 5.045 1771.037 1.045 1204.128 -0.7232469887343287 0.0
15.0 7.0 Car -1.0 -1.0 -1.0 -1.0 -1.0 -1.0 -1.0 2.112 1.729 4.927 1842.955 1.33 1135.897 2.18576308873413 1.0
15.0 3.0 Car -1.0 -1.0 -1.0 -1.0 -1.0 -1.0 -1.0 2.12 1.813 5.082 1783.113 0.99 1195.715 -0.47343801332959146 1.0
15.0 6.0 Bus -1.0 -1.0 -1.0 -1.0 -1.0 -1.0 -1.0 2.99 3.352 8.855 1815.023 1.822 1182.402 2.132181480700826 0.0
15.0 1.0 Car -1.0 -1.0 -1.0 -1.0 -1.0 -1.0 -1.0 2.021 1.934 4.627 1881.596 1.743 1083.692 2.3539953749012286 1.0
15.0 0.0 Bus -1.0 -1.0 -1.0 -1.0 -1.0 -1.0 -1.0 3.072 3.521 11.091 1809.544 1.776 1190.975 2.14963477322077 0.0
15.0 5.0 Truck -1.0 -1.0 -1.0 -1.0 -1.0 -1.0 -1.0 4.139 4.4 8.497 1791.925 1.933 1217.591 2.368341981793151 0.0
16.0 4.0 Car -1.0 -1.0 -1.0 -1.0 -1.0 -1.0 -1.0 2.226 2.0 5.045 1773.749 0.945 1201.817 -0.7232469887343287 0.0
16.0 7.0 Car -1.0 -1.0 -1.0 -1.0 -1.0 -1.0 -1.0 2.112 1.729 4.927 1841.001 1.33 1139.69 2.1508565036942437 1.0
16.0 3.0 Car -1.0 -1.0 -1.0 -1.0 -1.0 -1.0 -1.0 2.12 1.813 5.082 1786.312 0.947 1194.022 -0.5432511834093637 1.0
16.0 6.0 Bus -1.0 -1.0 -1.0 -1.0 -1.0 -1.0 -1.0 2.99 3.352 8.855 1813.697 1.822 1184.512 2.132181480700826 0.0
16.0 1.0 Car -1.0 -1.0 -1.0 -1.0 -1.0 -1.0 -1.0 2.021 1.934 4.627 1878.771 1.81 1086.879 2.3539953749012286 1.0
16.0 0.0 Bus -1.0 -1.0 -1.0 -1.0 -1.0 -1.0 -1.0 3.072 3.521 11.091 1808.234 1.776 1193.119 2.132181480700826 0.0
16.0 5.0 Truck -1.0 -1.0 -1.0 -1.0 -1.0 -1.0 -1.0 4.139 4.4 8.497 1789.862 1.883 1218.918 2.473061736912811 0.0
17.0 4.0 Car -1.0 -1.0 -1.0 -1.0 -1.0 -1.0 -1.0 2.226 2.0 5.045 1776.73 0.845 1199.479 -0.6359805261346132 0.0
17.0 7.0 Car -1.0 -1.0 -1.0 -1.0 -1.0 -1.0 -1.0 2.112 1.729 4.927 1838.79 1.33 1143.318 2.1508565036942437 1.0
17.0 3.0 Car -1.0 -1.0 -1.0 -1.0 -1.0 -1.0 -1.0 2.12 1.813 5.082 1789.606 0.897 1192.234 -0.5083445983694777 1.0
17.0 6.0 Bus -1.0 -1.0 -1.0 -1.0 -1.0 -1.0 -1.0 2.99 3.352 8.855 1812.367 1.822 1186.626 2.132181480700826 0.0
17.0 1.0 Car -1.0 -1.0 -1.0 -1.0 -1.0 -1.0 -1.0 2.021 1.934 4.627 1875.661 1.901 1090.609 2.275456213216416 1.0
17.0 0.0 Bus -1.0 -1.0 -1.0 -1.0 -1.0 -1.0 -1.0 3.072 3.521 11.091 1806.962 1.776 1195.203 2.132181480700826 0.0
17.0 5.0 Truck -1.0 -1.0 -1.0 -1.0 -1.0 -1.0 -1.0 4.139 4.4 8.497 1787.743 1.783 1219.939 2.595234784552414 0.0
18.0 4.0 Car -1.0 -1.0 -1.0 -1.0 -1.0 -1.0 -1.0 2.226 2.0 5.045 1779.798 0.995 1197.25 -0.6359805261346132 0.0
18.0 7.0 Car -1.0 -1.0 -1.0 -1.0 -1.0 -1.0 -1.0 2.112 1.729 4.927 1836.494 1.18 1146.891 2.1508565036942437 1.0
18.0 3.0 Car -1.0 -1.0 -1.0 -1.0 -1.0 -1.0 -1.0 2.12 1.813 5.082 1792.712 0.921 1190.353 -0.5607062042494446 1.0
18.0 6.0 Bus -1.0 -1.0 -1.0 -1.0 -1.0 -1.0 -1.0 2.99 3.352 8.855 1811.329 1.822 1188.277 2.132181480700826 0.0
18.0 1.0 Car -1.0 -1.0 -1.0 -1.0 -1.0 -1.0 -1.0 2.021 1.934 4.627 1872.571 1.593 1094.347 2.266728912301512 1.0
18.0 0.0 Bus -1.0 -1.0 -1.0 -1.0 -1.0 -1.0 -1.0 3.072 3.521 11.091 1805.626 1.776 1197.245 2.132181480700826 0.0
18.0 5.0 Truck -1.0 -1.0 -1.0 -1.0 -1.0 -1.0 -1.0 4.139 4.4 8.497 1785.741 1.933 1220.443 2.6650479546321875 0.0
19.0 4.0 Car -1.0 -1.0 -1.0 -1.0 -1.0 -1.0 -1.0 2.226 2.0 5.045 1782.938 0.945 1195.139 -0.5661673560548408 0.0
19.0 7.0 Car -1.0 -1.0 -1.0 -1.0 -1.0 -1.0 -1.0 2.112 1.729 4.927 1834.179 1.131 1150.492 2.1508565036942437 1.0
19.0 3.0 Car -1.0 -1.0 -1.0 -1.0 -1.0 -1.0 -1.0 2.12 1.813 5.082 1795.795 0.94 1188.426 -0.6130643534891361 1.0
19.0 1.0 Car -1.0 -1.0 -1.0 -1.0 -1.0 -1.0 -1.0 2.021 1.934 4.627 1869.72 1.534 1098.284 2.216899673809128 1.0
19.0 5.0 Truck -1.0 -1.0 -1.0 -1.0 -1.0 -1.0 -1.0 4.139 4.4 8.497 1783.42 1.883 1221.058 2.804674294791734 0.0
20.0 4.0 Car -1.0 -1.0 -1.0 -1.0 -1.0 -1.0 -1.0 2.226 2.0 5.045 1786.763 0.995 1192.798 -0.5487140635348978 0.0
20.0 7.0 Car -1.0 -1.0 -1.0 -1.0 -1.0 -1.0 -1.0 2.112 1.729 4.927 1832.085 1.031 1153.756 2.1508565036942437 1.0
20.0 3.0 Car -1.0 -1.0 -1.0 -1.0 -1.0 -1.0 -1.0 2.12 1.813 5.082 1798.929 0.99 1185.716 -0.7177841086087949 1.0
20.0 1.0 Car -1.0 -1.0 -1.0 -1.0 -1.0 -1.0 -1.0 2.021 1.934 4.627 1866.938 1.426 1102.269 2.1670145106930145 1.0
20.0 5.0 Truck -1.0 -1.0 -1.0 -1.0 -1.0 -1.0 -1.0 4.139 4.4 8.497 1780.94 1.833 1221.054 2.909394049911394 0.0
21.0 4.0 Car -1.0 -1.0 -1.0 -1.0 -1.0 -1.0 -1.0 2.226 2.0 5.045 1788.963 0.945 1191.516 -0.5661673560548408 0.0
21.0 7.0 Car -1.0 -1.0 -1.0 -1.0 -1.0 -1.0 -1.0 2.112 1.729 4.927 1830.41 0.981 1156.368 2.1508565036942437 0.0
21.0 3.0 Car -1.0 -1.0 -1.0 -1.0 -1.0 -1.0 -1.0 2.12 1.813 5.082 1801.474 0.89 1183.389 -0.770143986168624 1.0
21.0 1.0 Car -1.0 -1.0 -1.0 -1.0 -1.0 -1.0 -1.0 2.021 1.934 4.627 1864.446 1.339 1105.288 2.179462449701796 1.0
21.0 5.0 Truck -1.0 -1.0 -1.0 -1.0 -1.0 -1.0 -1.0 4.139 4.4 8.497 1779.029 1.822 1221.104 3.0490203900709405 0.0
22.0 4.0 Car -1.0 -1.0 -1.0 -1.0 -1.0 -1.0 -1.0 2.226 2.0 5.045 1791.512 0.926 1189.916 -0.601073941094727 0.0
22.0 7.0 Car -1.0 -1.0 -1.0 -1.0 -1.0 -1.0 -1.0 2.112 1.729 4.927 1828.524 0.931 1159.307 2.1508565036942437 0.0
22.0 3.0 Car -1.0 -1.0 -1.0 -1.0 -1.0 -1.0 -1.0 2.12 1.813 5.082 1803.663 0.89 1181.009 -0.8225038637284533 0.0
22.0 1.0 Car -1.0 -1.0 -1.0 -1.0 -1.0 -1.0 -1.0 2.021 1.934 4.627 1862.217 1.341 1108.567 2.1445558646619087 0.0
22.0 5.0 Truck -1.0 -1.0 -1.0 -1.0 -1.0 -1.0 -1.0 4.139 4.4 8.497 1776.851 1.93 1221.165 3.0490203900709405 0.0
23.0 4.0 Car -1.0 -1.0 -1.0 -1.0 -1.0 -1.0 -1.0 2.226 2.0 5.045 1795.013 0.949 1187.222 -0.7232469887343287 0.0
23.0 7.0 Car -1.0 -1.0 -1.0 -1.0 -1.0 -1.0 -1.0 2.112 1.729 4.927 1826.703 0.881 1162.217 2.1159499186543567 0.0
23.0 3.0 Car -1.0 -1.0 -1.0 -1.0 -1.0 -1.0 -1.0 2.12 1.813 5.082 1806.337 0.834 1177.5 -0.9795834964079413 1.0
23.0 1.0 Car -1.0 -1.0 -1.0 -1.0 -1.0 -1.0 -1.0 2.021 1.934 4.627 1859.024 1.198 1112.889 2.1271025721419656 1.0
23.0 5.0 Truck -1.0 -1.0 -1.0 -1.0 -1.0 -1.0 -1.0 4.139 4.4 8.497 1775.197 2.254 1219.938 -2.9549122367895526 0.0
24.0 4.0 Car -1.0 -1.0 -1.0 -1.0 -1.0 -1.0 -1.0 2.226 2.0 5.045 1797.73 0.873 1184.802 -0.758153573774215 0.0
24.0 7.0 Car -1.0 -1.0 -1.0 -1.0 -1.0 -1.0 -1.0 2.112 1.729 4.927 1825.158 0.831 1164.868 2.1159499186543567 0.0
24.0 3.0 Car -1.0 -1.0 -1.0 -1.0 -1.0 -1.0 -1.0 2.12 1.813 5.082 1808.752 0.828 1174.031 -0.9795834964079413 1.0
24.0 1.0 Car -1.0 -1.0 -1.0 -1.0 -1.0 -1.0 -1.0 2.021 1.934 4.627 1856.401 1.223 1117.199 2.1271025721419656 1.0
24.0 5.0 Truck -1.0 -1.0 -1.0 -1.0 -1.0 -1.0 -1.0 4.139 4.4 8.497 1773.492 2.079 1218.707 -2.9549122367895526 0.0
25.0 7.0 Car -1.0 -1.0 -1.0 -1.0 -1.0 -1.0 -1.0 2.112 1.729 4.927 1823.356 0.876 1167.755 2.1334032111743 0.0
25.0 3.0 Car -1.0 -1.0 -1.0 -1.0 -1.0 -1.0 -1.0 2.12 1.813 5.082 1811.409 0.927 1169.948 -0.9621302038879982 1.0
25.0 1.0 Car -1.0 -1.0 -1.0 -1.0 -1.0 -1.0 -1.0 2.021 1.934 4.627 1853.035 1.168 1122.416 2.1271025721419656 1.0
25.0 5.0 Truck -1.0 -1.0 -1.0 -1.0 -1.0 -1.0 -1.0 4.139 4.4 8.497 1770.708 2.261 1217.465 -2.9374589442696095 0.0
26.0 7.0 Car -1.0 -1.0 -1.0 -1.0 -1.0 -1.0 -1.0 2.112 1.729 4.927 1821.784 0.867 1170.338 2.1334032111743 0.0
26.0 3.0 Car -1.0 -1.0 -1.0 -1.0 -1.0 -1.0 -1.0 2.12 1.813 5.082 1813.95 0.925 1166.27 -0.9795834964079413 1.0
26.0 1.0 Car -1.0 -1.0 -1.0 -1.0 -1.0 -1.0 -1.0 2.021 1.934 4.627 1849.827 1.173 1126.761 2.1445558646619087 1.0
27.0 7.0 Car -1.0 -1.0 -1.0 -1.0 -1.0 -1.0 -1.0 2.112 1.729 4.927 1820.206 0.858 1172.993 2.1334032111743 0.0
27.0 3.0 Car -1.0 -1.0 -1.0 -1.0 -1.0 -1.0 -1.0 2.12 1.813 5.082 1816.312 0.974 1162.815 -0.9795834964079413 1.0
27.0 1.0 Car -1.0 -1.0 -1.0 -1.0 -1.0 -1.0 -1.0 2.021 1.934 4.627 1847.078 0.976 1131.065 2.1271025721419656 1.0
28.0 7.0 Car -1.0 -1.0 -1.0 -1.0 -1.0 -1.0 -1.0 2.112 1.729 4.927 1818.645 0.849 1175.623 2.1334032111743 0.0
28.0 3.0 Car -1.0 -1.0 -1.0 -1.0 -1.0 -1.0 -1.0 2.12 1.813 5.082 1818.84 1.023 1159.215 -0.9621302038879982 0.0
28.0 1.0 Car -1.0 -1.0 -1.0 -1.0 -1.0 -1.0 -1.0 2.021 1.934 4.627 1844.421 1.073 1135.162 2.196915742221739 0.0
29.0 7.0 Car -1.0 -1.0 -1.0 -1.0 -1.0 -1.0 -1.0 2.112 1.729 4.927 1816.903 0.74 1178.539 2.1334032111743 0.0
29.0 3.0 Car -1.0 -1.0 -1.0 -1.0 -1.0 -1.0 -1.0 2.12 1.813 5.082 1821.477 0.972 1155.318 -0.9795834964079413 0.0
29.0 1.0 Car -1.0 -1.0 -1.0 -1.0 -1.0 -1.0 -1.0 2.021 1.934 4.627 1841.601 1.023 1139.523 2.1445558646619087 0.0
30.0 7.0 Car -1.0 -1.0 -1.0 -1.0 -1.0 -1.0 -1.0 2.112 1.729 4.927 1815.452 0.731 1180.994 2.1334032111743 0.0
30.0 3.0 Car -1.0 -1.0 -1.0 -1.0 -1.0 -1.0 -1.0 2.12 1.813 5.082 1824.219 1.02 1151.263 -0.9795834964079413 0.0
30.0 1.0 Car -1.0 -1.0 -1.0 -1.0 -1.0 -1.0 -1.0 2.021 1.934 4.627 1839.038 1.023 1143.481 2.1445558646619087 0.0
31.0 7.0 Car -1.0 -1.0 -1.0 -1.0 -1.0 -1.0 -1.0 2.112 1.729 4.927 1813.41 0.77 1184.034 2.1508565036942437 0.0
31.0 3.0 Car -1.0 -1.0 -1.0 -1.0 -1.0 -1.0 -1.0 2.12 1.813 5.082 1827.198 0.969 1146.826 -0.9795834964079413 0.0
31.0 1.0 Car -1.0 -1.0 -1.0 -1.0 -1.0 -1.0 -1.0 2.021 1.934 4.627 1835.979 1.023 1148.327 2.1445558646619087 0.0
32.0 7.0 Car -1.0 -1.0 -1.0 -1.0 -1.0 -1.0 -1.0 2.112 1.729 4.927 1811.692 0.803 1186.593 2.1508565036942437 0.0
32.0 3.0 Car -1.0 -1.0 -1.0 -1.0 -1.0 -1.0 -1.0 2.12 1.813 5.082 1829.782 0.967 1142.95 -0.9621302038879982 0.0
32.0 1.0 Car -1.0 -1.0 -1.0 -1.0 -1.0 -1.0 -1.0 2.021 1.934 4.627 1833.635 1.048 1152.048 2.1445558646619087 0.0
33.0 3.0 Car -1.0 -1.0 -1.0 -1.0 -1.0 -1.0 -1.0 2.12 1.813 5.082 1832.654 1.016 1138.828 -0.9795834964079413 0.0
33.0 1.0 Car -1.0 -1.0 -1.0 -1.0 -1.0 -1.0 -1.0 2.021 1.934 4.627 1831.287 1.073 1155.775 2.1445558646619087 0.0
34.0 3.0 Car -1.0 -1.0 -1.0 -1.0 -1.0 -1.0 -1.0 2.12 1.813 5.082 1835.277 1.015 1134.934 -0.9795834964079413 0.0
34.0 1.0 Car -1.0 -1.0 -1.0 -1.0 -1.0 -1.0 -1.0 2.021 1.934 4.627 1828.549 1.098 1159.988 2.1445558646619087 0.0
35.0 3.0 Car -1.0 -1.0 -1.0 -1.0 -1.0 -1.0 -1.0 2.12 1.813 5.082 1837.872 0.964 1131.164 -0.9795834964079413 0.0
35.0 1.0 Car -1.0 -1.0 -1.0 -1.0 -1.0 -1.0 -1.0 2.021 1.934 4.627 1826.148 1.023 1163.915 2.1445558646619087 0.0
36.0 3.0 Car -1.0 -1.0 -1.0 -1.0 -1.0 -1.0 -1.0 2.12 1.813 5.082 1840.672 0.929 1126.977 -0.9795834964079413 0.0
36.0 1.0 Car -1.0 -1.0 -1.0 -1.0 -1.0 -1.0 -1.0 2.021 1.934 4.627 1823.861 0.991 1167.312 2.1445558646619087 0.0
37.0 3.0 Car -1.0 -1.0 -1.0 -1.0 -1.0 -1.0 -1.0 2.12 1.813 5.082 1843.014 0.902 1123.559 -0.9795834964079413 0.0
37.0 1.0 Car -1.0 -1.0 -1.0 -1.0 -1.0 -1.0 -1.0 2.021 1.934 4.627 1822.003 0.853 1170.016 2.1445558646619087 0.0
38.0 3.0 Car -1.0 -1.0 -1.0 -1.0 -1.0 -1.0 -1.0 2.12 1.813 5.082 1845.697 0.9 1119.552 -0.9970367889278844 0.0
38.0 1.0 Car -1.0 -1.0 -1.0 -1.0 -1.0 -1.0 -1.0 2.021 1.934 4.627 1819.8 0.793 1173.473 2.1445558646619087 0.0
39.0 3.0 Car -1.0 -1.0 -1.0 -1.0 -1.0 -1.0 -1.0 2.12 1.813 5.082 1848.32 0.899 1115.51 -0.9621302038879982 0.0
39.0 1.0 Car -1.0 -1.0 -1.0 -1.0 -1.0 -1.0 -1.0 2.021 1.934 4.627 1817.759 0.747 1176.461 2.1445558646619087 0.0
