0.0 0.0 Car -1.0 -1.0 -1.0 -1.0 -1.0 -1.0 -1.0 1.873 1.546 4.483 388.386 0.974 1129.492 -1.975677806361236 0.0
1.0 0.0 Car -1.0 -1.0 -1.0 -1.0 -1.0 -1.0 -1.0 1.873 1.546 4.483 388.308 0.974 1129.355 -1.975677806361236 0.0
2.0 0.0 Car -1.0 -1.0 -1.0 -1.0 -1.0 -1.0 -1.0 1.873 1.546 4.483 388.23 0.974 1129.219 -1.975677806361236 0.0
3.0 0.0 Car -1.0 -1.0 -1.0 -1.0 -1.0 -1.0 -1.0 1.873 1.546 4.483 388.152 0.974 1129.082 -1.975677806361236 1.0
4.0 0.0 Car -1.0 -1.0 -1.0 -1.0 -1.0 -1.0 -1.0 1.873 1.546 4.483 388.11 1.014 1129.031 -1.975677806361236 1.0
5.0 0.0 Car -1.0 -1.0 -1.0 -1.0 -1.0 -1.0 -1.0 1.873 1.546 4.483 388.068 1.054 1128.98 -1.975677806361236 1.0
6.0 0.0 Car -1.0 -1.0 -1.0 -1.0 -1.0 -1.0 -1.0 1.873 1.546 4.483 388.027 1.094 1128.928 -1.975677806361236 1.0
7.0 0.0 Car -1.0 -1.0 -1.0 -1.0 -1.0 -1.0 -1.0 1.873 1.546 4.483 387.985 1.134 1128.877 -1.975677806361236 1.0
8.0 0.0 Car -1.0 -1.0 -1.0 -1.0 -1.0 -1.0 -1.0 1.873 1.546 4.483 387.944 1.174 1128.826 -1.975677806361236 1.0
9.0 0.0 Car -1.0 -1.0 -1.0 -1.0 -1.0 -1.0 -1.0 1.873 1.546 4.483 387.928 1.257 1128.765 -1.975677806361236 0.0
10.0 0.0 Car -1.0 -1.0 -1.0 -1.0 -1.0 -1.0 -1.0 1.873 1.546 4.483 387.912 1.34 1128.704 -1.975677806361236 0.0
11.0 0.0 Car -1.0 -1.0 -1.0 -1.0 -1.0 -1.0 -1.0 1.873 1.546 4.483 387.896 1.422 1128.644 -1.975677806361236 0.0
12.0 0.0 Car -1.0 -1.0 -1.0 -1.0 -1.0 -1.0 -1.0 1.873 1.546 4.483 387.81 1.505 1128.211 -1.975677806361236 0.0
13.0 0.0 Car -1.0 -1.0 -1.0 -1.0 -1.0 -1.0 -1.0 1.873 1.546 4.483 387.594 1.587 1127.925 -1.975677806361236 0.0
14.0 0.0 Car -1.0 -1.0 -1.0 -1.0 -1.0 -1.0 -1.0 1.873 1.546 4.483 387.312 1.67 1127.171 -1.975677806361236 0.0
15.0 0.0 Car -1.0 -1.0 -1.0 -1.0 -1.0 -1.0 -1.0 1.873 1.546 4.483 386.92 1.752 1126.163 -1.975677806361236 0.0
16.0 0.0 Car -1.0 -1.0 -1.0 -1.0 -1.0 -1.0 -1.0 1.873 1.546 4.483 386.529 1.835 1125.154 -1.975677806361236 0.0
17.0 0.0 Car -1.0 -1.0 -1.0 -1.0 -1.0 -1.0 -1.0 1.873 1.546 4.483 385.882 1.917 1123.549 -1.975677806361236 0.0
18.0 0.0 Car -1.0 -1.0 -1.0 -1.0 -1.0 -1.0 -1.0 1.873 1.546 4.483 385.089 2.0 1121.605 -1.975677806361236 0.0
19.0 0.0 Car -1.0 -1.0 -1.0 -1.0 -1.0 -1.0 -1.0 1.873 1.546 4.483 383.977 2.082 1118.992 -1.975677806361236 0.0
20.0 0.0 Car -1.0 -1.0 -1.0 -1.0 -1.0 -1.0 -1.0 1.873 1.546 4.483 382.593 2.165 1116.294 -1.975677806361236 0.0
