0.0 0.0 Bus -1.0 -1.0 -1.0 -1.0 -1.0 -1.0 -1.0 3.235 3.461 12.279 591.29 1.998 1783.685 -2.179462450133134 0.0
0.0 1.0 Bus -1.0 -1.0 -1.0 -1.0 -1.0 -1.0 -1.0 2.948 3.707 11.805 533.55 -2.345 1725.949 1.1853578147875596 0.0
1.0 0.0 Bus -1.0 -1.0 -1.0 -1.0 -1.0 -1.0 -1.0 3.235 3.461 12.279 590.467 1.998 1782.536 -2.1969157426530757 1.0
1.0 1.0 Bus -1.0 -1.0 -1.0 -1.0 -1.0 -1.0 -1.0 2.948 3.707 11.805 534.781 -2.074 1728.78 1.1504512297476732 1.0
2.0 0.0 Bus -1.0 -1.0 -1.0 -1.0 -1.0 -1.0 -1.0 3.235 3.461 12.279 589.684 1.998 1781.488 -2.2027335068263914 1.0
2.0 1.0 Bus -1.0 -1.0 -1.0 -1.0 -1.0 -1.0 -1.0 2.948 3.707 11.805 535.917 -1.803 1731.372 1.1329979372277297 1.0
3.0 0.0 Bus -1.0 -1.0 -1.0 -1.0 -1.0 -1.0 -1.0 3.235 3.461 12.279 588.877 1.998 1780.406 -2.208551270999705 1.0
3.0 1.0 Bus -1.0 -1.0 -1.0 -1.0 -1.0 -1.0 -1.0 2.948 3.707 11.805 537.156 -1.532 1733.733 1.0806380596678997 1.0
4.0 0.0 Bus -1.0 -1.0 -1.0 -1.0 -1.0 -1.0 -1.0 3.235 3.461 12.279 588.02 1.998 1779.255 -2.2143690351730196 1.0
4.0 1.0 Bus -1.0 -1.0 -1.0 -1.0 -1.0 -1.0 -1.0 2.948 3.707 11.805 538.458 -1.241 1736.118 1.0500947977579986 1.0
5.0 0.0 Bus -1.0 -1.0 -1.0 -1.0 -1.0 -1.0 -1.0 3.235 3.461 12.279 587.215 2.036 1778.3 -2.227459004562977 1.0
5.0 1.0 Bus -1.0 -1.0 -1.0 -1.0 -1.0 -1.0 -1.0 2.948 3.707 11.805 539.855 -0.949 1738.356 1.0195515358480982 1.0
6.0 0.0 Bus -1.0 -1.0 -1.0 -1.0 -1.0 -1.0 -1.0 3.235 3.461 12.279 586.437 2.073 1777.378 -2.2405489739529343 1.0
6.0 1.0 Bus -1.0 -1.0 -1.0 -1.0 -1.0 -1.0 -1.0 2.948 3.707 11.805 541.32 -0.657 1740.55 0.9890082739381973 1.0
7.0 0.0 Bus -1.0 -1.0 -1.0 -1.0 -1.0 -1.0 -1.0 3.235 3.461 12.279 585.658 2.111 1776.456 -2.2536389433428914 1.0
7.0 1.0 Bus -1.0 -1.0 -1.0 -1.0 -1.0 -1.0 -1.0 2.948 3.707 11.805 542.77 -0.366 1742.658 0.9584650120282965 1.0
8.0 0.0 Bus -1.0 -1.0 -1.0 -1.0 -1.0 -1.0 -1.0 3.235 3.461 12.279 584.959 2.148 1775.634 -2.2667289127328485 1.0
8.0 1.0 Bus -1.0 -1.0 -1.0 -1.0 -1.0 -1.0 -1.0 2.948 3.707 11.805 544.344 -0.082 1744.589 0.9293761911617244 1.0
9.0 0.0 Bus -1.0 -1.0 -1.0 -1.0 -1.0 -1.0 -1.0 3.235 3.461 12.279 584.306 2.248 1775.05 -2.271092235862835 1.0
9.0 1.0 Bus -1.0 -1.0 -1.0 -1.0 -1.0 -1.0 -1.0 2.948 3.707 11.805 545.996 0.201 1746.643 0.9002873702951522 1.0
10.0 0.0 Bus -1.0 -1.0 -1.0 -1.0 -1.0 -1.0 -1.0 3.235 3.461 12.279 583.671 2.348 1774.488 -2.27545555899282 1.0
10.0 1.0 Bus -1.0 -1.0 -1.0 -1.0 -1.0 -1.0 -1.0 2.948 3.707 11.805 547.76 0.484 1748.713 0.8711985494285799 1.0
11.0 0.0 Bus -1.0 -1.0 -1.0 -1.0 -1.0 -1.0 -1.0 3.235 3.461 12.279 583.173 2.448 1774.087 -2.279818882122806 1.0
11.0 1.0 Bus -1.0 -1.0 -1.0 -1.0 -1.0 -1.0 -1.0 2.948 3.707 11.805 549.827 0.759 1750.725 0.8362919643886932 1.0
12.0 0.0 Bus -1.0 -1.0 -1.0 -1.0 -1.0 -1.0 -1.0 3.235 3.461 12.279 582.787 2.548 1773.813 -2.2841822052527916 1.0
12.0 1.0 Bus -1.0 -1.0 -1.0 -1.0 -1.0 -1.0 -1.0 2.948 3.707 11.805 551.782 1.034 1752.944 0.8013853793488066 1.0
13.0 0.0 Bus -1.0 -1.0 -1.0 -1.0 -1.0 -1.0 -1.0 3.235 3.461 12.279 582.637 2.648 1773.532 -2.301635497772735 1.0
13.0 1.0 Bus -1.0 -1.0 -1.0 -1.0 -1.0 -1.0 -1.0 2.948 3.707 11.805 553.831 1.334 1754.876 0.7752054405688916 1.0
14.0 0.0 Bus -1.0 -1.0 -1.0 -1.0 -1.0 -1.0 -1.0 3.235 3.461 12.279 582.637 2.748 1773.418 -2.3190887902926782 1.0
14.0 1.0 Bus -1.0 -1.0 -1.0 -1.0 -1.0 -1.0 -1.0 2.948 3.707 11.805 555.701 1.634 1756.542 0.7490255017889765 1.0
15.0 0.0 Bus -1.0 -1.0 -1.0 -1.0 -1.0 -1.0 -1.0 3.235 3.461 12.279 582.429 2.848 1773.09 -2.336542082812621 1.0
15.0 1.0 Bus -1.0 -1.0 -1.0 -1.0 -1.0 -1.0 -1.0 2.948 3.707 11.805 557.628 1.934 1758.309 0.7141189167490901 1.0
16.0 0.0 Bus -1.0 -1.0 -1.0 -1.0 -1.0 -1.0 -1.0 3.235 3.461 12.279 582.106 2.948 1772.639 -2.3539953753325644 1.0
16.0 1.0 Bus -1.0 -1.0 -1.0 -1.0 -1.0 -1.0 -1.0 2.948 3.707 11.805 559.453 2.184 1759.853 0.7097555936191042 1.0
17.0 0.0 Bus -1.0 -1.0 -1.0 -1.0 -1.0 -1.0 -1.0 3.235 3.461 12.279 581.599 3.073 1772.217 -2.3496320522025784 1.0
17.0 1.0 Bus -1.0 -1.0 -1.0 -1.0 -1.0 -1.0 -1.0 2.948 3.707 11.805 561.371 2.434 1761.224 0.7053922704891183 1.0
18.0 0.0 Bus -1.0 -1.0 -1.0 -1.0 -1.0 -1.0 -1.0 3.235 3.461 12.279 581.051 3.198 1771.757 -2.345268729072593 1.0
18.0 1.0 Bus -1.0 -1.0 -1.0 -1.0 -1.0 -1.0 -1.0 2.948 3.707 11.805 563.08 2.684 1762.573 0.7010289473591326 1.0
19.0 0.0 Bus -1.0 -1.0 -1.0 -1.0 -1.0 -1.0 -1.0 3.235 3.461 12.279 580.355 3.323 1771.146 -2.340905405942607 1.0
19.0 1.0 Bus -1.0 -1.0 -1.0 -1.0 -1.0 -1.0 -1.0 2.948 3.707 11.805 564.537 2.934 1763.818 0.6966656242291466 1.0
20.0 0.0 Bus -1.0 -1.0 -1.0 -1.0 -1.0 -1.0 -1.0 3.235 3.461 12.279 579.541 3.448 1770.414 -2.336542082812621 1.0
20.0 1.0 Bus -1.0 -1.0 -1.0 -1.0 -1.0 -1.0 -1.0 2.948 3.707 11.805 565.695 3.109 1764.878 0.687938977969175 0.0
21.0 0.0 Bus -1.0 -1.0 -1.0 -1.0 -1.0 -1.0 -1.0 3.235 3.461 12.279 578.762 3.573 1769.672 -2.3598131395058783 1.0
21.0 1.0 Bus -1.0 -1.0 -1.0 -1.0 -1.0 -1.0 -1.0 2.948 3.707 11.805 566.645 3.284 1765.508 0.6792123317092033 0.0
22.0 0.0 Bus -1.0 -1.0 -1.0 -1.0 -1.0 -1.0 -1.0 3.235 3.461 12.279 577.774 3.698 1768.783 -2.383084196199136 1.0
22.0 1.0 Bus -1.0 -1.0 -1.0 -1.0 -1.0 -1.0 -1.0 2.948 3.707 11.805 567.166 3.459 1765.841 0.6704856854492316 0.0
23.0 0.0 Bus -1.0 -1.0 -1.0 -1.0 -1.0 -1.0 -1.0 3.235 3.461 12.279 576.669 3.823 1767.772 -2.4063552528923937 1.0
23.0 1.0 Bus -1.0 -1.0 -1.0 -1.0 -1.0 -1.0 -1.0 2.948 3.707 11.805 567.382 3.634 1766.155 0.66175903918926 0.0
24.0 0.0 Bus -1.0 -1.0 -1.0 -1.0 -1.0 -1.0 -1.0 3.235 3.461 12.279 575.6 3.732 1766.846 -2.429626309585651 1.0
24.0 1.0 Bus -1.0 -1.0 -1.0 -1.0 -1.0 -1.0 -1.0 2.948 3.707 11.805 567.769 3.729 1766.34 0.66175903918926 0.0
25.0 0.0 Bus -1.0 -1.0 -1.0 -1.0 -1.0 -1.0 -1.0 3.235 3.461 12.279 574.532 3.64 1765.984 -2.4528973662789086 1.0
25.0 1.0 Bus -1.0 -1.0 -1.0 -1.0 -1.0 -1.0 -1.0 2.948 3.707 11.805 568.057 3.824 1766.448 0.66175903918926 0.0
26.0 0.0 Bus -1.0 -1.0 -1.0 -1.0 -1.0 -1.0 -1.0 3.235 3.461 12.279 573.277 3.548 1764.951 -2.476168422972166 1.0
26.0 1.0 Bus -1.0 -1.0 -1.0 -1.0 -1.0 -1.0 -1.0 2.948 3.707 11.805 568.364 3.919 1766.571 0.66175903918926 0.0
27.0 0.0 Bus -1.0 -1.0 -1.0 -1.0 -1.0 -1.0 -1.0 3.235 3.461 12.279 571.967 3.582 1763.869 -2.484895069232137 0.0
27.0 1.0 Bus -1.0 -1.0 -1.0 -1.0 -1.0 -1.0 -1.0 2.948 3.707 11.805 568.67 4.014 1766.693 0.66175903918926 0.0
28.0 0.0 Bus -1.0 -1.0 -1.0 -1.0 -1.0 -1.0 -1.0 3.235 3.461 12.279 570.472 3.615 1762.749 -2.493621715492109 0.0
28.0 1.0 Bus -1.0 -1.0 -1.0 -1.0 -1.0 -1.0 -1.0 2.948 3.707 11.805 568.985 4.109 1766.822 0.66175903918926 0.0
29.0 0.0 Bus -1.0 -1.0 -1.0 -1.0 -1.0 -1.0 -1.0 3.235 3.461 12.279 568.843 3.648 1761.737 -2.5023483617520808 0.0
29.0 1.0 Bus -1.0 -1.0 -1.0 -1.0 -1.0 -1.0 -1.0 2.948 3.707 11.805 569.44 4.267 1767.208 0.66175903918926 0.0
30.0 0.0 Bus -1.0 -1.0 -1.0 -1.0 -1.0 -1.0 -1.0 3.235 3.461 12.279 567.233 3.682 1760.42 -2.511075008012052 0.0
30.0 1.0 Bus -1.0 -1.0 -1.0 -1.0 -1.0 -1.0 -1.0 2.948 3.707 11.805 570.009 4.424 1767.683 0.66175903918926 0.0
31.0 0.0 Bus -1.0 -1.0 -1.0 -1.0 -1.0 -1.0 -1.0 3.235 3.461 12.279 565.342 3.783 1759.228 -2.511075008012052 0.0
31.0 1.0 Bus -1.0 -1.0 -1.0 -1.0 -1.0 -1.0 -1.0 2.948 3.707 11.805 570.75 4.582 1768.292 0.66175903918926 0.0
32.0 0.0 Bus -1.0 -1.0 -1.0 -1.0 -1.0 -1.0 -1.0 3.235 3.461 12.279 563.374 3.885 1757.666 -2.511075008012052 0.0
33.0 0.0 Bus -1.0 -1.0 -1.0 -1.0 -1.0 -1.0 -1.0 3.235 3.461 12.279 561.039 3.987 1756.463 -2.511075008012052 0.0
34.0 0.0 Bus -1.0 -1.0 -1.0 -1.0 -1.0 -1.0 -1.0 3.235 3.461 12.279 558.88 4.089 1754.865 -2.493621715492109 0.0
35.0 0.0 Bus -1.0 -1.0 -1.0 -1.0 -1.0 -1.0 -1.0 3.235 3.461 12.279 556.842 4.174 1753.068 -2.487803951318795 0.0
36.0 0.0 Bus -1.0 -1.0 -1.0 -1.0 -1.0 -1.0 -1.0 3.235 3.461 12.279 554.759 4.259 1751.331 -2.464532894625537 0.0
37.0 0.0 Bus -1.0 -1.0 -1.0 -1.0 -1.0 -1.0 -1.0 3.235 3.461 12.279 552.583 4.345 1749.31 -2.4412618379322795 0.0
38.0 0.0 Bus -1.0 -1.0 -1.0 -1.0 -1.0 -1.0 -1.0 3.235 3.461 12.279 550.547 4.371 1747.451 -2.4063552528923937 0.0
