0.0 1.0 Bus -1.0 -1.0 -1.0 -1.0 -1.0 -1.0 -1.0 2.909 3.858 12.172 566.309 0.933 1764.883 0.7374888754302044 0.0
0.0 0.0 Car -1.0 -1.0 -1.0 -1.0 -1.0 -1.0 -1.0 1.878 1.578 4.55 578.498 0.179 1774.435 0.71479959516269 0.0
1.0 1.0 Bus -1.0 -1.0 -1.0 -1.0 -1.0 -1.0 -1.0 2.909 3.858 12.172 566.825 0.933 1765.388 0.7374888754302044 1.0
1.0 0.0 Car -1.0 -1.0 -1.0 -1.0 -1.0 -1.0 -1.0 1.878 1.578 4.55 579.671 0.256 1775.463 0.7235413515316118 1.0
2.0 1.0 Bus -1.0 -1.0 -1.0 -1.0 -1.0 -1.0 -1.0 2.909 3.858 12.172 567.34 0.933 1765.892 0.7374888754302044 1.0
2.0 0.0 Car -1.0 -1.0 -1.0 -1.0 -1.0 -1.0 -1.0 1.878 1.578 4.55 580.839 0.333 1776.487 0.7322528876826332 1.0
3.0 1.0 Bus -1.0 -1.0 -1.0 -1.0 -1.0 -1.0 -1.0 2.909 3.858 12.172 567.72 0.869 1766.13 0.7287668789708036 1.0
3.0 0.0 Car -1.0 -1.0 -1.0 -1.0 -1.0 -1.0 -1.0 1.878 1.578 4.55 582.44 0.215 1777.998 0.7671594727225198 1.0
4.0 1.0 Bus -1.0 -1.0 -1.0 -1.0 -1.0 -1.0 -1.0 2.909 3.858 12.172 568.1 0.804 1766.369 0.720035582910261 1.0
4.0 0.0 Car -1.0 -1.0 -1.0 -1.0 -1.0 -1.0 -1.0 1.878 1.578 4.55 584.099 0.278 1779.685 0.804580993470849 1.0
5.0 1.0 Bus -1.0 -1.0 -1.0 -1.0 -1.0 -1.0 -1.0 2.909 3.858 12.172 568.304 0.802 1766.564 0.720035582910261 1.0
5.0 0.0 Car -1.0 -1.0 -1.0 -1.0 -1.0 -1.0 -1.0 1.878 1.578 4.55 585.379 0.329 1781.078 0.8345169089143789 1.0
6.0 1.0 Bus -1.0 -1.0 -1.0 -1.0 -1.0 -1.0 -1.0 2.909 3.858 12.172 568.559 0.798 1766.808 0.720035582910261 1.0
6.0 0.0 Car -1.0 -1.0 -1.0 -1.0 -1.0 -1.0 -1.0 1.878 1.578 4.55 587.123 0.255 1783.146 0.8799405558382419 1.0
7.0 1.0 Bus -1.0 -1.0 -1.0 -1.0 -1.0 -1.0 -1.0 2.909 3.858 12.172 568.888 0.507 1767.135 0.7211969416174628 1.0
7.0 0.0 Car -1.0 -1.0 -1.0 -1.0 -1.0 -1.0 -1.0 1.878 1.578 4.55 588.771 0.181 1785.29 0.9253597503809445 1.0
8.0 1.0 Bus -1.0 -1.0 -1.0 -1.0 -1.0 -1.0 -1.0 2.909 3.858 12.172 569.218 0.215 1767.462 0.7223583560861649 1.0
8.0 2.0 Car -1.0 -1.0 -1.0 -1.0 -1.0 -1.0 -1.0 1.814 1.703 4.267 625.348 0.675 1816.146 2.8380100834955586 0.0
8.0 0.0 Car -1.0 -1.0 -1.0 -1.0 -1.0 -1.0 -1.0 1.878 1.578 4.55 590.319 0.107 1787.507 0.9707811256817667 1.0
9.0 1.0 Bus -1.0 -1.0 -1.0 -1.0 -1.0 -1.0 -1.0 2.909 3.858 12.172 569.547 -0.077 1767.789 0.7235185461252562 1.0
9.0 2.0 Car -1.0 -1.0 -1.0 -1.0 -1.0 -1.0 -1.0 1.814 1.703 4.267 623.206 0.725 1816.802 2.8380100834955586 1.0
9.0 0.0 Car -1.0 -1.0 -1.0 -1.0 -1.0 -1.0 -1.0 1.878 1.578 4.55 591.823 0.202 1789.897 1.017274078699737 1.0
10.0 1.0 Bus -1.0 -1.0 -1.0 -1.0 -1.0 -1.0 -1.0 2.909 3.858 12.172 569.883 -0.069 1768.103 0.7305072651353507 1.0
10.0 2.0 Car -1.0 -1.0 -1.0 -1.0 -1.0 -1.0 -1.0 1.814 1.703 4.267 621.265 0.775 1817.329 2.8380100834955586 1.0
10.0 0.0 Car -1.0 -1.0 -1.0 -1.0 -1.0 -1.0 -1.0 1.878 1.578 4.55 593.216 0.296 1792.359 1.0638654455615564 1.0
11.0 1.0 Bus -1.0 -1.0 -1.0 -1.0 -1.0 -1.0 -1.0 2.909 3.858 12.172 570.219 -0.061 1768.417 0.7374888754302044 1.0
11.0 2.0 Car -1.0 -1.0 -1.0 -1.0 -1.0 -1.0 -1.0 1.814 1.703 4.267 619.294 0.725 1817.743 2.925276546095275 1.0
11.0 0.0 Car -1.0 -1.0 -1.0 -1.0 -1.0 -1.0 -1.0 1.878 1.578 4.55 594.508 0.344 1794.858 1.0754973130077268 1.0
12.0 1.0 Bus -1.0 -1.0 -1.0 -1.0 -1.0 -1.0 -1.0 2.909 3.858 12.172 571.199 -0.041 1769.251 0.7331293560728133 1.0
12.0 2.0 Car -1.0 -1.0 -1.0 -1.0 -1.0 -1.0 -1.0 1.814 1.703 4.267 617.574 0.725 1817.783 3.0474495937348784 1.0
12.0 0.0 Car -1.0 -1.0 -1.0 -1.0 -1.0 -1.0 -1.0 1.878 1.578 4.55 595.802 0.391 1797.359 1.087141070624242 1.0
13.0 1.0 Bus -1.0 -1.0 -1.0 -1.0 -1.0 -1.0 -1.0 2.909 3.858 12.172 572.178 -0.021 1770.084 0.7287746282576507 1.0
13.0 2.0 Car -1.0 -1.0 -1.0 -1.0 -1.0 -1.0 -1.0 1.814 1.703 4.267 615.931 0.675 1817.807 -3.0961093732851617 1.0
13.0 0.0 Car -1.0 -1.0 -1.0 -1.0 -1.0 -1.0 -1.0 1.878 1.578 4.55 597.095 0.438 1799.858 1.0987720306014432 1.0
14.0 1.0 Bus -1.0 -1.0 -1.0 -1.0 -1.0 -1.0 -1.0 2.909 3.858 12.172 573.158 -0.002 1770.919 0.724414821407726 1.0
14.0 2.0 Car -1.0 -1.0 -1.0 -1.0 -1.0 -1.0 -1.0 1.814 1.703 4.267 614.165 0.675 1817.538 -2.9913896181655018 1.0
14.0 0.0 Car -1.0 -1.0 -1.0 -1.0 -1.0 -1.0 -1.0 1.878 1.578 4.55 598.079 0.468 1802.035 1.11624505015533 1.0
15.0 1.0 Bus -1.0 -1.0 -1.0 -1.0 -1.0 -1.0 -1.0 2.909 3.858 12.172 574.503 0.04 1772.038 0.7267095875593418 1.0
15.0 2.0 Car -1.0 -1.0 -1.0 -1.0 -1.0 -1.0 -1.0 1.814 1.703 4.267 612.539 0.625 1817.056 -2.8692165705258987 0.0
15.0 0.0 Car -1.0 -1.0 -1.0 -1.0 -1.0 -1.0 -1.0 1.878 1.578 4.55 599.061 0.498 1804.208 1.1336786156413297 1.0
16.0 1.0 Bus -1.0 -1.0 -1.0 -1.0 -1.0 -1.0 -1.0 2.909 3.858 12.172 575.847 0.081 1773.158 0.7290045559282254 1.0
16.0 2.0 Car -1.0 -1.0 -1.0 -1.0 -1.0 -1.0 -1.0 1.814 1.703 4.267 611.02 0.625 1816.385 -2.7515650996763905 0.0
16.0 0.0 Car -1.0 -1.0 -1.0 -1.0 -1.0 -1.0 -1.0 1.878 1.578 4.55 599.932 0.543 1806.143 1.1511228953224464 1.0
17.0 1.0 Bus -1.0 -1.0 -1.0 -1.0 -1.0 -1.0 -1.0 2.909 3.858 12.172 577.193 0.122 1774.279 0.7313018957541596 1.0
17.0 2.0 Car -1.0 -1.0 -1.0 -1.0 -1.0 -1.0 -1.0 1.814 1.703 4.267 609.655 0.6 1815.539 -2.587217937088692 0.0
17.0 0.0 Car -1.0 -1.0 -1.0 -1.0 -1.0 -1.0 -1.0 1.878 1.578 4.55 600.804 0.588 1808.081 1.168585200681216 1.0
18.0 1.0 Bus -1.0 -1.0 -1.0 -1.0 -1.0 -1.0 -1.0 2.909 3.858 12.172 578.924 0.197 1776.018 0.7510695166814251 1.0
18.0 2.0 Car -1.0 -1.0 -1.0 -1.0 -1.0 -1.0 -1.0 1.814 1.703 4.267 608.445 0.575 1814.481 -2.4226929056923963 0.0
18.0 0.0 Car -1.0 -1.0 -1.0 -1.0 -1.0 -1.0 -1.0 1.878 1.578 4.55 601.665 0.553 1810.264 1.1773167150953994 1.0
19.0 1.0 Bus -1.0 -1.0 -1.0 -1.0 -1.0 -1.0 -1.0 2.909 3.858 12.172 580.652 0.271 1777.754 0.7708150951948545 1.0
19.0 2.0 Car -1.0 -1.0 -1.0 -1.0 -1.0 -1.0 -1.0 1.814 1.703 4.267 607.237 0.55 1812.955 -2.2882425314472563 0.0
19.0 0.0 Car -1.0 -1.0 -1.0 -1.0 -1.0 -1.0 -1.0 1.878 1.578 4.55 602.525 0.518 1812.445 1.1860384932011596 1.0
20.0 1.0 Bus -1.0 -1.0 -1.0 -1.0 -1.0 -1.0 -1.0 2.909 3.858 12.172 582.383 0.346 1779.493 0.7905842567209364 1.0
20.0 2.0 Car -1.0 -1.0 -1.0 -1.0 -1.0 -1.0 -1.0 1.814 1.703 4.267 606.244 0.525 1811.279 -2.153631577208229 0.0
20.0 0.0 Car -1.0 -1.0 -1.0 -1.0 -1.0 -1.0 -1.0 1.878 1.578 4.55 603.568 0.483 1814.959 1.1773118730973506 1.0
21.0 1.0 Bus -1.0 -1.0 -1.0 -1.0 -1.0 -1.0 -1.0 2.909 3.858 12.172 584.459 0.504 1781.678 0.8283170088274473 1.0
21.0 2.0 Car -1.0 -1.0 -1.0 -1.0 -1.0 -1.0 -1.0 1.814 1.703 4.267 605.269 0.525 1809.309 -2.066365114608514 0.0
21.0 0.0 Car -1.0 -1.0 -1.0 -1.0 -1.0 -1.0 -1.0 1.878 1.578 4.55 604.611 0.448 1817.473 1.168585200681216 1.0
22.0 1.0 Bus -1.0 -1.0 -1.0 -1.0 -1.0 -1.0 -1.0 2.909 3.858 12.172 586.449 0.663 1783.937 0.8660036181276193 1.0
22.0 2.0 Car -1.0 -1.0 -1.0 -1.0 -1.0 -1.0 -1.0 1.814 1.703 4.267 604.454 0.429 1807.377 -2.0140351791137125 0.0
22.0 0.0 Car -1.0 -1.0 -1.0 -1.0 -1.0 -1.0 -1.0 1.878 1.578 4.55 605.974 0.49 1820.443 1.1569544346806555 1.0
23.0 1.0 Bus -1.0 -1.0 -1.0 -1.0 -1.0 -1.0 -1.0 2.909 3.858 12.172 588.354 0.821 1786.272 0.9037333543644347 1.0
23.0 2.0 Car -1.0 -1.0 -1.0 -1.0 -1.0 -1.0 -1.0 1.814 1.703 4.267 603.73 0.333 1805.731 -2.014005237048684 0.0
23.0 0.0 Car -1.0 -1.0 -1.0 -1.0 -1.0 -1.0 -1.0 1.878 1.578 4.55 607.338 0.532 1823.417 1.1453103589311489 1.0
24.0 1.0 Bus -1.0 -1.0 -1.0 -1.0 -1.0 -1.0 -1.0 2.909 3.858 12.172 590.264 0.913 1788.739 0.935596910340365 1.0
24.0 2.0 Car -1.0 -1.0 -1.0 -1.0 -1.0 -1.0 -1.0 1.814 1.703 4.267 602.652 0.341 1803.341 -2.014005237048684 0.0
24.0 0.0 Car -1.0 -1.0 -1.0 -1.0 -1.0 -1.0 -1.0 1.878 1.578 4.55 608.7 0.575 1826.388 1.1336786156413297 1.0
25.0 1.0 Bus -1.0 -1.0 -1.0 -1.0 -1.0 -1.0 -1.0 2.909 3.858 12.172 592.095 1.004 1791.265 0.9674605300579403 1.0
25.0 2.0 Car -1.0 -1.0 -1.0 -1.0 -1.0 -1.0 -1.0 1.814 1.703 4.267 601.574 0.349 1800.95 -2.014005237048684 0.0
25.0 0.0 Car -1.0 -1.0 -1.0 -1.0 -1.0 -1.0 -1.0 1.878 1.578 4.55 610.112 0.572 1829.52 1.1336786156413297 1.0
26.0 1.0 Bus -1.0 -1.0 -1.0 -1.0 -1.0 -1.0 -1.0 2.909 3.858 12.172 593.842 1.096 1793.846 0.9992882632293543 1.0
26.0 2.0 Car -1.0 -1.0 -1.0 -1.0 -1.0 -1.0 -1.0 1.814 1.703 4.267 600.339 0.307 1798.171 -2.0052883058679036 0.0
26.0 0.0 Car -1.0 -1.0 -1.0 -1.0 -1.0 -1.0 -1.0 1.878 1.578 4.55 611.522 0.57 1832.648 1.1336786156413297 1.0
27.0 1.0 Bus -1.0 -1.0 -1.0 -1.0 -1.0 -1.0 -1.0 2.909 3.858 12.172 595.577 1.182 1796.92 1.0349279866437355 1.0
27.0 0.0 Car -1.0 -1.0 -1.0 -1.0 -1.0 -1.0 -1.0 1.878 1.578 4.55 613.075 0.593 1835.79 1.1249467959338646 1.0
28.0 1.0 Bus -1.0 -1.0 -1.0 -1.0 -1.0 -1.0 -1.0 2.909 3.858 12.172 597.199 1.268 1800.05 1.0705254782567417 0.0
28.0 0.0 Car -1.0 -1.0 -1.0 -1.0 -1.0 -1.0 -1.0 1.878 1.578 4.55 614.626 0.615 1838.928 1.1162253231213861 0.0
29.0 1.0 Bus -1.0 -1.0 -1.0 -1.0 -1.0 -1.0 -1.0 2.909 3.858 12.172 598.834 1.269 1803.17 1.106125177603041 0.0
29.0 0.0 Car -1.0 -1.0 -1.0 -1.0 -1.0 -1.0 -1.0 1.878 1.578 4.55 616.204 0.639 1841.861 1.0611248334596093 0.0
30.0 1.0 Bus -1.0 -1.0 -1.0 -1.0 -1.0 -1.0 -1.0 2.909 3.858 12.172 600.211 1.27 1806.028 1.138183530313293 0.0
30.0 0.0 Car -1.0 -1.0 -1.0 -1.0 -1.0 -1.0 -1.0 1.878 1.578 4.55 617.761 0.661 1844.424 1.0115055680017262 0.0
31.0 1.0 Bus -1.0 -1.0 -1.0 -1.0 -1.0 -1.0 -1.0 2.909 3.858 12.172 601.632 1.272 1809.256 1.1738211884287875 0.0
31.0 0.0 Car -1.0 -1.0 -1.0 -1.0 -1.0 -1.0 -1.0 1.878 1.578 4.55 619.372 0.658 1846.975 0.9940552573915966 0.0
32.0 1.0 Bus -1.0 -1.0 -1.0 -1.0 -1.0 -1.0 -1.0 2.909 3.858 12.172 602.991 1.289 1812.429 1.1650841285410434 0.0
32.0 0.0 Car -1.0 -1.0 -1.0 -1.0 -1.0 -1.0 -1.0 1.878 1.578 4.55 620.896 0.606 1849.131 0.941692397921953 0.0
33.0 1.0 Bus -1.0 -1.0 -1.0 -1.0 -1.0 -1.0 -1.0 2.909 3.858 12.172 604.346 1.306 1815.595 1.1563678959088441 0.0
33.0 0.0 Car -1.0 -1.0 -1.0 -1.0 -1.0 -1.0 -1.0 1.878 1.578 4.55 622.213 0.629 1850.863 0.9155137961974789 0.0
34.0 1.0 Bus -1.0 -1.0 -1.0 -1.0 -1.0 -1.0 -1.0 2.909 3.858 12.172 605.854 1.266 1818.962 1.1563678959088441 0.0
34.0 0.0 Car -1.0 -1.0 -1.0 -1.0 -1.0 -1.0 -1.0 1.878 1.578 4.55 623.576 0.651 1852.561 0.8893325203621232 0.0
35.0 1.0 Bus -1.0 -1.0 -1.0 -1.0 -1.0 -1.0 -1.0 2.909 3.858 12.172 607.366 1.226 1822.337 1.1563678959088441 0.0
35.0 0.0 Car -1.0 -1.0 -1.0 -1.0 -1.0 -1.0 -1.0 1.878 1.578 4.55 624.794 0.599 1853.978 0.8718792278421797 0.0
36.0 1.0 Bus -1.0 -1.0 -1.0 -1.0 -1.0 -1.0 -1.0 2.909 3.858 12.172 608.875 1.186 1825.707 1.1563678959088441 0.0
36.0 0.0 Car -1.0 -1.0 -1.0 -1.0 -1.0 -1.0 -1.0 1.878 1.578 4.55 625.857 0.673 1855.28 0.8635705731600938 0.0
37.0 1.0 Bus -1.0 -1.0 -1.0 -1.0 -1.0 -1.0 -1.0 2.909 3.858 12.172 610.537 1.142 1829.417 1.1563678959088441 0.0
37.0 0.0 Car -1.0 -1.0 -1.0 -1.0 -1.0 -1.0 -1.0 1.878 1.578 4.55 627.065 0.694 1856.558 0.8369726428022931 0.0
38.0 1.0 Bus -1.0 -1.0 -1.0 -1.0 -1.0 -1.0 -1.0 2.909 3.858 12.172 611.971 1.076 1832.656 1.1563678959088441 0.0
38.0 0.0 Car -1.0 -1.0 -1.0 -1.0 -1.0 -1.0 -1.0 1.878 1.578 4.55 628.194 0.642 1857.772 0.8195193502823498 0.0
39.0 1.0 Bus -1.0 -1.0 -1.0 -1.0 -1.0 -1.0 -1.0 2.909 3.858 12.172 613.404 1.009 1835.891 1.1563678959088441 0.0
39.0 0.0 Car -1.0 -1.0 -1.0 -1.0 -1.0 -1.0 -1.0 1.878 1.578 4.55 629.327 0.639 1858.939 0.8020660577624065 0.0
