0.0 0.0 Car -1.0 -1.0 -1.0 -1.0 -1.0 -1.0 -1.0 1.99 1.882 5.221 1041.091 1.081 1406.074 1.0591879631787187 0.0
1.0 0.0 Car -1.0 -1.0 -1.0 -1.0 -1.0 -1.0 -1.0 1.99 1.882 5.221 1042.928 1.04 1409.451 1.0591879631787187 1.0
2.0 0.0 Car -1.0 -1.0 -1.0 -1.0 -1.0 -1.0 -1.0 1.99 1.882 5.221 1044.849 1.06 1412.904 1.0591879631787187 1.0
3.0 0.0 Car -1.0 -1.0 -1.0 -1.0 -1.0 -1.0 -1.0 1.99 1.882 5.221 1046.702 1.081 1416.146 1.0417346706587756 1.0
4.0 0.0 Car -1.0 -1.0 -1.0 -1.0 -1.0 -1.0 -1.0 1.99 1.882 5.221 1048.627 1.081 1419.388 1.0242813781388322 0.0
5.0 0.0 Car -1.0 -1.0 -1.0 -1.0 -1.0 -1.0 -1.0 1.99 1.882 5.221 1050.528 1.122 1422.65 1.0417346706587756 1.0
6.0 0.0 Car -1.0 -1.0 -1.0 -1.0 -1.0 -1.0 -1.0 1.99 1.882 5.221 1052.918 1.081 1426.71 1.0242813781388322 1.0
7.0 0.0 Car -1.0 -1.0 -1.0 -1.0 -1.0 -1.0 -1.0 1.99 1.882 5.221 1054.888 1.081 1429.923 1.0242813781388322 0.0
8.0 0.0 Car -1.0 -1.0 -1.0 -1.0 -1.0 -1.0 -1.0 1.99 1.882 5.221 1056.833 1.081 1433.154 1.0591879631787187 1.0
9.0 0.0 Car -1.0 -1.0 -1.0 -1.0 -1.0 -1.0 -1.0 1.99 1.882 5.221 1058.307 1.072 1435.796 1.0417346706587756 0.0
10.0 0.0 Car -1.0 -1.0 -1.0 -1.0 -1.0 -1.0 -1.0 1.99 1.882 5.221 1059.924 1.081 1438.765 1.0417346706587756 1.0
11.0 0.0 Car -1.0 -1.0 -1.0 -1.0 -1.0 -1.0 -1.0 1.99 1.882 5.221 1061.568 1.072 1441.512 1.0417346706587756 1.0
12.0 0.0 Car -1.0 -1.0 -1.0 -1.0 -1.0 -1.0 -1.0 1.99 1.882 5.221 1063.586 1.031 1445.106 1.0417346706587756 1.0
13.0 0.0 Car -1.0 -1.0 -1.0 -1.0 -1.0 -1.0 -1.0 1.99 1.882 5.221 1065.356 1.022 1448.302 1.0417346706587756 0.0
14.0 0.0 Car -1.0 -1.0 -1.0 -1.0 -1.0 -1.0 -1.0 1.99 1.882 5.221 1067.084 1.002 1451.486 1.0591879631787187 1.0
15.0 0.0 Car -1.0 -1.0 -1.0 -1.0 -1.0 -1.0 -1.0 1.99 1.882 5.221 1068.606 1.022 1454.292 1.0591879631787187 1.0
16.0 0.0 Car -1.0 -1.0 -1.0 -1.0 -1.0 -1.0 -1.0 1.99 1.882 5.221 1070.181 1.072 1457.192 1.0591879631787187 0.0
17.0 0.0 Car -1.0 -1.0 -1.0 -1.0 -1.0 -1.0 -1.0 1.99 1.882 5.221 1071.691 1.06 1460.083 1.0591879631787187 1.0
18.0 0.0 Car -1.0 -1.0 -1.0 -1.0 -1.0 -1.0 -1.0 1.99 1.882 5.221 1073.194 1.081 1462.854 1.0591879631787187 1.0
19.0 0.0 Car -1.0 -1.0 -1.0 -1.0 -1.0 -1.0 -1.0 1.99 1.882 5.221 1074.656 1.093 1465.48 1.0591879631787187 0.0
20.0 0.0 Car -1.0 -1.0 -1.0 -1.0 -1.0 -1.0 -1.0 1.99 1.882 5.221 1076.135 1.081 1468.347 1.0417346706587756 0.0
21.0 0.0 Car -1.0 -1.0 -1.0 -1.0 -1.0 -1.0 -1.0 1.99 1.882 5.221 1077.668 1.081 1470.975 1.0417346706587756 0.0
22.0 0.0 Car -1.0 -1.0 -1.0 -1.0 -1.0 -1.0 -1.0 1.99 1.882 5.221 1079.202 1.101 1473.605 1.0417346706587756 0.0
23.0 0.0 Car -1.0 -1.0 -1.0 -1.0 -1.0 -1.0 -1.0 1.99 1.882 5.221 1080.809 1.122 1476.278 1.0242813781388322 0.0
24.0 0.0 Car -1.0 -1.0 -1.0 -1.0 -1.0 -1.0 -1.0 1.99 1.882 5.221 1082.559 1.081 1479.195 1.0242813781388322 0.0
25.0 0.0 Car -1.0 -1.0 -1.0 -1.0 -1.0 -1.0 -1.0 1.99 1.882 5.221 1084.194 1.081 1481.936 1.0242813781388322 0.0
26.0 0.0 Car -1.0 -1.0 -1.0 -1.0 -1.0 -1.0 -1.0 1.99 1.882 5.221 1085.614 1.101 1484.337 1.0417346706587756 0.0
27.0 0.0 Car -1.0 -1.0 -1.0 -1.0 -1.0 -1.0 -1.0 1.99 1.882 5.221 1087.248 1.183 1487.016 1.0242813781388322 0.0
28.0 0.0 Car -1.0 -1.0 -1.0 -1.0 -1.0 -1.0 -1.0 1.99 1.882 5.221 1089.128 1.18 1489.996 1.0242813781388322 0.0
29.0 0.0 Car -1.0 -1.0 -1.0 -1.0 -1.0 -1.0 -1.0 1.99 1.882 5.221 1090.738 1.206 1492.771 1.0417346706587756 0.0
30.0 0.0 Car -1.0 -1.0 -1.0 -1.0 -1.0 -1.0 -1.0 1.99 1.882 5.221 1092.362 1.223 1495.5 1.0417346706587756 0.0
