0.0 6.0 Bus -1.0 -1.0 -1.0 -1.0 -1.0 -1.0 -1.0 2.519 3.144 7.137 526.926 3.255 1687.794 -0.4889714424230114 0.0
1.0 6.0 Bus -1.0 -1.0 -1.0 -1.0 -1.0 -1.0 -1.0 2.519 3.144 7.137 533.026 3.313 1684.574 -0.4889714424230114 1.0
2.0 6.0 Bus -1.0 -1.0 -1.0 -1.0 -1.0 -1.0 -1.0 2.519 3.144 7.137 537.802 3.371 1682.003 -0.5064247349429545 1.0
3.0 6.0 Bus -1.0 -1.0 -1.0 -1.0 -1.0 -1.0 -1.0 2.519 3.144 7.137 542.538 3.28 1679.369 -0.515151381202926 1.0
4.0 6.0 Bus -1.0 -1.0 -1.0 -1.0 -1.0 -1.0 -1.0 2.519 3.144 7.137 547.275 3.188 1676.735 -0.5238780274628977 1.0
5.0 6.0 Bus -1.0 -1.0 -1.0 -1.0 -1.0 -1.0 -1.0 2.519 3.144 7.137 552.001 3.096 1674.079 -0.5238780274628977 1.0
5.0 3.0 Car -1.0 -1.0 -1.0 -1.0 -1.0 -1.0 -1.0 1.993 1.817 4.824 615.875 0.682 1636.645 -0.5657704551972474 0.0
6.0 6.0 Bus -1.0 -1.0 -1.0 -1.0 -1.0 -1.0 -1.0 2.519 3.144 7.137 556.726 3.005 1671.424 -0.5238780274628977 1.0
6.0 3.0 Car -1.0 -1.0 -1.0 -1.0 -1.0 -1.0 -1.0 1.993 1.817 4.824 615.875 0.68 1636.645 -0.5657704551972474 0.0
6.0 5.0 Car -1.0 -1.0 -1.0 -1.0 -1.0 -1.0 -1.0 2.035 1.747 4.759 661.685 -0.462 1617.079 -2.10933512037831 0.0
7.0 6.0 Bus -1.0 -1.0 -1.0 -1.0 -1.0 -1.0 -1.0 2.519 3.144 7.137 561.451 2.913 1668.768 -0.5238780274628977 1.0
7.0 3.0 Car -1.0 -1.0 -1.0 -1.0 -1.0 -1.0 -1.0 1.993 1.817 4.824 615.874 0.68 1636.652 -0.5657704551972474 0.0
7.0 5.0 Car -1.0 -1.0 -1.0 -1.0 -1.0 -1.0 -1.0 2.035 1.747 4.759 661.205 -0.474 1616.217 -2.100608474118339 1.0
8.0 6.0 Bus -1.0 -1.0 -1.0 -1.0 -1.0 -1.0 -1.0 2.519 3.144 7.137 564.805 2.813 1666.907 -0.5238780274628977 1.0
8.0 3.0 Car -1.0 -1.0 -1.0 -1.0 -1.0 -1.0 -1.0 1.993 1.817 4.824 615.872 0.68 1636.658 -0.5657704551972474 1.0
8.0 5.0 Car -1.0 -1.0 -1.0 -1.0 -1.0 -1.0 -1.0 2.035 1.747 4.759 660.792 -0.487 1615.468 -2.091881827858367 1.0
9.0 6.0 Bus -1.0 -1.0 -1.0 -1.0 -1.0 -1.0 -1.0 2.519 3.144 7.137 568.656 2.713 1664.701 -0.5238780274628977 1.0
9.0 3.0 Car -1.0 -1.0 -1.0 -1.0 -1.0 -1.0 -1.0 1.993 1.817 4.824 615.871 0.68 1636.665 -0.5657704551972474 1.0
9.0 5.0 Car -1.0 -1.0 -1.0 -1.0 -1.0 -1.0 -1.0 2.035 1.747 4.759 660.47 -0.499 1614.911 -2.091881827858367 1.0
10.0 6.0 Bus -1.0 -1.0 -1.0 -1.0 -1.0 -1.0 -1.0 2.519 3.144 7.137 572.841 2.613 1662.309 -0.5238780274628977 1.0
10.0 3.0 Car -1.0 -1.0 -1.0 -1.0 -1.0 -1.0 -1.0 1.993 1.817 4.824 615.869 0.68 1636.671 -0.5657704551972474 1.0
10.0 5.0 Car -1.0 -1.0 -1.0 -1.0 -1.0 -1.0 -1.0 2.035 1.747 4.759 660.114 -0.512 1614.373 -2.091881827858367 1.0
11.0 6.0 Bus -1.0 -1.0 -1.0 -1.0 -1.0 -1.0 -1.0 2.519 3.144 7.137 575.728 2.514 1660.787 -0.5238780274628977 1.0
11.0 3.0 Car -1.0 -1.0 -1.0 -1.0 -1.0 -1.0 -1.0 1.993 1.817 4.824 615.868 0.68 1636.678 -0.5657704551972474 1.0
11.0 5.0 Car -1.0 -1.0 -1.0 -1.0 -1.0 -1.0 -1.0 2.035 1.747 4.759 659.727 -0.524 1613.817 -2.091881827858367 1.0
12.0 6.0 Bus -1.0 -1.0 -1.0 -1.0 -1.0 -1.0 -1.0 2.519 3.144 7.137 578.916 2.414 1659.027 -0.5238780274628977 1.0
12.0 3.0 Car -1.0 -1.0 -1.0 -1.0 -1.0 -1.0 -1.0 1.993 1.817 4.824 615.867 0.68 1636.685 -0.5657704551972474 1.0
12.0 5.0 Car -1.0 -1.0 -1.0 -1.0 -1.0 -1.0 -1.0 2.035 1.747 4.759 659.419 -0.537 1613.213 -2.056975242818481 1.0
13.0 6.0 Bus -1.0 -1.0 -1.0 -1.0 -1.0 -1.0 -1.0 2.519 3.144 7.137 582.287 2.314 1657.161 -0.5238780274628977 1.0
13.0 3.0 Car -1.0 -1.0 -1.0 -1.0 -1.0 -1.0 -1.0 1.993 1.817 4.824 615.865 0.68 1636.691 -0.5657704551972474 1.0
13.0 5.0 Car -1.0 -1.0 -1.0 -1.0 -1.0 -1.0 -1.0 2.035 1.747 4.759 658.867 -0.549 1611.801 -1.899895610138991 0.0
14.0 6.0 Bus -1.0 -1.0 -1.0 -1.0 -1.0 -1.0 -1.0 2.519 3.144 7.137 585.294 2.214 1655.469 -0.5238780274628977 1.0
14.0 3.0 Car -1.0 -1.0 -1.0 -1.0 -1.0 -1.0 -1.0 1.993 1.817 4.824 615.897 0.655 1636.638 -0.5657704551972474 1.0
14.0 5.0 Car -1.0 -1.0 -1.0 -1.0 -1.0 -1.0 -1.0 2.035 1.747 4.759 658.543 -0.562 1610.319 -1.7428159774595013 0.0
15.0 6.0 Bus -1.0 -1.0 -1.0 -1.0 -1.0 -1.0 -1.0 2.519 3.144 7.137 587.915 2.114 1654.017 -0.5238780274628977 1.0
15.0 3.0 Car -1.0 -1.0 -1.0 -1.0 -1.0 -1.0 -1.0 1.993 1.817 4.824 615.929 0.63 1636.585 -0.5657704551972474 1.0
15.0 5.0 Car -1.0 -1.0 -1.0 -1.0 -1.0 -1.0 -1.0 2.035 1.747 4.759 658.368 -0.574 1607.849 -1.5682830522600686 0.0
16.0 6.0 Bus -1.0 -1.0 -1.0 -1.0 -1.0 -1.0 -1.0 2.519 3.144 7.137 590.536 2.014 1652.564 -0.5238780274628977 1.0
16.0 3.0 Car -1.0 -1.0 -1.0 -1.0 -1.0 -1.0 -1.0 1.993 1.817 4.824 616.082 0.605 1636.475 -0.5657704551972474 1.0
16.0 2.0 Car -1.0 -1.0 -1.0 -1.0 -1.0 -1.0 -1.0 1.81 1.88 4.749 663.213 -0.305 1607.658 1.9113798768821944 0.0
16.0 5.0 Car -1.0 -1.0 -1.0 -1.0 -1.0 -1.0 -1.0 2.035 1.747 4.759 658.806 -0.587 1605.711 -1.3937501270606356 0.0
17.0 6.0 Bus -1.0 -1.0 -1.0 -1.0 -1.0 -1.0 -1.0 2.519 3.144 7.137 592.994 1.914 1651.32 -0.5238780274628977 1.0
17.0 3.0 Car -1.0 -1.0 -1.0 -1.0 -1.0 -1.0 -1.0 1.993 1.817 4.824 616.547 0.58 1636.206 -0.5657704551972474 1.0
17.0 2.0 Car -1.0 -1.0 -1.0 -1.0 -1.0 -1.0 -1.0 1.81 1.88 4.749 663.213 -0.23 1607.658 1.9113798768821944 0.0
17.0 5.0 Car -1.0 -1.0 -1.0 -1.0 -1.0 -1.0 -1.0 2.035 1.747 4.759 659.609 -0.599 1603.682 -1.2192172018612029 0.0
18.0 6.0 Bus -1.0 -1.0 -1.0 -1.0 -1.0 -1.0 -1.0 2.519 3.144 7.137 595.105 1.815 1650.162 -0.5238780274628977 1.0
18.0 3.0 Car -1.0 -1.0 -1.0 -1.0 -1.0 -1.0 -1.0 1.993 1.817 4.824 617.144 0.555 1635.774 -0.5657704551972474 1.0
18.0 2.0 Car -1.0 -1.0 -1.0 -1.0 -1.0 -1.0 -1.0 1.81 1.88 4.749 663.213 -0.155 1607.658 1.9113798768821944 0.0
18.0 5.0 Car -1.0 -1.0 -1.0 -1.0 -1.0 -1.0 -1.0 2.035 1.747 4.759 660.877 -0.612 1601.124 -1.079590861701658 0.0
19.0 6.0 Bus -1.0 -1.0 -1.0 -1.0 -1.0 -1.0 -1.0 2.519 3.144 7.137 596.936 1.715 1649.109 -0.5064247349429545 1.0
19.0 3.0 Car -1.0 -1.0 -1.0 -1.0 -1.0 -1.0 -1.0 1.993 1.817 4.824 618.137 0.53 1635.13 -0.5657704551972474 1.0
19.0 2.0 Car -1.0 -1.0 -1.0 -1.0 -1.0 -1.0 -1.0 1.81 1.88 4.749 663.213 -0.08 1607.658 1.9113798768821944 1.0
19.0 5.0 Car -1.0 -1.0 -1.0 -1.0 -1.0 -1.0 -1.0 2.035 1.747 4.759 662.504 -0.412 1598.722 -0.9137845827621983 0.0
20.0 6.0 Bus -1.0 -1.0 -1.0 -1.0 -1.0 -1.0 -1.0 2.519 3.144 7.137 598.525 1.731 1648.191 -0.5064247349429545 1.0
20.0 3.0 Car -1.0 -1.0 -1.0 -1.0 -1.0 -1.0 -1.0 1.993 1.817 4.824 619.631 0.455 1634.034 -0.5948592760638194 1.0
20.0 2.0 Car -1.0 -1.0 -1.0 -1.0 -1.0 -1.0 -1.0 1.81 1.88 4.749 663.213 -0.08 1607.658 1.9113798768821944 1.0
20.0 5.0 Car -1.0 -1.0 -1.0 -1.0 -1.0 -1.0 -1.0 2.035 1.747 4.759 664.98 -0.011 1595.849 -0.8708785719840044 0.0
21.0 6.0 Bus -1.0 -1.0 -1.0 -1.0 -1.0 -1.0 -1.0 2.519 3.144 7.137 600.056 1.762 1647.292 -0.5168967104549202 1.0
21.0 3.0 Car -1.0 -1.0 -1.0 -1.0 -1.0 -1.0 -1.0 1.993 1.817 4.824 621.555 0.38 1632.573 -0.6239480969303912 1.0
21.0 0.0 Car -1.0 -1.0 -1.0 -1.0 -1.0 -1.0 -1.0 1.714 1.449 4.258 691.697 -0.044 1576.979 2.4160069242620836 0.0
21.0 2.0 Car -1.0 -1.0 -1.0 -1.0 -1.0 -1.0 -1.0 1.81 1.88 4.749 663.328 -0.151 1607.579 1.9055621127088802 1.0
21.0 5.0 Car -1.0 -1.0 -1.0 -1.0 -1.0 -1.0 -1.0 2.035 1.747 4.759 667.578 0.091 1593.085 -0.8279725612058105 0.0
22.0 6.0 Bus -1.0 -1.0 -1.0 -1.0 -1.0 -1.0 -1.0 2.519 3.144 7.137 601.33 1.792 1646.538 -0.5273686859668861 1.0
22.0 3.0 Car -1.0 -1.0 -1.0 -1.0 -1.0 -1.0 -1.0 1.993 1.817 4.824 623.649 0.305 1630.899 -0.653036917796963 1.0
22.0 0.0 Car -1.0 -1.0 -1.0 -1.0 -1.0 -1.0 -1.0 1.714 1.449 4.258 688.897 -0.333 1579.341 2.4160069242620836 1.0
22.0 2.0 Car -1.0 -1.0 -1.0 -1.0 -1.0 -1.0 -1.0 1.81 1.88 4.749 663.443 0.003 1607.5 1.8997443485355658 1.0
22.0 5.0 Car -1.0 -1.0 -1.0 -1.0 -1.0 -1.0 -1.0 2.035 1.747 4.759 670.291 0.192 1590.435 -0.7850665504276169 0.0
23.0 6.0 Bus -1.0 -1.0 -1.0 -1.0 -1.0 -1.0 -1.0 2.519 3.144 7.137 602.605 1.822 1645.784 -0.5378406614788518 1.0
23.0 3.0 Car -1.0 -1.0 -1.0 -1.0 -1.0 -1.0 -1.0 1.993 1.817 4.824 626.043 0.313 1628.923 -0.6704902103169066 1.0
23.0 1.0 Car -1.0 -1.0 -1.0 -1.0 -1.0 -1.0 -1.0 1.835 1.761 4.655 673.107 0.282 1597.204 2.5199412811627564 0.0
23.0 0.0 Car -1.0 -1.0 -1.0 -1.0 -1.0 -1.0 -1.0 1.714 1.449 4.258 686.535 -0.123 1581.315 2.4160069242620836 1.0
23.0 2.0 Car -1.0 -1.0 -1.0 -1.0 -1.0 -1.0 -1.0 1.81 1.88 4.749 663.558 0.157 1607.421 1.8939265843622513 1.0
23.0 5.0 Car -1.0 -1.0 -1.0 -1.0 -1.0 -1.0 -1.0 2.035 1.747 4.759 673.151 -0.007 1587.643 -0.7421605396494226 0.0
24.0 6.0 Bus -1.0 -1.0 -1.0 -1.0 -1.0 -1.0 -1.0 2.519 3.144 7.137 603.928 1.919 1644.968 -0.543949313860832 1.0
24.0 3.0 Car -1.0 -1.0 -1.0 -1.0 -1.0 -1.0 -1.0 1.993 1.817 4.824 628.692 0.321 1626.632 -0.6879435028368501 1.0
24.0 1.0 Car -1.0 -1.0 -1.0 -1.0 -1.0 -1.0 -1.0 1.835 1.761 4.655 672.457 0.39 1597.698 2.50946930565079 1.0
24.0 0.0 Car -1.0 -1.0 -1.0 -1.0 -1.0 -1.0 -1.0 1.714 1.449 4.258 684.173 0.088 1583.288 2.4160069242620836 1.0
24.0 2.0 Car -1.0 -1.0 -1.0 -1.0 -1.0 -1.0 -1.0 1.81 1.88 4.749 663.569 0.22 1607.652 1.8939265843622513 1.0
24.0 4.0 Car -1.0 -1.0 -1.0 -1.0 -1.0 -1.0 -1.0 1.793 1.713 4.487 662.57 -0.022 1619.167 -2.234629483387749 0.0
24.0 5.0 Car -1.0 -1.0 -1.0 -1.0 -1.0 -1.0 -1.0 2.035 1.747 4.759 676.306 0.222 1584.76 -0.7334338933894511 0.0
25.0 6.0 Bus -1.0 -1.0 -1.0 -1.0 -1.0 -1.0 -1.0 2.519 3.144 7.137 605.251 2.016 1644.152 -0.5500579662428122 1.0
25.0 3.0 Car -1.0 -1.0 -1.0 -1.0 -1.0 -1.0 -1.0 1.993 1.817 4.824 631.34 0.33 1624.341 -0.7053967953567941 1.0
25.0 1.0 Car -1.0 -1.0 -1.0 -1.0 -1.0 -1.0 -1.0 1.835 1.761 4.655 671.81 0.499 1598.195 2.498997330138824 1.0
25.0 0.0 Car -1.0 -1.0 -1.0 -1.0 -1.0 -1.0 -1.0 1.714 1.449 4.258 681.812 0.298 1585.262 2.4160069242620836 1.0
25.0 2.0 Car -1.0 -1.0 -1.0 -1.0 -1.0 -1.0 -1.0 1.81 1.88 4.749 663.484 0.357 1607.851 1.8677466455823362 1.0
25.0 4.0 Car -1.0 -1.0 -1.0 -1.0 -1.0 -1.0 -1.0 1.793 1.713 4.487 661.532 0.105 1617.942 -2.269536068427635 1.0
26.0 6.0 Bus -1.0 -1.0 -1.0 -1.0 -1.0 -1.0 -1.0 2.519 3.144 7.137 606.574 2.112 1643.336 -0.5561666186247924 1.0
26.0 3.0 Car -1.0 -1.0 -1.0 -1.0 -1.0 -1.0 -1.0 1.993 1.817 4.824 634.204 0.478 1621.935 -0.7053967953567941 1.0
26.0 1.0 Car -1.0 -1.0 -1.0 -1.0 -1.0 -1.0 -1.0 1.835 1.761 4.655 671.165 0.608 1598.695 2.488525354626858 1.0
26.0 0.0 Car -1.0 -1.0 -1.0 -1.0 -1.0 -1.0 -1.0 1.714 1.449 4.258 679.085 0.375 1587.559 2.4160069242620836 1.0
26.0 2.0 Car -1.0 -1.0 -1.0 -1.0 -1.0 -1.0 -1.0 1.81 1.88 4.749 663.405 0.495 1608.052 1.8415667068024215 1.0
26.0 4.0 Car -1.0 -1.0 -1.0 -1.0 -1.0 -1.0 -1.0 1.793 1.713 4.487 659.646 0.231 1616.228 -2.531335456226785 1.0
27.0 6.0 Bus -1.0 -1.0 -1.0 -1.0 -1.0 -1.0 -1.0 2.519 3.144 7.137 607.897 2.209 1642.519 -0.5622752710067722 0.0
27.0 3.0 Car -1.0 -1.0 -1.0 -1.0 -1.0 -1.0 -1.0 1.993 1.817 4.824 637.289 0.564 1619.34 -0.7053967953567941 0.0
27.0 1.0 Car -1.0 -1.0 -1.0 -1.0 -1.0 -1.0 -1.0 1.835 1.761 4.655 670.521 0.717 1599.196 2.4780533791148924 0.0
27.0 0.0 Car -1.0 -1.0 -1.0 -1.0 -1.0 -1.0 -1.0 1.714 1.449 4.258 676.358 0.452 1589.857 2.4160069242620836 0.0
27.0 2.0 Car -1.0 -1.0 -1.0 -1.0 -1.0 -1.0 -1.0 1.81 1.88 4.749 663.335 0.657 1608.085 1.7543002442027047 0.0
27.0 4.0 Car -1.0 -1.0 -1.0 -1.0 -1.0 -1.0 -1.0 1.793 1.713 4.487 658.365 0.358 1615.778 -2.6360552113464437 0.0
28.0 6.0 Bus -1.0 -1.0 -1.0 -1.0 -1.0 -1.0 -1.0 2.519 3.144 7.137 609.554 2.308 1641.427 -0.5692565880147494 0.0
28.0 3.0 Car -1.0 -1.0 -1.0 -1.0 -1.0 -1.0 -1.0 1.993 1.817 4.824 640.374 0.65 1616.745 -0.7053967953567941 0.0
28.0 1.0 Car -1.0 -1.0 -1.0 -1.0 -1.0 -1.0 -1.0 1.835 1.761 4.655 669.877 0.826 1599.697 2.467581403602926 0.0
28.0 0.0 Car -1.0 -1.0 -1.0 -1.0 -1.0 -1.0 -1.0 1.714 1.449 4.258 673.631 0.529 1592.154 2.4160069242620836 0.0
28.0 2.0 Car -1.0 -1.0 -1.0 -1.0 -1.0 -1.0 -1.0 1.81 1.88 4.749 663.452 0.67 1608.562 1.701940366642875 0.0
28.0 4.0 Car -1.0 -1.0 -1.0 -1.0 -1.0 -1.0 -1.0 1.793 1.713 4.487 656.727 0.484 1615.432 -2.880401306625649 0.0
29.0 6.0 Bus -1.0 -1.0 -1.0 -1.0 -1.0 -1.0 -1.0 2.519 3.144 7.137 611.211 2.406 1640.335 -0.5762379050227269 0.0
29.0 3.0 Car -1.0 -1.0 -1.0 -1.0 -1.0 -1.0 -1.0 1.993 1.817 4.824 643.459 0.736 1614.15 -0.7053967953567941 0.0
29.0 1.0 Car -1.0 -1.0 -1.0 -1.0 -1.0 -1.0 -1.0 1.835 1.761 4.655 669.199 0.82 1600.271 2.422202843051074 0.0
29.0 0.0 Car -1.0 -1.0 -1.0 -1.0 -1.0 -1.0 -1.0 1.714 1.449 4.258 671.153 0.563 1594.283 2.4101891600887693 0.0
29.0 2.0 Car -1.0 -1.0 -1.0 -1.0 -1.0 -1.0 -1.0 1.81 1.88 4.749 663.488 0.682 1609.293 1.649580489083045 0.0
29.0 4.0 Car -1.0 -1.0 -1.0 -1.0 -1.0 -1.0 -1.0 1.793 1.713 4.487 655.278 0.511 1615.574 3.085715853108301 0.0
30.0 6.0 Bus -1.0 -1.0 -1.0 -1.0 -1.0 -1.0 -1.0 2.519 3.144 7.137 612.913 2.344 1639.178 -0.5762379050227269 0.0
30.0 3.0 Car -1.0 -1.0 -1.0 -1.0 -1.0 -1.0 -1.0 1.993 1.817 4.824 646.544 0.821 1611.555 -0.7053967953567941 0.0
30.0 1.0 Car -1.0 -1.0 -1.0 -1.0 -1.0 -1.0 -1.0 1.835 1.761 4.655 668.547 0.813 1600.876 2.3768242824992214 0.0
30.0 0.0 Car -1.0 -1.0 -1.0 -1.0 -1.0 -1.0 -1.0 1.714 1.449 4.258 668.675 0.596 1596.412 2.4043713959154545 0.0
30.0 2.0 Car -1.0 -1.0 -1.0 -1.0 -1.0 -1.0 -1.0 1.81 1.88 4.749 663.552 0.695 1610.216 1.5972206115232153 0.0
30.0 4.0 Car -1.0 -1.0 -1.0 -1.0 -1.0 -1.0 -1.0 1.793 1.713 4.487 653.958 0.537 1616.22 2.768647705662665 0.0
31.0 6.0 Bus -1.0 -1.0 -1.0 -1.0 -1.0 -1.0 -1.0 2.519 3.144 7.137 614.614 2.281 1638.02 -0.5762379050227269 0.0
31.0 3.0 Car -1.0 -1.0 -1.0 -1.0 -1.0 -1.0 -1.0 1.993 1.817 4.824 649.642 0.776 1608.877 -0.7053967953567941 0.0
31.0 1.0 Car -1.0 -1.0 -1.0 -1.0 -1.0 -1.0 -1.0 1.835 1.761 4.655 667.924 0.806 1601.509 2.3314457219473685 0.0
31.0 0.0 Car -1.0 -1.0 -1.0 -1.0 -1.0 -1.0 -1.0 1.714 1.449 4.258 666.197 0.629 1598.54 2.39855363174214 0.0
31.0 2.0 Car -1.0 -1.0 -1.0 -1.0 -1.0 -1.0 -1.0 1.81 1.88 4.749 663.752 0.695 1611.773 1.4226876863237823 0.0
31.0 4.0 Car -1.0 -1.0 -1.0 -1.0 -1.0 -1.0 -1.0 1.793 1.713 4.487 652.901 0.564 1617.093 2.530119374556773 0.0
32.0 6.0 Bus -1.0 -1.0 -1.0 -1.0 -1.0 -1.0 -1.0 2.519 3.144 7.137 616.926 2.115 1636.468 -0.5849645512826984 0.0
32.0 3.0 Car -1.0 -1.0 -1.0 -1.0 -1.0 -1.0 -1.0 1.993 1.817 4.824 652.739 0.806 1606.198 -0.7053967953567941 0.0
32.0 1.0 Car -1.0 -1.0 -1.0 -1.0 -1.0 -1.0 -1.0 1.835 1.761 4.655 667.285 0.841 1602.132 2.2424339300956575 0.0
32.0 0.0 Car -1.0 -1.0 -1.0 -1.0 -1.0 -1.0 -1.0 1.714 1.449 4.258 663.736 0.629 1600.841 2.381100339222197 0.0
32.0 2.0 Car -1.0 -1.0 -1.0 -1.0 -1.0 -1.0 -1.0 1.81 1.88 4.749 664.33 0.632 1613.944 1.3332395621590727 0.0
32.0 4.0 Car -1.0 -1.0 -1.0 -1.0 -1.0 -1.0 -1.0 1.793 1.713 4.487 652.159 0.591 1617.911 2.3817663881372546 0.0
33.0 6.0 Bus -1.0 -1.0 -1.0 -1.0 -1.0 -1.0 -1.0 2.519 3.144 7.137 619.131 2.011 1634.872 -0.5980545206726555 0.0
33.0 3.0 Car -1.0 -1.0 -1.0 -1.0 -1.0 -1.0 -1.0 1.993 1.817 4.824 655.837 0.836 1603.52 -0.7053967953567941 0.0
33.0 1.0 Car -1.0 -1.0 -1.0 -1.0 -1.0 -1.0 -1.0 1.835 1.761 4.655 666.705 0.876 1602.81 2.153422138243947 0.0
33.0 0.0 Car -1.0 -1.0 -1.0 -1.0 -1.0 -1.0 -1.0 1.714 1.449 4.258 661.103 0.729 1603.387 2.381100339222197 0.0
33.0 2.0 Car -1.0 -1.0 -1.0 -1.0 -1.0 -1.0 -1.0 1.81 1.88 4.749 665.093 0.57 1616.261 1.2437914379943633 0.0
33.0 4.0 Car -1.0 -1.0 -1.0 -1.0 -1.0 -1.0 -1.0 1.793 1.713 4.487 651.457 0.617 1618.662 2.3614042135306543 0.0
34.0 6.0 Bus -1.0 -1.0 -1.0 -1.0 -1.0 -1.0 -1.0 2.519 3.144 7.137 621.58 1.907 1633.11 -0.6111444900626131 0.0
34.0 3.0 Car -1.0 -1.0 -1.0 -1.0 -1.0 -1.0 -1.0 1.993 1.817 4.824 659.316 0.925 1600.48 -0.7053967953567941 0.0
34.0 1.0 Car -1.0 -1.0 -1.0 -1.0 -1.0 -1.0 -1.0 1.835 1.761 4.655 666.077 0.876 1603.803 2.153422138243947 0.0
34.0 0.0 Car -1.0 -1.0 -1.0 -1.0 -1.0 -1.0 -1.0 1.714 1.449 4.258 658.448 0.679 1605.953 2.381100339222197 0.0
34.0 2.0 Car -1.0 -1.0 -1.0 -1.0 -1.0 -1.0 -1.0 1.81 1.88 4.749 666.264 0.645 1618.479 1.1347083597447178 0.0
34.0 4.0 Car -1.0 -1.0 -1.0 -1.0 -1.0 -1.0 -1.0 1.793 1.713 4.487 650.99 0.644 1619.058 2.393401916483884 0.0
35.0 6.0 Bus -1.0 -1.0 -1.0 -1.0 -1.0 -1.0 -1.0 2.519 3.144 7.137 624.092 1.864 1631.256 -0.6285977825825563 0.0
35.0 3.0 Car -1.0 -1.0 -1.0 -1.0 -1.0 -1.0 -1.0 1.993 1.817 4.824 662.796 1.013 1597.44 -0.7053967953567941 0.0
35.0 1.0 Car -1.0 -1.0 -1.0 -1.0 -1.0 -1.0 -1.0 1.835 1.761 4.655 665.417 0.826 1605.186 2.1185155532040603 0.0
35.0 0.0 Car -1.0 -1.0 -1.0 -1.0 -1.0 -1.0 -1.0 1.714 1.449 4.258 655.963 0.679 1608.358 2.381100339222197 0.0
35.0 2.0 Car -1.0 -1.0 -1.0 -1.0 -1.0 -1.0 -1.0 1.81 1.88 4.749 667.848 0.695 1621.157 1.0736218359249163 0.0
35.0 4.0 Car -1.0 -1.0 -1.0 -1.0 -1.0 -1.0 -1.0 1.793 1.713 4.487 650.648 0.67 1619.315 2.4253996194371132 0.0
36.0 6.0 Bus -1.0 -1.0 -1.0 -1.0 -1.0 -1.0 -1.0 2.519 3.144 7.137 626.677 1.821 1629.197 -0.640233310929185 0.0
36.0 3.0 Car -1.0 -1.0 -1.0 -1.0 -1.0 -1.0 -1.0 1.993 1.817 4.824 666.299 1.051 1594.402 -0.7053967953567941 0.0
36.0 1.0 Car -1.0 -1.0 -1.0 -1.0 -1.0 -1.0 -1.0 1.835 1.761 4.655 665.218 0.776 1605.75 2.048702383124287 0.0
36.0 0.0 Car -1.0 -1.0 -1.0 -1.0 -1.0 -1.0 -1.0 1.714 1.449 4.258 653.246 0.679 1610.943 2.381100339222197 0.0
36.0 2.0 Car -1.0 -1.0 -1.0 -1.0 -1.0 -1.0 -1.0 1.81 1.88 4.749 669.536 0.736 1624.037 1.0648951896649446 0.0
36.0 4.0 Car -1.0 -1.0 -1.0 -1.0 -1.0 -1.0 -1.0 1.793 1.713 4.487 650.662 0.697 1619.278 2.4253996194371132 0.0
37.0 6.0 Bus -1.0 -1.0 -1.0 -1.0 -1.0 -1.0 -1.0 2.519 3.144 7.137 629.261 1.777 1627.137 -0.6518688392758136 0.0
37.0 3.0 Car -1.0 -1.0 -1.0 -1.0 -1.0 -1.0 -1.0 1.993 1.817 4.824 669.802 1.09 1591.364 -0.7053967953567941 0.0
37.0 1.0 Car -1.0 -1.0 -1.0 -1.0 -1.0 -1.0 -1.0 1.835 1.761 4.655 664.497 0.676 1607.039 1.996342505564457 0.0
37.0 0.0 Car -1.0 -1.0 -1.0 -1.0 -1.0 -1.0 -1.0 1.714 1.449 4.258 650.579 0.679 1613.411 2.381100339222197 0.0
37.0 2.0 Car -1.0 -1.0 -1.0 -1.0 -1.0 -1.0 -1.0 1.81 1.88 4.749 671.478 0.778 1627.375 1.056168543404973 0.0
37.0 4.0 Car -1.0 -1.0 -1.0 -1.0 -1.0 -1.0 -1.0 1.793 1.713 4.487 650.747 0.723 1619.259 2.4253996194371132 0.0
38.0 6.0 Bus -1.0 -1.0 -1.0 -1.0 -1.0 -1.0 -1.0 2.519 3.144 7.137 631.845 1.734 1625.077 -0.6635043676224422 0.0
38.0 3.0 Car -1.0 -1.0 -1.0 -1.0 -1.0 -1.0 -1.0 1.993 1.817 4.824 673.305 1.128 1588.325 -0.7053967953567941 0.0
38.0 1.0 Car -1.0 -1.0 -1.0 -1.0 -1.0 -1.0 -1.0 1.835 1.761 4.655 664.334 0.726 1607.548 1.996342505564457 0.0
38.0 0.0 Car -1.0 -1.0 -1.0 -1.0 -1.0 -1.0 -1.0 1.714 1.449 4.258 647.89 0.804 1615.899 2.381100339222197 0.0
38.0 2.0 Car -1.0 -1.0 -1.0 -1.0 -1.0 -1.0 -1.0 1.81 1.88 4.749 673.414 0.745 1630.604 1.0736218359249163 0.0
38.0 4.0 Car -1.0 -1.0 -1.0 -1.0 -1.0 -1.0 -1.0 1.793 1.713 4.487 650.737 0.75 1619.202 2.4253996194371132 0.0
