0.0 1.0 Car -1.0 -1.0 -1.0 -1.0 -1.0 -1.0 -1.0 1.963 1.553 4.51 1567.289 -0.956 1209.135 -0.32505011990583377 0.0
1.0 1.0 Car -1.0 -1.0 -1.0 -1.0 -1.0 -1.0 -1.0 1.963 1.553 4.51 1568.084 -0.983 1208.858 -0.3308699215435371 1.0
2.0 1.0 Car -1.0 -1.0 -1.0 -1.0 -1.0 -1.0 -1.0 1.963 1.553 4.51 1568.878 -1.01 1208.581 -0.3366834012203082 1.0
3.0 1.0 Car -1.0 -1.0 -1.0 -1.0 -1.0 -1.0 -1.0 1.963 1.553 4.51 1569.672 -1.037 1208.304 -0.34250341242577703 1.0
4.0 1.0 Car -1.0 -1.0 -1.0 -1.0 -1.0 -1.0 -1.0 1.963 1.553 4.51 1570.237 -1.029 1208.09 -0.3514552012659993 1.0
5.0 1.0 Car -1.0 -1.0 -1.0 -1.0 -1.0 -1.0 -1.0 1.963 1.553 4.51 1570.746 -1.022 1207.898 -0.35951638338972436 0.0
6.0 1.0 Car -1.0 -1.0 -1.0 -1.0 -1.0 -1.0 -1.0 1.963 1.553 4.51 1571.31 -1.014 1207.684 -0.36845797608170994 0.0
6.0 0.0 Car -1.0 -1.0 -1.0 -1.0 -1.0 -1.0 -1.0 1.776 1.759 4.429 1527.023 1.324 1213.007 2.9194820529917465 0.0
7.0 1.0 Car -1.0 -1.0 -1.0 -1.0 -1.0 -1.0 -1.0 1.963 1.553 4.51 1571.875 -1.006 1207.47 -0.3774099974656638 0.0
7.0 0.0 Car -1.0 -1.0 -1.0 -1.0 -1.0 -1.0 -1.0 1.776 1.759 4.429 1527.017 1.325 1213.012 2.9194820529917465 0.0
8.0 1.0 Car -1.0 -1.0 -1.0 -1.0 -1.0 -1.0 -1.0 1.963 1.553 4.51 1572.345 -1.061 1207.279 -0.3788058953734612 0.0
8.0 0.0 Car -1.0 -1.0 -1.0 -1.0 -1.0 -1.0 -1.0 1.776 1.759 4.429 1527.013 1.326 1213.016 2.9194820529917465 0.0
9.0 1.0 Car -1.0 -1.0 -1.0 -1.0 -1.0 -1.0 -1.0 1.963 1.553 4.51 1572.931 -1.13 1207.04 -0.3805492183899153 0.0
9.0 0.0 Car -1.0 -1.0 -1.0 -1.0 -1.0 -1.0 -1.0 1.776 1.759 4.429 1527.008 1.327 1213.021 2.9194820529917465 1.0
10.0 1.0 Car -1.0 -1.0 -1.0 -1.0 -1.0 -1.0 -1.0 1.963 1.553 4.51 1573.636 -1.212 1206.753 -0.3826440306608123 0.0
10.0 0.0 Car -1.0 -1.0 -1.0 -1.0 -1.0 -1.0 -1.0 1.776 1.759 4.429 1527.004 1.328 1213.008 2.926025468549131 1.0
11.0 3.0 Car -1.0 -1.0 -1.0 -1.0 -1.0 -1.0 -1.0 1.644 1.504 4.22 1542.699 0.441 1210.262 2.956168873843506 0.0
11.0 1.0 Car -1.0 -1.0 -1.0 -1.0 -1.0 -1.0 -1.0 1.963 1.553 4.51 1574.224 -1.28 1206.513 -0.3843913514839035 0.0
11.0 0.0 Car -1.0 -1.0 -1.0 -1.0 -1.0 -1.0 -1.0 1.776 1.759 4.429 1527.001 1.329 1212.997 2.9314834498758584 1.0
12.0 3.0 Car -1.0 -1.0 -1.0 -1.0 -1.0 -1.0 -1.0 1.644 1.504 4.22 1542.689 0.443 1210.26 2.956168873843506 0.0
12.0 1.0 Car -1.0 -1.0 -1.0 -1.0 -1.0 -1.0 -1.0 1.963 1.553 4.51 1574.811 -1.349 1206.274 -0.3861367240309217 0.0
12.0 0.0 Car -1.0 -1.0 -1.0 -1.0 -1.0 -1.0 -1.0 1.776 1.759 4.429 1526.998 1.33 1212.986 2.93693534551169 1.0
13.0 3.0 Car -1.0 -1.0 -1.0 -1.0 -1.0 -1.0 -1.0 1.644 1.504 4.22 1542.713 0.435 1210.226 2.956168873843506 0.0
13.0 1.0 Car -1.0 -1.0 -1.0 -1.0 -1.0 -1.0 -1.0 1.963 1.553 4.51 1575.398 -1.417 1206.034 -0.3878819220012309 0.0
13.0 0.0 Car -1.0 -1.0 -1.0 -1.0 -1.0 -1.0 -1.0 1.776 1.759 4.429 1526.994 1.321 1212.976 2.940425773572302 1.0
13.0 2.0 Car -1.0 -1.0 -1.0 -1.0 -1.0 -1.0 -1.0 2.072 2.154 4.877 1496.001 2.053 1198.897 1.1801392803075468 0.0
14.0 3.0 Car -1.0 -1.0 -1.0 -1.0 -1.0 -1.0 -1.0 1.644 1.504 4.22 1542.701 0.426 1210.243 2.956168873843506 1.0
14.0 4.0 Car -1.0 -1.0 -1.0 -1.0 -1.0 -1.0 -1.0 1.886 2.051 4.375 1550.918 0.274 1208.775 2.929255896752081 0.0
14.0 1.0 Car -1.0 -1.0 -1.0 -1.0 -1.0 -1.0 -1.0 1.963 1.553 4.51 1575.985 -1.486 1205.795 -0.38962728756518045 0.0
14.0 0.0 Car -1.0 -1.0 -1.0 -1.0 -1.0 -1.0 -1.0 1.776 1.759 4.429 1526.989 1.312 1212.965 2.94391653682328 1.0
14.0 2.0 Car -1.0 -1.0 -1.0 -1.0 -1.0 -1.0 -1.0 2.072 2.154 4.877 1497.001 1.978 1200.838 1.1801392803075468 1.0
15.0 3.0 Car -1.0 -1.0 -1.0 -1.0 -1.0 -1.0 -1.0 1.644 1.504 4.22 1542.689 0.418 1210.26 2.956168873843506 1.0
15.0 4.0 Car -1.0 -1.0 -1.0 -1.0 -1.0 -1.0 -1.0 1.886 2.051 4.375 1550.903 0.291 1208.782 2.929255896752081 0.0
15.0 1.0 Car -1.0 -1.0 -1.0 -1.0 -1.0 -1.0 -1.0 1.963 1.553 4.51 1576.572 -1.554 1205.556 -0.39137260773918586 0.0
15.0 0.0 Car -1.0 -1.0 -1.0 -1.0 -1.0 -1.0 -1.0 1.776 1.759 4.429 1526.984 1.303 1212.955 2.9474072092935337 1.0
15.0 2.0 Car -1.0 -1.0 -1.0 -1.0 -1.0 -1.0 -1.0 2.072 2.154 4.877 1498.0 1.903 1202.779 1.1801392803075468 1.0
16.0 3.0 Car -1.0 -1.0 -1.0 -1.0 -1.0 -1.0 -1.0 1.644 1.504 4.22 1542.707 0.411 1210.249 2.956168873843506 1.0
16.0 4.0 Car -1.0 -1.0 -1.0 -1.0 -1.0 -1.0 -1.0 1.886 2.051 4.375 1550.888 0.308 1208.79 2.929255896752081 0.0
16.0 1.0 Car -1.0 -1.0 -1.0 -1.0 -1.0 -1.0 -1.0 1.963 1.553 4.51 1577.16 -1.623 1205.316 -0.3931179314047255 0.0
16.0 0.0 Car -1.0 -1.0 -1.0 -1.0 -1.0 -1.0 -1.0 1.776 1.759 4.429 1526.945 1.319 1212.952 2.950897888746921 1.0
16.0 2.0 Car -1.0 -1.0 -1.0 -1.0 -1.0 -1.0 -1.0 2.072 2.154 4.877 1498.544 1.799 1203.917 1.1205405322370425 0.0
17.0 3.0 Car -1.0 -1.0 -1.0 -1.0 -1.0 -1.0 -1.0 1.644 1.504 4.22 1542.705 0.432 1210.242 2.956168873843506 1.0
17.0 4.0 Car -1.0 -1.0 -1.0 -1.0 -1.0 -1.0 -1.0 1.886 2.051 4.375 1550.873 0.324 1208.798 2.929255896752081 1.0
17.0 0.0 Car -1.0 -1.0 -1.0 -1.0 -1.0 -1.0 -1.0 1.776 1.759 4.429 1526.727 1.335 1212.983 2.9543886380316335 1.0
17.0 2.0 Car -1.0 -1.0 -1.0 -1.0 -1.0 -1.0 -1.0 2.072 2.154 4.877 1499.155 1.695 1205.02 1.0609405918887385 0.0
18.0 3.0 Car -1.0 -1.0 -1.0 -1.0 -1.0 -1.0 -1.0 1.644 1.504 4.22 1542.702 0.452 1210.236 2.956168873843506 1.0
18.0 4.0 Car -1.0 -1.0 -1.0 -1.0 -1.0 -1.0 -1.0 1.886 2.051 4.375 1550.848 0.308 1208.807 2.929255896752081 1.0
18.0 0.0 Car -1.0 -1.0 -1.0 -1.0 -1.0 -1.0 -1.0 1.776 1.759 4.429 1526.187 1.379 1213.109 2.9494067623274853 1.0
18.0 2.0 Car -1.0 -1.0 -1.0 -1.0 -1.0 -1.0 -1.0 2.072 2.154 4.877 1499.61 1.71 1205.526 0.9897113176262462 0.0
19.0 3.0 Car -1.0 -1.0 -1.0 -1.0 -1.0 -1.0 -1.0 1.644 1.504 4.22 1542.821 0.427 1210.216 2.956168873843506 1.0
19.0 4.0 Car -1.0 -1.0 -1.0 -1.0 -1.0 -1.0 -1.0 1.886 2.051 4.375 1550.824 0.291 1208.817 2.929255896752081 1.0
19.0 0.0 Car -1.0 -1.0 -1.0 -1.0 -1.0 -1.0 -1.0 1.776 1.759 4.429 1525.468 1.423 1213.27 2.9444198937753256 1.0
19.0 2.0 Car -1.0 -1.0 -1.0 -1.0 -1.0 -1.0 -1.0 2.072 2.154 4.877 1500.1 1.725 1205.999 0.9184106572109401 0.0
20.0 3.0 Car -1.0 -1.0 -1.0 -1.0 -1.0 -1.0 -1.0 1.644 1.504 4.22 1542.939 0.402 1210.196 2.956168873843506 1.0
20.0 4.0 Car -1.0 -1.0 -1.0 -1.0 -1.0 -1.0 -1.0 1.886 2.051 4.375 1550.8 0.274 1208.826 2.929255896752081 1.0
20.0 0.0 Car -1.0 -1.0 -1.0 -1.0 -1.0 -1.0 -1.0 1.776 1.759 4.429 1524.659 1.466 1213.449 2.939432596695293 1.0
20.0 2.0 Car -1.0 -1.0 -1.0 -1.0 -1.0 -1.0 -1.0 2.072 2.154 4.877 1500.623 1.741 1206.435 0.8471038698404024 0.0
21.0 3.0 Car -1.0 -1.0 -1.0 -1.0 -1.0 -1.0 -1.0 1.644 1.504 4.22 1543.058 0.376 1210.176 2.956168873843506 1.0
21.0 4.0 Car -1.0 -1.0 -1.0 -1.0 -1.0 -1.0 -1.0 1.886 2.051 4.375 1550.585 0.244 1208.866 2.9310023720222604 1.0
21.0 0.0 Car -1.0 -1.0 -1.0 -1.0 -1.0 -1.0 -1.0 1.776 1.759 4.429 1523.707 1.46 1213.581 2.9650017374023743 1.0
21.0 2.0 Car -1.0 -1.0 -1.0 -1.0 -1.0 -1.0 -1.0 2.072 2.154 4.877 1500.686 1.68 1206.473 0.8507633659677861 0.0
22.0 3.0 Car -1.0 -1.0 -1.0 -1.0 -1.0 -1.0 -1.0 1.644 1.504 4.22 1542.733 0.319 1210.23 2.956168873843506 1.0
22.0 4.0 Car -1.0 -1.0 -1.0 -1.0 -1.0 -1.0 -1.0 1.886 2.051 4.375 1550.37 0.214 1208.906 2.9327488717225725 1.0
22.0 0.0 Car -1.0 -1.0 -1.0 -1.0 -1.0 -1.0 -1.0 1.776 1.759 4.429 1522.752 1.454 1213.688 2.9905712357769842 1.0
22.0 2.0 Car -1.0 -1.0 -1.0 -1.0 -1.0 -1.0 -1.0 2.072 2.154 4.877 1500.749 1.62 1206.511 0.8544229132851161 0.0
23.0 3.0 Car -1.0 -1.0 -1.0 -1.0 -1.0 -1.0 -1.0 1.644 1.504 4.22 1542.409 0.262 1210.283 2.956168873843506 1.0
23.0 4.0 Car -1.0 -1.0 -1.0 -1.0 -1.0 -1.0 -1.0 1.886 2.051 4.375 1550.155 0.184 1208.945 2.9344934414424193 1.0
23.0 0.0 Car -1.0 -1.0 -1.0 -1.0 -1.0 -1.0 -1.0 1.776 1.759 4.429 1521.834 1.398 1213.827 3.0161124784167894 0.0
23.0 2.0 Car -1.0 -1.0 -1.0 -1.0 -1.0 -1.0 -1.0 2.072 2.154 4.877 1500.812 1.559 1206.549 0.858078416596694 0.0
24.0 3.0 Car -1.0 -1.0 -1.0 -1.0 -1.0 -1.0 -1.0 1.644 1.504 4.22 1541.6 0.237 1210.418 2.9604264227723562 1.0
24.0 4.0 Car -1.0 -1.0 -1.0 -1.0 -1.0 -1.0 -1.0 1.886 2.051 4.375 1549.94 0.154 1208.985 2.9362381053927766 1.0
24.0 0.0 Car -1.0 -1.0 -1.0 -1.0 -1.0 -1.0 -1.0 1.776 1.759 4.429 1520.913 1.342 1213.942 3.04165510063135 0.0
24.0 2.0 Car -1.0 -1.0 -1.0 -1.0 -1.0 -1.0 -1.0 2.072 2.154 4.877 1500.724 1.463 1206.619 0.8575099406192211 0.0
25.0 3.0 Car -1.0 -1.0 -1.0 -1.0 -1.0 -1.0 -1.0 1.644 1.504 4.22 1540.791 0.212 1210.552 2.964683767298386 1.0
25.0 4.0 Car -1.0 -1.0 -1.0 -1.0 -1.0 -1.0 -1.0 1.886 2.051 4.375 1549.725 0.124 1209.024 2.9379826855826803 1.0
25.0 0.0 Car -1.0 -1.0 -1.0 -1.0 -1.0 -1.0 -1.0 1.776 1.759 4.429 1520.156 1.281 1214.08 3.0486364986434715 0.0
25.0 2.0 Car -1.0 -1.0 -1.0 -1.0 -1.0 -1.0 -1.0 2.072 2.154 4.877 1500.635 1.367 1206.689 0.856941491933999 0.0
26.0 3.0 Car -1.0 -1.0 -1.0 -1.0 -1.0 -1.0 -1.0 1.644 1.504 4.22 1539.588 0.236 1210.799 2.968936308358138 1.0
26.0 4.0 Car -1.0 -1.0 -1.0 -1.0 -1.0 -1.0 -1.0 1.886 2.051 4.375 1549.444 0.124 1209.057 2.9408882924243827 1.0
26.0 0.0 Car -1.0 -1.0 -1.0 -1.0 -1.0 -1.0 -1.0 1.776 1.759 4.429 1519.516 1.269 1214.145 3.0556100197009037 0.0
26.0 2.0 Car -1.0 -1.0 -1.0 -1.0 -1.0 -1.0 -1.0 2.072 2.154 4.877 1500.622 1.346 1206.695 0.8563736846166703 0.0
27.0 3.0 Car -1.0 -1.0 -1.0 -1.0 -1.0 -1.0 -1.0 1.644 1.504 4.22 1538.262 0.262 1211.071 2.973622166363449 1.0
27.0 4.0 Car -1.0 -1.0 -1.0 -1.0 -1.0 -1.0 -1.0 1.886 2.051 4.375 1549.134 0.124 1209.093 2.944089968995678 1.0
27.0 0.0 Car -1.0 -1.0 -1.0 -1.0 -1.0 -1.0 -1.0 1.776 1.759 4.429 1519.019 1.248 1214.226 3.0632941146956467 0.0
27.0 2.0 Car -1.0 -1.0 -1.0 -1.0 -1.0 -1.0 -1.0 2.072 2.154 4.877 1500.606 1.322 1206.701 0.855748020002033 0.0
28.0 3.0 Car -1.0 -1.0 -1.0 -1.0 -1.0 -1.0 -1.0 1.644 1.504 4.22 1537.126 0.284 1211.301 2.9447532285319555 0.0
28.0 4.0 Car -1.0 -1.0 -1.0 -1.0 -1.0 -1.0 -1.0 1.886 2.051 4.375 1548.881 0.124 1209.123 2.9467091892720245 0.0
28.0 0.0 Car -1.0 -1.0 -1.0 -1.0 -1.0 -1.0 -1.0 1.776 1.759 4.429 1518.664 1.231 1214.232 3.069580301625347 0.0
29.0 3.0 Car -1.0 -1.0 -1.0 -1.0 -1.0 -1.0 -1.0 1.644 1.504 4.22 1536.047 0.309 1211.521 2.9126916394872 0.0
29.0 4.0 Car -1.0 -1.0 -1.0 -1.0 -1.0 -1.0 -1.0 1.886 2.051 4.375 1547.848 0.121 1209.335 2.943800840514905 0.0
29.0 0.0 Car -1.0 -1.0 -1.0 -1.0 -1.0 -1.0 -1.0 1.776 1.759 4.429 1518.376 1.212 1214.267 3.0765616856712366 0.0
30.0 3.0 Car -1.0 -1.0 -1.0 -1.0 -1.0 -1.0 -1.0 1.644 1.504 4.22 1535.184 0.35 1211.748 2.880665455217133 0.0
30.0 4.0 Car -1.0 -1.0 -1.0 -1.0 -1.0 -1.0 -1.0 1.886 2.051 4.375 1546.816 0.118 1209.547 2.940895703371294 0.0
30.0 0.0 Car -1.0 -1.0 -1.0 -1.0 -1.0 -1.0 -1.0 1.776 1.759 4.429 1518.179 1.192 1214.294 3.0748119949634436 0.0
31.0 3.0 Car -1.0 -1.0 -1.0 -1.0 -1.0 -1.0 -1.0 1.644 1.504 4.22 1534.328 0.391 1212.004 2.848603417198785 0.0
31.0 4.0 Car -1.0 -1.0 -1.0 -1.0 -1.0 -1.0 -1.0 1.886 2.051 4.375 1545.783 0.114 1209.759 2.9379873138871915 0.0
31.0 0.0 Car -1.0 -1.0 -1.0 -1.0 -1.0 -1.0 -1.0 1.776 1.759 4.429 1518.043 1.173 1214.316 3.073060345453138 0.0
32.0 3.0 Car -1.0 -1.0 -1.0 -1.0 -1.0 -1.0 -1.0 1.644 1.504 4.22 1533.48 0.432 1212.286 2.8165425336839593 0.0
32.0 4.0 Car -1.0 -1.0 -1.0 -1.0 -1.0 -1.0 -1.0 1.886 2.051 4.375 1544.749 0.111 1209.971 2.935079029129617 0.0
32.0 0.0 Car -1.0 -1.0 -1.0 -1.0 -1.0 -1.0 -1.0 1.776 1.759 4.429 1517.991 1.166 1214.336 3.0625997989679816 0.0
33.0 3.0 Car -1.0 -1.0 -1.0 -1.0 -1.0 -1.0 -1.0 1.644 1.504 4.22 1532.785 0.442 1212.609 2.783802311946995 0.0
33.0 4.0 Car -1.0 -1.0 -1.0 -1.0 -1.0 -1.0 -1.0 1.886 2.051 4.375 1543.968 0.152 1210.115 2.9343320472519476 0.0
33.0 0.0 Car -1.0 -1.0 -1.0 -1.0 -1.0 -1.0 -1.0 1.776 1.759 4.429 1518.029 1.16 1214.348 3.052127366092693 0.0
34.0 3.0 Car -1.0 -1.0 -1.0 -1.0 -1.0 -1.0 -1.0 1.644 1.504 4.22 1532.134 0.453 1212.88 2.7510626136003227 0.0
34.0 4.0 Car -1.0 -1.0 -1.0 -1.0 -1.0 -1.0 -1.0 1.886 2.051 4.375 1543.186 0.194 1210.259 2.933585077315647 0.0
34.0 0.0 Car -1.0 -1.0 -1.0 -1.0 -1.0 -1.0 -1.0 1.776 1.759 4.429 1518.068 1.153 1214.36 3.04165510063135 0.0
35.0 3.0 Car -1.0 -1.0 -1.0 -1.0 -1.0 -1.0 -1.0 1.644 1.504 4.22 1531.475 0.507 1213.262 2.718322261015785 0.0
35.0 4.0 Car -1.0 -1.0 -1.0 -1.0 -1.0 -1.0 -1.0 1.886 2.051 4.375 1542.404 0.235 1210.403 2.932838092452636 0.0
36.0 3.0 Car -1.0 -1.0 -1.0 -1.0 -1.0 -1.0 -1.0 1.644 1.504 4.22 1530.648 0.56 1213.686 2.6856179569375955 0.0
36.0 4.0 Car -1.0 -1.0 -1.0 -1.0 -1.0 -1.0 -1.0 1.886 2.051 4.375 1541.623 0.277 1210.547 2.932091930051402 0.0
37.0 3.0 Car -1.0 -1.0 -1.0 -1.0 -1.0 -1.0 -1.0 1.644 1.504 4.22 1530.051 0.603 1213.998 2.6594629010044697 0.0
37.0 4.0 Car -1.0 -1.0 -1.0 -1.0 -1.0 -1.0 -1.0 1.886 2.051 4.375 1540.992 0.31 1210.631 2.93149519149085 0.0
38.0 3.0 Car -1.0 -1.0 -1.0 -1.0 -1.0 -1.0 -1.0 1.644 1.504 4.22 1528.994 0.675 1214.547 2.688564674426039 0.0
38.0 4.0 Car -1.0 -1.0 -1.0 -1.0 -1.0 -1.0 -1.0 1.886 2.051 4.375 1540.202 0.351 1210.736 2.9307484275431612 0.0
39.0 3.0 Car -1.0 -1.0 -1.0 -1.0 -1.0 -1.0 -1.0 1.644 1.504 4.22 1527.673 0.748 1215.149 2.717619330020298 0.0
39.0 4.0 Car -1.0 -1.0 -1.0 -1.0 -1.0 -1.0 -1.0 1.886 2.051 4.375 1539.414 0.393 1210.841 2.930002872659066 0.0
