0.0 2.0 Car -1.0 -1.0 -1.0 -1.0 -1.0 -1.0 -1.0 2.047 1.684 4.187 899.597 0.677 1718.182 -0.5065643621377429 0.0
1.0 2.0 Car -1.0 -1.0 -1.0 -1.0 -1.0 -1.0 -1.0 2.047 1.684 4.187 901.789 0.729 1716.83 -0.5938354218683383 1.0
1.0 3.0 Car -1.0 -1.0 -1.0 -1.0 -1.0 -1.0 -1.0 2.152 1.67 4.724 893.256 -1.256 1623.732 2.06336314827562 0.0
2.0 2.0 Car -1.0 -1.0 -1.0 -1.0 -1.0 -1.0 -1.0 2.047 1.684 4.187 903.855 0.782 1715.292 -0.6811104968145116 1.0
2.0 3.0 Car -1.0 -1.0 -1.0 -1.0 -1.0 -1.0 -1.0 2.152 1.67 4.724 892.549 -1.085 1624.44 2.1171341491077746 1.0
3.0 2.0 Car -1.0 -1.0 -1.0 -1.0 -1.0 -1.0 -1.0 2.047 1.684 4.187 905.778 0.834 1713.581 -0.7683637499368929 1.0
3.0 3.0 Car -1.0 -1.0 -1.0 -1.0 -1.0 -1.0 -1.0 2.152 1.67 4.724 891.805 -0.914 1625.11 2.1708917053074726 1.0
4.0 2.0 Car -1.0 -1.0 -1.0 -1.0 -1.0 -1.0 -1.0 2.047 1.684 4.187 907.401 0.858 1711.393 -0.938996955847028 1.0
4.0 3.0 Car -1.0 -1.0 -1.0 -1.0 -1.0 -1.0 -1.0 2.152 1.67 4.724 891.248 -0.819 1625.883 2.3817348734368835 1.0
5.0 2.0 Car -1.0 -1.0 -1.0 -1.0 -1.0 -1.0 -1.0 2.047 1.684 4.187 908.864 0.884 1708.426 -1.136317856880959 1.0
5.0 1.0 Car -1.0 -1.0 -1.0 -1.0 -1.0 -1.0 -1.0 1.934 2.0 4.974 910.29 -1.275 1591.304 -2.234440321612129 0.0
5.0 3.0 Car -1.0 -1.0 -1.0 -1.0 -1.0 -1.0 -1.0 2.152 1.67 4.724 890.369 -0.749 1626.512 2.4607552693865746 1.0
6.0 2.0 Car -1.0 -1.0 -1.0 -1.0 -1.0 -1.0 -1.0 2.047 1.684 4.187 909.66 0.907 1705.264 -1.2664316125029438 1.0
6.0 1.0 Car -1.0 -1.0 -1.0 -1.0 -1.0 -1.0 -1.0 1.934 2.0 4.974 910.005 -1.32 1591.03 -2.211177486427133 1.0
6.0 3.0 Car -1.0 -1.0 -1.0 -1.0 -1.0 -1.0 -1.0 2.152 1.67 4.724 889.529 -0.685 1627.022 2.53254747112688 1.0
7.0 2.0 Car -1.0 -1.0 -1.0 -1.0 -1.0 -1.0 -1.0 2.047 1.684 4.187 910.176 0.931 1701.463 -1.39668228065485 1.0
7.0 1.0 Car -1.0 -1.0 -1.0 -1.0 -1.0 -1.0 -1.0 1.934 2.0 4.974 909.72 -1.365 1590.755 -2.187890172864711 1.0
7.0 3.0 Car -1.0 -1.0 -1.0 -1.0 -1.0 -1.0 -1.0 2.152 1.67 4.724 888.654 -0.622 1627.471 2.6044152163938623 1.0
8.0 2.0 Car -1.0 -1.0 -1.0 -1.0 -1.0 -1.0 -1.0 2.047 1.684 4.187 910.435 0.996 1697.515 -1.50138852747159 1.0
8.0 1.0 Car -1.0 -1.0 -1.0 -1.0 -1.0 -1.0 -1.0 1.934 2.0 4.974 909.435 -1.41 1590.48 -2.164627151532357 1.0
8.0 3.0 Car -1.0 -1.0 -1.0 -1.0 -1.0 -1.0 -1.0 2.152 1.67 4.724 887.814 -0.535 1627.955 2.6102308864401227 1.0
9.0 2.0 Car -1.0 -1.0 -1.0 -1.0 -1.0 -1.0 -1.0 2.047 1.684 4.187 910.28 1.061 1693.563 -1.60609330806071 1.0
9.0 1.0 Car -1.0 -1.0 -1.0 -1.0 -1.0 -1.0 -1.0 1.934 2.0 4.974 908.716 -1.455 1589.549 -2.164627151532357 1.0
9.0 3.0 Car -1.0 -1.0 -1.0 -1.0 -1.0 -1.0 -1.0 2.152 1.67 4.724 886.974 -0.447 1628.439 2.6160464750481083 1.0
10.0 2.0 Car -1.0 -1.0 -1.0 -1.0 -1.0 -1.0 -1.0 2.047 1.684 4.187 910.183 1.026 1689.371 -1.6061075574074908 1.0
10.0 1.0 Car -1.0 -1.0 -1.0 -1.0 -1.0 -1.0 -1.0 1.934 2.0 4.974 907.996 -1.5 1588.616 -2.164627151532357 1.0
10.0 3.0 Car -1.0 -1.0 -1.0 -1.0 -1.0 -1.0 -1.0 2.152 1.67 4.724 886.133 -0.36 1628.924 2.6218685089138054 1.0
11.0 2.0 Car -1.0 -1.0 -1.0 -1.0 -1.0 -1.0 -1.0 2.047 1.684 4.187 910.087 0.991 1685.184 -1.606121790894171 1.0
11.0 1.0 Car -1.0 -1.0 -1.0 -1.0 -1.0 -1.0 -1.0 1.934 2.0 4.974 907.701 -1.529 1587.043 -1.9028285493269836 1.0
11.0 3.0 Car -1.0 -1.0 -1.0 -1.0 -1.0 -1.0 -1.0 2.152 1.67 4.724 885.236 -0.285 1629.439 2.6218685089138054 1.0
12.0 2.0 Car -1.0 -1.0 -1.0 -1.0 -1.0 -1.0 -1.0 2.047 1.684 4.187 910.094 1.05 1681.16 -1.6003052116556553 1.0
12.0 1.0 Car -1.0 -1.0 -1.0 -1.0 -1.0 -1.0 -1.0 1.934 2.0 4.974 907.823 -1.558 1585.447 -1.6410283759340587 1.0
12.0 3.0 Car -1.0 -1.0 -1.0 -1.0 -1.0 -1.0 -1.0 2.152 1.67 4.724 884.339 -0.21 1629.954 2.6218685089138054 1.0
13.0 2.0 Car -1.0 -1.0 -1.0 -1.0 -1.0 -1.0 -1.0 2.047 1.684 4.187 910.102 1.108 1677.131 -1.594482267513686 1.0
13.0 1.0 Car -1.0 -1.0 -1.0 -1.0 -1.0 -1.0 -1.0 1.934 2.0 4.974 907.543 -1.658 1583.04 -1.562488795013421 1.0
13.0 3.0 Car -1.0 -1.0 -1.0 -1.0 -1.0 -1.0 -1.0 2.152 1.67 4.724 883.441 -0.135 1630.469 2.6218685089138054 1.0
14.0 2.0 Car -1.0 -1.0 -1.0 -1.0 -1.0 -1.0 -1.0 2.047 1.684 4.187 910.109 1.167 1673.103 -1.5886592884636548 1.0
14.0 1.0 Car -1.0 -1.0 -1.0 -1.0 -1.0 -1.0 -1.0 1.934 2.0 4.974 907.453 -1.759 1580.617 -1.4839487432545686 1.0
14.0 3.0 Car -1.0 -1.0 -1.0 -1.0 -1.0 -1.0 -1.0 2.152 1.67 4.724 882.543 -0.06 1630.985 2.6218685089138054 0.0
15.0 2.0 Car -1.0 -1.0 -1.0 -1.0 -1.0 -1.0 -1.0 2.047 1.684 4.187 910.117 1.225 1669.078 -1.5828427557692228 1.0
15.0 1.0 Car -1.0 -1.0 -1.0 -1.0 -1.0 -1.0 -1.0 1.934 2.0 4.974 907.837 -1.757 1577.528 -1.4839487432545686 1.0
15.0 3.0 Car -1.0 -1.0 -1.0 -1.0 -1.0 -1.0 -1.0 2.152 1.67 4.724 881.521 0.045 1631.702 2.604409698007946 0.0
16.0 2.0 Car -1.0 -1.0 -1.0 -1.0 -1.0 -1.0 -1.0 2.047 1.684 4.187 910.124 1.283 1665.059 -1.577032576342224 1.0
16.0 1.0 Car -1.0 -1.0 -1.0 -1.0 -1.0 -1.0 -1.0 1.934 2.0 4.974 908.221 -1.755 1574.443 -1.4839487432545686 1.0
16.0 3.0 Car -1.0 -1.0 -1.0 -1.0 -1.0 -1.0 -1.0 2.152 1.67 4.724 880.505 0.149 1632.425 2.5869699569673412 0.0
17.0 2.0 Car -1.0 -1.0 -1.0 -1.0 -1.0 -1.0 -1.0 2.047 1.684 4.187 910.129 1.342 1660.688 -1.5712152058542845 1.0
17.0 1.0 Car -1.0 -1.0 -1.0 -1.0 -1.0 -1.0 -1.0 1.934 2.0 4.974 908.606 -1.753 1571.353 -1.4839487432545686 1.0
17.0 3.0 Car -1.0 -1.0 -1.0 -1.0 -1.0 -1.0 -1.0 2.152 1.67 4.724 879.487 0.253 1633.149 2.5695086313539752 0.0
18.0 2.0 Car -1.0 -1.0 -1.0 -1.0 -1.0 -1.0 -1.0 2.047 1.684 4.187 910.103 1.392 1656.688 -1.5712152058542845 1.0
18.0 1.0 Car -1.0 -1.0 -1.0 -1.0 -1.0 -1.0 -1.0 1.934 2.0 4.974 908.99 -1.75 1568.268 -1.4839487432545686 1.0
18.0 3.0 Car -1.0 -1.0 -1.0 -1.0 -1.0 -1.0 -1.0 2.152 1.67 4.724 878.489 0.41 1633.781 2.5695086313539752 0.0
19.0 2.0 Car -1.0 -1.0 -1.0 -1.0 -1.0 -1.0 -1.0 2.047 1.684 4.187 910.077 1.441 1652.679 -1.5712152058542845 1.0
19.0 0.0 Car -1.0 -1.0 -1.0 -1.0 -1.0 -1.0 -1.0 2.056 1.511 4.51 930.491 -0.485 1605.443 2.884872173930641 0.0
19.0 1.0 Car -1.0 -1.0 -1.0 -1.0 -1.0 -1.0 -1.0 1.934 2.0 4.974 909.319 -1.78 1565.688 -1.5140471805260316 1.0
19.0 3.0 Car -1.0 -1.0 -1.0 -1.0 -1.0 -1.0 -1.0 2.152 1.67 4.724 877.489 0.568 1634.413 2.5695086313539752 0.0
20.0 2.0 Car -1.0 -1.0 -1.0 -1.0 -1.0 -1.0 -1.0 2.047 1.684 4.187 910.053 1.486 1648.852 -1.5712152058542845 1.0
20.0 0.0 Car -1.0 -1.0 -1.0 -1.0 -1.0 -1.0 -1.0 2.056 1.511 4.51 927.543 -0.235 1606.362 2.884872173930641 1.0
20.0 1.0 Car -1.0 -1.0 -1.0 -1.0 -1.0 -1.0 -1.0 1.934 2.0 4.974 909.549 -1.806 1563.357 -1.5411523136560117 1.0
20.0 3.0 Car -1.0 -1.0 -1.0 -1.0 -1.0 -1.0 -1.0 2.152 1.67 4.724 876.588 0.71 1634.983 2.5695086313539752 0.0
21.0 2.0 Car -1.0 -1.0 -1.0 -1.0 -1.0 -1.0 -1.0 2.047 1.684 4.187 910.026 1.536 1644.607 -1.5712152058542845 1.0
21.0 0.0 Car -1.0 -1.0 -1.0 -1.0 -1.0 -1.0 -1.0 2.056 1.511 4.51 924.274 0.041 1607.382 2.884872173930641 1.0
21.0 1.0 Car -1.0 -1.0 -1.0 -1.0 -1.0 -1.0 -1.0 1.934 2.0 4.974 909.73 -1.836 1560.765 -1.5712152058542845 0.0
21.0 3.0 Car -1.0 -1.0 -1.0 -1.0 -1.0 -1.0 -1.0 2.152 1.67 4.724 875.588 0.867 1635.615 2.5695086313539752 0.0
22.0 2.0 Car -1.0 -1.0 -1.0 -1.0 -1.0 -1.0 -1.0 2.047 1.684 4.187 909.997 1.591 1639.939 -1.5712152058542845 1.0
22.0 0.0 Car -1.0 -1.0 -1.0 -1.0 -1.0 -1.0 -1.0 2.056 1.511 4.51 921.663 0.246 1608.083 2.8440377540303126 1.0
22.0 1.0 Car -1.0 -1.0 -1.0 -1.0 -1.0 -1.0 -1.0 1.934 2.0 4.974 909.766 -1.457 1560.226 -1.5793220633844192 0.0
22.0 3.0 Car -1.0 -1.0 -1.0 -1.0 -1.0 -1.0 -1.0 2.152 1.67 4.724 874.489 1.04 1636.31 2.5695086313539752 0.0
23.0 2.0 Car -1.0 -1.0 -1.0 -1.0 -1.0 -1.0 -1.0 2.047 1.684 4.187 909.97 1.576 1635.789 -1.5712152058542845 1.0
23.0 0.0 Car -1.0 -1.0 -1.0 -1.0 -1.0 -1.0 -1.0 2.056 1.511 4.51 919.877 0.433 1608.63 2.8068602132737874 1.0
23.0 1.0 Car -1.0 -1.0 -1.0 -1.0 -1.0 -1.0 -1.0 1.934 2.0 4.974 909.787 -1.379 1559.735 -1.5867029206849426 0.0
23.0 3.0 Car -1.0 -1.0 -1.0 -1.0 -1.0 -1.0 -1.0 2.152 1.67 4.724 873.489 1.208 1636.942 2.5695086313539752 0.0
24.0 2.0 Car -1.0 -1.0 -1.0 -1.0 -1.0 -1.0 -1.0 2.047 1.684 4.187 909.944 1.561 1631.644 -1.5712152058542845 1.0
24.0 0.0 Car -1.0 -1.0 -1.0 -1.0 -1.0 -1.0 -1.0 2.056 1.511 4.51 918.593 0.55 1608.953 2.914311517213156 1.0
24.0 1.0 Car -1.0 -1.0 -1.0 -1.0 -1.0 -1.0 -1.0 1.934 2.0 4.974 909.807 -1.301 1559.244 -1.594075651172257 0.0
24.0 3.0 Car -1.0 -1.0 -1.0 -1.0 -1.0 -1.0 -1.0 2.152 1.67 4.724 872.489 1.375 1637.574 2.5695086313539752 0.0
25.0 2.0 Car -1.0 -1.0 -1.0 -1.0 -1.0 -1.0 -1.0 2.047 1.684 4.187 909.917 1.546 1627.498 -1.5712152058542845 1.0
25.0 0.0 Car -1.0 -1.0 -1.0 -1.0 -1.0 -1.0 -1.0 2.056 1.511 4.51 917.283 0.666 1609.136 3.021769484825942 1.0
25.0 1.0 Car -1.0 -1.0 -1.0 -1.0 -1.0 -1.0 -1.0 1.934 2.0 4.974 909.828 -1.223 1558.753 -1.6014488388849968 0.0
25.0 3.0 Car -1.0 -1.0 -1.0 -1.0 -1.0 -1.0 -1.0 2.152 1.67 4.724 871.49 1.543 1638.206 2.5695086313539752 0.0
26.0 2.0 Car -1.0 -1.0 -1.0 -1.0 -1.0 -1.0 -1.0 2.047 1.684 4.187 909.891 1.531 1623.353 -1.5712152058542845 1.0
26.0 0.0 Car -1.0 -1.0 -1.0 -1.0 -1.0 -1.0 -1.0 2.056 1.511 4.51 916.705 0.883 1609.173 3.0768583916500174 1.0
26.0 1.0 Car -1.0 -1.0 -1.0 -1.0 -1.0 -1.0 -1.0 1.934 2.0 4.974 909.848 -1.145 1558.263 -1.608821318635789 0.0
27.0 2.0 Car -1.0 -1.0 -1.0 -1.0 -1.0 -1.0 -1.0 2.047 1.684 4.187 909.865 1.538 1620.14 -1.5799490775605955 0.0
27.0 0.0 Car -1.0 -1.0 -1.0 -1.0 -1.0 -1.0 -1.0 2.056 1.511 4.51 916.614 1.041 1609.15 3.080352133181289 0.0
27.0 1.0 Car -1.0 -1.0 -1.0 -1.0 -1.0 -1.0 -1.0 1.934 2.0 4.974 909.868 -1.067 1557.771 -1.6162022496823474 0.0
28.0 2.0 Car -1.0 -1.0 -1.0 -1.0 -1.0 -1.0 -1.0 2.047 1.684 4.187 909.838 1.546 1616.931 -1.5886733676967606 0.0
28.0 0.0 Car -1.0 -1.0 -1.0 -1.0 -1.0 -1.0 -1.0 2.056 1.511 4.51 916.524 1.199 1609.127 3.083842041872936 0.0
28.0 1.0 Car -1.0 -1.0 -1.0 -1.0 -1.0 -1.0 -1.0 1.934 2.0 4.974 909.889 -0.989 1557.281 -1.6235750834141138 0.0
29.0 2.0 Car -1.0 -1.0 -1.0 -1.0 -1.0 -1.0 -1.0 2.047 1.684 4.187 909.812 1.553 1613.722 -1.5973977450967713 0.0
29.0 0.0 Car -1.0 -1.0 -1.0 -1.0 -1.0 -1.0 -1.0 2.056 1.511 4.51 916.433 1.357 1609.104 3.087331985472047 0.0
29.0 1.0 Car -1.0 -1.0 -1.0 -1.0 -1.0 -1.0 -1.0 1.934 2.0 4.974 909.888 -0.855 1557.274 -1.6235750834141138 0.0
30.0 2.0 Car -1.0 -1.0 -1.0 -1.0 -1.0 -1.0 -1.0 2.047 1.684 4.187 909.786 1.561 1610.512 -1.606121790894171 0.0
30.0 0.0 Car -1.0 -1.0 -1.0 -1.0 -1.0 -1.0 -1.0 2.056 1.511 4.51 916.343 1.515 1609.081 3.0908217964227926 0.0
30.0 1.0 Car -1.0 -1.0 -1.0 -1.0 -1.0 -1.0 -1.0 1.934 2.0 4.974 909.888 -0.721 1557.267 -1.6235750834141138 0.0
31.0 2.0 Car -1.0 -1.0 -1.0 -1.0 -1.0 -1.0 -1.0 2.047 1.684 4.187 909.607 1.546 1607.613 -1.6293843081428945 0.0
31.0 0.0 Car -1.0 -1.0 -1.0 -1.0 -1.0 -1.0 -1.0 2.056 1.511 4.51 916.252 1.673 1609.058 3.094311684169961 0.0
31.0 1.0 Car -1.0 -1.0 -1.0 -1.0 -1.0 -1.0 -1.0 1.934 2.0 4.974 909.887 -0.587 1557.26 -1.6235750834141138 0.0
32.0 2.0 Car -1.0 -1.0 -1.0 -1.0 -1.0 -1.0 -1.0 2.047 1.684 4.187 909.421 1.531 1604.713 -1.6526469650010658 0.0
32.0 0.0 Car -1.0 -1.0 -1.0 -1.0 -1.0 -1.0 -1.0 2.056 1.511 4.51 915.597 1.792 1608.961 3.1233705357515804 0.0
32.0 1.0 Car -1.0 -1.0 -1.0 -1.0 -1.0 -1.0 -1.0 1.934 2.0 4.974 909.887 -0.454 1557.253 -1.6235750834141138 0.0
33.0 2.0 Car -1.0 -1.0 -1.0 -1.0 -1.0 -1.0 -1.0 2.047 1.684 4.187 909.234 1.516 1601.81 -1.6759348911692193 0.0
33.0 0.0 Car -1.0 -1.0 -1.0 -1.0 -1.0 -1.0 -1.0 2.056 1.511 4.51 914.948 1.91 1608.819 -3.0521136858138402 0.0
34.0 2.0 Car -1.0 -1.0 -1.0 -1.0 -1.0 -1.0 -1.0 2.047 1.684 4.187 908.905 1.501 1599.138 -1.6991979668557335 0.0
34.0 0.0 Car -1.0 -1.0 -1.0 -1.0 -1.0 -1.0 -1.0 2.056 1.511 4.51 914.32 2.028 1608.608 -2.9445275277304197 0.0
35.0 2.0 Car -1.0 -1.0 -1.0 -1.0 -1.0 -1.0 -1.0 2.047 1.684 4.187 908.569 1.486 1596.467 -1.7224603444950097 0.0
35.0 0.0 Car -1.0 -1.0 -1.0 -1.0 -1.0 -1.0 -1.0 2.056 1.511 4.51 913.018 2.08 1607.802 -2.749892264558578 0.0
36.0 2.0 Car -1.0 -1.0 -1.0 -1.0 -1.0 -1.0 -1.0 2.047 1.684 4.187 908.233 1.471 1593.793 -1.7457481310537155 0.0
36.0 0.0 Car -1.0 -1.0 -1.0 -1.0 -1.0 -1.0 -1.0 2.056 1.511 4.51 911.897 2.132 1606.758 -2.5550444061053423 0.0
37.0 2.0 Car -1.0 -1.0 -1.0 -1.0 -1.0 -1.0 -1.0 2.047 1.684 4.187 907.992 1.417 1591.384 -1.7340909476800541 0.0
37.0 0.0 Car -1.0 -1.0 -1.0 -1.0 -1.0 -1.0 -1.0 2.056 1.511 4.51 910.942 2.184 1605.563 -2.2813024119725727 0.0
38.0 2.0 Car -1.0 -1.0 -1.0 -1.0 -1.0 -1.0 -1.0 2.047 1.684 4.187 907.751 1.363 1588.979 -1.722459731724195 0.0
38.0 0.0 Car -1.0 -1.0 -1.0 -1.0 -1.0 -1.0 -1.0 2.056 1.511 4.51 910.149 2.136 1603.786 -2.089208594600357 0.0
