0.0 5.0 Car -1.0 -1.0 -1.0 -1.0 -1.0 -1.0 -1.0 1.928 1.818 4.532 1356.307 1.364 1130.716 -2.362914008052442 0.0
0.0 4.0 Car -1.0 -1.0 -1.0 -1.0 -1.0 -1.0 -1.0 1.919 1.689 4.845 1365.149 0.634 1144.731 -2.30962910574994 0.0
1.0 5.0 Car -1.0 -1.0 -1.0 -1.0 -1.0 -1.0 -1.0 1.928 1.818 4.532 1354.054 1.491 1128.498 -2.358546850598579 1.0
1.0 4.0 Car -1.0 -1.0 -1.0 -1.0 -1.0 -1.0 -1.0 1.919 1.689 4.845 1365.208 0.662 1144.806 -2.313991353751782 1.0
2.0 5.0 Car -1.0 -1.0 -1.0 -1.0 -1.0 -1.0 -1.0 1.928 1.818 4.532 1351.622 1.619 1126.102 -2.3541752153543563 1.0
2.0 4.0 Car -1.0 -1.0 -1.0 -1.0 -1.0 -1.0 -1.0 1.919 1.689 4.845 1365.266 0.69 1144.882 -2.3183580745101624 1.0
3.0 5.0 Car -1.0 -1.0 -1.0 -1.0 -1.0 -1.0 -1.0 1.928 1.818 4.532 1349.055 1.715 1123.531 -2.34978898634146 1.0
3.0 4.0 Car -1.0 -1.0 -1.0 -1.0 -1.0 -1.0 -1.0 1.919 1.689 4.845 1364.908 0.645 1144.501 -2.322720280022812 1.0
4.0 5.0 Car -1.0 -1.0 -1.0 -1.0 -1.0 -1.0 -1.0 1.928 1.818 4.532 1346.568 1.779 1120.989 -2.327950600010011 1.0
4.0 4.0 Car -1.0 -1.0 -1.0 -1.0 -1.0 -1.0 -1.0 1.919 1.689 4.845 1364.55 0.601 1144.121 -2.3270823982698836 1.0
5.0 5.0 Car -1.0 -1.0 -1.0 -1.0 -1.0 -1.0 -1.0 1.928 1.818 4.532 1344.013 1.852 1118.072 -2.2494215403983753 1.0
5.0 4.0 Car -1.0 -1.0 -1.0 -1.0 -1.0 -1.0 -1.0 1.919 1.689 4.845 1363.684 0.525 1143.208 -2.3319879870558458 1.0
6.0 5.0 Car -1.0 -1.0 -1.0 -1.0 -1.0 -1.0 -1.0 1.928 1.818 4.532 1341.956 1.927 1115.253 -2.1415662626575545 1.0
6.0 4.0 Car -1.0 -1.0 -1.0 -1.0 -1.0 -1.0 -1.0 1.919 1.689 4.845 1362.896 0.456 1142.378 -2.3364453623089747 1.0
7.0 5.0 Car -1.0 -1.0 -1.0 -1.0 -1.0 -1.0 -1.0 1.928 1.818 4.532 1340.004 1.939 1112.14 -2.1125805977834275 1.0
7.0 4.0 Car -1.0 -1.0 -1.0 -1.0 -1.0 -1.0 -1.0 1.919 1.689 4.845 1361.75 0.411 1141.227 -2.349223812291777 1.0
8.0 5.0 Car -1.0 -1.0 -1.0 -1.0 -1.0 -1.0 -1.0 1.928 1.818 4.532 1337.858 1.951 1108.69 -2.136021205293181 1.0
8.0 4.0 Car -1.0 -1.0 -1.0 -1.0 -1.0 -1.0 -1.0 1.919 1.689 4.845 1360.605 0.366 1140.076 -2.36198898330977 1.0
9.0 2.0 Car -1.0 -1.0 -1.0 -1.0 -1.0 -1.0 -1.0 1.885 1.519 4.278 1364.783 -0.055 1144.534 -2.3270823982698836 0.0
9.0 5.0 Car -1.0 -1.0 -1.0 -1.0 -1.0 -1.0 -1.0 1.928 1.818 4.532 1335.705 1.871 1105.367 -2.1709266730452588 1.0
9.0 4.0 Car -1.0 -1.0 -1.0 -1.0 -1.0 -1.0 -1.0 1.919 1.689 4.845 1359.315 0.376 1138.9 -2.386685203553851 1.0
10.0 2.0 Car -1.0 -1.0 -1.0 -1.0 -1.0 -1.0 -1.0 1.885 1.519 4.278 1363.834 -0.105 1143.503 -2.331443278681503 1.0
10.0 5.0 Car -1.0 -1.0 -1.0 -1.0 -1.0 -1.0 -1.0 1.928 1.818 4.532 1333.282 1.79 1101.848 -2.181465678342183 1.0
10.0 4.0 Car -1.0 -1.0 -1.0 -1.0 -1.0 -1.0 -1.0 1.919 1.689 4.845 1358.025 0.387 1137.724 -2.411382016673223 1.0
11.0 0.0 Truck -1.0 -1.0 -1.0 -1.0 -1.0 -1.0 -1.0 1.971 1.816 5.205 1314.61 1.138 1079.829 -2.253900742732991 0.0
11.0 2.0 Car -1.0 -1.0 -1.0 -1.0 -1.0 -1.0 -1.0 1.885 1.519 4.278 1363.087 -0.155 1142.68 -2.327082188894023 1.0
11.0 5.0 Car -1.0 -1.0 -1.0 -1.0 -1.0 -1.0 -1.0 1.928 1.818 4.532 1330.902 1.709 1098.69 -2.2443650672007274 1.0
11.0 4.0 Car -1.0 -1.0 -1.0 -1.0 -1.0 -1.0 -1.0 1.919 1.689 4.845 1356.647 0.304 1136.593 -2.459350339968002 0.0
12.0 0.0 Truck -1.0 -1.0 -1.0 -1.0 -1.0 -1.0 -1.0 1.971 1.816 5.205 1312.107 0.943 1076.932 -2.262627179729234 1.0
12.0 2.0 Car -1.0 -1.0 -1.0 -1.0 -1.0 -1.0 -1.0 1.885 1.519 4.278 1362.34 -0.205 1141.855 -2.3227166324215314 1.0
12.0 5.0 Car -1.0 -1.0 -1.0 -1.0 -1.0 -1.0 -1.0 1.928 1.818 4.532 1328.282 1.503 1095.582 -2.289821958244196 1.0
12.0 4.0 Car -1.0 -1.0 -1.0 -1.0 -1.0 -1.0 -1.0 1.919 1.689 4.845 1355.216 0.221 1135.529 -2.5073677930448293 0.0
13.0 0.0 Truck -1.0 -1.0 -1.0 -1.0 -1.0 -1.0 -1.0 1.971 1.816 5.205 1309.603 0.748 1074.036 -2.2713540352529336 1.0
13.0 2.0 Car -1.0 -1.0 -1.0 -1.0 -1.0 -1.0 -1.0 1.885 1.519 4.278 1361.282 -0.255 1140.719 -2.3445356907898267 0.0
13.0 5.0 Car -1.0 -1.0 -1.0 -1.0 -1.0 -1.0 -1.0 1.928 1.818 4.532 1325.423 1.397 1092.359 -2.3003727702495693 1.0
13.0 4.0 Car -1.0 -1.0 -1.0 -1.0 -1.0 -1.0 -1.0 1.919 1.689 4.845 1353.656 0.215 1134.701 -2.6004850392642083 0.0
14.0 0.0 Truck -1.0 -1.0 -1.0 -1.0 -1.0 -1.0 -1.0 1.971 1.816 5.205 1307.801 0.595 1072.082 -2.3121081366616845 1.0
14.0 3.0 Car -1.0 -1.0 -1.0 -1.0 -1.0 -1.0 -1.0 1.767 1.322 4.433 1327.979 0.636 1078.669 1.0217506506974734 0.0
14.0 2.0 Car -1.0 -1.0 -1.0 -1.0 -1.0 -1.0 -1.0 1.885 1.519 4.278 1360.321 -0.305 1139.699 -2.36198898330977 0.0
14.0 5.0 Car -1.0 -1.0 -1.0 -1.0 -1.0 -1.0 -1.0 1.928 1.818 4.532 1322.689 1.179 1089.317 -2.310923497921311 1.0
14.0 4.0 Car -1.0 -1.0 -1.0 -1.0 -1.0 -1.0 -1.0 1.919 1.689 4.845 1352.026 0.209 1134.023 -2.6936015411886887 0.0
15.0 0.0 Truck -1.0 -1.0 -1.0 -1.0 -1.0 -1.0 -1.0 1.971 1.816 5.205 1305.923 0.442 1070.206 -2.352819319985431 1.0
15.0 3.0 Car -1.0 -1.0 -1.0 -1.0 -1.0 -1.0 -1.0 1.767 1.322 4.433 1330.473 0.579 1082.243 1.00429735817753 1.0
15.0 2.0 Car -1.0 -1.0 -1.0 -1.0 -1.0 -1.0 -1.0 1.885 1.519 4.278 1358.493 -0.205 1138.174 -2.414348860869599 0.0
15.0 5.0 Car -1.0 -1.0 -1.0 -1.0 -1.0 -1.0 -1.0 1.928 1.818 4.532 1319.717 0.95 1085.947 -2.286556529597179 1.0
15.0 4.0 Car -1.0 -1.0 -1.0 -1.0 -1.0 -1.0 -1.0 1.919 1.689 4.845 1350.183 0.203 1133.48 -2.8463253151724306 0.0
16.0 0.0 Truck -1.0 -1.0 -1.0 -1.0 -1.0 -1.0 -1.0 1.971 1.816 5.205 1303.971 0.289 1068.407 -2.3935270828925357 1.0
16.0 3.0 Car -1.0 -1.0 -1.0 -1.0 -1.0 -1.0 -1.0 1.767 1.322 4.433 1332.721 0.573 1085.824 1.00429735817753 1.0
16.0 2.0 Car -1.0 -1.0 -1.0 -1.0 -1.0 -1.0 -1.0 1.885 1.519 4.278 1357.392 -0.155 1137.298 -2.449255445909485 0.0
16.0 5.0 Car -1.0 -1.0 -1.0 -1.0 -1.0 -1.0 -1.0 1.928 1.818 4.532 1316.955 0.722 1082.709 -2.2738171455835428 1.0
16.0 4.0 Car -1.0 -1.0 -1.0 -1.0 -1.0 -1.0 -1.0 1.919 1.689 4.845 1348.28 0.197 1133.224 -2.999036257818554 0.0
17.0 0.0 Truck -1.0 -1.0 -1.0 -1.0 -1.0 -1.0 -1.0 1.971 1.816 5.205 1302.068 0.202 1066.674 -2.358620497852649 1.0
17.0 3.0 Car -1.0 -1.0 -1.0 -1.0 -1.0 -1.0 -1.0 1.767 1.322 4.433 1335.106 0.617 1089.001 0.9344841880977569 0.0
17.0 2.0 Car -1.0 -1.0 -1.0 -1.0 -1.0 -1.0 -1.0 1.885 1.519 4.278 1355.957 -0.204 1136.305 -2.466708738429428 0.0
17.0 5.0 Car -1.0 -1.0 -1.0 -1.0 -1.0 -1.0 -1.0 1.928 1.818 4.532 1314.13 0.544 1079.35 -2.2611048575306203 1.0
17.0 4.0 Car -1.0 -1.0 -1.0 -1.0 -1.0 -1.0 -1.0 1.919 1.689 4.845 1346.04 0.191 1133.197 3.13125144130335 0.0
18.0 0.0 Truck -1.0 -1.0 -1.0 -1.0 -1.0 -1.0 -1.0 1.971 1.816 5.205 1300.212 0.066 1065.053 -2.201028908569958 0.0
18.0 3.0 Car -1.0 -1.0 -1.0 -1.0 -1.0 -1.0 -1.0 1.767 1.322 4.433 1337.726 0.678 1092.56 0.9519374806177001 0.0
18.0 2.0 Car -1.0 -1.0 -1.0 -1.0 -1.0 -1.0 -1.0 1.885 1.519 4.278 1354.276 -0.054 1135.018 -2.5190686159892577 0.0
18.0 5.0 Car -1.0 -1.0 -1.0 -1.0 -1.0 -1.0 -1.0 1.928 1.818 4.532 1311.352 0.337 1076.086 -2.2858251930043827 1.0
18.0 4.0 Car -1.0 -1.0 -1.0 -1.0 -1.0 -1.0 -1.0 1.919 1.689 4.845 1343.828 0.185 1133.51 2.9787170823035147 0.0
19.0 0.0 Truck -1.0 -1.0 -1.0 -1.0 -1.0 -1.0 -1.0 1.971 1.816 5.205 1298.631 -0.07 1063.158 -2.04325077778205 0.0
19.0 3.0 Car -1.0 -1.0 -1.0 -1.0 -1.0 -1.0 -1.0 1.767 1.322 4.433 1340.818 0.704 1096.564 0.8123111404581536 0.0
19.0 2.0 Car -1.0 -1.0 -1.0 -1.0 -1.0 -1.0 -1.0 1.885 1.519 4.278 1352.834 -0.004 1134.088 -2.7459614187485184 0.0
19.0 5.0 Car -1.0 -1.0 -1.0 -1.0 -1.0 -1.0 -1.0 1.928 1.818 4.532 1309.08 0.155 1073.544 -2.3069014056287727 1.0
19.0 4.0 Car -1.0 -1.0 -1.0 -1.0 -1.0 -1.0 -1.0 1.919 1.689 4.845 1340.866 0.202 1134.346 2.8351560712241284 0.0
20.0 0.0 Truck -1.0 -1.0 -1.0 -1.0 -1.0 -1.0 -1.0 1.971 1.816 5.205 1297.367 -0.206 1061.038 -1.8854710688088192 0.0
20.0 3.0 Car -1.0 -1.0 -1.0 -1.0 -1.0 -1.0 -1.0 1.767 1.322 4.433 1343.599 0.648 1099.925 0.8821243105379267 0.0
20.0 2.0 Car -1.0 -1.0 -1.0 -1.0 -1.0 -1.0 -1.0 1.885 1.519 4.278 1350.474 0.097 1133.24 -2.920494343947951 0.0
20.0 5.0 Car -1.0 -1.0 -1.0 -1.0 -1.0 -1.0 -1.0 1.928 1.818 4.532 1307.018 0.004 1071.237 -2.310524536549315 1.0
20.0 4.0 Car -1.0 -1.0 -1.0 -1.0 -1.0 -1.0 -1.0 1.919 1.689 4.845 1338.054 0.218 1135.597 2.6915936241670213 0.0
21.0 0.0 Truck -1.0 -1.0 -1.0 -1.0 -1.0 -1.0 -1.0 1.971 1.816 5.205 1296.313 -0.37 1058.271 -1.696099246033331 0.0
21.0 3.0 Car -1.0 -1.0 -1.0 -1.0 -1.0 -1.0 -1.0 1.767 1.322 4.433 1347.187 0.736 1104.13 0.8576455006551271 0.0
21.0 2.0 Car -1.0 -1.0 -1.0 -1.0 -1.0 -1.0 -1.0 1.885 1.519 4.278 1348.248 0.067 1132.925 3.1357981604723717 0.0
21.0 5.0 Car -1.0 -1.0 -1.0 -1.0 -1.0 -1.0 -1.0 1.928 1.818 4.532 1304.33 -0.001 1068.347 -2.3118979330328377 1.0
21.0 4.0 Car -1.0 -1.0 -1.0 -1.0 -1.0 -1.0 -1.0 1.919 1.689 4.845 1334.623 0.166 1137.336 2.677303495025267 0.0
22.0 0.0 Truck -1.0 -1.0 -1.0 -1.0 -1.0 -1.0 -1.0 1.971 1.816 5.205 1295.846 -0.506 1055.848 -1.5383157494153235 0.0
22.0 3.0 Car -1.0 -1.0 -1.0 -1.0 -1.0 -1.0 -1.0 1.767 1.322 4.433 1350.177 0.443 1107.634 0.8372498992412112 0.0
22.0 2.0 Car -1.0 -1.0 -1.0 -1.0 -1.0 -1.0 -1.0 1.885 1.519 4.278 1345.978 -0.007 1133.045 3.0136251128327687 0.0
22.0 5.0 Car -1.0 -1.0 -1.0 -1.0 -1.0 -1.0 -1.0 1.928 1.818 4.532 1302.09 -0.005 1065.94 -2.3130422389609167 0.0
22.0 4.0 Car -1.0 -1.0 -1.0 -1.0 -1.0 -1.0 -1.0 1.919 1.689 4.845 1331.617 0.16 1138.915 2.63485149093217 0.0
23.0 0.0 Truck -1.0 -1.0 -1.0 -1.0 -1.0 -1.0 -1.0 1.971 1.816 5.205 1295.764 -0.556 1052.493 -1.5208624568953804 0.0
23.0 3.0 Car -1.0 -1.0 -1.0 -1.0 -1.0 -1.0 -1.0 1.767 1.322 4.433 1353.063 0.349 1110.92 0.8422410549859362 0.0
23.0 2.0 Car -1.0 -1.0 -1.0 -1.0 -1.0 -1.0 -1.0 1.885 1.519 4.278 1343.705 0.018 1133.342 2.9438119427529954 0.0
23.0 5.0 Car -1.0 -1.0 -1.0 -1.0 -1.0 -1.0 -1.0 1.928 1.818 4.532 1299.946 -0.1 1063.501 -2.2771479756009754 0.0
23.0 1.0 Car -1.0 -1.0 -1.0 -1.0 -1.0 -1.0 -1.0 1.854 1.789 4.664 1319.858 -0.745 1053.876 1.6332616611123267 0.0
24.0 0.0 Truck -1.0 -1.0 -1.0 -1.0 -1.0 -1.0 -1.0 1.971 1.816 5.205 1295.697 -0.706 1049.746 -1.3026945304143944 0.0
24.0 3.0 Car -1.0 -1.0 -1.0 -1.0 -1.0 -1.0 -1.0 1.767 1.322 4.433 1355.929 0.204 1114.231 0.8297644329780969 0.0
24.0 2.0 Car -1.0 -1.0 -1.0 -1.0 -1.0 -1.0 -1.0 1.885 1.519 4.278 1340.925 0.044 1134.051 2.8390921876333355 0.0
24.0 5.0 Car -1.0 -1.0 -1.0 -1.0 -1.0 -1.0 -1.0 1.928 1.818 4.532 1297.888 -0.194 1060.984 -2.241211990924385 0.0
24.0 1.0 Car -1.0 -1.0 -1.0 -1.0 -1.0 -1.0 -1.0 1.854 1.789 4.664 1319.78 -0.449 1057.526 1.5285020621694623 1.0
25.0 0.0 Truck -1.0 -1.0 -1.0 -1.0 -1.0 -1.0 -1.0 1.971 1.816 5.205 1296.676 -0.731 1046.636 -1.184810372408309 0.0
25.0 3.0 Car -1.0 -1.0 -1.0 -1.0 -1.0 -1.0 -1.0 1.767 1.322 4.433 1359.002 0.035 1117.675 0.8297644329780969 0.0
25.0 5.0 Car -1.0 -1.0 -1.0 -1.0 -1.0 -1.0 -1.0 1.928 1.818 4.532 1296.099 -0.204 1058.356 -2.1185679127732384 0.0
25.0 1.0 Car -1.0 -1.0 -1.0 -1.0 -1.0 -1.0 -1.0 1.854 1.789 4.664 1320.2 -0.228 1061.627 1.4150124230371088 1.0
26.0 0.0 Truck -1.0 -1.0 -1.0 -1.0 -1.0 -1.0 -1.0 1.971 1.816 5.205 1298.063 -0.756 1043.69 -1.0321702663369727 0.0
26.0 3.0 Car -1.0 -1.0 -1.0 -1.0 -1.0 -1.0 -1.0 1.767 1.322 4.433 1362.138 -0.084 1121.055 0.8297644329780969 0.0
26.0 5.0 Car -1.0 -1.0 -1.0 -1.0 -1.0 -1.0 -1.0 1.928 1.818 4.532 1294.998 -0.366 1055.251 -1.7763136320751027 0.0
26.0 1.0 Car -1.0 -1.0 -1.0 -1.0 -1.0 -1.0 -1.0 1.854 1.789 4.664 1321.081 -0.007 1065.649 1.3016491032334039 1.0
27.0 0.0 Truck -1.0 -1.0 -1.0 -1.0 -1.0 -1.0 -1.0 1.971 1.816 5.205 1299.858 -0.906 1040.287 -1.0496235588569167 0.0
27.0 3.0 Car -1.0 -1.0 -1.0 -1.0 -1.0 -1.0 -1.0 1.767 1.322 4.433 1365.141 -0.22 1124.559 0.8709043127531528 0.0
27.0 5.0 Car -1.0 -1.0 -1.0 -1.0 -1.0 -1.0 -1.0 1.928 1.818 4.532 1295.003 -0.528 1051.953 -1.433675242974056 0.0
27.0 1.0 Car -1.0 -1.0 -1.0 -1.0 -1.0 -1.0 -1.0 1.854 1.789 4.664 1322.554 0.289 1069.87 1.169918413025974 0.0
28.0 0.0 Truck -1.0 -1.0 -1.0 -1.0 -1.0 -1.0 -1.0 1.971 1.816 5.205 1301.753 -1.046 1036.929 -1.0321702663369736 0.0
28.0 3.0 Car -1.0 -1.0 -1.0 -1.0 -1.0 -1.0 -1.0 1.767 1.322 4.433 1367.534 -0.327 1127.377 0.8448631630320002 0.0
28.0 5.0 Car -1.0 -1.0 -1.0 -1.0 -1.0 -1.0 -1.0 1.928 1.818 4.532 1295.532 -0.549 1049.203 -1.324418612355653 0.0
28.0 1.0 Car -1.0 -1.0 -1.0 -1.0 -1.0 -1.0 -1.0 1.854 1.789 4.664 1324.008 0.565 1073.044 1.0959501527679194 0.0
29.0 0.0 Truck -1.0 -1.0 -1.0 -1.0 -1.0 -1.0 -1.0 1.971 1.816 5.205 1304.584 -1.283 1032.695 -1.0234387958095073 0.0
29.0 5.0 Car -1.0 -1.0 -1.0 -1.0 -1.0 -1.0 -1.0 1.928 1.818 4.532 1296.611 -0.576 1045.873 -1.187845367920759 0.0
29.0 1.0 Car -1.0 -1.0 -1.0 -1.0 -1.0 -1.0 -1.0 1.854 1.789 4.664 1326.527 0.911 1077.341 1.0049431303943677 0.0
30.0 5.0 Car -1.0 -1.0 -1.0 -1.0 -1.0 -1.0 -1.0 1.928 1.818 4.532 1298.13 -0.602 1042.724 -1.051423040988643 0.0
30.0 1.0 Car -1.0 -1.0 -1.0 -1.0 -1.0 -1.0 -1.0 1.854 1.789 4.664 1329.043 1.117 1081.072 0.939313300028473 0.0
31.0 5.0 Car -1.0 -1.0 -1.0 -1.0 -1.0 -1.0 -1.0 1.928 1.818 4.532 1300.188 -0.664 1039.461 -0.9561154578098243 0.0
31.0 1.0 Car -1.0 -1.0 -1.0 -1.0 -1.0 -1.0 -1.0 1.854 1.789 4.664 1332.023 1.322 1084.98 0.8911836004564347 0.0
32.0 5.0 Car -1.0 -1.0 -1.0 -1.0 -1.0 -1.0 -1.0 1.928 1.818 4.532 1302.694 -0.817 1036.497 -0.8048353110244935 0.0
32.0 1.0 Car -1.0 -1.0 -1.0 -1.0 -1.0 -1.0 -1.0 1.854 1.789 4.664 1334.923 1.361 1088.506 0.8827700827547644 0.0
33.0 5.0 Car -1.0 -1.0 -1.0 -1.0 -1.0 -1.0 -1.0 1.928 1.818 4.532 1305.659 -0.831 1033.675 -0.7104795924544575 0.0
33.0 1.0 Car -1.0 -1.0 -1.0 -1.0 -1.0 -1.0 -1.0 1.854 1.789 4.664 1338.089 1.449 1092.414 0.8784106800294902 0.0
34.0 1.0 Car -1.0 -1.0 -1.0 -1.0 -1.0 -1.0 -1.0 1.854 1.789 4.664 1341.446 1.587 1096.382 0.8740458900220176 0.0
35.0 1.0 Car -1.0 -1.0 -1.0 -1.0 -1.0 -1.0 -1.0 1.854 1.789 4.664 1344.861 1.675 1100.44 0.8784079296661068 0.0
36.0 1.0 Car -1.0 -1.0 -1.0 -1.0 -1.0 -1.0 -1.0 1.854 1.789 4.664 1348.277 1.763 1104.498 0.8827700827547644 0.0
37.0 1.0 Car -1.0 -1.0 -1.0 -1.0 -1.0 -1.0 -1.0 1.854 1.789 4.664 1351.722 1.851 1108.62 0.8827700827547644 0.0
38.0 1.0 Car -1.0 -1.0 -1.0 -1.0 -1.0 -1.0 -1.0 1.854 1.789 4.664 1355.174 1.939 1112.75 0.8827700827547644 0.0
