0.0 1.0 Car -1.0 -1.0 -1.0 -1.0 -1.0 -1.0 -1.0 2.019 1.814 5.135 1669.592 0.99 938.206 -1.5180699300926586 0.0
0.0 0.0 Construction -1.0 -1.0 -1.0 -1.0 -1.0 -1.0 -1.0 1.457 2.123 4.221 1697.237 0.999 889.846 2.38324709358692 0.0
1.0 1.0 Car -1.0 -1.0 -1.0 -1.0 -1.0 -1.0 -1.0 2.019 1.814 5.135 1670.169 0.976 935.977 -1.2911014841399757 1.0
1.0 0.0 Construction -1.0 -1.0 -1.0 -1.0 -1.0 -1.0 -1.0 1.457 2.123 4.221 1696.164 0.978 890.693 2.4322405226646175 0.0
2.0 1.0 Car -1.0 -1.0 -1.0 -1.0 -1.0 -1.0 -1.0 2.019 1.814 5.135 1671.293 0.967 933.507 -1.0828542129071144 1.0
2.0 0.0 Construction -1.0 -1.0 -1.0 -1.0 -1.0 -1.0 -1.0 1.457 2.123 4.221 1695.129 0.956 891.731 2.355119167191198 1.0
3.0 1.0 Car -1.0 -1.0 -1.0 -1.0 -1.0 -1.0 -1.0 2.019 1.814 5.135 1672.898 1.003 931.497 -0.9601258632576144 1.0
3.0 0.0 Construction -1.0 -1.0 -1.0 -1.0 -1.0 -1.0 -1.0 1.457 2.123 4.221 1694.12 0.935 892.623 2.316729319277424 0.0
4.0 1.0 Car -1.0 -1.0 -1.0 -1.0 -1.0 -1.0 -1.0 2.019 1.814 5.135 1674.709 1.001 929.196 -0.8199382292949347 1.0
4.0 0.0 Construction -1.0 -1.0 -1.0 -1.0 -1.0 -1.0 -1.0 1.457 2.123 4.221 1693.324 0.915 893.284 2.3706972101132315 0.0
5.0 1.0 Car -1.0 -1.0 -1.0 -1.0 -1.0 -1.0 -1.0 2.019 1.814 5.135 1676.864 1.047 927.13 -0.764097184410896 1.0
5.0 0.0 Construction -1.0 -1.0 -1.0 -1.0 -1.0 -1.0 -1.0 1.457 2.123 4.221 1692.643 0.894 893.879 2.3158913836895785 0.0
6.0 1.0 Car -1.0 -1.0 -1.0 -1.0 -1.0 -1.0 -1.0 2.019 1.814 5.135 1679.178 1.043 924.939 -0.7606079541912427 1.0
6.0 0.0 Construction -1.0 -1.0 -1.0 -1.0 -1.0 -1.0 -1.0 1.457 2.123 4.221 1691.996 0.874 894.511 2.261074045947317 1.0
7.0 1.0 Car -1.0 -1.0 -1.0 -1.0 -1.0 -1.0 -1.0 2.019 1.814 5.135 1681.555 1.07 922.822 -0.7047650663596738 1.0
7.0 0.0 Construction -1.0 -1.0 -1.0 -1.0 -1.0 -1.0 -1.0 1.457 2.123 4.221 1691.115 0.774 895.576 2.261074045947317 0.0
8.0 1.0 Car -1.0 -1.0 -1.0 -1.0 -1.0 -1.0 -1.0 2.019 1.814 5.135 1684.074 0.996 920.624 -0.6838339084631793 1.0
8.0 0.0 Construction -1.0 -1.0 -1.0 -1.0 -1.0 -1.0 -1.0 1.457 2.123 4.221 1690.803 0.924 895.954 2.261074045947317 0.0
9.0 1.0 Car -1.0 -1.0 -1.0 -1.0 -1.0 -1.0 -1.0 2.019 1.814 5.135 1686.719 1.01 918.678 -0.6628585966154468 1.0
9.0 0.0 Construction -1.0 -1.0 -1.0 -1.0 -1.0 -1.0 -1.0 1.457 2.123 4.221 1690.491 1.074 896.333 2.261074045947317 0.0
10.0 1.0 Car -1.0 -1.0 -1.0 -1.0 -1.0 -1.0 -1.0 2.019 1.814 5.135 1689.063 1.04 916.705 -0.660243980950916 1.0
10.0 0.0 Construction -1.0 -1.0 -1.0 -1.0 -1.0 -1.0 -1.0 1.457 2.123 4.221 1690.586 1.078 896.199 2.281536390980282 0.0
11.0 1.0 Car -1.0 -1.0 -1.0 -1.0 -1.0 -1.0 -1.0 2.019 1.814 5.135 1691.853 1.004 914.513 -0.6570440273552096 1.0
11.0 0.0 Construction -1.0 -1.0 -1.0 -1.0 -1.0 -1.0 -1.0 1.457 2.123 4.221 1690.707 1.084 896.038 2.3065796718926856 0.0
12.0 1.0 Car -1.0 -1.0 -1.0 -1.0 -1.0 -1.0 -1.0 2.019 1.814 5.135 1694.386 1.016 912.603 -0.6366834531131391 1.0
12.0 0.0 Construction -1.0 -1.0 -1.0 -1.0 -1.0 -1.0 -1.0 1.457 2.123 4.221 1690.822 1.089 895.895 2.3293324621070264 0.0
13.0 1.0 Car -1.0 -1.0 -1.0 -1.0 -1.0 -1.0 -1.0 2.019 1.814 5.135 1696.928 0.932 910.745 -0.6337729435207001 1.0
13.0 0.0 Construction -1.0 -1.0 -1.0 -1.0 -1.0 -1.0 -1.0 1.457 2.123 4.221 1690.938 1.094 895.753 2.352110514082375 0.0
14.0 1.0 Car -1.0 -1.0 -1.0 -1.0 -1.0 -1.0 -1.0 2.019 1.814 5.135 1699.337 0.988 909.063 -0.6308624630081741 1.0
14.0 0.0 Construction -1.0 -1.0 -1.0 -1.0 -1.0 -1.0 -1.0 1.457 2.123 4.221 1691.458 1.099 894.992 2.4615495389431112 0.0
15.0 1.0 Car -1.0 -1.0 -1.0 -1.0 -1.0 -1.0 -1.0 2.019 1.814 5.135 1701.618 0.943 907.439 -0.6279520115755606 1.0
15.0 0.0 Construction -1.0 -1.0 -1.0 -1.0 -1.0 -1.0 -1.0 1.457 2.123 4.221 1692.17 1.104 894.467 2.3615490064121922 0.0
16.0 1.0 Car -1.0 -1.0 -1.0 -1.0 -1.0 -1.0 -1.0 2.019 1.814 5.135 1703.649 0.958 905.92 -0.6279520115755606 1.0
16.0 0.0 Construction -1.0 -1.0 -1.0 -1.0 -1.0 -1.0 -1.0 1.457 2.123 4.221 1692.969 1.109 893.972 2.365793801066977 0.0
17.0 1.0 Car -1.0 -1.0 -1.0 -1.0 -1.0 -1.0 -1.0 2.019 1.814 5.135 1705.863 0.994 904.434 -0.6279520115755606 1.0
17.0 0.0 Construction -1.0 -1.0 -1.0 -1.0 -1.0 -1.0 -1.0 1.457 2.123 4.221 1693.798 1.114 893.081 2.4119237165704788 0.0
18.0 1.0 Car -1.0 -1.0 -1.0 -1.0 -1.0 -1.0 -1.0 2.019 1.814 5.135 1707.838 0.991 902.955 -0.6279520115755606 1.0
18.0 0.0 Construction -1.0 -1.0 -1.0 -1.0 -1.0 -1.0 -1.0 1.457 2.123 4.221 1694.8 1.119 892.294 2.405686755061461 0.0
19.0 1.0 Car -1.0 -1.0 -1.0 -1.0 -1.0 -1.0 -1.0 2.019 1.814 5.135 1709.669 0.958 901.58 -0.6279520115755606 1.0
20.0 1.0 Car -1.0 -1.0 -1.0 -1.0 -1.0 -1.0 -1.0 2.019 1.814 5.135 1711.446 0.925 900.37 -0.6279520115755606 1.0
21.0 1.0 Car -1.0 -1.0 -1.0 -1.0 -1.0 -1.0 -1.0 2.019 1.814 5.135 1712.938 0.942 899.208 -0.6279520115755606 1.0
22.0 1.0 Car -1.0 -1.0 -1.0 -1.0 -1.0 -1.0 -1.0 2.019 1.814 5.135 1714.405 0.96 898.189 -0.6104987190556176 1.0
23.0 1.0 Car -1.0 -1.0 -1.0 -1.0 -1.0 -1.0 -1.0 2.019 1.814 5.135 1715.471 0.977 897.504 -0.6104987190556176 1.0
24.0 1.0 Car -1.0 -1.0 -1.0 -1.0 -1.0 -1.0 -1.0 2.019 1.814 5.135 1716.473 0.963 896.823 -0.6104987190556176 0.0
25.0 1.0 Car -1.0 -1.0 -1.0 -1.0 -1.0 -1.0 -1.0 2.019 1.814 5.135 1717.356 0.959 896.183 -0.6104987190556176 0.0
26.0 1.0 Car -1.0 -1.0 -1.0 -1.0 -1.0 -1.0 -1.0 2.019 1.814 5.135 1718.226 0.978 895.551 -0.6035230703328955 0.0
27.0 1.0 Car -1.0 -1.0 -1.0 -1.0 -1.0 -1.0 -1.0 2.019 1.814 5.135 1718.834 0.959 895.191 -0.5965363084203631 0.0
28.0 1.0 Car -1.0 -1.0 -1.0 -1.0 -1.0 -1.0 -1.0 2.019 1.814 5.135 1719.018 0.959 895.086 -0.6070027692213049 0.0
29.0 1.0 Car -1.0 -1.0 -1.0 -1.0 -1.0 -1.0 -1.0 2.019 1.814 5.135 1719.114 1.026 894.996 -0.6000242305107801 0.0
30.0 1.0 Car -1.0 -1.0 -1.0 -1.0 -1.0 -1.0 -1.0 2.019 1.814 5.135 1719.065 0.992 895.002 -0.5930454265356744 0.0
31.0 1.0 Car -1.0 -1.0 -1.0 -1.0 -1.0 -1.0 -1.0 2.019 1.814 5.135 1719.096 1.009 894.945 -0.5930454265356744 0.0
32.0 1.0 Car -1.0 -1.0 -1.0 -1.0 -1.0 -1.0 -1.0 2.019 1.814 5.135 1719.07 1.026 894.926 -0.5930454265356744 0.0
33.0 1.0 Car -1.0 -1.0 -1.0 -1.0 -1.0 -1.0 -1.0 2.019 1.814 5.135 1719.054 1.042 894.981 -0.5930454265356744 0.0
34.0 1.0 Car -1.0 -1.0 -1.0 -1.0 -1.0 -1.0 -1.0 2.019 1.814 5.135 1719.083 1.009 895.046 -0.5930454265356744 0.0
35.0 1.0 Car -1.0 -1.0 -1.0 -1.0 -1.0 -1.0 -1.0 2.019 1.814 5.135 1719.028 1.026 894.92 -0.5930454265356744 0.0
