0.0 0.0 Car -1.0 -1.0 -1.0 -1.0 -1.0 -1.0 -1.0 1.838 1.784 4.39 1168.166 1.589 1165.674 -2.1855536492196337 0.0
1.0 0.0 Car -1.0 -1.0 -1.0 -1.0 -1.0 -1.0 -1.0 1.838 1.784 4.39 1167.417 1.607 1164.14 -2.1686821331170223 1.0
2.0 0.0 Car -1.0 -1.0 -1.0 -1.0 -1.0 -1.0 -1.0 1.838 1.784 4.39 1166.129 1.566 1162.558 -2.1134133734705354 1.0
3.0 0.0 Car -1.0 -1.0 -1.0 -1.0 -1.0 -1.0 -1.0 1.838 1.784 4.39 1164.653 1.549 1160.249 -2.162864368943707 1.0
4.0 0.0 Car -1.0 -1.0 -1.0 -1.0 -1.0 -1.0 -1.0 1.838 1.784 4.39 1163.064 1.533 1158.016 -2.212315364416879 1.0
5.0 0.0 Car -1.0 -1.0 -1.0 -1.0 -1.0 -1.0 -1.0 1.838 1.784 4.39 1161.488 1.516 1155.377 -2.078506788430649 1.0
6.0 0.0 Car -1.0 -1.0 -1.0 -1.0 -1.0 -1.0 -1.0 1.838 1.784 4.39 1160.278 1.5 1152.551 -1.9446982124444185 1.0
7.0 0.0 Car -1.0 -1.0 -1.0 -1.0 -1.0 -1.0 -1.0 1.838 1.784 4.39 1159.408 1.485 1149.49 -1.8431200499783498 0.0
8.0 0.0 Car -1.0 -1.0 -1.0 -1.0 -1.0 -1.0 -1.0 1.838 1.784 4.39 1159.049 1.57 1146.388 -1.601915547352737 0.0
9.0 0.0 Car -1.0 -1.0 -1.0 -1.0 -1.0 -1.0 -1.0 1.838 1.784 4.39 1159.244 1.447 1143.176 -1.4276153327202379 0.0
10.0 0.0 Car -1.0 -1.0 -1.0 -1.0 -1.0 -1.0 -1.0 1.838 1.784 4.39 1159.993 1.323 1140.047 -1.2533151180877393 0.0
11.0 0.0 Car -1.0 -1.0 -1.0 -1.0 -1.0 -1.0 -1.0 1.838 1.784 4.39 1161.274 1.2 1137.095 -1.0790149034552414 0.0
12.0 0.0 Car -1.0 -1.0 -1.0 -1.0 -1.0 -1.0 -1.0 1.838 1.784 4.39 1163.898 1.07 1133.655 -1.0071073382730757 0.0
13.0 0.0 Car -1.0 -1.0 -1.0 -1.0 -1.0 -1.0 -1.0 1.838 1.784 4.39 1166.763 0.94 1130.412 -0.9351997730909103 0.0
14.0 0.0 Car -1.0 -1.0 -1.0 -1.0 -1.0 -1.0 -1.0 1.838 1.784 4.39 1169.996 0.81 1127.38 -0.808023448262258 0.0
15.0 0.0 Car -1.0 -1.0 -1.0 -1.0 -1.0 -1.0 -1.0 1.838 1.784 4.39 1173.587 0.68 1124.782 -0.6808471234336055 0.0
16.0 0.0 Car -1.0 -1.0 -1.0 -1.0 -1.0 -1.0 -1.0 1.838 1.784 4.39 1178.518 0.65 1120.987 -0.6322106149446975 0.0
17.0 0.0 Car -1.0 -1.0 -1.0 -1.0 -1.0 -1.0 -1.0 1.838 1.784 4.39 1183.061 0.617 1117.647 -0.6322106149446975 0.0
18.0 0.0 Car -1.0 -1.0 -1.0 -1.0 -1.0 -1.0 -1.0 1.838 1.784 4.39 1187.567 0.583 1114.333 -0.6322106149446975 0.0
