0.0 0.0 Car -1.0 -1.0 -1.0 -1.0 -1.0 -1.0 -1.0 2.102 2.0 4.983 875.432 1.03 1415.606 -0.6706253118488057 0.0
1.0 0.0 Car -1.0 -1.0 -1.0 -1.0 -1.0 -1.0 -1.0 2.102 2.0 4.983 878.207 1.03 1413.404 -0.6706253118488057 1.0
2.0 0.0 Car -1.0 -1.0 -1.0 -1.0 -1.0 -1.0 -1.0 2.102 2.0 4.983 880.954 1.03 1411.411 -0.644445373068891 1.0
3.0 0.0 Car -1.0 -1.0 -1.0 -1.0 -1.0 -1.0 -1.0 2.102 2.0 4.983 883.751 1.03 1409.49 -0.6182654342889764 0.0
4.0 0.0 Car -1.0 -1.0 -1.0 -1.0 -1.0 -1.0 -1.0 2.102 2.0 4.983 887.625 1.03 1406.985 -0.5600877925558323 1.0
5.0 0.0 Car -1.0 -1.0 -1.0 -1.0 -1.0 -1.0 -1.0 2.102 2.0 4.983 891.637 1.03 1404.709 -0.5019101508226883 1.0
6.0 0.0 Car -1.0 -1.0 -1.0 -1.0 -1.0 -1.0 -1.0 2.102 2.0 4.983 895.775 1.03 1402.67 -0.4437325090895436 1.0
6.0 4.0 Car -1.0 -1.0 -1.0 -1.0 -1.0 -1.0 -1.0 1.976 1.897 4.939 960.792 0.942 1394.413 2.893755900000432 0.0
7.0 0.0 Car -1.0 -1.0 -1.0 -1.0 -1.0 -1.0 -1.0 2.102 2.0 4.983 900.238 1.03 1400.79 -0.4262792165696004 1.0
7.0 4.0 Car -1.0 -1.0 -1.0 -1.0 -1.0 -1.0 -1.0 1.976 1.897 4.939 955.867 0.817 1395.66 2.893755900000432 1.0
8.0 0.0 Car -1.0 -1.0 -1.0 -1.0 -1.0 -1.0 -1.0 2.102 2.0 4.983 904.713 1.03 1398.939 -0.408825924049657 1.0
8.0 2.0 Car -1.0 -1.0 -1.0 -1.0 -1.0 -1.0 -1.0 1.637 1.834 3.489 990.266 1.464 1373.483 -0.1382300768320135 0.0
8.0 4.0 Car -1.0 -1.0 -1.0 -1.0 -1.0 -1.0 -1.0 1.976 1.897 4.939 950.942 0.692 1396.906 2.893755900000432 1.0
9.0 0.0 Car -1.0 -1.0 -1.0 -1.0 -1.0 -1.0 -1.0 2.102 2.0 4.983 909.188 1.03 1397.089 -0.3913726315297137 1.0
9.0 2.0 Car -1.0 -1.0 -1.0 -1.0 -1.0 -1.0 -1.0 1.637 1.834 3.489 990.252 1.434 1373.384 -0.1382300768320135 0.0
9.0 4.0 Car -1.0 -1.0 -1.0 -1.0 -1.0 -1.0 -1.0 1.976 1.897 4.939 945.737 0.692 1398.223 2.893755900000432 0.0
10.0 0.0 Car -1.0 -1.0 -1.0 -1.0 -1.0 -1.0 -1.0 2.102 2.0 4.983 913.564 1.03 1395.285 -0.35646604648982705 1.0
10.0 2.0 Car -1.0 -1.0 -1.0 -1.0 -1.0 -1.0 -1.0 1.637 1.834 3.489 990.238 1.404 1373.285 -0.1382300768320135 1.0
10.0 3.0 Truck -1.0 -1.0 -1.0 -1.0 -1.0 -1.0 -1.0 2.12 2.0 4.585 978.238 1.451 1377.929 -0.1968207797926433 0.0
10.0 4.0 Car -1.0 -1.0 -1.0 -1.0 -1.0 -1.0 -1.0 1.976 1.897 4.939 940.762 0.692 1399.481 2.9112091925203756 0.0
11.0 0.0 Car -1.0 -1.0 -1.0 -1.0 -1.0 -1.0 -1.0 2.102 2.0 4.983 917.999 1.03 1393.636 -0.32155946144994063 1.0
11.0 2.0 Car -1.0 -1.0 -1.0 -1.0 -1.0 -1.0 -1.0 1.637 1.834 3.489 990.219 1.374 1373.15 -0.1382300768320135 1.0
11.0 3.0 Truck -1.0 -1.0 -1.0 -1.0 -1.0 -1.0 -1.0 2.12 2.0 4.585 978.318 1.405 1377.882 -0.1968207797926433 0.0
11.0 4.0 Car -1.0 -1.0 -1.0 -1.0 -1.0 -1.0 -1.0 1.976 1.897 4.939 933.915 0.692 1401.168 2.902482546260404 0.0
12.0 0.0 Car -1.0 -1.0 -1.0 -1.0 -1.0 -1.0 -1.0 2.102 2.0 4.983 922.49 1.03 1392.142 -0.286652876410054 1.0
12.0 2.0 Car -1.0 -1.0 -1.0 -1.0 -1.0 -1.0 -1.0 1.637 1.834 3.489 990.201 1.344 1373.015 -0.1382300768320135 1.0
12.0 3.0 Truck -1.0 -1.0 -1.0 -1.0 -1.0 -1.0 -1.0 2.12 2.0 4.585 978.223 1.382 1377.768 -0.1968207797926433 0.0
12.0 4.0 Car -1.0 -1.0 -1.0 -1.0 -1.0 -1.0 -1.0 1.976 1.897 4.939 928.455 0.692 1402.516 2.893755900000432 0.0
12.0 1.0 Car -1.0 -1.0 -1.0 -1.0 -1.0 -1.0 -1.0 2.218 2.0 4.808 999.242 1.714 1375.699 -0.07059856831704825 0.0
13.0 0.0 Car -1.0 -1.0 -1.0 -1.0 -1.0 -1.0 -1.0 2.102 2.0 4.983 927.03 1.03 1390.807 -0.25174629137016735 1.0
13.0 2.0 Car -1.0 -1.0 -1.0 -1.0 -1.0 -1.0 -1.0 1.637 1.834 3.489 990.182 1.314 1372.881 -0.1382300768320135 1.0
13.0 3.0 Truck -1.0 -1.0 -1.0 -1.0 -1.0 -1.0 -1.0 2.12 2.0 4.585 978.128 1.358 1377.653 -0.1968207797926433 1.0
13.0 4.0 Car -1.0 -1.0 -1.0 -1.0 -1.0 -1.0 -1.0 1.976 1.897 4.939 922.759 0.567 1404.041 2.893755900000432 0.0
13.0 1.0 Car -1.0 -1.0 -1.0 -1.0 -1.0 -1.0 -1.0 2.218 2.0 4.808 999.703 1.681 1375.57 -0.06405358362206946 1.0
14.0 0.0 Car -1.0 -1.0 -1.0 -1.0 -1.0 -1.0 -1.0 2.102 2.0 4.983 930.587 1.03 1389.714 -0.2648362607601249 1.0
14.0 2.0 Car -1.0 -1.0 -1.0 -1.0 -1.0 -1.0 -1.0 1.637 1.834 3.489 990.163 1.284 1372.746 -0.1382300768320135 1.0
14.0 3.0 Truck -1.0 -1.0 -1.0 -1.0 -1.0 -1.0 -1.0 2.12 2.0 4.585 978.033 1.335 1377.538 -0.1968207797926433 1.0
14.0 4.0 Car -1.0 -1.0 -1.0 -1.0 -1.0 -1.0 -1.0 1.976 1.897 4.939 917.064 0.442 1405.565 2.893755900000432 0.0
14.0 1.0 Car -1.0 -1.0 -1.0 -1.0 -1.0 -1.0 -1.0 2.218 2.0 4.808 1000.164 1.649 1375.442 -0.057508598927090704 1.0
15.0 0.0 Car -1.0 -1.0 -1.0 -1.0 -1.0 -1.0 -1.0 2.102 2.0 4.983 934.144 1.03 1388.621 -0.27792623015008244 1.0
15.0 2.0 Car -1.0 -1.0 -1.0 -1.0 -1.0 -1.0 -1.0 1.637 1.834 3.489 990.144 1.254 1372.611 -0.1382300768320135 0.0
15.0 3.0 Truck -1.0 -1.0 -1.0 -1.0 -1.0 -1.0 -1.0 2.12 2.0 4.585 977.938 1.312 1377.423 -0.1968207797926433 1.0
15.0 4.0 Car -1.0 -1.0 -1.0 -1.0 -1.0 -1.0 -1.0 1.976 1.897 4.939 911.3 0.492 1407.448 2.8239427299206588 0.0
15.0 1.0 Car -1.0 -1.0 -1.0 -1.0 -1.0 -1.0 -1.0 2.218 2.0 4.808 1000.626 1.616 1375.313 -0.05096361423211193 1.0
16.0 0.0 Car -1.0 -1.0 -1.0 -1.0 -1.0 -1.0 -1.0 2.102 2.0 4.983 937.268 1.03 1387.639 -0.29101619954004 1.0
16.0 2.0 Car -1.0 -1.0 -1.0 -1.0 -1.0 -1.0 -1.0 1.637 1.834 3.489 990.122 1.204 1372.453 -0.1382300768320135 0.0
16.0 3.0 Truck -1.0 -1.0 -1.0 -1.0 -1.0 -1.0 -1.0 2.12 2.0 4.585 977.843 1.288 1377.309 -0.1968207797926433 1.0
16.0 4.0 Car -1.0 -1.0 -1.0 -1.0 -1.0 -1.0 -1.0 1.976 1.897 4.939 905.681 0.542 1409.729 2.7541295598408855 0.0
16.0 1.0 Car -1.0 -1.0 -1.0 -1.0 -1.0 -1.0 -1.0 2.218 2.0 4.808 1001.087 1.584 1375.185 -0.04441862953713316 1.0
17.0 0.0 Car -1.0 -1.0 -1.0 -1.0 -1.0 -1.0 -1.0 2.102 2.0 4.983 940.129 1.03 1386.736 -0.3041061689299973 1.0
17.0 2.0 Car -1.0 -1.0 -1.0 -1.0 -1.0 -1.0 -1.0 1.637 1.834 3.489 990.1 1.154 1372.294 -0.1382300768320135 0.0
17.0 3.0 Truck -1.0 -1.0 -1.0 -1.0 -1.0 -1.0 -1.0 2.12 2.0 4.585 977.94 1.263 1377.254 -0.19391189770598613 1.0
17.0 4.0 Car -1.0 -1.0 -1.0 -1.0 -1.0 -1.0 -1.0 1.976 1.897 4.939 900.347 0.492 1412.234 2.7366762673209424 0.0
17.0 1.0 Car -1.0 -1.0 -1.0 -1.0 -1.0 -1.0 -1.0 2.218 2.0 4.808 1001.548 1.551 1375.056 -0.037873644842154386 1.0
18.0 0.0 Car -1.0 -1.0 -1.0 -1.0 -1.0 -1.0 -1.0 2.102 2.0 4.983 942.64 1.03 1385.949 -0.3041061689299973 1.0
18.0 2.0 Car -1.0 -1.0 -1.0 -1.0 -1.0 -1.0 -1.0 1.637 1.834 3.489 990.078 1.104 1372.136 -0.1382300768320135 0.0
18.0 3.0 Truck -1.0 -1.0 -1.0 -1.0 -1.0 -1.0 -1.0 2.12 2.0 4.585 978.038 1.238 1377.2 -0.19100301561932875 1.0
18.0 4.0 Car -1.0 -1.0 -1.0 -1.0 -1.0 -1.0 -1.0 1.976 1.897 4.939 895.012 0.442 1414.739 2.7192229748009993 0.0
18.0 1.0 Car -1.0 -1.0 -1.0 -1.0 -1.0 -1.0 -1.0 2.218 2.0 4.808 1002.018 1.572 1375.071 -0.031328660147175835 1.0
19.0 0.0 Car -1.0 -1.0 -1.0 -1.0 -1.0 -1.0 -1.0 2.102 2.0 4.983 945.032 1.03 1385.199 -0.3041061689299973 1.0
19.0 2.0 Car -1.0 -1.0 -1.0 -1.0 -1.0 -1.0 -1.0 1.637 1.834 3.489 990.316 1.104 1372.103 -0.1382300768320135 0.0
19.0 3.0 Truck -1.0 -1.0 -1.0 -1.0 -1.0 -1.0 -1.0 2.12 2.0 4.585 978.135 1.213 1377.146 -0.1880941335326716 1.0
19.0 4.0 Car -1.0 -1.0 -1.0 -1.0 -1.0 -1.0 -1.0 1.976 1.897 4.939 890.175 0.392 1417.339 2.684316389761112 0.0
19.0 1.0 Car -1.0 -1.0 -1.0 -1.0 -1.0 -1.0 -1.0 2.218 2.0 4.808 1002.488 1.593 1375.086 -0.024783675452197063 1.0
20.0 0.0 Car -1.0 -1.0 -1.0 -1.0 -1.0 -1.0 -1.0 2.102 2.0 4.983 947.08 1.03 1384.557 -0.3041061689299973 1.0
20.0 2.0 Car -1.0 -1.0 -1.0 -1.0 -1.0 -1.0 -1.0 1.637 1.834 3.489 990.554 1.104 1372.07 -0.1382300768320135 0.0
20.0 3.0 Truck -1.0 -1.0 -1.0 -1.0 -1.0 -1.0 -1.0 2.12 2.0 4.585 978.232 1.188 1377.091 -0.1851852514460144 1.0
20.0 4.0 Car -1.0 -1.0 -1.0 -1.0 -1.0 -1.0 -1.0 1.976 1.897 4.939 885.432 0.342 1420.106 2.649409804721226 0.0
20.0 1.0 Car -1.0 -1.0 -1.0 -1.0 -1.0 -1.0 -1.0 2.218 2.0 4.808 1002.958 1.614 1375.101 -0.01823869075721829 1.0
21.0 0.0 Car -1.0 -1.0 -1.0 -1.0 -1.0 -1.0 -1.0 2.102 2.0 4.983 949.128 1.03 1383.916 -0.3041061689299973 1.0
21.0 2.0 Car -1.0 -1.0 -1.0 -1.0 -1.0 -1.0 -1.0 1.637 1.834 3.489 991.98 1.104 1371.871 -0.1382300768320135 0.0
21.0 3.0 Truck -1.0 -1.0 -1.0 -1.0 -1.0 -1.0 -1.0 2.12 2.0 4.585 978.329 1.163 1377.037 -0.1822763693593572 1.0
21.0 1.0 Car -1.0 -1.0 -1.0 -1.0 -1.0 -1.0 -1.0 2.218 2.0 4.808 1005.47 1.614 1374.997 0.03412118680261167 1.0
22.0 0.0 Car -1.0 -1.0 -1.0 -1.0 -1.0 -1.0 -1.0 2.102 2.0 4.983 950.921 1.03 1383.426 -0.30061551042600865 1.0
22.0 2.0 Car -1.0 -1.0 -1.0 -1.0 -1.0 -1.0 -1.0 1.637 1.834 3.489 993.407 1.104 1371.673 -0.1382300768320135 0.0
22.0 3.0 Truck -1.0 -1.0 -1.0 -1.0 -1.0 -1.0 -1.0 2.12 2.0 4.585 978.426 1.138 1376.982 -0.17936748727270002 1.0
22.0 1.0 Car -1.0 -1.0 -1.0 -1.0 -1.0 -1.0 -1.0 2.218 2.0 4.808 1009.139 1.614 1375.191 0.06321000766918373 1.0
23.0 0.0 Car -1.0 -1.0 -1.0 -1.0 -1.0 -1.0 -1.0 2.102 2.0 4.983 952.64 1.03 1382.961 -0.29712485192202 1.0
23.0 2.0 Car -1.0 -1.0 -1.0 -1.0 -1.0 -1.0 -1.0 1.637 1.834 3.489 996.212 1.104 1371.282 -0.1382300768320135 0.0
23.0 3.0 Truck -1.0 -1.0 -1.0 -1.0 -1.0 -1.0 -1.0 2.12 2.0 4.585 979.284 1.138 1376.844 -0.17936748727270002 1.0
23.0 1.0 Car -1.0 -1.0 -1.0 -1.0 -1.0 -1.0 -1.0 2.218 2.0 4.808 1012.8 1.614 1375.49 0.09229882853575601 1.0
24.0 0.0 Car -1.0 -1.0 -1.0 -1.0 -1.0 -1.0 -1.0 2.102 2.0 4.983 954.316 1.03 1382.509 -0.2936341934180313 1.0
24.0 2.0 Car -1.0 -1.0 -1.0 -1.0 -1.0 -1.0 -1.0 1.637 1.834 3.489 999.018 1.104 1370.892 -0.1382300768320135 0.0
24.0 3.0 Truck -1.0 -1.0 -1.0 -1.0 -1.0 -1.0 -1.0 2.12 2.0 4.585 980.141 1.138 1376.705 -0.17936748727270002 1.0
24.0 1.0 Car -1.0 -1.0 -1.0 -1.0 -1.0 -1.0 -1.0 2.218 2.0 4.808 1016.451 1.614 1375.896 0.12138764940232827 1.0
25.0 0.0 Car -1.0 -1.0 -1.0 -1.0 -1.0 -1.0 -1.0 2.102 2.0 4.983 955.828 1.03 1382.106 -0.29014353491404266 1.0
25.0 2.0 Car -1.0 -1.0 -1.0 -1.0 -1.0 -1.0 -1.0 1.637 1.834 3.489 1001.823 1.104 1370.502 -0.1382300768320135 0.0
25.0 3.0 Truck -1.0 -1.0 -1.0 -1.0 -1.0 -1.0 -1.0 2.12 2.0 4.585 981.66 1.088 1376.433 -0.1619141947527567 1.0
25.0 1.0 Car -1.0 -1.0 -1.0 -1.0 -1.0 -1.0 -1.0 2.218 2.0 4.808 1020.721 1.614 1376.417 0.12138764940232827 0.0
26.0 0.0 Car -1.0 -1.0 -1.0 -1.0 -1.0 -1.0 -1.0 2.102 2.0 4.983 957.274 1.03 1381.724 -0.286652876410054 1.0
26.0 2.0 Car -1.0 -1.0 -1.0 -1.0 -1.0 -1.0 -1.0 1.637 1.834 3.489 1004.628 1.104 1370.112 -0.1382300768320135 0.0
26.0 3.0 Truck -1.0 -1.0 -1.0 -1.0 -1.0 -1.0 -1.0 2.12 2.0 4.585 983.931 1.105 1376.166 -0.1560964305794421 1.0
26.0 1.0 Car -1.0 -1.0 -1.0 -1.0 -1.0 -1.0 -1.0 2.218 2.0 4.808 1024.99 1.614 1376.938 0.12138764940232827 0.0
27.0 0.0 Car -1.0 -1.0 -1.0 -1.0 -1.0 -1.0 -1.0 2.102 2.0 4.983 958.673 1.03 1381.403 -0.286652876410054 0.0
27.0 3.0 Truck -1.0 -1.0 -1.0 -1.0 -1.0 -1.0 -1.0 2.12 2.0 4.585 986.202 1.122 1375.898 -0.15027866640612778 0.0
27.0 1.0 Car -1.0 -1.0 -1.0 -1.0 -1.0 -1.0 -1.0 2.218 2.0 4.808 1029.471 1.644 1377.365 0.1178969908983396 0.0
28.0 0.0 Car -1.0 -1.0 -1.0 -1.0 -1.0 -1.0 -1.0 2.102 2.0 4.983 960.056 1.03 1381.087 -0.286652876410054 0.0
28.0 3.0 Truck -1.0 -1.0 -1.0 -1.0 -1.0 -1.0 -1.0 2.12 2.0 4.585 989.128 1.138 1375.531 -0.14446090223281338 0.0
28.0 1.0 Car -1.0 -1.0 -1.0 -1.0 -1.0 -1.0 -1.0 2.218 2.0 4.808 1033.952 1.674 1377.791 0.11440633239435094 0.0
29.0 0.0 Car -1.0 -1.0 -1.0 -1.0 -1.0 -1.0 -1.0 2.102 2.0 4.983 961.351 1.03 1380.798 -0.286652876410054 0.0
29.0 3.0 Truck -1.0 -1.0 -1.0 -1.0 -1.0 -1.0 -1.0 2.12 2.0 4.585 992.608 1.188 1375.258 -0.13282537388618443 0.0
29.0 1.0 Car -1.0 -1.0 -1.0 -1.0 -1.0 -1.0 -1.0 2.218 2.0 4.808 1038.434 1.704 1378.218 0.11091567389036226 0.0
30.0 0.0 Car -1.0 -1.0 -1.0 -1.0 -1.0 -1.0 -1.0 2.102 2.0 4.983 962.647 1.03 1380.508 -0.286652876410054 0.0
30.0 3.0 Truck -1.0 -1.0 -1.0 -1.0 -1.0 -1.0 -1.0 2.12 2.0 4.585 996.088 1.238 1374.985 -0.12118984553955546 0.0
30.0 1.0 Car -1.0 -1.0 -1.0 -1.0 -1.0 -1.0 -1.0 2.218 2.0 4.808 1042.915 1.734 1378.645 0.10742501538637361 0.0
31.0 0.0 Car -1.0 -1.0 -1.0 -1.0 -1.0 -1.0 -1.0 2.102 2.0 4.983 963.942 1.03 1380.218 -0.286652876410054 0.0
31.0 3.0 Truck -1.0 -1.0 -1.0 -1.0 -1.0 -1.0 -1.0 2.12 2.0 4.585 999.567 1.288 1374.711 -0.10955431719292673 0.0
31.0 1.0 Car -1.0 -1.0 -1.0 -1.0 -1.0 -1.0 -1.0 2.218 2.0 4.808 1047.396 1.764 1379.071 0.10393435688238496 0.0
32.0 0.0 Car -1.0 -1.0 -1.0 -1.0 -1.0 -1.0 -1.0 2.102 2.0 4.983 965.643 1.03 1379.821 -0.26919958389011067 0.0
32.0 3.0 Truck -1.0 -1.0 -1.0 -1.0 -1.0 -1.0 -1.0 2.12 2.0 4.585 1003.578 1.338 1374.446 -0.06155776276308255 0.0
32.0 1.0 Car -1.0 -1.0 -1.0 -1.0 -1.0 -1.0 -1.0 2.218 2.0 4.808 1052.523 1.819 1379.703 0.1126610031423567 0.0
33.0 0.0 Car -1.0 -1.0 -1.0 -1.0 -1.0 -1.0 -1.0 2.102 2.0 4.983 967.35 1.03 1379.446 -0.25174629137016735 0.0
33.0 3.0 Truck -1.0 -1.0 -1.0 -1.0 -1.0 -1.0 -1.0 2.12 2.0 4.585 1008.353 1.388 1374.345 -0.013561208333238595 0.0
33.0 1.0 Car -1.0 -1.0 -1.0 -1.0 -1.0 -1.0 -1.0 2.218 2.0 4.808 1057.65 1.874 1380.335 0.12138764940232827 0.0
34.0 0.0 Car -1.0 -1.0 -1.0 -1.0 -1.0 -1.0 -1.0 2.102 2.0 4.983 969.063 1.03 1379.104 -0.23429299885022406 0.0
34.0 3.0 Truck -1.0 -1.0 -1.0 -1.0 -1.0 -1.0 -1.0 2.12 2.0 4.585 1013.127 1.438 1374.473 0.03443534609660537 0.0
34.0 1.0 Car -1.0 -1.0 -1.0 -1.0 -1.0 -1.0 -1.0 2.218 2.0 4.808 1062.692 1.929 1380.993 0.13011429566229982 0.0
35.0 0.0 Car -1.0 -1.0 -1.0 -1.0 -1.0 -1.0 -1.0 2.102 2.0 4.983 970.78 1.03 1378.78 -0.2168397063302807 0.0
35.0 3.0 Truck -1.0 -1.0 -1.0 -1.0 -1.0 -1.0 -1.0 2.12 2.0 4.585 1017.89 1.488 1374.83 0.08243190052644955 0.0
35.0 1.0 Car -1.0 -1.0 -1.0 -1.0 -1.0 -1.0 -1.0 2.218 2.0 4.808 1067.734 1.984 1381.651 0.1388409419222716 0.0
36.0 0.0 Car -1.0 -1.0 -1.0 -1.0 -1.0 -1.0 -1.0 2.102 2.0 4.983 972.496 1.03 1378.455 -0.19938641381033737 0.0
36.0 3.0 Truck -1.0 -1.0 -1.0 -1.0 -1.0 -1.0 -1.0 2.12 2.0 4.585 1022.676 1.463 1375.296 0.08243190052644955 0.0
36.0 1.0 Car -1.0 -1.0 -1.0 -1.0 -1.0 -1.0 -1.0 2.218 2.0 4.808 1072.769 1.964 1382.375 0.1388409419222716 0.0
37.0 0.0 Car -1.0 -1.0 -1.0 -1.0 -1.0 -1.0 -1.0 2.102 2.0 4.983 974.274 1.04 1378.129 -0.1761153571170797 0.0
37.0 3.0 Truck -1.0 -1.0 -1.0 -1.0 -1.0 -1.0 -1.0 2.12 2.0 4.585 1027.463 1.438 1375.761 0.08243190052644955 0.0
38.0 0.0 Car -1.0 -1.0 -1.0 -1.0 -1.0 -1.0 -1.0 2.102 2.0 4.983 976.055 1.05 1377.817 -0.1528443004238218 0.0
38.0 3.0 Truck -1.0 -1.0 -1.0 -1.0 -1.0 -1.0 -1.0 2.12 2.0 4.585 1032.249 1.413 1376.227 0.08243190052644955 0.0
