0.0 2.0 Car -1.0 -1.0 -1.0 -1.0 -1.0 -1.0 -1.0 1.955 1.566 4.671 1138.761 -0.569 2809.85 0.9800392207561679 0.0
0.0 0.0 Car -1.0 -1.0 -1.0 -1.0 -1.0 -1.0 -1.0 1.968 1.594 4.579 1086.603 1.255 2731.029 1.0036166797936095 0.0
0.0 5.0 Car -1.0 -1.0 -1.0 -1.0 -1.0 -1.0 -1.0 1.948 1.436 4.018 1135.738 -0.667 2810.293 1.0168288222177457 0.0
1.0 2.0 Car -1.0 -1.0 -1.0 -1.0 -1.0 -1.0 -1.0 1.955 1.566 4.671 1140.354 -0.487 2812.256 0.9800392207561679 1.0
1.0 0.0 Car -1.0 -1.0 -1.0 -1.0 -1.0 -1.0 -1.0 1.968 1.594 4.579 1089.6 1.156 2735.698 1.0036166797936095 1.0
1.0 5.0 Car -1.0 -1.0 -1.0 -1.0 -1.0 -1.0 -1.0 1.948 1.436 4.018 1139.095 -0.493 2815.744 1.019368322452129 1.0
2.0 2.0 Car -1.0 -1.0 -1.0 -1.0 -1.0 -1.0 -1.0 1.955 1.566 4.671 1141.912 -0.354 2814.685 0.9800392207561679 1.0
2.0 0.0 Car -1.0 -1.0 -1.0 -1.0 -1.0 -1.0 -1.0 1.968 1.594 4.579 1093.009 1.158 2740.923 1.0036166797936095 1.0
2.0 5.0 Car -1.0 -1.0 -1.0 -1.0 -1.0 -1.0 -1.0 1.948 1.436 4.018 1142.452 -0.319 2821.195 1.0219078226865124 0.0
3.0 2.0 Car -1.0 -1.0 -1.0 -1.0 -1.0 -1.0 -1.0 1.955 1.566 4.671 1143.47 -0.222 2817.115 0.9800392207561679 1.0
3.0 0.0 Car -1.0 -1.0 -1.0 -1.0 -1.0 -1.0 -1.0 1.968 1.594 4.579 1095.977 1.159 2745.567 1.0036166797936095 1.0
3.0 5.0 Car -1.0 -1.0 -1.0 -1.0 -1.0 -1.0 -1.0 1.948 1.436 4.018 1145.809 -0.145 2826.646 1.0244473229208957 0.0
4.0 2.0 Car -1.0 -1.0 -1.0 -1.0 -1.0 -1.0 -1.0 1.955 1.566 4.671 1145.028 -0.09 2819.544 0.9800392207561679 1.0
4.0 0.0 Car -1.0 -1.0 -1.0 -1.0 -1.0 -1.0 -1.0 1.968 1.594 4.579 1098.875 1.235 2750.248 1.0036166797936095 1.0
4.0 5.0 Car -1.0 -1.0 -1.0 -1.0 -1.0 -1.0 -1.0 1.948 1.436 4.018 1149.166 0.029 2832.098 1.026986823155279 0.0
5.0 2.0 Car -1.0 -1.0 -1.0 -1.0 -1.0 -1.0 -1.0 1.955 1.566 4.671 1146.615 0.055 2821.955 0.9812803437798082 1.0
5.0 0.0 Car -1.0 -1.0 -1.0 -1.0 -1.0 -1.0 -1.0 1.968 1.594 4.579 1101.829 1.311 2754.927 1.0036166797936095 1.0
5.0 1.0 Car -1.0 -1.0 -1.0 -1.0 -1.0 -1.0 -1.0 1.881 1.766 4.296 1159.283 0.206 2837.358 0.4260872301536165 0.0
5.0 5.0 Car -1.0 -1.0 -1.0 -1.0 -1.0 -1.0 -1.0 1.948 1.436 4.018 1152.523 0.203 2837.549 1.0295263233896623 0.0
6.0 2.0 Car -1.0 -1.0 -1.0 -1.0 -1.0 -1.0 -1.0 1.955 1.566 4.671 1148.202 0.2 2824.365 0.9825214668034487 1.0
6.0 0.0 Car -1.0 -1.0 -1.0 -1.0 -1.0 -1.0 -1.0 1.968 1.594 4.579 1104.789 1.387 2759.616 1.0036166797936095 1.0
6.0 1.0 Car -1.0 -1.0 -1.0 -1.0 -1.0 -1.0 -1.0 1.881 1.766 4.296 1161.37 0.33 2838.129 0.26900759747412684 1.0
6.0 5.0 Car -1.0 -1.0 -1.0 -1.0 -1.0 -1.0 -1.0 1.948 1.436 4.018 1155.88 0.377 2843.0 1.0320658236240456 0.0
7.0 2.0 Car -1.0 -1.0 -1.0 -1.0 -1.0 -1.0 -1.0 1.955 1.566 4.671 1149.788 0.345 2826.775 0.9837625898270892 1.0
7.0 0.0 Car -1.0 -1.0 -1.0 -1.0 -1.0 -1.0 -1.0 1.968 1.594 4.579 1107.586 1.463 2764.133 1.0210699723135526 1.0
7.0 1.0 Car -1.0 -1.0 -1.0 -1.0 -1.0 -1.0 -1.0 1.881 1.766 4.296 1163.92 0.483 2838.13 0.024661502194920585 1.0
7.0 5.0 Car -1.0 -1.0 -1.0 -1.0 -1.0 -1.0 -1.0 1.948 1.436 4.018 1159.237 0.551 2848.452 1.034605323858429 0.0
8.0 2.0 Car -1.0 -1.0 -1.0 -1.0 -1.0 -1.0 -1.0 1.955 1.566 4.671 1151.375 0.49 2829.185 0.9850037128507297 1.0
8.0 0.0 Car -1.0 -1.0 -1.0 -1.0 -1.0 -1.0 -1.0 1.968 1.594 4.579 1110.422 1.539 2768.621 1.0036166797936095 1.0
8.0 1.0 Car -1.0 -1.0 -1.0 -1.0 -1.0 -1.0 -1.0 1.881 1.766 4.296 1166.421 0.486 2837.486 -0.2196845930842857 1.0
8.0 5.0 Car -1.0 -1.0 -1.0 -1.0 -1.0 -1.0 -1.0 1.948 1.436 4.018 1162.691 0.72 2854.429 1.0429625882661266 0.0
9.0 2.0 Car -1.0 -1.0 -1.0 -1.0 -1.0 -1.0 -1.0 1.955 1.566 4.671 1152.845 0.631 2831.534 0.9756468088053157 1.0
9.0 0.0 Car -1.0 -1.0 -1.0 -1.0 -1.0 -1.0 -1.0 1.968 1.594 4.579 1113.208 1.408 2773.131 1.0242432982262697 1.0
9.0 1.0 Car -1.0 -1.0 -1.0 -1.0 -1.0 -1.0 -1.0 1.881 1.766 4.296 1168.736 0.589 2836.43 -0.4291241033236053 1.0
9.0 5.0 Car -1.0 -1.0 -1.0 -1.0 -1.0 -1.0 -1.0 1.948 1.436 4.018 1166.145 0.888 2860.407 1.0513198526738243 0.0
10.0 2.0 Car -1.0 -1.0 -1.0 -1.0 -1.0 -1.0 -1.0 1.955 1.566 4.671 1154.561 0.722 2833.571 0.8964767346801282 1.0
10.0 0.0 Car -1.0 -1.0 -1.0 -1.0 -1.0 -1.0 -1.0 1.968 1.594 4.579 1115.947 1.326 2777.653 1.0099633316190433 1.0
10.0 1.0 Car -1.0 -1.0 -1.0 -1.0 -1.0 -1.0 -1.0 1.881 1.766 4.296 1171.01 0.527 2835.02 -0.6036570285230378 1.0
10.0 5.0 Car -1.0 -1.0 -1.0 -1.0 -1.0 -1.0 -1.0 1.948 1.436 4.018 1169.598 1.056 2866.385 1.059677117081522 0.0
11.0 2.0 Car -1.0 -1.0 -1.0 -1.0 -1.0 -1.0 -1.0 1.955 1.566 4.671 1156.529 0.756 2835.375 0.7007089702480974 1.0
11.0 0.0 Car -1.0 -1.0 -1.0 -1.0 -1.0 -1.0 -1.0 1.968 1.594 4.579 1118.801 1.122 2782.255 1.0131366575317604 1.0
11.0 1.0 Car -1.0 -1.0 -1.0 -1.0 -1.0 -1.0 -1.0 1.881 1.766 4.296 1173.107 0.515 2833.464 -0.673470198602812 1.0
11.0 3.0 Truck -1.0 -1.0 -1.0 -1.0 -1.0 -1.0 -1.0 2.296 3.184 6.573 1184.394 2.01 2881.646 -2.0481438772153475 0.0
11.0 5.0 Car -1.0 -1.0 -1.0 -1.0 -1.0 -1.0 -1.0 1.948 1.436 4.018 1173.293 1.224 2873.14 1.0796699098358487 0.0
12.0 2.0 Car -1.0 -1.0 -1.0 -1.0 -1.0 -1.0 -1.0 1.955 1.566 4.671 1158.843 0.784 2836.706 0.5398477908559536 1.0
12.0 0.0 Car -1.0 -1.0 -1.0 -1.0 -1.0 -1.0 -1.0 1.968 1.594 4.579 1121.564 0.967 2786.633 0.998856690924534 1.0
12.0 1.0 Car -1.0 -1.0 -1.0 -1.0 -1.0 -1.0 -1.0 1.881 1.766 4.296 1175.428 0.503 2831.484 -0.6909234911227569 1.0
12.0 3.0 Truck -1.0 -1.0 -1.0 -1.0 -1.0 -1.0 -1.0 2.296 3.184 6.573 1183.199 2.064 2879.258 -2.0612338466053037 1.0
12.0 5.0 Car -1.0 -1.0 -1.0 -1.0 -1.0 -1.0 -1.0 1.948 1.436 4.018 1176.843 1.393 2879.979 1.0734827638102602 0.0
13.0 2.0 Car -1.0 -1.0 -1.0 -1.0 -1.0 -1.0 -1.0 1.955 1.566 4.671 1161.265 0.786 2837.635 0.2859023846907784 1.0
13.0 0.0 Car -1.0 -1.0 -1.0 -1.0 -1.0 -1.0 -1.0 1.968 1.594 4.579 1124.334 0.882 2791.107 1.0194833093571942 1.0
13.0 1.0 Car -1.0 -1.0 -1.0 -1.0 -1.0 -1.0 -1.0 1.881 1.766 4.296 1178.496 0.502 2828.975 -0.6844181730016872 1.0
13.0 3.0 Truck -1.0 -1.0 -1.0 -1.0 -1.0 -1.0 -1.0 2.296 3.184 6.573 1181.966 2.069 2876.895 -2.0568705234753186 1.0
13.0 5.0 Car -1.0 -1.0 -1.0 -1.0 -1.0 -1.0 -1.0 1.948 1.436 4.018 1180.394 1.561 2886.817 1.067295617784672 0.0
14.0 2.0 Car -1.0 -1.0 -1.0 -1.0 -1.0 -1.0 -1.0 1.955 1.566 4.671 1163.973 0.814 2837.845 0.010140362875674436 1.0
14.0 0.0 Car -1.0 -1.0 -1.0 -1.0 -1.0 -1.0 -1.0 1.968 1.594 4.579 1127.013 0.86 2795.526 1.0226566352699111 1.0
14.0 1.0 Car -1.0 -1.0 -1.0 -1.0 -1.0 -1.0 -1.0 1.881 1.766 4.296 1181.569 0.481 2826.44 -0.6868140340657884 1.0
14.0 4.0 Truck -1.0 -1.0 -1.0 -1.0 -1.0 -1.0 -1.0 2.061 2.596 5.998 1193.869 2.308 2900.754 -2.0481438772153475 0.0
14.0 3.0 Truck -1.0 -1.0 -1.0 -1.0 -1.0 -1.0 -1.0 2.296 3.184 6.573 1180.736 1.973 2874.537 -2.0350539078253895 1.0
15.0 2.0 Car -1.0 -1.0 -1.0 -1.0 -1.0 -1.0 -1.0 1.955 1.566 4.671 1166.629 0.596 2837.226 -0.25165902492347514 1.0
15.0 0.0 Car -1.0 -1.0 -1.0 -1.0 -1.0 -1.0 -1.0 1.968 1.594 4.579 1129.704 0.838 2799.948 1.008376668662685 1.0
15.0 1.0 Car -1.0 -1.0 -1.0 -1.0 -1.0 -1.0 -1.0 1.881 1.766 4.296 1184.643 0.459 2823.904 -0.6892098951298897 1.0
15.0 4.0 Truck -1.0 -1.0 -1.0 -1.0 -1.0 -1.0 -1.0 2.061 2.596 5.998 1191.782 2.144 2896.71 -2.0481438772153475 0.0
15.0 3.0 Truck -1.0 -1.0 -1.0 -1.0 -1.0 -1.0 -1.0 2.296 3.184 6.573 1179.456 1.977 2871.979 -2.0306905846954035 1.0
16.0 2.0 Car -1.0 -1.0 -1.0 -1.0 -1.0 -1.0 -1.0 1.955 1.566 4.671 1169.212 0.529 2836.094 -0.48727847394270984 1.0
16.0 0.0 Car -1.0 -1.0 -1.0 -1.0 -1.0 -1.0 -1.0 1.968 1.594 4.579 1132.34 0.841 2804.146 0.9940967020554584 1.0
16.0 1.0 Car -1.0 -1.0 -1.0 -1.0 -1.0 -1.0 -1.0 1.881 1.766 4.296 1187.716 0.438 2821.368 -0.691605756193991 0.0
16.0 4.0 Truck -1.0 -1.0 -1.0 -1.0 -1.0 -1.0 -1.0 2.061 2.596 5.998 1189.852 2.08 2892.972 -2.050093026096542 1.0
16.0 3.0 Truck -1.0 -1.0 -1.0 -1.0 -1.0 -1.0 -1.0 2.296 3.184 6.573 1177.254 1.993 2867.921 -2.0481438772153475 1.0
17.0 2.0 Car -1.0 -1.0 -1.0 -1.0 -1.0 -1.0 -1.0 1.955 1.566 4.671 1171.906 0.487 2834.241 -0.641449224535541 1.0
17.0 0.0 Car -1.0 -1.0 -1.0 -1.0 -1.0 -1.0 -1.0 1.968 1.594 4.579 1134.945 0.794 2808.232 1.0147233204881185 1.0
17.0 1.0 Car -1.0 -1.0 -1.0 -1.0 -1.0 -1.0 -1.0 1.881 1.766 4.296 1190.789 0.417 2818.833 -0.6940016172580923 0.0
17.0 4.0 Truck -1.0 -1.0 -1.0 -1.0 -1.0 -1.0 -1.0 2.061 2.596 5.998 1188.115 2.017 2889.501 -2.0345888824577956 1.0
17.0 3.0 Truck -1.0 -1.0 -1.0 -1.0 -1.0 -1.0 -1.0 2.296 3.184 6.573 1175.961 2.035 2865.324 -2.0830504622552337 1.0
18.0 2.0 Car -1.0 -1.0 -1.0 -1.0 -1.0 -1.0 -1.0 1.955 1.566 4.671 1174.462 0.368 2832.105 -0.7083535125286566 1.0
18.0 0.0 Car -1.0 -1.0 -1.0 -1.0 -1.0 -1.0 -1.0 1.968 1.594 4.579 1137.401 0.797 2812.196 1.0178966464008357 1.0
18.0 1.0 Car -1.0 -1.0 -1.0 -1.0 -1.0 -1.0 -1.0 1.881 1.766 4.296 1193.862 0.395 2816.297 -0.6963974783221937 0.0
18.0 4.0 Truck -1.0 -1.0 -1.0 -1.0 -1.0 -1.0 -1.0 2.061 2.596 5.998 1186.487 1.953 2886.267 -2.0365380313389903 1.0
18.0 3.0 Truck -1.0 -1.0 -1.0 -1.0 -1.0 -1.0 -1.0 2.296 3.184 6.573 1174.857 1.976 2863.306 -2.0830504622552337 1.0
19.0 2.0 Car -1.0 -1.0 -1.0 -1.0 -1.0 -1.0 -1.0 1.955 1.566 4.671 1177.157 0.343 2829.803 -0.7054446304420005 1.0
19.0 0.0 Car -1.0 -1.0 -1.0 -1.0 -1.0 -1.0 -1.0 1.968 1.594 4.579 1139.621 0.8 2815.78 1.0036166797936095 1.0
19.0 1.0 Car -1.0 -1.0 -1.0 -1.0 -1.0 -1.0 -1.0 1.881 1.766 4.296 1196.936 0.374 2813.762 -0.6987933393862948 0.0
19.0 4.0 Truck -1.0 -1.0 -1.0 -1.0 -1.0 -1.0 -1.0 2.061 2.596 5.998 1185.297 1.789 2883.905 -2.038487180220186 1.0
19.0 3.0 Truck -1.0 -1.0 -1.0 -1.0 -1.0 -1.0 -1.0 2.296 3.184 6.573 1173.785 1.842 2861.571 -2.100503754775176 1.0
20.0 2.0 Car -1.0 -1.0 -1.0 -1.0 -1.0 -1.0 -1.0 1.955 1.566 4.671 1179.883 0.272 2827.486 -0.6879913379220572 1.0
20.0 0.0 Car -1.0 -1.0 -1.0 -1.0 -1.0 -1.0 -1.0 1.968 1.594 4.579 1141.687 0.764 2818.98 1.0036166797936095 1.0
20.0 1.0 Car -1.0 -1.0 -1.0 -1.0 -1.0 -1.0 -1.0 1.881 1.766 4.296 1200.009 0.353 2811.226 -0.7011892004503962 0.0
20.0 4.0 Truck -1.0 -1.0 -1.0 -1.0 -1.0 -1.0 -1.0 2.061 2.596 5.998 1183.706 1.676 2880.752 -2.040436329101382 0.0
20.0 3.0 Truck -1.0 -1.0 -1.0 -1.0 -1.0 -1.0 -1.0 2.296 3.184 6.573 1172.827 1.658 2860.181 -2.0830504622552337 0.0
21.0 2.0 Car -1.0 -1.0 -1.0 -1.0 -1.0 -1.0 -1.0 1.955 1.566 4.671 1182.861 0.218 2825.047 -0.6967179841820289 1.0
21.0 0.0 Car -1.0 -1.0 -1.0 -1.0 -1.0 -1.0 -1.0 1.968 1.594 4.579 1143.562 0.729 2821.948 1.0036166797936095 1.0
21.0 1.0 Car -1.0 -1.0 -1.0 -1.0 -1.0 -1.0 -1.0 1.881 1.766 4.296 1203.082 0.331 2808.69 -0.7035850615144973 0.0
21.0 4.0 Truck -1.0 -1.0 -1.0 -1.0 -1.0 -1.0 -1.0 2.061 2.596 5.998 1182.549 1.637 2878.455 -2.0423854779825774 0.0
21.0 3.0 Truck -1.0 -1.0 -1.0 -1.0 -1.0 -1.0 -1.0 2.296 3.184 6.573 1172.231 1.775 2859.022 -2.100503754775176 0.0
22.0 2.0 Car -1.0 -1.0 -1.0 -1.0 -1.0 -1.0 -1.0 1.955 1.566 4.671 1185.919 0.164 2822.459 -0.6879913379220572 1.0
22.0 0.0 Car -1.0 -1.0 -1.0 -1.0 -1.0 -1.0 -1.0 1.968 1.594 4.579 1145.225 0.693 2824.623 1.0210699723135526 1.0
22.0 1.0 Car -1.0 -1.0 -1.0 -1.0 -1.0 -1.0 -1.0 1.881 1.766 4.296 1206.155 0.31 2806.155 -0.7059809225785987 0.0
22.0 4.0 Truck -1.0 -1.0 -1.0 -1.0 -1.0 -1.0 -1.0 2.061 2.596 5.998 1181.559 1.698 2876.459 -2.02688133434383 0.0
22.0 3.0 Truck -1.0 -1.0 -1.0 -1.0 -1.0 -1.0 -1.0 2.296 3.184 6.573 1171.91 1.774 2858.076 -2.0830504622552337 0.0
23.0 2.0 Car -1.0 -1.0 -1.0 -1.0 -1.0 -1.0 -1.0 1.955 1.566 4.671 1189.063 0.2 2819.816 -0.7054446304420005 1.0
23.0 0.0 Car -1.0 -1.0 -1.0 -1.0 -1.0 -1.0 -1.0 1.968 1.594 4.579 1146.559 0.657 2826.819 1.0210699723135526 0.0
23.0 1.0 Car -1.0 -1.0 -1.0 -1.0 -1.0 -1.0 -1.0 1.881 1.766 4.296 1209.71 0.289 2803.016 -0.7083767836427 0.0
23.0 4.0 Truck -1.0 -1.0 -1.0 -1.0 -1.0 -1.0 -1.0 2.061 2.596 5.998 1180.719 1.721 2874.752 -2.0312100279251646 0.0
23.0 3.0 Truck -1.0 -1.0 -1.0 -1.0 -1.0 -1.0 -1.0 2.296 3.184 6.573 1171.731 1.749 2857.779 -2.0655971697352893 0.0
24.0 2.0 Car -1.0 -1.0 -1.0 -1.0 -1.0 -1.0 -1.0 1.955 1.566 4.671 1192.383 0.338 2816.942 -0.7054446304420005 1.0
24.0 0.0 Car -1.0 -1.0 -1.0 -1.0 -1.0 -1.0 -1.0 1.968 1.594 4.579 1147.541 0.622 2828.468 1.038523264833496 0.0
24.0 1.0 Car -1.0 -1.0 -1.0 -1.0 -1.0 -1.0 -1.0 1.881 1.766 4.296 1213.313 0.435 2799.874 -0.7054679015560428 0.0
24.0 4.0 Truck -1.0 -1.0 -1.0 -1.0 -1.0 -1.0 -1.0 2.061 2.596 5.998 1180.0 1.744 2873.326 -2.0355387215064997 0.0
24.0 3.0 Truck -1.0 -1.0 -1.0 -1.0 -1.0 -1.0 -1.0 2.296 3.184 6.573 1171.635 1.823 2857.539 -2.0655971697352893 0.0
25.0 2.0 Car -1.0 -1.0 -1.0 -1.0 -1.0 -1.0 -1.0 1.955 1.566 4.671 1195.404 0.535 2814.367 -0.7054446304420005 1.0
25.0 0.0 Car -1.0 -1.0 -1.0 -1.0 -1.0 -1.0 -1.0 1.968 1.594 4.579 1148.148 0.678 2829.463 1.038523264833496 0.0
25.0 1.0 Car -1.0 -1.0 -1.0 -1.0 -1.0 -1.0 -1.0 1.881 1.766 4.296 1216.9 0.681 2796.706 -0.7025590194693856 0.0
25.0 4.0 Truck -1.0 -1.0 -1.0 -1.0 -1.0 -1.0 -1.0 2.061 2.596 5.998 1179.28 1.767 2871.9 -2.039867415087835 0.0
25.0 3.0 Truck -1.0 -1.0 -1.0 -1.0 -1.0 -1.0 -1.0 2.296 3.184 6.573 1171.478 1.956 2857.318 -2.0830504622552337 0.0
26.0 2.0 Car -1.0 -1.0 -1.0 -1.0 -1.0 -1.0 -1.0 1.955 1.566 4.671 1198.687 0.481 2811.655 -0.6879913379220572 1.0
26.0 0.0 Car -1.0 -1.0 -1.0 -1.0 -1.0 -1.0 -1.0 1.968 1.594 4.579 1148.42 0.702 2829.955 1.0414321469201533 0.0
26.0 1.0 Car -1.0 -1.0 -1.0 -1.0 -1.0 -1.0 -1.0 1.881 1.766 4.296 1220.687 0.727 2793.441 -0.7083767836427 0.0
26.0 4.0 Truck -1.0 -1.0 -1.0 -1.0 -1.0 -1.0 -1.0 2.061 2.596 5.998 1178.56 1.79 2870.474 -2.044196108669169 0.0
26.0 3.0 Truck -1.0 -1.0 -1.0 -1.0 -1.0 -1.0 -1.0 2.296 3.184 6.573 1171.53 1.789 2857.292 -2.0655971697352893 0.0
27.0 2.0 Car -1.0 -1.0 -1.0 -1.0 -1.0 -1.0 -1.0 1.955 1.566 4.671 1202.264 0.618 2808.708 -0.6879913379220572 0.0
27.0 0.0 Car -1.0 -1.0 -1.0 -1.0 -1.0 -1.0 -1.0 1.968 1.594 4.579 1148.629 0.727 2830.338 1.0443410290068105 0.0
27.0 1.0 Car -1.0 -1.0 -1.0 -1.0 -1.0 -1.0 -1.0 1.881 1.766 4.296 1224.578 0.805 2790.068 -0.7171034299026715 0.0
27.0 4.0 Truck -1.0 -1.0 -1.0 -1.0 -1.0 -1.0 -1.0 2.061 2.596 5.998 1177.931 1.847 2869.182 -2.0467933248179704 0.0
27.0 3.0 Truck -1.0 -1.0 -1.0 -1.0 -1.0 -1.0 -1.0 2.296 3.184 6.573 1171.529 1.822 2857.14 -2.0655971697352893 0.0
28.0 2.0 Car -1.0 -1.0 -1.0 -1.0 -1.0 -1.0 -1.0 1.955 1.566 4.671 1205.617 0.755 2805.922 -0.6879913379220572 0.0
28.0 0.0 Car -1.0 -1.0 -1.0 -1.0 -1.0 -1.0 -1.0 1.968 1.594 4.579 1148.657 0.795 2830.379 1.0438121413546906 0.0
28.0 4.0 Truck -1.0 -1.0 -1.0 -1.0 -1.0 -1.0 -1.0 2.061 2.596 5.998 1177.369 1.903 2868.125 -2.049390540966771 0.0
28.0 3.0 Truck -1.0 -1.0 -1.0 -1.0 -1.0 -1.0 -1.0 2.296 3.184 6.573 1171.549 1.853 2857.111 -2.0655971697352893 0.0
29.0 2.0 Car -1.0 -1.0 -1.0 -1.0 -1.0 -1.0 -1.0 1.955 1.566 4.671 1209.744 0.693 2802.476 -0.6879913379220572 0.0
29.0 0.0 Car -1.0 -1.0 -1.0 -1.0 -1.0 -1.0 -1.0 1.968 1.594 4.579 1148.669 0.863 2830.393 1.0432832537025714 0.0
29.0 4.0 Truck -1.0 -1.0 -1.0 -1.0 -1.0 -1.0 -1.0 2.061 2.596 5.998 1176.878 2.085 2867.172 -2.049078875028915 0.0
29.0 3.0 Truck -1.0 -1.0 -1.0 -1.0 -1.0 -1.0 -1.0 2.296 3.184 6.573 1171.501 2.338 2857.146 -2.0655971697352893 0.0
30.0 2.0 Car -1.0 -1.0 -1.0 -1.0 -1.0 -1.0 -1.0 1.955 1.566 4.671 1213.105 0.851 2799.703 -0.7054446304420005 0.0
30.0 0.0 Car -1.0 -1.0 -1.0 -1.0 -1.0 -1.0 -1.0 1.968 1.594 4.579 1148.681 0.931 2830.406 1.042754366050452 0.0
30.0 4.0 Truck -1.0 -1.0 -1.0 -1.0 -1.0 -1.0 -1.0 2.061 2.596 5.998 1176.577 2.266 2866.585 -2.049078875028915 0.0
30.0 3.0 Truck -1.0 -1.0 -1.0 -1.0 -1.0 -1.0 -1.0 2.296 3.184 6.573 1171.414 2.07 2857.203 -2.0655971697352893 0.0
31.0 2.0 Car -1.0 -1.0 -1.0 -1.0 -1.0 -1.0 -1.0 1.955 1.566 4.671 1216.424 0.959 2796.88 -0.7054446304420005 0.0
31.0 0.0 Car -1.0 -1.0 -1.0 -1.0 -1.0 -1.0 -1.0 1.968 1.594 4.579 1148.709 0.999 2830.446 1.0422254783983325 0.0
31.0 4.0 Truck -1.0 -1.0 -1.0 -1.0 -1.0 -1.0 -1.0 2.061 2.596 5.998 1176.276 2.448 2865.998 -2.049078875028915 0.0
31.0 3.0 Truck -1.0 -1.0 -1.0 -1.0 -1.0 -1.0 -1.0 2.296 3.184 6.573 1171.47 2.053 2857.336 -2.0655971697352893 0.0
32.0 2.0 Car -1.0 -1.0 -1.0 -1.0 -1.0 -1.0 -1.0 1.955 1.566 4.671 1219.743 0.992 2794.058 -0.7054446304420005 0.0
32.0 0.0 Car -1.0 -1.0 -1.0 -1.0 -1.0 -1.0 -1.0 1.968 1.594 4.579 1148.736 1.067 2830.486 1.041696590746213 0.0
33.0 2.0 Car -1.0 -1.0 -1.0 -1.0 -1.0 -1.0 -1.0 1.955 1.566 4.671 1223.147 0.975 2791.081 -0.7054446304420005 0.0
33.0 0.0 Car -1.0 -1.0 -1.0 -1.0 -1.0 -1.0 -1.0 1.968 1.594 4.579 1148.764 1.135 2830.526 1.0411677030940936 0.0
34.0 2.0 Car -1.0 -1.0 -1.0 -1.0 -1.0 -1.0 -1.0 1.955 1.566 4.671 1226.482 0.964 2788.211 -0.7054446304420005 0.0
34.0 0.0 Car -1.0 -1.0 -1.0 -1.0 -1.0 -1.0 -1.0 1.968 1.594 4.579 1148.791 1.203 2830.566 1.0406388154419737 0.0
35.0 2.0 Car -1.0 -1.0 -1.0 -1.0 -1.0 -1.0 -1.0 1.955 1.566 4.671 1229.89 0.953 2785.278 -0.7054446304420005 0.0
36.0 2.0 Car -1.0 -1.0 -1.0 -1.0 -1.0 -1.0 -1.0 1.955 1.566 4.671 1233.172 0.942 2782.495 -0.7054446304420005 0.0
37.0 2.0 Car -1.0 -1.0 -1.0 -1.0 -1.0 -1.0 -1.0 1.955 1.566 4.671 1236.528 0.965 2779.698 -0.7054446304420005 0.0
38.0 2.0 Car -1.0 -1.0 -1.0 -1.0 -1.0 -1.0 -1.0 1.955 1.566 4.671 1239.13 0.987 2777.482 -0.7054446304420005 0.0
