0.0 4.0 Car -1.0 -1.0 -1.0 -1.0 -1.0 -1.0 -1.0 2.006 1.799 4.787 400.106 0.995 1151.586 -1.7996089917257783 0.0
0.0 5.0 Car -1.0 -1.0 -1.0 -1.0 -1.0 -1.0 -1.0 2.179 1.652 4.94 339.857 0.716 1140.875 -0.28727711160348823 0.0
0.0 7.0 Truck -1.0 -1.0 -1.0 -1.0 -1.0 -1.0 -1.0 2.692 3.221 6.422 391.443 1.581 1160.98 1.0948101332133293 0.0
0.0 6.0 Car -1.0 -1.0 -1.0 -1.0 -1.0 -1.0 -1.0 1.968 1.841 3.767 368.378 0.898 1117.575 -0.8054869029604815 0.0
0.0 1.0 Car -1.0 -1.0 -1.0 -1.0 -1.0 -1.0 -1.0 2.065 1.809 4.349 400.753 0.279 1113.08 -1.0474069905339147 0.0
0.0 2.0 Car -1.0 -1.0 -1.0 -1.0 -1.0 -1.0 -1.0 2.007 1.688 4.837 375.337 0.699 1136.325 0.4658226417471596 0.0
0.0 3.0 Car -1.0 -1.0 -1.0 -1.0 -1.0 -1.0 -1.0 1.922 1.691 4.293 381.099 0.707 1141.803 0.9403135878803899 0.0
1.0 4.0 Car -1.0 -1.0 -1.0 -1.0 -1.0 -1.0 -1.0 2.006 1.799 4.787 399.695 0.937 1149.476 -1.7996089917257783 0.0
1.0 5.0 Car -1.0 -1.0 -1.0 -1.0 -1.0 -1.0 -1.0 2.179 1.652 4.94 342.849 0.668 1139.731 -0.3197536057076267 0.0
1.0 7.0 Truck -1.0 -1.0 -1.0 -1.0 -1.0 -1.0 -1.0 2.692 3.221 6.422 392.812 1.581 1163.643 1.0948101332133293 0.0
1.0 6.0 Car -1.0 -1.0 -1.0 -1.0 -1.0 -1.0 -1.0 1.968 1.841 3.767 370.134 0.881 1115.1 -0.988746474419886 0.0
1.0 1.0 Car -1.0 -1.0 -1.0 -1.0 -1.0 -1.0 -1.0 2.065 1.809 4.349 400.802 0.279 1112.936 -1.0474069905339147 0.0
1.0 2.0 Car -1.0 -1.0 -1.0 -1.0 -1.0 -1.0 -1.0 2.007 1.688 4.837 377.425 0.712 1137.8 0.6127211871233489 0.0
1.0 3.0 Car -1.0 -1.0 -1.0 -1.0 -1.0 -1.0 -1.0 1.922 1.691 4.293 382.294 0.707 1143.761 1.0101267579601632 0.0
2.0 4.0 Car -1.0 -1.0 -1.0 -1.0 -1.0 -1.0 -1.0 2.006 1.799 4.787 399.284 0.879 1147.366 -1.7996089917257783 0.0
2.0 5.0 Car -1.0 -1.0 -1.0 -1.0 -1.0 -1.0 -1.0 2.179 1.652 4.94 345.686 0.67 1138.537 -0.35223009981176534 0.0
2.0 7.0 Truck -1.0 -1.0 -1.0 -1.0 -1.0 -1.0 -1.0 2.692 3.221 6.422 394.029 1.581 1166.011 1.0948101332133293 0.0
2.0 6.0 Car -1.0 -1.0 -1.0 -1.0 -1.0 -1.0 -1.0 1.968 1.841 3.767 371.349 0.864 1112.318 -1.1807326921392618 0.0
2.0 1.0 Car -1.0 -1.0 -1.0 -1.0 -1.0 -1.0 -1.0 2.065 1.809 4.349 400.996 0.279 1112.599 -1.0474069905339147 0.0
2.0 2.0 Car -1.0 -1.0 -1.0 -1.0 -1.0 -1.0 -1.0 2.007 1.688 4.837 379.273 0.724 1139.46 0.7421664399795952 0.0
2.0 3.0 Car -1.0 -1.0 -1.0 -1.0 -1.0 -1.0 -1.0 1.922 1.691 4.293 383.467 0.707 1145.819 1.0415426844960611 0.0
3.0 4.0 Car -1.0 -1.0 -1.0 -1.0 -1.0 -1.0 -1.0 2.006 1.799 4.787 398.873 0.821 1145.255 -1.7996089917257783 1.0
3.0 5.0 Car -1.0 -1.0 -1.0 -1.0 -1.0 -1.0 -1.0 2.179 1.652 4.94 347.918 0.672 1137.547 -0.36143553722264626 1.0
3.0 7.0 Truck -1.0 -1.0 -1.0 -1.0 -1.0 -1.0 -1.0 2.692 3.221 6.422 394.41 1.581 1166.715 1.1122634257332722 1.0
3.0 6.0 Car -1.0 -1.0 -1.0 -1.0 -1.0 -1.0 -1.0 1.968 1.841 3.767 371.954 0.824 1109.62 -1.379700226866614 1.0
3.0 1.0 Car -1.0 -1.0 -1.0 -1.0 -1.0 -1.0 -1.0 2.065 1.809 4.349 401.359 0.292 1112.169 -0.9717760562808273 1.0
3.0 2.0 Car -1.0 -1.0 -1.0 -1.0 -1.0 -1.0 -1.0 2.007 1.688 4.837 380.689 0.737 1140.892 0.8017985227560679 1.0
3.0 3.0 Car -1.0 -1.0 -1.0 -1.0 -1.0 -1.0 -1.0 1.922 1.691 4.293 384.401 0.807 1147.604 1.072958611031959 1.0
4.0 4.0 Car -1.0 -1.0 -1.0 -1.0 -1.0 -1.0 -1.0 2.006 1.799 4.787 398.462 0.763 1143.145 -1.7996089917257783 1.0
4.0 5.0 Car -1.0 -1.0 -1.0 -1.0 -1.0 -1.0 -1.0 2.179 1.652 4.94 350.759 0.674 1136.488 -0.37791317985017026 1.0
4.0 7.0 Truck -1.0 -1.0 -1.0 -1.0 -1.0 -1.0 -1.0 2.692 3.221 6.422 395.453 1.581 1169.161 1.1297167182532157 1.0
4.0 6.0 Car -1.0 -1.0 -1.0 -1.0 -1.0 -1.0 -1.0 1.968 1.841 3.767 372.242 0.784 1106.018 -1.530671207164123 1.0
4.0 1.0 Car -1.0 -1.0 -1.0 -1.0 -1.0 -1.0 -1.0 2.065 1.809 4.349 402.129 0.304 1111.304 -0.8612385369878534 0.0
4.0 2.0 Car -1.0 -1.0 -1.0 -1.0 -1.0 -1.0 -1.0 2.007 1.688 4.837 382.407 0.737 1142.779 0.8367051077959546 1.0
4.0 3.0 Car -1.0 -1.0 -1.0 -1.0 -1.0 -1.0 -1.0 1.922 1.691 4.293 385.505 0.807 1149.77 1.086921245047914 1.0
5.0 4.0 Car -1.0 -1.0 -1.0 -1.0 -1.0 -1.0 -1.0 2.006 1.799 4.787 398.052 0.706 1141.034 -1.7996089917257783 1.0
5.0 5.0 Car -1.0 -1.0 -1.0 -1.0 -1.0 -1.0 -1.0 2.179 1.652 4.94 353.6 0.676 1135.428 -0.3943908224776942 1.0
5.0 7.0 Truck -1.0 -1.0 -1.0 -1.0 -1.0 -1.0 -1.0 2.692 3.221 6.422 396.489 1.581 1171.17 1.147170010773159 1.0
5.0 6.0 Car -1.0 -1.0 -1.0 -1.0 -1.0 -1.0 -1.0 1.968 1.841 3.767 371.947 0.744 1102.282 -1.6758244232883173 1.0
5.0 1.0 Car -1.0 -1.0 -1.0 -1.0 -1.0 -1.0 -1.0 2.065 1.809 4.349 403.205 0.317 1110.095 -0.7681543102148226 0.0
5.0 2.0 Car -1.0 -1.0 -1.0 -1.0 -1.0 -1.0 -1.0 2.007 1.688 4.837 383.976 0.737 1144.725 0.8803383390958127 1.0
5.0 3.0 Car -1.0 -1.0 -1.0 -1.0 -1.0 -1.0 -1.0 1.922 1.691 4.293 386.723 0.807 1152.143 1.1008838790638684 1.0
5.0 0.0 Car -1.0 -1.0 -1.0 -1.0 -1.0 -1.0 -1.0 1.99 1.752 5.019 310.025 0.863 1150.281 -0.28614673082716546 0.0
6.0 4.0 Car -1.0 -1.0 -1.0 -1.0 -1.0 -1.0 -1.0 2.006 1.799 4.787 397.622 0.645 1138.928 -1.7996089917257783 1.0
6.0 5.0 Car -1.0 -1.0 -1.0 -1.0 -1.0 -1.0 -1.0 2.179 1.652 4.94 355.34 0.678 1134.82 -0.3759618800653315 1.0
6.0 7.0 Truck -1.0 -1.0 -1.0 -1.0 -1.0 -1.0 -1.0 2.692 3.221 6.422 397.245 1.581 1172.855 1.1646233032931024 1.0
6.0 6.0 Car -1.0 -1.0 -1.0 -1.0 -1.0 -1.0 -1.0 1.968 1.841 3.767 371.368 0.704 1099.111 -1.8122509931525408 1.0
6.0 1.0 Car -1.0 -1.0 -1.0 -1.0 -1.0 -1.0 -1.0 2.065 1.809 4.349 404.371 0.329 1109.131 -0.6983411401350493 0.0
6.0 2.0 Car -1.0 -1.0 -1.0 -1.0 -1.0 -1.0 -1.0 2.007 1.688 4.837 385.107 0.787 1146.255 0.9065182778757277 1.0
6.0 3.0 Car -1.0 -1.0 -1.0 -1.0 -1.0 -1.0 -1.0 1.922 1.691 4.293 387.652 0.857 1153.999 1.0973932205598798 0.0
6.0 0.0 Car -1.0 -1.0 -1.0 -1.0 -1.0 -1.0 -1.0 1.99 1.752 5.019 313.221 0.855 1149.311 -0.2911333858328635 1.0
7.0 4.0 Car -1.0 -1.0 -1.0 -1.0 -1.0 -1.0 -1.0 2.006 1.799 4.787 397.112 0.484 1136.476 -1.7647024066858923 1.0
7.0 5.0 Car -1.0 -1.0 -1.0 -1.0 -1.0 -1.0 -1.0 2.179 1.652 4.94 357.051 0.68 1134.191 -0.37252181081502383 1.0
7.0 7.0 Truck -1.0 -1.0 -1.0 -1.0 -1.0 -1.0 -1.0 2.692 3.221 6.422 397.873 1.581 1174.383 1.158805539119788 1.0
7.0 6.0 Car -1.0 -1.0 -1.0 -1.0 -1.0 -1.0 -1.0 1.968 1.841 3.767 370.177 0.664 1095.022 -1.913770977976878 1.0
7.0 1.0 Car -1.0 -1.0 -1.0 -1.0 -1.0 -1.0 -1.0 2.065 1.809 4.349 406.122 0.325 1107.942 -0.6401634984019053 0.0
7.0 2.0 Car -1.0 -1.0 -1.0 -1.0 -1.0 -1.0 -1.0 2.007 1.688 4.837 386.47 0.837 1148.272 0.9623688139395463 1.0
7.0 3.0 Car -1.0 -1.0 -1.0 -1.0 -1.0 -1.0 -1.0 1.922 1.691 4.293 388.754 0.882 1156.192 1.0973932205598798 0.0
7.0 0.0 Car -1.0 -1.0 -1.0 -1.0 -1.0 -1.0 -1.0 1.99 1.752 5.019 317.307 0.847 1147.945 -0.33102662587844817 1.0
8.0 4.0 Car -1.0 -1.0 -1.0 -1.0 -1.0 -1.0 -1.0 2.006 1.799 4.787 396.719 0.523 1134.495 -1.6983798951101081 1.0
8.0 5.0 Car -1.0 -1.0 -1.0 -1.0 -1.0 -1.0 -1.0 2.179 1.652 4.94 358.261 0.682 1133.777 -0.3690817415647163 0.0
8.0 7.0 Truck -1.0 -1.0 -1.0 -1.0 -1.0 -1.0 -1.0 2.692 3.221 6.422 398.501 1.581 1175.911 1.1529877749464736 1.0
8.0 6.0 Car -1.0 -1.0 -1.0 -1.0 -1.0 -1.0 -1.0 1.968 1.841 3.767 368.95 0.624 1091.466 -1.913770977976878 1.0
8.0 1.0 Car -1.0 -1.0 -1.0 -1.0 -1.0 -1.0 -1.0 2.065 1.809 4.349 407.94 0.321 1106.857 -0.5819858566687612 0.0
8.0 2.0 Car -1.0 -1.0 -1.0 -1.0 -1.0 -1.0 -1.0 2.007 1.688 4.837 387.626 0.937 1150.161 1.0182193500033647 1.0
8.0 3.0 Car -1.0 -1.0 -1.0 -1.0 -1.0 -1.0 -1.0 1.922 1.691 4.293 389.856 0.907 1158.386 1.0973932205598798 0.0
8.0 0.0 Car -1.0 -1.0 -1.0 -1.0 -1.0 -1.0 -1.0 1.99 1.752 5.019 321.179 0.839 1146.595 -0.2836534033243164 1.0
9.0 4.0 Car -1.0 -1.0 -1.0 -1.0 -1.0 -1.0 -1.0 2.006 1.799 4.787 396.511 0.412 1132.646 -1.6844172610941543 1.0
9.0 5.0 Car -1.0 -1.0 -1.0 -1.0 -1.0 -1.0 -1.0 2.179 1.652 4.94 359.48 0.684 1133.551 -0.29582850223463536 0.0
9.0 7.0 Truck -1.0 -1.0 -1.0 -1.0 -1.0 -1.0 -1.0 2.692 3.221 6.422 399.129 1.581 1177.438 1.147170010773159 1.0
9.0 6.0 Car -1.0 -1.0 -1.0 -1.0 -1.0 -1.0 -1.0 1.968 1.841 3.767 367.548 0.584 1087.421 -1.913770977976878 1.0
9.0 1.0 Car -1.0 -1.0 -1.0 -1.0 -1.0 -1.0 -1.0 2.065 1.809 4.349 410.199 0.317 1105.644 -0.5238082149356167 0.0
9.0 2.0 Car -1.0 -1.0 -1.0 -1.0 -1.0 -1.0 -1.0 2.007 1.688 4.837 388.618 0.937 1152.147 1.0740698860671831 1.0
9.0 3.0 Car -1.0 -1.0 -1.0 -1.0 -1.0 -1.0 -1.0 1.922 1.691 4.293 390.979 0.967 1160.619 1.0973932205598798 0.0
9.0 0.0 Car -1.0 -1.0 -1.0 -1.0 -1.0 -1.0 -1.0 1.99 1.752 5.019 327.736 0.781 1144.678 -0.28864005833001444 1.0
10.0 4.0 Car -1.0 -1.0 -1.0 -1.0 -1.0 -1.0 -1.0 2.006 1.799 4.787 396.365 0.426 1131.1 -1.6530013345582566 1.0
10.0 5.0 Car -1.0 -1.0 -1.0 -1.0 -1.0 -1.0 -1.0 2.179 1.652 4.94 360.512 0.686 1133.314 -0.2721973690887072 0.0
10.0 7.0 Truck -1.0 -1.0 -1.0 -1.0 -1.0 -1.0 -1.0 2.692 3.221 6.422 399.726 1.598 1178.827 1.147170010773159 1.0
10.0 6.0 Car -1.0 -1.0 -1.0 -1.0 -1.0 -1.0 -1.0 1.968 1.841 3.767 366.051 0.544 1083.685 -1.913770977976878 1.0
10.0 1.0 Car -1.0 -1.0 -1.0 -1.0 -1.0 -1.0 -1.0 2.065 1.809 4.349 412.564 0.312 1104.462 -0.4365417523359003 0.0
10.0 2.0 Car -1.0 -1.0 -1.0 -1.0 -1.0 -1.0 -1.0 2.007 1.688 4.837 389.498 0.937 1154.185 1.129920422131002 1.0
10.0 3.0 Car -1.0 -1.0 -1.0 -1.0 -1.0 -1.0 -1.0 1.922 1.691 4.293 392.101 1.027 1162.852 1.0973932205598798 0.0
10.0 0.0 Car -1.0 -1.0 -1.0 -1.0 -1.0 -1.0 -1.0 1.99 1.752 5.019 332.062 0.778 1143.282 -0.2953720425877069 1.0
11.0 4.0 Car -1.0 -1.0 -1.0 -1.0 -1.0 -1.0 -1.0 2.006 1.799 4.787 396.342 0.44 1130.063 -1.639038700542302 1.0
11.0 5.0 Car -1.0 -1.0 -1.0 -1.0 -1.0 -1.0 -1.0 2.179 1.652 4.94 361.387 0.689 1133.156 -0.24856623594277893 0.0
11.0 7.0 Truck -1.0 -1.0 -1.0 -1.0 -1.0 -1.0 -1.0 2.692 3.221 6.422 400.287 1.614 1180.134 1.147170010773159 1.0
11.0 6.0 Car -1.0 -1.0 -1.0 -1.0 -1.0 -1.0 -1.0 1.968 1.841 3.767 364.616 0.504 1080.203 -1.913770977976878 1.0
11.0 1.0 Car -1.0 -1.0 -1.0 -1.0 -1.0 -1.0 -1.0 2.065 1.809 4.349 415.551 0.308 1103.205 -0.4016351672960136 0.0
11.0 2.0 Car -1.0 -1.0 -1.0 -1.0 -1.0 -1.0 -1.0 2.007 1.688 4.837 390.501 1.037 1156.24 1.0985044955951038 1.0
11.0 3.0 Car -1.0 -1.0 -1.0 -1.0 -1.0 -1.0 -1.0 1.922 1.691 4.293 393.19 1.087 1165.019 1.0973932205598798 0.0
11.0 0.0 Car -1.0 -1.0 -1.0 -1.0 -1.0 -1.0 -1.0 1.99 1.752 5.019 336.534 0.775 1141.842 -0.3021040268453994 1.0
12.0 4.0 Car -1.0 -1.0 -1.0 -1.0 -1.0 -1.0 -1.0 2.006 1.799 4.787 396.307 0.403 1129.515 -1.625076066526347 1.0
12.0 5.0 Car -1.0 -1.0 -1.0 -1.0 -1.0 -1.0 -1.0 2.179 1.652 4.94 361.836 0.691 1133.112 -0.22493510279685047 0.0
12.0 7.0 Truck -1.0 -1.0 -1.0 -1.0 -1.0 -1.0 -1.0 2.692 3.221 6.422 400.785 1.631 1181.301 1.147170010773159 1.0
12.0 6.0 Car -1.0 -1.0 -1.0 -1.0 -1.0 -1.0 -1.0 1.968 1.841 3.767 363.479 0.464 1077.358 -1.9224976242368492 1.0
12.0 1.0 Car -1.0 -1.0 -1.0 -1.0 -1.0 -1.0 -1.0 2.065 1.809 4.349 418.251 0.304 1102.028 -0.41036181355598517 0.0
12.0 2.0 Car -1.0 -1.0 -1.0 -1.0 -1.0 -1.0 -1.0 2.007 1.688 4.837 391.163 0.987 1157.959 1.1421377268949622 1.0
12.0 3.0 Car -1.0 -1.0 -1.0 -1.0 -1.0 -1.0 -1.0 1.922 1.691 4.293 394.278 1.147 1167.186 1.0973932205598798 0.0
12.0 0.0 Car -1.0 -1.0 -1.0 -1.0 -1.0 -1.0 -1.0 1.99 1.752 5.019 339.719 0.772 1140.626 -0.32628930362303515 1.0
13.0 4.0 Car -1.0 -1.0 -1.0 -1.0 -1.0 -1.0 -1.0 2.006 1.799 4.787 396.292 0.391 1129.194 -1.6359843743513116 1.0
13.0 5.0 Car -1.0 -1.0 -1.0 -1.0 -1.0 -1.0 -1.0 2.179 1.652 4.94 362.102 0.693 1133.034 -0.20836839757566117 0.0
13.0 7.0 Truck -1.0 -1.0 -1.0 -1.0 -1.0 -1.0 -1.0 2.692 3.221 6.422 401.464 1.648 1182.87 1.147170010773159 1.0
13.0 6.0 Car -1.0 -1.0 -1.0 -1.0 -1.0 -1.0 -1.0 1.968 1.841 3.767 362.33 0.424 1074.407 -1.896317685456934 1.0
13.0 1.0 Car -1.0 -1.0 -1.0 -1.0 -1.0 -1.0 -1.0 2.065 1.809 4.349 420.951 0.3 1100.85 -0.419088459815957 0.0
13.0 2.0 Car -1.0 -1.0 -1.0 -1.0 -1.0 -1.0 -1.0 2.007 1.688 4.837 392.041 1.037 1159.943 1.1508643731549337 1.0
13.0 3.0 Car -1.0 -1.0 -1.0 -1.0 -1.0 -1.0 -1.0 1.922 1.691 4.293 395.367 1.157 1169.353 1.0973932205598798 0.0
13.0 0.0 Car -1.0 -1.0 -1.0 -1.0 -1.0 -1.0 -1.0 1.99 1.752 5.019 343.239 0.768 1139.367 -0.33052796037787857 1.0
14.0 4.0 Car -1.0 -1.0 -1.0 -1.0 -1.0 -1.0 -1.0 2.006 1.799 4.787 396.296 0.379 1129.098 -1.6294393896563328 1.0
14.0 5.0 Car -1.0 -1.0 -1.0 -1.0 -1.0 -1.0 -1.0 2.179 1.652 4.94 361.97 0.695 1133.042 -0.19180169235447186 0.0
14.0 7.0 Truck -1.0 -1.0 -1.0 -1.0 -1.0 -1.0 -1.0 2.692 3.221 6.422 402.197 1.664 1184.561 1.147170010773159 1.0
14.0 6.0 Car -1.0 -1.0 -1.0 -1.0 -1.0 -1.0 -1.0 1.968 1.841 3.767 361.311 0.451 1071.46 -1.9195887421501916 1.0
14.0 1.0 Car -1.0 -1.0 -1.0 -1.0 -1.0 -1.0 -1.0 2.065 1.809 4.349 423.833 0.296 1099.591 -0.419088459815957 0.0
14.0 2.0 Car -1.0 -1.0 -1.0 -1.0 -1.0 -1.0 -1.0 2.007 1.688 4.837 392.857 1.087 1161.901 1.1246844343750189 0.0
14.0 3.0 Car -1.0 -1.0 -1.0 -1.0 -1.0 -1.0 -1.0 1.922 1.691 4.293 396.375 1.167 1171.363 1.0973932205598798 0.0
14.0 0.0 Car -1.0 -1.0 -1.0 -1.0 -1.0 -1.0 -1.0 1.99 1.752 5.019 346.322 0.765 1138.252 -0.334766617132722 1.0
15.0 4.0 Car -1.0 -1.0 -1.0 -1.0 -1.0 -1.0 -1.0 2.006 1.799 4.787 396.305 0.367 1129.083 -1.6054411124414112 1.0
15.0 5.0 Car -1.0 -1.0 -1.0 -1.0 -1.0 -1.0 -1.0 2.179 1.652 4.94 361.999 0.697 1133.033 -0.1810527513065969 0.0
15.0 7.0 Truck -1.0 -1.0 -1.0 -1.0 -1.0 -1.0 -1.0 2.692 3.221 6.422 403.183 1.681 1186.38 1.147170010773159 0.0
15.0 6.0 Car -1.0 -1.0 -1.0 -1.0 -1.0 -1.0 -1.0 1.968 1.841 3.767 360.378 0.478 1068.483 -1.9079532138035626 1.0
15.0 1.0 Car -1.0 -1.0 -1.0 -1.0 -1.0 -1.0 -1.0 2.065 1.809 4.349 426.714 0.292 1098.332 -0.419088459815957 0.0
15.0 2.0 Car -1.0 -1.0 -1.0 -1.0 -1.0 -1.0 -1.0 2.007 1.688 4.837 393.728 1.112 1163.969 1.1334110806349902 0.0
15.0 3.0 Car -1.0 -1.0 -1.0 -1.0 -1.0 -1.0 -1.0 1.922 1.691 4.293 397.383 1.177 1173.372 1.0973932205598798 0.0
15.0 0.0 Car -1.0 -1.0 -1.0 -1.0 -1.0 -1.0 -1.0 1.99 1.752 5.019 348.558 0.762 1137.393 -0.3390052738875653 1.0
16.0 4.0 Car -1.0 -1.0 -1.0 -1.0 -1.0 -1.0 -1.0 2.006 1.799 4.787 396.316 0.355 1129.111 -1.598896127746432 1.0
16.0 5.0 Car -1.0 -1.0 -1.0 -1.0 -1.0 -1.0 -1.0 2.179 1.652 4.94 361.988 0.699 1133.03 -0.170303810258722 0.0
16.0 7.0 Truck -1.0 -1.0 -1.0 -1.0 -1.0 -1.0 -1.0 2.692 3.221 6.422 404.057 1.698 1188.023 1.147170010773159 0.0
16.0 6.0 Car -1.0 -1.0 -1.0 -1.0 -1.0 -1.0 -1.0 1.968 1.841 3.767 359.445 0.504 1065.506 -1.896317685456934 1.0
16.0 2.0 Car -1.0 -1.0 -1.0 -1.0 -1.0 -1.0 -1.0 2.007 1.688 4.837 394.599 1.137 1166.036 1.1421377268949622 0.0
16.0 3.0 Car -1.0 -1.0 -1.0 -1.0 -1.0 -1.0 -1.0 1.922 1.691 4.293 398.391 1.187 1175.382 1.0973932205598798 0.0
16.0 0.0 Car -1.0 -1.0 -1.0 -1.0 -1.0 -1.0 -1.0 1.99 1.752 5.019 351.294 0.709 1136.396 -0.34324393064240866 1.0
17.0 4.0 Car -1.0 -1.0 -1.0 -1.0 -1.0 -1.0 -1.0 2.006 1.799 4.787 396.322 0.343 1129.066 -1.5923511430514543 1.0
17.0 5.0 Car -1.0 -1.0 -1.0 -1.0 -1.0 -1.0 -1.0 2.179 1.652 4.94 361.977 0.701 1133.028 -0.15955486921084727 0.0
17.0 7.0 Truck -1.0 -1.0 -1.0 -1.0 -1.0 -1.0 -1.0 2.692 3.221 6.422 404.995 1.714 1190.025 1.147170010773159 0.0
17.0 6.0 Car -1.0 -1.0 -1.0 -1.0 -1.0 -1.0 -1.0 1.968 1.841 3.767 358.671 0.506 1062.556 -1.905044331716906 1.0
17.0 2.0 Car -1.0 -1.0 -1.0 -1.0 -1.0 -1.0 -1.0 2.007 1.688 4.837 395.403 1.087 1167.987 1.1508643731549337 0.0
17.0 3.0 Car -1.0 -1.0 -1.0 -1.0 -1.0 -1.0 -1.0 1.922 1.691 4.293 399.399 1.197 1177.391 1.0973932205598798 0.0
17.0 0.0 Car -1.0 -1.0 -1.0 -1.0 -1.0 -1.0 -1.0 1.99 1.752 5.019 352.621 0.723 1135.902 -0.347482587397252 0.0
18.0 4.0 Car -1.0 -1.0 -1.0 -1.0 -1.0 -1.0 -1.0 2.006 1.799 4.787 396.329 0.331 1129.021 -1.5858061583564755 1.0
18.0 5.0 Car -1.0 -1.0 -1.0 -1.0 -1.0 -1.0 -1.0 2.179 1.652 4.94 361.966 0.703 1133.025 -0.1488059281629723 1.0
18.0 7.0 Truck -1.0 -1.0 -1.0 -1.0 -1.0 -1.0 -1.0 2.692 3.221 6.422 406.094 1.731 1192.488 1.199529888332989 0.0
18.0 6.0 Car -1.0 -1.0 -1.0 -1.0 -1.0 -1.0 -1.0 1.968 1.841 3.767 358.028 0.508 1060.217 -1.8439578078971057 1.0
18.0 2.0 Car -1.0 -1.0 -1.0 -1.0 -1.0 -1.0 -1.0 2.007 1.688 4.837 396.215 1.099 1169.935 1.1508643731549337 0.0
18.0 0.0 Car -1.0 -1.0 -1.0 -1.0 -1.0 -1.0 -1.0 1.99 1.752 5.019 353.785 0.737 1135.465 -0.3517212441520954 0.0
19.0 4.0 Car -1.0 -1.0 -1.0 -1.0 -1.0 -1.0 -1.0 2.006 1.799 4.787 396.326 0.319 1128.82 -1.5618078811415537 1.0
19.0 5.0 Car -1.0 -1.0 -1.0 -1.0 -1.0 -1.0 -1.0 2.179 1.652 4.94 361.954 0.705 1133.023 -0.13805698711509742 1.0
19.0 7.0 Truck -1.0 -1.0 -1.0 -1.0 -1.0 -1.0 -1.0 2.692 3.221 6.422 407.106 1.748 1195.084 1.199529888332989 0.0
19.0 6.0 Car -1.0 -1.0 -1.0 -1.0 -1.0 -1.0 -1.0 1.968 1.841 3.767 357.83 0.509 1058.606 -1.824759186125169 0.0
19.0 2.0 Car -1.0 -1.0 -1.0 -1.0 -1.0 -1.0 -1.0 2.007 1.688 4.837 397.026 1.178 1171.883 1.1508643731549337 0.0
19.0 0.0 Car -1.0 -1.0 -1.0 -1.0 -1.0 -1.0 -1.0 1.99 1.752 5.019 354.3 0.75 1135.266 -0.3559599009069387 1.0
20.0 4.0 Car -1.0 -1.0 -1.0 -1.0 -1.0 -1.0 -1.0 2.006 1.799 4.787 396.312 0.307 1128.334 -1.590169481486461 1.0
20.0 5.0 Car -1.0 -1.0 -1.0 -1.0 -1.0 -1.0 -1.0 2.179 1.652 4.94 361.943 0.707 1133.02 -0.1273080460672227 1.0
20.0 7.0 Truck -1.0 -1.0 -1.0 -1.0 -1.0 -1.0 -1.0 2.692 3.221 6.422 408.19 1.764 1198.055 1.2169831808529323 0.0
20.0 6.0 Car -1.0 -1.0 -1.0 -1.0 -1.0 -1.0 -1.0 1.968 1.841 3.767 357.378 0.511 1057.1 -1.9800934895526636 0.0
20.0 2.0 Car -1.0 -1.0 -1.0 -1.0 -1.0 -1.0 -1.0 2.007 1.688 4.837 397.838 1.207 1173.831 1.1508643731549337 0.0
20.0 0.0 Car -1.0 -1.0 -1.0 -1.0 -1.0 -1.0 -1.0 1.99 1.752 5.019 354.614 0.691 1135.171 -0.3559599009069387 1.0
21.0 4.0 Car -1.0 -1.0 -1.0 -1.0 -1.0 -1.0 -1.0 2.006 1.799 4.787 396.362 0.345 1127.52 -1.5378096039266316 0.0
21.0 5.0 Car -1.0 -1.0 -1.0 -1.0 -1.0 -1.0 -1.0 2.179 1.652 4.94 362.027 0.689 1132.978 -0.10492357667271879 1.0
21.0 7.0 Truck -1.0 -1.0 -1.0 -1.0 -1.0 -1.0 -1.0 2.692 3.221 6.422 409.148 1.781 1201.175 1.251889765892819 0.0
21.0 6.0 Car -1.0 -1.0 -1.0 -1.0 -1.0 -1.0 -1.0 1.968 1.841 3.767 356.698 0.513 1055.681 -2.135427792980158 0.0
21.0 2.0 Car -1.0 -1.0 -1.0 -1.0 -1.0 -1.0 -1.0 2.007 1.688 4.837 398.65 1.187 1175.779 1.1508643731549337 0.0
21.0 0.0 Car -1.0 -1.0 -1.0 -1.0 -1.0 -1.0 -1.0 1.99 1.752 5.019 354.88 0.707 1135.094 -0.3559599009069387 1.0
22.0 4.0 Car -1.0 -1.0 -1.0 -1.0 -1.0 -1.0 -1.0 2.006 1.799 4.787 396.471 0.283 1126.388 -1.5029030188867454 0.0
22.0 5.0 Car -1.0 -1.0 -1.0 -1.0 -1.0 -1.0 -1.0 2.179 1.652 4.94 362.11 0.672 1132.936 -0.08253910727821488 1.0
22.0 7.0 Truck -1.0 -1.0 -1.0 -1.0 -1.0 -1.0 -1.0 2.692 3.221 6.422 410.447 1.798 1204.148 1.199529888332989 0.0
22.0 6.0 Car -1.0 -1.0 -1.0 -1.0 -1.0 -1.0 -1.0 1.968 1.841 3.767 355.703 0.514 1054.502 -2.360575266487425 0.0
22.0 2.0 Car -1.0 -1.0 -1.0 -1.0 -1.0 -1.0 -1.0 2.007 1.688 4.837 399.462 1.237 1177.727 1.1508643731549337 0.0
22.0 0.0 Car -1.0 -1.0 -1.0 -1.0 -1.0 -1.0 -1.0 1.99 1.752 5.019 355.146 0.723 1135.017 -0.3559599009069387 1.0
23.0 4.0 Car -1.0 -1.0 -1.0 -1.0 -1.0 -1.0 -1.0 2.006 1.799 4.787 396.563 0.271 1125.351 -1.4854497263668023 0.0
23.0 5.0 Car -1.0 -1.0 -1.0 -1.0 -1.0 -1.0 -1.0 2.179 1.652 4.94 362.126 0.684 1132.903 -0.060154637883711004 1.0
23.0 7.0 Truck -1.0 -1.0 -1.0 -1.0 -1.0 -1.0 -1.0 2.692 3.221 6.422 411.647 1.814 1207.171 1.2082565345929608 0.0
23.0 6.0 Car -1.0 -1.0 -1.0 -1.0 -1.0 -1.0 -1.0 1.968 1.841 3.767 354.996 0.516 1053.954 -2.459186369225105 1.0
23.0 2.0 Car -1.0 -1.0 -1.0 -1.0 -1.0 -1.0 -1.0 2.007 1.688 4.837 400.152 1.287 1179.402 1.1508643731549337 0.0
23.0 0.0 Car -1.0 -1.0 -1.0 -1.0 -1.0 -1.0 -1.0 1.99 1.752 5.019 355.121 0.713 1135.021 -0.3559599009069387 1.0
24.0 4.0 Car -1.0 -1.0 -1.0 -1.0 -1.0 -1.0 -1.0 2.006 1.799 4.787 396.807 0.359 1123.667 -1.41563655628703 0.0
24.0 5.0 Car -1.0 -1.0 -1.0 -1.0 -1.0 -1.0 -1.0 2.179 1.652 4.94 362.143 0.696 1132.87 -0.03777016848920711 1.0
24.0 7.0 Truck -1.0 -1.0 -1.0 -1.0 -1.0 -1.0 -1.0 2.692 3.221 6.422 412.768 1.831 1210.223 1.2344364733728757 0.0
24.0 6.0 Car -1.0 -1.0 -1.0 -1.0 -1.0 -1.0 -1.0 1.968 1.841 3.767 354.434 0.518 1053.91 -2.5333628624348643 1.0
24.0 2.0 Car -1.0 -1.0 -1.0 -1.0 -1.0 -1.0 -1.0 2.007 1.688 4.837 400.95 1.337 1181.319 1.1508643731549337 0.0
24.0 0.0 Car -1.0 -1.0 -1.0 -1.0 -1.0 -1.0 -1.0 1.99 1.752 5.019 355.096 0.704 1135.026 -0.3559599009069387 1.0
25.0 4.0 Car -1.0 -1.0 -1.0 -1.0 -1.0 -1.0 -1.0 2.006 1.799 4.787 397.129 0.447 1121.931 -1.3632766787272008 0.0
25.0 5.0 Car -1.0 -1.0 -1.0 -1.0 -1.0 -1.0 -1.0 2.179 1.652 4.94 362.16 0.708 1132.838 -0.015385699094703222 1.0
25.0 7.0 Truck -1.0 -1.0 -1.0 -1.0 -1.0 -1.0 -1.0 2.692 3.221 6.422 413.948 1.848 1213.252 1.2344364733728757 0.0
25.0 6.0 Car -1.0 -1.0 -1.0 -1.0 -1.0 -1.0 -1.0 1.968 1.841 3.767 354.236 0.519 1053.618 -2.6424459406845098 1.0
25.0 2.0 Car -1.0 -1.0 -1.0 -1.0 -1.0 -1.0 -1.0 2.007 1.688 4.837 401.966 1.387 1183.723 1.1508643731549337 0.0
25.0 0.0 Car -1.0 -1.0 -1.0 -1.0 -1.0 -1.0 -1.0 1.99 1.752 5.019 355.249 0.695 1134.965 -0.3559599009069387 1.0
26.0 4.0 Car -1.0 -1.0 -1.0 -1.0 -1.0 -1.0 -1.0 2.006 1.799 4.787 397.541 0.535 1120.165 -1.310916801167371 0.0
26.0 5.0 Car -1.0 -1.0 -1.0 -1.0 -1.0 -1.0 -1.0 2.179 1.652 4.94 362.178 0.72 1132.806 0.006998770299800451 1.0
26.0 7.0 Truck -1.0 -1.0 -1.0 -1.0 -1.0 -1.0 -1.0 2.692 3.221 6.422 415.087 1.864 1216.295 1.2344364733728757 0.0
26.0 6.0 Car -1.0 -1.0 -1.0 -1.0 -1.0 -1.0 -1.0 1.968 1.841 3.767 354.526 0.521 1053.875 -2.7515290189341552 1.0
26.0 0.0 Car -1.0 -1.0 -1.0 -1.0 -1.0 -1.0 -1.0 1.99 1.752 5.019 355.402 0.686 1134.903 -0.3559599009069387 1.0
27.0 4.0 Car -1.0 -1.0 -1.0 -1.0 -1.0 -1.0 -1.0 2.006 1.799 4.787 398.48 0.623 1117.591 -1.276010216127485 0.0
27.0 5.0 Car -1.0 -1.0 -1.0 -1.0 -1.0 -1.0 -1.0 2.179 1.652 4.94 362.586 0.72 1132.767 0.020088739689757995 0.0
27.0 6.0 Car -1.0 -1.0 -1.0 -1.0 -1.0 -1.0 -1.0 1.968 1.841 3.767 354.895 0.535 1054.059 -2.7951622502340134 0.0
27.0 0.0 Car -1.0 -1.0 -1.0 -1.0 -1.0 -1.0 -1.0 1.99 1.752 5.019 355.555 0.677 1134.842 -0.3559599009069387 0.0
28.0 4.0 Car -1.0 -1.0 -1.0 -1.0 -1.0 -1.0 -1.0 2.006 1.799 4.787 398.731 0.712 1116.863 -1.03166412084828 0.0
28.0 5.0 Car -1.0 -1.0 -1.0 -1.0 -1.0 -1.0 -1.0 2.179 1.652 4.94 363.233 0.72 1132.788 0.03317870907971555 0.0
28.0 6.0 Car -1.0 -1.0 -1.0 -1.0 -1.0 -1.0 -1.0 1.968 1.841 3.767 355.271 0.549 1054.226 -2.838795481533872 0.0
28.0 0.0 Car -1.0 -1.0 -1.0 -1.0 -1.0 -1.0 -1.0 1.99 1.752 5.019 355.708 0.667 1134.78 -0.3559599009069387 0.0
29.0 4.0 Car -1.0 -1.0 -1.0 -1.0 -1.0 -1.0 -1.0 2.006 1.799 4.787 399.78 0.5 1115.205 -0.8745844881687922 0.0
29.0 5.0 Car -1.0 -1.0 -1.0 -1.0 -1.0 -1.0 -1.0 2.179 1.652 4.94 364.268 0.72 1132.818 0.046268678469672864 0.0
29.0 6.0 Car -1.0 -1.0 -1.0 -1.0 -1.0 -1.0 -1.0 1.968 1.841 3.767 355.547 0.564 1054.751 -2.88242871283373 0.0
29.0 0.0 Car -1.0 -1.0 -1.0 -1.0 -1.0 -1.0 -1.0 1.99 1.752 5.019 355.861 0.658 1134.719 -0.3559599009069387 0.0
30.0 4.0 Car -1.0 -1.0 -1.0 -1.0 -1.0 -1.0 -1.0 2.006 1.799 4.787 401.275 0.438 1113.559 -0.8396779031289077 0.0
30.0 5.0 Car -1.0 -1.0 -1.0 -1.0 -1.0 -1.0 -1.0 2.179 1.652 4.94 365.681 0.72 1132.864 0.059358647859630416 0.0
30.0 6.0 Car -1.0 -1.0 -1.0 -1.0 -1.0 -1.0 -1.0 1.968 1.841 3.767 355.542 0.578 1054.923 -2.9260619441335884 0.0
30.0 0.0 Car -1.0 -1.0 -1.0 -1.0 -1.0 -1.0 -1.0 1.99 1.752 5.019 356.89 0.699 1134.33 -0.3092238620479794 0.0
31.0 4.0 Car -1.0 -1.0 -1.0 -1.0 -1.0 -1.0 -1.0 2.006 1.799 4.787 403.172 0.326 1111.783 -0.8222246106089646 0.0
31.0 5.0 Car -1.0 -1.0 -1.0 -1.0 -1.0 -1.0 -1.0 2.179 1.652 4.94 367.316 0.72 1133.059 0.14313445195535812 0.0
31.0 6.0 Car -1.0 -1.0 -1.0 -1.0 -1.0 -1.0 -1.0 1.968 1.841 3.767 356.082 0.592 1055.199 -3.0511438738598486 0.0
31.0 0.0 Car -1.0 -1.0 -1.0 -1.0 -1.0 -1.0 -1.0 1.99 1.752 5.019 357.937 0.69 1133.99 -0.2624878231890202 0.0
32.0 4.0 Car -1.0 -1.0 -1.0 -1.0 -1.0 -1.0 -1.0 2.006 1.799 4.787 405.049 0.464 1110.07 -0.7349581480092491 0.0
32.0 5.0 Car -1.0 -1.0 -1.0 -1.0 -1.0 -1.0 -1.0 2.179 1.652 4.94 368.894 0.72 1133.333 0.20945696353114251 0.0
32.0 6.0 Car -1.0 -1.0 -1.0 -1.0 -1.0 -1.0 -1.0 1.968 1.841 3.767 356.653 0.606 1055.405 3.106959503593478 0.0
32.0 0.0 Car -1.0 -1.0 -1.0 -1.0 -1.0 -1.0 -1.0 1.99 1.752 5.019 359.005 0.68 1133.727 -0.16339190677023097 0.0
33.0 5.0 Car -1.0 -1.0 -1.0 -1.0 -1.0 -1.0 -1.0 2.179 1.652 4.94 370.793 0.72 1133.868 0.2990505318001848 0.0
33.0 6.0 Car -1.0 -1.0 -1.0 -1.0 -1.0 -1.0 -1.0 1.968 1.841 3.767 357.247 0.62 1055.531 2.9556976350873025 0.0
33.0 0.0 Car -1.0 -1.0 -1.0 -1.0 -1.0 -1.0 -1.0 1.99 1.752 5.019 360.064 0.671 1133.35 -0.09920257539132837 0.0
34.0 5.0 Car -1.0 -1.0 -1.0 -1.0 -1.0 -1.0 -1.0 2.179 1.652 4.94 372.755 0.62 1134.611 0.3711908075492838 0.0
34.0 6.0 Car -1.0 -1.0 -1.0 -1.0 -1.0 -1.0 -1.0 1.968 1.841 3.767 357.385 0.609 1055.577 2.9056648631967983 0.0
34.0 0.0 Car -1.0 -1.0 -1.0 -1.0 -1.0 -1.0 -1.0 1.99 1.752 5.019 361.589 0.662 1133.151 -0.035013244012425775 0.0
35.0 5.0 Car -1.0 -1.0 -1.0 -1.0 -1.0 -1.0 -1.0 2.179 1.652 4.94 374.708 0.72 1135.556 0.4782376683382694 0.0
35.0 6.0 Car -1.0 -1.0 -1.0 -1.0 -1.0 -1.0 -1.0 1.968 1.841 3.767 357.526 0.599 1055.616 2.855632091306294 0.0
35.0 0.0 Car -1.0 -1.0 -1.0 -1.0 -1.0 -1.0 -1.0 1.99 1.752 5.019 363.522 0.653 1133.06 -0.005730497673409828 0.0
36.0 5.0 Car -1.0 -1.0 -1.0 -1.0 -1.0 -1.0 -1.0 2.179 1.652 4.94 376.804 0.72 1136.891 0.5611408078080001 0.0
36.0 6.0 Car -1.0 -1.0 -1.0 -1.0 -1.0 -1.0 -1.0 1.968 1.841 3.767 357.646 0.588 1055.577 2.8579591969756195 0.0
36.0 0.0 Car -1.0 -1.0 -1.0 -1.0 -1.0 -1.0 -1.0 1.99 1.752 5.019 365.238 0.644 1133.1 0.0933654187453794 0.0
37.0 5.0 Car -1.0 -1.0 -1.0 -1.0 -1.0 -1.0 -1.0 2.179 1.652 4.94 378.612 0.72 1138.373 0.702221589010875 0.0
37.0 6.0 Car -1.0 -1.0 -1.0 -1.0 -1.0 -1.0 -1.0 1.968 1.841 3.767 357.714 0.577 1055.604 2.825379717605059 0.0
37.0 0.0 Car -1.0 -1.0 -1.0 -1.0 -1.0 -1.0 -1.0 1.99 1.752 5.019 366.994 0.634 1133.266 0.15755475012428202 0.0
38.0 5.0 Car -1.0 -1.0 -1.0 -1.0 -1.0 -1.0 -1.0 2.179 1.652 4.94 380.65 0.72 1140.601 0.8258490776938066 0.0
38.0 6.0 Car -1.0 -1.0 -1.0 -1.0 -1.0 -1.0 -1.0 1.968 1.841 3.767 357.831 0.566 1055.613 2.7928002382344976 0.0
38.0 0.0 Car -1.0 -1.0 -1.0 -1.0 -1.0 -1.0 -1.0 1.99 1.752 5.019 369.141 0.675 1133.713 0.22174408150318436 0.0
