0.0 6.0 Car -1.0 -1.0 -1.0 -1.0 -1.0 -1.0 -1.0 2.278 2.359 6.189 594.206 1.449 2012.189 -0.7425154236963558 0.0
0.0 12.0 Car -1.0 -1.0 -1.0 -1.0 -1.0 -1.0 -1.0 1.875 1.454 4.752 563.268 1.936 2034.725 -0.7329335660552251 0.0
0.0 17.0 Car -1.0 -1.0 -1.0 -1.0 -1.0 -1.0 -1.0 1.862 1.487 4.26 574.56 0.998 2009.797 2.451698906826434 0.0
0.0 10.0 Car -1.0 -1.0 -1.0 -1.0 -1.0 -1.0 -1.0 1.895 1.599 4.33 574.846 1.952 2037.644 -0.6569768369264227 0.0
0.0 14.0 Car -1.0 -1.0 -1.0 -1.0 -1.0 -1.0 -1.0 1.82 1.668 4.369 574.102 1.578 2026.157 -0.7329335660552251 0.0
0.0 16.0 Truck -1.0 -1.0 -1.0 -1.0 -1.0 -1.0 -1.0 2.419 2.698 6.333 604.837 1.389 2007.16 -0.6900508263032973 0.0
1.0 6.0 Car -1.0 -1.0 -1.0 -1.0 -1.0 -1.0 -1.0 2.278 2.359 6.189 598.016 1.324 2008.731 -0.7425154236963558 1.0
1.0 12.0 Car -1.0 -1.0 -1.0 -1.0 -1.0 -1.0 -1.0 1.875 1.454 4.752 566.843 1.831 2031.747 -0.7329335660552251 1.0
1.0 17.0 Car -1.0 -1.0 -1.0 -1.0 -1.0 -1.0 -1.0 1.862 1.487 4.26 570.417 1.082 2013.237 2.451698906826434 1.0
1.0 10.0 Car -1.0 -1.0 -1.0 -1.0 -1.0 -1.0 -1.0 1.895 1.599 4.33 576.974 1.819 2036.032 -0.6744301294463656 1.0
1.0 2.0 Car -1.0 -1.0 -1.0 -1.0 -1.0 -1.0 -1.0 2.262 2.0 5.364 584.465 1.793 2029.34 -0.5876349057681801 0.0
1.0 14.0 Car -1.0 -1.0 -1.0 -1.0 -1.0 -1.0 -1.0 1.82 1.668 4.369 577.597 1.477 2023.09 -0.7329335660552251 1.0
1.0 16.0 Truck -1.0 -1.0 -1.0 -1.0 -1.0 -1.0 -1.0 2.419 2.698 6.333 607.858 1.289 2004.479 -0.6900508263032973 1.0
2.0 6.0 Car -1.0 -1.0 -1.0 -1.0 -1.0 -1.0 -1.0 2.278 2.359 6.189 602.015 1.199 2005.101 -0.7425154236963558 1.0
2.0 12.0 Car -1.0 -1.0 -1.0 -1.0 -1.0 -1.0 -1.0 1.875 1.454 4.752 570.57 1.726 2028.94 -0.7329335660552251 1.0
2.0 18.0 Car -1.0 -1.0 -1.0 -1.0 -1.0 -1.0 -1.0 1.863 1.961 4.646 564.864 2.189 2045.412 -0.7016223594516674 0.0
2.0 17.0 Car -1.0 -1.0 -1.0 -1.0 -1.0 -1.0 -1.0 1.862 1.487 4.26 566.252 1.166 2016.696 2.451698906826434 0.0
2.0 10.0 Car -1.0 -1.0 -1.0 -1.0 -1.0 -1.0 -1.0 1.895 1.599 4.33 578.534 1.769 2034.46 -0.643014202910468 1.0
2.0 15.0 Car -1.0 -1.0 -1.0 -1.0 -1.0 -1.0 -1.0 1.856 1.455 4.551 575.037 1.879 2033.189 -0.7329335660552242 0.0
2.0 11.0 Car -1.0 -1.0 -1.0 -1.0 -1.0 -1.0 -1.0 1.903 1.446 4.688 561.388 1.926 2037.101 -0.7329335660552251 0.0
2.0 2.0 Car -1.0 -1.0 -1.0 -1.0 -1.0 -1.0 -1.0 2.262 2.0 5.364 586.227 1.618 2028.016 -0.5352750282083507 1.0
2.0 14.0 Car -1.0 -1.0 -1.0 -1.0 -1.0 -1.0 -1.0 1.82 1.668 4.369 581.679 1.476 2019.388 -0.7329335660552251 1.0
2.0 16.0 Truck -1.0 -1.0 -1.0 -1.0 -1.0 -1.0 -1.0 2.419 2.698 6.333 610.848 1.339 2001.762 -0.6900508263032973 1.0
3.0 6.0 Car -1.0 -1.0 -1.0 -1.0 -1.0 -1.0 -1.0 2.278 2.359 6.189 606.005 1.149 2001.541 -0.7425154236963558 0.0
3.0 12.0 Car -1.0 -1.0 -1.0 -1.0 -1.0 -1.0 -1.0 1.875 1.454 4.752 574.079 1.62 2025.89 -0.7329335660552251 1.0
3.0 18.0 Car -1.0 -1.0 -1.0 -1.0 -1.0 -1.0 -1.0 1.863 1.961 4.646 567.496 2.191 2043.429 -0.7074401236249819 1.0
3.0 17.0 Car -1.0 -1.0 -1.0 -1.0 -1.0 -1.0 -1.0 1.862 1.487 4.26 561.849 1.25 2020.236 2.451698906826434 0.0
3.0 10.0 Car -1.0 -1.0 -1.0 -1.0 -1.0 -1.0 -1.0 1.895 1.599 4.33 580.144 1.719 2032.938 -0.6115982763745701 1.0
3.0 15.0 Car -1.0 -1.0 -1.0 -1.0 -1.0 -1.0 -1.0 1.856 1.455 4.551 578.564 1.693 2030.251 -0.7329335660552251 1.0
3.0 11.0 Car -1.0 -1.0 -1.0 -1.0 -1.0 -1.0 -1.0 1.903 1.446 4.688 565.171 1.873 2033.823 -0.7329335660552251 1.0
3.0 2.0 Car -1.0 -1.0 -1.0 -1.0 -1.0 -1.0 -1.0 2.262 2.0 5.364 588.055 1.443 2026.785 -0.4829151506485214 0.0
3.0 14.0 Car -1.0 -1.0 -1.0 -1.0 -1.0 -1.0 -1.0 1.82 1.668 4.369 585.617 1.277 2015.816 -0.7329335660552251 1.0
3.0 16.0 Truck -1.0 -1.0 -1.0 -1.0 -1.0 -1.0 -1.0 2.419 2.698 6.333 614.001 1.198 1998.909 -0.6900508263032973 1.0
4.0 6.0 Car -1.0 -1.0 -1.0 -1.0 -1.0 -1.0 -1.0 2.278 2.359 6.189 610.091 1.049 1997.835 -0.7425154236963558 0.0
4.0 7.0 Truck -1.0 -1.0 -1.0 -1.0 -1.0 -1.0 -1.0 1.901 2.543 5.198 555.972 2.597 2043.996 -0.6118833468402203 0.0
4.0 12.0 Car -1.0 -1.0 -1.0 -1.0 -1.0 -1.0 -1.0 1.875 1.454 4.752 578.195 1.515 2022.293 -0.7329335660552251 1.0
4.0 18.0 Car -1.0 -1.0 -1.0 -1.0 -1.0 -1.0 -1.0 1.863 1.961 4.646 570.127 2.192 2041.446 -0.7132578877982964 1.0
4.0 17.0 Car -1.0 -1.0 -1.0 -1.0 -1.0 -1.0 -1.0 1.862 1.487 4.26 557.489 1.333 2023.551 2.451698906826434 0.0
4.0 10.0 Car -1.0 -1.0 -1.0 -1.0 -1.0 -1.0 -1.0 1.895 1.599 4.33 581.8 1.669 2031.468 -0.580182349838673 1.0
4.0 15.0 Car -1.0 -1.0 -1.0 -1.0 -1.0 -1.0 -1.0 1.856 1.455 4.551 581.87 1.458 2027.301 -0.7329335660552251 1.0
4.0 11.0 Car -1.0 -1.0 -1.0 -1.0 -1.0 -1.0 -1.0 1.903 1.446 4.688 569.048 1.821 2030.461 -0.7329335660552251 1.0
4.0 2.0 Car -1.0 -1.0 -1.0 -1.0 -1.0 -1.0 -1.0 2.262 2.0 5.364 589.52 1.493 2026.245 -0.4829151506485214 0.0
4.0 14.0 Car -1.0 -1.0 -1.0 -1.0 -1.0 -1.0 -1.0 1.82 1.668 4.369 589.726 1.177 2012.015 -0.7329335660552251 1.0
4.0 8.0 Car -1.0 -1.0 -1.0 -1.0 -1.0 -1.0 -1.0 1.836 1.395 4.657 575.851 1.693 2028.685 -0.7329335660552251 0.0
4.0 16.0 Truck -1.0 -1.0 -1.0 -1.0 -1.0 -1.0 -1.0 2.419 2.698 6.333 617.616 1.157 1995.451 -0.6900508263032973 1.0
5.0 6.0 Car -1.0 -1.0 -1.0 -1.0 -1.0 -1.0 -1.0 2.278 2.359 6.189 614.575 0.899 1993.887 -0.7425154236963558 0.0
5.0 7.0 Truck -1.0 -1.0 -1.0 -1.0 -1.0 -1.0 -1.0 1.901 2.543 5.198 559.976 2.527 2041.091 -0.6133377878835491 1.0
5.0 12.0 Car -1.0 -1.0 -1.0 -1.0 -1.0 -1.0 -1.0 1.875 1.454 4.752 582.311 1.359 2018.695 -0.7329335660552251 0.0
5.0 18.0 Car -1.0 -1.0 -1.0 -1.0 -1.0 -1.0 -1.0 1.863 1.961 4.646 572.759 2.194 2039.464 -0.7190756519716105 1.0
5.0 17.0 Car -1.0 -1.0 -1.0 -1.0 -1.0 -1.0 -1.0 1.862 1.487 4.26 553.388 1.417 2026.766 2.451698906826434 0.0
5.0 10.0 Car -1.0 -1.0 -1.0 -1.0 -1.0 -1.0 -1.0 1.895 1.599 4.33 583.502 1.619 2030.05 -0.5487664233027756 1.0
5.0 15.0 Car -1.0 -1.0 -1.0 -1.0 -1.0 -1.0 -1.0 1.856 1.455 4.551 585.921 1.323 2023.681 -0.7329335660552251 1.0
5.0 11.0 Car -1.0 -1.0 -1.0 -1.0 -1.0 -1.0 -1.0 1.903 1.446 4.688 572.9 1.618 2027.121 -0.7329335660552251 1.0
5.0 2.0 Car -1.0 -1.0 -1.0 -1.0 -1.0 -1.0 -1.0 2.262 2.0 5.364 591.426 1.343 2025.431 -0.3956486880488057 0.0
5.0 14.0 Car -1.0 -1.0 -1.0 -1.0 -1.0 -1.0 -1.0 1.82 1.668 4.369 593.939 1.028 2008.045 -0.7329335660552251 0.0
5.0 8.0 Car -1.0 -1.0 -1.0 -1.0 -1.0 -1.0 -1.0 1.836 1.395 4.657 579.292 1.462 2025.716 -0.7329335660552251 1.0
5.0 3.0 Car -1.0 -1.0 -1.0 -1.0 -1.0 -1.0 -1.0 1.888 1.718 4.495 560.668 2.364 2047.983 -0.5589765997400064 0.0
5.0 16.0 Truck -1.0 -1.0 -1.0 -1.0 -1.0 -1.0 -1.0 2.419 2.698 6.333 620.721 1.049 1992.711 -0.6987774725632693 1.0
6.0 6.0 Car -1.0 -1.0 -1.0 -1.0 -1.0 -1.0 -1.0 2.278 2.359 6.189 618.739 0.874 1989.925 -0.7425154236963558 0.0
6.0 7.0 Truck -1.0 -1.0 -1.0 -1.0 -1.0 -1.0 -1.0 1.901 2.543 5.198 563.98 2.458 2038.186 -0.6147922289268783 1.0
6.0 12.0 Car -1.0 -1.0 -1.0 -1.0 -1.0 -1.0 -1.0 1.875 1.454 4.752 586.768 1.204 2014.792 -0.7329335660552251 0.0
6.0 18.0 Car -1.0 -1.0 -1.0 -1.0 -1.0 -1.0 -1.0 1.863 1.961 4.646 575.069 2.144 2037.557 -0.7539822370114968 1.0
6.0 17.0 Car -1.0 -1.0 -1.0 -1.0 -1.0 -1.0 -1.0 1.862 1.487 4.26 549.23 1.501 2029.953 2.48660549186632 0.0
6.0 10.0 Car -1.0 -1.0 -1.0 -1.0 -1.0 -1.0 -1.0 1.895 1.599 4.33 585.247 1.569 2028.686 -0.5173504967668779 0.0
6.0 15.0 Car -1.0 -1.0 -1.0 -1.0 -1.0 -1.0 -1.0 1.856 1.455 4.551 589.972 1.187 2020.06 -0.7329335660552251 1.0
6.0 11.0 Car -1.0 -1.0 -1.0 -1.0 -1.0 -1.0 -1.0 1.903 1.446 4.688 576.962 1.465 2023.593 -0.7329335660552251 1.0
6.0 2.0 Car -1.0 -1.0 -1.0 -1.0 -1.0 -1.0 -1.0 2.262 2.0 5.364 593.387 1.343 2024.854 -0.282202286669174 0.0
6.0 14.0 Car -1.0 -1.0 -1.0 -1.0 -1.0 -1.0 -1.0 1.82 1.668 4.369 598.317 0.879 2003.997 -0.7329335660552251 0.0
6.0 8.0 Car -1.0 -1.0 -1.0 -1.0 -1.0 -1.0 -1.0 1.836 1.395 4.657 583.326 1.381 2021.784 -0.7329335660552251 1.0
6.0 3.0 Car -1.0 -1.0 -1.0 -1.0 -1.0 -1.0 -1.0 1.888 1.718 4.495 563.392 2.333 2046.256 -0.628789769819779 1.0
6.0 16.0 Truck -1.0 -1.0 -1.0 -1.0 -1.0 -1.0 -1.0 2.419 2.698 6.333 623.826 0.94 1989.97 -0.7075041188232413 1.0
7.0 6.0 Car -1.0 -1.0 -1.0 -1.0 -1.0 -1.0 -1.0 2.278 2.359 6.189 623.121 0.799 1985.823 -0.7425154236963558 0.0
7.0 7.0 Truck -1.0 -1.0 -1.0 -1.0 -1.0 -1.0 -1.0 1.901 2.543 5.198 567.837 2.372 2035.292 -0.6424266087501218 1.0
7.0 12.0 Car -1.0 -1.0 -1.0 -1.0 -1.0 -1.0 -1.0 1.875 1.454 4.752 591.329 1.049 2010.663 -0.7329335660552251 0.0
7.0 18.0 Car -1.0 -1.0 -1.0 -1.0 -1.0 -1.0 -1.0 1.863 1.961 4.646 576.837 2.094 2036.007 -0.7365289444915538 1.0
7.0 17.0 Car -1.0 -1.0 -1.0 -1.0 -1.0 -1.0 -1.0 1.862 1.487 4.26 545.188 1.584 2032.968 2.5040587843862636 0.0
7.0 10.0 Car -1.0 -1.0 -1.0 -1.0 -1.0 -1.0 -1.0 1.895 1.599 4.33 586.668 1.494 2027.784 -0.5173504967668779 0.0
7.0 15.0 Car -1.0 -1.0 -1.0 -1.0 -1.0 -1.0 -1.0 1.856 1.455 4.551 594.209 1.102 2016.273 -0.7329335660552251 1.0
7.0 11.0 Car -1.0 -1.0 -1.0 -1.0 -1.0 -1.0 -1.0 1.903 1.446 4.688 581.139 1.362 2019.961 -0.7329335660552251 1.0
7.0 2.0 Car -1.0 -1.0 -1.0 -1.0 -1.0 -1.0 -1.0 2.262 2.0 5.364 595.402 1.343 2024.502 -0.16875588528954255 0.0
7.0 14.0 Car -1.0 -1.0 -1.0 -1.0 -1.0 -1.0 -1.0 1.82 1.668 4.369 602.712 0.836 1999.956 -0.7329335660552251 0.0
7.0 8.0 Car -1.0 -1.0 -1.0 -1.0 -1.0 -1.0 -1.0 1.836 1.395 4.657 587.14 1.236 2018.344 -0.7329335660552251 1.0
7.0 3.0 Car -1.0 -1.0 -1.0 -1.0 -1.0 -1.0 -1.0 1.888 1.718 4.495 565.988 2.301 2044.344 -0.6986029398995514 1.0
7.0 16.0 Truck -1.0 -1.0 -1.0 -1.0 -1.0 -1.0 -1.0 2.419 2.698 6.333 627.269 0.915 1986.852 -0.7249574113431843 1.0
8.0 6.0 Car -1.0 -1.0 -1.0 -1.0 -1.0 -1.0 -1.0 2.278 2.359 6.189 627.768 0.774 1981.708 -0.7425154236963558 0.0
8.0 7.0 Truck -1.0 -1.0 -1.0 -1.0 -1.0 -1.0 -1.0 1.901 2.543 5.198 571.611 2.286 2032.293 -0.6700609885733648 1.0
8.0 12.0 Car -1.0 -1.0 -1.0 -1.0 -1.0 -1.0 -1.0 1.875 1.454 4.752 596.008 0.893 2006.47 -0.7329335660552251 0.0
8.0 18.0 Car -1.0 -1.0 -1.0 -1.0 -1.0 -1.0 -1.0 1.863 1.961 4.646 578.604 2.044 2034.457 -0.7190756519716105 1.0
8.0 17.0 Car -1.0 -1.0 -1.0 -1.0 -1.0 -1.0 -1.0 1.862 1.487 4.26 541.138 1.668 2035.875 2.521512076906207 0.0
8.0 10.0 Car -1.0 -1.0 -1.0 -1.0 -1.0 -1.0 -1.0 1.895 1.599 4.33 588.065 1.419 2026.765 -0.45626397294707655 0.0
8.0 15.0 Car -1.0 -1.0 -1.0 -1.0 -1.0 -1.0 -1.0 1.856 1.455 4.551 598.435 0.81 2012.426 -0.7329335660552251 1.0
8.0 11.0 Car -1.0 -1.0 -1.0 -1.0 -1.0 -1.0 -1.0 1.903 1.446 4.688 585.253 1.209 2016.26 -0.7329335660552251 1.0
8.0 2.0 Car -1.0 -1.0 -1.0 -1.0 -1.0 -1.0 -1.0 2.262 2.0 5.364 596.948 1.193 2024.312 -0.15130259276959923 0.0
8.0 14.0 Car -1.0 -1.0 -1.0 -1.0 -1.0 -1.0 -1.0 1.82 1.668 4.369 607.278 0.758 1995.809 -0.7329335660552251 0.0
8.0 8.0 Car -1.0 -1.0 -1.0 -1.0 -1.0 -1.0 -1.0 1.836 1.395 4.657 590.954 1.092 2014.903 -0.7329335660552251 1.0
8.0 3.0 Car -1.0 -1.0 -1.0 -1.0 -1.0 -1.0 -1.0 1.888 1.718 4.495 568.112 2.269 2042.608 -0.7160562324194943 1.0
8.0 16.0 Truck -1.0 -1.0 -1.0 -1.0 -1.0 -1.0 -1.0 2.419 2.698 6.333 630.779 0.939 1983.678 -0.7249574113431843 1.0
9.0 6.0 Car -1.0 -1.0 -1.0 -1.0 -1.0 -1.0 -1.0 2.278 2.359 6.189 632.518 0.649 1977.267 -0.7425154236963558 0.0
9.0 7.0 Truck -1.0 -1.0 -1.0 -1.0 -1.0 -1.0 -1.0 1.901 2.543 5.198 575.302 2.199 2029.19 -0.6976953683966078 1.0
9.0 12.0 Car -1.0 -1.0 -1.0 -1.0 -1.0 -1.0 -1.0 1.875 1.454 4.752 600.861 0.788 2002.078 -0.7329335660552251 0.0
9.0 18.0 Car -1.0 -1.0 -1.0 -1.0 -1.0 -1.0 -1.0 1.863 1.961 4.646 580.162 1.994 2033.126 -0.7190756519716105 1.0
9.0 17.0 Car -1.0 -1.0 -1.0 -1.0 -1.0 -1.0 -1.0 1.862 1.487 4.26 537.223 1.751 2038.671 2.5389653694261503 0.0
9.0 10.0 Car -1.0 -1.0 -1.0 -1.0 -1.0 -1.0 -1.0 1.895 1.599 4.33 589.522 1.344 2025.833 -0.3951774491272757 0.0
9.0 15.0 Car -1.0 -1.0 -1.0 -1.0 -1.0 -1.0 -1.0 1.856 1.455 4.551 602.719 0.661 2008.35 -0.7329335660552251 1.0
9.0 11.0 Car -1.0 -1.0 -1.0 -1.0 -1.0 -1.0 -1.0 1.903 1.446 4.688 589.651 1.056 2012.178 -0.7329335660552251 1.0
9.0 2.0 Car -1.0 -1.0 -1.0 -1.0 -1.0 -1.0 -1.0 2.262 2.0 5.364 599.253 1.043 2024.709 0.0755902099896637 0.0
9.0 14.0 Car -1.0 -1.0 -1.0 -1.0 -1.0 -1.0 -1.0 1.82 1.668 4.369 611.993 0.68 1991.538 -0.7329335660552251 0.0
9.0 1.0 Car -1.0 -1.0 -1.0 -1.0 -1.0 -1.0 -1.0 2.076 2.084 4.991 543.507 2.595 2053.523 -0.7374888753490118 0.0
9.0 8.0 Car -1.0 -1.0 -1.0 -1.0 -1.0 -1.0 -1.0 1.836 1.395 4.657 595.198 0.923 2011.054 -0.7329335660552251 1.0
9.0 3.0 Car -1.0 -1.0 -1.0 -1.0 -1.0 -1.0 -1.0 1.888 1.718 4.495 570.229 2.238 2040.96 -0.7160562324194943 1.0
9.0 16.0 Truck -1.0 -1.0 -1.0 -1.0 -1.0 -1.0 -1.0 2.419 2.698 6.333 634.173 0.963 1980.432 -0.7424107038631274 1.0
10.0 6.0 Car -1.0 -1.0 -1.0 -1.0 -1.0 -1.0 -1.0 2.278 2.359 6.189 637.485 0.549 1972.801 -0.7425154236963558 0.0
10.0 7.0 Truck -1.0 -1.0 -1.0 -1.0 -1.0 -1.0 -1.0 1.901 2.543 5.198 578.905 2.113 2025.987 -0.7253297482198513 1.0
10.0 12.0 Car -1.0 -1.0 -1.0 -1.0 -1.0 -1.0 -1.0 1.875 1.454 4.752 605.702 0.7 1997.723 -0.7329335660552251 0.0
10.0 18.0 Car -1.0 -1.0 -1.0 -1.0 -1.0 -1.0 -1.0 1.863 1.961 4.646 581.744 1.844 2031.773 -0.7190756519716105 1.0
10.0 17.0 Car -1.0 -1.0 -1.0 -1.0 -1.0 -1.0 -1.0 1.862 1.487 4.26 533.004 1.669 2041.188 2.6087785395059235 0.0
10.0 10.0 Car -1.0 -1.0 -1.0 -1.0 -1.0 -1.0 -1.0 1.895 1.599 4.33 591.066 1.294 2025.139 -0.3253642790475024 0.0
10.0 15.0 Car -1.0 -1.0 -1.0 -1.0 -1.0 -1.0 -1.0 1.856 1.455 4.551 607.088 0.571 2004.367 -0.7329335660552251 0.0
10.0 11.0 Car -1.0 -1.0 -1.0 -1.0 -1.0 -1.0 -1.0 1.903 1.446 4.688 594.164 0.937 2007.945 -0.7329335660552251 0.0
10.0 2.0 Car -1.0 -1.0 -1.0 -1.0 -1.0 -1.0 -1.0 2.262 2.0 5.364 600.979 0.893 2025.188 0.19776325762926694 0.0
10.0 14.0 Car -1.0 -1.0 -1.0 -1.0 -1.0 -1.0 -1.0 1.82 1.668 4.369 616.686 0.531 1987.241 -0.7329335660552251 0.0
10.0 1.0 Car -1.0 -1.0 -1.0 -1.0 -1.0 -1.0 -1.0 2.076 2.084 4.991 547.119 2.539 2050.95 -0.7374888753490118 1.0
10.0 8.0 Car -1.0 -1.0 -1.0 -1.0 -1.0 -1.0 -1.0 1.836 1.395 4.657 599.42 0.804 2007.181 -0.7329335660552251 0.0
10.0 3.0 Car -1.0 -1.0 -1.0 -1.0 -1.0 -1.0 -1.0 1.888 1.718 4.495 572.134 2.206 2039.538 -0.6986029398995514 1.0
10.0 16.0 Truck -1.0 -1.0 -1.0 -1.0 -1.0 -1.0 -1.0 2.419 2.698 6.333 637.663 0.988 1977.097 -0.7424107038631274 0.0
11.0 6.0 Car -1.0 -1.0 -1.0 -1.0 -1.0 -1.0 -1.0 2.278 2.359 6.189 642.482 0.449 1968.307 -0.7425154236963558 0.0
11.0 7.0 Truck -1.0 -1.0 -1.0 -1.0 -1.0 -1.0 -1.0 1.901 2.543 5.198 582.83 1.977 2022.467 -0.7267841892631798 1.0
11.0 12.0 Car -1.0 -1.0 -1.0 -1.0 -1.0 -1.0 -1.0 1.875 1.454 4.752 610.713 0.612 1993.215 -0.7329335660552251 0.0
11.0 18.0 Car -1.0 -1.0 -1.0 -1.0 -1.0 -1.0 -1.0 1.863 1.961 4.646 583.23 1.894 2030.505 -0.7190756519716105 1.0
11.0 5.0 Car -1.0 -1.0 -1.0 -1.0 -1.0 -1.0 -1.0 1.853 1.547 4.803 574.427 1.775 2030.303 -0.6758787527466792 0.0
11.0 17.0 Car -1.0 -1.0 -1.0 -1.0 -1.0 -1.0 -1.0 1.862 1.487 4.26 529.037 1.587 2043.556 2.6087785395059235 0.0
11.0 10.0 Car -1.0 -1.0 -1.0 -1.0 -1.0 -1.0 -1.0 1.895 1.599 4.33 592.744 1.244 2024.777 -0.3253642790475024 0.0
11.0 19.0 Car -1.0 -1.0 -1.0 -1.0 -1.0 -1.0 -1.0 2.074 1.958 4.804 560.278 2.236 2041.177 -0.7206464480603367 0.0
11.0 15.0 Car -1.0 -1.0 -1.0 -1.0 -1.0 -1.0 -1.0 1.856 1.455 4.551 611.579 0.533 2000.315 -0.7329335660552251 0.0
11.0 11.0 Car -1.0 -1.0 -1.0 -1.0 -1.0 -1.0 -1.0 1.903 1.446 4.688 598.794 0.818 2003.562 -0.7329335660552251 0.0
11.0 2.0 Car -1.0 -1.0 -1.0 -1.0 -1.0 -1.0 -1.0 2.262 2.0 5.364 602.546 0.656 2026.04 0.38974947534864346 0.0
11.0 14.0 Car -1.0 -1.0 -1.0 -1.0 -1.0 -1.0 -1.0 1.82 1.668 4.369 621.427 0.382 1982.818 -0.7329335660552251 0.0
11.0 1.0 Car -1.0 -1.0 -1.0 -1.0 -1.0 -1.0 -1.0 2.076 2.084 4.991 550.73 2.483 2048.378 -0.7374888753490118 1.0
11.0 8.0 Car -1.0 -1.0 -1.0 -1.0 -1.0 -1.0 -1.0 1.836 1.395 4.657 603.85 0.719 2003.145 -0.7329335660552251 0.0
11.0 3.0 Car -1.0 -1.0 -1.0 -1.0 -1.0 -1.0 -1.0 1.888 1.718 4.495 574.025 2.175 2038.1 -0.6927851757262369 1.0
11.0 16.0 Truck -1.0 -1.0 -1.0 -1.0 -1.0 -1.0 -1.0 2.419 2.698 6.333 641.361 1.012 1973.925 -0.7424107038631274 0.0
12.0 6.0 Car -1.0 -1.0 -1.0 -1.0 -1.0 -1.0 -1.0 2.278 2.359 6.189 647.48 0.399 1963.812 -0.7425154236963558 0.0
12.0 7.0 Truck -1.0 -1.0 -1.0 -1.0 -1.0 -1.0 -1.0 1.901 2.543 5.198 586.755 1.841 2018.947 -0.7282386303065085 1.0
12.0 12.0 Car -1.0 -1.0 -1.0 -1.0 -1.0 -1.0 -1.0 1.875 1.454 4.752 615.798 0.424 1988.642 -0.7329335660552251 0.0
12.0 18.0 Car -1.0 -1.0 -1.0 -1.0 -1.0 -1.0 -1.0 1.863 1.961 4.646 584.956 1.794 2029.026 -0.7190756519716105 1.0
12.0 5.0 Car -1.0 -1.0 -1.0 -1.0 -1.0 -1.0 -1.0 1.853 1.547 4.803 578.561 1.645 2026.827 -0.7033053552780184 1.0
12.0 17.0 Car -1.0 -1.0 -1.0 -1.0 -1.0 -1.0 -1.0 1.862 1.487 4.26 524.99 1.505 2045.904 2.6087785395059235 0.0
12.0 10.0 Car -1.0 -1.0 -1.0 -1.0 -1.0 -1.0 -1.0 1.895 1.599 4.33 594.548 1.144 2024.494 -0.15083135384806926 0.0
12.0 19.0 Car -1.0 -1.0 -1.0 -1.0 -1.0 -1.0 -1.0 2.074 1.958 4.804 564.45 2.146 2037.64 -0.7206464480603367 1.0
12.0 15.0 Car -1.0 -1.0 -1.0 -1.0 -1.0 -1.0 -1.0 1.856 1.455 4.551 616.155 0.445 1996.123 -0.7329335660552251 0.0
12.0 11.0 Car -1.0 -1.0 -1.0 -1.0 -1.0 -1.0 -1.0 1.903 1.446 4.688 603.49 0.767 1999.114 -0.7329335660552251 0.0
12.0 2.0 Car -1.0 -1.0 -1.0 -1.0 -1.0 -1.0 -1.0 2.262 2.0 5.364 604.37 0.57 2027.239 0.58173569306802 0.0
12.0 14.0 Car -1.0 -1.0 -1.0 -1.0 -1.0 -1.0 -1.0 1.82 1.668 4.369 626.324 0.322 1978.304 -0.7329335660552251 0.0
12.0 1.0 Car -1.0 -1.0 -1.0 -1.0 -1.0 -1.0 -1.0 2.076 2.084 4.991 554.342 2.428 2045.805 -0.7374888753490118 1.0
12.0 8.0 Car -1.0 -1.0 -1.0 -1.0 -1.0 -1.0 -1.0 1.836 1.395 4.657 608.129 0.578 1999.205 -0.7329335660552251 0.0
12.0 3.0 Car -1.0 -1.0 -1.0 -1.0 -1.0 -1.0 -1.0 1.888 1.718 4.495 575.915 2.143 2036.663 -0.6869674115529226 1.0
12.0 16.0 Truck -1.0 -1.0 -1.0 -1.0 -1.0 -1.0 -1.0 2.419 2.698 6.333 645.031 0.986 1970.721 -0.7424107038631274 0.0
13.0 6.0 Car -1.0 -1.0 -1.0 -1.0 -1.0 -1.0 -1.0 2.278 2.359 6.189 652.501 0.399 1959.47 -0.7425154236963558 0.0
13.0 7.0 Truck -1.0 -1.0 -1.0 -1.0 -1.0 -1.0 -1.0 1.901 2.543 5.198 590.844 1.709 2015.236 -0.7380561073489766 1.0
13.0 12.0 Car -1.0 -1.0 -1.0 -1.0 -1.0 -1.0 -1.0 1.875 1.454 4.752 620.93 0.336 1984.025 -0.7329335660552251 0.0
13.0 18.0 Car -1.0 -1.0 -1.0 -1.0 -1.0 -1.0 -1.0 1.863 1.961 4.646 586.573 1.727 2027.774 -0.6550802460651526 1.0
13.0 5.0 Car -1.0 -1.0 -1.0 -1.0 -1.0 -1.0 -1.0 1.853 1.547 4.803 582.599 1.516 2023.24 -0.7307319578093576 1.0
13.0 17.0 Car -1.0 -1.0 -1.0 -1.0 -1.0 -1.0 -1.0 1.862 1.487 4.26 521.055 1.422 2048.152 2.6087785395059235 0.0
13.0 10.0 Car -1.0 -1.0 -1.0 -1.0 -1.0 -1.0 -1.0 1.895 1.599 4.33 596.429 1.144 2024.507 -0.04611159872840931 0.0
13.0 19.0 Car -1.0 -1.0 -1.0 -1.0 -1.0 -1.0 -1.0 2.074 1.958 4.804 568.808 1.976 2033.913 -0.7206464480603367 1.0
13.0 15.0 Car -1.0 -1.0 -1.0 -1.0 -1.0 -1.0 -1.0 1.856 1.455 4.551 620.987 0.356 1991.561 -0.7329335660552251 0.0
13.0 11.0 Car -1.0 -1.0 -1.0 -1.0 -1.0 -1.0 -1.0 1.903 1.446 4.688 608.328 0.666 1994.583 -0.7329335660552251 0.0
13.0 2.0 Car -1.0 -1.0 -1.0 -1.0 -1.0 -1.0 -1.0 2.262 2.0 5.364 606.321 0.484 2028.815 0.7039087407076233 0.0
13.0 14.0 Car -1.0 -1.0 -1.0 -1.0 -1.0 -1.0 -1.0 1.82 1.668 4.369 631.421 0.261 1973.609 -0.7329335660552251 0.0
13.0 1.0 Car -1.0 -1.0 -1.0 -1.0 -1.0 -1.0 -1.0 2.076 2.084 4.991 558.233 2.322 2042.72 -0.7374888753490118 1.0
13.0 20.0 Car -1.0 -1.0 -1.0 -1.0 -1.0 -1.0 -1.0 1.79 1.606 4.185 559.141 2.007 2038.036 -0.7380997405802798 0.0
13.0 8.0 Car -1.0 -1.0 -1.0 -1.0 -1.0 -1.0 -1.0 1.836 1.395 4.657 612.933 0.473 1994.794 -0.7329335660552251 0.0
13.0 3.0 Car -1.0 -1.0 -1.0 -1.0 -1.0 -1.0 -1.0 1.888 1.718 4.495 577.806 2.112 2035.225 -0.6811496473796081 1.0
13.0 16.0 Truck -1.0 -1.0 -1.0 -1.0 -1.0 -1.0 -1.0 2.419 2.698 6.333 648.735 0.861 1967.426 -0.7424107038631274 0.0
13.0 4.0 Car -1.0 -1.0 -1.0 -1.0 -1.0 -1.0 -1.0 1.805 1.638 4.456 567.666 2.175 2039.81 -0.7200355828290688 0.0
14.0 6.0 Car -1.0 -1.0 -1.0 -1.0 -1.0 -1.0 -1.0 2.278 2.359 6.189 657.812 0.449 1955.033 -0.7337887774363843 0.0
14.0 7.0 Truck -1.0 -1.0 -1.0 -1.0 -1.0 -1.0 -1.0 1.901 2.543 5.198 594.933 1.577 2011.526 -0.7478735843914448 1.0
14.0 12.0 Car -1.0 -1.0 -1.0 -1.0 -1.0 -1.0 -1.0 1.875 1.454 4.752 626.211 0.249 1979.23 -0.7329335660552251 0.0
14.0 18.0 Car -1.0 -1.0 -1.0 -1.0 -1.0 -1.0 -1.0 1.863 1.961 4.646 588.267 1.661 2026.629 -0.5910848401586944 0.0
14.0 5.0 Car -1.0 -1.0 -1.0 -1.0 -1.0 -1.0 -1.0 1.853 1.547 4.803 586.537 1.387 2019.543 -0.7581585603406967 1.0
14.0 10.0 Car -1.0 -1.0 -1.0 -1.0 -1.0 -1.0 -1.0 1.895 1.599 4.33 598.352 0.994 2024.886 0.1284213264710239 0.0
14.0 19.0 Car -1.0 -1.0 -1.0 -1.0 -1.0 -1.0 -1.0 2.074 1.958 4.804 573.264 1.806 2030.099 -0.7206464480603367 1.0
14.0 15.0 Car -1.0 -1.0 -1.0 -1.0 -1.0 -1.0 -1.0 1.856 1.455 4.551 626.325 0.267 1986.671 -0.7329335660552251 0.0
14.0 11.0 Car -1.0 -1.0 -1.0 -1.0 -1.0 -1.0 -1.0 1.903 1.446 4.688 613.429 0.478 1989.864 -0.7329335660552251 0.0
14.0 2.0 Car -1.0 -1.0 -1.0 -1.0 -1.0 -1.0 -1.0 2.262 2.0 5.364 608.333 0.248 2030.83 0.7039087407076233 0.0
14.0 14.0 Car -1.0 -1.0 -1.0 -1.0 -1.0 -1.0 -1.0 1.82 1.668 4.369 636.23 0.201 1969.133 -0.7329335660552251 0.0
14.0 1.0 Car -1.0 -1.0 -1.0 -1.0 -1.0 -1.0 -1.0 2.076 2.084 4.991 562.583 2.316 2039.219 -0.7374888753490118 1.0
14.0 20.0 Car -1.0 -1.0 -1.0 -1.0 -1.0 -1.0 -1.0 1.79 1.606 4.185 565.086 1.876 2033.08 -0.7380997405802798 1.0
14.0 8.0 Car -1.0 -1.0 -1.0 -1.0 -1.0 -1.0 -1.0 1.836 1.395 4.657 617.567 0.368 1990.579 -0.7329335660552251 0.0
14.0 3.0 Car -1.0 -1.0 -1.0 -1.0 -1.0 -1.0 -1.0 1.888 1.718 4.495 579.436 2.006 2033.804 -0.7044207040728656 1.0
14.0 16.0 Truck -1.0 -1.0 -1.0 -1.0 -1.0 -1.0 -1.0 2.419 2.698 6.333 652.474 0.735 1964.04 -0.7424107038631274 0.0
14.0 4.0 Car -1.0 -1.0 -1.0 -1.0 -1.0 -1.0 -1.0 1.805 1.638 4.456 571.233 2.069 2036.716 -0.7200355828290688 1.0
15.0 7.0 Truck -1.0 -1.0 -1.0 -1.0 -1.0 -1.0 -1.0 1.901 2.543 5.198 599.367 1.444 2007.506 -0.7402377689139693 1.0
15.0 12.0 Car -1.0 -1.0 -1.0 -1.0 -1.0 -1.0 -1.0 1.875 1.454 4.752 631.488 0.211 1974.527 -0.7329335660552251 0.0
15.0 18.0 Car -1.0 -1.0 -1.0 -1.0 -1.0 -1.0 -1.0 1.863 1.961 4.646 589.828 1.594 2025.395 -0.5794493118120658 0.0
15.0 5.0 Car -1.0 -1.0 -1.0 -1.0 -1.0 -1.0 -1.0 1.853 1.547 4.803 590.912 1.229 2015.726 -0.7550419009621355 0.0
15.0 10.0 Car -1.0 -1.0 -1.0 -1.0 -1.0 -1.0 -1.0 1.895 1.599 4.33 600.542 0.713 2025.684 0.3029542516704571 0.0
15.0 19.0 Car -1.0 -1.0 -1.0 -1.0 -1.0 -1.0 -1.0 2.074 1.958 4.804 577.721 1.686 2026.284 -0.7206464480603367 1.0
15.0 15.0 Car -1.0 -1.0 -1.0 -1.0 -1.0 -1.0 -1.0 1.856 1.455 4.551 630.006 0.178 1983.376 -0.7329335660552251 0.0
15.0 11.0 Car -1.0 -1.0 -1.0 -1.0 -1.0 -1.0 -1.0 1.903 1.446 4.688 618.723 0.39 1984.972 -0.7329335660552251 0.0
15.0 14.0 Car -1.0 -1.0 -1.0 -1.0 -1.0 -1.0 -1.0 1.82 1.668 4.369 641.286 0.14 1964.435 -0.7329335660552251 0.0
15.0 1.0 Car -1.0 -1.0 -1.0 -1.0 -1.0 -1.0 -1.0 2.076 2.084 4.991 566.559 2.237 2036.057 -0.7374888753490118 1.0
15.0 20.0 Car -1.0 -1.0 -1.0 -1.0 -1.0 -1.0 -1.0 1.79 1.606 4.185 571.007 1.69 2028.146 -0.7380997405802798 1.0
15.0 8.0 Car -1.0 -1.0 -1.0 -1.0 -1.0 -1.0 -1.0 1.836 1.395 4.657 622.287 0.264 1986.226 -0.7329335660552251 0.0
15.0 3.0 Car -1.0 -1.0 -1.0 -1.0 -1.0 -1.0 -1.0 1.888 1.718 4.495 581.065 1.9 2032.384 -0.7102384682461799 1.0
15.0 16.0 Truck -1.0 -1.0 -1.0 -1.0 -1.0 -1.0 -1.0 2.419 2.698 6.333 656.887 0.609 1960.036 -0.7424107038631274 0.0
15.0 4.0 Car -1.0 -1.0 -1.0 -1.0 -1.0 -1.0 -1.0 1.805 1.638 4.456 574.8 1.912 2033.621 -0.7200355828290688 1.0
16.0 7.0 Truck -1.0 -1.0 -1.0 -1.0 -1.0 -1.0 -1.0 1.901 2.543 5.198 603.801 1.312 2003.486 -0.7326019534364944 0.0
16.0 12.0 Car -1.0 -1.0 -1.0 -1.0 -1.0 -1.0 -1.0 1.875 1.454 4.752 636.574 0.223 1969.908 -0.7329335660552251 0.0
16.0 18.0 Car -1.0 -1.0 -1.0 -1.0 -1.0 -1.0 -1.0 1.863 1.961 4.646 591.496 1.477 2024.568 -0.45727626417246414 0.0
16.0 5.0 Car -1.0 -1.0 -1.0 -1.0 -1.0 -1.0 -1.0 1.853 1.547 4.803 595.287 1.071 2011.908 -0.751925241583574 0.0
16.0 9.0 Car -1.0 -1.0 -1.0 -1.0 -1.0 -1.0 -1.0 1.891 1.657 4.725 556.23 2.001 2043.804 -0.72932073470247 0.0
16.0 10.0 Car -1.0 -1.0 -1.0 -1.0 -1.0 -1.0 -1.0 1.895 1.599 4.33 602.56 0.431 2026.851 0.4774871768698903 0.0
16.0 19.0 Car -1.0 -1.0 -1.0 -1.0 -1.0 -1.0 -1.0 2.074 1.958 4.804 582.277 1.566 2022.383 -0.7206464480603367 1.0
16.0 15.0 Car -1.0 -1.0 -1.0 -1.0 -1.0 -1.0 -1.0 1.856 1.455 4.551 634.592 0.09 1979.308 -0.7329335660552251 0.0
16.0 11.0 Car -1.0 -1.0 -1.0 -1.0 -1.0 -1.0 -1.0 1.903 1.446 4.688 624.232 0.253 1979.887 -0.7329335660552251 0.0
16.0 14.0 Car -1.0 -1.0 -1.0 -1.0 -1.0 -1.0 -1.0 1.82 1.668 4.369 646.408 0.13 1959.677 -0.7329335660552251 0.0
16.0 1.0 Car -1.0 -1.0 -1.0 -1.0 -1.0 -1.0 -1.0 2.076 2.084 4.991 570.803 2.09 2032.884 -0.7374888753490118 1.0
16.0 20.0 Car -1.0 -1.0 -1.0 -1.0 -1.0 -1.0 -1.0 1.79 1.606 4.185 576.614 1.455 2023.381 -0.7380997405802798 0.0
16.0 8.0 Car -1.0 -1.0 -1.0 -1.0 -1.0 -1.0 -1.0 1.836 1.395 4.657 627.126 0.16 1981.766 -0.7329335660552251 0.0
16.0 3.0 Car -1.0 -1.0 -1.0 -1.0 -1.0 -1.0 -1.0 1.888 1.718 4.495 582.695 1.794 2030.963 -0.7160562324194943 1.0
16.0 16.0 Truck -1.0 -1.0 -1.0 -1.0 -1.0 -1.0 -1.0 2.419 2.698 6.333 661.533 0.484 1955.64 -0.7424107038631274 0.0
16.0 4.0 Car -1.0 -1.0 -1.0 -1.0 -1.0 -1.0 -1.0 1.805 1.638 4.456 578.367 1.756 2030.527 -0.7200355828290688 1.0
17.0 7.0 Truck -1.0 -1.0 -1.0 -1.0 -1.0 -1.0 -1.0 1.901 2.543 5.198 608.442 1.255 1999.279 -0.7336927842189905 0.0
17.0 18.0 Car -1.0 -1.0 -1.0 -1.0 -1.0 -1.0 -1.0 1.863 1.961 4.646 593.116 1.486 2024.022 -0.3176499240129178 0.0
17.0 5.0 Car -1.0 -1.0 -1.0 -1.0 -1.0 -1.0 -1.0 1.853 1.547 4.803 599.661 0.912 2008.091 -0.7488085822050126 0.0
17.0 9.0 Car -1.0 -1.0 -1.0 -1.0 -1.0 -1.0 -1.0 1.891 1.657 4.725 560.842 2.08 2040.833 -0.72932073470247 1.0
17.0 10.0 Car -1.0 -1.0 -1.0 -1.0 -1.0 -1.0 -1.0 1.895 1.599 4.33 604.931 0.25 2028.335 0.5473003469496637 0.0
17.0 19.0 Car -1.0 -1.0 -1.0 -1.0 -1.0 -1.0 -1.0 2.074 1.958 4.804 586.644 1.446 2018.516 -0.7206464480603367 1.0
17.0 15.0 Car -1.0 -1.0 -1.0 -1.0 -1.0 -1.0 -1.0 1.856 1.455 4.551 639.306 0.101 1975.125 -0.7329335660552251 0.0
17.0 11.0 Car -1.0 -1.0 -1.0 -1.0 -1.0 -1.0 -1.0 1.903 1.446 4.688 629.571 0.215 1974.997 -0.7329335660552251 0.0
17.0 1.0 Car -1.0 -1.0 -1.0 -1.0 -1.0 -1.0 -1.0 2.076 2.084 4.991 574.218 1.943 2029.768 -0.7374888753490118 1.0
17.0 20.0 Car -1.0 -1.0 -1.0 -1.0 -1.0 -1.0 -1.0 1.79 1.606 4.185 582.787 1.319 2017.869 -0.7380997405802798 0.0
17.0 8.0 Car -1.0 -1.0 -1.0 -1.0 -1.0 -1.0 -1.0 1.836 1.395 4.657 631.941 0.056 1977.328 -0.7329335660552251 0.0
17.0 3.0 Car -1.0 -1.0 -1.0 -1.0 -1.0 -1.0 -1.0 1.888 1.718 4.495 584.679 1.671 2029.182 -0.6636963548596649 1.0
17.0 16.0 Truck -1.0 -1.0 -1.0 -1.0 -1.0 -1.0 -1.0 2.419 2.698 6.333 666.65 0.408 1951.049 -0.7249574113431843 0.0
17.0 4.0 Car -1.0 -1.0 -1.0 -1.0 -1.0 -1.0 -1.0 1.805 1.638 4.456 582.361 1.6 2026.895 -0.7243989059590543 1.0
18.0 7.0 Truck -1.0 -1.0 -1.0 -1.0 -1.0 -1.0 -1.0 1.901 2.543 5.198 613.082 1.198 1995.073 -0.7347836150014873 0.0
18.0 18.0 Car -1.0 -1.0 -1.0 -1.0 -1.0 -1.0 -1.0 1.863 1.961 4.646 594.898 1.394 2023.687 -0.21293016889325786 0.0
18.0 5.0 Car -1.0 -1.0 -1.0 -1.0 -1.0 -1.0 -1.0 1.853 1.547 4.803 604.036 0.754 2004.273 -0.7456919228264515 0.0
18.0 9.0 Car -1.0 -1.0 -1.0 -1.0 -1.0 -1.0 -1.0 1.891 1.657 4.725 564.97 2.104 2037.27 -0.72932073470247 1.0
18.0 19.0 Car -1.0 -1.0 -1.0 -1.0 -1.0 -1.0 -1.0 2.074 1.958 4.804 590.951 1.326 2014.482 -0.7206464480603367 0.0
18.0 15.0 Car -1.0 -1.0 -1.0 -1.0 -1.0 -1.0 -1.0 1.856 1.455 4.551 644.02 0.112 1970.942 -0.7329335660552251 0.0
18.0 11.0 Car -1.0 -1.0 -1.0 -1.0 -1.0 -1.0 -1.0 1.903 1.446 4.688 635.101 0.228 1969.936 -0.7329335660552251 0.0
18.0 1.0 Car -1.0 -1.0 -1.0 -1.0 -1.0 -1.0 -1.0 2.076 2.084 4.991 578.852 1.796 2025.544 -0.7374888753490118 1.0
18.0 20.0 Car -1.0 -1.0 -1.0 -1.0 -1.0 -1.0 -1.0 1.79 1.606 4.185 588.746 1.133 2012.55 -0.7380997405802798 0.0
18.0 8.0 Car -1.0 -1.0 -1.0 -1.0 -1.0 -1.0 -1.0 1.836 1.395 4.657 636.97 0.152 1972.696 -0.7329335660552251 0.0
18.0 3.0 Car -1.0 -1.0 -1.0 -1.0 -1.0 -1.0 -1.0 1.888 1.718 4.495 586.258 1.649 2027.887 -0.6113364772998358 0.0
18.0 16.0 Truck -1.0 -1.0 -1.0 -1.0 -1.0 -1.0 -1.0 2.419 2.698 6.333 670.364 0.632 1947.7 -0.7249574113431843 0.0
18.0 4.0 Car -1.0 -1.0 -1.0 -1.0 -1.0 -1.0 -1.0 1.805 1.638 4.456 586.354 1.443 2023.264 -0.7287622290890402 1.0
19.0 7.0 Truck -1.0 -1.0 -1.0 -1.0 -1.0 -1.0 -1.0 1.901 2.543 5.198 617.859 1.09 1990.743 -0.7358744457839839 0.0
19.0 18.0 Car -1.0 -1.0 -1.0 -1.0 -1.0 -1.0 -1.0 1.863 1.961 4.646 597.072 1.227 2023.642 -0.05585053621376801 0.0
19.0 5.0 Car -1.0 -1.0 -1.0 -1.0 -1.0 -1.0 -1.0 1.853 1.547 4.803 609.117 0.674 1999.959 -0.7330867671176038 0.0
19.0 9.0 Car -1.0 -1.0 -1.0 -1.0 -1.0 -1.0 -1.0 1.891 1.657 4.725 569.122 1.928 2033.686 -0.72932073470247 1.0
19.0 19.0 Car -1.0 -1.0 -1.0 -1.0 -1.0 -1.0 -1.0 2.074 1.958 4.804 595.199 1.206 2010.63 -0.7206464480603367 0.0
19.0 15.0 Car -1.0 -1.0 -1.0 -1.0 -1.0 -1.0 -1.0 1.856 1.455 4.551 648.711 0.123 1966.78 -0.7329335660552251 0.0
19.0 11.0 Car -1.0 -1.0 -1.0 -1.0 -1.0 -1.0 -1.0 1.903 1.446 4.688 640.646 0.24 1965.035 -0.7329335660552251 0.0
19.0 1.0 Car -1.0 -1.0 -1.0 -1.0 -1.0 -1.0 -1.0 2.076 2.084 4.991 583.452 1.649 2021.537 -0.7374888753490118 1.0
19.0 20.0 Car -1.0 -1.0 -1.0 -1.0 -1.0 -1.0 -1.0 1.79 1.606 4.185 594.794 0.998 2007.072 -0.7380997405802798 0.0
19.0 8.0 Car -1.0 -1.0 -1.0 -1.0 -1.0 -1.0 -1.0 1.836 1.395 4.657 641.928 0.248 1968.129 -0.7329335660552251 0.0
19.0 3.0 Car -1.0 -1.0 -1.0 -1.0 -1.0 -1.0 -1.0 1.888 1.718 4.495 588.115 1.576 2026.6 -0.5502499534800349 0.0
19.0 16.0 Truck -1.0 -1.0 -1.0 -1.0 -1.0 -1.0 -1.0 2.419 2.698 6.333 674.013 0.656 1944.409 -0.7249574113431843 0.0
19.0 4.0 Car -1.0 -1.0 -1.0 -1.0 -1.0 -1.0 -1.0 1.805 1.638 4.456 590.348 1.287 2019.632 -0.7331255522190262 1.0
20.0 7.0 Truck -1.0 -1.0 -1.0 -1.0 -1.0 -1.0 -1.0 1.901 2.543 5.198 622.637 0.983 1986.412 -0.73696527656648 0.0
20.0 18.0 Car -1.0 -1.0 -1.0 -1.0 -1.0 -1.0 -1.0 1.863 1.961 4.646 599.352 1.091 2023.973 0.10122909646572188 0.0
20.0 5.0 Car -1.0 -1.0 -1.0 -1.0 -1.0 -1.0 -1.0 1.853 1.547 4.803 614.197 0.594 1995.644 -0.720481611408756 0.0
20.0 9.0 Car -1.0 -1.0 -1.0 -1.0 -1.0 -1.0 -1.0 1.891 1.657 4.725 573.436 1.751 2030.088 -0.72932073470247 1.0
20.0 19.0 Car -1.0 -1.0 -1.0 -1.0 -1.0 -1.0 -1.0 2.074 1.958 4.804 598.981 1.146 2007.321 -0.7206464480603367 0.0
20.0 15.0 Car -1.0 -1.0 -1.0 -1.0 -1.0 -1.0 -1.0 1.856 1.455 4.551 653.26 0.135 1962.788 -0.7329335660552251 0.0
20.0 11.0 Car -1.0 -1.0 -1.0 -1.0 -1.0 -1.0 -1.0 1.903 1.446 4.688 645.784 0.252 1960.066 -0.7329335660552251 0.0
20.0 1.0 Car -1.0 -1.0 -1.0 -1.0 -1.0 -1.0 -1.0 2.076 2.084 4.991 587.805 1.502 2017.615 -0.7374888753490118 1.0
20.0 20.0 Car -1.0 -1.0 -1.0 -1.0 -1.0 -1.0 -1.0 1.79 1.606 4.185 600.93 0.862 2001.476 -0.7380997405802798 0.0
20.0 8.0 Car -1.0 -1.0 -1.0 -1.0 -1.0 -1.0 -1.0 1.836 1.395 4.657 646.91 0.194 1963.541 -0.7329335660552242 0.0
20.0 3.0 Car -1.0 -1.0 -1.0 -1.0 -1.0 -1.0 -1.0 1.888 1.718 4.495 590.047 1.504 2025.429 -0.4891634296602341 0.0
20.0 16.0 Truck -1.0 -1.0 -1.0 -1.0 -1.0 -1.0 -1.0 2.419 2.698 6.333 677.543 0.681 1941.05 -0.7249574113431843 0.0
20.0 4.0 Car -1.0 -1.0 -1.0 -1.0 -1.0 -1.0 -1.0 1.805 1.638 4.456 594.341 1.13 2016.0 -0.7374888753490118 0.0
21.0 7.0 Truck -1.0 -1.0 -1.0 -1.0 -1.0 -1.0 -1.0 1.901 2.543 5.198 627.552 0.882 1981.974 -0.7380561073489761 0.0
21.0 18.0 Car -1.0 -1.0 -1.0 -1.0 -1.0 -1.0 -1.0 1.863 1.961 4.646 601.552 0.954 2024.657 0.2583087291452118 0.0
21.0 5.0 Car -1.0 -1.0 -1.0 -1.0 -1.0 -1.0 -1.0 1.853 1.547 4.803 620.203 0.473 1990.565 -0.7224208661331941 0.0
21.0 0.0 Truck -1.0 -1.0 -1.0 -1.0 -1.0 -1.0 -1.0 1.964 2.021 5.008 561.008 2.217 2036.616 -0.72932073470247 0.0
21.0 9.0 Car -1.0 -1.0 -1.0 -1.0 -1.0 -1.0 -1.0 1.891 1.657 4.725 577.561 1.575 2026.571 -0.72932073470247 1.0
21.0 19.0 Car -1.0 -1.0 -1.0 -1.0 -1.0 -1.0 -1.0 2.074 1.958 4.804 603.643 0.986 2002.93 -0.7555530331002238 0.0
21.0 15.0 Car -1.0 -1.0 -1.0 -1.0 -1.0 -1.0 -1.0 1.856 1.455 4.551 657.926 -0.004 1958.691 -0.7329335660552251 0.0
21.0 11.0 Car -1.0 -1.0 -1.0 -1.0 -1.0 -1.0 -1.0 1.903 1.446 4.688 651.113 0.165 1954.926 -0.7329335660552251 0.0
21.0 1.0 Car -1.0 -1.0 -1.0 -1.0 -1.0 -1.0 -1.0 2.076 2.084 4.991 592.462 1.354 2013.466 -0.7374888753490118 1.0
21.0 20.0 Car -1.0 -1.0 -1.0 -1.0 -1.0 -1.0 -1.0 1.79 1.606 4.185 607.037 0.76 1995.985 -0.7380997405802798 0.0
21.0 8.0 Car -1.0 -1.0 -1.0 -1.0 -1.0 -1.0 -1.0 1.836 1.395 4.657 651.867 0.14 1958.974 -0.7329335660552242 0.0
21.0 3.0 Car -1.0 -1.0 -1.0 -1.0 -1.0 -1.0 -1.0 1.888 1.718 4.495 591.799 1.356 2024.463 -0.41935025958046174 0.0
21.0 16.0 Truck -1.0 -1.0 -1.0 -1.0 -1.0 -1.0 -1.0 2.419 2.698 6.333 681.221 0.705 1937.791 -0.7249574113431843 0.0
21.0 4.0 Car -1.0 -1.0 -1.0 -1.0 -1.0 -1.0 -1.0 1.805 1.638 4.456 598.833 0.924 2011.846 -0.7374888753490118 0.0
22.0 7.0 Truck -1.0 -1.0 -1.0 -1.0 -1.0 -1.0 -1.0 1.901 2.543 5.198 632.467 0.781 1977.536 -0.7391469381314727 0.0
22.0 18.0 Car -1.0 -1.0 -1.0 -1.0 -1.0 -1.0 -1.0 1.863 1.961 4.646 602.997 0.873 2025.514 0.4852015319044749 0.0
22.0 5.0 Car -1.0 -1.0 -1.0 -1.0 -1.0 -1.0 -1.0 1.853 1.547 4.803 626.209 0.351 1985.486 -0.7243601208576322 0.0
22.0 0.0 Truck -1.0 -1.0 -1.0 -1.0 -1.0 -1.0 -1.0 1.964 2.021 5.008 567.571 2.011 2031.325 -0.72932073470247 1.0
22.0 9.0 Car -1.0 -1.0 -1.0 -1.0 -1.0 -1.0 -1.0 1.891 1.657 4.725 582.179 1.499 2022.352 -0.72932073470247 1.0
22.0 19.0 Car -1.0 -1.0 -1.0 -1.0 -1.0 -1.0 -1.0 2.074 1.958 4.804 607.768 0.826 1999.319 -0.7555530331002238 0.0
22.0 1.0 Car -1.0 -1.0 -1.0 -1.0 -1.0 -1.0 -1.0 2.076 2.084 4.991 597.043 1.144 2009.386 -0.7374888753490118 1.0
22.0 20.0 Car -1.0 -1.0 -1.0 -1.0 -1.0 -1.0 -1.0 1.79 1.606 4.185 613.262 0.607 1990.309 -0.7380997405802798 0.0
22.0 13.0 Car -1.0 -1.0 -1.0 -1.0 -1.0 -1.0 -1.0 1.756 1.547 4.313 563.783 2.02 2038.669 -0.72932073470247 0.0
22.0 3.0 Car -1.0 -1.0 -1.0 -1.0 -1.0 -1.0 -1.0 1.888 1.718 4.495 593.733 1.309 2023.835 -0.2448173343810287 0.0
22.0 4.0 Car -1.0 -1.0 -1.0 -1.0 -1.0 -1.0 -1.0 1.805 1.638 4.456 603.396 0.818 2007.586 -0.7374888753490118 0.0
23.0 7.0 Truck -1.0 -1.0 -1.0 -1.0 -1.0 -1.0 -1.0 1.901 2.543 5.198 637.334 0.76 1973.018 -0.7402377689139693 0.0
23.0 18.0 Car -1.0 -1.0 -1.0 -1.0 -1.0 -1.0 -1.0 1.863 1.961 4.646 605.261 0.613 2027.161 0.6248278720640215 0.0
23.0 5.0 Car -1.0 -1.0 -1.0 -1.0 -1.0 -1.0 -1.0 1.853 1.547 4.803 632.216 0.23 1980.407 -0.7262993755820703 0.0
23.0 0.0 Truck -1.0 -1.0 -1.0 -1.0 -1.0 -1.0 -1.0 1.964 2.021 5.008 573.966 1.702 2025.814 -0.72932073470247 0.0
23.0 9.0 Car -1.0 -1.0 -1.0 -1.0 -1.0 -1.0 -1.0 1.891 1.657 4.725 586.763 1.32 2018.295 -0.72932073470247 1.0
23.0 19.0 Car -1.0 -1.0 -1.0 -1.0 -1.0 -1.0 -1.0 2.074 1.958 4.804 612.066 0.806 1995.361 -0.7555530331002238 0.0
23.0 1.0 Car -1.0 -1.0 -1.0 -1.0 -1.0 -1.0 -1.0 2.076 2.084 4.991 601.654 1.081 2005.187 -0.7374888753490118 1.0
23.0 20.0 Car -1.0 -1.0 -1.0 -1.0 -1.0 -1.0 -1.0 1.79 1.606 4.185 619.359 0.405 1984.75 -0.7380997405802798 0.0
23.0 13.0 Car -1.0 -1.0 -1.0 -1.0 -1.0 -1.0 -1.0 1.756 1.547 4.313 568.07 1.879 2034.935 -0.72932073470247 1.0
23.0 3.0 Car -1.0 -1.0 -1.0 -1.0 -1.0 -1.0 -1.0 1.888 1.718 4.495 595.748 1.261 2023.551 -0.07028440918159573 0.0
23.0 4.0 Car -1.0 -1.0 -1.0 -1.0 -1.0 -1.0 -1.0 1.805 1.638 4.456 607.954 0.711 2003.413 -0.7374888753490118 0.0
24.0 7.0 Truck -1.0 -1.0 -1.0 -1.0 -1.0 -1.0 -1.0 1.901 2.543 5.198 642.482 0.813 1968.34 -0.741328599696466 0.0
24.0 18.0 Car -1.0 -1.0 -1.0 -1.0 -1.0 -1.0 -1.0 1.863 1.961 4.646 607.274 0.354 2029.107 0.764454212223568 0.0
24.0 5.0 Car -1.0 -1.0 -1.0 -1.0 -1.0 -1.0 -1.0 1.853 1.547 4.803 636.635 0.192 1976.31 -0.7224208661331936 0.0
24.0 0.0 Truck -1.0 -1.0 -1.0 -1.0 -1.0 -1.0 -1.0 1.964 2.021 5.008 580.196 1.743 2020.221 -0.72932073470247 0.0
24.0 9.0 Car -1.0 -1.0 -1.0 -1.0 -1.0 -1.0 -1.0 1.891 1.657 4.725 591.449 1.191 2014.059 -0.72932073470247 1.0
24.0 19.0 Car -1.0 -1.0 -1.0 -1.0 -1.0 -1.0 -1.0 2.074 1.958 4.804 616.588 0.706 1991.304 -0.7555530331002238 0.0
24.0 1.0 Car -1.0 -1.0 -1.0 -1.0 -1.0 -1.0 -1.0 2.076 2.084 4.991 606.161 0.955 2001.139 -0.7374888753490118 0.0
24.0 20.0 Car -1.0 -1.0 -1.0 -1.0 -1.0 -1.0 -1.0 1.79 1.606 4.185 625.476 0.304 1979.211 -0.7380997405802798 0.0
24.0 13.0 Car -1.0 -1.0 -1.0 -1.0 -1.0 -1.0 -1.0 1.756 1.547 4.313 572.358 1.737 2031.202 -0.72932073470247 1.0
24.0 3.0 Car -1.0 -1.0 -1.0 -1.0 -1.0 -1.0 -1.0 1.888 1.718 4.495 598.048 1.196 2023.408 0.05188863845800751 0.0
24.0 4.0 Car -1.0 -1.0 -1.0 -1.0 -1.0 -1.0 -1.0 1.805 1.638 4.456 612.625 0.655 1999.137 -0.7374888753490118 0.0
25.0 7.0 Truck -1.0 -1.0 -1.0 -1.0 -1.0 -1.0 -1.0 1.901 2.543 5.198 647.383 0.732 1963.888 -0.7424194304789626 0.0
25.0 18.0 Car -1.0 -1.0 -1.0 -1.0 -1.0 -1.0 -1.0 1.863 1.961 4.646 608.947 0.094 2031.308 0.9389871374230012 0.0
25.0 5.0 Car -1.0 -1.0 -1.0 -1.0 -1.0 -1.0 -1.0 1.853 1.547 4.803 642.788 0.205 1971.28 -0.7359956492042602 0.0
25.0 0.0 Truck -1.0 -1.0 -1.0 -1.0 -1.0 -1.0 -1.0 1.964 2.021 5.008 586.449 1.444 2014.653 -0.72932073470247 0.0
25.0 9.0 Car -1.0 -1.0 -1.0 -1.0 -1.0 -1.0 -1.0 1.891 1.657 4.725 596.215 1.012 2009.621 -0.72932073470247 1.0
25.0 19.0 Car -1.0 -1.0 -1.0 -1.0 -1.0 -1.0 -1.0 2.074 1.958 4.804 621.299 0.626 1987.06 -0.7555530331002238 0.0
25.0 1.0 Car -1.0 -1.0 -1.0 -1.0 -1.0 -1.0 -1.0 2.076 2.084 4.991 610.648 0.829 1997.018 -0.7374888753490118 0.0
25.0 20.0 Car -1.0 -1.0 -1.0 -1.0 -1.0 -1.0 -1.0 1.79 1.606 4.185 631.796 0.271 1973.487 -0.7380997405802798 0.0
25.0 13.0 Car -1.0 -1.0 -1.0 -1.0 -1.0 -1.0 -1.0 1.756 1.547 4.313 576.646 1.596 2027.468 -0.72932073470247 1.0
25.0 3.0 Car -1.0 -1.0 -1.0 -1.0 -1.0 -1.0 -1.0 1.888 1.718 4.495 600.318 1.052 2023.924 0.1391551010577241 0.0
25.0 4.0 Car -1.0 -1.0 -1.0 -1.0 -1.0 -1.0 -1.0 1.805 1.638 4.456 617.324 0.51 1994.891 -0.7374888753490118 0.0
26.0 7.0 Truck -1.0 -1.0 -1.0 -1.0 -1.0 -1.0 -1.0 1.901 2.543 5.198 652.515 0.687 1959.104 -0.7435102612614588 0.0
26.0 5.0 Car -1.0 -1.0 -1.0 -1.0 -1.0 -1.0 -1.0 1.853 1.547 4.803 648.89 0.118 1966.293 -0.7146638472354407 0.0
26.0 0.0 Truck -1.0 -1.0 -1.0 -1.0 -1.0 -1.0 -1.0 1.964 2.021 5.008 592.836 1.194 2008.923 -0.72932073470247 0.0
26.0 9.0 Car -1.0 -1.0 -1.0 -1.0 -1.0 -1.0 -1.0 1.891 1.657 4.725 601.092 0.883 2005.258 -0.72932073470247 0.0
26.0 19.0 Car -1.0 -1.0 -1.0 -1.0 -1.0 -1.0 -1.0 2.074 1.958 4.804 626.182 0.546 1982.518 -0.7555530331002238 0.0
26.0 1.0 Car -1.0 -1.0 -1.0 -1.0 -1.0 -1.0 -1.0 2.076 2.084 4.991 615.16 0.703 1992.874 -0.7374888753490118 0.0
26.0 20.0 Car -1.0 -1.0 -1.0 -1.0 -1.0 -1.0 -1.0 1.79 1.606 4.185 638.01 0.238 1967.86 -0.7380997405802798 0.0
26.0 13.0 Car -1.0 -1.0 -1.0 -1.0 -1.0 -1.0 -1.0 1.756 1.547 4.313 580.933 1.454 2023.734 -0.72932073470247 1.0
26.0 3.0 Car -1.0 -1.0 -1.0 -1.0 -1.0 -1.0 -1.0 1.888 1.718 4.495 602.157 0.809 2024.266 0.37477455007695865 0.0
26.0 4.0 Car -1.0 -1.0 -1.0 -1.0 -1.0 -1.0 -1.0 1.805 1.638 4.456 622.325 0.448 1990.37 -0.7374888753490118 0.0
27.0 7.0 Truck -1.0 -1.0 -1.0 -1.0 -1.0 -1.0 -1.0 1.901 2.543 5.198 657.647 0.643 1954.32 -0.744601092043955 0.0
27.0 0.0 Truck -1.0 -1.0 -1.0 -1.0 -1.0 -1.0 -1.0 1.964 2.021 5.008 599.332 1.07 2003.076 -0.72932073470247 0.0
27.0 9.0 Car -1.0 -1.0 -1.0 -1.0 -1.0 -1.0 -1.0 1.891 1.657 4.725 605.873 0.759 2000.974 -0.72932073470247 0.0
27.0 19.0 Car -1.0 -1.0 -1.0 -1.0 -1.0 -1.0 -1.0 2.074 1.958 4.804 631.209 0.466 1977.84 -0.7555530331002238 0.0
27.0 1.0 Car -1.0 -1.0 -1.0 -1.0 -1.0 -1.0 -1.0 2.076 2.084 4.991 619.684 0.661 1988.794 -0.7374888753490118 0.0
27.0 20.0 Car -1.0 -1.0 -1.0 -1.0 -1.0 -1.0 -1.0 1.79 1.606 4.185 644.248 0.205 1962.172 -0.7380997405802798 0.0
27.0 13.0 Car -1.0 -1.0 -1.0 -1.0 -1.0 -1.0 -1.0 1.756 1.547 4.313 586.427 1.321 2019.116 -0.72932073470247 0.0
27.0 3.0 Car -1.0 -1.0 -1.0 -1.0 -1.0 -1.0 -1.0 1.888 1.718 4.495 603.865 0.566 2025.027 0.6103939990961931 0.0
27.0 4.0 Car -1.0 -1.0 -1.0 -1.0 -1.0 -1.0 -1.0 1.805 1.638 4.456 627.326 0.386 1985.849 -0.7374888753490118 0.0
28.0 0.0 Truck -1.0 -1.0 -1.0 -1.0 -1.0 -1.0 -1.0 1.964 2.021 5.008 605.865 0.945 1997.062 -0.72932073470247 0.0
28.0 9.0 Car -1.0 -1.0 -1.0 -1.0 -1.0 -1.0 -1.0 1.891 1.657 4.725 610.797 0.635 1996.607 -0.72932073470247 0.0
28.0 19.0 Car -1.0 -1.0 -1.0 -1.0 -1.0 -1.0 -1.0 2.074 1.958 4.804 636.525 0.386 1972.89 -0.7555530331002238 0.0
28.0 1.0 Car -1.0 -1.0 -1.0 -1.0 -1.0 -1.0 -1.0 2.076 2.084 4.991 624.315 0.619 1984.524 -0.7374888753490118 0.0
28.0 13.0 Car -1.0 -1.0 -1.0 -1.0 -1.0 -1.0 -1.0 1.756 1.547 4.313 591.595 1.038 2014.313 -0.72932073470247 0.0
28.0 3.0 Car -1.0 -1.0 -1.0 -1.0 -1.0 -1.0 -1.0 1.888 1.718 4.495 606.166 0.498 2026.892 0.6103939990961931 0.0
28.0 4.0 Car -1.0 -1.0 -1.0 -1.0 -1.0 -1.0 -1.0 1.805 1.638 4.456 632.327 0.324 1981.328 -0.7374888753490118 0.0
29.0 0.0 Truck -1.0 -1.0 -1.0 -1.0 -1.0 -1.0 -1.0 1.964 2.021 5.008 612.577 0.821 1990.887 -0.72932073470247 0.0
29.0 9.0 Car -1.0 -1.0 -1.0 -1.0 -1.0 -1.0 -1.0 1.891 1.657 4.725 615.464 0.561 1992.294 -0.72932073470247 0.0
29.0 19.0 Car -1.0 -1.0 -1.0 -1.0 -1.0 -1.0 -1.0 2.074 1.958 4.804 642.033 0.356 1967.758 -0.7555530331002238 0.0
29.0 1.0 Car -1.0 -1.0 -1.0 -1.0 -1.0 -1.0 -1.0 2.076 2.084 4.991 629.118 0.577 1980.19 -0.7374888753490118 0.0
29.0 13.0 Car -1.0 -1.0 -1.0 -1.0 -1.0 -1.0 -1.0 1.756 1.547 4.313 596.645 0.905 2009.733 -0.72932073470247 0.0
29.0 3.0 Car -1.0 -1.0 -1.0 -1.0 -1.0 -1.0 -1.0 1.888 1.718 4.495 607.896 0.302 2028.712 0.7849269242956259 0.0
29.0 4.0 Car -1.0 -1.0 -1.0 -1.0 -1.0 -1.0 -1.0 1.805 1.638 4.456 637.328 0.263 1976.807 -0.7374888753490118 0.0
30.0 0.0 Truck -1.0 -1.0 -1.0 -1.0 -1.0 -1.0 -1.0 1.964 2.021 5.008 619.238 0.646 1984.759 -0.72932073470247 0.0
30.0 9.0 Car -1.0 -1.0 -1.0 -1.0 -1.0 -1.0 -1.0 1.891 1.657 4.725 620.151 0.438 1988.052 -0.72932073470247 0.0
30.0 1.0 Car -1.0 -1.0 -1.0 -1.0 -1.0 -1.0 -1.0 2.076 2.084 4.991 634.176 0.535 1975.625 -0.7374888753490118 0.0
30.0 13.0 Car -1.0 -1.0 -1.0 -1.0 -1.0 -1.0 -1.0 1.756 1.547 4.313 601.657 0.864 2005.245 -0.72932073470247 0.0
30.0 4.0 Car -1.0 -1.0 -1.0 -1.0 -1.0 -1.0 -1.0 1.805 1.638 4.456 642.33 0.201 1972.286 -0.7374888753490118 0.0
31.0 0.0 Truck -1.0 -1.0 -1.0 -1.0 -1.0 -1.0 -1.0 1.964 2.021 5.008 626.005 0.572 1978.489 -0.72932073470247 0.0
31.0 9.0 Car -1.0 -1.0 -1.0 -1.0 -1.0 -1.0 -1.0 1.891 1.657 4.725 624.818 0.314 1983.739 -0.72932073470247 0.0
31.0 1.0 Car -1.0 -1.0 -1.0 -1.0 -1.0 -1.0 -1.0 2.076 2.084 4.991 639.183 0.493 1971.106 -0.7374888753490118 0.0
31.0 13.0 Car -1.0 -1.0 -1.0 -1.0 -1.0 -1.0 -1.0 1.756 1.547 4.313 606.565 0.756 2000.859 -0.72932073470247 0.0
31.0 4.0 Car -1.0 -1.0 -1.0 -1.0 -1.0 -1.0 -1.0 1.805 1.638 4.456 647.331 0.139 1967.765 -0.7374888753490118 0.0
32.0 0.0 Truck -1.0 -1.0 -1.0 -1.0 -1.0 -1.0 -1.0 1.964 2.021 5.008 632.874 0.397 1972.128 -0.72932073470247 0.0
32.0 9.0 Car -1.0 -1.0 -1.0 -1.0 -1.0 -1.0 -1.0 1.891 1.657 4.725 629.464 0.24 1979.402 -0.72932073470247 0.0
32.0 1.0 Car -1.0 -1.0 -1.0 -1.0 -1.0 -1.0 -1.0 2.076 2.084 4.991 644.352 0.451 1966.255 -0.7374888753490118 0.0
32.0 13.0 Car -1.0 -1.0 -1.0 -1.0 -1.0 -1.0 -1.0 1.756 1.547 4.313 611.633 0.64 1996.25 -0.72932073470247 0.0
33.0 0.0 Truck -1.0 -1.0 -1.0 -1.0 -1.0 -1.0 -1.0 1.964 2.021 5.008 639.841 0.373 1965.773 -0.72932073470247 0.0
33.0 9.0 Car -1.0 -1.0 -1.0 -1.0 -1.0 -1.0 -1.0 1.891 1.657 4.725 634.536 0.216 1974.858 -0.72932073470247 0.0
33.0 1.0 Car -1.0 -1.0 -1.0 -1.0 -1.0 -1.0 -1.0 2.076 2.084 4.991 649.673 0.409 1961.265 -0.7374888753490118 0.0
33.0 13.0 Car -1.0 -1.0 -1.0 -1.0 -1.0 -1.0 -1.0 1.756 1.547 4.313 616.696 0.523 1991.725 -0.72932073470247 0.0
34.0 0.0 Truck -1.0 -1.0 -1.0 -1.0 -1.0 -1.0 -1.0 1.964 2.021 5.008 646.962 0.348 1959.28 -0.72932073470247 0.0
34.0 9.0 Car -1.0 -1.0 -1.0 -1.0 -1.0 -1.0 -1.0 1.891 1.657 4.725 639.417 0.243 1970.443 -0.72932073470247 0.0
34.0 1.0 Car -1.0 -1.0 -1.0 -1.0 -1.0 -1.0 -1.0 2.076 2.084 4.991 655.117 0.367 1956.256 -0.7374888753490118 0.0
34.0 13.0 Car -1.0 -1.0 -1.0 -1.0 -1.0 -1.0 -1.0 1.756 1.547 4.313 621.632 0.457 1987.235 -0.72932073470247 0.0
35.0 9.0 Car -1.0 -1.0 -1.0 -1.0 -1.0 -1.0 -1.0 1.891 1.657 4.725 644.399 0.269 1965.848 -0.72932073470247 0.0
35.0 1.0 Car -1.0 -1.0 -1.0 -1.0 -1.0 -1.0 -1.0 2.076 2.084 4.991 660.88 0.375 1951.19 -0.7374888753490118 0.0
35.0 13.0 Car -1.0 -1.0 -1.0 -1.0 -1.0 -1.0 -1.0 1.756 1.547 4.313 626.687 0.365 1982.657 -0.72932073470247 0.0
36.0 9.0 Car -1.0 -1.0 -1.0 -1.0 -1.0 -1.0 -1.0 1.891 1.657 4.725 649.503 0.245 1961.145 -0.72932073470247 0.0
36.0 13.0 Car -1.0 -1.0 -1.0 -1.0 -1.0 -1.0 -1.0 1.756 1.547 4.313 631.743 0.274 1978.079 -0.72932073470247 0.0
37.0 9.0 Car -1.0 -1.0 -1.0 -1.0 -1.0 -1.0 -1.0 1.891 1.657 4.725 654.704 0.221 1956.356 -0.72932073470247 0.0
37.0 13.0 Car -1.0 -1.0 -1.0 -1.0 -1.0 -1.0 -1.0 1.756 1.547 4.313 637.006 0.207 1973.355 -0.72932073470247 0.0
38.0 13.0 Car -1.0 -1.0 -1.0 -1.0 -1.0 -1.0 -1.0 1.756 1.547 4.313 641.872 0.141 1968.987 -0.72932073470247 0.0
