0.0 2.0 Truck -1.0 -1.0 -1.0 -1.0 -1.0 -1.0 -1.0 2.807 3.822 8.142 2217.692 1.649 877.125 0.05635668156148954 0.0
1.0 2.0 Truck -1.0 -1.0 -1.0 -1.0 -1.0 -1.0 -1.0 2.807 3.822 8.142 2221.439 1.645 877.336 0.04762296027663404 1.0
2.0 2.0 Truck -1.0 -1.0 -1.0 -1.0 -1.0 -1.0 -1.0 2.807 3.822 8.142 2225.179 1.64 877.546 0.03890338904154622 1.0
3.0 2.0 Truck -1.0 -1.0 -1.0 -1.0 -1.0 -1.0 -1.0 2.807 3.822 8.142 2228.602 1.616 877.682 0.03890338904154622 1.0
3.0 1.0 Car -1.0 -1.0 -1.0 -1.0 -1.0 -1.0 -1.0 2.223 2.513 4.97 2298.256 0.975 857.194 -1.5246149147865418 0.0
4.0 2.0 Truck -1.0 -1.0 -1.0 -1.0 -1.0 -1.0 -1.0 2.807 3.822 8.142 2232.029 1.592 877.818 0.03890338904154622 1.0
4.0 1.0 Car -1.0 -1.0 -1.0 -1.0 -1.0 -1.0 -1.0 2.223 2.513 4.97 2298.177 0.962 857.425 -1.4751317493537353 1.0
5.0 2.0 Truck -1.0 -1.0 -1.0 -1.0 -1.0 -1.0 -1.0 2.807 3.822 8.142 2235.451 1.567 877.953 0.03890338904154622 1.0
5.0 1.0 Car -1.0 -1.0 -1.0 -1.0 -1.0 -1.0 -1.0 2.223 2.513 4.97 2298.087 0.949 857.653 -1.4257119604974997 0.0
6.0 2.0 Truck -1.0 -1.0 -1.0 -1.0 -1.0 -1.0 -1.0 2.807 3.822 8.142 2238.807 1.543 877.993 0.03890338904154622 1.0
6.0 1.0 Car -1.0 -1.0 -1.0 -1.0 -1.0 -1.0 -1.0 2.223 2.513 4.97 2298.085 0.935 857.936 -1.4286218175567469 0.0
7.0 2.0 Truck -1.0 -1.0 -1.0 -1.0 -1.0 -1.0 -1.0 2.807 3.822 8.142 2242.158 1.519 878.032 0.03890338904154622 1.0
7.0 1.0 Car -1.0 -1.0 -1.0 -1.0 -1.0 -1.0 -1.0 2.223 2.513 4.97 2298.082 0.922 858.22 -1.4315285926946864 1.0
8.0 2.0 Truck -1.0 -1.0 -1.0 -1.0 -1.0 -1.0 -1.0 2.807 3.822 8.142 2245.514 1.495 878.072 0.03890338904154622 1.0
8.0 1.0 Car -1.0 -1.0 -1.0 -1.0 -1.0 -1.0 -1.0 2.223 2.513 4.97 2298.08 0.909 858.504 -1.4344384555688787 1.0
9.0 2.0 Truck -1.0 -1.0 -1.0 -1.0 -1.0 -1.0 -1.0 2.807 3.822 8.142 2249.123 1.502 878.121 0.029868857202790085 1.0
9.0 1.0 Car -1.0 -1.0 -1.0 -1.0 -1.0 -1.0 -1.0 2.223 2.513 4.97 2298.078 0.896 858.787 -1.4373484521868263 1.0
10.0 2.0 Truck -1.0 -1.0 -1.0 -1.0 -1.0 -1.0 -1.0 2.807 3.822 8.142 2252.725 1.51 878.169 0.020854328523845833 1.0
10.0 1.0 Car -1.0 -1.0 -1.0 -1.0 -1.0 -1.0 -1.0 2.223 2.513 4.97 2297.997 0.882 859.29 -1.4337170165146005 1.0
11.0 2.0 Truck -1.0 -1.0 -1.0 -1.0 -1.0 -1.0 -1.0 2.807 3.822 8.142 2256.33 1.518 878.217 0.01182992463874899 1.0
11.0 1.0 Car -1.0 -1.0 -1.0 -1.0 -1.0 -1.0 -1.0 2.223 2.513 4.97 2297.917 0.869 859.792 -1.4300816026891985 1.0
12.0 2.0 Truck -1.0 -1.0 -1.0 -1.0 -1.0 -1.0 -1.0 2.807 3.822 8.142 2260.211 1.525 878.216 0.0027956455474993373 1.0
12.0 1.0 Car -1.0 -1.0 -1.0 -1.0 -1.0 -1.0 -1.0 2.223 2.513 4.97 2297.836 0.856 860.296 -1.4264422107106205 1.0
13.0 2.0 Truck -1.0 -1.0 -1.0 -1.0 -1.0 -1.0 -1.0 2.807 3.822 8.142 2263.316 1.531 878.216 -0.004432048526400224 1.0
13.0 1.0 Car -1.0 -1.0 -1.0 -1.0 -1.0 -1.0 -1.0 2.223 2.513 4.97 2297.771 0.845 860.698 -1.423530588037635 1.0
14.0 2.0 Truck -1.0 -1.0 -1.0 -1.0 -1.0 -1.0 -1.0 2.807 3.822 8.142 2267.192 1.539 878.215 -0.013456488518283738 1.0
14.0 1.0 Car -1.0 -1.0 -1.0 -1.0 -1.0 -1.0 -1.0 2.223 2.513 4.97 2297.691 0.832 861.201 -1.419895159666883 1.0
15.0 2.0 Truck -1.0 -1.0 -1.0 -1.0 -1.0 -1.0 -1.0 2.807 3.822 8.142 2271.019 1.538 878.226 -0.011559143675189176 1.0
15.0 1.0 Car -1.0 -1.0 -1.0 -1.0 -1.0 -1.0 -1.0 2.223 2.513 4.97 2297.615 0.913 861.858 -1.3986105486044604 0.0
16.0 2.0 Truck -1.0 -1.0 -1.0 -1.0 -1.0 -1.0 -1.0 2.807 3.822 8.142 2274.837 1.537 878.237 -0.009666610893205752 1.0
16.0 1.0 Car -1.0 -1.0 -1.0 -1.0 -1.0 -1.0 -1.0 2.223 2.513 4.97 2297.603 1.043 862.527 -1.3773799197422332 0.0
16.0 3.0 Car -1.0 -1.0 -1.0 -1.0 -1.0 -1.0 -1.0 2.265 2.143 6.227 2311.493 0.754 863.498 0.7078357314292092 0.0
17.0 2.0 Truck -1.0 -1.0 -1.0 -1.0 -1.0 -1.0 -1.0 2.807 3.822 8.142 2278.663 1.536 878.248 -0.007769429235148894 1.0
17.0 1.0 Car -1.0 -1.0 -1.0 -1.0 -1.0 -1.0 -1.0 2.223 2.513 4.97 2297.524 1.074 863.181 -1.3560971393064736 0.0
17.0 3.0 Car -1.0 -1.0 -1.0 -1.0 -1.0 -1.0 -1.0 2.265 2.143 6.227 2311.467 0.779 863.503 0.7078357314292092 1.0
18.0 2.0 Truck -1.0 -1.0 -1.0 -1.0 -1.0 -1.0 -1.0 2.807 3.822 8.142 2283.26 1.534 878.262 -0.0054906640339849044 1.0
18.0 1.0 Car -1.0 -1.0 -1.0 -1.0 -1.0 -1.0 -1.0 2.223 2.513 4.97 2297.358 1.088 863.955 -1.330533715142497 1.0
18.0 3.0 Car -1.0 -1.0 -1.0 -1.0 -1.0 -1.0 -1.0 2.265 2.143 6.227 2311.437 0.809 863.508 0.7078357314292092 0.0
19.0 2.0 Truck -1.0 -1.0 -1.0 -1.0 -1.0 -1.0 -1.0 2.807 3.822 8.142 2287.087 1.533 878.273 -0.003593588635952605 1.0
19.0 1.0 Car -1.0 -1.0 -1.0 -1.0 -1.0 -1.0 -1.0 2.223 2.513 4.97 2297.213 1.1 864.598 -1.3092521267427042 1.0
19.0 3.0 Car -1.0 -1.0 -1.0 -1.0 -1.0 -1.0 -1.0 2.265 2.143 6.227 2311.412 0.834 863.512 0.7078357314292092 0.0
20.0 2.0 Truck -1.0 -1.0 -1.0 -1.0 -1.0 -1.0 -1.0 2.807 3.822 8.142 2291.259 1.544 878.289 0.0026793060487724234 1.0
20.0 1.0 Car -1.0 -1.0 -1.0 -1.0 -1.0 -1.0 -1.0 2.223 2.513 4.97 2297.06 1.112 865.24 -1.2879239637947932 0.0
20.0 3.0 Car -1.0 -1.0 -1.0 -1.0 -1.0 -1.0 -1.0 2.265 2.143 6.227 2311.804 0.859 863.676 0.6553793138399624 0.0
21.0 2.0 Truck -1.0 -1.0 -1.0 -1.0 -1.0 -1.0 -1.0 2.807 3.822 8.142 2295.418 1.556 878.305 0.008931653448010834 1.0
21.0 1.0 Car -1.0 -1.0 -1.0 -1.0 -1.0 -1.0 -1.0 2.223 2.513 4.97 2296.905 1.124 865.88 -1.266665662669059 0.0
21.0 3.0 Car -1.0 -1.0 -1.0 -1.0 -1.0 -1.0 -1.0 2.265 2.143 6.227 2312.102 0.884 863.956 0.6030947207499273 0.0
22.0 2.0 Truck -1.0 -1.0 -1.0 -1.0 -1.0 -1.0 -1.0 2.807 3.822 8.142 2299.586 1.567 878.321 0.015197273316850612 1.0
22.0 1.0 Car -1.0 -1.0 -1.0 -1.0 -1.0 -1.0 -1.0 2.223 2.513 4.97 2296.75 1.136 866.521 -1.2453622344674522 0.0
22.0 3.0 Car -1.0 -1.0 -1.0 -1.0 -1.0 -1.0 -1.0 2.265 2.143 6.227 2312.518 0.909 864.072 0.5506991380382199 0.0
23.0 2.0 Truck -1.0 -1.0 -1.0 -1.0 -1.0 -1.0 -1.0 2.807 3.822 8.142 2303.745 1.579 878.337 0.0214500965216029 1.0
23.0 1.0 Car -1.0 -1.0 -1.0 -1.0 -1.0 -1.0 -1.0 2.223 2.513 4.97 2296.836 1.165 866.537 -1.203525553929666 0.0
23.0 3.0 Car -1.0 -1.0 -1.0 -1.0 -1.0 -1.0 -1.0 2.265 2.143 6.227 2312.94 0.934 864.165 0.49841056607495493 0.0
24.0 2.0 Truck -1.0 -1.0 -1.0 -1.0 -1.0 -1.0 -1.0 2.807 3.822 8.142 2308.022 1.603 878.441 0.024457992281582852 1.0
24.0 1.0 Car -1.0 -1.0 -1.0 -1.0 -1.0 -1.0 -1.0 2.223 2.513 4.97 2296.92 1.193 866.556 -1.1616515924432629 0.0
24.0 3.0 Car -1.0 -1.0 -1.0 -1.0 -1.0 -1.0 -1.0 2.265 2.143 6.227 2313.366 0.959 864.237 0.4460753994120256 0.0
25.0 2.0 Truck -1.0 -1.0 -1.0 -1.0 -1.0 -1.0 -1.0 2.807 3.822 8.142 2312.304 1.628 878.546 0.027469552948645948 1.0
25.0 1.0 Car -1.0 -1.0 -1.0 -1.0 -1.0 -1.0 -1.0 2.223 2.513 4.97 2297.234 1.207 866.231 -1.1197266105125732 0.0
25.0 3.0 Car -1.0 -1.0 -1.0 -1.0 -1.0 -1.0 -1.0 2.265 2.143 6.227 2313.795 0.984 864.286 0.3936764660702301 0.0
26.0 2.0 Truck -1.0 -1.0 -1.0 -1.0 -1.0 -1.0 -1.0 2.807 3.822 8.142 2316.582 1.653 878.65 0.030477827836944863 1.0
26.0 1.0 Car -1.0 -1.0 -1.0 -1.0 -1.0 -1.0 -1.0 2.223 2.513 4.97 2297.506 1.221 865.488 -1.0778473710491747 0.0
26.0 3.0 Car -1.0 -1.0 -1.0 -1.0 -1.0 -1.0 -1.0 2.265 2.143 6.227 2314.834 1.009 864.204 0.2802750077760561 0.0
26.0 0.0 Car -1.0 -1.0 -1.0 -1.0 -1.0 -1.0 -1.0 2.043 1.646 4.649 2444.26 1.251 878.39 -2.3369086019797405 0.0
27.0 2.0 Truck -1.0 -1.0 -1.0 -1.0 -1.0 -1.0 -1.0 2.807 3.822 8.142 2320.862 1.678 878.832 0.03348936443236861 1.0
27.0 1.0 Car -1.0 -1.0 -1.0 -1.0 -1.0 -1.0 -1.0 2.223 2.513 4.97 2297.808 1.235 864.756 -1.035922724228135 0.0
27.0 3.0 Car -1.0 -1.0 -1.0 -1.0 -1.0 -1.0 -1.0 2.265 2.143 6.227 2315.801 1.034 864.256 0.16675059451326835 0.0
27.0 0.0 Car -1.0 -1.0 -1.0 -1.0 -1.0 -1.0 -1.0 2.043 1.646 4.649 2443.724 1.328 877.62 -2.4416292987777104 1.0
28.0 2.0 Truck -1.0 -1.0 -1.0 -1.0 -1.0 -1.0 -1.0 2.807 3.822 8.142 2325.142 1.702 879.014 0.03650084686660393 0.0
28.0 1.0 Car -1.0 -1.0 -1.0 -1.0 -1.0 -1.0 -1.0 2.223 2.513 4.97 2298.75 1.265 863.974 -0.901264547686389 0.0
28.0 3.0 Car -1.0 -1.0 -1.0 -1.0 -1.0 -1.0 -1.0 2.265 2.143 6.227 2316.713 1.059 864.245 0.08319935888870833 0.0
28.0 0.0 Car -1.0 -1.0 -1.0 -1.0 -1.0 -1.0 -1.0 2.043 1.646 4.649 2443.111 1.405 876.909 -2.5463481122190577 0.0
29.0 2.0 Truck -1.0 -1.0 -1.0 -1.0 -1.0 -1.0 -1.0 2.807 3.822 8.142 2328.556 1.722 879.159 0.03890338904154622 0.0
29.0 1.0 Car -1.0 -1.0 -1.0 -1.0 -1.0 -1.0 -1.0 2.223 2.513 4.97 2299.572 1.29 863.445 -0.7938350821631998 0.0
29.0 3.0 Car -1.0 -1.0 -1.0 -1.0 -1.0 -1.0 -1.0 2.265 2.143 6.227 2317.224 1.079 864.169 0.07381461164022586 0.0
29.0 0.0 Car -1.0 -1.0 -1.0 -1.0 -1.0 -1.0 -1.0 2.043 1.646 4.649 2442.78 1.366 876.736 -2.5463481122190577 0.0
30.0 2.0 Truck -1.0 -1.0 -1.0 -1.0 -1.0 -1.0 -1.0 2.807 3.822 8.142 2332.851 1.694 879.268 0.0373022280520181 0.0
30.0 1.0 Car -1.0 -1.0 -1.0 -1.0 -1.0 -1.0 -1.0 2.223 2.513 4.97 2300.673 1.32 862.911 -0.6593219453024339 0.0
30.0 0.0 Car -1.0 -1.0 -1.0 -1.0 -1.0 -1.0 -1.0 2.043 1.646 4.649 2442.366 1.318 876.52 -2.5463481122190577 0.0
31.0 2.0 Truck -1.0 -1.0 -1.0 -1.0 -1.0 -1.0 -1.0 2.807 3.822 8.142 2337.154 1.666 879.377 0.035697684605455304 0.0
31.0 1.0 Car -1.0 -1.0 -1.0 -1.0 -1.0 -1.0 -1.0 2.223 2.513 4.97 2301.838 1.351 862.53 -0.5245246490666872 0.0
31.0 0.0 Car -1.0 -1.0 -1.0 -1.0 -1.0 -1.0 -1.0 2.043 1.646 4.649 2441.951 1.27 876.303 -2.5463481122190577 0.0
32.0 2.0 Truck -1.0 -1.0 -1.0 -1.0 -1.0 -1.0 -1.0 2.807 3.822 8.142 2341.444 1.637 879.485 0.03409818281360133 0.0
32.0 0.0 Car -1.0 -1.0 -1.0 -1.0 -1.0 -1.0 -1.0 2.043 1.646 4.649 2441.538 1.222 876.086 -2.5463481122190577 0.0
33.0 2.0 Truck -1.0 -1.0 -1.0 -1.0 -1.0 -1.0 -1.0 2.807 3.822 8.142 2345.729 1.609 879.594 0.03250058365382946 0.0
33.0 0.0 Car -1.0 -1.0 -1.0 -1.0 -1.0 -1.0 -1.0 2.043 1.646 4.649 2441.125 1.174 875.87 -2.5463481122190577 0.0
34.0 2.0 Truck -1.0 -1.0 -1.0 -1.0 -1.0 -1.0 -1.0 2.807 3.822 8.142 2350.023 1.581 879.702 0.030899422664301346 0.0
34.0 0.0 Car -1.0 -1.0 -1.0 -1.0 -1.0 -1.0 -1.0 2.043 1.646 4.649 2440.738 1.147 875.604 -2.6298016754858335 0.0
35.0 2.0 Truck -1.0 -1.0 -1.0 -1.0 -1.0 -1.0 -1.0 2.807 3.822 8.142 2354.588 1.583 879.813 0.029298168785328205 0.0
35.0 0.0 Car -1.0 -1.0 -1.0 -1.0 -1.0 -1.0 -1.0 2.043 1.646 4.649 2440.331 1.119 875.371 -2.7132600802115454 0.0
36.0 2.0 Truck -1.0 -1.0 -1.0 -1.0 -1.0 -1.0 -1.0 2.807 3.822 8.142 2358.692 1.584 879.912 0.027858305512556077 0.0
36.0 0.0 Car -1.0 -1.0 -1.0 -1.0 -1.0 -1.0 -1.0 2.043 1.646 4.649 2439.949 1.095 875.192 -2.788306700455031 0.0
37.0 2.0 Truck -1.0 -1.0 -1.0 -1.0 -1.0 -1.0 -1.0 2.807 3.822 8.142 2363.261 1.586 880.023 0.02625537642048714 0.0
37.0 0.0 Car -1.0 -1.0 -1.0 -1.0 -1.0 -1.0 -1.0 2.043 1.646 4.649 2439.51 1.067 875.026 -2.8718524183884635 0.0
38.0 2.0 Truck -1.0 -1.0 -1.0 -1.0 -1.0 -1.0 -1.0 2.807 3.822 8.142 2367.83 1.588 880.134 0.02465236725131037 0.0
38.0 0.0 Car -1.0 -1.0 -1.0 -1.0 -1.0 -1.0 -1.0 2.043 1.646 4.649 2439.058 1.07 874.897 -2.9554023099933926 0.0
39.0 2.0 Truck -1.0 -1.0 -1.0 -1.0 -1.0 -1.0 -1.0 2.807 3.822 8.142 2372.394 1.59 880.245 0.023051311963564473 0.0
39.0 0.0 Car -1.0 -1.0 -1.0 -1.0 -1.0 -1.0 -1.0 2.043 1.646 4.649 2438.598 1.072 874.807 -3.038850364013792 0.0
