0.0 0.0 Car -1.0 -1.0 -1.0 -1.0 -1.0 -1.0 -1.0 1.611 1.614 4.389 1316.668 0.186 914.467 0.17030922880342647 0.0
0.0 1.0 Bus -1.0 -1.0 -1.0 -1.0 -1.0 -1.0 -1.0 2.762 4.601 12.047 1369.762 4.601 955.115 -2.2179120537598873 0.0
0.0 5.0 Car -1.0 -1.0 -1.0 -1.0 -1.0 -1.0 -1.0 1.784 1.96 4.817 1399.822 5.793 997.479 -2.2382451389487508 0.0
0.0 3.0 Emergency -1.0 -1.0 -1.0 -1.0 -1.0 -1.0 -1.0 1.718 1.566 4.592 1304.629 -0.288 918.066 -0.6325422271139649 0.0
1.0 0.0 Car -1.0 -1.0 -1.0 -1.0 -1.0 -1.0 -1.0 1.611 1.614 4.389 1318.183 0.251 914.77 0.36239070776109455 1.0
1.0 1.0 Bus -1.0 -1.0 -1.0 -1.0 -1.0 -1.0 -1.0 2.762 4.601 12.047 1367.475 4.467 951.995 -2.200458761239944 1.0
1.0 5.0 Car -1.0 -1.0 -1.0 -1.0 -1.0 -1.0 -1.0 1.784 1.96 4.817 1395.859 5.498 992.539 -2.248724259053589 1.0
1.0 3.0 Emergency -1.0 -1.0 -1.0 -1.0 -1.0 -1.0 -1.0 1.718 1.566 4.592 1304.816 -0.256 917.994 -0.6238057610693013 1.0
2.0 0.0 Car -1.0 -1.0 -1.0 -1.0 -1.0 -1.0 -1.0 1.611 1.614 4.389 1319.963 0.378 915.637 0.4669315369461089 1.0
2.0 1.0 Bus -1.0 -1.0 -1.0 -1.0 -1.0 -1.0 -1.0 2.762 4.601 12.047 1365.597 4.284 949.209 -2.1830054687200016 1.0
2.0 5.0 Car -1.0 -1.0 -1.0 -1.0 -1.0 -1.0 -1.0 1.784 1.96 4.817 1391.906 5.203 987.61 -2.259179822103969 1.0
2.0 3.0 Emergency -1.0 -1.0 -1.0 -1.0 -1.0 -1.0 -1.0 1.718 1.566 4.592 1305.002 -0.224 917.922 -0.6150889345940219 1.0
3.0 0.0 Car -1.0 -1.0 -1.0 -1.0 -1.0 -1.0 -1.0 1.611 1.614 4.389 1321.877 0.456 916.88 0.6415248420022897 1.0
3.0 1.0 Bus -1.0 -1.0 -1.0 -1.0 -1.0 -1.0 -1.0 2.762 4.601 12.047 1363.768 4.301 946.505 -2.165552176200058 1.0
3.0 6.0 Car -1.0 -1.0 -1.0 -1.0 -1.0 -1.0 -1.0 1.787 1.768 4.608 1393.237 4.874 982.901 -2.299366569722048 0.0
3.0 5.0 Car -1.0 -1.0 -1.0 -1.0 -1.0 -1.0 -1.0 1.784 1.96 4.817 1387.944 4.908 982.671 -2.269659319121678 1.0
3.0 3.0 Emergency -1.0 -1.0 -1.0 -1.0 -1.0 -1.0 -1.0 1.718 1.566 4.592 1307.744 -0.192 915.877 -0.5626957134284889 1.0
4.0 0.0 Car -1.0 -1.0 -1.0 -1.0 -1.0 -1.0 -1.0 1.611 1.614 4.389 1323.787 0.596 918.658 0.7112604517889871 1.0
4.0 1.0 Bus -1.0 -1.0 -1.0 -1.0 -1.0 -1.0 -1.0 2.762 4.601 12.047 1362.16 4.167 944.006 -2.1306455911601723 1.0
4.0 6.0 Car -1.0 -1.0 -1.0 -1.0 -1.0 -1.0 -1.0 1.787 1.768 4.608 1392.035 4.699 981.671 -2.308121089505625 1.0
4.0 5.0 Car -1.0 -1.0 -1.0 -1.0 -1.0 -1.0 -1.0 1.784 1.96 4.817 1383.987 4.613 977.737 -2.2801254776116626 1.0
4.0 3.0 Emergency -1.0 -1.0 -1.0 -1.0 -1.0 -1.0 -1.0 1.718 1.566 4.592 1309.19 -0.11 915.155 -0.475462594434477 1.0
5.0 0.0 Car -1.0 -1.0 -1.0 -1.0 -1.0 -1.0 -1.0 1.611 1.614 4.389 1325.778 0.786 920.69 0.8335343445612717 0.0
5.0 1.0 Bus -1.0 -1.0 -1.0 -1.0 -1.0 -1.0 -1.0 2.762 4.601 12.047 1360.572 3.984 941.37 -2.113192298640229 1.0
5.0 6.0 Car -1.0 -1.0 -1.0 -1.0 -1.0 -1.0 -1.0 1.787 1.768 4.608 1390.876 4.624 980.376 -2.316819862241991 1.0
5.0 5.0 Car -1.0 -1.0 -1.0 -1.0 -1.0 -1.0 -1.0 1.784 1.96 4.817 1380.025 4.318 972.797 -2.2906050165085796 1.0
5.0 3.0 Emergency -1.0 -1.0 -1.0 -1.0 -1.0 -1.0 -1.0 1.718 1.566 4.592 1311.057 -0.028 914.508 -0.3648127130085306 1.0
6.0 0.0 Car -1.0 -1.0 -1.0 -1.0 -1.0 -1.0 -1.0 1.611 1.614 4.389 1327.784 0.901 923.107 0.9033655829364426 0.0
6.0 1.0 Bus -1.0 -1.0 -1.0 -1.0 -1.0 -1.0 -1.0 2.762 4.601 12.047 1359.089 3.901 939.036 -2.113192298640229 1.0
6.0 6.0 Car -1.0 -1.0 -1.0 -1.0 -1.0 -1.0 -1.0 1.787 1.768 4.608 1388.232 4.499 977.522 -2.299366569722048 1.0
6.0 5.0 Car -1.0 -1.0 -1.0 -1.0 -1.0 -1.0 -1.0 1.784 1.96 4.817 1376.366 4.082 968.519 -2.2906050165085796 1.0
6.0 3.0 Emergency -1.0 -1.0 -1.0 -1.0 -1.0 -1.0 -1.0 1.718 1.566 4.592 1312.448 0.004 914.179 -0.23672757129450717 1.0
7.0 0.0 Car -1.0 -1.0 -1.0 -1.0 -1.0 -1.0 -1.0 1.611 1.614 4.389 1329.951 1.016 925.894 0.9033475146410451 0.0
7.0 1.0 Bus -1.0 -1.0 -1.0 -1.0 -1.0 -1.0 -1.0 2.762 4.601 12.047 1357.844 3.667 936.931 -2.1306455911601723 1.0
7.0 6.0 Car -1.0 -1.0 -1.0 -1.0 -1.0 -1.0 -1.0 1.787 1.768 4.608 1385.729 4.341 974.565 -2.2586123682738064 1.0
7.0 5.0 Car -1.0 -1.0 -1.0 -1.0 -1.0 -1.0 -1.0 1.784 1.96 4.817 1372.879 3.848 964.437 -2.2906050165085796 1.0
7.0 3.0 Emergency -1.0 -1.0 -1.0 -1.0 -1.0 -1.0 -1.0 1.718 1.566 4.592 1314.257 0.086 914.092 -0.09149015899572509 1.0
7.0 4.0 Car -1.0 -1.0 -1.0 -1.0 -1.0 -1.0 -1.0 1.919 1.537 4.917 1294.001 -1.635 872.632 0.9817477042223066 0.0
8.0 0.0 Car -1.0 -1.0 -1.0 -1.0 -1.0 -1.0 -1.0 1.611 1.614 4.389 1332.29 1.231 928.866 0.8858942221211017 0.0
8.0 1.0 Bus -1.0 -1.0 -1.0 -1.0 -1.0 -1.0 -1.0 2.762 4.601 12.047 1356.319 3.434 934.83 -2.1481104134125975 1.0
8.0 6.0 Car -1.0 -1.0 -1.0 -1.0 -1.0 -1.0 -1.0 1.787 1.768 4.608 1383.255 4.182 971.558 -2.278999226945739 1.0
8.0 5.0 Car -1.0 -1.0 -1.0 -1.0 -1.0 -1.0 -1.0 1.784 1.96 4.817 1369.385 3.612 960.346 -2.2906050165085796 1.0
8.0 3.0 Emergency -1.0 -1.0 -1.0 -1.0 -1.0 -1.0 -1.0 1.718 1.566 4.592 1315.881 0.201 914.268 0.0947897486310072 1.0
8.0 4.0 Car -1.0 -1.0 -1.0 -1.0 -1.0 -1.0 -1.0 1.919 1.537 4.917 1295.093 -1.514 874.568 0.9817477042223066 1.0
9.0 0.0 Car -1.0 -1.0 -1.0 -1.0 -1.0 -1.0 -1.0 1.611 1.614 4.389 1334.782 1.346 932.017 0.9033475146410451 0.0
9.0 1.0 Bus -1.0 -1.0 -1.0 -1.0 -1.0 -1.0 -1.0 2.762 4.601 12.047 1354.964 3.301 933.023 -2.1655585169712017 1.0
9.0 6.0 Car -1.0 -1.0 -1.0 -1.0 -1.0 -1.0 -1.0 1.787 1.768 4.608 1380.783 4.024 968.555 -2.299366569722048 0.0
9.0 5.0 Car -1.0 -1.0 -1.0 -1.0 -1.0 -1.0 -1.0 1.784 1.96 4.817 1366.161 3.377 956.562 -2.2906050165085796 1.0
9.0 3.0 Emergency -1.0 -1.0 -1.0 -1.0 -1.0 -1.0 -1.0 1.718 1.566 4.592 1317.844 0.266 914.804 0.24600145717756683 1.0
9.0 4.0 Car -1.0 -1.0 -1.0 -1.0 -1.0 -1.0 -1.0 1.919 1.537 4.917 1296.183 -1.393 876.503 0.9817477042223066 1.0
10.0 0.0 Car -1.0 -1.0 -1.0 -1.0 -1.0 -1.0 -1.0 1.611 1.614 4.389 1337.645 1.511 935.468 0.8684409296011584 0.0
10.0 1.0 Bus -1.0 -1.0 -1.0 -1.0 -1.0 -1.0 -1.0 2.762 4.601 12.047 1353.71 3.167 931.366 -2.1830054687200016 1.0
10.0 6.0 Car -1.0 -1.0 -1.0 -1.0 -1.0 -1.0 -1.0 1.787 1.768 4.608 1378.161 3.824 965.68 -2.299366569722048 0.0
10.0 5.0 Car -1.0 -1.0 -1.0 -1.0 -1.0 -1.0 -1.0 1.784 1.96 4.817 1362.969 3.142 952.816 -2.2906050165085796 1.0
10.0 3.0 Emergency -1.0 -1.0 -1.0 -1.0 -1.0 -1.0 -1.0 1.718 1.566 4.592 1319.779 0.39 915.619 0.4306834134466185 1.0
10.0 4.0 Car -1.0 -1.0 -1.0 -1.0 -1.0 -1.0 -1.0 1.919 1.537 4.917 1297.273 -1.273 878.437 0.9817477042223066 1.0
11.0 0.0 Car -1.0 -1.0 -1.0 -1.0 -1.0 -1.0 -1.0 1.611 1.614 4.389 1340.476 1.726 938.959 0.8684409296011584 0.0
11.0 7.0 Car -1.0 -1.0 -1.0 -1.0 -1.0 -1.0 -1.0 1.863 1.671 4.595 1298.68 -1.462 877.809 1.049414119302814 0.0
11.0 1.0 Bus -1.0 -1.0 -1.0 -1.0 -1.0 -1.0 -1.0 2.762 4.601 12.047 1352.703 3.134 930.162 -2.1946412996690445 0.0
11.0 6.0 Car -1.0 -1.0 -1.0 -1.0 -1.0 -1.0 -1.0 1.787 1.768 4.608 1375.523 3.624 962.834 -2.316819862241991 0.0
11.0 5.0 Car -1.0 -1.0 -1.0 -1.0 -1.0 -1.0 -1.0 1.784 1.96 4.817 1359.896 2.937 949.23 -2.2876966415672926 1.0
11.0 3.0 Emergency -1.0 -1.0 -1.0 -1.0 -1.0 -1.0 -1.0 1.718 1.566 4.592 1321.644 0.514 916.851 0.5630115140136367 1.0
11.0 4.0 Car -1.0 -1.0 -1.0 -1.0 -1.0 -1.0 -1.0 1.919 1.537 4.917 1298.009 -1.235 879.842 0.9817477042223066 1.0
12.0 0.0 Car -1.0 -1.0 -1.0 -1.0 -1.0 -1.0 -1.0 1.611 1.614 4.389 1343.947 1.891 943.3 0.8684409296011584 0.0
12.0 7.0 Car -1.0 -1.0 -1.0 -1.0 -1.0 -1.0 -1.0 1.863 1.671 4.595 1298.87 -1.435 878.075 1.0435940653587363 1.0
12.0 1.0 Bus -1.0 -1.0 -1.0 -1.0 -1.0 -1.0 -1.0 2.762 4.601 12.047 1351.977 3.101 929.133 -2.20627706078676 0.0
12.0 6.0 Car -1.0 -1.0 -1.0 -1.0 -1.0 -1.0 -1.0 1.787 1.768 4.608 1371.365 3.374 958.674 -2.3517264472818775 0.0
12.0 5.0 Car -1.0 -1.0 -1.0 -1.0 -1.0 -1.0 -1.0 1.784 1.96 4.817 1356.867 2.732 945.695 -2.2847882840803395 1.0
12.0 3.0 Emergency -1.0 -1.0 -1.0 -1.0 -1.0 -1.0 -1.0 1.718 1.566 4.592 1323.438 0.546 918.48 0.7113669183434277 1.0
12.0 4.0 Car -1.0 -1.0 -1.0 -1.0 -1.0 -1.0 -1.0 1.919 1.537 4.917 1298.746 -1.198 881.246 0.9817477042223066 1.0
13.0 0.0 Car -1.0 -1.0 -1.0 -1.0 -1.0 -1.0 -1.0 1.611 1.614 4.389 1347.079 2.106 946.865 0.8684409296011584 0.0
13.0 7.0 Car -1.0 -1.0 -1.0 -1.0 -1.0 -1.0 -1.0 1.863 1.671 4.595 1299.061 -1.408 878.341 1.0377743956304313 1.0
13.0 1.0 Bus -1.0 -1.0 -1.0 -1.0 -1.0 -1.0 -1.0 2.762 4.601 12.047 1351.352 3.067 928.235 -2.2179120537598873 0.0
13.0 6.0 Car -1.0 -1.0 -1.0 -1.0 -1.0 -1.0 -1.0 1.787 1.768 4.608 1367.38 3.174 954.787 -2.334273154761934 0.0
13.0 5.0 Car -1.0 -1.0 -1.0 -1.0 -1.0 -1.0 -1.0 1.784 1.96 4.817 1353.946 2.527 942.285 -2.2818801185910598 1.0
13.0 3.0 Emergency -1.0 -1.0 -1.0 -1.0 -1.0 -1.0 -1.0 1.718 1.566 4.592 1325.222 0.678 920.366 0.7986277595213831 1.0
13.0 4.0 Car -1.0 -1.0 -1.0 -1.0 -1.0 -1.0 -1.0 1.919 1.537 4.917 1299.482 -1.161 882.651 0.9817477042223066 1.0
14.0 0.0 Car -1.0 -1.0 -1.0 -1.0 -1.0 -1.0 -1.0 1.611 1.614 4.389 1350.576 2.323 950.976 0.8684409296011584 0.0
14.0 7.0 Car -1.0 -1.0 -1.0 -1.0 -1.0 -1.0 -1.0 1.863 1.671 4.595 1299.252 -1.381 878.606 1.0319608267828706 1.0
14.0 1.0 Bus -1.0 -1.0 -1.0 -1.0 -1.0 -1.0 -1.0 2.762 4.601 12.047 1351.022 3.067 927.865 -2.2179120537598873 0.0
14.0 6.0 Car -1.0 -1.0 -1.0 -1.0 -1.0 -1.0 -1.0 1.787 1.768 4.608 1367.329 3.074 954.824 -2.334273154761934 0.0
14.0 5.0 Car -1.0 -1.0 -1.0 -1.0 -1.0 -1.0 -1.0 1.784 1.96 4.817 1351.331 2.322 939.026 -2.278975001792112 1.0
14.0 3.0 Emergency -1.0 -1.0 -1.0 -1.0 -1.0 -1.0 -1.0 1.718 1.566 4.592 1327.025 0.893 922.399 0.8558704761318102 1.0
14.0 4.0 Car -1.0 -1.0 -1.0 -1.0 -1.0 -1.0 -1.0 1.919 1.537 4.917 1299.798 -1.153 883.609 0.9817477042223066 1.0
15.0 0.0 Car -1.0 -1.0 -1.0 -1.0 -1.0 -1.0 -1.0 1.611 1.614 4.389 1354.08 2.541 955.096 0.8684409296011584 0.0
15.0 8.0 Car -1.0 -1.0 -1.0 -1.0 -1.0 -1.0 -1.0 1.847 1.526 4.473 1294.236 -1.645 873.936 1.0745468605388477 0.0
15.0 7.0 Car -1.0 -1.0 -1.0 -1.0 -1.0 -1.0 -1.0 1.863 1.671 4.595 1299.438 -1.364 878.87 1.0284322118076106 1.0
15.0 1.0 Bus -1.0 -1.0 -1.0 -1.0 -1.0 -1.0 -1.0 2.762 4.601 12.047 1350.94 3.067 927.548 -2.235365346279831 0.0
15.0 6.0 Car -1.0 -1.0 -1.0 -1.0 -1.0 -1.0 -1.0 1.787 1.768 4.608 1363.552 2.924 951.108 -2.316819862241991 0.0
15.0 5.0 Car -1.0 -1.0 -1.0 -1.0 -1.0 -1.0 -1.0 1.784 1.96 4.817 1348.714 2.117 935.92 -2.276063339617929 1.0
15.0 3.0 Emergency -1.0 -1.0 -1.0 -1.0 -1.0 -1.0 -1.0 1.718 1.566 4.592 1328.948 1.008 924.685 0.8608036396177263 1.0
15.0 4.0 Car -1.0 -1.0 -1.0 -1.0 -1.0 -1.0 -1.0 1.919 1.537 4.917 1300.116 -1.146 884.569 0.9817477042223066 0.0
16.0 0.0 Car -1.0 -1.0 -1.0 -1.0 -1.0 -1.0 -1.0 1.611 1.614 4.389 1357.585 2.758 959.216 0.8684409296011584 0.0
16.0 8.0 Car -1.0 -1.0 -1.0 -1.0 -1.0 -1.0 -1.0 1.847 1.526 4.473 1294.817 -1.555 875.342 1.0521542541082496 1.0
16.0 7.0 Car -1.0 -1.0 -1.0 -1.0 -1.0 -1.0 -1.0 1.863 1.671 4.595 1299.625 -1.347 879.134 1.0249036532396492 1.0
16.0 1.0 Bus -1.0 -1.0 -1.0 -1.0 -1.0 -1.0 -1.0 2.762 4.601 12.047 1350.941 3.067 927.55 -2.235365346279831 0.0
16.0 6.0 Car -1.0 -1.0 -1.0 -1.0 -1.0 -1.0 -1.0 1.787 1.768 4.608 1359.754 2.924 947.368 -2.316819862241991 0.0
16.0 5.0 Car -1.0 -1.0 -1.0 -1.0 -1.0 -1.0 -1.0 1.784 1.96 4.817 1346.375 1.912 933.143 -2.2731517239886365 1.0
16.0 3.0 Emergency -1.0 -1.0 -1.0 -1.0 -1.0 -1.0 -1.0 1.718 1.566 4.592 1331.017 1.124 927.146 0.8657364452409914 1.0
16.0 4.0 Car -1.0 -1.0 -1.0 -1.0 -1.0 -1.0 -1.0 1.919 1.537 4.917 1300.564 -1.139 885.422 0.9817477042223066 0.0
17.0 8.0 Car -1.0 -1.0 -1.0 -1.0 -1.0 -1.0 -1.0 1.847 1.526 4.473 1295.34 -1.474 876.608 1.0319906167783113 0.0
17.0 7.0 Car -1.0 -1.0 -1.0 -1.0 -1.0 -1.0 -1.0 1.863 1.671 4.595 1299.793 -1.332 879.372 1.0217263288186473 1.0
17.0 1.0 Bus -1.0 -1.0 -1.0 -1.0 -1.0 -1.0 -1.0 2.762 4.601 12.047 1350.943 3.067 927.551 -2.235365346279831 0.0
17.0 6.0 Car -1.0 -1.0 -1.0 -1.0 -1.0 -1.0 -1.0 1.787 1.768 4.608 1356.45 2.699 943.892 -2.316819862241991 0.0
17.0 5.0 Car -1.0 -1.0 -1.0 -1.0 -1.0 -1.0 -1.0 1.784 1.96 4.817 1344.396 1.806 930.79 -2.2752929905156227 1.0
17.0 3.0 Emergency -1.0 -1.0 -1.0 -1.0 -1.0 -1.0 -1.0 1.718 1.566 4.592 1332.914 1.278 929.466 0.8858942221210997 1.0
17.0 4.0 Car -1.0 -1.0 -1.0 -1.0 -1.0 -1.0 -1.0 1.919 1.537 4.917 1300.968 -1.132 886.189 0.9817477042223066 0.0
18.0 8.0 Car -1.0 -1.0 -1.0 -1.0 -1.0 -1.0 -1.0 1.847 1.526 4.473 1296.164 -1.385 877.863 1.0358134173641704 0.0
18.0 7.0 Car -1.0 -1.0 -1.0 -1.0 -1.0 -1.0 -1.0 1.863 1.671 4.595 1299.98 -1.315 879.635 1.0182055474069893 1.0
18.0 1.0 Bus -1.0 -1.0 -1.0 -1.0 -1.0 -1.0 -1.0 2.762 4.601 12.047 1350.944 3.067 927.553 -2.235365346279831 0.0
18.0 6.0 Car -1.0 -1.0 -1.0 -1.0 -1.0 -1.0 -1.0 1.787 1.768 4.608 1352.789 2.5 940.041 -2.316819862241991 0.0
18.0 5.0 Car -1.0 -1.0 -1.0 -1.0 -1.0 -1.0 -1.0 1.784 1.96 4.817 1342.384 1.688 928.396 -2.277665720015886 1.0
18.0 3.0 Emergency -1.0 -1.0 -1.0 -1.0 -1.0 -1.0 -1.0 1.718 1.566 4.592 1335.114 1.443 932.096 0.8858942221210997 0.0
18.0 4.0 Car -1.0 -1.0 -1.0 -1.0 -1.0 -1.0 -1.0 1.919 1.537 4.917 1301.112 -1.125 886.456 0.9817477042223066 0.0
19.0 8.0 Car -1.0 -1.0 -1.0 -1.0 -1.0 -1.0 -1.0 1.847 1.526 4.473 1296.99 -1.295 879.12 1.039640275498961 0.0
19.0 7.0 Car -1.0 -1.0 -1.0 -1.0 -1.0 -1.0 -1.0 1.863 1.671 4.595 1300.166 -1.298 879.899 1.0146810290117947 1.0
19.0 1.0 Bus -1.0 -1.0 -1.0 -1.0 -1.0 -1.0 -1.0 2.762 4.601 12.047 1350.945 3.067 927.555 -2.235365346279831 0.0
19.0 6.0 Car -1.0 -1.0 -1.0 -1.0 -1.0 -1.0 -1.0 1.787 1.768 4.608 1349.124 2.2 936.186 -2.316819862241991 0.0
19.0 5.0 Car -1.0 -1.0 -1.0 -1.0 -1.0 -1.0 -1.0 1.784 1.96 4.817 1340.513 1.57 926.167 -2.2800409679488625 1.0
19.0 3.0 Emergency -1.0 -1.0 -1.0 -1.0 -1.0 -1.0 -1.0 1.718 1.566 4.592 1337.389 1.558 934.874 0.8684409296011565 0.0
19.0 4.0 Car -1.0 -1.0 -1.0 -1.0 -1.0 -1.0 -1.0 1.919 1.537 4.917 1301.257 -1.117 886.723 0.9817477042223066 0.0
20.0 8.0 Car -1.0 -1.0 -1.0 -1.0 -1.0 -1.0 -1.0 1.847 1.526 4.473 1297.162 -1.295 879.385 1.039640275498961 0.0
20.0 7.0 Car -1.0 -1.0 -1.0 -1.0 -1.0 -1.0 -1.0 1.863 1.671 4.595 1300.353 -1.281 880.162 1.011156482412951 1.0
20.0 1.0 Bus -1.0 -1.0 -1.0 -1.0 -1.0 -1.0 -1.0 2.762 4.601 12.047 1350.947 3.067 927.557 -2.235365346279831 0.0
20.0 6.0 Car -1.0 -1.0 -1.0 -1.0 -1.0 -1.0 -1.0 1.787 1.768 4.608 1345.599 2.001 932.202 -2.316819862241991 0.0
20.0 5.0 Car -1.0 -1.0 -1.0 -1.0 -1.0 -1.0 -1.0 1.784 1.96 4.817 1338.899 1.453 924.236 -2.2824162348888763 1.0
20.0 3.0 Emergency -1.0 -1.0 -1.0 -1.0 -1.0 -1.0 -1.0 1.718 1.566 4.592 1339.8 1.723 937.728 0.8684409296011565 0.0
20.0 4.0 Car -1.0 -1.0 -1.0 -1.0 -1.0 -1.0 -1.0 1.919 1.537 4.917 1301.402 -1.11 886.99 0.9817477042223066 0.0
21.0 8.0 Car -1.0 -1.0 -1.0 -1.0 -1.0 -1.0 -1.0 1.847 1.526 4.473 1297.334 -1.295 879.649 1.039640275498961 0.0
21.0 7.0 Car -1.0 -1.0 -1.0 -1.0 -1.0 -1.0 -1.0 1.863 1.671 4.595 1300.539 -1.264 880.426 1.0076318794068084 1.0
21.0 1.0 Bus -1.0 -1.0 -1.0 -1.0 -1.0 -1.0 -1.0 2.762 4.601 12.047 1350.948 3.067 927.559 -2.235365346279831 0.0
21.0 5.0 Car -1.0 -1.0 -1.0 -1.0 -1.0 -1.0 -1.0 1.784 1.96 4.817 1337.58 1.335 922.645 -2.2847915398429706 0.0
21.0 3.0 Emergency -1.0 -1.0 -1.0 -1.0 -1.0 -1.0 -1.0 1.718 1.566 4.592 1342.262 1.839 940.693 0.8684409296011565 0.0
21.0 4.0 Car -1.0 -1.0 -1.0 -1.0 -1.0 -1.0 -1.0 1.919 1.537 4.917 1301.547 -1.103 887.257 0.9817477042223066 0.0
22.0 8.0 Car -1.0 -1.0 -1.0 -1.0 -1.0 -1.0 -1.0 1.847 1.526 4.473 1297.389 -1.295 879.798 1.0178047017977319 0.0
22.0 7.0 Car -1.0 -1.0 -1.0 -1.0 -1.0 -1.0 -1.0 1.863 1.671 4.595 1300.726 -1.248 880.69 1.0041032503297238 1.0
22.0 1.0 Bus -1.0 -1.0 -1.0 -1.0 -1.0 -1.0 -1.0 2.762 4.601 12.047 1350.949 3.067 927.561 -2.235365346279831 0.0
22.0 5.0 Car -1.0 -1.0 -1.0 -1.0 -1.0 -1.0 -1.0 1.784 1.96 4.817 1336.554 1.313 921.454 -2.2828497002838053 0.0
22.0 3.0 Emergency -1.0 -1.0 -1.0 -1.0 -1.0 -1.0 -1.0 1.718 1.566 4.592 1344.665 2.054 943.588 0.8684409296011565 0.0
22.0 4.0 Car -1.0 -1.0 -1.0 -1.0 -1.0 -1.0 -1.0 1.919 1.537 4.917 1301.582 -1.106 887.291 0.982267213605942 0.0
23.0 8.0 Car -1.0 -1.0 -1.0 -1.0 -1.0 -1.0 -1.0 1.847 1.526 4.473 1297.445 -1.295 879.947 0.995970698844136 0.0
23.0 7.0 Car -1.0 -1.0 -1.0 -1.0 -1.0 -1.0 -1.0 1.863 1.671 4.595 1300.913 -1.231 880.953 1.000574875085483 1.0
23.0 5.0 Car -1.0 -1.0 -1.0 -1.0 -1.0 -1.0 -1.0 1.784 1.96 4.817 1335.83 1.291 920.615 -2.280908000411369 0.0
23.0 3.0 Emergency -1.0 -1.0 -1.0 -1.0 -1.0 -1.0 -1.0 1.718 1.566 4.592 1347.909 2.22 947.37 0.850987637081213 0.0
23.0 4.0 Car -1.0 -1.0 -1.0 -1.0 -1.0 -1.0 -1.0 1.919 1.537 4.917 1301.617 -1.109 887.324 0.9827866856185359 0.0
24.0 2.0 Truck -1.0 -1.0 -1.0 -1.0 -1.0 -1.0 -1.0 2.342 2.344 5.688 1302.822 -1.33 864.986 -2.047393385625087 0.0
24.0 8.0 Car -1.0 -1.0 -1.0 -1.0 -1.0 -1.0 -1.0 1.847 1.526 4.473 1297.5 -1.295 880.095 0.9741846036933657 0.0
24.0 7.0 Car -1.0 -1.0 -1.0 -1.0 -1.0 -1.0 -1.0 1.863 1.671 4.595 1301.099 -1.214 881.217 0.997054241742984 1.0
24.0 5.0 Car -1.0 -1.0 -1.0 -1.0 -1.0 -1.0 -1.0 1.784 1.96 4.817 1335.41 1.268 920.129 -2.278970560984205 0.0
24.0 3.0 Emergency -1.0 -1.0 -1.0 -1.0 -1.0 -1.0 -1.0 1.718 1.566 4.592 1350.398 2.385 950.184 0.850987637081213 0.0
24.0 4.0 Car -1.0 -1.0 -1.0 -1.0 -1.0 -1.0 -1.0 1.919 1.537 4.917 1301.653 -1.111 887.358 0.9833050178143582 0.0
25.0 2.0 Truck -1.0 -1.0 -1.0 -1.0 -1.0 -1.0 -1.0 2.342 2.344 5.688 1302.836 -1.337 865.008 -2.047393385625087 0.0
25.0 8.0 Car -1.0 -1.0 -1.0 -1.0 -1.0 -1.0 -1.0 1.847 1.526 4.473 1297.555 -1.295 880.244 0.9523738128992445 0.0
25.0 7.0 Car -1.0 -1.0 -1.0 -1.0 -1.0 -1.0 -1.0 1.863 1.671 4.595 1301.289 -1.198 881.436 0.9944710312603118 1.0
25.0 5.0 Car -1.0 -1.0 -1.0 -1.0 -1.0 -1.0 -1.0 1.784 1.96 4.817 1335.163 1.246 919.843 -2.277030925371227 0.0
25.0 3.0 Emergency -1.0 -1.0 -1.0 -1.0 -1.0 -1.0 -1.0 1.718 1.566 4.592 1352.694 2.5 952.724 0.850987637081213 0.0
25.0 4.0 Car -1.0 -1.0 -1.0 -1.0 -1.0 -1.0 -1.0 1.919 1.537 4.917 1301.688 -1.114 887.391 0.9838239375660027 0.0
26.0 2.0 Truck -1.0 -1.0 -1.0 -1.0 -1.0 -1.0 -1.0 2.342 2.344 5.688 1302.85 -1.344 865.03 -2.047393385625087 0.0
26.0 8.0 Car -1.0 -1.0 -1.0 -1.0 -1.0 -1.0 -1.0 1.847 1.526 4.473 1297.555 -1.295 880.244 0.9640093877996252 0.0
26.0 7.0 Car -1.0 -1.0 -1.0 -1.0 -1.0 -1.0 -1.0 1.863 1.671 4.595 1301.479 -1.183 881.655 0.9918878466158423 1.0
26.0 5.0 Car -1.0 -1.0 -1.0 -1.0 -1.0 -1.0 -1.0 1.784 1.96 4.817 1335.005 1.224 919.666 -2.275091309159184 0.0
26.0 3.0 Emergency -1.0 -1.0 -1.0 -1.0 -1.0 -1.0 -1.0 1.718 1.566 4.592 1355.279 2.765 955.793 0.8858942221210997 0.0
26.0 4.0 Car -1.0 -1.0 -1.0 -1.0 -1.0 -1.0 -1.0 1.919 1.537 4.917 1301.692 -1.105 887.399 0.9848626318940005 0.0
27.0 2.0 Truck -1.0 -1.0 -1.0 -1.0 -1.0 -1.0 -1.0 2.342 2.344 5.688 1302.863 -1.351 865.052 -2.047393385625087 1.0
27.0 8.0 Car -1.0 -1.0 -1.0 -1.0 -1.0 -1.0 -1.0 1.847 1.526 4.473 1297.555 -1.295 880.244 0.9756447764849987 0.0
27.0 7.0 Car -1.0 -1.0 -1.0 -1.0 -1.0 -1.0 -1.0 1.863 1.671 4.595 1301.669 -1.167 881.875 0.9893047033124971 1.0
27.0 5.0 Car -1.0 -1.0 -1.0 -1.0 -1.0 -1.0 -1.0 1.784 1.96 4.817 1335.019 1.202 919.691 -2.2731517239886365 0.0
27.0 3.0 Emergency -1.0 -1.0 -1.0 -1.0 -1.0 -1.0 -1.0 1.718 1.566 4.592 1357.919 2.831 958.991 0.8858942221210997 0.0
28.0 2.0 Truck -1.0 -1.0 -1.0 -1.0 -1.0 -1.0 -1.0 2.342 2.344 5.688 1302.877 -1.358 865.075 -2.047393385625087 0.0
28.0 8.0 Car -1.0 -1.0 -1.0 -1.0 -1.0 -1.0 -1.0 1.847 1.526 4.473 1297.555 -1.295 880.244 0.9872803979391312 0.0
28.0 7.0 Car -1.0 -1.0 -1.0 -1.0 -1.0 -1.0 -1.0 1.863 1.671 4.595 1301.859 -1.151 882.094 0.9867215083327464 0.0
28.0 5.0 Car -1.0 -1.0 -1.0 -1.0 -1.0 -1.0 -1.0 1.784 1.96 4.817 1335.015 1.202 919.686 -2.2731517239886365 0.0
28.0 3.0 Emergency -1.0 -1.0 -1.0 -1.0 -1.0 -1.0 -1.0 1.718 1.566 4.592 1360.619 2.996 962.261 0.8858942221210997 0.0
29.0 2.0 Truck -1.0 -1.0 -1.0 -1.0 -1.0 -1.0 -1.0 2.342 2.344 5.688 1302.875 -1.346 865.028 -2.047393385625087 0.0
29.0 7.0 Car -1.0 -1.0 -1.0 -1.0 -1.0 -1.0 -1.0 1.863 1.671 4.595 1302.011 -1.139 882.27 0.9846524057356936 0.0
29.0 5.0 Car -1.0 -1.0 -1.0 -1.0 -1.0 -1.0 -1.0 1.784 1.96 4.817 1335.012 1.202 919.683 -2.2731517239886365 0.0
29.0 3.0 Emergency -1.0 -1.0 -1.0 -1.0 -1.0 -1.0 -1.0 1.718 1.566 4.592 1362.719 3.079 964.807 0.8858942221210997 0.0
30.0 2.0 Truck -1.0 -1.0 -1.0 -1.0 -1.0 -1.0 -1.0 2.342 2.344 5.688 1302.873 -1.331 864.971 -2.047393385625087 0.0
30.0 7.0 Car -1.0 -1.0 -1.0 -1.0 -1.0 -1.0 -1.0 1.863 1.671 4.595 1302.201 -1.123 882.489 0.9820665700916331 0.0
30.0 5.0 Car -1.0 -1.0 -1.0 -1.0 -1.0 -1.0 -1.0 1.784 1.96 4.817 1335.008 1.202 919.678 -2.2731517239886365 0.0
31.0 2.0 Truck -1.0 -1.0 -1.0 -1.0 -1.0 -1.0 -1.0 2.342 2.344 5.688 1302.871 -1.317 864.913 -2.047393385625087 0.0
31.0 7.0 Car -1.0 -1.0 -1.0 -1.0 -1.0 -1.0 -1.0 1.863 1.671 4.595 1302.391 -1.108 882.709 0.9794832924296341 0.0
31.0 5.0 Car -1.0 -1.0 -1.0 -1.0 -1.0 -1.0 -1.0 1.784 1.96 4.817 1335.005 1.202 919.674 -2.2731517239886365 0.0
32.0 2.0 Truck -1.0 -1.0 -1.0 -1.0 -1.0 -1.0 -1.0 2.342 2.344 5.688 1302.868 -1.302 864.855 -2.047393385625087 0.0
32.0 7.0 Car -1.0 -1.0 -1.0 -1.0 -1.0 -1.0 -1.0 1.863 1.671 4.595 1302.581 -1.092 882.928 0.9768974361150113 0.0
32.0 5.0 Car -1.0 -1.0 -1.0 -1.0 -1.0 -1.0 -1.0 1.784 1.96 4.817 1335.001 1.202 919.67 -2.2731517239886365 0.0
33.0 2.0 Truck -1.0 -1.0 -1.0 -1.0 -1.0 -1.0 -1.0 2.342 2.344 5.688 1302.866 -1.288 864.798 -2.047393385625087 0.0
33.0 7.0 Car -1.0 -1.0 -1.0 -1.0 -1.0 -1.0 -1.0 1.863 1.671 4.595 1302.771 -1.077 883.148 0.9743140861060451 0.0
34.0 2.0 Truck -1.0 -1.0 -1.0 -1.0 -1.0 -1.0 -1.0 2.342 2.344 5.688 1302.692 -1.323 864.407 -2.047393385625087 0.0
34.0 7.0 Car -1.0 -1.0 -1.0 -1.0 -1.0 -1.0 -1.0 1.863 1.671 4.595 1302.96 -1.061 883.367 0.9717309324674186 0.0
35.0 2.0 Truck -1.0 -1.0 -1.0 -1.0 -1.0 -1.0 -1.0 2.342 2.344 5.688 1302.517 -1.358 864.017 -2.047393385625087 0.0
35.0 7.0 Car -1.0 -1.0 -1.0 -1.0 -1.0 -1.0 -1.0 1.863 1.671 4.595 1303.15 -1.045 883.586 0.9691478408404786 0.0
36.0 2.0 Truck -1.0 -1.0 -1.0 -1.0 -1.0 -1.0 -1.0 2.342 2.344 5.688 1302.343 -1.393 863.626 -2.047393385625087 0.0
36.0 7.0 Car -1.0 -1.0 -1.0 -1.0 -1.0 -1.0 -1.0 1.863 1.671 4.595 1303.34 -1.03 883.805 0.9665674880630187 0.0
37.0 2.0 Truck -1.0 -1.0 -1.0 -1.0 -1.0 -1.0 -1.0 2.342 2.344 5.688 1302.169 -1.428 863.235 -2.047393385625087 0.0
37.0 7.0 Car -1.0 -1.0 -1.0 -1.0 -1.0 -1.0 -1.0 1.863 1.671 4.595 1303.628 -0.983 884.192 0.9654619320740934 0.0
38.0 2.0 Truck -1.0 -1.0 -1.0 -1.0 -1.0 -1.0 -1.0 2.342 2.344 5.688 1301.995 -1.463 862.845 -2.047393385625087 0.0
38.0 7.0 Car -1.0 -1.0 -1.0 -1.0 -1.0 -1.0 -1.0 1.863 1.671 4.595 1303.916 -0.937 884.579 0.9643576044168889 0.0
39.0 2.0 Truck -1.0 -1.0 -1.0 -1.0 -1.0 -1.0 -1.0 2.342 2.344 5.688 1301.691 -1.438 862.186 -2.047393385625087 0.0
39.0 7.0 Car -1.0 -1.0 -1.0 -1.0 -1.0 -1.0 -1.0 1.863 1.671 4.595 1304.204 -0.89 884.965 0.9632532789689143 0.0
