0.0 1.0 Car -1.0 -1.0 -1.0 -1.0 -1.0 -1.0 -1.0 2.161 1.437 4.681 450.751 0.0 1723.094 -1.8798068708838145 0.0
0.0 2.0 Car -1.0 -1.0 -1.0 -1.0 -1.0 -1.0 -1.0 2.041 1.902 4.645 417.994 1.03 1644.084 1.2391663156121682 0.0
0.0 3.0 Car -1.0 -1.0 -1.0 -1.0 -1.0 -1.0 -1.0 1.764 1.686 3.982 428.027 0.555 1673.585 -2.021387979784999 0.0
0.0 4.0 Car -1.0 -1.0 -1.0 -1.0 -1.0 -1.0 -1.0 1.918 1.562 4.662 479.947 -0.047 1717.207 2.623056613685991 0.0
0.0 0.0 Car -1.0 -1.0 -1.0 -1.0 -1.0 -1.0 -1.0 2.05 1.551 4.775 456.404 0.069 1727.922 -2.5955397327103884 0.0
1.0 1.0 Car -1.0 -1.0 -1.0 -1.0 -1.0 -1.0 -1.0 2.161 1.437 4.681 449.132 -0.005 1718.154 -1.9496200409635869 1.0
1.0 2.0 Car -1.0 -1.0 -1.0 -1.0 -1.0 -1.0 -1.0 2.041 1.902 4.645 419.053 1.047 1646.698 1.1879256771245277 1.0
1.0 3.0 Car -1.0 -1.0 -1.0 -1.0 -1.0 -1.0 -1.0 1.764 1.686 3.982 426.553 0.651 1670.595 -2.021387979784999 1.0
1.0 4.0 Car -1.0 -1.0 -1.0 -1.0 -1.0 -1.0 -1.0 1.918 1.562 4.662 479.853 -0.009 1717.273 2.623056613685991 1.0
1.0 0.0 Car -1.0 -1.0 -1.0 -1.0 -1.0 -1.0 -1.0 2.05 1.551 4.775 454.754 0.033 1726.815 -2.467775458686739 1.0
2.0 1.0 Car -1.0 -1.0 -1.0 -1.0 -1.0 -1.0 -1.0 2.161 1.437 4.681 447.704 0.039 1715.247 -1.96707333348353 1.0
2.0 2.0 Car -1.0 -1.0 -1.0 -1.0 -1.0 -1.0 -1.0 2.041 1.902 4.645 420.24 1.013 1649.254 1.16247947456826 1.0
2.0 3.0 Car -1.0 -1.0 -1.0 -1.0 -1.0 -1.0 -1.0 1.764 1.686 3.982 425.152 0.747 1667.757 -2.021387979784999 1.0
2.0 4.0 Car -1.0 -1.0 -1.0 -1.0 -1.0 -1.0 -1.0 1.918 1.562 4.662 479.759 0.029 1717.34 2.623056613685991 1.0
2.0 0.0 Car -1.0 -1.0 -1.0 -1.0 -1.0 -1.0 -1.0 2.05 1.551 4.775 452.775 -0.002 1725.068 -2.3401495585368797 1.0
3.0 1.0 Car -1.0 -1.0 -1.0 -1.0 -1.0 -1.0 -1.0 2.161 1.437 4.681 445.644 0.028 1711.109 -1.96707333348353 1.0
3.0 2.0 Car -1.0 -1.0 -1.0 -1.0 -1.0 -1.0 -1.0 2.041 1.902 4.645 421.561 1.03 1652.062 1.1344465604925082 1.0
3.0 3.0 Car -1.0 -1.0 -1.0 -1.0 -1.0 -1.0 -1.0 1.764 1.686 3.982 423.746 0.826 1664.915 -2.021387979784999 1.0
3.0 4.0 Car -1.0 -1.0 -1.0 -1.0 -1.0 -1.0 -1.0 1.918 1.562 4.662 479.656 0.071 1717.413 2.623056613685991 1.0
3.0 0.0 Car -1.0 -1.0 -1.0 -1.0 -1.0 -1.0 -1.0 2.05 1.551 4.775 450.67 -0.042 1722.594 -2.199549958858683 1.0
4.0 1.0 Car -1.0 -1.0 -1.0 -1.0 -1.0 -1.0 -1.0 2.161 1.437 4.681 443.371 0.159 1707.521 -1.984526626003473 1.0
4.0 2.0 Car -1.0 -1.0 -1.0 -1.0 -1.0 -1.0 -1.0 2.041 1.902 4.645 422.728 1.022 1654.541 1.1344465604925082 1.0
4.0 3.0 Car -1.0 -1.0 -1.0 -1.0 -1.0 -1.0 -1.0 1.764 1.686 3.982 422.608 0.897 1662.621 -2.021387979784999 1.0
4.0 4.0 Car -1.0 -1.0 -1.0 -1.0 -1.0 -1.0 -1.0 1.918 1.562 4.662 479.562 0.109 1717.48 2.623056613685991 1.0
4.0 0.0 Car -1.0 -1.0 -1.0 -1.0 -1.0 -1.0 -1.0 2.05 1.551 4.775 449.075 -0.078 1720.11 -2.071793088603189 1.0
5.0 1.0 Car -1.0 -1.0 -1.0 -1.0 -1.0 -1.0 -1.0 2.161 1.437 4.681 441.567 0.271 1704.194 -1.984526626003473 1.0
5.0 7.0 Car -1.0 -1.0 -1.0 -1.0 -1.0 -1.0 -1.0 1.895 1.489 4.451 454.366 -0.121 1736.911 -1.7052739456843835 0.0
5.0 2.0 Car -1.0 -1.0 -1.0 -1.0 -1.0 -1.0 -1.0 2.041 1.902 4.645 423.752 1.064 1656.715 1.1344465604925082 1.0
5.0 3.0 Car -1.0 -1.0 -1.0 -1.0 -1.0 -1.0 -1.0 1.764 1.686 3.982 421.767 0.962 1660.929 -2.021387979784999 1.0
5.0 6.0 Car -1.0 -1.0 -1.0 -1.0 -1.0 -1.0 -1.0 2.074 1.798 4.802 473.267 0.813 1725.557 2.6238492025171123 0.0
5.0 4.0 Car -1.0 -1.0 -1.0 -1.0 -1.0 -1.0 -1.0 1.918 1.562 4.662 479.477 0.143 1717.539 2.623056613685991 1.0
5.0 0.0 Car -1.0 -1.0 -1.0 -1.0 -1.0 -1.0 -1.0 2.05 1.551 4.775 447.307 -0.04 1716.844 -2.071793088603189 1.0
6.0 1.0 Car -1.0 -1.0 -1.0 -1.0 -1.0 -1.0 -1.0 2.161 1.437 4.681 439.849 0.347 1700.511 -2.001979918523416 1.0
6.0 7.0 Car -1.0 -1.0 -1.0 -1.0 -1.0 -1.0 -1.0 1.895 1.489 4.451 454.026 -0.099 1733.186 -1.7052739456843835 1.0
6.0 2.0 Car -1.0 -1.0 -1.0 -1.0 -1.0 -1.0 -1.0 2.041 1.902 4.645 424.854 1.055 1659.056 1.1344465604925082 1.0
6.0 3.0 Car -1.0 -1.0 -1.0 -1.0 -1.0 -1.0 -1.0 1.764 1.686 3.982 420.956 1.033 1659.307 -2.021387979784999 1.0
6.0 6.0 Car -1.0 -1.0 -1.0 -1.0 -1.0 -1.0 -1.0 2.074 1.798 4.802 471.92 0.764 1725.928 2.6238492025171123 1.0
6.0 4.0 Car -1.0 -1.0 -1.0 -1.0 -1.0 -1.0 -1.0 1.918 1.562 4.662 479.133 0.24 1717.645 2.623056613685991 1.0
6.0 0.0 Car -1.0 -1.0 -1.0 -1.0 -1.0 -1.0 -1.0 2.05 1.551 4.775 445.281 0.109 1713.24 -2.071793088603189 1.0
7.0 1.0 Car -1.0 -1.0 -1.0 -1.0 -1.0 -1.0 -1.0 2.161 1.437 4.681 437.75 0.374 1695.922 -2.001979918523416 1.0
7.0 7.0 Car -1.0 -1.0 -1.0 -1.0 -1.0 -1.0 -1.0 1.895 1.489 4.451 453.703 -0.075 1729.131 -1.8149081219339014 1.0
7.0 2.0 Car -1.0 -1.0 -1.0 -1.0 -1.0 -1.0 -1.0 2.041 1.902 4.645 426.006 1.095 1661.5 1.1344465604925082 1.0
7.0 3.0 Car -1.0 -1.0 -1.0 -1.0 -1.0 -1.0 -1.0 1.764 1.686 3.982 420.187 1.111 1657.785 -2.0388412723049427 0.0
7.0 6.0 Car -1.0 -1.0 -1.0 -1.0 -1.0 -1.0 -1.0 2.074 1.798 4.802 470.443 0.71 1726.335 2.6238492025171123 1.0
7.0 4.0 Car -1.0 -1.0 -1.0 -1.0 -1.0 -1.0 -1.0 1.918 1.562 4.662 478.755 0.346 1717.76 2.623056613685991 1.0
7.0 0.0 Car -1.0 -1.0 -1.0 -1.0 -1.0 -1.0 -1.0 2.05 1.551 4.775 443.112 0.14 1709.261 -2.071793088603189 1.0
8.0 1.0 Car -1.0 -1.0 -1.0 -1.0 -1.0 -1.0 -1.0 2.161 1.437 4.681 436.297 0.409 1692.737 -2.001979918523416 1.0
8.0 7.0 Car -1.0 -1.0 -1.0 -1.0 -1.0 -1.0 -1.0 1.895 1.489 4.451 453.026 -0.054 1725.49 -1.9147134559237007 1.0
8.0 2.0 Car -1.0 -1.0 -1.0 -1.0 -1.0 -1.0 -1.0 2.041 1.902 4.645 427.006 1.086 1663.571 1.1286352827913129 1.0
8.0 3.0 Car -1.0 -1.0 -1.0 -1.0 -1.0 -1.0 -1.0 1.764 1.686 3.982 419.705 1.083 1656.832 -2.0388412723049427 0.0
8.0 6.0 Car -1.0 -1.0 -1.0 -1.0 -1.0 -1.0 -1.0 2.074 1.798 4.802 469.099 0.66 1726.705 2.6238492025171123 1.0
8.0 4.0 Car -1.0 -1.0 -1.0 -1.0 -1.0 -1.0 -1.0 1.918 1.562 4.662 478.411 0.442 1717.865 2.623056613685991 1.0
8.0 0.0 Car -1.0 -1.0 -1.0 -1.0 -1.0 -1.0 -1.0 2.05 1.551 4.775 441.139 0.152 1705.638 -2.071793088603189 1.0
9.0 1.0 Car -1.0 -1.0 -1.0 -1.0 -1.0 -1.0 -1.0 2.161 1.437 4.681 434.959 0.484 1689.804 -1.9903357188759974 1.0
9.0 7.0 Car -1.0 -1.0 -1.0 -1.0 -1.0 -1.0 -1.0 1.895 1.489 4.451 451.591 0.04 1722.125 -1.9368799015178415 1.0
9.0 2.0 Car -1.0 -1.0 -1.0 -1.0 -1.0 -1.0 -1.0 2.041 1.902 4.645 427.932 1.027 1665.559 1.122811039904817 1.0
9.0 3.0 Car -1.0 -1.0 -1.0 -1.0 -1.0 -1.0 -1.0 1.764 1.686 3.982 419.32 1.154 1656.073 -2.0388412723049427 0.0
9.0 6.0 Car -1.0 -1.0 -1.0 -1.0 -1.0 -1.0 -1.0 2.074 1.798 4.802 467.752 0.611 1727.076 2.6238492025171123 1.0
9.0 4.0 Car -1.0 -1.0 -1.0 -1.0 -1.0 -1.0 -1.0 1.918 1.562 4.662 477.812 0.447 1718.278 2.623056613685991 1.0
9.0 0.0 Car -1.0 -1.0 -1.0 -1.0 -1.0 -1.0 -1.0 2.05 1.551 4.775 439.161 0.254 1702.008 -2.071793088603189 1.0
10.0 1.0 Car -1.0 -1.0 -1.0 -1.0 -1.0 -1.0 -1.0 2.161 1.437 4.681 433.721 0.509 1686.91 -1.978704456375017 1.0
10.0 7.0 Car -1.0 -1.0 -1.0 -1.0 -1.0 -1.0 -1.0 1.895 1.489 4.451 450.157 0.133 1718.763 -1.959021719352121 1.0
10.0 2.0 Car -1.0 -1.0 -1.0 -1.0 -1.0 -1.0 -1.0 2.041 1.902 4.645 428.859 1.018 1667.473 1.1169932679725647 1.0
10.0 3.0 Car -1.0 -1.0 -1.0 -1.0 -1.0 -1.0 -1.0 1.764 1.686 3.982 418.998 1.175 1655.436 -2.0388412723049427 0.0
10.0 6.0 Car -1.0 -1.0 -1.0 -1.0 -1.0 -1.0 -1.0 2.074 1.798 4.802 466.406 0.562 1727.447 2.6238492025171123 1.0
10.0 4.0 Car -1.0 -1.0 -1.0 -1.0 -1.0 -1.0 -1.0 1.918 1.562 4.662 477.213 0.452 1718.691 2.623056613685991 1.0
10.0 0.0 Car -1.0 -1.0 -1.0 -1.0 -1.0 -1.0 -1.0 2.05 1.551 4.775 437.185 0.274 1698.381 -2.071793088603189 0.0
11.0 1.0 Car -1.0 -1.0 -1.0 -1.0 -1.0 -1.0 -1.0 2.161 1.437 4.681 432.612 0.584 1684.313 -1.96707333348353 1.0
11.0 7.0 Car -1.0 -1.0 -1.0 -1.0 -1.0 -1.0 -1.0 1.895 1.489 4.451 448.664 0.226 1715.418 -1.9549882878382576 1.0
11.0 2.0 Car -1.0 -1.0 -1.0 -1.0 -1.0 -1.0 -1.0 2.041 1.902 4.645 429.796 1.069 1669.382 1.1169932679725647 1.0
11.0 3.0 Car -1.0 -1.0 -1.0 -1.0 -1.0 -1.0 -1.0 1.764 1.686 3.982 418.873 1.197 1655.176 -2.0388412723049427 0.0
11.0 6.0 Car -1.0 -1.0 -1.0 -1.0 -1.0 -1.0 -1.0 2.074 1.798 4.802 465.061 0.513 1727.818 2.6238492025171123 1.0
11.0 4.0 Car -1.0 -1.0 -1.0 -1.0 -1.0 -1.0 -1.0 1.918 1.562 4.662 475.931 0.433 1719.695 2.6736480762124906 1.0
11.0 0.0 Car -1.0 -1.0 -1.0 -1.0 -1.0 -1.0 -1.0 2.05 1.551 4.775 435.209 0.304 1694.755 -2.071793088603189 0.0
12.0 1.0 Car -1.0 -1.0 -1.0 -1.0 -1.0 -1.0 -1.0 2.161 1.437 4.681 431.817 0.651 1682.411 -1.96707333348353 1.0
12.0 7.0 Car -1.0 -1.0 -1.0 -1.0 -1.0 -1.0 -1.0 1.895 1.489 4.451 447.245 0.31 1712.437 -1.96707333348353 1.0
12.0 2.0 Car -1.0 -1.0 -1.0 -1.0 -1.0 -1.0 -1.0 2.041 1.902 4.645 430.667 1.02 1671.155 1.1169932679725647 1.0
12.0 3.0 Car -1.0 -1.0 -1.0 -1.0 -1.0 -1.0 -1.0 1.764 1.686 3.982 418.761 1.216 1654.942 -2.0388412723049427 0.0
12.0 6.0 Car -1.0 -1.0 -1.0 -1.0 -1.0 -1.0 -1.0 2.074 1.798 4.802 463.849 0.468 1728.152 2.6238492025171123 1.0
12.0 4.0 Car -1.0 -1.0 -1.0 -1.0 -1.0 -1.0 -1.0 1.918 1.562 4.662 474.735 0.415 1720.544 2.7192074254201186 1.0
12.0 0.0 Car -1.0 -1.0 -1.0 -1.0 -1.0 -1.0 -1.0 2.05 1.551 4.775 433.603 0.39 1691.748 -2.063934750546009 0.0
13.0 1.0 Car -1.0 -1.0 -1.0 -1.0 -1.0 -1.0 -1.0 2.161 1.437 4.681 430.847 0.734 1680.089 -1.96707333348353 1.0
13.0 7.0 Car -1.0 -1.0 -1.0 -1.0 -1.0 -1.0 -1.0 1.895 1.489 4.451 445.309 0.37 1708.877 -2.0194332110433595 1.0
13.0 2.0 Car -1.0 -1.0 -1.0 -1.0 -1.0 -1.0 -1.0 2.041 1.902 4.645 431.731 1.021 1673.319 1.1169932679725647 1.0
13.0 3.0 Car -1.0 -1.0 -1.0 -1.0 -1.0 -1.0 -1.0 1.764 1.686 3.982 418.712 1.239 1654.831 -2.0388412723049427 0.0
13.0 6.0 Car -1.0 -1.0 -1.0 -1.0 -1.0 -1.0 -1.0 2.074 1.798 4.802 462.369 0.414 1728.559 2.764069581791003 1.0
13.0 4.0 Car -1.0 -1.0 -1.0 -1.0 -1.0 -1.0 -1.0 1.918 1.562 4.662 473.223 0.393 1721.504 2.7748349484179315 1.0
13.0 0.0 Car -1.0 -1.0 -1.0 -1.0 -1.0 -1.0 -1.0 2.05 1.551 4.775 431.643 0.495 1688.077 -2.0543397960832457 0.0
14.0 1.0 Car -1.0 -1.0 -1.0 -1.0 -1.0 -1.0 -1.0 2.161 1.437 4.681 430.194 0.759 1678.131 -1.9758122327464227 1.0
14.0 7.0 Car -1.0 -1.0 -1.0 -1.0 -1.0 -1.0 -1.0 1.895 1.489 4.451 443.713 0.421 1705.722 -2.0368865035633026 1.0
14.0 2.0 Car -1.0 -1.0 -1.0 -1.0 -1.0 -1.0 -1.0 2.041 1.902 4.645 432.648 1.023 1675.186 1.1169932679725647 1.0
14.0 3.0 Car -1.0 -1.0 -1.0 -1.0 -1.0 -1.0 -1.0 1.764 1.686 3.982 418.668 1.261 1654.729 -2.0388412723049427 0.0
14.0 6.0 Car -1.0 -1.0 -1.0 -1.0 -1.0 -1.0 -1.0 2.074 1.798 4.802 460.938 0.365 1728.534 3.025274930475809 1.0
14.0 4.0 Car -1.0 -1.0 -1.0 -1.0 -1.0 -1.0 -1.0 1.918 1.562 4.662 471.802 0.373 1722.305 2.8255252921735647 1.0
14.0 0.0 Car -1.0 -1.0 -1.0 -1.0 -1.0 -1.0 -1.0 2.05 1.551 4.775 429.849 0.654 1684.608 -2.0368865035633026 0.0
15.0 1.0 Car -1.0 -1.0 -1.0 -1.0 -1.0 -1.0 -1.0 2.161 1.437 4.681 429.364 0.884 1676.25 -1.9845359171733645 0.0
15.0 7.0 Car -1.0 -1.0 -1.0 -1.0 -1.0 -1.0 -1.0 1.895 1.489 4.451 442.066 0.421 1702.463 -2.0368865035633026 1.0
15.0 2.0 Car -1.0 -1.0 -1.0 -1.0 -1.0 -1.0 -1.0 2.041 1.902 4.645 433.508 1.074 1676.936 1.1169932679725647 1.0
15.0 3.0 Car -1.0 -1.0 -1.0 -1.0 -1.0 -1.0 -1.0 1.764 1.686 3.982 418.644 1.282 1654.699 -2.0388412723049427 0.0
15.0 6.0 Car -1.0 -1.0 -1.0 -1.0 -1.0 -1.0 -1.0 2.074 1.798 4.802 459.187 0.316 1728.205 -3.0241123561409475 1.0
15.0 4.0 Car -1.0 -1.0 -1.0 -1.0 -1.0 -1.0 -1.0 1.918 1.562 4.662 470.344 0.353 1723.032 2.8761273816489474 1.0
15.0 0.0 Car -1.0 -1.0 -1.0 -1.0 -1.0 -1.0 -1.0 2.05 1.551 4.775 428.204 0.654 1681.365 -2.0368865035633026 0.0
16.0 1.0 Car -1.0 -1.0 -1.0 -1.0 -1.0 -1.0 -1.0 2.161 1.437 4.681 428.447 0.959 1674.41 -1.993258066158144 0.0
16.0 7.0 Car -1.0 -1.0 -1.0 -1.0 -1.0 -1.0 -1.0 1.895 1.489 4.451 440.529 0.521 1699.425 -2.0368865035633026 1.0
16.0 2.0 Car -1.0 -1.0 -1.0 -1.0 -1.0 -1.0 -1.0 2.041 1.902 4.645 434.242 1.025 1678.426 1.1169932679725647 1.0
16.0 3.0 Car -1.0 -1.0 -1.0 -1.0 -1.0 -1.0 -1.0 1.764 1.686 3.982 418.62 1.303 1654.669 -2.0388412723049427 0.0
16.0 6.0 Car -1.0 -1.0 -1.0 -1.0 -1.0 -1.0 -1.0 2.074 1.798 4.802 456.512 0.191 1727.2 -2.842695201828945 1.0
16.0 4.0 Car -1.0 -1.0 -1.0 -1.0 -1.0 -1.0 -1.0 1.918 1.562 4.662 468.851 0.333 1723.684 2.9267205647290755 1.0
16.0 0.0 Car -1.0 -1.0 -1.0 -1.0 -1.0 -1.0 -1.0 2.05 1.551 4.775 426.505 0.804 1677.94 -2.0368865035633026 0.0
17.0 1.0 Car -1.0 -1.0 -1.0 -1.0 -1.0 -1.0 -1.0 2.161 1.437 4.681 427.529 1.034 1672.57 -2.001979918523416 0.0
17.0 7.0 Car -1.0 -1.0 -1.0 -1.0 -1.0 -1.0 -1.0 1.895 1.489 4.451 438.965 0.572 1696.332 -2.0368865035633026 1.0
17.0 2.0 Car -1.0 -1.0 -1.0 -1.0 -1.0 -1.0 -1.0 2.041 1.902 4.645 434.853 1.026 1679.701 1.1169932679725647 1.0
17.0 3.0 Car -1.0 -1.0 -1.0 -1.0 -1.0 -1.0 -1.0 1.764 1.686 3.982 418.596 1.325 1654.639 -2.0388412723049427 0.0
17.0 6.0 Car -1.0 -1.0 -1.0 -1.0 -1.0 -1.0 -1.0 2.074 1.798 4.802 454.143 0.167 1725.602 -2.556566242597211 1.0
17.0 4.0 Car -1.0 -1.0 -1.0 -1.0 -1.0 -1.0 -1.0 1.918 1.562 4.662 467.328 0.313 1724.26 2.977312027255575 1.0
17.0 0.0 Car -1.0 -1.0 -1.0 -1.0 -1.0 -1.0 -1.0 2.05 1.551 4.775 425.073 0.962 1675.016 -2.0281648430186463 0.0
18.0 1.0 Car -1.0 -1.0 -1.0 -1.0 -1.0 -1.0 -1.0 2.161 1.437 4.681 426.724 1.109 1670.858 -2.0238116872967553 0.0
18.0 7.0 Car -1.0 -1.0 -1.0 -1.0 -1.0 -1.0 -1.0 1.895 1.489 4.451 437.532 0.572 1693.5 -2.0368865035633026 1.0
18.0 2.0 Car -1.0 -1.0 -1.0 -1.0 -1.0 -1.0 -1.0 2.041 1.902 4.645 435.415 1.027 1680.876 1.1169932679725647 1.0
18.0 3.0 Car -1.0 -1.0 -1.0 -1.0 -1.0 -1.0 -1.0 1.764 1.686 3.982 418.573 1.346 1654.609 -2.0388412723049427 0.0
18.0 6.0 Car -1.0 -1.0 -1.0 -1.0 -1.0 -1.0 -1.0 2.074 1.798 4.802 452.106 0.168 1723.601 -2.321846410545631 1.0
18.0 4.0 Car -1.0 -1.0 -1.0 -1.0 -1.0 -1.0 -1.0 1.918 1.562 4.662 465.771 0.293 1724.759 3.028109247754264 1.0
18.0 0.0 Car -1.0 -1.0 -1.0 -1.0 -1.0 -1.0 -1.0 2.05 1.551 4.775 423.721 1.071 1672.185 -2.0194077110505884 0.0
19.0 1.0 Car -1.0 -1.0 -1.0 -1.0 -1.0 -1.0 -1.0 2.161 1.437 4.681 425.947 1.184 1669.211 -2.0107063554138067 0.0
19.0 7.0 Car -1.0 -1.0 -1.0 -1.0 -1.0 -1.0 -1.0 1.895 1.489 4.451 436.181 0.672 1690.748 -2.0194332110433595 1.0
19.0 5.0 Bus -1.0 -1.0 -1.0 -1.0 -1.0 -1.0 -1.0 2.649 3.13 7.288 469.353 3.196 1596.646 2.5569771673455595 0.0
19.0 2.0 Car -1.0 -1.0 -1.0 -1.0 -1.0 -1.0 -1.0 2.041 1.902 4.645 435.924 1.028 1681.942 1.1169932679725647 1.0
19.0 6.0 Car -1.0 -1.0 -1.0 -1.0 -1.0 -1.0 -1.0 2.074 1.798 4.802 449.969 0.193 1720.808 -2.223095829500608 1.0
19.0 4.0 Car -1.0 -1.0 -1.0 -1.0 -1.0 -1.0 -1.0 1.918 1.562 4.662 464.201 0.274 1725.177 3.078552439041581 1.0
19.0 0.0 Car -1.0 -1.0 -1.0 -1.0 -1.0 -1.0 -1.0 2.05 1.551 4.775 422.363 1.104 1669.346 -2.0107116115660824 0.0
20.0 1.0 Car -1.0 -1.0 -1.0 -1.0 -1.0 -1.0 -1.0 2.161 1.437 4.681 425.293 1.159 1667.822 -2.0150721124651696 0.0
20.0 7.0 Car -1.0 -1.0 -1.0 -1.0 -1.0 -1.0 -1.0 1.895 1.489 4.451 434.826 0.773 1687.915 -2.0194332110433595 1.0
20.0 5.0 Bus -1.0 -1.0 -1.0 -1.0 -1.0 -1.0 -1.0 2.649 3.13 7.288 465.409 3.196 1599.101 2.552498679625448 1.0
20.0 2.0 Car -1.0 -1.0 -1.0 -1.0 -1.0 -1.0 -1.0 2.041 1.902 4.645 436.407 1.079 1682.955 1.1169932679725647 1.0
20.0 6.0 Car -1.0 -1.0 -1.0 -1.0 -1.0 -1.0 -1.0 2.074 1.798 4.802 448.186 0.319 1718.113 -2.15899983363733 1.0
20.0 4.0 Car -1.0 -1.0 -1.0 -1.0 -1.0 -1.0 -1.0 1.918 1.562 4.662 462.606 0.254 1725.515 3.129202096764346 1.0
20.0 0.0 Car -1.0 -1.0 -1.0 -1.0 -1.0 -1.0 -1.0 2.05 1.551 4.775 421.091 1.104 1666.694 -2.0194332110433595 0.0
21.0 1.0 Car -1.0 -1.0 -1.0 -1.0 -1.0 -1.0 -1.0 2.161 1.437 4.681 424.75 1.134 1666.668 -2.0194332110433595 0.0
21.0 7.0 Car -1.0 -1.0 -1.0 -1.0 -1.0 -1.0 -1.0 1.895 1.489 4.451 433.692 0.772 1685.473 -2.0194332110433595 0.0
21.0 5.0 Bus -1.0 -1.0 -1.0 -1.0 -1.0 -1.0 -1.0 2.649 3.13 7.288 461.468 3.196 1601.554 2.5480249706675657 1.0
21.0 2.0 Car -1.0 -1.0 -1.0 -1.0 -1.0 -1.0 -1.0 2.041 1.902 4.645 436.869 1.062 1683.901 1.1169932679725647 1.0
21.0 6.0 Car -1.0 -1.0 -1.0 -1.0 -1.0 -1.0 -1.0 2.074 1.798 4.802 446.158 0.345 1714.877 -2.1298601928262575 1.0
21.0 4.0 Car -1.0 -1.0 -1.0 -1.0 -1.0 -1.0 -1.0 1.918 1.562 4.662 459.481 0.254 1725.14 -2.9717431363915945 1.0
21.0 0.0 Car -1.0 -1.0 -1.0 -1.0 -1.0 -1.0 -1.0 2.05 1.551 4.775 419.834 1.109 1664.074 -2.0194332110433595 0.0
22.0 1.0 Car -1.0 -1.0 -1.0 -1.0 -1.0 -1.0 -1.0 2.161 1.437 4.681 424.308 1.156 1665.75 -2.0194332110433595 0.0
22.0 7.0 Car -1.0 -1.0 -1.0 -1.0 -1.0 -1.0 -1.0 1.895 1.489 4.451 432.714 0.783 1683.402 -2.0140132380790448 0.0
22.0 5.0 Bus -1.0 -1.0 -1.0 -1.0 -1.0 -1.0 -1.0 2.649 3.13 7.288 457.921 3.196 1603.762 2.5439974495486046 1.0
22.0 2.0 Car -1.0 -1.0 -1.0 -1.0 -1.0 -1.0 -1.0 2.041 1.902 4.645 437.286 1.047 1684.753 1.1169932679725647 1.0
22.0 6.0 Car -1.0 -1.0 -1.0 -1.0 -1.0 -1.0 -1.0 2.074 1.798 4.802 444.428 0.283 1711.963 -2.090727008449058 1.0
22.0 4.0 Car -1.0 -1.0 -1.0 -1.0 -1.0 -1.0 -1.0 1.918 1.562 4.662 456.767 0.254 1724.322 -2.807678877012816 1.0
23.0 1.0 Car -1.0 -1.0 -1.0 -1.0 -1.0 -1.0 -1.0 2.161 1.437 4.681 423.848 1.181 1664.792 -2.0194332110433595 0.0
23.0 7.0 Car -1.0 -1.0 -1.0 -1.0 -1.0 -1.0 -1.0 1.895 1.489 4.451 431.84 0.875 1681.547 -2.007992995518855 0.0
23.0 5.0 Bus -1.0 -1.0 -1.0 -1.0 -1.0 -1.0 -1.0 2.649 3.13 7.288 453.981 3.196 1606.215 2.5395238748256164 1.0
23.0 2.0 Car -1.0 -1.0 -1.0 -1.0 -1.0 -1.0 -1.0 2.041 1.902 4.645 437.763 1.057 1685.729 1.1169932679725647 1.0
23.0 6.0 Car -1.0 -1.0 -1.0 -1.0 -1.0 -1.0 -1.0 2.074 1.798 4.802 442.542 0.406 1708.521 -2.0753778809852004 1.0
23.0 4.0 Car -1.0 -1.0 -1.0 -1.0 -1.0 -1.0 -1.0 1.918 1.562 4.662 454.265 0.254 1723.048 -2.6254442711537873 1.0
24.0 1.0 Car -1.0 -1.0 -1.0 -1.0 -1.0 -1.0 -1.0 2.161 1.437 4.681 423.512 1.206 1664.093 -2.0194332110433595 0.0
24.0 7.0 Car -1.0 -1.0 -1.0 -1.0 -1.0 -1.0 -1.0 1.895 1.489 4.451 430.966 0.966 1679.695 -2.001979918523416 0.0
24.0 5.0 Bus -1.0 -1.0 -1.0 -1.0 -1.0 -1.0 -1.0 2.649 3.13 7.288 450.14 3.196 1608.802 2.5569771673455595 1.0
24.0 2.0 Car -1.0 -1.0 -1.0 -1.0 -1.0 -1.0 -1.0 2.041 1.902 4.645 438.268 1.066 1686.762 1.1169932679725647 1.0
24.0 6.0 Car -1.0 -1.0 -1.0 -1.0 -1.0 -1.0 -1.0 2.074 1.798 4.802 440.658 0.529 1705.084 -2.0600470227464847 1.0
24.0 4.0 Car -1.0 -1.0 -1.0 -1.0 -1.0 -1.0 -1.0 1.918 1.562 4.662 452.137 0.099 1721.207 -2.450911345954356 1.0
25.0 1.0 Car -1.0 -1.0 -1.0 -1.0 -1.0 -1.0 -1.0 2.161 1.437 4.681 423.142 1.234 1663.323 -2.0194332110433595 0.0
25.0 7.0 Car -1.0 -1.0 -1.0 -1.0 -1.0 -1.0 -1.0 1.895 1.489 4.451 430.159 1.021 1677.957 -2.001979918523416 0.0
25.0 5.0 Bus -1.0 -1.0 -1.0 -1.0 -1.0 -1.0 -1.0 2.649 3.13 7.288 445.915 3.196 1611.655 2.566117694164138 1.0
25.0 2.0 Car -1.0 -1.0 -1.0 -1.0 -1.0 -1.0 -1.0 2.041 1.902 4.645 438.758 1.076 1687.767 1.1169932679725647 1.0
25.0 6.0 Car -1.0 -1.0 -1.0 -1.0 -1.0 -1.0 -1.0 2.074 1.798 4.802 438.594 0.617 1701.217 -2.0600470227464847 1.0
25.0 4.0 Car -1.0 -1.0 -1.0 -1.0 -1.0 -1.0 -1.0 1.918 1.562 4.662 449.718 0.099 1718.499 -2.2927407757377622 1.0
26.0 1.0 Car -1.0 -1.0 -1.0 -1.0 -1.0 -1.0 -1.0 2.161 1.437 4.681 422.929 1.259 1662.879 -2.0194332110433595 0.0
26.0 7.0 Car -1.0 -1.0 -1.0 -1.0 -1.0 -1.0 -1.0 1.895 1.489 4.451 429.501 1.175 1676.543 -2.001979918523416 0.0
26.0 5.0 Bus -1.0 -1.0 -1.0 -1.0 -1.0 -1.0 -1.0 2.649 3.13 7.288 442.073 3.196 1614.251 2.574430459865503 1.0
26.0 2.0 Car -1.0 -1.0 -1.0 -1.0 -1.0 -1.0 -1.0 2.041 1.902 4.645 439.205 1.086 1688.68 1.1169932679725647 1.0
26.0 6.0 Car -1.0 -1.0 -1.0 -1.0 -1.0 -1.0 -1.0 2.074 1.798 4.802 436.569 0.698 1697.421 -2.0600470227464847 1.0
26.0 4.0 Car -1.0 -1.0 -1.0 -1.0 -1.0 -1.0 -1.0 1.918 1.562 4.662 447.868 0.144 1715.763 -2.182220070386086 1.0
27.0 7.0 Car -1.0 -1.0 -1.0 -1.0 -1.0 -1.0 -1.0 1.895 1.489 4.451 428.933 1.179 1675.324 -2.001979918523416 0.0
27.0 5.0 Bus -1.0 -1.0 -1.0 -1.0 -1.0 -1.0 -1.0 2.649 3.13 7.288 439.027 3.145 1616.322 2.5721942006183043 0.0
27.0 2.0 Car -1.0 -1.0 -1.0 -1.0 -1.0 -1.0 -1.0 2.041 1.902 4.645 439.665 1.104 1689.622 1.1169932679725647 0.0
27.0 6.0 Car -1.0 -1.0 -1.0 -1.0 -1.0 -1.0 -1.0 2.074 1.798 4.802 434.851 0.779 1694.201 -2.0600470227464847 0.0
27.0 4.0 Car -1.0 -1.0 -1.0 -1.0 -1.0 -1.0 -1.0 1.918 1.562 4.662 446.124 0.261 1712.861 -2.1182247614680336 0.0
28.0 7.0 Car -1.0 -1.0 -1.0 -1.0 -1.0 -1.0 -1.0 1.895 1.489 4.451 428.481 1.183 1674.356 -2.001979918523416 0.0
28.0 5.0 Bus -1.0 -1.0 -1.0 -1.0 -1.0 -1.0 -1.0 2.649 3.13 7.288 435.981 3.095 1618.394 2.5699579682134104 0.0
28.0 2.0 Car -1.0 -1.0 -1.0 -1.0 -1.0 -1.0 -1.0 2.041 1.902 4.645 440.126 1.121 1690.564 1.1169932679725647 0.0
28.0 6.0 Car -1.0 -1.0 -1.0 -1.0 -1.0 -1.0 -1.0 2.074 1.798 4.802 433.179 0.885 1690.897 -2.0478315457415213 0.0
28.0 4.0 Car -1.0 -1.0 -1.0 -1.0 -1.0 -1.0 -1.0 1.918 1.562 4.662 444.431 0.377 1709.912 -2.080409592096144 0.0
29.0 7.0 Car -1.0 -1.0 -1.0 -1.0 -1.0 -1.0 -1.0 1.895 1.489 4.451 428.028 1.187 1673.387 -2.001979918523416 0.0
29.0 5.0 Bus -1.0 -1.0 -1.0 -1.0 -1.0 -1.0 -1.0 2.649 3.13 7.288 432.935 3.044 1620.466 2.5677216597553194 0.0
29.0 2.0 Car -1.0 -1.0 -1.0 -1.0 -1.0 -1.0 -1.0 2.041 1.902 4.645 440.53 1.114 1691.391 1.1169932679725647 0.0
29.0 6.0 Car -1.0 -1.0 -1.0 -1.0 -1.0 -1.0 -1.0 2.074 1.798 4.802 431.506 0.992 1687.592 -2.0356156532940166 0.0
29.0 4.0 Car -1.0 -1.0 -1.0 -1.0 -1.0 -1.0 -1.0 1.918 1.562 4.662 442.824 0.479 1706.99 -2.079827995720619 0.0
30.0 7.0 Car -1.0 -1.0 -1.0 -1.0 -1.0 -1.0 -1.0 1.895 1.489 4.451 427.575 1.192 1672.417 -2.001979918523416 0.0
30.0 5.0 Bus -1.0 -1.0 -1.0 -1.0 -1.0 -1.0 -1.0 2.649 3.13 7.288 429.886 2.994 1622.54 2.5654828639103266 0.0
30.0 2.0 Car -1.0 -1.0 -1.0 -1.0 -1.0 -1.0 -1.0 2.041 1.902 4.645 440.935 1.107 1692.219 1.1169932679725647 0.0
30.0 6.0 Car -1.0 -1.0 -1.0 -1.0 -1.0 -1.0 -1.0 2.074 1.798 4.802 429.886 1.098 1684.424 -2.049575967187005 0.0
30.0 4.0 Car -1.0 -1.0 -1.0 -1.0 -1.0 -1.0 -1.0 1.918 1.562 4.662 441.216 0.581 1704.065 -2.079245752450788 0.0
31.0 7.0 Car -1.0 -1.0 -1.0 -1.0 -1.0 -1.0 -1.0 1.895 1.489 4.451 427.122 1.196 1671.449 -2.001979918523416 0.0
31.0 5.0 Bus -1.0 -1.0 -1.0 -1.0 -1.0 -1.0 -1.0 2.649 3.13 7.288 426.84 2.943 1624.611 2.5632465733471057 0.0
31.0 2.0 Car -1.0 -1.0 -1.0 -1.0 -1.0 -1.0 -1.0 2.041 1.902 4.645 441.388 1.1 1693.147 1.1169932679725647 0.0
31.0 6.0 Car -1.0 -1.0 -1.0 -1.0 -1.0 -1.0 -1.0 2.074 1.798 4.802 428.231 1.271 1681.166 -2.0460868973111364 0.0
31.0 4.0 Car -1.0 -1.0 -1.0 -1.0 -1.0 -1.0 -1.0 1.918 1.562 4.662 439.681 0.641 1701.328 -2.0786641607291783 0.0
32.0 7.0 Car -1.0 -1.0 -1.0 -1.0 -1.0 -1.0 -1.0 1.895 1.489 4.451 426.669 1.2 1670.479 -2.001979918523416 0.0
32.0 5.0 Bus -1.0 -1.0 -1.0 -1.0 -1.0 -1.0 -1.0 2.649 3.13 7.288 423.79 2.892 1626.685 2.561007656711741 0.0
32.0 2.0 Car -1.0 -1.0 -1.0 -1.0 -1.0 -1.0 -1.0 2.041 1.902 4.645 441.842 1.092 1694.076 1.1169932679725647 0.0
32.0 6.0 Car -1.0 -1.0 -1.0 -1.0 -1.0 -1.0 -1.0 2.074 1.798 4.802 426.688 1.332 1678.124 -2.025140437706599 0.0
32.0 4.0 Car -1.0 -1.0 -1.0 -1.0 -1.0 -1.0 -1.0 1.918 1.562 4.662 438.185 0.701 1698.658 -2.078081886045416 0.0
33.0 5.0 Bus -1.0 -1.0 -1.0 -1.0 -1.0 -1.0 -1.0 2.649 3.13 7.288 420.734 2.842 1628.736 2.552956084943223 0.0
33.0 2.0 Car -1.0 -1.0 -1.0 -1.0 -1.0 -1.0 -1.0 2.041 1.902 4.645 442.292 1.085 1694.979 1.1169932679725647 0.0
33.0 6.0 Car -1.0 -1.0 -1.0 -1.0 -1.0 -1.0 -1.0 2.074 1.798 4.802 425.209 1.393 1675.023 -2.021651469748947 0.0
33.0 4.0 Car -1.0 -1.0 -1.0 -1.0 -1.0 -1.0 -1.0 1.918 1.562 4.662 436.752 0.761 1696.104 -2.0775003152664273 0.0
34.0 5.0 Bus -1.0 -1.0 -1.0 -1.0 -1.0 -1.0 -1.0 2.649 3.13 7.288 417.688 2.791 1630.81 2.5448948323780085 0.0
34.0 2.0 Car -1.0 -1.0 -1.0 -1.0 -1.0 -1.0 -1.0 2.041 1.902 4.645 442.659 1.078 1695.71 1.1169932679725647 0.0
34.0 6.0 Car -1.0 -1.0 -1.0 -1.0 -1.0 -1.0 -1.0 2.074 1.798 4.802 423.843 1.454 1672.156 -2.0181583068352738 0.0
34.0 4.0 Car -1.0 -1.0 -1.0 -1.0 -1.0 -1.0 -1.0 1.918 1.562 4.662 435.289 0.836 1693.461 -2.0775003152664273 0.0
35.0 5.0 Bus -1.0 -1.0 -1.0 -1.0 -1.0 -1.0 -1.0 2.649 3.13 7.288 414.653 2.741 1632.892 2.5368435183345275 0.0
35.0 2.0 Car -1.0 -1.0 -1.0 -1.0 -1.0 -1.0 -1.0 2.041 1.902 4.645 442.877 1.071 1696.139 1.1169932679725647 0.0
35.0 6.0 Car -1.0 -1.0 -1.0 -1.0 -1.0 -1.0 -1.0 2.074 1.798 4.802 422.473 1.514 1669.35 -2.0321227430769255 0.0
35.0 4.0 Car -1.0 -1.0 -1.0 -1.0 -1.0 -1.0 -1.0 1.918 1.562 4.662 433.828 0.911 1690.821 -2.0775003152664273 0.0
36.0 5.0 Bus -1.0 -1.0 -1.0 -1.0 -1.0 -1.0 -1.0 2.649 3.13 7.288 411.618 2.69 1634.982 2.528782362416202 0.0
36.0 2.0 Car -1.0 -1.0 -1.0 -1.0 -1.0 -1.0 -1.0 2.041 1.902 4.645 442.999 1.064 1696.367 1.1169932679725647 0.0
36.0 6.0 Car -1.0 -1.0 -1.0 -1.0 -1.0 -1.0 -1.0 2.074 1.798 4.802 421.263 1.575 1666.867 -2.0373611884782963 0.0
36.0 4.0 Car -1.0 -1.0 -1.0 -1.0 -1.0 -1.0 -1.0 1.918 1.562 4.662 432.365 0.986 1688.178 -2.0775003152664273 0.0
37.0 5.0 Bus -1.0 -1.0 -1.0 -1.0 -1.0 -1.0 -1.0 2.649 3.13 7.288 408.588 2.64 1637.072 2.520730291305425 0.0
37.0 2.0 Car -1.0 -1.0 -1.0 -1.0 -1.0 -1.0 -1.0 2.041 1.902 4.645 443.087 1.056 1696.552 1.1169932679725647 0.0
37.0 6.0 Car -1.0 -1.0 -1.0 -1.0 -1.0 -1.0 -1.0 2.074 1.798 4.802 420.055 1.636 1664.386 -2.042593730226541 0.0
37.0 4.0 Car -1.0 -1.0 -1.0 -1.0 -1.0 -1.0 -1.0 1.918 1.562 4.662 430.895 1.061 1685.543 -2.0775003152664273 0.0
38.0 5.0 Bus -1.0 -1.0 -1.0 -1.0 -1.0 -1.0 -1.0 2.649 3.13 7.288 405.556 2.589 1639.166 2.512670005209099 0.0
38.0 2.0 Car -1.0 -1.0 -1.0 -1.0 -1.0 -1.0 -1.0 2.041 1.902 4.645 443.301 1.049 1696.996 1.1169932679725647 0.0
38.0 6.0 Car -1.0 -1.0 -1.0 -1.0 -1.0 -1.0 -1.0 2.074 1.798 4.802 419.115 1.697 1662.516 -2.042593730226541 0.0
38.0 4.0 Car -1.0 -1.0 -1.0 -1.0 -1.0 -1.0 -1.0 1.918 1.562 4.662 429.464 1.136 1683.011 -2.0775003152664273 0.0
