0.0 1.0 Truck -1.0 -1.0 -1.0 -1.0 -1.0 -1.0 -1.0 3.154 3.877 11.62 1817.592 2.03 1176.826 2.1638068467403144 0.0
0.0 5.0 Car -1.0 -1.0 -1.0 -1.0 -1.0 -1.0 -1.0 2.23 2.0 5.289 1799.174 0.702 1204.239 2.3345524074500643 0.0
0.0 4.0 Car -1.0 -1.0 -1.0 -1.0 -1.0 -1.0 -1.0 2.155 2.0 6.062 1786.413 0.609 1214.621 2.526538625169441 0.0
0.0 2.0 Car -1.0 -1.0 -1.0 -1.0 -1.0 -1.0 -1.0 2.169 1.593 5.308 1748.264 0.796 1227.68 -0.6771877498396304 0.0
0.0 0.0 Car -1.0 -1.0 -1.0 -1.0 -1.0 -1.0 -1.0 2.068 1.632 5.0 1769.081 0.775 1225.395 2.6471291398111063 0.0
1.0 1.0 Truck -1.0 -1.0 -1.0 -1.0 -1.0 -1.0 -1.0 3.154 3.877 11.62 1815.121 2.211 1180.8 2.1638068467403144 1.0
1.0 5.0 Car -1.0 -1.0 -1.0 -1.0 -1.0 -1.0 -1.0 2.23 2.0 5.289 1796.989 0.652 1206.493 2.3345524074500643 1.0
1.0 4.0 Car -1.0 -1.0 -1.0 -1.0 -1.0 -1.0 -1.0 2.155 2.0 6.062 1783.634 0.509 1216.556 2.5614452102093277 1.0
1.0 2.0 Car -1.0 -1.0 -1.0 -1.0 -1.0 -1.0 -1.0 2.169 1.593 5.308 1750.334 0.796 1226.023 -0.6946406761608546 1.0
1.0 0.0 Car -1.0 -1.0 -1.0 -1.0 -1.0 -1.0 -1.0 2.068 1.632 5.0 1765.742 0.858 1227.176 2.655858276078156 1.0
2.0 1.0 Truck -1.0 -1.0 -1.0 -1.0 -1.0 -1.0 -1.0 3.154 3.877 11.62 1813.587 2.393 1183.381 2.1638068467403144 1.0
2.0 5.0 Car -1.0 -1.0 -1.0 -1.0 -1.0 -1.0 -1.0 2.23 2.0 5.289 1794.603 0.602 1208.956 2.3520056999700074 1.0
2.0 4.0 Car -1.0 -1.0 -1.0 -1.0 -1.0 -1.0 -1.0 2.155 2.0 6.062 1780.712 0.609 1218.434 2.5788985027292712 1.0
2.0 2.0 Car -1.0 -1.0 -1.0 -1.0 -1.0 -1.0 -1.0 2.169 1.593 5.308 1752.041 0.796 1224.576 -0.7120943348795165 1.0
2.0 0.0 Car -1.0 -1.0 -1.0 -1.0 -1.0 -1.0 -1.0 2.068 1.632 5.0 1762.386 0.917 1228.926 2.6645875344471293 1.0
3.0 1.0 Truck -1.0 -1.0 -1.0 -1.0 -1.0 -1.0 -1.0 3.154 3.877 11.62 1812.053 2.574 1185.963 2.146353554220371 1.0
3.0 5.0 Car -1.0 -1.0 -1.0 -1.0 -1.0 -1.0 -1.0 2.23 2.0 5.289 1791.99 0.552 1211.54 2.3694589924899505 1.0
3.0 4.0 Car -1.0 -1.0 -1.0 -1.0 -1.0 -1.0 -1.0 2.155 2.0 6.062 1777.778 0.759 1220.222 2.6138050877691574 1.0
3.0 2.0 Car -1.0 -1.0 -1.0 -1.0 -1.0 -1.0 -1.0 2.169 1.593 5.308 1753.699 0.796 1223.128 -0.7295476273994598 1.0
3.0 0.0 Car -1.0 -1.0 -1.0 -1.0 -1.0 -1.0 -1.0 2.068 1.632 5.0 1759.031 0.925 1230.677 2.655863151433521 1.0
4.0 1.0 Truck -1.0 -1.0 -1.0 -1.0 -1.0 -1.0 -1.0 3.154 3.877 11.62 1810.257 2.755 1188.655 2.146353554220371 1.0
4.0 5.0 Car -1.0 -1.0 -1.0 -1.0 -1.0 -1.0 -1.0 2.23 2.0 5.289 1789.301 0.552 1214.044 2.4218188700497807 1.0
4.0 4.0 Car -1.0 -1.0 -1.0 -1.0 -1.0 -1.0 -1.0 2.155 2.0 6.062 1774.806 0.859 1221.934 2.6312583802891005 1.0
4.0 2.0 Car -1.0 -1.0 -1.0 -1.0 -1.0 -1.0 -1.0 2.169 1.593 5.308 1755.206 0.796 1221.767 -0.7470009199194028 1.0
4.0 0.0 Car -1.0 -1.0 -1.0 -1.0 -1.0 -1.0 -1.0 2.068 1.632 5.0 1755.664 0.925 1232.395 2.682035724850993 0.0
5.0 1.0 Truck -1.0 -1.0 -1.0 -1.0 -1.0 -1.0 -1.0 3.154 3.877 11.62 1808.898 2.45 1190.675 2.1289002617004273 1.0
5.0 5.0 Car -1.0 -1.0 -1.0 -1.0 -1.0 -1.0 -1.0 2.23 2.0 5.289 1786.472 0.602 1216.381 2.474178747609611 1.0
5.0 4.0 Car -1.0 -1.0 -1.0 -1.0 -1.0 -1.0 -1.0 2.155 2.0 6.062 1771.779 0.859 1223.631 2.6225313058604205 1.0
5.0 2.0 Car -1.0 -1.0 -1.0 -1.0 -1.0 -1.0 -1.0 2.169 1.593 5.308 1756.915 0.796 1220.176 -0.7644542124393457 1.0
5.0 0.0 Car -1.0 -1.0 -1.0 -1.0 -1.0 -1.0 -1.0 2.068 1.632 5.0 1752.286 1.025 1234.079 2.682035724850993 0.0
5.0 3.0 Truck -1.0 -1.0 -1.0 -1.0 -1.0 -1.0 -1.0 3.334 4.218 10.353 1834.706 2.491 1151.259 2.2004238544525774 0.0
6.0 1.0 Truck -1.0 -1.0 -1.0 -1.0 -1.0 -1.0 -1.0 3.154 3.877 11.62 1807.582 2.418 1192.628 2.146353554220371 1.0
6.0 5.0 Car -1.0 -1.0 -1.0 -1.0 -1.0 -1.0 -1.0 2.23 2.0 5.289 1783.53 0.652 1218.577 2.5265386251694406 1.0
6.0 4.0 Car -1.0 -1.0 -1.0 -1.0 -1.0 -1.0 -1.0 2.155 2.0 6.062 1768.63 0.959 1225.394 2.6312583802891005 1.0
6.0 2.0 Car -1.0 -1.0 -1.0 -1.0 -1.0 -1.0 -1.0 2.169 1.593 5.308 1758.789 0.796 1218.408 -0.7644542124393457 1.0
6.0 0.0 Car -1.0 -1.0 -1.0 -1.0 -1.0 -1.0 -1.0 2.068 1.632 5.0 1748.907 1.075 1235.764 2.682035724850993 0.0
6.0 3.0 Truck -1.0 -1.0 -1.0 -1.0 -1.0 -1.0 -1.0 3.334 4.218 10.353 1832.979 2.423 1153.934 2.2004238544525774 1.0
7.0 1.0 Truck -1.0 -1.0 -1.0 -1.0 -1.0 -1.0 -1.0 3.154 3.877 11.62 1806.264 2.249 1194.583 2.1638068467403144 1.0
7.0 5.0 Car -1.0 -1.0 -1.0 -1.0 -1.0 -1.0 -1.0 2.23 2.0 5.289 1780.434 0.702 1220.615 2.5788985027292703 1.0
7.0 4.0 Car -1.0 -1.0 -1.0 -1.0 -1.0 -1.0 -1.0 2.155 2.0 6.062 1765.788 0.984 1226.963 2.6399849043427848 1.0
7.0 2.0 Car -1.0 -1.0 -1.0 -1.0 -1.0 -1.0 -1.0 2.169 1.593 5.308 1760.805 0.821 1216.413 -0.7819072605467134 1.0
7.0 0.0 Car -1.0 -1.0 -1.0 -1.0 -1.0 -1.0 -1.0 2.068 1.632 5.0 1745.618 1.125 1237.405 2.682035724850993 0.0
7.0 3.0 Truck -1.0 -1.0 -1.0 -1.0 -1.0 -1.0 -1.0 3.334 4.218 10.353 1831.25 2.355 1156.611 2.2004238544525774 1.0
8.0 1.0 Truck -1.0 -1.0 -1.0 -1.0 -1.0 -1.0 -1.0 3.154 3.877 11.62 1804.813 2.08 1196.736 2.1638068467403144 1.0
8.0 5.0 Car -1.0 -1.0 -1.0 -1.0 -1.0 -1.0 -1.0 2.23 2.0 5.289 1777.276 0.752 1222.564 2.596351795249214 1.0
8.0 4.0 Car -1.0 -1.0 -1.0 -1.0 -1.0 -1.0 -1.0 2.155 2.0 6.062 1762.811 1.059 1228.607 2.6487116728090436 1.0
8.0 2.0 Car -1.0 -1.0 -1.0 -1.0 -1.0 -1.0 -1.0 2.169 1.593 5.308 1762.893 0.796 1214.296 -0.799360797479232 1.0
8.0 0.0 Car -1.0 -1.0 -1.0 -1.0 -1.0 -1.0 -1.0 2.068 1.632 5.0 1742.328 1.075 1239.046 2.682035724850993 0.0
8.0 3.0 Truck -1.0 -1.0 -1.0 -1.0 -1.0 -1.0 -1.0 3.334 4.218 10.353 1829.521 2.287 1159.288 2.2004238544525774 1.0
9.0 1.0 Truck -1.0 -1.0 -1.0 -1.0 -1.0 -1.0 -1.0 3.154 3.877 11.62 1803.315 1.895 1198.644 2.1812601392602575 1.0
9.0 5.0 Car -1.0 -1.0 -1.0 -1.0 -1.0 -1.0 -1.0 2.23 2.0 5.289 1774.051 0.812 1224.463 2.6154769368394666 1.0
9.0 4.0 Car -1.0 -1.0 -1.0 -1.0 -1.0 -1.0 -1.0 2.155 2.0 6.062 1759.519 1.097 1230.334 2.666164965328987 0.0
9.0 2.0 Car -1.0 -1.0 -1.0 -1.0 -1.0 -1.0 -1.0 2.169 1.593 5.308 1765.276 0.779 1211.792 -0.8168140899991752 1.0
9.0 0.0 Car -1.0 -1.0 -1.0 -1.0 -1.0 -1.0 -1.0 2.068 1.632 5.0 1738.699 1.128 1240.846 2.682035724850993 0.0
9.0 3.0 Truck -1.0 -1.0 -1.0 -1.0 -1.0 -1.0 -1.0 3.334 4.218 10.353 1827.619 2.212 1162.234 2.2004238544525774 1.0
10.0 1.0 Truck -1.0 -1.0 -1.0 -1.0 -1.0 -1.0 -1.0 3.154 3.877 11.62 1801.67 1.726 1200.798 2.216166724300144 1.0
10.0 5.0 Car -1.0 -1.0 -1.0 -1.0 -1.0 -1.0 -1.0 2.23 2.0 5.289 1771.079 0.812 1226.121 2.6487116728090436 1.0
10.0 4.0 Car -1.0 -1.0 -1.0 -1.0 -1.0 -1.0 -1.0 2.155 2.0 6.062 1756.349 1.072 1231.904 2.6836182578489307 0.0
10.0 2.0 Car -1.0 -1.0 -1.0 -1.0 -1.0 -1.0 -1.0 2.169 1.593 5.308 1767.343 0.764 1209.512 -0.8168140899991752 0.0
10.0 0.0 Car -1.0 -1.0 -1.0 -1.0 -1.0 -1.0 -1.0 2.068 1.632 5.0 1735.402 1.175 1242.481 2.682035724850993 0.0
10.0 3.0 Truck -1.0 -1.0 -1.0 -1.0 -1.0 -1.0 -1.0 3.334 4.218 10.353 1825.89 2.144 1164.912 2.2004238544525774 1.0
11.0 1.0 Truck -1.0 -1.0 -1.0 -1.0 -1.0 -1.0 -1.0 3.154 3.877 11.62 1800.085 1.557 1202.603 2.251073309340031 1.0
11.0 5.0 Car -1.0 -1.0 -1.0 -1.0 -1.0 -1.0 -1.0 2.23 2.0 5.289 1768.088 0.862 1227.737 2.6487116728090436 1.0
11.0 4.0 Car -1.0 -1.0 -1.0 -1.0 -1.0 -1.0 -1.0 2.155 2.0 6.062 1753.18 1.197 1233.477 2.6836182578489307 0.0
11.0 2.0 Car -1.0 -1.0 -1.0 -1.0 -1.0 -1.0 -1.0 2.169 1.593 5.308 1769.389 0.749 1207.306 -0.8168140899991752 0.0
11.0 0.0 Car -1.0 -1.0 -1.0 -1.0 -1.0 -1.0 -1.0 2.068 1.632 5.0 1732.105 1.158 1244.116 2.682035724850993 0.0
11.0 3.0 Truck -1.0 -1.0 -1.0 -1.0 -1.0 -1.0 -1.0 3.334 4.218 10.353 1824.161 2.075 1167.589 2.2004238544525774 1.0
12.0 1.0 Truck -1.0 -1.0 -1.0 -1.0 -1.0 -1.0 -1.0 3.154 3.877 11.62 1798.516 1.638 1204.521 2.303433186899861 1.0
12.0 5.0 Car -1.0 -1.0 -1.0 -1.0 -1.0 -1.0 -1.0 2.23 2.0 5.289 1765.209 0.862 1229.253 2.666164965328987 0.0
12.0 4.0 Car -1.0 -1.0 -1.0 -1.0 -1.0 -1.0 -1.0 2.155 2.0 6.062 1749.824 1.222 1235.142 2.6836182578489307 0.0
12.0 2.0 Car -1.0 -1.0 -1.0 -1.0 -1.0 -1.0 -1.0 2.169 1.593 5.308 1771.321 0.733 1205.271 -0.799360797479232 0.0
12.0 0.0 Car -1.0 -1.0 -1.0 -1.0 -1.0 -1.0 -1.0 2.068 1.632 5.0 1728.807 1.141 1245.751 2.682035724850993 0.0
12.0 3.0 Truck -1.0 -1.0 -1.0 -1.0 -1.0 -1.0 -1.0 3.334 4.218 10.353 1822.432 2.007 1170.266 2.2004238544525774 1.0
13.0 1.0 Truck -1.0 -1.0 -1.0 -1.0 -1.0 -1.0 -1.0 3.154 3.877 11.62 1796.547 1.419 1206.527 2.3557930644596907 1.0
13.0 5.0 Car -1.0 -1.0 -1.0 -1.0 -1.0 -1.0 -1.0 2.23 2.0 5.289 1762.302 0.862 1230.744 2.666164965328987 0.0
13.0 4.0 Car -1.0 -1.0 -1.0 -1.0 -1.0 -1.0 -1.0 2.155 2.0 6.062 1746.131 1.147 1236.973 2.6836182578489307 0.0
13.0 2.0 Car -1.0 -1.0 -1.0 -1.0 -1.0 -1.0 -1.0 2.169 1.593 5.308 1773.146 0.718 1203.382 -0.799360797479232 0.0
13.0 0.0 Car -1.0 -1.0 -1.0 -1.0 -1.0 -1.0 -1.0 2.068 1.632 5.0 1725.51 1.124 1247.386 2.682035724850993 0.0
13.0 3.0 Truck -1.0 -1.0 -1.0 -1.0 -1.0 -1.0 -1.0 3.334 4.218 10.353 1820.841 1.939 1173.043 2.2004238544525774 1.0
14.0 1.0 Truck -1.0 -1.0 -1.0 -1.0 -1.0 -1.0 -1.0 3.154 3.877 11.62 1794.715 1.492 1208.185 2.4081529420195205 1.0
14.0 5.0 Car -1.0 -1.0 -1.0 -1.0 -1.0 -1.0 -1.0 2.23 2.0 5.289 1759.68 1.103 1232.087 2.666164965328987 0.0
14.0 4.0 Car -1.0 -1.0 -1.0 -1.0 -1.0 -1.0 -1.0 2.155 2.0 6.062 1742.133 1.06 1238.906 2.6836182578489307 0.0
14.0 2.0 Car -1.0 -1.0 -1.0 -1.0 -1.0 -1.0 -1.0 2.169 1.593 5.308 1774.727 0.732 1201.723 -0.7981637238810455 0.0
14.0 0.0 Car -1.0 -1.0 -1.0 -1.0 -1.0 -1.0 -1.0 2.068 1.632 5.0 1722.537 1.109 1248.861 2.682035724850993 0.0
14.0 3.0 Truck -1.0 -1.0 -1.0 -1.0 -1.0 -1.0 -1.0 3.334 4.218 10.353 1819.27 1.968 1175.845 2.182970561932634 1.0
15.0 1.0 Truck -1.0 -1.0 -1.0 -1.0 -1.0 -1.0 -1.0 3.154 3.877 11.62 1792.805 1.574 1209.652 2.4779661120992937 1.0
15.0 5.0 Car -1.0 -1.0 -1.0 -1.0 -1.0 -1.0 -1.0 2.23 2.0 5.289 1756.77 1.053 1233.579 2.666164965328987 0.0
15.0 4.0 Car -1.0 -1.0 -1.0 -1.0 -1.0 -1.0 -1.0 2.155 2.0 6.062 1739.316 0.935 1240.352 2.6836182578489307 0.0
15.0 2.0 Car -1.0 -1.0 -1.0 -1.0 -1.0 -1.0 -1.0 2.169 1.593 5.308 1776.558 0.748 1199.954 -0.7755302344952604 0.0
15.0 6.0 Car -1.0 -1.0 -1.0 -1.0 -1.0 -1.0 -1.0 2.201 1.896 4.685 1831.844 1.262 1155.24 2.1620440642010736 0.0
15.0 0.0 Car -1.0 -1.0 -1.0 -1.0 -1.0 -1.0 -1.0 2.068 1.632 5.0 1719.237 1.092 1250.498 2.682035724850993 0.0
15.0 3.0 Truck -1.0 -1.0 -1.0 -1.0 -1.0 -1.0 -1.0 3.334 4.218 10.353 1817.675 2.0 1178.191 2.174244247007562 1.0
16.0 1.0 Truck -1.0 -1.0 -1.0 -1.0 -1.0 -1.0 -1.0 3.154 3.877 11.62 1790.742 1.605 1210.937 2.547779282179067 1.0
16.0 5.0 Car -1.0 -1.0 -1.0 -1.0 -1.0 -1.0 -1.0 2.23 2.0 5.289 1753.877 1.01 1235.103 2.6636704201293284 0.0
16.0 4.0 Car -1.0 -1.0 -1.0 -1.0 -1.0 -1.0 -1.0 2.155 2.0 6.062 1735.921 1.31 1242.037 2.6836182578489307 0.0
16.0 2.0 Car -1.0 -1.0 -1.0 -1.0 -1.0 -1.0 -1.0 2.169 1.593 5.308 1778.621 0.763 1198.099 -0.6830805308696064 0.0
16.0 6.0 Car -1.0 -1.0 -1.0 -1.0 -1.0 -1.0 -1.0 2.201 1.896 4.685 1830.097 1.262 1157.845 2.1620440642010736 1.0
16.0 3.0 Truck -1.0 -1.0 -1.0 -1.0 -1.0 -1.0 -1.0 3.334 4.218 10.353 1816.08 2.032 1180.538 2.1655172694126907 1.0
17.0 1.0 Truck -1.0 -1.0 -1.0 -1.0 -1.0 -1.0 -1.0 3.154 3.877 11.62 1788.656 1.586 1212.059 2.635045744778784 1.0
17.0 5.0 Car -1.0 -1.0 -1.0 -1.0 -1.0 -1.0 -1.0 2.23 2.0 5.289 1750.983 1.025 1236.628 2.6611757752351943 0.0
17.0 4.0 Car -1.0 -1.0 -1.0 -1.0 -1.0 -1.0 -1.0 2.155 2.0 6.062 1732.245 1.31 1243.859 2.6836182578489307 0.0
17.0 2.0 Car -1.0 -1.0 -1.0 -1.0 -1.0 -1.0 -1.0 2.169 1.593 5.308 1781.156 0.778 1196.181 -0.6255358100943141 0.0
17.0 6.0 Car -1.0 -1.0 -1.0 -1.0 -1.0 -1.0 -1.0 2.201 1.896 4.685 1828.349 1.262 1160.45 2.1620440642010736 1.0
17.0 3.0 Truck -1.0 -1.0 -1.0 -1.0 -1.0 -1.0 -1.0 3.334 4.218 10.353 1814.514 2.064 1182.905 2.1655172694126907 1.0
18.0 1.0 Truck -1.0 -1.0 -1.0 -1.0 -1.0 -1.0 -1.0 3.154 3.877 11.62 1786.686 1.667 1212.914 2.704858914858557 1.0
18.0 5.0 Car -1.0 -1.0 -1.0 -1.0 -1.0 -1.0 -1.0 2.23 2.0 5.289 1748.089 1.041 1238.152 2.658681279882774 0.0
18.0 4.0 Car -1.0 -1.0 -1.0 -1.0 -1.0 -1.0 -1.0 2.155 2.0 6.062 1728.569 1.31 1245.682 2.6836182578489307 0.0
18.0 2.0 Car -1.0 -1.0 -1.0 -1.0 -1.0 -1.0 -1.0 2.169 1.593 5.308 1784.043 0.794 1194.148 -0.6073745797598563 0.0
18.0 6.0 Car -1.0 -1.0 -1.0 -1.0 -1.0 -1.0 -1.0 2.201 1.896 4.685 1826.602 1.262 1163.054 2.1620440642010736 1.0
18.0 3.0 Truck -1.0 -1.0 -1.0 -1.0 -1.0 -1.0 -1.0 3.334 4.218 10.353 1813.07 2.096 1184.838 2.173835245648747 1.0
19.0 1.0 Truck -1.0 -1.0 -1.0 -1.0 -1.0 -1.0 -1.0 3.154 3.877 11.62 1784.645 1.702 1213.34 2.8444852550181037 0.0
19.0 5.0 Car -1.0 -1.0 -1.0 -1.0 -1.0 -1.0 -1.0 2.23 2.0 5.289 1744.911 1.058 1239.826 2.6559416707078563 0.0
19.0 4.0 Car -1.0 -1.0 -1.0 -1.0 -1.0 -1.0 -1.0 2.155 2.0 6.062 1724.341 1.186 1247.778 2.6836182578489307 0.0
19.0 2.0 Car -1.0 -1.0 -1.0 -1.0 -1.0 -1.0 -1.0 2.169 1.593 5.308 1787.515 0.837 1191.713 -0.6073745797598563 0.0
19.0 6.0 Car -1.0 -1.0 -1.0 -1.0 -1.0 -1.0 -1.0 2.201 1.896 4.685 1824.682 1.262 1165.915 2.1620440642010736 0.0
19.0 3.0 Truck -1.0 -1.0 -1.0 -1.0 -1.0 -1.0 -1.0 3.334 4.218 10.353 1811.484 2.131 1186.961 2.182970561932634 0.0
20.0 1.0 Truck -1.0 -1.0 -1.0 -1.0 -1.0 -1.0 -1.0 3.154 3.877 11.62 1782.955 1.687 1213.569 2.9666583026577067 0.0
20.0 5.0 Car -1.0 -1.0 -1.0 -1.0 -1.0 -1.0 -1.0 2.23 2.0 5.289 1742.018 1.074 1241.35 2.653447145447093 0.0
20.0 4.0 Car -1.0 -1.0 -1.0 -1.0 -1.0 -1.0 -1.0 2.155 2.0 6.062 1720.491 1.073 1249.686 2.6836182578489307 0.0
20.0 2.0 Car -1.0 -1.0 -1.0 -1.0 -1.0 -1.0 -1.0 2.169 1.593 5.308 1791.012 0.876 1189.245 -0.6248278722797994 0.0
20.0 6.0 Car -1.0 -1.0 -1.0 -1.0 -1.0 -1.0 -1.0 2.201 1.896 4.685 1822.935 1.386 1168.52 2.1620440642010736 0.0
20.0 3.0 Truck -1.0 -1.0 -1.0 -1.0 -1.0 -1.0 -1.0 3.334 4.218 10.353 1810.273 2.163 1188.56 2.1655172694126907 0.0
21.0 1.0 Truck -1.0 -1.0 -1.0 -1.0 -1.0 -1.0 -1.0 3.154 3.877 11.62 1780.622 1.673 1213.58 3.08883135029731 0.0
21.0 5.0 Car -1.0 -1.0 -1.0 -1.0 -1.0 -1.0 -1.0 2.23 2.0 5.289 1739.127 1.089 1242.873 2.6509553916927517 0.0
21.0 2.0 Car -1.0 -1.0 -1.0 -1.0 -1.0 -1.0 -1.0 2.169 1.593 5.308 1794.754 1.039 1186.388 -0.6624769661355021 0.0
21.0 6.0 Car -1.0 -1.0 -1.0 -1.0 -1.0 -1.0 -1.0 2.201 1.896 4.685 1821.189 1.829 1171.122 2.1620440642010736 0.0
21.0 3.0 Truck -1.0 -1.0 -1.0 -1.0 -1.0 -1.0 -1.0 3.334 4.218 10.353 1809.286 2.195 1189.965 2.1655172694126907 0.0
22.0 1.0 Truck -1.0 -1.0 -1.0 -1.0 -1.0 -1.0 -1.0 3.154 3.877 11.62 1779.076 1.795 1213.368 -3.072180909242673 1.0
22.0 5.0 Car -1.0 -1.0 -1.0 -1.0 -1.0 -1.0 -1.0 2.23 2.0 5.289 1736.525 1.103 1244.244 2.6487116728090436 0.0
22.0 6.0 Car -1.0 -1.0 -1.0 -1.0 -1.0 -1.0 -1.0 2.201 1.896 4.685 1819.921 1.79 1172.976 2.1457825125845194 1.0
22.0 3.0 Truck -1.0 -1.0 -1.0 -1.0 -1.0 -1.0 -1.0 3.334 4.218 10.353 1808.396 2.133 1191.231 2.1733753160742806 1.0
23.0 1.0 Truck -1.0 -1.0 -1.0 -1.0 -1.0 -1.0 -1.0 3.154 3.877 11.62 1777.185 1.944 1212.726 -2.8976479840432403 0.0
23.0 5.0 Car -1.0 -1.0 -1.0 -1.0 -1.0 -1.0 -1.0 2.23 2.0 5.289 1733.194 1.113 1246.057 2.6487116728090436 0.0
23.0 6.0 Car -1.0 -1.0 -1.0 -1.0 -1.0 -1.0 -1.0 2.201 1.896 4.685 1818.373 1.743 1175.24 2.1259259766642327 0.0
23.0 3.0 Truck -1.0 -1.0 -1.0 -1.0 -1.0 -1.0 -1.0 3.334 4.218 10.353 1807.311 2.058 1192.776 2.182970561932634 0.0
24.0 1.0 Truck -1.0 -1.0 -1.0 -1.0 -1.0 -1.0 -1.0 3.154 3.877 11.62 1775.792 2.067 1211.831 -2.7580216438836938 1.0
24.0 6.0 Car -1.0 -1.0 -1.0 -1.0 -1.0 -1.0 -1.0 2.201 1.896 4.685 1817.107 1.705 1177.092 2.109684186641244 1.0
24.0 3.0 Truck -1.0 -1.0 -1.0 -1.0 -1.0 -1.0 -1.0 3.334 4.218 10.353 1806.486 1.997 1194.006 2.182970561932634 0.0
25.0 1.0 Truck -1.0 -1.0 -1.0 -1.0 -1.0 -1.0 -1.0 3.154 3.877 11.62 1773.899 1.902 1210.631 -2.600942011204205 1.0
25.0 6.0 Car -1.0 -1.0 -1.0 -1.0 -1.0 -1.0 -1.0 2.201 1.896 4.685 1815.925 1.662 1179.097 2.0922308941213004 1.0
25.0 3.0 Truck -1.0 -1.0 -1.0 -1.0 -1.0 -1.0 -1.0 3.334 4.218 10.353 1805.524 2.04 1195.436 2.182970561932634 0.0
26.0 1.0 Truck -1.0 -1.0 -1.0 -1.0 -1.0 -1.0 -1.0 3.154 3.877 11.62 1772.254 1.938 1209.117 -2.4613156710446598 1.0
26.0 6.0 Car -1.0 -1.0 -1.0 -1.0 -1.0 -1.0 -1.0 2.201 1.896 4.685 1814.582 1.47 1181.124 2.0747776016013573 1.0
26.0 3.0 Truck -1.0 -1.0 -1.0 -1.0 -1.0 -1.0 -1.0 3.334 4.218 10.353 1804.439 2.083 1197.043 2.1655172694126907 0.0
27.0 1.0 Truck -1.0 -1.0 -1.0 -1.0 -1.0 -1.0 -1.0 3.154 3.877 11.62 1770.708 2.296 1207.573 -2.3740492084449447 0.0
27.0 6.0 Car -1.0 -1.0 -1.0 -1.0 -1.0 -1.0 -1.0 2.201 1.896 4.685 1813.522 1.555 1182.721 2.0747776016013573 1.0
27.0 3.0 Truck -1.0 -1.0 -1.0 -1.0 -1.0 -1.0 -1.0 3.334 4.218 10.353 1803.513 2.118 1198.286 2.182970561932634 0.0
28.0 1.0 Truck -1.0 -1.0 -1.0 -1.0 -1.0 -1.0 -1.0 3.154 3.877 11.62 1769.18 2.144 1205.502 -2.2693294533252857 0.0
28.0 6.0 Car -1.0 -1.0 -1.0 -1.0 -1.0 -1.0 -1.0 2.201 1.896 4.685 1812.182 1.6 1184.575 2.0747776016013573 0.0
28.0 3.0 Truck -1.0 -1.0 -1.0 -1.0 -1.0 -1.0 -1.0 3.334 4.218 10.353 1802.25 2.011 1200.116 2.182970561932634 0.0
29.0 1.0 Truck -1.0 -1.0 -1.0 -1.0 -1.0 -1.0 -1.0 3.154 3.877 11.62 1767.641 2.292 1203.15 -2.1820629907255706 0.0
29.0 6.0 Car -1.0 -1.0 -1.0 -1.0 -1.0 -1.0 -1.0 2.201 1.896 4.685 1810.821 1.544 1186.602 2.0922308941213004 0.0
29.0 3.0 Truck -1.0 -1.0 -1.0 -1.0 -1.0 -1.0 -1.0 3.334 4.218 10.353 1800.832 2.154 1201.916 2.217877146972521 0.0
30.0 1.0 Truck -1.0 -1.0 -1.0 -1.0 -1.0 -1.0 -1.0 3.154 3.877 11.62 1766.175 2.58 1201.043 -2.1297031131657413 0.0
30.0 6.0 Car -1.0 -1.0 -1.0 -1.0 -1.0 -1.0 -1.0 2.201 1.896 4.685 1809.841 1.46 1188.185 2.109684186641244 0.0
30.0 3.0 Truck -1.0 -1.0 -1.0 -1.0 -1.0 -1.0 -1.0 3.334 4.218 10.353 1799.504 1.968 1203.378 2.252783732012407 0.0
31.0 1.0 Truck -1.0 -1.0 -1.0 -1.0 -1.0 -1.0 -1.0 3.154 3.877 11.62 1764.607 2.628 1198.064 -2.0773432356059116 0.0
31.0 6.0 Car -1.0 -1.0 -1.0 -1.0 -1.0 -1.0 -1.0 2.201 1.896 4.685 1808.691 1.354 1190.03 2.109684186641244 0.0
31.0 3.0 Truck -1.0 -1.0 -1.0 -1.0 -1.0 -1.0 -1.0 3.334 4.218 10.353 1797.808 2.011 1205.463 2.287690317052294 0.0
32.0 1.0 Truck -1.0 -1.0 -1.0 -1.0 -1.0 -1.0 -1.0 3.154 3.877 11.62 1762.321 2.675 1194.163 -2.0833608092222016 0.0
32.0 6.0 Car -1.0 -1.0 -1.0 -1.0 -1.0 -1.0 -1.0 2.201 1.896 4.685 1807.502 1.249 1192.002 2.1271374791611874 0.0
32.0 3.0 Truck -1.0 -1.0 -1.0 -1.0 -1.0 -1.0 -1.0 3.334 4.218 10.353 1796.011 1.755 1207.447 2.340050194612124 0.0
33.0 1.0 Truck -1.0 -1.0 -1.0 -1.0 -1.0 -1.0 -1.0 3.154 3.877 11.62 1760.032 2.723 1190.258 -2.0893842384860193 0.0
33.0 6.0 Car -1.0 -1.0 -1.0 -1.0 -1.0 -1.0 -1.0 2.201 1.896 4.685 1806.432 1.193 1193.784 2.1271374791611874 0.0
33.0 3.0 Truck -1.0 -1.0 -1.0 -1.0 -1.0 -1.0 -1.0 3.334 4.218 10.353 1793.45 1.898 1209.562 2.3749567796520106 0.0
34.0 1.0 Truck -1.0 -1.0 -1.0 -1.0 -1.0 -1.0 -1.0 3.154 3.877 11.62 1757.976 2.765 1186.75 -2.094796528125855 0.0
34.0 6.0 Car -1.0 -1.0 -1.0 -1.0 -1.0 -1.0 -1.0 2.201 1.896 4.685 1805.46 1.143 1195.346 2.1620440642010736 0.0
34.0 3.0 Truck -1.0 -1.0 -1.0 -1.0 -1.0 -1.0 -1.0 3.334 4.218 10.353 1791.248 1.836 1211.466 2.4273166572118408 0.0
35.0 1.0 Truck -1.0 -1.0 -1.0 -1.0 -1.0 -1.0 -1.0 3.154 3.877 11.62 1756.457 2.418 1183.551 -2.094796528125855 0.0
35.0 6.0 Car -1.0 -1.0 -1.0 -1.0 -1.0 -1.0 -1.0 2.201 1.896 4.685 1804.226 1.082 1197.18 2.1445907716811305 0.0
36.0 1.0 Truck -1.0 -1.0 -1.0 -1.0 -1.0 -1.0 -1.0 3.154 3.877 11.62 1754.219 2.588 1179.851 -2.094796528125855 0.0
36.0 6.0 Car -1.0 -1.0 -1.0 -1.0 -1.0 -1.0 -1.0 2.201 1.896 4.685 1803.143 1.032 1198.788 2.179497356721017 0.0
37.0 1.0 Truck -1.0 -1.0 -1.0 -1.0 -1.0 -1.0 -1.0 3.154 3.877 11.62 1752.02 2.799 1175.758 -2.094796528125855 0.0
37.0 6.0 Car -1.0 -1.0 -1.0 -1.0 -1.0 -1.0 -1.0 2.201 1.896 4.685 1801.6 0.976 1200.886 2.1969506492409607 0.0
38.0 1.0 Truck -1.0 -1.0 -1.0 -1.0 -1.0 -1.0 -1.0 3.154 3.877 11.62 1749.463 2.81 1171.046 -2.094796528125855 0.0
38.0 6.0 Car -1.0 -1.0 -1.0 -1.0 -1.0 -1.0 -1.0 2.201 1.896 4.685 1799.89 0.921 1203.098 2.2493105268007905 0.0
39.0 6.0 Car -1.0 -1.0 -1.0 -1.0 -1.0 -1.0 -1.0 2.201 1.896 4.685 1797.912 0.865 1205.325 2.3540302819204504 0.0
