0.0 1.0 Car -1.0 -1.0 -1.0 -1.0 -1.0 -1.0 -1.0 2.099 1.883 4.536 2066.231 1.272 966.393 2.519557308170235 0.0
0.0 0.0 Car -1.0 -1.0 -1.0 -1.0 -1.0 -1.0 -1.0 2.023 1.794 4.792 2028.332 1.038 990.351 2.566209959085481 0.0
1.0 1.0 Car -1.0 -1.0 -1.0 -1.0 -1.0 -1.0 -1.0 2.099 1.883 4.536 2063.683 1.272 967.999 2.526533807420197 1.0
1.0 0.0 Car -1.0 -1.0 -1.0 -1.0 -1.0 -1.0 -1.0 2.023 1.794 4.792 2024.799 1.038 992.563 2.566209959085481 1.0
2.0 2.0 Car -1.0 -1.0 -1.0 -1.0 -1.0 -1.0 -1.0 2.199 2.14 6.199 1899.459 1.549 1063.665 -0.5181882549156533 0.0
2.0 1.0 Car -1.0 -1.0 -1.0 -1.0 -1.0 -1.0 -1.0 2.099 1.883 4.536 2061.136 1.272 969.605 2.533510809684337 1.0
2.0 0.0 Car -1.0 -1.0 -1.0 -1.0 -1.0 -1.0 -1.0 2.023 1.794 4.792 2021.266 1.038 994.776 2.566209959085481 1.0
3.0 2.0 Car -1.0 -1.0 -1.0 -1.0 -1.0 -1.0 -1.0 2.199 2.14 6.199 1904.778 1.532 1060.346 -0.5181882549156533 1.0
3.0 1.0 Car -1.0 -1.0 -1.0 -1.0 -1.0 -1.0 -1.0 2.099 1.883 4.536 2058.586 1.272 971.213 2.5404954829146904 1.0
3.0 0.0 Car -1.0 -1.0 -1.0 -1.0 -1.0 -1.0 -1.0 2.023 1.794 4.792 2017.729 0.988 996.991 2.566209959085481 1.0
4.0 2.0 Car -1.0 -1.0 -1.0 -1.0 -1.0 -1.0 -1.0 2.199 2.14 6.199 1910.098 1.515 1057.027 -0.5181882549156533 1.0
4.0 1.0 Car -1.0 -1.0 -1.0 -1.0 -1.0 -1.0 -1.0 2.099 1.883 4.536 2056.036 1.272 972.82 2.5474795832677857 1.0
4.0 5.0 Truck -1.0 -1.0 -1.0 -1.0 -1.0 -1.0 -1.0 2.409 3.106 5.543 1964.905 2.008 1059.01 -2.1119705679619205 0.0
4.0 0.0 Car -1.0 -1.0 -1.0 -1.0 -1.0 -1.0 -1.0 2.023 1.794 4.792 2014.048 0.955 999.301 2.566209959085481 1.0
5.0 2.0 Car -1.0 -1.0 -1.0 -1.0 -1.0 -1.0 -1.0 2.199 2.14 6.199 1915.592 1.537 1053.756 -0.5240038938343933 1.0
5.0 1.0 Car -1.0 -1.0 -1.0 -1.0 -1.0 -1.0 -1.0 2.099 1.883 4.536 2053.486 1.272 974.428 2.554463893210121 1.0
5.0 5.0 Truck -1.0 -1.0 -1.0 -1.0 -1.0 -1.0 -1.0 2.409 3.106 5.543 1963.564 2.108 1056.635 -2.0945172754419783 1.0
5.0 0.0 Car -1.0 -1.0 -1.0 -1.0 -1.0 -1.0 -1.0 2.023 1.794 4.792 2010.366 0.997 1001.61 2.566209959085481 1.0
6.0 2.0 Car -1.0 -1.0 -1.0 -1.0 -1.0 -1.0 -1.0 2.199 2.14 6.199 1920.975 1.5 1050.278 -0.5298259317860672 1.0
6.0 1.0 Car -1.0 -1.0 -1.0 -1.0 -1.0 -1.0 -1.0 2.099 1.883 4.536 2050.071 1.272 976.604 2.56144527160426 1.0
6.0 5.0 Truck -1.0 -1.0 -1.0 -1.0 -1.0 -1.0 -1.0 2.409 3.106 5.543 1962.735 2.048 1055.308 -2.1105955772648906 1.0
6.0 0.0 Car -1.0 -1.0 -1.0 -1.0 -1.0 -1.0 -1.0 2.023 1.794 4.792 2006.68 1.038 1003.922 2.566209959085481 1.0
7.0 2.0 Car -1.0 -1.0 -1.0 -1.0 -1.0 -1.0 -1.0 2.199 2.14 6.199 1926.395 1.463 1046.878 -0.5356415474355963 1.0
7.0 1.0 Car -1.0 -1.0 -1.0 -1.0 -1.0 -1.0 -1.0 2.099 1.883 4.536 2046.659 1.272 978.778 2.568418948825407 1.0
7.0 5.0 Truck -1.0 -1.0 -1.0 -1.0 -1.0 -1.0 -1.0 2.409 3.106 5.543 1961.865 1.989 1054.01 -2.1266561430797015 1.0
7.0 0.0 Car -1.0 -1.0 -1.0 -1.0 -1.0 -1.0 -1.0 2.023 1.794 4.792 2002.778 1.038 1006.295 2.574932007492565 1.0
8.0 2.0 Car -1.0 -1.0 -1.0 -1.0 -1.0 -1.0 -1.0 2.199 2.14 6.199 1931.697 1.379 1043.572 -0.5356415474355963 1.0
8.0 1.0 Car -1.0 -1.0 -1.0 -1.0 -1.0 -1.0 -1.0 2.099 1.883 4.536 2043.244 1.272 980.954 2.575399978434537 1.0
8.0 5.0 Truck -1.0 -1.0 -1.0 -1.0 -1.0 -1.0 -1.0 2.409 3.106 5.543 1960.995 1.93 1052.71 -2.1427336416413785 1.0
8.0 0.0 Car -1.0 -1.0 -1.0 -1.0 -1.0 -1.0 -1.0 2.023 1.794 4.792 1998.872 1.038 1008.671 2.583663251605424 1.0
9.0 2.0 Car -1.0 -1.0 -1.0 -1.0 -1.0 -1.0 -1.0 2.199 2.14 6.199 1937.053 1.295 1040.234 -0.5356415474355963 0.0
9.0 1.0 Car -1.0 -1.0 -1.0 -1.0 -1.0 -1.0 -1.0 2.099 1.883 4.536 2039.829 1.272 983.13 2.582381287071674 1.0
9.0 5.0 Truck -1.0 -1.0 -1.0 -1.0 -1.0 -1.0 -1.0 2.409 3.106 5.543 1960.124 1.871 1051.41 -2.1588117828120432 1.0
9.0 0.0 Car -1.0 -1.0 -1.0 -1.0 -1.0 -1.0 -1.0 2.023 1.794 4.792 1994.966 1.038 1011.047 2.566209959085481 1.0
10.0 2.0 Car -1.0 -1.0 -1.0 -1.0 -1.0 -1.0 -1.0 2.199 2.14 6.199 1942.416 1.211 1036.892 -0.5356415474355963 0.0
10.0 1.0 Car -1.0 -1.0 -1.0 -1.0 -1.0 -1.0 -1.0 2.099 1.883 4.536 2036.41 1.272 985.308 2.589370478250008 1.0
10.0 5.0 Truck -1.0 -1.0 -1.0 -1.0 -1.0 -1.0 -1.0 2.409 3.106 5.543 1959.602 1.824 1050.613 -2.1661691245652976 1.0
10.0 0.0 Car -1.0 -1.0 -1.0 -1.0 -1.0 -1.0 -1.0 2.023 1.794 4.792 1990.942 1.038 1013.487 2.566209959085481 1.0
11.0 2.0 Car -1.0 -1.0 -1.0 -1.0 -1.0 -1.0 -1.0 2.199 2.14 6.199 1948.033 1.054 1033.394 -0.5181882549156533 0.0
11.0 1.0 Car -1.0 -1.0 -1.0 -1.0 -1.0 -1.0 -1.0 2.099 1.883 4.536 2032.603 1.267 987.674 2.589370478250008 1.0
11.0 5.0 Truck -1.0 -1.0 -1.0 -1.0 -1.0 -1.0 -1.0 2.409 3.106 5.543 1959.117 1.777 1049.897 -2.1402500059200436 0.0
11.0 0.0 Car -1.0 -1.0 -1.0 -1.0 -1.0 -1.0 -1.0 2.023 1.794 4.792 1986.923 1.038 1015.923 2.566209959085481 1.0
12.0 2.0 Car -1.0 -1.0 -1.0 -1.0 -1.0 -1.0 -1.0 2.199 2.14 6.199 1954.343 1.01 1029.487 -0.5530948399555397 0.0
12.0 1.0 Car -1.0 -1.0 -1.0 -1.0 -1.0 -1.0 -1.0 2.099 1.883 4.536 2028.422 1.261 990.274 2.589370478250008 1.0
12.0 5.0 Truck -1.0 -1.0 -1.0 -1.0 -1.0 -1.0 -1.0 2.409 3.106 5.543 1958.605 1.725 1049.096 -2.111778076111221 0.0
12.0 0.0 Car -1.0 -1.0 -1.0 -1.0 -1.0 -1.0 -1.0 2.023 1.794 4.792 1982.508 1.038 1018.6 2.566209959085481 1.0
13.0 2.0 Car -1.0 -1.0 -1.0 -1.0 -1.0 -1.0 -1.0 2.199 2.14 6.199 1960.513 1.129 1025.658 -0.5530948399555397 0.0
13.0 1.0 Car -1.0 -1.0 -1.0 -1.0 -1.0 -1.0 -1.0 2.099 1.883 4.536 2024.624 1.255 992.635 2.589370478250008 1.0
13.0 5.0 Truck -1.0 -1.0 -1.0 -1.0 -1.0 -1.0 -1.0 2.409 3.106 5.543 1958.431 1.777 1048.857 -2.1244067334482506 0.0
13.0 0.0 Car -1.0 -1.0 -1.0 -1.0 -1.0 -1.0 -1.0 2.023 1.794 4.792 1978.385 1.038 1021.166 2.5720239353436503 1.0
14.0 2.0 Car -1.0 -1.0 -1.0 -1.0 -1.0 -1.0 -1.0 2.199 2.14 6.199 1966.145 1.099 1022.162 -0.5356415474355963 0.0
14.0 1.0 Car -1.0 -1.0 -1.0 -1.0 -1.0 -1.0 -1.0 2.099 1.883 4.536 2020.822 1.25 994.999 2.589370478250008 1.0
14.0 5.0 Truck -1.0 -1.0 -1.0 -1.0 -1.0 -1.0 -1.0 2.409 3.106 5.543 1958.256 1.829 1048.617 -2.137047378432277 0.0
14.0 0.0 Car -1.0 -1.0 -1.0 -1.0 -1.0 -1.0 -1.0 2.023 1.794 4.792 1974.259 1.038 1023.735 2.577843430469992 1.0
15.0 2.0 Car -1.0 -1.0 -1.0 -1.0 -1.0 -1.0 -1.0 2.199 2.14 6.199 1971.778 1.168 1018.666 -0.5356415474355963 0.0
15.0 3.0 Truck -1.0 -1.0 -1.0 -1.0 -1.0 -1.0 -1.0 2.898 3.473 8.765 1869.996 2.537 1085.315 -0.7142585430943206 0.0
15.0 1.0 Car -1.0 -1.0 -1.0 -1.0 -1.0 -1.0 -1.0 2.099 1.883 4.536 2017.02 1.244 997.363 2.589370478250008 1.0
15.0 5.0 Truck -1.0 -1.0 -1.0 -1.0 -1.0 -1.0 -1.0 2.409 3.106 5.543 1958.081 1.803 1048.377 -2.193317333864117 0.0
15.0 0.0 Car -1.0 -1.0 -1.0 -1.0 -1.0 -1.0 -1.0 2.023 1.794 4.792 1970.132 1.038 1026.304 2.583663251605424 1.0
16.0 2.0 Car -1.0 -1.0 -1.0 -1.0 -1.0 -1.0 -1.0 2.199 2.14 6.199 1977.496 1.231 1015.02 -0.5530948399555397 0.0
16.0 3.0 Truck -1.0 -1.0 -1.0 -1.0 -1.0 -1.0 -1.0 2.898 3.473 8.765 1872.337 2.439 1082.937 -0.7059844122090162 1.0
16.0 1.0 Car -1.0 -1.0 -1.0 -1.0 -1.0 -1.0 -1.0 2.099 1.883 4.536 2013.596 1.24 999.491 2.589370478250008 1.0
16.0 5.0 Truck -1.0 -1.0 -1.0 -1.0 -1.0 -1.0 -1.0 2.409 3.106 5.543 1957.907 1.921 1048.01 -2.195932990899584 0.0
16.0 0.0 Car -1.0 -1.0 -1.0 -1.0 -1.0 -1.0 -1.0 2.023 1.794 4.792 1966.482 1.023 1028.575 2.5888997815488346 1.0
17.0 2.0 Car -1.0 -1.0 -1.0 -1.0 -1.0 -1.0 -1.0 2.199 2.14 6.199 1982.953 1.355 1011.632 -0.5356415474355963 0.0
17.0 3.0 Truck -1.0 -1.0 -1.0 -1.0 -1.0 -1.0 -1.0 2.898 3.473 8.765 1874.934 2.33 1080.3 -0.6968052505743776 1.0
17.0 1.0 Car -1.0 -1.0 -1.0 -1.0 -1.0 -1.0 -1.0 2.099 1.883 4.536 2009.798 1.234 1001.852 2.589370478250008 1.0
17.0 5.0 Truck -1.0 -1.0 -1.0 -1.0 -1.0 -1.0 -1.0 2.409 3.106 5.543 1957.829 1.886 1047.7 -2.183290512429933 0.0
17.0 0.0 Car -1.0 -1.0 -1.0 -1.0 -1.0 -1.0 -1.0 2.023 1.794 4.792 1962.434 1.007 1031.095 2.5947090871328875 1.0
18.0 2.0 Car -1.0 -1.0 -1.0 -1.0 -1.0 -1.0 -1.0 2.199 2.14 6.199 1989.123 1.376 1007.988 -0.5530948399555397 0.0
18.0 3.0 Truck -1.0 -1.0 -1.0 -1.0 -1.0 -1.0 -1.0 2.898 3.473 8.765 1877.909 2.21 1077.527 -0.6968052505743776 1.0
18.0 1.0 Car -1.0 -1.0 -1.0 -1.0 -1.0 -1.0 -1.0 2.099 1.883 4.536 2005.609 1.228 1004.456 2.589370478250008 1.0
18.0 5.0 Truck -1.0 -1.0 -1.0 -1.0 -1.0 -1.0 -1.0 2.409 3.106 5.543 1957.695 1.725 1047.522 -2.2020122181059016 0.0
18.0 0.0 Car -1.0 -1.0 -1.0 -1.0 -1.0 -1.0 -1.0 2.023 1.794 4.792 1957.969 0.988 1033.874 2.6011165441253676 1.0
19.0 2.0 Car -1.0 -1.0 -1.0 -1.0 -1.0 -1.0 -1.0 2.199 2.14 6.199 1994.886 1.404 1004.409 -0.5880014249954257 0.0
19.0 3.0 Truck -1.0 -1.0 -1.0 -1.0 -1.0 -1.0 -1.0 2.898 3.473 8.765 1881.711 2.126 1074.637 -0.6269920804946052 1.0
19.0 1.0 Car -1.0 -1.0 -1.0 -1.0 -1.0 -1.0 -1.0 2.099 1.883 4.536 2001.807 1.222 1006.82 2.589370478250008 1.0
19.0 5.0 Truck -1.0 -1.0 -1.0 -1.0 -1.0 -1.0 -1.0 2.409 3.106 5.543 1957.573 1.763 1047.36 -2.2190050074475387 0.0
19.0 0.0 Car -1.0 -1.0 -1.0 -1.0 -1.0 -1.0 -1.0 2.023 1.794 4.792 1953.844 0.972 1036.454 2.6071339154502757 1.0
20.0 2.0 Car -1.0 -1.0 -1.0 -1.0 -1.0 -1.0 -1.0 2.199 2.14 6.199 2000.03 1.429 1001.386 -0.5880014249954257 0.0
20.0 3.0 Truck -1.0 -1.0 -1.0 -1.0 -1.0 -1.0 -1.0 2.898 3.473 8.765 1884.919 2.021 1072.115 -0.6095387879746621 1.0
20.0 1.0 Car -1.0 -1.0 -1.0 -1.0 -1.0 -1.0 -1.0 2.099 1.883 4.536 1997.86 1.211 1009.271 2.589370478250008 1.0
20.0 5.0 Truck -1.0 -1.0 -1.0 -1.0 -1.0 -1.0 -1.0 2.409 3.106 5.543 1957.461 1.752 1047.216 -2.234305629743194 0.0
20.0 0.0 Car -1.0 -1.0 -1.0 -1.0 -1.0 -1.0 -1.0 2.023 1.794 4.792 1950.129 0.957 1038.776 2.6125520680563055 1.0
21.0 3.0 Truck -1.0 -1.0 -1.0 -1.0 -1.0 -1.0 -1.0 2.898 3.473 8.765 1889.296 1.945 1069.77 -0.5571789104148329 1.0
21.0 1.0 Car -1.0 -1.0 -1.0 -1.0 -1.0 -1.0 -1.0 2.099 1.883 4.536 1993.477 1.199 1011.993 2.589370478250008 1.0
21.0 5.0 Truck -1.0 -1.0 -1.0 -1.0 -1.0 -1.0 -1.0 2.409 3.106 5.543 1957.337 1.722 1047.056 -2.2512995409409973 1.0
21.0 0.0 Car -1.0 -1.0 -1.0 -1.0 -1.0 -1.0 -1.0 2.023 1.794 4.792 1946.004 0.94 1041.355 2.6011165441253676 1.0
22.0 4.0 Car -1.0 -1.0 -1.0 -1.0 -1.0 -1.0 -1.0 1.973 1.535 4.613 1857.812 1.142 1101.722 -0.9028588220390894 0.0
22.0 3.0 Truck -1.0 -1.0 -1.0 -1.0 -1.0 -1.0 -1.0 2.898 3.473 8.765 1893.318 1.914 1067.353 -0.565486655580655 1.0
22.0 1.0 Car -1.0 -1.0 -1.0 -1.0 -1.0 -1.0 -1.0 2.099 1.883 4.536 1989.094 1.186 1014.715 2.589370478250008 1.0
22.0 5.0 Truck -1.0 -1.0 -1.0 -1.0 -1.0 -1.0 -1.0 2.409 3.106 5.543 1957.276 1.769 1046.987 -2.2513227245712533 1.0
22.0 0.0 Car -1.0 -1.0 -1.0 -1.0 -1.0 -1.0 -1.0 2.023 1.794 4.792 1941.844 0.923 1043.919 2.5954898989239554 1.0
23.0 4.0 Car -1.0 -1.0 -1.0 -1.0 -1.0 -1.0 -1.0 1.973 1.535 4.613 1860.302 1.111 1097.896 -0.9377654070789755 1.0
23.0 3.0 Truck -1.0 -1.0 -1.0 -1.0 -1.0 -1.0 -1.0 2.898 3.473 8.765 1897.747 1.88 1064.692 -0.5746322029347759 1.0
23.0 1.0 Car -1.0 -1.0 -1.0 -1.0 -1.0 -1.0 -1.0 2.099 1.883 4.536 1984.269 1.172 1017.711 2.589370478250008 1.0
23.0 5.0 Truck -1.0 -1.0 -1.0 -1.0 -1.0 -1.0 -1.0 2.409 3.106 5.543 1957.21 1.725 1046.911 -2.251348246175987 1.0
23.0 0.0 Car -1.0 -1.0 -1.0 -1.0 -1.0 -1.0 -1.0 2.023 1.794 4.792 1937.265 0.905 1046.74 2.5892958295215793 1.0
24.0 4.0 Car -1.0 -1.0 -1.0 -1.0 -1.0 -1.0 -1.0 1.973 1.535 4.613 1862.179 1.083 1094.847 -1.0599384547185773 1.0
24.0 3.0 Truck -1.0 -1.0 -1.0 -1.0 -1.0 -1.0 -1.0 2.898 3.473 8.765 1901.898 1.831 1062.16 -0.5659040171937891 0.0
24.0 1.0 Car -1.0 -1.0 -1.0 -1.0 -1.0 -1.0 -1.0 2.099 1.883 4.536 1980.179 1.162 1020.109 2.589370478250008 1.0
24.0 5.0 Truck -1.0 -1.0 -1.0 -1.0 -1.0 -1.0 -1.0 2.409 3.106 5.543 1957.149 1.647 1046.841 -2.251371454250981 1.0
24.0 0.0 Car -1.0 -1.0 -1.0 -1.0 -1.0 -1.0 -1.0 2.023 1.794 4.792 1933.101 0.888 1049.306 2.583663251605424 1.0
25.0 4.0 Car -1.0 -1.0 -1.0 -1.0 -1.0 -1.0 -1.0 1.973 1.535 4.613 1863.992 0.954 1090.948 -1.2256575410047073 1.0
25.0 3.0 Truck -1.0 -1.0 -1.0 -1.0 -1.0 -1.0 -1.0 2.898 3.473 8.765 1906.044 1.782 1059.629 -0.5571841873894172 0.0
25.0 1.0 Car -1.0 -1.0 -1.0 -1.0 -1.0 -1.0 -1.0 2.099 1.883 4.536 1976.094 1.152 1022.505 2.589370478250008 1.0
25.0 5.0 Truck -1.0 -1.0 -1.0 -1.0 -1.0 -1.0 -1.0 2.409 3.106 5.543 1957.052 1.724 1046.728 -2.2513946401077027 1.0
25.0 0.0 Car -1.0 -1.0 -1.0 -1.0 -1.0 -1.0 -1.0 2.023 1.794 4.792 1928.918 0.905 1051.936 2.583663251605424 1.0
26.0 4.0 Car -1.0 -1.0 -1.0 -1.0 -1.0 -1.0 -1.0 1.973 1.535 4.613 1865.137 0.826 1086.799 -1.3915510125974961 0.0
26.0 3.0 Truck -1.0 -1.0 -1.0 -1.0 -1.0 -1.0 -1.0 2.898 3.473 8.765 1909.935 1.862 1057.252 -0.5513605986158683 0.0
26.0 1.0 Car -1.0 -1.0 -1.0 -1.0 -1.0 -1.0 -1.0 2.099 1.883 4.536 1972.004 1.142 1024.903 2.589370478250008 1.0
26.0 5.0 Truck -1.0 -1.0 -1.0 -1.0 -1.0 -1.0 -1.0 2.409 3.106 5.543 1956.955 1.747 1046.614 -2.251417850362778 0.0
26.0 0.0 Car -1.0 -1.0 -1.0 -1.0 -1.0 -1.0 -1.0 2.023 1.794 4.792 1924.73 0.922 1054.569 2.583663251605424 1.0
27.0 4.0 Car -1.0 -1.0 -1.0 -1.0 -1.0 -1.0 -1.0 1.973 1.535 4.613 1865.751 0.798 1083.15 -1.4439108901573257 0.0
27.0 3.0 Truck -1.0 -1.0 -1.0 -1.0 -1.0 -1.0 -1.0 2.898 3.473 8.765 1913.826 1.942 1054.875 -0.5455366374201475 0.0
27.0 1.0 Car -1.0 -1.0 -1.0 -1.0 -1.0 -1.0 -1.0 2.099 1.883 4.536 1967.914 1.132 1027.301 2.589370478250008 0.0
27.0 5.0 Truck -1.0 -1.0 -1.0 -1.0 -1.0 -1.0 -1.0 2.409 3.106 5.543 1956.858 1.771 1046.5 -2.2514410621021628 0.0
27.0 0.0 Car -1.0 -1.0 -1.0 -1.0 -1.0 -1.0 -1.0 2.023 1.794 4.792 1920.542 0.938 1057.201 2.583663251605424 0.0
28.0 4.0 Car -1.0 -1.0 -1.0 -1.0 -1.0 -1.0 -1.0 1.973 1.535 4.613 1865.924 0.751 1078.888 -1.5660146087597757 0.0
28.0 3.0 Truck -1.0 -1.0 -1.0 -1.0 -1.0 -1.0 -1.0 2.898 3.473 8.765 1919.053 1.826 1051.702 -0.5440480501424867 0.0
28.0 1.0 Car -1.0 -1.0 -1.0 -1.0 -1.0 -1.0 -1.0 2.099 1.883 4.536 1963.833 1.122 1029.694 2.589370478250008 0.0
28.0 5.0 Truck -1.0 -1.0 -1.0 -1.0 -1.0 -1.0 -1.0 2.409 3.106 5.543 1956.762 1.773 1046.386 -2.25146422226176 0.0
28.0 0.0 Car -1.0 -1.0 -1.0 -1.0 -1.0 -1.0 -1.0 2.023 1.794 4.792 1916.407 0.955 1059.814 2.5776503048451285 0.0
29.0 4.0 Car -1.0 -1.0 -1.0 -1.0 -1.0 -1.0 -1.0 1.973 1.535 4.613 1865.551 0.654 1074.666 -1.6882569854365292 0.0
29.0 3.0 Truck -1.0 -1.0 -1.0 -1.0 -1.0 -1.0 -1.0 2.898 3.473 8.765 1924.286 1.709 1048.525 -0.5425577724605714 0.0
29.0 1.0 Car -1.0 -1.0 -1.0 -1.0 -1.0 -1.0 -1.0 2.099 1.883 4.536 1959.646 1.131 1032.331 2.5851547932354544 0.0
29.0 5.0 Truck -1.0 -1.0 -1.0 -1.0 -1.0 -1.0 -1.0 2.409 3.106 5.543 1956.665 1.775 1046.272 -2.251487408721483 0.0
29.0 0.0 Car -1.0 -1.0 -1.0 -1.0 -1.0 -1.0 -1.0 2.023 1.794 4.792 1912.269 0.971 1062.43 2.571630529925722 0.0
30.0 4.0 Car -1.0 -1.0 -1.0 -1.0 -1.0 -1.0 -1.0 1.973 1.535 4.613 1864.701 0.708 1070.568 -1.7911698636028106 0.0
30.0 3.0 Truck -1.0 -1.0 -1.0 -1.0 -1.0 -1.0 -1.0 2.898 3.473 8.765 1928.998 1.604 1045.664 -0.5412158359505521 0.0
30.0 1.0 Car -1.0 -1.0 -1.0 -1.0 -1.0 -1.0 -1.0 2.099 1.883 4.536 1955.876 1.139 1034.706 2.5813587344845104 0.0
30.0 5.0 Truck -1.0 -1.0 -1.0 -1.0 -1.0 -1.0 -1.0 2.409 3.106 5.543 1956.578 1.749 1046.17 -2.2515082872176304 0.0
30.0 0.0 Car -1.0 -1.0 -1.0 -1.0 -1.0 -1.0 -1.0 2.023 1.794 4.792 1908.542 0.986 1064.785 2.566209959085481 0.0
31.0 4.0 Car -1.0 -1.0 -1.0 -1.0 -1.0 -1.0 -1.0 1.973 1.535 4.613 1863.27 0.768 1066.146 -1.9054544277819332 0.0
31.0 3.0 Truck -1.0 -1.0 -1.0 -1.0 -1.0 -1.0 -1.0 2.898 3.473 8.765 1934.231 1.487 1042.487 -0.5397256178948897 0.0
31.0 1.0 Car -1.0 -1.0 -1.0 -1.0 -1.0 -1.0 -1.0 2.099 1.883 4.536 1951.689 1.148 1037.343 2.5771432181401996 0.0
31.0 5.0 Truck -1.0 -1.0 -1.0 -1.0 -1.0 -1.0 -1.0 2.409 3.106 5.543 1956.076 1.634 1045.723 -2.2907882881068113 0.0
31.0 0.0 Car -1.0 -1.0 -1.0 -1.0 -1.0 -1.0 -1.0 2.023 1.794 4.792 1904.52 0.938 1067.375 2.572024145063023 0.0
32.0 4.0 Car -1.0 -1.0 -1.0 -1.0 -1.0 -1.0 -1.0 1.973 1.535 4.613 1861.341 0.829 1061.912 -2.019869543315448 0.0
32.0 3.0 Truck -1.0 -1.0 -1.0 -1.0 -1.0 -1.0 -1.0 2.898 3.473 8.765 1938.458 1.543 1039.942 -0.5397256178948897 0.0
32.0 1.0 Car -1.0 -1.0 -1.0 -1.0 -1.0 -1.0 -1.0 2.099 1.883 4.536 1947.497 1.156 1039.983 2.5729228862604563 0.0
32.0 5.0 Truck -1.0 -1.0 -1.0 -1.0 -1.0 -1.0 -1.0 2.409 3.106 5.543 1955.556 1.683 1045.296 -2.330113159949068 0.0
32.0 0.0 Car -1.0 -1.0 -1.0 -1.0 -1.0 -1.0 -1.0 2.023 1.794 4.792 1900.493 0.89 1069.967 2.5778449727936263 0.0
33.0 4.0 Car -1.0 -1.0 -1.0 -1.0 -1.0 -1.0 -1.0 1.973 1.535 4.613 1858.91 0.853 1057.437 -2.0199065186698193 0.0
33.0 3.0 Truck -1.0 -1.0 -1.0 -1.0 -1.0 -1.0 -1.0 2.898 3.473 8.765 1942.686 1.599 1037.396 -0.5397256178948897 0.0
33.0 1.0 Car -1.0 -1.0 -1.0 -1.0 -1.0 -1.0 -1.0 2.099 1.883 4.536 1943.305 1.165 1042.622 2.5687027230509556 0.0
33.0 5.0 Truck -1.0 -1.0 -1.0 -1.0 -1.0 -1.0 -1.0 2.409 3.106 5.543 1954.828 1.672 1044.694 -2.3694364601292204 0.0
33.0 0.0 Car -1.0 -1.0 -1.0 -1.0 -1.0 -1.0 -1.0 2.023 1.794 4.792 1896.907 0.986 1072.281 2.583663251605424 0.0
34.0 4.0 Car -1.0 -1.0 -1.0 -1.0 -1.0 -1.0 -1.0 1.973 1.535 4.613 1855.8 0.999 1052.51 -2.0547763202890477 0.0
34.0 3.0 Truck -1.0 -1.0 -1.0 -1.0 -1.0 -1.0 -1.0 2.898 3.473 8.765 1946.905 1.655 1034.856 -0.5397256178948897 0.0
34.0 1.0 Car -1.0 -1.0 -1.0 -1.0 -1.0 -1.0 -1.0 2.099 1.883 4.536 1939.123 1.174 1045.257 2.5644914909308127 0.0
34.0 5.0 Truck -1.0 -1.0 -1.0 -1.0 -1.0 -1.0 -1.0 2.409 3.106 5.543 1954.023 1.616 1044.071 -2.408676540800954 0.0
34.0 0.0 Car -1.0 -1.0 -1.0 -1.0 -1.0 -1.0 -1.0 2.023 1.794 4.792 1893.164 1.003 1074.678 2.548767498438773 0.0
35.0 4.0 Car -1.0 -1.0 -1.0 -1.0 -1.0 -1.0 -1.0 1.973 1.535 4.613 1852.517 1.146 1047.691 -2.0896827133952205 0.0
35.0 3.0 Truck -1.0 -1.0 -1.0 -1.0 -1.0 -1.0 -1.0 2.898 3.473 8.765 1950.699 1.712 1032.183 -0.5571890942897463 0.0
35.0 1.0 Car -1.0 -1.0 -1.0 -1.0 -1.0 -1.0 -1.0 2.099 1.883 4.536 1934.935 1.182 1047.894 2.560275839650308 0.0
35.0 5.0 Truck -1.0 -1.0 -1.0 -1.0 -1.0 -1.0 -1.0 2.409 3.106 5.543 1952.717 1.735 1043.152 -2.635569343560214 0.0
35.0 0.0 Car -1.0 -1.0 -1.0 -1.0 -1.0 -1.0 -1.0 2.023 1.794 4.792 1889.503 1.02 1077.207 2.5138351265522805 0.0
36.0 4.0 Car -1.0 -1.0 -1.0 -1.0 -1.0 -1.0 -1.0 1.973 1.535 4.613 1849.336 1.246 1042.84 -2.0896827133952205 0.0
36.0 1.0 Car -1.0 -1.0 -1.0 -1.0 -1.0 -1.0 -1.0 2.099 1.883 4.536 1930.776 1.232 1050.648 2.525369254610421 0.0
36.0 5.0 Truck -1.0 -1.0 -1.0 -1.0 -1.0 -1.0 -1.0 2.409 3.106 5.543 1951.322 1.753 1042.846 -2.8101022687596466 0.0
36.0 0.0 Car -1.0 -1.0 -1.0 -1.0 -1.0 -1.0 -1.0 2.023 1.794 4.792 1885.936 1.036 1079.859 2.4789434964857646 0.0
37.0 4.0 Car -1.0 -1.0 -1.0 -1.0 -1.0 -1.0 -1.0 1.973 1.535 4.613 1846.151 1.295 1037.984 -2.0896827133952205 0.0
37.0 1.0 Car -1.0 -1.0 -1.0 -1.0 -1.0 -1.0 -1.0 2.099 1.883 4.536 1926.664 1.232 1053.484 2.507915962090478 0.0
37.0 5.0 Truck -1.0 -1.0 -1.0 -1.0 -1.0 -1.0 -1.0 2.409 3.106 5.543 1949.608 1.772 1042.786 -2.93227531639925 0.0
37.0 0.0 Car -1.0 -1.0 -1.0 -1.0 -1.0 -1.0 -1.0 2.023 1.794 4.792 1882.598 1.036 1082.635 2.4265632197448226 0.0
38.0 1.0 Car -1.0 -1.0 -1.0 -1.0 -1.0 -1.0 -1.0 2.099 1.883 4.536 1922.562 1.232 1055.848 2.507915962090478 0.0
38.0 0.0 Car -1.0 -1.0 -1.0 -1.0 -1.0 -1.0 -1.0 2.023 1.794 4.792 1879.413 1.036 1085.578 2.374241520789368 0.0
