0.0 9.0 Car -1.0 -1.0 -1.0 -1.0 -1.0 -1.0 -1.0 2.042 1.77 4.692 1403.991 0.992 957.624 2.4390278164399035 0.0
0.0 8.0 Car -1.0 -1.0 -1.0 -1.0 -1.0 -1.0 -1.0 2.045 1.711 4.429 1299.831 2.107 1053.269 0.11112511279097981 0.0
0.0 3.0 Car -1.0 -1.0 -1.0 -1.0 -1.0 -1.0 -1.0 2.228 1.734 4.495 1281.547 1.673 1050.836 -0.5933770393230171 0.0
0.0 4.0 Truck -1.0 -1.0 -1.0 -1.0 -1.0 -1.0 -1.0 2.301 2.145 5.38 1387.489 1.129 977.134 2.4312785545221454 0.0
0.0 1.0 Truck -1.0 -1.0 -1.0 -1.0 -1.0 -1.0 -1.0 3.169 3.729 6.249 1384.427 1.987 974.089 2.433687108894579 0.0
1.0 9.0 Car -1.0 -1.0 -1.0 -1.0 -1.0 -1.0 -1.0 2.042 1.77 4.692 1400.818 0.981 960.472 2.42157452391996 1.0
1.0 8.0 Car -1.0 -1.0 -1.0 -1.0 -1.0 -1.0 -1.0 2.045 1.711 4.429 1301.601 2.202 1053.769 0.3666098440330327 1.0
1.0 3.0 Car -1.0 -1.0 -1.0 -1.0 -1.0 -1.0 -1.0 2.228 1.734 4.495 1283.986 1.665 1049.162 -0.5933770393230171 1.0
1.0 4.0 Truck -1.0 -1.0 -1.0 -1.0 -1.0 -1.0 -1.0 2.301 2.145 5.38 1384.02 1.129 980.117 2.427644003958255 1.0
1.0 1.0 Truck -1.0 -1.0 -1.0 -1.0 -1.0 -1.0 -1.0 3.169 3.729 6.249 1380.759 1.959 977.245 2.433687108894579 1.0
2.0 7.0 Car -1.0 -1.0 -1.0 -1.0 -1.0 -1.0 -1.0 1.948 1.477 4.268 1405.197 0.632 965.998 2.4312785543392783 0.0
2.0 9.0 Car -1.0 -1.0 -1.0 -1.0 -1.0 -1.0 -1.0 2.042 1.77 4.692 1398.246 0.962 962.711 2.42157452391996 1.0
2.0 8.0 Car -1.0 -1.0 -1.0 -1.0 -1.0 -1.0 -1.0 2.045 1.711 4.429 1302.889 2.278 1054.481 0.5709432480631023 1.0
2.0 3.0 Car -1.0 -1.0 -1.0 -1.0 -1.0 -1.0 -1.0 2.228 1.734 4.495 1285.937 1.659 1047.824 -0.5933770393230171 1.0
2.0 4.0 Truck -1.0 -1.0 -1.0 -1.0 -1.0 -1.0 -1.0 2.301 2.145 5.38 1381.245 1.129 982.503 2.424737137136004 1.0
2.0 1.0 Truck -1.0 -1.0 -1.0 -1.0 -1.0 -1.0 -1.0 3.169 3.729 6.249 1377.826 1.936 979.77 2.433687108894579 1.0
3.0 7.0 Car -1.0 -1.0 -1.0 -1.0 -1.0 -1.0 -1.0 1.948 1.477 4.268 1399.384 0.611 970.901 2.4312785543392783 1.0
3.0 9.0 Car -1.0 -1.0 -1.0 -1.0 -1.0 -1.0 -1.0 2.042 1.77 4.692 1395.006 0.926 965.553 2.42157452391996 1.0
3.0 8.0 Car -1.0 -1.0 -1.0 -1.0 -1.0 -1.0 -1.0 2.045 1.711 4.429 1304.255 2.373 1055.716 0.8267101061086546 1.0
3.0 3.0 Car -1.0 -1.0 -1.0 -1.0 -1.0 -1.0 -1.0 2.228 1.734 4.495 1288.379 1.652 1046.148 -0.5933770393230171 1.0
3.0 4.0 Truck -1.0 -1.0 -1.0 -1.0 -1.0 -1.0 -1.0 2.301 2.145 5.38 1377.876 1.096 985.3 2.426918372382021 1.0
3.0 1.0 Truck -1.0 -1.0 -1.0 -1.0 -1.0 -1.0 -1.0 3.169 3.729 6.249 1374.253 1.929 982.856 2.433687108894579 1.0
4.0 7.0 Car -1.0 -1.0 -1.0 -1.0 -1.0 -1.0 -1.0 1.948 1.477 4.268 1394.817 0.59 974.733 2.4312785543392783 1.0
4.0 9.0 Car -1.0 -1.0 -1.0 -1.0 -1.0 -1.0 -1.0 2.042 1.77 4.692 1391.771 0.89 968.392 2.42157452391996 1.0
4.0 8.0 Car -1.0 -1.0 -1.0 -1.0 -1.0 -1.0 -1.0 2.045 1.711 4.429 1304.971 2.52 1056.519 0.8267101061086546 0.0
4.0 3.0 Car -1.0 -1.0 -1.0 -1.0 -1.0 -1.0 -1.0 2.228 1.734 4.495 1290.819 1.73 1044.475 -0.5933770393230171 1.0
4.0 4.0 Truck -1.0 -1.0 -1.0 -1.0 -1.0 -1.0 -1.0 2.301 2.145 5.38 1374.511 1.062 988.093 2.4290972277420524 1.0
4.0 1.0 Truck -1.0 -1.0 -1.0 -1.0 -1.0 -1.0 -1.0 3.169 3.729 6.249 1370.582 1.883 986.05 2.433687108894579 1.0
5.0 7.0 Car -1.0 -1.0 -1.0 -1.0 -1.0 -1.0 -1.0 1.948 1.477 4.268 1391.188 0.569 977.758 2.4312785543392783 1.0
5.0 9.0 Car -1.0 -1.0 -1.0 -1.0 -1.0 -1.0 -1.0 2.042 1.77 4.692 1388.335 0.851 971.414 2.4303087097911913 1.0
5.0 8.0 Car -1.0 -1.0 -1.0 -1.0 -1.0 -1.0 -1.0 2.045 1.711 4.429 1305.687 2.667 1057.324 0.8267101061086546 0.0
5.0 3.0 Car -1.0 -1.0 -1.0 -1.0 -1.0 -1.0 -1.0 2.228 1.734 4.495 1293.261 1.808 1042.799 -0.5933770393230171 1.0
5.0 4.0 Truck -1.0 -1.0 -1.0 -1.0 -1.0 -1.0 -1.0 2.301 2.145 5.38 1371.142 1.029 990.89 2.4312785545221454 1.0
5.0 1.0 Truck -1.0 -1.0 -1.0 -1.0 -1.0 -1.0 -1.0 3.169 3.729 6.249 1366.907 1.837 989.248 2.433687108894579 1.0
6.0 7.0 Car -1.0 -1.0 -1.0 -1.0 -1.0 -1.0 -1.0 1.948 1.477 4.268 1388.404 0.548 980.056 2.4312785543392783 1.0
6.0 9.0 Car -1.0 -1.0 -1.0 -1.0 -1.0 -1.0 -1.0 2.042 1.77 4.692 1384.903 0.812 974.433 2.439033453695544 1.0
6.0 8.0 Car -1.0 -1.0 -1.0 -1.0 -1.0 -1.0 -1.0 2.045 1.711 4.429 1306.286 2.74 1057.974 0.8267101061086546 0.0
6.0 3.0 Car -1.0 -1.0 -1.0 -1.0 -1.0 -1.0 -1.0 2.228 1.734 4.495 1295.701 1.776 1041.126 -0.5933770393230171 1.0
6.0 4.0 Truck -1.0 -1.0 -1.0 -1.0 -1.0 -1.0 -1.0 2.301 2.145 5.38 1368.167 1.046 993.515 2.425460382999428 1.0
6.0 1.0 Truck -1.0 -1.0 -1.0 -1.0 -1.0 -1.0 -1.0 3.169 3.729 6.249 1363.331 1.86 992.367 2.433687108894579 1.0
7.0 7.0 Car -1.0 -1.0 -1.0 -1.0 -1.0 -1.0 -1.0 1.948 1.477 4.268 1385.622 0.527 982.353 2.4312785543392783 1.0
7.0 9.0 Car -1.0 -1.0 -1.0 -1.0 -1.0 -1.0 -1.0 2.042 1.77 4.692 1381.445 0.844 977.419 2.4390306352002384 1.0
7.0 8.0 Car -1.0 -1.0 -1.0 -1.0 -1.0 -1.0 -1.0 2.045 1.711 4.429 1306.644 2.663 1058.363 0.8267101061086546 0.0
7.0 3.0 Car -1.0 -1.0 -1.0 -1.0 -1.0 -1.0 -1.0 2.228 1.734 4.495 1299.864 1.616 1038.252 -0.6189718981431045 1.0
7.0 4.0 Truck -1.0 -1.0 -1.0 -1.0 -1.0 -1.0 -1.0 2.301 2.145 5.38 1365.192 1.063 996.14 2.419643096006843 1.0
7.0 6.0 Car -1.0 -1.0 -1.0 -1.0 -1.0 -1.0 -1.0 2.01 1.875 4.463 1303.747 3.104 1067.76 -2.3360184848608836 0.0
7.0 1.0 Truck -1.0 -1.0 -1.0 -1.0 -1.0 -1.0 -1.0 3.169 3.729 6.249 1359.755 1.883 995.485 2.433687108894579 1.0
8.0 7.0 Car -1.0 -1.0 -1.0 -1.0 -1.0 -1.0 -1.0 1.948 1.477 4.268 1382.245 0.527 985.388 2.4211002276091733 1.0
8.0 9.0 Car -1.0 -1.0 -1.0 -1.0 -1.0 -1.0 -1.0 2.042 1.77 4.692 1377.987 0.877 980.406 2.4390278164399035 1.0
8.0 8.0 Car -1.0 -1.0 -1.0 -1.0 -1.0 -1.0 -1.0 2.045 1.711 4.429 1306.86 2.586 1058.597 0.8267101061086546 0.0
8.0 3.0 Car -1.0 -1.0 -1.0 -1.0 -1.0 -1.0 -1.0 2.228 1.734 4.495 1303.953 1.456 1035.272 -0.6445691637030264 0.0
8.0 4.0 Truck -1.0 -1.0 -1.0 -1.0 -1.0 -1.0 -1.0 2.301 2.145 5.38 1362.217 1.08 998.765 2.4138252620022023 1.0
8.0 6.0 Car -1.0 -1.0 -1.0 -1.0 -1.0 -1.0 -1.0 2.01 1.875 4.463 1303.744 3.003 1067.75 -2.3354584190482237 1.0
8.0 1.0 Truck -1.0 -1.0 -1.0 -1.0 -1.0 -1.0 -1.0 3.169 3.729 6.249 1356.296 1.911 998.538 2.427871500908026 1.0
9.0 7.0 Car -1.0 -1.0 -1.0 -1.0 -1.0 -1.0 -1.0 1.948 1.477 4.268 1378.868 0.526 988.424 2.4109219619641777 1.0
9.0 9.0 Car -1.0 -1.0 -1.0 -1.0 -1.0 -1.0 -1.0 2.042 1.77 4.692 1375.02 0.836 982.907 2.4390278164399035 1.0
9.0 8.0 Car -1.0 -1.0 -1.0 -1.0 -1.0 -1.0 -1.0 2.045 1.711 4.429 1306.969 2.509 1058.716 0.8267101061086546 0.0
9.0 3.0 Car -1.0 -1.0 -1.0 -1.0 -1.0 -1.0 -1.0 2.228 1.734 4.495 1307.964 1.296 1032.189 -0.6701662756412566 0.0
9.0 4.0 Truck -1.0 -1.0 -1.0 -1.0 -1.0 -1.0 -1.0 2.301 2.145 5.38 1359.32 1.054 1001.28 2.4185240035096607 1.0
9.0 6.0 Car -1.0 -1.0 -1.0 -1.0 -1.0 -1.0 -1.0 2.01 1.875 4.463 1303.74 2.901 1067.74 -2.3348983565967925 1.0
9.0 0.0 Car -1.0 -1.0 -1.0 -1.0 -1.0 -1.0 -1.0 2.312 2.548 6.003 1309.815 3.813 1074.55 -2.313416470626234 0.0
9.0 1.0 Truck -1.0 -1.0 -1.0 -1.0 -1.0 -1.0 -1.0 3.169 3.729 6.249 1352.836 1.939 1001.591 2.4220559278237763 1.0
10.0 7.0 Car -1.0 -1.0 -1.0 -1.0 -1.0 -1.0 -1.0 1.948 1.477 4.268 1375.488 0.526 991.463 2.4007322530420048 1.0
10.0 9.0 Car -1.0 -1.0 -1.0 -1.0 -1.0 -1.0 -1.0 2.042 1.77 4.692 1372.049 0.795 985.411 2.4390278164399035 1.0
10.0 8.0 Car -1.0 -1.0 -1.0 -1.0 -1.0 -1.0 -1.0 2.045 1.711 4.429 1307.078 2.432 1058.834 0.8267101061086546 0.0
10.0 3.0 Car -1.0 -1.0 -1.0 -1.0 -1.0 -1.0 -1.0 2.228 1.734 4.495 1311.871 1.144 1028.969 -0.6841432375548635 0.0
10.0 4.0 Truck -1.0 -1.0 -1.0 -1.0 -1.0 -1.0 -1.0 2.301 2.145 5.38 1356.419 1.027 1003.798 2.4232280277443863 1.0
10.0 6.0 Car -1.0 -1.0 -1.0 -1.0 -1.0 -1.0 -1.0 2.01 1.875 4.463 1303.736 2.8 1067.73 -2.33433766447523 1.0
10.0 0.0 Car -1.0 -1.0 -1.0 -1.0 -1.0 -1.0 -1.0 2.312 2.548 6.003 1309.808 3.737 1074.545 -2.313416470626234 0.0
10.0 1.0 Truck -1.0 -1.0 -1.0 -1.0 -1.0 -1.0 -1.0 3.169 3.729 6.249 1349.372 1.968 1004.647 2.4162338163746355 1.0
11.0 7.0 Car -1.0 -1.0 -1.0 -1.0 -1.0 -1.0 -1.0 1.948 1.477 4.268 1371.954 0.557 994.634 2.4043677058131765 1.0
11.0 9.0 Car -1.0 -1.0 -1.0 -1.0 -1.0 -1.0 -1.0 2.042 1.77 4.692 1368.989 0.787 988.049 2.4362149429125464 1.0
11.0 8.0 Car -1.0 -1.0 -1.0 -1.0 -1.0 -1.0 -1.0 2.045 1.711 4.429 1307.187 2.355 1058.953 0.8267101061086546 0.0
11.0 3.0 Car -1.0 -1.0 -1.0 -1.0 -1.0 -1.0 -1.0 2.228 1.734 4.495 1315.77 0.993 1025.754 -0.6980967944426757 0.0
11.0 4.0 Truck -1.0 -1.0 -1.0 -1.0 -1.0 -1.0 -1.0 2.301 2.145 5.38 1353.524 1.0 1006.312 2.427924174887564 1.0
11.0 6.0 Car -1.0 -1.0 -1.0 -1.0 -1.0 -1.0 -1.0 2.01 1.875 4.463 1303.733 2.699 1067.72 -2.3337779112568175 1.0
11.0 0.0 Car -1.0 -1.0 -1.0 -1.0 -1.0 -1.0 -1.0 2.312 2.548 6.003 1309.8 3.66 1074.541 -2.313416470626234 0.0
11.0 1.0 Truck -1.0 -1.0 -1.0 -1.0 -1.0 -1.0 -1.0 3.169 3.729 6.249 1346.137 1.969 1007.505 2.427862873749761 1.0
12.0 7.0 Car -1.0 -1.0 -1.0 -1.0 -1.0 -1.0 -1.0 1.948 1.477 4.268 1368.419 0.588 997.805 2.408003435101632 1.0
12.0 9.0 Car -1.0 -1.0 -1.0 -1.0 -1.0 -1.0 -1.0 2.042 1.77 4.692 1365.929 0.778 990.686 2.433401855434357 1.0
12.0 8.0 Car -1.0 -1.0 -1.0 -1.0 -1.0 -1.0 -1.0 2.045 1.711 4.429 1307.222 2.252 1058.991 0.8267101061086546 0.0
12.0 3.0 Car -1.0 -1.0 -1.0 -1.0 -1.0 -1.0 -1.0 2.228 1.734 4.495 1320.442 0.93 1021.772 -0.7035469940738 0.0
12.0 4.0 Truck -1.0 -1.0 -1.0 -1.0 -1.0 -1.0 -1.0 2.301 2.145 5.38 1350.785 1.0 1008.715 2.424569540114488 1.0
12.0 6.0 Car -1.0 -1.0 -1.0 -1.0 -1.0 -1.0 -1.0 2.01 1.875 4.463 1303.729 2.598 1067.71 -2.3332181154628437 1.0
12.0 0.0 Car -1.0 -1.0 -1.0 -1.0 -1.0 -1.0 -1.0 2.312 2.548 6.003 1309.793 3.584 1074.536 -2.313416470626234 1.0
12.0 1.0 Truck -1.0 -1.0 -1.0 -1.0 -1.0 -1.0 -1.0 3.169 3.729 6.249 1342.931 1.955 1010.379 2.424681397051353 1.0
13.0 7.0 Car -1.0 -1.0 -1.0 -1.0 -1.0 -1.0 -1.0 1.948 1.477 4.268 1365.295 0.567 1000.682 2.4069004876990014 1.0
13.0 9.0 Car -1.0 -1.0 -1.0 -1.0 -1.0 -1.0 -1.0 2.042 1.77 4.692 1362.863 0.77 993.328 2.4305845002000885 1.0
13.0 8.0 Car -1.0 -1.0 -1.0 -1.0 -1.0 -1.0 -1.0 2.045 1.711 4.429 1307.258 2.149 1059.029 0.8267101061086546 0.0
13.0 3.0 Car -1.0 -1.0 -1.0 -1.0 -1.0 -1.0 -1.0 2.228 1.734 4.495 1325.12 0.868 1017.784 -0.7090054622435983 0.0
13.0 4.0 Truck -1.0 -1.0 -1.0 -1.0 -1.0 -1.0 -1.0 2.301 2.145 5.38 1348.043 0.999 1011.122 2.4212098159998767 1.0
13.0 6.0 Car -1.0 -1.0 -1.0 -1.0 -1.0 -1.0 -1.0 2.01 1.875 4.463 1303.726 2.496 1067.7 -2.3326574703984795 1.0
13.0 0.0 Car -1.0 -1.0 -1.0 -1.0 -1.0 -1.0 -1.0 2.312 2.548 6.003 1309.786 3.507 1074.532 -2.313416470626234 1.0
13.0 1.0 Truck -1.0 -1.0 -1.0 -1.0 -1.0 -1.0 -1.0 3.169 3.729 6.249 1339.72 1.942 1013.257 2.421495093710822 1.0
14.0 7.0 Car -1.0 -1.0 -1.0 -1.0 -1.0 -1.0 -1.0 1.948 1.477 4.268 1361.549 0.541 1004.133 2.405578069648646 1.0
14.0 9.0 Car -1.0 -1.0 -1.0 -1.0 -1.0 -1.0 -1.0 2.042 1.77 4.692 1359.188 0.76 996.496 2.4272065318516653 1.0
14.0 8.0 Car -1.0 -1.0 -1.0 -1.0 -1.0 -1.0 -1.0 2.045 1.711 4.429 1307.3 2.025 1059.075 0.8267101061086546 0.0
14.0 3.0 Car -1.0 -1.0 -1.0 -1.0 -1.0 -1.0 -1.0 2.228 1.734 4.495 1331.481 0.793 1012.358 -0.7155500869626188 0.0
14.0 4.0 Truck -1.0 -1.0 -1.0 -1.0 -1.0 -1.0 -1.0 2.301 2.145 5.38 1345.357 1.006 1013.418 2.4315282171648116 1.0
14.0 6.0 Car -1.0 -1.0 -1.0 -1.0 -1.0 -1.0 -1.0 2.01 1.875 4.463 1303.722 2.375 1067.688 -2.331985265041098 1.0
14.0 0.0 Car -1.0 -1.0 -1.0 -1.0 -1.0 -1.0 -1.0 2.312 2.548 6.003 1309.777 3.415 1074.526 -2.313416470626234 1.0
14.0 1.0 Truck -1.0 -1.0 -1.0 -1.0 -1.0 -1.0 -1.0 3.169 3.729 6.249 1336.119 1.895 1016.411 2.425840756639065 1.0
15.0 7.0 Car -1.0 -1.0 -1.0 -1.0 -1.0 -1.0 -1.0 1.948 1.477 4.268 1358.427 0.52 1007.007 2.4044762485729683 1.0
15.0 9.0 Car -1.0 -1.0 -1.0 -1.0 -1.0 -1.0 -1.0 2.042 1.77 4.692 1356.126 0.751 999.135 2.424392053693065 1.0
15.0 8.0 Car -1.0 -1.0 -1.0 -1.0 -1.0 -1.0 -1.0 2.045 1.711 4.429 1307.335 1.922 1059.113 0.8267101061086546 0.0
15.0 3.0 Car -1.0 -1.0 -1.0 -1.0 -1.0 -1.0 -1.0 2.228 1.734 4.495 1336.899 0.758 1007.627 -0.7155500869626188 0.0
15.0 4.0 Truck -1.0 -1.0 -1.0 -1.0 -1.0 -1.0 -1.0 2.301 2.145 5.38 1343.195 0.989 1015.254 2.431444996505897 1.0
15.0 6.0 Car -1.0 -1.0 -1.0 -1.0 -1.0 -1.0 -1.0 2.01 1.875 4.463 1303.718 2.273 1067.678 -2.3314251925059817 1.0
15.0 0.0 Car -1.0 -1.0 -1.0 -1.0 -1.0 -1.0 -1.0 2.312 2.548 6.003 1309.769 3.339 1074.522 -2.313416470626234 1.0
15.0 1.0 Truck -1.0 -1.0 -1.0 -1.0 -1.0 -1.0 -1.0 3.169 3.729 6.249 1333.118 1.856 1019.038 2.4294615050104613 1.0
16.0 7.0 Car -1.0 -1.0 -1.0 -1.0 -1.0 -1.0 -1.0 1.948 1.477 4.268 1355.53 0.498 1009.607 2.40781911882563 1.0
16.0 9.0 Car -1.0 -1.0 -1.0 -1.0 -1.0 -1.0 -1.0 2.042 1.77 4.692 1353.061 0.743 1001.777 2.42157452391996 1.0
16.0 3.0 Car -1.0 -1.0 -1.0 -1.0 -1.0 -1.0 -1.0 2.228 1.734 4.495 1342.323 0.722 1002.89 -0.7155500869626188 0.0
16.0 4.0 Truck -1.0 -1.0 -1.0 -1.0 -1.0 -1.0 -1.0 2.301 2.145 5.38 1341.031 0.973 1017.092 2.4313616856144935 1.0
16.0 6.0 Car -1.0 -1.0 -1.0 -1.0 -1.0 -1.0 -1.0 2.01 1.875 4.463 1302.838 2.16 1066.741 -2.326826919846816 1.0
16.0 2.0 Car -1.0 -1.0 -1.0 -1.0 -1.0 -1.0 -1.0 2.11 1.917 4.805 1361.022 0.562 1004.309 2.4533236507750322 0.0
16.0 0.0 Car -1.0 -1.0 -1.0 -1.0 -1.0 -1.0 -1.0 2.312 2.548 6.003 1309.762 3.262 1074.517 -2.313416470626234 1.0
16.0 1.0 Truck -1.0 -1.0 -1.0 -1.0 -1.0 -1.0 -1.0 3.169 3.729 6.249 1330.399 1.816 1021.422 2.433086179199585 1.0
17.0 7.0 Car -1.0 -1.0 -1.0 -1.0 -1.0 -1.0 -1.0 1.948 1.477 4.268 1352.64 0.475 1012.202 2.4111547745964272 1.0
17.0 9.0 Car -1.0 -1.0 -1.0 -1.0 -1.0 -1.0 -1.0 2.042 1.77 4.692 1350.941 0.713 1003.587 2.416861369839224 1.0
17.0 3.0 Car -1.0 -1.0 -1.0 -1.0 -1.0 -1.0 -1.0 2.228 1.734 4.495 1347.735 0.687 998.163 -0.7155500869626188 0.0
17.0 4.0 Truck -1.0 -1.0 -1.0 -1.0 -1.0 -1.0 -1.0 2.301 2.145 5.38 1338.871 0.957 1018.926 2.4312785545221454 1.0
17.0 6.0 Car -1.0 -1.0 -1.0 -1.0 -1.0 -1.0 -1.0 2.01 1.875 4.463 1301.961 2.047 1065.806 -2.322238571041167 1.0
17.0 2.0 Car -1.0 -1.0 -1.0 -1.0 -1.0 -1.0 -1.0 2.11 1.917 4.805 1358.381 0.562 1006.455 2.4529673888131134 1.0
17.0 0.0 Car -1.0 -1.0 -1.0 -1.0 -1.0 -1.0 -1.0 2.312 2.548 6.003 1309.755 3.186 1074.513 -2.313416470626234 1.0
17.0 1.0 Truck -1.0 -1.0 -1.0 -1.0 -1.0 -1.0 -1.0 3.169 3.729 6.249 1327.335 1.85 1023.973 2.4324865464129535 1.0
18.0 7.0 Car -1.0 -1.0 -1.0 -1.0 -1.0 -1.0 -1.0 1.948 1.477 4.268 1350.325 0.457 1014.279 2.413825261819335 1.0
18.0 9.0 Car -1.0 -1.0 -1.0 -1.0 -1.0 -1.0 -1.0 2.042 1.77 4.692 1349.244 0.69 1005.035 2.4130880734870064 1.0
18.0 3.0 Car -1.0 -1.0 -1.0 -1.0 -1.0 -1.0 -1.0 2.228 1.734 4.495 1352.068 0.659 994.379 -0.7155500869626188 0.0
18.0 4.0 Truck -1.0 -1.0 -1.0 -1.0 -1.0 -1.0 -1.0 2.301 2.145 5.38 1337.481 0.943 1020.166 2.4157776268874227 1.0
18.0 6.0 Car -1.0 -1.0 -1.0 -1.0 -1.0 -1.0 -1.0 2.01 1.875 4.463 1301.258 1.957 1065.057 -2.31856519234094 1.0
18.0 2.0 Car -1.0 -1.0 -1.0 -1.0 -1.0 -1.0 -1.0 2.11 1.917 4.805 1356.266 0.563 1008.174 2.452682169629035 1.0
18.0 0.0 Car -1.0 -1.0 -1.0 -1.0 -1.0 -1.0 -1.0 2.312 2.548 6.003 1309.749 3.125 1074.509 -2.313416470626234 1.0
18.0 1.0 Truck -1.0 -1.0 -1.0 -1.0 -1.0 -1.0 -1.0 3.169 3.729 6.249 1325.363 1.876 1025.678 2.43200648737654 1.0
19.0 7.0 Car -1.0 -1.0 -1.0 -1.0 -1.0 -1.0 -1.0 1.948 1.477 4.268 1347.44 0.47 1016.78 2.4200591649618017 1.0
19.0 9.0 Car -1.0 -1.0 -1.0 -1.0 -1.0 -1.0 -1.0 2.042 1.77 4.692 1347.133 0.711 1006.863 2.4175588004181 1.0
19.0 3.0 Car -1.0 -1.0 -1.0 -1.0 -1.0 -1.0 -1.0 2.228 1.734 4.495 1357.493 0.624 989.641 -0.7155500869626188 0.0
19.0 4.0 Truck -1.0 -1.0 -1.0 -1.0 -1.0 -1.0 -1.0 2.301 2.145 5.38 1335.881 0.989 1021.566 2.4239436340044134 1.0
19.0 6.0 Car -1.0 -1.0 -1.0 -1.0 -1.0 -1.0 -1.0 2.01 1.875 4.463 1299.71 1.817 1063.314 -2.298009264536895 1.0
19.0 2.0 Car -1.0 -1.0 -1.0 -1.0 -1.0 -1.0 -1.0 2.11 1.917 4.805 1353.618 0.563 1010.326 2.452325102884255 1.0
19.0 0.0 Car -1.0 -1.0 -1.0 -1.0 -1.0 -1.0 -1.0 2.312 2.548 6.003 1309.742 3.048 1074.504 -2.313416470626234 1.0
19.0 1.0 Truck -1.0 -1.0 -1.0 -1.0 -1.0 -1.0 -1.0 3.169 3.729 6.249 1322.894 1.91 1027.813 2.431405500041174 1.0
20.0 7.0 Car -1.0 -1.0 -1.0 -1.0 -1.0 -1.0 -1.0 1.948 1.477 4.268 1344.847 0.482 1019.026 2.425658619310806 1.0
20.0 9.0 Car -1.0 -1.0 -1.0 -1.0 -1.0 -1.0 -1.0 2.042 1.77 4.692 1345.236 0.731 1008.504 2.42157452391996 1.0
20.0 4.0 Truck -1.0 -1.0 -1.0 -1.0 -1.0 -1.0 -1.0 2.301 2.145 5.38 1334.444 1.03 1022.825 2.4312785545221454 1.0
20.0 6.0 Car -1.0 -1.0 -1.0 -1.0 -1.0 -1.0 -1.0 2.01 1.875 4.463 1298.254 1.723 1061.563 -2.2783864574299035 1.0
20.0 2.0 Car -1.0 -1.0 -1.0 -1.0 -1.0 -1.0 -1.0 2.11 1.917 4.805 1351.239 0.563 1012.259 2.4520043762237265 1.0
20.0 0.0 Car -1.0 -1.0 -1.0 -1.0 -1.0 -1.0 -1.0 2.312 2.548 6.003 1309.735 2.979 1074.5 -2.313416470626234 1.0
20.0 1.0 Truck -1.0 -1.0 -1.0 -1.0 -1.0 -1.0 -1.0 3.169 3.729 6.249 1321.002 1.924 1029.5 2.421676482156851 1.0
21.0 7.0 Car -1.0 -1.0 -1.0 -1.0 -1.0 -1.0 -1.0 1.948 1.477 4.268 1341.965 0.495 1021.524 2.431884886895986 1.0
21.0 9.0 Car -1.0 -1.0 -1.0 -1.0 -1.0 -1.0 -1.0 2.042 1.77 4.692 1343.28 0.705 1010.219 2.430301056703005 1.0
21.0 4.0 Truck -1.0 -1.0 -1.0 -1.0 -1.0 -1.0 -1.0 2.301 2.145 5.38 1333.143 1.02 1023.933 2.4331617221685664 1.0
21.0 6.0 Car -1.0 -1.0 -1.0 -1.0 -1.0 -1.0 -1.0 2.01 1.875 4.463 1296.579 1.579 1058.974 -2.084384092412835 1.0
21.0 2.0 Car -1.0 -1.0 -1.0 -1.0 -1.0 -1.0 -1.0 2.11 1.917 4.805 1348.486 0.592 1014.607 2.443408955269547 1.0
21.0 5.0 Car -1.0 -1.0 -1.0 -1.0 -1.0 -1.0 -1.0 2.173 2.0 5.018 1319.297 3.039 1085.922 -2.2700624918127037 0.0
21.0 0.0 Car -1.0 -1.0 -1.0 -1.0 -1.0 -1.0 -1.0 2.312 2.548 6.003 1309.728 2.903 1074.496 -2.313416470626234 0.0
21.0 1.0 Truck -1.0 -1.0 -1.0 -1.0 -1.0 -1.0 -1.0 3.169 3.729 6.249 1318.892 1.922 1031.253 2.432986794604221 1.0
22.0 7.0 Car -1.0 -1.0 -1.0 -1.0 -1.0 -1.0 -1.0 1.948 1.477 4.268 1339.163 0.516 1023.942 2.4260605161529276 1.0
22.0 9.0 Car -1.0 -1.0 -1.0 -1.0 -1.0 -1.0 -1.0 2.042 1.77 4.692 1341.324 0.678 1011.934 2.4390278164399035 1.0
22.0 4.0 Truck -1.0 -1.0 -1.0 -1.0 -1.0 -1.0 -1.0 2.301 2.145 5.38 1331.842 1.01 1025.042 2.4350449387911572 1.0
22.0 6.0 Car -1.0 -1.0 -1.0 -1.0 -1.0 -1.0 -1.0 2.01 1.875 4.463 1295.434 1.435 1056.111 -1.89037668191145 1.0
22.0 2.0 Car -1.0 -1.0 -1.0 -1.0 -1.0 -1.0 -1.0 2.11 1.917 4.805 1345.732 0.622 1016.956 2.434813310771383 1.0
22.0 5.0 Car -1.0 -1.0 -1.0 -1.0 -1.0 -1.0 -1.0 2.173 2.0 5.018 1319.231 3.021 1085.827 -2.2743186805272764 1.0
22.0 0.0 Car -1.0 -1.0 -1.0 -1.0 -1.0 -1.0 -1.0 2.312 2.548 6.003 1308.89 2.766 1073.564 -2.3074611975783217 0.0
22.0 1.0 Truck -1.0 -1.0 -1.0 -1.0 -1.0 -1.0 -1.0 3.169 3.729 6.249 1317.033 1.87 1032.903 2.4268436547691135 1.0
23.0 7.0 Car -1.0 -1.0 -1.0 -1.0 -1.0 -1.0 -1.0 1.948 1.477 4.268 1336.081 0.54 1026.6 2.41965627404526 0.0
23.0 9.0 Car -1.0 -1.0 -1.0 -1.0 -1.0 -1.0 -1.0 2.042 1.77 4.692 1339.278 0.705 1013.673 2.4390278164399035 1.0
23.0 4.0 Truck -1.0 -1.0 -1.0 -1.0 -1.0 -1.0 -1.0 2.301 2.145 5.38 1330.634 0.999 1026.109 2.4275200560335617 1.0
23.0 6.0 Car -1.0 -1.0 -1.0 -1.0 -1.0 -1.0 -1.0 2.01 1.875 4.463 1294.838 1.276 1052.775 -1.6770539931019726 1.0
23.0 2.0 Car -1.0 -1.0 -1.0 -1.0 -1.0 -1.0 -1.0 2.11 1.917 4.805 1342.704 0.655 1019.538 2.4253618883145815 1.0
23.0 5.0 Car -1.0 -1.0 -1.0 -1.0 -1.0 -1.0 -1.0 2.173 2.0 5.018 1319.158 3.002 1085.722 -2.2789986132078224 1.0
23.0 0.0 Car -1.0 -1.0 -1.0 -1.0 -1.0 -1.0 -1.0 2.312 2.548 6.003 1307.97 2.616 1072.54 -2.300913020599452 0.0
23.0 1.0 Truck -1.0 -1.0 -1.0 -1.0 -1.0 -1.0 -1.0 3.169 3.729 6.249 1314.709 1.83 1034.806 2.432216708887681 1.0
24.0 7.0 Car -1.0 -1.0 -1.0 -1.0 -1.0 -1.0 -1.0 1.948 1.477 4.268 1333.276 0.562 1029.02 2.413825261819335 0.0
24.0 9.0 Car -1.0 -1.0 -1.0 -1.0 -1.0 -1.0 -1.0 2.042 1.77 4.692 1337.416 0.728 1015.257 2.4390278164399035 1.0
24.0 4.0 Truck -1.0 -1.0 -1.0 -1.0 -1.0 -1.0 -1.0 2.301 2.145 5.38 1329.535 0.989 1027.081 2.4206687092823724 1.0
24.0 6.0 Car -1.0 -1.0 -1.0 -1.0 -1.0 -1.0 -1.0 2.01 1.875 4.463 1294.921 1.132 1049.689 -1.4828253575189942 0.0
24.0 2.0 Car -1.0 -1.0 -1.0 -1.0 -1.0 -1.0 -1.0 2.11 1.917 4.805 1340.01 0.688 1021.92 2.4208101416600787 1.0
24.0 5.0 Car -1.0 -1.0 -1.0 -1.0 -1.0 -1.0 -1.0 2.173 2.0 5.018 1319.091 2.984 1085.627 -2.283259655219974 1.0
24.0 0.0 Car -1.0 -1.0 -1.0 -1.0 -1.0 -1.0 -1.0 2.312 2.548 6.003 1307.131 2.479 1071.607 -2.294950956801832 0.0
24.0 1.0 Truck -1.0 -1.0 -1.0 -1.0 -1.0 -1.0 -1.0 3.169 3.729 6.249 1313.588 1.878 1035.854 2.437108832534664 1.0
25.0 7.0 Car -1.0 -1.0 -1.0 -1.0 -1.0 -1.0 -1.0 1.948 1.477 4.268 1330.944 0.621 1031.265 2.351008287824332 0.0
25.0 9.0 Car -1.0 -1.0 -1.0 -1.0 -1.0 -1.0 -1.0 2.042 1.77 4.692 1335.808 0.728 1016.68 2.430306116719239 1.0
25.0 4.0 Truck -1.0 -1.0 -1.0 -1.0 -1.0 -1.0 -1.0 2.301 2.145 5.38 1328.436 0.979 1028.051 2.4138252620022023 1.0
25.0 6.0 Car -1.0 -1.0 -1.0 -1.0 -1.0 -1.0 -1.0 2.01 1.875 4.463 1295.869 1.067 1046.264 -1.2142163890155317 0.0
25.0 2.0 Car -1.0 -1.0 -1.0 -1.0 -1.0 -1.0 -1.0 2.11 1.917 4.805 1337.318 0.722 1024.3 2.4162636430819155 1.0
25.0 5.0 Car -1.0 -1.0 -1.0 -1.0 -1.0 -1.0 -1.0 2.173 2.0 5.018 1319.033 2.836 1085.569 -2.2834667799315094 1.0
25.0 0.0 Car -1.0 -1.0 -1.0 -1.0 -1.0 -1.0 -1.0 2.312 2.548 6.003 1305.233 2.343 1069.439 -2.2889957671490917 0.0
25.0 1.0 Truck -1.0 -1.0 -1.0 -1.0 -1.0 -1.0 -1.0 3.169 3.729 6.249 1312.349 1.858 1036.861 2.433687108894579 0.0
26.0 7.0 Car -1.0 -1.0 -1.0 -1.0 -1.0 -1.0 -1.0 1.948 1.477 4.268 1328.755 0.679 1033.654 2.288120060142323 0.0
26.0 9.0 Car -1.0 -1.0 -1.0 -1.0 -1.0 -1.0 -1.0 2.042 1.77 4.692 1334.198 0.728 1018.104 2.42157452391996 1.0
26.0 4.0 Truck -1.0 -1.0 -1.0 -1.0 -1.0 -1.0 -1.0 2.301 2.145 5.38 1327.749 0.989 1028.653 2.4167373142332513 1.0
26.0 6.0 Car -1.0 -1.0 -1.0 -1.0 -1.0 -1.0 -1.0 2.01 1.875 4.463 1297.96 1.001 1043.131 -0.8601878847943558 0.0
26.0 2.0 Car -1.0 -1.0 -1.0 -1.0 -1.0 -1.0 -1.0 2.11 1.917 4.805 1334.624 0.755 1026.683 2.411711987381942 1.0
26.0 5.0 Car -1.0 -1.0 -1.0 -1.0 -1.0 -1.0 -1.0 2.173 2.0 5.018 1318.258 2.687 1084.68 -2.2836741395859033 1.0
26.0 0.0 Car -1.0 -1.0 -1.0 -1.0 -1.0 -1.0 -1.0 2.312 2.548 6.003 1303.333 2.206 1067.268 -2.283033822487433 0.0
26.0 1.0 Truck -1.0 -1.0 -1.0 -1.0 -1.0 -1.0 -1.0 3.169 3.729 6.249 1311.518 1.825 1037.642 2.4371800833354373 0.0
27.0 7.0 Car -1.0 -1.0 -1.0 -1.0 -1.0 -1.0 -1.0 1.948 1.477 4.268 1326.722 0.738 1036.173 2.2253014524649015 0.0
27.0 9.0 Car -1.0 -1.0 -1.0 -1.0 -1.0 -1.0 -1.0 2.042 1.77 4.692 1332.969 0.728 1019.197 2.42157452391996 1.0
27.0 4.0 Truck -1.0 -1.0 -1.0 -1.0 -1.0 -1.0 -1.0 2.301 2.145 5.38 1327.062 0.999 1029.254 2.4196461426957647 1.0
27.0 6.0 Car -1.0 -1.0 -1.0 -1.0 -1.0 -1.0 -1.0 2.01 1.875 4.463 1301.634 0.936 1039.328 -0.8356593336407547 0.0
27.0 2.0 Car -1.0 -1.0 -1.0 -1.0 -1.0 -1.0 -1.0 2.11 1.917 4.805 1332.301 0.789 1028.857 2.3780892919981347 1.0
27.0 5.0 Car -1.0 -1.0 -1.0 -1.0 -1.0 -1.0 -1.0 2.173 2.0 5.018 1317.483 2.539 1083.792 -2.283881269684136 1.0
27.0 0.0 Car -1.0 -1.0 -1.0 -1.0 -1.0 -1.0 -1.0 2.312 2.548 6.003 1301.071 2.069 1064.678 -2.2770784779579434 0.0
27.0 1.0 Truck -1.0 -1.0 -1.0 -1.0 -1.0 -1.0 -1.0 3.169 3.729 6.249 1310.885 1.893 1038.128 2.423215898381651 0.0
28.0 7.0 Car -1.0 -1.0 -1.0 -1.0 -1.0 -1.0 -1.0 1.948 1.477 4.268 1324.85 0.797 1038.819 2.162397516298103 0.0
28.0 9.0 Car -1.0 -1.0 -1.0 -1.0 -1.0 -1.0 -1.0 2.042 1.77 4.692 1331.738 0.728 1020.292 2.42157452391996 0.0
28.0 4.0 Truck -1.0 -1.0 -1.0 -1.0 -1.0 -1.0 -1.0 2.301 2.145 5.38 1326.432 0.999 1029.799 2.419532135534713 0.0
28.0 6.0 Car -1.0 -1.0 -1.0 -1.0 -1.0 -1.0 -1.0 2.01 1.875 4.463 1305.371 0.871 1035.577 -0.8110974645851191 0.0
28.0 2.0 Car -1.0 -1.0 -1.0 -1.0 -1.0 -1.0 -1.0 2.11 1.917 4.805 1330.049 0.823 1031.112 2.34442092585033 0.0
28.0 5.0 Car -1.0 -1.0 -1.0 -1.0 -1.0 -1.0 -1.0 2.173 2.0 5.018 1316.568 2.499 1082.738 -2.291888830588711 0.0
28.0 0.0 Car -1.0 -1.0 -1.0 -1.0 -1.0 -1.0 -1.0 2.312 2.548 6.003 1298.732 1.912 1061.806 -2.248417597001881 0.0
28.0 1.0 Truck -1.0 -1.0 -1.0 -1.0 -1.0 -1.0 -1.0 3.169 3.729 6.249 1310.57 1.884 1038.421 2.4220549293463147 0.0
29.0 7.0 Car -1.0 -1.0 -1.0 -1.0 -1.0 -1.0 -1.0 1.948 1.477 4.268 1323.152 0.856 1041.569 2.0996659964603555 0.0
29.0 9.0 Car -1.0 -1.0 -1.0 -1.0 -1.0 -1.0 -1.0 2.042 1.77 4.692 1330.987 0.728 1020.932 2.4172170319040234 0.0
29.0 4.0 Truck -1.0 -1.0 -1.0 -1.0 -1.0 -1.0 -1.0 2.301 2.145 5.38 1325.952 0.999 1030.211 2.4194184408612 0.0
29.0 6.0 Car -1.0 -1.0 -1.0 -1.0 -1.0 -1.0 -1.0 2.01 1.875 4.463 1309.168 0.806 1031.909 -0.7866029183006051 0.0
29.0 2.0 Car -1.0 -1.0 -1.0 -1.0 -1.0 -1.0 -1.0 2.11 1.917 4.805 1327.88 0.856 1033.434 2.3108448428957575 0.0
29.0 5.0 Car -1.0 -1.0 -1.0 -1.0 -1.0 -1.0 -1.0 2.173 2.0 5.018 1315.462 2.559 1081.467 -2.299874443196567 0.0
29.0 0.0 Car -1.0 -1.0 -1.0 -1.0 -1.0 -1.0 -1.0 2.312 2.548 6.003 1296.585 1.755 1058.799 -2.1501177809949166 0.0
29.0 1.0 Truck -1.0 -1.0 -1.0 -1.0 -1.0 -1.0 -1.0 3.169 3.729 6.249 1310.279 1.888 1038.662 2.425921524860576 0.0
30.0 7.0 Car -1.0 -1.0 -1.0 -1.0 -1.0 -1.0 -1.0 1.948 1.477 4.268 1321.825 0.985 1044.419 1.9482912028483612 0.0
30.0 9.0 Car -1.0 -1.0 -1.0 -1.0 -1.0 -1.0 -1.0 2.042 1.77 4.692 1330.233 0.728 1021.573 2.412848506163299 0.0
30.0 4.0 Truck -1.0 -1.0 -1.0 -1.0 -1.0 -1.0 -1.0 2.301 2.145 5.38 1325.471 0.999 1030.625 2.4193044582982925 0.0
30.0 6.0 Car -1.0 -1.0 -1.0 -1.0 -1.0 -1.0 -1.0 2.01 1.875 4.463 1313.052 0.741 1028.315 -0.7620463487050868 0.0
30.0 2.0 Car -1.0 -1.0 -1.0 -1.0 -1.0 -1.0 -1.0 2.11 1.917 4.805 1325.788 0.942 1035.96 2.237170719142408 0.0
30.0 5.0 Car -1.0 -1.0 -1.0 -1.0 -1.0 -1.0 -1.0 2.173 2.0 5.018 1313.999 2.469 1079.8 -2.3078802763926536 0.0
30.0 0.0 Car -1.0 -1.0 -1.0 -1.0 -1.0 -1.0 -1.0 2.312 2.548 6.003 1294.908 1.598 1055.339 -1.9818039127473155 0.0
30.0 1.0 Truck -1.0 -1.0 -1.0 -1.0 -1.0 -1.0 -1.0 3.169 3.729 6.249 1309.988 1.892 1038.903 2.4297979110871584 0.0
31.0 7.0 Car -1.0 -1.0 -1.0 -1.0 -1.0 -1.0 -1.0 1.948 1.477 4.268 1320.941 1.114 1047.446 1.7964161106871963 0.0
31.0 9.0 Car -1.0 -1.0 -1.0 -1.0 -1.0 -1.0 -1.0 2.042 1.77 4.692 1329.476 0.728 1022.216 2.408465542304854 0.0
31.0 4.0 Truck -1.0 -1.0 -1.0 -1.0 -1.0 -1.0 -1.0 2.301 2.145 5.38 1324.988 0.999 1031.04 2.419190099019358 0.0
31.0 6.0 Car -1.0 -1.0 -1.0 -1.0 -1.0 -1.0 -1.0 2.01 1.875 4.463 1317.037 0.675 1024.809 -0.7374086188592517 0.0
31.0 2.0 Car -1.0 -1.0 -1.0 -1.0 -1.0 -1.0 -1.0 2.11 1.917 4.805 1323.881 1.028 1038.642 2.1632531000465005 0.0
31.0 5.0 Car -1.0 -1.0 -1.0 -1.0 -1.0 -1.0 -1.0 2.173 2.0 5.018 1312.334 2.378 1077.914 -2.2984592766043472 0.0
31.0 0.0 Car -1.0 -1.0 -1.0 -1.0 -1.0 -1.0 -1.0 2.312 2.548 6.003 1294.243 1.524 1051.712 -1.7158578916859908 0.0
31.0 1.0 Truck -1.0 -1.0 -1.0 -1.0 -1.0 -1.0 -1.0 3.169 3.729 6.249 1309.94 1.896 1038.935 2.433687108894579 0.0
32.0 7.0 Car -1.0 -1.0 -1.0 -1.0 -1.0 -1.0 -1.0 1.948 1.477 4.268 1320.527 1.242 1050.544 1.6458803909418294 0.0
32.0 9.0 Car -1.0 -1.0 -1.0 -1.0 -1.0 -1.0 -1.0 2.042 1.77 4.692 1328.727 0.728 1022.854 2.4041212314000164 0.0
32.0 4.0 Truck -1.0 -1.0 -1.0 -1.0 -1.0 -1.0 -1.0 2.301 2.145 5.38 1324.562 1.019 1031.42 2.422670660935353 0.0
32.0 6.0 Car -1.0 -1.0 -1.0 -1.0 -1.0 -1.0 -1.0 2.01 1.875 4.463 1321.056 0.61 1021.415 -0.712988166878232 0.0
32.0 2.0 Car -1.0 -1.0 -1.0 -1.0 -1.0 -1.0 -1.0 2.11 1.917 4.805 1322.191 1.114 1041.432 2.089987353608905 0.0
32.0 5.0 Car -1.0 -1.0 -1.0 -1.0 -1.0 -1.0 -1.0 2.173 2.0 5.018 1310.394 2.266 1075.73 -2.2957331552369586 0.0
32.0 0.0 Car -1.0 -1.0 -1.0 -1.0 -1.0 -1.0 -1.0 2.312 2.548 6.003 1294.548 1.45 1048.069 -1.4522572240307596 0.0
32.0 1.0 Truck -1.0 -1.0 -1.0 -1.0 -1.0 -1.0 -1.0 3.169 3.729 6.249 1309.933 1.874 1038.952 2.433687108894579 0.0
33.0 7.0 Car -1.0 -1.0 -1.0 -1.0 -1.0 -1.0 -1.0 1.948 1.477 4.268 1320.419 1.386 1053.747 1.559492149463303 0.0
33.0 9.0 Car -1.0 -1.0 -1.0 -1.0 -1.0 -1.0 -1.0 2.042 1.77 4.692 1328.388 0.728 1023.158 2.4041212314000164 0.0
33.0 4.0 Truck -1.0 -1.0 -1.0 -1.0 -1.0 -1.0 -1.0 2.301 2.145 5.38 1324.176 1.037 1031.763 2.4258184512693184 0.0
33.0 6.0 Car -1.0 -1.0 -1.0 -1.0 -1.0 -1.0 -1.0 2.01 1.875 4.463 1324.729 0.552 1018.389 -0.6909025196315484 0.0
33.0 2.0 Car -1.0 -1.0 -1.0 -1.0 -1.0 -1.0 -1.0 2.11 1.917 4.805 1320.871 1.202 1044.159 1.952054830663936 0.0
33.0 5.0 Car -1.0 -1.0 -1.0 -1.0 -1.0 -1.0 -1.0 2.173 2.0 5.018 1308.64 2.165 1073.755 -2.293267674462131 0.0
33.0 1.0 Truck -1.0 -1.0 -1.0 -1.0 -1.0 -1.0 -1.0 3.169 3.729 6.249 1309.926 1.854 1038.968 2.433687108894579 0.0
34.0 7.0 Car -1.0 -1.0 -1.0 -1.0 -1.0 -1.0 -1.0 1.948 1.477 4.268 1320.663 1.562 1057.657 1.4538941732224533 0.0
34.0 9.0 Car -1.0 -1.0 -1.0 -1.0 -1.0 -1.0 -1.0 2.042 1.77 4.692 1327.974 0.728 1023.529 2.4041212314000164 0.0
34.0 4.0 Truck -1.0 -1.0 -1.0 -1.0 -1.0 -1.0 -1.0 2.301 2.145 5.38 1323.823 1.037 1032.067 2.4270596305975998 0.0
34.0 6.0 Car -1.0 -1.0 -1.0 -1.0 -1.0 -1.0 -1.0 2.01 1.875 4.463 1329.219 0.48 1014.691 -0.663905793997322 0.0
34.0 2.0 Car -1.0 -1.0 -1.0 -1.0 -1.0 -1.0 -1.0 2.11 1.917 4.805 1319.784 1.309 1047.698 1.7834509207857163 0.0
34.0 5.0 Car -1.0 -1.0 -1.0 -1.0 -1.0 -1.0 -1.0 2.173 2.0 5.018 1306.496 2.042 1071.34 -2.2902539566710676 0.0
34.0 1.0 Truck -1.0 -1.0 -1.0 -1.0 -1.0 -1.0 -1.0 3.169 3.729 6.249 1309.919 1.83 1038.987 2.433687108894579 0.0
35.0 9.0 Car -1.0 -1.0 -1.0 -1.0 -1.0 -1.0 -1.0 2.042 1.77 4.692 1327.754 0.703 1023.69 2.4128478863888256 0.0
35.0 4.0 Truck -1.0 -1.0 -1.0 -1.0 -1.0 -1.0 -1.0 2.301 2.145 5.38 1323.502 1.036 1032.343 2.4281873283912674 0.0
35.0 6.0 Car -1.0 -1.0 -1.0 -1.0 -1.0 -1.0 -1.0 2.01 1.875 4.463 1334.894 0.43 1010.065 -0.6726325362745027 0.0
35.0 2.0 Car -1.0 -1.0 -1.0 -1.0 -1.0 -1.0 -1.0 2.11 1.917 4.805 1319.325 1.407 1051.031 1.6302625354806426 0.0
35.0 5.0 Car -1.0 -1.0 -1.0 -1.0 -1.0 -1.0 -1.0 2.173 2.0 5.018 1304.548 1.929 1069.146 -2.2875157843326472 0.0
35.0 1.0 Truck -1.0 -1.0 -1.0 -1.0 -1.0 -1.0 -1.0 3.169 3.729 6.249 1309.902 1.857 1039.014 2.433687108894579 0.0
36.0 9.0 Car -1.0 -1.0 -1.0 -1.0 -1.0 -1.0 -1.0 2.042 1.77 4.692 1327.535 0.678 1023.851 2.42157452391996 0.0
36.0 4.0 Truck -1.0 -1.0 -1.0 -1.0 -1.0 -1.0 -1.0 2.301 2.145 5.38 1323.299 1.029 1032.511 2.4263087990049748 0.0
36.0 2.0 Car -1.0 -1.0 -1.0 -1.0 -1.0 -1.0 -1.0 2.11 1.917 4.805 1319.282 1.579 1054.465 1.54041311698457 0.0
36.0 5.0 Car -1.0 -1.0 -1.0 -1.0 -1.0 -1.0 -1.0 2.173 2.0 5.018 1302.086 1.825 1066.264 -2.2787893213745893 0.0
36.0 1.0 Truck -1.0 -1.0 -1.0 -1.0 -1.0 -1.0 -1.0 3.169 3.729 6.249 1309.885 1.884 1039.042 2.433687108894579 0.0
37.0 9.0 Car -1.0 -1.0 -1.0 -1.0 -1.0 -1.0 -1.0 2.042 1.77 4.692 1327.435 0.703 1023.982 2.42157452391996 0.0
37.0 4.0 Truck -1.0 -1.0 -1.0 -1.0 -1.0 -1.0 -1.0 2.301 2.145 5.38 1323.096 1.022 1032.679 2.42443019070056 0.0
37.0 2.0 Car -1.0 -1.0 -1.0 -1.0 -1.0 -1.0 -1.0 2.11 1.917 4.805 1319.547 1.751 1057.889 1.4505599238617146 0.0
37.0 5.0 Car -1.0 -1.0 -1.0 -1.0 -1.0 -1.0 -1.0 2.173 2.0 5.018 1300.163 1.721 1064.011 -2.2700624918127037 0.0
38.0 9.0 Car -1.0 -1.0 -1.0 -1.0 -1.0 -1.0 -1.0 2.042 1.77 4.692 1327.335 0.728 1024.112 2.42157452391996 0.0
38.0 4.0 Truck -1.0 -1.0 -1.0 -1.0 -1.0 -1.0 -1.0 2.301 2.145 5.38 1323.052 1.005 1032.736 2.426791323940086 0.0
38.0 2.0 Car -1.0 -1.0 -1.0 -1.0 -1.0 -1.0 -1.0 2.11 1.917 4.805 1320.118 1.923 1061.275 1.3607110445980397 0.0
38.0 5.0 Car -1.0 -1.0 -1.0 -1.0 -1.0 -1.0 -1.0 2.173 2.0 5.018 1298.135 1.608 1061.569 -2.2604510791599566 0.0
39.0 9.0 Car -1.0 -1.0 -1.0 -1.0 -1.0 -1.0 -1.0 2.042 1.77 4.692 1327.32 0.728 1024.1 2.4298438214301696 0.0
39.0 4.0 Truck -1.0 -1.0 -1.0 -1.0 -1.0 -1.0 -1.0 2.301 2.145 5.38 1323.012 0.99 1032.787 2.4289173551538275 0.0
39.0 2.0 Car -1.0 -1.0 -1.0 -1.0 -1.0 -1.0 -1.0 2.11 1.917 4.805 1321.076 2.117 1065.067 1.2862873670061536 0.0
39.0 5.0 Car -1.0 -1.0 -1.0 -1.0 -1.0 -1.0 -1.0 2.173 2.0 5.018 1296.774 1.506 1059.318 -2.0996189763532205 0.0
