0.0 3.0 Car -1.0 -1.0 -1.0 -1.0 -1.0 -1.0 -1.0 1.791 1.46 4.465 749.608 0.766 1528.987 2.4134412895595627 0.0
0.0 7.0 Truck -1.0 -1.0 -1.0 -1.0 -1.0 -1.0 -1.0 2.509 3.035 7.429 767.392 1.48 1509.594 1.800132590496528 0.0
0.0 4.0 Car -1.0 -1.0 -1.0 -1.0 -1.0 -1.0 -1.0 1.813 1.489 4.55 758.32 0.712 1521.099 2.4658011671193925 0.0
0.0 14.0 Car -1.0 -1.0 -1.0 -1.0 -1.0 -1.0 -1.0 1.988 1.79 4.94 725.093 1.039 1541.778 -0.789063354831001 0.0
1.0 3.0 Car -1.0 -1.0 -1.0 -1.0 -1.0 -1.0 -1.0 1.791 1.46 4.465 747.615 0.795 1530.755 2.4134412895595627 1.0
1.0 5.0 Truck -1.0 -1.0 -1.0 -1.0 -1.0 -1.0 -1.0 2.105 1.884 6.15 798.291 1.305 1487.394 2.4730042185236893 0.0
1.0 7.0 Truck -1.0 -1.0 -1.0 -1.0 -1.0 -1.0 -1.0 2.509 3.035 7.429 766.738 1.48 1511.478 1.9293899436903375 1.0
1.0 4.0 Car -1.0 -1.0 -1.0 -1.0 -1.0 -1.0 -1.0 1.813 1.489 4.55 756.323 0.737 1522.725 2.463821482923261 1.0
1.0 14.0 Car -1.0 -1.0 -1.0 -1.0 -1.0 -1.0 -1.0 1.988 1.79 4.94 725.395 1.039 1541.504 -0.789063354831001 1.0
2.0 3.0 Car -1.0 -1.0 -1.0 -1.0 -1.0 -1.0 -1.0 1.791 1.46 4.465 744.897 0.831 1533.167 2.4134412895595627 1.0
2.0 5.0 Truck -1.0 -1.0 -1.0 -1.0 -1.0 -1.0 -1.0 2.105 1.884 6.15 798.291 1.305 1487.394 2.4730042185236893 0.0
2.0 7.0 Truck -1.0 -1.0 -1.0 -1.0 -1.0 -1.0 -1.0 2.509 3.035 7.429 765.525 1.48 1513.667 2.051898545758864 1.0
2.0 0.0 Car -1.0 -1.0 -1.0 -1.0 -1.0 -1.0 -1.0 1.717 1.569 3.911 798.219 0.905 1491.029 2.448350358760214 0.0
2.0 4.0 Car -1.0 -1.0 -1.0 -1.0 -1.0 -1.0 -1.0 1.813 1.489 4.55 753.768 0.718 1524.805 2.4613432155946207 1.0
2.0 14.0 Car -1.0 -1.0 -1.0 -1.0 -1.0 -1.0 -1.0 1.988 1.79 4.94 725.773 1.039 1541.161 -0.789063354831001 1.0
3.0 3.0 Car -1.0 -1.0 -1.0 -1.0 -1.0 -1.0 -1.0 1.791 1.46 4.465 742.171 0.867 1535.586 2.4134412895595627 1.0
3.0 5.0 Truck -1.0 -1.0 -1.0 -1.0 -1.0 -1.0 -1.0 2.105 1.884 6.15 798.291 1.305 1487.394 2.4730042185236893 0.0
3.0 7.0 Truck -1.0 -1.0 -1.0 -1.0 -1.0 -1.0 -1.0 2.509 3.035 7.429 763.956 1.447 1515.9 2.2065006272606746 1.0
3.0 0.0 Car -1.0 -1.0 -1.0 -1.0 -1.0 -1.0 -1.0 1.717 1.569 3.911 798.219 0.905 1491.029 2.448350358760214 0.0
3.0 4.0 Car -1.0 -1.0 -1.0 -1.0 -1.0 -1.0 -1.0 1.813 1.489 4.55 751.051 0.798 1527.015 2.458867884865712 0.0
3.0 14.0 Car -1.0 -1.0 -1.0 -1.0 -1.0 -1.0 -1.0 1.988 1.79 4.94 726.138 1.039 1540.804 -0.789063354831001 0.0
4.0 3.0 Car -1.0 -1.0 -1.0 -1.0 -1.0 -1.0 -1.0 1.791 1.46 4.465 739.262 0.903 1538.169 2.4134412895595627 0.0
4.0 5.0 Truck -1.0 -1.0 -1.0 -1.0 -1.0 -1.0 -1.0 2.105 1.884 6.15 798.291 1.305 1487.394 2.4730042185236893 1.0
4.0 7.0 Truck -1.0 -1.0 -1.0 -1.0 -1.0 -1.0 -1.0 2.509 3.035 7.429 762.131 1.413 1517.931 2.2913012722675727 1.0
4.0 0.0 Car -1.0 -1.0 -1.0 -1.0 -1.0 -1.0 -1.0 1.717 1.569 3.911 798.219 0.905 1491.029 2.448350358760214 0.0
4.0 4.0 Car -1.0 -1.0 -1.0 -1.0 -1.0 -1.0 -1.0 1.813 1.489 4.55 748.227 0.863 1529.314 2.456392311483537 0.0
4.0 14.0 Car -1.0 -1.0 -1.0 -1.0 -1.0 -1.0 -1.0 1.988 1.79 4.94 726.502 1.039 1540.447 -0.789063354831001 0.0
5.0 3.0 Car -1.0 -1.0 -1.0 -1.0 -1.0 -1.0 -1.0 1.791 1.46 4.465 736.277 0.918 1540.819 2.4134412895595627 0.0
5.0 5.0 Truck -1.0 -1.0 -1.0 -1.0 -1.0 -1.0 -1.0 2.105 1.884 6.15 798.291 1.305 1487.394 2.4730042185236893 1.0
5.0 7.0 Truck -1.0 -1.0 -1.0 -1.0 -1.0 -1.0 -1.0 2.509 3.035 7.429 760.236 1.38 1519.888 2.358637951134713 1.0
5.0 0.0 Car -1.0 -1.0 -1.0 -1.0 -1.0 -1.0 -1.0 1.717 1.569 3.911 798.219 0.905 1491.029 2.448350358760214 1.0
5.0 4.0 Car -1.0 -1.0 -1.0 -1.0 -1.0 -1.0 -1.0 1.813 1.489 4.55 745.331 0.903 1531.671 2.4539169758025206 0.0
5.0 14.0 Car -1.0 -1.0 -1.0 -1.0 -1.0 -1.0 -1.0 1.988 1.79 4.94 726.867 1.039 1540.09 -0.789063354831001 0.0
6.0 3.0 Car -1.0 -1.0 -1.0 -1.0 -1.0 -1.0 -1.0 1.791 1.46 4.465 733.288 0.933 1543.473 2.4134412895595627 0.0
6.0 5.0 Truck -1.0 -1.0 -1.0 -1.0 -1.0 -1.0 -1.0 2.105 1.884 6.15 798.291 1.305 1487.394 2.4730042185236893 1.0
6.0 13.0 Car -1.0 -1.0 -1.0 -1.0 -1.0 -1.0 -1.0 1.833 1.471 4.889 752.227 0.748 1516.182 -0.8503244116698337 0.0
6.0 7.0 Truck -1.0 -1.0 -1.0 -1.0 -1.0 -1.0 -1.0 2.509 3.035 7.429 757.954 1.524 1521.968 2.4069823464736406 1.0
6.0 10.0 Car -1.0 -1.0 -1.0 -1.0 -1.0 -1.0 -1.0 1.833 1.383 4.682 747.244 0.8 1520.952 -0.85213231132761 0.0
6.0 0.0 Car -1.0 -1.0 -1.0 -1.0 -1.0 -1.0 -1.0 1.717 1.569 3.911 798.219 0.905 1491.029 2.448350358760214 1.0
6.0 4.0 Car -1.0 -1.0 -1.0 -1.0 -1.0 -1.0 -1.0 1.813 1.489 4.55 742.551 0.937 1533.981 2.445496844300041 0.0
6.0 14.0 Car -1.0 -1.0 -1.0 -1.0 -1.0 -1.0 -1.0 1.988 1.79 4.94 727.232 1.039 1539.733 -0.789063354831001 0.0
7.0 3.0 Car -1.0 -1.0 -1.0 -1.0 -1.0 -1.0 -1.0 1.791 1.46 4.465 730.3 0.948 1546.126 2.4134412895595627 0.0
7.0 5.0 Truck -1.0 -1.0 -1.0 -1.0 -1.0 -1.0 -1.0 2.105 1.884 6.15 798.291 1.305 1487.394 2.4730042185236893 1.0
7.0 13.0 Car -1.0 -1.0 -1.0 -1.0 -1.0 -1.0 -1.0 1.833 1.471 4.889 752.356 0.748 1516.035 -0.8503244116698337 0.0
7.0 7.0 Truck -1.0 -1.0 -1.0 -1.0 -1.0 -1.0 -1.0 2.509 3.035 7.429 755.745 1.544 1523.958 2.4120992109517907 1.0
7.0 10.0 Car -1.0 -1.0 -1.0 -1.0 -1.0 -1.0 -1.0 1.833 1.383 4.682 747.256 0.8 1520.939 -0.8524442432169518 0.0
7.0 0.0 Car -1.0 -1.0 -1.0 -1.0 -1.0 -1.0 -1.0 1.717 1.569 3.911 798.219 0.905 1491.029 2.448350358760214 1.0
7.0 4.0 Car -1.0 -1.0 -1.0 -1.0 -1.0 -1.0 -1.0 1.813 1.489 4.55 739.555 0.972 1536.512 2.437077537213635 0.0
7.0 14.0 Car -1.0 -1.0 -1.0 -1.0 -1.0 -1.0 -1.0 1.988 1.79 4.94 727.597 1.039 1539.376 -0.789063354831001 0.0
8.0 3.0 Car -1.0 -1.0 -1.0 -1.0 -1.0 -1.0 -1.0 1.791 1.46 4.465 727.315 0.962 1548.776 2.4134412895595627 0.0
8.0 5.0 Truck -1.0 -1.0 -1.0 -1.0 -1.0 -1.0 -1.0 2.105 1.884 6.15 798.291 1.305 1487.394 2.4730042185236893 1.0
8.0 13.0 Car -1.0 -1.0 -1.0 -1.0 -1.0 -1.0 -1.0 1.833 1.471 4.889 752.486 0.748 1515.887 -0.8503244116698337 0.0
8.0 7.0 Truck -1.0 -1.0 -1.0 -1.0 -1.0 -1.0 -1.0 2.509 3.035 7.429 753.539 1.563 1525.947 2.4172104514906447 1.0
8.0 10.0 Car -1.0 -1.0 -1.0 -1.0 -1.0 -1.0 -1.0 1.833 1.383 4.682 747.267 0.799 1520.927 -0.8527558322623472 0.0
8.0 0.0 Car -1.0 -1.0 -1.0 -1.0 -1.0 -1.0 -1.0 1.717 1.569 3.911 798.219 0.905 1491.029 2.448350358760214 1.0
8.0 4.0 Car -1.0 -1.0 -1.0 -1.0 -1.0 -1.0 -1.0 1.813 1.489 4.55 736.333 1.001 1539.295 2.431448837707832 0.0
8.0 14.0 Car -1.0 -1.0 -1.0 -1.0 -1.0 -1.0 -1.0 1.988 1.79 4.94 727.961 1.039 1539.019 -0.789063354831001 0.0
9.0 3.0 Car -1.0 -1.0 -1.0 -1.0 -1.0 -1.0 -1.0 1.791 1.46 4.465 724.334 0.977 1551.423 2.4134412895595627 0.0
9.0 5.0 Truck -1.0 -1.0 -1.0 -1.0 -1.0 -1.0 -1.0 2.105 1.884 6.15 798.291 1.305 1487.394 2.4730042185236893 1.0
9.0 13.0 Car -1.0 -1.0 -1.0 -1.0 -1.0 -1.0 -1.0 1.833 1.471 4.889 752.615 0.748 1515.74 -0.8503244116698337 1.0
9.0 7.0 Truck -1.0 -1.0 -1.0 -1.0 -1.0 -1.0 -1.0 2.509 3.035 7.429 751.23 1.583 1527.961 2.4223162828224307 1.0
9.0 10.0 Car -1.0 -1.0 -1.0 -1.0 -1.0 -1.0 -1.0 1.833 1.383 4.682 747.278 0.799 1520.914 -0.8530670915542018 1.0
9.0 0.0 Car -1.0 -1.0 -1.0 -1.0 -1.0 -1.0 -1.0 1.717 1.569 3.911 798.219 0.905 1491.029 2.448350358760214 1.0
9.0 4.0 Car -1.0 -1.0 -1.0 -1.0 -1.0 -1.0 -1.0 1.813 1.489 4.55 733.114 1.031 1542.076 2.4258260950340196 0.0
9.0 14.0 Car -1.0 -1.0 -1.0 -1.0 -1.0 -1.0 -1.0 1.988 1.79 4.94 728.325 1.039 1538.662 -0.789063354831001 0.0
10.0 3.0 Car -1.0 -1.0 -1.0 -1.0 -1.0 -1.0 -1.0 1.791 1.46 4.465 720.751 0.995 1554.604 2.4134412895595627 0.0
10.0 5.0 Truck -1.0 -1.0 -1.0 -1.0 -1.0 -1.0 -1.0 2.105 1.884 6.15 798.291 1.305 1487.394 2.4730042185236893 1.0
10.0 13.0 Car -1.0 -1.0 -1.0 -1.0 -1.0 -1.0 -1.0 1.833 1.471 4.889 752.719 0.748 1515.622 -0.8503244116698337 1.0
10.0 7.0 Truck -1.0 -1.0 -1.0 -1.0 -1.0 -1.0 -1.0 2.509 3.035 7.429 748.457 1.607 1530.381 2.4284511212144864 1.0
10.0 10.0 Car -1.0 -1.0 -1.0 -1.0 -1.0 -1.0 -1.0 1.833 1.383 4.682 747.377 0.798 1520.802 -0.8534410806912236 1.0
10.0 0.0 Car -1.0 -1.0 -1.0 -1.0 -1.0 -1.0 -1.0 1.717 1.569 3.911 798.219 0.905 1491.029 2.448350358760214 1.0
10.0 4.0 Car -1.0 -1.0 -1.0 -1.0 -1.0 -1.0 -1.0 1.813 1.489 4.55 729.247 1.06 1545.398 2.426860726675587 0.0
10.0 14.0 Car -1.0 -1.0 -1.0 -1.0 -1.0 -1.0 -1.0 1.988 1.79 4.94 728.397 1.039 1538.602 -0.789063354831001 0.0
11.0 3.0 Car -1.0 -1.0 -1.0 -1.0 -1.0 -1.0 -1.0 1.791 1.46 4.465 717.856 1.009 1557.122 2.416350691588328 0.0
11.0 5.0 Truck -1.0 -1.0 -1.0 -1.0 -1.0 -1.0 -1.0 2.105 1.884 6.15 798.291 1.305 1487.394 2.4730042185236893 1.0
11.0 13.0 Car -1.0 -1.0 -1.0 -1.0 -1.0 -1.0 -1.0 1.833 1.471 4.889 752.801 0.748 1515.522 -0.8514852136057409 1.0
11.0 7.0 Truck -1.0 -1.0 -1.0 -1.0 -1.0 -1.0 -1.0 2.509 3.035 7.429 746.299 1.634 1532.255 2.424960462710498 1.0
11.0 10.0 Car -1.0 -1.0 -1.0 -1.0 -1.0 -1.0 -1.0 1.833 1.383 4.682 747.533 0.797 1520.623 -0.8537526797102611 1.0
11.0 0.0 Car -1.0 -1.0 -1.0 -1.0 -1.0 -1.0 -1.0 1.717 1.569 3.911 798.219 0.905 1491.029 2.448350358760214 1.0
11.0 4.0 Car -1.0 -1.0 -1.0 -1.0 -1.0 -1.0 -1.0 1.813 1.489 4.55 726.025 1.085 1548.167 2.427722757608209 0.0
11.0 14.0 Car -1.0 -1.0 -1.0 -1.0 -1.0 -1.0 -1.0 1.988 1.79 4.94 728.457 1.039 1538.552 -0.789063354831001 0.0
12.0 3.0 Car -1.0 -1.0 -1.0 -1.0 -1.0 -1.0 -1.0 1.791 1.46 4.465 714.962 1.023 1559.64 2.419260116898083 0.0
12.0 5.0 Truck -1.0 -1.0 -1.0 -1.0 -1.0 -1.0 -1.0 2.105 1.884 6.15 798.291 1.305 1487.394 2.4730042185236893 1.0
12.0 13.0 Car -1.0 -1.0 -1.0 -1.0 -1.0 -1.0 -1.0 1.833 1.471 4.889 752.883 0.748 1515.423 -0.852646024830367 0.0
12.0 7.0 Truck -1.0 -1.0 -1.0 -1.0 -1.0 -1.0 -1.0 2.509 3.035 7.429 744.142 1.637 1534.128 2.4214697762743143 1.0
12.0 10.0 Car -1.0 -1.0 -1.0 -1.0 -1.0 -1.0 -1.0 1.833 1.383 4.682 747.745 0.792 1520.375 -0.8553108360130404 1.0
12.0 0.0 Car -1.0 -1.0 -1.0 -1.0 -1.0 -1.0 -1.0 1.717 1.569 3.911 798.219 0.905 1491.029 2.448350358760214 1.0
12.0 11.0 Truck -1.0 -1.0 -1.0 -1.0 -1.0 -1.0 -1.0 2.263 2.113 5.895 837.051 1.063 1451.517 2.4462534795971007 0.0
12.0 4.0 Car -1.0 -1.0 -1.0 -1.0 -1.0 -1.0 -1.0 1.813 1.489 4.55 722.803 1.109 1550.935 2.4285847954387902 0.0
12.0 14.0 Car -1.0 -1.0 -1.0 -1.0 -1.0 -1.0 -1.0 1.988 1.79 4.94 728.462 1.034 1538.549 -0.789063354831001 0.0
13.0 3.0 Car -1.0 -1.0 -1.0 -1.0 -1.0 -1.0 -1.0 1.791 1.46 4.465 711.878 1.038 1562.325 2.4221663468919723 0.0
13.0 5.0 Truck -1.0 -1.0 -1.0 -1.0 -1.0 -1.0 -1.0 2.105 1.884 6.15 798.291 1.305 1487.394 2.4730042185236893 1.0
13.0 13.0 Car -1.0 -1.0 -1.0 -1.0 -1.0 -1.0 -1.0 1.833 1.471 4.889 752.909 0.748 1515.388 -0.8538055611782984 0.0
13.0 7.0 Truck -1.0 -1.0 -1.0 -1.0 -1.0 -1.0 -1.0 2.509 3.035 7.429 741.988 1.64 1536.0 2.4179829235319237 0.0
13.0 10.0 Car -1.0 -1.0 -1.0 -1.0 -1.0 -1.0 -1.0 1.833 1.383 4.682 747.957 0.788 1520.127 -0.856867281049495 1.0
13.0 0.0 Car -1.0 -1.0 -1.0 -1.0 -1.0 -1.0 -1.0 1.717 1.569 3.911 798.22 0.899 1491.032 2.448351540085347 1.0
13.0 11.0 Truck -1.0 -1.0 -1.0 -1.0 -1.0 -1.0 -1.0 2.263 2.113 5.895 834.219 1.154 1453.913 2.4418937362464073 1.0
13.0 4.0 Car -1.0 -1.0 -1.0 -1.0 -1.0 -1.0 -1.0 1.813 1.489 4.55 719.585 1.133 1553.7 2.429445886524614 0.0
13.0 14.0 Car -1.0 -1.0 -1.0 -1.0 -1.0 -1.0 -1.0 1.988 1.79 4.94 728.468 1.03 1538.545 -0.789063354831001 0.0
14.0 3.0 Car -1.0 -1.0 -1.0 -1.0 -1.0 -1.0 -1.0 1.791 1.46 4.465 708.791 1.052 1565.012 2.4250757954827176 0.0
14.0 5.0 Truck -1.0 -1.0 -1.0 -1.0 -1.0 -1.0 -1.0 2.105 1.884 6.15 797.943 1.284 1487.687 2.4690505321878224 1.0
14.0 13.0 Car -1.0 -1.0 -1.0 -1.0 -1.0 -1.0 -1.0 1.833 1.471 4.889 752.936 0.748 1515.352 -0.8549663816916437 0.0
14.0 7.0 Truck -1.0 -1.0 -1.0 -1.0 -1.0 -1.0 -1.0 2.509 3.035 7.429 739.773 1.684 1537.923 2.4232142752762127 0.0
14.0 10.0 Car -1.0 -1.0 -1.0 -1.0 -1.0 -1.0 -1.0 1.833 1.383 4.682 748.127 0.783 1519.926 -0.8584254498205173 1.0
14.0 0.0 Car -1.0 -1.0 -1.0 -1.0 -1.0 -1.0 -1.0 1.717 1.569 3.911 798.228 0.892 1491.029 2.448352722718775 1.0
14.0 11.0 Truck -1.0 -1.0 -1.0 -1.0 -1.0 -1.0 -1.0 2.263 2.113 5.895 831.384 1.245 1456.311 2.4375291645592534 1.0
14.0 4.0 Car -1.0 -1.0 -1.0 -1.0 -1.0 -1.0 -1.0 1.813 1.489 4.55 716.402 1.157 1556.437 2.430169854130867 0.0
14.0 14.0 Car -1.0 -1.0 -1.0 -1.0 -1.0 -1.0 -1.0 1.988 1.79 4.94 728.473 1.025 1538.541 -0.789063354831001 0.0
15.0 3.0 Car -1.0 -1.0 -1.0 -1.0 -1.0 -1.0 -1.0 1.791 1.46 4.465 705.701 1.066 1567.702 2.4279882997033893 0.0
15.0 5.0 Truck -1.0 -1.0 -1.0 -1.0 -1.0 -1.0 -1.0 2.105 1.884 6.15 796.703 1.262 1488.673 2.4650926935179616 0.0
15.0 13.0 Car -1.0 -1.0 -1.0 -1.0 -1.0 -1.0 -1.0 1.833 1.471 4.889 752.962 0.748 1515.316 -0.8561284213493697 0.0
15.0 7.0 Truck -1.0 -1.0 -1.0 -1.0 -1.0 -1.0 -1.0 2.509 3.035 7.429 737.556 1.728 1539.848 2.4284511212144864 0.0
15.0 10.0 Car -1.0 -1.0 -1.0 -1.0 -1.0 -1.0 -1.0 1.833 1.383 4.682 748.186 0.778 1519.855 -0.8599852550484068 0.0
15.0 0.0 Car -1.0 -1.0 -1.0 -1.0 -1.0 -1.0 -1.0 1.717 1.569 3.911 797.645 0.886 1491.516 2.4483539065942566 0.0
15.0 11.0 Truck -1.0 -1.0 -1.0 -1.0 -1.0 -1.0 -1.0 2.263 2.113 5.895 828.415 1.236 1458.557 2.433160009008372 0.0
16.0 5.0 Truck -1.0 -1.0 -1.0 -1.0 -1.0 -1.0 -1.0 2.105 1.884 6.15 795.465 1.241 1489.657 2.4611433097910336 0.0
16.0 13.0 Car -1.0 -1.0 -1.0 -1.0 -1.0 -1.0 -1.0 1.833 1.471 4.889 753.051 0.748 1515.209 -0.857287978596919 0.0
16.0 7.0 Truck -1.0 -1.0 -1.0 -1.0 -1.0 -1.0 -1.0 2.509 3.035 7.429 735.689 1.733 1541.608 2.3918983983103157 0.0
16.0 10.0 Car -1.0 -1.0 -1.0 -1.0 -1.0 -1.0 -1.0 1.833 1.383 4.682 748.244 0.773 1519.784 -0.8615417281384081 0.0
16.0 0.0 Car -1.0 -1.0 -1.0 -1.0 -1.0 -1.0 -1.0 1.717 1.569 3.911 797.063 0.88 1492.003 2.4483550879406812 0.0
16.0 11.0 Truck -1.0 -1.0 -1.0 -1.0 -1.0 -1.0 -1.0 2.263 2.113 5.895 825.453 1.228 1460.798 2.428800187077157 0.0
17.0 5.0 Truck -1.0 -1.0 -1.0 -1.0 -1.0 -1.0 -1.0 2.105 1.884 6.15 794.224 1.22 1490.643 2.457185407847512 0.0
17.0 13.0 Car -1.0 -1.0 -1.0 -1.0 -1.0 -1.0 -1.0 1.833 1.471 4.889 753.186 0.748 1515.02 -0.8642665648727053 0.0
17.0 7.0 Truck -1.0 -1.0 -1.0 -1.0 -1.0 -1.0 -1.0 2.509 3.035 7.429 734.093 1.737 1543.501 2.285378378529688 0.0
17.0 10.0 Car -1.0 -1.0 -1.0 -1.0 -1.0 -1.0 -1.0 1.833 1.383 4.682 748.303 0.769 1519.713 -0.863101558302783 0.0
17.0 0.0 Car -1.0 -1.0 -1.0 -1.0 -1.0 -1.0 -1.0 1.717 1.569 3.911 795.623 0.871 1493.199 2.4498075414035814 0.0
17.0 11.0 Truck -1.0 -1.0 -1.0 -1.0 -1.0 -1.0 -1.0 2.263 2.113 5.895 822.912 1.283 1463.084 2.428800187077157 0.0
18.0 5.0 Truck -1.0 -1.0 -1.0 -1.0 -1.0 -1.0 -1.0 2.105 1.884 6.15 791.992 1.192 1492.449 2.454406102584067 0.0
18.0 13.0 Car -1.0 -1.0 -1.0 -1.0 -1.0 -1.0 -1.0 1.833 1.471 4.889 753.376 0.748 1514.718 -0.8887044039308485 0.0
18.0 7.0 Truck -1.0 -1.0 -1.0 -1.0 -1.0 -1.0 -1.0 2.509 3.035 7.429 732.76 1.742 1545.363 2.161487025248608 0.0
18.0 10.0 Car -1.0 -1.0 -1.0 -1.0 -1.0 -1.0 -1.0 1.833 1.383 4.682 748.45 0.764 1519.539 -0.8646596242108018 0.0
18.0 0.0 Car -1.0 -1.0 -1.0 -1.0 -1.0 -1.0 -1.0 1.717 1.569 3.911 794.184 0.863 1494.393 2.451258352059263 0.0
18.0 11.0 Truck -1.0 -1.0 -1.0 -1.0 -1.0 -1.0 -1.0 2.263 2.113 5.895 820.373 1.338 1465.367 2.428800187077157 0.0
19.0 5.0 Truck -1.0 -1.0 -1.0 -1.0 -1.0 -1.0 -1.0 2.105 1.884 6.15 789.478 1.165 1494.54 2.4516235278833403 0.0
19.0 13.0 Car -1.0 -1.0 -1.0 -1.0 -1.0 -1.0 -1.0 1.833 1.471 4.889 753.715 0.748 1514.17 -0.9480676879599943 0.0
19.0 6.0 Car -1.0 -1.0 -1.0 -1.0 -1.0 -1.0 -1.0 1.805 1.796 4.507 804.958 0.97 1485.545 2.480391400661751 0.0
19.0 7.0 Truck -1.0 -1.0 -1.0 -1.0 -1.0 -1.0 -1.0 2.509 3.035 7.429 731.918 1.746 1547.472 2.0025645193304125 0.0
19.0 10.0 Car -1.0 -1.0 -1.0 -1.0 -1.0 -1.0 -1.0 1.833 1.383 4.682 748.598 0.759 1519.365 -0.8662195229505122 0.0
19.0 12.0 Car -1.0 -1.0 -1.0 -1.0 -1.0 -1.0 -1.0 1.982 1.757 4.87 722.185 1.407 1547.585 -0.6683110744257381 0.0
19.0 0.0 Car -1.0 -1.0 -1.0 -1.0 -1.0 -1.0 -1.0 1.717 1.569 3.911 792.743 0.855 1495.589 2.452710869376861 0.0
19.0 11.0 Truck -1.0 -1.0 -1.0 -1.0 -1.0 -1.0 -1.0 2.263 2.113 5.895 817.832 1.393 1467.653 2.428800187077157 0.0
19.0 9.0 Car -1.0 -1.0 -1.0 -1.0 -1.0 -1.0 -1.0 1.982 1.854 4.87 734.765 1.204 1532.364 -0.7630579490701157 0.0
20.0 5.0 Truck -1.0 -1.0 -1.0 -1.0 -1.0 -1.0 -1.0 2.105 1.884 6.15 786.967 1.137 1496.628 2.4488440168899985 0.0
20.0 13.0 Car -1.0 -1.0 -1.0 -1.0 -1.0 -1.0 -1.0 1.833 1.471 4.889 754.032 0.698 1513.61 -0.9724974593094354 0.0
20.0 6.0 Car -1.0 -1.0 -1.0 -1.0 -1.0 -1.0 -1.0 1.805 1.796 4.507 803.424 0.962 1486.726 2.477531494007419 0.0
20.0 7.0 Truck -1.0 -1.0 -1.0 -1.0 -1.0 -1.0 -1.0 2.509 3.035 7.429 731.721 1.75 1549.279 1.765226005456641 0.0
20.0 10.0 Car -1.0 -1.0 -1.0 -1.0 -1.0 -1.0 -1.0 1.833 1.383 4.682 748.87 0.754 1519.043 -0.867777704189777 0.0
20.0 12.0 Car -1.0 -1.0 -1.0 -1.0 -1.0 -1.0 -1.0 1.982 1.757 4.87 723.393 1.392 1546.795 -0.67080367748708 0.0
20.0 0.0 Car -1.0 -1.0 -1.0 -1.0 -1.0 -1.0 -1.0 1.717 1.569 3.911 790.487 0.842 1497.42 2.4679781346382947 0.0
20.0 11.0 Truck -1.0 -1.0 -1.0 -1.0 -1.0 -1.0 -1.0 2.263 2.113 5.895 815.294 1.448 1469.936 2.428800187077157 0.0
20.0 9.0 Car -1.0 -1.0 -1.0 -1.0 -1.0 -1.0 -1.0 1.982 1.854 4.87 734.765 1.204 1532.364 -0.7630579490701157 0.0
21.0 5.0 Truck -1.0 -1.0 -1.0 -1.0 -1.0 -1.0 -1.0 2.105 1.884 6.15 784.065 1.11 1499.041 2.446064567059599 0.0
21.0 13.0 Car -1.0 -1.0 -1.0 -1.0 -1.0 -1.0 -1.0 1.833 1.471 4.889 754.635 0.711 1512.632 -0.9899507518293786 0.0
21.0 6.0 Car -1.0 -1.0 -1.0 -1.0 -1.0 -1.0 -1.0 1.805 1.796 4.507 801.891 0.954 1487.908 2.4746716502851305 0.0
21.0 7.0 Truck -1.0 -1.0 -1.0 -1.0 -1.0 -1.0 -1.0 2.509 3.035 7.429 731.867 1.718 1551.235 1.5478600779377258 0.0
21.0 1.0 Car -1.0 -1.0 -1.0 -1.0 -1.0 -1.0 -1.0 1.924 1.757 4.659 816.133 1.083 1475.403 2.4832544596393378 0.0
21.0 10.0 Car -1.0 -1.0 -1.0 -1.0 -1.0 -1.0 -1.0 1.833 1.383 4.682 749.43 0.73 1518.383 -0.867777704189777 0.0
21.0 12.0 Car -1.0 -1.0 -1.0 -1.0 -1.0 -1.0 -1.0 1.982 1.757 4.87 724.601 1.377 1546.005 -0.6732962256988682 0.0
21.0 0.0 Car -1.0 -1.0 -1.0 -1.0 -1.0 -1.0 -1.0 1.717 1.569 3.911 788.195 0.836 1499.214 2.4860413551789207 0.0
21.0 11.0 Truck -1.0 -1.0 -1.0 -1.0 -1.0 -1.0 -1.0 2.263 2.113 5.895 812.097 1.426 1472.8 2.438358051081482 0.0
21.0 9.0 Car -1.0 -1.0 -1.0 -1.0 -1.0 -1.0 -1.0 1.982 1.854 4.87 734.765 1.204 1532.364 -0.7630579490701157 0.0
22.0 5.0 Truck -1.0 -1.0 -1.0 -1.0 -1.0 -1.0 -1.0 2.105 1.884 6.15 780.821 1.08 1501.755 2.444714366814077 1.0
22.0 13.0 Car -1.0 -1.0 -1.0 -1.0 -1.0 -1.0 -1.0 1.833 1.471 4.889 755.299 0.699 1511.647 -0.9843176868013438 0.0
22.0 6.0 Car -1.0 -1.0 -1.0 -1.0 -1.0 -1.0 -1.0 1.805 1.796 4.507 800.355 0.945 1489.09 2.471808694287253 1.0
22.0 7.0 Truck -1.0 -1.0 -1.0 -1.0 -1.0 -1.0 -1.0 2.509 3.035 7.429 732.431 1.686 1553.115 1.3302575980977995 0.0
22.0 1.0 Car -1.0 -1.0 -1.0 -1.0 -1.0 -1.0 -1.0 1.924 1.757 4.659 815.729 1.074 1475.704 2.4832544596393378 1.0
22.0 10.0 Car -1.0 -1.0 -1.0 -1.0 -1.0 -1.0 -1.0 1.833 1.383 4.682 750.181 0.706 1517.497 -0.867777704189777 1.0
22.0 12.0 Car -1.0 -1.0 -1.0 -1.0 -1.0 -1.0 -1.0 1.982 1.757 4.87 725.811 1.362 1545.214 -0.6757914864704003 1.0
22.0 0.0 Car -1.0 -1.0 -1.0 -1.0 -1.0 -1.0 -1.0 1.717 1.569 3.911 785.868 0.83 1500.968 2.5041242333392693 1.0
22.0 11.0 Truck -1.0 -1.0 -1.0 -1.0 -1.0 -1.0 -1.0 2.263 2.113 5.895 808.894 1.404 1475.664 2.447926316600616 1.0
22.0 9.0 Car -1.0 -1.0 -1.0 -1.0 -1.0 -1.0 -1.0 1.982 1.854 4.87 734.765 1.204 1532.364 -0.7630579490701157 1.0
23.0 8.0 Car -1.0 -1.0 -1.0 -1.0 -1.0 -1.0 -1.0 1.833 1.383 4.746 808.946 0.793 1482.419 2.500707752159279 0.0
23.0 5.0 Truck -1.0 -1.0 -1.0 -1.0 -1.0 -1.0 -1.0 2.105 1.884 6.15 777.119 1.048 1504.852 2.4432298807048136 1.0
23.0 13.0 Car -1.0 -1.0 -1.0 -1.0 -1.0 -1.0 -1.0 1.833 1.471 4.889 756.147 0.686 1510.387 -0.9781243782055026 0.0
23.0 6.0 Car -1.0 -1.0 -1.0 -1.0 -1.0 -1.0 -1.0 1.805 1.796 4.507 798.668 0.936 1490.391 2.468660999399491 1.0
23.0 7.0 Truck -1.0 -1.0 -1.0 -1.0 -1.0 -1.0 -1.0 2.509 3.035 7.429 733.429 1.65 1555.276 1.172172418665965 0.0
23.0 1.0 Car -1.0 -1.0 -1.0 -1.0 -1.0 -1.0 -1.0 1.924 1.757 4.659 815.284 1.065 1476.035 2.4832544596393378 1.0
23.0 10.0 Car -1.0 -1.0 -1.0 -1.0 -1.0 -1.0 -1.0 1.833 1.383 4.682 751.007 0.679 1516.522 -0.867777704189777 1.0
23.0 12.0 Car -1.0 -1.0 -1.0 -1.0 -1.0 -1.0 -1.0 1.982 1.757 4.87 727.999 1.339 1543.387 -0.6958033672625827 1.0
23.0 0.0 Car -1.0 -1.0 -1.0 -1.0 -1.0 -1.0 -1.0 1.717 1.569 3.911 783.001 0.766 1503.085 2.5032074635870294 1.0
23.0 11.0 Truck -1.0 -1.0 -1.0 -1.0 -1.0 -1.0 -1.0 2.263 2.113 5.895 805.371 1.38 1478.811 2.458446206002216 1.0
23.0 9.0 Car -1.0 -1.0 -1.0 -1.0 -1.0 -1.0 -1.0 1.982 1.854 4.87 734.765 1.204 1532.364 -0.7630579490701157 1.0
24.0 8.0 Car -1.0 -1.0 -1.0 -1.0 -1.0 -1.0 -1.0 1.833 1.383 4.746 807.352 0.787 1483.617 2.500707752159279 1.0
24.0 5.0 Truck -1.0 -1.0 -1.0 -1.0 -1.0 -1.0 -1.0 2.105 1.884 6.15 773.62 1.018 1507.867 2.4161236873613454 1.0
24.0 6.0 Car -1.0 -1.0 -1.0 -1.0 -1.0 -1.0 -1.0 1.805 1.796 4.507 797.134 0.927 1491.572 2.4658011671193925 1.0
24.0 7.0 Truck -1.0 -1.0 -1.0 -1.0 -1.0 -1.0 -1.0 2.509 3.035 7.429 734.395 1.618 1557.041 1.1194541822187392 0.0
24.0 1.0 Car -1.0 -1.0 -1.0 -1.0 -1.0 -1.0 -1.0 1.924 1.757 4.659 814.88 1.056 1476.336 2.4832544596393378 1.0
24.0 10.0 Car -1.0 -1.0 -1.0 -1.0 -1.0 -1.0 -1.0 1.833 1.383 4.682 751.849 0.654 1515.528 -0.867777704189777 1.0
24.0 12.0 Car -1.0 -1.0 -1.0 -1.0 -1.0 -1.0 -1.0 1.982 1.757 4.87 730.082 1.294 1541.616 -0.7277849995422284 1.0
24.0 0.0 Car -1.0 -1.0 -1.0 -1.0 -1.0 -1.0 -1.0 1.717 1.569 3.911 780.44 0.77 1504.977 2.506869672119205 1.0
24.0 11.0 Truck -1.0 -1.0 -1.0 -1.0 -1.0 -1.0 -1.0 2.263 2.113 5.895 802.168 1.358 1481.667 2.4680040317656773 0.0
24.0 9.0 Car -1.0 -1.0 -1.0 -1.0 -1.0 -1.0 -1.0 1.982 1.854 4.87 734.765 1.204 1532.364 -0.7630579490701157 1.0
25.0 8.0 Car -1.0 -1.0 -1.0 -1.0 -1.0 -1.0 -1.0 1.833 1.383 4.746 805.755 0.78 1484.817 2.500707752159279 1.0
25.0 5.0 Truck -1.0 -1.0 -1.0 -1.0 -1.0 -1.0 -1.0 2.105 1.884 6.15 770.113 0.989 1510.985 2.4064599725854103 1.0
25.0 2.0 Truck -1.0 -1.0 -1.0 -1.0 -1.0 -1.0 -1.0 2.553 2.496 7.519 836.79 1.873 1453.366 2.4867451182415334 0.0
25.0 6.0 Car -1.0 -1.0 -1.0 -1.0 -1.0 -1.0 -1.0 1.805 1.796 4.507 794.584 0.927 1493.582 2.474532751160062 1.0
25.0 1.0 Car -1.0 -1.0 -1.0 -1.0 -1.0 -1.0 -1.0 1.924 1.757 4.659 813.813 1.056 1477.149 2.4832544596393378 1.0
25.0 10.0 Car -1.0 -1.0 -1.0 -1.0 -1.0 -1.0 -1.0 1.833 1.383 4.682 752.958 0.654 1514.22 -0.867777704189777 1.0
25.0 12.0 Car -1.0 -1.0 -1.0 -1.0 -1.0 -1.0 -1.0 1.982 1.757 4.87 732.207 1.261 1539.681 -0.7317723561938717 1.0
25.0 0.0 Car -1.0 -1.0 -1.0 -1.0 -1.0 -1.0 -1.0 1.717 1.569 3.911 777.876 0.773 1506.87 2.5105359833506116 1.0
25.0 11.0 Truck -1.0 -1.0 -1.0 -1.0 -1.0 -1.0 -1.0 2.263 2.113 5.895 798.959 1.336 1484.525 2.4775725649708544 0.0
25.0 9.0 Car -1.0 -1.0 -1.0 -1.0 -1.0 -1.0 -1.0 1.982 1.854 4.87 734.765 1.204 1532.364 -0.7630579490701157 1.0
26.0 8.0 Car -1.0 -1.0 -1.0 -1.0 -1.0 -1.0 -1.0 1.833 1.383 4.746 803.664 0.773 1486.385 2.500707752159279 1.0
26.0 5.0 Truck -1.0 -1.0 -1.0 -1.0 -1.0 -1.0 -1.0 2.105 1.884 6.15 766.532 0.953 1514.202 2.4239132651053534 0.0
26.0 2.0 Truck -1.0 -1.0 -1.0 -1.0 -1.0 -1.0 -1.0 2.553 2.496 7.519 834.064 1.859 1455.442 2.4918588097868377 1.0
26.0 6.0 Car -1.0 -1.0 -1.0 -1.0 -1.0 -1.0 -1.0 1.805 1.796 4.507 792.036 0.927 1495.59 2.483254459639336 1.0
26.0 1.0 Car -1.0 -1.0 -1.0 -1.0 -1.0 -1.0 -1.0 1.924 1.757 4.659 812.747 1.056 1477.962 2.4832544596393378 1.0
26.0 10.0 Car -1.0 -1.0 -1.0 -1.0 -1.0 -1.0 -1.0 1.833 1.383 4.682 754.038 0.654 1512.945 -0.867777704189777 0.0
26.0 12.0 Car -1.0 -1.0 -1.0 -1.0 -1.0 -1.0 -1.0 1.982 1.757 4.87 734.33 1.228 1537.748 -0.7357552030812804 1.0
26.0 0.0 Car -1.0 -1.0 -1.0 -1.0 -1.0 -1.0 -1.0 1.717 1.569 3.911 775.315 0.776 1508.762 2.5141981479252955 1.0
26.0 11.0 Truck -1.0 -1.0 -1.0 -1.0 -1.0 -1.0 -1.0 2.263 2.113 5.895 795.753 1.314 1487.378 2.487130276011726 0.0
26.0 9.0 Car -1.0 -1.0 -1.0 -1.0 -1.0 -1.0 -1.0 1.982 1.854 4.87 734.852 1.219 1532.297 -0.7456046565501725 1.0
27.0 8.0 Car -1.0 -1.0 -1.0 -1.0 -1.0 -1.0 -1.0 1.833 1.383 4.746 800.963 0.765 1488.411 2.500707752159279 0.0
27.0 5.0 Truck -1.0 -1.0 -1.0 -1.0 -1.0 -1.0 -1.0 2.105 1.884 6.15 762.195 1.03 1518.029 2.4159903950553465 0.0
27.0 2.0 Truck -1.0 -1.0 -1.0 -1.0 -1.0 -1.0 -1.0 2.553 2.496 7.519 830.789 1.842 1457.937 2.49800263802303 0.0
27.0 6.0 Car -1.0 -1.0 -1.0 -1.0 -1.0 -1.0 -1.0 1.805 1.796 4.507 788.516 0.912 1498.348 2.4787150088585173 0.0
27.0 1.0 Car -1.0 -1.0 -1.0 -1.0 -1.0 -1.0 -1.0 1.924 1.757 4.659 810.811 1.027 1479.444 2.481641561070613 0.0
27.0 10.0 Car -1.0 -1.0 -1.0 -1.0 -1.0 -1.0 -1.0 1.833 1.383 4.682 754.939 0.654 1511.882 -0.867777704189777 0.0
27.0 12.0 Car -1.0 -1.0 -1.0 -1.0 -1.0 -1.0 -1.0 1.982 1.757 4.87 736.942 1.253 1535.325 -0.736040724874282 0.0
27.0 0.0 Car -1.0 -1.0 -1.0 -1.0 -1.0 -1.0 -1.0 1.717 1.569 3.911 771.964 0.78 1511.233 2.4941576823111835 0.0
27.0 11.0 Truck -1.0 -1.0 -1.0 -1.0 -1.0 -1.0 -1.0 2.263 2.113 5.895 791.901 1.287 1490.806 2.4986133571569304 0.0
27.0 9.0 Car -1.0 -1.0 -1.0 -1.0 -1.0 -1.0 -1.0 1.982 1.854 4.87 735.075 1.237 1532.107 -0.7106980715102865 0.0
28.0 8.0 Car -1.0 -1.0 -1.0 -1.0 -1.0 -1.0 -1.0 1.833 1.383 4.746 798.304 0.759 1490.403 2.500707752159279 0.0
28.0 5.0 Truck -1.0 -1.0 -1.0 -1.0 -1.0 -1.0 -1.0 2.105 1.884 6.15 758.247 0.988 1521.416 2.4443722675227666 0.0
28.0 2.0 Truck -1.0 -1.0 -1.0 -1.0 -1.0 -1.0 -1.0 2.553 2.496 7.519 828.546 1.828 1459.63 2.496644305811012 0.0
28.0 6.0 Car -1.0 -1.0 -1.0 -1.0 -1.0 -1.0 -1.0 1.805 1.796 4.507 785.59 0.9 1500.642 2.4749412539438445 0.0
28.0 1.0 Car -1.0 -1.0 -1.0 -1.0 -1.0 -1.0 -1.0 1.924 1.757 4.659 809.01 1.014 1480.994 2.479085732803929 0.0
28.0 10.0 Car -1.0 -1.0 -1.0 -1.0 -1.0 -1.0 -1.0 1.833 1.383 4.682 755.403 0.654 1511.334 -0.867777704189777 0.0
28.0 12.0 Car -1.0 -1.0 -1.0 -1.0 -1.0 -1.0 -1.0 1.982 1.757 4.87 739.177 1.232 1533.307 -0.7388228439203194 0.0
28.0 0.0 Car -1.0 -1.0 -1.0 -1.0 -1.0 -1.0 -1.0 1.717 1.569 3.911 769.317 0.78 1513.248 2.4887124512746124 0.0
28.0 11.0 Truck -1.0 -1.0 -1.0 -1.0 -1.0 -1.0 -1.0 2.263 2.113 5.895 788.726 1.237 1492.766 2.5160666496768735 0.0
28.0 9.0 Car -1.0 -1.0 -1.0 -1.0 -1.0 -1.0 -1.0 1.982 1.854 4.87 735.435 1.211 1531.982 -0.6583381939504572 0.0
29.0 8.0 Car -1.0 -1.0 -1.0 -1.0 -1.0 -1.0 -1.0 1.833 1.383 4.746 795.363 0.757 1492.67 2.479372742292676 0.0
29.0 5.0 Truck -1.0 -1.0 -1.0 -1.0 -1.0 -1.0 -1.0 2.105 1.884 6.15 754.551 0.986 1524.598 2.422422934899422 0.0
29.0 2.0 Truck -1.0 -1.0 -1.0 -1.0 -1.0 -1.0 -1.0 2.553 2.496 7.519 826.298 1.814 1461.327 2.4952827904223485 0.0
29.0 6.0 Car -1.0 -1.0 -1.0 -1.0 -1.0 -1.0 -1.0 1.805 1.796 4.507 782.414 0.888 1503.111 2.479100092301733 0.0
29.0 1.0 Car -1.0 -1.0 -1.0 -1.0 -1.0 -1.0 -1.0 1.924 1.757 4.659 807.205 1.002 1482.548 2.4765239150946203 0.0
29.0 10.0 Car -1.0 -1.0 -1.0 -1.0 -1.0 -1.0 -1.0 1.833 1.383 4.682 755.661 0.654 1511.031 -0.867777704189777 0.0
29.0 12.0 Car -1.0 -1.0 -1.0 -1.0 -1.0 -1.0 -1.0 1.982 1.757 4.87 741.417 1.212 1531.284 -0.7416114827089461 0.0
29.0 0.0 Car -1.0 -1.0 -1.0 -1.0 -1.0 -1.0 -1.0 1.717 1.569 3.911 766.672 0.78 1515.276 2.483254459639336 0.0
29.0 11.0 Truck -1.0 -1.0 -1.0 -1.0 -1.0 -1.0 -1.0 2.263 2.113 5.895 785.641 1.187 1494.309 2.6033331122765904 0.0
29.0 9.0 Car -1.0 -1.0 -1.0 -1.0 -1.0 -1.0 -1.0 1.982 1.854 4.87 735.807 1.235 1531.764 -0.623431608910571 0.0
30.0 8.0 Car -1.0 -1.0 -1.0 -1.0 -1.0 -1.0 -1.0 1.833 1.383 4.746 792.504 0.754 1494.874 2.484222184725866 0.0
30.0 5.0 Truck -1.0 -1.0 -1.0 -1.0 -1.0 -1.0 -1.0 2.105 1.884 6.15 750.954 1.058 1527.693 2.426658715012577 0.0
30.0 2.0 Truck -1.0 -1.0 -1.0 -1.0 -1.0 -1.0 -1.0 2.553 2.496 7.519 822.991 1.799 1463.904 2.4822868011239554 0.0
30.0 6.0 Car -1.0 -1.0 -1.0 -1.0 -1.0 -1.0 -1.0 1.805 1.796 4.507 779.242 0.876 1505.579 2.483254459639336 0.0
30.0 1.0 Car -1.0 -1.0 -1.0 -1.0 -1.0 -1.0 -1.0 1.924 1.757 4.659 805.401 0.989 1484.1 2.473964851505083 0.0
30.0 10.0 Car -1.0 -1.0 -1.0 -1.0 -1.0 -1.0 -1.0 1.833 1.383 4.682 755.769 0.654 1510.903 -0.867777704189777 0.0
30.0 12.0 Car -1.0 -1.0 -1.0 -1.0 -1.0 -1.0 -1.0 1.982 1.757 4.87 743.396 1.166 1529.478 -0.7443971235304675 0.0
30.0 0.0 Car -1.0 -1.0 -1.0 -1.0 -1.0 -1.0 -1.0 1.717 1.569 3.911 764.125 0.83 1517.3 2.4570734239388505 0.0
30.0 11.0 Truck -1.0 -1.0 -1.0 -1.0 -1.0 -1.0 -1.0 2.263 2.113 5.895 782.519 1.137 1495.772 2.646968045689487 0.0
30.0 9.0 Car -1.0 -1.0 -1.0 -1.0 -1.0 -1.0 -1.0 1.982 1.854 4.87 736.286 1.259 1531.47 -0.5885250238706847 0.0
31.0 8.0 Car -1.0 -1.0 -1.0 -1.0 -1.0 -1.0 -1.0 1.833 1.383 4.746 789.644 0.752 1497.079 2.489071248824609 0.0
31.0 5.0 Truck -1.0 -1.0 -1.0 -1.0 -1.0 -1.0 -1.0 2.105 1.884 6.15 747.357 1.131 1530.788 2.430894164666808 0.0
31.0 2.0 Truck -1.0 -1.0 -1.0 -1.0 -1.0 -1.0 -1.0 2.553 2.496 7.519 818.305 1.762 1467.601 2.4791029223193695 0.0
31.0 6.0 Car -1.0 -1.0 -1.0 -1.0 -1.0 -1.0 -1.0 1.805 1.796 4.507 776.201 0.926 1507.962 2.4658011671193925 0.0
31.0 1.0 Car -1.0 -1.0 -1.0 -1.0 -1.0 -1.0 -1.0 1.924 1.757 4.659 803.598 0.977 1485.651 2.4714059875636325 0.0
31.0 10.0 Car -1.0 -1.0 -1.0 -1.0 -1.0 -1.0 -1.0 1.833 1.383 4.682 755.814 0.654 1510.85 -0.867777704189777 0.0
31.0 12.0 Car -1.0 -1.0 -1.0 -1.0 -1.0 -1.0 -1.0 1.982 1.757 4.87 745.375 1.121 1527.671 -0.7471825470272359 0.0
31.0 0.0 Car -1.0 -1.0 -1.0 -1.0 -1.0 -1.0 -1.0 1.717 1.569 3.911 761.49 0.78 1519.473 2.4483477232998565 0.0
31.0 11.0 Truck -1.0 -1.0 -1.0 -1.0 -1.0 -1.0 -1.0 2.263 2.113 5.895 779.337 1.087 1497.098 2.690599574876307 0.0
31.0 9.0 Car -1.0 -1.0 -1.0 -1.0 -1.0 -1.0 -1.0 1.982 1.854 4.87 737.044 1.232 1531.109 -0.5361651463108554 0.0
32.0 8.0 Car -1.0 -1.0 -1.0 -1.0 -1.0 -1.0 -1.0 1.833 1.383 4.746 786.558 0.751 1499.47 2.4861636831020517 0.0
32.0 5.0 Truck -1.0 -1.0 -1.0 -1.0 -1.0 -1.0 -1.0 2.105 1.884 6.15 743.809 1.174 1533.844 2.4274047096374103 0.0
32.0 2.0 Truck -1.0 -1.0 -1.0 -1.0 -1.0 -1.0 -1.0 2.553 2.496 7.519 814.513 1.736 1470.619 2.4673380917291707 0.0
32.0 6.0 Car -1.0 -1.0 -1.0 -1.0 -1.0 -1.0 -1.0 1.805 1.796 4.507 773.015 0.921 1510.47 2.4689712919031708 0.0
32.0 1.0 Car -1.0 -1.0 -1.0 -1.0 -1.0 -1.0 -1.0 1.924 1.757 4.659 801.81 0.964 1487.222 2.46884705707282 0.0
32.0 10.0 Car -1.0 -1.0 -1.0 -1.0 -1.0 -1.0 -1.0 1.833 1.383 4.682 755.81 0.654 1510.855 -0.867777704189777 0.0
32.0 12.0 Car -1.0 -1.0 -1.0 -1.0 -1.0 -1.0 -1.0 1.982 1.757 4.87 747.291 1.1 1525.919 -0.7281513640302295 0.0
32.0 0.0 Car -1.0 -1.0 -1.0 -1.0 -1.0 -1.0 -1.0 1.717 1.569 3.911 758.935 0.78 1521.615 2.448347874599449 0.0
32.0 11.0 Truck -1.0 -1.0 -1.0 -1.0 -1.0 -1.0 -1.0 2.263 2.113 5.895 776.319 1.037 1497.957 2.8912552372338647 0.0
32.0 9.0 Car -1.0 -1.0 -1.0 -1.0 -1.0 -1.0 -1.0 1.982 1.854 4.87 738.029 1.256 1530.813 -0.39653880615131015 0.0
33.0 8.0 Car -1.0 -1.0 -1.0 -1.0 -1.0 -1.0 -1.0 1.833 1.383 4.746 783.471 0.749 1501.863 2.483254459639336 0.0
33.0 5.0 Truck -1.0 -1.0 -1.0 -1.0 -1.0 -1.0 -1.0 2.105 1.884 6.15 740.258 1.216 1536.901 2.4239132651053534 0.0
33.0 2.0 Truck -1.0 -1.0 -1.0 -1.0 -1.0 -1.0 -1.0 2.553 2.496 7.519 810.836 1.71 1473.784 2.449331824307734 0.0
33.0 6.0 Car -1.0 -1.0 -1.0 -1.0 -1.0 -1.0 -1.0 1.805 1.796 4.507 769.828 0.917 1512.979 2.472143224124395 0.0
33.0 1.0 Car -1.0 -1.0 -1.0 -1.0 -1.0 -1.0 -1.0 1.924 1.757 4.659 800.02 0.952 1488.794 2.4662866676152144 0.0
33.0 10.0 Car -1.0 -1.0 -1.0 -1.0 -1.0 -1.0 -1.0 1.833 1.383 4.682 755.806 0.654 1510.86 -0.867777704189777 0.0
33.0 12.0 Car -1.0 -1.0 -1.0 -1.0 -1.0 -1.0 -1.0 1.982 1.757 4.87 748.915 1.065 1524.486 -0.7248705825480924 0.0
33.0 0.0 Car -1.0 -1.0 -1.0 -1.0 -1.0 -1.0 -1.0 1.717 1.569 3.911 756.23 0.78 1523.86 2.448347874599449 0.0
33.0 11.0 Truck -1.0 -1.0 -1.0 -1.0 -1.0 -1.0 -1.0 2.263 2.113 5.895 773.189 0.987 1498.198 3.0920253028350033 0.0
33.0 9.0 Car -1.0 -1.0 -1.0 -1.0 -1.0 -1.0 -1.0 1.982 1.854 4.87 738.888 1.23 1530.436 -0.39653880615131015 0.0
34.0 8.0 Car -1.0 -1.0 -1.0 -1.0 -1.0 -1.0 -1.0 1.833 1.383 4.746 780.791 0.739 1503.921 2.4868214587469684 0.0
34.0 5.0 Truck -1.0 -1.0 -1.0 -1.0 -1.0 -1.0 -1.0 2.105 1.884 6.15 737.465 1.259 1539.352 2.4239132651053534 0.0
34.0 2.0 Truck -1.0 -1.0 -1.0 -1.0 -1.0 -1.0 -1.0 2.553 2.496 7.519 807.914 1.69 1476.338 2.4349288552445634 0.0
34.0 6.0 Car -1.0 -1.0 -1.0 -1.0 -1.0 -1.0 -1.0 1.805 1.796 4.507 767.278 0.914 1514.986 2.4746804096822625 0.0
34.0 1.0 Car -1.0 -1.0 -1.0 -1.0 -1.0 -1.0 -1.0 1.924 1.757 4.659 798.614 0.944 1490.058 2.4476917486700294 0.0
34.0 10.0 Car -1.0 -1.0 -1.0 -1.0 -1.0 -1.0 -1.0 1.833 1.383 4.682 755.853 0.654 1510.804 -0.867777704189777 0.0
34.0 12.0 Car -1.0 -1.0 -1.0 -1.0 -1.0 -1.0 -1.0 1.982 1.757 4.87 750.123 1.037 1523.419 -0.722246329942914 0.0
34.0 0.0 Car -1.0 -1.0 -1.0 -1.0 -1.0 -1.0 -1.0 1.717 1.569 3.911 754.066 0.78 1525.656 2.448347874599449 0.0
34.0 11.0 Truck -1.0 -1.0 -1.0 -1.0 -1.0 -1.0 -1.0 2.263 2.113 5.895 770.735 0.947 1498.044 -3.03598704560693 0.0
34.0 9.0 Car -1.0 -1.0 -1.0 -1.0 -1.0 -1.0 -1.0 1.982 1.854 4.87 740.233 1.209 1529.83 -0.41399209867125353 0.0
35.0 8.0 Car -1.0 -1.0 -1.0 -1.0 -1.0 -1.0 -1.0 1.833 1.383 4.746 777.443 0.728 1506.493 2.4912785225109007 0.0
35.0 5.0 Truck -1.0 -1.0 -1.0 -1.0 -1.0 -1.0 -1.0 2.105 1.884 6.15 733.959 1.312 1542.428 2.4239132651053534 0.0
35.0 2.0 Truck -1.0 -1.0 -1.0 -1.0 -1.0 -1.0 -1.0 2.553 2.496 7.519 804.263 1.664 1479.53 2.41693194816176 0.0
35.0 6.0 Car -1.0 -1.0 -1.0 -1.0 -1.0 -1.0 -1.0 1.805 1.796 4.507 764.093 0.909 1517.494 2.4778506930131856 0.0
35.0 1.0 Car -1.0 -1.0 -1.0 -1.0 -1.0 -1.0 -1.0 1.924 1.757 4.659 796.957 0.947 1491.641 2.3959879970396214 0.0
35.0 10.0 Car -1.0 -1.0 -1.0 -1.0 -1.0 -1.0 -1.0 1.833 1.383 4.682 755.911 0.654 1510.735 -0.867777704189777 0.0
35.0 12.0 Car -1.0 -1.0 -1.0 -1.0 -1.0 -1.0 -1.0 1.982 1.757 4.87 751.423 1.002 1522.272 -0.7189672539350398 0.0
35.0 0.0 Car -1.0 -1.0 -1.0 -1.0 -1.0 -1.0 -1.0 1.717 1.569 3.911 751.221 0.822 1528.02 2.444635357443863 0.0
35.0 11.0 Truck -1.0 -1.0 -1.0 -1.0 -1.0 -1.0 -1.0 2.263 2.113 5.895 767.749 0.897 1497.323 -2.842094153945717 0.0
35.0 9.0 Car -1.0 -1.0 -1.0 -1.0 -1.0 -1.0 -1.0 1.982 1.854 4.87 741.922 1.182 1528.863 -0.5136944919379887 0.0
36.0 8.0 Car -1.0 -1.0 -1.0 -1.0 -1.0 -1.0 -1.0 1.833 1.383 4.746 774.438 0.717 1508.822 2.4778382778486936 0.0
36.0 5.0 Truck -1.0 -1.0 -1.0 -1.0 -1.0 -1.0 -1.0 2.105 1.884 6.15 730.648 1.36 1545.333 2.4239132651053534 0.0
36.0 2.0 Truck -1.0 -1.0 -1.0 -1.0 -1.0 -1.0 -1.0 2.553 2.496 7.519 800.705 1.645 1482.757 2.4148577089643064 0.0
36.0 6.0 Car -1.0 -1.0 -1.0 -1.0 -1.0 -1.0 -1.0 1.805 1.796 4.507 761.249 0.905 1519.781 2.4591172819330156 0.0
36.0 1.0 Car -1.0 -1.0 -1.0 -1.0 -1.0 -1.0 -1.0 1.924 1.757 4.659 795.819 0.972 1492.964 2.256361656880075 0.0
36.0 10.0 Car -1.0 -1.0 -1.0 -1.0 -1.0 -1.0 -1.0 1.833 1.383 4.682 756.072 0.645 1510.545 -0.867777704189777 0.0
36.0 12.0 Car -1.0 -1.0 -1.0 -1.0 -1.0 -1.0 -1.0 1.982 1.757 4.87 752.362 0.98 1521.425 -0.7106980715102865 0.0
36.0 0.0 Car -1.0 -1.0 -1.0 -1.0 -1.0 -1.0 -1.0 1.717 1.569 3.911 748.542 0.861 1530.248 2.441292683924449 0.0
36.0 9.0 Car -1.0 -1.0 -1.0 -1.0 -1.0 -1.0 -1.0 1.982 1.854 4.87 743.354 1.159 1527.853 -0.6034644608910998 0.0
37.0 8.0 Car -1.0 -1.0 -1.0 -1.0 -1.0 -1.0 -1.0 1.833 1.383 4.746 771.189 0.705 1511.35 2.471823109884007 0.0
37.0 5.0 Truck -1.0 -1.0 -1.0 -1.0 -1.0 -1.0 -1.0 2.105 1.884 6.15 726.97 1.413 1548.559 2.4239132651053534 0.0
37.0 2.0 Truck -1.0 -1.0 -1.0 -1.0 -1.0 -1.0 -1.0 2.553 2.496 7.519 796.753 1.623 1486.339 2.412554075583097 0.0
37.0 6.0 Car -1.0 -1.0 -1.0 -1.0 -1.0 -1.0 -1.0 1.805 1.796 4.507 758.254 0.884 1522.186 2.4691475052860037 0.0
37.0 1.0 Car -1.0 -1.0 -1.0 -1.0 -1.0 -1.0 -1.0 1.924 1.757 4.659 795.034 0.945 1494.525 2.1167353167205283 0.0
37.0 10.0 Car -1.0 -1.0 -1.0 -1.0 -1.0 -1.0 -1.0 1.833 1.383 4.682 756.294 0.634 1510.283 -0.867777704189777 0.0
37.0 12.0 Car -1.0 -1.0 -1.0 -1.0 -1.0 -1.0 -1.0 1.982 1.757 4.87 753.131 0.972 1520.764 -0.7106980715102865 0.0
37.0 0.0 Car -1.0 -1.0 -1.0 -1.0 -1.0 -1.0 -1.0 1.717 1.569 3.911 745.442 0.903 1532.88 2.4375803375801803 0.0
37.0 9.0 Car -1.0 -1.0 -1.0 -1.0 -1.0 -1.0 -1.0 1.982 1.854 4.87 744.831 1.132 1526.585 -0.7031622668935938 0.0
38.0 8.0 Car -1.0 -1.0 -1.0 -1.0 -1.0 -1.0 -1.0 1.833 1.383 4.746 767.994 0.694 1513.898 2.465801167119393 0.0
38.0 2.0 Truck -1.0 -1.0 -1.0 -1.0 -1.0 -1.0 -1.0 2.553 2.496 7.519 792.797 1.602 1489.926 2.410247847651685 0.0
38.0 6.0 Car -1.0 -1.0 -1.0 -1.0 -1.0 -1.0 -1.0 1.805 1.796 4.507 755.306 0.862 1524.551 2.4617160756195995 0.0
38.0 1.0 Car -1.0 -1.0 -1.0 -1.0 -1.0 -1.0 -1.0 1.924 1.757 4.659 794.614 0.917 1496.258 1.874183664354279 0.0
38.0 12.0 Car -1.0 -1.0 -1.0 -1.0 -1.0 -1.0 -1.0 1.982 1.757 4.87 753.748 0.964 1520.233 -0.7106980715102865 0.0
38.0 0.0 Car -1.0 -1.0 -1.0 -1.0 -1.0 -1.0 -1.0 1.717 1.569 3.911 742.459 0.946 1535.419 2.4338638100719123 0.0
38.0 9.0 Car -1.0 -1.0 -1.0 -1.0 -1.0 -1.0 -1.0 1.982 1.854 4.87 746.176 1.106 1525.175 -0.8029723611468625 0.0
