0.0 3.0 Car -1.0 -1.0 -1.0 -1.0 -1.0 -1.0 -1.0 2.038 1.911 4.519 854.221 1.613 1755.475 2.3262446402250676 0.0
0.0 2.0 Car -1.0 -1.0 -1.0 -1.0 -1.0 -1.0 -1.0 1.759 1.497 4.381 885.126 0.368 1731.83 2.266118047505562 0.0
0.0 0.0 Car -1.0 -1.0 -1.0 -1.0 -1.0 -1.0 -1.0 1.947 1.637 4.103 874.955 0.585 1732.868 2.3087913477051245 0.0
1.0 3.0 Car -1.0 -1.0 -1.0 -1.0 -1.0 -1.0 -1.0 2.038 1.911 4.519 849.74 1.931 1759.96 2.3128134582685145 1.0
1.0 2.0 Car -1.0 -1.0 -1.0 -1.0 -1.0 -1.0 -1.0 1.759 1.497 4.381 884.678 0.378 1732.22 2.2312114624656747 1.0
1.0 0.0 Car -1.0 -1.0 -1.0 -1.0 -1.0 -1.0 -1.0 1.947 1.637 4.103 870.506 0.767 1737.51 2.3087913477051245 1.0
2.0 3.0 Car -1.0 -1.0 -1.0 -1.0 -1.0 -1.0 -1.0 2.038 1.911 4.519 845.286 2.25 1764.474 2.2993815784808644 1.0
2.0 2.0 Car -1.0 -1.0 -1.0 -1.0 -1.0 -1.0 -1.0 1.759 1.497 4.381 884.133 0.465 1732.831 2.207805641845277 1.0
2.0 4.0 Car -1.0 -1.0 -1.0 -1.0 -1.0 -1.0 -1.0 1.945 1.693 4.021 987.859 2.879 1647.869 2.6376113787174864 0.0
2.0 0.0 Car -1.0 -1.0 -1.0 -1.0 -1.0 -1.0 -1.0 1.947 1.637 4.103 866.057 0.949 1742.152 2.3087913477051245 1.0
3.0 3.0 Car -1.0 -1.0 -1.0 -1.0 -1.0 -1.0 -1.0 2.038 1.911 4.519 841.295 2.536 1768.548 2.2873010217721865 1.0
3.0 2.0 Car -1.0 -1.0 -1.0 -1.0 -1.0 -1.0 -1.0 1.759 1.497 4.381 883.643 0.543 1733.381 2.1867545791654406 1.0
3.0 4.0 Car -1.0 -1.0 -1.0 -1.0 -1.0 -1.0 -1.0 1.945 1.693 4.021 981.589 2.714 1651.414 2.6213629105070293 1.0
3.0 0.0 Car -1.0 -1.0 -1.0 -1.0 -1.0 -1.0 -1.0 1.947 1.637 4.103 862.048 1.202 1746.32 2.2991728186804252 1.0
4.0 3.0 Car -1.0 -1.0 -1.0 -1.0 -1.0 -1.0 -1.0 2.038 1.911 4.519 836.863 2.855 1773.072 2.273884762665238 1.0
4.0 2.0 Car -1.0 -1.0 -1.0 -1.0 -1.0 -1.0 -1.0 1.759 1.497 4.381 883.099 0.63 1733.992 2.163375978476746 1.0
4.0 4.0 Car -1.0 -1.0 -1.0 -1.0 -1.0 -1.0 -1.0 1.945 1.693 4.021 974.627 2.53 1655.352 2.6033179093651597 1.0
4.0 0.0 Car -1.0 -1.0 -1.0 -1.0 -1.0 -1.0 -1.0 1.947 1.637 4.103 857.601 1.484 1750.955 2.2884908045369565 1.0
5.0 3.0 Car -1.0 -1.0 -1.0 -1.0 -1.0 -1.0 -1.0 2.038 1.911 4.519 832.403 3.075 1777.58 2.273884762665238 1.0
5.0 2.0 Car -1.0 -1.0 -1.0 -1.0 -1.0 -1.0 -1.0 1.759 1.497 4.381 882.554 0.717 1734.604 2.1399696433902853 0.0
5.0 4.0 Car -1.0 -1.0 -1.0 -1.0 -1.0 -1.0 -1.0 1.945 1.693 4.021 967.657 2.347 1659.295 2.5852515011576562 1.0
5.0 0.0 Car -1.0 -1.0 -1.0 -1.0 -1.0 -1.0 -1.0 1.947 1.637 4.103 853.154 1.765 1755.599 2.277796118153898 1.0
6.0 1.0 Truck -1.0 -1.0 -1.0 -1.0 -1.0 -1.0 -1.0 3.111 3.197 6.132 705.585 4.974 1901.626 2.430964395344728 0.0
6.0 3.0 Car -1.0 -1.0 -1.0 -1.0 -1.0 -1.0 -1.0 2.038 1.911 4.519 827.948 3.295 1782.082 2.273884762665238 1.0
6.0 2.0 Car -1.0 -1.0 -1.0 -1.0 -1.0 -1.0 -1.0 1.759 1.497 4.381 882.38 0.667 1734.915 2.116591089471233 0.0
6.0 4.0 Car -1.0 -1.0 -1.0 -1.0 -1.0 -1.0 -1.0 1.945 1.693 4.021 960.621 2.111 1663.527 2.5634321300736715 1.0
6.0 0.0 Car -1.0 -1.0 -1.0 -1.0 -1.0 -1.0 -1.0 1.947 1.637 4.103 848.714 2.047 1760.24 2.267114125380142 1.0
7.0 1.0 Truck -1.0 -1.0 -1.0 -1.0 -1.0 -1.0 -1.0 3.111 3.197 6.132 705.109 4.874 1901.217 2.430964395344728 0.0
7.0 3.0 Car -1.0 -1.0 -1.0 -1.0 -1.0 -1.0 -1.0 2.038 1.911 4.519 823.494 3.515 1786.585 2.273884762665238 1.0
7.0 2.0 Car -1.0 -1.0 -1.0 -1.0 -1.0 -1.0 -1.0 1.759 1.497 4.381 882.205 0.617 1735.226 2.0932110856932757 0.0
7.0 4.0 Car -1.0 -1.0 -1.0 -1.0 -1.0 -1.0 -1.0 1.945 1.693 4.021 953.728 1.876 1667.987 2.541611405826032 1.0
7.0 0.0 Car -1.0 -1.0 -1.0 -1.0 -1.0 -1.0 -1.0 1.947 1.637 4.103 844.274 2.328 1764.881 2.2564314701452943 1.0
8.0 1.0 Truck -1.0 -1.0 -1.0 -1.0 -1.0 -1.0 -1.0 3.111 3.197 6.132 704.634 4.774 1900.809 2.430964395344728 0.0
8.0 3.0 Car -1.0 -1.0 -1.0 -1.0 -1.0 -1.0 -1.0 2.038 1.911 4.519 819.044 3.735 1791.083 2.273884762665238 1.0
8.0 2.0 Car -1.0 -1.0 -1.0 -1.0 -1.0 -1.0 -1.0 1.759 1.497 4.381 882.031 0.567 1735.536 2.069859658166643 0.0
8.0 4.0 Car -1.0 -1.0 -1.0 -1.0 -1.0 -1.0 -1.0 1.945 1.693 4.021 946.844 1.641 1672.441 2.5198173519975287 1.0
8.0 0.0 Car -1.0 -1.0 -1.0 -1.0 -1.0 -1.0 -1.0 1.947 1.637 4.103 839.799 2.36 1769.49 2.2564314701452943 1.0
9.0 1.0 Truck -1.0 -1.0 -1.0 -1.0 -1.0 -1.0 -1.0 3.111 3.197 6.132 704.159 4.674 1900.4 2.430964395344728 1.0
9.0 3.0 Car -1.0 -1.0 -1.0 -1.0 -1.0 -1.0 -1.0 2.038 1.911 4.519 814.704 3.655 1795.379 2.273884762665238 1.0
9.0 2.0 Car -1.0 -1.0 -1.0 -1.0 -1.0 -1.0 -1.0 1.759 1.497 4.381 881.857 0.517 1735.847 2.0465053309221997 0.0
9.0 4.0 Car -1.0 -1.0 -1.0 -1.0 -1.0 -1.0 -1.0 1.945 1.693 4.021 939.99 1.406 1676.926 2.498020591841716 1.0
9.0 0.0 Car -1.0 -1.0 -1.0 -1.0 -1.0 -1.0 -1.0 1.947 1.637 4.103 835.323 2.391 1774.1 2.2564314701452943 1.0
10.0 1.0 Truck -1.0 -1.0 -1.0 -1.0 -1.0 -1.0 -1.0 3.111 3.197 6.132 703.683 4.574 1899.991 2.430964395344728 1.0
10.0 3.0 Car -1.0 -1.0 -1.0 -1.0 -1.0 -1.0 -1.0 2.038 1.911 4.519 810.36 3.575 1799.679 2.273884762665238 1.0
10.0 2.0 Car -1.0 -1.0 -1.0 -1.0 -1.0 -1.0 -1.0 1.759 1.497 4.381 881.683 0.467 1736.158 2.023127665626348 0.0
10.0 4.0 Car -1.0 -1.0 -1.0 -1.0 -1.0 -1.0 -1.0 1.945 1.693 4.021 933.228 1.171 1681.564 2.4762020501161004 1.0
10.0 0.0 Car -1.0 -1.0 -1.0 -1.0 -1.0 -1.0 -1.0 1.947 1.637 4.103 830.842 2.423 1778.715 2.2564314701452943 1.0
11.0 1.0 Truck -1.0 -1.0 -1.0 -1.0 -1.0 -1.0 -1.0 3.111 3.197 6.132 703.207 4.475 1899.582 2.430964395344728 1.0
11.0 3.0 Car -1.0 -1.0 -1.0 -1.0 -1.0 -1.0 -1.0 2.038 1.911 4.519 806.189 3.57 1803.8 2.273884762665238 1.0
11.0 2.0 Car -1.0 -1.0 -1.0 -1.0 -1.0 -1.0 -1.0 1.759 1.497 4.381 881.617 0.349 1736.448 1.9892620695916394 0.0
11.0 4.0 Car -1.0 -1.0 -1.0 -1.0 -1.0 -1.0 -1.0 1.945 1.693 4.021 926.569 0.936 1686.349 2.4543820679259487 1.0
11.0 0.0 Car -1.0 -1.0 -1.0 -1.0 -1.0 -1.0 -1.0 1.947 1.637 4.103 826.362 2.455 1783.329 2.2564314701452943 1.0
12.0 1.0 Truck -1.0 -1.0 -1.0 -1.0 -1.0 -1.0 -1.0 3.111 3.197 6.132 702.731 4.375 1899.172 2.430964395344728 0.0
12.0 3.0 Car -1.0 -1.0 -1.0 -1.0 -1.0 -1.0 -1.0 2.038 1.911 4.519 802.012 3.565 1807.925 2.2738847626652383 1.0
12.0 2.0 Car -1.0 -1.0 -1.0 -1.0 -1.0 -1.0 -1.0 1.759 1.497 4.381 881.562 0.23 1736.742 1.9553594834484362 0.0
12.0 4.0 Car -1.0 -1.0 -1.0 -1.0 -1.0 -1.0 -1.0 1.945 1.693 4.021 920.064 0.7 1691.354 2.4325382525952914 1.0
12.0 0.0 Car -1.0 -1.0 -1.0 -1.0 -1.0 -1.0 -1.0 1.947 1.637 4.103 821.876 2.486 1787.949 2.2564314701452948 1.0
13.0 1.0 Truck -1.0 -1.0 -1.0 -1.0 -1.0 -1.0 -1.0 3.111 3.197 6.132 702.255 4.275 1898.763 2.430964395344728 0.0
13.0 3.0 Car -1.0 -1.0 -1.0 -1.0 -1.0 -1.0 -1.0 2.038 1.911 4.519 798.077 3.406 1811.653 2.280728169164524 1.0
13.0 2.0 Car -1.0 -1.0 -1.0 -1.0 -1.0 -1.0 -1.0 1.759 1.497 4.381 881.516 0.112 1737.036 1.9214943616458884 0.0
13.0 4.0 Car -1.0 -1.0 -1.0 -1.0 -1.0 -1.0 -1.0 1.945 1.693 4.021 913.565 0.465 1696.354 2.4107185759582235 1.0
13.0 0.0 Car -1.0 -1.0 -1.0 -1.0 -1.0 -1.0 -1.0 1.947 1.637 4.103 817.396 2.518 1792.564 2.2564314701452948 1.0
14.0 1.0 Truck -1.0 -1.0 -1.0 -1.0 -1.0 -1.0 -1.0 3.111 3.197 6.132 701.78 4.175 1898.354 2.430964395344728 0.0
14.0 3.0 Car -1.0 -1.0 -1.0 -1.0 -1.0 -1.0 -1.0 2.038 1.911 4.519 794.141 3.248 1815.381 2.2875718905404874 1.0
14.0 2.0 Car -1.0 -1.0 -1.0 -1.0 -1.0 -1.0 -1.0 1.759 1.497 4.381 881.388 -0.006 1738.212 1.741646212395907 0.0
14.0 4.0 Car -1.0 -1.0 -1.0 -1.0 -1.0 -1.0 -1.0 1.945 1.693 4.021 907.192 0.199 1701.877 2.3994605550371904 1.0
14.0 0.0 Car -1.0 -1.0 -1.0 -1.0 -1.0 -1.0 -1.0 1.947 1.637 4.103 812.915 2.549 1797.179 2.2564314701452948 1.0
15.0 1.0 Truck -1.0 -1.0 -1.0 -1.0 -1.0 -1.0 -1.0 3.111 3.197 6.132 701.256 4.065 1897.904 2.430964395344728 0.0
15.0 3.0 Car -1.0 -1.0 -1.0 -1.0 -1.0 -1.0 -1.0 2.038 1.911 4.519 789.809 3.073 1819.484 2.295104206139585 1.0
15.0 2.0 Car -1.0 -1.0 -1.0 -1.0 -1.0 -1.0 -1.0 1.759 1.497 4.381 881.492 -0.136 1739.509 1.5437022948041592 0.0
15.0 4.0 Car -1.0 -1.0 -1.0 -1.0 -1.0 -1.0 -1.0 1.945 1.693 4.021 900.177 -0.095 1707.955 2.3870697866321082 1.0
15.0 0.0 Car -1.0 -1.0 -1.0 -1.0 -1.0 -1.0 -1.0 1.947 1.637 4.103 808.056 2.433 1801.997 2.2677299568376714 1.0
16.0 1.0 Truck -1.0 -1.0 -1.0 -1.0 -1.0 -1.0 -1.0 3.111 3.197 6.132 700.78 3.965 1897.495 2.430964395344728 0.0
16.0 3.0 Car -1.0 -1.0 -1.0 -1.0 -1.0 -1.0 -1.0 2.038 1.911 4.519 785.873 2.915 1823.211 2.3019477906126453 1.0
16.0 2.0 Car -1.0 -1.0 -1.0 -1.0 -1.0 -1.0 -1.0 1.759 1.497 4.381 881.806 -0.254 1740.648 1.363857743265487 0.0
16.0 4.0 Car -1.0 -1.0 -1.0 -1.0 -1.0 -1.0 -1.0 1.945 1.693 4.021 893.804 -0.361 1713.478 2.375811990918337 1.0
16.0 0.0 Car -1.0 -1.0 -1.0 -1.0 -1.0 -1.0 -1.0 1.947 1.637 4.103 803.641 2.327 1806.375 2.277995345625454 1.0
17.0 1.0 Truck -1.0 -1.0 -1.0 -1.0 -1.0 -1.0 -1.0 3.111 3.197 6.132 700.304 3.865 1897.086 2.430964395344728 0.0
17.0 3.0 Car -1.0 -1.0 -1.0 -1.0 -1.0 -1.0 -1.0 2.038 1.911 4.519 781.938 2.757 1826.939 2.3087913477051245 1.0
17.0 4.0 Car -1.0 -1.0 -1.0 -1.0 -1.0 -1.0 -1.0 1.945 1.693 4.021 887.846 -0.562 1719.419 2.369994218986193 1.0
17.0 0.0 Car -1.0 -1.0 -1.0 -1.0 -1.0 -1.0 -1.0 1.947 1.637 4.103 799.226 2.222 1810.752 2.288260693342317 1.0
18.0 1.0 Truck -1.0 -1.0 -1.0 -1.0 -1.0 -1.0 -1.0 3.111 3.197 6.132 700.233 3.765 1897.147 2.430964395344728 0.0
18.0 3.0 Car -1.0 -1.0 -1.0 -1.0 -1.0 -1.0 -1.0 2.038 1.911 4.519 778.475 2.627 1830.052 2.3157694762367234 1.0
18.0 4.0 Car -1.0 -1.0 -1.0 -1.0 -1.0 -1.0 -1.0 1.945 1.693 4.021 881.888 -0.763 1725.36 2.364176679818928 1.0
18.0 0.0 Car -1.0 -1.0 -1.0 -1.0 -1.0 -1.0 -1.0 1.947 1.637 4.103 794.812 2.116 1815.13 2.298525630349987 1.0
19.0 1.0 Truck -1.0 -1.0 -1.0 -1.0 -1.0 -1.0 -1.0 3.111 3.197 6.132 700.162 3.665 1897.208 2.430964395344728 0.0
19.0 3.0 Car -1.0 -1.0 -1.0 -1.0 -1.0 -1.0 -1.0 2.038 1.911 4.519 775.013 2.497 1833.165 2.3227481352503814 1.0
19.0 4.0 Car -1.0 -1.0 -1.0 -1.0 -1.0 -1.0 -1.0 1.945 1.693 4.021 875.93 -0.964 1731.301 2.3583586983983933 1.0
19.0 0.0 Car -1.0 -1.0 -1.0 -1.0 -1.0 -1.0 -1.0 1.947 1.637 4.103 790.397 2.01 1819.507 2.3087913477051245 1.0
20.0 1.0 Truck -1.0 -1.0 -1.0 -1.0 -1.0 -1.0 -1.0 3.111 3.197 6.132 700.091 3.565 1897.269 2.430964395344728 0.0
20.0 3.0 Car -1.0 -1.0 -1.0 -1.0 -1.0 -1.0 -1.0 2.038 1.911 4.519 771.547 2.367 1836.282 2.3297338720115177 1.0
20.0 4.0 Car -1.0 -1.0 -1.0 -1.0 -1.0 -1.0 -1.0 1.945 1.693 4.021 869.92 -0.878 1737.724 2.323452113358507 1.0
20.0 0.0 Car -1.0 -1.0 -1.0 -1.0 -1.0 -1.0 -1.0 1.947 1.637 4.103 786.374 1.905 1823.358 2.3087913477051245 1.0
21.0 1.0 Truck -1.0 -1.0 -1.0 -1.0 -1.0 -1.0 -1.0 3.111 3.197 6.132 700.02 3.465 1897.33 2.430964395344728 0.0
21.0 3.0 Car -1.0 -1.0 -1.0 -1.0 -1.0 -1.0 -1.0 2.038 1.911 4.519 768.085 2.237 1839.394 2.336712126183604 1.0
21.0 4.0 Car -1.0 -1.0 -1.0 -1.0 -1.0 -1.0 -1.0 1.945 1.693 4.021 863.917 -0.793 1744.141 2.3278117538367153 1.0
21.0 0.0 Car -1.0 -1.0 -1.0 -1.0 -1.0 -1.0 -1.0 1.947 1.637 4.103 782.355 1.799 1827.205 2.3087913477051245 1.0
22.0 1.0 Truck -1.0 -1.0 -1.0 -1.0 -1.0 -1.0 -1.0 3.111 3.197 6.132 699.949 3.365 1897.391 2.430964395344728 0.0
22.0 3.0 Car -1.0 -1.0 -1.0 -1.0 -1.0 -1.0 -1.0 2.038 1.911 4.519 764.619 2.107 1842.511 2.343697932745011 1.0
22.0 4.0 Car -1.0 -1.0 -1.0 -1.0 -1.0 -1.0 -1.0 1.945 1.693 4.021 857.908 -0.707 1750.564 2.332176112644377 1.0
22.0 0.0 Car -1.0 -1.0 -1.0 -1.0 -1.0 -1.0 -1.0 1.947 1.637 4.103 778.332 1.693 1831.055 2.3087913477051245 1.0
23.0 1.0 Truck -1.0 -1.0 -1.0 -1.0 -1.0 -1.0 -1.0 3.111 3.197 6.132 699.878 3.265 1897.453 2.430964395344728 0.0
23.0 3.0 Car -1.0 -1.0 -1.0 -1.0 -1.0 -1.0 -1.0 2.038 1.911 4.519 761.465 1.987 1845.182 2.34719086113838 1.0
23.0 4.0 Car -1.0 -1.0 -1.0 -1.0 -1.0 -1.0 -1.0 1.945 1.693 4.021 851.898 -0.622 1756.988 2.3365405325025117 1.0
23.0 0.0 Car -1.0 -1.0 -1.0 -1.0 -1.0 -1.0 -1.0 1.947 1.637 4.103 774.929 1.588 1834.144 2.3087913477051245 1.0
24.0 1.0 Truck -1.0 -1.0 -1.0 -1.0 -1.0 -1.0 -1.0 3.111 3.197 6.132 699.807 3.165 1897.514 2.430964395344728 1.0
24.0 3.0 Car -1.0 -1.0 -1.0 -1.0 -1.0 -1.0 -1.0 2.038 1.911 4.519 758.311 1.867 1847.853 2.3506841524906905 1.0
24.0 4.0 Car -1.0 -1.0 -1.0 -1.0 -1.0 -1.0 -1.0 1.945 1.693 4.021 845.888 -0.536 1763.412 2.34090540587845 1.0
24.0 0.0 Car -1.0 -1.0 -1.0 -1.0 -1.0 -1.0 -1.0 1.947 1.637 4.103 771.526 1.482 1837.232 2.3087913477051245 1.0
25.0 1.0 Truck -1.0 -1.0 -1.0 -1.0 -1.0 -1.0 -1.0 3.111 3.197 6.132 699.736 3.065 1897.575 2.430964395344728 1.0
25.0 3.0 Car -1.0 -1.0 -1.0 -1.0 -1.0 -1.0 -1.0 2.038 1.911 4.519 755.158 1.746 1850.524 2.354177032024202 1.0
25.0 4.0 Car -1.0 -1.0 -1.0 -1.0 -1.0 -1.0 -1.0 1.945 1.693 4.021 840.445 -0.401 1769.092 2.3496415579372125 1.0
25.0 0.0 Car -1.0 -1.0 -1.0 -1.0 -1.0 -1.0 -1.0 1.947 1.637 4.103 768.123 1.376 1840.321 2.3087913477051245 1.0
26.0 1.0 Truck -1.0 -1.0 -1.0 -1.0 -1.0 -1.0 -1.0 3.111 3.197 6.132 699.665 2.965 1897.636 2.430964395344728 1.0
26.0 3.0 Car -1.0 -1.0 -1.0 -1.0 -1.0 -1.0 -1.0 2.038 1.911 4.519 752.008 1.627 1853.192 2.357666086528868 1.0
26.0 4.0 Car -1.0 -1.0 -1.0 -1.0 -1.0 -1.0 -1.0 1.945 1.693 4.021 835.007 -0.265 1774.767 2.3583681430947125 1.0
26.0 0.0 Car -1.0 -1.0 -1.0 -1.0 -1.0 -1.0 -1.0 1.947 1.637 4.103 764.724 1.27 1843.406 2.3087913477051245 1.0
27.0 1.0 Truck -1.0 -1.0 -1.0 -1.0 -1.0 -1.0 -1.0 3.111 3.197 6.132 699.594 2.866 1897.697 2.430964395344728 0.0
27.0 3.0 Car -1.0 -1.0 -1.0 -1.0 -1.0 -1.0 -1.0 2.038 1.911 4.519 748.862 1.507 1855.857 2.3611512252649547 0.0
27.0 4.0 Car -1.0 -1.0 -1.0 -1.0 -1.0 -1.0 -1.0 1.945 1.693 4.021 829.576 -0.13 1780.435 2.367084934398913 0.0
27.0 0.0 Car -1.0 -1.0 -1.0 -1.0 -1.0 -1.0 -1.0 1.947 1.637 4.103 761.466 1.195 1846.134 2.3287152627526773 0.0
28.0 1.0 Truck -1.0 -1.0 -1.0 -1.0 -1.0 -1.0 -1.0 3.111 3.197 6.132 699.523 2.766 1897.758 2.430964395344728 0.0
28.0 3.0 Car -1.0 -1.0 -1.0 -1.0 -1.0 -1.0 -1.0 2.038 1.911 4.519 745.305 1.477 1858.466 2.3855865875631266 0.0
28.0 4.0 Car -1.0 -1.0 -1.0 -1.0 -1.0 -1.0 -1.0 1.945 1.693 4.021 824.138 0.005 1786.11 2.375811990918337 0.0
28.0 0.0 Car -1.0 -1.0 -1.0 -1.0 -1.0 -1.0 -1.0 1.947 1.637 4.103 758.205 1.12 1848.865 2.3486626409380875 0.0
29.0 1.0 Truck -1.0 -1.0 -1.0 -1.0 -1.0 -1.0 -1.0 3.111 3.197 6.132 699.452 2.57 1897.82 2.430964395344728 0.0
29.0 3.0 Car -1.0 -1.0 -1.0 -1.0 -1.0 -1.0 -1.0 2.038 1.911 4.519 741.748 1.447 1861.076 2.4100208744752254 0.0
29.0 4.0 Car -1.0 -1.0 -1.0 -1.0 -1.0 -1.0 -1.0 1.945 1.693 4.021 818.605 0.153 1791.685 2.375811990918337 0.0
29.0 0.0 Car -1.0 -1.0 -1.0 -1.0 -1.0 -1.0 -1.0 1.947 1.637 4.103 754.944 1.044 1851.595 2.3686091412509924 0.0
30.0 1.0 Truck -1.0 -1.0 -1.0 -1.0 -1.0 -1.0 -1.0 3.111 3.197 6.132 699.381 2.375 1897.881 2.430964395344728 0.0
30.0 3.0 Car -1.0 -1.0 -1.0 -1.0 -1.0 -1.0 -1.0 2.038 1.911 4.519 738.192 1.417 1863.685 2.4344551125061384 0.0
30.0 4.0 Car -1.0 -1.0 -1.0 -1.0 -1.0 -1.0 -1.0 1.945 1.693 4.021 813.071 0.301 1797.26 2.375811990918337 0.0
30.0 0.0 Car -1.0 -1.0 -1.0 -1.0 -1.0 -1.0 -1.0 1.947 1.637 4.103 751.683 0.969 1854.326 2.3885556016606024 0.0
31.0 1.0 Truck -1.0 -1.0 -1.0 -1.0 -1.0 -1.0 -1.0 3.111 3.197 6.132 699.31 2.18 1897.942 2.430964395344728 0.0
31.0 3.0 Car -1.0 -1.0 -1.0 -1.0 -1.0 -1.0 -1.0 2.038 1.911 4.519 734.635 1.387 1866.294 2.4588899859924593 0.0
31.0 4.0 Car -1.0 -1.0 -1.0 -1.0 -1.0 -1.0 -1.0 1.945 1.693 4.021 807.538 0.449 1802.835 2.375811990918337 0.0
31.0 0.0 Car -1.0 -1.0 -1.0 -1.0 -1.0 -1.0 -1.0 1.947 1.637 4.103 748.574 0.923 1856.942 2.408502580813056 0.0
32.0 1.0 Truck -1.0 -1.0 -1.0 -1.0 -1.0 -1.0 -1.0 3.111 3.197 6.132 699.239 1.984 1898.003 2.430964395344728 0.0
32.0 3.0 Car -1.0 -1.0 -1.0 -1.0 -1.0 -1.0 -1.0 2.038 1.911 4.519 731.078 1.357 1868.903 2.4833242729045577 0.0
32.0 4.0 Car -1.0 -1.0 -1.0 -1.0 -1.0 -1.0 -1.0 1.945 1.693 4.021 801.558 0.58 1808.608 2.3816276260199034 0.0
32.0 0.0 Car -1.0 -1.0 -1.0 -1.0 -1.0 -1.0 -1.0 1.947 1.637 4.103 745.465 0.877 1859.558 2.428449081125961 0.0
33.0 1.0 Truck -1.0 -1.0 -1.0 -1.0 -1.0 -1.0 -1.0 3.111 3.197 6.132 699.168 1.789 1898.064 2.430964395344728 0.0
33.0 3.0 Car -1.0 -1.0 -1.0 -1.0 -1.0 -1.0 -1.0 2.038 1.911 4.519 727.931 1.343 1871.293 2.4833242729045577 0.0
33.0 4.0 Car -1.0 -1.0 -1.0 -1.0 -1.0 -1.0 -1.0 1.945 1.693 4.021 795.572 0.711 1814.388 2.3874497065080726 0.0
33.0 0.0 Car -1.0 -1.0 -1.0 -1.0 -1.0 -1.0 -1.0 1.947 1.637 4.103 742.352 0.831 1862.177 2.448417687864671 0.0
34.0 1.0 Truck -1.0 -1.0 -1.0 -1.0 -1.0 -1.0 -1.0 3.111 3.197 6.132 698.418 1.789 1898.709 2.430964395344728 0.0
34.0 3.0 Car -1.0 -1.0 -1.0 -1.0 -1.0 -1.0 -1.0 2.038 1.911 4.519 724.788 1.329 1873.68 2.4833242729045577 0.0
34.0 4.0 Car -1.0 -1.0 -1.0 -1.0 -1.0 -1.0 -1.0 1.945 1.693 4.021 789.592 0.843 1820.162 2.3932652834382804 0.0
34.0 0.0 Car -1.0 -1.0 -1.0 -1.0 -1.0 -1.0 -1.0 1.947 1.637 4.103 739.451 0.879 1864.6 2.448417687864671 0.0
35.0 1.0 Truck -1.0 -1.0 -1.0 -1.0 -1.0 -1.0 -1.0 3.111 3.197 6.132 697.669 1.789 1899.354 2.430964395344728 0.0
35.0 3.0 Car -1.0 -1.0 -1.0 -1.0 -1.0 -1.0 -1.0 2.038 1.911 4.519 721.645 1.315 1876.068 2.4833242729045577 0.0
35.0 4.0 Car -1.0 -1.0 -1.0 -1.0 -1.0 -1.0 -1.0 1.945 1.693 4.021 784.417 0.874 1825.176 2.3932652834382804 0.0
35.0 0.0 Car -1.0 -1.0 -1.0 -1.0 -1.0 -1.0 -1.0 1.947 1.637 4.103 736.549 0.927 1867.023 2.448417687864671 0.0
36.0 1.0 Truck -1.0 -1.0 -1.0 -1.0 -1.0 -1.0 -1.0 3.111 3.197 6.132 696.771 1.789 1900.127 2.430964395344728 0.0
36.0 3.0 Car -1.0 -1.0 -1.0 -1.0 -1.0 -1.0 -1.0 2.038 1.911 4.519 717.875 1.299 1878.93 2.4833242729045577 0.0
36.0 4.0 Car -1.0 -1.0 -1.0 -1.0 -1.0 -1.0 -1.0 1.945 1.693 4.021 778.211 0.911 1831.189 2.3932652834382804 0.0
36.0 0.0 Car -1.0 -1.0 -1.0 -1.0 -1.0 -1.0 -1.0 1.947 1.637 4.103 733.069 0.984 1869.929 2.448417687864671 0.0
37.0 1.0 Truck -1.0 -1.0 -1.0 -1.0 -1.0 -1.0 -1.0 3.111 3.197 6.132 696.021 1.789 1900.772 2.430964395344728 0.0
37.0 3.0 Car -1.0 -1.0 -1.0 -1.0 -1.0 -1.0 -1.0 2.038 1.911 4.519 714.729 1.285 1881.32 2.4833242729045577 0.0
37.0 4.0 Car -1.0 -1.0 -1.0 -1.0 -1.0 -1.0 -1.0 1.945 1.693 4.021 773.03 0.943 1836.208 2.3932652834382804 0.0
37.0 0.0 Car -1.0 -1.0 -1.0 -1.0 -1.0 -1.0 -1.0 1.947 1.637 4.103 730.476 0.965 1872.073 2.448417687864671 0.0
38.0 1.0 Truck -1.0 -1.0 -1.0 -1.0 -1.0 -1.0 -1.0 3.111 3.197 6.132 695.272 1.789 1901.417 2.430964395344728 0.0
38.0 3.0 Car -1.0 -1.0 -1.0 -1.0 -1.0 -1.0 -1.0 2.038 1.911 4.519 712.083 1.292 1883.358 2.474596928334118 0.0
38.0 4.0 Car -1.0 -1.0 -1.0 -1.0 -1.0 -1.0 -1.0 1.945 1.693 4.021 767.796 0.943 1841.159 2.41071997257916 0.0
38.0 0.0 Car -1.0 -1.0 -1.0 -1.0 -1.0 -1.0 -1.0 1.947 1.637 4.103 727.885 0.945 1874.215 2.448417687864671 0.0
