0.0 0.0 Car -1.0 -1.0 -1.0 -1.0 -1.0 -1.0 -1.0 1.917 1.436 4.389 2132.507 0.901 890.423 1.7655401648365827 0.0
0.0 1.0 Car -1.0 -1.0 -1.0 -1.0 -1.0 -1.0 -1.0 1.676 1.389 3.311 2121.78 0.895 892.698 -2.202762595469739 0.0
0.0 2.0 Truck -1.0 -1.0 -1.0 -1.0 -1.0 -1.0 -1.0 2.803 3.239 7.449 2122.228 1.677 924.683 -0.7198618344216893 0.0
1.0 0.0 Car -1.0 -1.0 -1.0 -1.0 -1.0 -1.0 -1.0 1.917 1.436 4.389 2132.743 0.901 893.56 1.5997338858971215 1.0
1.0 1.0 Car -1.0 -1.0 -1.0 -1.0 -1.0 -1.0 -1.0 1.676 1.389 3.311 2121.022 0.885 891.466 -2.2202158879896823 1.0
1.0 2.0 Truck -1.0 -1.0 -1.0 -1.0 -1.0 -1.0 -1.0 2.803 3.239 7.449 2123.241 1.686 923.762 -0.7135192250194109 1.0
2.0 0.0 Car -1.0 -1.0 -1.0 -1.0 -1.0 -1.0 -1.0 1.917 1.436 4.389 2133.37 0.884 896.747 1.404838786091088 0.0
2.0 1.0 Car -1.0 -1.0 -1.0 -1.0 -1.0 -1.0 -1.0 1.676 1.389 3.311 2119.902 0.885 889.964 -2.25512247302957 0.0
2.0 2.0 Truck -1.0 -1.0 -1.0 -1.0 -1.0 -1.0 -1.0 2.803 3.239 7.449 2124.255 1.696 922.841 -0.7071766156171324 1.0
3.0 0.0 Car -1.0 -1.0 -1.0 -1.0 -1.0 -1.0 -1.0 1.917 1.436 4.389 2134.38 0.867 899.645 1.2361236250649694 0.0
3.0 1.0 Car -1.0 -1.0 -1.0 -1.0 -1.0 -1.0 -1.0 1.676 1.389 3.311 2118.546 0.86 887.868 -2.2900290580694556 0.0
3.0 2.0 Truck -1.0 -1.0 -1.0 -1.0 -1.0 -1.0 -1.0 2.803 3.239 7.449 2125.268 1.706 921.921 -0.7008340062148539 1.0
4.0 0.0 Car -1.0 -1.0 -1.0 -1.0 -1.0 -1.0 -1.0 1.917 1.436 4.389 2135.568 0.805 902.333 1.1721282191585107 0.0
4.0 1.0 Car -1.0 -1.0 -1.0 -1.0 -1.0 -1.0 -1.0 1.676 1.389 3.311 2117.111 0.835 886.013 -2.377295520669172 0.0
4.0 2.0 Truck -1.0 -1.0 -1.0 -1.0 -1.0 -1.0 -1.0 2.803 3.239 7.449 2126.065 1.715 921.166 -0.733661945289724 1.0
5.0 0.0 Car -1.0 -1.0 -1.0 -1.0 -1.0 -1.0 -1.0 1.917 1.436 4.389 2136.68 0.828 905.056 1.2029178612110827 0.0
5.0 1.0 Car -1.0 -1.0 -1.0 -1.0 -1.0 -1.0 -1.0 1.676 1.389 3.311 2115.049 0.985 884.028 -2.5010524818439985 0.0
5.0 2.0 Truck -1.0 -1.0 -1.0 -1.0 -1.0 -1.0 -1.0 2.803 3.239 7.449 2126.836 1.725 920.386 -0.766489884364594 1.0
6.0 0.0 Car -1.0 -1.0 -1.0 -1.0 -1.0 -1.0 -1.0 1.917 1.436 4.389 2137.51 0.851 907.282 1.233707503263655 0.0
6.0 1.0 Car -1.0 -1.0 -1.0 -1.0 -1.0 -1.0 -1.0 1.676 1.389 3.311 2112.864 0.935 882.515 -2.659716028058711 0.0
6.0 2.0 Truck -1.0 -1.0 -1.0 -1.0 -1.0 -1.0 -1.0 2.803 3.239 7.449 2127.581 1.735 919.581 -0.7993178234394636 1.0
7.0 0.0 Car -1.0 -1.0 -1.0 -1.0 -1.0 -1.0 -1.0 1.917 1.436 4.389 2138.079 0.801 910.079 1.391771924268054 0.0
7.0 1.0 Car -1.0 -1.0 -1.0 -1.0 -1.0 -1.0 -1.0 1.676 1.389 3.311 2109.858 0.985 880.747 -2.8271062205333948 0.0
7.0 2.0 Truck -1.0 -1.0 -1.0 -1.0 -1.0 -1.0 -1.0 2.803 3.239 7.449 2128.564 1.744 918.306 -0.8975864136951301 1.0
8.0 0.0 Car -1.0 -1.0 -1.0 -1.0 -1.0 -1.0 -1.0 1.917 1.436 4.389 2138.138 0.826 913.009 1.602196222832283 0.0
8.0 1.0 Car -1.0 -1.0 -1.0 -1.0 -1.0 -1.0 -1.0 1.676 1.389 3.311 2105.908 0.96 879.213 -2.9754592069529138 0.0
8.0 2.0 Truck -1.0 -1.0 -1.0 -1.0 -1.0 -1.0 -1.0 2.803 3.239 7.449 2129.418 1.754 916.94 -0.9958550039507966 1.0
9.0 0.0 Car -1.0 -1.0 -1.0 -1.0 -1.0 -1.0 -1.0 1.917 1.436 4.389 2137.551 0.851 916.125 1.8126205213965119 0.0
9.0 1.0 Car -1.0 -1.0 -1.0 -1.0 -1.0 -1.0 -1.0 1.676 1.389 3.311 2101.772 0.885 878.31 3.0895599437273815 0.0
9.0 2.0 Truck -1.0 -1.0 -1.0 -1.0 -1.0 -1.0 -1.0 2.803 3.239 7.449 2130.133 1.764 915.498 -1.0941235942064633 1.0
10.0 0.0 Car -1.0 -1.0 -1.0 -1.0 -1.0 -1.0 -1.0 1.917 1.436 4.389 2135.835 0.851 919.315 2.24979328418627 0.0
10.0 1.0 Car -1.0 -1.0 -1.0 -1.0 -1.0 -1.0 -1.0 1.676 1.389 3.311 2097.244 0.893 877.781 3.136102057113897 0.0
10.0 2.0 Truck -1.0 -1.0 -1.0 -1.0 -1.0 -1.0 -1.0 2.803 3.239 7.449 2130.807 1.773 913.431 -1.2624024443017088 1.0
11.0 0.0 Car -1.0 -1.0 -1.0 -1.0 -1.0 -1.0 -1.0 1.917 1.436 4.389 2133.582 0.876 922.503 2.276450969948446 0.0
11.0 1.0 Car -1.0 -1.0 -1.0 -1.0 -1.0 -1.0 -1.0 1.676 1.389 3.311 2092.745 0.901 877.042 -3.100541136679174 0.0
11.0 2.0 Truck -1.0 -1.0 -1.0 -1.0 -1.0 -1.0 -1.0 2.803 3.239 7.449 2131.126 1.783 911.281 -1.4306812943969538 1.0
12.0 0.0 Car -1.0 -1.0 -1.0 -1.0 -1.0 -1.0 -1.0 1.917 1.436 4.389 2131.244 0.901 925.63 2.3031086557106226 0.0
12.0 1.0 Car -1.0 -1.0 -1.0 -1.0 -1.0 -1.0 -1.0 1.676 1.389 3.311 2088.122 0.835 876.738 -3.071452315812602 0.0
12.0 2.0 Truck -1.0 -1.0 -1.0 -1.0 -1.0 -1.0 -1.0 2.803 3.239 7.449 2130.981 1.767 908.809 -1.5741240240823213 1.0
13.0 0.0 Car -1.0 -1.0 -1.0 -1.0 -1.0 -1.0 -1.0 1.917 1.436 4.389 2127.828 0.876 928.386 2.495094873429999 0.0
13.0 1.0 Car -1.0 -1.0 -1.0 -1.0 -1.0 -1.0 -1.0 1.676 1.389 3.311 2083.231 0.768 876.529 -3.071452315812602 0.0
13.0 2.0 Truck -1.0 -1.0 -1.0 -1.0 -1.0 -1.0 -1.0 2.803 3.239 7.449 2130.483 1.75 906.383 -1.717566753767689 1.0
14.0 2.0 Truck -1.0 -1.0 -1.0 -1.0 -1.0 -1.0 -1.0 2.803 3.239 7.449 2129.644 1.734 904.052 -1.8610094834530568 1.0
15.0 2.0 Truck -1.0 -1.0 -1.0 -1.0 -1.0 -1.0 -1.0 2.803 3.239 7.449 2128.845 1.728 902.238 -1.9229434422625336 1.0
16.0 2.0 Truck -1.0 -1.0 -1.0 -1.0 -1.0 -1.0 -1.0 2.803 3.239 7.449 2127.936 1.722 900.477 -1.9848774010720103 1.0
17.0 2.0 Truck -1.0 -1.0 -1.0 -1.0 -1.0 -1.0 -1.0 2.803 3.239 7.449 2126.92 1.716 898.776 -2.0468113598814868 0.0
18.0 2.0 Truck -1.0 -1.0 -1.0 -1.0 -1.0 -1.0 -1.0 2.803 3.239 7.449 2126.479 1.698 898.023 -2.0468113598814868 0.0
19.0 2.0 Truck -1.0 -1.0 -1.0 -1.0 -1.0 -1.0 -1.0 2.803 3.239 7.449 2126.038 1.681 897.27 -2.0468113598814868 0.0
20.0 2.0 Truck -1.0 -1.0 -1.0 -1.0 -1.0 -1.0 -1.0 2.803 3.239 7.449 2125.597 1.664 896.518 -2.0468113598814868 0.0
21.0 2.0 Truck -1.0 -1.0 -1.0 -1.0 -1.0 -1.0 -1.0 2.803 3.239 7.449 2125.41 1.646 896.258 -2.0468113598814868 0.0
22.0 2.0 Truck -1.0 -1.0 -1.0 -1.0 -1.0 -1.0 -1.0 2.803 3.239 7.449 2125.224 1.629 895.999 -2.0468113598814868 0.0
23.0 2.0 Truck -1.0 -1.0 -1.0 -1.0 -1.0 -1.0 -1.0 2.803 3.239 7.449 2125.224 1.641 895.989 -2.048750614605926 0.0
24.0 3.0 Truck -1.0 -1.0 -1.0 -1.0 -1.0 -1.0 -1.0 2.319 1.93 6.198 2057.343 0.996 872.221 0.02283989446245616 0.0
24.0 2.0 Truck -1.0 -1.0 -1.0 -1.0 -1.0 -1.0 -1.0 2.803 3.239 7.449 2125.225 1.653 895.979 -2.0506898693303626 0.0
25.0 3.0 Truck -1.0 -1.0 -1.0 -1.0 -1.0 -1.0 -1.0 2.319 1.93 6.198 2062.437 1.175 872.511 0.02283989446245616 1.0
25.0 2.0 Truck -1.0 -1.0 -1.0 -1.0 -1.0 -1.0 -1.0 2.803 3.239 7.449 2125.225 1.664 895.968 -2.052629124054802 0.0
26.0 3.0 Truck -1.0 -1.0 -1.0 -1.0 -1.0 -1.0 -1.0 2.319 1.93 6.198 2068.047 1.154 872.643 0.02283989446245616 1.0
26.0 2.0 Truck -1.0 -1.0 -1.0 -1.0 -1.0 -1.0 -1.0 2.803 3.239 7.449 2125.225 1.676 895.958 -2.0545683787792393 0.0
27.0 3.0 Truck -1.0 -1.0 -1.0 -1.0 -1.0 -1.0 -1.0 2.319 1.93 6.198 2073.145 1.159 872.763 0.02283989446245616 1.0
27.0 2.0 Truck -1.0 -1.0 -1.0 -1.0 -1.0 -1.0 -1.0 2.803 3.239 7.449 2125.226 1.688 895.948 -2.0565076335036783 0.0
28.0 3.0 Truck -1.0 -1.0 -1.0 -1.0 -1.0 -1.0 -1.0 2.319 1.93 6.198 2078.239 1.146 873.054 0.02283989446245616 0.0
28.0 2.0 Truck -1.0 -1.0 -1.0 -1.0 -1.0 -1.0 -1.0 2.803 3.239 7.449 2125.226 1.7 895.938 -2.058446888228115 0.0
29.0 3.0 Truck -1.0 -1.0 -1.0 -1.0 -1.0 -1.0 -1.0 2.319 1.93 6.198 2083.423 1.121 873.158 0.02283989446245616 0.0
30.0 3.0 Truck -1.0 -1.0 -1.0 -1.0 -1.0 -1.0 -1.0 2.319 1.93 6.198 2088.351 1.146 873.255 0.02283989446245616 0.0
31.0 3.0 Truck -1.0 -1.0 -1.0 -1.0 -1.0 -1.0 -1.0 2.319 1.93 6.198 2093.406 1.146 873.398 0.02283989446245616 0.0
32.0 3.0 Truck -1.0 -1.0 -1.0 -1.0 -1.0 -1.0 -1.0 2.319 1.93 6.198 2097.687 1.171 873.527 -0.0019382261563747336 0.0
33.0 3.0 Truck -1.0 -1.0 -1.0 -1.0 -1.0 -1.0 -1.0 2.319 1.93 6.198 2101.884 1.146 873.654 0.04309682330456788 0.0
34.0 3.0 Truck -1.0 -1.0 -1.0 -1.0 -1.0 -1.0 -1.0 2.319 1.93 6.198 2105.88 1.146 873.965 0.03577199520568031 0.0
35.0 3.0 Truck -1.0 -1.0 -1.0 -1.0 -1.0 -1.0 -1.0 2.319 1.93 6.198 2109.649 1.104 874.378 0.15403792353892268 0.0
36.0 3.0 Truck -1.0 -1.0 -1.0 -1.0 -1.0 -1.0 -1.0 2.319 1.93 6.198 2113.159 1.113 875.275 0.272303851872165 0.0
37.0 3.0 Truck -1.0 -1.0 -1.0 -1.0 -1.0 -1.0 -1.0 2.319 1.93 6.198 2116.293 1.096 876.689 0.4167497189853222 0.0
38.0 3.0 Truck -1.0 -1.0 -1.0 -1.0 -1.0 -1.0 -1.0 2.319 1.93 6.198 2119.274 1.021 878.596 0.5775921119555207 0.0
39.0 3.0 Truck -1.0 -1.0 -1.0 -1.0 -1.0 -1.0 -1.0 2.319 1.93 6.198 2121.715 1.046 880.772 0.7558877974456631 0.0
