0.0 0.0 Car -1.0 -1.0 -1.0 -1.0 -1.0 -1.0 -1.0 2.019 1.667 4.756 1110.227 0.937 835.195 0.8143357223824943 0.0
1.0 0.0 Car -1.0 -1.0 -1.0 -1.0 -1.0 -1.0 -1.0 2.019 1.667 4.756 1114.962 0.908 840.493 0.8168281835207412 1.0
2.0 0.0 Car -1.0 -1.0 -1.0 -1.0 -1.0 -1.0 -1.0 2.019 1.667 4.756 1119.697 0.88 845.791 0.8193210386553902 1.0
3.0 0.0 Car -1.0 -1.0 -1.0 -1.0 -1.0 -1.0 -1.0 2.019 1.667 4.756 1124.361 0.852 851.156 0.8218140833072959 1.0
4.0 0.0 Car -1.0 -1.0 -1.0 -1.0 -1.0 -1.0 -1.0 2.019 1.667 4.756 1129.136 0.876 856.641 0.8243071578829791 1.0
5.0 0.0 Car -1.0 -1.0 -1.0 -1.0 -1.0 -1.0 -1.0 2.019 1.667 4.756 1133.91 0.9 862.126 0.8268001327127374 1.0
6.0 0.0 Car -1.0 -1.0 -1.0 -1.0 -1.0 -1.0 -1.0 2.019 1.667 4.756 1138.685 0.924 867.611 0.8292932471867905 1.0
7.0 0.0 Car -1.0 -1.0 -1.0 -1.0 -1.0 -1.0 -1.0 2.019 1.667 4.756 1143.46 0.948 873.048 0.8317890149024375 1.0
8.0 0.0 Car -1.0 -1.0 -1.0 -1.0 -1.0 -1.0 -1.0 2.019 1.667 4.756 1148.029 1.024 878.259 0.8317890149024375 1.0
9.0 0.0 Car -1.0 -1.0 -1.0 -1.0 -1.0 -1.0 -1.0 2.019 1.667 4.756 1152.602 1.099 883.474 0.8317890149024375 1.0
10.0 0.0 Car -1.0 -1.0 -1.0 -1.0 -1.0 -1.0 -1.0 2.019 1.667 4.756 1156.972 1.167 888.447 0.8317890149024375 1.0
11.0 0.0 Car -1.0 -1.0 -1.0 -1.0 -1.0 -1.0 -1.0 2.019 1.667 4.756 1161.708 1.242 893.841 0.8317890149024375 1.0
12.0 0.0 Car -1.0 -1.0 -1.0 -1.0 -1.0 -1.0 -1.0 2.019 1.667 4.756 1166.567 1.386 899.24 0.8317890149024375 1.0
13.0 0.0 Car -1.0 -1.0 -1.0 -1.0 -1.0 -1.0 -1.0 2.019 1.667 4.756 1170.648 1.53 903.686 0.8317890149024375 1.0
14.0 0.0 Car -1.0 -1.0 -1.0 -1.0 -1.0 -1.0 -1.0 2.019 1.667 4.756 1174.719 1.674 908.124 0.8317890149024375 1.0
15.0 0.0 Car -1.0 -1.0 -1.0 -1.0 -1.0 -1.0 -1.0 2.019 1.667 4.756 1180.69 1.832 914.944 0.8317890149024375 1.0
16.0 0.0 Car -1.0 -1.0 -1.0 -1.0 -1.0 -1.0 -1.0 2.019 1.667 4.756 1184.465 1.901 919.168 0.8317890149024375 1.0
17.0 0.0 Car -1.0 -1.0 -1.0 -1.0 -1.0 -1.0 -1.0 2.019 1.667 4.756 1188.655 2.032 923.863 0.8317890149024375 1.0
18.0 0.0 Car -1.0 -1.0 -1.0 -1.0 -1.0 -1.0 -1.0 2.019 1.667 4.756 1192.521 2.041 927.56 0.8347651318494538 1.0
19.0 0.0 Car -1.0 -1.0 -1.0 -1.0 -1.0 -1.0 -1.0 2.019 1.667 4.756 1196.387 2.049 931.258 0.8377414333670312 1.0
20.0 0.0 Car -1.0 -1.0 -1.0 -1.0 -1.0 -1.0 -1.0 2.019 1.667 4.756 1199.191 2.165 934.953 0.8410104995182144 1.0
21.0 0.0 Car -1.0 -1.0 -1.0 -1.0 -1.0 -1.0 -1.0 2.019 1.667 4.756 1201.74 2.271 938.313 0.8439835323506895 1.0
22.0 0.0 Car -1.0 -1.0 -1.0 -1.0 -1.0 -1.0 -1.0 2.019 1.667 4.756 1203.404 2.127 941.332 0.8439835323506895 1.0
23.0 0.0 Car -1.0 -1.0 -1.0 -1.0 -1.0 -1.0 -1.0 2.019 1.667 4.756 1205.312 2.008 943.62 0.8439835323506895 1.0
24.0 0.0 Car -1.0 -1.0 -1.0 -1.0 -1.0 -1.0 -1.0 2.019 1.667 4.756 1205.755 2.058 944.133 0.8439835323506895 0.0
25.0 0.0 Car -1.0 -1.0 -1.0 -1.0 -1.0 -1.0 -1.0 2.019 1.667 4.756 1209.738 2.258 948.775 0.8439835323506895 1.0
26.0 0.0 Car -1.0 -1.0 -1.0 -1.0 -1.0 -1.0 -1.0 2.019 1.667 4.756 1210.018 2.209 948.218 0.8439835323506895 1.0
27.0 0.0 Car -1.0 -1.0 -1.0 -1.0 -1.0 -1.0 -1.0 2.019 1.667 4.756 1209.755 2.259 947.446 0.8439835323506895 0.0
28.0 0.0 Car -1.0 -1.0 -1.0 -1.0 -1.0 -1.0 -1.0 2.019 1.667 4.756 1210.548 1.91 948.452 0.8439835323506895 0.0
29.0 0.0 Car -1.0 -1.0 -1.0 -1.0 -1.0 -1.0 -1.0 2.019 1.667 4.756 1210.797 1.76 948.452 0.8439835323506895 0.0
30.0 0.0 Car -1.0 -1.0 -1.0 -1.0 -1.0 -1.0 -1.0 2.019 1.667 4.756 1211.206 1.51 948.879 0.8439835323506895 0.0
31.0 0.0 Car -1.0 -1.0 -1.0 -1.0 -1.0 -1.0 -1.0 2.019 1.667 4.756 1211.789 1.311 949.501 0.8439835323506895 0.0
32.0 0.0 Car -1.0 -1.0 -1.0 -1.0 -1.0 -1.0 -1.0 2.019 1.667 4.756 1212.068 1.111 949.781 0.8439835323506895 0.0
33.0 0.0 Car -1.0 -1.0 -1.0 -1.0 -1.0 -1.0 -1.0 2.019 1.667 4.756 1212.24 1.512 950.68 0.8439835323506895 0.0
34.0 0.0 Car -1.0 -1.0 -1.0 -1.0 -1.0 -1.0 -1.0 2.019 1.667 4.756 1211.62 1.562 950.048 0.8439835323506895 0.0
35.0 0.0 Car -1.0 -1.0 -1.0 -1.0 -1.0 -1.0 -1.0 2.019 1.667 4.756 1211.784 1.362 950.296 0.8439835323506895 0.0
36.0 0.0 Car -1.0 -1.0 -1.0 -1.0 -1.0 -1.0 -1.0 2.019 1.667 4.756 1211.947 1.462 950.544 0.8439835323506895 0.0
37.0 0.0 Car -1.0 -1.0 -1.0 -1.0 -1.0 -1.0 -1.0 2.019 1.667 4.756 1212.11 1.512 950.792 0.8439835323506895 0.0
38.0 0.0 Car -1.0 -1.0 -1.0 -1.0 -1.0 -1.0 -1.0 2.019 1.667 4.756 1212.298 1.462 951.018 0.8439835323506895 0.0
