0.0 0.0 Truck -1.0 -1.0 -1.0 -1.0 -1.0 -1.0 -1.0 2.161 2.076 6.068 434.767 1.236 1618.168 2.610663495133438 0.0
0.0 4.0 Car -1.0 -1.0 -1.0 -1.0 -1.0 -1.0 -1.0 2.031 1.525 4.561 330.435 1.097 1670.747 -0.5242270941395174 0.0
0.0 2.0 Car -1.0 -1.0 -1.0 -1.0 -1.0 -1.0 -1.0 2.054 1.532 4.497 440.993 0.951 1609.128 2.571899732432894 0.0
0.0 7.0 Car -1.0 -1.0 -1.0 -1.0 -1.0 -1.0 -1.0 2.059 1.539 4.562 407.679 0.718 1630.641 2.5848675287798937 0.0
0.0 6.0 Car -1.0 -1.0 -1.0 -1.0 -1.0 -1.0 -1.0 2.035 1.563 4.58 443.17 1.126 1613.028 2.8015327021189584 0.0
1.0 0.0 Truck -1.0 -1.0 -1.0 -1.0 -1.0 -1.0 -1.0 2.161 2.076 6.068 434.543 1.276 1618.296 2.607172150108053 1.0
1.0 4.0 Car -1.0 -1.0 -1.0 -1.0 -1.0 -1.0 -1.0 2.031 1.525 4.561 333.843 0.822 1668.449 -0.5242270941395174 1.0
1.0 2.0 Car -1.0 -1.0 -1.0 -1.0 -1.0 -1.0 -1.0 2.054 1.532 4.497 436.097 0.934 1612.191 2.6068063174727802 1.0
1.0 7.0 Car -1.0 -1.0 -1.0 -1.0 -1.0 -1.0 -1.0 2.059 1.539 4.562 402.837 0.628 1633.803 2.5848675287798937 1.0
1.0 6.0 Car -1.0 -1.0 -1.0 -1.0 -1.0 -1.0 -1.0 2.035 1.563 4.58 441.737 1.086 1613.441 2.906252779848215 1.0
2.0 0.0 Truck -1.0 -1.0 -1.0 -1.0 -1.0 -1.0 -1.0 2.161 2.076 6.068 434.488 1.241 1618.323 2.603680602754208 1.0
2.0 4.0 Car -1.0 -1.0 -1.0 -1.0 -1.0 -1.0 -1.0 2.031 1.525 4.561 337.252 0.847 1666.151 -0.5242270941395174 1.0
2.0 2.0 Car -1.0 -1.0 -1.0 -1.0 -1.0 -1.0 -1.0 2.054 1.532 4.497 431.093 0.918 1615.319 2.5893525541230904 1.0
2.0 7.0 Car -1.0 -1.0 -1.0 -1.0 -1.0 -1.0 -1.0 2.059 1.539 4.562 397.396 0.564 1637.19 2.5848675287798937 0.0
2.0 6.0 Car -1.0 -1.0 -1.0 -1.0 -1.0 -1.0 -1.0 2.035 1.563 4.58 440.179 1.046 1613.745 3.0342413527794596 1.0
3.0 0.0 Truck -1.0 -1.0 -1.0 -1.0 -1.0 -1.0 -1.0 2.161 2.076 6.068 434.433 1.206 1618.35 2.6001892437751364 1.0
3.0 4.0 Car -1.0 -1.0 -1.0 -1.0 -1.0 -1.0 -1.0 2.031 1.525 4.561 340.66 0.797 1663.852 -0.5242270941395174 1.0
3.0 2.0 Car -1.0 -1.0 -1.0 -1.0 -1.0 -1.0 -1.0 2.054 1.532 4.497 426.398 0.901 1618.476 2.571899732432894 1.0
3.0 7.0 Car -1.0 -1.0 -1.0 -1.0 -1.0 -1.0 -1.0 2.059 1.539 4.562 393.424 0.6 1639.848 2.5848675287798937 0.0
3.0 6.0 Car -1.0 -1.0 -1.0 -1.0 -1.0 -1.0 -1.0 2.035 1.563 4.58 438.627 1.006 1613.81 2.970247509541246 1.0
4.0 0.0 Truck -1.0 -1.0 -1.0 -1.0 -1.0 -1.0 -1.0 2.161 2.076 6.068 434.031 1.196 1618.585 2.596697856888691 1.0
4.0 4.0 Car -1.0 -1.0 -1.0 -1.0 -1.0 -1.0 -1.0 2.031 1.525 4.561 344.588 0.861 1661.272 -0.5242270941395174 1.0
4.0 2.0 Car -1.0 -1.0 -1.0 -1.0 -1.0 -1.0 -1.0 2.054 1.532 4.497 421.916 0.864 1621.352 2.5736451808466274 1.0
4.0 7.0 Car -1.0 -1.0 -1.0 -1.0 -1.0 -1.0 -1.0 2.059 1.539 4.562 388.585 0.628 1642.935 2.5848675287798937 0.0
4.0 6.0 Car -1.0 -1.0 -1.0 -1.0 -1.0 -1.0 -1.0 2.035 1.563 4.58 436.853 0.966 1613.975 2.7491728245591287 1.0
5.0 0.0 Truck -1.0 -1.0 -1.0 -1.0 -1.0 -1.0 -1.0 2.161 2.076 6.068 433.461 1.186 1618.922 2.5932102026134944 1.0
5.0 4.0 Car -1.0 -1.0 -1.0 -1.0 -1.0 -1.0 -1.0 2.031 1.525 4.561 348.513 0.724 1658.695 -0.5242270941395174 1.0
5.0 2.0 Car -1.0 -1.0 -1.0 -1.0 -1.0 -1.0 -1.0 2.054 1.532 4.497 416.76 0.828 1624.659 2.575388763216696 1.0
5.0 7.0 Car -1.0 -1.0 -1.0 -1.0 -1.0 -1.0 -1.0 2.059 1.539 4.562 382.982 0.668 1646.386 2.5848675287798937 0.0
5.0 6.0 Car -1.0 -1.0 -1.0 -1.0 -1.0 -1.0 -1.0 2.035 1.563 4.58 434.262 0.976 1614.925 2.857385986092903 1.0
6.0 0.0 Truck -1.0 -1.0 -1.0 -1.0 -1.0 -1.0 -1.0 2.161 2.076 6.068 432.464 1.196 1619.556 2.5932102026134944 1.0
6.0 4.0 Car -1.0 -1.0 -1.0 -1.0 -1.0 -1.0 -1.0 2.031 1.525 4.561 352.39 0.763 1656.037 -0.5242270941395174 1.0
6.0 2.0 Car -1.0 -1.0 -1.0 -1.0 -1.0 -1.0 -1.0 2.054 1.532 4.497 411.761 0.791 1627.98 2.550957325369962 0.0
6.0 7.0 Car -1.0 -1.0 -1.0 -1.0 -1.0 -1.0 -1.0 2.059 1.539 4.562 378.134 0.708 1649.469 2.5848675287798937 0.0
6.0 6.0 Car -1.0 -1.0 -1.0 -1.0 -1.0 -1.0 -1.0 2.035 1.563 4.58 430.803 0.899 1616.347 2.7910814901953103 0.0
7.0 0.0 Truck -1.0 -1.0 -1.0 -1.0 -1.0 -1.0 -1.0 2.161 2.076 6.068 431.097 1.156 1620.416 2.5932102026134944 1.0
7.0 4.0 Car -1.0 -1.0 -1.0 -1.0 -1.0 -1.0 -1.0 2.031 1.525 4.561 356.35 0.818 1653.354 -0.5242270941395174 1.0
7.0 2.0 Car -1.0 -1.0 -1.0 -1.0 -1.0 -1.0 -1.0 2.054 1.532 4.497 406.887 0.754 1631.207 2.543978858966291 0.0
7.0 7.0 Car -1.0 -1.0 -1.0 -1.0 -1.0 -1.0 -1.0 2.059 1.539 4.562 373.411 0.81 1652.605 2.5848675287798937 0.0
7.0 6.0 Car -1.0 -1.0 -1.0 -1.0 -1.0 -1.0 -1.0 2.035 1.563 4.58 427.445 0.971 1617.941 2.7073206509899608 0.0
8.0 0.0 Truck -1.0 -1.0 -1.0 -1.0 -1.0 -1.0 -1.0 2.161 2.076 6.068 429.63 1.141 1621.337 2.5932102026134944 1.0
8.0 4.0 Car -1.0 -1.0 -1.0 -1.0 -1.0 -1.0 -1.0 2.031 1.525 4.561 360.343 0.698 1650.689 -0.5242270941395174 1.0
8.0 2.0 Car -1.0 -1.0 -1.0 -1.0 -1.0 -1.0 -1.0 2.054 1.532 4.497 402.059 0.718 1634.403 2.536993147393007 0.0
8.0 7.0 Car -1.0 -1.0 -1.0 -1.0 -1.0 -1.0 -1.0 2.059 1.539 4.562 368.627 0.813 1655.655 2.5848675287798937 0.0
8.0 6.0 Car -1.0 -1.0 -1.0 -1.0 -1.0 -1.0 -1.0 2.035 1.563 4.58 424.088 0.969 1619.814 2.63222235357318 0.0
9.0 0.0 Truck -1.0 -1.0 -1.0 -1.0 -1.0 -1.0 -1.0 2.161 2.076 6.068 428.164 1.126 1622.257 2.5932102026134944 1.0
9.0 4.0 Car -1.0 -1.0 -1.0 -1.0 -1.0 -1.0 -1.0 2.031 1.525 4.561 364.183 0.857 1648.091 -0.5242270941395174 1.0
9.0 2.0 Car -1.0 -1.0 -1.0 -1.0 -1.0 -1.0 -1.0 2.054 1.532 4.497 397.322 0.751 1637.491 2.540483008606994 0.0
9.0 7.0 Car -1.0 -1.0 -1.0 -1.0 -1.0 -1.0 -1.0 2.059 1.539 4.562 363.592 1.015 1658.824 2.5848675287798937 0.0
9.0 6.0 Car -1.0 -1.0 -1.0 -1.0 -1.0 -1.0 -1.0 2.035 1.563 4.58 420.469 0.966 1622.102 2.5920931918796386 0.0
10.0 0.0 Truck -1.0 -1.0 -1.0 -1.0 -1.0 -1.0 -1.0 2.161 2.076 6.068 426.656 1.236 1623.203 2.5932102026134944 1.0
10.0 4.0 Car -1.0 -1.0 -1.0 -1.0 -1.0 -1.0 -1.0 2.031 1.525 4.561 368.027 0.816 1645.49 -0.5242270941395174 0.0
10.0 2.0 Car -1.0 -1.0 -1.0 -1.0 -1.0 -1.0 -1.0 2.054 1.532 4.497 392.503 0.697 1640.636 2.5439766956959464 0.0
10.0 7.0 Car -1.0 -1.0 -1.0 -1.0 -1.0 -1.0 -1.0 2.059 1.539 4.562 359.164 1.118 1661.912 2.5848675287798937 0.0
10.0 5.0 Truck -1.0 -1.0 -1.0 -1.0 -1.0 -1.0 -1.0 2.656 2.917 8.581 445.037 0.223 1736.178 -0.5804790559301347 0.0
10.0 1.0 Car -1.0 -1.0 -1.0 -1.0 -1.0 -1.0 -1.0 2.189 1.855 5.023 443.249 0.243 1703.518 -2.0275664453419098 0.0
10.0 6.0 Car -1.0 -1.0 -1.0 -1.0 -1.0 -1.0 -1.0 2.035 1.563 4.58 416.507 0.964 1624.812 2.5536628952349103 0.0
11.0 0.0 Truck -1.0 -1.0 -1.0 -1.0 -1.0 -1.0 -1.0 2.161 2.076 6.068 425.314 1.196 1624.042 2.5932102026134944 1.0
11.0 4.0 Car -1.0 -1.0 -1.0 -1.0 -1.0 -1.0 -1.0 2.031 1.525 4.561 371.867 0.801 1642.893 -0.5242270941395174 0.0
11.0 2.0 Car -1.0 -1.0 -1.0 -1.0 -1.0 -1.0 -1.0 2.054 1.532 4.497 387.673 0.743 1643.788 2.547466640688217 0.0
11.0 7.0 Car -1.0 -1.0 -1.0 -1.0 -1.0 -1.0 -1.0 2.059 1.539 4.562 354.983 0.929 1664.642 2.5848675287798937 0.0
11.0 5.0 Truck -1.0 -1.0 -1.0 -1.0 -1.0 -1.0 -1.0 2.656 2.917 8.581 446.412 0.433 1735.499 -0.592114685142486 1.0
11.0 1.0 Car -1.0 -1.0 -1.0 -1.0 -1.0 -1.0 -1.0 2.189 1.855 5.023 441.632 0.203 1700.024 -2.0275664453419098 1.0
11.0 6.0 Car -1.0 -1.0 -1.0 -1.0 -1.0 -1.0 -1.0 2.035 1.563 4.58 412.416 0.924 1627.666 2.515273761373772 0.0
12.0 0.0 Truck -1.0 -1.0 -1.0 -1.0 -1.0 -1.0 -1.0 2.161 2.076 6.068 423.97 1.156 1624.882 2.5932102026134944 1.0
12.0 4.0 Car -1.0 -1.0 -1.0 -1.0 -1.0 -1.0 -1.0 2.031 1.525 4.561 375.479 0.968 1640.475 -0.5242270941395174 0.0
12.0 2.0 Car -1.0 -1.0 -1.0 -1.0 -1.0 -1.0 -1.0 2.054 1.532 4.497 382.889 0.939 1647.022 2.550960474389167 0.0
12.0 7.0 Car -1.0 -1.0 -1.0 -1.0 -1.0 -1.0 -1.0 2.059 1.539 4.562 350.544 1.139 1667.681 2.5848675287798937 0.0
12.0 5.0 Truck -1.0 -1.0 -1.0 -1.0 -1.0 -1.0 -1.0 2.656 2.917 8.581 448.109 0.342 1734.817 -0.6037632794796188 1.0
12.0 1.0 Car -1.0 -1.0 -1.0 -1.0 -1.0 -1.0 -1.0 2.189 1.855 5.023 440.013 0.163 1696.526 -2.0275664453419098 1.0
12.0 6.0 Car -1.0 -1.0 -1.0 -1.0 -1.0 -1.0 -1.0 2.035 1.563 4.58 408.419 0.95 1630.811 2.476841852008045 0.0
13.0 0.0 Truck -1.0 -1.0 -1.0 -1.0 -1.0 -1.0 -1.0 2.161 2.076 6.068 422.635 1.266 1625.827 2.610663495133438 1.0
13.0 4.0 Car -1.0 -1.0 -1.0 -1.0 -1.0 -1.0 -1.0 2.031 1.525 4.561 379.773 1.088 1637.807 -0.5416686149000705 0.0
13.0 2.0 Car -1.0 -1.0 -1.0 -1.0 -1.0 -1.0 -1.0 2.054 1.532 4.497 377.859 1.134 1650.198 2.5544464399129505 0.0
13.0 3.0 Car -1.0 -1.0 -1.0 -1.0 -1.0 -1.0 -1.0 2.034 1.533 4.515 420.962 0.297 1667.18 -2.0236394545190706 0.0
13.0 7.0 Car -1.0 -1.0 -1.0 -1.0 -1.0 -1.0 -1.0 2.059 1.539 4.562 345.837 1.375 1670.535 2.5848675287798937 0.0
13.0 5.0 Truck -1.0 -1.0 -1.0 -1.0 -1.0 -1.0 -1.0 2.656 2.917 8.581 449.801 0.252 1734.137 -0.6153856409700208 1.0
13.0 1.0 Car -1.0 -1.0 -1.0 -1.0 -1.0 -1.0 -1.0 2.189 1.855 5.023 438.438 0.123 1693.746 -2.0275664453419098 1.0
13.0 6.0 Car -1.0 -1.0 -1.0 -1.0 -1.0 -1.0 -1.0 2.035 1.563 4.58 404.087 0.977 1634.197 2.4384964920025904 0.0
14.0 0.0 Truck -1.0 -1.0 -1.0 -1.0 -1.0 -1.0 -1.0 2.161 2.076 6.068 421.432 1.283 1626.565 2.5582710062579177 1.0
14.0 4.0 Car -1.0 -1.0 -1.0 -1.0 -1.0 -1.0 -1.0 2.031 1.525 4.561 384.072 1.108 1635.136 -0.5591302210067638 0.0
14.0 2.0 Car -1.0 -1.0 -1.0 -1.0 -1.0 -1.0 -1.0 2.054 1.532 4.497 372.471 1.32 1653.418 2.5544464399129505 0.0
14.0 8.0 Car -1.0 -1.0 -1.0 -1.0 -1.0 -1.0 -1.0 2.044 1.502 4.688 447.752 -0.748 1712.434 -1.9926598603020234 0.0
14.0 3.0 Car -1.0 -1.0 -1.0 -1.0 -1.0 -1.0 -1.0 2.034 1.533 4.515 419.985 0.234 1665.117 -2.0236394545190706 1.0
14.0 5.0 Truck -1.0 -1.0 -1.0 -1.0 -1.0 -1.0 -1.0 2.656 2.917 8.581 451.389 -0.004 1733.457 -0.7608368059364099 1.0
14.0 1.0 Car -1.0 -1.0 -1.0 -1.0 -1.0 -1.0 -1.0 2.189 1.855 5.023 436.862 0.057 1690.963 -2.0275664453419098 1.0
14.0 6.0 Car -1.0 -1.0 -1.0 -1.0 -1.0 -1.0 -1.0 2.035 1.563 4.58 399.706 1.004 1637.739 2.4001069741602623 0.0
15.0 0.0 Truck -1.0 -1.0 -1.0 -1.0 -1.0 -1.0 -1.0 2.161 2.076 6.068 420.267 1.275 1627.51 2.514601482241489 1.0
15.0 4.0 Car -1.0 -1.0 -1.0 -1.0 -1.0 -1.0 -1.0 2.031 1.525 4.561 388.092 1.328 1632.436 -0.5765915127341259 0.0
15.0 2.0 Car -1.0 -1.0 -1.0 -1.0 -1.0 -1.0 -1.0 2.054 1.532 4.497 367.237 1.631 1656.87 2.5544464399129505 0.0
15.0 8.0 Car -1.0 -1.0 -1.0 -1.0 -1.0 -1.0 -1.0 2.044 1.502 4.688 446.579 -0.601 1709.565 -1.9926598603020234 1.0
15.0 3.0 Car -1.0 -1.0 -1.0 -1.0 -1.0 -1.0 -1.0 2.034 1.533 4.515 418.61 0.336 1661.669 -2.0236394545190706 0.0
15.0 5.0 Truck -1.0 -1.0 -1.0 -1.0 -1.0 -1.0 -1.0 2.656 2.917 8.581 453.278 -0.111 1732.752 -1.1244500161504307 1.0
15.0 1.0 Car -1.0 -1.0 -1.0 -1.0 -1.0 -1.0 -1.0 2.189 1.855 5.023 435.493 0.092 1688.078 -2.0275664453419098 1.0
15.0 6.0 Car -1.0 -1.0 -1.0 -1.0 -1.0 -1.0 -1.0 2.035 1.563 4.58 395.282 1.13 1641.234 2.4001069741602623 0.0
16.0 0.0 Truck -1.0 -1.0 -1.0 -1.0 -1.0 -1.0 -1.0 2.161 2.076 6.068 419.169 1.268 1628.602 2.459290716180021 1.0
16.0 4.0 Car -1.0 -1.0 -1.0 -1.0 -1.0 -1.0 -1.0 2.031 1.525 4.561 392.058 1.448 1629.771 -0.5940522106338633 0.0
16.0 2.0 Car -1.0 -1.0 -1.0 -1.0 -1.0 -1.0 -1.0 2.054 1.532 4.497 361.992 2.142 1660.305 2.5544464399129505 0.0
16.0 8.0 Car -1.0 -1.0 -1.0 -1.0 -1.0 -1.0 -1.0 2.044 1.502 4.688 445.204 -0.445 1706.577 -2.010113152821966 1.0
16.0 3.0 Car -1.0 -1.0 -1.0 -1.0 -1.0 -1.0 -1.0 2.034 1.533 4.515 417.876 0.429 1660.201 -2.0236394545190706 0.0
16.0 5.0 Truck -1.0 -1.0 -1.0 -1.0 -1.0 -1.0 -1.0 2.656 2.917 8.581 454.881 -0.218 1731.421 -1.5229568520070709 1.0
16.0 1.0 Car -1.0 -1.0 -1.0 -1.0 -1.0 -1.0 -1.0 2.189 1.855 5.023 434.093 0.277 1685.208 -2.0275664453419098 1.0
16.0 6.0 Car -1.0 -1.0 -1.0 -1.0 -1.0 -1.0 -1.0 2.035 1.563 4.58 391.081 1.357 1645.06 2.4001069741602623 0.0
17.0 0.0 Truck -1.0 -1.0 -1.0 -1.0 -1.0 -1.0 -1.0 2.161 2.076 6.068 418.211 1.26 1629.738 2.3866271353761914 1.0
17.0 4.0 Car -1.0 -1.0 -1.0 -1.0 -1.0 -1.0 -1.0 2.031 1.525 4.561 396.014 1.505 1627.029 -0.6114935567392328 0.0
17.0 2.0 Car -1.0 -1.0 -1.0 -1.0 -1.0 -1.0 -1.0 2.054 1.532 4.497 358.074 2.253 1664.046 2.5544464399129505 0.0
17.0 8.0 Car -1.0 -1.0 -1.0 -1.0 -1.0 -1.0 -1.0 2.044 1.502 4.688 443.86 -0.252 1703.582 -1.9970194333686566 1.0
17.0 3.0 Car -1.0 -1.0 -1.0 -1.0 -1.0 -1.0 -1.0 2.034 1.533 4.515 417.503 0.513 1659.332 -2.0236394545190706 0.0
17.0 5.0 Truck -1.0 -1.0 -1.0 -1.0 -1.0 -1.0 -1.0 2.656 2.917 8.581 454.867 0.042 1728.932 -1.7062093278079973 1.0
17.0 1.0 Car -1.0 -1.0 -1.0 -1.0 -1.0 -1.0 -1.0 2.189 1.855 5.023 432.757 0.412 1682.311 -2.0275664453419098 1.0
17.0 6.0 Car -1.0 -1.0 -1.0 -1.0 -1.0 -1.0 -1.0 2.035 1.563 4.58 387.039 1.6 1648.604 2.4350062097175234 0.0
18.0 0.0 Truck -1.0 -1.0 -1.0 -1.0 -1.0 -1.0 -1.0 2.161 2.076 6.068 417.381 1.253 1630.97 2.2441443522146285 1.0
18.0 4.0 Car -1.0 -1.0 -1.0 -1.0 -1.0 -1.0 -1.0 2.031 1.525 4.561 400.278 1.323 1623.962 -0.6114935567392328 0.0
18.0 8.0 Car -1.0 -1.0 -1.0 -1.0 -1.0 -1.0 -1.0 2.044 1.502 4.688 442.196 -0.125 1700.737 -2.007190676085703 1.0
18.0 3.0 Car -1.0 -1.0 -1.0 -1.0 -1.0 -1.0 -1.0 2.034 1.533 4.515 417.122 0.634 1658.553 -2.0236394545190706 0.0
18.0 5.0 Truck -1.0 -1.0 -1.0 -1.0 -1.0 -1.0 -1.0 2.656 2.917 8.581 453.921 0.152 1725.855 -1.9592891650056485 1.0
18.0 1.0 Car -1.0 -1.0 -1.0 -1.0 -1.0 -1.0 -1.0 2.189 1.855 5.023 431.59 0.542 1680.563 -2.0275664453419098 1.0
19.0 0.0 Truck -1.0 -1.0 -1.0 -1.0 -1.0 -1.0 -1.0 2.161 2.076 6.068 416.833 1.235 1632.361 2.0915639920413787 1.0
19.0 4.0 Car -1.0 -1.0 -1.0 -1.0 -1.0 -1.0 -1.0 2.031 1.525 4.561 404.315 1.34 1621.054 -0.6114935567392328 0.0
19.0 8.0 Car -1.0 -1.0 -1.0 -1.0 -1.0 -1.0 -1.0 2.044 1.502 4.688 440.632 0.027 1697.841 -2.017372775765531 1.0
19.0 3.0 Car -1.0 -1.0 -1.0 -1.0 -1.0 -1.0 -1.0 2.034 1.533 4.515 416.805 0.621 1657.858 -2.0236394545190706 0.0
19.0 5.0 Truck -1.0 -1.0 -1.0 -1.0 -1.0 -1.0 -1.0 2.656 2.917 8.581 452.316 0.337 1723.237 -1.9592735507051595 1.0
19.0 1.0 Car -1.0 -1.0 -1.0 -1.0 -1.0 -1.0 -1.0 2.189 1.855 5.023 430.492 0.622 1678.681 -2.0275664453419098 1.0
20.0 0.0 Truck -1.0 -1.0 -1.0 -1.0 -1.0 -1.0 -1.0 2.161 2.076 6.068 416.503 1.218 1633.822 1.9388102551542732 1.0
20.0 4.0 Car -1.0 -1.0 -1.0 -1.0 -1.0 -1.0 -1.0 2.031 1.525 4.561 408.434 1.407 1618.089 -0.6114935567392328 0.0
20.0 8.0 Car -1.0 -1.0 -1.0 -1.0 -1.0 -1.0 -1.0 2.044 1.502 4.688 439.154 0.079 1694.9 -2.0275664453419098 1.0
20.0 3.0 Car -1.0 -1.0 -1.0 -1.0 -1.0 -1.0 -1.0 2.034 1.533 4.515 416.635 0.659 1657.608 -2.0236394545190706 0.0
20.0 5.0 Truck -1.0 -1.0 -1.0 -1.0 -1.0 -1.0 -1.0 2.656 2.917 8.581 450.813 0.472 1720.098 -1.981094440561407 1.0
20.0 1.0 Car -1.0 -1.0 -1.0 -1.0 -1.0 -1.0 -1.0 2.189 1.855 5.023 429.527 0.702 1676.731 -2.0275664453419098 1.0
21.0 0.0 Truck -1.0 -1.0 -1.0 -1.0 -1.0 -1.0 -1.0 2.161 2.076 6.068 416.318 1.2 1635.294 1.8034887491792664 1.0
21.0 4.0 Car -1.0 -1.0 -1.0 -1.0 -1.0 -1.0 -1.0 2.031 1.525 4.561 412.912 1.375 1614.923 -0.6114935567392328 0.0
21.0 8.0 Car -1.0 -1.0 -1.0 -1.0 -1.0 -1.0 -1.0 2.044 1.502 4.688 437.94 0.186 1692.527 -2.0275664453419098 1.0
21.0 3.0 Car -1.0 -1.0 -1.0 -1.0 -1.0 -1.0 -1.0 2.034 1.533 4.515 416.409 0.697 1657.385 -2.0236394545190706 0.0
21.0 5.0 Truck -1.0 -1.0 -1.0 -1.0 -1.0 -1.0 -1.0 2.656 2.917 8.581 449.277 0.607 1716.977 -2.002918339070891 1.0
21.0 1.0 Car -1.0 -1.0 -1.0 -1.0 -1.0 -1.0 -1.0 2.189 1.855 5.023 428.502 0.782 1674.541 -2.0275664453419098 1.0
22.0 0.0 Truck -1.0 -1.0 -1.0 -1.0 -1.0 -1.0 -1.0 2.161 2.076 6.068 416.442 1.182 1636.79 1.6333079704718505 1.0
22.0 8.0 Car -1.0 -1.0 -1.0 -1.0 -1.0 -1.0 -1.0 2.044 1.502 4.688 436.727 0.342 1690.154 -2.0275664453419098 1.0
22.0 3.0 Car -1.0 -1.0 -1.0 -1.0 -1.0 -1.0 -1.0 2.034 1.533 4.515 416.464 0.747 1657.428 -2.0236394545190706 0.0
22.0 5.0 Truck -1.0 -1.0 -1.0 -1.0 -1.0 -1.0 -1.0 2.656 2.917 8.581 447.693 0.792 1713.883 -2.0247354790115084 1.0
22.0 1.0 Car -1.0 -1.0 -1.0 -1.0 -1.0 -1.0 -1.0 2.189 1.855 5.023 427.691 0.862 1672.786 -2.0275664453419098 0.0
23.0 0.0 Truck -1.0 -1.0 -1.0 -1.0 -1.0 -1.0 -1.0 2.161 2.076 6.068 416.723 1.165 1638.256 1.5460126514168966 1.0
23.0 8.0 Car -1.0 -1.0 -1.0 -1.0 -1.0 -1.0 -1.0 2.044 1.502 4.688 435.523 0.507 1687.837 -2.0275664453419098 1.0
23.0 3.0 Car -1.0 -1.0 -1.0 -1.0 -1.0 -1.0 -1.0 2.034 1.533 4.515 416.475 0.755 1657.453 -2.0236394545190706 0.0
23.0 5.0 Truck -1.0 -1.0 -1.0 -1.0 -1.0 -1.0 -1.0 2.656 2.917 8.581 446.322 0.928 1710.685 -2.0465556276053642 1.0
23.0 1.0 Car -1.0 -1.0 -1.0 -1.0 -1.0 -1.0 -1.0 2.189 1.855 5.023 427.256 0.882 1671.917 -2.045019563477154 0.0
24.0 0.0 Truck -1.0 -1.0 -1.0 -1.0 -1.0 -1.0 -1.0 2.161 2.076 6.068 416.999 1.178 1639.954 1.3823181943346232 1.0
24.0 8.0 Car -1.0 -1.0 -1.0 -1.0 -1.0 -1.0 -1.0 2.044 1.502 4.688 434.362 0.546 1685.498 -2.0275664453419098 1.0
24.0 3.0 Car -1.0 -1.0 -1.0 -1.0 -1.0 -1.0 -1.0 2.034 1.533 4.515 416.485 0.763 1657.479 -2.0236394545190706 0.0
24.0 5.0 Truck -1.0 -1.0 -1.0 -1.0 -1.0 -1.0 -1.0 2.656 2.917 8.581 445.037 0.946 1707.99 -2.0501950559140574 1.0
24.0 1.0 Car -1.0 -1.0 -1.0 -1.0 -1.0 -1.0 -1.0 2.189 1.855 5.023 426.821 0.902 1671.048 -2.062473030381796 0.0
25.0 0.0 Truck -1.0 -1.0 -1.0 -1.0 -1.0 -1.0 -1.0 2.161 2.076 6.068 417.618 1.242 1641.869 1.2591226715745203 1.0
25.0 8.0 Car -1.0 -1.0 -1.0 -1.0 -1.0 -1.0 -1.0 2.044 1.502 4.688 433.202 0.586 1683.161 -2.0275664453419098 1.0
25.0 3.0 Car -1.0 -1.0 -1.0 -1.0 -1.0 -1.0 -1.0 2.034 1.533 4.515 416.496 0.771 1657.504 -2.0236394545190706 0.0
25.0 5.0 Truck -1.0 -1.0 -1.0 -1.0 -1.0 -1.0 -1.0 2.656 2.917 8.581 443.755 0.965 1705.298 -2.0538307897408434 1.0
25.0 1.0 Car -1.0 -1.0 -1.0 -1.0 -1.0 -1.0 -1.0 2.189 1.855 5.023 426.608 0.922 1670.552 -2.079926322901738 0.0
26.0 0.0 Truck -1.0 -1.0 -1.0 -1.0 -1.0 -1.0 -1.0 2.161 2.076 6.068 418.384 1.238 1643.908 1.230683314927087 1.0
26.0 8.0 Car -1.0 -1.0 -1.0 -1.0 -1.0 -1.0 -1.0 2.044 1.502 4.688 432.321 0.567 1681.325 -2.0275664453419098 1.0
26.0 3.0 Car -1.0 -1.0 -1.0 -1.0 -1.0 -1.0 -1.0 2.034 1.533 4.515 416.571 0.809 1657.664 -2.0236394545190706 0.0
26.0 5.0 Truck -1.0 -1.0 -1.0 -1.0 -1.0 -1.0 -1.0 2.656 2.917 8.581 442.472 0.983 1702.606 -2.0574658835786366 1.0
26.0 1.0 Car -1.0 -1.0 -1.0 -1.0 -1.0 -1.0 -1.0 2.189 1.855 5.023 426.349 0.942 1670.079 -2.062473030381796 0.0
27.0 0.0 Truck -1.0 -1.0 -1.0 -1.0 -1.0 -1.0 -1.0 2.161 2.076 6.068 419.209 1.234 1645.924 1.1847882191627688 1.0
27.0 8.0 Car -1.0 -1.0 -1.0 -1.0 -1.0 -1.0 -1.0 2.044 1.502 4.688 431.531 0.648 1679.621 -2.0275664453419098 0.0
27.0 5.0 Truck -1.0 -1.0 -1.0 -1.0 -1.0 -1.0 -1.0 2.656 2.917 8.581 440.973 1.018 1699.509 -2.0611012901383248 1.0
27.0 1.0 Car -1.0 -1.0 -1.0 -1.0 -1.0 -1.0 -1.0 2.189 1.855 5.023 426.09 0.962 1669.606 -2.0450197378618515 0.0
28.0 0.0 Truck -1.0 -1.0 -1.0 -1.0 -1.0 -1.0 -1.0 2.161 2.076 6.068 419.925 1.23 1647.558 1.1794935084980875 0.0
28.0 8.0 Car -1.0 -1.0 -1.0 -1.0 -1.0 -1.0 -1.0 2.044 1.502 4.688 431.053 0.673 1678.73 -2.0275664453419098 0.0
28.0 5.0 Truck -1.0 -1.0 -1.0 -1.0 -1.0 -1.0 -1.0 2.656 2.917 8.581 440.075 1.111 1697.594 -2.0640089201253073 0.0
28.0 1.0 Car -1.0 -1.0 -1.0 -1.0 -1.0 -1.0 -1.0 2.189 1.855 5.023 426.09 0.962 1669.606 -2.0450197378618515 0.0
29.0 0.0 Truck -1.0 -1.0 -1.0 -1.0 -1.0 -1.0 -1.0 2.161 2.076 6.068 421.006 1.296 1649.944 1.1519712589865065 0.0
29.0 8.0 Car -1.0 -1.0 -1.0 -1.0 -1.0 -1.0 -1.0 2.044 1.502 4.688 430.441 0.705 1677.586 -2.0275664453419098 0.0
29.0 5.0 Truck -1.0 -1.0 -1.0 -1.0 -1.0 -1.0 -1.0 2.656 2.917 8.581 439.253 1.196 1696.047 -2.0640089201253073 0.0
29.0 1.0 Car -1.0 -1.0 -1.0 -1.0 -1.0 -1.0 -1.0 2.189 1.855 5.023 426.09 0.988 1669.606 -2.0435536487962747 0.0
30.0 0.0 Truck -1.0 -1.0 -1.0 -1.0 -1.0 -1.0 -1.0 2.161 2.076 6.068 422.239 1.299 1652.394 1.1460644156148578 0.0
30.0 8.0 Car -1.0 -1.0 -1.0 -1.0 -1.0 -1.0 -1.0 2.044 1.502 4.688 429.872 0.736 1676.531 -2.0275664453419098 0.0
30.0 5.0 Truck -1.0 -1.0 -1.0 -1.0 -1.0 -1.0 -1.0 2.656 2.917 8.581 438.432 1.167 1694.502 -2.0640089201253073 0.0
30.0 1.0 Car -1.0 -1.0 -1.0 -1.0 -1.0 -1.0 -1.0 2.189 1.855 5.023 426.09 1.014 1669.606 -2.0420892197186764 0.0
31.0 0.0 Truck -1.0 -1.0 -1.0 -1.0 -1.0 -1.0 -1.0 2.161 2.076 6.068 423.441 1.302 1654.912 1.140151042220356 0.0
31.0 8.0 Car -1.0 -1.0 -1.0 -1.0 -1.0 -1.0 -1.0 2.044 1.502 4.688 429.643 0.736 1676.065 -2.0275664453419098 0.0
31.0 5.0 Truck -1.0 -1.0 -1.0 -1.0 -1.0 -1.0 -1.0 2.656 2.917 8.581 437.611 1.202 1692.954 -2.0640089201253073 0.0
31.0 1.0 Car -1.0 -1.0 -1.0 -1.0 -1.0 -1.0 -1.0 2.189 1.855 5.023 426.09 1.04 1669.606 -2.0406231717128716 0.0
32.0 0.0 Truck -1.0 -1.0 -1.0 -1.0 -1.0 -1.0 -1.0 2.161 2.076 6.068 424.884 1.306 1657.933 1.133053605334122 0.0
32.0 8.0 Car -1.0 -1.0 -1.0 -1.0 -1.0 -1.0 -1.0 2.044 1.502 4.688 429.601 0.786 1675.979 -2.0275664453419098 0.0
32.0 5.0 Truck -1.0 -1.0 -1.0 -1.0 -1.0 -1.0 -1.0 2.656 2.917 8.581 436.658 1.244 1691.16 -2.051448552879331 0.0
32.0 1.0 Car -1.0 -1.0 -1.0 -1.0 -1.0 -1.0 -1.0 2.189 1.855 5.023 426.09 1.071 1669.606 -2.0388635697903785 0.0
33.0 0.0 Truck -1.0 -1.0 -1.0 -1.0 -1.0 -1.0 -1.0 2.161 2.076 6.068 426.032 1.309 1660.337 1.1271336309382574 0.0
33.0 8.0 Car -1.0 -1.0 -1.0 -1.0 -1.0 -1.0 -1.0 2.044 1.502 4.688 429.719 0.786 1676.22 -2.0275664453419098 0.0
33.0 5.0 Truck -1.0 -1.0 -1.0 -1.0 -1.0 -1.0 -1.0 2.656 2.917 8.581 436.022 1.321 1689.892 -2.0409719465085066 0.0
33.0 1.0 Car -1.0 -1.0 -1.0 -1.0 -1.0 -1.0 -1.0 2.189 1.855 5.023 426.09 1.115 1669.606 -2.037395885259322 0.0
34.0 0.0 Truck -1.0 -1.0 -1.0 -1.0 -1.0 -1.0 -1.0 2.161 2.076 6.068 427.191 1.322 1662.669 1.1271336309382574 0.0
34.0 8.0 Car -1.0 -1.0 -1.0 -1.0 -1.0 -1.0 -1.0 2.044 1.502 4.688 429.712 0.828 1676.204 -2.0275664453419098 0.0
34.0 5.0 Truck -1.0 -1.0 -1.0 -1.0 -1.0 -1.0 -1.0 2.656 2.917 8.581 435.368 1.298 1688.576 -2.030495591359682 0.0
35.0 0.0 Truck -1.0 -1.0 -1.0 -1.0 -1.0 -1.0 -1.0 2.161 2.076 6.068 428.118 1.333 1664.534 1.1271336309382574 0.0
35.0 8.0 Car -1.0 -1.0 -1.0 -1.0 -1.0 -1.0 -1.0 2.044 1.502 4.688 429.704 0.865 1676.188 -2.0275664453419098 0.0
35.0 5.0 Truck -1.0 -1.0 -1.0 -1.0 -1.0 -1.0 -1.0 2.656 2.917 8.581 435.042 1.237 1687.914 -2.0221141136594896 0.0
36.0 0.0 Truck -1.0 -1.0 -1.0 -1.0 -1.0 -1.0 -1.0 2.161 2.076 6.068 429.276 1.347 1666.864 1.1271336309382574 0.0
36.0 8.0 Car -1.0 -1.0 -1.0 -1.0 -1.0 -1.0 -1.0 2.044 1.502 4.688 429.735 0.939 1676.252 -2.0275664453419098 0.0
36.0 5.0 Truck -1.0 -1.0 -1.0 -1.0 -1.0 -1.0 -1.0 2.656 2.917 8.581 434.75 1.286 1687.327 -2.0116490425654776 0.0
37.0 0.0 Truck -1.0 -1.0 -1.0 -1.0 -1.0 -1.0 -1.0 2.161 2.076 6.068 430.47 1.36 1669.256 1.1271336309382574 0.0
37.0 8.0 Car -1.0 -1.0 -1.0 -1.0 -1.0 -1.0 -1.0 2.044 1.502 4.688 429.767 0.987 1676.316 -2.0275664453419098 0.0
37.0 5.0 Truck -1.0 -1.0 -1.0 -1.0 -1.0 -1.0 -1.0 2.656 2.917 8.581 434.563 1.314 1686.932 -2.0116490425654776 0.0
38.0 0.0 Truck -1.0 -1.0 -1.0 -1.0 -1.0 -1.0 -1.0 2.161 2.076 6.068 431.568 1.374 1671.543 1.1271336309382574 0.0
38.0 8.0 Car -1.0 -1.0 -1.0 -1.0 -1.0 -1.0 -1.0 2.044 1.502 4.688 429.798 1.0 1676.38 -2.0275664453419098 0.0
38.0 5.0 Truck -1.0 -1.0 -1.0 -1.0 -1.0 -1.0 -1.0 2.656 2.917 8.581 434.428 1.39 1686.644 -2.0116490425654776 0.0
39.0 0.0 Truck -1.0 -1.0 -1.0 -1.0 -1.0 -1.0 -1.0 2.161 2.076 6.068 432.481 1.386 1673.405 1.1188691896747347 0.0
39.0 5.0 Truck -1.0 -1.0 -1.0 -1.0 -1.0 -1.0 -1.0 2.656 2.917 8.581 434.306 1.46 1686.386 -2.0116490425654776 0.0
