0.0 0.0 Truck -1.0 -1.0 -1.0 -1.0 -1.0 -1.0 -1.0 1.963 1.747 5.26 1860.646 0.986 1123.988 -2.5569422607370575 0.0
1.0 0.0 Truck -1.0 -1.0 -1.0 -1.0 -1.0 -1.0 -1.0 1.963 1.747 5.26 1860.426 0.986 1123.861 -2.5569422607370575 1.0
2.0 3.0 Truck -1.0 -1.0 -1.0 -1.0 -1.0 -1.0 -1.0 2.756 2.466 7.213 1796.435 1.254 1185.419 -0.738780419074634 0.0
2.0 0.0 Truck -1.0 -1.0 -1.0 -1.0 -1.0 -1.0 -1.0 1.963 1.747 5.26 1860.064 0.936 1123.685 -2.5569422607370575 1.0
3.0 3.0 Truck -1.0 -1.0 -1.0 -1.0 -1.0 -1.0 -1.0 2.756 2.466 7.213 1799.93 1.254 1182.209 -0.7736870041145201 0.0
3.0 0.0 Truck -1.0 -1.0 -1.0 -1.0 -1.0 -1.0 -1.0 1.963 1.747 5.26 1859.364 0.886 1123.191 -2.5307623219571425 1.0
4.0 3.0 Truck -1.0 -1.0 -1.0 -1.0 -1.0 -1.0 -1.0 2.756 2.466 7.213 1803.311 1.254 1178.879 -0.8085935891544064 1.0
4.0 0.0 Truck -1.0 -1.0 -1.0 -1.0 -1.0 -1.0 -1.0 1.963 1.747 5.26 1858.148 0.865 1122.299 -2.4871290906572847 1.0
5.0 3.0 Truck -1.0 -1.0 -1.0 -1.0 -1.0 -1.0 -1.0 2.756 2.466 7.213 1806.352 1.254 1175.606 -0.8784067592341787 1.0
5.0 0.0 Truck -1.0 -1.0 -1.0 -1.0 -1.0 -1.0 -1.0 1.963 1.747 5.26 1856.779 0.886 1120.91 -2.373682689277655 0.0
6.0 3.0 Truck -1.0 -1.0 -1.0 -1.0 -1.0 -1.0 -1.0 2.756 2.466 7.213 1809.157 1.254 1172.13 -0.948219929313951 1.0
6.0 0.0 Truck -1.0 -1.0 -1.0 -1.0 -1.0 -1.0 -1.0 1.963 1.747 5.26 1855.851 0.886 1119.666 -2.2427829953780813 0.0
7.0 3.0 Truck -1.0 -1.0 -1.0 -1.0 -1.0 -1.0 -1.0 2.756 2.466 7.213 1811.656 1.254 1168.648 -0.9831265143538372 1.0
7.0 0.0 Truck -1.0 -1.0 -1.0 -1.0 -1.0 -1.0 -1.0 1.963 1.747 5.26 1854.699 0.886 1117.476 -2.0682500701786504 0.0
8.0 1.0 Car -1.0 -1.0 -1.0 -1.0 -1.0 -1.0 -1.0 1.866 1.918 4.904 1800.226 0.9 1182.514 -0.7796592291306785 0.0
8.0 3.0 Truck -1.0 -1.0 -1.0 -1.0 -1.0 -1.0 -1.0 2.756 2.466 7.213 1814.032 1.254 1165.081 -1.0180330993937234 1.0
8.0 0.0 Truck -1.0 -1.0 -1.0 -1.0 -1.0 -1.0 -1.0 1.963 1.747 5.26 1854.056 0.886 1115.317 -1.8239039748994472 0.0
9.0 1.0 Car -1.0 -1.0 -1.0 -1.0 -1.0 -1.0 -1.0 1.866 1.918 4.904 1803.264 0.9 1179.4 -0.8494723992104509 1.0
9.0 3.0 Truck -1.0 -1.0 -1.0 -1.0 -1.0 -1.0 -1.0 2.756 2.466 7.213 1816.387 1.254 1161.501 -1.0180330993937234 1.0
9.0 0.0 Truck -1.0 -1.0 -1.0 -1.0 -1.0 -1.0 -1.0 1.963 1.747 5.26 1853.895 0.886 1112.744 -1.5446512945803574 0.0
10.0 1.0 Car -1.0 -1.0 -1.0 -1.0 -1.0 -1.0 -1.0 1.866 1.918 4.904 1806.078 0.9 1176.082 -0.9192855692902233 1.0
10.0 3.0 Truck -1.0 -1.0 -1.0 -1.0 -1.0 -1.0 -1.0 2.756 2.466 7.213 1818.742 1.254 1157.921 -1.0180330993937234 1.0
10.0 0.0 Truck -1.0 -1.0 -1.0 -1.0 -1.0 -1.0 -1.0 1.963 1.747 5.26 1854.019 0.886 1110.922 -1.3875716619008698 0.0
11.0 1.0 Car -1.0 -1.0 -1.0 -1.0 -1.0 -1.0 -1.0 1.866 1.918 4.904 1808.726 0.9 1172.63 -0.945465508070138 1.0
11.0 3.0 Truck -1.0 -1.0 -1.0 -1.0 -1.0 -1.0 -1.0 2.756 2.466 7.213 1821.201 1.254 1154.172 -1.0180330993937234 1.0
11.0 0.0 Truck -1.0 -1.0 -1.0 -1.0 -1.0 -1.0 -1.0 1.963 1.747 5.26 1855.187 0.886 1107.207 -1.1781321516615526 0.0
12.0 1.0 Car -1.0 -1.0 -1.0 -1.0 -1.0 -1.0 -1.0 1.866 1.918 4.904 1811.283 0.9 1169.109 -0.9716454468500526 1.0
12.0 3.0 Truck -1.0 -1.0 -1.0 -1.0 -1.0 -1.0 -1.0 2.756 2.466 7.213 1823.66 1.254 1150.423 -1.0180330993937234 1.0
12.0 4.0 Truck -1.0 -1.0 -1.0 -1.0 -1.0 -1.0 -1.0 2.934 3.664 9.882 1763.587 1.7 1212.43 -0.8504640379258898 0.0
12.0 0.0 Truck -1.0 -1.0 -1.0 -1.0 -1.0 -1.0 -1.0 1.963 1.747 5.26 1856.08 0.886 1105.338 -1.090865689061837 0.0
13.0 1.0 Car -1.0 -1.0 -1.0 -1.0 -1.0 -1.0 -1.0 1.866 1.918 4.904 1813.817 0.9 1165.573 -0.9716454468500526 1.0
13.0 3.0 Truck -1.0 -1.0 -1.0 -1.0 -1.0 -1.0 -1.0 2.756 2.466 7.213 1826.36 1.254 1146.307 -1.009306453133752 1.0
13.0 4.0 Truck -1.0 -1.0 -1.0 -1.0 -1.0 -1.0 -1.0 2.934 3.664 9.882 1766.185 1.725 1209.249 -0.8591906841858612 1.0
13.0 0.0 Truck -1.0 -1.0 -1.0 -1.0 -1.0 -1.0 -1.0 1.963 1.747 5.26 1858.162 0.886 1101.669 -1.0385058115020076 0.0
14.0 1.0 Car -1.0 -1.0 -1.0 -1.0 -1.0 -1.0 -1.0 1.866 1.918 4.904 1816.351 0.9 1162.036 -0.9716454468500526 1.0
14.0 3.0 Truck -1.0 -1.0 -1.0 -1.0 -1.0 -1.0 -1.0 2.756 2.466 7.213 1829.06 1.254 1142.19 -1.0005798068737803 0.0
14.0 4.0 Truck -1.0 -1.0 -1.0 -1.0 -1.0 -1.0 -1.0 2.934 3.664 9.882 1768.783 1.75 1206.067 -0.8679173304458327 1.0
14.0 0.0 Truck -1.0 -1.0 -1.0 -1.0 -1.0 -1.0 -1.0 1.963 1.747 5.26 1859.995 0.886 1098.831 -0.9948725802021497 0.0
15.0 1.0 Car -1.0 -1.0 -1.0 -1.0 -1.0 -1.0 -1.0 1.866 1.918 4.904 1818.997 0.9 1158.126 -0.9716454468500526 1.0
15.0 3.0 Truck -1.0 -1.0 -1.0 -1.0 -1.0 -1.0 -1.0 2.756 2.466 7.213 1831.759 1.254 1138.074 -1.0005798068737803 0.0
15.0 2.0 Car -1.0 -1.0 -1.0 -1.0 -1.0 -1.0 -1.0 2.032 1.505 4.607 1801.462 0.661 1182.121 -0.7649603578545485 0.0
15.0 4.0 Truck -1.0 -1.0 -1.0 -1.0 -1.0 -1.0 -1.0 2.934 3.664 9.882 1771.435 1.65 1203.09 -0.7893775141060888 1.0
15.0 0.0 Truck -1.0 -1.0 -1.0 -1.0 -1.0 -1.0 -1.0 1.963 1.747 5.26 1861.87 0.886 1096.023 -0.9861459339421782 0.0
16.0 1.0 Car -1.0 -1.0 -1.0 -1.0 -1.0 -1.0 -1.0 1.866 1.918 4.904 1821.643 0.9 1154.217 -0.9716454468500526 0.0
16.0 3.0 Truck -1.0 -1.0 -1.0 -1.0 -1.0 -1.0 -1.0 2.756 2.466 7.213 1834.459 1.254 1133.958 -1.0005798068737803 0.0
16.0 2.0 Car -1.0 -1.0 -1.0 -1.0 -1.0 -1.0 -1.0 2.032 1.505 4.607 1803.512 0.661 1180.064 -0.8260468816743495 1.0
16.0 4.0 Truck -1.0 -1.0 -1.0 -1.0 -1.0 -1.0 -1.0 2.934 3.664 9.882 1774.313 1.55 1200.331 -0.7108376977663448 1.0
16.0 0.0 Truck -1.0 -1.0 -1.0 -1.0 -1.0 -1.0 -1.0 1.963 1.747 5.26 1863.725 0.886 1093.198 -0.9861459339421782 0.0
17.0 1.0 Car -1.0 -1.0 -1.0 -1.0 -1.0 -1.0 -1.0 1.866 1.918 4.904 1824.546 0.9 1149.931 -0.9716454468500526 0.0
17.0 3.0 Truck -1.0 -1.0 -1.0 -1.0 -1.0 -1.0 -1.0 2.756 2.466 7.213 1837.241 1.254 1129.807 -0.9918531606138088 0.0
17.0 2.0 Car -1.0 -1.0 -1.0 -1.0 -1.0 -1.0 -1.0 2.032 1.505 4.607 1805.534 0.661 1177.743 -0.8522268204542639 1.0
17.0 4.0 Truck -1.0 -1.0 -1.0 -1.0 -1.0 -1.0 -1.0 2.934 3.664 9.882 1777.114 1.575 1198.082 -0.6497511739465439 1.0
18.0 1.0 Car -1.0 -1.0 -1.0 -1.0 -1.0 -1.0 -1.0 1.866 1.918 4.904 1827.448 0.9 1145.645 -0.9716454468500526 0.0
18.0 3.0 Truck -1.0 -1.0 -1.0 -1.0 -1.0 -1.0 -1.0 2.756 2.466 7.213 1840.024 1.254 1125.656 -0.9831265143538372 0.0
18.0 2.0 Car -1.0 -1.0 -1.0 -1.0 -1.0 -1.0 -1.0 2.032 1.505 4.607 1807.166 0.661 1175.757 -0.8784067592341787 1.0
18.0 4.0 Truck -1.0 -1.0 -1.0 -1.0 -1.0 -1.0 -1.0 2.934 3.664 9.882 1780.048 1.6 1196.009 -0.5886646501267431 1.0
19.0 1.0 Car -1.0 -1.0 -1.0 -1.0 -1.0 -1.0 -1.0 1.866 1.918 4.904 1830.542 0.9 1141.204 -0.9716454468500526 0.0
19.0 3.0 Truck -1.0 -1.0 -1.0 -1.0 -1.0 -1.0 -1.0 2.756 2.466 7.213 1842.888 1.254 1121.381 -0.9831265143538372 0.0
19.0 2.0 Car -1.0 -1.0 -1.0 -1.0 -1.0 -1.0 -1.0 2.032 1.505 4.607 1808.482 0.661 1174.056 -0.9133133442740649 1.0
19.0 4.0 Truck -1.0 -1.0 -1.0 -1.0 -1.0 -1.0 -1.0 2.934 3.664 9.882 1783.347 1.6 1194.063 -0.5712113576068001 1.0
20.0 1.0 Car -1.0 -1.0 -1.0 -1.0 -1.0 -1.0 -1.0 1.866 1.918 4.904 1833.636 0.9 1136.763 -0.9716454468500526 0.0
20.0 3.0 Truck -1.0 -1.0 -1.0 -1.0 -1.0 -1.0 -1.0 2.756 2.466 7.213 1845.753 1.254 1117.106 -0.9831265143538372 0.0
20.0 2.0 Car -1.0 -1.0 -1.0 -1.0 -1.0 -1.0 -1.0 2.032 1.505 4.607 1809.738 0.661 1172.311 -0.948219929313951 1.0
20.0 4.0 Truck -1.0 -1.0 -1.0 -1.0 -1.0 -1.0 -1.0 2.934 3.664 9.882 1786.679 1.6 1192.176 -0.553758065086857 1.0
21.0 1.0 Car -1.0 -1.0 -1.0 -1.0 -1.0 -1.0 -1.0 1.866 1.918 4.904 1837.036 0.9 1132.144 -0.962918800590081 0.0
21.0 3.0 Truck -1.0 -1.0 -1.0 -1.0 -1.0 -1.0 -1.0 2.756 2.466 7.213 1848.679 1.254 1112.964 -0.9656732218338941 0.0
21.0 2.0 Car -1.0 -1.0 -1.0 -1.0 -1.0 -1.0 -1.0 2.032 1.505 4.607 1810.615 0.661 1171.129 -0.948219929313951 1.0
21.0 4.0 Truck -1.0 -1.0 -1.0 -1.0 -1.0 -1.0 -1.0 2.934 3.664 9.882 1790.06 1.6 1190.376 -0.5363047725669139 1.0
22.0 1.0 Car -1.0 -1.0 -1.0 -1.0 -1.0 -1.0 -1.0 1.866 1.918 4.904 1840.435 0.9 1127.524 -0.9541921543301095 0.0
22.0 3.0 Truck -1.0 -1.0 -1.0 -1.0 -1.0 -1.0 -1.0 2.756 2.466 7.213 1851.604 1.254 1108.822 -0.948219929313951 0.0
22.0 2.0 Car -1.0 -1.0 -1.0 -1.0 -1.0 -1.0 -1.0 2.032 1.505 4.607 1811.493 0.661 1169.947 -0.948219929313951 1.0
22.0 4.0 Truck -1.0 -1.0 -1.0 -1.0 -1.0 -1.0 -1.0 2.934 3.664 9.882 1793.44 1.6 1188.576 -0.5188514800469709 1.0
23.0 1.0 Car -1.0 -1.0 -1.0 -1.0 -1.0 -1.0 -1.0 1.866 1.918 4.904 1843.652 0.9 1122.979 -0.928012215550195 0.0
23.0 3.0 Truck -1.0 -1.0 -1.0 -1.0 -1.0 -1.0 -1.0 2.756 2.466 7.213 1854.333 1.254 1105.226 -0.948219929313951 0.0
23.0 2.0 Car -1.0 -1.0 -1.0 -1.0 -1.0 -1.0 -1.0 2.032 1.505 4.607 1812.089 0.661 1168.993 -0.948219929313951 1.0
23.0 4.0 Truck -1.0 -1.0 -1.0 -1.0 -1.0 -1.0 -1.0 2.934 3.664 9.882 1795.745 1.666 1187.013 -0.575574680736786 1.0
24.0 1.0 Car -1.0 -1.0 -1.0 -1.0 -1.0 -1.0 -1.0 1.866 1.918 4.904 1846.987 0.9 1118.519 -0.9018322767702802 0.0
24.0 3.0 Truck -1.0 -1.0 -1.0 -1.0 -1.0 -1.0 -1.0 2.756 2.466 7.213 1857.061 1.254 1101.63 -0.948219929313951 0.0
24.0 2.0 Car -1.0 -1.0 -1.0 -1.0 -1.0 -1.0 -1.0 2.032 1.505 4.607 1811.303 0.661 1169.856 -0.948219929313951 1.0
24.0 4.0 Truck -1.0 -1.0 -1.0 -1.0 -1.0 -1.0 -1.0 2.934 3.664 9.882 1797.958 1.733 1185.322 -0.6322978814266015 1.0
25.0 1.0 Car -1.0 -1.0 -1.0 -1.0 -1.0 -1.0 -1.0 1.866 1.918 4.904 1850.262 0.9 1114.016 -0.9018322767702802 0.0
25.0 3.0 Truck -1.0 -1.0 -1.0 -1.0 -1.0 -1.0 -1.0 2.756 2.466 7.213 1859.315 1.254 1098.371 -0.9569465755739226 0.0
25.0 2.0 Car -1.0 -1.0 -1.0 -1.0 -1.0 -1.0 -1.0 2.032 1.505 4.607 1813.157 0.661 1167.306 -0.948219929313951 0.0
25.0 4.0 Truck -1.0 -1.0 -1.0 -1.0 -1.0 -1.0 -1.0 2.934 3.664 9.882 1800.071 1.8 1183.508 -0.6890210821164162 1.0
26.0 1.0 Car -1.0 -1.0 -1.0 -1.0 -1.0 -1.0 -1.0 1.866 1.918 4.904 1853.538 0.9 1109.514 -0.9018322767702802 0.0
26.0 2.0 Car -1.0 -1.0 -1.0 -1.0 -1.0 -1.0 -1.0 2.032 1.505 4.607 1813.776 0.661 1166.367 -0.948219929313951 0.0
26.0 4.0 Truck -1.0 -1.0 -1.0 -1.0 -1.0 -1.0 -1.0 2.934 3.664 9.882 1802.078 2.2 1181.577 -0.7457442828062311 1.0
27.0 1.0 Car -1.0 -1.0 -1.0 -1.0 -1.0 -1.0 -1.0 1.866 1.918 4.904 1856.96 0.9 1104.826 -0.9018322767702802 0.0
27.0 2.0 Car -1.0 -1.0 -1.0 -1.0 -1.0 -1.0 -1.0 2.032 1.505 4.607 1814.904 0.661 1164.896 -0.9743998680938657 0.0
27.0 4.0 Truck -1.0 -1.0 -1.0 -1.0 -1.0 -1.0 -1.0 2.934 3.664 9.882 1804.019 2.066 1179.663 -0.8155574528860036 0.0
28.0 2.0 Car -1.0 -1.0 -1.0 -1.0 -1.0 -1.0 -1.0 2.032 1.505 4.607 1815.993 0.661 1163.397 -1.0005798068737803 0.0
28.0 4.0 Truck -1.0 -1.0 -1.0 -1.0 -1.0 -1.0 -1.0 2.934 3.664 9.882 1805.822 1.932 1177.618 -0.885370622965776 0.0
29.0 2.0 Car -1.0 -1.0 -1.0 -1.0 -1.0 -1.0 -1.0 2.032 1.505 4.607 1817.284 0.661 1161.274 -1.009306453133752 0.0
29.0 4.0 Truck -1.0 -1.0 -1.0 -1.0 -1.0 -1.0 -1.0 2.934 3.664 9.882 1807.108 2.016 1176.058 -0.9115505617456905 0.0
30.0 2.0 Car -1.0 -1.0 -1.0 -1.0 -1.0 -1.0 -1.0 2.032 1.505 4.607 1818.575 0.661 1159.151 -1.0180330993937234 0.0
30.0 4.0 Truck -1.0 -1.0 -1.0 -1.0 -1.0 -1.0 -1.0 2.934 3.664 9.882 1808.352 2.1 1174.465 -0.9377305005256051 0.0
31.0 2.0 Car -1.0 -1.0 -1.0 -1.0 -1.0 -1.0 -1.0 2.032 1.505 4.607 1819.967 0.661 1157.016 -1.0180330993937234 0.0
31.0 4.0 Truck -1.0 -1.0 -1.0 -1.0 -1.0 -1.0 -1.0 2.934 3.664 9.882 1809.466 2.125 1172.804 -0.9551837930455481 0.0
32.0 2.0 Car -1.0 -1.0 -1.0 -1.0 -1.0 -1.0 -1.0 2.032 1.505 4.607 1821.758 0.661 1154.233 -1.0180330993937234 0.0
32.0 4.0 Truck -1.0 -1.0 -1.0 -1.0 -1.0 -1.0 -1.0 2.934 3.664 9.882 1810.579 2.15 1171.143 -0.9726370855654913 0.0
33.0 2.0 Car -1.0 -1.0 -1.0 -1.0 -1.0 -1.0 -1.0 2.032 1.505 4.607 1823.541 0.661 1151.464 -1.0005798068737803 0.0
33.0 4.0 Truck -1.0 -1.0 -1.0 -1.0 -1.0 -1.0 -1.0 2.934 3.664 9.882 1811.786 2.075 1169.346 -0.9813637318254628 0.0
34.0 2.0 Car -1.0 -1.0 -1.0 -1.0 -1.0 -1.0 -1.0 2.032 1.505 4.607 1825.35 0.661 1148.713 -0.9831265143538372 0.0
34.0 4.0 Truck -1.0 -1.0 -1.0 -1.0 -1.0 -1.0 -1.0 2.934 3.664 9.882 1812.993 2.0 1167.548 -0.9900903780854344 0.0
35.0 2.0 Car -1.0 -1.0 -1.0 -1.0 -1.0 -1.0 -1.0 2.032 1.505 4.607 1827.091 0.661 1146.03 -0.9656732218338941 0.0
35.0 4.0 Truck -1.0 -1.0 -1.0 -1.0 -1.0 -1.0 -1.0 2.934 3.664 9.882 1814.211 1.975 1165.61 -0.998817024345406 0.0
36.0 2.0 Car -1.0 -1.0 -1.0 -1.0 -1.0 -1.0 -1.0 2.032 1.505 4.607 1829.064 0.661 1143.124 -0.948219929313951 0.0
36.0 4.0 Truck -1.0 -1.0 -1.0 -1.0 -1.0 -1.0 -1.0 2.934 3.664 9.882 1815.429 1.95 1163.671 -1.0075436706053775 0.0
37.0 4.0 Truck -1.0 -1.0 -1.0 -1.0 -1.0 -1.0 -1.0 2.934 3.664 9.882 1816.94 1.966 1161.222 -1.0075436706053775 0.0
38.0 4.0 Truck -1.0 -1.0 -1.0 -1.0 -1.0 -1.0 -1.0 2.934 3.664 9.882 1818.451 1.983 1158.773 -1.0075436706053775 0.0
