0.0 0.0 Car -1.0 -1.0 -1.0 -1.0 -1.0 -1.0 -1.0 2.039 1.752 4.959 174.368 0.673 1146.603 0.8866796199217126 0.0
1.0 0.0 Car -1.0 -1.0 -1.0 -1.0 -1.0 -1.0 -1.0 2.039 1.752 4.959 175.106 0.706 1147.565 0.989654045789378 1.0
2.0 0.0 Car -1.0 -1.0 -1.0 -1.0 -1.0 -1.0 -1.0 2.039 1.752 4.959 175.74 0.74 1148.597 1.0926284716570436 0.0
3.0 0.0 Car -1.0 -1.0 -1.0 -1.0 -1.0 -1.0 -1.0 2.039 1.752 4.959 176.265 0.773 1149.689 1.1956028975247095 0.0
4.0 0.0 Car -1.0 -1.0 -1.0 -1.0 -1.0 -1.0 -1.0 2.039 1.752 4.959 176.675 0.806 1150.829 1.2985773233923745 0.0
5.0 0.0 Car -1.0 -1.0 -1.0 -1.0 -1.0 -1.0 -1.0 2.039 1.752 4.959 176.596 0.842 1151.144 1.3491918717002103 0.0
6.0 0.0 Car -1.0 -1.0 -1.0 -1.0 -1.0 -1.0 -1.0 2.039 1.752 4.959 176.502 0.878 1151.454 1.399806420008046 0.0
7.0 0.0 Car -1.0 -1.0 -1.0 -1.0 -1.0 -1.0 -1.0 2.039 1.752 4.959 176.393 0.914 1151.759 1.4504209683158815 0.0
8.0 0.0 Car -1.0 -1.0 -1.0 -1.0 -1.0 -1.0 -1.0 2.039 1.752 4.959 176.268 0.95 1152.058 1.501035516623717 0.0
9.0 0.0 Car -1.0 -1.0 -1.0 -1.0 -1.0 -1.0 -1.0 2.039 1.752 4.959 176.38 0.938 1152.08 1.4863747509069645 0.0
10.0 0.0 Car -1.0 -1.0 -1.0 -1.0 -1.0 -1.0 -1.0 2.039 1.752 4.959 176.493 0.925 1152.099 1.4717139851902123 1.0
11.0 0.0 Car -1.0 -1.0 -1.0 -1.0 -1.0 -1.0 -1.0 2.039 1.752 4.959 176.606 0.913 1152.115 1.4570532194734602 1.0
12.0 0.0 Car -1.0 -1.0 -1.0 -1.0 -1.0 -1.0 -1.0 2.039 1.752 4.959 176.72 0.901 1152.131 1.4423924537567079 1.0
13.0 0.0 Car -1.0 -1.0 -1.0 -1.0 -1.0 -1.0 -1.0 2.039 1.752 4.959 176.833 0.889 1152.147 1.4277316880399553 1.0
14.0 0.0 Car -1.0 -1.0 -1.0 -1.0 -1.0 -1.0 -1.0 2.039 1.752 4.959 176.748 0.887 1151.831 1.451002744733213 1.0
15.0 0.0 Car -1.0 -1.0 -1.0 -1.0 -1.0 -1.0 -1.0 2.039 1.752 4.959 176.67 0.884 1151.513 1.4742738014264705 1.0
16.0 0.0 Car -1.0 -1.0 -1.0 -1.0 -1.0 -1.0 -1.0 2.039 1.752 4.959 176.6 0.882 1151.194 1.4975448581197288 1.0
17.0 0.0 Car -1.0 -1.0 -1.0 -1.0 -1.0 -1.0 -1.0 2.039 1.752 4.959 176.537 0.88 1150.873 1.5208159148129863 1.0
18.0 0.0 Car -1.0 -1.0 -1.0 -1.0 -1.0 -1.0 -1.0 2.039 1.752 4.959 176.486 0.877 1150.549 1.544086971506244 1.0
19.0 0.0 Car -1.0 -1.0 -1.0 -1.0 -1.0 -1.0 -1.0 2.039 1.752 4.959 176.434 0.875 1150.226 1.5673580281995017 0.0
20.0 0.0 Car -1.0 -1.0 -1.0 -1.0 -1.0 -1.0 -1.0 2.039 1.752 4.959 176.268 0.882 1149.828 1.6441525152872523 0.0
21.0 0.0 Car -1.0 -1.0 -1.0 -1.0 -1.0 -1.0 -1.0 2.039 1.752 4.959 176.132 0.889 1149.418 1.7209470023750026 0.0
22.0 0.0 Car -1.0 -1.0 -1.0 -1.0 -1.0 -1.0 -1.0 2.039 1.752 4.959 176.029 0.896 1148.999 1.797741489462753 0.0
23.0 0.0 Car -1.0 -1.0 -1.0 -1.0 -1.0 -1.0 -1.0 2.039 1.752 4.959 175.958 0.902 1148.574 1.8745359765505039 0.0
24.0 0.0 Car -1.0 -1.0 -1.0 -1.0 -1.0 -1.0 -1.0 2.039 1.752 4.959 175.92 0.909 1148.144 1.9513304636382547 0.0
25.0 0.0 Car -1.0 -1.0 -1.0 -1.0 -1.0 -1.0 -1.0 2.039 1.752 4.959 175.953 0.936 1147.826 2.0124169874580558 0.0
26.0 0.0 Car -1.0 -1.0 -1.0 -1.0 -1.0 -1.0 -1.0 2.039 1.752 4.959 176.006 0.963 1147.511 2.0735035112778575 0.0
27.0 0.0 Car -1.0 -1.0 -1.0 -1.0 -1.0 -1.0 -1.0 2.039 1.752 4.959 176.032 0.939 1147.346 2.0967745679711154 0.0
28.0 0.0 Car -1.0 -1.0 -1.0 -1.0 -1.0 -1.0 -1.0 2.039 1.752 4.959 176.064 0.914 1147.182 2.120045624664373 0.0
29.0 0.0 Car -1.0 -1.0 -1.0 -1.0 -1.0 -1.0 -1.0 2.039 1.752 4.959 176.096 0.89 1147.019 2.1433166813576308 0.0
30.0 0.0 Car -1.0 -1.0 -1.0 -1.0 -1.0 -1.0 -1.0 2.039 1.752 4.959 176.063 0.877 1146.948 2.173859943267532 0.0
