0.0 0.0 Truck -1.0 -1.0 -1.0 -1.0 -1.0 -1.0 -1.0 2.575 3.459 8.443 2337.928 1.848 1371.55 2.6643149163392987 0.0
1.0 0.0 Truck -1.0 -1.0 -1.0 -1.0 -1.0 -1.0 -1.0 2.575 3.459 8.443 2334.298 1.832 1373.658 2.6410438596460413 1.0
2.0 0.0 Truck -1.0 -1.0 -1.0 -1.0 -1.0 -1.0 -1.0 2.575 3.459 8.443 2330.744 1.765 1375.892 2.6177728029527834 1.0
3.0 0.0 Truck -1.0 -1.0 -1.0 -1.0 -1.0 -1.0 -1.0 2.575 3.459 8.443 2327.19 1.698 1378.126 2.5945017462595255 1.0
4.0 0.0 Truck -1.0 -1.0 -1.0 -1.0 -1.0 -1.0 -1.0 2.575 3.459 8.443 2323.728 1.698 1380.252 2.597410628346183 1.0
5.0 0.0 Truck -1.0 -1.0 -1.0 -1.0 -1.0 -1.0 -1.0 2.575 3.459 8.443 2320.327 1.662 1382.111 2.5828662179128967 1.0
6.0 0.0 Truck -1.0 -1.0 -1.0 -1.0 -1.0 -1.0 -1.0 2.575 3.459 8.443 2317.091 1.707 1383.921 2.6032283925194974 0.0
7.0 0.0 Truck -1.0 -1.0 -1.0 -1.0 -1.0 -1.0 -1.0 2.575 3.459 8.443 2313.951 1.704 1385.724 2.6759504446859275 0.0
8.0 0.0 Truck -1.0 -1.0 -1.0 -1.0 -1.0 -1.0 -1.0 2.575 3.459 8.443 2310.858 1.651 1387.384 2.7137659118124713 0.0
9.0 0.0 Truck -1.0 -1.0 -1.0 -1.0 -1.0 -1.0 -1.0 2.575 3.459 8.443 2307.839 1.648 1388.939 2.716674793899129 0.0
10.0 0.0 Truck -1.0 -1.0 -1.0 -1.0 -1.0 -1.0 -1.0 2.575 3.459 8.443 2304.946 1.648 1390.296 2.7254014401591005 0.0
11.0 0.0 Truck -1.0 -1.0 -1.0 -1.0 -1.0 -1.0 -1.0 2.575 3.459 8.443 2301.805 1.648 1391.634 2.734128086419072 0.0
12.0 0.0 Truck -1.0 -1.0 -1.0 -1.0 -1.0 -1.0 -1.0 2.575 3.459 8.443 2299.151 1.707 1392.779 2.734128086419072 0.0
13.0 0.0 Truck -1.0 -1.0 -1.0 -1.0 -1.0 -1.0 -1.0 2.575 3.459 8.443 2296.218 1.607 1393.905 2.769034671458958 0.0
14.0 0.0 Truck -1.0 -1.0 -1.0 -1.0 -1.0 -1.0 -1.0 2.575 3.459 8.443 2293.522 1.483 1394.898 2.769034671458958 0.0
15.0 0.0 Truck -1.0 -1.0 -1.0 -1.0 -1.0 -1.0 -1.0 2.575 3.459 8.443 2290.733 1.527 1395.842 2.7864879639789017 0.0
16.0 0.0 Truck -1.0 -1.0 -1.0 -1.0 -1.0 -1.0 -1.0 2.575 3.459 8.443 2287.943 1.571 1396.786 2.8039412564988453 0.0
17.0 0.0 Truck -1.0 -1.0 -1.0 -1.0 -1.0 -1.0 -1.0 2.575 3.459 8.443 2284.692 1.761 1397.847 2.8213945490187884 0.0
