0.0 2.0 Construction -1.0 -1.0 -1.0 -1.0 -1.0 -1.0 -1.0 2.874 3.655 10.383 1084.429 1.844 1391.186 -2.9056241387249147 0.0
0.0 0.0 Truck -1.0 -1.0 -1.0 -1.0 -1.0 -1.0 -1.0 2.773 3.95 8.98 1086.74 2.114 1384.659 0.16831039386687752 0.0
0.0 3.0 Bus -1.0 -1.0 -1.0 -1.0 -1.0 -1.0 -1.0 2.823 2.817 9.524 1028.294 1.483 1376.141 0.126257118085759 0.0
0.0 4.0 Car -1.0 -1.0 -1.0 -1.0 -1.0 -1.0 -1.0 2.115 2.249 5.71 1072.133 1.31 1380.178 0.2534932716735967 0.0
1.0 2.0 Construction -1.0 -1.0 -1.0 -1.0 -1.0 -1.0 -1.0 2.874 3.655 10.383 1081.838 1.656 1390.733 -2.94707570845978 1.0
1.0 0.0 Truck -1.0 -1.0 -1.0 -1.0 -1.0 -1.0 -1.0 2.773 3.95 8.98 1089.933 2.071 1385.187 0.16831039386687752 1.0
1.0 3.0 Bus -1.0 -1.0 -1.0 -1.0 -1.0 -1.0 -1.0 2.823 2.817 9.524 1031.997 1.54 1376.601 0.126257118085759 1.0
1.0 4.0 Car -1.0 -1.0 -1.0 -1.0 -1.0 -1.0 -1.0 2.115 2.249 5.71 1075.344 1.242 1380.986 0.2534932716735967 1.0
2.0 2.0 Construction -1.0 -1.0 -1.0 -1.0 -1.0 -1.0 -1.0 2.874 3.655 10.383 1079.142 1.634 1390.124 -2.961256508632234 1.0
2.0 0.0 Truck -1.0 -1.0 -1.0 -1.0 -1.0 -1.0 -1.0 2.773 3.95 8.98 1093.175 2.029 1385.721 0.16831039386687752 1.0
2.0 3.0 Bus -1.0 -1.0 -1.0 -1.0 -1.0 -1.0 -1.0 2.823 2.817 9.524 1035.779 1.538 1377.07 0.126257118085759 1.0
2.0 4.0 Car -1.0 -1.0 -1.0 -1.0 -1.0 -1.0 -1.0 2.115 2.249 5.71 1078.556 1.174 1381.795 0.25000426432948397 1.0
3.0 2.0 Construction -1.0 -1.0 -1.0 -1.0 -1.0 -1.0 -1.0 2.874 3.655 10.383 1076.694 1.634 1389.743 -2.9858002012384044 1.0
3.0 0.0 Truck -1.0 -1.0 -1.0 -1.0 -1.0 -1.0 -1.0 2.773 3.95 8.98 1096.406 1.969 1386.254 0.16831039386687752 1.0
3.0 3.0 Bus -1.0 -1.0 -1.0 -1.0 -1.0 -1.0 -1.0 2.823 2.817 9.524 1039.56 1.535 1377.54 0.126257118085759 1.0
3.0 4.0 Car -1.0 -1.0 -1.0 -1.0 -1.0 -1.0 -1.0 2.115 2.249 5.71 1081.703 1.137 1382.572 0.2430262496412583 1.0
4.0 2.0 Construction -1.0 -1.0 -1.0 -1.0 -1.0 -1.0 -1.0 2.874 3.655 10.383 1074.45 1.635 1389.461 -3.0103438938445746 1.0
4.0 0.0 Truck -1.0 -1.0 -1.0 -1.0 -1.0 -1.0 -1.0 2.773 3.95 8.98 1099.173 2.001 1386.779 0.16831039386687752 1.0
4.0 3.0 Bus -1.0 -1.0 -1.0 -1.0 -1.0 -1.0 -1.0 2.823 2.817 9.524 1043.341 1.532 1378.01 0.126257118085759 1.0
4.0 4.0 Car -1.0 -1.0 -1.0 -1.0 -1.0 -1.0 -1.0 2.115 2.249 5.71 1084.416 1.111 1383.212 0.22907022026480695 1.0
5.0 2.0 Construction -1.0 -1.0 -1.0 -1.0 -1.0 -1.0 -1.0 2.874 3.655 10.383 1071.53 1.635 1389.136 -3.0452504788844617 0.0
5.0 0.0 Truck -1.0 -1.0 -1.0 -1.0 -1.0 -1.0 -1.0 2.773 3.95 8.98 1102.372 1.884 1387.307 0.16831039386687752 1.0
5.0 3.0 Bus -1.0 -1.0 -1.0 -1.0 -1.0 -1.0 -1.0 2.823 2.817 9.524 1047.122 1.529 1378.48 0.126257118085759 1.0
5.0 4.0 Car -1.0 -1.0 -1.0 -1.0 -1.0 -1.0 -1.0 2.115 2.249 5.71 1087.492 1.077 1383.897 0.21861145403184776 1.0
6.0 2.0 Construction -1.0 -1.0 -1.0 -1.0 -1.0 -1.0 -1.0 2.874 3.655 10.383 1069.209 1.635 1389.277 -3.115063648964235 0.0
6.0 0.0 Truck -1.0 -1.0 -1.0 -1.0 -1.0 -1.0 -1.0 2.773 3.95 8.98 1105.46 1.884 1387.756 0.1508571013469342 1.0
6.0 3.0 Bus -1.0 -1.0 -1.0 -1.0 -1.0 -1.0 -1.0 2.823 2.817 9.524 1050.904 1.527 1378.949 0.126257118085759 1.0
6.0 4.0 Car -1.0 -1.0 -1.0 -1.0 -1.0 -1.0 -1.0 2.115 2.249 5.71 1090.244 1.059 1384.494 0.206420567825901 1.0
7.0 2.0 Construction -1.0 -1.0 -1.0 -1.0 -1.0 -1.0 -1.0 2.874 3.655 10.383 1066.772 1.797 1389.526 3.0808551956156354 0.0
7.0 0.0 Truck -1.0 -1.0 -1.0 -1.0 -1.0 -1.0 -1.0 2.773 3.95 8.98 1108.234 1.907 1388.157 0.14213045508696265 1.0
7.0 3.0 Bus -1.0 -1.0 -1.0 -1.0 -1.0 -1.0 -1.0 2.823 2.817 9.524 1054.186 1.641 1379.385 0.1358564289717279 1.0
7.0 4.0 Car -1.0 -1.0 -1.0 -1.0 -1.0 -1.0 -1.0 2.115 2.249 5.71 1092.732 1.074 1385.002 0.19076544167397924 1.0
8.0 2.0 Construction -1.0 -1.0 -1.0 -1.0 -1.0 -1.0 -1.0 2.874 3.655 10.383 1064.723 1.757 1390.039 3.011042025535862 0.0
8.0 0.0 Truck -1.0 -1.0 -1.0 -1.0 -1.0 -1.0 -1.0 2.773 3.95 8.98 1111.133 1.941 1388.542 0.13776713195697665 0.0
8.0 3.0 Bus -1.0 -1.0 -1.0 -1.0 -1.0 -1.0 -1.0 2.823 2.817 9.524 1057.449 1.744 1379.838 0.14109241672771078 0.0
8.0 4.0 Car -1.0 -1.0 -1.0 -1.0 -1.0 -1.0 -1.0 2.115 2.249 5.71 1095.212 1.054 1385.514 0.1943617744100223 0.0
9.0 2.0 Construction -1.0 -1.0 -1.0 -1.0 -1.0 -1.0 -1.0 2.874 3.655 10.383 1062.748 1.667 1390.463 2.9237755629361457 0.0
9.0 0.0 Truck -1.0 -1.0 -1.0 -1.0 -1.0 -1.0 -1.0 2.773 3.95 8.98 1113.311 1.921 1388.82 0.13558547039198388 0.0
9.0 3.0 Bus -1.0 -1.0 -1.0 -1.0 -1.0 -1.0 -1.0 2.823 2.817 9.524 1060.063 1.646 1380.2 0.14632840448369366 0.0
9.0 4.0 Car -1.0 -1.0 -1.0 -1.0 -1.0 -1.0 -1.0 2.115 2.249 5.71 1097.237 1.031 1385.899 0.19719111675212256 0.0
10.0 2.0 Construction -1.0 -1.0 -1.0 -1.0 -1.0 -1.0 -1.0 2.874 3.655 10.383 1060.402 1.791 1391.729 2.731789345216769 0.0
10.0 0.0 Truck -1.0 -1.0 -1.0 -1.0 -1.0 -1.0 -1.0 2.773 3.95 8.98 1116.709 1.966 1389.262 0.12576799334951572 0.0
10.0 3.0 Bus -1.0 -1.0 -1.0 -1.0 -1.0 -1.0 -1.0 2.823 2.817 9.524 1063.783 1.686 1380.758 0.14211052545804082 0.0
10.0 4.0 Car -1.0 -1.0 -1.0 -1.0 -1.0 -1.0 -1.0 2.115 2.249 5.71 1100.187 1.002 1386.475 0.19848647830633714 0.0
11.0 2.0 Construction -1.0 -1.0 -1.0 -1.0 -1.0 -1.0 -1.0 2.874 3.655 10.383 1058.515 1.71 1392.876 2.6096162975771655 0.0
11.0 0.0 Truck -1.0 -1.0 -1.0 -1.0 -1.0 -1.0 -1.0 2.773 3.95 8.98 1119.13 1.994 1389.531 0.12085925482828165 1.0
11.0 3.0 Bus -1.0 -1.0 -1.0 -1.0 -1.0 -1.0 -1.0 2.823 2.817 9.524 1066.252 1.695 1381.125 0.15163711429184312 1.0
11.0 4.0 Car -1.0 -1.0 -1.0 -1.0 -1.0 -1.0 -1.0 2.115 2.249 5.71 1102.456 1.008 1386.9 0.19453221671978738 1.0
12.0 2.0 Construction -1.0 -1.0 -1.0 -1.0 -1.0 -1.0 -1.0 2.874 3.655 10.383 1056.936 1.648 1394.078 2.522349834977449 0.0
12.0 0.0 Truck -1.0 -1.0 -1.0 -1.0 -1.0 -1.0 -1.0 2.773 3.95 8.98 1121.536 2.022 1389.923 0.13340380882699085 1.0
12.0 3.0 Bus -1.0 -1.0 -1.0 -1.0 -1.0 -1.0 -1.0 2.823 2.817 9.524 1068.704 1.687 1381.514 0.15481264390311059 1.0
12.0 4.0 Car -1.0 -1.0 -1.0 -1.0 -1.0 -1.0 -1.0 2.115 2.249 5.71 1104.725 1.013 1387.325 0.19057795513323764 1.0
13.0 2.0 Construction -1.0 -1.0 -1.0 -1.0 -1.0 -1.0 -1.0 2.874 3.655 10.383 1055.44 1.685 1395.397 2.417630079857789 0.0
13.0 0.0 Truck -1.0 -1.0 -1.0 -1.0 -1.0 -1.0 -1.0 2.773 3.95 8.98 1123.751 2.026 1390.178 0.1246771625670191 1.0
13.0 3.0 Bus -1.0 -1.0 -1.0 -1.0 -1.0 -1.0 -1.0 2.823 2.817 9.524 1071.051 1.704 1381.906 0.16459780003350466 1.0
13.0 4.0 Car -1.0 -1.0 -1.0 -1.0 -1.0 -1.0 -1.0 2.115 2.249 5.71 1106.859 1.017 1387.737 0.18880535511168084 1.0
14.0 2.0 Construction -1.0 -1.0 -1.0 -1.0 -1.0 -1.0 -1.0 2.874 3.655 10.383 1054.059 1.796 1396.806 2.3129103247381293 0.0
14.0 0.0 Truck -1.0 -1.0 -1.0 -1.0 -1.0 -1.0 -1.0 2.773 3.95 8.98 1125.972 2.008 1390.359 0.11158719317706156 1.0
14.0 3.0 Bus -1.0 -1.0 -1.0 -1.0 -1.0 -1.0 -1.0 2.823 2.817 9.524 1073.46 1.714 1382.322 0.17074685355557717 1.0
14.0 4.0 Car -1.0 -1.0 -1.0 -1.0 -1.0 -1.0 -1.0 2.115 2.249 5.71 1108.954 1.021 1388.111 0.1800787088517093 1.0
14.0 1.0 Car -1.0 -1.0 -1.0 -1.0 -1.0 -1.0 -1.0 1.947 1.446 4.602 1142.798 0.469 1399.718 -3.017115771351017 0.0
15.0 2.0 Construction -1.0 -1.0 -1.0 -1.0 -1.0 -1.0 -1.0 2.874 3.655 10.383 1052.769 1.761 1398.332 2.2780037396982427 0.0
15.0 0.0 Truck -1.0 -1.0 -1.0 -1.0 -1.0 -1.0 -1.0 2.773 3.95 8.98 1127.914 2.007 1390.575 0.10504220848208279 1.0
15.0 3.0 Bus -1.0 -1.0 -1.0 -1.0 -1.0 -1.0 -1.0 2.823 2.817 9.524 1075.741 1.724 1382.716 0.17689590707764988 1.0
15.0 4.0 Car -1.0 -1.0 -1.0 -1.0 -1.0 -1.0 -1.0 2.115 2.249 5.71 1111.076 1.02 1388.491 0.18716910893793637 1.0
15.0 1.0 Car -1.0 -1.0 -1.0 -1.0 -1.0 -1.0 -1.0 1.947 1.446 4.602 1138.4 0.483 1399.197 -3.017115771351017 1.0
16.0 2.0 Construction -1.0 -1.0 -1.0 -1.0 -1.0 -1.0 -1.0 2.874 3.655 10.383 1051.422 2.126 1399.812 2.243097154658356 0.0
16.0 0.0 Truck -1.0 -1.0 -1.0 -1.0 -1.0 -1.0 -1.0 2.773 3.95 8.98 1129.773 1.99 1390.718 0.09304306987462185 1.0
16.0 3.0 Bus -1.0 -1.0 -1.0 -1.0 -1.0 -1.0 -1.0 2.823 2.817 9.524 1078.083 1.726 1383.135 0.17940885799140105 1.0
16.0 4.0 Car -1.0 -1.0 -1.0 -1.0 -1.0 -1.0 -1.0 2.115 2.249 5.71 1113.154 1.064 1388.81 0.16317083172301428 1.0
16.0 1.0 Car -1.0 -1.0 -1.0 -1.0 -1.0 -1.0 -1.0 1.947 1.446 4.602 1134.002 0.497 1398.677 -3.017115771351017 1.0
17.0 0.0 Truck -1.0 -1.0 -1.0 -1.0 -1.0 -1.0 -1.0 2.773 3.95 8.98 1131.625 1.995 1390.841 0.06959020805094808 1.0
17.0 3.0 Bus -1.0 -1.0 -1.0 -1.0 -1.0 -1.0 -1.0 2.823 2.817 9.524 1080.421 1.712 1383.581 0.17464960368850926 1.0
17.0 4.0 Car -1.0 -1.0 -1.0 -1.0 -1.0 -1.0 -1.0 2.115 2.249 5.71 1115.133 1.082 1388.994 0.09772098477322677 1.0
17.0 1.0 Car -1.0 -1.0 -1.0 -1.0 -1.0 -1.0 -1.0 1.947 1.446 4.602 1129.605 0.511 1398.156 -3.017115771351017 0.0
18.0 0.0 Truck -1.0 -1.0 -1.0 -1.0 -1.0 -1.0 -1.0 2.773 3.95 8.98 1133.399 1.989 1391.071 0.06659042339908283 1.0
18.0 3.0 Bus -1.0 -1.0 -1.0 -1.0 -1.0 -1.0 -1.0 2.823 2.817 9.524 1082.769 1.709 1384.007 0.17597206767420248 1.0
18.0 4.0 Car -1.0 -1.0 -1.0 -1.0 -1.0 -1.0 -1.0 2.115 2.249 5.71 1117.277 1.101 1389.018 0.032271137823439267 1.0
18.0 1.0 Car -1.0 -1.0 -1.0 -1.0 -1.0 -1.0 -1.0 1.947 1.446 4.602 1124.818 0.576 1397.54 -3.004298509656683 0.0
19.0 0.0 Truck -1.0 -1.0 -1.0 -1.0 -1.0 -1.0 -1.0 2.773 3.95 8.98 1135.137 1.978 1391.139 0.047637238553206895 1.0
19.0 3.0 Bus -1.0 -1.0 -1.0 -1.0 -1.0 -1.0 -1.0 2.823 2.817 9.524 1085.342 1.706 1384.473 0.17729453165989575 1.0
19.0 4.0 Car -1.0 -1.0 -1.0 -1.0 -1.0 -1.0 -1.0 2.115 2.249 5.71 1119.541 1.107 1389.013 -0.02117957051888708 1.0
19.0 1.0 Car -1.0 -1.0 -1.0 -1.0 -1.0 -1.0 -1.0 1.947 1.446 4.602 1120.48 0.59 1396.935 -3.008934540482293 0.0
20.0 0.0 Truck -1.0 -1.0 -1.0 -1.0 -1.0 -1.0 -1.0 2.773 3.95 8.98 1136.933 1.992 1391.228 0.038160646130268816 1.0
20.0 3.0 Bus -1.0 -1.0 -1.0 -1.0 -1.0 -1.0 -1.0 2.823 2.817 9.524 1088.045 1.702 1384.962 0.17861699564558897 1.0
20.0 4.0 Car -1.0 -1.0 -1.0 -1.0 -1.0 -1.0 -1.0 2.115 2.249 5.71 1122.274 1.162 1388.867 -0.07463027886121343 1.0
20.0 1.0 Car -1.0 -1.0 -1.0 -1.0 -1.0 -1.0 -1.0 1.947 1.446 4.602 1114.758 0.6 1396.103 -2.9833000170936264 0.0
21.0 0.0 Truck -1.0 -1.0 -1.0 -1.0 -1.0 -1.0 -1.0 2.773 3.95 8.98 1138.298 2.019 1391.315 0.0334223499188 1.0
21.0 3.0 Bus -1.0 -1.0 -1.0 -1.0 -1.0 -1.0 -1.0 2.823 2.817 9.524 1090.225 1.683 1385.362 0.17861699564558897 1.0
21.0 4.0 Car -1.0 -1.0 -1.0 -1.0 -1.0 -1.0 -1.0 2.115 2.249 5.71 1124.554 1.109 1388.572 -0.10953686390110007 1.0
21.0 1.0 Car -1.0 -1.0 -1.0 -1.0 -1.0 -1.0 -1.0 1.947 1.446 4.602 1109.891 0.615 1395.334 -2.970755463094917 0.0
22.0 0.0 Truck -1.0 -1.0 -1.0 -1.0 -1.0 -1.0 -1.0 2.773 3.95 8.98 1139.699 2.015 1391.35 0.02232655555309382 1.0
22.0 3.0 Bus -1.0 -1.0 -1.0 -1.0 -1.0 -1.0 -1.0 2.823 2.817 9.524 1092.147 1.663 1385.715 0.17861699564558897 1.0
22.0 4.0 Car -1.0 -1.0 -1.0 -1.0 -1.0 -1.0 -1.0 2.115 2.249 5.71 1126.778 1.112 1388.385 -0.1008102176411283 1.0
22.0 1.0 Car -1.0 -1.0 -1.0 -1.0 -1.0 -1.0 -1.0 1.947 1.446 4.602 1105.596 0.631 1394.601 -2.9756642016161514 0.0
23.0 0.0 Truck -1.0 -1.0 -1.0 -1.0 -1.0 -1.0 -1.0 2.773 3.95 8.98 1140.982 2.024 1391.4 0.016778658370240725 0.0
23.0 3.0 Bus -1.0 -1.0 -1.0 -1.0 -1.0 -1.0 -1.0 2.823 2.817 9.524 1094.488 1.644 1386.145 0.17861699564558897 1.0
23.0 4.0 Car -1.0 -1.0 -1.0 -1.0 -1.0 -1.0 -1.0 2.115 2.249 5.71 1129.002 1.114 1388.199 -0.09208357138115675 1.0
23.0 1.0 Car -1.0 -1.0 -1.0 -1.0 -1.0 -1.0 -1.0 1.947 1.446 4.602 1100.372 0.684 1393.723 -2.96693755535618 0.0
24.0 0.0 Truck -1.0 -1.0 -1.0 -1.0 -1.0 -1.0 -1.0 2.773 3.95 8.98 1142.008 2.023 1391.419 0.005278063518842524 0.0
24.0 3.0 Bus -1.0 -1.0 -1.0 -1.0 -1.0 -1.0 -1.0 2.823 2.817 9.524 1096.636 1.625 1386.539 0.17861699564558897 1.0
24.0 4.0 Car -1.0 -1.0 -1.0 -1.0 -1.0 -1.0 -1.0 2.115 2.249 5.71 1131.39 1.099 1388.029 -0.06590363260124188 1.0
24.0 1.0 Car -1.0 -1.0 -1.0 -1.0 -1.0 -1.0 -1.0 1.947 1.446 4.602 1095.132 0.726 1392.81 -2.9658467245736833 0.0
25.0 0.0 Truck -1.0 -1.0 -1.0 -1.0 -1.0 -1.0 -1.0 2.773 3.95 8.98 1142.852 2.015 1391.448 0.008254412353115194 0.0
25.0 3.0 Bus -1.0 -1.0 -1.0 -1.0 -1.0 -1.0 -1.0 2.823 2.817 9.524 1098.784 1.605 1386.933 0.17861699564558897 1.0
25.0 4.0 Car -1.0 -1.0 -1.0 -1.0 -1.0 -1.0 -1.0 2.115 2.249 5.71 1133.523 1.08 1387.851 -0.07026695573122764 1.0
25.0 1.0 Car -1.0 -1.0 -1.0 -1.0 -1.0 -1.0 -1.0 1.947 1.446 4.602 1089.911 0.77 1391.869 -2.9740279554424065 0.0
26.0 0.0 Truck -1.0 -1.0 -1.0 -1.0 -1.0 -1.0 -1.0 2.773 3.95 8.98 1143.419 1.965 1391.442 0.0010159405102796448 0.0
26.0 3.0 Bus -1.0 -1.0 -1.0 -1.0 -1.0 -1.0 -1.0 2.823 2.817 9.524 1100.975 1.61 1387.302 0.17512633714160034 1.0
26.0 4.0 Car -1.0 -1.0 -1.0 -1.0 -1.0 -1.0 -1.0 2.115 2.249 5.71 1135.59 1.057 1387.771 -0.05540438631971334 1.0
26.0 1.0 Car -1.0 -1.0 -1.0 -1.0 -1.0 -1.0 -1.0 1.947 1.446 4.602 1084.614 0.83 1390.973 -2.978118570876768 0.0
27.0 0.0 Truck -1.0 -1.0 -1.0 -1.0 -1.0 -1.0 -1.0 2.773 3.95 8.98 1143.802 1.917 1391.454 -0.002603295411137907 0.0
27.0 3.0 Bus -1.0 -1.0 -1.0 -1.0 -1.0 -1.0 -1.0 2.823 2.817 9.524 1103.166 1.615 1387.67 0.17163567863761164 0.0
27.0 4.0 Car -1.0 -1.0 -1.0 -1.0 -1.0 -1.0 -1.0 2.115 2.249 5.71 1137.422 1.035 1387.703 -0.040541816908199024 0.0
27.0 1.0 Car -1.0 -1.0 -1.0 -1.0 -1.0 -1.0 -1.0 1.947 1.446 4.602 1079.851 0.896 1390.195 -2.984527201723935 0.0
28.0 0.0 Truck -1.0 -1.0 -1.0 -1.0 -1.0 -1.0 -1.0 2.773 3.95 8.98 1143.999 1.908 1391.464 -0.004412913371846905 0.0
28.0 3.0 Bus -1.0 -1.0 -1.0 -1.0 -1.0 -1.0 -1.0 2.823 2.817 9.524 1105.26 1.619 1388.022 0.16814502013362298 0.0
28.0 4.0 Car -1.0 -1.0 -1.0 -1.0 -1.0 -1.0 -1.0 2.115 2.249 5.71 1139.063 1.012 1387.648 -0.026088309040121164 0.0
28.0 1.0 Car -1.0 -1.0 -1.0 -1.0 -1.0 -1.0 -1.0 1.947 1.446 4.602 1075.684 0.965 1389.523 -2.9833681940175327 0.0
29.0 0.0 Truck -1.0 -1.0 -1.0 -1.0 -1.0 -1.0 -1.0 2.773 3.95 8.98 1144.18 1.92 1391.482 -0.005317722352201404 0.0
29.0 3.0 Bus -1.0 -1.0 -1.0 -1.0 -1.0 -1.0 -1.0 2.823 2.817 9.524 1107.246 1.624 1388.356 0.1646543616296343 0.0
29.0 4.0 Car -1.0 -1.0 -1.0 -1.0 -1.0 -1.0 -1.0 2.115 2.249 5.71 1140.551 0.988 1387.574 -0.03120157833307324 0.0
30.0 0.0 Truck -1.0 -1.0 -1.0 -1.0 -1.0 -1.0 -1.0 2.773 3.95 8.98 1144.209 1.903 1391.48 -0.005770126842378431 0.0
30.0 3.0 Bus -1.0 -1.0 -1.0 -1.0 -1.0 -1.0 -1.0 2.823 2.817 9.524 1109.361 1.629 1388.712 0.16116370312564565 0.0
30.0 4.0 Car -1.0 -1.0 -1.0 -1.0 -1.0 -1.0 -1.0 2.115 2.249 5.71 1141.333 0.964 1387.522 -0.036314847626025326 0.0
31.0 0.0 Truck -1.0 -1.0 -1.0 -1.0 -1.0 -1.0 -1.0 2.773 3.95 8.98 1144.284 1.914 1391.448 -0.014722975347438716 0.0
31.0 3.0 Bus -1.0 -1.0 -1.0 -1.0 -1.0 -1.0 -1.0 2.823 2.817 9.524 1111.304 1.635 1388.979 0.15389149790900247 0.0
31.0 4.0 Car -1.0 -1.0 -1.0 -1.0 -1.0 -1.0 -1.0 2.115 2.249 5.71 1142.173 0.94 1387.5 -0.03759316494926335 0.0
32.0 0.0 Truck -1.0 -1.0 -1.0 -1.0 -1.0 -1.0 -1.0 2.773 3.95 8.98 1144.32 1.915 1391.401 -0.019199399599968858 0.0
32.0 3.0 Bus -1.0 -1.0 -1.0 -1.0 -1.0 -1.0 -1.0 2.823 2.817 9.524 1113.19 1.636 1389.242 0.14916456451818452 0.0
32.0 4.0 Car -1.0 -1.0 -1.0 -1.0 -1.0 -1.0 -1.0 2.115 2.249 5.71 1142.542 0.916 1387.495 -0.038871482272501374 0.0
33.0 0.0 Truck -1.0 -1.0 -1.0 -1.0 -1.0 -1.0 -1.0 2.773 3.95 8.98 1144.32 1.864 1391.409 -0.021437611726233815 0.0
33.0 3.0 Bus -1.0 -1.0 -1.0 -1.0 -1.0 -1.0 -1.0 2.823 2.817 9.524 1115.078 1.637 1389.506 0.14443763112736652 0.0
33.0 4.0 Car -1.0 -1.0 -1.0 -1.0 -1.0 -1.0 -1.0 2.115 2.249 5.71 1142.576 0.927 1387.493 -0.03899322677947637 0.0
34.0 0.0 Truck -1.0 -1.0 -1.0 -1.0 -1.0 -1.0 -1.0 2.773 3.95 8.98 1144.338 1.875 1391.381 -0.03128336404933796 0.0
34.0 3.0 Bus -1.0 -1.0 -1.0 -1.0 -1.0 -1.0 -1.0 2.823 2.817 9.524 1116.446 1.638 1389.694 0.13971069773654854 0.0
34.0 4.0 Car -1.0 -1.0 -1.0 -1.0 -1.0 -1.0 -1.0 2.115 2.249 5.71 1142.609 0.938 1387.491 -0.03911497128645137 0.0
35.0 3.0 Bus -1.0 -1.0 -1.0 -1.0 -1.0 -1.0 -1.0 2.823 2.817 9.524 1117.815 1.639 1389.882 0.13498376434573053 0.0
35.0 4.0 Car -1.0 -1.0 -1.0 -1.0 -1.0 -1.0 -1.0 2.115 2.249 5.71 1142.642 0.949 1387.49 -0.03923671579342658 0.0
36.0 3.0 Bus -1.0 -1.0 -1.0 -1.0 -1.0 -1.0 -1.0 2.823 2.817 9.524 1118.982 1.634 1390.049 0.13280210278073756 0.0
36.0 4.0 Car -1.0 -1.0 -1.0 -1.0 -1.0 -1.0 -1.0 2.115 2.249 5.71 1142.675 0.96 1387.488 -0.039358460300401577 0.0
37.0 3.0 Bus -1.0 -1.0 -1.0 -1.0 -1.0 -1.0 -1.0 2.823 2.817 9.524 1120.213 1.63 1390.225 0.1306204412157448 0.0
37.0 4.0 Car -1.0 -1.0 -1.0 -1.0 -1.0 -1.0 -1.0 2.115 2.249 5.71 1142.708 0.97 1387.486 -0.03948020480737657 0.0
38.0 3.0 Bus -1.0 -1.0 -1.0 -1.0 -1.0 -1.0 -1.0 2.823 2.817 9.524 1121.055 1.625 1390.351 0.12843877965075198 0.0
38.0 4.0 Car -1.0 -1.0 -1.0 -1.0 -1.0 -1.0 -1.0 2.115 2.249 5.71 1142.741 0.981 1387.485 -0.03960194931435179 0.0
