0.0 5.0 Car -1.0 -1.0 -1.0 -1.0 -1.0 -1.0 -1.0 2.224 1.863 4.774 840.423 0.742 353.784 -0.6972939427604584 0.0
0.0 0.0 Car -1.0 -1.0 -1.0 -1.0 -1.0 -1.0 -1.0 1.945 1.658 4.684 808.584 1.021 383.32 -0.6653893240363611 0.0
0.0 2.0 Truck -1.0 -1.0 -1.0 -1.0 -1.0 -1.0 -1.0 3.282 3.346 8.206 862.772 1.815 337.928 -0.6972939427604584 0.0
0.0 1.0 Car -1.0 -1.0 -1.0 -1.0 -1.0 -1.0 -1.0 2.136 1.742 4.764 878.473 0.98 331.509 2.741388656115709 0.0
0.0 4.0 Truck -1.0 -1.0 -1.0 -1.0 -1.0 -1.0 -1.0 2.594 3.405 7.109 781.947 2.145 410.219 2.4670927108964724 0.0
0.0 3.0 Truck -1.0 -1.0 -1.0 -1.0 -1.0 -1.0 -1.0 2.481 2.0 5.919 846.685 0.942 349.083 -0.7147472352804013 0.0
1.0 5.0 Car -1.0 -1.0 -1.0 -1.0 -1.0 -1.0 -1.0 2.224 1.863 4.774 841.658 0.856 352.71 -0.6972939427604584 1.0
1.0 0.0 Car -1.0 -1.0 -1.0 -1.0 -1.0 -1.0 -1.0 1.945 1.658 4.684 810.74 1.021 381.295 -0.6741208558502828 1.0
1.0 2.0 Truck -1.0 -1.0 -1.0 -1.0 -1.0 -1.0 -1.0 3.282 3.346 8.206 863.129 1.815 337.643 -0.6972939427604584 1.0
1.0 1.0 Car -1.0 -1.0 -1.0 -1.0 -1.0 -1.0 -1.0 2.136 1.742 4.764 875.906 0.968 333.513 2.4446826832766733 1.0
1.0 4.0 Truck -1.0 -1.0 -1.0 -1.0 -1.0 -1.0 -1.0 2.594 3.405 7.109 777.89 2.12 413.82 2.4147523755524443 1.0
1.0 3.0 Truck -1.0 -1.0 -1.0 -1.0 -1.0 -1.0 -1.0 2.481 2.0 5.919 847.107 0.942 348.699 -0.7147472352804013 1.0
2.0 5.0 Car -1.0 -1.0 -1.0 -1.0 -1.0 -1.0 -1.0 2.224 1.863 4.774 842.193 0.841 352.308 -0.6798313155760898 1.0
2.0 0.0 Car -1.0 -1.0 -1.0 -1.0 -1.0 -1.0 -1.0 1.945 1.658 4.684 813.016 0.971 379.421 -0.647936031516418 1.0
2.0 2.0 Truck -1.0 -1.0 -1.0 -1.0 -1.0 -1.0 -1.0 3.282 3.346 8.206 863.486 1.815 337.357 -0.6972939427604584 1.0
2.0 1.0 Car -1.0 -1.0 -1.0 -1.0 -1.0 -1.0 -1.0 2.136 1.742 4.764 872.555 0.957 336.19 2.4446826832766733 1.0
2.0 4.0 Truck -1.0 -1.0 -1.0 -1.0 -1.0 -1.0 -1.0 2.594 3.405 7.109 772.933 2.195 418.176 2.4147328333366427 1.0
2.0 3.0 Truck -1.0 -1.0 -1.0 -1.0 -1.0 -1.0 -1.0 2.481 2.0 5.919 847.529 0.942 348.315 -0.7147472352804013 1.0
3.0 5.0 Car -1.0 -1.0 -1.0 -1.0 -1.0 -1.0 -1.0 2.224 1.863 4.774 842.728 0.825 351.906 -0.6623873577205722 1.0
3.0 0.0 Car -1.0 -1.0 -1.0 -1.0 -1.0 -1.0 -1.0 1.945 1.658 4.684 816.088 0.921 377.061 -0.6469566101315634 1.0
3.0 2.0 Truck -1.0 -1.0 -1.0 -1.0 -1.0 -1.0 -1.0 3.282 3.346 8.206 864.144 1.815 336.82 -0.6972939427604584 1.0
3.0 1.0 Car -1.0 -1.0 -1.0 -1.0 -1.0 -1.0 -1.0 2.136 1.742 4.764 869.207 0.945 338.864 2.4446826832766733 1.0
3.0 4.0 Truck -1.0 -1.0 -1.0 -1.0 -1.0 -1.0 -1.0 2.594 3.405 7.109 771.942 2.19 419.268 2.4103742577873737 1.0
3.0 3.0 Truck -1.0 -1.0 -1.0 -1.0 -1.0 -1.0 -1.0 2.481 2.0 5.919 847.95 0.942 347.931 -0.7147472352804013 1.0
4.0 5.0 Car -1.0 -1.0 -1.0 -1.0 -1.0 -1.0 -1.0 2.224 1.863 4.774 843.016 0.83 351.668 -0.6623873577205722 1.0
4.0 0.0 Car -1.0 -1.0 -1.0 -1.0 -1.0 -1.0 -1.0 1.945 1.658 4.684 819.165 0.871 374.698 -0.6459761013388681 1.0
4.0 2.0 Truck -1.0 -1.0 -1.0 -1.0 -1.0 -1.0 -1.0 3.282 3.346 8.206 864.802 1.815 336.282 -0.6972939427604584 1.0
4.0 1.0 Car -1.0 -1.0 -1.0 -1.0 -1.0 -1.0 -1.0 2.136 1.742 4.764 865.785 0.933 341.814 2.4446826832766733 1.0
4.0 4.0 Truck -1.0 -1.0 -1.0 -1.0 -1.0 -1.0 -1.0 2.594 3.405 7.109 770.95 2.184 420.361 2.4060108431062446 1.0
4.0 3.0 Truck -1.0 -1.0 -1.0 -1.0 -1.0 -1.0 -1.0 2.481 2.0 5.919 848.065 0.942 347.813 -0.7147472352804013 0.0
5.0 5.0 Car -1.0 -1.0 -1.0 -1.0 -1.0 -1.0 -1.0 2.224 1.863 4.774 843.304 0.834 351.43 -0.6623873577205722 1.0
5.0 0.0 Car -1.0 -1.0 -1.0 -1.0 -1.0 -1.0 -1.0 1.945 1.658 4.684 821.047 0.871 373.235 -0.6537359088685833 1.0
5.0 2.0 Truck -1.0 -1.0 -1.0 -1.0 -1.0 -1.0 -1.0 3.282 3.346 8.206 865.462 1.815 335.743 -0.6972939427604584 1.0
5.0 1.0 Car -1.0 -1.0 -1.0 -1.0 -1.0 -1.0 -1.0 2.136 1.742 4.764 862.359 0.921 344.768 2.4446826832766733 1.0
5.0 4.0 Truck -1.0 -1.0 -1.0 -1.0 -1.0 -1.0 -1.0 2.594 3.405 7.109 769.957 2.179 421.456 2.4016424585059077 1.0
5.0 3.0 Truck -1.0 -1.0 -1.0 -1.0 -1.0 -1.0 -1.0 2.481 2.0 5.919 848.18 0.942 347.696 -0.7147472352804013 0.0
6.0 5.0 Car -1.0 -1.0 -1.0 -1.0 -1.0 -1.0 -1.0 2.224 1.863 4.774 843.506 0.838 351.264 -0.6711231957771009 0.0
6.0 0.0 Car -1.0 -1.0 -1.0 -1.0 -1.0 -1.0 -1.0 1.945 1.658 4.684 823.668 0.871 371.243 -0.6547057269728671 1.0
6.0 2.0 Truck -1.0 -1.0 -1.0 -1.0 -1.0 -1.0 -1.0 3.282 3.346 8.206 866.418 1.815 334.9 -0.6972939427604584 0.0
6.0 1.0 Car -1.0 -1.0 -1.0 -1.0 -1.0 -1.0 -1.0 2.136 1.742 4.764 858.712 0.96 347.934 2.4446826832766733 1.0
6.0 4.0 Truck -1.0 -1.0 -1.0 -1.0 -1.0 -1.0 -1.0 2.594 3.405 7.109 768.965 2.174 422.549 2.397279540816699 1.0
6.0 3.0 Truck -1.0 -1.0 -1.0 -1.0 -1.0 -1.0 -1.0 2.481 2.0 5.919 848.885 0.952 347.065 -0.718242274606011 0.0
7.0 5.0 Car -1.0 -1.0 -1.0 -1.0 -1.0 -1.0 -1.0 2.224 1.863 4.774 843.708 0.842 351.098 -0.6798406502405152 0.0
7.0 0.0 Car -1.0 -1.0 -1.0 -1.0 -1.0 -1.0 -1.0 1.945 1.658 4.684 825.756 0.871 369.66 -0.6556735042035324 1.0
7.0 2.0 Truck -1.0 -1.0 -1.0 -1.0 -1.0 -1.0 -1.0 3.282 3.346 8.206 867.373 1.815 334.059 -0.6972939427604584 0.0
7.0 1.0 Car -1.0 -1.0 -1.0 -1.0 -1.0 -1.0 -1.0 2.136 1.742 4.764 855.073 0.998 351.094 2.4446826832766733 1.0
7.0 4.0 Truck -1.0 -1.0 -1.0 -1.0 -1.0 -1.0 -1.0 2.594 3.405 7.109 765.964 2.169 424.872 2.4147328333366427 1.0
7.0 3.0 Truck -1.0 -1.0 -1.0 -1.0 -1.0 -1.0 -1.0 2.481 2.0 5.919 849.59 0.962 346.435 -0.7217299590126681 0.0
8.0 5.0 Car -1.0 -1.0 -1.0 -1.0 -1.0 -1.0 -1.0 2.224 1.863 4.774 844.08 0.846 350.783 -0.6798406502405152 0.0
8.0 0.0 Car -1.0 -1.0 -1.0 -1.0 -1.0 -1.0 -1.0 1.945 1.658 4.684 827.717 0.871 368.111 -0.6692663531123935 1.0
8.0 2.0 Truck -1.0 -1.0 -1.0 -1.0 -1.0 -1.0 -1.0 3.282 3.346 8.206 868.328 1.815 333.217 -0.6972939427604584 0.0
8.0 1.0 Car -1.0 -1.0 -1.0 -1.0 -1.0 -1.0 -1.0 2.136 1.742 4.764 851.43 1.036 354.258 2.4446826832766733 1.0
8.0 4.0 Truck -1.0 -1.0 -1.0 -1.0 -1.0 -1.0 -1.0 2.594 3.405 7.109 764.284 2.164 426.733 2.4093124702267392 1.0
8.0 3.0 Truck -1.0 -1.0 -1.0 -1.0 -1.0 -1.0 -1.0 2.481 2.0 5.919 850.295 0.972 345.805 -0.7252218621952489 0.0
9.0 5.0 Car -1.0 -1.0 -1.0 -1.0 -1.0 -1.0 -1.0 2.224 1.863 4.774 844.451 0.85 350.468 -0.6798406502405152 0.0
9.0 0.0 Car -1.0 -1.0 -1.0 -1.0 -1.0 -1.0 -1.0 1.945 1.658 4.684 829.675 0.871 366.564 -0.6828426165563042 1.0
9.0 2.0 Truck -1.0 -1.0 -1.0 -1.0 -1.0 -1.0 -1.0 3.282 3.346 8.206 869.283 1.815 332.376 -0.6972939427604584 0.0
9.0 1.0 Car -1.0 -1.0 -1.0 -1.0 -1.0 -1.0 -1.0 2.136 1.742 4.764 847.568 1.025 357.492 2.4446826832766733 1.0
9.0 4.0 Truck -1.0 -1.0 -1.0 -1.0 -1.0 -1.0 -1.0 2.594 3.405 7.109 762.606 2.159 428.592 2.4038987208328404 1.0
9.0 3.0 Truck -1.0 -1.0 -1.0 -1.0 -1.0 -1.0 -1.0 2.481 2.0 5.919 850.999 0.982 345.175 -0.7287095046935361 0.0
10.0 5.0 Car -1.0 -1.0 -1.0 -1.0 -1.0 -1.0 -1.0 2.224 1.863 4.774 844.822 0.854 350.153 -0.6798406502405152 0.0
10.0 0.0 Car -1.0 -1.0 -1.0 -1.0 -1.0 -1.0 -1.0 1.945 1.658 4.684 831.209 0.871 365.28 -0.6828426165563042 1.0
10.0 2.0 Truck -1.0 -1.0 -1.0 -1.0 -1.0 -1.0 -1.0 3.282 3.346 8.206 870.022 1.815 331.716 -0.6972939427604584 0.0
10.0 1.0 Car -1.0 -1.0 -1.0 -1.0 -1.0 -1.0 -1.0 2.136 1.742 4.764 843.703 1.013 360.729 2.4446826832766733 1.0
10.0 4.0 Truck -1.0 -1.0 -1.0 -1.0 -1.0 -1.0 -1.0 2.594 3.405 7.109 760.926 2.154 430.452 2.3984797238347677 1.0
10.0 3.0 Truck -1.0 -1.0 -1.0 -1.0 -1.0 -1.0 -1.0 2.481 2.0 5.919 851.704 0.992 344.545 -0.7322005278003446 0.0
11.0 5.0 Car -1.0 -1.0 -1.0 -1.0 -1.0 -1.0 -1.0 2.224 1.863 4.774 845.335 0.911 349.739 -0.6890250805579562 0.0
11.0 0.0 Car -1.0 -1.0 -1.0 -1.0 -1.0 -1.0 -1.0 1.945 1.658 4.684 832.742 0.871 363.997 -0.6828426165563042 1.0
11.0 2.0 Truck -1.0 -1.0 -1.0 -1.0 -1.0 -1.0 -1.0 3.282 3.346 8.206 870.76 1.815 331.056 -0.6972939427604584 0.0
11.0 1.0 Car -1.0 -1.0 -1.0 -1.0 -1.0 -1.0 -1.0 2.136 1.742 4.764 839.841 1.001 363.963 2.4446826832766733 1.0
11.0 4.0 Truck -1.0 -1.0 -1.0 -1.0 -1.0 -1.0 -1.0 2.594 3.405 7.109 759.248 2.149 432.311 2.3930659310722393 1.0
11.0 3.0 Truck -1.0 -1.0 -1.0 -1.0 -1.0 -1.0 -1.0 2.481 2.0 5.919 852.413 1.002 343.92 -0.7291928137441963 0.0
12.0 5.0 Car -1.0 -1.0 -1.0 -1.0 -1.0 -1.0 -1.0 2.224 1.863 4.774 845.745 0.957 349.409 -0.6963787609107337 0.0
12.0 0.0 Car -1.0 -1.0 -1.0 -1.0 -1.0 -1.0 -1.0 1.945 1.658 4.684 833.511 0.871 363.395 -0.6934712412638788 1.0
12.0 2.0 Truck -1.0 -1.0 -1.0 -1.0 -1.0 -1.0 -1.0 3.282 3.346 8.206 871.351 1.815 330.528 -0.6972939427604584 0.0
12.0 1.0 Car -1.0 -1.0 -1.0 -1.0 -1.0 -1.0 -1.0 2.136 1.742 4.764 836.75 0.992 366.553 2.4446826832766733 1.0
12.0 4.0 Truck -1.0 -1.0 -1.0 -1.0 -1.0 -1.0 -1.0 2.594 3.405 7.109 757.905 2.145 433.799 2.388731279918513 1.0
12.0 3.0 Truck -1.0 -1.0 -1.0 -1.0 -1.0 -1.0 -1.0 2.481 2.0 5.919 852.98 1.01 343.42 -0.726784633051762 0.0
13.0 5.0 Car -1.0 -1.0 -1.0 -1.0 -1.0 -1.0 -1.0 2.224 1.863 4.774 846.257 1.013 348.996 -0.7055530563647082 0.0
13.0 0.0 Car -1.0 -1.0 -1.0 -1.0 -1.0 -1.0 -1.0 1.945 1.658 4.684 834.47 0.871 362.644 -0.7067312877520125 1.0
13.0 2.0 Truck -1.0 -1.0 -1.0 -1.0 -1.0 -1.0 -1.0 3.282 3.346 8.206 872.088 1.815 329.868 -0.6972939427604584 0.0
13.0 1.0 Car -1.0 -1.0 -1.0 -1.0 -1.0 -1.0 -1.0 2.136 1.742 4.764 832.892 0.98 369.783 2.4446826832766733 1.0
13.0 4.0 Truck -1.0 -1.0 -1.0 -1.0 -1.0 -1.0 -1.0 2.594 3.405 7.109 755.986 2.14 435.468 2.3904379237772364 1.0
13.0 3.0 Truck -1.0 -1.0 -1.0 -1.0 -1.0 -1.0 -1.0 2.481 2.0 5.919 853.688 1.02 342.797 -0.7237802379571882 0.0
14.0 5.0 Car -1.0 -1.0 -1.0 -1.0 -1.0 -1.0 -1.0 2.224 1.863 4.774 846.77 1.07 348.582 -0.7147472352804013 0.0
14.0 0.0 Car -1.0 -1.0 -1.0 -1.0 -1.0 -1.0 -1.0 1.945 1.658 4.684 835.397 0.871 361.849 -0.6986759951776021 1.0
14.0 2.0 Truck -1.0 -1.0 -1.0 -1.0 -1.0 -1.0 -1.0 3.282 3.346 8.206 872.827 1.815 329.208 -0.6972939427604584 0.0
14.0 1.0 Car -1.0 -1.0 -1.0 -1.0 -1.0 -1.0 -1.0 2.136 1.742 4.764 828.979 0.969 372.964 2.4446826832766733 1.0
14.0 4.0 Truck -1.0 -1.0 -1.0 -1.0 -1.0 -1.0 -1.0 2.594 3.405 7.109 754.062 2.135 437.14 2.392148266447274 1.0
14.0 3.0 Truck -1.0 -1.0 -1.0 -1.0 -1.0 -1.0 -1.0 2.481 2.0 5.919 854.398 1.03 342.171 -0.7207693314334643 0.0
15.0 5.0 Car -1.0 -1.0 -1.0 -1.0 -1.0 -1.0 -1.0 2.224 1.863 4.774 848.751 1.027 346.852 -0.7147472352804013 0.0
15.0 0.0 Car -1.0 -1.0 -1.0 -1.0 -1.0 -1.0 -1.0 1.945 1.658 4.684 836.324 0.871 361.054 -0.6906200902270414 0.0
15.0 2.0 Truck -1.0 -1.0 -1.0 -1.0 -1.0 -1.0 -1.0 3.282 3.346 8.206 872.917 1.815 329.091 -0.6972939427604584 0.0
15.0 1.0 Car -1.0 -1.0 -1.0 -1.0 -1.0 -1.0 -1.0 2.136 1.742 4.764 825.066 0.957 376.145 2.4446826832766733 1.0
15.0 4.0 Truck -1.0 -1.0 -1.0 -1.0 -1.0 -1.0 -1.0 2.594 3.405 7.109 752.139 2.13 438.813 2.393858739140282 1.0
15.0 3.0 Truck -1.0 -1.0 -1.0 -1.0 -1.0 -1.0 -1.0 2.481 2.0 5.919 855.108 1.04 341.546 -0.7177581960158391 0.0
16.0 5.0 Car -1.0 -1.0 -1.0 -1.0 -1.0 -1.0 -1.0 2.224 1.863 4.774 850.731 0.984 345.121 -0.7147472352804013 0.0
16.0 0.0 Car -1.0 -1.0 -1.0 -1.0 -1.0 -1.0 -1.0 1.945 1.658 4.684 837.251 0.871 360.258 -0.6825646526161742 0.0
16.0 2.0 Truck -1.0 -1.0 -1.0 -1.0 -1.0 -1.0 -1.0 3.282 3.346 8.206 873.007 1.815 328.974 -0.6972939427604584 0.0
16.0 1.0 Car -1.0 -1.0 -1.0 -1.0 -1.0 -1.0 -1.0 2.136 1.742 4.764 821.179 0.97 379.178 2.4446826832766733 1.0
16.0 4.0 Truck -1.0 -1.0 -1.0 -1.0 -1.0 -1.0 -1.0 2.594 3.405 7.109 750.216 2.125 440.486 2.3955691126052336 1.0
17.0 5.0 Car -1.0 -1.0 -1.0 -1.0 -1.0 -1.0 -1.0 2.224 1.863 4.774 851.824 0.991 344.121 -0.7409131981657757 0.0
17.0 0.0 Car -1.0 -1.0 -1.0 -1.0 -1.0 -1.0 -1.0 1.945 1.658 4.684 838.114 0.871 359.521 -0.6882898690384986 0.0
17.0 2.0 Truck -1.0 -1.0 -1.0 -1.0 -1.0 -1.0 -1.0 3.282 3.346 8.206 873.097 1.815 328.857 -0.6972939427604584 0.0
17.0 1.0 Car -1.0 -1.0 -1.0 -1.0 -1.0 -1.0 -1.0 2.136 1.742 4.764 817.291 0.984 382.211 2.4446826832766733 1.0
17.0 4.0 Truck -1.0 -1.0 -1.0 -1.0 -1.0 -1.0 -1.0 2.594 3.405 7.109 748.292 2.12 442.158 2.397279540816699 1.0
18.0 0.0 Car -1.0 -1.0 -1.0 -1.0 -1.0 -1.0 -1.0 1.945 1.658 4.684 838.977 0.871 358.783 -0.6940212014230972 0.0
18.0 1.0 Car -1.0 -1.0 -1.0 -1.0 -1.0 -1.0 -1.0 2.136 1.742 4.764 813.611 0.972 385.092 2.4446826832766733 1.0
18.0 4.0 Truck -1.0 -1.0 -1.0 -1.0 -1.0 -1.0 -1.0 2.594 3.405 7.109 745.041 2.065 445.15 2.400772428718162 1.0
19.0 0.0 Car -1.0 -1.0 -1.0 -1.0 -1.0 -1.0 -1.0 1.945 1.658 4.684 839.839 0.871 358.045 -0.6997466583607918 0.0
19.0 1.0 Car -1.0 -1.0 -1.0 -1.0 -1.0 -1.0 -1.0 2.136 1.742 4.764 809.935 0.96 387.969 2.4446826832766733 1.0
19.0 4.0 Truck -1.0 -1.0 -1.0 -1.0 -1.0 -1.0 -1.0 2.594 3.405 7.109 741.794 2.01 448.138 2.4042617359029554 1.0
20.0 0.0 Car -1.0 -1.0 -1.0 -1.0 -1.0 -1.0 -1.0 1.945 1.658 4.684 840.701 0.871 357.308 -0.7054714968303917 0.0
20.0 1.0 Car -1.0 -1.0 -1.0 -1.0 -1.0 -1.0 -1.0 2.136 1.742 4.764 806.379 0.974 390.811 2.4446826832766733 1.0
20.0 4.0 Truck -1.0 -1.0 -1.0 -1.0 -1.0 -1.0 -1.0 2.594 3.405 7.109 738.546 1.955 451.126 2.407750666170205 1.0
21.0 0.0 Car -1.0 -1.0 -1.0 -1.0 -1.0 -1.0 -1.0 1.945 1.658 4.684 841.564 0.871 356.57 -0.7112029551992318 0.0
21.0 1.0 Car -1.0 -1.0 -1.0 -1.0 -1.0 -1.0 -1.0 2.136 1.742 4.764 802.819 0.987 393.655 2.4446826832766733 1.0
21.0 4.0 Truck -1.0 -1.0 -1.0 -1.0 -1.0 -1.0 -1.0 2.594 3.405 7.109 735.295 1.9 454.117 2.411243630851167 1.0
22.0 0.0 Car -1.0 -1.0 -1.0 -1.0 -1.0 -1.0 -1.0 1.945 1.658 4.684 842.461 0.871 355.771 -0.707569901650496 0.0
22.0 1.0 Car -1.0 -1.0 -1.0 -1.0 -1.0 -1.0 -1.0 2.136 1.742 4.764 799.598 1.002 396.225 2.4446826832766733 1.0
22.0 4.0 Truck -1.0 -1.0 -1.0 -1.0 -1.0 -1.0 -1.0 2.594 3.405 7.109 732.047 1.845 457.105 2.4147328333366427 1.0
23.0 0.0 Car -1.0 -1.0 -1.0 -1.0 -1.0 -1.0 -1.0 1.945 1.658 4.684 843.269 0.871 355.052 -0.7042986424975347 0.0
23.0 1.0 Car -1.0 -1.0 -1.0 -1.0 -1.0 -1.0 -1.0 2.136 1.742 4.764 796.697 1.015 398.538 2.4446826832766733 1.0
23.0 4.0 Truck -1.0 -1.0 -1.0 -1.0 -1.0 -1.0 -1.0 2.594 3.405 7.109 729.217 1.876 459.507 2.421016247305212 1.0
24.0 0.0 Car -1.0 -1.0 -1.0 -1.0 -1.0 -1.0 -1.0 1.945 1.658 4.684 844.258 0.871 354.171 -0.7002959090762473 0.0
24.0 1.0 Car -1.0 -1.0 -1.0 -1.0 -1.0 -1.0 -1.0 2.136 1.742 4.764 793.817 1.002 400.928 2.4446826832766733 1.0
24.0 4.0 Truck -1.0 -1.0 -1.0 -1.0 -1.0 -1.0 -1.0 2.594 3.405 7.109 725.753 1.915 462.445 2.428704672439312 1.0
25.0 0.0 Car -1.0 -1.0 -1.0 -1.0 -1.0 -1.0 -1.0 1.945 1.658 4.684 845.21 0.871 353.353 -0.7002959090762473 0.0
25.0 1.0 Car -1.0 -1.0 -1.0 -1.0 -1.0 -1.0 -1.0 2.136 1.742 4.764 791.203 0.99 403.097 2.4446826832766733 1.0
25.0 4.0 Truck -1.0 -1.0 -1.0 -1.0 -1.0 -1.0 -1.0 2.594 3.405 7.109 722.609 1.95 465.111 2.4356827535675496 1.0
26.0 0.0 Car -1.0 -1.0 -1.0 -1.0 -1.0 -1.0 -1.0 1.945 1.658 4.684 846.163 0.871 352.534 -0.7002959090762473 0.0
26.0 1.0 Car -1.0 -1.0 -1.0 -1.0 -1.0 -1.0 -1.0 2.136 1.742 4.764 788.788 0.97 405.125 2.4446826832766733 1.0
26.0 4.0 Truck -1.0 -1.0 -1.0 -1.0 -1.0 -1.0 -1.0 2.594 3.405 7.109 719.465 1.985 467.778 2.442660750937036 1.0
27.0 1.0 Car -1.0 -1.0 -1.0 -1.0 -1.0 -1.0 -1.0 2.136 1.742 4.764 786.374 0.95 407.153 2.4446826832766733 1.0
27.0 4.0 Truck -1.0 -1.0 -1.0 -1.0 -1.0 -1.0 -1.0 2.594 3.405 7.109 716.321 2.019 470.445 2.4496394183765293 1.0
28.0 1.0 Car -1.0 -1.0 -1.0 -1.0 -1.0 -1.0 -1.0 2.136 1.742 4.764 783.96 0.93 409.18 2.4446826832766733 0.0
28.0 4.0 Truck -1.0 -1.0 -1.0 -1.0 -1.0 -1.0 -1.0 2.594 3.405 7.109 712.126 1.934 474.137 2.442661605330945 0.0
29.0 1.0 Car -1.0 -1.0 -1.0 -1.0 -1.0 -1.0 -1.0 2.136 1.742 4.764 781.686 0.935 411.126 2.4446826832766733 0.0
29.0 4.0 Truck -1.0 -1.0 -1.0 -1.0 -1.0 -1.0 -1.0 2.594 3.405 7.109 707.926 1.849 477.835 2.435675583799755 0.0
30.0 1.0 Car -1.0 -1.0 -1.0 -1.0 -1.0 -1.0 -1.0 2.136 1.742 4.764 779.415 0.94 413.07 2.4446826832766733 0.0
30.0 4.0 Truck -1.0 -1.0 -1.0 -1.0 -1.0 -1.0 -1.0 2.594 3.405 7.109 703.731 1.764 481.528 2.4286971425537414 0.0
31.0 1.0 Car -1.0 -1.0 -1.0 -1.0 -1.0 -1.0 -1.0 2.136 1.742 4.764 777.617 0.97 414.626 2.434205208180777 0.0
31.0 4.0 Truck -1.0 -1.0 -1.0 -1.0 -1.0 -1.0 -1.0 2.594 3.405 7.109 698.692 1.662 485.964 2.420314156828477 0.0
32.0 1.0 Car -1.0 -1.0 -1.0 -1.0 -1.0 -1.0 -1.0 2.136 1.742 4.764 776.42 0.99 415.662 2.4272293907567297 0.0
32.0 4.0 Truck -1.0 -1.0 -1.0 -1.0 -1.0 -1.0 -1.0 2.594 3.405 7.109 695.337 1.594 488.918 2.4147328333366427 0.0
33.0 1.0 Car -1.0 -1.0 -1.0 -1.0 -1.0 -1.0 -1.0 2.136 1.742 4.764 775.893 1.006 416.17 2.432649706234066 0.0
33.0 4.0 Truck -1.0 -1.0 -1.0 -1.0 -1.0 -1.0 -1.0 2.594 3.405 7.109 692.491 1.563 491.327 2.4147328333366427 0.0
34.0 1.0 Car -1.0 -1.0 -1.0 -1.0 -1.0 -1.0 -1.0 2.136 1.742 4.764 775.309 1.023 416.732 2.4386628950601055 0.0
34.0 4.0 Truck -1.0 -1.0 -1.0 -1.0 -1.0 -1.0 -1.0 2.594 3.405 7.109 689.333 1.528 493.999 2.4147328333366427 0.0
35.0 1.0 Car -1.0 -1.0 -1.0 -1.0 -1.0 -1.0 -1.0 2.136 1.742 4.764 774.724 1.04 417.296 2.4446826832766733 0.0
35.0 4.0 Truck -1.0 -1.0 -1.0 -1.0 -1.0 -1.0 -1.0 2.594 3.405 7.109 686.173 1.493 496.674 2.4147328333366427 0.0
36.0 1.0 Car -1.0 -1.0 -1.0 -1.0 -1.0 -1.0 -1.0 2.136 1.742 4.764 774.542 1.04 417.407 2.4446826832766733 0.0
36.0 4.0 Truck -1.0 -1.0 -1.0 -1.0 -1.0 -1.0 -1.0 2.594 3.405 7.109 683.012 1.458 499.349 2.4147328333366427 0.0
37.0 1.0 Car -1.0 -1.0 -1.0 -1.0 -1.0 -1.0 -1.0 2.136 1.742 4.764 774.343 1.04 417.529 2.4446826832766733 0.0
37.0 4.0 Truck -1.0 -1.0 -1.0 -1.0 -1.0 -1.0 -1.0 2.594 3.405 7.109 679.533 1.419 502.294 2.4147328333366427 0.0
38.0 1.0 Car -1.0 -1.0 -1.0 -1.0 -1.0 -1.0 -1.0 2.136 1.742 4.764 774.384 1.04 417.58 2.4446826832766733 0.0
38.0 4.0 Truck -1.0 -1.0 -1.0 -1.0 -1.0 -1.0 -1.0 2.594 3.405 7.109 676.43 1.421 504.911 2.420544548338831 0.0
39.0 1.0 Car -1.0 -1.0 -1.0 -1.0 -1.0 -1.0 -1.0 2.136 1.742 4.764 774.386 1.04 417.621 2.4446826832766733 0.0
39.0 4.0 Truck -1.0 -1.0 -1.0 -1.0 -1.0 -1.0 -1.0 2.594 3.405 7.109 673.32 1.422 507.533 2.426368539941998 0.0
