0.0 0.0 Car -1.0 -1.0 -1.0 -1.0 -1.0 -1.0 -1.0 2.269 1.902 4.649 571.681 0.665 725.57 -0.7235786013141432 0.0
1.0 0.0 Car -1.0 -1.0 -1.0 -1.0 -1.0 -1.0 -1.0 2.269 1.902 4.649 575.361 0.704 722.035 -0.7235786013141432 1.0
2.0 0.0 Car -1.0 -1.0 -1.0 -1.0 -1.0 -1.0 -1.0 2.269 1.902 4.649 579.036 0.742 718.502 -0.7235786013141432 1.0
3.0 0.0 Car -1.0 -1.0 -1.0 -1.0 -1.0 -1.0 -1.0 2.269 1.902 4.649 582.711 0.78 714.971 -0.7235786013141432 1.0
4.0 0.0 Car -1.0 -1.0 -1.0 -1.0 -1.0 -1.0 -1.0 2.269 1.902 4.649 586.386 0.819 711.439 -0.7235786013141432 1.0
5.0 0.0 Car -1.0 -1.0 -1.0 -1.0 -1.0 -1.0 -1.0 2.269 1.902 4.649 590.061 0.857 707.907 -0.7235786013141432 1.0
6.0 0.0 Car -1.0 -1.0 -1.0 -1.0 -1.0 -1.0 -1.0 2.269 1.902 4.649 593.02 0.877 705.161 -0.7235786013141432 1.0
7.0 0.0 Car -1.0 -1.0 -1.0 -1.0 -1.0 -1.0 -1.0 2.269 1.902 4.649 596.72 0.901 701.726 -0.7235786013141432 1.0
8.0 0.0 Car -1.0 -1.0 -1.0 -1.0 -1.0 -1.0 -1.0 2.269 1.902 4.649 600.153 0.887 698.528 -0.7235786013141432 1.0
9.0 0.0 Car -1.0 -1.0 -1.0 -1.0 -1.0 -1.0 -1.0 2.269 1.902 4.649 603.408 0.951 695.487 -0.7235786013141432 1.0
10.0 0.0 Car -1.0 -1.0 -1.0 -1.0 -1.0 -1.0 -1.0 2.269 1.902 4.649 606.308 0.976 692.826 -0.7235786013141432 1.0
10.0 1.0 Car -1.0 -1.0 -1.0 -1.0 -1.0 -1.0 -1.0 1.95 1.837 4.187 707.403 0.647 607.801 2.427111581024446 0.0
11.0 0.0 Car -1.0 -1.0 -1.0 -1.0 -1.0 -1.0 -1.0 2.269 1.902 4.649 609.031 1.0 690.322 -0.7235786013141432 1.0
11.0 1.0 Car -1.0 -1.0 -1.0 -1.0 -1.0 -1.0 -1.0 1.95 1.837 4.187 703.085 0.746 611.661 2.427111581024446 1.0
12.0 0.0 Car -1.0 -1.0 -1.0 -1.0 -1.0 -1.0 -1.0 2.269 1.902 4.649 611.698 1.025 687.866 -0.7235786013141432 1.0
12.0 1.0 Car -1.0 -1.0 -1.0 -1.0 -1.0 -1.0 -1.0 1.95 1.837 4.187 698.687 0.796 615.439 2.427111581024446 1.0
13.0 0.0 Car -1.0 -1.0 -1.0 -1.0 -1.0 -1.0 -1.0 2.269 1.902 4.649 614.363 1.05 685.413 -0.7235786013141432 1.0
13.0 1.0 Car -1.0 -1.0 -1.0 -1.0 -1.0 -1.0 -1.0 1.95 1.837 4.187 694.407 0.796 619.343 2.427111581024446 1.0
14.0 0.0 Car -1.0 -1.0 -1.0 -1.0 -1.0 -1.0 -1.0 2.269 1.902 4.649 616.908 1.037 683.096 -0.7235786013141432 1.0
14.0 1.0 Car -1.0 -1.0 -1.0 -1.0 -1.0 -1.0 -1.0 1.95 1.837 4.187 689.913 0.796 623.242 2.427111581024446 1.0
15.0 0.0 Car -1.0 -1.0 -1.0 -1.0 -1.0 -1.0 -1.0 2.269 1.902 4.649 619.447 1.024 680.785 -0.7235786013141432 1.0
15.0 1.0 Car -1.0 -1.0 -1.0 -1.0 -1.0 -1.0 -1.0 1.95 1.837 4.187 684.919 0.745 627.727 2.427111581024446 1.0
16.0 0.0 Car -1.0 -1.0 -1.0 -1.0 -1.0 -1.0 -1.0 2.269 1.902 4.649 621.903 1.022 678.547 -0.7235786013141432 1.0
16.0 1.0 Car -1.0 -1.0 -1.0 -1.0 -1.0 -1.0 -1.0 1.95 1.837 4.187 679.928 0.795 632.018 2.409658288504503 1.0
17.0 0.0 Car -1.0 -1.0 -1.0 -1.0 -1.0 -1.0 -1.0 2.269 1.902 4.649 624.111 1.021 676.534 -0.7235786013141432 1.0
17.0 1.0 Car -1.0 -1.0 -1.0 -1.0 -1.0 -1.0 -1.0 1.95 1.837 4.187 675.472 0.84 635.953 2.409658288504503 1.0
18.0 0.0 Car -1.0 -1.0 -1.0 -1.0 -1.0 -1.0 -1.0 2.269 1.902 4.649 626.482 0.813 674.349 -0.7235786013141432 1.0
18.0 1.0 Car -1.0 -1.0 -1.0 -1.0 -1.0 -1.0 -1.0 1.95 1.837 4.187 670.589 0.89 640.264 2.409658288504503 1.0
19.0 0.0 Car -1.0 -1.0 -1.0 -1.0 -1.0 -1.0 -1.0 2.269 1.902 4.649 628.894 0.906 672.217 -0.7235786013141432 1.0
19.0 1.0 Car -1.0 -1.0 -1.0 -1.0 -1.0 -1.0 -1.0 1.95 1.837 4.187 666.117 0.84 644.204 2.409658288504503 0.0
20.0 0.0 Car -1.0 -1.0 -1.0 -1.0 -1.0 -1.0 -1.0 2.269 1.902 4.649 631.526 0.95 669.844 -0.7235786013141432 1.0
20.0 1.0 Car -1.0 -1.0 -1.0 -1.0 -1.0 -1.0 -1.0 1.95 1.837 4.187 660.501 0.866 649.191 2.409658288504503 0.0
21.0 0.0 Car -1.0 -1.0 -1.0 -1.0 -1.0 -1.0 -1.0 2.269 1.902 4.649 633.919 0.991 667.685 -0.7235786013141432 1.0
21.0 1.0 Car -1.0 -1.0 -1.0 -1.0 -1.0 -1.0 -1.0 1.95 1.837 4.187 655.393 0.89 653.726 2.409658288504503 0.0
22.0 0.0 Car -1.0 -1.0 -1.0 -1.0 -1.0 -1.0 -1.0 2.269 1.902 4.649 636.158 0.976 665.707 -0.7235786013141432 1.0
22.0 1.0 Car -1.0 -1.0 -1.0 -1.0 -1.0 -1.0 -1.0 1.95 1.837 4.187 650.517 0.89 658.071 2.4445648735443894 0.0
23.0 0.0 Car -1.0 -1.0 -1.0 -1.0 -1.0 -1.0 -1.0 2.269 1.902 4.649 638.397 0.962 663.73 -0.7235786013141432 1.0
23.0 1.0 Car -1.0 -1.0 -1.0 -1.0 -1.0 -1.0 -1.0 1.95 1.837 4.187 645.237 0.89 662.491 2.4445648735443894 0.0
24.0 0.0 Car -1.0 -1.0 -1.0 -1.0 -1.0 -1.0 -1.0 2.269 1.902 4.649 640.646 0.948 661.768 -0.7235786013141432 1.0
24.0 1.0 Car -1.0 -1.0 -1.0 -1.0 -1.0 -1.0 -1.0 1.95 1.837 4.187 640.404 0.99 666.781 2.4358429521846894 0.0
25.0 0.0 Car -1.0 -1.0 -1.0 -1.0 -1.0 -1.0 -1.0 2.269 1.902 4.649 642.897 0.933 659.805 -0.7235786013141432 1.0
25.0 1.0 Car -1.0 -1.0 -1.0 -1.0 -1.0 -1.0 -1.0 1.95 1.837 4.187 635.565 1.09 671.077 2.427111581024446 0.0
26.0 0.0 Car -1.0 -1.0 -1.0 -1.0 -1.0 -1.0 -1.0 2.269 1.902 4.649 645.149 0.919 657.842 -0.7235786013141432 1.0
26.0 1.0 Car -1.0 -1.0 -1.0 -1.0 -1.0 -1.0 -1.0 1.95 1.837 4.187 630.461 1.05 675.414 2.413149089461661 0.0
27.0 0.0 Car -1.0 -1.0 -1.0 -1.0 -1.0 -1.0 -1.0 2.269 1.902 4.649 647.439 0.904 655.922 -0.7235786013141432 1.0
27.0 1.0 Car -1.0 -1.0 -1.0 -1.0 -1.0 -1.0 -1.0 1.95 1.837 4.187 625.632 1.135 679.629 2.4210026819660397 0.0
28.0 0.0 Car -1.0 -1.0 -1.0 -1.0 -1.0 -1.0 -1.0 2.269 1.902 4.649 649.595 0.949 654.026 -0.7235786013141432 0.0
28.0 1.0 Car -1.0 -1.0 -1.0 -1.0 -1.0 -1.0 -1.0 1.95 1.837 4.187 620.803 1.22 683.844 2.4288567144018183 0.0
29.0 0.0 Car -1.0 -1.0 -1.0 -1.0 -1.0 -1.0 -1.0 2.269 1.902 4.649 651.534 0.99 652.321 -0.7235786013141432 0.0
29.0 1.0 Car -1.0 -1.0 -1.0 -1.0 -1.0 -1.0 -1.0 1.95 1.837 4.187 616.452 1.222 687.627 2.4359200172817124 0.0
30.0 0.0 Car -1.0 -1.0 -1.0 -1.0 -1.0 -1.0 -1.0 2.269 1.902 4.649 653.907 1.039 650.234 -0.7235786013141432 0.0
30.0 1.0 Car -1.0 -1.0 -1.0 -1.0 -1.0 -1.0 -1.0 1.95 1.837 4.187 610.514 0.89 692.427 2.4445648735443894 0.0
31.0 0.0 Car -1.0 -1.0 -1.0 -1.0 -1.0 -1.0 -1.0 2.269 1.902 4.649 656.032 1.033 648.418 -0.7235786013141432 0.0
32.0 0.0 Car -1.0 -1.0 -1.0 -1.0 -1.0 -1.0 -1.0 2.269 1.902 4.649 658.632 1.025 646.197 -0.7235786013141432 0.0
33.0 0.0 Car -1.0 -1.0 -1.0 -1.0 -1.0 -1.0 -1.0 2.269 1.902 4.649 660.992 1.018 644.181 -0.7235786013141432 0.0
34.0 0.0 Car -1.0 -1.0 -1.0 -1.0 -1.0 -1.0 -1.0 2.269 1.902 4.649 663.359 1.043 642.133 -0.7235786013141432 0.0
35.0 0.0 Car -1.0 -1.0 -1.0 -1.0 -1.0 -1.0 -1.0 2.269 1.902 4.649 665.732 1.068 640.08 -0.7235786013141432 0.0
36.0 0.0 Car -1.0 -1.0 -1.0 -1.0 -1.0 -1.0 -1.0 2.269 1.902 4.649 668.101 1.093 638.029 -0.7235786013141432 0.0
37.0 0.0 Car -1.0 -1.0 -1.0 -1.0 -1.0 -1.0 -1.0 2.269 1.902 4.649 670.479 1.118 635.91 -0.7235786013141432 0.0
38.0 0.0 Car -1.0 -1.0 -1.0 -1.0 -1.0 -1.0 -1.0 2.269 1.902 4.649 672.771 1.143 633.869 -0.7235786013141432 0.0
39.0 0.0 Car -1.0 -1.0 -1.0 -1.0 -1.0 -1.0 -1.0 2.269 1.902 4.649 675.062 1.168 631.827 -0.7235786013141432 0.0
