0.0 5.0 Car -1.0 -1.0 -1.0 -1.0 -1.0 -1.0 -1.0 1.93 1.632 4.424 1203.009 0.834 1571.688 -0.45074873251311004 0.0
0.0 10.0 Car -1.0 -1.0 -1.0 -1.0 -1.0 -1.0 -1.0 1.932 1.614 4.651 1203.544 0.816 1574.563 -0.46130797466615237 0.0
0.0 14.0 Car -1.0 -1.0 -1.0 -1.0 -1.0 -1.0 -1.0 1.793 1.543 4.775 1184.257 0.935 1586.618 -0.3449468736524946 0.0
0.0 7.0 Car -1.0 -1.0 -1.0 -1.0 -1.0 -1.0 -1.0 1.964 1.855 4.316 1201.141 0.994 1583.902 -0.4216017343837011 0.0
0.0 0.0 Car -1.0 -1.0 -1.0 -1.0 -1.0 -1.0 -1.0 2.023 1.658 4.765 1197.043 0.762 1577.651 -0.39838885495328064 0.0
0.0 11.0 Car -1.0 -1.0 -1.0 -1.0 -1.0 -1.0 -1.0 1.984 1.587 4.583 1201.051 0.768 1579.846 -0.45650831942358755 0.0
0.0 15.0 Car -1.0 -1.0 -1.0 -1.0 -1.0 -1.0 -1.0 1.971 1.666 4.56 1209.053 0.966 1579.244 -0.47542768829591475 0.0
0.0 4.0 Car -1.0 -1.0 -1.0 -1.0 -1.0 -1.0 -1.0 2.019 1.525 4.996 1207.787 0.895 1576.384 -0.47171013703203096 0.0
1.0 5.0 Car -1.0 -1.0 -1.0 -1.0 -1.0 -1.0 -1.0 1.93 1.632 4.424 1203.009 0.834 1571.688 -0.444928634622185 1.0
1.0 10.0 Car -1.0 -1.0 -1.0 -1.0 -1.0 -1.0 -1.0 1.932 1.614 4.651 1203.585 0.8 1574.541 -0.46130797466615237 1.0
1.0 14.0 Car -1.0 -1.0 -1.0 -1.0 -1.0 -1.0 -1.0 1.793 1.543 4.775 1184.255 0.938 1586.613 -0.3449468736524946 1.0
1.0 7.0 Car -1.0 -1.0 -1.0 -1.0 -1.0 -1.0 -1.0 1.964 1.855 4.316 1201.941 0.994 1583.546 -0.4285862642033793 1.0
1.0 0.0 Car -1.0 -1.0 -1.0 -1.0 -1.0 -1.0 -1.0 2.023 1.658 4.765 1196.971 0.762 1577.682 -0.39838885495328064 1.0
1.0 11.0 Car -1.0 -1.0 -1.0 -1.0 -1.0 -1.0 -1.0 1.984 1.587 4.583 1201.459 0.768 1579.65 -0.45650831942358755 1.0
1.0 15.0 Car -1.0 -1.0 -1.0 -1.0 -1.0 -1.0 -1.0 1.971 1.666 4.56 1209.751 0.966 1578.885 -0.47542768829591475 1.0
1.0 4.0 Car -1.0 -1.0 -1.0 -1.0 -1.0 -1.0 -1.0 2.019 1.525 4.996 1208.941 0.895 1575.795 -0.47171013703203096 1.0
2.0 5.0 Car -1.0 -1.0 -1.0 -1.0 -1.0 -1.0 -1.0 1.93 1.632 4.424 1203.009 0.834 1571.688 -0.4391150494315692 1.0
2.0 10.0 Car -1.0 -1.0 -1.0 -1.0 -1.0 -1.0 -1.0 1.932 1.614 4.651 1203.627 0.783 1574.519 -0.46130797466615237 1.0
2.0 14.0 Car -1.0 -1.0 -1.0 -1.0 -1.0 -1.0 -1.0 1.793 1.543 4.775 1184.253 0.941 1586.607 -0.3449468736524946 1.0
2.0 7.0 Car -1.0 -1.0 -1.0 -1.0 -1.0 -1.0 -1.0 1.964 1.855 4.316 1202.739 0.994 1583.191 -0.43556297832126534 1.0
2.0 0.0 Car -1.0 -1.0 -1.0 -1.0 -1.0 -1.0 -1.0 2.023 1.658 4.765 1196.898 0.762 1577.713 -0.39838885495328064 1.0
2.0 11.0 Car -1.0 -1.0 -1.0 -1.0 -1.0 -1.0 -1.0 1.984 1.587 4.583 1201.866 0.768 1579.455 -0.45650831942358755 1.0
2.0 15.0 Car -1.0 -1.0 -1.0 -1.0 -1.0 -1.0 -1.0 1.971 1.666 4.56 1210.671 0.966 1578.411 -0.47542768829591475 1.0
2.0 4.0 Car -1.0 -1.0 -1.0 -1.0 -1.0 -1.0 -1.0 2.019 1.525 4.996 1210.095 0.895 1575.208 -0.47171013703203096 1.0
3.0 5.0 Car -1.0 -1.0 -1.0 -1.0 -1.0 -1.0 -1.0 1.93 1.632 4.424 1203.009 0.834 1571.688 -0.433295439993167 1.0
3.0 10.0 Car -1.0 -1.0 -1.0 -1.0 -1.0 -1.0 -1.0 1.932 1.614 4.651 1203.668 0.766 1574.498 -0.46130797466615237 1.0
3.0 14.0 Car -1.0 -1.0 -1.0 -1.0 -1.0 -1.0 -1.0 1.793 1.543 4.775 1184.251 0.945 1586.602 -0.3449468736524946 1.0
3.0 7.0 Car -1.0 -1.0 -1.0 -1.0 -1.0 -1.0 -1.0 1.964 1.855 4.316 1203.539 0.994 1582.836 -0.44254692196330936 1.0
3.0 0.0 Car -1.0 -1.0 -1.0 -1.0 -1.0 -1.0 -1.0 2.023 1.658 4.765 1196.826 0.762 1577.743 -0.39838885495328064 1.0
3.0 11.0 Car -1.0 -1.0 -1.0 -1.0 -1.0 -1.0 -1.0 1.984 1.587 4.583 1202.274 0.768 1579.259 -0.45650831942358755 1.0
3.0 15.0 Car -1.0 -1.0 -1.0 -1.0 -1.0 -1.0 -1.0 1.971 1.666 4.56 1212.743 0.966 1577.356 -0.48127579234146456 1.0
3.0 4.0 Car -1.0 -1.0 -1.0 -1.0 -1.0 -1.0 -1.0 2.019 1.525 4.996 1211.249 0.895 1574.62 -0.47171013703203096 1.0
4.0 5.0 Car -1.0 -1.0 -1.0 -1.0 -1.0 -1.0 -1.0 1.93 1.632 4.424 1203.275 0.834 1571.537 -0.433295439993167 0.0
4.0 10.0 Car -1.0 -1.0 -1.0 -1.0 -1.0 -1.0 -1.0 1.932 1.614 4.651 1203.651 0.791 1574.505 -0.46130797466615237 0.0
4.0 14.0 Car -1.0 -1.0 -1.0 -1.0 -1.0 -1.0 -1.0 1.793 1.543 4.775 1184.247 0.965 1586.591 -0.3449468736524946 0.0
4.0 7.0 Car -1.0 -1.0 -1.0 -1.0 -1.0 -1.0 -1.0 1.964 1.855 4.316 1204.818 0.994 1582.225 -0.4495235802547541 0.0
4.0 0.0 Car -1.0 -1.0 -1.0 -1.0 -1.0 -1.0 -1.0 2.023 1.658 4.765 1196.753 0.762 1577.774 -0.39838885495328064 0.0
4.0 11.0 Car -1.0 -1.0 -1.0 -1.0 -1.0 -1.0 -1.0 1.984 1.587 4.583 1203.113 0.768 1578.81 -0.4783008813047908 0.0
4.0 15.0 Car -1.0 -1.0 -1.0 -1.0 -1.0 -1.0 -1.0 1.971 1.666 4.56 1214.923 0.966 1576.245 -0.4871177958955876 0.0
4.0 4.0 Car -1.0 -1.0 -1.0 -1.0 -1.0 -1.0 -1.0 2.019 1.525 4.996 1211.564 0.895 1574.457 -0.47171013703203096 0.0
5.0 8.0 Car -1.0 -1.0 -1.0 -1.0 -1.0 -1.0 -1.0 2.019 1.73 4.649 1237.029 0.947 1548.398 2.586159072164344 0.0
5.0 5.0 Car -1.0 -1.0 -1.0 -1.0 -1.0 -1.0 -1.0 1.93 1.632 4.424 1203.675 0.834 1571.339 -0.4496588131483401 0.0
5.0 10.0 Car -1.0 -1.0 -1.0 -1.0 -1.0 -1.0 -1.0 1.932 1.614 4.651 1203.635 0.816 1574.512 -0.46130797466615237 0.0
5.0 14.0 Car -1.0 -1.0 -1.0 -1.0 -1.0 -1.0 -1.0 1.793 1.543 4.775 1184.243 0.985 1586.58 -0.3449468736524946 0.0
5.0 7.0 Car -1.0 -1.0 -1.0 -1.0 -1.0 -1.0 -1.0 1.964 1.855 4.316 1206.1 0.994 1581.614 -0.45650831942358755 0.0
5.0 0.0 Car -1.0 -1.0 -1.0 -1.0 -1.0 -1.0 -1.0 2.023 1.658 4.765 1196.681 0.762 1577.804 -0.39838885495328064 0.0
5.0 11.0 Car -1.0 -1.0 -1.0 -1.0 -1.0 -1.0 -1.0 1.984 1.587 4.583 1204.064 0.768 1578.302 -0.5001186849297046 0.0
5.0 15.0 Car -1.0 -1.0 -1.0 -1.0 -1.0 -1.0 -1.0 1.971 1.666 4.56 1217.472 0.966 1574.882 -0.49296656608675304 0.0
5.0 4.0 Car -1.0 -1.0 -1.0 -1.0 -1.0 -1.0 -1.0 2.019 1.525 4.996 1215.319 0.895 1572.482 -0.489163429551974 0.0
6.0 12.0 Car -1.0 -1.0 -1.0 -1.0 -1.0 -1.0 -1.0 1.962 1.466 4.629 1238.728 0.865 1542.879 2.621065657204231 0.0
6.0 9.0 Car -1.0 -1.0 -1.0 -1.0 -1.0 -1.0 -1.0 1.999 1.467 4.574 1239.816 0.267 1538.189 2.586159072164344 0.0
6.0 8.0 Car -1.0 -1.0 -1.0 -1.0 -1.0 -1.0 -1.0 2.019 1.73 4.649 1235.91 0.947 1549.098 2.5512524871244575 1.0
6.0 5.0 Car -1.0 -1.0 -1.0 -1.0 -1.0 -1.0 -1.0 1.93 1.632 4.424 1204.156 0.834 1571.102 -0.46931094112244987 1.0
6.0 10.0 Car -1.0 -1.0 -1.0 -1.0 -1.0 -1.0 -1.0 1.932 1.614 4.651 1203.982 0.816 1574.338 -0.46130797466615237 1.0
6.0 14.0 Car -1.0 -1.0 -1.0 -1.0 -1.0 -1.0 -1.0 1.793 1.543 4.775 1184.672 0.996 1586.425 -0.35301287526769914 1.0
6.0 7.0 Car -1.0 -1.0 -1.0 -1.0 -1.0 -1.0 -1.0 1.964 1.855 4.316 1207.52 0.994 1580.787 -0.4605413202311896 1.0
6.0 0.0 Car -1.0 -1.0 -1.0 -1.0 -1.0 -1.0 -1.0 2.023 1.658 4.765 1197.037 0.762 1577.654 -0.39838885495328064 1.0
6.0 11.0 Car -1.0 -1.0 -1.0 -1.0 -1.0 -1.0 -1.0 1.984 1.587 4.583 1205.849 0.768 1577.34 -0.5263214895033599 1.0
6.0 15.0 Car -1.0 -1.0 -1.0 -1.0 -1.0 -1.0 -1.0 1.971 1.666 4.56 1221.269 0.966 1572.763 -0.5244341255047433 1.0
6.0 4.0 Car -1.0 -1.0 -1.0 -1.0 -1.0 -1.0 -1.0 2.019 1.525 4.996 1218.948 0.895 1570.552 -0.489163429551974 1.0
7.0 6.0 Car -1.0 -1.0 -1.0 -1.0 -1.0 -1.0 -1.0 2.001 1.575 4.767 1214.828 0.445 1552.669 2.6559722422441174 0.0
7.0 12.0 Car -1.0 -1.0 -1.0 -1.0 -1.0 -1.0 -1.0 1.962 1.466 4.629 1233.823 0.749 1545.743 2.621065657204231 1.0
7.0 9.0 Car -1.0 -1.0 -1.0 -1.0 -1.0 -1.0 -1.0 1.999 1.467 4.574 1237.999 0.311 1539.317 2.586159072164344 1.0
7.0 8.0 Car -1.0 -1.0 -1.0 -1.0 -1.0 -1.0 -1.0 2.019 1.73 4.649 1234.31 0.922 1550.088 2.6036133597796907 1.0
7.0 5.0 Car -1.0 -1.0 -1.0 -1.0 -1.0 -1.0 -1.0 1.93 1.632 4.424 1204.556 0.834 1570.905 -0.4856553175529963 1.0
7.0 10.0 Car -1.0 -1.0 -1.0 -1.0 -1.0 -1.0 -1.0 1.932 1.614 4.651 1204.707 0.816 1573.971 -0.46130797466615237 1.0
7.0 14.0 Car -1.0 -1.0 -1.0 -1.0 -1.0 -1.0 -1.0 1.793 1.543 4.775 1185.384 1.006 1586.213 -0.35972124633377317 1.0
7.0 7.0 Car -1.0 -1.0 -1.0 -1.0 -1.0 -1.0 -1.0 1.964 1.855 4.316 1209.522 0.994 1579.804 -0.47262231787343184 1.0
7.0 0.0 Car -1.0 -1.0 -1.0 -1.0 -1.0 -1.0 -1.0 2.023 1.658 4.765 1197.334 0.762 1577.529 -0.39838885495328064 1.0
7.0 11.0 Car -1.0 -1.0 -1.0 -1.0 -1.0 -1.0 -1.0 1.984 1.587 4.583 1207.85 0.768 1576.182 -0.5332923113929585 1.0
7.0 15.0 Car -1.0 -1.0 -1.0 -1.0 -1.0 -1.0 -1.0 1.971 1.666 4.56 1224.696 0.966 1570.803 -0.49288098081585785 1.0
7.0 4.0 Car -1.0 -1.0 -1.0 -1.0 -1.0 -1.0 -1.0 2.019 1.525 4.996 1221.965 0.895 1568.947 -0.489163429551974 1.0
8.0 6.0 Car -1.0 -1.0 -1.0 -1.0 -1.0 -1.0 -1.0 2.001 1.575 4.767 1211.67 0.52 1554.258 2.6559722422441174 1.0
8.0 12.0 Car -1.0 -1.0 -1.0 -1.0 -1.0 -1.0 -1.0 1.962 1.466 4.629 1228.918 0.632 1548.608 2.621065657204231 1.0
8.0 2.0 Car -1.0 -1.0 -1.0 -1.0 -1.0 -1.0 -1.0 2.005 1.581 4.563 1246.461 1.549 1534.722 2.628116787665509 0.0
8.0 9.0 Car -1.0 -1.0 -1.0 -1.0 -1.0 -1.0 -1.0 1.999 1.467 4.574 1236.183 0.354 1540.445 2.586159072164344 0.0
8.0 8.0 Car -1.0 -1.0 -1.0 -1.0 -1.0 -1.0 -1.0 2.019 1.73 4.649 1232.66 0.897 1550.993 2.6559722422441174 1.0
8.0 5.0 Car -1.0 -1.0 -1.0 -1.0 -1.0 -1.0 -1.0 1.93 1.632 4.424 1205.116 0.834 1570.598 -0.4900161325171077 1.0
8.0 10.0 Car -1.0 -1.0 -1.0 -1.0 -1.0 -1.0 -1.0 1.932 1.614 4.651 1205.593 0.796 1573.514 -0.4647977828164773 1.0
8.0 14.0 Car -1.0 -1.0 -1.0 -1.0 -1.0 -1.0 -1.0 1.793 1.543 4.775 1186.402 1.015 1585.885 -0.36642936242055146 1.0
8.0 7.0 Car -1.0 -1.0 -1.0 -1.0 -1.0 -1.0 -1.0 1.964 1.855 4.316 1211.523 0.994 1578.821 -0.48470285632755855 1.0
8.0 0.0 Car -1.0 -1.0 -1.0 -1.0 -1.0 -1.0 -1.0 2.023 1.658 4.765 1197.797 0.778 1577.334 -0.39838885495328064 1.0
8.0 11.0 Car -1.0 -1.0 -1.0 -1.0 -1.0 -1.0 -1.0 1.984 1.587 4.583 1210.138 0.768 1574.844 -0.5228089124234647 1.0
8.0 15.0 Car -1.0 -1.0 -1.0 -1.0 -1.0 -1.0 -1.0 1.971 1.666 4.56 1228.717 1.041 1568.64 -0.5024792415089072 1.0
8.0 4.0 Car -1.0 -1.0 -1.0 -1.0 -1.0 -1.0 -1.0 2.019 1.525 4.996 1224.982 0.895 1567.342 -0.489163429551974 1.0
9.0 6.0 Car -1.0 -1.0 -1.0 -1.0 -1.0 -1.0 -1.0 2.001 1.575 4.767 1208.217 0.595 1556.003 2.6559722422441174 1.0
9.0 12.0 Car -1.0 -1.0 -1.0 -1.0 -1.0 -1.0 -1.0 1.962 1.466 4.629 1224.008 0.665 1551.476 2.621065657204231 1.0
9.0 2.0 Car -1.0 -1.0 -1.0 -1.0 -1.0 -1.0 -1.0 2.005 1.581 4.563 1244.179 1.424 1536.023 2.628116787665509 1.0
9.0 9.0 Car -1.0 -1.0 -1.0 -1.0 -1.0 -1.0 -1.0 1.999 1.467 4.574 1234.364 0.398 1541.574 2.586159072164344 0.0
9.0 8.0 Car -1.0 -1.0 -1.0 -1.0 -1.0 -1.0 -1.0 2.019 1.73 4.649 1230.013 0.872 1552.426 2.6472408327023786 1.0
9.0 5.0 Car -1.0 -1.0 -1.0 -1.0 -1.0 -1.0 -1.0 1.93 1.632 4.424 1205.676 0.834 1570.291 -0.49438188529647104 1.0
9.0 10.0 Car -1.0 -1.0 -1.0 -1.0 -1.0 -1.0 -1.0 1.932 1.614 4.651 1206.48 0.776 1573.056 -0.4682915425281622 1.0
9.0 14.0 Car -1.0 -1.0 -1.0 -1.0 -1.0 -1.0 -1.0 1.793 1.543 4.775 1187.865 1.025 1585.336 -0.3731450742063444 1.0
9.0 7.0 Car -1.0 -1.0 -1.0 -1.0 -1.0 -1.0 -1.0 1.964 1.855 4.316 1213.719 0.994 1577.684 -0.4793293026787167 1.0
9.0 0.0 Car -1.0 -1.0 -1.0 -1.0 -1.0 -1.0 -1.0 2.023 1.658 4.765 1198.26 0.795 1577.139 -0.39838885495328064 1.0
9.0 11.0 Car -1.0 -1.0 -1.0 -1.0 -1.0 -1.0 -1.0 1.984 1.587 4.583 1212.488 0.768 1573.398 -0.5472597532285054 1.0
9.0 15.0 Car -1.0 -1.0 -1.0 -1.0 -1.0 -1.0 -1.0 1.971 1.666 4.56 1233.189 1.116 1566.131 -0.4946350779344924 1.0
9.0 4.0 Car -1.0 -1.0 -1.0 -1.0 -1.0 -1.0 -1.0 2.019 1.525 4.996 1229.06 0.895 1565.05 -0.5345533065882213 1.0
10.0 6.0 Car -1.0 -1.0 -1.0 -1.0 -1.0 -1.0 -1.0 2.001 1.575 4.767 1203.986 0.67 1558.159 2.6559722422441174 0.0
10.0 12.0 Car -1.0 -1.0 -1.0 -1.0 -1.0 -1.0 -1.0 1.962 1.466 4.629 1220.662 0.649 1553.336 2.6341590120321454 0.0
10.0 2.0 Car -1.0 -1.0 -1.0 -1.0 -1.0 -1.0 -1.0 2.005 1.581 4.563 1241.394 1.298 1537.642 2.628116787665509 1.0
10.0 9.0 Car -1.0 -1.0 -1.0 -1.0 -1.0 -1.0 -1.0 1.999 1.467 4.574 1232.386 0.442 1542.84 2.568705779644401 0.0
10.0 8.0 Car -1.0 -1.0 -1.0 -1.0 -1.0 -1.0 -1.0 2.019 1.73 4.649 1227.368 0.847 1553.858 2.6385189497241743 1.0
10.0 5.0 Car -1.0 -1.0 -1.0 -1.0 -1.0 -1.0 -1.0 1.93 1.632 4.424 1206.236 0.834 1569.984 -0.49874287474168655 0.0
10.0 10.0 Car -1.0 -1.0 -1.0 -1.0 -1.0 -1.0 -1.0 1.932 1.614 4.651 1207.366 0.756 1572.599 -0.4717814903096307 1.0
10.0 14.0 Car -1.0 -1.0 -1.0 -1.0 -1.0 -1.0 -1.0 1.793 1.543 4.775 1189.327 1.035 1584.788 -0.37985345869238113 1.0
10.0 7.0 Car -1.0 -1.0 -1.0 -1.0 -1.0 -1.0 -1.0 1.964 1.855 4.316 1215.912 0.994 1576.548 -0.47396161194353054 1.0
10.0 0.0 Car -1.0 -1.0 -1.0 -1.0 -1.0 -1.0 -1.0 2.023 1.658 4.765 1198.724 0.812 1576.944 -0.39838885495328064 1.0
10.0 11.0 Car -1.0 -1.0 -1.0 -1.0 -1.0 -1.0 -1.0 1.984 1.587 4.583 1215.04 0.768 1571.815 -0.5716839164980022 1.0
10.0 15.0 Car -1.0 -1.0 -1.0 -1.0 -1.0 -1.0 -1.0 1.971 1.666 4.56 1237.813 1.116 1563.52 -0.5216778373960125 1.0
10.0 4.0 Car -1.0 -1.0 -1.0 -1.0 -1.0 -1.0 -1.0 2.019 1.525 4.996 1233.253 0.945 1562.555 -0.536293768494454 1.0
11.0 6.0 Car -1.0 -1.0 -1.0 -1.0 -1.0 -1.0 -1.0 2.001 1.575 4.767 1199.715 0.745 1560.257 2.682181117235118 0.0
11.0 12.0 Car -1.0 -1.0 -1.0 -1.0 -1.0 -1.0 -1.0 1.962 1.466 4.629 1217.312 0.632 1555.198 2.647266615821366 0.0
11.0 2.0 Car -1.0 -1.0 -1.0 -1.0 -1.0 -1.0 -1.0 2.005 1.581 4.563 1238.607 1.173 1539.264 2.628116787665509 1.0
11.0 9.0 Car -1.0 -1.0 -1.0 -1.0 -1.0 -1.0 -1.0 1.999 1.467 4.574 1230.406 0.486 1544.106 2.568705779644401 0.0
11.0 8.0 Car -1.0 -1.0 -1.0 -1.0 -1.0 -1.0 -1.0 2.019 1.73 4.649 1224.452 0.847 1555.469 2.6385189497241743 0.0
11.0 5.0 Car -1.0 -1.0 -1.0 -1.0 -1.0 -1.0 -1.0 1.93 1.632 4.424 1206.796 0.834 1569.677 -0.5031086100729394 0.0
11.0 10.0 Car -1.0 -1.0 -1.0 -1.0 -1.0 -1.0 -1.0 1.932 1.614 4.651 1208.252 0.736 1572.142 -0.4752752360582013 1.0
11.0 14.0 Car -1.0 -1.0 -1.0 -1.0 -1.0 -1.0 -1.0 1.793 1.543 4.775 1191.684 1.004 1583.816 -0.3903368388147057 1.0
11.0 7.0 Car -1.0 -1.0 -1.0 -1.0 -1.0 -1.0 -1.0 1.964 1.855 4.316 1218.135 0.994 1575.361 -0.48619236364797214 1.0
11.0 0.0 Car -1.0 -1.0 -1.0 -1.0 -1.0 -1.0 -1.0 2.023 1.658 4.765 1199.408 0.812 1576.656 -0.39838885495328064 1.0
11.0 11.0 Car -1.0 -1.0 -1.0 -1.0 -1.0 -1.0 -1.0 1.984 1.587 4.583 1217.914 0.968 1569.951 -0.5786813670631891 1.0
11.0 15.0 Car -1.0 -1.0 -1.0 -1.0 -1.0 -1.0 -1.0 1.971 1.666 4.56 1242.471 1.166 1560.689 -0.5836566114239403 1.0
11.0 4.0 Car -1.0 -1.0 -1.0 -1.0 -1.0 -1.0 -1.0 2.019 1.525 4.996 1237.415 0.995 1559.998 -0.5729617032166794 1.0
12.0 6.0 Car -1.0 -1.0 -1.0 -1.0 -1.0 -1.0 -1.0 2.001 1.575 4.767 1195.401 0.82 1562.238 2.7083321198039476 0.0
12.0 12.0 Car -1.0 -1.0 -1.0 -1.0 -1.0 -1.0 -1.0 1.962 1.466 4.629 1213.2 0.615 1557.474 2.6603452764079343 0.0
12.0 2.0 Car -1.0 -1.0 -1.0 -1.0 -1.0 -1.0 -1.0 2.005 1.581 4.563 1235.69 1.048 1540.959 2.628116787665509 0.0
12.0 9.0 Car -1.0 -1.0 -1.0 -1.0 -1.0 -1.0 -1.0 1.999 1.467 4.574 1227.37 0.529 1546.039 2.5774318928865605 0.0
12.0 8.0 Car -1.0 -1.0 -1.0 -1.0 -1.0 -1.0 -1.0 2.019 1.73 4.649 1220.666 0.822 1557.467 2.6443322703528547 0.0
12.0 5.0 Car -1.0 -1.0 -1.0 -1.0 -1.0 -1.0 -1.0 1.93 1.632 4.424 1207.438 0.834 1569.361 -0.49438937652353765 0.0
12.0 10.0 Car -1.0 -1.0 -1.0 -1.0 -1.0 -1.0 -1.0 1.932 1.614 4.651 1209.137 0.716 1571.685 -0.47876126718609546 1.0
12.0 14.0 Car -1.0 -1.0 -1.0 -1.0 -1.0 -1.0 -1.0 1.793 1.543 4.775 1194.063 0.974 1582.906 -0.4007970703432646 1.0
12.0 7.0 Car -1.0 -1.0 -1.0 -1.0 -1.0 -1.0 -1.0 1.964 1.855 4.316 1220.354 0.994 1574.176 -0.4983961083471012 1.0
12.0 1.0 Car -1.0 -1.0 -1.0 -1.0 -1.0 -1.0 -1.0 1.998 1.665 4.763 1256.468 1.215 1534.44 2.509608931150807 0.0
12.0 0.0 Car -1.0 -1.0 -1.0 -1.0 -1.0 -1.0 -1.0 2.023 1.658 4.765 1200.09 0.812 1576.369 -0.39838885495328064 1.0
12.0 11.0 Car -1.0 -1.0 -1.0 -1.0 -1.0 -1.0 -1.0 1.984 1.587 4.583 1221.172 0.959 1567.769 -0.5820353138801521 1.0
12.0 15.0 Car -1.0 -1.0 -1.0 -1.0 -1.0 -1.0 -1.0 1.971 1.666 4.56 1247.65 1.216 1557.259 -0.5452408583756873 1.0
12.0 4.0 Car -1.0 -1.0 -1.0 -1.0 -1.0 -1.0 -1.0 2.019 1.525 4.996 1241.888 1.045 1557.169 -0.5485152199691088 1.0
13.0 6.0 Car -1.0 -1.0 -1.0 -1.0 -1.0 -1.0 -1.0 2.001 1.575 4.767 1191.238 0.87 1564.164 2.7083321198039476 0.0
13.0 12.0 Car -1.0 -1.0 -1.0 -1.0 -1.0 -1.0 -1.0 1.962 1.466 4.629 1209.338 0.665 1559.609 2.6734255347640605 0.0
13.0 2.0 Car -1.0 -1.0 -1.0 -1.0 -1.0 -1.0 -1.0 2.005 1.581 4.563 1232.882 0.923 1542.592 2.628116787665509 0.0
13.0 9.0 Car -1.0 -1.0 -1.0 -1.0 -1.0 -1.0 -1.0 1.999 1.467 4.574 1224.334 0.573 1547.972 2.586159072164344 0.0
13.0 8.0 Car -1.0 -1.0 -1.0 -1.0 -1.0 -1.0 -1.0 2.019 1.73 4.649 1216.88 0.797 1559.466 2.6501463011725113 0.0
13.0 5.0 Car -1.0 -1.0 -1.0 -1.0 -1.0 -1.0 -1.0 1.93 1.632 4.424 1207.984 0.834 1569.101 -0.48566907777897755 0.0
13.0 10.0 Car -1.0 -1.0 -1.0 -1.0 -1.0 -1.0 -1.0 1.932 1.614 4.651 1210.109 0.716 1571.132 -0.4993130059665183 1.0
13.0 14.0 Car -1.0 -1.0 -1.0 -1.0 -1.0 -1.0 -1.0 1.793 1.543 4.775 1196.416 0.944 1581.936 -0.411258579757995 1.0
13.0 7.0 Car -1.0 -1.0 -1.0 -1.0 -1.0 -1.0 -1.0 1.964 1.855 4.316 1223.091 1.027 1572.749 -0.5018832781520115 1.0
13.0 1.0 Car -1.0 -1.0 -1.0 -1.0 -1.0 -1.0 -1.0 1.998 1.665 4.763 1256.465 1.265 1534.835 2.4921556386308636 1.0
13.0 0.0 Car -1.0 -1.0 -1.0 -1.0 -1.0 -1.0 -1.0 2.023 1.658 4.765 1200.974 0.812 1575.997 -0.39838885495328064 1.0
13.0 11.0 Car -1.0 -1.0 -1.0 -1.0 -1.0 -1.0 -1.0 1.984 1.587 4.583 1224.431 0.949 1565.586 -0.5853896704358714 1.0
13.0 15.0 Car -1.0 -1.0 -1.0 -1.0 -1.0 -1.0 -1.0 1.971 1.666 4.56 1252.979 1.285 1553.889 -0.5694805050316475 1.0
13.0 4.0 Car -1.0 -1.0 -1.0 -1.0 -1.0 -1.0 -1.0 2.019 1.525 4.996 1246.433 1.095 1554.457 -0.5589765996317464 1.0
14.0 6.0 Car -1.0 -1.0 -1.0 -1.0 -1.0 -1.0 -1.0 2.001 1.575 4.767 1187.066 0.92 1566.094 2.7083321198039476 0.0
14.0 12.0 Car -1.0 -1.0 -1.0 -1.0 -1.0 -1.0 -1.0 1.962 1.466 4.629 1204.811 0.74 1561.898 2.655962977112231 0.0
14.0 2.0 Car -1.0 -1.0 -1.0 -1.0 -1.0 -1.0 -1.0 2.005 1.581 4.563 1229.574 0.798 1544.507 2.628116787665509 0.0
14.0 9.0 Car -1.0 -1.0 -1.0 -1.0 -1.0 -1.0 -1.0 1.999 1.467 4.574 1220.832 0.617 1550.054 2.6134576092013395 0.0
14.0 8.0 Car -1.0 -1.0 -1.0 -1.0 -1.0 -1.0 -1.0 2.019 1.73 4.649 1213.086 0.847 1561.468 2.6559722422441174 0.0
14.0 5.0 Car -1.0 -1.0 -1.0 -1.0 -1.0 -1.0 -1.0 1.93 1.632 4.424 1208.247 0.834 1568.989 -0.47693091518774366 0.0
14.0 10.0 Car -1.0 -1.0 -1.0 -1.0 -1.0 -1.0 -1.0 1.932 1.614 4.651 1210.8 0.766 1570.733 -0.5199425994250735 1.0
14.0 14.0 Car -1.0 -1.0 -1.0 -1.0 -1.0 -1.0 -1.0 1.793 1.543 4.775 1199.889 0.963 1580.298 -0.4217415199522933 1.0
14.0 7.0 Car -1.0 -1.0 -1.0 -1.0 -1.0 -1.0 -1.0 1.964 1.855 4.316 1225.835 1.061 1571.318 -0.5053775915501109 1.0
14.0 1.0 Car -1.0 -1.0 -1.0 -1.0 -1.0 -1.0 -1.0 1.998 1.665 4.763 1255.69 1.215 1535.225 2.457249053590977 1.0
14.0 0.0 Car -1.0 -1.0 -1.0 -1.0 -1.0 -1.0 -1.0 2.023 1.658 4.765 1201.859 0.812 1575.624 -0.39838885495328064 1.0
14.0 11.0 Car -1.0 -1.0 -1.0 -1.0 -1.0 -1.0 -1.0 1.984 1.587 4.583 1228.09 0.939 1563.139 -0.5887508985120461 1.0
14.0 15.0 Car -1.0 -1.0 -1.0 -1.0 -1.0 -1.0 -1.0 1.971 1.666 4.56 1258.319 1.354 1550.512 -0.5937698074785357 1.0
14.0 4.0 Car -1.0 -1.0 -1.0 -1.0 -1.0 -1.0 -1.0 2.019 1.525 4.996 1251.263 1.143 1551.362 -0.5757757768977703 1.0
15.0 6.0 Car -1.0 -1.0 -1.0 -1.0 -1.0 -1.0 -1.0 2.001 1.575 4.767 1182.6 0.92 1568.159 2.7083321198039476 0.0
15.0 12.0 Car -1.0 -1.0 -1.0 -1.0 -1.0 -1.0 -1.0 1.962 1.466 4.629 1200.288 0.815 1564.185 2.6385189497241743 0.0
15.0 2.0 Car -1.0 -1.0 -1.0 -1.0 -1.0 -1.0 -1.0 2.005 1.581 4.563 1226.27 0.673 1546.42 2.628116787665509 0.0
15.0 9.0 Car -1.0 -1.0 -1.0 -1.0 -1.0 -1.0 -1.0 1.999 1.467 4.574 1217.279 0.661 1552.037 2.6407271785978557 0.0
15.0 8.0 Car -1.0 -1.0 -1.0 -1.0 -1.0 -1.0 -1.0 2.019 1.73 4.649 1208.377 0.888 1563.908 2.679782158983983 0.0
15.0 5.0 Car -1.0 -1.0 -1.0 -1.0 -1.0 -1.0 -1.0 1.93 1.632 4.424 1208.51 0.834 1568.877 -0.46820202503305314 0.0
15.0 10.0 Car -1.0 -1.0 -1.0 -1.0 -1.0 -1.0 -1.0 1.932 1.614 4.651 1211.354 0.782 1570.39 -0.5398039762896739 1.0
15.0 14.0 Car -1.0 -1.0 -1.0 -1.0 -1.0 -1.0 -1.0 1.793 1.543 4.775 1203.4 0.933 1578.751 -0.44966662877215485 1.0
15.0 7.0 Car -1.0 -1.0 -1.0 -1.0 -1.0 -1.0 -1.0 1.964 1.855 4.316 1228.575 1.094 1569.889 -0.5088681969834168 1.0
15.0 1.0 Car -1.0 -1.0 -1.0 -1.0 -1.0 -1.0 -1.0 1.998 1.665 4.763 1254.765 1.165 1536.26 2.439795761071034 1.0
15.0 0.0 Car -1.0 -1.0 -1.0 -1.0 -1.0 -1.0 -1.0 2.023 1.658 4.765 1202.744 0.812 1575.252 -0.39838885495328064 0.0
15.0 13.0 Car -1.0 -1.0 -1.0 -1.0 -1.0 -1.0 -1.0 2.0 2.0 4.978 1273.182 1.012 1519.09 2.513588282107509 0.0
15.0 11.0 Car -1.0 -1.0 -1.0 -1.0 -1.0 -1.0 -1.0 1.984 1.587 4.583 1231.955 0.93 1560.555 -0.5921085598459319 1.0
15.0 15.0 Car -1.0 -1.0 -1.0 -1.0 -1.0 -1.0 -1.0 1.971 1.666 4.56 1263.773 1.423 1546.636 -0.6180333355119512 1.0
15.0 4.0 Car -1.0 -1.0 -1.0 -1.0 -1.0 -1.0 -1.0 2.019 1.525 4.996 1256.088 1.191 1548.269 -0.5925571278412064 1.0
16.0 6.0 Car -1.0 -1.0 -1.0 -1.0 -1.0 -1.0 -1.0 2.001 1.575 4.767 1177.22 0.92 1570.58 2.7214155435202634 0.0
16.0 12.0 Car -1.0 -1.0 -1.0 -1.0 -1.0 -1.0 -1.0 1.962 1.466 4.629 1194.458 0.974 1567.133 2.657552118421255 0.0
16.0 2.0 Car -1.0 -1.0 -1.0 -1.0 -1.0 -1.0 -1.0 2.005 1.581 4.563 1222.194 0.523 1548.778 2.610663495145566 0.0
16.0 9.0 Car -1.0 -1.0 -1.0 -1.0 -1.0 -1.0 -1.0 1.999 1.467 4.574 1212.948 0.713 1554.286 2.6734255347640605 0.0
16.0 8.0 Car -1.0 -1.0 -1.0 -1.0 -1.0 -1.0 -1.0 2.019 1.73 4.649 1202.655 1.047 1566.684 2.7083321198039476 0.0
16.0 5.0 Car -1.0 -1.0 -1.0 -1.0 -1.0 -1.0 -1.0 1.93 1.632 4.424 1208.673 0.858 1568.782 -0.4640165065027308 0.0
16.0 10.0 Car -1.0 -1.0 -1.0 -1.0 -1.0 -1.0 -1.0 1.932 1.614 4.651 1212.017 0.801 1569.979 -0.5636193275783862 1.0
16.0 14.0 Car -1.0 -1.0 -1.0 -1.0 -1.0 -1.0 -1.0 1.793 1.543 4.775 1208.201 0.963 1576.439 -0.46222318436312243 1.0
16.0 7.0 Car -1.0 -1.0 -1.0 -1.0 -1.0 -1.0 -1.0 1.964 1.855 4.316 1232.256 1.057 1567.731 -0.5190685592465489 1.0
16.0 1.0 Car -1.0 -1.0 -1.0 -1.0 -1.0 -1.0 -1.0 1.998 1.665 4.763 1253.099 1.083 1537.595 2.4873786828137354 0.0
16.0 0.0 Car -1.0 -1.0 -1.0 -1.0 -1.0 -1.0 -1.0 2.023 1.658 4.765 1203.65 0.824 1574.871 -0.39838885495328064 0.0
16.0 13.0 Car -1.0 -1.0 -1.0 -1.0 -1.0 -1.0 -1.0 2.0 2.0 4.978 1272.149 1.039 1519.84 2.513588282107509 1.0
16.0 11.0 Car -1.0 -1.0 -1.0 -1.0 -1.0 -1.0 -1.0 1.984 1.587 4.583 1236.715 0.918 1557.372 -0.5961346595831323 1.0
16.0 15.0 Car -1.0 -1.0 -1.0 -1.0 -1.0 -1.0 -1.0 1.971 1.666 4.56 1270.766 1.506 1541.628 -0.5982690770598413 1.0
16.0 4.0 Car -1.0 -1.0 -1.0 -1.0 -1.0 -1.0 -1.0 2.019 1.525 4.996 1261.842 1.249 1544.203 -0.6126792860652621 1.0
17.0 6.0 Car -1.0 -1.0 -1.0 -1.0 -1.0 -1.0 -1.0 2.001 1.575 4.767 1172.734 0.92 1572.599 2.732326949557992 0.0
17.0 12.0 Car -1.0 -1.0 -1.0 -1.0 -1.0 -1.0 -1.0 1.962 1.466 4.629 1189.596 1.065 1569.591 2.6734255347640605 0.0
17.0 2.0 Car -1.0 -1.0 -1.0 -1.0 -1.0 -1.0 -1.0 2.005 1.581 4.563 1217.907 0.498 1551.189 2.6455700801854523 0.0
17.0 9.0 Car -1.0 -1.0 -1.0 -1.0 -1.0 -1.0 -1.0 1.999 1.467 4.574 1208.755 0.663 1556.315 2.690878827284004 0.0
17.0 8.0 Car -1.0 -1.0 -1.0 -1.0 -1.0 -1.0 -1.0 2.019 1.73 4.649 1197.471 1.297 1568.988 2.7606919973637774 0.0
17.0 5.0 Car -1.0 -1.0 -1.0 -1.0 -1.0 -1.0 -1.0 1.93 1.632 4.424 1208.75 0.891 1568.733 -0.4605258382225443 0.0
17.0 10.0 Car -1.0 -1.0 -1.0 -1.0 -1.0 -1.0 -1.0 1.932 1.614 4.651 1212.566 0.766 1569.628 -0.583481022305754 1.0
17.0 14.0 Car -1.0 -1.0 -1.0 -1.0 -1.0 -1.0 -1.0 1.793 1.543 4.775 1212.179 0.938 1574.457 -0.4726951892036819 1.0
17.0 7.0 Car -1.0 -1.0 -1.0 -1.0 -1.0 -1.0 -1.0 1.964 1.855 4.316 1235.325 1.025 1565.931 -0.527575529348431 1.0
17.0 1.0 Car -1.0 -1.0 -1.0 -1.0 -1.0 -1.0 -1.0 1.998 1.665 4.763 1251.663 1.015 1538.648 2.5270622236707503 0.0
17.0 0.0 Car -1.0 -1.0 -1.0 -1.0 -1.0 -1.0 -1.0 2.023 1.658 4.765 1204.406 0.834 1574.552 -0.39838885495328064 0.0
17.0 13.0 Car -1.0 -1.0 -1.0 -1.0 -1.0 -1.0 -1.0 2.0 2.0 4.978 1271.287 1.062 1520.466 2.513588282107509 1.0
17.0 11.0 Car -1.0 -1.0 -1.0 -1.0 -1.0 -1.0 -1.0 1.984 1.587 4.583 1241.001 0.913 1554.397 -0.5997701391643383 1.0
17.0 15.0 Car -1.0 -1.0 -1.0 -1.0 -1.0 -1.0 -1.0 1.971 1.666 4.56 1276.532 1.576 1537.463 -0.6325073209754026 1.0
17.0 4.0 Car -1.0 -1.0 -1.0 -1.0 -1.0 -1.0 -1.0 2.019 1.525 4.996 1266.781 1.297 1540.664 -0.6294609055785304 1.0
18.0 6.0 Car -1.0 -1.0 -1.0 -1.0 -1.0 -1.0 -1.0 2.001 1.575 4.767 1168.247 0.92 1574.618 2.743238704843834 0.0
18.0 12.0 Car -1.0 -1.0 -1.0 -1.0 -1.0 -1.0 -1.0 1.962 1.466 4.629 1184.838 1.121 1571.752 2.780035920255758 0.0
18.0 2.0 Car -1.0 -1.0 -1.0 -1.0 -1.0 -1.0 -1.0 2.005 1.581 4.563 1213.664 0.473 1553.356 2.6649537866384883 0.0
18.0 9.0 Car -1.0 -1.0 -1.0 -1.0 -1.0 -1.0 -1.0 1.999 1.467 4.574 1203.547 0.613 1558.624 2.7587217998696296 0.0
18.0 8.0 Car -1.0 -1.0 -1.0 -1.0 -1.0 -1.0 -1.0 2.019 1.73 4.649 1192.942 1.347 1570.893 2.7606919973637774 0.0
18.0 5.0 Car -1.0 -1.0 -1.0 -1.0 -1.0 -1.0 -1.0 1.93 1.632 4.424 1208.827 0.924 1568.684 -0.4570350582143816 0.0
18.0 10.0 Car -1.0 -1.0 -1.0 -1.0 -1.0 -1.0 -1.0 1.932 1.614 4.651 1213.111 0.735 1569.271 -0.583481022305754 1.0
18.0 14.0 Car -1.0 -1.0 -1.0 -1.0 -1.0 -1.0 -1.0 1.793 1.543 4.775 1216.127 0.867 1572.419 -0.4831675292281705 1.0
18.0 7.0 Car -1.0 -1.0 -1.0 -1.0 -1.0 -1.0 -1.0 1.964 1.855 4.316 1238.395 0.994 1564.131 -0.536082771738161 1.0
18.0 1.0 Car -1.0 -1.0 -1.0 -1.0 -1.0 -1.0 -1.0 1.998 1.665 4.763 1249.078 0.926 1540.38 2.539525135787257 0.0
18.0 0.0 Car -1.0 -1.0 -1.0 -1.0 -1.0 -1.0 -1.0 2.023 1.658 4.765 1205.162 0.844 1574.234 -0.39838885495328064 0.0
18.0 13.0 Car -1.0 -1.0 -1.0 -1.0 -1.0 -1.0 -1.0 2.0 2.0 4.978 1270.047 0.978 1521.366 2.513588282107509 0.0
18.0 11.0 Car -1.0 -1.0 -1.0 -1.0 -1.0 -1.0 -1.0 1.984 1.587 4.583 1245.287 0.907 1551.422 -0.6034057351085855 1.0
18.0 15.0 Car -1.0 -1.0 -1.0 -1.0 -1.0 -1.0 -1.0 1.971 1.666 4.56 1282.658 1.719 1532.662 -0.6572317993241144 1.0
18.0 4.0 Car -1.0 -1.0 -1.0 -1.0 -1.0 -1.0 -1.0 2.019 1.525 4.996 1271.58 1.345 1536.876 -0.646243062231462 1.0
19.0 6.0 Car -1.0 -1.0 -1.0 -1.0 -1.0 -1.0 -1.0 2.001 1.575 4.767 1166.103 0.92 1575.52 2.7482292278977587 0.0
19.0 12.0 Car -1.0 -1.0 -1.0 -1.0 -1.0 -1.0 -1.0 1.962 1.466 4.629 1179.658 1.415 1573.21 2.8654117524834373 0.0
19.0 2.0 Car -1.0 -1.0 -1.0 -1.0 -1.0 -1.0 -1.0 2.005 1.581 4.563 1210.267 0.453 1555.092 2.6804766652253393 0.0
19.0 9.0 Car -1.0 -1.0 -1.0 -1.0 -1.0 -1.0 -1.0 1.999 1.467 4.574 1199.27 0.573 1560.215 2.813051874923607 0.0
19.0 8.0 Car -1.0 -1.0 -1.0 -1.0 -1.0 -1.0 -1.0 2.019 1.73 4.649 1188.38 1.547 1572.751 2.7606919973637774 0.0
19.0 5.0 Car -1.0 -1.0 -1.0 -1.0 -1.0 -1.0 -1.0 1.93 1.632 4.424 1208.888 0.951 1568.644 -0.45423956838526097 0.0
19.0 10.0 Car -1.0 -1.0 -1.0 -1.0 -1.0 -1.0 -1.0 1.932 1.614 4.651 1213.547 0.71 1568.986 -0.583481022305754 1.0
19.0 14.0 Car -1.0 -1.0 -1.0 -1.0 -1.0 -1.0 -1.0 1.793 1.543 4.775 1219.266 0.851 1570.742 -0.49155399871553174 1.0
19.0 7.0 Car -1.0 -1.0 -1.0 -1.0 -1.0 -1.0 -1.0 1.964 1.855 4.316 1241.26 1.016 1562.354 -0.5550261013753524 1.0
19.0 1.0 Car -1.0 -1.0 -1.0 -1.0 -1.0 -1.0 -1.0 1.998 1.665 4.763 1247.008 0.854 1541.767 2.5495056971464503 0.0
19.0 0.0 Car -1.0 -1.0 -1.0 -1.0 -1.0 -1.0 -1.0 2.023 1.658 4.765 1205.767 0.852 1573.98 -0.39838885495328064 0.0
19.0 13.0 Car -1.0 -1.0 -1.0 -1.0 -1.0 -1.0 -1.0 2.0 2.0 4.978 1269.054 0.912 1522.087 2.513588282107509 0.0
19.0 11.0 Car -1.0 -1.0 -1.0 -1.0 -1.0 -1.0 -1.0 1.984 1.587 4.583 1248.983 0.903 1548.858 -0.606317196575985 1.0
19.0 15.0 Car -1.0 -1.0 -1.0 -1.0 -1.0 -1.0 -1.0 1.971 1.666 4.56 1287.605 1.834 1528.882 -0.6483447301424765 1.0
19.0 4.0 Car -1.0 -1.0 -1.0 -1.0 -1.0 -1.0 -1.0 2.019 1.525 4.996 1275.692 1.434 1533.857 -0.636758210968353 1.0
20.0 6.0 Car -1.0 -1.0 -1.0 -1.0 -1.0 -1.0 -1.0 2.001 1.575 4.767 1163.426 0.92 1576.646 2.754461086342015 0.0
20.0 12.0 Car -1.0 -1.0 -1.0 -1.0 -1.0 -1.0 -1.0 1.962 1.466 4.629 1174.539 1.571 1575.121 2.8654117524834373 0.0
20.0 2.0 Car -1.0 -1.0 -1.0 -1.0 -1.0 -1.0 -1.0 2.005 1.581 4.563 1206.024 0.628 1557.259 2.6804766652253393 0.0
20.0 8.0 Car -1.0 -1.0 -1.0 -1.0 -1.0 -1.0 -1.0 2.019 1.73 4.649 1182.662 1.797 1575.021 2.7606919973637774 0.0
20.0 5.0 Car -1.0 -1.0 -1.0 -1.0 -1.0 -1.0 -1.0 1.93 1.632 4.424 1208.965 0.984 1568.595 -0.45074873251311004 0.0
20.0 10.0 Car -1.0 -1.0 -1.0 -1.0 -1.0 -1.0 -1.0 1.932 1.614 4.651 1214.092 0.679 1568.629 -0.583481022305754 1.0
20.0 14.0 Car -1.0 -1.0 -1.0 -1.0 -1.0 -1.0 -1.0 1.793 1.543 4.775 1223.186 0.831 1568.648 -0.5020265063319842 1.0
20.0 7.0 Car -1.0 -1.0 -1.0 -1.0 -1.0 -1.0 -1.0 1.964 1.855 4.316 1244.838 1.044 1560.135 -0.5786813670631891 1.0
20.0 1.0 Car -1.0 -1.0 -1.0 -1.0 -1.0 -1.0 -1.0 1.998 1.665 4.763 1244.424 0.765 1543.499 2.561968808710637 0.0
20.0 0.0 Car -1.0 -1.0 -1.0 -1.0 -1.0 -1.0 -1.0 2.023 1.658 4.765 1206.523 0.862 1573.662 -0.39838885495328064 0.0
20.0 13.0 Car -1.0 -1.0 -1.0 -1.0 -1.0 -1.0 -1.0 2.0 2.0 4.978 1267.322 0.912 1523.345 2.513588282107509 0.0
20.0 11.0 Car -1.0 -1.0 -1.0 -1.0 -1.0 -1.0 -1.0 1.984 1.587 4.583 1253.598 0.897 1545.656 -0.6099528507017524 1.0
20.0 15.0 Car -1.0 -1.0 -1.0 -1.0 -1.0 -1.0 -1.0 1.971 1.666 4.56 1293.782 1.978 1524.163 -0.6372471043974711 1.0
20.0 4.0 Car -1.0 -1.0 -1.0 -1.0 -1.0 -1.0 -1.0 2.019 1.525 4.996 1280.641 1.544 1529.927 -0.6554360202864306 1.0
21.0 6.0 Car -1.0 -1.0 -1.0 -1.0 -1.0 -1.0 -1.0 2.001 1.575 4.767 1160.749 0.92 1577.773 2.7606919973637774 0.0
21.0 12.0 Car -1.0 -1.0 -1.0 -1.0 -1.0 -1.0 -1.0 1.962 1.466 4.629 1169.343 1.976 1576.755 2.8654117524834373 0.0
21.0 2.0 Car -1.0 -1.0 -1.0 -1.0 -1.0 -1.0 -1.0 2.005 1.581 4.563 1201.754 0.802 1559.37 2.6804766652253393 0.0
21.0 8.0 Car -1.0 -1.0 -1.0 -1.0 -1.0 -1.0 -1.0 2.019 1.73 4.649 1176.975 2.047 1577.277 2.7606919973637774 0.0
21.0 5.0 Car -1.0 -1.0 -1.0 -1.0 -1.0 -1.0 -1.0 1.93 1.632 4.424 1209.102 0.934 1568.529 -0.45074873251311004 0.0
21.0 10.0 Car -1.0 -1.0 -1.0 -1.0 -1.0 -1.0 -1.0 1.932 1.614 4.651 1214.636 0.648 1568.272 -0.583481022305754 0.0
21.0 14.0 Car -1.0 -1.0 -1.0 -1.0 -1.0 -1.0 -1.0 1.793 1.543 4.775 1227.59 0.85 1566.192 -0.5159880230444841 1.0
21.0 7.0 Car -1.0 -1.0 -1.0 -1.0 -1.0 -1.0 -1.0 1.964 1.855 4.316 1248.422 1.044 1557.794 -0.5856621254194389 1.0
21.0 1.0 Car -1.0 -1.0 -1.0 -1.0 -1.0 -1.0 -1.0 1.998 1.665 4.763 1240.932 0.715 1545.726 2.5706949835959545 0.0
21.0 0.0 Car -1.0 -1.0 -1.0 -1.0 -1.0 -1.0 -1.0 2.023 1.658 4.765 1206.825 0.847 1573.534 -0.39838885495328064 0.0
21.0 13.0 Car -1.0 -1.0 -1.0 -1.0 -1.0 -1.0 -1.0 2.0 2.0 4.978 1265.59 0.912 1524.602 2.513588282107509 0.0
21.0 11.0 Car -1.0 -1.0 -1.0 -1.0 -1.0 -1.0 -1.0 1.984 1.587 4.583 1258.401 0.868 1542.284 -0.6135879521030754 1.0
21.0 15.0 Car -1.0 -1.0 -1.0 -1.0 -1.0 -1.0 -1.0 1.971 1.666 4.56 1299.958 2.122 1519.444 -0.6261511658121387 1.0
21.0 4.0 Car -1.0 -1.0 -1.0 -1.0 -1.0 -1.0 -1.0 2.019 1.525 4.996 1286.243 1.655 1525.494 -0.674110990037974 1.0
22.0 2.0 Car -1.0 -1.0 -1.0 -1.0 -1.0 -1.0 -1.0 2.005 1.581 4.563 1197.484 0.977 1561.481 2.6804766652253393 0.0
22.0 8.0 Car -1.0 -1.0 -1.0 -1.0 -1.0 -1.0 -1.0 2.019 1.73 4.649 1171.299 2.097 1579.564 2.7606919973637774 0.0
22.0 10.0 Car -1.0 -1.0 -1.0 -1.0 -1.0 -1.0 -1.0 1.932 1.614 4.651 1215.181 0.616 1567.916 -0.583481022305754 0.0
22.0 14.0 Car -1.0 -1.0 -1.0 -1.0 -1.0 -1.0 -1.0 1.793 1.543 4.775 1232.502 0.77 1563.297 -0.5299510481166481 1.0
22.0 3.0 Car -1.0 -1.0 -1.0 -1.0 -1.0 -1.0 -1.0 2.018 1.661 4.837 1292.995 2.017 1508.063 2.513588282107509 0.0
22.0 7.0 Car -1.0 -1.0 -1.0 -1.0 -1.0 -1.0 -1.0 1.964 1.855 4.316 1252.006 1.044 1555.453 -0.5926436379555207 1.0
22.0 1.0 Car -1.0 -1.0 -1.0 -1.0 -1.0 -1.0 -1.0 1.998 1.665 4.763 1237.44 0.665 1547.953 2.5794221012305805 0.0
22.0 0.0 Car -1.0 -1.0 -1.0 -1.0 -1.0 -1.0 -1.0 2.023 1.658 4.765 1207.128 0.832 1573.407 -0.39838885495328064 0.0
22.0 13.0 Car -1.0 -1.0 -1.0 -1.0 -1.0 -1.0 -1.0 2.0 2.0 4.978 1263.858 0.912 1525.86 2.513588282107509 0.0
22.0 11.0 Car -1.0 -1.0 -1.0 -1.0 -1.0 -1.0 -1.0 1.984 1.587 4.583 1263.345 0.948 1538.535 -0.6205693165954425 1.0
22.0 15.0 Car -1.0 -1.0 -1.0 -1.0 -1.0 -1.0 -1.0 1.971 1.666 4.56 1306.135 2.266 1514.724 -0.6150540284554595 1.0
22.0 4.0 Car -1.0 -1.0 -1.0 -1.0 -1.0 -1.0 -1.0 2.019 1.525 4.996 1291.347 1.765 1521.262 -0.6840610517893126 1.0
23.0 2.0 Car -1.0 -1.0 -1.0 -1.0 -1.0 -1.0 -1.0 2.005 1.581 4.563 1193.214 1.152 1563.592 2.6804766652253393 0.0
23.0 10.0 Car -1.0 -1.0 -1.0 -1.0 -1.0 -1.0 -1.0 1.932 1.614 4.651 1215.615 0.554 1567.632 -0.583481022305754 0.0
23.0 14.0 Car -1.0 -1.0 -1.0 -1.0 -1.0 -1.0 -1.0 1.793 1.543 4.775 1237.545 0.74 1560.246 -0.5439138776607075 1.0
23.0 3.0 Car -1.0 -1.0 -1.0 -1.0 -1.0 -1.0 -1.0 2.018 1.661 4.837 1290.438 1.793 1509.919 2.513588282107509 1.0
23.0 7.0 Car -1.0 -1.0 -1.0 -1.0 -1.0 -1.0 -1.0 1.964 1.855 4.316 1255.59 1.044 1553.111 -0.5996250527275504 1.0
23.0 1.0 Car -1.0 -1.0 -1.0 -1.0 -1.0 -1.0 -1.0 1.998 1.665 4.763 1233.198 0.565 1550.54 2.6143285116951196 0.0
23.0 0.0 Car -1.0 -1.0 -1.0 -1.0 -1.0 -1.0 -1.0 2.023 1.658 4.765 1207.203 0.767 1573.375 -0.39838885495328064 0.0
23.0 13.0 Car -1.0 -1.0 -1.0 -1.0 -1.0 -1.0 -1.0 2.0 2.0 4.978 1261.876 0.887 1527.299 2.513588282107509 0.0
23.0 11.0 Car -1.0 -1.0 -1.0 -1.0 -1.0 -1.0 -1.0 1.984 1.587 4.583 1268.288 1.028 1534.787 -0.6275505833258306 1.0
23.0 15.0 Car -1.0 -1.0 -1.0 -1.0 -1.0 -1.0 -1.0 1.971 1.666 4.56 1312.235 2.326 1509.89 -0.6223264876651267 1.0
23.0 4.0 Car -1.0 -1.0 -1.0 -1.0 -1.0 -1.0 -1.0 2.019 1.525 4.996 1296.445 1.926 1517.021 -0.6811496472713482 1.0
24.0 10.0 Car -1.0 -1.0 -1.0 -1.0 -1.0 -1.0 -1.0 1.932 1.614 4.651 1216.048 0.491 1567.349 -0.583481022305754 0.0
24.0 14.0 Car -1.0 -1.0 -1.0 -1.0 -1.0 -1.0 -1.0 1.793 1.543 4.775 1242.588 0.709 1557.195 -0.5578768468676988 1.0
24.0 3.0 Car -1.0 -1.0 -1.0 -1.0 -1.0 -1.0 -1.0 2.018 1.661 4.837 1287.881 1.568 1511.776 2.513588282107509 0.0
24.0 7.0 Car -1.0 -1.0 -1.0 -1.0 -1.0 -1.0 -1.0 1.964 1.855 4.316 1259.392 0.969 1550.51 -0.5978798474272374 1.0
24.0 1.0 Car -1.0 -1.0 -1.0 -1.0 -1.0 -1.0 -1.0 1.998 1.665 4.763 1228.869 0.965 1552.977 2.6492352713103537 0.0
24.0 0.0 Car -1.0 -1.0 -1.0 -1.0 -1.0 -1.0 -1.0 2.023 1.658 4.765 1207.279 0.702 1573.343 -0.39838885495328064 0.0
24.0 13.0 Car -1.0 -1.0 -1.0 -1.0 -1.0 -1.0 -1.0 2.0 2.0 4.978 1259.894 0.862 1528.738 2.513588282107509 0.0
24.0 11.0 Car -1.0 -1.0 -1.0 -1.0 -1.0 -1.0 -1.0 1.984 1.587 4.583 1273.232 1.108 1531.039 -0.6345319198862035 1.0
24.0 15.0 Car -1.0 -1.0 -1.0 -1.0 -1.0 -1.0 -1.0 1.971 1.666 4.56 1318.335 2.386 1505.057 -0.6295990196174261 1.0
24.0 4.0 Car -1.0 -1.0 -1.0 -1.0 -1.0 -1.0 -1.0 2.019 1.525 4.996 1301.878 2.025 1512.398 -0.6866997703507787 1.0
25.0 10.0 Car -1.0 -1.0 -1.0 -1.0 -1.0 -1.0 -1.0 1.932 1.614 4.651 1216.481 0.429 1567.066 -0.583481022305754 0.0
25.0 14.0 Car -1.0 -1.0 -1.0 -1.0 -1.0 -1.0 -1.0 1.793 1.543 4.775 1247.578 0.679 1554.061 -0.5718396764117584 1.0
25.0 3.0 Car -1.0 -1.0 -1.0 -1.0 -1.0 -1.0 -1.0 2.018 1.661 4.837 1285.324 1.343 1513.632 2.513588282107509 0.0
25.0 7.0 Car -1.0 -1.0 -1.0 -1.0 -1.0 -1.0 -1.0 1.964 1.855 4.316 1263.193 0.894 1547.908 -0.5961346595831323 1.0
25.0 1.0 Car -1.0 -1.0 -1.0 -1.0 -1.0 -1.0 -1.0 1.998 1.665 4.763 1223.739 0.645 1555.851 2.6492352713103537 0.0
25.0 0.0 Car -1.0 -1.0 -1.0 -1.0 -1.0 -1.0 -1.0 2.023 1.658 4.765 1207.279 0.627 1573.343 -0.39838885495328064 0.0
25.0 13.0 Car -1.0 -1.0 -1.0 -1.0 -1.0 -1.0 -1.0 2.0 2.0 4.978 1257.219 0.887 1530.68 2.513588282107509 0.0
25.0 11.0 Car -1.0 -1.0 -1.0 -1.0 -1.0 -1.0 -1.0 1.984 1.587 4.583 1278.306 1.188 1527.194 -0.6415131866165913 1.0
25.0 15.0 Car -1.0 -1.0 -1.0 -1.0 -1.0 -1.0 -1.0 1.971 1.666 4.56 1324.435 2.447 1500.223 -0.6368714788270937 1.0
25.0 4.0 Car -1.0 -1.0 -1.0 -1.0 -1.0 -1.0 -1.0 2.019 1.525 4.996 1307.311 2.023 1507.775 -0.692249837915766 0.0
26.0 10.0 Car -1.0 -1.0 -1.0 -1.0 -1.0 -1.0 -1.0 1.932 1.614 4.651 1216.915 0.366 1566.783 -0.583481022305754 0.0
26.0 14.0 Car -1.0 -1.0 -1.0 -1.0 -1.0 -1.0 -1.0 1.793 1.543 4.775 1252.844 0.571 1550.416 -0.595213981649843 1.0
26.0 3.0 Car -1.0 -1.0 -1.0 -1.0 -1.0 -1.0 -1.0 2.018 1.661 4.837 1282.767 1.118 1515.489 2.513588282107509 0.0
26.0 7.0 Car -1.0 -1.0 -1.0 -1.0 -1.0 -1.0 -1.0 1.964 1.855 4.316 1267.132 0.783 1545.147 -0.6264357778848345 1.0
26.0 1.0 Car -1.0 -1.0 -1.0 -1.0 -1.0 -1.0 -1.0 1.998 1.665 4.763 1218.609 0.325 1558.724 2.6492352713103537 0.0
26.0 0.0 Car -1.0 -1.0 -1.0 -1.0 -1.0 -1.0 -1.0 2.023 1.658 4.765 1207.279 0.552 1573.343 -0.39838885495328064 0.0
26.0 13.0 Car -1.0 -1.0 -1.0 -1.0 -1.0 -1.0 -1.0 2.0 2.0 4.978 1254.545 0.912 1532.622 2.513588282107509 0.0
26.0 11.0 Car -1.0 -1.0 -1.0 -1.0 -1.0 -1.0 -1.0 1.984 1.587 4.583 1283.38 1.268 1523.349 -0.6484945371429616 1.0
26.0 15.0 Car -1.0 -1.0 -1.0 -1.0 -1.0 -1.0 -1.0 1.971 1.666 4.56 1330.535 2.507 1495.389 -0.6441440253279196 1.0
26.0 4.0 Car -1.0 -1.0 -1.0 -1.0 -1.0 -1.0 -1.0 2.019 1.525 4.996 1312.744 2.147 1503.151 -0.6977999720980849 0.0
27.0 10.0 Car -1.0 -1.0 -1.0 -1.0 -1.0 -1.0 -1.0 1.932 1.614 4.651 1217.261 0.316 1566.556 -0.583481022305754 0.0
27.0 14.0 Car -1.0 -1.0 -1.0 -1.0 -1.0 -1.0 -1.0 1.793 1.543 4.775 1257.055 0.486 1547.502 -0.6139087685795938 0.0
27.0 3.0 Car -1.0 -1.0 -1.0 -1.0 -1.0 -1.0 -1.0 2.018 1.661 4.837 1280.722 0.938 1516.974 2.513588282107509 0.0
27.0 7.0 Car -1.0 -1.0 -1.0 -1.0 -1.0 -1.0 -1.0 1.964 1.855 4.316 1270.221 0.694 1542.854 -0.6506706351186029 0.0
27.0 1.0 Car -1.0 -1.0 -1.0 -1.0 -1.0 -1.0 -1.0 1.998 1.665 4.763 1214.435 0.365 1560.89 2.6492352713103537 0.0
27.0 13.0 Car -1.0 -1.0 -1.0 -1.0 -1.0 -1.0 -1.0 2.0 2.0 4.978 1252.011 0.412 1534.461 2.513588282107509 0.0
27.0 11.0 Car -1.0 -1.0 -1.0 -1.0 -1.0 -1.0 -1.0 1.984 1.587 4.583 1287.753 1.274 1520.054 -0.6455875382514363 0.0
27.0 15.0 Car -1.0 -1.0 -1.0 -1.0 -1.0 -1.0 -1.0 1.971 1.666 4.56 1335.413 2.555 1491.523 -0.6499606134953456 0.0
27.0 4.0 Car -1.0 -1.0 -1.0 -1.0 -1.0 -1.0 -1.0 2.019 1.525 4.996 1317.171 2.079 1499.555 -0.7022389735962311 0.0
28.0 10.0 Car -1.0 -1.0 -1.0 -1.0 -1.0 -1.0 -1.0 1.932 1.614 4.651 1217.262 0.224 1566.559 -0.5799928802450157 0.0
28.0 14.0 Car -1.0 -1.0 -1.0 -1.0 -1.0 -1.0 -1.0 1.793 1.543 4.775 1262.32 0.378 1543.858 -0.637281203431848 0.0
28.0 3.0 Car -1.0 -1.0 -1.0 -1.0 -1.0 -1.0 -1.0 2.018 1.661 4.837 1278.165 0.713 1518.83 2.513588282107509 0.0
28.0 7.0 Car -1.0 -1.0 -1.0 -1.0 -1.0 -1.0 -1.0 1.964 1.855 4.316 1274.058 0.661 1539.901 -0.6673914920638087 0.0
28.0 13.0 Car -1.0 -1.0 -1.0 -1.0 -1.0 -1.0 -1.0 2.0 2.0 4.978 1248.844 0.312 1536.761 2.513588282107509 0.0
28.0 11.0 Car -1.0 -1.0 -1.0 -1.0 -1.0 -1.0 -1.0 1.984 1.587 4.583 1293.219 1.281 1515.934 -0.6419531752355293 0.0
28.0 15.0 Car -1.0 -1.0 -1.0 -1.0 -1.0 -1.0 -1.0 1.971 1.666 4.56 1341.849 2.507 1486.415 -0.6499606134953456 0.0
28.0 4.0 Car -1.0 -1.0 -1.0 -1.0 -1.0 -1.0 -1.0 2.019 1.525 4.996 1322.625 2.057 1494.959 -0.663696354751405 0.0
29.0 10.0 Car -1.0 -1.0 -1.0 -1.0 -1.0 -1.0 -1.0 1.932 1.614 4.651 1217.263 0.131 1566.561 -0.5765043683243434 0.0
29.0 14.0 Car -1.0 -1.0 -1.0 -1.0 -1.0 -1.0 -1.0 1.793 1.543 4.775 1267.838 0.307 1539.931 -0.6481971236792368 0.0
29.0 3.0 Car -1.0 -1.0 -1.0 -1.0 -1.0 -1.0 -1.0 2.018 1.661 4.837 1275.608 0.488 1520.686 2.513588282107509 0.0
29.0 7.0 Car -1.0 -1.0 -1.0 -1.0 -1.0 -1.0 -1.0 1.964 1.855 4.316 1277.896 0.627 1536.947 -0.6841141219801092 0.0
29.0 13.0 Car -1.0 -1.0 -1.0 -1.0 -1.0 -1.0 -1.0 2.0 2.0 4.978 1245.4 -0.388 1539.262 2.513588282107509 0.0
29.0 11.0 Car -1.0 -1.0 -1.0 -1.0 -1.0 -1.0 -1.0 1.984 1.587 4.583 1298.686 1.288 1511.813 -0.638318426855367 0.0
29.0 15.0 Car -1.0 -1.0 -1.0 -1.0 -1.0 -1.0 -1.0 1.971 1.666 4.56 1348.285 2.458 1481.306 -0.6499606134953456 0.0
29.0 4.0 Car -1.0 -1.0 -1.0 -1.0 -1.0 -1.0 -1.0 2.019 1.525 4.996 1328.279 2.017 1490.338 -0.663696354751405 0.0
30.0 10.0 Car -1.0 -1.0 -1.0 -1.0 -1.0 -1.0 -1.0 1.932 1.614 4.651 1217.264 0.039 1566.563 -0.5730121717613077 0.0
30.0 14.0 Car -1.0 -1.0 -1.0 -1.0 -1.0 -1.0 -1.0 1.793 1.543 4.775 1273.247 0.285 1535.838 -0.6591061390114739 0.0
30.0 3.0 Car -1.0 -1.0 -1.0 -1.0 -1.0 -1.0 -1.0 2.018 1.661 4.837 1273.048 0.263 1522.545 2.513588282107509 0.0
30.0 7.0 Car -1.0 -1.0 -1.0 -1.0 -1.0 -1.0 -1.0 1.964 1.855 4.316 1281.737 0.594 1533.99 -0.7008544147027909 0.0
30.0 11.0 Car -1.0 -1.0 -1.0 -1.0 -1.0 -1.0 -1.0 1.984 1.587 4.583 1304.158 1.295 1507.689 -0.6346798393747045 0.0
30.0 15.0 Car -1.0 -1.0 -1.0 -1.0 -1.0 -1.0 -1.0 1.971 1.666 4.56 1354.729 2.409 1476.191 -0.6499606134953456 0.0
30.0 4.0 Car -1.0 -1.0 -1.0 -1.0 -1.0 -1.0 -1.0 2.019 1.525 4.996 1333.938 1.978 1485.712 -0.663696354751405 0.0
31.0 10.0 Car -1.0 -1.0 -1.0 -1.0 -1.0 -1.0 -1.0 1.932 1.614 4.651 1217.265 -0.054 1566.566 -0.5695199682197827 0.0
31.0 14.0 Car -1.0 -1.0 -1.0 -1.0 -1.0 -1.0 -1.0 1.793 1.543 4.775 1279.007 0.313 1531.32 -0.6625982811161921 0.0
31.0 3.0 Car -1.0 -1.0 -1.0 -1.0 -1.0 -1.0 -1.0 2.018 1.661 4.837 1269.411 0.013 1525.186 2.513588282107509 0.0
31.0 7.0 Car -1.0 -1.0 -1.0 -1.0 -1.0 -1.0 -1.0 1.964 1.855 4.316 1285.636 0.546 1530.892 -0.6973622725980726 0.0
31.0 11.0 Car -1.0 -1.0 -1.0 -1.0 -1.0 -1.0 -1.0 1.984 1.587 4.583 1309.631 1.302 1503.564 -0.6310412446230185 0.0
31.0 15.0 Car -1.0 -1.0 -1.0 -1.0 -1.0 -1.0 -1.0 1.971 1.666 4.56 1361.172 2.36 1471.077 -0.6499606134953456 0.0
31.0 4.0 Car -1.0 -1.0 -1.0 -1.0 -1.0 -1.0 -1.0 2.019 1.525 4.996 1339.597 1.939 1481.086 -0.663696354751405 0.0
32.0 10.0 Car -1.0 -1.0 -1.0 -1.0 -1.0 -1.0 -1.0 1.932 1.614 4.651 1217.266 -0.146 1566.568 -0.5660277297858111 0.0
32.0 14.0 Car -1.0 -1.0 -1.0 -1.0 -1.0 -1.0 -1.0 1.793 1.543 4.775 1284.766 0.342 1526.801 -0.666090458112743 0.0
32.0 3.0 Car -1.0 -1.0 -1.0 -1.0 -1.0 -1.0 -1.0 2.018 1.661 4.837 1265.774 -0.237 1527.826 2.513588282107509 0.0
32.0 7.0 Car -1.0 -1.0 -1.0 -1.0 -1.0 -1.0 -1.0 1.964 1.855 4.316 1289.536 0.497 1527.794 -0.6938700956015219 0.0
32.0 11.0 Car -1.0 -1.0 -1.0 -1.0 -1.0 -1.0 -1.0 1.984 1.587 4.583 1315.427 1.3 1499.026 -0.6380272019140399 0.0
32.0 15.0 Car -1.0 -1.0 -1.0 -1.0 -1.0 -1.0 -1.0 1.971 1.666 4.56 1367.382 2.312 1466.238 -0.6499606134953456 0.0
32.0 4.0 Car -1.0 -1.0 -1.0 -1.0 -1.0 -1.0 -1.0 2.019 1.525 4.996 1345.257 1.899 1476.459 -0.663696354751405 0.0
33.0 14.0 Car -1.0 -1.0 -1.0 -1.0 -1.0 -1.0 -1.0 1.793 1.543 4.775 1290.52 0.37 1522.287 -0.6695789226182867 0.0
33.0 3.0 Car -1.0 -1.0 -1.0 -1.0 -1.0 -1.0 -1.0 2.018 1.661 4.837 1263.487 -0.487 1529.487 2.513588282107509 0.0
33.0 7.0 Car -1.0 -1.0 -1.0 -1.0 -1.0 -1.0 -1.0 1.964 1.855 4.316 1293.589 0.491 1524.696 -0.6903816310959779 0.0
33.0 11.0 Car -1.0 -1.0 -1.0 -1.0 -1.0 -1.0 -1.0 1.984 1.587 4.583 1321.218 1.297 1494.493 -0.6450057325186008 0.0
33.0 15.0 Car -1.0 -1.0 -1.0 -1.0 -1.0 -1.0 -1.0 1.971 1.666 4.56 1373.478 2.106 1461.45 -0.6307683399023132 0.0
33.0 4.0 Car -1.0 -1.0 -1.0 -1.0 -1.0 -1.0 -1.0 2.019 1.525 4.996 1351.134 1.86 1471.761 -0.6886228127697844 0.0
34.0 14.0 Car -1.0 -1.0 -1.0 -1.0 -1.0 -1.0 -1.0 1.793 1.543 4.775 1296.28 0.398 1517.768 -0.6730709740042395 0.0
34.0 3.0 Car -1.0 -1.0 -1.0 -1.0 -1.0 -1.0 -1.0 2.018 1.661 4.837 1261.198 -0.737 1531.149 2.513588282107509 0.0
34.0 7.0 Car -1.0 -1.0 -1.0 -1.0 -1.0 -1.0 -1.0 1.964 1.855 4.316 1297.647 0.484 1521.595 -0.6868895797100252 0.0
34.0 11.0 Car -1.0 -1.0 -1.0 -1.0 -1.0 -1.0 -1.0 1.984 1.587 4.583 1327.014 1.294 1489.956 -0.6519914385307568 0.0
34.0 15.0 Car -1.0 -1.0 -1.0 -1.0 -1.0 -1.0 -1.0 1.971 1.666 4.56 1379.58 1.899 1456.657 -0.6115563325868805 0.0
34.0 4.0 Car -1.0 -1.0 -1.0 -1.0 -1.0 -1.0 -1.0 2.019 1.525 4.996 1357.228 1.82 1466.504 -0.7135749004667207 0.0
35.0 14.0 Car -1.0 -1.0 -1.0 -1.0 -1.0 -1.0 -1.0 1.793 1.543 4.775 1302.033 0.426 1513.254 -0.676559431531417 0.0
35.0 3.0 Car -1.0 -1.0 -1.0 -1.0 -1.0 -1.0 -1.0 2.018 1.661 4.837 1258.104 -0.987 1533.395 2.513588282107509 0.0
35.0 7.0 Car -1.0 -1.0 -1.0 -1.0 -1.0 -1.0 -1.0 1.964 1.855 4.316 1301.701 0.477 1518.497 -0.6834011221828479 0.0
35.0 11.0 Car -1.0 -1.0 -1.0 -1.0 -1.0 -1.0 -1.0 1.984 1.587 4.583 1332.805 1.291 1485.423 -0.6589699551753808 0.0
35.0 15.0 Car -1.0 -1.0 -1.0 -1.0 -1.0 -1.0 -1.0 1.971 1.666 4.56 1385.787 1.693 1452.022 -0.6098132898709747 0.0
35.0 4.0 Car -1.0 -1.0 -1.0 -1.0 -1.0 -1.0 -1.0 2.019 1.525 4.996 1363.315 1.781 1461.252 -0.7385013086219123 0.0
36.0 14.0 Car -1.0 -1.0 -1.0 -1.0 -1.0 -1.0 -1.0 1.793 1.543 4.775 1307.981 0.432 1508.655 -0.6809213758733542 0.0
36.0 7.0 Car -1.0 -1.0 -1.0 -1.0 -1.0 -1.0 -1.0 1.964 1.855 4.316 1305.879 0.419 1515.239 -0.7008544147027909 0.0
36.0 11.0 Car -1.0 -1.0 -1.0 -1.0 -1.0 -1.0 -1.0 1.984 1.587 4.583 1338.594 1.288 1480.89 -0.6659478296629046 0.0
36.0 15.0 Car -1.0 -1.0 -1.0 -1.0 -1.0 -1.0 -1.0 1.971 1.666 4.56 1391.993 1.487 1447.386 -0.6080704075483606 0.0
36.0 4.0 Car -1.0 -1.0 -1.0 -1.0 -1.0 -1.0 -1.0 2.019 1.525 4.996 1369.44 1.742 1455.404 -0.7634254230704629 0.0
37.0 14.0 Car -1.0 -1.0 -1.0 -1.0 -1.0 -1.0 -1.0 1.793 1.543 4.775 1313.928 0.438 1504.054 -0.685283547104464 0.0
37.0 7.0 Car -1.0 -1.0 -1.0 -1.0 -1.0 -1.0 -1.0 1.964 1.855 4.316 1310.118 0.46 1511.915 -0.6950387989630347 0.0
37.0 11.0 Car -1.0 -1.0 -1.0 -1.0 -1.0 -1.0 -1.0 1.984 1.587 4.583 1344.498 1.252 1476.172 -0.6659478296629046 0.0
37.0 15.0 Car -1.0 -1.0 -1.0 -1.0 -1.0 -1.0 -1.0 1.971 1.666 4.56 1398.422 1.218 1443.073 -0.5976007359355164 0.0
38.0 14.0 Car -1.0 -1.0 -1.0 -1.0 -1.0 -1.0 -1.0 1.793 1.543 4.775 1321.067 0.445 1498.533 -0.690519119478731 0.0
38.0 7.0 Car -1.0 -1.0 -1.0 -1.0 -1.0 -1.0 -1.0 1.964 1.855 4.316 1315.205 0.51 1507.924 -0.6880587710151924 0.0
38.0 11.0 Car -1.0 -1.0 -1.0 -1.0 -1.0 -1.0 -1.0 1.984 1.587 4.583 1351.584 1.208 1470.51 -0.6659478296629046 0.0
38.0 15.0 Car -1.0 -1.0 -1.0 -1.0 -1.0 -1.0 -1.0 1.971 1.666 4.56 1404.957 0.956 1438.885 -0.5522260418501479 0.0
