0.0 4.0 Car -1.0 -1.0 -1.0 -1.0 -1.0 -1.0 -1.0 1.846 1.797 4.82 995.625 0.725 1371.837 -0.05513495106845313 0.0
1.0 4.0 Car -1.0 -1.0 -1.0 -1.0 -1.0 -1.0 -1.0 1.846 1.797 4.82 995.625 0.725 1371.837 -0.05513495106845313 0.0
1.0 3.0 Car -1.0 -1.0 -1.0 -1.0 -1.0 -1.0 -1.0 2.028 1.873 4.831 1052.994 1.286 1384.234 -3.0320383364394767 0.0
2.0 4.0 Car -1.0 -1.0 -1.0 -1.0 -1.0 -1.0 -1.0 1.846 1.797 4.82 995.625 0.725 1371.837 -0.05513495106845313 0.0
2.0 3.0 Car -1.0 -1.0 -1.0 -1.0 -1.0 -1.0 -1.0 2.028 1.873 4.831 1052.994 1.283 1384.234 -3.0320383364394767 0.0
3.0 4.0 Car -1.0 -1.0 -1.0 -1.0 -1.0 -1.0 -1.0 1.846 1.797 4.82 995.625 0.725 1371.837 -0.05513495106845313 1.0
3.0 3.0 Car -1.0 -1.0 -1.0 -1.0 -1.0 -1.0 -1.0 2.028 1.873 4.831 1052.994 1.28 1384.234 -3.0320383364394767 0.0
4.0 4.0 Car -1.0 -1.0 -1.0 -1.0 -1.0 -1.0 -1.0 1.846 1.797 4.82 995.625 0.725 1371.837 -0.05513495106845313 1.0
4.0 3.0 Car -1.0 -1.0 -1.0 -1.0 -1.0 -1.0 -1.0 2.028 1.873 4.831 1052.994 1.277 1384.234 -3.0320383364394767 1.0
5.0 4.0 Car -1.0 -1.0 -1.0 -1.0 -1.0 -1.0 -1.0 1.846 1.797 4.82 995.625 0.725 1371.837 -0.05513495106845313 0.0
5.0 3.0 Car -1.0 -1.0 -1.0 -1.0 -1.0 -1.0 -1.0 2.028 1.873 4.831 1052.994 1.274 1384.234 -3.0320383364394767 0.0
6.0 4.0 Car -1.0 -1.0 -1.0 -1.0 -1.0 -1.0 -1.0 1.846 1.797 4.82 995.625 0.725 1371.837 -0.05513495106845313 0.0
6.0 1.0 Truck -1.0 -1.0 -1.0 -1.0 -1.0 -1.0 -1.0 2.078 2.126 5.835 997.378 0.962 1377.536 -0.002775073508623161 0.0
6.0 3.0 Car -1.0 -1.0 -1.0 -1.0 -1.0 -1.0 -1.0 2.028 1.873 4.831 1052.994 1.27 1384.234 -3.0320383364394767 0.0
7.0 4.0 Car -1.0 -1.0 -1.0 -1.0 -1.0 -1.0 -1.0 1.846 1.797 4.82 995.625 0.725 1371.837 -0.05513495106845313 0.0
7.0 1.0 Truck -1.0 -1.0 -1.0 -1.0 -1.0 -1.0 -1.0 2.078 2.126 5.835 997.378 0.962 1377.536 -0.002775073508623161 0.0
7.0 3.0 Car -1.0 -1.0 -1.0 -1.0 -1.0 -1.0 -1.0 2.028 1.873 4.831 1052.994 1.267 1384.234 -3.0320383364394767 0.0
8.0 4.0 Car -1.0 -1.0 -1.0 -1.0 -1.0 -1.0 -1.0 1.846 1.797 4.82 995.625 0.725 1371.837 -0.05513495106845313 1.0
8.0 1.0 Truck -1.0 -1.0 -1.0 -1.0 -1.0 -1.0 -1.0 2.078 2.126 5.835 997.378 0.962 1377.536 -0.002775073508623161 0.0
8.0 3.0 Car -1.0 -1.0 -1.0 -1.0 -1.0 -1.0 -1.0 2.028 1.873 4.831 1052.994 1.263 1384.234 -3.0320383364394767 1.0
9.0 4.0 Car -1.0 -1.0 -1.0 -1.0 -1.0 -1.0 -1.0 1.846 1.797 4.82 995.625 0.725 1371.837 -0.05513495106845313 1.0
9.0 1.0 Truck -1.0 -1.0 -1.0 -1.0 -1.0 -1.0 -1.0 2.078 2.126 5.835 997.378 0.962 1377.536 -0.002775073508623161 1.0
9.0 3.0 Car -1.0 -1.0 -1.0 -1.0 -1.0 -1.0 -1.0 2.028 1.873 4.831 1052.994 1.26 1384.234 -3.0320383364394767 1.0
10.0 4.0 Car -1.0 -1.0 -1.0 -1.0 -1.0 -1.0 -1.0 1.846 1.797 4.82 995.625 0.725 1371.837 -0.05513495106845313 1.0
10.0 1.0 Truck -1.0 -1.0 -1.0 -1.0 -1.0 -1.0 -1.0 2.078 2.126 5.835 997.378 0.962 1377.536 -0.002775073508623161 1.0
10.0 3.0 Car -1.0 -1.0 -1.0 -1.0 -1.0 -1.0 -1.0 2.028 1.873 4.831 1052.994 1.256 1384.234 -3.0320383364394767 1.0
11.0 4.0 Car -1.0 -1.0 -1.0 -1.0 -1.0 -1.0 -1.0 1.846 1.797 4.82 995.625 0.725 1371.837 -0.05513495106845313 1.0
11.0 1.0 Truck -1.0 -1.0 -1.0 -1.0 -1.0 -1.0 -1.0 2.078 2.126 5.835 997.378 0.962 1377.536 -0.002775073508623161 1.0
11.0 3.0 Car -1.0 -1.0 -1.0 -1.0 -1.0 -1.0 -1.0 2.028 1.873 4.831 1052.994 1.253 1384.234 -3.0320383364394767 1.0
12.0 4.0 Car -1.0 -1.0 -1.0 -1.0 -1.0 -1.0 -1.0 1.846 1.797 4.82 995.69 0.725 1371.834 -0.05513495106845313 0.0
12.0 1.0 Truck -1.0 -1.0 -1.0 -1.0 -1.0 -1.0 -1.0 2.078 2.126 5.835 997.378 0.962 1377.536 -0.002775073508623161 0.0
12.0 3.0 Car -1.0 -1.0 -1.0 -1.0 -1.0 -1.0 -1.0 2.028 1.873 4.831 1051.673 1.253 1384.089 -3.0320383364394767 0.0
13.0 4.0 Car -1.0 -1.0 -1.0 -1.0 -1.0 -1.0 -1.0 1.846 1.797 4.82 996.13 0.725 1371.809 -0.05513495106845313 0.0
13.0 1.0 Truck -1.0 -1.0 -1.0 -1.0 -1.0 -1.0 -1.0 2.078 2.126 5.835 997.378 0.962 1377.536 -0.002775073508623161 0.0
13.0 3.0 Car -1.0 -1.0 -1.0 -1.0 -1.0 -1.0 -1.0 2.028 1.873 4.831 1052.123 1.211 1384.255 -3.0320383364394767 0.0
14.0 4.0 Car -1.0 -1.0 -1.0 -1.0 -1.0 -1.0 -1.0 1.846 1.797 4.82 997.092 0.725 1371.756 -0.05513495106845313 1.0
14.0 1.0 Truck -1.0 -1.0 -1.0 -1.0 -1.0 -1.0 -1.0 2.078 2.126 5.835 997.378 0.962 1377.536 -0.002775073508623161 1.0
14.0 3.0 Car -1.0 -1.0 -1.0 -1.0 -1.0 -1.0 -1.0 2.028 1.873 4.831 1052.572 1.169 1384.422 -3.0320383364394767 1.0
15.0 4.0 Car -1.0 -1.0 -1.0 -1.0 -1.0 -1.0 -1.0 1.846 1.797 4.82 998.673 0.725 1371.669 -0.05513495106845313 1.0
15.0 1.0 Truck -1.0 -1.0 -1.0 -1.0 -1.0 -1.0 -1.0 2.078 2.126 5.835 997.539 0.962 1377.535 -0.002775073508623161 1.0
15.0 3.0 Car -1.0 -1.0 -1.0 -1.0 -1.0 -1.0 -1.0 2.028 1.873 4.831 1050.433 1.143 1384.207 -3.0233114108642574 1.0
16.0 4.0 Car -1.0 -1.0 -1.0 -1.0 -1.0 -1.0 -1.0 1.846 1.797 4.82 1000.809 0.775 1371.584 -0.05513495106845313 1.0
16.0 1.0 Truck -1.0 -1.0 -1.0 -1.0 -1.0 -1.0 -1.0 2.078 2.126 5.835 997.699 0.962 1377.535 -0.002775073508623161 1.0
16.0 3.0 Car -1.0 -1.0 -1.0 -1.0 -1.0 -1.0 -1.0 2.028 1.873 4.831 1048.293 1.116 1383.993 -3.014585043919533 1.0
17.0 4.0 Car -1.0 -1.0 -1.0 -1.0 -1.0 -1.0 -1.0 1.846 1.797 4.82 1004.132 0.775 1371.511 -0.05513495106845313 1.0
17.0 5.0 Car -1.0 -1.0 -1.0 -1.0 -1.0 -1.0 -1.0 1.963 1.888 4.676 978.486 0.883 1373.616 -0.07258824358839643 0.0
17.0 0.0 Car -1.0 -1.0 -1.0 -1.0 -1.0 -1.0 -1.0 1.97 1.846 4.76 1066.349 1.008 1385.937 -2.96744370082258 0.0
17.0 1.0 Truck -1.0 -1.0 -1.0 -1.0 -1.0 -1.0 -1.0 2.078 2.126 5.835 998.309 0.962 1377.621 -0.002775073508623161 1.0
17.0 3.0 Car -1.0 -1.0 -1.0 -1.0 -1.0 -1.0 -1.0 2.028 1.873 4.831 1045.271 1.057 1383.696 -3.014585043919533 1.0
18.0 4.0 Car -1.0 -1.0 -1.0 -1.0 -1.0 -1.0 -1.0 1.846 1.797 4.82 1006.898 0.775 1371.45 -0.05513495106845313 1.0
18.0 5.0 Car -1.0 -1.0 -1.0 -1.0 -1.0 -1.0 -1.0 1.963 1.888 4.676 980.917 0.945 1373.462 -0.05513495106845313 1.0
18.0 0.0 Car -1.0 -1.0 -1.0 -1.0 -1.0 -1.0 -1.0 1.97 1.846 4.76 1066.255 1.012 1385.93 -2.96744370082258 1.0
18.0 1.0 Truck -1.0 -1.0 -1.0 -1.0 -1.0 -1.0 -1.0 2.078 2.126 5.835 998.816 0.962 1377.693 -0.002775073508623161 1.0
18.0 3.0 Car -1.0 -1.0 -1.0 -1.0 -1.0 -1.0 -1.0 2.028 1.873 4.831 1042.755 1.008 1383.448 -3.014585043919533 1.0
19.0 4.0 Car -1.0 -1.0 -1.0 -1.0 -1.0 -1.0 -1.0 1.846 1.797 4.82 1010.502 0.8 1371.419 0.014678219011320158 1.0
19.0 5.0 Car -1.0 -1.0 -1.0 -1.0 -1.0 -1.0 -1.0 1.963 1.888 4.676 984.291 0.903 1373.169 -0.05513495106845313 1.0
19.0 0.0 Car -1.0 -1.0 -1.0 -1.0 -1.0 -1.0 -1.0 1.97 1.846 4.76 1066.152 1.016 1385.922 -2.96744370082258 1.0
19.0 1.0 Truck -1.0 -1.0 -1.0 -1.0 -1.0 -1.0 -1.0 2.078 2.126 5.835 999.617 0.962 1377.742 -0.002775073508623161 1.0
19.0 3.0 Car -1.0 -1.0 -1.0 -1.0 -1.0 -1.0 -1.0 2.028 1.873 4.831 1038.776 0.981 1383.178 -3.0913835719331035 1.0
20.0 4.0 Car -1.0 -1.0 -1.0 -1.0 -1.0 -1.0 -1.0 1.846 1.797 4.82 1014.17 0.821 1371.52 0.04610981557143012 1.0
20.0 2.0 Car -1.0 -1.0 -1.0 -1.0 -1.0 -1.0 -1.0 2.074 1.708 4.939 1041.771 0.873 1387.147 -3.0721634559422406 0.0
20.0 5.0 Car -1.0 -1.0 -1.0 -1.0 -1.0 -1.0 -1.0 1.963 1.888 4.676 987.432 0.869 1372.847 -0.05513495106845313 1.0
20.0 0.0 Car -1.0 -1.0 -1.0 -1.0 -1.0 -1.0 -1.0 1.97 1.846 4.76 1065.118 1.041 1385.806 -2.9713726641474323 1.0
20.0 1.0 Truck -1.0 -1.0 -1.0 -1.0 -1.0 -1.0 -1.0 2.078 2.126 5.835 1000.272 0.962 1377.783 -0.002775073508623161 1.0
20.0 3.0 Car -1.0 -1.0 -1.0 -1.0 -1.0 -1.0 -1.0 2.028 1.873 4.831 1035.513 0.96 1383.184 3.128973923100507 1.0
21.0 4.0 Car -1.0 -1.0 -1.0 -1.0 -1.0 -1.0 -1.0 1.846 1.797 4.82 1018.641 0.846 1371.801 0.08449138909109344 0.0
21.0 2.0 Car -1.0 -1.0 -1.0 -1.0 -1.0 -1.0 -1.0 2.074 1.708 4.939 1037.9 0.866 1386.92 -3.0721634559422406 1.0
21.0 5.0 Car -1.0 -1.0 -1.0 -1.0 -1.0 -1.0 -1.0 1.963 1.888 4.676 991.163 0.849 1372.393 -0.05513495106845313 1.0
21.0 0.0 Car -1.0 -1.0 -1.0 -1.0 -1.0 -1.0 -1.0 1.97 1.846 4.76 1063.855 1.071 1385.664 -2.9761703776336197 1.0
21.0 6.0 Car -1.0 -1.0 -1.0 -1.0 -1.0 -1.0 -1.0 1.714 1.513 4.633 988.095 0.684 1375.681 -0.05513495106845313 0.0
21.0 1.0 Truck -1.0 -1.0 -1.0 -1.0 -1.0 -1.0 -1.0 2.078 2.126 5.835 1001.071 0.962 1377.832 -0.002775073508623161 1.0
21.0 3.0 Car -1.0 -1.0 -1.0 -1.0 -1.0 -1.0 -1.0 2.028 1.873 4.831 1030.181 0.933 1383.315 3.122782422162205 0.0
22.0 4.0 Car -1.0 -1.0 -1.0 -1.0 -1.0 -1.0 -1.0 1.846 1.797 4.82 1023.52 0.869 1372.26 0.08449138909109344 0.0
22.0 2.0 Car -1.0 -1.0 -1.0 -1.0 -1.0 -1.0 -1.0 2.074 1.708 4.939 1034.38 0.859 1386.714 -3.0721634559422406 0.0
22.0 5.0 Car -1.0 -1.0 -1.0 -1.0 -1.0 -1.0 -1.0 1.963 1.888 4.676 995.359 0.843 1372.091 -0.05513495106845313 1.0
22.0 0.0 Car -1.0 -1.0 -1.0 -1.0 -1.0 -1.0 -1.0 1.97 1.846 4.76 1062.706 1.099 1385.535 -2.98053371603914 1.0
22.0 6.0 Car -1.0 -1.0 -1.0 -1.0 -1.0 -1.0 -1.0 1.714 1.513 4.633 989.828 0.771 1375.511 -0.05062382353681837 1.0
22.0 1.0 Truck -1.0 -1.0 -1.0 -1.0 -1.0 -1.0 -1.0 2.078 2.126 5.835 1002.019 0.962 1377.837 -0.002775073508623161 1.0
22.0 3.0 Car -1.0 -1.0 -1.0 -1.0 -1.0 -1.0 -1.0 2.028 1.873 4.831 1025.332 0.909 1383.434 3.1171514869449024 0.0
23.0 4.0 Car -1.0 -1.0 -1.0 -1.0 -1.0 -1.0 -1.0 1.846 1.797 4.82 1028.644 0.891 1372.755 0.11065593902221504 0.0
23.0 2.0 Car -1.0 -1.0 -1.0 -1.0 -1.0 -1.0 -1.0 2.074 1.708 4.939 1030.859 0.852 1386.507 -3.0721634559422406 0.0
23.0 5.0 Car -1.0 -1.0 -1.0 -1.0 -1.0 -1.0 -1.0 1.963 1.888 4.676 999.576 0.787 1371.828 -0.05513495106845313 0.0
23.0 0.0 Car -1.0 -1.0 -1.0 -1.0 -1.0 -1.0 -1.0 1.97 1.846 4.76 1061.558 1.127 1385.406 -2.984896993342524 0.0
23.0 6.0 Car -1.0 -1.0 -1.0 -1.0 -1.0 -1.0 -1.0 1.714 1.513 4.633 991.334 0.755 1375.353 -0.046112759176888396 0.0
23.0 1.0 Truck -1.0 -1.0 -1.0 -1.0 -1.0 -1.0 -1.0 2.078 2.126 5.835 1002.967 0.962 1377.841 -0.002775073508623161 0.0
23.0 3.0 Car -1.0 -1.0 -1.0 -1.0 -1.0 -1.0 -1.0 2.028 1.873 4.831 1020.483 0.884 1383.553 3.1115206305805634 0.0
24.0 4.0 Car -1.0 -1.0 -1.0 -1.0 -1.0 -1.0 -1.0 1.846 1.797 4.82 1033.76 0.914 1373.386 0.13685126665092337 0.0
24.0 2.0 Car -1.0 -1.0 -1.0 -1.0 -1.0 -1.0 -1.0 2.074 1.708 4.939 1026.408 0.812 1386.426 -3.1245233335020703 0.0
24.0 5.0 Car -1.0 -1.0 -1.0 -1.0 -1.0 -1.0 -1.0 1.963 1.888 4.676 1003.896 0.897 1371.736 -0.05513495106845313 0.0
24.0 0.0 Car -1.0 -1.0 -1.0 -1.0 -1.0 -1.0 -1.0 1.97 1.846 4.76 1059.488 1.154 1385.095 -2.9969366959237984 0.0
24.0 6.0 Car -1.0 -1.0 -1.0 -1.0 -1.0 -1.0 -1.0 1.714 1.513 4.633 992.615 0.66 1375.205 -0.04159638839376246 0.0
24.0 1.0 Truck -1.0 -1.0 -1.0 -1.0 -1.0 -1.0 -1.0 2.078 2.126 5.835 1003.916 0.962 1377.845 -0.002775073508623161 0.0
24.0 3.0 Car -1.0 -1.0 -1.0 -1.0 -1.0 -1.0 -1.0 2.028 1.873 4.831 1014.508 0.86 1383.825 3.0934610767086514 0.0
25.0 4.0 Car -1.0 -1.0 -1.0 -1.0 -1.0 -1.0 -1.0 1.846 1.797 4.82 1039.181 0.987 1374.085 0.13685126665092337 0.0
25.0 2.0 Car -1.0 -1.0 -1.0 -1.0 -1.0 -1.0 -1.0 2.074 1.708 4.939 1021.714 0.773 1386.476 -3.1245233335020703 0.0
25.0 5.0 Car -1.0 -1.0 -1.0 -1.0 -1.0 -1.0 -1.0 1.963 1.888 4.676 1008.216 0.876 1371.644 -0.05513495106845313 0.0
25.0 0.0 Car -1.0 -1.0 -1.0 -1.0 -1.0 -1.0 -1.0 1.97 1.846 4.76 1057.418 1.182 1384.784 -3.008975171571919 0.0
25.0 6.0 Car -1.0 -1.0 -1.0 -1.0 -1.0 -1.0 -1.0 1.714 1.513 4.633 995.475 0.669 1375.147 -0.08363047134967716 0.0
25.0 1.0 Truck -1.0 -1.0 -1.0 -1.0 -1.0 -1.0 -1.0 2.078 2.126 5.835 1004.865 0.962 1377.849 -0.002775073508623161 0.0
25.0 3.0 Car -1.0 -1.0 -1.0 -1.0 -1.0 -1.0 -1.0 2.028 1.873 4.831 1008.544 0.836 1384.253 3.075403363236471 0.0
26.0 4.0 Car -1.0 -1.0 -1.0 -1.0 -1.0 -1.0 -1.0 1.846 1.797 4.82 1044.188 1.154 1374.945 0.13685126665092337 0.0
26.0 2.0 Car -1.0 -1.0 -1.0 -1.0 -1.0 -1.0 -1.0 2.074 1.708 4.939 1017.491 0.738 1386.521 -3.1245233335020703 0.0
26.0 5.0 Car -1.0 -1.0 -1.0 -1.0 -1.0 -1.0 -1.0 1.963 1.888 4.676 1012.59 0.826 1371.568 0.013219276330323604 0.0
26.0 0.0 Car -1.0 -1.0 -1.0 -1.0 -1.0 -1.0 -1.0 1.97 1.846 4.76 1055.556 1.207 1384.504 -3.0198035783824104 0.0
26.0 6.0 Car -1.0 -1.0 -1.0 -1.0 -1.0 -1.0 -1.0 1.714 1.513 4.633 997.885 0.769 1375.105 -0.09004153610833976 0.0
26.0 1.0 Truck -1.0 -1.0 -1.0 -1.0 -1.0 -1.0 -1.0 2.078 2.126 5.835 1005.505 0.962 1377.854 -0.002775073508623161 0.0
26.0 3.0 Car -1.0 -1.0 -1.0 -1.0 -1.0 -1.0 -1.0 2.028 1.873 4.831 1003.179 0.814 1384.638 3.0591607530207336 0.0
27.0 4.0 Car -1.0 -1.0 -1.0 -1.0 -1.0 -1.0 -1.0 1.846 1.797 4.82 1050.245 1.178 1375.869 0.13685126665092337 0.0
27.0 2.0 Car -1.0 -1.0 -1.0 -1.0 -1.0 -1.0 -1.0 2.074 1.708 4.939 1012.254 0.751 1386.644 3.1150243388604437 0.0
27.0 5.0 Car -1.0 -1.0 -1.0 -1.0 -1.0 -1.0 -1.0 1.963 1.888 4.676 1017.395 0.826 1371.928 0.05235925593954627 0.0
27.0 0.0 Car -1.0 -1.0 -1.0 -1.0 -1.0 -1.0 -1.0 1.97 1.846 4.76 1052.355 1.183 1384.174 -3.032904686991003 0.0
27.0 6.0 Car -1.0 -1.0 -1.0 -1.0 -1.0 -1.0 -1.0 1.714 1.513 4.633 1001.162 0.652 1374.908 -0.05513495106845313 0.0
27.0 1.0 Truck -1.0 -1.0 -1.0 -1.0 -1.0 -1.0 -1.0 2.078 2.126 5.835 1006.216 0.962 1377.859 -0.002775073508623161 0.0
27.0 3.0 Car -1.0 -1.0 -1.0 -1.0 -1.0 -1.0 -1.0 2.028 1.873 4.831 996.655 0.756 1385.181 3.0125833340385526 0.0
28.0 4.0 Car -1.0 -1.0 -1.0 -1.0 -1.0 -1.0 -1.0 1.846 1.797 4.82 1056.274 1.203 1376.99 0.13685126665092337 0.0
28.0 2.0 Car -1.0 -1.0 -1.0 -1.0 -1.0 -1.0 -1.0 2.074 1.708 4.939 1007.028 0.764 1386.996 3.0713955110777995 0.0
28.0 5.0 Car -1.0 -1.0 -1.0 -1.0 -1.0 -1.0 -1.0 1.963 1.888 4.676 1022.328 0.926 1372.29 0.08230090396425216 0.0
28.0 0.0 Car -1.0 -1.0 -1.0 -1.0 -1.0 -1.0 -1.0 1.97 1.846 4.76 1049.148 1.159 1383.927 -3.0460031515077457 0.0
28.0 6.0 Car -1.0 -1.0 -1.0 -1.0 -1.0 -1.0 -1.0 1.714 1.513 4.633 1004.771 0.677 1374.665 -0.036776232839579544 0.0
28.0 1.0 Truck -1.0 -1.0 -1.0 -1.0 -1.0 -1.0 -1.0 2.078 2.126 5.835 1006.927 0.962 1377.864 -0.002775073508623161 0.0
28.0 3.0 Car -1.0 -1.0 -1.0 -1.0 -1.0 -1.0 -1.0 2.028 1.873 4.831 990.164 0.699 1386.026 2.966015315403899 0.0
29.0 4.0 Car -1.0 -1.0 -1.0 -1.0 -1.0 -1.0 -1.0 1.846 1.797 4.82 1062.422 1.277 1378.116 0.13685126665092337 0.0
29.0 2.0 Car -1.0 -1.0 -1.0 -1.0 -1.0 -1.0 -1.0 2.074 1.708 4.939 1001.191 0.678 1387.454 3.0452279643187907 0.0
29.0 5.0 Car -1.0 -1.0 -1.0 -1.0 -1.0 -1.0 -1.0 1.963 1.888 4.676 1027.333 0.957 1372.796 0.13561471348780027 0.0
29.0 0.0 Car -1.0 -1.0 -1.0 -1.0 -1.0 -1.0 -1.0 1.97 1.846 4.76 1045.947 1.135 1383.681 -3.0590771123614036 0.0
29.0 6.0 Car -1.0 -1.0 -1.0 -1.0 -1.0 -1.0 -1.0 1.714 1.513 4.633 1008.524 0.615 1374.545 0.01642207590133804 0.0
29.0 1.0 Truck -1.0 -1.0 -1.0 -1.0 -1.0 -1.0 -1.0 2.078 2.126 5.835 1007.331 0.962 1377.87 -0.002775073508623161 0.0
29.0 3.0 Car -1.0 -1.0 -1.0 -1.0 -1.0 -1.0 -1.0 2.028 1.873 4.831 983.731 0.641 1387.171 2.919534412861187 0.0
30.0 4.0 Car -1.0 -1.0 -1.0 -1.0 -1.0 -1.0 -1.0 1.846 1.797 4.82 1068.397 1.351 1379.32 0.13685126665092337 0.0
30.0 2.0 Car -1.0 -1.0 -1.0 -1.0 -1.0 -1.0 -1.0 2.074 1.708 4.939 995.362 0.591 1388.065 3.0190356335179698 0.0
30.0 5.0 Car -1.0 -1.0 -1.0 -1.0 -1.0 -1.0 -1.0 1.963 1.888 4.676 1032.331 0.976 1373.383 0.0748719332863055 0.0
30.0 0.0 Car -1.0 -1.0 -1.0 -1.0 -1.0 -1.0 -1.0 1.97 1.846 4.76 1042.742 1.111 1383.434 -3.0721634559422406 0.0
30.0 6.0 Car -1.0 -1.0 -1.0 -1.0 -1.0 -1.0 -1.0 1.714 1.513 4.633 1012.425 0.675 1374.57 0.052200947262984965 0.0
30.0 1.0 Truck -1.0 -1.0 -1.0 -1.0 -1.0 -1.0 -1.0 2.078 2.126 5.835 1007.736 0.962 1377.875 -0.002775073508623161 0.0
30.0 3.0 Car -1.0 -1.0 -1.0 -1.0 -1.0 -1.0 -1.0 2.028 1.873 4.831 977.012 0.6 1388.307 2.931169739479196 0.0
31.0 4.0 Car -1.0 -1.0 -1.0 -1.0 -1.0 -1.0 -1.0 1.846 1.797 4.82 1074.33 1.366 1380.586 0.13685126665092337 0.0
31.0 2.0 Car -1.0 -1.0 -1.0 -1.0 -1.0 -1.0 -1.0 2.074 1.708 4.939 989.456 0.579 1388.745 3.0190356335179698 0.0
31.0 5.0 Car -1.0 -1.0 -1.0 -1.0 -1.0 -1.0 -1.0 1.963 1.888 4.676 1037.424 1.115 1373.966 0.10139561568452726 0.0
31.0 0.0 Car -1.0 -1.0 -1.0 -1.0 -1.0 -1.0 -1.0 1.97 1.846 4.76 1039.045 1.062 1383.35 -3.0902700596131423 0.0
31.0 6.0 Car -1.0 -1.0 -1.0 -1.0 -1.0 -1.0 -1.0 1.714 1.513 4.633 1016.807 0.699 1374.742 0.08797981862463168 0.0
31.0 1.0 Truck -1.0 -1.0 -1.0 -1.0 -1.0 -1.0 -1.0 2.078 2.126 5.835 1007.842 0.962 1377.874 -0.002775073508623161 0.0
31.0 3.0 Car -1.0 -1.0 -1.0 -1.0 -1.0 -1.0 -1.0 2.028 1.873 4.831 970.292 0.559 1389.444 2.942805066097205 0.0
32.0 4.0 Car -1.0 -1.0 -1.0 -1.0 -1.0 -1.0 -1.0 1.846 1.797 4.82 1080.269 1.38 1381.819 0.13685126665092337 0.0
32.0 2.0 Car -1.0 -1.0 -1.0 -1.0 -1.0 -1.0 -1.0 2.074 1.708 4.939 983.55 0.567 1389.425 3.0190356335179698 0.0
32.0 5.0 Car -1.0 -1.0 -1.0 -1.0 -1.0 -1.0 -1.0 1.963 1.888 4.676 1042.452 1.105 1374.554 0.12792067765360815 0.0
32.0 0.0 Car -1.0 -1.0 -1.0 -1.0 -1.0 -1.0 -1.0 1.97 1.846 4.76 1035.347 1.013 1383.369 -3.1083776050591116 0.0
32.0 6.0 Car -1.0 -1.0 -1.0 -1.0 -1.0 -1.0 -1.0 1.714 1.513 4.633 1020.984 0.723 1375.018 0.10194468161103677 0.0
32.0 1.0 Truck -1.0 -1.0 -1.0 -1.0 -1.0 -1.0 -1.0 2.078 2.126 5.835 1007.948 0.962 1377.873 -0.002775073508623161 0.0
32.0 3.0 Car -1.0 -1.0 -1.0 -1.0 -1.0 -1.0 -1.0 2.028 1.873 4.831 963.572 0.519 1390.581 2.9544409979010737 0.0
33.0 2.0 Car -1.0 -1.0 -1.0 -1.0 -1.0 -1.0 -1.0 2.074 1.708 4.939 977.085 0.555 1390.402 3.0190356335179698 0.0
33.0 5.0 Car -1.0 -1.0 -1.0 -1.0 -1.0 -1.0 -1.0 1.963 1.888 4.676 1048.137 1.194 1375.439 0.13685126665092337 0.0
33.0 0.0 Car -1.0 -1.0 -1.0 -1.0 -1.0 -1.0 -1.0 1.97 1.846 4.76 1031.281 0.959 1383.39 -3.128287019764137 0.0
33.0 6.0 Car -1.0 -1.0 -1.0 -1.0 -1.0 -1.0 -1.0 1.714 1.513 4.633 1025.618 0.785 1375.405 0.12051966405937886 0.0
33.0 1.0 Truck -1.0 -1.0 -1.0 -1.0 -1.0 -1.0 -1.0 2.078 2.126 5.835 1008.064 0.962 1377.872 -0.002775073508623161 0.0
34.0 5.0 Car -1.0 -1.0 -1.0 -1.0 -1.0 -1.0 -1.0 1.963 1.888 4.676 1053.307 1.299 1376.243 0.13685126665092337 0.0
34.0 0.0 Car -1.0 -1.0 -1.0 -1.0 -1.0 -1.0 -1.0 1.97 1.846 4.76 1027.1 0.91 1383.368 -3.1351316791120944 0.0
34.0 6.0 Car -1.0 -1.0 -1.0 -1.0 -1.0 -1.0 -1.0 1.714 1.513 4.633 1029.821 0.841 1375.867 0.1374117567747237 0.0
34.0 1.0 Truck -1.0 -1.0 -1.0 -1.0 -1.0 -1.0 -1.0 2.078 2.126 5.835 1008.17 0.962 1377.87 -0.002775073508623161 0.0
