0.0 2.0 Car -1.0 -1.0 -1.0 -1.0 -1.0 -1.0 -1.0 1.826 1.618 4.172 677.45 2.025 2121.499 -2.1769666293056322 0.0
1.0 2.0 Car -1.0 -1.0 -1.0 -1.0 -1.0 -1.0 -1.0 1.826 1.618 4.172 673.645 2.042 2115.659 -2.1769666293056322 1.0
2.0 2.0 Car -1.0 -1.0 -1.0 -1.0 -1.0 -1.0 -1.0 1.826 1.618 4.172 669.752 2.246 2109.99 -2.1769666293056322 1.0
3.0 2.0 Car -1.0 -1.0 -1.0 -1.0 -1.0 -1.0 -1.0 1.826 1.618 4.172 666.026 2.246 2104.493 -2.1769666293056322 1.0
4.0 2.0 Car -1.0 -1.0 -1.0 -1.0 -1.0 -1.0 -1.0 1.826 1.618 4.172 662.304 2.246 2099.003 -2.1769666293056322 1.0
5.0 2.0 Car -1.0 -1.0 -1.0 -1.0 -1.0 -1.0 -1.0 1.826 1.618 4.172 658.674 2.246 2093.746 -2.1769666293056322 1.0
6.0 2.0 Car -1.0 -1.0 -1.0 -1.0 -1.0 -1.0 -1.0 1.826 1.618 4.172 655.23 2.331 2088.443 -2.1420600442657456 1.0
7.0 2.0 Car -1.0 -1.0 -1.0 -1.0 -1.0 -1.0 -1.0 1.826 1.618 4.172 652.419 2.36 2084.118 -2.1420600442657456 1.0
8.0 2.0 Car -1.0 -1.0 -1.0 -1.0 -1.0 -1.0 -1.0 1.826 1.618 4.172 649.289 2.392 2079.303 -2.1420600442657456 1.0
9.0 2.0 Car -1.0 -1.0 -1.0 -1.0 -1.0 -1.0 -1.0 1.826 1.618 4.172 646.159 2.425 2074.489 -2.1420600442657456 1.0
10.0 2.0 Car -1.0 -1.0 -1.0 -1.0 -1.0 -1.0 -1.0 1.826 1.618 4.172 643.487 2.414 2070.281 -2.1420600442657456 1.0
11.0 5.0 Car -1.0 -1.0 -1.0 -1.0 -1.0 -1.0 -1.0 1.886 1.725 4.167 601.524 8.078 2018.567 0.9713455419094587 0.0
11.0 2.0 Car -1.0 -1.0 -1.0 -1.0 -1.0 -1.0 -1.0 1.826 1.618 4.172 640.81 2.404 2066.064 -2.1420600442657456 1.0
12.0 5.0 Car -1.0 -1.0 -1.0 -1.0 -1.0 -1.0 -1.0 1.886 1.725 4.167 603.514 7.321 2021.769 0.9713455419094587 1.0
12.0 2.0 Car -1.0 -1.0 -1.0 -1.0 -1.0 -1.0 -1.0 1.826 1.618 4.172 638.367 2.411 2062.212 -2.1420600442657456 1.0
13.0 5.0 Car -1.0 -1.0 -1.0 -1.0 -1.0 -1.0 -1.0 1.886 1.725 4.167 606.114 6.566 2025.762 0.9538922493895156 1.0
13.0 2.0 Car -1.0 -1.0 -1.0 -1.0 -1.0 -1.0 -1.0 1.826 1.618 4.172 635.972 2.417 2058.435 -2.1420600442657456 1.0
14.0 5.0 Car -1.0 -1.0 -1.0 -1.0 -1.0 -1.0 -1.0 1.886 1.725 4.167 608.831 5.809 2029.573 0.9538922493895156 1.0
14.0 2.0 Car -1.0 -1.0 -1.0 -1.0 -1.0 -1.0 -1.0 1.826 1.618 4.172 633.957 2.411 2055.322 -2.1420600442657456 1.0
15.0 5.0 Car -1.0 -1.0 -1.0 -1.0 -1.0 -1.0 -1.0 1.886 1.725 4.167 611.432 5.052 2033.121 0.9538922493895156 1.0
15.0 2.0 Car -1.0 -1.0 -1.0 -1.0 -1.0 -1.0 -1.0 1.826 1.618 4.172 632.111 2.404 2052.473 -2.1420600442657456 1.0
16.0 5.0 Car -1.0 -1.0 -1.0 -1.0 -1.0 -1.0 -1.0 1.886 1.725 4.167 614.409 4.296 2037.099 0.9538922493895156 1.0
16.0 2.0 Car -1.0 -1.0 -1.0 -1.0 -1.0 -1.0 -1.0 1.826 1.618 4.172 630.429 2.397 2049.88 -2.1420600442657456 1.0
17.0 5.0 Car -1.0 -1.0 -1.0 -1.0 -1.0 -1.0 -1.0 1.886 1.725 4.167 617.324 3.679 2040.992 0.9538922493895156 1.0
17.0 2.0 Car -1.0 -1.0 -1.0 -1.0 -1.0 -1.0 -1.0 1.826 1.618 4.172 629.337 2.39 2048.204 -2.1420600442657456 1.0
18.0 0.0 Car -1.0 -1.0 -1.0 -1.0 -1.0 -1.0 -1.0 1.903 1.918 4.93 596.984 6.074 2013.49 0.971101195811838 0.0
18.0 5.0 Car -1.0 -1.0 -1.0 -1.0 -1.0 -1.0 -1.0 1.886 1.725 4.167 620.654 2.566 2045.469 0.936438956869572 1.0
18.0 2.0 Car -1.0 -1.0 -1.0 -1.0 -1.0 -1.0 -1.0 1.826 1.618 4.172 627.625 2.368 2045.682 -2.1420600442657456 1.0
19.0 0.0 Car -1.0 -1.0 -1.0 -1.0 -1.0 -1.0 -1.0 1.903 1.918 4.93 599.064 5.634 2016.413 0.962381919374527 1.0
19.0 5.0 Car -1.0 -1.0 -1.0 -1.0 -1.0 -1.0 -1.0 1.886 1.725 4.167 624.111 1.998 2050.413 0.9451604560244413 1.0
19.0 2.0 Car -1.0 -1.0 -1.0 -1.0 -1.0 -1.0 -1.0 1.826 1.618 4.172 626.702 2.343 2044.207 -2.1420600442657456 1.0
20.0 0.0 Car -1.0 -1.0 -1.0 -1.0 -1.0 -1.0 -1.0 1.903 1.918 4.93 601.146 5.194 2019.34 0.953652351350542 1.0
20.0 5.0 Car -1.0 -1.0 -1.0 -1.0 -1.0 -1.0 -1.0 1.886 1.725 4.167 627.573 1.429 2055.362 0.9538922493895156 0.0
20.0 2.0 Car -1.0 -1.0 -1.0 -1.0 -1.0 -1.0 -1.0 1.826 1.618 4.172 625.932 2.268 2042.971 -2.1420600442657456 1.0
21.0 0.0 Car -1.0 -1.0 -1.0 -1.0 -1.0 -1.0 -1.0 1.903 1.918 4.93 603.226 4.755 2022.264 0.9449332493469033 1.0
21.0 5.0 Car -1.0 -1.0 -1.0 -1.0 -1.0 -1.0 -1.0 1.886 1.725 4.167 631.205 0.883 2060.514 0.9887988344294021 0.0
21.0 2.0 Car -1.0 -1.0 -1.0 -1.0 -1.0 -1.0 -1.0 1.826 1.618 4.172 625.231 2.223 2041.856 -2.1420600442657456 1.0
22.0 1.0 Car -1.0 -1.0 -1.0 -1.0 -1.0 -1.0 -1.0 1.815 1.502 4.599 604.777 5.794 1979.7 2.0790536582647605 0.0
22.0 0.0 Car -1.0 -1.0 -1.0 -1.0 -1.0 -1.0 -1.0 1.903 1.918 4.93 605.31 4.315 2025.194 0.9361946107719514 1.0
22.0 5.0 Car -1.0 -1.0 -1.0 -1.0 -1.0 -1.0 -1.0 1.886 1.725 4.167 634.891 0.333 2066.035 0.9887988344294021 0.0
22.0 2.0 Car -1.0 -1.0 -1.0 -1.0 -1.0 -1.0 -1.0 1.826 1.618 4.172 624.529 2.177 2040.738 -2.1420600442657456 1.0
23.0 1.0 Car -1.0 -1.0 -1.0 -1.0 -1.0 -1.0 -1.0 1.815 1.502 4.599 603.393 5.478 1982.302 2.0228153212577875 1.0
23.0 0.0 Car -1.0 -1.0 -1.0 -1.0 -1.0 -1.0 -1.0 1.903 1.918 4.93 607.967 3.823 2028.741 0.9361946107719517 1.0
23.0 5.0 Car -1.0 -1.0 -1.0 -1.0 -1.0 -1.0 -1.0 1.886 1.725 4.167 638.797 -0.221 2071.799 0.9975254283165077 0.0
23.0 2.0 Car -1.0 -1.0 -1.0 -1.0 -1.0 -1.0 -1.0 1.826 1.618 4.172 623.828 2.132 2039.623 -2.1420600442657456 1.0
24.0 1.0 Car -1.0 -1.0 -1.0 -1.0 -1.0 -1.0 -1.0 1.815 1.502 4.599 602.158 5.163 1984.978 1.9665776592742144 1.0
24.0 0.0 Car -1.0 -1.0 -1.0 -1.0 -1.0 -1.0 -1.0 1.903 1.918 4.93 610.624 3.332 2032.287 0.9361946107719517 1.0
24.0 5.0 Car -1.0 -1.0 -1.0 -1.0 -1.0 -1.0 -1.0 1.886 1.725 4.167 642.703 -0.775 2077.563 0.9887988344294021 0.0
24.0 2.0 Car -1.0 -1.0 -1.0 -1.0 -1.0 -1.0 -1.0 1.826 1.618 4.172 623.127 2.087 2038.508 -2.1420600442657456 1.0
25.0 1.0 Car -1.0 -1.0 -1.0 -1.0 -1.0 -1.0 -1.0 1.815 1.502 4.599 601.075 4.847 1987.719 1.9103393222672413 1.0
25.0 0.0 Car -1.0 -1.0 -1.0 -1.0 -1.0 -1.0 -1.0 1.903 1.918 4.93 613.282 2.84 2035.834 0.9361946107719519 1.0
25.0 5.0 Car -1.0 -1.0 -1.0 -1.0 -1.0 -1.0 -1.0 1.886 1.725 4.167 646.885 -1.33 2083.694 0.9887988344294021 0.0
25.0 2.0 Car -1.0 -1.0 -1.0 -1.0 -1.0 -1.0 -1.0 1.826 1.618 4.172 622.175 2.238 2037.046 -2.1420600442657456 1.0
25.0 3.0 Truck -1.0 -1.0 -1.0 -1.0 -1.0 -1.0 -1.0 1.882 2.23 5.027 597.041 5.039 2010.722 1.160417059772446 0.0
25.0 4.0 Car -1.0 -1.0 -1.0 -1.0 -1.0 -1.0 -1.0 1.979 1.88 4.334 589.261 5.227 2025.988 -0.41619983481262657 0.0
26.0 1.0 Car -1.0 -1.0 -1.0 -1.0 -1.0 -1.0 -1.0 1.815 1.502 4.599 600.149 4.532 1990.516 1.8541012102680685 1.0
26.0 0.0 Car -1.0 -1.0 -1.0 -1.0 -1.0 -1.0 -1.0 1.903 1.918 4.93 616.216 2.154 2039.804 0.9361946107719517 1.0
26.0 5.0 Car -1.0 -1.0 -1.0 -1.0 -1.0 -1.0 -1.0 1.886 1.725 4.167 650.941 -1.884 2089.531 0.9887988344294021 0.0
26.0 2.0 Car -1.0 -1.0 -1.0 -1.0 -1.0 -1.0 -1.0 1.826 1.618 4.172 621.058 2.356 2035.327 -2.1420600442657456 1.0
26.0 3.0 Truck -1.0 -1.0 -1.0 -1.0 -1.0 -1.0 -1.0 1.882 2.23 5.027 598.044 4.68 2013.426 1.160417059772446 1.0
26.0 4.0 Car -1.0 -1.0 -1.0 -1.0 -1.0 -1.0 -1.0 1.979 1.88 4.334 589.82 4.933 2025.793 -0.41619983481262657 1.0
27.0 1.0 Car -1.0 -1.0 -1.0 -1.0 -1.0 -1.0 -1.0 1.815 1.502 4.599 599.38 4.216 1993.361 1.7978630982688955 1.0
27.0 0.0 Car -1.0 -1.0 -1.0 -1.0 -1.0 -1.0 -1.0 1.903 1.918 4.93 619.151 1.468 2043.773 0.9361946107719517 1.0
27.0 5.0 Car -1.0 -1.0 -1.0 -1.0 -1.0 -1.0 -1.0 1.886 1.725 4.167 655.017 -2.491 2095.397 1.0062521269493454 0.0
27.0 2.0 Car -1.0 -1.0 -1.0 -1.0 -1.0 -1.0 -1.0 1.826 1.618 4.172 619.872 2.237 2033.5 -2.1420600442657456 1.0
27.0 3.0 Truck -1.0 -1.0 -1.0 -1.0 -1.0 -1.0 -1.0 1.882 2.23 5.027 599.826 4.451 2017.262 1.160417059772446 1.0
27.0 4.0 Car -1.0 -1.0 -1.0 -1.0 -1.0 -1.0 -1.0 1.979 1.88 4.334 590.379 4.64 2025.599 -0.41619983481262657 1.0
28.0 1.0 Car -1.0 -1.0 -1.0 -1.0 -1.0 -1.0 -1.0 1.815 1.502 4.599 598.773 3.901 1996.245 1.7416236362229232 0.0
28.0 0.0 Car -1.0 -1.0 -1.0 -1.0 -1.0 -1.0 -1.0 1.903 1.918 4.93 622.318 0.731 2048.139 0.9361946107719517 0.0
28.0 5.0 Car -1.0 -1.0 -1.0 -1.0 -1.0 -1.0 -1.0 1.886 1.725 4.167 659.634 -3.15 2102.119 1.0062521269493454 0.0
28.0 2.0 Car -1.0 -1.0 -1.0 -1.0 -1.0 -1.0 -1.0 1.826 1.618 4.172 618.434 2.188 2031.441 -2.1420600442657456 0.0
28.0 3.0 Truck -1.0 -1.0 -1.0 -1.0 -1.0 -1.0 -1.0 1.882 2.23 5.027 601.599 3.983 2020.724 1.0382440121328427 0.0
28.0 4.0 Car -1.0 -1.0 -1.0 -1.0 -1.0 -1.0 -1.0 1.979 1.88 4.334 590.938 4.346 2025.404 -0.41619983481262657 0.0
29.0 1.0 Car -1.0 -1.0 -1.0 -1.0 -1.0 -1.0 -1.0 1.815 1.502 4.599 598.329 3.585 1999.161 1.6853244346060734 0.0
29.0 0.0 Car -1.0 -1.0 -1.0 -1.0 -1.0 -1.0 -1.0 1.903 1.918 4.93 625.488 -0.007 2052.509 0.9361946107719517 0.0
29.0 5.0 Car -1.0 -1.0 -1.0 -1.0 -1.0 -1.0 -1.0 1.886 1.725 4.167 664.715 -3.828 2109.572 1.0062521269493454 0.0
29.0 2.0 Car -1.0 -1.0 -1.0 -1.0 -1.0 -1.0 -1.0 1.826 1.618 4.172 616.967 2.089 2029.124 -2.1420600442657456 0.0
29.0 3.0 Truck -1.0 -1.0 -1.0 -1.0 -1.0 -1.0 -1.0 1.882 2.23 5.027 603.975 3.448 2024.382 0.9684308420530694 0.0
29.0 4.0 Car -1.0 -1.0 -1.0 -1.0 -1.0 -1.0 -1.0 1.979 1.88 4.334 591.334 4.052 2025.282 -0.407463669760451 0.0
30.0 1.0 Car -1.0 -1.0 -1.0 -1.0 -1.0 -1.0 -1.0 1.815 1.502 4.599 598.049 3.269 2002.099 1.6290055448067304 0.0
30.0 0.0 Car -1.0 -1.0 -1.0 -1.0 -1.0 -1.0 -1.0 1.903 1.918 4.93 628.833 -0.685 2057.089 0.9361946107719517 0.0
30.0 5.0 Car -1.0 -1.0 -1.0 -1.0 -1.0 -1.0 -1.0 1.886 1.725 4.167 669.236 -4.593 2116.141 1.0062521269493454 0.0
30.0 2.0 Car -1.0 -1.0 -1.0 -1.0 -1.0 -1.0 -1.0 1.826 1.618 4.172 615.41 1.99 2026.693 -2.1420600442657456 0.0
30.0 3.0 Truck -1.0 -1.0 -1.0 -1.0 -1.0 -1.0 -1.0 1.882 2.23 5.027 606.801 2.653 2028.346 0.9421993147862655 0.0
30.0 4.0 Car -1.0 -1.0 -1.0 -1.0 -1.0 -1.0 -1.0 1.979 1.88 4.334 591.73 3.758 2025.16 -0.39872444961678416 0.0
31.0 1.0 Car -1.0 -1.0 -1.0 -1.0 -1.0 -1.0 -1.0 1.815 1.502 4.599 597.936 2.954 2005.037 1.5729081751864047 0.0
31.0 0.0 Car -1.0 -1.0 -1.0 -1.0 -1.0 -1.0 -1.0 1.903 1.918 4.93 632.166 -1.361 2061.652 0.9361946107719517 0.0
31.0 5.0 Car -1.0 -1.0 -1.0 -1.0 -1.0 -1.0 -1.0 1.886 1.725 4.167 673.654 -5.268 2122.656 1.0062521269493454 0.0
31.0 2.0 Car -1.0 -1.0 -1.0 -1.0 -1.0 -1.0 -1.0 1.826 1.618 4.172 613.859 1.892 2024.113 -2.1420600442657456 0.0
31.0 3.0 Truck -1.0 -1.0 -1.0 -1.0 -1.0 -1.0 -1.0 1.882 2.23 5.027 609.718 1.861 2032.22 0.9160709644932393 0.0
31.0 4.0 Car -1.0 -1.0 -1.0 -1.0 -1.0 -1.0 -1.0 1.979 1.88 4.334 592.124 3.465 2025.038 -0.39001960361681176 0.0
32.0 1.0 Car -1.0 -1.0 -1.0 -1.0 -1.0 -1.0 -1.0 1.815 1.502 4.599 598.147 2.705 2008.411 1.4404197585899434 0.0
32.0 0.0 Car -1.0 -1.0 -1.0 -1.0 -1.0 -1.0 -1.0 1.903 1.918 4.93 635.539 -1.997 2066.686 0.9361946107719517 0.0
32.0 2.0 Car -1.0 -1.0 -1.0 -1.0 -1.0 -1.0 -1.0 1.826 1.618 4.172 612.406 1.861 2021.381 -2.0487540191632747 0.0
32.0 3.0 Truck -1.0 -1.0 -1.0 -1.0 -1.0 -1.0 -1.0 1.882 2.23 5.027 612.784 1.143 2036.45 0.9160709644932393 0.0
32.0 4.0 Car -1.0 -1.0 -1.0 -1.0 -1.0 -1.0 -1.0 1.979 1.88 4.334 592.52 3.172 2024.915 -0.38129324977273993 0.0
33.0 1.0 Car -1.0 -1.0 -1.0 -1.0 -1.0 -1.0 -1.0 1.815 1.502 4.599 598.805 2.456 2011.734 1.3076366040493959 0.0
33.0 0.0 Car -1.0 -1.0 -1.0 -1.0 -1.0 -1.0 -1.0 1.903 1.918 4.93 638.919 -2.636 2071.732 0.9361946107719517 0.0
33.0 2.0 Car -1.0 -1.0 -1.0 -1.0 -1.0 -1.0 -1.0 1.826 1.618 4.172 611.057 1.796 2018.591 -1.9552404225106557 0.0
33.0 3.0 Truck -1.0 -1.0 -1.0 -1.0 -1.0 -1.0 -1.0 1.882 2.23 5.027 616.147 0.466 2040.903 0.9160709644932393 0.0
33.0 4.0 Car -1.0 -1.0 -1.0 -1.0 -1.0 -1.0 -1.0 1.979 1.88 4.334 592.951 2.846 2024.832 -0.3725621244038 0.0
34.0 1.0 Car -1.0 -1.0 -1.0 -1.0 -1.0 -1.0 -1.0 1.815 1.502 4.599 600.023 2.082 2015.243 1.1866243109287162 0.0
34.0 0.0 Car -1.0 -1.0 -1.0 -1.0 -1.0 -1.0 -1.0 1.903 1.918 4.93 642.383 -3.124 2076.834 0.9361946107719517 0.0
34.0 2.0 Car -1.0 -1.0 -1.0 -1.0 -1.0 -1.0 -1.0 1.826 1.618 4.172 609.982 1.748 2015.683 -1.8618227717004603 0.0
34.0 3.0 Truck -1.0 -1.0 -1.0 -1.0 -1.0 -1.0 -1.0 1.882 2.23 5.027 619.507 -0.209 2045.352 0.9160709644932393 0.0
34.0 4.0 Car -1.0 -1.0 -1.0 -1.0 -1.0 -1.0 -1.0 1.979 1.88 4.334 593.381 2.52 2024.749 -0.36383995725279655 0.0
35.0 1.0 Car -1.0 -1.0 -1.0 -1.0 -1.0 -1.0 -1.0 1.815 1.502 4.599 601.654 1.708 2018.575 1.0657566166364778 0.0
35.0 0.0 Car -1.0 -1.0 -1.0 -1.0 -1.0 -1.0 -1.0 1.903 1.918 4.93 646.044 -3.761 2082.204 0.9361946107719517 0.0
35.0 2.0 Car -1.0 -1.0 -1.0 -1.0 -1.0 -1.0 -1.0 1.826 1.618 4.172 609.404 1.572 2012.585 -1.6926830843446388 0.0
35.0 3.0 Truck -1.0 -1.0 -1.0 -1.0 -1.0 -1.0 -1.0 1.882 2.23 5.027 622.989 -0.884 2050.006 0.9422355926174755 0.0
35.0 4.0 Car -1.0 -1.0 -1.0 -1.0 -1.0 -1.0 -1.0 1.979 1.88 4.334 593.908 2.211 2024.677 -0.36383995725279655 0.0
36.0 1.0 Car -1.0 -1.0 -1.0 -1.0 -1.0 -1.0 -1.0 1.815 1.502 4.599 603.678 1.334 2021.69 0.9447474669685904 0.0
36.0 0.0 Car -1.0 -1.0 -1.0 -1.0 -1.0 -1.0 -1.0 1.903 1.918 4.93 649.812 -4.398 2087.546 0.9361946107719517 0.0
36.0 2.0 Car -1.0 -1.0 -1.0 -1.0 -1.0 -1.0 -1.0 1.826 1.618 4.172 609.354 1.397 2009.373 -1.5233454473369106 0.0
36.0 3.0 Truck -1.0 -1.0 -1.0 -1.0 -1.0 -1.0 -1.0 1.882 2.23 5.027 626.352 -1.559 2054.755 0.9684308420530694 0.0
36.0 4.0 Car -1.0 -1.0 -1.0 -1.0 -1.0 -1.0 -1.0 1.979 1.88 4.334 594.436 1.901 2024.605 -0.36383995725279655 0.0
37.0 1.0 Car -1.0 -1.0 -1.0 -1.0 -1.0 -1.0 -1.0 1.815 1.502 4.599 606.169 0.9 2025.093 0.9623570962565697 0.0
37.0 0.0 Car -1.0 -1.0 -1.0 -1.0 -1.0 -1.0 -1.0 1.903 1.918 4.93 653.301 -5.085 2092.453 0.9361946107719517 0.0
37.0 2.0 Car -1.0 -1.0 -1.0 -1.0 -1.0 -1.0 -1.0 1.826 1.618 4.172 610.011 1.247 2006.08 -1.3186512985614705 0.0
37.0 3.0 Truck -1.0 -1.0 -1.0 -1.0 -1.0 -1.0 -1.0 1.882 2.23 5.027 629.874 -2.234 2059.622 0.9684308420530694 0.0
37.0 4.0 Car -1.0 -1.0 -1.0 -1.0 -1.0 -1.0 -1.0 1.979 1.88 4.334 594.963 1.592 2024.534 -0.36383995725279655 0.0
38.0 1.0 Car -1.0 -1.0 -1.0 -1.0 -1.0 -1.0 -1.0 1.815 1.502 4.599 609.037 0.28 2029.106 0.9623570962565697 0.0
38.0 0.0 Car -1.0 -1.0 -1.0 -1.0 -1.0 -1.0 -1.0 1.903 1.918 4.93 656.896 -5.571 2097.273 0.9187413182520086 0.0
38.0 2.0 Car -1.0 -1.0 -1.0 -1.0 -1.0 -1.0 -1.0 1.826 1.618 4.172 611.382 1.097 2002.833 -1.11418196106345 0.0
38.0 3.0 Truck -1.0 -1.0 -1.0 -1.0 -1.0 -1.0 -1.0 1.882 2.23 5.027 633.392 -2.908 2064.483 0.9684308420530694 0.0
38.0 4.0 Car -1.0 -1.0 -1.0 -1.0 -1.0 -1.0 -1.0 1.979 1.88 4.334 595.097 1.479 2024.433 -0.3228266911245344 0.0
39.0 1.0 Car -1.0 -1.0 -1.0 -1.0 -1.0 -1.0 -1.0 1.815 1.502 4.599 611.908 -0.14 2033.122 0.9623570962565697 0.0
39.0 0.0 Car -1.0 -1.0 -1.0 -1.0 -1.0 -1.0 -1.0 1.903 1.918 4.93 660.891 -5.758 2102.524 0.9187413182520086 0.0
39.0 2.0 Car -1.0 -1.0 -1.0 -1.0 -1.0 -1.0 -1.0 1.826 1.618 4.172 613.398 0.939 1999.764 -0.9287478526526199 0.0
39.0 3.0 Truck -1.0 -1.0 -1.0 -1.0 -1.0 -1.0 -1.0 1.882 2.23 5.027 636.915 -3.582 2069.35 0.9684308420530694 0.0
39.0 4.0 Car -1.0 -1.0 -1.0 -1.0 -1.0 -1.0 -1.0 1.979 1.88 4.334 595.235 1.365 2024.339 -0.28176816718844266 0.0
