0.0 7.0 Car -1.0 -1.0 -1.0 -1.0 -1.0 -1.0 -1.0 1.87 1.74 4.661 1881.883 -0.978 1560.989 -2.332108946578094 0.0
0.0 6.0 Car -1.0 -1.0 -1.0 -1.0 -1.0 -1.0 -1.0 1.837 1.484 4.344 1838.702 1.493 1510.188 -2.243428767216747 0.0
0.0 5.0 Car -1.0 -1.0 -1.0 -1.0 -1.0 -1.0 -1.0 1.863 1.539 4.42 1849.806 0.9 1520.104 -2.3705410965754194 0.0
0.0 2.0 Car -1.0 -1.0 -1.0 -1.0 -1.0 -1.0 -1.0 1.867 1.76 4.083 1844.534 1.301 1514.988 -2.3306952298164623 0.0
0.0 4.0 Car -1.0 -1.0 -1.0 -1.0 -1.0 -1.0 -1.0 1.887 1.69 4.426 1842.801 1.443 1518.533 -2.3830551073762916 0.0
0.0 0.0 Car -1.0 -1.0 -1.0 -1.0 -1.0 -1.0 -1.0 1.875 1.821 4.67 1895.298 0.062 1520.333 2.3510283154921146 0.0
0.0 11.0 Bus -1.0 -1.0 -1.0 -1.0 -1.0 -1.0 -1.0 2.9 3.386 12.041 1822.524 2.517 1503.381 -2.3876278700356126 0.0
0.0 12.0 Bus -1.0 -1.0 -1.0 -1.0 -1.0 -1.0 -1.0 2.733 3.755 12.047 1813.04 2.45 1490.699 -2.5014233373351322 0.0
1.0 7.0 Car -1.0 -1.0 -1.0 -1.0 -1.0 -1.0 -1.0 1.87 1.74 4.661 1881.83 -0.985 1560.917 -2.332108946578094 1.0
1.0 6.0 Car -1.0 -1.0 -1.0 -1.0 -1.0 -1.0 -1.0 1.837 1.484 4.344 1837.935 1.493 1509.233 -2.243402926062247 1.0
1.0 5.0 Car -1.0 -1.0 -1.0 -1.0 -1.0 -1.0 -1.0 1.863 1.539 4.42 1849.851 0.857 1520.135 -2.3705410965754194 1.0
1.0 2.0 Car -1.0 -1.0 -1.0 -1.0 -1.0 -1.0 -1.0 1.867 1.76 4.083 1844.127 1.318 1514.559 -2.3306952298164623 1.0
1.0 4.0 Car -1.0 -1.0 -1.0 -1.0 -1.0 -1.0 -1.0 1.887 1.69 4.426 1842.555 1.443 1518.299 -2.3830551073762916 1.0
1.0 0.0 Car -1.0 -1.0 -1.0 -1.0 -1.0 -1.0 -1.0 1.875 1.821 4.67 1892.42 0.145 1523.21 2.3510283154921146 1.0
1.0 11.0 Bus -1.0 -1.0 -1.0 -1.0 -1.0 -1.0 -1.0 2.9 3.386 12.041 1821.57 2.496 1502.487 -2.3876278700356126 1.0
1.0 12.0 Bus -1.0 -1.0 -1.0 -1.0 -1.0 -1.0 -1.0 2.733 3.755 12.047 1812.359 2.382 1490.194 -2.5188740365625577 1.0
2.0 7.0 Car -1.0 -1.0 -1.0 -1.0 -1.0 -1.0 -1.0 1.87 1.74 4.661 1881.776 -0.993 1560.845 -2.332108946578094 1.0
2.0 9.0 Car -1.0 -1.0 -1.0 -1.0 -1.0 -1.0 -1.0 1.843 1.452 4.357 1831.527 1.628 1502.589 -2.3236698278218375 0.0
2.0 6.0 Car -1.0 -1.0 -1.0 -1.0 -1.0 -1.0 -1.0 1.837 1.484 4.344 1836.807 1.492 1507.936 -2.260869662495153 1.0
2.0 5.0 Car -1.0 -1.0 -1.0 -1.0 -1.0 -1.0 -1.0 1.863 1.539 4.42 1849.816 0.864 1520.089 -2.3705410965754194 1.0
2.0 2.0 Car -1.0 -1.0 -1.0 -1.0 -1.0 -1.0 -1.0 1.867 1.76 4.083 1843.496 1.334 1513.895 -2.3306952298164623 1.0
2.0 4.0 Car -1.0 -1.0 -1.0 -1.0 -1.0 -1.0 -1.0 1.887 1.69 4.426 1841.985 1.443 1517.759 -2.3830551073762916 1.0
2.0 0.0 Car -1.0 -1.0 -1.0 -1.0 -1.0 -1.0 -1.0 1.875 1.821 4.67 1889.721 0.178 1525.907 2.3510283154921146 1.0
2.0 11.0 Bus -1.0 -1.0 -1.0 -1.0 -1.0 -1.0 -1.0 2.9 3.386 12.041 1820.616 2.474 1501.592 -2.3876278700356126 1.0
2.0 12.0 Bus -1.0 -1.0 -1.0 -1.0 -1.0 -1.0 -1.0 2.733 3.755 12.047 1811.668 2.314 1489.701 -2.536344389955005 1.0
3.0 7.0 Car -1.0 -1.0 -1.0 -1.0 -1.0 -1.0 -1.0 1.87 1.74 4.661 1881.723 -1.001 1560.773 -2.332108946578094 1.0
3.0 9.0 Car -1.0 -1.0 -1.0 -1.0 -1.0 -1.0 -1.0 1.843 1.452 4.357 1829.27 1.576 1500.3 -2.332406250487039 1.0
3.0 6.0 Car -1.0 -1.0 -1.0 -1.0 -1.0 -1.0 -1.0 1.837 1.484 4.344 1835.634 1.493 1506.678 -2.3306952298164623 1.0
3.0 5.0 Car -1.0 -1.0 -1.0 -1.0 -1.0 -1.0 -1.0 1.863 1.539 4.42 1849.727 0.872 1519.991 -2.3705410965754194 1.0
3.0 2.0 Car -1.0 -1.0 -1.0 -1.0 -1.0 -1.0 -1.0 1.867 1.76 4.083 1842.671 1.351 1513.027 -2.3306952298164623 1.0
3.0 4.0 Car -1.0 -1.0 -1.0 -1.0 -1.0 -1.0 -1.0 1.887 1.69 4.426 1841.247 1.443 1517.06 -2.3830551073762916 1.0
3.0 0.0 Car -1.0 -1.0 -1.0 -1.0 -1.0 -1.0 -1.0 1.875 1.821 4.67 1887.563 0.178 1528.056 2.3510283154921146 1.0
3.0 11.0 Bus -1.0 -1.0 -1.0 -1.0 -1.0 -1.0 -1.0 2.9 3.386 12.041 1819.661 2.453 1500.697 -2.3876278700356126 1.0
3.0 12.0 Bus -1.0 -1.0 -1.0 -1.0 -1.0 -1.0 -1.0 2.733 3.755 12.047 1810.969 2.245 1489.219 -2.553814219701847 1.0
4.0 7.0 Car -1.0 -1.0 -1.0 -1.0 -1.0 -1.0 -1.0 1.87 1.74 4.661 1881.669 -1.008 1560.7 -2.332108946578094 1.0
4.0 9.0 Car -1.0 -1.0 -1.0 -1.0 -1.0 -1.0 -1.0 1.843 1.452 4.357 1827.019 1.524 1498.016 -2.341123120341781 1.0
4.0 6.0 Car -1.0 -1.0 -1.0 -1.0 -1.0 -1.0 -1.0 1.837 1.484 4.344 1833.97 1.518 1504.942 -2.339416915303289 1.0
4.0 5.0 Car -1.0 -1.0 -1.0 -1.0 -1.0 -1.0 -1.0 1.863 1.539 4.42 1849.488 0.879 1519.746 -2.3705410965754194 1.0
4.0 2.0 Car -1.0 -1.0 -1.0 -1.0 -1.0 -1.0 -1.0 1.867 1.76 4.083 1841.6 1.384 1511.889 -2.3248821070541275 1.0
4.0 4.0 Car -1.0 -1.0 -1.0 -1.0 -1.0 -1.0 -1.0 1.887 1.69 4.426 1840.228 1.443 1516.094 -2.3830551073762916 1.0
4.0 0.0 Car -1.0 -1.0 -1.0 -1.0 -1.0 -1.0 -1.0 1.875 1.821 4.67 1885.546 0.178 1530.064 2.3510283154921146 1.0
4.0 11.0 Bus -1.0 -1.0 -1.0 -1.0 -1.0 -1.0 -1.0 2.9 3.386 12.041 1818.924 2.399 1499.977 -2.3876278700356126 1.0
4.0 12.0 Bus -1.0 -1.0 -1.0 -1.0 -1.0 -1.0 -1.0 2.733 3.755 12.047 1810.263 2.177 1488.751 -2.571244950576889 1.0
5.0 7.0 Car -1.0 -1.0 -1.0 -1.0 -1.0 -1.0 -1.0 1.87 1.74 4.661 1881.616 -1.016 1560.628 -2.332108946578094 1.0
5.0 9.0 Car -1.0 -1.0 -1.0 -1.0 -1.0 -1.0 -1.0 1.843 1.452 4.357 1824.751 1.473 1495.741 -2.3673014880331458 0.0
5.0 6.0 Car -1.0 -1.0 -1.0 -1.0 -1.0 -1.0 -1.0 1.837 1.484 4.344 1832.304 1.543 1503.204 -2.348148522336406 1.0
5.0 1.0 Car -1.0 -1.0 -1.0 -1.0 -1.0 -1.0 -1.0 1.677 1.446 3.964 1896.919 -2.446 1575.322 -2.332108946578094 0.0
5.0 5.0 Car -1.0 -1.0 -1.0 -1.0 -1.0 -1.0 -1.0 1.863 1.539 4.42 1848.972 0.887 1519.232 -2.3705410965754194 1.0
5.0 2.0 Car -1.0 -1.0 -1.0 -1.0 -1.0 -1.0 -1.0 1.867 1.76 4.083 1840.285 1.418 1510.494 -2.3190623714453804 1.0
5.0 4.0 Car -1.0 -1.0 -1.0 -1.0 -1.0 -1.0 -1.0 1.887 1.69 4.426 1839.208 1.443 1515.128 -2.3830551073762916 1.0
5.0 0.0 Car -1.0 -1.0 -1.0 -1.0 -1.0 -1.0 -1.0 1.875 1.821 4.67 1883.888 0.178 1531.709 2.3510283154921146 1.0
5.0 11.0 Bus -1.0 -1.0 -1.0 -1.0 -1.0 -1.0 -1.0 2.9 3.386 12.041 1818.186 2.344 1499.257 -2.3876278700356126 1.0
5.0 12.0 Bus -1.0 -1.0 -1.0 -1.0 -1.0 -1.0 -1.0 2.733 3.755 12.047 1809.548 2.109 1488.295 -2.588695510165487 1.0
6.0 7.0 Car -1.0 -1.0 -1.0 -1.0 -1.0 -1.0 -1.0 1.87 1.74 4.661 1881.562 -1.023 1560.556 -2.332108946578094 1.0
6.0 9.0 Car -1.0 -1.0 -1.0 -1.0 -1.0 -1.0 -1.0 1.843 1.452 4.357 1822.424 1.421 1493.525 -2.39348299790161 0.0
6.0 6.0 Car -1.0 -1.0 -1.0 -1.0 -1.0 -1.0 -1.0 1.837 1.484 4.344 1830.307 1.443 1501.305 -2.34233160384616 1.0
6.0 1.0 Car -1.0 -1.0 -1.0 -1.0 -1.0 -1.0 -1.0 1.677 1.446 3.964 1895.798 -2.336 1574.202 -2.340836701402608 1.0
6.0 5.0 Car -1.0 -1.0 -1.0 -1.0 -1.0 -1.0 -1.0 1.863 1.539 4.42 1848.084 0.894 1518.358 -2.3705410965754194 1.0
6.0 2.0 Car -1.0 -1.0 -1.0 -1.0 -1.0 -1.0 -1.0 1.867 1.76 4.083 1838.703 1.451 1508.81 -2.3132419372965196 1.0
6.0 4.0 Car -1.0 -1.0 -1.0 -1.0 -1.0 -1.0 -1.0 1.887 1.69 4.426 1838.188 1.443 1514.161 -2.3830551073762916 1.0
6.0 0.0 Car -1.0 -1.0 -1.0 -1.0 -1.0 -1.0 -1.0 1.875 1.821 4.67 1882.59 0.145 1532.978 2.359756070316628 0.0
6.0 11.0 Bus -1.0 -1.0 -1.0 -1.0 -1.0 -1.0 -1.0 2.9 3.386 12.041 1817.448 2.29 1498.537 -2.3876278700356126 1.0
6.0 12.0 Bus -1.0 -1.0 -1.0 -1.0 -1.0 -1.0 -1.0 2.733 3.755 12.047 1808.821 2.041 1487.858 -2.6061481643365023 1.0
7.0 7.0 Car -1.0 -1.0 -1.0 -1.0 -1.0 -1.0 -1.0 1.87 1.74 4.661 1881.509 -1.031 1560.484 -2.332108946578094 1.0
7.0 9.0 Car -1.0 -1.0 -1.0 -1.0 -1.0 -1.0 -1.0 1.843 1.452 4.357 1819.726 1.32 1491.055 -2.4080259007739224 0.0
7.0 6.0 Car -1.0 -1.0 -1.0 -1.0 -1.0 -1.0 -1.0 1.837 1.484 4.344 1828.045 1.367 1499.101 -2.3714183143843397 1.0
7.0 1.0 Car -1.0 -1.0 -1.0 -1.0 -1.0 -1.0 -1.0 1.677 1.446 3.964 1894.677 -2.225 1573.083 -2.349562239098037 1.0
7.0 5.0 Car -1.0 -1.0 -1.0 -1.0 -1.0 -1.0 -1.0 1.863 1.539 4.42 1846.761 0.901 1517.06 -2.3705410965754194 1.0
7.0 2.0 Car -1.0 -1.0 -1.0 -1.0 -1.0 -1.0 -1.0 1.867 1.76 4.083 1836.947 1.418 1506.989 -2.3306870507652437 1.0
7.0 4.0 Car -1.0 -1.0 -1.0 -1.0 -1.0 -1.0 -1.0 1.887 1.69 4.426 1837.111 1.443 1513.11 -2.3830551073762916 1.0
7.0 0.0 Car -1.0 -1.0 -1.0 -1.0 -1.0 -1.0 -1.0 1.875 1.821 4.67 1881.658 0.162 1533.886 2.3684816080120576 0.0
7.0 11.0 Bus -1.0 -1.0 -1.0 -1.0 -1.0 -1.0 -1.0 2.9 3.386 12.041 1816.71 2.235 1497.816 -2.3876278700356126 1.0
7.0 12.0 Bus -1.0 -1.0 -1.0 -1.0 -1.0 -1.0 -1.0 2.733 3.755 12.047 1808.094 1.972 1487.421 -2.6235963849747335 1.0
8.0 3.0 Car -1.0 -1.0 -1.0 -1.0 -1.0 -1.0 -1.0 1.727 2.0 4.7 1796.6 1.157 1485.924 0.7510326304269982 0.0
8.0 7.0 Car -1.0 -1.0 -1.0 -1.0 -1.0 -1.0 -1.0 1.87 1.74 4.661 1881.455 -1.039 1560.412 -2.332108946578094 1.0
8.0 9.0 Car -1.0 -1.0 -1.0 -1.0 -1.0 -1.0 -1.0 1.843 1.452 4.357 1817.026 1.218 1488.585 -2.422573022691305 0.0
8.0 6.0 Car -1.0 -1.0 -1.0 -1.0 -1.0 -1.0 -1.0 1.837 1.484 4.344 1825.701 1.243 1496.984 -2.3830551073762916 1.0
8.0 1.0 Car -1.0 -1.0 -1.0 -1.0 -1.0 -1.0 -1.0 1.677 1.446 3.964 1893.566 -2.065 1571.954 -2.349562239098037 1.0
8.0 5.0 Car -1.0 -1.0 -1.0 -1.0 -1.0 -1.0 -1.0 1.863 1.539 4.42 1845.076 0.971 1515.407 -2.3749014565741042 1.0
8.0 2.0 Car -1.0 -1.0 -1.0 -1.0 -1.0 -1.0 -1.0 1.867 1.76 4.083 1834.937 1.384 1505.004 -2.348137225240057 1.0
8.0 4.0 Car -1.0 -1.0 -1.0 -1.0 -1.0 -1.0 -1.0 1.887 1.69 4.426 1836.094 1.393 1512.116 -2.3830551073762916 1.0
8.0 0.0 Car -1.0 -1.0 -1.0 -1.0 -1.0 -1.0 -1.0 1.875 1.821 4.67 1881.085 0.178 1534.495 2.3510283154921146 0.0
8.0 11.0 Bus -1.0 -1.0 -1.0 -1.0 -1.0 -1.0 -1.0 2.9 3.386 12.041 1816.544 2.161 1497.667 -2.3876278700356126 1.0
8.0 12.0 Bus -1.0 -1.0 -1.0 -1.0 -1.0 -1.0 -1.0 2.733 3.755 12.047 1807.942 1.974 1487.328 -2.619236024976049 1.0
9.0 3.0 Car -1.0 -1.0 -1.0 -1.0 -1.0 -1.0 -1.0 1.727 2.0 4.7 1799.247 1.092 1488.462 0.7510326304269982 1.0
9.0 7.0 Car -1.0 -1.0 -1.0 -1.0 -1.0 -1.0 -1.0 1.87 1.74 4.661 1880.285 -0.975 1559.24 -2.332108946578094 1.0
9.0 9.0 Car -1.0 -1.0 -1.0 -1.0 -1.0 -1.0 -1.0 1.843 1.452 4.357 1813.825 1.168 1485.983 -2.4632926641388027 0.0
9.0 6.0 Car -1.0 -1.0 -1.0 -1.0 -1.0 -1.0 -1.0 1.837 1.484 4.344 1823.357 1.134 1494.702 -2.3888710113829665 1.0
9.0 1.0 Car -1.0 -1.0 -1.0 -1.0 -1.0 -1.0 -1.0 1.677 1.446 3.964 1892.454 -1.904 1570.824 -2.349562239098037 1.0
9.0 5.0 Car -1.0 -1.0 -1.0 -1.0 -1.0 -1.0 -1.0 1.863 1.539 4.42 1843.098 0.991 1513.471 -2.379265418554327 1.0
9.0 2.0 Car -1.0 -1.0 -1.0 -1.0 -1.0 -1.0 -1.0 1.867 1.76 4.083 1832.807 1.351 1502.897 -2.3656018148563485 0.0
9.0 4.0 Car -1.0 -1.0 -1.0 -1.0 -1.0 -1.0 -1.0 1.887 1.69 4.426 1835.172 1.293 1511.212 -2.3830551073762916 1.0
9.0 0.0 Car -1.0 -1.0 -1.0 -1.0 -1.0 -1.0 -1.0 1.875 1.821 4.67 1880.748 0.112 1534.811 2.356845614623769 0.0
9.0 11.0 Bus -1.0 -1.0 -1.0 -1.0 -1.0 -1.0 -1.0 2.9 3.386 12.041 1816.377 2.086 1497.518 -2.3876278700356126 1.0
9.0 12.0 Bus -1.0 -1.0 -1.0 -1.0 -1.0 -1.0 -1.0 2.733 3.755 12.047 1807.789 1.975 1487.236 -2.614872062995827 1.0
10.0 3.0 Car -1.0 -1.0 -1.0 -1.0 -1.0 -1.0 -1.0 1.727 2.0 4.7 1801.894 1.027 1490.999 0.7510326304269982 1.0
10.0 7.0 Car -1.0 -1.0 -1.0 -1.0 -1.0 -1.0 -1.0 1.87 1.74 4.661 1879.114 -0.911 1558.068 -2.332108946578094 1.0
10.0 9.0 Car -1.0 -1.0 -1.0 -1.0 -1.0 -1.0 -1.0 1.843 1.452 4.357 1810.519 1.118 1483.514 -2.504016944211397 0.0
10.0 6.0 Car -1.0 -1.0 -1.0 -1.0 -1.0 -1.0 -1.0 1.837 1.484 4.344 1820.801 0.976 1492.384 -2.3772362736071595 1.0
10.0 1.0 Car -1.0 -1.0 -1.0 -1.0 -1.0 -1.0 -1.0 1.677 1.446 3.964 1891.342 -1.843 1569.694 -2.349562239098037 1.0
10.0 5.0 Car -1.0 -1.0 -1.0 -1.0 -1.0 -1.0 -1.0 1.863 1.539 4.42 1840.791 0.961 1511.219 -2.3836298776603297 0.0
10.0 2.0 Car -1.0 -1.0 -1.0 -1.0 -1.0 -1.0 -1.0 1.867 1.76 4.083 1830.362 1.234 1500.648 -2.3772412119539736 0.0
10.0 4.0 Car -1.0 -1.0 -1.0 -1.0 -1.0 -1.0 -1.0 1.887 1.69 4.426 1834.301 1.243 1510.357 -2.3830551073762916 1.0
10.0 0.0 Car -1.0 -1.0 -1.0 -1.0 -1.0 -1.0 -1.0 1.875 1.821 4.67 1880.41 0.045 1535.127 2.3626635764397887 0.0
10.0 11.0 Bus -1.0 -1.0 -1.0 -1.0 -1.0 -1.0 -1.0 2.9 3.386 12.041 1816.211 2.011 1497.369 -2.3876278700356126 1.0
10.0 12.0 Bus -1.0 -1.0 -1.0 -1.0 -1.0 -1.0 -1.0 2.733 3.755 12.047 1807.636 1.976 1487.143 -2.6105076038898236 1.0
11.0 3.0 Car -1.0 -1.0 -1.0 -1.0 -1.0 -1.0 -1.0 1.727 2.0 4.7 1804.531 1.037 1493.549 0.7510326304269982 1.0
11.0 7.0 Car -1.0 -1.0 -1.0 -1.0 -1.0 -1.0 -1.0 1.87 1.74 4.661 1877.943 -0.848 1556.896 -2.332108946578094 1.0
11.0 9.0 Car -1.0 -1.0 -1.0 -1.0 -1.0 -1.0 -1.0 1.843 1.452 4.357 1807.104 1.041 1481.458 -2.5501058018865064 0.0
11.0 6.0 Car -1.0 -1.0 -1.0 -1.0 -1.0 -1.0 -1.0 1.837 1.484 4.344 1818.142 0.917 1489.984 -2.4354149849361213 1.0
11.0 1.0 Car -1.0 -1.0 -1.0 -1.0 -1.0 -1.0 -1.0 1.677 1.446 3.964 1890.23 -1.783 1568.564 -2.349562239098037 1.0
11.0 5.0 Car -1.0 -1.0 -1.0 -1.0 -1.0 -1.0 -1.0 1.863 1.539 4.42 1838.351 1.031 1508.841 -2.387994389095363 0.0
11.0 2.0 Car -1.0 -1.0 -1.0 -1.0 -1.0 -1.0 -1.0 1.867 1.76 4.083 1827.917 1.117 1498.399 -2.3888807486057426 0.0
11.0 4.0 Car -1.0 -1.0 -1.0 -1.0 -1.0 -1.0 -1.0 1.887 1.69 4.426 1833.431 1.193 1509.501 -2.3830551073762916 1.0
11.0 0.0 Car -1.0 -1.0 -1.0 -1.0 -1.0 -1.0 -1.0 1.875 1.821 4.67 1880.073 -0.022 1535.443 2.3684816080120576 0.0
11.0 11.0 Bus -1.0 -1.0 -1.0 -1.0 -1.0 -1.0 -1.0 2.9 3.386 12.041 1816.045 1.937 1497.219 -2.3876278700356126 1.0
11.0 12.0 Bus -1.0 -1.0 -1.0 -1.0 -1.0 -1.0 -1.0 2.733 3.755 12.047 1807.483 1.978 1487.05 -2.606143092454791 1.0
12.0 3.0 Car -1.0 -1.0 -1.0 -1.0 -1.0 -1.0 -1.0 1.727 2.0 4.7 1807.164 0.947 1496.096 0.7510326304269982 1.0
12.0 7.0 Car -1.0 -1.0 -1.0 -1.0 -1.0 -1.0 -1.0 1.87 1.74 4.661 1876.774 -0.784 1555.726 -2.332108946578094 1.0
12.0 9.0 Car -1.0 -1.0 -1.0 -1.0 -1.0 -1.0 -1.0 1.843 1.452 4.357 1804.878 0.964 1479.872 -2.5389544942474753 0.0
12.0 6.0 Car -1.0 -1.0 -1.0 -1.0 -1.0 -1.0 -1.0 1.837 1.484 4.344 1815.008 0.808 1487.464 -2.4645571811890434 1.0
12.0 1.0 Car -1.0 -1.0 -1.0 -1.0 -1.0 -1.0 -1.0 1.677 1.446 3.964 1889.118 -1.722 1567.434 -2.349562239098037 1.0
12.0 5.0 Car -1.0 -1.0 -1.0 -1.0 -1.0 -1.0 -1.0 1.863 1.539 4.42 1835.694 0.976 1506.302 -2.387994389095363 0.0
12.0 2.0 Car -1.0 -1.0 -1.0 -1.0 -1.0 -1.0 -1.0 1.867 1.76 4.083 1825.475 1.001 1496.152 -2.400508399896235 0.0
12.0 4.0 Car -1.0 -1.0 -1.0 -1.0 -1.0 -1.0 -1.0 1.887 1.69 4.426 1832.561 1.143 1508.647 -2.3830551073762916 1.0
12.0 0.0 Car -1.0 -1.0 -1.0 -1.0 -1.0 -1.0 -1.0 1.875 1.821 4.67 1879.992 -0.055 1535.508 2.3684816080120576 0.0
12.0 11.0 Bus -1.0 -1.0 -1.0 -1.0 -1.0 -1.0 -1.0 2.9 3.386 12.041 1815.879 1.862 1497.07 -2.3876278700356126 1.0
12.0 12.0 Bus -1.0 -1.0 -1.0 -1.0 -1.0 -1.0 -1.0 2.733 3.755 12.047 1807.502 1.866 1487.035 -2.6265068421100386 1.0
13.0 3.0 Car -1.0 -1.0 -1.0 -1.0 -1.0 -1.0 -1.0 1.727 2.0 4.7 1810.45 0.969 1499.097 0.7510326304269982 1.0
13.0 7.0 Car -1.0 -1.0 -1.0 -1.0 -1.0 -1.0 -1.0 1.87 1.74 4.661 1875.606 -0.721 1554.557 -2.332108946578094 1.0
13.0 9.0 Car -1.0 -1.0 -1.0 -1.0 -1.0 -1.0 -1.0 1.843 1.452 4.357 1802.664 0.888 1478.275 -2.527817105667427 0.0
13.0 6.0 Car -1.0 -1.0 -1.0 -1.0 -1.0 -1.0 -1.0 1.837 1.484 4.344 1811.644 0.8 1485.268 -2.580842323981928 1.0
13.0 1.0 Car -1.0 -1.0 -1.0 -1.0 -1.0 -1.0 -1.0 1.677 1.446 3.964 1887.504 -1.628 1565.912 -2.349562239098037 1.0
13.0 5.0 Car -1.0 -1.0 -1.0 -1.0 -1.0 -1.0 -1.0 1.863 1.539 4.42 1833.04 0.921 1503.766 -2.387994389095363 0.0
13.0 2.0 Car -1.0 -1.0 -1.0 -1.0 -1.0 -1.0 -1.0 1.867 1.76 4.083 1822.792 0.926 1493.976 -2.417951526202639 0.0
13.0 4.0 Car -1.0 -1.0 -1.0 -1.0 -1.0 -1.0 -1.0 1.887 1.69 4.426 1831.772 1.093 1507.869 -2.3830551073762916 1.0
13.0 0.0 Car -1.0 -1.0 -1.0 -1.0 -1.0 -1.0 -1.0 1.875 1.821 4.67 1879.911 -0.088 1535.573 2.3684816080120576 0.0
13.0 11.0 Bus -1.0 -1.0 -1.0 -1.0 -1.0 -1.0 -1.0 2.9 3.386 12.041 1815.593 1.808 1496.832 -2.3876278700356126 1.0
13.0 12.0 Bus -1.0 -1.0 -1.0 -1.0 -1.0 -1.0 -1.0 2.733 3.755 12.047 1807.007 1.705 1486.585 -2.611938588698947 1.0
14.0 3.0 Car -1.0 -1.0 -1.0 -1.0 -1.0 -1.0 -1.0 1.727 2.0 4.7 1813.739 0.992 1502.101 0.7510326304269982 1.0
14.0 7.0 Car -1.0 -1.0 -1.0 -1.0 -1.0 -1.0 -1.0 1.87 1.74 4.661 1873.454 -0.594 1552.415 -2.327746845134604 1.0
14.0 9.0 Car -1.0 -1.0 -1.0 -1.0 -1.0 -1.0 -1.0 1.843 1.452 4.357 1800.46 0.811 1476.661 -2.5166667348881346 0.0
14.0 6.0 Car -1.0 -1.0 -1.0 -1.0 -1.0 -1.0 -1.0 1.837 1.484 4.344 1808.216 0.742 1483.164 -2.5924946176156087 1.0
14.0 1.0 Car -1.0 -1.0 -1.0 -1.0 -1.0 -1.0 -1.0 1.677 1.446 3.964 1885.888 -1.534 1564.388 -2.349562239098037 1.0
14.0 5.0 Car -1.0 -1.0 -1.0 -1.0 -1.0 -1.0 -1.0 1.863 1.539 4.42 1830.383 0.867 1501.227 -2.387994389095363 0.0
14.0 2.0 Car -1.0 -1.0 -1.0 -1.0 -1.0 -1.0 -1.0 1.867 1.76 4.083 1820.105 0.851 1491.797 -2.4354149849361213 0.0
14.0 4.0 Car -1.0 -1.0 -1.0 -1.0 -1.0 -1.0 -1.0 1.887 1.69 4.426 1831.305 1.068 1507.396 -2.3830551073762916 1.0
14.0 0.0 Car -1.0 -1.0 -1.0 -1.0 -1.0 -1.0 -1.0 1.875 1.821 4.67 1879.831 -0.122 1535.638 2.3684816080120576 0.0
14.0 11.0 Bus -1.0 -1.0 -1.0 -1.0 -1.0 -1.0 -1.0 2.9 3.386 12.041 1815.307 1.753 1496.593 -2.3876278700356126 1.0
14.0 12.0 Bus -1.0 -1.0 -1.0 -1.0 -1.0 -1.0 -1.0 2.733 3.755 12.047 1806.061 1.644 1486.088 -2.6366627289689815 1.0
15.0 3.0 Car -1.0 -1.0 -1.0 -1.0 -1.0 -1.0 -1.0 1.727 2.0 4.7 1817.029 1.014 1505.105 0.7510326304269982 1.0
15.0 7.0 Car -1.0 -1.0 -1.0 -1.0 -1.0 -1.0 -1.0 1.87 1.74 4.661 1871.303 -0.468 1550.274 -2.3233847698701107 1.0
15.0 9.0 Car -1.0 -1.0 -1.0 -1.0 -1.0 -1.0 -1.0 1.843 1.452 4.357 1798.269 0.734 1475.028 -2.505516431027396 0.0
15.0 6.0 Car -1.0 -1.0 -1.0 -1.0 -1.0 -1.0 -1.0 1.837 1.484 4.344 1804.538 0.634 1480.837 -2.5924946176156087 1.0
15.0 1.0 Car -1.0 -1.0 -1.0 -1.0 -1.0 -1.0 -1.0 1.677 1.446 3.964 1884.273 -1.44 1562.864 -2.349562239098037 1.0
15.0 5.0 Car -1.0 -1.0 -1.0 -1.0 -1.0 -1.0 -1.0 1.863 1.539 4.42 1827.84 0.829 1498.9 -2.387994389095363 0.0
15.0 2.0 Car -1.0 -1.0 -1.0 -1.0 -1.0 -1.0 -1.0 1.867 1.76 4.083 1817.328 0.801 1489.561 -2.4615953165192104 0.0
15.0 4.0 Car -1.0 -1.0 -1.0 -1.0 -1.0 -1.0 -1.0 1.887 1.69 4.426 1830.838 1.043 1506.924 -2.3830551073762916 1.0
15.0 0.0 Car -1.0 -1.0 -1.0 -1.0 -1.0 -1.0 -1.0 1.875 1.821 4.67 1879.75 -0.155 1535.702 2.3684816080120576 0.0
15.0 11.0 Bus -1.0 -1.0 -1.0 -1.0 -1.0 -1.0 -1.0 2.9 3.386 12.041 1815.021 1.699 1496.353 -2.3876278700356126 1.0
15.0 12.0 Bus -1.0 -1.0 -1.0 -1.0 -1.0 -1.0 -1.0 2.733 3.755 12.047 1805.103 1.583 1485.614 -2.6613867208579687 1.0
15.0 10.0 Truck -1.0 -1.0 -1.0 -1.0 -1.0 -1.0 -1.0 1.945 2.0 4.787 1909.644 -0.353 1509.568 2.521459716988128 0.0
16.0 3.0 Car -1.0 -1.0 -1.0 -1.0 -1.0 -1.0 -1.0 1.727 2.0 4.7 1820.318 1.037 1508.11 0.7510326304269982 1.0
16.0 7.0 Car -1.0 -1.0 -1.0 -1.0 -1.0 -1.0 -1.0 1.87 1.74 4.661 1869.152 -0.342 1548.133 -2.319022825500598 1.0
16.0 9.0 Car -1.0 -1.0 -1.0 -1.0 -1.0 -1.0 -1.0 1.843 1.452 4.357 1796.094 0.657 1473.374 -2.494366461759421 0.0
16.0 6.0 Car -1.0 -1.0 -1.0 -1.0 -1.0 -1.0 -1.0 1.837 1.484 4.344 1803.548 0.598 1480.099 -2.7477487881079505 1.0
16.0 1.0 Car -1.0 -1.0 -1.0 -1.0 -1.0 -1.0 -1.0 1.677 1.446 3.964 1882.452 -1.296 1561.158 -2.3437467087138515 1.0
16.0 5.0 Car -1.0 -1.0 -1.0 -1.0 -1.0 -1.0 -1.0 1.863 1.539 4.42 1825.297 0.791 1496.572 -2.387994389095363 0.0
16.0 2.0 Car -1.0 -1.0 -1.0 -1.0 -1.0 -1.0 -1.0 1.867 1.76 4.083 1814.493 0.751 1487.399 -2.4877748624959506 0.0
16.0 4.0 Car -1.0 -1.0 -1.0 -1.0 -1.0 -1.0 -1.0 1.887 1.69 4.426 1830.687 0.994 1506.78 -2.3830551073762916 1.0
16.0 0.0 Car -1.0 -1.0 -1.0 -1.0 -1.0 -1.0 -1.0 1.875 1.821 4.67 1879.715 -0.188 1535.723 2.3684816080120576 0.0
16.0 11.0 Bus -1.0 -1.0 -1.0 -1.0 -1.0 -1.0 -1.0 2.9 3.386 12.041 1814.735 1.644 1496.114 -2.3876278700356126 1.0
16.0 12.0 Bus -1.0 -1.0 -1.0 -1.0 -1.0 -1.0 -1.0 2.733 3.755 12.047 1804.128 1.522 1485.176 -2.686109970841724 1.0
16.0 10.0 Truck -1.0 -1.0 -1.0 -1.0 -1.0 -1.0 -1.0 1.945 2.0 4.787 1905.414 -0.469 1512.54 2.5040064244681846 1.0
17.0 3.0 Car -1.0 -1.0 -1.0 -1.0 -1.0 -1.0 -1.0 1.727 2.0 4.7 1823.734 1.047 1511.314 0.7510326304269982 1.0
17.0 7.0 Car -1.0 -1.0 -1.0 -1.0 -1.0 -1.0 -1.0 1.87 1.74 4.661 1866.998 -0.216 1545.989 -2.3146556540581513 1.0
17.0 6.0 Car -1.0 -1.0 -1.0 -1.0 -1.0 -1.0 -1.0 1.837 1.484 4.344 1802.453 0.563 1479.523 -2.9031890051895872 1.0
17.0 1.0 Car -1.0 -1.0 -1.0 -1.0 -1.0 -1.0 -1.0 1.677 1.446 3.964 1880.629 -1.152 1559.451 -2.3379242093729578 1.0
17.0 5.0 Car -1.0 -1.0 -1.0 -1.0 -1.0 -1.0 -1.0 1.863 1.539 4.42 1822.588 0.719 1494.123 -2.382185777002374 0.0
17.0 2.0 Car -1.0 -1.0 -1.0 -1.0 -1.0 -1.0 -1.0 1.867 1.76 4.083 1811.52 0.726 1485.306 -2.51106422334986 0.0
17.0 4.0 Car -1.0 -1.0 -1.0 -1.0 -1.0 -1.0 -1.0 1.887 1.69 4.426 1830.679 0.969 1506.772 -2.3830551073762916 1.0
17.0 0.0 Car -1.0 -1.0 -1.0 -1.0 -1.0 -1.0 -1.0 1.875 1.821 4.67 1879.68 -0.222 1535.743 2.3684816080120576 0.0
17.0 11.0 Bus -1.0 -1.0 -1.0 -1.0 -1.0 -1.0 -1.0 2.9 3.386 12.041 1813.934 1.64 1495.4 -2.3985469469233123 1.0
17.0 12.0 Bus -1.0 -1.0 -1.0 -1.0 -1.0 -1.0 -1.0 2.733 3.755 12.047 1803.152 1.461 1484.737 -2.7108628475744494 1.0
17.0 10.0 Truck -1.0 -1.0 -1.0 -1.0 -1.0 -1.0 -1.0 1.945 2.0 4.787 1901.898 -0.485 1515.208 2.469099839428298 1.0
17.0 8.0 Car -1.0 -1.0 -1.0 -1.0 -1.0 -1.0 -1.0 1.964 1.604 4.474 1790.526 0.199 1484.431 0.7908261373241894 0.0
18.0 3.0 Car -1.0 -1.0 -1.0 -1.0 -1.0 -1.0 -1.0 1.727 2.0 4.7 1827.147 1.057 1514.514 0.7510326304269982 0.0
18.0 7.0 Car -1.0 -1.0 -1.0 -1.0 -1.0 -1.0 -1.0 1.87 1.74 4.661 1864.528 -0.119 1543.455 -2.320473135021732 1.0
18.0 6.0 Car -1.0 -1.0 -1.0 -1.0 -1.0 -1.0 -1.0 1.837 1.484 4.344 1801.285 0.528 1479.123 -3.0584360319898525 1.0
18.0 1.0 Car -1.0 -1.0 -1.0 -1.0 -1.0 -1.0 -1.0 1.677 1.446 3.964 1878.809 -1.008 1557.745 -2.332108946578094 1.0
18.0 5.0 Car -1.0 -1.0 -1.0 -1.0 -1.0 -1.0 -1.0 1.863 1.539 4.42 1819.819 0.648 1491.742 -2.393815984732814 0.0
18.0 2.0 Car -1.0 -1.0 -1.0 -1.0 -1.0 -1.0 -1.0 1.867 1.76 4.083 1808.549 0.701 1483.215 -2.5343246388107383 0.0
18.0 4.0 Car -1.0 -1.0 -1.0 -1.0 -1.0 -1.0 -1.0 1.887 1.69 4.426 1830.671 0.944 1506.765 -2.3830551073762916 1.0
18.0 11.0 Bus -1.0 -1.0 -1.0 -1.0 -1.0 -1.0 -1.0 2.9 3.386 12.041 1813.116 1.635 1494.708 -2.409452452937425 1.0
18.0 12.0 Bus -1.0 -1.0 -1.0 -1.0 -1.0 -1.0 -1.0 2.733 3.755 12.047 1801.295 1.333 1484.214 -2.8621173526275596 1.0
18.0 10.0 Truck -1.0 -1.0 -1.0 -1.0 -1.0 -1.0 -1.0 1.945 2.0 4.787 1898.474 -0.301 1518.021 2.4690998394282984 1.0
18.0 8.0 Car -1.0 -1.0 -1.0 -1.0 -1.0 -1.0 -1.0 1.964 1.604 4.474 1794.723 0.37 1488.553 0.7733728448042461 1.0
19.0 3.0 Car -1.0 -1.0 -1.0 -1.0 -1.0 -1.0 -1.0 1.727 2.0 4.7 1830.559 1.067 1517.715 0.7510326304269982 0.0
19.0 7.0 Car -1.0 -1.0 -1.0 -1.0 -1.0 -1.0 -1.0 1.87 1.74 4.661 1862.057 -0.022 1540.92 -2.3262913608657074 1.0
19.0 6.0 Car -1.0 -1.0 -1.0 -1.0 -1.0 -1.0 -1.0 1.837 1.484 4.344 1800.068 0.492 1478.909 3.069482370289778 1.0
19.0 1.0 Car -1.0 -1.0 -1.0 -1.0 -1.0 -1.0 -1.0 1.677 1.446 3.964 1876.468 -0.864 1555.481 -2.332108946578094 1.0
19.0 5.0 Car -1.0 -1.0 -1.0 -1.0 -1.0 -1.0 -1.0 1.863 1.539 4.42 1816.475 0.577 1488.928 -2.4229009741352487 0.0
19.0 2.0 Car -1.0 -1.0 -1.0 -1.0 -1.0 -1.0 -1.0 1.867 1.76 4.083 1805.234 0.601 1481.033 -2.5575880325757225 0.0
19.0 4.0 Car -1.0 -1.0 -1.0 -1.0 -1.0 -1.0 -1.0 1.887 1.69 4.426 1830.536 0.944 1506.638 -2.3830551073762916 1.0
19.0 11.0 Bus -1.0 -1.0 -1.0 -1.0 -1.0 -1.0 -1.0 2.9 3.386 12.041 1812.298 1.631 1494.015 -2.420359355311521 1.0
19.0 12.0 Bus -1.0 -1.0 -1.0 -1.0 -1.0 -1.0 -1.0 2.733 3.755 12.047 1799.38 1.205 1483.976 -3.0133912245709236 1.0
19.0 10.0 Truck -1.0 -1.0 -1.0 -1.0 -1.0 -1.0 -1.0 1.945 2.0 4.787 1895.915 -0.267 1520.19 2.4341932543884113 1.0
19.0 8.0 Car -1.0 -1.0 -1.0 -1.0 -1.0 -1.0 -1.0 1.964 1.604 4.474 1798.589 0.491 1492.179 0.7733728448042461 1.0
20.0 3.0 Car -1.0 -1.0 -1.0 -1.0 -1.0 -1.0 -1.0 1.727 2.0 4.7 1833.976 0.974 1520.885 0.7572662021669502 0.0
20.0 7.0 Car -1.0 -1.0 -1.0 -1.0 -1.0 -1.0 -1.0 1.87 1.74 4.661 1859.586 0.075 1538.385 -2.332108946578094 1.0
20.0 6.0 Car -1.0 -1.0 -1.0 -1.0 -1.0 -1.0 -1.0 1.837 1.484 4.344 1798.833 0.457 1478.885 2.914232548131744 1.0
20.0 1.0 Car -1.0 -1.0 -1.0 -1.0 -1.0 -1.0 -1.0 1.677 1.446 3.964 1874.127 -0.72 1553.217 -2.332108946578094 1.0
20.0 5.0 Car -1.0 -1.0 -1.0 -1.0 -1.0 -1.0 -1.0 1.863 1.539 4.42 1812.788 0.632 1485.935 -2.482466746428123 0.0
20.0 2.0 Car -1.0 -1.0 -1.0 -1.0 -1.0 -1.0 -1.0 1.867 1.76 4.083 1803.559 0.501 1479.935 -2.5575880325757225 0.0
20.0 4.0 Car -1.0 -1.0 -1.0 -1.0 -1.0 -1.0 -1.0 1.887 1.69 4.426 1830.402 0.944 1506.51 -2.3830551073762916 1.0
20.0 11.0 Bus -1.0 -1.0 -1.0 -1.0 -1.0 -1.0 -1.0 2.9 3.386 12.041 1811.481 1.626 1493.323 -2.431265057688756 1.0
20.0 12.0 Bus -1.0 -1.0 -1.0 -1.0 -1.0 -1.0 -1.0 2.733 3.755 12.047 1797.452 1.078 1484.029 3.118536854086611 1.0
20.0 10.0 Truck -1.0 -1.0 -1.0 -1.0 -1.0 -1.0 -1.0 1.945 2.0 4.787 1893.635 -0.233 1522.29 2.3818333768285815 1.0
20.0 8.0 Car -1.0 -1.0 -1.0 -1.0 -1.0 -1.0 -1.0 1.964 1.604 4.474 1803.003 0.512 1496.299 0.7559195522843027 0.0
21.0 3.0 Car -1.0 -1.0 -1.0 -1.0 -1.0 -1.0 -1.0 1.727 2.0 4.7 1836.709 0.9 1523.421 0.762251989548438 0.0
21.0 7.0 Car -1.0 -1.0 -1.0 -1.0 -1.0 -1.0 -1.0 1.87 1.74 4.661 1857.337 0.137 1536.134 -2.3420841635648446 1.0
21.0 6.0 Car -1.0 -1.0 -1.0 -1.0 -1.0 -1.0 -1.0 1.837 1.484 4.344 1797.851 0.429 1479.004 2.790059339482715 1.0
21.0 1.0 Car -1.0 -1.0 -1.0 -1.0 -1.0 -1.0 -1.0 1.677 1.446 3.964 1872.255 -0.605 1551.407 -2.332108946578094 1.0
21.0 5.0 Car -1.0 -1.0 -1.0 -1.0 -1.0 -1.0 -1.0 1.863 1.539 4.42 1809.715 0.677 1483.703 -2.5301091396267084 0.0
21.0 4.0 Car -1.0 -1.0 -1.0 -1.0 -1.0 -1.0 -1.0 1.887 1.69 4.426 1830.228 0.944 1506.345 -2.3830551073762916 1.0
21.0 11.0 Bus -1.0 -1.0 -1.0 -1.0 -1.0 -1.0 -1.0 2.9 3.386 12.041 1810.827 1.622 1492.769 -2.4399877475954423 1.0
21.0 12.0 Bus -1.0 -1.0 -1.0 -1.0 -1.0 -1.0 -1.0 2.733 3.755 12.047 1795.331 1.144 1484.477 3.0021991920569135 1.0
21.0 10.0 Truck -1.0 -1.0 -1.0 -1.0 -1.0 -1.0 -1.0 1.945 2.0 4.787 1892.085 -0.206 1523.775 2.3818333768285815 1.0
21.0 8.0 Car -1.0 -1.0 -1.0 -1.0 -1.0 -1.0 -1.0 1.964 1.604 4.474 1806.291 0.534 1499.487 0.7559195522843027 0.0
22.0 3.0 Car -1.0 -1.0 -1.0 -1.0 -1.0 -1.0 -1.0 1.727 2.0 4.7 1840.126 0.807 1526.592 0.7684859229469415 0.0
22.0 7.0 Car -1.0 -1.0 -1.0 -1.0 -1.0 -1.0 -1.0 1.87 1.74 4.661 1854.524 0.215 1533.319 -2.354556584382852 1.0
22.0 6.0 Car -1.0 -1.0 -1.0 -1.0 -1.0 -1.0 -1.0 1.837 1.484 4.344 1796.658 0.393 1479.322 2.6348005100607583 1.0
22.0 1.0 Car -1.0 -1.0 -1.0 -1.0 -1.0 -1.0 -1.0 1.677 1.446 3.964 1869.944 -0.462 1549.154 -2.332108946578094 1.0
22.0 4.0 Car -1.0 -1.0 -1.0 -1.0 -1.0 -1.0 -1.0 1.887 1.69 4.426 1829.97 0.944 1506.1 -2.3830551073762916 1.0
22.0 11.0 Bus -1.0 -1.0 -1.0 -1.0 -1.0 -1.0 -1.0 2.9 3.386 12.041 1810.192 1.597 1492.344 -2.4690863868575903 1.0
22.0 12.0 Bus -1.0 -1.0 -1.0 -1.0 -1.0 -1.0 -1.0 2.733 3.755 12.047 1792.776 1.228 1485.379 2.8567374662874614 1.0
22.0 10.0 Truck -1.0 -1.0 -1.0 -1.0 -1.0 -1.0 -1.0 1.945 2.0 4.787 1890.455 -0.172 1525.34 2.364380084308638 1.0
22.0 8.0 Car -1.0 -1.0 -1.0 -1.0 -1.0 -1.0 -1.0 1.964 1.604 4.474 1810.402 0.562 1503.475 0.7559195522843027 0.0
23.0 3.0 Car -1.0 -1.0 -1.0 -1.0 -1.0 -1.0 -1.0 1.727 2.0 4.7 1843.429 0.646 1529.827 0.7744991567067624 0.0
23.0 7.0 Car -1.0 -1.0 -1.0 -1.0 -1.0 -1.0 -1.0 1.87 1.74 4.661 1851.715 0.293 1530.508 -2.3670155316179806 1.0
23.0 6.0 Car -1.0 -1.0 -1.0 -1.0 -1.0 -1.0 -1.0 1.837 1.484 4.344 1795.528 0.358 1479.82 2.4797094021049437 1.0
23.0 1.0 Car -1.0 -1.0 -1.0 -1.0 -1.0 -1.0 -1.0 1.677 1.446 3.964 1867.675 -0.367 1546.867 -2.332108946578094 1.0
23.0 4.0 Car -1.0 -1.0 -1.0 -1.0 -1.0 -1.0 -1.0 1.887 1.69 4.426 1829.497 0.944 1505.652 -2.3830551073762916 1.0
23.0 11.0 Bus -1.0 -1.0 -1.0 -1.0 -1.0 -1.0 -1.0 2.9 3.386 12.041 1809.546 1.572 1491.938 -2.4981535917307385 1.0
23.0 12.0 Bus -1.0 -1.0 -1.0 -1.0 -1.0 -1.0 -1.0 2.733 3.755 12.047 1790.353 1.252 1486.712 2.734634599033575 1.0
23.0 10.0 Truck -1.0 -1.0 -1.0 -1.0 -1.0 -1.0 -1.0 1.945 2.0 4.787 1888.967 -0.139 1526.811 2.364380084308638 1.0
23.0 8.0 Car -1.0 -1.0 -1.0 -1.0 -1.0 -1.0 -1.0 1.964 1.604 4.474 1814.509 0.59 1507.457 0.7559195522843027 0.0
24.0 3.0 Car -1.0 -1.0 -1.0 -1.0 -1.0 -1.0 -1.0 1.727 2.0 4.7 1846.737 0.485 1533.065 0.7805193028524126 0.0
24.0 7.0 Car -1.0 -1.0 -1.0 -1.0 -1.0 -1.0 -1.0 1.87 1.74 4.661 1848.853 0.424 1527.741 -2.3730332736729602 1.0
24.0 6.0 Car -1.0 -1.0 -1.0 -1.0 -1.0 -1.0 -1.0 1.837 1.484 4.344 1795.032 0.348 1480.175 2.4307392994733865 1.0
24.0 1.0 Car -1.0 -1.0 -1.0 -1.0 -1.0 -1.0 -1.0 1.677 1.446 3.964 1865.404 -0.272 1544.577 -2.332108946578094 1.0
24.0 4.0 Car -1.0 -1.0 -1.0 -1.0 -1.0 -1.0 -1.0 1.887 1.69 4.426 1828.844 0.944 1505.034 -2.3830551073762916 1.0
24.0 11.0 Bus -1.0 -1.0 -1.0 -1.0 -1.0 -1.0 -1.0 2.9 3.386 12.041 1808.887 1.546 1491.551 -2.5272542101951574 1.0
24.0 12.0 Bus -1.0 -1.0 -1.0 -1.0 -1.0 -1.0 -1.0 2.733 3.755 12.047 1787.799 1.278 1488.429 2.612391371008255 1.0
24.0 10.0 Truck -1.0 -1.0 -1.0 -1.0 -1.0 -1.0 -1.0 1.945 2.0 4.787 1887.782 -0.105 1527.984 2.364380084308638 0.0
24.0 8.0 Car -1.0 -1.0 -1.0 -1.0 -1.0 -1.0 -1.0 1.964 1.604 4.474 1818.819 0.646 1511.47 0.7467350389967401 0.0
25.0 3.0 Car -1.0 -1.0 -1.0 -1.0 -1.0 -1.0 -1.0 1.727 2.0 4.7 1849.714 0.34 1535.981 0.7859392154668848 0.0
25.0 7.0 Car -1.0 -1.0 -1.0 -1.0 -1.0 -1.0 -1.0 1.87 1.74 4.661 1846.277 0.542 1525.251 -2.3784510218945694 0.0
25.0 6.0 Car -1.0 -1.0 -1.0 -1.0 -1.0 -1.0 -1.0 1.837 1.484 4.344 1794.6 0.339 1480.516 2.386651719111812 0.0
25.0 1.0 Car -1.0 -1.0 -1.0 -1.0 -1.0 -1.0 -1.0 1.677 1.446 3.964 1863.377 -0.201 1542.48 -2.3320176038558675 0.0
25.0 4.0 Car -1.0 -1.0 -1.0 -1.0 -1.0 -1.0 -1.0 1.887 1.69 4.426 1828.023 0.928 1504.206 -2.372227444786601 0.0
25.0 11.0 Bus -1.0 -1.0 -1.0 -1.0 -1.0 -1.0 -1.0 2.9 3.386 12.041 1808.078 1.575 1491.142 -2.568597888753026 0.0
25.0 12.0 Bus -1.0 -1.0 -1.0 -1.0 -1.0 -1.0 -1.0 2.733 3.755 12.047 1785.419 1.329 1490.213 2.5365977328804155 0.0
25.0 10.0 Truck -1.0 -1.0 -1.0 -1.0 -1.0 -1.0 -1.0 1.945 2.0 4.787 1886.988 -0.072 1528.773 2.364380084308638 0.0
25.0 8.0 Car -1.0 -1.0 -1.0 -1.0 -1.0 -1.0 -1.0 1.964 1.604 4.474 1822.699 0.696 1515.082 0.7384662597643595 0.0
26.0 3.0 Car -1.0 -1.0 -1.0 -1.0 -1.0 -1.0 -1.0 1.727 2.0 4.7 1853.367 0.179 1539.534 0.7859392154668848 0.0
26.0 7.0 Car -1.0 -1.0 -1.0 -1.0 -1.0 -1.0 -1.0 1.87 1.74 4.661 1843.415 0.674 1522.484 -2.3844688241379237 0.0
26.0 6.0 Car -1.0 -1.0 -1.0 -1.0 -1.0 -1.0 -1.0 1.837 1.484 4.344 1794.019 0.329 1481.112 2.3734854241465437 0.0
26.0 1.0 Car -1.0 -1.0 -1.0 -1.0 -1.0 -1.0 -1.0 1.677 1.446 3.964 1861.125 -0.123 1540.15 -2.3319161442796292 0.0
26.0 4.0 Car -1.0 -1.0 -1.0 -1.0 -1.0 -1.0 -1.0 1.887 1.69 4.426 1826.876 0.911 1503.06 -2.3602005418082306 0.0
26.0 11.0 Bus -1.0 -1.0 -1.0 -1.0 -1.0 -1.0 -1.0 2.9 3.386 12.041 1807.159 1.606 1490.729 -2.614520672794873 0.0
26.0 12.0 Bus -1.0 -1.0 -1.0 -1.0 -1.0 -1.0 -1.0 2.733 3.755 12.047 1782.942 1.574 1492.4 2.4524094120318267 0.0
26.0 10.0 Truck -1.0 -1.0 -1.0 -1.0 -1.0 -1.0 -1.0 1.945 2.0 4.787 1886.105 -0.035 1529.649 2.364380084308638 0.0
26.0 8.0 Car -1.0 -1.0 -1.0 -1.0 -1.0 -1.0 -1.0 1.964 1.604 4.474 1826.866 0.646 1518.881 0.7210129672444161 0.0
27.0 3.0 Car -1.0 -1.0 -1.0 -1.0 -1.0 -1.0 -1.0 1.727 2.0 4.7 1857.028 0.019 1543.095 0.7859392154668848 0.0
27.0 7.0 Car -1.0 -1.0 -1.0 -1.0 -1.0 -1.0 -1.0 1.87 1.74 4.661 1840.615 0.753 1519.851 -2.3844688241379237 0.0
27.0 6.0 Car -1.0 -1.0 -1.0 -1.0 -1.0 -1.0 -1.0 1.837 1.484 4.344 1793.438 0.319 1481.71 2.360291633228084 0.0
27.0 1.0 Car -1.0 -1.0 -1.0 -1.0 -1.0 -1.0 -1.0 1.677 1.446 3.964 1858.869 -0.045 1537.816 -2.3318144728193513 0.0
27.0 4.0 Car -1.0 -1.0 -1.0 -1.0 -1.0 -1.0 -1.0 1.887 1.69 4.426 1825.586 0.894 1501.773 -2.348148522336406 0.0
27.0 11.0 Bus -1.0 -1.0 -1.0 -1.0 -1.0 -1.0 -1.0 2.9 3.386 12.041 1805.687 1.581 1490.284 -2.71061899992122 0.0
27.0 12.0 Bus -1.0 -1.0 -1.0 -1.0 -1.0 -1.0 -1.0 2.733 3.755 12.047 1780.654 1.868 1494.793 2.3680452757290484 0.0
27.0 10.0 Truck -1.0 -1.0 -1.0 -1.0 -1.0 -1.0 -1.0 1.945 2.0 4.787 1885.734 -0.052 1530.012 2.364380084308638 0.0
27.0 8.0 Car -1.0 -1.0 -1.0 -1.0 -1.0 -1.0 -1.0 1.964 1.604 4.474 1831.063 0.646 1522.671 0.7384662597643595 0.0
28.0 3.0 Car -1.0 -1.0 -1.0 -1.0 -1.0 -1.0 -1.0 1.727 2.0 4.7 1860.681 -0.141 1546.648 0.7859392154668848 0.0
28.0 7.0 Car -1.0 -1.0 -1.0 -1.0 -1.0 -1.0 -1.0 1.87 1.74 4.661 1837.82 0.832 1517.224 -2.3844688241379237 0.0
28.0 6.0 Car -1.0 -1.0 -1.0 -1.0 -1.0 -1.0 -1.0 1.837 1.484 4.344 1792.278 0.309 1482.853 2.3784407497027558 0.0
28.0 1.0 Car -1.0 -1.0 -1.0 -1.0 -1.0 -1.0 -1.0 1.677 1.446 3.964 1856.592 0.034 1535.513 -2.3435391207775513 0.0
28.0 4.0 Car -1.0 -1.0 -1.0 -1.0 -1.0 -1.0 -1.0 1.887 1.69 4.426 1824.156 0.843 1500.398 -2.359775087984811 0.0
28.0 11.0 Bus -1.0 -1.0 -1.0 -1.0 -1.0 -1.0 -1.0 2.9 3.386 12.041 1804.182 1.556 1489.984 -2.8065068905142487 0.0
28.0 12.0 Bus -1.0 -1.0 -1.0 -1.0 -1.0 -1.0 -1.0 2.733 3.755 12.047 1778.322 2.134 1497.357 2.3273522959596282 0.0
28.0 10.0 Truck -1.0 -1.0 -1.0 -1.0 -1.0 -1.0 -1.0 1.945 2.0 4.787 1885.363 -0.068 1530.374 2.364380084308638 0.0
28.0 8.0 Car -1.0 -1.0 -1.0 -1.0 -1.0 -1.0 -1.0 1.964 1.604 4.474 1835.26 0.476 1526.435 0.7384662597643595 0.0
29.0 3.0 Car -1.0 -1.0 -1.0 -1.0 -1.0 -1.0 -1.0 1.727 2.0 4.7 1864.338 -0.302 1550.205 0.7859392154668848 0.0
29.0 7.0 Car -1.0 -1.0 -1.0 -1.0 -1.0 -1.0 -1.0 1.87 1.74 4.661 1835.022 0.912 1514.594 -2.3844688241379237 0.0
29.0 6.0 Car -1.0 -1.0 -1.0 -1.0 -1.0 -1.0 -1.0 1.837 1.484 4.344 1791.116 0.299 1483.996 2.3966109976235463 0.0
29.0 1.0 Car -1.0 -1.0 -1.0 -1.0 -1.0 -1.0 -1.0 1.677 1.446 3.964 1854.312 0.113 1533.206 -2.3552774200210322 0.0
29.0 4.0 Car -1.0 -1.0 -1.0 -1.0 -1.0 -1.0 -1.0 1.887 1.69 4.426 1822.724 0.793 1499.022 -2.371415190718941 0.0
29.0 11.0 Bus -1.0 -1.0 -1.0 -1.0 -1.0 -1.0 -1.0 2.9 3.386 12.041 1802.199 1.456 1489.71 -2.9374076306927415 0.0
29.0 12.0 Bus -1.0 -1.0 -1.0 -1.0 -1.0 -1.0 -1.0 2.733 3.755 12.047 1776.036 2.201 1500.077 2.2866119363901722 0.0
29.0 10.0 Truck -1.0 -1.0 -1.0 -1.0 -1.0 -1.0 -1.0 1.945 2.0 4.787 1884.992 -0.084 1530.736 2.364380084308638 0.0
29.0 8.0 Car -1.0 -1.0 -1.0 -1.0 -1.0 -1.0 -1.0 1.964 1.604 4.474 1839.416 0.332 1529.907 0.7210128277405604 0.0
30.0 7.0 Car -1.0 -1.0 -1.0 -1.0 -1.0 -1.0 -1.0 1.87 1.74 4.661 1832.185 0.901 1511.959 -2.3844688241379237 0.0
30.0 6.0 Car -1.0 -1.0 -1.0 -1.0 -1.0 -1.0 -1.0 1.837 1.484 4.344 1789.123 0.289 1485.97 2.397317786996384 0.0
30.0 1.0 Car -1.0 -1.0 -1.0 -1.0 -1.0 -1.0 -1.0 1.677 1.446 3.964 1852.032 0.192 1530.9 -2.3670155316179806 0.0
30.0 4.0 Car -1.0 -1.0 -1.0 -1.0 -1.0 -1.0 -1.0 1.887 1.69 4.426 1821.292 0.742 1497.645 -2.3830551073762916 0.0
30.0 11.0 Bus -1.0 -1.0 -1.0 -1.0 -1.0 -1.0 -1.0 2.9 3.386 12.041 1800.196 1.356 1489.697 -3.0683062783133983 0.0
30.0 12.0 Bus -1.0 -1.0 -1.0 -1.0 -1.0 -1.0 -1.0 2.733 3.755 12.047 1774.102 2.343 1502.602 2.2458722280894454 0.0
30.0 10.0 Truck -1.0 -1.0 -1.0 -1.0 -1.0 -1.0 -1.0 1.945 2.0 4.787 1885.004 -0.025 1530.768 2.364380084308638 0.0
30.0 8.0 Car -1.0 -1.0 -1.0 -1.0 -1.0 -1.0 -1.0 1.964 1.604 4.474 1843.571 0.187 1533.378 0.7035596747244728 0.0
31.0 7.0 Car -1.0 -1.0 -1.0 -1.0 -1.0 -1.0 -1.0 1.87 1.74 4.661 1829.348 0.89 1509.324 -2.3844688241379237 0.0
31.0 6.0 Car -1.0 -1.0 -1.0 -1.0 -1.0 -1.0 -1.0 1.837 1.484 4.344 1786.566 0.279 1488.227 2.3954941310129305 0.0
31.0 1.0 Car -1.0 -1.0 -1.0 -1.0 -1.0 -1.0 -1.0 1.677 1.446 3.964 1849.648 0.262 1528.49 -2.375747019786682 0.0
31.0 4.0 Car -1.0 -1.0 -1.0 -1.0 -1.0 -1.0 -1.0 1.887 1.69 4.426 1819.686 0.743 1496.033 -2.3825070492401528 0.0
31.0 11.0 Bus -1.0 -1.0 -1.0 -1.0 -1.0 -1.0 -1.0 2.9 3.386 12.041 1797.482 1.407 1489.929 3.075175218166957 0.0
31.0 12.0 Bus -1.0 -1.0 -1.0 -1.0 -1.0 -1.0 -1.0 2.733 3.755 12.047 1772.002 2.415 1505.181 2.2458722280894454 0.0
31.0 10.0 Truck -1.0 -1.0 -1.0 -1.0 -1.0 -1.0 -1.0 1.945 2.0 4.787 1885.017 -0.016 1530.754 2.364380084308638 0.0
31.0 8.0 Car -1.0 -1.0 -1.0 -1.0 -1.0 -1.0 -1.0 1.964 1.604 4.474 1847.616 0.068 1536.837 0.7122911628931747 0.0
32.0 7.0 Car -1.0 -1.0 -1.0 -1.0 -1.0 -1.0 -1.0 1.87 1.74 4.661 1826.515 0.88 1506.692 -2.3844688241379237 0.0
32.0 6.0 Car -1.0 -1.0 -1.0 -1.0 -1.0 -1.0 -1.0 1.837 1.484 4.344 1783.97 0.622 1490.684 2.381731292985924 0.0
32.0 1.0 Car -1.0 -1.0 -1.0 -1.0 -1.0 -1.0 -1.0 1.677 1.446 3.964 1847.229 0.233 1526.123 -2.3844688241379237 0.0
32.0 4.0 Car -1.0 -1.0 -1.0 -1.0 -1.0 -1.0 -1.0 1.887 1.69 4.426 1817.712 0.717 1494.179 -2.3910808076090135 0.0
32.0 11.0 Bus -1.0 -1.0 -1.0 -1.0 -1.0 -1.0 -1.0 2.9 3.386 12.041 1794.829 1.457 1490.536 2.9356263485470953 0.0
32.0 12.0 Bus -1.0 -1.0 -1.0 -1.0 -1.0 -1.0 -1.0 2.733 3.755 12.047 1770.261 2.537 1507.31 2.2458722280894454 0.0
32.0 10.0 Truck -1.0 -1.0 -1.0 -1.0 -1.0 -1.0 -1.0 1.945 2.0 4.787 1885.145 -0.182 1530.856 2.364380084308638 0.0
33.0 7.0 Car -1.0 -1.0 -1.0 -1.0 -1.0 -1.0 -1.0 1.87 1.74 4.661 1823.399 0.868 1503.799 -2.3844688241379237 0.0
33.0 6.0 Car -1.0 -1.0 -1.0 -1.0 -1.0 -1.0 -1.0 1.837 1.484 4.344 1780.843 1.044 1493.781 2.3293338730084 0.0
33.0 1.0 Car -1.0 -1.0 -1.0 -1.0 -1.0 -1.0 -1.0 1.677 1.446 3.964 1844.377 0.417 1523.34 -2.3786511093595486 0.0
33.0 4.0 Car -1.0 -1.0 -1.0 -1.0 -1.0 -1.0 -1.0 1.887 1.69 4.426 1815.542 0.689 1492.141 -2.400508399896235 0.0
33.0 11.0 Bus -1.0 -1.0 -1.0 -1.0 -1.0 -1.0 -1.0 2.9 3.386 12.041 1791.622 1.567 1491.688 2.825088360002198 0.0
33.0 12.0 Bus -1.0 -1.0 -1.0 -1.0 -1.0 -1.0 -1.0 2.733 3.755 12.047 1768.238 2.835 1509.788 2.2458722280894454 0.0
33.0 10.0 Truck -1.0 -1.0 -1.0 -1.0 -1.0 -1.0 -1.0 1.945 2.0 4.787 1885.071 -0.2 1530.772 2.364380084308638 0.0
34.0 7.0 Car -1.0 -1.0 -1.0 -1.0 -1.0 -1.0 -1.0 1.87 1.74 4.661 1820.523 0.841 1501.152 -2.3994353567324644 0.0
34.0 6.0 Car -1.0 -1.0 -1.0 -1.0 -1.0 -1.0 -1.0 1.837 1.484 4.344 1778.099 1.26 1496.953 2.2658492506685235 0.0
34.0 1.0 Car -1.0 -1.0 -1.0 -1.0 -1.0 -1.0 -1.0 1.677 1.446 3.964 1841.246 0.617 1520.313 -2.3738991397909386 0.0
34.0 4.0 Car -1.0 -1.0 -1.0 -1.0 -1.0 -1.0 -1.0 1.887 1.69 4.426 1813.004 0.705 1490.17 -2.4834682390666054 0.0
34.0 11.0 Bus -1.0 -1.0 -1.0 -1.0 -1.0 -1.0 -1.0 2.9 3.386 12.041 1788.291 1.688 1493.341 2.7044257919645287 0.0
34.0 12.0 Bus -1.0 -1.0 -1.0 -1.0 -1.0 -1.0 -1.0 2.733 3.755 12.047 1766.137 3.129 1512.459 2.2458722280894454 0.0
34.0 10.0 Truck -1.0 -1.0 -1.0 -1.0 -1.0 -1.0 -1.0 1.945 2.0 4.787 1885.041 -0.219 1530.732 2.364380084308638 0.0
35.0 7.0 Car -1.0 -1.0 -1.0 -1.0 -1.0 -1.0 -1.0 1.87 1.74 4.661 1818.126 0.818 1498.954 -2.411890084944579 0.0
35.0 6.0 Car -1.0 -1.0 -1.0 -1.0 -1.0 -1.0 -1.0 1.837 1.484 4.344 1775.887 1.439 1499.65 2.2769739954485697 0.0
35.0 1.0 Car -1.0 -1.0 -1.0 -1.0 -1.0 -1.0 -1.0 1.677 1.446 3.964 1838.677 0.713 1517.758 -2.3844688241379237 0.0
35.0 4.0 Car -1.0 -1.0 -1.0 -1.0 -1.0 -1.0 -1.0 1.887 1.69 4.426 1810.664 0.718 1488.628 -2.564110974900046 0.0
35.0 11.0 Bus -1.0 -1.0 -1.0 -1.0 -1.0 -1.0 -1.0 2.9 3.386 12.041 1785.686 1.789 1495.014 2.604013790668172 0.0
35.0 12.0 Bus -1.0 -1.0 -1.0 -1.0 -1.0 -1.0 -1.0 2.733 3.755 12.047 1764.388 3.182 1514.681 2.2458722280894454 0.0
35.0 10.0 Truck -1.0 -1.0 -1.0 -1.0 -1.0 -1.0 -1.0 1.945 2.0 4.787 1885.016 -0.235 1530.699 2.364380084308638 0.0
36.0 7.0 Car -1.0 -1.0 -1.0 -1.0 -1.0 -1.0 -1.0 1.87 1.74 4.661 1815.724 0.796 1496.755 -2.4243603786359587 0.0
36.0 6.0 Car -1.0 -1.0 -1.0 -1.0 -1.0 -1.0 -1.0 1.837 1.484 4.344 1773.619 1.635 1502.24 2.294417096550183 0.0
36.0 1.0 Car -1.0 -1.0 -1.0 -1.0 -1.0 -1.0 -1.0 1.677 1.446 3.964 1835.943 0.79 1515.1 -2.3757428674505725 0.0
36.0 4.0 Car -1.0 -1.0 -1.0 -1.0 -1.0 -1.0 -1.0 1.887 1.69 4.426 1808.205 0.731 1487.278 -2.6448544951754385 0.0
36.0 11.0 Bus -1.0 -1.0 -1.0 -1.0 -1.0 -1.0 -1.0 2.9 3.386 12.041 1783.617 1.905 1496.568 2.5603771115052103 0.0
36.0 12.0 Bus -1.0 -1.0 -1.0 -1.0 -1.0 -1.0 -1.0 2.733 3.755 12.047 1762.904 3.204 1516.177 2.298232105649275 0.0
