0.0 1.0 Car -1.0 -1.0 -1.0 -1.0 -1.0 -1.0 -1.0 1.904 1.511 4.572 1428.416 0.809 1245.703 -0.5241572810829918 0.0
0.0 5.0 Car -1.0 -1.0 -1.0 -1.0 -1.0 -1.0 -1.0 1.91 1.492 4.501 1395.577 1.116 1264.399 -0.5214832109817937 0.0
0.0 6.0 Car -1.0 -1.0 -1.0 -1.0 -1.0 -1.0 -1.0 2.31 2.14 5.85 1411.531 1.126 1255.149 -0.46019096398862486 0.0
0.0 4.0 Car -1.0 -1.0 -1.0 -1.0 -1.0 -1.0 -1.0 1.958 1.735 4.547 1400.515 1.06 1257.056 -0.47643997961492696 0.0
0.0 0.0 Car -1.0 -1.0 -1.0 -1.0 -1.0 -1.0 -1.0 1.91 1.492 4.501 1402.43 1.002 1260.151 -0.5300041340683955 0.0
0.0 2.0 Car -1.0 -1.0 -1.0 -1.0 -1.0 -1.0 -1.0 2.005 1.666 4.548 1424.177 0.909 1251.944 -0.5040510882422127 0.0
1.0 1.0 Car -1.0 -1.0 -1.0 -1.0 -1.0 -1.0 -1.0 1.904 1.511 4.572 1430.729 0.74 1244.318 -0.5067039885630487 1.0
1.0 5.0 Car -1.0 -1.0 -1.0 -1.0 -1.0 -1.0 -1.0 1.91 1.492 4.501 1396.854 1.067 1263.682 -0.5214832109817937 1.0
1.0 6.0 Car -1.0 -1.0 -1.0 -1.0 -1.0 -1.0 -1.0 2.31 2.14 5.85 1413.755 1.107 1253.903 -0.48659377152324135 1.0
1.0 4.0 Car -1.0 -1.0 -1.0 -1.0 -1.0 -1.0 -1.0 1.958 1.735 4.547 1400.659 1.029 1256.997 -0.48188787248135734 1.0
1.0 0.0 Car -1.0 -1.0 -1.0 -1.0 -1.0 -1.0 -1.0 1.91 1.492 4.501 1404.796 0.955 1258.688 -0.5350726148803449 1.0
1.0 2.0 Car -1.0 -1.0 -1.0 -1.0 -1.0 -1.0 -1.0 2.005 1.666 4.548 1426.613 0.903 1250.601 -0.5040510882422127 1.0
2.0 1.0 Car -1.0 -1.0 -1.0 -1.0 -1.0 -1.0 -1.0 1.904 1.511 4.572 1433.728 0.766 1242.827 -0.5132535499215716 1.0
2.0 5.0 Car -1.0 -1.0 -1.0 -1.0 -1.0 -1.0 -1.0 1.91 1.492 4.501 1398.391 1.006 1262.819 -0.5214832109817937 0.0
2.0 6.0 Car -1.0 -1.0 -1.0 -1.0 -1.0 -1.0 -1.0 2.31 2.14 5.85 1416.385 1.083 1252.327 -0.5183461108360139 0.0
2.0 4.0 Car -1.0 -1.0 -1.0 -1.0 -1.0 -1.0 -1.0 1.958 1.735 4.547 1401.81 0.991 1256.415 -0.4884395750837318 1.0
2.0 0.0 Car -1.0 -1.0 -1.0 -1.0 -1.0 -1.0 -1.0 1.91 1.492 4.501 1407.642 0.898 1256.928 -0.5411680319048521 1.0
2.0 2.0 Car -1.0 -1.0 -1.0 -1.0 -1.0 -1.0 -1.0 2.005 1.666 4.548 1429.544 0.895 1248.985 -0.5040510882422127 1.0
3.0 1.0 Car -1.0 -1.0 -1.0 -1.0 -1.0 -1.0 -1.0 1.904 1.511 4.572 1436.554 0.787 1241.401 -0.5187054645817835 1.0
3.0 5.0 Car -1.0 -1.0 -1.0 -1.0 -1.0 -1.0 -1.0 1.91 1.492 4.501 1400.944 0.956 1261.352 -0.5214832109817937 0.0
3.0 6.0 Car -1.0 -1.0 -1.0 -1.0 -1.0 -1.0 -1.0 2.31 2.14 5.85 1418.536 1.063 1250.952 -0.5447770479200749 0.0
3.0 4.0 Car -1.0 -1.0 -1.0 -1.0 -1.0 -1.0 -1.0 1.958 1.735 4.547 1403.555 0.97 1255.427 -0.5034862600909924 1.0
3.0 0.0 Car -1.0 -1.0 -1.0 -1.0 -1.0 -1.0 -1.0 1.91 1.492 4.501 1410.01 0.851 1255.463 -0.5462419126759315 0.0
3.0 2.0 Car -1.0 -1.0 -1.0 -1.0 -1.0 -1.0 -1.0 2.005 1.666 4.548 1431.983 0.889 1247.64 -0.5040510882422127 1.0
4.0 1.0 Car -1.0 -1.0 -1.0 -1.0 -1.0 -1.0 -1.0 1.904 1.511 4.572 1439.379 0.809 1239.975 -0.5241572810829918 1.0
4.0 3.0 Car -1.0 -1.0 -1.0 -1.0 -1.0 -1.0 -1.0 1.91 1.904 4.501 1388.517 1.645 1264.819 -0.43421674838207824 0.0
4.0 5.0 Car -1.0 -1.0 -1.0 -1.0 -1.0 -1.0 -1.0 1.91 1.492 4.501 1403.497 0.906 1259.885 -0.5214832109817937 0.0
4.0 6.0 Car -1.0 -1.0 -1.0 -1.0 -1.0 -1.0 -1.0 2.31 2.14 5.85 1420.776 1.043 1249.298 -0.6421074254198236 0.0
4.0 4.0 Car -1.0 -1.0 -1.0 -1.0 -1.0 -1.0 -1.0 1.958 1.735 4.547 1405.299 0.949 1254.439 -0.5185326741901958 1.0
4.0 0.0 Car -1.0 -1.0 -1.0 -1.0 -1.0 -1.0 -1.0 1.91 1.492 4.501 1412.379 0.804 1253.998 -0.5513157020943189 0.0
4.0 2.0 Car -1.0 -1.0 -1.0 -1.0 -1.0 -1.0 -1.0 2.005 1.666 4.548 1434.422 0.932 1246.295 -0.5040510882422127 1.0
5.0 1.0 Car -1.0 -1.0 -1.0 -1.0 -1.0 -1.0 -1.0 1.904 1.511 4.572 1442.277 0.809 1238.459 -0.5067148190962009 1.0
5.0 3.0 Car -1.0 -1.0 -1.0 -1.0 -1.0 -1.0 -1.0 1.91 1.904 4.501 1391.735 1.52 1263.297 -0.43421674838207824 1.0
5.0 5.0 Car -1.0 -1.0 -1.0 -1.0 -1.0 -1.0 -1.0 1.91 1.492 4.501 1406.182 0.906 1258.342 -0.5214832109817937 0.0
5.0 6.0 Car -1.0 -1.0 -1.0 -1.0 -1.0 -1.0 -1.0 2.31 2.14 5.85 1422.846 1.023 1247.433 -0.7394436443077144 0.0
5.0 4.0 Car -1.0 -1.0 -1.0 -1.0 -1.0 -1.0 -1.0 1.958 1.735 4.547 1407.044 0.928 1253.45 -0.5335799913162562 0.0
5.0 0.0 Car -1.0 -1.0 -1.0 -1.0 -1.0 -1.0 -1.0 1.91 1.492 4.501 1414.748 0.756 1252.533 -0.5563897960216799 0.0
5.0 2.0 Car -1.0 -1.0 -1.0 -1.0 -1.0 -1.0 -1.0 2.005 1.666 4.548 1437.332 0.934 1244.778 -0.49969002025344667 1.0
6.0 1.0 Car -1.0 -1.0 -1.0 -1.0 -1.0 -1.0 -1.0 1.904 1.511 4.572 1445.216 0.809 1237.018 -0.48925435274373136 1.0
6.0 3.0 Car -1.0 -1.0 -1.0 -1.0 -1.0 -1.0 -1.0 1.91 1.904 4.501 1394.939 1.395 1261.73 -0.4603960332187214 1.0
6.0 5.0 Car -1.0 -1.0 -1.0 -1.0 -1.0 -1.0 -1.0 1.91 1.492 4.501 1408.991 0.871 1256.782 -0.5127567827029127 0.0
6.0 6.0 Car -1.0 -1.0 -1.0 -1.0 -1.0 -1.0 -1.0 2.31 2.14 5.85 1424.687 1.08 1245.07 -0.914048726711691 0.0
6.0 4.0 Car -1.0 -1.0 -1.0 -1.0 -1.0 -1.0 -1.0 1.958 1.735 4.547 1408.79 0.907 1252.461 -0.5486428405042596 0.0
6.0 0.0 Car -1.0 -1.0 -1.0 -1.0 -1.0 -1.0 -1.0 1.91 1.492 4.501 1417.119 0.709 1251.067 -0.5614691275033851 0.0
6.0 2.0 Car -1.0 -1.0 -1.0 -1.0 -1.0 -1.0 -1.0 2.005 1.666 4.548 1440.244 0.936 1243.259 -0.495324450706192 1.0
7.0 1.0 Car -1.0 -1.0 -1.0 -1.0 -1.0 -1.0 -1.0 1.904 1.511 4.572 1448.155 0.809 1235.577 -0.4717930140867237 1.0
7.0 3.0 Car -1.0 -1.0 -1.0 -1.0 -1.0 -1.0 -1.0 1.91 1.904 4.501 1398.101 1.27 1260.081 -0.4865766259419076 1.0
7.0 5.0 Car -1.0 -1.0 -1.0 -1.0 -1.0 -1.0 -1.0 1.91 1.492 4.501 1411.8 0.836 1255.222 -0.5040299184618506 0.0
7.0 6.0 Car -1.0 -1.0 -1.0 -1.0 -1.0 -1.0 -1.0 2.31 2.14 5.85 1426.089 1.137 1242.422 -1.0886625321819814 0.0
7.0 4.0 Car -1.0 -1.0 -1.0 -1.0 -1.0 -1.0 -1.0 1.958 1.735 4.547 1410.536 0.886 1251.471 -0.5637064422146443 0.0
7.0 0.0 Car -1.0 -1.0 -1.0 -1.0 -1.0 -1.0 -1.0 1.91 1.492 4.501 1419.954 0.741 1249.067 -0.6278231959101008 0.0
7.0 2.0 Car -1.0 -1.0 -1.0 -1.0 -1.0 -1.0 -1.0 2.005 1.666 4.548 1443.157 0.937 1241.741 -0.490958663060173 1.0
8.0 1.0 Car -1.0 -1.0 -1.0 -1.0 -1.0 -1.0 -1.0 1.904 1.511 4.572 1451.375 0.809 1234.126 -0.4543513546201084 1.0
8.0 3.0 Car -1.0 -1.0 -1.0 -1.0 -1.0 -1.0 -1.0 1.91 1.904 4.501 1402.116 1.27 1257.856 -0.4865766259419076 1.0
8.0 5.0 Car -1.0 -1.0 -1.0 -1.0 -1.0 -1.0 -1.0 1.91 1.492 4.501 1414.598 0.876 1253.65 -0.5214832109817937 0.0
8.0 6.0 Car -1.0 -1.0 -1.0 -1.0 -1.0 -1.0 -1.0 2.31 2.14 5.85 1427.009 1.193 1239.574 -1.2630795452762378 0.0
8.0 4.0 Car -1.0 -1.0 -1.0 -1.0 -1.0 -1.0 -1.0 1.958 1.735 4.547 1412.595 0.918 1250.127 -0.5695220424350325 0.0
8.0 0.0 Car -1.0 -1.0 -1.0 -1.0 -1.0 -1.0 -1.0 1.91 1.492 4.501 1422.647 0.773 1246.887 -0.694102482287148 0.0
8.0 2.0 Car -1.0 -1.0 -1.0 -1.0 -1.0 -1.0 -1.0 2.005 1.666 4.548 1446.066 0.939 1240.224 -0.4865977957222695 1.0
9.0 1.0 Car -1.0 -1.0 -1.0 -1.0 -1.0 -1.0 -1.0 1.904 1.511 4.572 1454.598 0.809 1232.674 -0.43689081848327627 1.0
9.0 3.0 Car -1.0 -1.0 -1.0 -1.0 -1.0 -1.0 -1.0 1.91 1.904 4.501 1406.152 1.32 1255.412 -0.5563897960216799 0.0
9.0 5.0 Car -1.0 -1.0 -1.0 -1.0 -1.0 -1.0 -1.0 1.91 1.492 4.501 1417.399 0.866 1252.077 -0.5214832109817937 0.0
9.0 6.0 Car -1.0 -1.0 -1.0 -1.0 -1.0 -1.0 -1.0 2.31 2.14 5.85 1427.422 1.25 1236.606 -1.4376853255255195 0.0
9.0 4.0 Car -1.0 -1.0 -1.0 -1.0 -1.0 -1.0 -1.0 1.958 1.735 4.547 1414.261 0.95 1249.035 -0.5753439367335552 0.0
9.0 0.0 Car -1.0 -1.0 -1.0 -1.0 -1.0 -1.0 -1.0 1.91 1.492 4.501 1424.408 0.805 1244.718 -0.8651913321992337 0.0
9.0 2.0 Car -1.0 -1.0 -1.0 -1.0 -1.0 -1.0 -1.0 2.005 1.666 4.548 1448.924 0.941 1238.734 -0.4865977957222695 1.0
10.0 1.0 Car -1.0 -1.0 -1.0 -1.0 -1.0 -1.0 -1.0 1.904 1.511 4.572 1457.694 0.799 1231.207 -0.43689081848327627 1.0
10.0 3.0 Car -1.0 -1.0 -1.0 -1.0 -1.0 -1.0 -1.0 1.91 1.904 4.501 1407.996 1.245 1254.193 -0.6000236383297519 0.0
10.0 5.0 Car -1.0 -1.0 -1.0 -1.0 -1.0 -1.0 -1.0 1.91 1.492 4.501 1420.185 0.856 1250.476 -0.5214832109817937 0.0
10.0 6.0 Car -1.0 -1.0 -1.0 -1.0 -1.0 -1.0 -1.0 2.31 2.14 5.85 1427.313 1.307 1233.616 -1.6121082703048695 0.0
10.0 4.0 Car -1.0 -1.0 -1.0 -1.0 -1.0 -1.0 -1.0 1.958 1.735 4.547 1415.924 0.982 1247.943 -0.5811597347345873 0.0
10.0 0.0 Car -1.0 -1.0 -1.0 -1.0 -1.0 -1.0 -1.0 1.91 1.492 4.501 1425.62 0.836 1242.249 -1.1059627872265196 0.0
10.0 2.0 Car -1.0 -1.0 -1.0 -1.0 -1.0 -1.0 -1.0 2.005 1.666 4.548 1451.779 0.943 1237.246 -0.4865977957222695 1.0
11.0 1.0 Car -1.0 -1.0 -1.0 -1.0 -1.0 -1.0 -1.0 1.904 1.511 4.572 1460.789 0.788 1229.74 -0.43689081848327627 1.0
11.0 3.0 Car -1.0 -1.0 -1.0 -1.0 -1.0 -1.0 -1.0 1.91 1.904 4.501 1409.786 1.17 1252.894 -0.6436562586213955 0.0
11.0 5.0 Car -1.0 -1.0 -1.0 -1.0 -1.0 -1.0 -1.0 1.91 1.492 4.501 1422.72 0.721 1248.706 -0.6262017091677547 0.0
11.0 6.0 Car -1.0 -1.0 -1.0 -1.0 -1.0 -1.0 -1.0 2.31 2.14 5.85 1426.942 1.332 1230.807 -1.7299499378282521 0.0
11.0 4.0 Car -1.0 -1.0 -1.0 -1.0 -1.0 -1.0 -1.0 1.958 1.735 4.547 1418.562 0.864 1246.079 -0.642244687387266 0.0
11.0 0.0 Car -1.0 -1.0 -1.0 -1.0 -1.0 -1.0 -1.0 1.91 1.492 4.501 1426.594 0.788 1239.544 -1.2834539600963477 0.0
11.0 2.0 Car -1.0 -1.0 -1.0 -1.0 -1.0 -1.0 -1.0 2.005 1.666 4.548 1454.634 0.945 1235.758 -0.4865977957222695 1.0
12.0 1.0 Car -1.0 -1.0 -1.0 -1.0 -1.0 -1.0 -1.0 1.904 1.511 4.572 1463.884 0.778 1228.273 -0.43689081848327627 1.0
12.0 3.0 Car -1.0 -1.0 -1.0 -1.0 -1.0 -1.0 -1.0 1.91 1.904 4.501 1409.915 0.945 1252.757 -0.6436562586213955 0.0
12.0 5.0 Car -1.0 -1.0 -1.0 -1.0 -1.0 -1.0 -1.0 1.91 1.492 4.501 1425.056 0.586 1246.68 -0.7309227212211109 0.0
12.0 6.0 Car -1.0 -1.0 -1.0 -1.0 -1.0 -1.0 -1.0 2.31 2.14 5.85 1426.243 1.358 1228.062 -1.8477944342532224 0.0
12.0 4.0 Car -1.0 -1.0 -1.0 -1.0 -1.0 -1.0 -1.0 1.958 1.735 4.547 1419.767 0.747 1244.853 -0.7556926599340182 0.0
12.0 0.0 Car -1.0 -1.0 -1.0 -1.0 -1.0 -1.0 -1.0 1.91 1.492 4.501 1427.075 0.739 1236.711 -1.4609493938110139 0.0
12.0 2.0 Car -1.0 -1.0 -1.0 -1.0 -1.0 -1.0 -1.0 2.005 1.666 4.548 1457.49 0.947 1234.27 -0.4865977957222695 1.0
13.0 1.0 Car -1.0 -1.0 -1.0 -1.0 -1.0 -1.0 -1.0 1.904 1.511 4.572 1466.975 0.768 1226.808 -0.43689081848327627 1.0
13.0 3.0 Car -1.0 -1.0 -1.0 -1.0 -1.0 -1.0 -1.0 1.91 1.904 4.501 1410.702 0.933 1252.2 -0.6349348133050383 0.0
13.0 5.0 Car -1.0 -1.0 -1.0 -1.0 -1.0 -1.0 -1.0 1.91 1.492 4.501 1427.163 0.702 1244.302 -0.9054556464205419 0.0
13.0 6.0 Car -1.0 -1.0 -1.0 -1.0 -1.0 -1.0 -1.0 2.31 2.14 5.85 1425.228 1.383 1225.421 -1.9654993715331772 0.0
13.0 4.0 Car -1.0 -1.0 -1.0 -1.0 -1.0 -1.0 -1.0 1.958 1.735 4.547 1421.105 0.779 1242.992 -0.9302255851334493 0.0
13.0 0.0 Car -1.0 -1.0 -1.0 -1.0 -1.0 -1.0 -1.0 1.91 1.492 4.501 1427.046 0.841 1233.978 -1.6382346258469866 0.0
13.0 2.0 Car -1.0 -1.0 -1.0 -1.0 -1.0 -1.0 -1.0 2.005 1.666 4.548 1460.222 0.945 1232.84 -0.4900859629576799 1.0
14.0 1.0 Car -1.0 -1.0 -1.0 -1.0 -1.0 -1.0 -1.0 1.904 1.511 4.572 1470.071 0.758 1225.341 -0.43689081848327627 1.0
14.0 3.0 Car -1.0 -1.0 -1.0 -1.0 -1.0 -1.0 -1.0 1.91 1.904 4.501 1411.489 0.921 1251.642 -0.6262027826928613 0.0
14.0 4.0 Car -1.0 -1.0 -1.0 -1.0 -1.0 -1.0 -1.0 1.958 1.735 4.547 1422.206 0.911 1241.048 -1.0873555878513357 0.0
14.0 0.0 Car -1.0 -1.0 -1.0 -1.0 -1.0 -1.0 -1.0 1.91 1.492 4.501 1426.623 0.976 1231.434 -1.7691879029843571 0.0
14.0 2.0 Car -1.0 -1.0 -1.0 -1.0 -1.0 -1.0 -1.0 2.005 1.666 4.548 1462.957 0.943 1231.409 -0.4935783638127158 1.0
15.0 1.0 Car -1.0 -1.0 -1.0 -1.0 -1.0 -1.0 -1.0 1.904 1.511 4.572 1473.044 0.745 1223.981 -0.4473672707622897 1.0
15.0 3.0 Car -1.0 -1.0 -1.0 -1.0 -1.0 -1.0 -1.0 1.91 1.904 4.501 1412.276 0.908 1251.084 -0.6174714333125936 0.0
15.0 4.0 Car -1.0 -1.0 -1.0 -1.0 -1.0 -1.0 -1.0 1.958 1.735 4.547 1422.988 0.818 1238.957 -1.244473332026336 0.0
15.0 2.0 Car -1.0 -1.0 -1.0 -1.0 -1.0 -1.0 -1.0 2.005 1.666 4.548 1465.692 0.941 1229.978 -0.49707049220708255 1.0
16.0 1.0 Car -1.0 -1.0 -1.0 -1.0 -1.0 -1.0 -1.0 1.904 1.511 4.572 1476.013 0.731 1222.623 -0.4578322167439755 1.0
16.0 3.0 Car -1.0 -1.0 -1.0 -1.0 -1.0 -1.0 -1.0 1.91 1.904 4.501 1413.063 0.896 1250.527 -0.6087496735815092 0.0
16.0 4.0 Car -1.0 -1.0 -1.0 -1.0 -1.0 -1.0 -1.0 1.958 1.735 4.547 1423.434 0.725 1236.772 -1.4014185136360888 0.0
16.0 2.0 Car -1.0 -1.0 -1.0 -1.0 -1.0 -1.0 -1.0 2.005 1.666 4.548 1468.43 0.939 1228.557 -0.5005587851935709 1.0
17.0 1.0 Car -1.0 -1.0 -1.0 -1.0 -1.0 -1.0 -1.0 1.904 1.511 4.572 1478.919 0.775 1221.141 -0.47994933186355127 1.0
17.0 3.0 Car -1.0 -1.0 -1.0 -1.0 -1.0 -1.0 -1.0 1.91 1.904 4.501 1414.372 0.783 1249.597 -0.5796285790206701 0.0
17.0 2.0 Car -1.0 -1.0 -1.0 -1.0 -1.0 -1.0 -1.0 2.005 1.666 4.548 1471.11 0.938 1227.025 -0.5040510882422127 1.0
18.0 1.0 Car -1.0 -1.0 -1.0 -1.0 -1.0 -1.0 -1.0 1.904 1.511 4.572 1481.775 0.82 1219.565 -0.5020655178561672 1.0
18.0 3.0 Car -1.0 -1.0 -1.0 -1.0 -1.0 -1.0 -1.0 1.91 1.904 4.501 1415.685 0.871 1248.673 -0.5854174924672911 0.0
18.0 2.0 Car -1.0 -1.0 -1.0 -1.0 -1.0 -1.0 -1.0 2.005 1.666 4.548 1473.779 0.973 1225.513 -0.5040510882422127 1.0
19.0 1.0 Car -1.0 -1.0 -1.0 -1.0 -1.0 -1.0 -1.0 1.904 1.511 4.572 1484.627 0.864 1217.99 -0.5241572810829918 1.0
19.0 3.0 Car -1.0 -1.0 -1.0 -1.0 -1.0 -1.0 -1.0 1.91 1.904 4.501 1417.05 0.859 1247.834 -0.573843088541623 0.0
19.0 2.0 Car -1.0 -1.0 -1.0 -1.0 -1.0 -1.0 -1.0 2.005 1.666 4.548 1476.445 1.009 1224.002 -0.5040510882422127 1.0
20.0 1.0 Car -1.0 -1.0 -1.0 -1.0 -1.0 -1.0 -1.0 1.904 1.511 4.572 1487.315 0.877 1216.405 -0.5008946319780988 1.0
20.0 3.0 Car -1.0 -1.0 -1.0 -1.0 -1.0 -1.0 -1.0 1.91 1.904 4.501 1418.797 0.896 1246.594 -0.599980314646102 0.0
20.0 2.0 Car -1.0 -1.0 -1.0 -1.0 -1.0 -1.0 -1.0 2.005 1.666 4.548 1479.114 1.045 1222.489 -0.5040510882422127 1.0
21.0 1.0 Car -1.0 -1.0 -1.0 -1.0 -1.0 -1.0 -1.0 1.904 1.511 4.572 1490.06 0.889 1214.914 -0.4776066670351784 1.0
21.0 2.0 Car -1.0 -1.0 -1.0 -1.0 -1.0 -1.0 -1.0 2.005 1.666 4.548 1481.786 1.08 1220.975 -0.5040510882422127 1.0
22.0 1.0 Car -1.0 -1.0 -1.0 -1.0 -1.0 -1.0 -1.0 1.904 1.511 4.572 1492.802 0.901 1213.425 -0.45434411100321936 1.0
22.0 2.0 Car -1.0 -1.0 -1.0 -1.0 -1.0 -1.0 -1.0 2.005 1.666 4.548 1484.455 1.116 1219.463 -0.5040510882422127 1.0
23.0 1.0 Car -1.0 -1.0 -1.0 -1.0 -1.0 -1.0 -1.0 1.904 1.511 4.572 1495.971 0.92 1211.966 -0.41943790960315264 1.0
23.0 2.0 Car -1.0 -1.0 -1.0 -1.0 -1.0 -1.0 -1.0 2.005 1.666 4.548 1487.159 1.157 1218.052 -0.4783320379627729 1.0
24.0 1.0 Car -1.0 -1.0 -1.0 -1.0 -1.0 -1.0 -1.0 1.904 1.511 4.572 1499.188 0.939 1210.618 -0.38453094092344636 1.0
24.0 2.0 Car -1.0 -1.0 -1.0 -1.0 -1.0 -1.0 -1.0 2.005 1.666 4.548 1489.878 1.173 1216.668 -0.45261242234815363 1.0
25.0 1.0 Car -1.0 -1.0 -1.0 -1.0 -1.0 -1.0 -1.0 1.904 1.511 4.572 1502.613 0.945 1209.312 -0.35078921423200643 1.0
25.0 2.0 Car -1.0 -1.0 -1.0 -1.0 -1.0 -1.0 -1.0 2.005 1.666 4.548 1492.632 1.19 1215.356 -0.4268932692804992 1.0
26.0 1.0 Car -1.0 -1.0 -1.0 -1.0 -1.0 -1.0 -1.0 1.904 1.511 4.572 1506.079 0.951 1208.122 -0.31704809436977377 1.0
26.0 2.0 Car -1.0 -1.0 -1.0 -1.0 -1.0 -1.0 -1.0 2.005 1.666 4.548 1495.849 1.208 1213.903 -0.40407831713916154 1.0
27.0 1.0 Car -1.0 -1.0 -1.0 -1.0 -1.0 -1.0 -1.0 1.904 1.511 4.572 1509.583 0.957 1207.05 -0.2833064351038015 0.0
27.0 2.0 Car -1.0 -1.0 -1.0 -1.0 -1.0 -1.0 -1.0 2.005 1.666 4.548 1499.092 1.227 1212.508 -0.38126300026569426 0.0
28.0 1.0 Car -1.0 -1.0 -1.0 -1.0 -1.0 -1.0 -1.0 1.904 1.511 4.572 1512.693 0.976 1205.86 -0.37763322836709357 0.0
28.0 2.0 Car -1.0 -1.0 -1.0 -1.0 -1.0 -1.0 -1.0 2.005 1.666 4.548 1502.493 1.232 1211.178 -0.3478063362351864 0.0
29.0 1.0 Car -1.0 -1.0 -1.0 -1.0 -1.0 -1.0 -1.0 1.904 1.511 4.572 1515.671 0.994 1204.385 -0.47179740352316246 0.0
29.0 2.0 Car -1.0 -1.0 -1.0 -1.0 -1.0 -1.0 -1.0 2.005 1.666 4.548 1505.932 1.238 1209.965 -0.3144073510379181 0.0
30.0 1.0 Car -1.0 -1.0 -1.0 -1.0 -1.0 -1.0 -1.0 1.904 1.511 4.572 1518.276 1.004 1202.812 -0.5573272866795361 0.0
30.0 2.0 Car -1.0 -1.0 -1.0 -1.0 -1.0 -1.0 -1.0 2.005 1.666 4.548 1509.4 1.244 1208.837 -0.2809973380220119 0.0
31.0 1.0 Car -1.0 -1.0 -1.0 -1.0 -1.0 -1.0 -1.0 1.904 1.511 4.572 1520.827 1.013 1201.153 -0.5381378128470917 0.0
31.0 2.0 Car -1.0 -1.0 -1.0 -1.0 -1.0 -1.0 -1.0 2.005 1.666 4.548 1512.905 1.25 1207.825 -0.24758692399451876 0.0
32.0 1.0 Car -1.0 -1.0 -1.0 -1.0 -1.0 -1.0 -1.0 1.904 1.511 4.572 1523.539 1.04 1199.71 -0.4170370049915024 0.0
32.0 2.0 Car -1.0 -1.0 -1.0 -1.0 -1.0 -1.0 -1.0 2.005 1.666 4.548 1517.113 1.256 1206.789 -0.22924172709043056 0.0
33.0 1.0 Car -1.0 -1.0 -1.0 -1.0 -1.0 -1.0 -1.0 1.904 1.511 4.572 1526.155 1.068 1198.702 -0.2960649438531371 0.0
33.0 2.0 Car -1.0 -1.0 -1.0 -1.0 -1.0 -1.0 -1.0 2.005 1.666 4.548 1521.326 1.263 1205.792 -0.2109160336390448 0.0
34.0 1.0 Car -1.0 -1.0 -1.0 -1.0 -1.0 -1.0 -1.0 1.904 1.511 4.572 1528.75 1.095 1198.046 -0.17509143068412647 0.0
34.0 2.0 Car -1.0 -1.0 -1.0 -1.0 -1.0 -1.0 -1.0 2.005 1.666 4.548 1525.543 1.269 1204.814 -0.19259012022390665 0.0
35.0 1.0 Car -1.0 -1.0 -1.0 -1.0 -1.0 -1.0 -1.0 1.904 1.511 4.572 1530.455 1.1 1197.802 -0.11230542658613762 0.0
35.0 2.0 Car -1.0 -1.0 -1.0 -1.0 -1.0 -1.0 -1.0 2.005 1.666 4.548 1529.756 1.275 1203.838 -0.17428338031584234 0.0
36.0 1.0 Car -1.0 -1.0 -1.0 -1.0 -1.0 -1.0 -1.0 1.904 1.511 4.572 1532.173 1.106 1197.665 -0.04945592696877177 0.0
36.0 2.0 Car -1.0 -1.0 -1.0 -1.0 -1.0 -1.0 -1.0 2.005 1.666 4.548 1534.081 1.241 1203.128 -0.13937679527595567 0.0
37.0 1.0 Car -1.0 -1.0 -1.0 -1.0 -1.0 -1.0 -1.0 1.904 1.511 4.572 1533.933 1.121 1197.579 -0.05061136890622864 0.0
37.0 2.0 Car -1.0 -1.0 -1.0 -1.0 -1.0 -1.0 -1.0 2.005 1.666 4.548 1538.418 1.223 1202.576 -0.12190399647384909 0.0
38.0 1.0 Car -1.0 -1.0 -1.0 -1.0 -1.0 -1.0 -1.0 1.904 1.511 4.572 1535.689 1.135 1197.493 -0.05176421562652566 0.0
38.0 2.0 Car -1.0 -1.0 -1.0 -1.0 -1.0 -1.0 -1.0 2.005 1.666 4.548 1542.746 1.205 1202.031 -0.10447044300793262 0.0
