0.0 1.0 Car -1.0 -1.0 -1.0 -1.0 -1.0 -1.0 -1.0 1.822 1.623 3.998 642.58 -0.351 2078.53 0.9801769075711038 0.0
0.0 0.0 Car -1.0 -1.0 -1.0 -1.0 -1.0 -1.0 -1.0 2.074 1.704 4.694 609.979 3.667 2033.066 0.9121614271375627 0.0
1.0 1.0 Car -1.0 -1.0 -1.0 -1.0 -1.0 -1.0 -1.0 1.822 1.623 3.998 646.177 -0.401 2083.6 0.9627236150511606 1.0
1.0 0.0 Car -1.0 -1.0 -1.0 -1.0 -1.0 -1.0 -1.0 2.074 1.704 4.694 612.804 3.629 2036.749 0.9187078961917259 1.0
2.0 1.0 Car -1.0 -1.0 -1.0 -1.0 -1.0 -1.0 -1.0 1.822 1.623 3.998 649.845 -0.301 2088.867 0.9627236150511606 1.0
2.0 0.0 Car -1.0 -1.0 -1.0 -1.0 -1.0 -1.0 -1.0 2.074 1.704 4.694 615.504 3.592 2040.534 0.9252620525225087 1.0
3.0 1.0 Car -1.0 -1.0 -1.0 -1.0 -1.0 -1.0 -1.0 1.822 1.623 3.998 653.464 -0.252 2094.049 0.9627236150511606 1.0
3.0 0.0 Car -1.0 -1.0 -1.0 -1.0 -1.0 -1.0 -1.0 2.074 1.704 4.694 618.178 3.617 2044.475 0.9383316065405897 1.0
4.0 1.0 Car -1.0 -1.0 -1.0 -1.0 -1.0 -1.0 -1.0 1.822 1.623 3.998 657.091 -0.202 2099.242 0.9627236150511606 1.0
4.0 0.0 Car -1.0 -1.0 -1.0 -1.0 -1.0 -1.0 -1.0 2.074 1.704 4.694 620.966 3.617 2048.525 0.9470680121774493 1.0
5.0 1.0 Car -1.0 -1.0 -1.0 -1.0 -1.0 -1.0 -1.0 1.822 1.623 3.998 660.638 -0.185 2104.394 0.9627236150511606 1.0
5.0 0.0 Car -1.0 -1.0 -1.0 -1.0 -1.0 -1.0 -1.0 2.074 1.704 4.694 624.08 3.579 2053.104 0.9485230416520796 1.0
6.0 1.0 Car -1.0 -1.0 -1.0 -1.0 -1.0 -1.0 -1.0 1.822 1.623 3.998 664.184 -0.169 2109.546 0.9627236150511606 1.0
6.0 0.0 Car -1.0 -1.0 -1.0 -1.0 -1.0 -1.0 -1.0 2.074 1.704 4.694 627.193 3.542 2057.683 0.9499778877574224 1.0
7.0 1.0 Car -1.0 -1.0 -1.0 -1.0 -1.0 -1.0 -1.0 1.822 1.623 3.998 667.598 -0.06 2114.551 0.9627236150511606 1.0
7.0 0.0 Car -1.0 -1.0 -1.0 -1.0 -1.0 -1.0 -1.0 2.074 1.704 4.694 630.766 3.567 2062.748 0.9528880777045556 1.0
8.0 1.0 Car -1.0 -1.0 -1.0 -1.0 -1.0 -1.0 -1.0 1.822 1.623 3.998 671.047 0.044 2119.603 0.9627236150511606 1.0
8.0 0.0 Car -1.0 -1.0 -1.0 -1.0 -1.0 -1.0 -1.0 2.074 1.704 4.694 634.335 3.517 2067.808 0.9587015418778675 1.0
9.0 1.0 Car -1.0 -1.0 -1.0 -1.0 -1.0 -1.0 -1.0 1.822 1.623 3.998 674.578 0.078 2124.706 0.9627236150511606 1.0
9.0 0.0 Car -1.0 -1.0 -1.0 -1.0 -1.0 -1.0 -1.0 2.074 1.704 4.694 637.908 3.467 2072.873 0.9645213046973926 1.0
10.0 1.0 Car -1.0 -1.0 -1.0 -1.0 -1.0 -1.0 -1.0 1.822 1.623 3.998 678.112 0.113 2129.814 0.9627236150511606 1.0
10.0 0.0 Car -1.0 -1.0 -1.0 -1.0 -1.0 -1.0 -1.0 2.074 1.704 4.694 641.51 3.292 2077.924 0.9645213046973926 1.0
11.0 1.0 Car -1.0 -1.0 -1.0 -1.0 -1.0 -1.0 -1.0 1.822 1.623 3.998 681.775 0.122 2135.06 0.9627236150511606 1.0
11.0 0.0 Car -1.0 -1.0 -1.0 -1.0 -1.0 -1.0 -1.0 2.074 1.704 4.694 645.112 3.117 2082.975 0.9645213046973926 1.0
12.0 1.0 Car -1.0 -1.0 -1.0 -1.0 -1.0 -1.0 -1.0 1.822 1.623 3.998 685.439 0.13 2140.305 0.9627236150511606 1.0
12.0 0.0 Car -1.0 -1.0 -1.0 -1.0 -1.0 -1.0 -1.0 2.074 1.704 4.694 648.65 3.067 2088.074 0.9645213046973926 1.0
13.0 1.0 Car -1.0 -1.0 -1.0 -1.0 -1.0 -1.0 -1.0 1.822 1.623 3.998 689.102 0.139 2145.55 0.9627236150511606 1.0
13.0 0.0 Car -1.0 -1.0 -1.0 -1.0 -1.0 -1.0 -1.0 2.074 1.704 4.694 652.187 2.917 2093.172 0.9470680121774493 1.0
14.0 1.0 Car -1.0 -1.0 -1.0 -1.0 -1.0 -1.0 -1.0 1.822 1.623 3.998 692.7 0.143 2150.758 0.9627236150511606 1.0
14.0 0.0 Car -1.0 -1.0 -1.0 -1.0 -1.0 -1.0 -1.0 2.074 1.704 4.694 655.716 2.817 2098.26 0.9470680121774493 1.0
15.0 1.0 Car -1.0 -1.0 -1.0 -1.0 -1.0 -1.0 -1.0 1.822 1.623 3.998 696.306 0.148 2155.977 0.9627236150511606 1.0
15.0 0.0 Car -1.0 -1.0 -1.0 -1.0 -1.0 -1.0 -1.0 2.074 1.704 4.694 659.253 2.717 2103.359 0.9470680121774493 1.0
16.0 1.0 Car -1.0 -1.0 -1.0 -1.0 -1.0 -1.0 -1.0 1.822 1.623 3.998 699.866 0.26 2161.233 0.9627236150511606 1.0
16.0 0.0 Car -1.0 -1.0 -1.0 -1.0 -1.0 -1.0 -1.0 2.074 1.704 4.694 662.786 2.633 2108.46 0.9470680121774493 1.0
17.0 1.0 Car -1.0 -1.0 -1.0 -1.0 -1.0 -1.0 -1.0 1.822 1.623 3.998 703.34 0.256 2166.399 0.9627236150511606 1.0
17.0 0.0 Car -1.0 -1.0 -1.0 -1.0 -1.0 -1.0 -1.0 2.074 1.704 4.694 666.31 2.55 2113.551 0.9470680121774493 1.0
18.0 1.0 Car -1.0 -1.0 -1.0 -1.0 -1.0 -1.0 -1.0 1.822 1.623 3.998 706.818 0.252 2171.571 0.9627236150511606 1.0
18.0 0.0 Car -1.0 -1.0 -1.0 -1.0 -1.0 -1.0 -1.0 2.074 1.704 4.694 669.839 2.467 2118.647 0.9470680121774493 1.0
19.0 1.0 Car -1.0 -1.0 -1.0 -1.0 -1.0 -1.0 -1.0 1.822 1.623 3.998 710.3 0.248 2176.748 0.9627236150511606 1.0
19.0 0.0 Car -1.0 -1.0 -1.0 -1.0 -1.0 -1.0 -1.0 2.074 1.704 4.694 673.535 2.417 2124.03 0.9470680121774493 1.0
20.0 1.0 Car -1.0 -1.0 -1.0 -1.0 -1.0 -1.0 -1.0 1.822 1.623 3.998 713.729 0.248 2181.769 0.9627236150511606 1.0
20.0 0.0 Car -1.0 -1.0 -1.0 -1.0 -1.0 -1.0 -1.0 2.074 1.704 4.694 677.226 2.367 2129.407 0.9470680121774493 1.0
21.0 1.0 Car -1.0 -1.0 -1.0 -1.0 -1.0 -1.0 -1.0 1.822 1.623 3.998 717.135 0.248 2186.756 0.9627236150511606 1.0
21.0 0.0 Car -1.0 -1.0 -1.0 -1.0 -1.0 -1.0 -1.0 2.074 1.704 4.694 680.917 2.317 2134.784 0.9470680121774493 1.0
22.0 1.0 Car -1.0 -1.0 -1.0 -1.0 -1.0 -1.0 -1.0 1.822 1.623 3.998 720.54 0.248 2191.743 0.9627236150511606 1.0
22.0 0.0 Car -1.0 -1.0 -1.0 -1.0 -1.0 -1.0 -1.0 2.074 1.704 4.694 684.599 2.284 2140.168 0.9470680121774493 1.0
23.0 1.0 Car -1.0 -1.0 -1.0 -1.0 -1.0 -1.0 -1.0 1.822 1.623 3.998 723.934 0.298 2196.653 0.9627236150511606 1.0
23.0 0.0 Car -1.0 -1.0 -1.0 -1.0 -1.0 -1.0 -1.0 2.074 1.704 4.694 688.282 2.25 2145.551 0.9470680121774493 1.0
24.0 1.0 Car -1.0 -1.0 -1.0 -1.0 -1.0 -1.0 -1.0 1.822 1.623 3.998 727.323 0.348 2201.557 0.9627236150511606 1.0
24.0 0.0 Car -1.0 -1.0 -1.0 -1.0 -1.0 -1.0 -1.0 2.074 1.704 4.694 691.96 2.217 2150.928 0.9470680121774493 1.0
25.0 1.0 Car -1.0 -1.0 -1.0 -1.0 -1.0 -1.0 -1.0 1.822 1.623 3.998 730.72 0.398 2206.471 0.9627236150511606 1.0
25.0 0.0 Car -1.0 -1.0 -1.0 -1.0 -1.0 -1.0 -1.0 2.074 1.704 4.694 695.501 2.184 2156.17 0.9470680121774493 1.0
26.0 1.0 Car -1.0 -1.0 -1.0 -1.0 -1.0 -1.0 -1.0 1.822 1.623 3.998 734.26 0.448 2211.591 0.9627236150511606 1.0
26.0 0.0 Car -1.0 -1.0 -1.0 -1.0 -1.0 -1.0 -1.0 2.074 1.704 4.694 699.038 2.15 2161.407 0.9470680121774493 1.0
27.0 1.0 Car -1.0 -1.0 -1.0 -1.0 -1.0 -1.0 -1.0 1.822 1.623 3.998 737.831 0.442 2216.757 0.9673290247993646 0.0
27.0 0.0 Car -1.0 -1.0 -1.0 -1.0 -1.0 -1.0 -1.0 2.074 1.704 4.694 702.579 2.117 2166.649 0.9470680121774493 0.0
28.0 1.0 Car -1.0 -1.0 -1.0 -1.0 -1.0 -1.0 -1.0 1.822 1.623 3.998 741.403 0.437 2221.922 0.9719348946928182 0.0
28.0 0.0 Car -1.0 -1.0 -1.0 -1.0 -1.0 -1.0 -1.0 2.074 1.704 4.694 706.037 2.059 2171.898 0.9470680121774493 0.0
29.0 1.0 Car -1.0 -1.0 -1.0 -1.0 -1.0 -1.0 -1.0 1.822 1.623 3.998 745.33 0.43 2227.601 0.9769977992542881 0.0
29.0 0.0 Car -1.0 -1.0 -1.0 -1.0 -1.0 -1.0 -1.0 2.074 1.704 4.694 709.839 1.995 2177.669 0.9470680121774493 0.0
30.0 1.0 Car -1.0 -1.0 -1.0 -1.0 -1.0 -1.0 -1.0 1.822 1.623 3.998 749.02 0.425 2232.941 0.981598156607648 0.0
30.0 0.0 Car -1.0 -1.0 -1.0 -1.0 -1.0 -1.0 -1.0 2.074 1.704 4.694 713.446 1.953 2182.802 0.9470680121774493 0.0
31.0 1.0 Car -1.0 -1.0 -1.0 -1.0 -1.0 -1.0 -1.0 1.822 1.623 3.998 752.558 0.381 2238.169 0.986948022483394 0.0
31.0 0.0 Car -1.0 -1.0 -1.0 -1.0 -1.0 -1.0 -1.0 2.074 1.704 4.694 717.058 1.91 2187.941 0.9470680121774493 0.0
32.0 1.0 Car -1.0 -1.0 -1.0 -1.0 -1.0 -1.0 -1.0 1.822 1.623 3.998 756.058 0.384 2243.42 0.977988137661438 0.0
32.0 0.0 Car -1.0 -1.0 -1.0 -1.0 -1.0 -1.0 -1.0 2.074 1.704 4.694 720.661 1.867 2193.069 0.9470680121774493 0.0
33.0 1.0 Car -1.0 -1.0 -1.0 -1.0 -1.0 -1.0 -1.0 1.822 1.623 3.998 759.562 0.388 2248.676 0.9690182041223232 0.0
33.0 0.0 Car -1.0 -1.0 -1.0 -1.0 -1.0 -1.0 -1.0 2.074 1.704 4.694 724.145 1.934 2198.157 0.9470680121774493 0.0
34.0 1.0 Car -1.0 -1.0 -1.0 -1.0 -1.0 -1.0 -1.0 1.822 1.623 3.998 763.006 0.391 2253.743 0.9687798028989001 0.0
34.0 0.0 Car -1.0 -1.0 -1.0 -1.0 -1.0 -1.0 -1.0 2.074 1.704 4.694 727.629 2.001 2203.246 0.9470680121774493 0.0
35.0 1.0 Car -1.0 -1.0 -1.0 -1.0 -1.0 -1.0 -1.0 1.822 1.623 3.998 766.45 0.394 2258.809 0.9685414102597923 0.0
35.0 0.0 Car -1.0 -1.0 -1.0 -1.0 -1.0 -1.0 -1.0 2.074 1.704 4.694 731.112 2.067 2208.335 0.9470680121774493 0.0
36.0 1.0 Car -1.0 -1.0 -1.0 -1.0 -1.0 -1.0 -1.0 1.822 1.623 3.998 769.803 0.318 2263.837 0.957214214120872 0.0
36.0 0.0 Car -1.0 -1.0 -1.0 -1.0 -1.0 -1.0 -1.0 2.074 1.704 4.694 734.507 1.854 2213.222 0.9470680121774493 0.0
37.0 1.0 Car -1.0 -1.0 -1.0 -1.0 -1.0 -1.0 -1.0 1.822 1.623 3.998 772.857 0.286 2268.299 0.9598214676934089 0.0
37.0 0.0 Car -1.0 -1.0 -1.0 -1.0 -1.0 -1.0 -1.0 2.074 1.704 4.694 737.56 1.874 2217.617 0.9470680121774493 0.0
38.0 1.0 Car -1.0 -1.0 -1.0 -1.0 -1.0 -1.0 -1.0 1.822 1.623 3.998 776.255 0.25 2273.266 0.9627236150511606 0.0
38.0 0.0 Car -1.0 -1.0 -1.0 -1.0 -1.0 -1.0 -1.0 2.074 1.704 4.694 740.958 1.896 2222.509 0.9470680121774493 0.0
