0.0 2.0 Car -1.0 -1.0 -1.0 -1.0 -1.0 -1.0 -1.0 1.878 1.559 4.436 811.279 0.509 1824.212 -0.7565653241321191 0.0
1.0 2.0 Car -1.0 -1.0 -1.0 -1.0 -1.0 -1.0 -1.0 1.878 1.559 4.436 816.867 0.327 1818.865 -0.780656632368697 1.0
2.0 2.0 Car -1.0 -1.0 -1.0 -1.0 -1.0 -1.0 -1.0 1.878 1.559 4.436 822.256 0.245 1813.443 -0.7872974434765693 1.0
3.0 2.0 Car -1.0 -1.0 -1.0 -1.0 -1.0 -1.0 -1.0 1.878 1.559 4.436 827.582 0.227 1808.105 -0.8047507359965125 1.0
4.0 1.0 Bus -1.0 -1.0 -1.0 -1.0 -1.0 -1.0 -1.0 2.812 3.537 12.159 877.556 -0.894 1717.153 2.140828162199723 0.0
4.0 2.0 Car -1.0 -1.0 -1.0 -1.0 -1.0 -1.0 -1.0 1.878 1.559 4.436 832.921 0.209 1802.578 -0.8047507359965125 1.0
5.0 1.0 Bus -1.0 -1.0 -1.0 -1.0 -1.0 -1.0 -1.0 2.812 3.537 12.159 876.735 -0.705 1718.44 2.140828162199723 1.0
5.0 2.0 Car -1.0 -1.0 -1.0 -1.0 -1.0 -1.0 -1.0 1.878 1.559 4.436 838.059 0.191 1797.256 -0.8047507359965125 1.0
6.0 1.0 Bus -1.0 -1.0 -1.0 -1.0 -1.0 -1.0 -1.0 2.812 3.537 12.159 875.914 -0.516 1719.727 2.140828162199723 1.0
6.0 2.0 Car -1.0 -1.0 -1.0 -1.0 -1.0 -1.0 -1.0 1.878 1.559 4.436 843.355 0.212 1791.773 -0.7960288093560481 1.0
6.0 3.0 Car -1.0 -1.0 -1.0 -1.0 -1.0 -1.0 -1.0 1.827 1.9 4.377 900.295 -2.056 1732.434 -0.757455375052854 0.0
7.0 1.0 Bus -1.0 -1.0 -1.0 -1.0 -1.0 -1.0 -1.0 2.812 3.537 12.159 875.092 -0.327 1721.016 2.140828162199723 1.0
7.0 2.0 Car -1.0 -1.0 -1.0 -1.0 -1.0 -1.0 -1.0 1.878 1.559 4.436 848.523 0.233 1786.288 -0.8047507359965125 1.0
7.0 3.0 Car -1.0 -1.0 -1.0 -1.0 -1.0 -1.0 -1.0 1.827 1.9 4.377 902.385 -1.85 1730.496 -0.7487151983784046 1.0
8.0 1.0 Bus -1.0 -1.0 -1.0 -1.0 -1.0 -1.0 -1.0 2.812 3.537 12.159 873.275 -0.24 1723.751 2.158281454719666 1.0
8.0 2.0 Car -1.0 -1.0 -1.0 -1.0 -1.0 -1.0 -1.0 1.878 1.559 4.436 853.545 0.079 1780.827 -0.8047507359965125 1.0
8.0 3.0 Car -1.0 -1.0 -1.0 -1.0 -1.0 -1.0 -1.0 1.827 1.9 4.377 904.482 -1.644 1728.571 -0.7400020825329108 1.0
9.0 0.0 Car -1.0 -1.0 -1.0 -1.0 -1.0 -1.0 -1.0 2.015 1.572 4.56 882.339 -0.872 1734.989 2.0816745803733623 0.0
9.0 1.0 Bus -1.0 -1.0 -1.0 -1.0 -1.0 -1.0 -1.0 2.812 3.537 12.159 872.145 0.075 1725.526 2.158281454719666 1.0
9.0 2.0 Car -1.0 -1.0 -1.0 -1.0 -1.0 -1.0 -1.0 1.878 1.559 4.436 858.737 0.075 1775.427 -0.8222040285164556 1.0
9.0 3.0 Car -1.0 -1.0 -1.0 -1.0 -1.0 -1.0 -1.0 1.827 1.9 4.377 907.075 -1.399 1726.274 -0.734159594501075 1.0
10.0 0.0 Car -1.0 -1.0 -1.0 -1.0 -1.0 -1.0 -1.0 2.015 1.572 4.56 881.876 -0.646 1735.698 2.0904131347068033 1.0
10.0 1.0 Bus -1.0 -1.0 -1.0 -1.0 -1.0 -1.0 -1.0 2.812 3.537 12.159 871.533 0.338 1726.563 2.158281454719666 1.0
10.0 2.0 Car -1.0 -1.0 -1.0 -1.0 -1.0 -1.0 -1.0 1.878 1.559 4.436 863.846 0.127 1769.957 -0.8222040285164556 1.0
10.0 3.0 Car -1.0 -1.0 -1.0 -1.0 -1.0 -1.0 -1.0 1.827 1.9 4.377 909.665 -1.154 1723.979 -0.7283647715883323 1.0
11.0 0.0 Car -1.0 -1.0 -1.0 -1.0 -1.0 -1.0 -1.0 2.015 1.572 4.56 881.376 -0.32 1736.39 2.0642212878534187 1.0
11.0 1.0 Bus -1.0 -1.0 -1.0 -1.0 -1.0 -1.0 -1.0 2.812 3.537 12.159 870.829 0.651 1727.633 2.158281454719666 1.0
11.0 2.0 Car -1.0 -1.0 -1.0 -1.0 -1.0 -1.0 -1.0 1.878 1.559 4.436 869.021 0.13 1764.446 -0.8134727233455199 1.0
11.0 3.0 Car -1.0 -1.0 -1.0 -1.0 -1.0 -1.0 -1.0 1.827 1.9 4.377 912.604 -0.909 1721.394 -0.7225487900129677 1.0
12.0 0.0 Car -1.0 -1.0 -1.0 -1.0 -1.0 -1.0 -1.0 2.015 1.572 4.56 881.431 -0.095 1736.434 2.053617862556983 1.0
12.0 1.0 Bus -1.0 -1.0 -1.0 -1.0 -1.0 -1.0 -1.0 2.812 3.537 12.159 869.828 0.813 1729.146 2.158281454719666 0.0
12.0 2.0 Car -1.0 -1.0 -1.0 -1.0 -1.0 -1.0 -1.0 1.878 1.559 4.436 874.173 0.183 1758.959 -0.8047507359965125 1.0
12.0 3.0 Car -1.0 -1.0 -1.0 -1.0 -1.0 -1.0 -1.0 1.827 1.9 4.377 914.97 -0.798 1719.303 -0.7225487900129677 1.0
13.0 0.0 Car -1.0 -1.0 -1.0 -1.0 -1.0 -1.0 -1.0 2.015 1.572 4.56 881.487 0.131 1736.477 2.0430016457689417 0.0
13.0 1.0 Bus -1.0 -1.0 -1.0 -1.0 -1.0 -1.0 -1.0 2.812 3.537 12.159 868.68 1.301 1730.862 2.158281454719666 0.0
13.0 2.0 Car -1.0 -1.0 -1.0 -1.0 -1.0 -1.0 -1.0 1.878 1.559 4.436 879.376 0.234 1753.478 -0.7978960548026568 1.0
13.0 3.0 Car -1.0 -1.0 -1.0 -1.0 -1.0 -1.0 -1.0 1.827 1.9 4.377 918.037 -0.561 1716.633 -0.7225487900129677 1.0
14.0 0.0 Car -1.0 -1.0 -1.0 -1.0 -1.0 -1.0 -1.0 2.015 1.572 4.56 881.437 0.356 1736.646 1.9837758794721747 0.0
14.0 1.0 Bus -1.0 -1.0 -1.0 -1.0 -1.0 -1.0 -1.0 2.812 3.537 12.159 867.49 1.387 1732.653 2.158281454719666 0.0
14.0 2.0 Car -1.0 -1.0 -1.0 -1.0 -1.0 -1.0 -1.0 1.878 1.559 4.436 884.45 0.285 1748.133 -0.8084816417150785 1.0
14.0 3.0 Car -1.0 -1.0 -1.0 -1.0 -1.0 -1.0 -1.0 1.827 1.9 4.377 920.761 -0.225 1714.266 -0.7050954974930246 1.0
15.0 0.0 Car -1.0 -1.0 -1.0 -1.0 -1.0 -1.0 -1.0 2.015 1.572 4.56 881.408 0.582 1736.788 1.9245460845421944 0.0
15.0 1.0 Bus -1.0 -1.0 -1.0 -1.0 -1.0 -1.0 -1.0 2.812 3.537 12.159 866.309 1.637 1734.423 2.158281454719666 0.0
15.0 2.0 Car -1.0 -1.0 -1.0 -1.0 -1.0 -1.0 -1.0 1.878 1.559 4.436 889.569 0.337 1742.741 -0.8190679486763854 1.0
15.0 3.0 Car -1.0 -1.0 -1.0 -1.0 -1.0 -1.0 -1.0 1.827 1.9 4.377 923.972 -0.054 1711.525 -0.711194148973536 1.0
16.0 0.0 Car -1.0 -1.0 -1.0 -1.0 -1.0 -1.0 -1.0 2.015 1.572 4.56 881.413 0.758 1737.165 1.8372796219424776 0.0
16.0 1.0 Bus -1.0 -1.0 -1.0 -1.0 -1.0 -1.0 -1.0 2.812 3.537 12.159 864.859 1.956 1736.498 2.169975315698992 0.0
16.0 2.0 Car -1.0 -1.0 -1.0 -1.0 -1.0 -1.0 -1.0 1.878 1.559 4.436 894.672 0.409 1737.445 -0.802673043354968 1.0
16.0 3.0 Car -1.0 -1.0 -1.0 -1.0 -1.0 -1.0 -1.0 1.827 1.9 4.377 927.182 0.118 1708.785 -0.6823864960222813 1.0
17.0 0.0 Car -1.0 -1.0 -1.0 -1.0 -1.0 -1.0 -1.0 2.015 1.572 4.56 881.531 0.983 1738.022 1.6996729769697554 0.0
17.0 1.0 Bus -1.0 -1.0 -1.0 -1.0 -1.0 -1.0 -1.0 2.812 3.537 12.159 863.55 2.224 1738.546 2.164215533270964 0.0
17.0 2.0 Car -1.0 -1.0 -1.0 -1.0 -1.0 -1.0 -1.0 1.878 1.559 4.436 899.953 0.481 1732.223 -0.8037319225010106 1.0
17.0 3.0 Car -1.0 -1.0 -1.0 -1.0 -1.0 -1.0 -1.0 1.827 1.9 4.377 930.746 0.31 1705.94 -0.6474795036340785 1.0
18.0 0.0 Car -1.0 -1.0 -1.0 -1.0 -1.0 -1.0 -1.0 2.015 1.572 4.56 881.913 1.209 1739.195 1.4906753008847329 0.0
18.0 1.0 Bus -1.0 -1.0 -1.0 -1.0 -1.0 -1.0 -1.0 2.812 3.537 12.159 861.811 2.342 1740.995 2.1729419089321107 0.0
18.0 2.0 Car -1.0 -1.0 -1.0 -1.0 -1.0 -1.0 -1.0 1.878 1.559 4.436 905.274 0.553 1727.228 -0.7349801278781842 1.0
18.0 3.0 Car -1.0 -1.0 -1.0 -1.0 -1.0 -1.0 -1.0 1.827 1.9 4.377 934.41 0.502 1703.131 -0.6300269559796283 1.0
19.0 0.0 Car -1.0 -1.0 -1.0 -1.0 -1.0 -1.0 -1.0 2.015 1.572 4.56 882.474 1.334 1740.279 1.1812168824363158 0.0
19.0 1.0 Bus -1.0 -1.0 -1.0 -1.0 -1.0 -1.0 -1.0 2.812 3.537 12.159 860.086 2.71 1743.568 2.1816688257909074 0.0
19.0 2.0 Car -1.0 -1.0 -1.0 -1.0 -1.0 -1.0 -1.0 1.878 1.559 4.436 910.646 0.632 1722.375 -0.7020430527148247 1.0
19.0 3.0 Car -1.0 -1.0 -1.0 -1.0 -1.0 -1.0 -1.0 1.827 1.9 4.377 938.165 0.694 1700.365 -0.6125733259425088 1.0
20.0 0.0 Car -1.0 -1.0 -1.0 -1.0 -1.0 -1.0 -1.0 2.015 1.572 4.56 883.685 1.41 1741.714 0.9606005086374783 0.0
20.0 1.0 Bus -1.0 -1.0 -1.0 -1.0 -1.0 -1.0 -1.0 2.812 3.537 12.159 858.104 2.979 1746.4 2.2015591794802507 0.0
20.0 2.0 Car -1.0 -1.0 -1.0 -1.0 -1.0 -1.0 -1.0 1.878 1.559 4.436 916.146 0.611 1717.845 -0.6865582478984771 1.0
20.0 3.0 Car -1.0 -1.0 -1.0 -1.0 -1.0 -1.0 -1.0 1.827 1.9 4.377 942.267 0.909 1697.54 -0.5951187764788098 1.0
21.0 0.0 Car -1.0 -1.0 -1.0 -1.0 -1.0 -1.0 -1.0 2.015 1.572 4.56 885.326 1.578 1743.035 0.7888607221628874 0.0
21.0 1.0 Bus -1.0 -1.0 -1.0 -1.0 -1.0 -1.0 -1.0 2.812 3.537 12.159 855.851 3.247 1749.462 2.2039958896524707 0.0
21.0 2.0 Car -1.0 -1.0 -1.0 -1.0 -1.0 -1.0 -1.0 1.878 1.559 4.436 921.789 0.715 1713.393 -0.6536223807576733 1.0
21.0 3.0 Car -1.0 -1.0 -1.0 -1.0 -1.0 -1.0 -1.0 1.827 1.9 4.377 946.369 1.125 1694.715 -0.5776667409026226 1.0
22.0 0.0 Car -1.0 -1.0 -1.0 -1.0 -1.0 -1.0 -1.0 2.015 1.572 4.56 887.455 1.566 1744.497 0.5979083365750891 0.0
22.0 1.0 Bus -1.0 -1.0 -1.0 -1.0 -1.0 -1.0 -1.0 2.812 3.537 12.159 853.754 3.365 1752.538 2.2039958896524707 0.0
22.0 2.0 Car -1.0 -1.0 -1.0 -1.0 -1.0 -1.0 -1.0 1.878 1.559 4.436 927.476 0.723 1709.194 -0.6413850190067292 1.0
22.0 3.0 Car -1.0 -1.0 -1.0 -1.0 -1.0 -1.0 -1.0 1.827 1.9 4.377 950.517 1.18 1691.899 -0.5602243353396812 1.0
23.0 0.0 Car -1.0 -1.0 -1.0 -1.0 -1.0 -1.0 -1.0 2.015 1.572 4.56 889.662 1.553 1745.966 0.5979083365750891 0.0
23.0 1.0 Bus -1.0 -1.0 -1.0 -1.0 -1.0 -1.0 -1.0 2.812 3.537 12.159 851.486 3.534 1755.707 2.186542597132527 0.0
23.0 2.0 Car -1.0 -1.0 -1.0 -1.0 -1.0 -1.0 -1.0 1.878 1.559 4.436 933.104 0.731 1705.109 -0.6465638859802283 1.0
23.0 3.0 Car -1.0 -1.0 -1.0 -1.0 -1.0 -1.0 -1.0 1.827 1.9 4.377 954.631 1.236 1689.244 -0.5427601558627364 1.0
24.0 0.0 Car -1.0 -1.0 -1.0 -1.0 -1.0 -1.0 -1.0 2.015 1.572 4.56 892.743 1.616 1748.036 0.5804550440551458 0.0
24.0 2.0 Car -1.0 -1.0 -1.0 -1.0 -1.0 -1.0 -1.0 1.878 1.559 4.436 939.77 0.784 1700.212 -0.6116573009403421 1.0
24.0 3.0 Car -1.0 -1.0 -1.0 -1.0 -1.0 -1.0 -1.0 1.827 1.9 4.377 959.68 1.236 1685.952 -0.5427601558627364 1.0
25.0 2.0 Car -1.0 -1.0 -1.0 -1.0 -1.0 -1.0 -1.0 1.878 1.559 4.436 945.253 0.828 1696.299 -0.6116573009403421 1.0
25.0 3.0 Car -1.0 -1.0 -1.0 -1.0 -1.0 -1.0 -1.0 1.827 1.9 4.377 963.887 1.236 1683.208 -0.5427601558627364 1.0
26.0 2.0 Car -1.0 -1.0 -1.0 -1.0 -1.0 -1.0 -1.0 1.878 1.559 4.436 950.738 0.817 1692.422 -0.6036009110014549 1.0
26.0 3.0 Car -1.0 -1.0 -1.0 -1.0 -1.0 -1.0 -1.0 1.827 1.9 4.377 968.323 1.287 1680.429 -0.5427601558627364 1.0
27.0 2.0 Car -1.0 -1.0 -1.0 -1.0 -1.0 -1.0 -1.0 1.878 1.559 4.436 956.063 0.807 1688.799 -0.5955533915756387 0.0
27.0 3.0 Car -1.0 -1.0 -1.0 -1.0 -1.0 -1.0 -1.0 1.827 1.9 4.377 972.847 1.263 1677.807 -0.5427601558627364 0.0
28.0 2.0 Car -1.0 -1.0 -1.0 -1.0 -1.0 -1.0 -1.0 1.878 1.559 4.436 961.856 0.806 1684.927 -0.5928747681896702 0.0
28.0 3.0 Car -1.0 -1.0 -1.0 -1.0 -1.0 -1.0 -1.0 1.827 1.9 4.377 977.367 1.24 1675.188 -0.5427601558627364 0.0
29.0 2.0 Car -1.0 -1.0 -1.0 -1.0 -1.0 -1.0 -1.0 1.878 1.559 4.436 967.075 0.804 1681.454 -0.6076405572483693 0.0
29.0 3.0 Car -1.0 -1.0 -1.0 -1.0 -1.0 -1.0 -1.0 1.827 1.9 4.377 982.057 1.19 1672.522 -0.5123439418877876 0.0
30.0 2.0 Car -1.0 -1.0 -1.0 -1.0 -1.0 -1.0 -1.0 1.878 1.559 4.436 972.355 0.803 1677.971 -0.6224212794059759 0.0
30.0 3.0 Car -1.0 -1.0 -1.0 -1.0 -1.0 -1.0 -1.0 1.827 1.9 4.377 986.788 1.19 1669.918 -0.48189696705543655 0.0
31.0 2.0 Car -1.0 -1.0 -1.0 -1.0 -1.0 -1.0 -1.0 1.878 1.559 4.436 977.319 0.782 1674.609 -0.589662181707653 0.0
31.0 3.0 Car -1.0 -1.0 -1.0 -1.0 -1.0 -1.0 -1.0 1.827 1.9 4.377 991.776 1.127 1667.266 -0.48189696705543655 0.0
32.0 2.0 Car -1.0 -1.0 -1.0 -1.0 -1.0 -1.0 -1.0 1.878 1.559 4.436 982.535 0.762 1671.117 -0.5918097302876246 0.0
32.0 3.0 Car -1.0 -1.0 -1.0 -1.0 -1.0 -1.0 -1.0 1.827 1.9 4.377 996.764 1.065 1664.614 -0.48189696705543655 0.0
33.0 2.0 Car -1.0 -1.0 -1.0 -1.0 -1.0 -1.0 -1.0 1.878 1.559 4.436 987.823 0.741 1667.612 -0.5765029759139235 0.0
33.0 3.0 Car -1.0 -1.0 -1.0 -1.0 -1.0 -1.0 -1.0 1.827 1.9 4.377 1001.753 1.002 1661.961 -0.48189696705543655 0.0
34.0 2.0 Car -1.0 -1.0 -1.0 -1.0 -1.0 -1.0 -1.0 1.878 1.559 4.436 993.051 0.692 1664.192 -0.5590496833939804 0.0
34.0 3.0 Car -1.0 -1.0 -1.0 -1.0 -1.0 -1.0 -1.0 1.827 1.9 4.377 1006.741 0.94 1659.309 -0.48189696705543655 0.0
35.0 2.0 Car -1.0 -1.0 -1.0 -1.0 -1.0 -1.0 -1.0 1.878 1.559 4.436 998.677 0.692 1660.721 -0.5415963908740374 0.0
35.0 3.0 Car -1.0 -1.0 -1.0 -1.0 -1.0 -1.0 -1.0 1.827 1.9 4.377 1011.752 0.904 1656.597 -0.48189696705543655 0.0
36.0 2.0 Car -1.0 -1.0 -1.0 -1.0 -1.0 -1.0 -1.0 1.878 1.559 4.436 1003.271 0.732 1658.026 -0.5167877828112237 0.0
36.0 3.0 Car -1.0 -1.0 -1.0 -1.0 -1.0 -1.0 -1.0 1.827 1.9 4.377 1015.761 0.875 1654.427 -0.48189696705543655 0.0
37.0 2.0 Car -1.0 -1.0 -1.0 -1.0 -1.0 -1.0 -1.0 1.878 1.559 4.436 1009.008 0.781 1654.779 -0.5250573984448863 0.0
37.0 3.0 Car -1.0 -1.0 -1.0 -1.0 -1.0 -1.0 -1.0 1.827 1.9 4.377 1020.766 0.84 1651.718 -0.48189696705543655 0.0
38.0 2.0 Car -1.0 -1.0 -1.0 -1.0 -1.0 -1.0 -1.0 1.878 1.559 4.436 1014.95 0.831 1651.464 -0.49842022694482274 0.0
38.0 3.0 Car -1.0 -1.0 -1.0 -1.0 -1.0 -1.0 -1.0 1.827 1.9 4.377 1026.38 0.84 1648.895 -0.4878358651987144 0.0
