0.0 0.0 Car -1.0 -1.0 -1.0 -1.0 -1.0 -1.0 -1.0 1.832 1.679 4.82 1596.344 0.503 1456.151 0.4050909193878578 0.0
1.0 0.0 Car -1.0 -1.0 -1.0 -1.0 -1.0 -1.0 -1.0 1.832 1.679 4.82 1600.299 0.503 1457.804 0.4050909193878576 1.0
2.0 0.0 Car -1.0 -1.0 -1.0 -1.0 -1.0 -1.0 -1.0 1.832 1.679 4.82 1604.137 0.486 1459.483 0.4225442119078009 1.0
3.0 0.0 Car -1.0 -1.0 -1.0 -1.0 -1.0 -1.0 -1.0 1.832 1.679 4.82 1607.964 0.519 1461.152 0.4225442119078009 1.0
4.0 0.0 Car -1.0 -1.0 -1.0 -1.0 -1.0 -1.0 -1.0 1.832 1.679 4.82 1611.626 0.553 1462.865 0.439997504427744 1.0
5.0 0.0 Car -1.0 -1.0 -1.0 -1.0 -1.0 -1.0 -1.0 1.832 1.679 4.82 1614.891 0.586 1464.393 0.43127085816777244 1.0
6.0 0.0 Car -1.0 -1.0 -1.0 -1.0 -1.0 -1.0 -1.0 1.832 1.679 4.82 1618.157 0.619 1465.921 0.4225442119078009 1.0
7.0 0.0 Car -1.0 -1.0 -1.0 -1.0 -1.0 -1.0 -1.0 1.832 1.679 4.82 1620.512 0.653 1467.029 0.4225442119078009 1.0
8.0 0.0 Car -1.0 -1.0 -1.0 -1.0 -1.0 -1.0 -1.0 1.832 1.679 4.82 1623.29 0.686 1468.328 0.4225442119078009 1.0
9.0 0.0 Car -1.0 -1.0 -1.0 -1.0 -1.0 -1.0 -1.0 1.832 1.679 4.82 1625.921 0.669 1469.544 0.4225442119078009 1.0
10.0 0.0 Car -1.0 -1.0 -1.0 -1.0 -1.0 -1.0 -1.0 1.832 1.679 4.82 1628.522 0.653 1470.747 0.4225442119078009 1.0
11.0 0.0 Car -1.0 -1.0 -1.0 -1.0 -1.0 -1.0 -1.0 1.832 1.679 4.82 1630.802 0.661 1471.798 0.4225442119078009 1.0
12.0 0.0 Car -1.0 -1.0 -1.0 -1.0 -1.0 -1.0 -1.0 1.832 1.679 4.82 1633.187 0.669 1472.86 0.4225442119078009 1.0
13.0 0.0 Car -1.0 -1.0 -1.0 -1.0 -1.0 -1.0 -1.0 1.832 1.679 4.82 1635.513 0.703 1473.891 0.4225442119078009 1.0
14.0 0.0 Car -1.0 -1.0 -1.0 -1.0 -1.0 -1.0 -1.0 1.832 1.679 4.82 1637.849 0.686 1474.982 0.4225442119078009 1.0
15.0 0.0 Car -1.0 -1.0 -1.0 -1.0 -1.0 -1.0 -1.0 1.832 1.679 4.82 1640.243 0.694 1476.079 0.4225442119078009 1.0
16.0 0.0 Car -1.0 -1.0 -1.0 -1.0 -1.0 -1.0 -1.0 1.832 1.679 4.82 1642.844 0.653 1477.202 0.4050909193878576 1.0
17.0 0.0 Car -1.0 -1.0 -1.0 -1.0 -1.0 -1.0 -1.0 1.832 1.679 4.82 1645.5 0.561 1478.407 0.4399975044277442 1.0
18.0 0.0 Car -1.0 -1.0 -1.0 -1.0 -1.0 -1.0 -1.0 1.832 1.679 4.82 1648.295 0.519 1479.704 0.4225442119078009 1.0
19.0 0.0 Car -1.0 -1.0 -1.0 -1.0 -1.0 -1.0 -1.0 1.832 1.679 4.82 1651.501 0.478 1481.135 0.4225442119078009 1.0
20.0 0.0 Car -1.0 -1.0 -1.0 -1.0 -1.0 -1.0 -1.0 1.832 1.679 4.82 1654.717 0.486 1482.627 0.439997504427744 1.0
21.0 0.0 Car -1.0 -1.0 -1.0 -1.0 -1.0 -1.0 -1.0 1.832 1.679 4.82 1658.153 0.469 1484.21 0.4312708581677729 1.0
22.0 0.0 Car -1.0 -1.0 -1.0 -1.0 -1.0 -1.0 -1.0 1.832 1.679 4.82 1661.719 0.453 1485.833 0.4399975044277442 1.0
23.0 0.0 Car -1.0 -1.0 -1.0 -1.0 -1.0 -1.0 -1.0 1.832 1.679 4.82 1665.199 0.436 1487.418 0.4399975044277442 1.0
24.0 0.0 Car -1.0 -1.0 -1.0 -1.0 -1.0 -1.0 -1.0 1.832 1.679 4.82 1668.604 0.419 1489.016 0.4399975044277442 1.0
25.0 0.0 Car -1.0 -1.0 -1.0 -1.0 -1.0 -1.0 -1.0 1.832 1.679 4.82 1672.033 0.403 1490.568 0.4225442119078009 1.0
26.0 0.0 Car -1.0 -1.0 -1.0 -1.0 -1.0 -1.0 -1.0 1.832 1.679 4.82 1675.398 0.386 1492.128 0.4399975044277442 1.0
27.0 0.0 Car -1.0 -1.0 -1.0 -1.0 -1.0 -1.0 -1.0 1.832 1.679 4.82 1678.652 0.369 1493.612 0.4225442119078009 1.0
28.0 0.0 Car -1.0 -1.0 -1.0 -1.0 -1.0 -1.0 -1.0 1.832 1.679 4.82 1681.955 0.353 1495.091 0.4225442119078009 0.0
29.0 0.0 Car -1.0 -1.0 -1.0 -1.0 -1.0 -1.0 -1.0 1.832 1.679 4.82 1684.929 0.361 1496.429 0.4225442119078009 0.0
30.0 0.0 Car -1.0 -1.0 -1.0 -1.0 -1.0 -1.0 -1.0 1.832 1.679 4.82 1687.72 0.369 1497.69 0.4225442119078009 0.0
31.0 0.0 Car -1.0 -1.0 -1.0 -1.0 -1.0 -1.0 -1.0 1.832 1.679 4.82 1689.935 0.378 1498.666 0.4138175656478287 0.0
32.0 0.0 Car -1.0 -1.0 -1.0 -1.0 -1.0 -1.0 -1.0 1.832 1.679 4.82 1692.464 0.386 1499.822 0.42254421190780106 0.0
33.0 0.0 Car -1.0 -1.0 -1.0 -1.0 -1.0 -1.0 -1.0 1.832 1.679 4.82 1694.538 0.369 1500.758 0.4225442119078009 0.0
34.0 0.0 Car -1.0 -1.0 -1.0 -1.0 -1.0 -1.0 -1.0 1.832 1.679 4.82 1696.556 0.403 1501.662 0.4225442119078009 0.0
35.0 0.0 Car -1.0 -1.0 -1.0 -1.0 -1.0 -1.0 -1.0 1.832 1.679 4.82 1698.234 0.361 1502.413 0.4138175656478289 0.0
36.0 0.0 Car -1.0 -1.0 -1.0 -1.0 -1.0 -1.0 -1.0 1.832 1.679 4.82 1699.977 0.319 1503.181 0.42254421190780106 0.0
37.0 0.0 Car -1.0 -1.0 -1.0 -1.0 -1.0 -1.0 -1.0 1.832 1.679 4.82 1701.808 0.228 1504.037 0.43999750442774443 0.0
38.0 0.0 Car -1.0 -1.0 -1.0 -1.0 -1.0 -1.0 -1.0 1.832 1.679 4.82 1703.714 0.186 1504.889 0.42254421190780106 0.0
39.0 0.0 Car -1.0 -1.0 -1.0 -1.0 -1.0 -1.0 -1.0 1.832 1.679 4.82 1705.706 0.119 1505.767 0.4050909193878578 0.0
