0.0 2.0 Car -1.0 -1.0 -1.0 -1.0 -1.0 -1.0 -1.0 2.258 2.368 5.665 446.236 0.931 1700.634 1.0693806859519959 0.0
0.0 5.0 Car -1.0 -1.0 -1.0 -1.0 -1.0 -1.0 -1.0 2.146 1.985 4.619 454.683 0.001 1716.51 1.088038255692169 0.0
1.0 0.0 Car -1.0 -1.0 -1.0 -1.0 -1.0 -1.0 -1.0 2.152 1.978 4.902 450.861 0.411 1708.006 1.0512467148253948 0.0
1.0 2.0 Car -1.0 -1.0 -1.0 -1.0 -1.0 -1.0 -1.0 2.258 2.368 5.665 446.588 0.96 1701.335 1.1011866678831688 1.0
1.0 5.0 Car -1.0 -1.0 -1.0 -1.0 -1.0 -1.0 -1.0 2.146 1.985 4.619 455.808 0.102 1719.278 1.1753085153227736 1.0
2.0 0.0 Car -1.0 -1.0 -1.0 -1.0 -1.0 -1.0 -1.0 2.152 1.978 4.902 452.119 0.411 1710.112 1.0512467148253948 1.0
2.0 2.0 Car -1.0 -1.0 -1.0 -1.0 -1.0 -1.0 -1.0 2.258 2.368 5.665 447.279 0.94 1702.912 1.1279047197488221 1.0
2.0 3.0 Car -1.0 -1.0 -1.0 -1.0 -1.0 -1.0 -1.0 1.985 2.013 4.974 427.023 1.66 1661.569 1.1229972005422448 0.0
2.0 5.0 Car -1.0 -1.0 -1.0 -1.0 -1.0 -1.0 -1.0 2.146 1.985 4.619 456.688 0.203 1722.134 1.2625719664841992 1.0
3.0 0.0 Car -1.0 -1.0 -1.0 -1.0 -1.0 -1.0 -1.0 2.152 1.978 4.902 453.377 0.411 1712.218 1.0512467148253948 1.0
3.0 2.0 Car -1.0 -1.0 -1.0 -1.0 -1.0 -1.0 -1.0 2.258 2.368 5.665 447.928 0.919 1704.507 1.1546264062945086 1.0
3.0 3.0 Car -1.0 -1.0 -1.0 -1.0 -1.0 -1.0 -1.0 1.985 2.013 4.974 426.993 1.685 1661.532 1.1238699992597563 0.0
3.0 5.0 Car -1.0 -1.0 -1.0 -1.0 -1.0 -1.0 -1.0 2.146 1.985 4.619 457.315 0.304 1725.056 1.3498472888226551 1.0
4.0 0.0 Car -1.0 -1.0 -1.0 -1.0 -1.0 -1.0 -1.0 2.152 1.978 4.902 455.322 0.411 1714.707 0.8592604971060185 1.0
4.0 2.0 Car -1.0 -1.0 -1.0 -1.0 -1.0 -1.0 -1.0 2.258 2.368 5.665 448.832 0.899 1706.817 1.1813424270154371 1.0
4.0 3.0 Car -1.0 -1.0 -1.0 -1.0 -1.0 -1.0 -1.0 1.985 2.013 4.974 426.964 1.709 1661.495 1.1247426129169202 0.0
4.0 5.0 Car -1.0 -1.0 -1.0 -1.0 -1.0 -1.0 -1.0 2.146 1.985 4.619 457.686 0.405 1728.02 1.4371041060910348 1.0
5.0 0.0 Car -1.0 -1.0 -1.0 -1.0 -1.0 -1.0 -1.0 2.152 1.978 4.902 457.706 0.411 1716.948 0.6847275719065854 1.0
5.0 2.0 Car -1.0 -1.0 -1.0 -1.0 -1.0 -1.0 -1.0 2.258 2.368 5.665 449.99 0.861 1709.685 1.1910733788030607 1.0
5.0 1.0 Truck -1.0 -1.0 -1.0 -1.0 -1.0 -1.0 -1.0 2.724 3.446 8.307 432.415 1.11 1756.164 -0.9256702752753436 0.0
5.0 3.0 Car -1.0 -1.0 -1.0 -1.0 -1.0 -1.0 -1.0 1.985 2.013 4.974 426.934 1.733 1661.457 1.1256153313252246 1.0
5.0 5.0 Car -1.0 -1.0 -1.0 -1.0 -1.0 -1.0 -1.0 2.146 1.985 4.619 457.658 0.507 1730.955 1.6029095558058921 1.0
6.0 0.0 Car -1.0 -1.0 -1.0 -1.0 -1.0 -1.0 -1.0 2.152 1.978 4.902 459.887 0.411 1718.107 0.40547489158749217 1.0
6.0 2.0 Car -1.0 -1.0 -1.0 -1.0 -1.0 -1.0 -1.0 2.258 2.368 5.665 451.292 0.823 1712.494 1.1658976683090072 1.0
6.0 1.0 Truck -1.0 -1.0 -1.0 -1.0 -1.0 -1.0 -1.0 2.724 3.446 8.307 432.44 1.167 1756.131 -0.9256702752753436 0.0
6.0 3.0 Car -1.0 -1.0 -1.0 -1.0 -1.0 -1.0 -1.0 1.985 2.013 4.974 426.904 1.758 1661.42 1.1264880584627897 1.0
6.0 5.0 Car -1.0 -1.0 -1.0 -1.0 -1.0 -1.0 -1.0 2.146 1.985 4.619 457.146 0.608 1733.846 1.7687166639699576 1.0
7.0 0.0 Car -1.0 -1.0 -1.0 -1.0 -1.0 -1.0 -1.0 2.152 1.978 4.902 462.2 0.461 1718.824 0.2833018439478889 1.0
7.0 2.0 Car -1.0 -1.0 -1.0 -1.0 -1.0 -1.0 -1.0 2.258 2.368 5.665 452.712 0.834 1715.678 1.158167124498497 1.0
7.0 1.0 Truck -1.0 -1.0 -1.0 -1.0 -1.0 -1.0 -1.0 2.724 3.446 8.307 432.465 1.225 1756.097 -0.9256702752753436 0.0
7.0 3.0 Car -1.0 -1.0 -1.0 -1.0 -1.0 -1.0 -1.0 1.985 2.013 4.974 426.874 1.782 1661.383 1.127361703918681 1.0
7.0 5.0 Car -1.0 -1.0 -1.0 -1.0 -1.0 -1.0 -1.0 2.146 1.985 4.619 456.115 0.71 1736.541 1.960702881689334 1.0
8.0 0.0 Car -1.0 -1.0 -1.0 -1.0 -1.0 -1.0 -1.0 2.152 1.978 4.902 464.561 0.611 1718.766 0.021502456148739135 1.0
8.0 2.0 Car -1.0 -1.0 -1.0 -1.0 -1.0 -1.0 -1.0 2.258 2.368 5.665 454.132 0.846 1718.86 1.1504442585219994 1.0
8.0 1.0 Truck -1.0 -1.0 -1.0 -1.0 -1.0 -1.0 -1.0 2.724 3.446 8.307 432.491 1.283 1756.064 -0.9256702752753436 1.0
8.0 3.0 Car -1.0 -1.0 -1.0 -1.0 -1.0 -1.0 -1.0 1.985 2.013 4.974 426.971 1.843 1661.573 1.1305758863193975 1.0
8.0 5.0 Car -1.0 -1.0 -1.0 -1.0 -1.0 -1.0 -1.0 2.146 1.985 4.619 454.461 0.713 1739.677 2.082875929328937 1.0
9.0 0.0 Car -1.0 -1.0 -1.0 -1.0 -1.0 -1.0 -1.0 2.152 1.978 4.902 467.197 0.711 1718.514 -0.1879370540905807 1.0
9.0 2.0 Car -1.0 -1.0 -1.0 -1.0 -1.0 -1.0 -1.0 2.258 2.368 5.665 455.293 0.845 1722.058 1.258460655749535 1.0
9.0 1.0 Truck -1.0 -1.0 -1.0 -1.0 -1.0 -1.0 -1.0 2.724 3.446 8.307 432.516 1.34 1756.03 -0.9256702752753436 1.0
9.0 3.0 Car -1.0 -1.0 -1.0 -1.0 -1.0 -1.0 -1.0 1.985 2.013 4.974 427.068 1.905 1661.763 1.1337895350751155 1.0
9.0 5.0 Car -1.0 -1.0 -1.0 -1.0 -1.0 -1.0 -1.0 2.146 1.985 4.619 452.346 0.759 1742.918 2.2050489769685404 1.0
10.0 0.0 Car -1.0 -1.0 -1.0 -1.0 -1.0 -1.0 -1.0 2.152 1.978 4.902 469.852 0.761 1717.515 -0.31011010173018394 1.0
10.0 2.0 Car -1.0 -1.0 -1.0 -1.0 -1.0 -1.0 -1.0 2.258 2.368 5.665 456.103 0.844 1725.368 1.3666069323259995 1.0
10.0 1.0 Truck -1.0 -1.0 -1.0 -1.0 -1.0 -1.0 -1.0 2.724 3.446 8.307 432.541 1.398 1755.997 -0.9256702752753436 1.0
10.0 3.0 Car -1.0 -1.0 -1.0 -1.0 -1.0 -1.0 -1.0 1.985 2.013 4.974 427.166 1.967 1661.953 1.1370070479349772 1.0
10.0 5.0 Car -1.0 -1.0 -1.0 -1.0 -1.0 -1.0 -1.0 2.146 1.985 4.619 449.789 0.867 1746.172 2.2748621470483137 1.0
11.0 0.0 Car -1.0 -1.0 -1.0 -1.0 -1.0 -1.0 -1.0 2.152 1.978 4.902 472.587 0.811 1716.063 -0.44973644188973033 1.0
11.0 2.0 Car -1.0 -1.0 -1.0 -1.0 -1.0 -1.0 -1.0 2.258 2.368 5.665 456.507 0.842 1728.749 1.5008113375907752 1.0
11.0 1.0 Truck -1.0 -1.0 -1.0 -1.0 -1.0 -1.0 -1.0 2.724 3.446 8.307 432.566 1.456 1755.963 -0.9256702752753436 1.0
11.0 3.0 Car -1.0 -1.0 -1.0 -1.0 -1.0 -1.0 -1.0 1.985 2.013 4.974 427.263 2.028 1662.143 1.1402210631697907 1.0
11.0 5.0 Car -1.0 -1.0 -1.0 -1.0 -1.0 -1.0 -1.0 2.146 1.985 4.619 446.602 1.042 1749.971 2.271300887277686 0.0
12.0 0.0 Car -1.0 -1.0 -1.0 -1.0 -1.0 -1.0 -1.0 2.152 1.978 4.902 475.332 0.861 1714.643 -0.44973644188973033 1.0
12.0 2.0 Car -1.0 -1.0 -1.0 -1.0 -1.0 -1.0 -1.0 2.258 2.368 5.665 456.514 1.041 1732.157 1.6176860004410147 1.0
12.0 1.0 Truck -1.0 -1.0 -1.0 -1.0 -1.0 -1.0 -1.0 2.724 3.446 8.307 432.592 1.514 1755.93 -0.9256702752753436 1.0
12.0 3.0 Car -1.0 -1.0 -1.0 -1.0 -1.0 -1.0 -1.0 1.985 2.013 4.974 427.359 2.09 1662.254 1.1521686690704382 1.0
12.0 5.0 Car -1.0 -1.0 -1.0 -1.0 -1.0 -1.0 -1.0 2.146 1.985 4.619 443.412 1.217 1753.774 2.2677358588575807 0.0
13.0 0.0 Car -1.0 -1.0 -1.0 -1.0 -1.0 -1.0 -1.0 2.152 1.978 4.902 478.77 0.86 1712.839 -0.45554566272053876 1.0
13.0 2.0 Car -1.0 -1.0 -1.0 -1.0 -1.0 -1.0 -1.0 2.258 2.368 5.665 456.038 1.09 1735.428 1.7343053886878326 0.0
13.0 1.0 Truck -1.0 -1.0 -1.0 -1.0 -1.0 -1.0 -1.0 2.724 3.446 8.307 432.617 1.571 1755.896 -0.9256702752753436 0.0
13.0 3.0 Car -1.0 -1.0 -1.0 -1.0 -1.0 -1.0 -1.0 1.985 2.013 4.974 427.454 2.151 1662.365 1.164090179320551 1.0
13.0 5.0 Car -1.0 -1.0 -1.0 -1.0 -1.0 -1.0 -1.0 2.146 1.985 4.619 440.229 1.391 1757.569 2.264178617079969 0.0
14.0 0.0 Car -1.0 -1.0 -1.0 -1.0 -1.0 -1.0 -1.0 2.152 1.978 4.902 481.914 0.935 1711.18 -0.4613680534066127 1.0
14.0 2.0 Car -1.0 -1.0 -1.0 -1.0 -1.0 -1.0 -1.0 2.258 2.368 5.665 455.131 1.159 1738.551 1.873177993890084 0.0
14.0 1.0 Truck -1.0 -1.0 -1.0 -1.0 -1.0 -1.0 -1.0 2.724 3.446 8.307 432.846 1.696 1755.561 -0.9256702752753436 0.0
14.0 3.0 Car -1.0 -1.0 -1.0 -1.0 -1.0 -1.0 -1.0 1.985 2.013 4.974 427.55 2.213 1662.476 1.1760387163560302 1.0
14.0 5.0 Car -1.0 -1.0 -1.0 -1.0 -1.0 -1.0 -1.0 2.146 1.985 4.619 437.039 1.566 1761.372 2.260613310819921 0.0
15.0 0.0 Car -1.0 -1.0 -1.0 -1.0 -1.0 -1.0 -1.0 2.152 1.978 4.902 485.661 0.91 1709.221 -0.46718973440967343 1.0
15.0 2.0 Car -1.0 -1.0 -1.0 -1.0 -1.0 -1.0 -1.0 2.258 2.368 5.665 453.874 1.229 1741.546 2.0120336721057672 0.0
15.0 1.0 Truck -1.0 -1.0 -1.0 -1.0 -1.0 -1.0 -1.0 2.724 3.446 8.307 433.076 1.82 1755.225 -0.9256702752753436 0.0
15.0 3.0 Car -1.0 -1.0 -1.0 -1.0 -1.0 -1.0 -1.0 1.985 2.013 4.974 427.645 2.274 1662.587 1.1879857970011316 1.0
15.0 5.0 Car -1.0 -1.0 -1.0 -1.0 -1.0 -1.0 -1.0 2.146 1.985 4.619 433.85 1.74 1765.175 2.25704843913004 0.0
16.0 0.0 Car -1.0 -1.0 -1.0 -1.0 -1.0 -1.0 -1.0 2.152 1.978 4.902 489.566 0.869 1707.125 -0.46718973440967343 1.0
16.0 2.0 Car -1.0 -1.0 -1.0 -1.0 -1.0 -1.0 -1.0 2.258 2.368 5.665 452.184 1.373 1744.524 2.124722165912051 0.0
16.0 1.0 Truck -1.0 -1.0 -1.0 -1.0 -1.0 -1.0 -1.0 2.724 3.446 8.307 433.305 1.944 1754.89 -0.9256702752753436 0.0
16.0 3.0 Car -1.0 -1.0 -1.0 -1.0 -1.0 -1.0 -1.0 1.985 2.013 4.974 427.882 2.131 1663.511 1.157739270668436 1.0
16.0 5.0 Car -1.0 -1.0 -1.0 -1.0 -1.0 -1.0 -1.0 2.146 1.985 4.619 430.66 1.915 1768.978 2.253483232607408 0.0
17.0 0.0 Car -1.0 -1.0 -1.0 -1.0 -1.0 -1.0 -1.0 2.152 1.978 4.902 493.5 0.777 1705.089 -0.46718973440967343 1.0
17.0 2.0 Car -1.0 -1.0 -1.0 -1.0 -1.0 -1.0 -1.0 2.258 2.368 5.665 450.255 1.734 1747.582 2.1850476963969703 0.0
17.0 1.0 Truck -1.0 -1.0 -1.0 -1.0 -1.0 -1.0 -1.0 2.724 3.446 8.307 433.537 2.352 1754.501 -0.9558140633695285 0.0
17.0 3.0 Car -1.0 -1.0 -1.0 -1.0 -1.0 -1.0 -1.0 1.985 2.013 4.974 428.275 1.889 1664.364 1.1449463436215004 1.0
17.0 5.0 Car -1.0 -1.0 -1.0 -1.0 -1.0 -1.0 -1.0 2.146 1.985 4.619 427.47 2.09 1772.781 2.2499181115739884 0.0
18.0 0.0 Car -1.0 -1.0 -1.0 -1.0 -1.0 -1.0 -1.0 2.152 1.978 4.902 497.785 1.049 1702.668 -0.478098090471867 1.0
18.0 2.0 Car -1.0 -1.0 -1.0 -1.0 -1.0 -1.0 -1.0 2.258 2.368 5.665 448.112 1.725 1750.179 2.20946268716579 0.0
18.0 1.0 Truck -1.0 -1.0 -1.0 -1.0 -1.0 -1.0 -1.0 2.724 3.446 8.307 433.151 2.51 1754.736 -1.020801851660075 0.0
18.0 3.0 Car -1.0 -1.0 -1.0 -1.0 -1.0 -1.0 -1.0 1.985 2.013 4.974 428.697 1.771 1665.197 1.1670865624214395 1.0
18.0 5.0 Car -1.0 -1.0 -1.0 -1.0 -1.0 -1.0 -1.0 2.146 1.985 4.619 424.287 2.264 1776.577 2.2463603924816034 0.0
19.0 0.0 Car -1.0 -1.0 -1.0 -1.0 -1.0 -1.0 -1.0 2.152 1.978 4.902 502.198 1.241 1700.352 -0.4890031700430289 1.0
19.0 2.0 Car -1.0 -1.0 -1.0 -1.0 -1.0 -1.0 -1.0 2.258 2.368 5.665 445.644 1.716 1753.213 2.2338703445199464 0.0
19.0 1.0 Truck -1.0 -1.0 -1.0 -1.0 -1.0 -1.0 -1.0 2.724 3.446 8.307 433.688 2.371 1753.986 -1.031490130658891 0.0
19.0 3.0 Car -1.0 -1.0 -1.0 -1.0 -1.0 -1.0 -1.0 1.985 2.013 4.974 429.352 2.328 1666.528 1.1720888647230587 1.0
19.0 5.0 Car -1.0 -1.0 -1.0 -1.0 -1.0 -1.0 -1.0 2.146 1.985 4.619 421.104 2.439 1780.371 2.2428037420043823 0.0
20.0 0.0 Car -1.0 -1.0 -1.0 -1.0 -1.0 -1.0 -1.0 2.152 1.978 4.902 505.967 1.264 1698.349 -0.49773600158995907 1.0
20.0 2.0 Car -1.0 -1.0 -1.0 -1.0 -1.0 -1.0 -1.0 2.258 2.368 5.665 443.725 1.709 1755.479 2.25341609462091 0.0
20.0 1.0 Truck -1.0 -1.0 -1.0 -1.0 -1.0 -1.0 -1.0 2.724 3.446 8.307 434.118 2.259 1753.386 -1.040049347436189 0.0
20.0 3.0 Car -1.0 -1.0 -1.0 -1.0 -1.0 -1.0 -1.0 1.985 2.013 4.974 429.76 2.586 1667.643 1.1571070179154777 1.0
20.0 5.0 Car -1.0 -1.0 -1.0 -1.0 -1.0 -1.0 -1.0 2.146 1.985 4.619 418.556 2.578 1783.409 2.239955562008427 0.0
21.0 0.0 Car -1.0 -1.0 -1.0 -1.0 -1.0 -1.0 -1.0 2.152 1.978 4.902 510.079 1.292 1696.17 -0.5086557816842164 1.0
21.0 2.0 Car -1.0 -1.0 -1.0 -1.0 -1.0 -1.0 -1.0 2.258 2.368 5.665 441.289 1.7 1758.285 2.2541641016077794 0.0
21.0 1.0 Truck -1.0 -1.0 -1.0 -1.0 -1.0 -1.0 -1.0 2.724 3.446 8.307 434.259 1.837 1753.215 -1.0701620539333976 0.0
21.0 3.0 Car -1.0 -1.0 -1.0 -1.0 -1.0 -1.0 -1.0 1.985 2.013 4.974 430.341 2.91 1669.008 1.1776506762061172 1.0
21.0 5.0 Car -1.0 -1.0 -1.0 -1.0 -1.0 -1.0 -1.0 2.146 1.985 4.619 415.314 1.819 1787.706 2.2457802120887402 0.0
22.0 0.0 Car -1.0 -1.0 -1.0 -1.0 -1.0 -1.0 -1.0 2.152 1.978 4.902 514.243 1.287 1693.485 -0.5195496119695028 1.0
22.0 2.0 Car -1.0 -1.0 -1.0 -1.0 -1.0 -1.0 -1.0 2.258 2.368 5.665 439.031 1.516 1761.562 2.2633823139960514 0.0
22.0 1.0 Truck -1.0 -1.0 -1.0 -1.0 -1.0 -1.0 -1.0 2.724 3.446 8.307 434.301 1.815 1753.349 -1.1176564929947195 0.0
22.0 3.0 Car -1.0 -1.0 -1.0 -1.0 -1.0 -1.0 -1.0 1.985 2.013 4.974 431.13 2.899 1671.023 1.1585947985456349 1.0
22.0 5.0 Car -1.0 -1.0 -1.0 -1.0 -1.0 -1.0 -1.0 2.146 1.985 4.619 412.551 1.86 1792.37 2.2515910204473704 0.0
23.0 0.0 Car -1.0 -1.0 -1.0 -1.0 -1.0 -1.0 -1.0 2.152 1.978 4.902 518.898 1.308 1691.038 -0.5108325498864952 1.0
23.0 2.0 Car -1.0 -1.0 -1.0 -1.0 -1.0 -1.0 -1.0 2.258 2.368 5.665 436.29 1.432 1764.444 2.2726116719250102 0.0
23.0 4.0 Truck -1.0 -1.0 -1.0 -1.0 -1.0 -1.0 -1.0 1.987 2.017 5.616 550.159 1.001 1679.145 2.703165945487722 0.0
23.0 1.0 Truck -1.0 -1.0 -1.0 -1.0 -1.0 -1.0 -1.0 2.724 3.446 8.307 434.159 1.809 1753.263 -1.1118472836954125 0.0
23.0 3.0 Car -1.0 -1.0 -1.0 -1.0 -1.0 -1.0 -1.0 1.985 2.013 4.974 431.977 2.888 1673.016 1.1395158808367314 1.0
24.0 0.0 Car -1.0 -1.0 -1.0 -1.0 -1.0 -1.0 -1.0 2.152 1.978 4.902 523.563 1.329 1688.584 -0.5020963194495596 1.0
24.0 2.0 Car -1.0 -1.0 -1.0 -1.0 -1.0 -1.0 -1.0 2.258 2.368 5.665 433.486 1.548 1767.28 2.2818613247191 0.0
24.0 4.0 Truck -1.0 -1.0 -1.0 -1.0 -1.0 -1.0 -1.0 1.987 2.017 5.616 545.609 1.126 1681.874 2.685712652967779 1.0
24.0 1.0 Truck -1.0 -1.0 -1.0 -1.0 -1.0 -1.0 -1.0 2.724 3.446 8.307 434.017 1.803 1753.177 -1.1060253002551352 0.0
24.0 3.0 Car -1.0 -1.0 -1.0 -1.0 -1.0 -1.0 -1.0 1.985 2.013 4.974 432.826 2.877 1675.013 1.1203950096068207 1.0
25.0 0.0 Car -1.0 -1.0 -1.0 -1.0 -1.0 -1.0 -1.0 2.152 1.978 4.902 528.226 1.35 1686.305 -0.5020963194495596 1.0
25.0 4.0 Truck -1.0 -1.0 -1.0 -1.0 -1.0 -1.0 -1.0 1.987 2.017 5.616 541.309 1.251 1684.266 2.650806067927892 1.0
25.0 3.0 Car -1.0 -1.0 -1.0 -1.0 -1.0 -1.0 -1.0 1.985 2.013 4.974 433.666 2.816 1676.705 1.121695422955062 1.0
26.0 0.0 Car -1.0 -1.0 -1.0 -1.0 -1.0 -1.0 -1.0 2.152 1.978 4.902 532.813 1.371 1683.876 -0.5020963194495596 1.0
26.0 4.0 Truck -1.0 -1.0 -1.0 -1.0 -1.0 -1.0 -1.0 1.987 2.017 5.616 536.987 1.375 1686.626 2.650806067927892 1.0
26.0 3.0 Car -1.0 -1.0 -1.0 -1.0 -1.0 -1.0 -1.0 1.985 2.013 4.974 434.507 2.755 1678.399 1.1229972005422448 1.0
27.0 0.0 Car -1.0 -1.0 -1.0 -1.0 -1.0 -1.0 -1.0 2.152 1.978 4.902 537.373 1.279 1681.396 -0.5020963194495596 1.0
27.0 4.0 Truck -1.0 -1.0 -1.0 -1.0 -1.0 -1.0 -1.0 1.987 2.017 5.616 532.664 1.4 1688.986 2.650806067927892 1.0
27.0 3.0 Car -1.0 -1.0 -1.0 -1.0 -1.0 -1.0 -1.0 1.985 2.013 4.974 435.44 2.525 1680.201 1.0357296928039004 1.0
28.0 0.0 Car -1.0 -1.0 -1.0 -1.0 -1.0 -1.0 -1.0 2.152 1.978 4.902 541.932 1.187 1678.916 -0.5020963194495596 0.0
28.0 4.0 Truck -1.0 -1.0 -1.0 -1.0 -1.0 -1.0 -1.0 1.987 2.017 5.616 528.361 1.325 1691.38 2.642065219374566 0.0
28.0 3.0 Car -1.0 -1.0 -1.0 -1.0 -1.0 -1.0 -1.0 1.985 2.013 4.974 436.526 2.296 1681.915 0.9484642753428119 0.0
29.0 0.0 Car -1.0 -1.0 -1.0 -1.0 -1.0 -1.0 -1.0 2.152 1.978 4.902 546.477 1.096 1676.444 -0.5020963194495596 0.0
29.0 4.0 Truck -1.0 -1.0 -1.0 -1.0 -1.0 -1.0 -1.0 1.987 2.017 5.616 524.071 1.25 1693.765 2.633352775407949 0.0
29.0 3.0 Car -1.0 -1.0 -1.0 -1.0 -1.0 -1.0 -1.0 1.985 2.013 4.974 437.605 2.205 1683.099 0.9005048897225525 0.0
30.0 0.0 Car -1.0 -1.0 -1.0 -1.0 -1.0 -1.0 -1.0 2.152 1.978 4.902 551.032 1.004 1673.967 -0.5020963194495596 0.0
30.0 4.0 Truck -1.0 -1.0 -1.0 -1.0 -1.0 -1.0 -1.0 1.987 2.017 5.616 519.754 1.2 1696.123 2.633352775407949 0.0
30.0 3.0 Car -1.0 -1.0 -1.0 -1.0 -1.0 -1.0 -1.0 1.985 2.013 4.974 438.743 2.114 1684.232 0.8524409128009034 0.0
31.0 0.0 Car -1.0 -1.0 -1.0 -1.0 -1.0 -1.0 -1.0 2.152 1.978 4.902 555.616 0.975 1671.569 -0.5020963194495596 0.0
31.0 4.0 Truck -1.0 -1.0 -1.0 -1.0 -1.0 -1.0 -1.0 1.987 2.017 5.616 515.72 1.15 1698.41 2.633352775407949 0.0
31.0 3.0 Car -1.0 -1.0 -1.0 -1.0 -1.0 -1.0 -1.0 1.985 2.013 4.974 439.792 1.923 1685.06 0.8306517521766081 0.0
32.0 0.0 Car -1.0 -1.0 -1.0 -1.0 -1.0 -1.0 -1.0 2.152 1.978 4.902 560.19 0.946 1669.139 -0.5079095867973282 0.0
32.0 4.0 Truck -1.0 -1.0 -1.0 -1.0 -1.0 -1.0 -1.0 1.987 2.017 5.616 512.02 1.075 1700.512 2.633352775407949 0.0
32.0 3.0 Car -1.0 -1.0 -1.0 -1.0 -1.0 -1.0 -1.0 1.985 2.013 4.974 440.842 1.732 1685.888 0.8088379351832653 0.0
33.0 0.0 Car -1.0 -1.0 -1.0 -1.0 -1.0 -1.0 -1.0 2.152 1.978 4.902 564.774 0.692 1666.704 -0.5137359724706546 0.0
33.0 4.0 Truck -1.0 -1.0 -1.0 -1.0 -1.0 -1.0 -1.0 1.987 2.017 5.616 508.611 0.975 1702.364 2.633352775407949 0.0
33.0 3.0 Car -1.0 -1.0 -1.0 -1.0 -1.0 -1.0 -1.0 1.985 2.013 4.974 441.129 1.754 1686.284 0.8088379351832653 0.0
34.0 0.0 Car -1.0 -1.0 -1.0 -1.0 -1.0 -1.0 -1.0 2.152 1.978 4.902 569.348 0.438 1664.274 -0.5195496119695028 0.0
34.0 4.0 Truck -1.0 -1.0 -1.0 -1.0 -1.0 -1.0 -1.0 1.987 2.017 5.616 505.686 0.975 1704.034 2.633352775407949 0.0
34.0 3.0 Car -1.0 -1.0 -1.0 -1.0 -1.0 -1.0 -1.0 1.985 2.013 4.974 441.416 1.775 1686.679 0.8088379351832653 0.0
35.0 0.0 Car -1.0 -1.0 -1.0 -1.0 -1.0 -1.0 -1.0 2.152 1.978 4.902 573.405 0.348 1661.992 -0.5195496119695028 0.0
35.0 4.0 Truck -1.0 -1.0 -1.0 -1.0 -1.0 -1.0 -1.0 1.987 2.017 5.616 503.409 0.902 1705.341 2.633352775407949 0.0
35.0 3.0 Car -1.0 -1.0 -1.0 -1.0 -1.0 -1.0 -1.0 1.985 2.013 4.974 441.825 1.764 1687.15 0.8367625672840592 0.0
36.0 0.0 Car -1.0 -1.0 -1.0 -1.0 -1.0 -1.0 -1.0 2.152 1.978 4.902 577.917 0.248 1659.454 -0.5195496119695028 0.0
36.0 4.0 Truck -1.0 -1.0 -1.0 -1.0 -1.0 -1.0 -1.0 1.987 2.017 5.616 501.497 0.899 1706.45 2.633352775407949 0.0
36.0 3.0 Car -1.0 -1.0 -1.0 -1.0 -1.0 -1.0 -1.0 1.985 2.013 4.974 442.087 1.752 1687.37 0.8317726281101747 0.0
37.0 0.0 Car -1.0 -1.0 -1.0 -1.0 -1.0 -1.0 -1.0 2.152 1.978 4.902 582.271 0.038 1656.972 -0.5195496119695028 0.0
37.0 4.0 Truck -1.0 -1.0 -1.0 -1.0 -1.0 -1.0 -1.0 1.987 2.017 5.616 499.396 0.896 1707.668 2.633352775407949 0.0
37.0 3.0 Car -1.0 -1.0 -1.0 -1.0 -1.0 -1.0 -1.0 1.985 2.013 4.974 442.375 1.739 1687.612 0.8262912277032087 0.0
38.0 0.0 Car -1.0 -1.0 -1.0 -1.0 -1.0 -1.0 -1.0 2.152 1.978 4.902 586.406 -0.153 1654.614 -0.5195496119695028 0.0
38.0 4.0 Truck -1.0 -1.0 -1.0 -1.0 -1.0 -1.0 -1.0 1.987 2.017 5.616 498.239 0.92 1708.356 2.633352775407949 0.0
38.0 3.0 Car -1.0 -1.0 -1.0 -1.0 -1.0 -1.0 -1.0 1.985 2.013 4.974 442.53 1.586 1687.785 0.8350078534084229 0.0
39.0 0.0 Car -1.0 -1.0 -1.0 -1.0 -1.0 -1.0 -1.0 2.152 1.978 4.902 590.55 -0.294 1652.251 -0.5195496119695028 0.0
39.0 4.0 Truck -1.0 -1.0 -1.0 -1.0 -1.0 -1.0 -1.0 1.987 2.017 5.616 497.146 0.793 1709.008 2.633352775407949 0.0
39.0 3.0 Car -1.0 -1.0 -1.0 -1.0 -1.0 -1.0 -1.0 1.985 2.013 4.974 442.685 1.432 1687.957 0.8437445202231519 0.0
