0.0 5.0 Bus -1.0 -1.0 -1.0 -1.0 -1.0 -1.0 -1.0 2.995 3.387 10.895 895.804 1.804 589.57 0.8526456994760763 0.0
0.0 2.0 Car -1.0 -1.0 -1.0 -1.0 -1.0 -1.0 -1.0 2.048 1.731 4.51 966.522 1.079 677.064 -2.2856308278646327 0.0
1.0 5.0 Bus -1.0 -1.0 -1.0 -1.0 -1.0 -1.0 -1.0 2.995 3.387 10.895 898.98 1.798 593.221 0.8526456994760763 1.0
1.0 2.0 Car -1.0 -1.0 -1.0 -1.0 -1.0 -1.0 -1.0 2.048 1.731 4.51 962.748 1.06 672.704 -2.294357474124604 1.0
2.0 5.0 Bus -1.0 -1.0 -1.0 -1.0 -1.0 -1.0 -1.0 2.995 3.387 10.895 902.107 1.841 596.816 0.8526456994760763 1.0
2.0 2.0 Car -1.0 -1.0 -1.0 -1.0 -1.0 -1.0 -1.0 2.048 1.731 4.51 958.974 1.04 668.344 -2.3030841203845758 1.0
3.0 5.0 Bus -1.0 -1.0 -1.0 -1.0 -1.0 -1.0 -1.0 2.995 3.387 10.895 905.58 1.735 600.805 0.8526456994760763 0.0
3.0 1.0 Bus -1.0 -1.0 -1.0 -1.0 -1.0 -1.0 -1.0 3.002 3.378 7.704 899.641 1.509 594.096 0.8491550409462877 0.0
3.0 2.0 Car -1.0 -1.0 -1.0 -1.0 -1.0 -1.0 -1.0 2.048 1.731 4.51 955.005 1.145 663.93 -2.3030841203845758 1.0
3.0 0.0 Car -1.0 -1.0 -1.0 -1.0 -1.0 -1.0 -1.0 2.084 1.485 4.757 874.503 0.243 564.442 0.8666083334662289 0.0
4.0 5.0 Bus -1.0 -1.0 -1.0 -1.0 -1.0 -1.0 -1.0 2.995 3.387 10.895 908.806 1.628 604.513 0.8526456994760763 0.0
4.0 1.0 Bus -1.0 -1.0 -1.0 -1.0 -1.0 -1.0 -1.0 3.002 3.378 7.704 902.639 1.546 597.567 0.8491550409462877 1.0
4.0 2.0 Car -1.0 -1.0 -1.0 -1.0 -1.0 -1.0 -1.0 2.048 1.731 4.51 951.12 1.251 659.608 -2.3030841203845758 1.0
4.0 0.0 Car -1.0 -1.0 -1.0 -1.0 -1.0 -1.0 -1.0 2.084 1.485 4.757 878.087 0.327 568.649 0.8666083334662289 1.0
5.0 5.0 Bus -1.0 -1.0 -1.0 -1.0 -1.0 -1.0 -1.0 2.995 3.387 10.895 911.933 1.672 608.108 0.8526456994760763 0.0
5.0 1.0 Bus -1.0 -1.0 -1.0 -1.0 -1.0 -1.0 -1.0 3.002 3.378 7.704 905.782 1.584 601.121 0.8491550409462877 1.0
5.0 2.0 Car -1.0 -1.0 -1.0 -1.0 -1.0 -1.0 -1.0 2.048 1.731 4.51 947.672 1.268 655.652 -2.3030841203845758 1.0
5.0 0.0 Car -1.0 -1.0 -1.0 -1.0 -1.0 -1.0 -1.0 2.084 1.485 4.757 881.67 0.41 572.855 0.8666083334662289 0.0
6.0 5.0 Bus -1.0 -1.0 -1.0 -1.0 -1.0 -1.0 -1.0 2.995 3.387 10.895 914.986 1.715 611.618 0.8526456994760763 0.0
6.0 1.0 Bus -1.0 -1.0 -1.0 -1.0 -1.0 -1.0 -1.0 3.002 3.378 7.704 908.889 1.621 604.636 0.8491550409462877 1.0
6.0 2.0 Car -1.0 -1.0 -1.0 -1.0 -1.0 -1.0 -1.0 2.048 1.731 4.51 944.223 1.284 651.697 -2.3030841203845758 1.0
6.0 0.0 Car -1.0 -1.0 -1.0 -1.0 -1.0 -1.0 -1.0 2.084 1.485 4.757 885.254 0.493 577.061 0.8666083334662289 0.0
7.0 5.0 Bus -1.0 -1.0 -1.0 -1.0 -1.0 -1.0 -1.0 2.995 3.387 10.895 918.039 1.709 615.128 0.8526456994760763 0.0
7.0 1.0 Bus -1.0 -1.0 -1.0 -1.0 -1.0 -1.0 -1.0 3.002 3.378 7.704 911.962 1.659 608.112 0.8491550409462877 0.0
7.0 2.0 Car -1.0 -1.0 -1.0 -1.0 -1.0 -1.0 -1.0 2.048 1.731 4.51 940.775 1.301 647.742 -2.3030841203845758 1.0
7.0 0.0 Car -1.0 -1.0 -1.0 -1.0 -1.0 -1.0 -1.0 2.084 1.485 4.757 888.838 0.577 581.268 0.8666083334662289 0.0
8.0 5.0 Bus -1.0 -1.0 -1.0 -1.0 -1.0 -1.0 -1.0 2.995 3.387 10.895 921.043 1.753 618.582 0.8526456994760763 0.0
8.0 1.0 Bus -1.0 -1.0 -1.0 -1.0 -1.0 -1.0 -1.0 3.002 3.378 7.704 914.964 1.696 611.507 0.8491550409462877 0.0
8.0 2.0 Car -1.0 -1.0 -1.0 -1.0 -1.0 -1.0 -1.0 2.048 1.731 4.51 937.265 1.268 643.717 -2.3030841203845758 1.0
8.0 0.0 Car -1.0 -1.0 -1.0 -1.0 -1.0 -1.0 -1.0 2.084 1.485 4.757 892.359 0.584 585.4 0.8642812277969035 0.0
9.0 5.0 Bus -1.0 -1.0 -1.0 -1.0 -1.0 -1.0 -1.0 2.995 3.387 10.895 924.249 1.753 622.251 0.8526456994760763 0.0
9.0 1.0 Bus -1.0 -1.0 -1.0 -1.0 -1.0 -1.0 -1.0 3.002 3.378 7.704 918.218 1.734 615.188 0.8491550409462877 0.0
9.0 2.0 Car -1.0 -1.0 -1.0 -1.0 -1.0 -1.0 -1.0 2.048 1.731 4.51 933.879 1.234 639.831 -2.3030841203845758 1.0
9.0 0.0 Car -1.0 -1.0 -1.0 -1.0 -1.0 -1.0 -1.0 2.084 1.485 4.757 895.618 0.592 589.196 0.8619541221275782 0.0
10.0 5.0 Bus -1.0 -1.0 -1.0 -1.0 -1.0 -1.0 -1.0 2.995 3.387 10.895 927.346 1.923 625.706 0.8443553855291034 0.0
10.0 1.0 Bus -1.0 -1.0 -1.0 -1.0 -1.0 -1.0 -1.0 3.002 3.378 7.704 921.261 1.771 618.63 0.8491550409462877 0.0
10.0 2.0 Car -1.0 -1.0 -1.0 -1.0 -1.0 -1.0 -1.0 2.048 1.731 4.51 930.445 1.201 635.821 -2.3030841203845758 1.0
10.0 0.0 Car -1.0 -1.0 -1.0 -1.0 -1.0 -1.0 -1.0 2.084 1.485 4.757 898.952 0.6 593.074 0.8421737239383096 0.0
11.0 5.0 Bus -1.0 -1.0 -1.0 -1.0 -1.0 -1.0 -1.0 2.995 3.387 10.895 930.444 1.893 629.161 0.8360650715821302 0.0
11.0 1.0 Bus -1.0 -1.0 -1.0 -1.0 -1.0 -1.0 -1.0 3.002 3.378 7.704 924.357 1.809 622.131 0.8491550409462877 0.0
11.0 2.0 Car -1.0 -1.0 -1.0 -1.0 -1.0 -1.0 -1.0 2.048 1.731 4.51 927.052 1.068 631.858 -2.2856308278646327 1.0
11.0 0.0 Car -1.0 -1.0 -1.0 -1.0 -1.0 -1.0 -1.0 2.084 1.485 4.757 902.16 0.749 596.756 0.8543910287022702 0.0
12.0 5.0 Bus -1.0 -1.0 -1.0 -1.0 -1.0 -1.0 -1.0 2.995 3.387 10.895 933.472 2.033 632.565 0.8369377362081274 0.0
12.0 1.0 Bus -1.0 -1.0 -1.0 -1.0 -1.0 -1.0 -1.0 3.002 3.378 7.704 927.394 1.846 625.567 0.8491550409462877 0.0
12.0 2.0 Car -1.0 -1.0 -1.0 -1.0 -1.0 -1.0 -1.0 2.048 1.731 4.51 923.574 1.184 627.846 -2.2856308278646327 1.0
12.0 0.0 Car -1.0 -1.0 -1.0 -1.0 -1.0 -1.0 -1.0 2.084 1.485 4.757 905.344 0.799 600.461 0.8666083334662311 0.0
13.0 5.0 Bus -1.0 -1.0 -1.0 -1.0 -1.0 -1.0 -1.0 2.995 3.387 10.895 936.551 2.173 636.025 0.8378104008341245 0.0
13.0 1.0 Bus -1.0 -1.0 -1.0 -1.0 -1.0 -1.0 -1.0 3.002 3.378 7.704 930.395 1.959 629.0 0.8491550409462877 0.0
13.0 2.0 Car -1.0 -1.0 -1.0 -1.0 -1.0 -1.0 -1.0 2.048 1.731 4.51 920.316 1.187 624.018 -2.2856308278646327 1.0
13.0 0.0 Car -1.0 -1.0 -1.0 -1.0 -1.0 -1.0 -1.0 2.084 1.485 4.757 908.421 0.81 604.108 0.8631176749622416 0.0
14.0 5.0 Bus -1.0 -1.0 -1.0 -1.0 -1.0 -1.0 -1.0 2.995 3.387 10.895 939.563 2.313 639.41 0.8386830654601217 0.0
14.0 1.0 Bus -1.0 -1.0 -1.0 -1.0 -1.0 -1.0 -1.0 3.002 3.378 7.704 933.395 2.071 632.433 0.8491550409462877 0.0
14.0 2.0 Car -1.0 -1.0 -1.0 -1.0 -1.0 -1.0 -1.0 2.048 1.731 4.51 917.059 1.191 620.19 -2.2856308278646327 1.0
14.0 0.0 Car -1.0 -1.0 -1.0 -1.0 -1.0 -1.0 -1.0 2.084 1.485 4.757 911.505 0.921 607.662 0.859627016458253 0.0
15.0 1.0 Bus -1.0 -1.0 -1.0 -1.0 -1.0 -1.0 -1.0 3.002 3.378 7.704 936.359 2.184 635.838 0.8491550409462877 0.0
15.0 2.0 Car -1.0 -1.0 -1.0 -1.0 -1.0 -1.0 -1.0 2.048 1.731 4.51 913.476 1.244 616.151 -2.2856308278646327 1.0
15.0 0.0 Car -1.0 -1.0 -1.0 -1.0 -1.0 -1.0 -1.0 2.084 1.485 4.757 914.525 1.007 611.142 0.8561363579542648 0.0
16.0 1.0 Bus -1.0 -1.0 -1.0 -1.0 -1.0 -1.0 -1.0 3.002 3.378 7.704 938.973 2.296 638.846 0.8491550409462877 0.0
16.0 2.0 Car -1.0 -1.0 -1.0 -1.0 -1.0 -1.0 -1.0 2.048 1.731 4.51 910.451 1.297 612.614 -2.2681775353446896 1.0
16.0 0.0 Car -1.0 -1.0 -1.0 -1.0 -1.0 -1.0 -1.0 2.084 1.485 4.757 917.265 1.052 614.3 0.8526456994502761 0.0
17.0 1.0 Bus -1.0 -1.0 -1.0 -1.0 -1.0 -1.0 -1.0 3.002 3.378 7.704 941.815 2.409 642.112 0.8491550409462877 0.0
17.0 2.0 Car -1.0 -1.0 -1.0 -1.0 -1.0 -1.0 -1.0 2.048 1.731 4.51 907.249 1.3 608.779 -2.2681775353446896 1.0
17.0 3.0 Truck -1.0 -1.0 -1.0 -1.0 -1.0 -1.0 -1.0 3.269 3.57 8.146 811.419 1.992 499.479 -1.85333529833121 0.0
18.0 1.0 Bus -1.0 -1.0 -1.0 -1.0 -1.0 -1.0 -1.0 3.002 3.378 7.704 944.766 2.521 645.53 0.8491550409462877 0.0
18.0 2.0 Car -1.0 -1.0 -1.0 -1.0 -1.0 -1.0 -1.0 2.048 1.731 4.51 904.024 1.279 604.963 -2.2769041816046607 1.0
18.0 4.0 Car -1.0 -1.0 -1.0 -1.0 -1.0 -1.0 -1.0 2.179 1.883 4.537 808.824 0.457 514.717 -0.8095186144387396 0.0
18.0 3.0 Truck -1.0 -1.0 -1.0 -1.0 -1.0 -1.0 -1.0 3.269 3.57 8.146 810.197 1.942 497.824 -1.988013219570645 1.0
19.0 2.0 Car -1.0 -1.0 -1.0 -1.0 -1.0 -1.0 -1.0 2.048 1.731 4.51 900.799 1.257 601.148 -2.2856308278646327 1.0
19.0 4.0 Car -1.0 -1.0 -1.0 -1.0 -1.0 -1.0 -1.0 2.179 1.883 4.537 809.333 0.432 514.191 -0.8095186144387396 1.0
19.0 3.0 Truck -1.0 -1.0 -1.0 -1.0 -1.0 -1.0 -1.0 3.269 3.57 8.146 809.41 1.942 496.283 -2.0528670715556565 1.0
20.0 2.0 Car -1.0 -1.0 -1.0 -1.0 -1.0 -1.0 -1.0 2.048 1.731 4.51 897.465 1.235 597.301 -2.2856308278646327 1.0
20.0 4.0 Car -1.0 -1.0 -1.0 -1.0 -1.0 -1.0 -1.0 2.179 1.883 4.537 809.929 0.441 513.574 -0.8095186144387396 1.0
20.0 3.0 Truck -1.0 -1.0 -1.0 -1.0 -1.0 -1.0 -1.0 3.269 3.57 8.146 808.526 1.942 494.797 -2.117732082219478 1.0
21.0 2.0 Car -1.0 -1.0 -1.0 -1.0 -1.0 -1.0 -1.0 2.048 1.731 4.51 894.043 1.176 593.387 -2.2856308278646327 0.0
21.0 4.0 Car -1.0 -1.0 -1.0 -1.0 -1.0 -1.0 -1.0 2.179 1.883 4.537 810.524 0.449 512.959 -0.8095186144387396 0.0
21.0 3.0 Truck -1.0 -1.0 -1.0 -1.0 -1.0 -1.0 -1.0 3.269 3.57 8.146 807.548 1.942 493.372 -2.182516776346285 0.0
22.0 2.0 Car -1.0 -1.0 -1.0 -1.0 -1.0 -1.0 -1.0 2.048 1.731 4.51 890.621 1.117 589.473 -2.2856308278646327 0.0
22.0 4.0 Car -1.0 -1.0 -1.0 -1.0 -1.0 -1.0 -1.0 2.179 1.883 4.537 811.12 0.457 512.342 -0.8095186144387396 0.0
22.0 3.0 Truck -1.0 -1.0 -1.0 -1.0 -1.0 -1.0 -1.0 3.269 3.57 8.146 806.551 1.978 491.892 -2.1842620479885304 0.0
23.0 2.0 Car -1.0 -1.0 -1.0 -1.0 -1.0 -1.0 -1.0 2.048 1.731 4.51 887.199 1.207 585.559 -2.2856308278646327 0.0
23.0 4.0 Car -1.0 -1.0 -1.0 -1.0 -1.0 -1.0 -1.0 2.179 1.883 4.537 812.259 0.6 511.179 -1.0672166087849795 0.0
23.0 3.0 Truck -1.0 -1.0 -1.0 -1.0 -1.0 -1.0 -1.0 3.269 3.57 8.146 805.555 2.015 490.411 -2.1860074348502736 0.0
24.0 2.0 Car -1.0 -1.0 -1.0 -1.0 -1.0 -1.0 -1.0 2.048 1.731 4.51 883.777 1.298 581.644 -2.2856308278646327 0.0
24.0 4.0 Car -1.0 -1.0 -1.0 -1.0 -1.0 -1.0 -1.0 2.179 1.883 4.537 813.123 0.757 509.613 -1.3505706825569757 0.0
24.0 3.0 Truck -1.0 -1.0 -1.0 -1.0 -1.0 -1.0 -1.0 3.269 3.57 8.146 803.949 2.007 488.368 -2.2157064164500793 0.0
25.0 2.0 Car -1.0 -1.0 -1.0 -1.0 -1.0 -1.0 -1.0 2.048 1.731 4.51 880.294 1.314 577.66 -2.2856308278646327 1.0
25.0 4.0 Car -1.0 -1.0 -1.0 -1.0 -1.0 -1.0 -1.0 2.179 1.883 4.537 813.461 0.807 507.569 -1.4901954881265764 1.0
25.0 3.0 Truck -1.0 -1.0 -1.0 -1.0 -1.0 -1.0 -1.0 3.269 3.57 8.146 802.434 1.999 486.55 -2.242744530527221 1.0
26.0 2.0 Car -1.0 -1.0 -1.0 -1.0 -1.0 -1.0 -1.0 2.048 1.731 4.51 876.71 1.304 573.558 -2.2856308278646327 1.0
26.0 4.0 Car -1.0 -1.0 -1.0 -1.0 -1.0 -1.0 -1.0 2.179 1.883 4.537 813.519 0.853 505.685 -1.6171956439950796 1.0
26.0 3.0 Truck -1.0 -1.0 -1.0 -1.0 -1.0 -1.0 -1.0 3.269 3.57 8.146 800.871 1.992 484.773 -2.269783238946001 1.0
27.0 2.0 Car -1.0 -1.0 -1.0 -1.0 -1.0 -1.0 -1.0 2.048 1.731 4.51 873.125 1.295 569.457 -2.2856308278646327 0.0
27.0 4.0 Car -1.0 -1.0 -1.0 -1.0 -1.0 -1.0 -1.0 2.179 1.883 4.537 813.254 0.91 503.338 -1.776406922151516 0.0
27.0 3.0 Truck -1.0 -1.0 -1.0 -1.0 -1.0 -1.0 -1.0 3.269 3.57 8.146 798.212 1.973 481.673 -2.276328838717158 0.0
28.0 2.0 Car -1.0 -1.0 -1.0 -1.0 -1.0 -1.0 -1.0 2.048 1.731 4.51 869.756 1.261 565.578 -2.2769041816046607 0.0
28.0 4.0 Car -1.0 -1.0 -1.0 -1.0 -1.0 -1.0 -1.0 2.179 1.883 4.537 812.751 0.957 501.435 -1.9090760431951552 0.0
28.0 3.0 Truck -1.0 -1.0 -1.0 -1.0 -1.0 -1.0 -1.0 3.269 3.57 8.146 795.997 1.957 479.089 -2.2817832197032177 0.0
29.0 2.0 Car -1.0 -1.0 -1.0 -1.0 -1.0 -1.0 -1.0 2.048 1.731 4.51 866.613 1.227 561.916 -2.2856308278646327 0.0
29.0 4.0 Car -1.0 -1.0 -1.0 -1.0 -1.0 -1.0 -1.0 2.179 1.883 4.537 811.649 0.957 499.114 -2.0311729977994757 0.0
29.0 3.0 Truck -1.0 -1.0 -1.0 -1.0 -1.0 -1.0 -1.0 3.269 3.57 8.146 793.782 1.942 476.505 -2.287236531465944 0.0
30.0 2.0 Car -1.0 -1.0 -1.0 -1.0 -1.0 -1.0 -1.0 2.048 1.731 4.51 863.255 1.142 558.007 -2.2856308278646327 0.0
30.0 4.0 Car -1.0 -1.0 -1.0 -1.0 -1.0 -1.0 -1.0 2.179 1.883 4.537 810.271 0.957 496.941 -2.1534221384743586 0.0
30.0 3.0 Truck -1.0 -1.0 -1.0 -1.0 -1.0 -1.0 -1.0 3.269 3.57 8.146 791.172 1.996 473.462 -2.282870682772469 0.0
31.0 2.0 Car -1.0 -1.0 -1.0 -1.0 -1.0 -1.0 -1.0 2.048 1.731 4.51 859.979 1.058 554.192 -2.2856308278646327 0.0
31.0 4.0 Car -1.0 -1.0 -1.0 -1.0 -1.0 -1.0 -1.0 2.179 1.883 4.537 808.327 0.957 494.139 -2.194145428604536 0.0
31.0 3.0 Truck -1.0 -1.0 -1.0 -1.0 -1.0 -1.0 -1.0 3.269 3.57 8.146 788.565 2.05 470.422 -2.278509885205972 0.0
32.0 2.0 Car -1.0 -1.0 -1.0 -1.0 -1.0 -1.0 -1.0 2.048 1.731 4.51 856.825 0.974 550.518 -2.2856308278646327 0.0
32.0 4.0 Car -1.0 -1.0 -1.0 -1.0 -1.0 -1.0 -1.0 2.179 1.883 4.537 806.463 0.957 491.663 -2.231147152111814 0.0
32.0 3.0 Truck -1.0 -1.0 -1.0 -1.0 -1.0 -1.0 -1.0 3.269 3.57 8.146 785.881 2.104 467.335 -2.282873208335958 0.0
33.0 2.0 Car -1.0 -1.0 -1.0 -1.0 -1.0 -1.0 -1.0 2.048 1.731 4.51 853.102 1.09 546.188 -2.2856308278646327 0.0
33.0 4.0 Car -1.0 -1.0 -1.0 -1.0 -1.0 -1.0 -1.0 2.179 1.883 4.537 804.105 0.957 488.783 -2.2755951861139603 0.0
33.0 3.0 Truck -1.0 -1.0 -1.0 -1.0 -1.0 -1.0 -1.0 3.269 3.57 8.146 782.843 2.158 463.838 -2.287236531465944 0.0
34.0 2.0 Car -1.0 -1.0 -1.0 -1.0 -1.0 -1.0 -1.0 2.048 1.731 4.51 849.921 1.005 542.577 -2.2856308278646327 0.0
34.0 4.0 Car -1.0 -1.0 -1.0 -1.0 -1.0 -1.0 -1.0 2.179 1.883 4.537 801.469 1.007 485.808 -2.2843216579920216 0.0
34.0 3.0 Truck -1.0 -1.0 -1.0 -1.0 -1.0 -1.0 -1.0 3.269 3.57 8.146 780.32 2.081 460.874 -2.287236531465944 0.0
35.0 2.0 Car -1.0 -1.0 -1.0 -1.0 -1.0 -1.0 -1.0 2.048 1.731 4.51 846.954 1.004 539.118 -2.2856308278646327 0.0
35.0 4.0 Car -1.0 -1.0 -1.0 -1.0 -1.0 -1.0 -1.0 2.179 1.883 4.537 798.832 1.057 482.833 -2.2930484786339034 0.0
35.0 3.0 Truck -1.0 -1.0 -1.0 -1.0 -1.0 -1.0 -1.0 3.269 3.57 8.146 777.797 2.004 457.91 -2.287236531465944 0.0
36.0 2.0 Car -1.0 -1.0 -1.0 -1.0 -1.0 -1.0 -1.0 2.048 1.731 4.51 843.987 1.053 535.659 -2.2856308278646327 0.0
36.0 4.0 Car -1.0 -1.0 -1.0 -1.0 -1.0 -1.0 -1.0 2.179 1.883 4.537 796.06 1.024 479.705 -2.2930484786339034 0.0
36.0 3.0 Truck -1.0 -1.0 -1.0 -1.0 -1.0 -1.0 -1.0 3.269 3.57 8.146 775.286 1.796 455.229 -2.287236531465944 0.0
37.0 2.0 Car -1.0 -1.0 -1.0 -1.0 -1.0 -1.0 -1.0 2.048 1.731 4.51 841.66 1.053 532.938 -2.2856308278646327 0.0
37.0 4.0 Car -1.0 -1.0 -1.0 -1.0 -1.0 -1.0 -1.0 2.179 1.883 4.537 793.843 0.998 477.203 -2.2930484786339034 0.0
37.0 3.0 Truck -1.0 -1.0 -1.0 -1.0 -1.0 -1.0 -1.0 3.269 3.57 8.146 773.464 2.01 453.09 -2.2717253088455625 0.0
38.0 2.0 Car -1.0 -1.0 -1.0 -1.0 -1.0 -1.0 -1.0 2.048 1.731 4.51 839.073 1.077 529.867 -2.2769041816046607 0.0
38.0 4.0 Car -1.0 -1.0 -1.0 -1.0 -1.0 -1.0 -1.0 2.179 1.883 4.537 791.069 1.132 474.074 -2.2930484786339034 0.0
38.0 3.0 Truck -1.0 -1.0 -1.0 -1.0 -1.0 -1.0 -1.0 3.269 3.57 8.146 771.186 2.279 450.415 -2.2523299464260575 0.0
