0.0 0.0 Car -1.0 -1.0 -1.0 -1.0 -1.0 -1.0 -1.0 1.862 1.798 4.116 1484.192 0.414 1408.129 0.054035393547227965 0.0
0.0 6.0 Car -1.0 -1.0 -1.0 -1.0 -1.0 -1.0 -1.0 1.983 1.757 4.509 1477.695 0.629 1408.317 -0.0513126800411825 0.0
0.0 2.0 Bus -1.0 -1.0 -1.0 -1.0 -1.0 -1.0 -1.0 3.177 3.63 12.614 1526.452 1.321 1392.875 1.8011274280391232 0.0
0.0 5.0 Car -1.0 -1.0 -1.0 -1.0 -1.0 -1.0 -1.0 1.82 1.62 3.96 1498.519 0.265 1409.495 0.07719591275529258 0.0
0.0 7.0 Car -1.0 -1.0 -1.0 -1.0 -1.0 -1.0 -1.0 1.908 1.552 4.3 1406.847 1.933 1434.97 -0.47455502368674507 0.0
0.0 1.0 Bus -1.0 -1.0 -1.0 -1.0 -1.0 -1.0 -1.0 3.003 3.09 12.025 1369.251 2.853 1467.237 -0.7021285048405308 0.0
1.0 0.0 Car -1.0 -1.0 -1.0 -1.0 -1.0 -1.0 -1.0 1.862 1.798 4.116 1485.985 0.447 1408.219 0.048219397740797865 1.0
1.0 6.0 Car -1.0 -1.0 -1.0 -1.0 -1.0 -1.0 -1.0 1.983 1.757 4.509 1477.772 0.629 1408.342 -0.06294479571356759 1.0
1.0 2.0 Bus -1.0 -1.0 -1.0 -1.0 -1.0 -1.0 -1.0 3.177 3.63 12.614 1526.03 1.337 1393.995 1.8927142063791242 1.0
1.0 5.0 Car -1.0 -1.0 -1.0 -1.0 -1.0 -1.0 -1.0 1.82 1.62 3.96 1499.679 0.265 1409.6 0.08591999224039704 1.0
1.0 7.0 Car -1.0 -1.0 -1.0 -1.0 -1.0 -1.0 -1.0 1.908 1.552 4.3 1412.421 1.816 1431.926 -0.4454747345057828 1.0
1.0 1.0 Bus -1.0 -1.0 -1.0 -1.0 -1.0 -1.0 -1.0 3.003 3.09 12.025 1373.142 2.857 1464.016 -0.7021285048405308 1.0
2.0 0.0 Car -1.0 -1.0 -1.0 -1.0 -1.0 -1.0 -1.0 1.862 1.798 4.116 1485.869 0.479 1408.217 0.0424041697778832 1.0
2.0 6.0 Car -1.0 -1.0 -1.0 -1.0 -1.0 -1.0 -1.0 1.983 1.757 4.509 1477.85 0.629 1408.367 -0.07457537568254291 1.0
2.0 2.0 Bus -1.0 -1.0 -1.0 -1.0 -1.0 -1.0 -1.0 3.177 3.63 12.614 1525.508 1.354 1395.071 1.98428889318464 1.0
2.0 8.0 Car -1.0 -1.0 -1.0 -1.0 -1.0 -1.0 -1.0 1.9 1.67 4.2 1493.294 0.539 1408.187 0.18191566787495253 0.0
2.0 5.0 Car -1.0 -1.0 -1.0 -1.0 -1.0 -1.0 -1.0 1.82 1.62 3.96 1500.84 0.265 1409.704 0.09464291994890407 1.0
2.0 7.0 Car -1.0 -1.0 -1.0 -1.0 -1.0 -1.0 -1.0 1.908 1.552 4.3 1418.079 1.698 1429.045 -0.4163982845833447 1.0
2.0 1.0 Bus -1.0 -1.0 -1.0 -1.0 -1.0 -1.0 -1.0 3.003 3.09 12.025 1377.032 2.861 1460.796 -0.7021285048405308 1.0
3.0 0.0 Car -1.0 -1.0 -1.0 -1.0 -1.0 -1.0 -1.0 1.862 1.798 4.116 1485.754 0.511 1408.215 0.03658228717116719 1.0
3.0 6.0 Car -1.0 -1.0 -1.0 -1.0 -1.0 -1.0 -1.0 1.983 1.757 4.509 1477.927 0.629 1408.392 -0.08621926508106914 1.0
3.0 2.0 Bus -1.0 -1.0 -1.0 -1.0 -1.0 -1.0 -1.0 3.177 3.63 12.614 1524.888 1.37 1396.095 2.0759683732890246 1.0
3.0 8.0 Car -1.0 -1.0 -1.0 -1.0 -1.0 -1.0 -1.0 1.9 1.67 4.2 1494.369 0.539 1408.312 0.18191566787495253 1.0
3.0 5.0 Car -1.0 -1.0 -1.0 -1.0 -1.0 -1.0 -1.0 1.82 1.62 3.96 1501.999 0.265 1409.835 0.1033758297212568 1.0
3.0 7.0 Car -1.0 -1.0 -1.0 -1.0 -1.0 -1.0 -1.0 1.908 1.552 4.3 1423.826 1.581 1426.327 -0.3872885610870289 1.0
3.0 1.0 Bus -1.0 -1.0 -1.0 -1.0 -1.0 -1.0 -1.0 3.003 3.09 12.025 1380.227 2.914 1458.099 -0.6934017975448783 1.0
4.0 0.0 Car -1.0 -1.0 -1.0 -1.0 -1.0 -1.0 -1.0 1.862 1.798 4.116 1486.275 0.544 1408.262 0.030760486002399775 1.0
4.0 6.0 Car -1.0 -1.0 -1.0 -1.0 -1.0 -1.0 -1.0 1.983 1.757 4.509 1478.275 0.629 1408.329 -0.06875210635700424 1.0
4.0 2.0 Bus -1.0 -1.0 -1.0 -1.0 -1.0 -1.0 -1.0 3.177 3.63 12.614 1524.178 1.387 1397.059 2.167646570957933 1.0
4.0 8.0 Car -1.0 -1.0 -1.0 -1.0 -1.0 -1.0 -1.0 1.9 1.67 4.2 1495.444 0.539 1408.438 0.18191566787495253 1.0
4.0 5.0 Car -1.0 -1.0 -1.0 -1.0 -1.0 -1.0 -1.0 1.82 1.62 3.96 1503.159 0.265 1409.965 0.11210861733548573 1.0
4.0 7.0 Car -1.0 -1.0 -1.0 -1.0 -1.0 -1.0 -1.0 1.908 1.552 4.3 1429.881 1.463 1424.05 -0.3698233438517895 1.0
4.0 1.0 Bus -1.0 -1.0 -1.0 -1.0 -1.0 -1.0 -1.0 3.003 3.09 12.025 1383.422 2.968 1455.402 -0.6846752123205877 1.0
5.0 0.0 Car -1.0 -1.0 -1.0 -1.0 -1.0 -1.0 -1.0 1.862 1.798 4.116 1486.795 0.576 1408.309 0.02494493228769068 1.0
5.0 6.0 Car -1.0 -1.0 -1.0 -1.0 -1.0 -1.0 -1.0 1.983 1.757 4.509 1478.623 0.629 1408.273 -0.051303691878661795 1.0
5.0 2.0 Bus -1.0 -1.0 -1.0 -1.0 -1.0 -1.0 -1.0 3.177 3.63 12.614 1522.792 1.403 1398.378 2.3204029890140863 1.0
5.0 8.0 Car -1.0 -1.0 -1.0 -1.0 -1.0 -1.0 -1.0 1.9 1.67 4.2 1496.518 0.539 1408.562 0.18191566787495253 1.0
5.0 5.0 Car -1.0 -1.0 -1.0 -1.0 -1.0 -1.0 -1.0 1.82 1.62 3.96 1504.317 0.265 1410.094 0.12083203367648854 1.0
5.0 7.0 Car -1.0 -1.0 -1.0 -1.0 -1.0 -1.0 -1.0 1.908 1.552 4.3 1435.93 1.345 1421.775 -0.3523768687788347 1.0
5.0 1.0 Bus -1.0 -1.0 -1.0 -1.0 -1.0 -1.0 -1.0 3.003 3.09 12.025 1387.406 2.884 1452.474 -0.6628528668839948 1.0
6.0 0.0 Car -1.0 -1.0 -1.0 -1.0 -1.0 -1.0 -1.0 1.862 1.798 4.116 1487.315 0.608 1408.357 0.019128808507341333 1.0
6.0 6.0 Car -1.0 -1.0 -1.0 -1.0 -1.0 -1.0 -1.0 1.983 1.757 4.509 1478.973 0.629 1408.226 -0.0338535670315292 1.0
6.0 2.0 Bus -1.0 -1.0 -1.0 -1.0 -1.0 -1.0 -1.0 3.177 3.63 12.614 1521.222 1.42 1399.471 2.4731743809127225 1.0
6.0 8.0 Car -1.0 -1.0 -1.0 -1.0 -1.0 -1.0 -1.0 1.9 1.67 4.2 1497.592 0.539 1408.687 0.18191566787495253 1.0
6.0 5.0 Car -1.0 -1.0 -1.0 -1.0 -1.0 -1.0 -1.0 1.82 1.62 3.96 1504.168 0.265 1410.012 0.12955630512435934 1.0
6.0 7.0 Car -1.0 -1.0 -1.0 -1.0 -1.0 -1.0 -1.0 1.908 1.552 4.3 1441.98 1.228 1419.5 -0.33492868352719857 1.0
6.0 1.0 Bus -1.0 -1.0 -1.0 -1.0 -1.0 -1.0 -1.0 3.003 3.09 12.025 1391.391 2.8 1449.545 -0.641028382327047 1.0
7.0 0.0 Car -1.0 -1.0 -1.0 -1.0 -1.0 -1.0 -1.0 1.862 1.798 4.116 1488.263 0.432 1408.351 0.0453223720549809 1.0
7.0 6.0 Car -1.0 -1.0 -1.0 -1.0 -1.0 -1.0 -1.0 1.983 1.757 4.509 1479.322 0.629 1408.178 -0.016406095001295862 1.0
7.0 2.0 Bus -1.0 -1.0 -1.0 -1.0 -1.0 -1.0 -1.0 3.177 3.63 12.614 1519.505 1.436 1400.313 2.6259225480760793 1.0
7.0 8.0 Car -1.0 -1.0 -1.0 -1.0 -1.0 -1.0 -1.0 1.9 1.67 4.2 1498.666 0.539 1408.812 0.18191566787495253 1.0
7.0 5.0 Car -1.0 -1.0 -1.0 -1.0 -1.0 -1.0 -1.0 1.82 1.62 3.96 1504.019 0.265 1409.929 0.1382792502840269 1.0
7.0 7.0 Car -1.0 -1.0 -1.0 -1.0 -1.0 -1.0 -1.0 1.908 1.552 4.3 1447.901 1.094 1417.658 -0.26511919119136707 1.0
7.0 1.0 Bus -1.0 -1.0 -1.0 -1.0 -1.0 -1.0 -1.0 3.003 3.09 12.025 1395.375 2.717 1446.617 -0.6192072155894249 1.0
8.0 0.0 Car -1.0 -1.0 -1.0 -1.0 -1.0 -1.0 -1.0 1.862 1.798 4.116 1489.209 0.256 1408.371 0.0714886860671713 1.0
8.0 6.0 Car -1.0 -1.0 -1.0 -1.0 -1.0 -1.0 -1.0 1.983 1.757 4.509 1480.304 0.61 1408.221 -0.01059575672195501 1.0
8.0 2.0 Bus -1.0 -1.0 -1.0 -1.0 -1.0 -1.0 -1.0 3.177 3.63 12.614 1517.681 1.453 1400.883 2.7785118091559493 1.0
8.0 8.0 Car -1.0 -1.0 -1.0 -1.0 -1.0 -1.0 -1.0 1.9 1.67 4.2 1499.163 0.539 1408.91 0.18191566787495253 1.0
8.0 5.0 Car -1.0 -1.0 -1.0 -1.0 -1.0 -1.0 -1.0 1.82 1.62 3.96 1505.472 0.265 1410.184 0.14699312084019803 1.0
8.0 7.0 Car -1.0 -1.0 -1.0 -1.0 -1.0 -1.0 -1.0 1.908 1.552 4.3 1453.93 0.96 1416.235 -0.1953823226599538 1.0
8.0 1.0 Bus -1.0 -1.0 -1.0 -1.0 -1.0 -1.0 -1.0 3.003 3.09 12.025 1399.355 2.633 1443.692 -0.5974087497208722 1.0
9.0 0.0 Car -1.0 -1.0 -1.0 -1.0 -1.0 -1.0 -1.0 1.862 1.798 4.116 1490.821 0.285 1408.565 0.07295137399671382 1.0
9.0 6.0 Car -1.0 -1.0 -1.0 -1.0 -1.0 -1.0 -1.0 1.983 1.757 4.509 1481.287 0.591 1408.263 -0.00477239743134783 1.0
9.0 2.0 Bus -1.0 -1.0 -1.0 -1.0 -1.0 -1.0 -1.0 3.177 3.63 12.614 1515.348 1.469 1401.193 2.8963587988482007 1.0
9.0 8.0 Car -1.0 -1.0 -1.0 -1.0 -1.0 -1.0 -1.0 1.9 1.67 4.2 1499.661 0.539 1409.009 0.18191566787495253 1.0
9.0 5.0 Car -1.0 -1.0 -1.0 -1.0 -1.0 -1.0 -1.0 1.82 1.62 3.96 1506.928 0.265 1410.44 0.15572651924504677 1.0
9.0 7.0 Car -1.0 -1.0 -1.0 -1.0 -1.0 -1.0 -1.0 1.908 1.552 4.3 1460.057 0.825 1415.233 -0.12548917328787915 1.0
9.0 1.0 Bus -1.0 -1.0 -1.0 -1.0 -1.0 -1.0 -1.0 3.003 3.09 12.025 1403.814 2.6 1440.844 -0.5712286540010014 1.0
10.0 0.0 Car -1.0 -1.0 -1.0 -1.0 -1.0 -1.0 -1.0 1.862 1.798 4.116 1492.433 0.314 1408.759 0.07441404438971388 1.0
10.0 6.0 Car -1.0 -1.0 -1.0 -1.0 -1.0 -1.0 -1.0 1.983 1.757 4.509 1482.27 0.572 1408.305 0.0010508920415044365 1.0
10.0 2.0 Bus -1.0 -1.0 -1.0 -1.0 -1.0 -1.0 -1.0 3.177 3.63 12.614 1512.995 1.486 1401.226 3.0142043756425325 1.0
10.0 8.0 Car -1.0 -1.0 -1.0 -1.0 -1.0 -1.0 -1.0 1.9 1.67 4.2 1501.161 0.539 1409.203 0.18191566787495253 1.0
10.0 5.0 Car -1.0 -1.0 -1.0 -1.0 -1.0 -1.0 -1.0 1.82 1.62 3.96 1508.384 0.265 1410.695 0.16445981294293222 1.0
10.0 7.0 Car -1.0 -1.0 -1.0 -1.0 -1.0 -1.0 -1.0 1.908 1.552 4.3 1466.425 0.741 1414.487 -0.09056828332865785 1.0
10.0 1.0 Bus -1.0 -1.0 -1.0 -1.0 -1.0 -1.0 -1.0 3.003 3.09 12.025 1408.347 2.568 1438.113 -0.5450488721610428 1.0
11.0 0.0 Car -1.0 -1.0 -1.0 -1.0 -1.0 -1.0 -1.0 1.862 1.798 4.116 1494.045 0.343 1408.953 0.07587653649453284 1.0
11.0 6.0 Car -1.0 -1.0 -1.0 -1.0 -1.0 -1.0 -1.0 1.983 1.757 4.509 1483.254 0.553 1408.348 0.0068734717005165535 1.0
11.0 2.0 Bus -1.0 -1.0 -1.0 -1.0 -1.0 -1.0 -1.0 3.177 3.63 12.614 1510.416 1.502 1401.4 3.140766535314267 1.0
11.0 8.0 Car -1.0 -1.0 -1.0 -1.0 -1.0 -1.0 -1.0 1.9 1.67 4.2 1502.66 0.539 1409.397 0.18191566787495253 1.0
11.0 5.0 Car -1.0 -1.0 -1.0 -1.0 -1.0 -1.0 -1.0 1.82 1.62 3.96 1510.382 0.265 1411.026 0.17319204212002282 1.0
11.0 7.0 Car -1.0 -1.0 -1.0 -1.0 -1.0 -1.0 -1.0 1.908 1.552 4.3 1472.239 0.656 1414.006 -0.05565164995518978 1.0
11.0 1.0 Bus -1.0 -1.0 -1.0 -1.0 -1.0 -1.0 -1.0 3.003 3.09 12.025 1412.8 2.518 1435.305 -0.4926631881235193 1.0
12.0 0.0 Car -1.0 -1.0 -1.0 -1.0 -1.0 -1.0 -1.0 1.862 1.798 4.116 1495.647 0.372 1409.141 0.08894197858711463 1.0
12.0 6.0 Car -1.0 -1.0 -1.0 -1.0 -1.0 -1.0 -1.0 1.983 1.757 4.509 1484.818 0.534 1408.348 0.012690314667344271 1.0
12.0 2.0 Bus -1.0 -1.0 -1.0 -1.0 -1.0 -1.0 -1.0 3.177 3.63 12.614 1507.838 1.519 1401.247 -3.0159813074652244 1.0
12.0 8.0 Car -1.0 -1.0 -1.0 -1.0 -1.0 -1.0 -1.0 1.9 1.67 4.2 1504.159 0.539 1409.592 0.18191566787495253 1.0
12.0 5.0 Car -1.0 -1.0 -1.0 -1.0 -1.0 -1.0 -1.0 1.82 1.62 3.96 1512.378 0.265 1411.357 0.18191566787495253 1.0
12.0 7.0 Car -1.0 -1.0 -1.0 -1.0 -1.0 -1.0 -1.0 1.908 1.552 4.3 1478.06 0.572 1413.728 -0.020769418168219204 1.0
12.0 1.0 Bus -1.0 -1.0 -1.0 -1.0 -1.0 -1.0 -1.0 3.003 3.09 12.025 1417.391 2.468 1432.735 -0.44032911704138433 1.0
13.0 0.0 Car -1.0 -1.0 -1.0 -1.0 -1.0 -1.0 -1.0 1.862 1.798 4.116 1498.048 0.401 1409.433 0.0893579467705099 1.0
13.0 6.0 Car -1.0 -1.0 -1.0 -1.0 -1.0 -1.0 -1.0 1.983 1.757 4.509 1486.381 0.515 1408.347 0.01850049003859078 1.0
13.0 2.0 Bus -1.0 -1.0 -1.0 -1.0 -1.0 -1.0 -1.0 3.177 3.63 12.614 1504.876 1.585 1400.793 -3.0078411001942933 1.0
13.0 8.0 Car -1.0 -1.0 -1.0 -1.0 -1.0 -1.0 -1.0 1.9 1.67 4.2 1506.265 0.539 1409.963 0.18191566787495253 1.0
13.0 5.0 Car -1.0 -1.0 -1.0 -1.0 -1.0 -1.0 -1.0 1.82 1.62 3.96 1514.984 0.265 1411.868 0.16447222695237795 1.0
13.0 7.0 Car -1.0 -1.0 -1.0 -1.0 -1.0 -1.0 -1.0 1.908 1.552 4.3 1484.399 0.525 1413.57 0.031546532287020757 1.0
13.0 1.0 Bus -1.0 -1.0 -1.0 -1.0 -1.0 -1.0 -1.0 3.003 3.09 12.025 1422.917 2.368 1430.44 -0.41592894026143457 1.0
14.0 0.0 Car -1.0 -1.0 -1.0 -1.0 -1.0 -1.0 -1.0 1.862 1.798 4.116 1500.452 0.43 1409.725 0.08977438480971855 1.0
14.0 6.0 Car -1.0 -1.0 -1.0 -1.0 -1.0 -1.0 -1.0 1.983 1.757 4.509 1488.127 0.504 1408.441 0.03303691319716796 1.0
14.0 2.0 Bus -1.0 -1.0 -1.0 -1.0 -1.0 -1.0 -1.0 3.177 3.63 12.614 1501.91 1.652 1400.338 -2.999691698172753 1.0
14.0 8.0 Car -1.0 -1.0 -1.0 -1.0 -1.0 -1.0 -1.0 1.9 1.67 4.2 1508.373 0.539 1410.335 0.18191566787495253 1.0
14.0 5.0 Car -1.0 -1.0 -1.0 -1.0 -1.0 -1.0 -1.0 1.82 1.62 3.96 1517.593 0.265 1412.38 0.14700908283506586 1.0
14.0 7.0 Car -1.0 -1.0 -1.0 -1.0 -1.0 -1.0 -1.0 1.908 1.552 4.3 1490.745 0.479 1413.745 0.08392157609226379 1.0
14.0 1.0 Bus -1.0 -1.0 -1.0 -1.0 -1.0 -1.0 -1.0 3.003 3.09 12.025 1428.449 2.268 1428.143 -0.39150120232329044 1.0
15.0 0.0 Car -1.0 -1.0 -1.0 -1.0 -1.0 -1.0 -1.0 1.862 1.798 4.116 1502.857 0.459 1410.017 0.09019080702045112 1.0
15.0 6.0 Car -1.0 -1.0 -1.0 -1.0 -1.0 -1.0 -1.0 1.983 1.757 4.509 1489.874 0.494 1408.535 0.04757278383795582 1.0
15.0 2.0 Bus -1.0 -1.0 -1.0 -1.0 -1.0 -1.0 -1.0 3.177 3.63 12.614 1498.945 1.718 1399.884 -2.9915426059034487 1.0
15.0 8.0 Car -1.0 -1.0 -1.0 -1.0 -1.0 -1.0 -1.0 1.9 1.67 4.2 1510.481 0.539 1410.707 0.18191566787495253 1.0
15.0 5.0 Car -1.0 -1.0 -1.0 -1.0 -1.0 -1.0 -1.0 1.82 1.62 3.96 1520.377 0.265 1412.864 0.10048639035673235 0.0
15.0 7.0 Car -1.0 -1.0 -1.0 -1.0 -1.0 -1.0 -1.0 1.908 1.552 4.3 1497.073 0.432 1414.251 0.13629462916408475 1.0
15.0 4.0 Car -1.0 -1.0 -1.0 -1.0 -1.0 -1.0 -1.0 1.973 1.67 4.682 1406.019 2.053 1435.663 -0.5307022657421272 0.0
15.0 1.0 Bus -1.0 -1.0 -1.0 -1.0 -1.0 -1.0 -1.0 3.003 3.09 12.025 1433.981 2.168 1425.845 -0.3670743928638798 1.0
16.0 0.0 Car -1.0 -1.0 -1.0 -1.0 -1.0 -1.0 -1.0 1.862 1.798 4.116 1505.261 0.487 1410.309 0.09060724839197043 1.0
16.0 6.0 Car -1.0 -1.0 -1.0 -1.0 -1.0 -1.0 -1.0 1.983 1.757 4.509 1491.62 0.483 1408.628 0.06210932331606767 1.0
16.0 2.0 Bus -1.0 -1.0 -1.0 -1.0 -1.0 -1.0 -1.0 3.177 3.63 12.614 1495.477 1.785 1399.371 -3.0037548719122147 1.0
16.0 8.0 Car -1.0 -1.0 -1.0 -1.0 -1.0 -1.0 -1.0 1.9 1.67 4.2 1513.072 0.539 1411.299 0.1993588409865494 1.0
16.0 5.0 Car -1.0 -1.0 -1.0 -1.0 -1.0 -1.0 -1.0 1.82 1.62 3.96 1523.181 0.265 1413.218 0.0539615572351646 0.0
16.0 3.0 Bus -1.0 -1.0 -1.0 -1.0 -1.0 -1.0 -1.0 3.11 4.895 15.549 1524.783 0.824 1350.008 1.4153573036224871 0.0
16.0 7.0 Car -1.0 -1.0 -1.0 -1.0 -1.0 -1.0 -1.0 1.908 1.552 4.3 1503.366 0.385 1415.088 0.18867009207110064 1.0
16.0 4.0 Car -1.0 -1.0 -1.0 -1.0 -1.0 -1.0 -1.0 1.973 1.67 4.682 1411.905 2.022 1432.336 -0.49000757633300335 1.0
16.0 1.0 Bus -1.0 -1.0 -1.0 -1.0 -1.0 -1.0 -1.0 3.003 3.09 12.025 1439.652 2.093 1423.901 -0.3426294125398677 1.0
17.0 0.0 Car -1.0 -1.0 -1.0 -1.0 -1.0 -1.0 -1.0 1.862 1.798 4.116 1507.668 0.516 1410.602 0.09102417294854614 1.0
17.0 6.0 Car -1.0 -1.0 -1.0 -1.0 -1.0 -1.0 -1.0 1.983 1.757 4.509 1493.584 0.472 1408.775 0.07666272912669593 1.0
17.0 2.0 Bus -1.0 -1.0 -1.0 -1.0 -1.0 -1.0 -1.0 3.177 3.63 12.614 1492.004 1.852 1398.858 -3.0159813074652244 1.0
17.0 8.0 Car -1.0 -1.0 -1.0 -1.0 -1.0 -1.0 -1.0 1.9 1.67 4.2 1515.667 0.539 1411.892 0.21682225291483911 1.0
17.0 5.0 Car -1.0 -1.0 -1.0 -1.0 -1.0 -1.0 -1.0 1.82 1.62 3.96 1526.001 0.265 1413.441 0.007382742675519305 0.0
17.0 3.0 Bus -1.0 -1.0 -1.0 -1.0 -1.0 -1.0 -1.0 3.11 4.895 15.549 1525.106 0.824 1352.343 1.4153573036224871 1.0
17.0 7.0 Car -1.0 -1.0 -1.0 -1.0 -1.0 -1.0 -1.0 1.908 1.552 4.3 1509.753 0.384 1416.645 0.2119425283181089 1.0
17.0 4.0 Car -1.0 -1.0 -1.0 -1.0 -1.0 -1.0 -1.0 1.973 1.67 4.682 1417.928 1.992 1429.248 -0.44926567003541334 1.0
17.0 1.0 Bus -1.0 -1.0 -1.0 -1.0 -1.0 -1.0 -1.0 3.003 3.09 12.025 1445.33 2.018 1421.955 -0.31815606940178115 1.0
18.0 0.0 Car -1.0 -1.0 -1.0 -1.0 -1.0 -1.0 -1.0 1.862 1.798 4.116 1510.075 0.545 1410.894 0.09144104168891709 1.0
18.0 6.0 Car -1.0 -1.0 -1.0 -1.0 -1.0 -1.0 -1.0 1.983 1.757 4.509 1495.548 0.462 1408.922 0.09121418658511948 1.0
18.0 2.0 Bus -1.0 -1.0 -1.0 -1.0 -1.0 -1.0 -1.0 3.177 3.63 12.614 1488.243 1.918 1398.619 -3.034607971671336 1.0
18.0 8.0 Car -1.0 -1.0 -1.0 -1.0 -1.0 -1.0 -1.0 1.9 1.67 4.2 1518.358 0.539 1412.54 0.14701178003716642 1.0
18.0 5.0 Car -1.0 -1.0 -1.0 -1.0 -1.0 -1.0 -1.0 1.82 1.62 3.96 1529.306 0.265 1413.297 -0.10896804545393524 0.0
18.0 3.0 Bus -1.0 -1.0 -1.0 -1.0 -1.0 -1.0 -1.0 3.11 4.895 15.549 1525.429 0.824 1354.678 1.4153573036224871 1.0
18.0 7.0 Car -1.0 -1.0 -1.0 -1.0 -1.0 -1.0 -1.0 1.908 1.552 4.3 1516.14 0.383 1418.202 0.2352118489437256 1.0
18.0 4.0 Car -1.0 -1.0 -1.0 -1.0 -1.0 -1.0 -1.0 1.973 1.67 4.682 1424.071 1.961 1426.408 -0.4085292181025253 1.0
18.0 1.0 Bus -1.0 -1.0 -1.0 -1.0 -1.0 -1.0 -1.0 3.003 3.09 12.025 1451.243 1.868 1420.421 -0.27743329355647206 1.0
19.0 0.0 Car -1.0 -1.0 -1.0 -1.0 -1.0 -1.0 -1.0 1.862 1.798 4.116 1512.482 0.574 1411.187 0.09185794791778369 1.0
19.0 6.0 Car -1.0 -1.0 -1.0 -1.0 -1.0 -1.0 -1.0 1.983 1.757 4.509 1497.512 0.451 1409.069 0.10576695263830738 1.0
19.0 2.0 Bus -1.0 -1.0 -1.0 -1.0 -1.0 -1.0 -1.0 3.177 3.63 12.614 1484.481 1.985 1398.382 -3.053236310950569 1.0
19.0 8.0 Car -1.0 -1.0 -1.0 -1.0 -1.0 -1.0 -1.0 1.9 1.67 4.2 1521.087 0.539 1412.998 0.07719502918908727 1.0
19.0 5.0 Car -1.0 -1.0 -1.0 -1.0 -1.0 -1.0 -1.0 1.82 1.62 3.96 1532.573 0.265 1412.77 -0.22532929686740055 0.0
19.0 3.0 Bus -1.0 -1.0 -1.0 -1.0 -1.0 -1.0 -1.0 3.11 4.895 15.549 1525.752 0.824 1357.012 1.4153573036224871 1.0
19.0 7.0 Car -1.0 -1.0 -1.0 -1.0 -1.0 -1.0 -1.0 1.908 1.552 4.3 1522.527 0.382 1419.758 0.25848326215087397 1.0
19.0 9.0 Car -1.0 -1.0 -1.0 -1.0 -1.0 -1.0 -1.0 1.968 1.596 4.596 1397.144 1.927 1440.444 -0.5436177022054239 0.0
19.0 4.0 Car -1.0 -1.0 -1.0 -1.0 -1.0 -1.0 -1.0 1.973 1.67 4.682 1430.622 1.847 1423.819 -0.3735958511473776 1.0
19.0 1.0 Bus -1.0 -1.0 -1.0 -1.0 -1.0 -1.0 -1.0 3.003 3.09 12.025 1457.213 1.718 1419.128 -0.23670685556175908 1.0
20.0 0.0 Car -1.0 -1.0 -1.0 -1.0 -1.0 -1.0 -1.0 1.862 1.798 4.116 1514.889 0.603 1411.479 0.09227482748816439 1.0
20.0 6.0 Car -1.0 -1.0 -1.0 -1.0 -1.0 -1.0 -1.0 1.983 1.757 4.509 1499.879 0.464 1409.433 0.12074051108336481 1.0
20.0 2.0 Bus -1.0 -1.0 -1.0 -1.0 -1.0 -1.0 -1.0 3.177 3.63 12.614 1480.719 2.051 1398.144 -3.071863459066693 1.0
20.0 8.0 Car -1.0 -1.0 -1.0 -1.0 -1.0 -1.0 -1.0 1.9 1.67 4.2 1523.842 0.539 1413.265 0.007382742675519305 1.0
20.0 5.0 Car -1.0 -1.0 -1.0 -1.0 -1.0 -1.0 -1.0 1.82 1.62 3.96 1535.757 0.265 1411.867 -0.3416831077233471 0.0
20.0 3.0 Bus -1.0 -1.0 -1.0 -1.0 -1.0 -1.0 -1.0 3.11 4.895 15.549 1526.075 0.824 1359.347 1.4153573036224871 1.0
20.0 7.0 Car -1.0 -1.0 -1.0 -1.0 -1.0 -1.0 -1.0 1.908 1.552 4.3 1528.749 0.398 1422.08 0.36034496407425953 0.0
20.0 9.0 Car -1.0 -1.0 -1.0 -1.0 -1.0 -1.0 -1.0 1.968 1.596 4.596 1403.39 1.893 1436.681 -0.5086863128814283 1.0
20.0 4.0 Car -1.0 -1.0 -1.0 -1.0 -1.0 -1.0 -1.0 1.973 1.67 4.682 1437.26 1.734 1421.461 -0.3386647179575342 1.0
20.0 1.0 Bus -1.0 -1.0 -1.0 -1.0 -1.0 -1.0 -1.0 3.003 3.09 12.025 1463.231 1.568 1418.08 -0.19598302176217786 1.0
21.0 0.0 Car -1.0 -1.0 -1.0 -1.0 -1.0 -1.0 -1.0 1.862 1.798 4.116 1517.29 0.632 1411.771 0.09269080150310338 1.0
21.0 6.0 Car -1.0 -1.0 -1.0 -1.0 -1.0 -1.0 -1.0 1.983 1.757 4.509 1502.242 0.477 1409.796 0.135681543618557 1.0
21.0 2.0 Bus -1.0 -1.0 -1.0 -1.0 -1.0 -1.0 -1.0 3.177 3.63 12.614 1476.667 2.118 1398.049 -3.104972172819257 0.0
21.0 8.0 Car -1.0 -1.0 -1.0 -1.0 -1.0 -1.0 -1.0 1.9 1.67 4.2 1526.348 0.629 1413.337 -0.11116792402470188 1.0
21.0 5.0 Car -1.0 -1.0 -1.0 -1.0 -1.0 -1.0 -1.0 1.82 1.62 3.96 1537.882 0.265 1410.52 -0.5596681963644179 0.0
21.0 3.0 Bus -1.0 -1.0 -1.0 -1.0 -1.0 -1.0 -1.0 3.11 4.895 15.549 1526.544 0.824 1361.244 1.4153573036224871 1.0
21.0 7.0 Car -1.0 -1.0 -1.0 -1.0 -1.0 -1.0 -1.0 1.908 1.552 4.3 1534.942 0.514 1424.421 0.39224805446487565 0.0
21.0 9.0 Car -1.0 -1.0 -1.0 -1.0 -1.0 -1.0 -1.0 1.968 1.596 4.596 1409.123 1.784 1433.481 -0.4738308023289886 1.0
21.0 4.0 Car -1.0 -1.0 -1.0 -1.0 -1.0 -1.0 -1.0 1.973 1.67 4.682 1443.961 1.62 1419.34 -0.3038094629828654 1.0
21.0 1.0 Bus -1.0 -1.0 -1.0 -1.0 -1.0 -1.0 -1.0 3.003 3.09 12.025 1469.472 1.517 1417.199 -0.12334214107528063 1.0
22.0 0.0 Car -1.0 -1.0 -1.0 -1.0 -1.0 -1.0 -1.0 1.862 1.798 4.116 1519.697 0.661 1412.064 0.0931076985681154 1.0
22.0 6.0 Car -1.0 -1.0 -1.0 -1.0 -1.0 -1.0 -1.0 1.983 1.757 4.509 1504.892 0.491 1410.186 0.1506557304390579 1.0
22.0 2.0 Bus -1.0 -1.0 -1.0 -1.0 -1.0 -1.0 -1.0 3.177 3.63 12.614 1472.604 2.184 1398.089 -3.138154355104828 0.0
22.0 8.0 Car -1.0 -1.0 -1.0 -1.0 -1.0 -1.0 -1.0 1.9 1.67 4.2 1528.85 0.718 1413.112 -0.22998165571846194 1.0
22.0 5.0 Car -1.0 -1.0 -1.0 -1.0 -1.0 -1.0 -1.0 1.82 1.62 3.96 1539.67 0.265 1408.741 -0.7781369958738549 0.0
22.0 3.0 Bus -1.0 -1.0 -1.0 -1.0 -1.0 -1.0 -1.0 3.11 4.895 15.549 1526.613 0.824 1362.78 1.4153573036224871 1.0
22.0 7.0 Car -1.0 -1.0 -1.0 -1.0 -1.0 -1.0 -1.0 1.908 1.552 4.3 1541.453 0.53 1427.206 0.4155628948303638 0.0
22.0 9.0 Car -1.0 -1.0 -1.0 -1.0 -1.0 -1.0 -1.0 1.968 1.596 4.596 1414.977 1.675 1430.477 -0.4388979470857634 1.0
22.0 4.0 Car -1.0 -1.0 -1.0 -1.0 -1.0 -1.0 -1.0 1.973 1.67 4.682 1450.946 1.536 1417.575 -0.2630400887428608 1.0
22.0 1.0 Bus -1.0 -1.0 -1.0 -1.0 -1.0 -1.0 -1.0 3.003 3.09 12.025 1475.773 1.466 1416.773 -0.05054006962210211 1.0
23.0 0.0 Car -1.0 -1.0 -1.0 -1.0 -1.0 -1.0 -1.0 1.862 1.798 4.116 1522.102 0.69 1412.356 0.09352414910348927 1.0
23.0 6.0 Car -1.0 -1.0 -1.0 -1.0 -1.0 -1.0 -1.0 1.983 1.757 4.509 1507.54 0.504 1410.577 0.16561387872442743 1.0
23.0 2.0 Bus -1.0 -1.0 -1.0 -1.0 -1.0 -1.0 -1.0 3.177 3.63 12.614 1468.205 2.251 1398.281 3.1136139822742916 0.0
23.0 8.0 Car -1.0 -1.0 -1.0 -1.0 -1.0 -1.0 -1.0 1.9 1.67 4.2 1531.305 0.807 1412.592 -0.34866812853448126 0.0
23.0 5.0 Car -1.0 -1.0 -1.0 -1.0 -1.0 -1.0 -1.0 1.82 1.62 3.96 1542.309 0.265 1405.787 -0.8827351758415842 0.0
23.0 3.0 Bus -1.0 -1.0 -1.0 -1.0 -1.0 -1.0 -1.0 3.11 4.895 15.549 1526.978 0.574 1364.012 1.4153573036224871 0.0
23.0 7.0 Car -1.0 -1.0 -1.0 -1.0 -1.0 -1.0 -1.0 1.908 1.552 4.3 1547.618 0.636 1429.895 0.4286527463824335 0.0
23.0 9.0 Car -1.0 -1.0 -1.0 -1.0 -1.0 -1.0 -1.0 1.968 1.596 4.596 1421.254 1.608 1427.625 -0.4039708904507105 1.0
23.0 4.0 Car -1.0 -1.0 -1.0 -1.0 -1.0 -1.0 -1.0 1.973 1.67 4.682 1457.99 1.453 1416.097 -0.22231438171823625 1.0
23.0 1.0 Bus -1.0 -1.0 -1.0 -1.0 -1.0 -1.0 -1.0 3.003 3.09 12.025 1482.083 1.415 1416.807 0.022184025070492774 1.0
24.0 0.0 Car -1.0 -1.0 -1.0 -1.0 -1.0 -1.0 -1.0 1.862 1.798 4.116 1524.503 0.719 1412.647 0.09394011145534087 1.0
24.0 6.0 Car -1.0 -1.0 -1.0 -1.0 -1.0 -1.0 -1.0 1.983 1.757 4.509 1510.185 0.517 1410.966 0.1805544923426572 1.0
24.0 2.0 Bus -1.0 -1.0 -1.0 -1.0 -1.0 -1.0 -1.0 3.177 3.63 12.614 1463.819 2.317 1398.61 3.082233840970072 0.0
24.0 8.0 Car -1.0 -1.0 -1.0 -1.0 -1.0 -1.0 -1.0 1.9 1.67 4.2 1533.679 0.829 1411.786 -0.46721547130879154 0.0
24.0 5.0 Car -1.0 -1.0 -1.0 -1.0 -1.0 -1.0 -1.0 1.82 1.62 3.96 1543.657 0.265 1403.202 -1.030921666588472 0.0
24.0 3.0 Bus -1.0 -1.0 -1.0 -1.0 -1.0 -1.0 -1.0 3.11 4.895 15.549 1527.138 0.824 1365.035 1.4153573036224871 0.0
24.0 7.0 Car -1.0 -1.0 -1.0 -1.0 -1.0 -1.0 -1.0 1.908 1.552 4.3 1553.757 0.676 1432.816 0.4359167275593219 0.0
24.0 9.0 Car -1.0 -1.0 -1.0 -1.0 -1.0 -1.0 -1.0 1.968 1.596 4.596 1427.619 1.54 1424.998 -0.3690847770059902 1.0
24.0 4.0 Car -1.0 -1.0 -1.0 -1.0 -1.0 -1.0 -1.0 1.973 1.67 4.682 1465.081 1.37 1414.909 -0.18163641534326214 1.0
24.0 1.0 Bus -1.0 -1.0 -1.0 -1.0 -1.0 -1.0 -1.0 3.003 3.09 12.025 1488.379 1.381 1417.023 0.05995622672949242 1.0
25.0 0.0 Car -1.0 -1.0 -1.0 -1.0 -1.0 -1.0 -1.0 1.862 1.798 4.116 1526.91 0.748 1412.94 0.09435700852035288 1.0
25.0 6.0 Car -1.0 -1.0 -1.0 -1.0 -1.0 -1.0 -1.0 1.983 1.757 4.509 1512.996 0.53 1411.456 0.1955286791631583 1.0
25.0 2.0 Bus -1.0 -1.0 -1.0 -1.0 -1.0 -1.0 -1.0 3.177 3.63 12.614 1459.436 2.384 1399.078 3.0507831850365177 0.0
25.0 8.0 Car -1.0 -1.0 -1.0 -1.0 -1.0 -1.0 -1.0 1.9 1.67 4.2 1535.945 0.839 1410.702 -0.5860292030025516 0.0
25.0 5.0 Car -1.0 -1.0 -1.0 -1.0 -1.0 -1.0 -1.0 1.82 1.62 3.96 1544.611 0.265 1400.44 -1.1794411486806167 0.0
25.0 3.0 Bus -1.0 -1.0 -1.0 -1.0 -1.0 -1.0 -1.0 3.11 4.895 15.549 1527.233 0.824 1365.64 1.4153573036224871 0.0
25.0 7.0 Car -1.0 -1.0 -1.0 -1.0 -1.0 -1.0 -1.0 1.908 1.552 4.3 1559.909 0.715 1435.745 0.4431970317009546 0.0
25.0 9.0 Car -1.0 -1.0 -1.0 -1.0 -1.0 -1.0 -1.0 1.968 1.596 4.596 1433.84 1.473 1422.567 -0.3166863324262903 1.0
25.0 4.0 Car -1.0 -1.0 -1.0 -1.0 -1.0 -1.0 -1.0 1.973 1.67 4.682 1472.139 1.22 1413.98 -0.10012772377484012 1.0
25.0 1.0 Bus -1.0 -1.0 -1.0 -1.0 -1.0 -1.0 -1.0 3.003 3.09 12.025 1494.676 1.347 1417.477 0.09781330668057107 1.0
26.0 0.0 Car -1.0 -1.0 -1.0 -1.0 -1.0 -1.0 -1.0 1.862 1.798 4.116 1529.335 0.776 1413.122 -0.036125154771304395 1.0
26.0 6.0 Car -1.0 -1.0 -1.0 -1.0 -1.0 -1.0 -1.0 1.983 1.757 4.509 1515.805 0.543 1411.945 0.21048670775796732 1.0
26.0 2.0 Bus -1.0 -1.0 -1.0 -1.0 -1.0 -1.0 -1.0 3.177 3.63 12.614 1454.787 2.45 1399.714 3.019366466625103 0.0
26.0 8.0 Car -1.0 -1.0 -1.0 -1.0 -1.0 -1.0 -1.0 1.9 1.67 4.2 1538.177 0.839 1408.967 -0.725667327021593 0.0
26.0 5.0 Car -1.0 -1.0 -1.0 -1.0 -1.0 -1.0 -1.0 1.82 1.62 3.96 1545.644 0.265 1396.821 -1.3452515737928623 0.0
26.0 3.0 Bus -1.0 -1.0 -1.0 -1.0 -1.0 -1.0 -1.0 3.11 4.895 15.549 1527.327 0.824 1366.244 1.4153573036224871 0.0
26.0 7.0 Car -1.0 -1.0 -1.0 -1.0 -1.0 -1.0 -1.0 1.908 1.552 4.3 1566.055 0.754 1438.67 0.45046947987025043 0.0
26.0 9.0 Car -1.0 -1.0 -1.0 -1.0 -1.0 -1.0 -1.0 1.968 1.596 4.596 1440.173 1.405 1420.468 -0.26434442954087944 1.0
26.0 4.0 Car -1.0 -1.0 -1.0 -1.0 -1.0 -1.0 -1.0 1.973 1.67 4.682 1479.242 1.07 1413.628 -0.018706985953089728 1.0
26.0 1.0 Bus -1.0 -1.0 -1.0 -1.0 -1.0 -1.0 -1.0 3.003 3.09 12.025 1500.945 1.313 1418.169 0.13562953611674522 1.0
27.0 0.0 Car -1.0 -1.0 -1.0 -1.0 -1.0 -1.0 -1.0 1.862 1.798 4.116 1531.762 0.805 1412.986 -0.16660079251917728 0.0
27.0 6.0 Car -1.0 -1.0 -1.0 -1.0 -1.0 -1.0 -1.0 1.983 1.757 4.509 1518.412 0.582 1412.57 0.16685522218887905 0.0
27.0 2.0 Bus -1.0 -1.0 -1.0 -1.0 -1.0 -1.0 -1.0 3.177 3.63 12.614 1450.16 2.517 1400.495 2.987951319395269 0.0
27.0 8.0 Car -1.0 -1.0 -1.0 -1.0 -1.0 -1.0 -1.0 1.9 1.67 4.2 1540.207 0.902 1406.865 -0.8871008777802087 0.0
27.0 3.0 Bus -1.0 -1.0 -1.0 -1.0 -1.0 -1.0 -1.0 3.11 4.895 15.549 1527.422 0.824 1366.847 1.4153573036224871 0.0
27.0 7.0 Car -1.0 -1.0 -1.0 -1.0 -1.0 -1.0 -1.0 1.908 1.552 4.3 1572.228 0.866 1441.564 0.4446539494637291 0.0
27.0 9.0 Car -1.0 -1.0 -1.0 -1.0 -1.0 -1.0 -1.0 1.968 1.596 4.596 1446.607 1.338 1418.703 -0.21200514432650028 0.0
27.0 4.0 Car -1.0 -1.0 -1.0 -1.0 -1.0 -1.0 -1.0 1.973 1.67 4.682 1486.349 0.92 1413.855 0.06270967993594434 0.0
27.0 1.0 Bus -1.0 -1.0 -1.0 -1.0 -1.0 -1.0 -1.0 3.003 3.09 12.025 1507.136 1.322 1419.139 0.18973350413986226 0.0
28.0 0.0 Car -1.0 -1.0 -1.0 -1.0 -1.0 -1.0 -1.0 1.862 1.798 4.116 1534.5 0.859 1412.096 -0.38155880201728065 0.0
28.0 6.0 Car -1.0 -1.0 -1.0 -1.0 -1.0 -1.0 -1.0 1.983 1.757 4.509 1521.048 0.62 1413.08 0.12317407057938223 0.0
28.0 2.0 Bus -1.0 -1.0 -1.0 -1.0 -1.0 -1.0 -1.0 3.177 3.63 12.614 1445.439 2.583 1401.317 2.956952292545921 0.0
28.0 8.0 Car -1.0 -1.0 -1.0 -1.0 -1.0 -1.0 -1.0 1.9 1.67 4.2 1541.874 0.865 1404.462 -1.048718189535057 0.0
28.0 3.0 Bus -1.0 -1.0 -1.0 -1.0 -1.0 -1.0 -1.0 3.11 4.895 15.549 1527.517 0.824 1367.452 1.4153573036224871 0.0
28.0 7.0 Car -1.0 -1.0 -1.0 -1.0 -1.0 -1.0 -1.0 1.908 1.552 4.3 1578.407 0.979 1444.462 0.4388317991962427 0.0
28.0 9.0 Car -1.0 -1.0 -1.0 -1.0 -1.0 -1.0 -1.0 1.968 1.596 4.596 1453.299 1.196 1417.114 -0.16834739865205006 0.0
28.0 4.0 Car -1.0 -1.0 -1.0 -1.0 -1.0 -1.0 -1.0 1.973 1.67 4.682 1493.537 0.87 1414.385 0.1034782110660073 0.0
28.0 1.0 Bus -1.0 -1.0 -1.0 -1.0 -1.0 -1.0 -1.0 3.003 3.09 12.025 1513.272 1.332 1420.443 0.24389905910706441 0.0
29.0 0.0 Car -1.0 -1.0 -1.0 -1.0 -1.0 -1.0 -1.0 1.862 1.798 4.116 1536.983 0.913 1410.643 -0.596275408250742 0.0
29.0 6.0 Car -1.0 -1.0 -1.0 -1.0 -1.0 -1.0 -1.0 1.983 1.757 4.509 1523.7 0.658 1413.475 0.07954197400452445 0.0
29.0 2.0 Bus -1.0 -1.0 -1.0 -1.0 -1.0 -1.0 -1.0 3.177 3.63 12.614 1440.751 2.65 1402.283 2.9259880783853376 0.0
29.0 8.0 Car -1.0 -1.0 -1.0 -1.0 -1.0 -1.0 -1.0 1.9 1.67 4.2 1543.131 0.652 1401.826 -1.210154000973767 0.0
29.0 3.0 Bus -1.0 -1.0 -1.0 -1.0 -1.0 -1.0 -1.0 3.11 4.895 15.549 1527.517 0.824 1367.452 1.4153573036224871 0.0
29.0 7.0 Car -1.0 -1.0 -1.0 -1.0 -1.0 -1.0 -1.0 1.908 1.552 4.3 1584.58 1.091 1447.356 0.4330161873503071 0.0
29.0 9.0 Car -1.0 -1.0 -1.0 -1.0 -1.0 -1.0 -1.0 1.968 1.596 4.596 1460.047 1.053 1415.82 -0.12473868172678372 0.0
29.0 4.0 Car -1.0 -1.0 -1.0 -1.0 -1.0 -1.0 -1.0 1.973 1.67 4.682 1500.688 0.82 1415.206 0.14420095810766886 0.0
29.0 1.0 Bus -1.0 -1.0 -1.0 -1.0 -1.0 -1.0 -1.0 3.003 3.09 12.025 1519.322 1.341 1422.076 0.2980037847903019 0.0
30.0 0.0 Car -1.0 -1.0 -1.0 -1.0 -1.0 -1.0 -1.0 1.862 1.798 4.116 1539.333 0.884 1408.623 -0.7925128222768496 0.0
30.0 6.0 Car -1.0 -1.0 -1.0 -1.0 -1.0 -1.0 -1.0 1.983 1.757 4.509 1526.364 0.696 1413.753 0.0359537825585341 0.0
30.0 2.0 Bus -1.0 -1.0 -1.0 -1.0 -1.0 -1.0 -1.0 3.177 3.63 12.614 1436.1 2.716 1403.392 2.8950550222006415 0.0
30.0 8.0 Car -1.0 -1.0 -1.0 -1.0 -1.0 -1.0 -1.0 1.9 1.67 4.2 1543.948 0.489 1399.024 -1.371427366399991 0.0
30.0 3.0 Bus -1.0 -1.0 -1.0 -1.0 -1.0 -1.0 -1.0 3.11 4.895 15.549 1527.517 0.824 1367.452 1.4153573036224871 0.0
30.0 7.0 Car -1.0 -1.0 -1.0 -1.0 -1.0 -1.0 -1.0 1.908 1.552 4.3 1591.863 1.244 1451.028 0.438832363642313 0.0
30.0 9.0 Car -1.0 -1.0 -1.0 -1.0 -1.0 -1.0 -1.0 1.968 1.596 4.596 1466.764 0.951 1414.995 -0.09567315928964913 0.0
30.0 4.0 Car -1.0 -1.0 -1.0 -1.0 -1.0 -1.0 -1.0 1.973 1.67 4.682 1507.793 0.77 1416.317 0.18488272757554755 0.0
30.0 1.0 Bus -1.0 -1.0 -1.0 -1.0 -1.0 -1.0 -1.0 3.003 3.09 12.025 1525.269 1.351 1424.032 0.3520540671820193 0.0
31.0 0.0 Car -1.0 -1.0 -1.0 -1.0 -1.0 -1.0 -1.0 1.862 1.798 4.116 1541.245 0.855 1406.181 -0.9889329677050308 0.0
31.0 6.0 Car -1.0 -1.0 -1.0 -1.0 -1.0 -1.0 -1.0 1.983 1.757 4.509 1528.62 0.722 1413.64 -0.1176465338654733 0.0
31.0 2.0 Bus -1.0 -1.0 -1.0 -1.0 -1.0 -1.0 -1.0 3.177 3.63 12.614 1431.48 2.783 1404.646 2.864093161922928 0.0
31.0 8.0 Car -1.0 -1.0 -1.0 -1.0 -1.0 -1.0 -1.0 1.9 1.67 4.2 1544.675 0.239 1395.527 -1.42378724395982 0.0
31.0 3.0 Bus -1.0 -1.0 -1.0 -1.0 -1.0 -1.0 -1.0 3.11 4.895 15.549 1527.517 0.824 1367.452 1.4153573036224871 0.0
31.0 7.0 Car -1.0 -1.0 -1.0 -1.0 -1.0 -1.0 -1.0 1.908 1.552 4.3 1599.154 1.397 1454.704 0.4446539558131095 0.0
31.0 9.0 Car -1.0 -1.0 -1.0 -1.0 -1.0 -1.0 -1.0 1.968 1.596 4.596 1473.519 0.849 1414.491 -0.06658057176050192 0.0
31.0 4.0 Car -1.0 -1.0 -1.0 -1.0 -1.0 -1.0 -1.0 1.973 1.67 4.682 1514.843 0.786 1417.85 0.2339641842337168 0.0
31.0 1.0 Bus -1.0 -1.0 -1.0 -1.0 -1.0 -1.0 -1.0 3.003 3.09 12.025 1531.087 1.442 1426.317 0.3805079145758508 0.0
32.0 0.0 Car -1.0 -1.0 -1.0 -1.0 -1.0 -1.0 -1.0 1.862 1.798 4.116 1542.643 0.826 1403.416 -1.1851483753687384 0.0
32.0 6.0 Car -1.0 -1.0 -1.0 -1.0 -1.0 -1.0 -1.0 1.983 1.757 4.509 1530.828 0.747 1413.183 -0.27108674560501145 0.0
32.0 2.0 Bus -1.0 -1.0 -1.0 -1.0 -1.0 -1.0 -1.0 3.177 3.63 12.614 1426.907 2.849 1406.041 2.8331635746182515 0.0
32.0 8.0 Car -1.0 -1.0 -1.0 -1.0 -1.0 -1.0 -1.0 1.9 1.67 4.2 1544.817 -0.085 1391.843 -1.5649132944464321 0.0
32.0 3.0 Bus -1.0 -1.0 -1.0 -1.0 -1.0 -1.0 -1.0 3.11 4.895 15.549 1527.517 0.799 1367.452 1.4153573036224871 0.0
32.0 9.0 Car -1.0 -1.0 -1.0 -1.0 -1.0 -1.0 -1.0 1.968 1.596 4.596 1480.452 0.795 1414.225 -0.037518308775308595 0.0
32.0 4.0 Car -1.0 -1.0 -1.0 -1.0 -1.0 -1.0 -1.0 1.973 1.67 4.682 1521.244 0.801 1419.579 0.2829944810289735 0.0
32.0 1.0 Bus -1.0 -1.0 -1.0 -1.0 -1.0 -1.0 -1.0 3.003 3.09 12.025 1536.831 1.532 1428.765 0.408932103213991 0.0
33.0 0.0 Car -1.0 -1.0 -1.0 -1.0 -1.0 -1.0 -1.0 1.862 1.798 4.116 1543.828 0.553 1399.911 -1.280347821279114 0.0
33.0 6.0 Car -1.0 -1.0 -1.0 -1.0 -1.0 -1.0 -1.0 1.983 1.757 4.509 1533.586 0.778 1412.143 -0.43561674442822396 0.0
33.0 8.0 Car -1.0 -1.0 -1.0 -1.0 -1.0 -1.0 -1.0 1.9 1.67 4.2 1544.613 -0.665 1386.715 -1.5808668766393086 0.0
33.0 3.0 Bus -1.0 -1.0 -1.0 -1.0 -1.0 -1.0 -1.0 3.11 4.895 15.549 1527.517 0.77 1367.452 1.4153573036224871 0.0
33.0 9.0 Car -1.0 -1.0 -1.0 -1.0 -1.0 -1.0 -1.0 1.968 1.596 4.596 1489.288 0.73 1414.372 -0.0025656340871804684 0.0
33.0 4.0 Car -1.0 -1.0 -1.0 -1.0 -1.0 -1.0 -1.0 1.973 1.67 4.682 1528.82 0.82 1422.069 0.34196236025503746 0.0
33.0 1.0 Bus -1.0 -1.0 -1.0 -1.0 -1.0 -1.0 -1.0 3.003 3.09 12.025 1543.644 1.641 1431.924 0.44311737706032117 0.0
34.0 0.0 Car -1.0 -1.0 -1.0 -1.0 -1.0 -1.0 -1.0 1.862 1.798 4.116 1544.558 0.326 1396.914 -1.3596813005681692 0.0
34.0 6.0 Car -1.0 -1.0 -1.0 -1.0 -1.0 -1.0 -1.0 1.983 1.757 4.509 1535.728 0.804 1410.941 -0.5727261270433073 0.0
34.0 8.0 Car -1.0 -1.0 -1.0 -1.0 -1.0 -1.0 -1.0 1.9 1.67 4.2 1544.411 -1.091 1382.095 -1.5808668766393086 0.0
34.0 3.0 Bus -1.0 -1.0 -1.0 -1.0 -1.0 -1.0 -1.0 3.11 4.895 15.549 1527.517 0.746 1367.452 1.4153573036224871 0.0
34.0 9.0 Car -1.0 -1.0 -1.0 -1.0 -1.0 -1.0 -1.0 1.968 1.596 4.596 1496.678 0.823 1414.755 0.06728602585083143 0.0
34.0 4.0 Car -1.0 -1.0 -1.0 -1.0 -1.0 -1.0 -1.0 1.973 1.67 4.682 1535.7 0.82 1424.723 0.3838554098547115 0.0
34.0 1.0 Bus -1.0 -1.0 -1.0 -1.0 -1.0 -1.0 -1.0 3.003 3.09 12.025 1549.13 1.588 1434.603 0.446453042609112 0.0
35.0 0.0 Car -1.0 -1.0 -1.0 -1.0 -1.0 -1.0 -1.0 1.862 1.798 4.116 1545.31 -0.332 1392.755 -1.4201400291124755 0.0
35.0 6.0 Car -1.0 -1.0 -1.0 -1.0 -1.0 -1.0 -1.0 1.983 1.757 4.509 1537.689 0.708 1409.361 -0.7094547697747342 0.0
35.0 9.0 Car -1.0 -1.0 -1.0 -1.0 -1.0 -1.0 -1.0 1.968 1.596 4.596 1504.023 0.917 1415.653 0.13713963994302403 0.0
35.0 4.0 Car -1.0 -1.0 -1.0 -1.0 -1.0 -1.0 -1.0 1.973 1.67 4.682 1542.463 0.82 1427.663 0.4257496314448306 0.0
35.0 1.0 Bus -1.0 -1.0 -1.0 -1.0 -1.0 -1.0 -1.0 3.003 3.09 12.025 1554.616 1.535 1437.283 0.44978880147572503 0.0
36.0 0.0 Car -1.0 -1.0 -1.0 -1.0 -1.0 -1.0 -1.0 1.862 1.798 4.116 1545.589 -0.964 1387.711 -1.5591818782221667 0.0
36.0 6.0 Car -1.0 -1.0 -1.0 -1.0 -1.0 -1.0 -1.0 1.983 1.757 4.509 1539.415 0.612 1407.528 -0.8461768553933688 0.0
36.0 9.0 Car -1.0 -1.0 -1.0 -1.0 -1.0 -1.0 -1.0 1.968 1.596 4.596 1511.288 0.91 1417.062 0.206989904056621 0.0
36.0 4.0 Car -1.0 -1.0 -1.0 -1.0 -1.0 -1.0 -1.0 1.973 1.67 4.682 1549.328 0.862 1430.84 0.43535931130352695 0.0
36.0 1.0 Bus -1.0 -1.0 -1.0 -1.0 -1.0 -1.0 -1.0 3.003 3.09 12.025 1560.083 1.595 1439.835 0.44978880147572503 0.0
37.0 0.0 Car -1.0 -1.0 -1.0 -1.0 -1.0 -1.0 -1.0 1.862 1.798 4.116 1545.167 -1.595 1382.687 -1.6979189273756747 0.0
37.0 6.0 Car -1.0 -1.0 -1.0 -1.0 -1.0 -1.0 -1.0 1.983 1.757 4.509 1541.065 0.516 1405.474 -0.98259922631479 0.0
37.0 9.0 Car -1.0 -1.0 -1.0 -1.0 -1.0 -1.0 -1.0 1.968 1.596 4.596 1518.42 0.903 1418.97 0.27668704623191265 0.0
37.0 4.0 Car -1.0 -1.0 -1.0 -1.0 -1.0 -1.0 -1.0 1.973 1.67 4.682 1556.178 0.904 1434.01 0.44494792534629385 0.0
37.0 1.0 Bus -1.0 -1.0 -1.0 -1.0 -1.0 -1.0 -1.0 3.003 3.09 12.025 1565.537 1.654 1442.381 0.44978880147572503 0.0
38.0 0.0 Car -1.0 -1.0 -1.0 -1.0 -1.0 -1.0 -1.0 1.862 1.798 4.116 1544.406 -1.702 1377.377 -1.7671337411192385 0.0
38.0 6.0 Car -1.0 -1.0 -1.0 -1.0 -1.0 -1.0 -1.0 1.983 1.757 4.509 1542.424 0.42 1403.208 -1.1194745844449443 0.0
38.0 9.0 Car -1.0 -1.0 -1.0 -1.0 -1.0 -1.0 -1.0 1.968 1.596 4.596 1525.703 0.847 1421.19 0.3204417640712905 0.0
38.0 4.0 Car -1.0 -1.0 -1.0 -1.0 -1.0 -1.0 -1.0 1.973 1.67 4.682 1563.051 0.571 1437.191 0.4545683781518785 0.0
38.0 1.0 Bus -1.0 -1.0 -1.0 -1.0 -1.0 -1.0 -1.0 3.003 3.09 12.025 1571.009 1.714 1444.936 0.44978880147572503 0.0
