0.0 4.0 Car -1.0 -1.0 -1.0 -1.0 -1.0 -1.0 -1.0 2.055 1.607 4.208 1748.019 1.134 2646.078 -0.8633620207472887 0.0
0.0 2.0 Car -1.0 -1.0 -1.0 -1.0 -1.0 -1.0 -1.0 1.689 2.146 4.971 1786.357 1.074 2626.866 -2.3704014703050444 0.0
0.0 1.0 Car -1.0 -1.0 -1.0 -1.0 -1.0 -1.0 -1.0 2.001 2.0 4.777 1827.428 1.643 2556.521 -0.8915839951920699 0.0
0.0 5.0 Car -1.0 -1.0 -1.0 -1.0 -1.0 -1.0 -1.0 1.898 1.594 4.113 1786.81 0.856 2600.533 -0.8381245596955793 0.0
1.0 4.0 Car -1.0 -1.0 -1.0 -1.0 -1.0 -1.0 -1.0 2.055 1.607 4.208 1752.767 1.309 2640.65 -0.8459087282273456 1.0
1.0 2.0 Car -1.0 -1.0 -1.0 -1.0 -1.0 -1.0 -1.0 1.689 2.146 4.971 1786.357 1.074 2626.866 -2.3704014703050444 1.0
1.0 1.0 Car -1.0 -1.0 -1.0 -1.0 -1.0 -1.0 -1.0 2.001 2.0 4.777 1833.048 1.793 2550.083 -0.8741307026721259 1.0
1.0 5.0 Car -1.0 -1.0 -1.0 -1.0 -1.0 -1.0 -1.0 1.898 1.594 4.113 1791.605 0.906 2594.798 -0.8381245596955793 1.0
2.0 4.0 Car -1.0 -1.0 -1.0 -1.0 -1.0 -1.0 -1.0 2.055 1.607 4.208 1757.388 1.284 2635.37 -0.8459087282273456 1.0
2.0 2.0 Car -1.0 -1.0 -1.0 -1.0 -1.0 -1.0 -1.0 1.689 2.146 4.971 1786.357 1.224 2626.866 -2.3704014703050444 1.0
2.0 1.0 Car -1.0 -1.0 -1.0 -1.0 -1.0 -1.0 -1.0 2.001 2.0 4.777 1838.416 1.918 2544.074 -0.8654039953819616 1.0
2.0 5.0 Car -1.0 -1.0 -1.0 -1.0 -1.0 -1.0 -1.0 1.898 1.594 4.113 1796.399 0.956 2589.064 -0.8381245596955793 1.0
3.0 4.0 Car -1.0 -1.0 -1.0 -1.0 -1.0 -1.0 -1.0 2.055 1.607 4.208 1762.017 1.304 2630.025 -0.8400862133518596 1.0
3.0 2.0 Car -1.0 -1.0 -1.0 -1.0 -1.0 -1.0 -1.0 1.689 2.146 4.971 1786.357 1.224 2626.866 -2.3704014703050444 1.0
3.0 1.0 Car -1.0 -1.0 -1.0 -1.0 -1.0 -1.0 -1.0 2.001 2.0 4.777 1843.784 2.043 2538.066 -0.8566774101521827 1.0
3.0 5.0 Car -1.0 -1.0 -1.0 -1.0 -1.0 -1.0 -1.0 1.898 1.594 4.113 1801.125 0.919 2583.481 -0.8357952258846897 1.0
4.0 4.0 Car -1.0 -1.0 -1.0 -1.0 -1.0 -1.0 -1.0 2.055 1.607 4.208 1766.836 1.249 2624.74 -0.834264757204286 1.0
4.0 2.0 Car -1.0 -1.0 -1.0 -1.0 -1.0 -1.0 -1.0 1.689 2.146 4.971 1786.357 1.274 2626.866 -2.3704014703050444 1.0
4.0 1.0 Car -1.0 -1.0 -1.0 -1.0 -1.0 -1.0 -1.0 2.001 2.0 4.777 1849.225 2.168 2532.123 -0.8479416591868083 0.0
4.0 5.0 Car -1.0 -1.0 -1.0 -1.0 -1.0 -1.0 -1.0 1.898 1.594 4.113 1805.849 0.881 2577.9 -0.8334663156245812 1.0
5.0 4.0 Car -1.0 -1.0 -1.0 -1.0 -1.0 -1.0 -1.0 2.055 1.607 4.208 1771.491 1.044 2619.556 -0.8284554357074027 1.0
5.0 2.0 Car -1.0 -1.0 -1.0 -1.0 -1.0 -1.0 -1.0 1.689 2.146 4.971 1786.357 1.274 2626.866 -2.3704014703050444 0.0
5.0 1.0 Car -1.0 -1.0 -1.0 -1.0 -1.0 -1.0 -1.0 2.001 2.0 4.777 1854.655 2.293 2526.193 -0.8392241176322396 0.0
5.0 5.0 Car -1.0 -1.0 -1.0 -1.0 -1.0 -1.0 -1.0 1.898 1.594 4.113 1810.564 0.971 2572.33 -0.8311422599080402 1.0
6.0 4.0 Car -1.0 -1.0 -1.0 -1.0 -1.0 -1.0 -1.0 2.055 1.607 4.208 1776.571 1.014 2613.987 -0.8459087282273456 1.0
6.0 2.0 Car -1.0 -1.0 -1.0 -1.0 -1.0 -1.0 -1.0 1.689 2.146 4.971 1786.357 1.324 2626.866 -2.3704014703050444 0.0
6.0 1.0 Car -1.0 -1.0 -1.0 -1.0 -1.0 -1.0 -1.0 2.001 2.0 4.777 1860.155 2.482 2520.313 -0.8392241176322396 0.0
6.0 5.0 Car -1.0 -1.0 -1.0 -1.0 -1.0 -1.0 -1.0 1.898 1.594 4.113 1815.191 1.026 2566.709 -0.8520748517254458 1.0
7.0 4.0 Car -1.0 -1.0 -1.0 -1.0 -1.0 -1.0 -1.0 2.055 1.607 4.208 1781.644 0.984 2608.404 -0.8459087282273456 1.0
7.0 2.0 Car -1.0 -1.0 -1.0 -1.0 -1.0 -1.0 -1.0 1.689 2.146 4.971 1786.357 1.324 2626.866 -2.3704014703050444 0.0
7.0 1.0 Car -1.0 -1.0 -1.0 -1.0 -1.0 -1.0 -1.0 2.001 2.0 4.777 1865.66 2.672 2514.426 -0.8392241176322396 0.0
7.0 5.0 Car -1.0 -1.0 -1.0 -1.0 -1.0 -1.0 -1.0 1.898 1.594 4.113 1819.823 1.031 2561.082 -0.8730311447354654 1.0
8.0 4.0 Car -1.0 -1.0 -1.0 -1.0 -1.0 -1.0 -1.0 2.055 1.607 4.208 1787.275 0.923 2602.102 -0.845901839225208 1.0
8.0 2.0 Car -1.0 -1.0 -1.0 -1.0 -1.0 -1.0 -1.0 1.689 2.146 4.971 1785.523 1.324 2626.055 -2.3704014703050444 0.0
8.0 1.0 Car -1.0 -1.0 -1.0 -1.0 -1.0 -1.0 -1.0 2.001 2.0 4.777 1871.707 2.88 2507.961 -0.8392241176322396 0.0
8.0 5.0 Car -1.0 -1.0 -1.0 -1.0 -1.0 -1.0 -1.0 1.898 1.594 4.113 1825.017 1.124 2554.937 -0.8655032163490675 1.0
9.0 4.0 Car -1.0 -1.0 -1.0 -1.0 -1.0 -1.0 -1.0 2.055 1.607 4.208 1792.391 0.869 2596.378 -0.8458955809512041 1.0
9.0 2.0 Car -1.0 -1.0 -1.0 -1.0 -1.0 -1.0 -1.0 1.689 2.146 4.971 1784.545 1.324 2625.104 -2.3704014703050444 0.0
9.0 1.0 Car -1.0 -1.0 -1.0 -1.0 -1.0 -1.0 -1.0 2.001 2.0 4.777 1877.175 3.094 2502.065 -0.8392241176322396 0.0
9.0 5.0 Car -1.0 -1.0 -1.0 -1.0 -1.0 -1.0 -1.0 1.898 1.594 4.113 1829.735 1.208 2549.354 -0.858664513503141 1.0
10.0 4.0 Car -1.0 -1.0 -1.0 -1.0 -1.0 -1.0 -1.0 2.055 1.607 4.208 1797.524 0.814 2590.634 -0.8458893017331457 1.0
10.0 2.0 Car -1.0 -1.0 -1.0 -1.0 -1.0 -1.0 -1.0 1.689 2.146 4.971 1783.052 1.374 2623.504 -2.3354948852651582 0.0
10.0 0.0 Car -1.0 -1.0 -1.0 -1.0 -1.0 -1.0 -1.0 2.626 3.101 7.674 1859.151 3.519 2498.142 2.2768867299602853 0.0
10.0 1.0 Car -1.0 -1.0 -1.0 -1.0 -1.0 -1.0 -1.0 2.001 2.0 4.777 1882.662 3.309 2496.15 -0.8392241176322396 0.0
10.0 5.0 Car -1.0 -1.0 -1.0 -1.0 -1.0 -1.0 -1.0 1.898 1.594 4.113 1834.469 1.293 2543.752 -0.851802924128894 1.0
11.0 4.0 Car -1.0 -1.0 -1.0 -1.0 -1.0 -1.0 -1.0 2.055 1.607 4.208 1802.494 0.76 2584.816 -0.8633620207472887 1.0
11.0 2.0 Car -1.0 -1.0 -1.0 -1.0 -1.0 -1.0 -1.0 1.689 2.146 4.971 1781.656 1.423 2621.747 -2.2307751301454997 0.0
11.0 0.0 Car -1.0 -1.0 -1.0 -1.0 -1.0 -1.0 -1.0 2.626 3.101 7.674 1855.758 3.196 2502.045 2.2681509611310524 1.0
11.0 1.0 Car -1.0 -1.0 -1.0 -1.0 -1.0 -1.0 -1.0 2.001 2.0 4.777 1887.966 3.49 2490.537 -0.8392241176322396 0.0
11.0 5.0 Car -1.0 -1.0 -1.0 -1.0 -1.0 -1.0 -1.0 1.898 1.594 4.113 1839.244 1.377 2538.209 -0.8449565924401942 1.0
12.0 4.0 Car -1.0 -1.0 -1.0 -1.0 -1.0 -1.0 -1.0 2.055 1.607 4.208 1806.28 0.681 2580.414 -0.8459087282273456 1.0
12.0 2.0 Car -1.0 -1.0 -1.0 -1.0 -1.0 -1.0 -1.0 1.689 2.146 4.971 1780.551 1.273 2619.602 -2.0562422049460682 0.0
12.0 0.0 Car -1.0 -1.0 -1.0 -1.0 -1.0 -1.0 -1.0 2.626 3.101 7.674 1852.373 2.874 2505.941 2.259433437440342 1.0
12.0 1.0 Car -1.0 -1.0 -1.0 -1.0 -1.0 -1.0 -1.0 2.001 2.0 4.777 1893.259 3.671 2484.936 -0.8392241176322396 0.0
12.0 5.0 Car -1.0 -1.0 -1.0 -1.0 -1.0 -1.0 -1.0 1.898 1.594 4.113 1844.01 1.461 2532.677 -0.8381245596955793 1.0
13.0 4.0 Car -1.0 -1.0 -1.0 -1.0 -1.0 -1.0 -1.0 2.055 1.607 4.208 1811.934 0.677 2573.657 -0.8459087282273456 1.0
13.0 2.0 Car -1.0 -1.0 -1.0 -1.0 -1.0 -1.0 -1.0 1.689 2.146 4.971 1780.059 1.123 2617.226 -1.8118961096668615 0.0
13.0 0.0 Car -1.0 -1.0 -1.0 -1.0 -1.0 -1.0 -1.0 2.626 3.101 7.674 1849.083 2.551 2509.928 2.259433437440342 0.0
13.0 1.0 Car -1.0 -1.0 -1.0 -1.0 -1.0 -1.0 -1.0 2.001 2.0 4.777 1898.562 3.852 2479.323 -0.8392241176322396 0.0
13.0 5.0 Car -1.0 -1.0 -1.0 -1.0 -1.0 -1.0 -1.0 1.898 1.594 4.113 1848.814 1.558 2527.401 -0.8345647922577699 1.0
14.0 4.0 Car -1.0 -1.0 -1.0 -1.0 -1.0 -1.0 -1.0 2.055 1.607 4.208 1816.753 0.623 2567.854 -0.8459087282273456 1.0
14.0 2.0 Car -1.0 -1.0 -1.0 -1.0 -1.0 -1.0 -1.0 1.689 2.146 4.971 1780.295 0.972 2614.533 -1.4977368443078818 0.0
14.0 0.0 Car -1.0 -1.0 -1.0 -1.0 -1.0 -1.0 -1.0 2.626 3.101 7.674 1845.789 2.228 2513.919 2.259433437440342 0.0
14.0 1.0 Car -1.0 -1.0 -1.0 -1.0 -1.0 -1.0 -1.0 2.001 2.0 4.777 1903.933 3.958 2473.758 -0.8304977329482699 0.0
14.0 5.0 Car -1.0 -1.0 -1.0 -1.0 -1.0 -1.0 -1.0 1.898 1.594 4.113 1853.566 1.654 2522.065 -0.8310009368824502 1.0
15.0 4.0 Car -1.0 -1.0 -1.0 -1.0 -1.0 -1.0 -1.0 2.055 1.607 4.208 1821.226 0.574 2562.606 -0.8376436674037735 1.0
15.0 2.0 Car -1.0 -1.0 -1.0 -1.0 -1.0 -1.0 -1.0 1.689 2.146 4.971 1781.125 0.821 2611.691 -1.1312177013890752 0.0
15.0 0.0 Car -1.0 -1.0 -1.0 -1.0 -1.0 -1.0 -1.0 2.626 3.101 7.674 1842.354 1.955 2518.0 2.2768867299602853 0.0
15.0 1.0 Car -1.0 -1.0 -1.0 -1.0 -1.0 -1.0 -1.0 2.001 2.0 4.777 1909.304 4.064 2468.194 -0.8217708251122966 0.0
15.0 5.0 Car -1.0 -1.0 -1.0 -1.0 -1.0 -1.0 -1.0 1.898 1.594 4.113 1858.494 1.751 2516.891 -0.8274368678518603 1.0
16.0 4.0 Car -1.0 -1.0 -1.0 -1.0 -1.0 -1.0 -1.0 2.055 1.607 4.208 1825.275 0.57 2557.906 -0.8459087282273456 1.0
16.0 2.0 Car -1.0 -1.0 -1.0 -1.0 -1.0 -1.0 -1.0 1.689 2.146 4.971 1782.531 0.736 2609.22 -0.9741380687095873 0.0
16.0 0.0 Car -1.0 -1.0 -1.0 -1.0 -1.0 -1.0 -1.0 2.626 3.101 7.674 1839.514 1.709 2521.447 2.259433437440342 0.0
16.0 3.0 Truck -1.0 -1.0 -1.0 -1.0 -1.0 -1.0 -1.0 2.04 2.127 5.166 1896.465 4.427 2458.049 2.2527662799481742 0.0
16.0 5.0 Car -1.0 -1.0 -1.0 -1.0 -1.0 -1.0 -1.0 1.898 1.594 4.113 1862.928 1.838 2512.236 -0.8242308921765984 1.0
17.0 4.0 Car -1.0 -1.0 -1.0 -1.0 -1.0 -1.0 -1.0 2.055 1.607 4.208 1829.637 0.528 2552.957 -0.8459087282273456 1.0
17.0 0.0 Car -1.0 -1.0 -1.0 -1.0 -1.0 -1.0 -1.0 2.626 3.101 7.674 1836.548 1.437 2525.051 2.259433437440342 0.0
17.0 3.0 Truck -1.0 -1.0 -1.0 -1.0 -1.0 -1.0 -1.0 2.04 2.127 5.166 1892.127 4.078 2462.319 2.2527662799481742 1.0
17.0 5.0 Car -1.0 -1.0 -1.0 -1.0 -1.0 -1.0 -1.0 1.898 1.594 4.113 1867.85 1.934 2507.069 -0.8206712671756362 1.0
18.0 4.0 Car -1.0 -1.0 -1.0 -1.0 -1.0 -1.0 -1.0 2.055 1.607 4.208 1833.957 0.537 2547.968 -0.8459087282273456 1.0
18.0 0.0 Car -1.0 -1.0 -1.0 -1.0 -1.0 -1.0 -1.0 2.626 3.101 7.674 1833.851 1.364 2528.328 2.259433437440342 0.0
18.0 3.0 Truck -1.0 -1.0 -1.0 -1.0 -1.0 -1.0 -1.0 2.04 2.127 5.166 1887.844 3.678 2466.635 2.2527662799481742 0.0
18.0 5.0 Car -1.0 -1.0 -1.0 -1.0 -1.0 -1.0 -1.0 1.898 1.594 4.113 1872.693 1.972 2501.977 -0.8148557832648833 1.0
19.0 4.0 Car -1.0 -1.0 -1.0 -1.0 -1.0 -1.0 -1.0 2.055 1.607 4.208 1838.015 0.445 2543.231 -0.8633620207472887 1.0
19.0 0.0 Car -1.0 -1.0 -1.0 -1.0 -1.0 -1.0 -1.0 2.626 3.101 7.674 1831.01 1.041 2531.692 2.2768867299602853 0.0
19.0 3.0 Truck -1.0 -1.0 -1.0 -1.0 -1.0 -1.0 -1.0 2.04 2.127 5.166 1883.561 3.279 2470.95 2.2527662799481742 0.0
19.0 5.0 Car -1.0 -1.0 -1.0 -1.0 -1.0 -1.0 -1.0 1.898 1.594 4.113 1877.535 2.01 2496.886 -0.8090400085043138 1.0
20.0 4.0 Car -1.0 -1.0 -1.0 -1.0 -1.0 -1.0 -1.0 2.055 1.607 4.208 1841.992 0.454 2538.412 -0.8459087282273456 1.0
20.0 0.0 Car -1.0 -1.0 -1.0 -1.0 -1.0 -1.0 -1.0 2.626 3.101 7.674 1828.435 0.868 2534.663 2.2768867299602853 0.0
20.0 3.0 Truck -1.0 -1.0 -1.0 -1.0 -1.0 -1.0 -1.0 2.04 2.127 5.166 1879.536 2.879 2475.484 2.2527662799481742 0.0
20.0 5.0 Car -1.0 -1.0 -1.0 -1.0 -1.0 -1.0 -1.0 1.898 1.594 4.113 1882.383 2.048 2491.789 -0.803217974655693 1.0
21.0 4.0 Car -1.0 -1.0 -1.0 -1.0 -1.0 -1.0 -1.0 2.055 1.607 4.208 1846.003 0.4 2533.958 -0.8328298650621551 1.0
21.0 0.0 Car -1.0 -1.0 -1.0 -1.0 -1.0 -1.0 -1.0 2.626 3.101 7.674 1826.094 0.746 2537.685 2.2768867299602853 0.0
21.0 3.0 Truck -1.0 -1.0 -1.0 -1.0 -1.0 -1.0 -1.0 2.04 2.127 5.166 1875.519 2.48 2480.007 2.2527662799481742 0.0
21.0 5.0 Car -1.0 -1.0 -1.0 -1.0 -1.0 -1.0 -1.0 1.898 1.594 4.113 1887.237 2.053 2486.748 -0.8075775957107566 1.0
22.0 4.0 Car -1.0 -1.0 -1.0 -1.0 -1.0 -1.0 -1.0 2.055 1.607 4.208 1850.13 0.329 2529.611 -0.8197503208548796 1.0
22.0 0.0 Car -1.0 -1.0 -1.0 -1.0 -1.0 -1.0 -1.0 2.626 3.101 7.674 1823.851 0.623 2540.512 2.2768867299602853 0.0
22.0 3.0 Truck -1.0 -1.0 -1.0 -1.0 -1.0 -1.0 -1.0 2.04 2.127 5.166 1871.433 2.081 2484.588 2.287672864988061 0.0
22.0 5.0 Car -1.0 -1.0 -1.0 -1.0 -1.0 -1.0 -1.0 1.898 1.594 4.113 1892.09 2.058 2481.708 -0.8119374437798484 1.0
23.0 4.0 Car -1.0 -1.0 -1.0 -1.0 -1.0 -1.0 -1.0 2.055 1.607 4.208 1854.266 0.233 2525.255 -0.8066423824314556 1.0
23.0 0.0 Car -1.0 -1.0 -1.0 -1.0 -1.0 -1.0 -1.0 2.626 3.101 7.674 1821.602 0.65 2543.344 2.2768867299602853 0.0
23.0 3.0 Truck -1.0 -1.0 -1.0 -1.0 -1.0 -1.0 -1.0 2.04 2.127 5.166 1867.443 1.631 2489.221 2.287672864988061 0.0
23.0 5.0 Car -1.0 -1.0 -1.0 -1.0 -1.0 -1.0 -1.0 1.898 1.594 4.113 1896.954 2.063 2476.656 -0.8163067565876565 1.0
24.0 4.0 Car -1.0 -1.0 -1.0 -1.0 -1.0 -1.0 -1.0 2.055 1.607 4.208 1858.397 0.138 2520.904 -0.7935488506675163 1.0
24.0 0.0 Car -1.0 -1.0 -1.0 -1.0 -1.0 -1.0 -1.0 2.626 3.101 7.674 1820.144 0.477 2545.25 2.2768867299602853 0.0
24.0 3.0 Truck -1.0 -1.0 -1.0 -1.0 -1.0 -1.0 -1.0 2.04 2.127 5.166 1863.507 1.331 2493.844 2.2702195724681173 0.0
24.0 5.0 Car -1.0 -1.0 -1.0 -1.0 -1.0 -1.0 -1.0 1.898 1.594 4.113 1901.813 2.067 2471.61 -0.8206712671756362 1.0
25.0 4.0 Car -1.0 -1.0 -1.0 -1.0 -1.0 -1.0 -1.0 2.055 1.607 4.208 1862.673 0.262 2516.445 -0.7991738676264424 1.0
25.0 3.0 Truck -1.0 -1.0 -1.0 -1.0 -1.0 -1.0 -1.0 2.04 2.127 5.166 1859.654 0.982 2498.535 2.2527662799481742 0.0
25.0 5.0 Car -1.0 -1.0 -1.0 -1.0 -1.0 -1.0 -1.0 1.898 1.594 4.113 1906.555 2.12 2466.592 -0.8262962841345622 1.0
26.0 4.0 Car -1.0 -1.0 -1.0 -1.0 -1.0 -1.0 -1.0 2.055 1.607 4.208 1866.952 0.186 2511.983 -0.8048048146341333 1.0
26.0 3.0 Truck -1.0 -1.0 -1.0 -1.0 -1.0 -1.0 -1.0 2.04 2.127 5.166 1855.889 0.632 2503.123 2.2702195724681173 0.0
26.0 5.0 Car -1.0 -1.0 -1.0 -1.0 -1.0 -1.0 -1.0 1.898 1.594 4.113 1911.302 2.173 2461.569 -0.8319272311422532 1.0
27.0 4.0 Car -1.0 -1.0 -1.0 -1.0 -1.0 -1.0 -1.0 2.055 1.607 4.208 1871.663 0.213 2507.071 -0.8110021431874594 0.0
27.0 3.0 Truck -1.0 -1.0 -1.0 -1.0 -1.0 -1.0 -1.0 2.04 2.127 5.166 1851.741 0.297 2508.123 2.2527662799481742 0.0
27.0 5.0 Car -1.0 -1.0 -1.0 -1.0 -1.0 -1.0 -1.0 1.898 1.594 4.113 1916.526 2.232 2456.041 -0.8381245596955793 0.0
28.0 4.0 Car -1.0 -1.0 -1.0 -1.0 -1.0 -1.0 -1.0 2.055 1.607 4.208 1875.618 0.237 2502.92 -0.8110021431874594 0.0
28.0 3.0 Truck -1.0 -1.0 -1.0 -1.0 -1.0 -1.0 -1.0 2.04 2.127 5.166 1848.133 -0.007 2512.467 2.2527662799481742 0.0
28.0 5.0 Car -1.0 -1.0 -1.0 -1.0 -1.0 -1.0 -1.0 1.898 1.594 4.113 1921.224 2.274 2450.987 -0.8381245596955793 0.0
29.0 4.0 Car -1.0 -1.0 -1.0 -1.0 -1.0 -1.0 -1.0 2.055 1.607 4.208 1879.553 0.262 2498.75 -0.7935488506675163 0.0
29.0 3.0 Truck -1.0 -1.0 -1.0 -1.0 -1.0 -1.0 -1.0 2.04 2.127 5.166 1844.166 -0.161 2517.254 2.2527662799481742 0.0
29.0 5.0 Car -1.0 -1.0 -1.0 -1.0 -1.0 -1.0 -1.0 1.898 1.594 4.113 1925.922 2.316 2445.934 -0.8381245596955793 0.0
30.0 4.0 Car -1.0 -1.0 -1.0 -1.0 -1.0 -1.0 -1.0 2.055 1.607 4.208 1883.909 0.286 2494.153 -0.7970396683849539 0.0
30.0 5.0 Car -1.0 -1.0 -1.0 -1.0 -1.0 -1.0 -1.0 1.898 1.594 4.113 1930.62 2.359 2440.881 -0.8381245596955793 0.0
31.0 4.0 Car -1.0 -1.0 -1.0 -1.0 -1.0 -1.0 -1.0 2.055 1.607 4.208 1887.882 0.31 2490.074 -0.8005301090179069 0.0
31.0 5.0 Car -1.0 -1.0 -1.0 -1.0 -1.0 -1.0 -1.0 1.898 1.594 4.113 1935.318 2.401 2435.828 -0.8381245596955793 0.0
32.0 4.0 Car -1.0 -1.0 -1.0 -1.0 -1.0 -1.0 -1.0 2.055 1.607 4.208 1891.805 0.385 2486.048 -0.8040208010405165 0.0
32.0 5.0 Car -1.0 -1.0 -1.0 -1.0 -1.0 -1.0 -1.0 1.898 1.594 4.113 1939.776 2.455 2430.689 -0.8555779045880216 0.0
33.0 4.0 Car -1.0 -1.0 -1.0 -1.0 -1.0 -1.0 -1.0 2.055 1.607 4.208 1895.581 0.359 2482.122 -0.8075114721139878 0.0
33.0 5.0 Car -1.0 -1.0 -1.0 -1.0 -1.0 -1.0 -1.0 1.898 1.594 4.113 1944.234 2.51 2425.551 -0.8730311447354654 0.0
34.0 4.0 Car -1.0 -1.0 -1.0 -1.0 -1.0 -1.0 -1.0 2.055 1.607 4.208 1899.419 0.383 2478.257 -0.8110021431874594 0.0
34.0 5.0 Car -1.0 -1.0 -1.0 -1.0 -1.0 -1.0 -1.0 1.898 1.594 4.113 1948.5 2.49 2420.467 -0.8730311447354654 0.0
35.0 4.0 Car -1.0 -1.0 -1.0 -1.0 -1.0 -1.0 -1.0 2.055 1.607 4.208 1903.157 0.341 2474.393 -0.7935488506675163 0.0
35.0 5.0 Car -1.0 -1.0 -1.0 -1.0 -1.0 -1.0 -1.0 1.898 1.594 4.113 1952.77 2.47 2415.378 -0.8730311447354654 0.0
36.0 4.0 Car -1.0 -1.0 -1.0 -1.0 -1.0 -1.0 -1.0 2.055 1.607 4.208 1906.927 0.299 2470.578 -0.8110021431874594 0.0
36.0 5.0 Car -1.0 -1.0 -1.0 -1.0 -1.0 -1.0 -1.0 1.898 1.594 4.113 1957.031 2.449 2410.299 -0.8730311447354654 0.0
37.0 4.0 Car -1.0 -1.0 -1.0 -1.0 -1.0 -1.0 -1.0 2.055 1.607 4.208 1910.649 0.256 2466.739 -0.8284554357074027 0.0
37.0 5.0 Car -1.0 -1.0 -1.0 -1.0 -1.0 -1.0 -1.0 1.898 1.594 4.113 1961.302 2.429 2405.21 -0.8730311447354654 0.0
38.0 4.0 Car -1.0 -1.0 -1.0 -1.0 -1.0 -1.0 -1.0 2.055 1.607 4.208 1914.097 0.267 2463.042 -0.820191188461636 0.0
38.0 5.0 Car -1.0 -1.0 -1.0 -1.0 -1.0 -1.0 -1.0 1.898 1.594 4.113 1965.463 2.431 2400.589 -0.854653054187113 0.0
