0.0 17.0 Truck -1.0 -1.0 -1.0 -1.0 -1.0 -1.0 -1.0 2.8 3.77 8.212 1460.564 1.746 1294.029 -2.0637994801826514 0.0
0.0 4.0 Truck -1.0 -1.0 -1.0 -1.0 -1.0 -1.0 -1.0 2.274 2.056 5.995 1448.181 0.876 1264.56 -2.089473273126019 0.0
0.0 7.0 Car -1.0 -1.0 -1.0 -1.0 -1.0 -1.0 -1.0 1.995 2.021 5.187 1454.028 1.047 1275.542 -2.0841151120813053 0.0
0.0 9.0 Car -1.0 -1.0 -1.0 -1.0 -1.0 -1.0 -1.0 1.977 1.585 4.749 1432.39 0.984 1244.631 -2.1097190922209528 0.0
0.0 10.0 Car -1.0 -1.0 -1.0 -1.0 -1.0 -1.0 -1.0 1.975 1.484 4.745 1443.185 0.698 1262.694 -2.0475853709611354 0.0
1.0 17.0 Truck -1.0 -1.0 -1.0 -1.0 -1.0 -1.0 -1.0 2.8 3.77 8.212 1459.556 1.602 1292.252 -2.0637994801826514 1.0
1.0 4.0 Truck -1.0 -1.0 -1.0 -1.0 -1.0 -1.0 -1.0 2.274 2.056 5.995 1446.7 0.876 1261.89 -2.089473273126019 1.0
1.0 7.0 Car -1.0 -1.0 -1.0 -1.0 -1.0 -1.0 -1.0 1.995 2.021 5.187 1453.138 1.047 1273.673 -2.0841151120813053 1.0
1.0 9.0 Car -1.0 -1.0 -1.0 -1.0 -1.0 -1.0 -1.0 1.977 1.585 4.749 1430.063 1.034 1240.798 -2.09226579970101 1.0
1.0 3.0 Car -1.0 -1.0 -1.0 -1.0 -1.0 -1.0 -1.0 1.979 1.548 4.835 1448.404 0.761 1273.008 -2.1823073364384205 0.0
1.0 10.0 Car -1.0 -1.0 -1.0 -1.0 -1.0 -1.0 -1.0 1.975 1.484 4.745 1441.75 0.724 1260.017 -2.0475853709611354 1.0
2.0 17.0 Truck -1.0 -1.0 -1.0 -1.0 -1.0 -1.0 -1.0 2.8 3.77 8.212 1458.547 1.559 1290.473 -2.0637994801826514 1.0
2.0 4.0 Truck -1.0 -1.0 -1.0 -1.0 -1.0 -1.0 -1.0 2.274 2.056 5.995 1445.156 1.076 1259.11 -2.089473273126019 1.0
2.0 7.0 Car -1.0 -1.0 -1.0 -1.0 -1.0 -1.0 -1.0 1.995 2.021 5.187 1451.369 1.047 1270.533 -2.0841151120813053 1.0
2.0 9.0 Car -1.0 -1.0 -1.0 -1.0 -1.0 -1.0 -1.0 1.977 1.585 4.749 1427.837 1.034 1236.809 -2.0748125071810666 0.0
2.0 3.0 Car -1.0 -1.0 -1.0 -1.0 -1.0 -1.0 -1.0 1.979 1.548 4.835 1446.911 0.752 1270.899 -2.2230611667785656 1.0
2.0 10.0 Car -1.0 -1.0 -1.0 -1.0 -1.0 -1.0 -1.0 1.975 1.484 4.745 1440.148 0.75 1257.017 -2.0475853709611354 1.0
3.0 17.0 Truck -1.0 -1.0 -1.0 -1.0 -1.0 -1.0 -1.0 2.8 3.77 8.212 1457.459 1.566 1288.547 -2.0637994801826514 1.0
3.0 4.0 Truck -1.0 -1.0 -1.0 -1.0 -1.0 -1.0 -1.0 2.274 2.056 5.995 1443.532 1.076 1256.189 -2.089473273126019 1.0
3.0 7.0 Car -1.0 -1.0 -1.0 -1.0 -1.0 -1.0 -1.0 1.995 2.021 5.187 1449.601 1.047 1267.397 -2.0841151120813053 1.0
3.0 9.0 Car -1.0 -1.0 -1.0 -1.0 -1.0 -1.0 -1.0 1.977 1.585 4.749 1425.535 1.034 1232.686 -2.0748125071810666 0.0
3.0 1.0 Car -1.0 -1.0 -1.0 -1.0 -1.0 -1.0 -1.0 1.735 1.482 4.569 1450.28 0.693 1276.026 -1.9971802624163237 0.0
3.0 3.0 Car -1.0 -1.0 -1.0 -1.0 -1.0 -1.0 -1.0 1.979 1.548 4.835 1445.335 0.768 1268.855 -2.2637726485385694 1.0
3.0 6.0 Car -1.0 -1.0 -1.0 -1.0 -1.0 -1.0 -1.0 2.138 2.0 4.334 1411.47 0.972 1274.013 2.7206715979539107 0.0
3.0 10.0 Car -1.0 -1.0 -1.0 -1.0 -1.0 -1.0 -1.0 1.975 1.484 4.745 1438.473 0.771 1253.876 -2.0650394665332983 1.0
4.0 17.0 Truck -1.0 -1.0 -1.0 -1.0 -1.0 -1.0 -1.0 2.8 3.77 8.212 1456.291 1.623 1286.472 -2.0637994801826514 1.0
4.0 4.0 Truck -1.0 -1.0 -1.0 -1.0 -1.0 -1.0 -1.0 2.274 2.056 5.995 1441.704 1.176 1252.91 -2.089473273126019 1.0
4.0 7.0 Car -1.0 -1.0 -1.0 -1.0 -1.0 -1.0 -1.0 1.995 2.021 5.187 1447.833 1.072 1264.261 -2.0841151120813053 1.0
4.0 9.0 Car -1.0 -1.0 -1.0 -1.0 -1.0 -1.0 -1.0 1.977 1.585 4.749 1423.205 1.134 1228.507 -2.0573592146611235 0.0
4.0 1.0 Car -1.0 -1.0 -1.0 -1.0 -1.0 -1.0 -1.0 1.735 1.482 4.569 1448.902 0.615 1273.047 -1.9971802624163237 1.0
4.0 3.0 Car -1.0 -1.0 -1.0 -1.0 -1.0 -1.0 -1.0 1.979 1.548 4.835 1443.677 0.734 1266.877 -2.3044803840780226 1.0
4.0 6.0 Car -1.0 -1.0 -1.0 -1.0 -1.0 -1.0 -1.0 2.138 2.0 4.334 1411.47 0.972 1274.013 2.7206715979539107 0.0
4.0 16.0 Car -1.0 -1.0 -1.0 -1.0 -1.0 -1.0 -1.0 1.704 1.589 4.956 1456.743 0.684 1280.681 -2.0862793204614456 0.0
4.0 10.0 Car -1.0 -1.0 -1.0 -1.0 -1.0 -1.0 -1.0 1.975 1.484 4.745 1436.797 0.842 1250.734 -2.082491956001022 1.0
5.0 17.0 Truck -1.0 -1.0 -1.0 -1.0 -1.0 -1.0 -1.0 2.8 3.77 8.212 1455.016 1.679 1284.197 -2.0637994801826514 1.0
5.0 4.0 Truck -1.0 -1.0 -1.0 -1.0 -1.0 -1.0 -1.0 2.274 2.056 5.995 1439.937 1.226 1249.738 -2.089473273126019 1.0
5.0 7.0 Car -1.0 -1.0 -1.0 -1.0 -1.0 -1.0 -1.0 1.995 2.021 5.187 1446.065 1.097 1261.125 -2.0841151120813053 1.0
5.0 9.0 Car -1.0 -1.0 -1.0 -1.0 -1.0 -1.0 -1.0 1.977 1.585 4.749 1420.854 1.234 1224.23 -2.0748125071810666 0.0
5.0 14.0 Bus -1.0 -1.0 -1.0 -1.0 -1.0 -1.0 -1.0 3.236 3.021 11.152 1464.003 1.345 1292.692 -2.0625952028501415 0.0
5.0 1.0 Car -1.0 -1.0 -1.0 -1.0 -1.0 -1.0 -1.0 1.735 1.482 4.569 1447.576 0.687 1270.006 -1.9797269698963809 1.0
5.0 3.0 Car -1.0 -1.0 -1.0 -1.0 -1.0 -1.0 -1.0 1.979 1.548 4.835 1441.895 0.778 1265.161 -2.412494757460317 1.0
5.0 6.0 Car -1.0 -1.0 -1.0 -1.0 -1.0 -1.0 -1.0 2.138 2.0 4.334 1411.47 0.972 1274.013 2.7206715979539107 0.0
5.0 16.0 Car -1.0 -1.0 -1.0 -1.0 -1.0 -1.0 -1.0 1.704 1.589 4.956 1454.75 0.709 1277.092 -2.0862793204614456 1.0
5.0 10.0 Car -1.0 -1.0 -1.0 -1.0 -1.0 -1.0 -1.0 1.975 1.484 4.745 1435.016 0.927 1247.537 -2.082491956001022 1.0
6.0 17.0 Truck -1.0 -1.0 -1.0 -1.0 -1.0 -1.0 -1.0 2.8 3.77 8.212 1453.583 1.692 1281.639 -2.0637994801826514 1.0
6.0 4.0 Truck -1.0 -1.0 -1.0 -1.0 -1.0 -1.0 -1.0 2.274 2.056 5.995 1437.992 1.281 1246.248 -2.089473273126019 0.0
6.0 7.0 Car -1.0 -1.0 -1.0 -1.0 -1.0 -1.0 -1.0 1.995 2.021 5.187 1444.071 1.102 1257.588 -2.0841151120813053 1.0
6.0 9.0 Car -1.0 -1.0 -1.0 -1.0 -1.0 -1.0 -1.0 1.977 1.585 4.749 1418.115 1.334 1219.246 -2.0748125071810666 0.0
6.0 14.0 Bus -1.0 -1.0 -1.0 -1.0 -1.0 -1.0 -1.0 3.236 3.021 11.152 1462.239 1.384 1289.465 -2.0625952028501415 1.0
6.0 1.0 Car -1.0 -1.0 -1.0 -1.0 -1.0 -1.0 -1.0 1.735 1.482 4.569 1445.398 0.662 1265.565 -2.03208684745621 1.0
6.0 3.0 Car -1.0 -1.0 -1.0 -1.0 -1.0 -1.0 -1.0 1.979 1.548 4.835 1439.734 0.815 1263.507 -2.531373186837283 1.0
6.0 6.0 Car -1.0 -1.0 -1.0 -1.0 -1.0 -1.0 -1.0 2.138 2.0 4.334 1411.47 0.972 1274.013 2.7206715979539107 1.0
6.0 16.0 Car -1.0 -1.0 -1.0 -1.0 -1.0 -1.0 -1.0 1.704 1.589 4.956 1452.556 0.736 1273.143 -2.0862793204614456 1.0
6.0 10.0 Car -1.0 -1.0 -1.0 -1.0 -1.0 -1.0 -1.0 1.975 1.484 4.745 1432.861 0.956 1243.867 -2.0999452485209646 0.0
7.0 17.0 Truck -1.0 -1.0 -1.0 -1.0 -1.0 -1.0 -1.0 2.8 3.77 8.212 1452.182 1.699 1279.131 -2.0637994801826514 1.0
7.0 4.0 Truck -1.0 -1.0 -1.0 -1.0 -1.0 -1.0 -1.0 2.274 2.056 5.995 1436.19 1.331 1243.091 -2.089473273126019 0.0
7.0 7.0 Car -1.0 -1.0 -1.0 -1.0 -1.0 -1.0 -1.0 1.995 2.021 5.187 1442.211 1.102 1254.289 -2.0841151120813053 1.0
7.0 9.0 Car -1.0 -1.0 -1.0 -1.0 -1.0 -1.0 -1.0 1.977 1.585 4.749 1415.562 1.384 1214.6 -2.0748125071810666 0.0
7.0 14.0 Bus -1.0 -1.0 -1.0 -1.0 -1.0 -1.0 -1.0 3.236 3.021 11.152 1460.635 1.419 1286.529 -2.0625952028501415 1.0
7.0 1.0 Car -1.0 -1.0 -1.0 -1.0 -1.0 -1.0 -1.0 1.735 1.482 4.569 1443.168 0.758 1261.544 -2.0844467250160394 1.0
7.0 3.0 Car -1.0 -1.0 -1.0 -1.0 -1.0 -1.0 -1.0 1.979 1.548 4.835 1437.349 0.815 1262.408 -2.784595448762991 0.0
7.0 6.0 Car -1.0 -1.0 -1.0 -1.0 -1.0 -1.0 -1.0 2.138 2.0 4.334 1411.47 0.972 1274.013 2.7206715979539107 1.0
7.0 16.0 Car -1.0 -1.0 -1.0 -1.0 -1.0 -1.0 -1.0 1.704 1.589 4.956 1450.599 0.786 1269.623 -2.0775475183260768 1.0
7.0 10.0 Car -1.0 -1.0 -1.0 -1.0 -1.0 -1.0 -1.0 1.975 1.484 4.745 1430.851 0.981 1240.38 -2.1057674956893337 0.0
8.0 17.0 Truck -1.0 -1.0 -1.0 -1.0 -1.0 -1.0 -1.0 2.8 3.77 8.212 1450.756 1.655 1276.576 -2.0637994801826514 1.0
8.0 4.0 Truck -1.0 -1.0 -1.0 -1.0 -1.0 -1.0 -1.0 2.274 2.056 5.995 1434.268 1.331 1239.724 -2.089473273126019 0.0
8.0 7.0 Car -1.0 -1.0 -1.0 -1.0 -1.0 -1.0 -1.0 1.995 2.021 5.187 1440.318 1.252 1250.931 -2.0841151120813053 1.0
8.0 9.0 Car -1.0 -1.0 -1.0 -1.0 -1.0 -1.0 -1.0 1.977 1.585 4.749 1413.115 1.484 1209.742 -1.9700927520614082 0.0
8.0 14.0 Bus -1.0 -1.0 -1.0 -1.0 -1.0 -1.0 -1.0 3.236 3.021 11.152 1459.032 1.454 1283.596 -2.0625952028501415 1.0
8.0 1.0 Car -1.0 -1.0 -1.0 -1.0 -1.0 -1.0 -1.0 1.735 1.482 4.569 1440.581 0.758 1257.406 -2.1368066025758687 1.0
8.0 3.0 Car -1.0 -1.0 -1.0 -1.0 -1.0 -1.0 -1.0 1.979 1.548 4.835 1434.767 0.765 1261.941 -3.0375186699156367 0.0
8.0 6.0 Car -1.0 -1.0 -1.0 -1.0 -1.0 -1.0 -1.0 2.138 2.0 4.334 1411.47 0.972 1274.013 2.7206715979539107 1.0
8.0 16.0 Car -1.0 -1.0 -1.0 -1.0 -1.0 -1.0 -1.0 1.704 1.589 4.956 1448.643 0.836 1266.107 -2.0688260279415034 1.0
8.0 10.0 Car -1.0 -1.0 -1.0 -1.0 -1.0 -1.0 -1.0 1.975 1.484 4.745 1428.726 0.957 1236.702 -2.1115828671222077 0.0
9.0 17.0 Truck -1.0 -1.0 -1.0 -1.0 -1.0 -1.0 -1.0 2.8 3.77 8.212 1449.277 1.712 1273.922 -2.0637994801826514 1.0
9.0 4.0 Truck -1.0 -1.0 -1.0 -1.0 -1.0 -1.0 -1.0 2.274 2.056 5.995 1432.407 1.381 1236.463 -2.089473273126019 0.0
9.0 7.0 Car -1.0 -1.0 -1.0 -1.0 -1.0 -1.0 -1.0 1.995 2.021 5.187 1438.373 1.302 1247.48 -2.0841151120813053 1.0
9.0 9.0 Car -1.0 -1.0 -1.0 -1.0 -1.0 -1.0 -1.0 1.977 1.585 4.749 1410.713 1.634 1204.696 -2.0224526296212373 0.0
9.0 14.0 Bus -1.0 -1.0 -1.0 -1.0 -1.0 -1.0 -1.0 3.236 3.021 11.152 1457.269 1.489 1280.52 -2.0625952028501415 1.0
9.0 1.0 Car -1.0 -1.0 -1.0 -1.0 -1.0 -1.0 -1.0 1.735 1.482 4.569 1437.78 0.858 1252.853 -2.1368066025758687 0.0
9.0 3.0 Car -1.0 -1.0 -1.0 -1.0 -1.0 -1.0 -1.0 1.979 1.548 4.835 1431.702 0.765 1261.998 3.1409468821442896 0.0
9.0 6.0 Car -1.0 -1.0 -1.0 -1.0 -1.0 -1.0 -1.0 2.138 2.0 4.334 1411.47 0.972 1274.013 2.7206715979539107 1.0
9.0 16.0 Car -1.0 -1.0 -1.0 -1.0 -1.0 -1.0 -1.0 1.704 1.589 4.956 1446.688 0.886 1262.591 -2.0688260279415034 1.0
9.0 10.0 Car -1.0 -1.0 -1.0 -1.0 -1.0 -1.0 -1.0 1.975 1.484 4.745 1426.551 0.983 1232.94 -2.1173985410409077 0.0
10.0 17.0 Truck -1.0 -1.0 -1.0 -1.0 -1.0 -1.0 -1.0 2.8 3.77 8.212 1447.668 1.869 1271.145 -2.098706065222538 1.0
10.0 4.0 Truck -1.0 -1.0 -1.0 -1.0 -1.0 -1.0 -1.0 2.274 2.056 5.995 1430.51 1.331 1233.224 -2.089473273126019 0.0
10.0 7.0 Car -1.0 -1.0 -1.0 -1.0 -1.0 -1.0 -1.0 1.995 2.021 5.187 1436.533 1.302 1244.215 -2.0841151120813053 0.0
10.0 9.0 Car -1.0 -1.0 -1.0 -1.0 -1.0 -1.0 -1.0 1.977 1.585 4.749 1407.347 1.734 1199.995 -2.034087987270549 0.0
10.0 14.0 Bus -1.0 -1.0 -1.0 -1.0 -1.0 -1.0 -1.0 3.236 3.021 11.152 1455.523 1.524 1277.478 -2.0625952028501415 1.0
10.0 1.0 Car -1.0 -1.0 -1.0 -1.0 -1.0 -1.0 -1.0 1.735 1.482 4.569 1434.845 0.958 1248.087 -2.101900017535982 0.0
10.0 3.0 Car -1.0 -1.0 -1.0 -1.0 -1.0 -1.0 -1.0 1.979 1.548 4.835 1428.412 0.665 1262.304 3.0187738345046866 0.0
10.0 6.0 Car -1.0 -1.0 -1.0 -1.0 -1.0 -1.0 -1.0 2.138 2.0 4.334 1411.47 0.972 1274.013 2.7206715979539107 1.0
10.0 16.0 Car -1.0 -1.0 -1.0 -1.0 -1.0 -1.0 -1.0 1.704 1.589 4.956 1444.638 0.886 1258.893 -2.0688260279415034 1.0
10.0 10.0 Car -1.0 -1.0 -1.0 -1.0 -1.0 -1.0 -1.0 1.975 1.484 4.745 1424.109 1.121 1228.741 -2.123216289696284 0.0
11.0 17.0 Truck -1.0 -1.0 -1.0 -1.0 -1.0 -1.0 -1.0 2.8 3.77 8.212 1446.031 1.876 1268.32 -2.098706065222538 1.0
11.0 4.0 Truck -1.0 -1.0 -1.0 -1.0 -1.0 -1.0 -1.0 2.274 2.056 5.995 1428.409 1.407 1229.626 -2.089473273126019 0.0
11.0 7.0 Car -1.0 -1.0 -1.0 -1.0 -1.0 -1.0 -1.0 1.995 2.021 5.187 1434.692 1.302 1240.951 -2.0841151120813053 0.0
11.0 9.0 Car -1.0 -1.0 -1.0 -1.0 -1.0 -1.0 -1.0 1.977 1.585 4.749 1404.503 1.859 1195.073 -2.098082966433713 0.0
11.0 13.0 Truck -1.0 -1.0 -1.0 -1.0 -1.0 -1.0 -1.0 2.126 2.782 6.093 1464.359 1.304 1294.065 -2.0601700528101117 0.0
11.0 14.0 Bus -1.0 -1.0 -1.0 -1.0 -1.0 -1.0 -1.0 3.236 3.021 11.152 1453.778 1.56 1274.436 -2.0625952028501415 1.0
11.0 1.0 Car -1.0 -1.0 -1.0 -1.0 -1.0 -1.0 -1.0 1.735 1.482 4.569 1431.913 0.958 1243.21 -2.0844467250160386 0.0
11.0 3.0 Car -1.0 -1.0 -1.0 -1.0 -1.0 -1.0 -1.0 1.979 1.548 4.835 1424.601 0.765 1263.184 2.8966007868650836 0.0
11.0 6.0 Car -1.0 -1.0 -1.0 -1.0 -1.0 -1.0 -1.0 2.138 2.0 4.334 1411.47 0.972 1274.013 2.7206715979539107 1.0
11.0 16.0 Car -1.0 -1.0 -1.0 -1.0 -1.0 -1.0 -1.0 1.704 1.589 4.956 1442.572 0.886 1255.165 -2.0688260279415034 1.0
11.0 10.0 Car -1.0 -1.0 -1.0 -1.0 -1.0 -1.0 -1.0 1.975 1.484 4.745 1421.668 1.164 1224.542 -2.1290340150747538 0.0
12.0 17.0 Truck -1.0 -1.0 -1.0 -1.0 -1.0 -1.0 -1.0 2.8 3.77 8.212 1444.507 1.882 1265.69 -2.1161593577424807 1.0
12.0 4.0 Truck -1.0 -1.0 -1.0 -1.0 -1.0 -1.0 -1.0 2.274 2.056 5.995 1426.205 1.483 1225.849 -2.089473273126019 0.0
12.0 7.0 Car -1.0 -1.0 -1.0 -1.0 -1.0 -1.0 -1.0 1.995 2.021 5.187 1432.568 1.352 1237.109 -2.0841151120813053 0.0
12.0 9.0 Car -1.0 -1.0 -1.0 -1.0 -1.0 -1.0 -1.0 1.977 1.585 4.749 1401.35 2.034 1190.343 -2.1620789697807825 0.0
12.0 13.0 Truck -1.0 -1.0 -1.0 -1.0 -1.0 -1.0 -1.0 2.126 2.782 6.093 1463.028 1.254 1291.611 -2.0601700528101117 1.0
12.0 14.0 Bus -1.0 -1.0 -1.0 -1.0 -1.0 -1.0 -1.0 3.236 3.021 11.152 1451.774 1.595 1270.911 -2.0625952028501415 1.0
12.0 1.0 Car -1.0 -1.0 -1.0 -1.0 -1.0 -1.0 -1.0 1.735 1.482 4.569 1429.062 0.908 1238.286 -2.0844467250160386 0.0
12.0 3.0 Car -1.0 -1.0 -1.0 -1.0 -1.0 -1.0 -1.0 1.979 1.548 4.835 1420.858 0.765 1264.532 2.756974446705537 0.0
12.0 6.0 Car -1.0 -1.0 -1.0 -1.0 -1.0 -1.0 -1.0 2.138 2.0 4.334 1411.327 0.972 1274.137 2.7206715979539107 0.0
12.0 12.0 Car -1.0 -1.0 -1.0 -1.0 -1.0 -1.0 -1.0 1.993 1.564 4.754 1451.828 0.704 1278.234 -2.127538904062885 0.0
12.0 16.0 Car -1.0 -1.0 -1.0 -1.0 -1.0 -1.0 -1.0 1.704 1.589 4.956 1440.429 1.036 1251.439 -2.0688260279415034 1.0
12.0 10.0 Car -1.0 -1.0 -1.0 -1.0 -1.0 -1.0 -1.0 1.975 1.484 4.745 1419.226 1.261 1220.343 -2.1348518335608513 0.0
13.0 17.0 Truck -1.0 -1.0 -1.0 -1.0 -1.0 -1.0 -1.0 2.8 3.77 8.212 1442.723 1.939 1262.95 -2.133612650262424 1.0
13.0 4.0 Truck -1.0 -1.0 -1.0 -1.0 -1.0 -1.0 -1.0 2.274 2.056 5.995 1424.268 1.559 1222.537 -2.089473273126019 0.0
13.0 7.0 Car -1.0 -1.0 -1.0 -1.0 -1.0 -1.0 -1.0 1.995 2.021 5.187 1430.649 1.352 1233.561 -2.119021697121191 0.0
13.0 9.0 Car -1.0 -1.0 -1.0 -1.0 -1.0 -1.0 -1.0 1.977 1.585 4.749 1398.057 2.284 1185.559 -2.1620789697807825 0.0
13.0 13.0 Truck -1.0 -1.0 -1.0 -1.0 -1.0 -1.0 -1.0 2.126 2.782 6.093 1461.697 1.354 1289.156 -2.0601700528101117 1.0
13.0 14.0 Bus -1.0 -1.0 -1.0 -1.0 -1.0 -1.0 -1.0 3.236 3.021 11.152 1450.084 1.495 1267.833 -2.0625952028501415 1.0
13.0 1.0 Car -1.0 -1.0 -1.0 -1.0 -1.0 -1.0 -1.0 1.735 1.482 4.569 1426.267 1.008 1233.33 -2.0844467250160386 0.0
13.0 3.0 Car -1.0 -1.0 -1.0 -1.0 -1.0 -1.0 -1.0 1.979 1.548 4.835 1417.356 0.765 1266.295 2.66970798410582 0.0
13.0 6.0 Car -1.0 -1.0 -1.0 -1.0 -1.0 -1.0 -1.0 2.138 2.0 4.334 1411.184 0.972 1274.261 2.7206715979539107 0.0
13.0 12.0 Car -1.0 -1.0 -1.0 -1.0 -1.0 -1.0 -1.0 1.993 1.564 4.754 1449.684 0.71 1274.78 -2.127538904062885 1.0
13.0 16.0 Car -1.0 -1.0 -1.0 -1.0 -1.0 -1.0 -1.0 1.704 1.589 4.956 1438.377 1.086 1247.664 -2.0688260279415034 1.0
13.0 10.0 Car -1.0 -1.0 -1.0 -1.0 -1.0 -1.0 -1.0 1.975 1.484 4.745 1416.436 1.37 1215.718 -2.1173976216055355 0.0
14.0 17.0 Truck -1.0 -1.0 -1.0 -1.0 -1.0 -1.0 -1.0 2.8 3.77 8.212 1440.891 1.946 1260.239 -2.133612650262424 1.0
14.0 4.0 Truck -1.0 -1.0 -1.0 -1.0 -1.0 -1.0 -1.0 2.274 2.056 5.995 1422.125 1.585 1218.868 -2.089473273126019 0.0
14.0 7.0 Car -1.0 -1.0 -1.0 -1.0 -1.0 -1.0 -1.0 1.995 2.021 5.187 1428.592 1.402 1230.056 -2.119021697121191 0.0
14.0 13.0 Truck -1.0 -1.0 -1.0 -1.0 -1.0 -1.0 -1.0 2.126 2.782 6.093 1460.543 1.304 1287.035 -2.0601700528101117 1.0
14.0 14.0 Bus -1.0 -1.0 -1.0 -1.0 -1.0 -1.0 -1.0 3.236 3.021 11.152 1448.405 1.495 1265.099 -2.0625952028501415 1.0
14.0 1.0 Car -1.0 -1.0 -1.0 -1.0 -1.0 -1.0 -1.0 1.735 1.482 4.569 1423.471 1.129 1228.374 -2.0844467250160386 0.0
14.0 3.0 Car -1.0 -1.0 -1.0 -1.0 -1.0 -1.0 -1.0 1.979 1.548 4.835 1413.71 0.815 1268.285 2.6522546915858767 0.0
14.0 6.0 Car -1.0 -1.0 -1.0 -1.0 -1.0 -1.0 -1.0 2.138 2.0 4.334 1411.041 0.972 1274.386 2.7206715979539107 0.0
14.0 12.0 Car -1.0 -1.0 -1.0 -1.0 -1.0 -1.0 -1.0 1.993 1.564 4.754 1447.781 0.715 1271.714 -2.127538904062885 1.0
14.0 16.0 Car -1.0 -1.0 -1.0 -1.0 -1.0 -1.0 -1.0 1.704 1.589 4.956 1436.324 1.136 1243.89 -2.0688260279415034 1.0
14.0 10.0 Car -1.0 -1.0 -1.0 -1.0 -1.0 -1.0 -1.0 1.975 1.484 4.745 1413.767 1.479 1211.022 -2.099944631684576 0.0
15.0 17.0 Truck -1.0 -1.0 -1.0 -1.0 -1.0 -1.0 -1.0 2.8 3.77 8.212 1439.155 1.903 1257.47 -2.1161593577424807 1.0
15.0 4.0 Truck -1.0 -1.0 -1.0 -1.0 -1.0 -1.0 -1.0 2.274 2.056 5.995 1420.045 1.661 1215.306 -2.089473273126019 0.0
15.0 7.0 Car -1.0 -1.0 -1.0 -1.0 -1.0 -1.0 -1.0 1.995 2.021 5.187 1426.534 1.502 1226.551 -2.119021697121191 0.0
15.0 13.0 Truck -1.0 -1.0 -1.0 -1.0 -1.0 -1.0 -1.0 2.126 2.782 6.093 1459.192 1.354 1284.544 -2.0601700528101117 1.0
15.0 14.0 Bus -1.0 -1.0 -1.0 -1.0 -1.0 -1.0 -1.0 3.236 3.021 11.152 1446.539 1.445 1261.855 -2.0625952028501415 1.0
15.0 11.0 Car -1.0 -1.0 -1.0 -1.0 -1.0 -1.0 -1.0 1.912 1.623 4.375 1453.124 0.542 1281.334 -2.1117611276312847 0.0
15.0 1.0 Car -1.0 -1.0 -1.0 -1.0 -1.0 -1.0 -1.0 1.735 1.482 4.569 1420.799 1.208 1223.638 -2.0844467250160386 0.0
15.0 3.0 Car -1.0 -1.0 -1.0 -1.0 -1.0 -1.0 -1.0 1.979 1.548 4.835 1409.829 0.815 1270.399 2.6522546915858767 0.0
15.0 6.0 Car -1.0 -1.0 -1.0 -1.0 -1.0 -1.0 -1.0 2.138 2.0 4.334 1410.753 0.972 1274.379 2.7381248904738538 0.0
15.0 12.0 Car -1.0 -1.0 -1.0 -1.0 -1.0 -1.0 -1.0 1.993 1.564 4.754 1445.879 0.721 1268.649 -2.127538904062885 1.0
15.0 16.0 Car -1.0 -1.0 -1.0 -1.0 -1.0 -1.0 -1.0 1.704 1.589 4.956 1434.15 1.136 1240.104 -2.0688260279415034 1.0
15.0 10.0 Car -1.0 -1.0 -1.0 -1.0 -1.0 -1.0 -1.0 1.975 1.484 4.745 1411.099 1.588 1206.325 -2.082491956001022 0.0
16.0 17.0 Truck -1.0 -1.0 -1.0 -1.0 -1.0 -1.0 -1.0 2.8 3.77 8.212 1437.347 2.009 1254.472 -2.1161593577424807 1.0
16.0 4.0 Truck -1.0 -1.0 -1.0 -1.0 -1.0 -1.0 -1.0 2.274 2.056 5.995 1417.594 1.737 1211.095 -2.089473273126019 0.0
16.0 7.0 Car -1.0 -1.0 -1.0 -1.0 -1.0 -1.0 -1.0 1.995 2.021 5.187 1424.548 1.552 1223.164 -2.119021697121191 0.0
16.0 13.0 Truck -1.0 -1.0 -1.0 -1.0 -1.0 -1.0 -1.0 2.126 2.782 6.093 1457.96 1.354 1282.366 -2.0601700528101117 1.0
16.0 14.0 Bus -1.0 -1.0 -1.0 -1.0 -1.0 -1.0 -1.0 3.236 3.021 11.152 1445.546 1.545 1259.084 -2.0102353252903122 1.0
16.0 11.0 Car -1.0 -1.0 -1.0 -1.0 -1.0 -1.0 -1.0 1.912 1.623 4.375 1451.129 0.809 1277.818 -2.1117611276312847 1.0
16.0 1.0 Car -1.0 -1.0 -1.0 -1.0 -1.0 -1.0 -1.0 1.735 1.482 4.569 1418.016 1.308 1218.705 -2.0844467250160386 0.0
16.0 3.0 Car -1.0 -1.0 -1.0 -1.0 -1.0 -1.0 -1.0 1.979 1.548 4.835 1405.931 0.965 1272.561 2.6348013990659336 0.0
16.0 6.0 Car -1.0 -1.0 -1.0 -1.0 -1.0 -1.0 -1.0 2.138 2.0 4.334 1410.234 0.972 1274.508 2.7730314755137404 0.0
16.0 12.0 Car -1.0 -1.0 -1.0 -1.0 -1.0 -1.0 -1.0 1.993 1.564 4.754 1443.847 0.777 1265.563 -2.127538904062885 1.0
16.0 16.0 Car -1.0 -1.0 -1.0 -1.0 -1.0 -1.0 -1.0 1.704 1.589 4.956 1431.796 1.186 1236.061 -2.0688260279415034 0.0
16.0 10.0 Car -1.0 -1.0 -1.0 -1.0 -1.0 -1.0 -1.0 1.975 1.484 4.745 1408.308 1.685 1201.505 -2.091223513864798 0.0
17.0 17.0 Truck -1.0 -1.0 -1.0 -1.0 -1.0 -1.0 -1.0 2.8 3.77 8.212 1435.541 2.066 1251.477 -2.1161593577424807 1.0
17.0 4.0 Truck -1.0 -1.0 -1.0 -1.0 -1.0 -1.0 -1.0 2.274 2.056 5.995 1415.309 1.813 1207.176 -2.089473273126019 0.0
17.0 7.0 Car -1.0 -1.0 -1.0 -1.0 -1.0 -1.0 -1.0 1.995 2.021 5.187 1422.435 1.652 1219.567 -2.119021697121191 0.0
17.0 13.0 Truck -1.0 -1.0 -1.0 -1.0 -1.0 -1.0 -1.0 2.126 2.782 6.093 1456.496 1.354 1279.841 -2.0601700528101117 1.0
17.0 14.0 Bus -1.0 -1.0 -1.0 -1.0 -1.0 -1.0 -1.0 3.236 3.021 11.152 1444.458 1.494 1256.1 -1.9229688626905965 1.0
17.0 11.0 Car -1.0 -1.0 -1.0 -1.0 -1.0 -1.0 -1.0 1.912 1.623 4.375 1449.136 0.776 1274.305 -2.1117611276312847 1.0
17.0 1.0 Car -1.0 -1.0 -1.0 -1.0 -1.0 -1.0 -1.0 1.735 1.482 4.569 1415.175 1.358 1214.172 -2.101900017535982 0.0
17.0 3.0 Car -1.0 -1.0 -1.0 -1.0 -1.0 -1.0 -1.0 1.979 1.548 4.835 1401.844 1.015 1274.785 2.6522546915858767 0.0
17.0 6.0 Car -1.0 -1.0 -1.0 -1.0 -1.0 -1.0 -1.0 2.138 2.0 4.334 1409.431 0.972 1274.737 2.82539135307357 0.0
17.0 12.0 Car -1.0 -1.0 -1.0 -1.0 -1.0 -1.0 -1.0 1.993 1.564 4.754 1441.818 0.782 1262.48 -2.127538904062885 1.0
17.0 16.0 Car -1.0 -1.0 -1.0 -1.0 -1.0 -1.0 -1.0 1.704 1.589 4.956 1429.474 1.186 1232.006 -2.103732612981389 0.0
17.0 10.0 Car -1.0 -1.0 -1.0 -1.0 -1.0 -1.0 -1.0 1.975 1.484 4.745 1405.519 1.79 1196.69 -2.0999452485209646 0.0
18.0 17.0 Truck -1.0 -1.0 -1.0 -1.0 -1.0 -1.0 -1.0 2.8 3.77 8.212 1433.735 2.073 1248.484 -2.081252772702595 1.0
18.0 7.0 Car -1.0 -1.0 -1.0 -1.0 -1.0 -1.0 -1.0 1.995 2.021 5.187 1420.395 1.702 1216.092 -2.119021697121191 0.0
18.0 13.0 Truck -1.0 -1.0 -1.0 -1.0 -1.0 -1.0 -1.0 2.126 2.782 6.093 1454.876 1.303 1277.112 -2.0601700528101117 1.0
18.0 14.0 Bus -1.0 -1.0 -1.0 -1.0 -1.0 -1.0 -1.0 3.236 3.021 11.152 1443.743 1.544 1253.272 -1.7833425225310515 1.0
18.0 11.0 Car -1.0 -1.0 -1.0 -1.0 -1.0 -1.0 -1.0 1.912 1.623 4.375 1447.142 0.743 1270.793 -2.1117611276312847 1.0
18.0 1.0 Car -1.0 -1.0 -1.0 -1.0 -1.0 -1.0 -1.0 1.735 1.482 4.569 1412.295 1.508 1209.198 -2.101900017535982 0.0
18.0 3.0 Car -1.0 -1.0 -1.0 -1.0 -1.0 -1.0 -1.0 1.979 1.548 4.835 1397.774 1.015 1277.038 2.6348013990659336 0.0
18.0 6.0 Car -1.0 -1.0 -1.0 -1.0 -1.0 -1.0 -1.0 2.138 2.0 4.334 1408.115 0.972 1275.134 2.8428446455935137 0.0
18.0 12.0 Car -1.0 -1.0 -1.0 -1.0 -1.0 -1.0 -1.0 1.993 1.564 4.754 1439.858 0.788 1259.508 -2.1100856115429414 1.0
18.0 16.0 Car -1.0 -1.0 -1.0 -1.0 -1.0 -1.0 -1.0 1.704 1.589 4.956 1427.212 1.236 1227.916 -2.103732612981389 0.0
19.0 17.0 Truck -1.0 -1.0 -1.0 -1.0 -1.0 -1.0 -1.0 2.8 3.77 8.212 1431.913 2.08 1245.23 -2.081252772702595 1.0
19.0 7.0 Car -1.0 -1.0 -1.0 -1.0 -1.0 -1.0 -1.0 1.995 2.021 5.187 1418.447 1.752 1212.766 -2.119021697121191 0.0
19.0 13.0 Truck -1.0 -1.0 -1.0 -1.0 -1.0 -1.0 -1.0 2.126 2.782 6.093 1453.196 1.453 1274.271 -2.0601700528101117 1.0
19.0 14.0 Bus -1.0 -1.0 -1.0 -1.0 -1.0 -1.0 -1.0 3.236 3.021 11.152 1443.673 1.594 1249.951 -1.6088095973316199 1.0
19.0 11.0 Car -1.0 -1.0 -1.0 -1.0 -1.0 -1.0 -1.0 1.912 1.623 4.375 1444.957 0.785 1267.117 -2.117580977447137 1.0
19.0 1.0 Car -1.0 -1.0 -1.0 -1.0 -1.0 -1.0 -1.0 1.735 1.482 4.569 1409.383 1.645 1204.2 -2.093168625366251 0.0
19.0 6.0 Car -1.0 -1.0 -1.0 -1.0 -1.0 -1.0 -1.0 2.138 2.0 4.334 1406.273 0.972 1275.834 2.755578182993797 0.0
19.0 12.0 Car -1.0 -1.0 -1.0 -1.0 -1.0 -1.0 -1.0 1.993 1.564 4.754 1438.036 0.793 1256.448 -2.1100856115429414 1.0
19.0 16.0 Car -1.0 -1.0 -1.0 -1.0 -1.0 -1.0 -1.0 1.704 1.589 4.956 1424.976 1.336 1223.804 -2.103732612981389 0.0
20.0 17.0 Truck -1.0 -1.0 -1.0 -1.0 -1.0 -1.0 -1.0 2.8 3.77 8.212 1430.093 2.137 1241.979 -2.081252772702595 1.0
20.0 7.0 Car -1.0 -1.0 -1.0 -1.0 -1.0 -1.0 -1.0 1.995 2.021 5.187 1416.428 1.802 1208.777 -2.119021697121191 0.0
20.0 13.0 Truck -1.0 -1.0 -1.0 -1.0 -1.0 -1.0 -1.0 2.126 2.782 6.093 1451.596 1.403 1271.58 -2.0601700528101117 1.0
20.0 14.0 Bus -1.0 -1.0 -1.0 -1.0 -1.0 -1.0 -1.0 3.236 3.021 11.152 1444.134 1.594 1246.522 -1.4431040811291669 1.0
20.0 11.0 Car -1.0 -1.0 -1.0 -1.0 -1.0 -1.0 -1.0 1.912 1.623 4.375 1442.991 0.827 1263.807 -2.123394500555516 1.0
20.0 1.0 Car -1.0 -1.0 -1.0 -1.0 -1.0 -1.0 -1.0 1.735 1.482 4.569 1406.474 1.758 1199.207 -2.0844467250160394 0.0
20.0 6.0 Car -1.0 -1.0 -1.0 -1.0 -1.0 -1.0 -1.0 2.138 2.0 4.334 1403.743 0.972 1277.12 2.7381344869249973 0.0
20.0 12.0 Car -1.0 -1.0 -1.0 -1.0 -1.0 -1.0 -1.0 1.993 1.564 4.754 1436.098 0.849 1253.194 -2.1100856115429414 1.0
20.0 16.0 Car -1.0 -1.0 -1.0 -1.0 -1.0 -1.0 -1.0 1.704 1.589 4.956 1422.822 1.386 1219.967 -2.103732612981389 0.0
21.0 17.0 Truck -1.0 -1.0 -1.0 -1.0 -1.0 -1.0 -1.0 2.8 3.77 8.212 1428.202 2.144 1238.602 -2.081252772702595 1.0
21.0 7.0 Car -1.0 -1.0 -1.0 -1.0 -1.0 -1.0 -1.0 1.995 2.021 5.187 1414.407 1.852 1204.784 -2.119021697121191 0.0
21.0 0.0 Car -1.0 -1.0 -1.0 -1.0 -1.0 -1.0 -1.0 2.048 1.799 4.609 1448.96 0.794 1275.269 -2.136352816545513 0.0
21.0 13.0 Truck -1.0 -1.0 -1.0 -1.0 -1.0 -1.0 -1.0 2.126 2.782 6.093 1450.169 1.503 1269.125 -2.0601700528101117 1.0
21.0 14.0 Bus -1.0 -1.0 -1.0 -1.0 -1.0 -1.0 -1.0 3.236 3.021 11.152 1445.215 1.894 1243.223 -1.242290454412814 1.0
21.0 11.0 Car -1.0 -1.0 -1.0 -1.0 -1.0 -1.0 -1.0 1.912 1.623 4.375 1441.023 0.843 1260.492 -2.129214420151229 1.0
21.0 6.0 Car -1.0 -1.0 -1.0 -1.0 -1.0 -1.0 -1.0 2.138 2.0 4.334 1400.768 0.972 1278.585 2.7206715979539107 0.0
21.0 12.0 Car -1.0 -1.0 -1.0 -1.0 -1.0 -1.0 -1.0 1.993 1.564 4.754 1434.091 0.954 1249.825 -2.0751790265030556 1.0
21.0 16.0 Car -1.0 -1.0 -1.0 -1.0 -1.0 -1.0 -1.0 1.704 1.589 4.956 1420.712 1.436 1216.336 -2.103732612981389 0.0
21.0 2.0 Car -1.0 -1.0 -1.0 -1.0 -1.0 -1.0 -1.0 1.651 1.687 2.989 1460.43 0.702 1286.633 -2.098723518138178 0.0
22.0 17.0 Truck -1.0 -1.0 -1.0 -1.0 -1.0 -1.0 -1.0 2.8 3.77 8.212 1426.311 2.151 1235.225 -2.081252772702595 1.0
22.0 0.0 Car -1.0 -1.0 -1.0 -1.0 -1.0 -1.0 -1.0 2.048 1.799 4.609 1446.88 0.794 1271.888 -2.1712594015853988 1.0
22.0 13.0 Truck -1.0 -1.0 -1.0 -1.0 -1.0 -1.0 -1.0 2.126 2.782 6.093 1448.604 1.453 1266.412 -2.0601700528101117 1.0
22.0 14.0 Bus -1.0 -1.0 -1.0 -1.0 -1.0 -1.0 -1.0 3.236 3.021 11.152 1447.086 1.794 1239.949 -1.0410710378318138 1.0
22.0 11.0 Car -1.0 -1.0 -1.0 -1.0 -1.0 -1.0 -1.0 1.912 1.623 4.375 1439.044 0.844 1257.27 -2.129214420151229 1.0
22.0 6.0 Car -1.0 -1.0 -1.0 -1.0 -1.0 -1.0 -1.0 2.138 2.0 4.334 1397.114 1.156 1280.227 2.627622080164884 0.0
22.0 12.0 Car -1.0 -1.0 -1.0 -1.0 -1.0 -1.0 -1.0 1.993 1.564 4.754 1432.224 0.96 1246.372 -2.0751790265030556 1.0
22.0 16.0 Car -1.0 -1.0 -1.0 -1.0 -1.0 -1.0 -1.0 1.704 1.589 4.956 1418.659 1.486 1212.87 -2.103732612981389 0.0
22.0 2.0 Car -1.0 -1.0 -1.0 -1.0 -1.0 -1.0 -1.0 1.651 1.687 2.989 1459.607 0.702 1285.063 -2.098723518138178 1.0
23.0 17.0 Truck -1.0 -1.0 -1.0 -1.0 -1.0 -1.0 -1.0 2.8 3.77 8.212 1424.64 2.199 1232.171 -2.0760158181521553 1.0
23.0 15.0 Car -1.0 -1.0 -1.0 -1.0 -1.0 -1.0 -1.0 1.688 1.515 4.497 1480.93 1.399 1231.329 2.4809492733261056 0.0
23.0 8.0 Car -1.0 -1.0 -1.0 -1.0 -1.0 -1.0 -1.0 2.023 1.736 4.732 1486.961 1.515 1226.697 2.7128699761471307 0.0
23.0 0.0 Car -1.0 -1.0 -1.0 -1.0 -1.0 -1.0 -1.0 2.048 1.799 4.609 1445.45 0.894 1269.687 -2.188712694105343 1.0
23.0 13.0 Truck -1.0 -1.0 -1.0 -1.0 -1.0 -1.0 -1.0 2.126 2.782 6.093 1447.266 1.403 1264.101 -2.0601700528101117 1.0
23.0 14.0 Bus -1.0 -1.0 -1.0 -1.0 -1.0 -1.0 -1.0 3.236 3.021 11.152 1449.216 1.994 1237.144 -0.8932246040139519 1.0
23.0 11.0 Car -1.0 -1.0 -1.0 -1.0 -1.0 -1.0 -1.0 1.912 1.623 4.375 1437.381 0.839 1254.458 -2.094307835111343 1.0
23.0 6.0 Car -1.0 -1.0 -1.0 -1.0 -1.0 -1.0 -1.0 2.138 2.0 4.334 1393.921 1.236 1282.021 2.5439229767257743 0.0
23.0 12.0 Car -1.0 -1.0 -1.0 -1.0 -1.0 -1.0 -1.0 1.993 1.564 4.754 1430.544 1.01 1243.265 -2.022819148943226 1.0
23.0 16.0 Car -1.0 -1.0 -1.0 -1.0 -1.0 -1.0 -1.0 1.704 1.589 4.956 1416.881 1.581 1209.869 -2.103732612981389 0.0
23.0 2.0 Car -1.0 -1.0 -1.0 -1.0 -1.0 -1.0 -1.0 1.651 1.687 2.989 1458.335 0.702 1282.739 -2.098723518138178 1.0
24.0 17.0 Truck -1.0 -1.0 -1.0 -1.0 -1.0 -1.0 -1.0 2.8 3.77 8.212 1422.593 2.221 1228.431 -2.069602259623593 1.0
24.0 15.0 Car -1.0 -1.0 -1.0 -1.0 -1.0 -1.0 -1.0 1.688 1.515 4.497 1480.59 1.384 1231.545 2.4809492733261056 1.0
24.0 8.0 Car -1.0 -1.0 -1.0 -1.0 -1.0 -1.0 -1.0 2.023 1.736 4.732 1486.961 1.515 1226.697 2.7128699761471307 1.0
24.0 0.0 Car -1.0 -1.0 -1.0 -1.0 -1.0 -1.0 -1.0 2.048 1.799 4.609 1443.396 0.894 1267.058 -2.2934324492250013 1.0
24.0 13.0 Truck -1.0 -1.0 -1.0 -1.0 -1.0 -1.0 -1.0 2.126 2.782 6.093 1445.383 1.503 1260.812 -2.077623345330054 1.0
24.0 14.0 Bus -1.0 -1.0 -1.0 -1.0 -1.0 -1.0 -1.0 3.236 3.021 11.152 1452.739 2.044 1233.926 -0.7361449713344639 1.0
24.0 11.0 Car -1.0 -1.0 -1.0 -1.0 -1.0 -1.0 -1.0 1.912 1.623 4.375 1435.351 0.944 1251.007 -2.094307835111343 1.0
24.0 5.0 Car -1.0 -1.0 -1.0 -1.0 -1.0 -1.0 -1.0 2.043 1.751 5.061 1449.793 0.843 1277.635 -2.229850104663795 0.0
24.0 12.0 Car -1.0 -1.0 -1.0 -1.0 -1.0 -1.0 -1.0 1.993 1.564 4.754 1428.579 1.042 1239.492 -2.013656197380146 1.0
24.0 16.0 Car -1.0 -1.0 -1.0 -1.0 -1.0 -1.0 -1.0 1.704 1.589 4.956 1414.606 1.665 1206.027 -2.103732612981389 0.0
24.0 2.0 Car -1.0 -1.0 -1.0 -1.0 -1.0 -1.0 -1.0 1.651 1.687 2.989 1456.989 0.726 1280.258 -2.098723518138178 1.0
25.0 17.0 Truck -1.0 -1.0 -1.0 -1.0 -1.0 -1.0 -1.0 2.8 3.77 8.212 1420.741 2.246 1225.048 -2.0637994801826514 1.0
25.0 15.0 Car -1.0 -1.0 -1.0 -1.0 -1.0 -1.0 -1.0 1.688 1.515 4.497 1480.304 1.359 1231.768 2.4809492733261056 1.0
25.0 8.0 Car -1.0 -1.0 -1.0 -1.0 -1.0 -1.0 -1.0 2.023 1.736 4.732 1486.961 1.515 1226.697 2.7128699761471307 1.0
25.0 0.0 Car -1.0 -1.0 -1.0 -1.0 -1.0 -1.0 -1.0 2.048 1.799 4.609 1441.251 0.894 1264.856 -2.2934324492250013 1.0
25.0 13.0 Truck -1.0 -1.0 -1.0 -1.0 -1.0 -1.0 -1.0 2.126 2.782 6.093 1443.48 1.503 1257.385 -2.077623345330054 1.0
25.0 14.0 Bus -1.0 -1.0 -1.0 -1.0 -1.0 -1.0 -1.0 3.236 3.021 11.152 1456.367 2.044 1231.003 -0.6488785087347484 1.0
25.0 11.0 Car -1.0 -1.0 -1.0 -1.0 -1.0 -1.0 -1.0 1.912 1.623 4.375 1433.538 0.994 1247.924 -2.076854542591399 1.0
25.0 5.0 Car -1.0 -1.0 -1.0 -1.0 -1.0 -1.0 -1.0 2.043 1.751 5.061 1448.617 0.883 1274.766 -2.229850104663795 1.0
25.0 12.0 Car -1.0 -1.0 -1.0 -1.0 -1.0 -1.0 -1.0 1.993 1.564 4.754 1426.801 1.01 1236.079 -2.005365856423283 1.0
25.0 16.0 Car -1.0 -1.0 -1.0 -1.0 -1.0 -1.0 -1.0 1.704 1.589 4.956 1412.382 1.736 1202.272 -2.103732612981389 0.0
25.0 2.0 Car -1.0 -1.0 -1.0 -1.0 -1.0 -1.0 -1.0 1.651 1.687 2.989 1455.771 0.747 1278.012 -2.098723518138178 1.0
26.0 17.0 Truck -1.0 -1.0 -1.0 -1.0 -1.0 -1.0 -1.0 2.8 3.77 8.212 1418.955 2.344 1221.621 -2.057779615167741 1.0
26.0 15.0 Car -1.0 -1.0 -1.0 -1.0 -1.0 -1.0 -1.0 1.688 1.515 4.497 1480.017 1.334 1231.991 2.4809492733261056 1.0
26.0 8.0 Car -1.0 -1.0 -1.0 -1.0 -1.0 -1.0 -1.0 2.023 1.736 4.732 1486.961 1.515 1226.697 2.7128699761471307 1.0
26.0 0.0 Car -1.0 -1.0 -1.0 -1.0 -1.0 -1.0 -1.0 2.048 1.799 4.609 1439.002 0.894 1263.386 -2.590138422064034 1.0
26.0 13.0 Truck -1.0 -1.0 -1.0 -1.0 -1.0 -1.0 -1.0 2.126 2.782 6.093 1441.573 1.453 1253.95 -2.077623345330054 1.0
26.0 14.0 Bus -1.0 -1.0 -1.0 -1.0 -1.0 -1.0 -1.0 3.236 3.021 11.152 1460.082 2.094 1228.396 -0.6139719236948622 1.0
26.0 11.0 Car -1.0 -1.0 -1.0 -1.0 -1.0 -1.0 -1.0 1.912 1.623 4.375 1431.903 1.044 1244.975 -2.076854542591399 1.0
26.0 5.0 Car -1.0 -1.0 -1.0 -1.0 -1.0 -1.0 -1.0 2.043 1.751 5.061 1447.437 0.823 1271.89 -2.253781367051387 1.0
26.0 12.0 Car -1.0 -1.0 -1.0 -1.0 -1.0 -1.0 -1.0 1.993 1.564 4.754 1425.061 1.034 1232.747 -2.022819148943226 1.0
26.0 16.0 Car -1.0 -1.0 -1.0 -1.0 -1.0 -1.0 -1.0 1.704 1.589 4.956 1409.691 1.838 1198.128 -2.127812073041029 0.0
26.0 2.0 Car -1.0 -1.0 -1.0 -1.0 -1.0 -1.0 -1.0 1.651 1.687 2.989 1454.491 0.769 1275.66 -2.098723518138178 1.0
27.0 17.0 Truck -1.0 -1.0 -1.0 -1.0 -1.0 -1.0 -1.0 2.8 3.77 8.212 1417.168 2.388 1218.194 -2.051759653813026 0.0
27.0 15.0 Car -1.0 -1.0 -1.0 -1.0 -1.0 -1.0 -1.0 1.688 1.515 4.497 1479.095 1.37 1232.675 2.4568695109803795 0.0
27.0 8.0 Car -1.0 -1.0 -1.0 -1.0 -1.0 -1.0 -1.0 2.023 1.736 4.732 1486.961 1.515 1226.697 2.7128699761471307 0.0
27.0 0.0 Car -1.0 -1.0 -1.0 -1.0 -1.0 -1.0 -1.0 2.048 1.799 4.609 1436.684 0.844 1262.407 -2.7472180547435223 0.0
27.0 13.0 Truck -1.0 -1.0 -1.0 -1.0 -1.0 -1.0 -1.0 2.126 2.782 6.093 1439.595 1.603 1250.386 -2.077623345330054 0.0
27.0 14.0 Bus -1.0 -1.0 -1.0 -1.0 -1.0 -1.0 -1.0 3.236 3.021 11.152 1463.599 2.044 1226.008 -0.5790653386549759 0.0
27.0 11.0 Car -1.0 -1.0 -1.0 -1.0 -1.0 -1.0 -1.0 1.912 1.623 4.375 1430.213 0.994 1241.988 -2.076854542591399 0.0
27.0 5.0 Car -1.0 -1.0 -1.0 -1.0 -1.0 -1.0 -1.0 2.043 1.751 5.061 1445.414 0.913 1269.687 -2.277713012426498 0.0
27.0 12.0 Car -1.0 -1.0 -1.0 -1.0 -1.0 -1.0 -1.0 1.993 1.564 4.754 1423.321 1.073 1229.414 -2.022819148943226 0.0
27.0 16.0 Car -1.0 -1.0 -1.0 -1.0 -1.0 -1.0 -1.0 1.704 1.589 4.956 1406.858 1.94 1194.081 -2.1518919184598926 0.0
27.0 2.0 Car -1.0 -1.0 -1.0 -1.0 -1.0 -1.0 -1.0 1.651 1.687 2.989 1453.498 0.79 1273.8 -2.098723518138178 0.0
28.0 17.0 Truck -1.0 -1.0 -1.0 -1.0 -1.0 -1.0 -1.0 2.8 3.77 8.212 1415.562 2.389 1215.112 -2.0463461876627083 0.0
28.0 15.0 Car -1.0 -1.0 -1.0 -1.0 -1.0 -1.0 -1.0 1.688 1.515 4.497 1478.665 1.377 1232.995 2.435215721082848 0.0
28.0 8.0 Car -1.0 -1.0 -1.0 -1.0 -1.0 -1.0 -1.0 2.023 1.736 4.732 1487.003 1.515 1226.645 2.7128699761471307 0.0
28.0 0.0 Car -1.0 -1.0 -1.0 -1.0 -1.0 -1.0 -1.0 2.048 1.799 4.609 1434.35 0.894 1261.786 -3.0090174425426723 0.0
28.0 13.0 Truck -1.0 -1.0 -1.0 -1.0 -1.0 -1.0 -1.0 2.126 2.782 6.093 1437.779 1.653 1247.116 -2.077623345330054 0.0
28.0 14.0 Bus -1.0 -1.0 -1.0 -1.0 -1.0 -1.0 -1.0 3.236 3.021 11.152 1466.865 2.094 1224.052 -0.5441587536150898 0.0
28.0 11.0 Car -1.0 -1.0 -1.0 -1.0 -1.0 -1.0 -1.0 1.912 1.623 4.375 1428.666 1.07 1239.317 -2.076854542591399 0.0
28.0 5.0 Car -1.0 -1.0 -1.0 -1.0 -1.0 -1.0 -1.0 2.043 1.751 5.061 1443.714 0.901 1267.605 -2.299233607746944 0.0
28.0 12.0 Car -1.0 -1.0 -1.0 -1.0 -1.0 -1.0 -1.0 1.993 1.564 4.754 1421.756 1.108 1226.417 -2.022819148943226 0.0
28.0 2.0 Car -1.0 -1.0 -1.0 -1.0 -1.0 -1.0 -1.0 1.651 1.687 2.989 1452.605 0.81 1272.127 -2.098723518138178 0.0
29.0 17.0 Truck -1.0 -1.0 -1.0 -1.0 -1.0 -1.0 -1.0 2.8 3.77 8.212 1413.775 2.421 1211.685 -2.0463461876627083 0.0
29.0 15.0 Car -1.0 -1.0 -1.0 -1.0 -1.0 -1.0 -1.0 1.688 1.515 4.497 1478.187 1.384 1233.351 2.4111361032463323 0.0
29.0 8.0 Car -1.0 -1.0 -1.0 -1.0 -1.0 -1.0 -1.0 2.023 1.736 4.732 1487.049 1.515 1226.588 2.7128699761471307 0.0
29.0 0.0 Car -1.0 -1.0 -1.0 -1.0 -1.0 -1.0 -1.0 2.048 1.799 4.609 1431.982 0.894 1261.923 3.0996349394374816 0.0
29.0 13.0 Truck -1.0 -1.0 -1.0 -1.0 -1.0 -1.0 -1.0 2.126 2.782 6.093 1435.805 1.703 1243.56 -2.077623345330054 0.0
29.0 14.0 Bus -1.0 -1.0 -1.0 -1.0 -1.0 -1.0 -1.0 3.236 3.021 11.152 1469.619 2.094 1222.272 -0.5441587536150898 0.0
29.0 11.0 Car -1.0 -1.0 -1.0 -1.0 -1.0 -1.0 -1.0 1.912 1.623 4.375 1426.945 1.044 1236.347 -2.076854542591399 0.0
29.0 5.0 Car -1.0 -1.0 -1.0 -1.0 -1.0 -1.0 -1.0 2.043 1.751 5.061 1441.823 0.887 1265.29 -2.323165109501736 0.0
29.0 12.0 Car -1.0 -1.0 -1.0 -1.0 -1.0 -1.0 -1.0 1.993 1.564 4.754 1420.016 1.148 1223.085 -2.022819148943226 0.0
29.0 2.0 Car -1.0 -1.0 -1.0 -1.0 -1.0 -1.0 -1.0 1.651 1.687 2.989 1451.612 0.831 1270.267 -2.098723518138178 0.0
30.0 17.0 Truck -1.0 -1.0 -1.0 -1.0 -1.0 -1.0 -1.0 2.8 3.77 8.212 1411.922 2.502 1208.293 -2.0463461876627083 0.0
30.0 15.0 Car -1.0 -1.0 -1.0 -1.0 -1.0 -1.0 -1.0 1.688 1.515 4.497 1477.324 1.334 1234.04 2.254056470566842 0.0
30.0 8.0 Car -1.0 -1.0 -1.0 -1.0 -1.0 -1.0 -1.0 2.023 1.736 4.732 1487.066 1.504 1226.655 2.7155141882358302 0.0
30.0 0.0 Car -1.0 -1.0 -1.0 -1.0 -1.0 -1.0 -1.0 2.048 1.799 4.609 1429.586 0.794 1262.534 2.960008599277935 0.0
30.0 13.0 Truck -1.0 -1.0 -1.0 -1.0 -1.0 -1.0 -1.0 2.126 2.782 6.093 1433.75 1.683 1239.859 -2.077623345330054 0.0
30.0 14.0 Bus -1.0 -1.0 -1.0 -1.0 -1.0 -1.0 -1.0 3.236 3.021 11.152 1472.373 2.094 1220.493 -0.5441587536150898 0.0
30.0 11.0 Car -1.0 -1.0 -1.0 -1.0 -1.0 -1.0 -1.0 1.912 1.623 4.375 1425.263 1.069 1233.357 -2.076854542591399 0.0
30.0 5.0 Car -1.0 -1.0 -1.0 -1.0 -1.0 -1.0 -1.0 2.043 1.751 5.061 1439.681 0.85 1263.728 -2.5440093700227706 0.0
30.0 12.0 Car -1.0 -1.0 -1.0 -1.0 -1.0 -1.0 -1.0 1.993 1.564 4.754 1418.419 1.206 1220.047 -2.022819148943226 0.0
30.0 2.0 Car -1.0 -1.0 -1.0 -1.0 -1.0 -1.0 -1.0 1.651 1.687 2.989 1450.62 0.852 1268.407 -2.098723518138178 0.0
31.0 17.0 Truck -1.0 -1.0 -1.0 -1.0 -1.0 -1.0 -1.0 2.8 3.77 8.212 1410.069 2.584 1204.902 -2.0463461876627083 0.0
31.0 15.0 Car -1.0 -1.0 -1.0 -1.0 -1.0 -1.0 -1.0 1.688 1.515 4.497 1476.613 1.334 1234.888 2.027163667807579 0.0
31.0 8.0 Car -1.0 -1.0 -1.0 -1.0 -1.0 -1.0 -1.0 2.023 1.736 4.732 1487.082 1.494 1226.722 2.7181582310563637 0.0
31.0 0.0 Car -1.0 -1.0 -1.0 -1.0 -1.0 -1.0 -1.0 2.048 1.799 4.609 1426.802 0.794 1263.509 2.7854756740785014 0.0
31.0 13.0 Truck -1.0 -1.0 -1.0 -1.0 -1.0 -1.0 -1.0 2.126 2.782 6.093 1431.511 1.712 1235.827 -2.077623345330054 0.0
31.0 14.0 Bus -1.0 -1.0 -1.0 -1.0 -1.0 -1.0 -1.0 3.236 3.021 11.152 1474.348 2.094 1219.203 -0.5441587536150898 0.0
31.0 11.0 Car -1.0 -1.0 -1.0 -1.0 -1.0 -1.0 -1.0 1.912 1.623 4.375 1423.581 1.094 1230.366 -2.076854542591399 0.0
31.0 5.0 Car -1.0 -1.0 -1.0 -1.0 -1.0 -1.0 -1.0 2.043 1.751 5.061 1437.762 0.814 1262.855 -2.7010890027022585 0.0
31.0 12.0 Car -1.0 -1.0 -1.0 -1.0 -1.0 -1.0 -1.0 1.993 1.564 4.754 1416.722 1.314 1216.803 -2.022819148943226 0.0
31.0 2.0 Car -1.0 -1.0 -1.0 -1.0 -1.0 -1.0 -1.0 1.651 1.687 2.989 1450.381 0.902 1267.998 -2.098723518138178 0.0
32.0 17.0 Truck -1.0 -1.0 -1.0 -1.0 -1.0 -1.0 -1.0 2.8 3.77 8.212 1408.216 2.666 1201.51 -2.0463461876627083 0.0
32.0 15.0 Car -1.0 -1.0 -1.0 -1.0 -1.0 -1.0 -1.0 1.688 1.515 4.497 1476.092 1.283 1236.204 1.94845872350524 0.0
32.0 8.0 Car -1.0 -1.0 -1.0 -1.0 -1.0 -1.0 -1.0 2.023 1.736 4.732 1487.099 1.484 1226.79 2.7208025277791474 0.0
32.0 0.0 Car -1.0 -1.0 -1.0 -1.0 -1.0 -1.0 -1.0 2.048 1.799 4.609 1423.789 0.894 1264.888 2.680755918958842 0.0
32.0 13.0 Truck -1.0 -1.0 -1.0 -1.0 -1.0 -1.0 -1.0 2.126 2.782 6.093 1429.273 1.741 1231.795 -2.077623345330054 0.0
32.0 14.0 Bus -1.0 -1.0 -1.0 -1.0 -1.0 -1.0 -1.0 3.236 3.021 11.152 1475.65 2.115 1218.408 -0.5463396260948025 0.0
32.0 11.0 Car -1.0 -1.0 -1.0 -1.0 -1.0 -1.0 -1.0 1.912 1.623 4.375 1421.984 1.194 1227.499 -2.076854542591399 0.0
32.0 5.0 Car -1.0 -1.0 -1.0 -1.0 -1.0 -1.0 -1.0 2.043 1.751 5.061 1435.791 0.877 1262.35 -2.8407153428618046 0.0
32.0 12.0 Car -1.0 -1.0 -1.0 -1.0 -1.0 -1.0 -1.0 1.993 1.564 4.754 1415.025 1.422 1213.559 -2.022819148943226 0.0
32.0 2.0 Car -1.0 -1.0 -1.0 -1.0 -1.0 -1.0 -1.0 1.651 1.687 2.989 1450.381 0.915 1267.998 -2.098723518138178 0.0
33.0 17.0 Truck -1.0 -1.0 -1.0 -1.0 -1.0 -1.0 -1.0 2.8 3.77 8.212 1406.596 2.748 1198.773 -2.089979375318294 0.0
33.0 15.0 Car -1.0 -1.0 -1.0 -1.0 -1.0 -1.0 -1.0 1.688 1.515 4.497 1475.663 1.307 1237.556 1.8697583449845636 0.0
33.0 8.0 Car -1.0 -1.0 -1.0 -1.0 -1.0 -1.0 -1.0 2.023 1.736 4.732 1487.116 1.473 1226.857 2.7234466711026544 0.0
33.0 0.0 Car -1.0 -1.0 -1.0 -1.0 -1.0 -1.0 -1.0 2.048 1.799 4.609 1420.866 0.894 1266.427 2.645849333918955 0.0
33.0 13.0 Truck -1.0 -1.0 -1.0 -1.0 -1.0 -1.0 -1.0 2.126 2.782 6.093 1426.994 1.821 1227.69 -2.077623345330054 0.0
33.0 14.0 Bus -1.0 -1.0 -1.0 -1.0 -1.0 -1.0 -1.0 3.236 3.021 11.152 1476.034 2.136 1218.17 -0.5485203720591141 0.0
33.0 11.0 Car -1.0 -1.0 -1.0 -1.0 -1.0 -1.0 -1.0 1.912 1.623 4.375 1420.301 1.244 1224.475 -2.076854542591399 0.0
33.0 5.0 Car -1.0 -1.0 -1.0 -1.0 -1.0 -1.0 -1.0 2.043 1.751 5.061 1433.7 0.841 1262.096 -3.0327015605811813 0.0
33.0 12.0 Car -1.0 -1.0 -1.0 -1.0 -1.0 -1.0 -1.0 1.993 1.564 4.754 1413.309 1.469 1210.519 -2.03984415380581 0.0
33.0 2.0 Car -1.0 -1.0 -1.0 -1.0 -1.0 -1.0 -1.0 1.651 1.687 2.989 1450.381 0.877 1267.998 -2.098723518138178 0.0
34.0 17.0 Truck -1.0 -1.0 -1.0 -1.0 -1.0 -1.0 -1.0 2.8 3.77 8.212 1404.955 2.83 1196.05 -2.133612650262424 0.0
34.0 15.0 Car -1.0 -1.0 -1.0 -1.0 -1.0 -1.0 -1.0 1.688 1.515 4.497 1475.298 1.246 1239.069 1.7910578090231404 0.0
34.0 8.0 Car -1.0 -1.0 -1.0 -1.0 -1.0 -1.0 -1.0 2.023 1.736 4.732 1485.769 1.473 1227.53 2.636180208502938 0.0
34.0 0.0 Car -1.0 -1.0 -1.0 -1.0 -1.0 -1.0 -1.0 2.048 1.799 4.609 1417.971 0.994 1267.951 2.645849333918955 0.0
34.0 13.0 Truck -1.0 -1.0 -1.0 -1.0 -1.0 -1.0 -1.0 2.126 2.782 6.093 1424.654 1.9 1223.475 -2.0601700528101117 0.0
34.0 14.0 Bus -1.0 -1.0 -1.0 -1.0 -1.0 -1.0 -1.0 3.236 3.021 11.152 1476.091 2.157 1218.133 -0.5507011223860259 0.0
34.0 11.0 Car -1.0 -1.0 -1.0 -1.0 -1.0 -1.0 -1.0 1.912 1.623 4.375 1418.617 1.294 1221.451 -2.076854542591399 0.0
34.0 5.0 Car -1.0 -1.0 -1.0 -1.0 -1.0 -1.0 -1.0 2.043 1.751 5.061 1431.36 0.855 1262.311 3.0934041139189157 0.0
34.0 12.0 Car -1.0 -1.0 -1.0 -1.0 -1.0 -1.0 -1.0 1.993 1.564 4.754 1411.592 1.516 1207.48 -2.0568691927270546 0.0
34.0 2.0 Car -1.0 -1.0 -1.0 -1.0 -1.0 -1.0 -1.0 1.651 1.687 2.989 1450.381 0.89 1267.998 -2.098723518138178 0.0
35.0 17.0 Truck -1.0 -1.0 -1.0 -1.0 -1.0 -1.0 -1.0 2.8 3.77 8.212 1403.397 3.012 1193.276 -2.133612650262424 0.0
35.0 15.0 Car -1.0 -1.0 -1.0 -1.0 -1.0 -1.0 -1.0 1.688 1.515 4.497 1475.029 1.257 1240.675 1.7123605793174037 0.0
35.0 8.0 Car -1.0 -1.0 -1.0 -1.0 -1.0 -1.0 -1.0 2.023 1.736 4.732 1484.534 1.473 1228.243 2.632691991073539 0.0
35.0 0.0 Car -1.0 -1.0 -1.0 -1.0 -1.0 -1.0 -1.0 2.048 1.799 4.609 1414.792 0.894 1269.81 2.6283960413990117 0.0
35.0 13.0 Truck -1.0 -1.0 -1.0 -1.0 -1.0 -1.0 -1.0 2.126 2.782 6.093 1422.235 1.98 1219.112 -2.0601700528101117 0.0
35.0 14.0 Bus -1.0 -1.0 -1.0 -1.0 -1.0 -1.0 -1.0 3.236 3.021 11.152 1476.044 2.118 1217.928 -0.5507011223860259 0.0
35.0 11.0 Car -1.0 -1.0 -1.0 -1.0 -1.0 -1.0 -1.0 1.912 1.623 4.375 1416.656 1.344 1217.926 -2.076854542591399 0.0
35.0 5.0 Car -1.0 -1.0 -1.0 -1.0 -1.0 -1.0 -1.0 2.043 1.751 5.061 1428.546 0.868 1262.847 2.8665113111596523 0.0
35.0 12.0 Car -1.0 -1.0 -1.0 -1.0 -1.0 -1.0 -1.0 1.993 1.564 4.754 1409.876 1.564 1204.44 -2.073893516416426 0.0
35.0 2.0 Car -1.0 -1.0 -1.0 -1.0 -1.0 -1.0 -1.0 1.651 1.687 2.989 1450.381 0.902 1267.998 -2.098723518138178 0.0
36.0 17.0 Truck -1.0 -1.0 -1.0 -1.0 -1.0 -1.0 -1.0 2.8 3.77 8.212 1401.539 3.112 1190.314 -2.1161593577424807 0.0
36.0 15.0 Car -1.0 -1.0 -1.0 -1.0 -1.0 -1.0 -1.0 1.688 1.515 4.497 1474.859 1.184 1242.374 1.625737939848883 0.0
36.0 8.0 Car -1.0 -1.0 -1.0 -1.0 -1.0 -1.0 -1.0 2.023 1.736 4.732 1483.174 1.473 1229.028 2.6288524836105127 0.0
36.0 0.0 Car -1.0 -1.0 -1.0 -1.0 -1.0 -1.0 -1.0 2.048 1.799 4.609 1411.449 0.999 1271.773 2.6283960413990117 0.0
36.0 13.0 Truck -1.0 -1.0 -1.0 -1.0 -1.0 -1.0 -1.0 2.126 2.782 6.093 1419.439 2.062 1214.239 -2.077623345330054 0.0
36.0 14.0 Bus -1.0 -1.0 -1.0 -1.0 -1.0 -1.0 -1.0 3.236 3.021 11.152 1476.125 2.13 1217.918 -0.5507011223860259 0.0
36.0 11.0 Car -1.0 -1.0 -1.0 -1.0 -1.0 -1.0 -1.0 1.912 1.623 4.375 1414.627 1.347 1214.281 -2.076854542591399 0.0
36.0 5.0 Car -1.0 -1.0 -1.0 -1.0 -1.0 -1.0 -1.0 2.043 1.751 5.061 1425.359 0.828 1263.905 2.8665113111596523 0.0
36.0 12.0 Car -1.0 -1.0 -1.0 -1.0 -1.0 -1.0 -1.0 1.993 1.564 4.754 1407.987 1.615 1201.095 -2.0926323190229987 0.0
36.0 2.0 Car -1.0 -1.0 -1.0 -1.0 -1.0 -1.0 -1.0 1.651 1.687 2.989 1450.381 0.92 1267.998 -2.098723518138178 0.0
37.0 17.0 Truck -1.0 -1.0 -1.0 -1.0 -1.0 -1.0 -1.0 2.8 3.77 8.212 1399.995 3.294 1187.861 -2.1161593577424807 0.0
37.0 15.0 Car -1.0 -1.0 -1.0 -1.0 -1.0 -1.0 -1.0 1.688 1.515 4.497 1475.111 1.192 1243.821 1.50356489220928 0.0
37.0 8.0 Car -1.0 -1.0 -1.0 -1.0 -1.0 -1.0 -1.0 2.023 1.736 4.732 1481.937 1.473 1229.743 2.6253602884437894 0.0
37.0 0.0 Car -1.0 -1.0 -1.0 -1.0 -1.0 -1.0 -1.0 2.048 1.799 4.609 1408.243 1.045 1273.651 2.6283960413990117 0.0
37.0 13.0 Truck -1.0 -1.0 -1.0 -1.0 -1.0 -1.0 -1.0 2.126 2.782 6.093 1416.877 2.128 1209.77 -2.077623345330054 0.0
37.0 14.0 Bus -1.0 -1.0 -1.0 -1.0 -1.0 -1.0 -1.0 3.236 3.021 11.152 1476.199 2.141 1217.908 -0.5507011223860259 0.0
37.0 11.0 Car -1.0 -1.0 -1.0 -1.0 -1.0 -1.0 -1.0 1.912 1.623 4.375 1412.782 1.349 1210.966 -2.076854542591399 0.0
37.0 5.0 Car -1.0 -1.0 -1.0 -1.0 -1.0 -1.0 -1.0 2.043 1.751 5.061 1422.268 0.878 1265.087 2.7792448485599355 0.0
37.0 12.0 Car -1.0 -1.0 -1.0 -1.0 -1.0 -1.0 -1.0 1.993 1.564 4.754 1406.359 1.706 1198.411 -2.0926323190229987 0.0
37.0 2.0 Car -1.0 -1.0 -1.0 -1.0 -1.0 -1.0 -1.0 1.651 1.687 2.989 1450.381 0.927 1267.998 -2.098723518138178 0.0
38.0 17.0 Truck -1.0 -1.0 -1.0 -1.0 -1.0 -1.0 -1.0 2.8 3.77 8.212 1398.606 3.508 1185.654 -2.1161593577424807 0.0
38.0 15.0 Car -1.0 -1.0 -1.0 -1.0 -1.0 -1.0 -1.0 1.688 1.515 4.497 1475.419 1.134 1245.144 1.3639385520497338 0.0
38.0 8.0 Car -1.0 -1.0 -1.0 -1.0 -1.0 -1.0 -1.0 2.023 1.736 4.732 1480.825 1.473 1230.385 2.6222191669776107 0.0
38.0 0.0 Car -1.0 -1.0 -1.0 -1.0 -1.0 -1.0 -1.0 2.048 1.799 4.609 1405.359 1.131 1275.34 2.6283960413990117 0.0
38.0 13.0 Truck -1.0 -1.0 -1.0 -1.0 -1.0 -1.0 -1.0 2.126 2.782 6.093 1414.51 2.327 1205.64 -2.077623345330054 0.0
38.0 14.0 Bus -1.0 -1.0 -1.0 -1.0 -1.0 -1.0 -1.0 3.236 3.021 11.152 1476.265 2.15 1217.9 -0.5507011223860259 0.0
38.0 11.0 Car -1.0 -1.0 -1.0 -1.0 -1.0 -1.0 -1.0 1.912 1.623 4.375 1411.137 1.394 1208.01 -2.076854542591399 0.0
38.0 5.0 Car -1.0 -1.0 -1.0 -1.0 -1.0 -1.0 -1.0 2.043 1.751 5.061 1419.154 0.907 1266.416 2.7792448485599355 0.0
38.0 12.0 Car -1.0 -1.0 -1.0 -1.0 -1.0 -1.0 -1.0 1.993 1.564 4.754 1404.893 1.788 1195.997 -2.0926323190229987 0.0
38.0 2.0 Car -1.0 -1.0 -1.0 -1.0 -1.0 -1.0 -1.0 1.651 1.687 2.989 1450.381 0.902 1267.998 -2.098723518138178 0.0
