0.0 0.0 Car -1.0 -1.0 -1.0 -1.0 -1.0 -1.0 -1.0 2.322 1.747 4.814 610.721 0.93 561.626 2.4504946296672845 0.0
1.0 0.0 Car -1.0 -1.0 -1.0 -1.0 -1.0 -1.0 -1.0 2.322 1.747 4.814 609.422 0.93 562.7 2.4504946296672845 1.0
2.0 0.0 Car -1.0 -1.0 -1.0 -1.0 -1.0 -1.0 -1.0 2.322 1.747 4.814 607.862 0.93 564.116 2.4504946296672845 1.0
3.0 0.0 Car -1.0 -1.0 -1.0 -1.0 -1.0 -1.0 -1.0 2.322 1.747 4.814 606.359 0.93 565.401 2.4504946296672845 1.0
4.0 0.0 Car -1.0 -1.0 -1.0 -1.0 -1.0 -1.0 -1.0 2.322 1.747 4.814 604.888 0.93 566.572 2.4504946296672845 1.0
5.0 0.0 Car -1.0 -1.0 -1.0 -1.0 -1.0 -1.0 -1.0 2.322 1.747 4.814 603.522 0.93 567.769 2.4504946296672845 1.0
6.0 0.0 Car -1.0 -1.0 -1.0 -1.0 -1.0 -1.0 -1.0 2.322 1.747 4.814 602.049 0.93 568.984 2.4504946296672845 1.0
7.0 0.0 Car -1.0 -1.0 -1.0 -1.0 -1.0 -1.0 -1.0 2.322 1.747 4.814 600.712 0.93 570.166 2.4504946296672845 1.0
8.0 0.0 Car -1.0 -1.0 -1.0 -1.0 -1.0 -1.0 -1.0 2.322 1.747 4.814 598.876 0.93 571.765 2.4504946296672845 1.0
9.0 0.0 Car -1.0 -1.0 -1.0 -1.0 -1.0 -1.0 -1.0 2.322 1.747 4.814 597.159 0.93 573.258 2.4504946296672845 1.0
10.0 0.0 Car -1.0 -1.0 -1.0 -1.0 -1.0 -1.0 -1.0 2.322 1.747 4.814 595.041 0.93 574.866 2.4504946296672845 1.0
11.0 0.0 Car -1.0 -1.0 -1.0 -1.0 -1.0 -1.0 -1.0 2.322 1.747 4.814 592.85 0.928 576.796 2.433041337147341 1.0
12.0 0.0 Car -1.0 -1.0 -1.0 -1.0 -1.0 -1.0 -1.0 2.322 1.747 4.814 590.701 0.924 578.637 2.4504946296672845 1.0
13.0 0.0 Car -1.0 -1.0 -1.0 -1.0 -1.0 -1.0 -1.0 2.322 1.747 4.814 588.18 0.921 580.7 2.4504946296672845 1.0
14.0 0.0 Car -1.0 -1.0 -1.0 -1.0 -1.0 -1.0 -1.0 2.322 1.747 4.814 585.81 0.918 582.605 2.4504946296672845 1.0
15.0 0.0 Car -1.0 -1.0 -1.0 -1.0 -1.0 -1.0 -1.0 2.322 1.747 4.814 583.81 0.915 584.212 2.4504946296672845 1.0
16.0 0.0 Car -1.0 -1.0 -1.0 -1.0 -1.0 -1.0 -1.0 2.322 1.747 4.814 582.262 0.912 585.563 2.4504946296672845 1.0
17.0 0.0 Car -1.0 -1.0 -1.0 -1.0 -1.0 -1.0 -1.0 2.322 1.747 4.814 580.901 0.909 586.674 2.4504946296672845 1.0
18.0 0.0 Car -1.0 -1.0 -1.0 -1.0 -1.0 -1.0 -1.0 2.322 1.747 4.814 579.9 0.906 587.573 2.4504946296672845 1.0
19.0 0.0 Car -1.0 -1.0 -1.0 -1.0 -1.0 -1.0 -1.0 2.322 1.747 4.814 579.398 0.902 587.93 2.4504946296672845 1.0
20.0 0.0 Car -1.0 -1.0 -1.0 -1.0 -1.0 -1.0 -1.0 2.322 1.747 4.814 579.033 0.899 588.218 2.4504946296672845 1.0
21.0 0.0 Car -1.0 -1.0 -1.0 -1.0 -1.0 -1.0 -1.0 2.322 1.747 4.814 578.575 0.896 588.542 2.4504946296672845 1.0
22.0 0.0 Car -1.0 -1.0 -1.0 -1.0 -1.0 -1.0 -1.0 2.322 1.747 4.814 578.156 0.893 588.962 2.4504946296672845 1.0
23.0 0.0 Car -1.0 -1.0 -1.0 -1.0 -1.0 -1.0 -1.0 2.322 1.747 4.814 577.635 0.89 589.405 2.4504946296672845 1.0
24.0 0.0 Car -1.0 -1.0 -1.0 -1.0 -1.0 -1.0 -1.0 2.322 1.747 4.814 576.98 0.887 589.892 2.4504946296672845 1.0
25.0 0.0 Car -1.0 -1.0 -1.0 -1.0 -1.0 -1.0 -1.0 2.322 1.747 4.814 576.105 0.884 590.559 2.4504946296672845 1.0
26.0 0.0 Car -1.0 -1.0 -1.0 -1.0 -1.0 -1.0 -1.0 2.322 1.747 4.814 575.093 0.881 591.513 2.4504946296672845 1.0
27.0 0.0 Car -1.0 -1.0 -1.0 -1.0 -1.0 -1.0 -1.0 2.322 1.747 4.814 573.548 0.877 592.52 2.4504946296672845 1.0
28.0 0.0 Car -1.0 -1.0 -1.0 -1.0 -1.0 -1.0 -1.0 2.322 1.747 4.814 571.829 0.874 594.012 2.4504946296672845 0.0
29.0 0.0 Car -1.0 -1.0 -1.0 -1.0 -1.0 -1.0 -1.0 2.322 1.747 4.814 569.926 0.871 595.695 2.433041337147341 0.0
30.0 0.0 Car -1.0 -1.0 -1.0 -1.0 -1.0 -1.0 -1.0 2.322 1.747 4.814 567.903 0.918 597.479 2.415588044627398 0.0
31.0 0.0 Car -1.0 -1.0 -1.0 -1.0 -1.0 -1.0 -1.0 2.322 1.747 4.814 565.561 0.965 599.665 2.415588044627398 0.0
32.0 0.0 Car -1.0 -1.0 -1.0 -1.0 -1.0 -1.0 -1.0 2.322 1.747 4.814 563.254 0.962 602.03 2.3981347521074543 0.0
33.0 0.0 Car -1.0 -1.0 -1.0 -1.0 -1.0 -1.0 -1.0 2.322 1.747 4.814 561.013 0.959 604.444 2.415588044627398 0.0
34.0 0.0 Car -1.0 -1.0 -1.0 -1.0 -1.0 -1.0 -1.0 2.322 1.747 4.814 558.454 0.956 607.059 2.415588044627398 0.0
35.0 0.0 Car -1.0 -1.0 -1.0 -1.0 -1.0 -1.0 -1.0 2.322 1.747 4.814 556.431 0.953 609.171 2.415588044627398 0.0
36.0 0.0 Car -1.0 -1.0 -1.0 -1.0 -1.0 -1.0 -1.0 2.322 1.747 4.814 553.873 0.95 611.837 2.415588044627398 0.0
37.0 0.0 Car -1.0 -1.0 -1.0 -1.0 -1.0 -1.0 -1.0 2.322 1.747 4.814 551.185 0.897 614.449 2.415588044627398 0.0
38.0 0.0 Car -1.0 -1.0 -1.0 -1.0 -1.0 -1.0 -1.0 2.322 1.747 4.814 548.275 0.843 617.002 2.415588044627398 0.0
39.0 0.0 Car -1.0 -1.0 -1.0 -1.0 -1.0 -1.0 -1.0 2.322 1.747 4.814 545.64 0.79 619.524 2.415588044627398 0.0
