0.0 1.0 Car -1.0 -1.0 -1.0 -1.0 -1.0 -1.0 -1.0 1.921 1.624 5.369 1703.871 0.612 1264.432 2.4943189745302283 0.0
0.0 0.0 Car -1.0 -1.0 -1.0 -1.0 -1.0 -1.0 -1.0 2.032 1.771 5.089 1659.278 0.776 1284.14 2.6342254400751806 0.0
1.0 1.0 Car -1.0 -1.0 -1.0 -1.0 -1.0 -1.0 -1.0 1.921 1.624 5.369 1701.289 0.837 1266.315 2.5100379626223264 1.0
1.0 0.0 Car -1.0 -1.0 -1.0 -1.0 -1.0 -1.0 -1.0 2.032 1.771 5.089 1656.286 0.801 1285.603 2.6342254400751806 1.0
2.0 1.0 Car -1.0 -1.0 -1.0 -1.0 -1.0 -1.0 -1.0 1.921 1.624 5.369 1699.154 0.862 1267.905 2.455941291550576 1.0
2.0 0.0 Car -1.0 -1.0 -1.0 -1.0 -1.0 -1.0 -1.0 2.032 1.771 5.089 1653.293 0.826 1287.067 2.6342254400751806 0.0
3.0 1.0 Car -1.0 -1.0 -1.0 -1.0 -1.0 -1.0 -1.0 1.921 1.624 5.369 1697.265 0.812 1269.673 2.445351068089512 1.0
3.0 2.0 Car -1.0 -1.0 -1.0 -1.0 -1.0 -1.0 -1.0 2.166 2.404 5.521 1699.199 1.331 1262.157 2.628413493635348 0.0
3.0 0.0 Car -1.0 -1.0 -1.0 -1.0 -1.0 -1.0 -1.0 2.032 1.771 5.089 1650.441 0.851 1288.451 2.6254637752825327 0.0
4.0 1.0 Car -1.0 -1.0 -1.0 -1.0 -1.0 -1.0 -1.0 1.921 1.624 5.369 1695.478 0.712 1271.442 2.4524383052269405 1.0
4.0 2.0 Car -1.0 -1.0 -1.0 -1.0 -1.0 -1.0 -1.0 2.166 2.404 5.521 1694.544 1.306 1264.801 2.628413493635348 1.0
4.0 0.0 Car -1.0 -1.0 -1.0 -1.0 -1.0 -1.0 -1.0 2.032 1.771 5.089 1647.611 0.876 1289.825 2.616772147555237 0.0
5.0 1.0 Car -1.0 -1.0 -1.0 -1.0 -1.0 -1.0 -1.0 1.921 1.624 5.369 1693.86 0.712 1272.829 2.4943189745302283 1.0
5.0 2.0 Car -1.0 -1.0 -1.0 -1.0 -1.0 -1.0 -1.0 2.166 2.404 5.521 1689.868 1.281 1267.456 2.628413493635348 1.0
5.0 0.0 Car -1.0 -1.0 -1.0 -1.0 -1.0 -1.0 -1.0 2.032 1.771 5.089 1644.18 0.901 1292.354 2.616772147555237 0.0
6.0 1.0 Car -1.0 -1.0 -1.0 -1.0 -1.0 -1.0 -1.0 1.921 1.624 5.369 1693.486 0.678 1273.255 2.511772267050172 0.0
6.0 2.0 Car -1.0 -1.0 -1.0 -1.0 -1.0 -1.0 -1.0 2.166 2.404 5.521 1685.308 1.231 1270.049 2.628413493635348 1.0
6.0 0.0 Car -1.0 -1.0 -1.0 -1.0 -1.0 -1.0 -1.0 2.032 1.771 5.089 1640.468 0.926 1294.399 2.616772147555237 0.0
7.0 1.0 Car -1.0 -1.0 -1.0 -1.0 -1.0 -1.0 -1.0 1.921 1.624 5.369 1690.695 0.745 1275.048 2.5641321446100016 0.0
7.0 2.0 Car -1.0 -1.0 -1.0 -1.0 -1.0 -1.0 -1.0 2.166 2.404 5.521 1680.754 1.181 1272.638 2.628413493635348 1.0
7.0 0.0 Car -1.0 -1.0 -1.0 -1.0 -1.0 -1.0 -1.0 2.032 1.771 5.089 1637.214 0.751 1296.179 2.616772147555237 0.0
8.0 1.0 Car -1.0 -1.0 -1.0 -1.0 -1.0 -1.0 -1.0 1.921 1.624 5.369 1690.287 0.712 1275.254 2.5641321446100016 0.0
8.0 2.0 Car -1.0 -1.0 -1.0 -1.0 -1.0 -1.0 -1.0 2.166 2.404 5.521 1676.363 1.131 1275.062 2.6187113325363462 1.0
8.0 0.0 Car -1.0 -1.0 -1.0 -1.0 -1.0 -1.0 -1.0 2.032 1.771 5.089 1633.957 0.976 1297.96 2.616772147555237 0.0
9.0 1.0 Car -1.0 -1.0 -1.0 -1.0 -1.0 -1.0 -1.0 1.921 1.624 5.369 1689.699 0.612 1275.549 2.5641321446100016 0.0
9.0 2.0 Car -1.0 -1.0 -1.0 -1.0 -1.0 -1.0 -1.0 2.166 2.404 5.521 1672.855 1.091 1276.999 2.6109602011154043 1.0
9.0 0.0 Car -1.0 -1.0 -1.0 -1.0 -1.0 -1.0 -1.0 2.032 1.771 5.089 1631.548 0.996 1299.717 2.616772147555237 0.0
10.0 1.0 Car -1.0 -1.0 -1.0 -1.0 -1.0 -1.0 -1.0 1.921 1.624 5.369 1689.562 0.562 1275.639 2.5641321446100016 0.0
10.0 2.0 Car -1.0 -1.0 -1.0 -1.0 -1.0 -1.0 -1.0 2.166 2.404 5.521 1668.742 1.091 1279.432 2.628413493635348 0.0
10.0 0.0 Car -1.0 -1.0 -1.0 -1.0 -1.0 -1.0 -1.0 2.032 1.771 5.089 1628.835 1.221 1301.74 2.5993188550352935 0.0
11.0 1.0 Car -1.0 -1.0 -1.0 -1.0 -1.0 -1.0 -1.0 1.921 1.624 5.369 1689.439 0.562 1275.719 2.5641321446100016 0.0
11.0 2.0 Car -1.0 -1.0 -1.0 -1.0 -1.0 -1.0 -1.0 2.166 2.404 5.521 1664.033 1.191 1282.113 2.6109602011154043 0.0
11.0 0.0 Car -1.0 -1.0 -1.0 -1.0 -1.0 -1.0 -1.0 2.032 1.771 5.089 1625.99 1.645 1303.434 2.5993188550352935 0.0
12.0 1.0 Car -1.0 -1.0 -1.0 -1.0 -1.0 -1.0 -1.0 1.921 1.624 5.369 1689.486 0.562 1275.688 2.5641321446100016 0.0
12.0 2.0 Car -1.0 -1.0 -1.0 -1.0 -1.0 -1.0 -1.0 2.166 2.404 5.521 1659.981 1.366 1284.424 2.6196914711385073 0.0
12.0 0.0 Car -1.0 -1.0 -1.0 -1.0 -1.0 -1.0 -1.0 2.032 1.771 5.089 1623.104 1.52 1305.072 2.5818655625153504 0.0
13.0 1.0 Car -1.0 -1.0 -1.0 -1.0 -1.0 -1.0 -1.0 1.921 1.624 5.369 1689.534 0.562 1275.657 2.5641321446100016 0.0
13.0 2.0 Car -1.0 -1.0 -1.0 -1.0 -1.0 -1.0 -1.0 2.166 2.404 5.521 1655.934 1.541 1286.733 2.628413493635348 0.0
13.0 0.0 Car -1.0 -1.0 -1.0 -1.0 -1.0 -1.0 -1.0 2.032 1.771 5.089 1621.106 1.795 1306.133 2.5993188550352935 0.0
14.0 3.0 Car -1.0 -1.0 -1.0 -1.0 -1.0 -1.0 -1.0 1.798 1.567 4.327 1750.533 0.473 1235.947 2.6274884691446774 0.0
14.0 1.0 Car -1.0 -1.0 -1.0 -1.0 -1.0 -1.0 -1.0 1.921 1.624 5.369 1689.622 0.588 1275.688 2.5641321446100016 0.0
14.0 2.0 Car -1.0 -1.0 -1.0 -1.0 -1.0 -1.0 -1.0 2.166 2.404 5.521 1652.194 1.516 1288.824 2.628413493635348 0.0
15.0 3.0 Car -1.0 -1.0 -1.0 -1.0 -1.0 -1.0 -1.0 1.798 1.567 4.327 1746.165 0.51 1238.519 2.6274884691446774 1.0
15.0 1.0 Car -1.0 -1.0 -1.0 -1.0 -1.0 -1.0 -1.0 1.921 1.624 5.369 1689.665 0.612 1275.66 2.5641321446100016 0.0
15.0 2.0 Car -1.0 -1.0 -1.0 -1.0 -1.0 -1.0 -1.0 2.166 2.404 5.521 1648.654 1.543 1290.781 2.631617709458463 0.0
16.0 3.0 Car -1.0 -1.0 -1.0 -1.0 -1.0 -1.0 -1.0 1.798 1.567 4.327 1741.306 0.551 1241.379 2.6274884691446774 1.0
16.0 1.0 Car -1.0 -1.0 -1.0 -1.0 -1.0 -1.0 -1.0 1.921 1.624 5.369 1689.671 0.612 1275.67 2.5641321446100016 0.0
16.0 2.0 Car -1.0 -1.0 -1.0 -1.0 -1.0 -1.0 -1.0 2.166 2.404 5.521 1644.716 1.572 1292.958 2.6351813668576964 0.0
17.0 3.0 Car -1.0 -1.0 -1.0 -1.0 -1.0 -1.0 -1.0 1.798 1.567 4.327 1736.348 0.592 1244.041 2.639114791689259 1.0
17.0 1.0 Car -1.0 -1.0 -1.0 -1.0 -1.0 -1.0 -1.0 1.921 1.624 5.369 1689.688 0.612 1275.696 2.581585437129945 0.0
17.0 2.0 Car -1.0 -1.0 -1.0 -1.0 -1.0 -1.0 -1.0 2.166 2.404 5.521 1640.783 1.601 1295.132 2.6387403552587667 0.0
18.0 3.0 Car -1.0 -1.0 -1.0 -1.0 -1.0 -1.0 -1.0 1.798 1.567 4.327 1731.385 0.633 1246.707 2.6507545270718995 1.0
18.0 2.0 Car -1.0 -1.0 -1.0 -1.0 -1.0 -1.0 -1.0 2.166 2.404 5.521 1637.136 1.501 1297.119 2.642303449526924 0.0
19.0 3.0 Car -1.0 -1.0 -1.0 -1.0 -1.0 -1.0 -1.0 1.798 1.567 4.327 1726.421 0.674 1249.373 2.662395054184564 1.0
19.0 2.0 Car -1.0 -1.0 -1.0 -1.0 -1.0 -1.0 -1.0 2.166 2.404 5.521 1633.488 1.4 1299.106 2.645866786155291 0.0
20.0 3.0 Car -1.0 -1.0 -1.0 -1.0 -1.0 -1.0 -1.0 1.798 1.567 4.327 1721.489 0.664 1252.109 2.644932130413575 1.0
20.0 2.0 Car -1.0 -1.0 -1.0 -1.0 -1.0 -1.0 -1.0 2.166 2.404 5.521 1630.079 1.433 1301.008 2.640042531578452 0.0
21.0 3.0 Car -1.0 -1.0 -1.0 -1.0 -1.0 -1.0 -1.0 1.798 1.567 4.327 1716.563 0.654 1254.842 2.6274884691446774 1.0
21.0 2.0 Car -1.0 -1.0 -1.0 -1.0 -1.0 -1.0 -1.0 2.166 2.404 5.521 1626.673 1.466 1302.908 2.6342247014536375 0.0
22.0 3.0 Car -1.0 -1.0 -1.0 -1.0 -1.0 -1.0 -1.0 1.798 1.567 4.327 1711.945 0.668 1257.384 2.6357916808583743 1.0
23.0 3.0 Car -1.0 -1.0 -1.0 -1.0 -1.0 -1.0 -1.0 1.798 1.567 4.327 1706.856 0.685 1260.185 2.6449417616646205 1.0
24.0 3.0 Car -1.0 -1.0 -1.0 -1.0 -1.0 -1.0 -1.0 1.798 1.567 4.327 1702.592 0.747 1262.471 2.6405795751570094 1.0
25.0 3.0 Car -1.0 -1.0 -1.0 -1.0 -1.0 -1.0 -1.0 1.798 1.567 4.327 1698.324 0.81 1264.758 2.636212868339302 1.0
26.0 3.0 Car -1.0 -1.0 -1.0 -1.0 -1.0 -1.0 -1.0 1.798 1.567 4.327 1694.06 0.872 1267.044 2.6318506818316907 0.0
27.0 3.0 Car -1.0 -1.0 -1.0 -1.0 -1.0 -1.0 -1.0 1.798 1.567 4.327 1689.797 0.935 1269.329 2.6274884691446774 0.0
28.0 3.0 Car -1.0 -1.0 -1.0 -1.0 -1.0 -1.0 -1.0 1.798 1.567 4.327 1685.428 1.022 1271.742 2.636220245236297 0.0
29.0 3.0 Car -1.0 -1.0 -1.0 -1.0 -1.0 -1.0 -1.0 1.798 1.567 4.327 1681.064 1.11 1274.152 2.6449417616646205 0.0
30.0 3.0 Car -1.0 -1.0 -1.0 -1.0 -1.0 -1.0 -1.0 1.798 1.567 4.327 1676.639 1.248 1276.495 2.5925818841047907 0.0
31.0 3.0 Car -1.0 -1.0 -1.0 -1.0 -1.0 -1.0 -1.0 1.798 1.567 4.327 1672.736 1.335 1279.089 2.5838712589837907 0.0
32.0 3.0 Car -1.0 -1.0 -1.0 -1.0 -1.0 -1.0 -1.0 1.798 1.567 4.327 1668.818 1.422 1281.693 2.575128591584847 0.0
33.0 3.0 Car -1.0 -1.0 -1.0 -1.0 -1.0 -1.0 -1.0 1.798 1.567 4.327 1664.816 1.509 1284.176 2.6013071424963066 0.0
34.0 3.0 Car -1.0 -1.0 -1.0 -1.0 -1.0 -1.0 -1.0 1.798 1.567 4.327 1660.75 1.596 1286.555 2.6274884691446774 0.0
35.0 3.0 Car -1.0 -1.0 -1.0 -1.0 -1.0 -1.0 -1.0 1.798 1.567 4.327 1655.761 1.709 1289.419 2.6274884691446774 0.0
36.0 3.0 Car -1.0 -1.0 -1.0 -1.0 -1.0 -1.0 -1.0 1.798 1.567 4.327 1650.772 1.821 1292.283 2.6274884691446774 0.0
37.0 3.0 Car -1.0 -1.0 -1.0 -1.0 -1.0 -1.0 -1.0 1.798 1.567 4.327 1645.738 1.883 1295.07 2.618761953816216 0.0
