0.0 1.0 Car -1.0 -1.0 -1.0 -1.0 -1.0 -1.0 -1.0 2.294 2.038 5.175 1264.048 1.866 1030.482 -2.288405902060099 0.0
0.0 3.0 Car -1.0 -1.0 -1.0 -1.0 -1.0 -1.0 -1.0 1.8 1.725 4.115 1238.342 0.726 962.441 2.4075595301022403 0.0
0.0 4.0 Car -1.0 -1.0 -1.0 -1.0 -1.0 -1.0 -1.0 1.992 1.611 4.569 1260.946 1.398 1009.882 0.8604822278384372 0.0
1.0 1.0 Car -1.0 -1.0 -1.0 -1.0 -1.0 -1.0 -1.0 2.294 2.038 5.175 1264.037 1.791 1030.468 -2.288405902060099 1.0
1.0 3.0 Car -1.0 -1.0 -1.0 -1.0 -1.0 -1.0 -1.0 1.8 1.725 4.115 1237.781 0.726 962.967 2.3784817424328866 1.0
1.0 4.0 Car -1.0 -1.0 -1.0 -1.0 -1.0 -1.0 -1.0 1.992 1.611 4.569 1263.478 1.398 1012.743 0.8569939336504129 1.0
2.0 1.0 Car -1.0 -1.0 -1.0 -1.0 -1.0 -1.0 -1.0 2.294 2.038 5.175 1264.025 1.716 1030.455 -2.288405902060099 1.0
2.0 7.0 Car -1.0 -1.0 -1.0 -1.0 -1.0 -1.0 -1.0 2.146 2.0 4.877 1252.934 1.406 1017.265 -2.2692421868641315 0.0
2.0 3.0 Car -1.0 -1.0 -1.0 -1.0 -1.0 -1.0 -1.0 1.8 1.725 4.115 1237.236 0.726 963.51 2.34937062248582 1.0
2.0 4.0 Car -1.0 -1.0 -1.0 -1.0 -1.0 -1.0 -1.0 1.992 1.611 4.569 1266.012 1.398 1015.608 0.8535016407816104 1.0
3.0 1.0 Car -1.0 -1.0 -1.0 -1.0 -1.0 -1.0 -1.0 2.294 2.038 5.175 1264.007 1.666 1030.465 -2.288405902060099 1.0
3.0 7.0 Car -1.0 -1.0 -1.0 -1.0 -1.0 -1.0 -1.0 2.146 2.0 4.877 1252.338 1.383 1016.561 -2.2692421868641315 1.0
3.0 3.0 Car -1.0 -1.0 -1.0 -1.0 -1.0 -1.0 -1.0 1.8 1.725 4.115 1236.706 0.726 964.068 2.320293067502524 1.0
3.0 6.0 Car -1.0 -1.0 -1.0 -1.0 -1.0 -1.0 -1.0 2.115 1.881 5.256 1257.251 1.525 1022.546 -2.2343356018242453 0.0
3.0 4.0 Car -1.0 -1.0 -1.0 -1.0 -1.0 -1.0 -1.0 1.992 1.611 4.569 1268.544 1.398 1018.469 0.850013374507588 1.0
4.0 1.0 Car -1.0 -1.0 -1.0 -1.0 -1.0 -1.0 -1.0 2.294 2.038 5.175 1263.989 1.616 1030.476 -2.288405902060099 1.0
4.0 7.0 Car -1.0 -1.0 -1.0 -1.0 -1.0 -1.0 -1.0 2.146 2.0 4.877 1251.741 1.359 1015.857 -2.2692421868641315 1.0
4.0 3.0 Car -1.0 -1.0 -1.0 -1.0 -1.0 -1.0 -1.0 1.8 1.725 4.115 1236.309 0.726 964.63 2.297760913405593 1.0
4.0 6.0 Car -1.0 -1.0 -1.0 -1.0 -1.0 -1.0 -1.0 2.115 1.881 5.256 1257.08 1.426 1022.325 -2.2343356018242453 1.0
4.0 4.0 Car -1.0 -1.0 -1.0 -1.0 -1.0 -1.0 -1.0 1.992 1.611 4.569 1271.079 1.398 1021.334 0.8465212072517941 1.0
5.0 1.0 Car -1.0 -1.0 -1.0 -1.0 -1.0 -1.0 -1.0 2.294 2.038 5.175 1263.877 1.516 1030.379 -2.288405902060099 1.0
5.0 5.0 Car -1.0 -1.0 -1.0 -1.0 -1.0 -1.0 -1.0 2.036 1.864 4.5 1271.867 1.967 1059.857 -0.7806334142861276 0.0
5.0 7.0 Car -1.0 -1.0 -1.0 -1.0 -1.0 -1.0 -1.0 2.146 2.0 4.877 1250.578 1.135 1014.444 -2.251788894344188 0.0
5.0 3.0 Car -1.0 -1.0 -1.0 -1.0 -1.0 -1.0 -1.0 1.8 1.725 4.115 1235.911 0.726 965.191 2.2752280839086736 1.0
5.0 6.0 Car -1.0 -1.0 -1.0 -1.0 -1.0 -1.0 -1.0 2.115 1.881 5.256 1256.91 1.327 1022.104 -2.2343356018242453 1.0
5.0 4.0 Car -1.0 -1.0 -1.0 -1.0 -1.0 -1.0 -1.0 1.992 1.611 4.569 1273.613 1.398 1024.198 0.8430289353184932 1.0
6.0 1.0 Car -1.0 -1.0 -1.0 -1.0 -1.0 -1.0 -1.0 2.294 2.038 5.175 1263.368 1.516 1029.831 -2.288405902060099 1.0
6.0 5.0 Car -1.0 -1.0 -1.0 -1.0 -1.0 -1.0 -1.0 2.036 1.864 4.5 1273.44 1.912 1058.442 -0.7457268292462413 1.0
6.0 7.0 Car -1.0 -1.0 -1.0 -1.0 -1.0 -1.0 -1.0 2.146 2.0 4.877 1249.004 1.109 1012.585 -2.251788894344188 0.0
6.0 3.0 Car -1.0 -1.0 -1.0 -1.0 -1.0 -1.0 -1.0 1.8 1.725 4.115 1235.514 0.726 965.78 2.2504798974227507 1.0
6.0 6.0 Car -1.0 -1.0 -1.0 -1.0 -1.0 -1.0 -1.0 2.115 1.881 5.256 1256.338 1.219 1021.401 -2.2343356018242453 1.0
6.0 4.0 Car -1.0 -1.0 -1.0 -1.0 -1.0 -1.0 -1.0 1.992 1.611 4.569 1274.706 1.347 1025.441 0.8340154506337372 1.0
6.0 8.0 Car -1.0 -1.0 -1.0 -1.0 -1.0 -1.0 -1.0 2.104 2.0 4.718 1310.593 2.963 1086.004 -2.2748621469685832 0.0
7.0 1.0 Car -1.0 -1.0 -1.0 -1.0 -1.0 -1.0 -1.0 2.294 2.038 5.175 1263.367 1.441 1029.774 -2.288405902060099 1.0
7.0 5.0 Car -1.0 -1.0 -1.0 -1.0 -1.0 -1.0 -1.0 2.036 1.864 4.5 1275.229 1.862 1057.046 -0.6235537816066397 1.0
7.0 7.0 Car -1.0 -1.0 -1.0 -1.0 -1.0 -1.0 -1.0 2.146 2.0 4.877 1247.33 1.085 1010.596 -2.251788894344188 0.0
7.0 3.0 Car -1.0 -1.0 -1.0 -1.0 -1.0 -1.0 -1.0 1.8 1.725 4.115 1235.25 0.726 966.143 2.1588250838722165 1.0
7.0 6.0 Car -1.0 -1.0 -1.0 -1.0 -1.0 -1.0 -1.0 2.115 1.881 5.256 1255.818 1.12 1020.761 -2.2343356018242453 1.0
7.0 4.0 Car -1.0 -1.0 -1.0 -1.0 -1.0 -1.0 -1.0 1.992 1.611 4.569 1275.7 1.3 1026.572 0.8258179015179055 0.0
7.0 8.0 Car -1.0 -1.0 -1.0 -1.0 -1.0 -1.0 -1.0 2.104 2.0 4.718 1308.283 2.813 1083.291 -2.2748621469685832 1.0
8.0 1.0 Car -1.0 -1.0 -1.0 -1.0 -1.0 -1.0 -1.0 2.294 2.038 5.175 1262.991 1.365 1029.383 -2.288405902060099 1.0
8.0 5.0 Car -1.0 -1.0 -1.0 -1.0 -1.0 -1.0 -1.0 2.036 1.864 4.5 1277.173 1.812 1055.843 -0.5188340264869811 1.0
8.0 7.0 Car -1.0 -1.0 -1.0 -1.0 -1.0 -1.0 -1.0 2.146 2.0 4.877 1245.173 0.986 1007.984 -2.251788894344188 0.0
8.0 3.0 Car -1.0 -1.0 -1.0 -1.0 -1.0 -1.0 -1.0 1.8 1.725 4.115 1234.99 0.726 966.58 2.0671702703216823 1.0
8.0 6.0 Car -1.0 -1.0 -1.0 -1.0 -1.0 -1.0 -1.0 2.115 1.881 5.256 1254.906 1.045 1019.621 -2.2343356018242453 1.0
8.0 4.0 Car -1.0 -1.0 -1.0 -1.0 -1.0 -1.0 -1.0 1.992 1.611 4.569 1276.694 1.254 1027.702 0.8176203524020738 0.0
8.0 8.0 Car -1.0 -1.0 -1.0 -1.0 -1.0 -1.0 -1.0 2.104 2.0 4.718 1305.819 2.663 1080.454 -2.2748621469685832 0.0
9.0 1.0 Car -1.0 -1.0 -1.0 -1.0 -1.0 -1.0 -1.0 2.294 2.038 5.175 1262.757 1.29 1029.104 -2.288405902060099 1.0
9.0 5.0 Car -1.0 -1.0 -1.0 -1.0 -1.0 -1.0 -1.0 2.036 1.864 4.5 1279.449 1.762 1054.641 -0.43156756388726564 1.0
9.0 7.0 Car -1.0 -1.0 -1.0 -1.0 -1.0 -1.0 -1.0 2.146 2.0 4.877 1243.018 0.887 1005.374 -2.251788894344188 0.0
9.0 3.0 Car -1.0 -1.0 -1.0 -1.0 -1.0 -1.0 -1.0 1.8 1.725 4.115 1234.701 0.726 967.168 1.9756109842045062 1.0
9.0 6.0 Car -1.0 -1.0 -1.0 -1.0 -1.0 -1.0 -1.0 2.115 1.881 5.256 1253.837 0.97 1018.28 -2.2343356018242453 1.0
9.0 4.0 Car -1.0 -1.0 -1.0 -1.0 -1.0 -1.0 -1.0 1.992 1.611 4.569 1277.687 1.207 1028.831 0.8094313472000476 0.0
9.0 8.0 Car -1.0 -1.0 -1.0 -1.0 -1.0 -1.0 -1.0 2.104 2.0 4.718 1303.976 2.513 1078.317 -2.2748621469685832 0.0
10.0 1.0 Car -1.0 -1.0 -1.0 -1.0 -1.0 -1.0 -1.0 2.294 2.038 5.175 1261.925 1.22 1028.143 -2.2804694926179665 1.0
10.0 5.0 Car -1.0 -1.0 -1.0 -1.0 -1.0 -1.0 -1.0 2.036 1.864 4.5 1282.005 1.712 1053.778 -0.23958134616788906 1.0
10.0 7.0 Car -1.0 -1.0 -1.0 -1.0 -1.0 -1.0 -1.0 2.146 2.0 4.877 1240.65 0.788 1002.404 -2.251788894344188 0.0
10.0 3.0 Car -1.0 -1.0 -1.0 -1.0 -1.0 -1.0 -1.0 1.8 1.725 4.115 1234.341 0.726 968.113 1.8839607545039414 1.0
10.0 6.0 Car -1.0 -1.0 -1.0 -1.0 -1.0 -1.0 -1.0 2.115 1.881 5.256 1252.33 0.97 1016.353 -2.2343356018242453 1.0
10.0 4.0 Car -1.0 -1.0 -1.0 -1.0 -1.0 -1.0 -1.0 1.992 1.611 4.569 1278.041 1.134 1029.252 0.8091314575229869 0.0
10.0 8.0 Car -1.0 -1.0 -1.0 -1.0 -1.0 -1.0 -1.0 2.104 2.0 4.718 1302.777 2.363 1076.957 -2.2748621469685832 0.0
11.0 1.0 Car -1.0 -1.0 -1.0 -1.0 -1.0 -1.0 -1.0 2.294 2.038 5.175 1260.928 1.135 1026.99 -2.2709526095401555 1.0
11.0 5.0 Car -1.0 -1.0 -1.0 -1.0 -1.0 -1.0 -1.0 2.036 1.864 4.5 1286.302 1.712 1053.04 -0.030141835928569224 1.0
11.0 7.0 Car -1.0 -1.0 -1.0 -1.0 -1.0 -1.0 -1.0 2.146 2.0 4.877 1237.769 0.67 998.738 -2.2343356018242453 0.0
11.0 0.0 Bus -1.0 -1.0 -1.0 -1.0 -1.0 -1.0 -1.0 3.554 4.113 13.674 1256.328 2.261 1063.98 -0.6105685322400984 0.0
11.0 3.0 Car -1.0 -1.0 -1.0 -1.0 -1.0 -1.0 -1.0 1.8 1.725 4.115 1234.294 0.726 969.879 1.5889483825098092 1.0
11.0 6.0 Car -1.0 -1.0 -1.0 -1.0 -1.0 -1.0 -1.0 2.115 1.881 5.256 1250.104 0.97 1013.477 -2.2343356018242453 0.0
11.0 4.0 Car -1.0 -1.0 -1.0 -1.0 -1.0 -1.0 -1.0 1.992 1.611 4.569 1278.189 1.099 1029.413 0.808771847171021 0.0
11.0 2.0 Car -1.0 -1.0 -1.0 -1.0 -1.0 -1.0 -1.0 2.039 1.797 4.506 1268.265 1.492 1062.969 -0.6086835763770129 0.0
11.0 8.0 Car -1.0 -1.0 -1.0 -1.0 -1.0 -1.0 -1.0 2.104 2.0 4.718 1302.737 2.183 1076.865 -2.2748621469685832 0.0
12.0 1.0 Car -1.0 -1.0 -1.0 -1.0 -1.0 -1.0 -1.0 2.294 2.038 5.175 1259.483 1.11 1025.275 -2.2709526095401555 1.0
12.0 5.0 Car -1.0 -1.0 -1.0 -1.0 -1.0 -1.0 -1.0 2.036 1.864 4.5 1289.712 1.712 1052.853 -0.030141835928569224 0.0
12.0 7.0 Car -1.0 -1.0 -1.0 -1.0 -1.0 -1.0 -1.0 2.146 2.0 4.877 1235.172 0.571 995.406 -2.2343356018242453 0.0
12.0 0.0 Bus -1.0 -1.0 -1.0 -1.0 -1.0 -1.0 -1.0 3.554 4.113 13.674 1256.791 2.161 1063.657 -0.6105685322400984 1.0
12.0 3.0 Car -1.0 -1.0 -1.0 -1.0 -1.0 -1.0 -1.0 1.8 1.725 4.115 1234.701 0.726 971.792 1.3429086863856992 1.0
12.0 6.0 Car -1.0 -1.0 -1.0 -1.0 -1.0 -1.0 -1.0 2.115 1.881 5.256 1248.226 0.97 1011.05 -2.2343356018242453 0.0
12.0 4.0 Car -1.0 -1.0 -1.0 -1.0 -1.0 -1.0 -1.0 1.992 1.611 4.569 1278.312 1.071 1029.547 0.8084719328958242 0.0
12.0 2.0 Car -1.0 -1.0 -1.0 -1.0 -1.0 -1.0 -1.0 2.039 1.797 4.506 1269.926 1.442 1061.774 -0.6086835763770129 1.0
12.0 8.0 Car -1.0 -1.0 -1.0 -1.0 -1.0 -1.0 -1.0 2.104 2.0 4.718 1302.727 2.033 1076.86 -2.2748621469685832 0.0
13.0 1.0 Car -1.0 -1.0 -1.0 -1.0 -1.0 -1.0 -1.0 2.294 2.038 5.175 1258.04 0.985 1023.562 -2.2709526095401555 1.0
13.0 5.0 Car -1.0 -1.0 -1.0 -1.0 -1.0 -1.0 -1.0 2.036 1.864 4.5 1293.734 1.712 1052.961 0.09203121171103401 0.0
13.0 7.0 Car -1.0 -1.0 -1.0 -1.0 -1.0 -1.0 -1.0 2.146 2.0 4.877 1232.579 0.472 992.077 -2.2343356018242453 0.0
13.0 0.0 Bus -1.0 -1.0 -1.0 -1.0 -1.0 -1.0 -1.0 3.554 4.113 13.674 1258.562 2.061 1062.417 -0.6105685322400984 1.0
13.0 3.0 Car -1.0 -1.0 -1.0 -1.0 -1.0 -1.0 -1.0 1.8 1.725 4.115 1235.329 0.726 974.024 1.2615227972842196 1.0
13.0 6.0 Car -1.0 -1.0 -1.0 -1.0 -1.0 -1.0 -1.0 2.115 1.881 5.256 1246.171 0.97 1008.398 -2.2343356018242453 0.0
13.0 4.0 Car -1.0 -1.0 -1.0 -1.0 -1.0 -1.0 -1.0 1.992 1.611 4.569 1278.309 1.045 1029.538 0.8104128722738868 0.0
13.0 2.0 Car -1.0 -1.0 -1.0 -1.0 -1.0 -1.0 -1.0 2.039 1.797 4.506 1271.755 1.392 1060.499 -0.6086835763770129 1.0
13.0 8.0 Car -1.0 -1.0 -1.0 -1.0 -1.0 -1.0 -1.0 2.104 2.0 4.718 1302.681 2.233 1076.831 -2.2923154394885263 0.0
14.0 1.0 Car -1.0 -1.0 -1.0 -1.0 -1.0 -1.0 -1.0 2.294 2.038 5.175 1256.067 0.985 1021.22 -2.2709526095401555 1.0
14.0 5.0 Car -1.0 -1.0 -1.0 -1.0 -1.0 -1.0 -1.0 2.036 1.864 4.5 1297.833 1.712 1053.617 0.2840174294304106 0.0
14.0 7.0 Car -1.0 -1.0 -1.0 -1.0 -1.0 -1.0 -1.0 2.146 2.0 4.877 1229.799 0.54 988.512 -2.2343356018242453 0.0
14.0 0.0 Bus -1.0 -1.0 -1.0 -1.0 -1.0 -1.0 -1.0 3.554 4.113 13.674 1259.872 1.961 1061.5 -0.6105685322400984 1.0
14.0 3.0 Car -1.0 -1.0 -1.0 -1.0 -1.0 -1.0 -1.0 1.8 1.725 4.115 1236.137 0.726 976.2 1.1800426941953561 1.0
14.0 6.0 Car -1.0 -1.0 -1.0 -1.0 -1.0 -1.0 -1.0 2.115 1.881 5.256 1243.712 0.72 1005.23 -2.2343356018242453 0.0
14.0 4.0 Car -1.0 -1.0 -1.0 -1.0 -1.0 -1.0 -1.0 1.992 1.611 4.569 1278.306 1.019 1029.529 0.8123560585234907 0.0
14.0 2.0 Car -1.0 -1.0 -1.0 -1.0 -1.0 -1.0 -1.0 2.039 1.797 4.506 1273.536 1.342 1059.258 -0.6086835763770129 1.0
14.0 8.0 Car -1.0 -1.0 -1.0 -1.0 -1.0 -1.0 -1.0 2.104 2.0 4.718 1302.835 2.133 1076.987 -2.2748621469685832 0.0
15.0 1.0 Car -1.0 -1.0 -1.0 -1.0 -1.0 -1.0 -1.0 2.294 2.038 5.175 1253.948 0.985 1018.676 -2.2622292702326785 1.0
15.0 5.0 Car -1.0 -1.0 -1.0 -1.0 -1.0 -1.0 -1.0 2.036 1.864 4.5 1301.224 1.712 1055.014 0.4585503546298438 0.0
15.0 7.0 Car -1.0 -1.0 -1.0 -1.0 -1.0 -1.0 -1.0 2.146 2.0 4.877 1226.896 0.508 984.788 -2.2343356018242453 0.0
15.0 0.0 Bus -1.0 -1.0 -1.0 -1.0 -1.0 -1.0 -1.0 3.554 4.113 13.674 1261.491 1.861 1060.368 -0.6105685322400984 1.0
15.0 3.0 Car -1.0 -1.0 -1.0 -1.0 -1.0 -1.0 -1.0 1.8 1.725 4.115 1237.12 0.726 978.303 1.0985625911064931 1.0
15.0 6.0 Car -1.0 -1.0 -1.0 -1.0 -1.0 -1.0 -1.0 2.115 1.881 5.256 1241.11 0.645 1001.877 -2.2343356018242453 0.0
15.0 4.0 Car -1.0 -1.0 -1.0 -1.0 -1.0 -1.0 -1.0 1.992 1.611 4.569 1278.303 0.993 1029.52 0.8142992447730945 0.0
15.0 2.0 Car -1.0 -1.0 -1.0 -1.0 -1.0 -1.0 -1.0 2.039 1.797 4.506 1275.85 1.292 1057.645 -0.6086835763770129 1.0
15.0 8.0 Car -1.0 -1.0 -1.0 -1.0 -1.0 -1.0 -1.0 2.104 2.0 4.718 1302.826 2.124 1076.975 -2.2748621469685832 0.0
16.0 1.0 Car -1.0 -1.0 -1.0 -1.0 -1.0 -1.0 -1.0 2.294 2.038 5.175 1251.827 0.985 1016.13 -2.2534993170202124 0.0
16.0 5.0 Car -1.0 -1.0 -1.0 -1.0 -1.0 -1.0 -1.0 2.036 1.864 4.5 1304.381 1.812 1056.845 0.5458168172295603 0.0
16.0 7.0 Car -1.0 -1.0 -1.0 -1.0 -1.0 -1.0 -1.0 2.146 2.0 4.877 1223.836 0.526 980.862 -2.2343356018242453 0.0
16.0 0.0 Bus -1.0 -1.0 -1.0 -1.0 -1.0 -1.0 -1.0 3.554 4.113 13.674 1263.419 1.861 1059.018 -0.6105685322400984 1.0
16.0 3.0 Car -1.0 -1.0 -1.0 -1.0 -1.0 -1.0 -1.0 1.8 1.725 4.115 1238.662 0.726 981.063 1.0345654368431398 1.0
16.0 6.0 Car -1.0 -1.0 -1.0 -1.0 -1.0 -1.0 -1.0 2.115 1.881 5.256 1238.505 0.57 998.521 -2.2343356018242453 0.0
16.0 4.0 Car -1.0 -1.0 -1.0 -1.0 -1.0 -1.0 -1.0 1.992 1.611 4.569 1278.301 0.966 1029.511 0.8162439043173595 0.0
16.0 2.0 Car -1.0 -1.0 -1.0 -1.0 -1.0 -1.0 -1.0 2.039 1.797 4.506 1278.121 1.242 1056.137 -0.5214171137772973 1.0
16.0 8.0 Car -1.0 -1.0 -1.0 -1.0 -1.0 -1.0 -1.0 2.104 2.0 4.718 1302.817 2.114 1076.964 -2.2748621469685832 0.0
17.0 1.0 Car -1.0 -1.0 -1.0 -1.0 -1.0 -1.0 -1.0 2.294 2.038 5.175 1249.504 0.76 1013.223 -2.2709526095401555 0.0
17.0 5.0 Car -1.0 -1.0 -1.0 -1.0 -1.0 -1.0 -1.0 2.036 1.864 4.5 1307.621 1.912 1059.293 0.7727096199888235 0.0
17.0 0.0 Bus -1.0 -1.0 -1.0 -1.0 -1.0 -1.0 -1.0 3.554 4.113 13.674 1265.501 1.861 1057.561 -0.6105685322400984 1.0
17.0 3.0 Car -1.0 -1.0 -1.0 -1.0 -1.0 -1.0 -1.0 1.8 1.725 4.115 1240.378 0.726 983.717 0.9705920772906912 1.0
17.0 6.0 Car -1.0 -1.0 -1.0 -1.0 -1.0 -1.0 -1.0 2.115 1.881 5.256 1235.626 0.545 994.816 -2.2343356018242453 0.0
17.0 4.0 Car -1.0 -1.0 -1.0 -1.0 -1.0 -1.0 -1.0 1.992 1.611 4.569 1278.298 0.94 1029.503 0.8181878408199176 0.0
17.0 2.0 Car -1.0 -1.0 -1.0 -1.0 -1.0 -1.0 -1.0 2.039 1.797 4.506 1280.601 1.192 1054.867 -0.46905723621746803 1.0
17.0 8.0 Car -1.0 -1.0 -1.0 -1.0 -1.0 -1.0 -1.0 2.104 2.0 4.718 1302.808 2.105 1076.953 -2.2748621469685832 0.0
18.0 1.0 Car -1.0 -1.0 -1.0 -1.0 -1.0 -1.0 -1.0 2.294 2.038 5.175 1246.989 0.735 1010.193 -2.2709526095401555 0.0
18.0 5.0 Car -1.0 -1.0 -1.0 -1.0 -1.0 -1.0 -1.0 2.036 1.864 4.5 1310.784 2.112 1062.515 0.8250673526061499 0.0
18.0 0.0 Bus -1.0 -1.0 -1.0 -1.0 -1.0 -1.0 -1.0 3.554 4.113 13.674 1267.662 1.861 1056.05 -0.6105685322400984 0.0
18.0 3.0 Car -1.0 -1.0 -1.0 -1.0 -1.0 -1.0 -1.0 1.8 1.725 4.115 1242.261 0.726 986.258 0.9065763733871166 1.0
18.0 6.0 Car -1.0 -1.0 -1.0 -1.0 -1.0 -1.0 -1.0 2.115 1.881 5.256 1232.734 0.519 991.093 -2.2343356018242453 0.0
18.0 4.0 Car -1.0 -1.0 -1.0 -1.0 -1.0 -1.0 -1.0 1.992 1.611 4.569 1278.295 0.914 1029.494 0.8201330640257282 0.0
18.0 2.0 Car -1.0 -1.0 -1.0 -1.0 -1.0 -1.0 -1.0 2.039 1.797 4.506 1283.782 1.259 1053.526 -0.3177471889786072 1.0
18.0 8.0 Car -1.0 -1.0 -1.0 -1.0 -1.0 -1.0 -1.0 2.104 2.0 4.718 1302.799 2.095 1076.941 -2.2748621469685832 0.0
19.0 1.0 Car -1.0 -1.0 -1.0 -1.0 -1.0 -1.0 -1.0 2.294 2.038 5.175 1244.324 0.71 1007.009 -2.2622210779508958 0.0
19.0 5.0 Car -1.0 -1.0 -1.0 -1.0 -1.0 -1.0 -1.0 2.036 1.864 4.5 1313.891 2.312 1065.796 0.8425227900685966 0.0
19.0 0.0 Bus -1.0 -1.0 -1.0 -1.0 -1.0 -1.0 -1.0 3.554 4.113 13.674 1269.668 1.861 1054.645 -0.6105685322400984 0.0
19.0 3.0 Car -1.0 -1.0 -1.0 -1.0 -1.0 -1.0 -1.0 1.8 1.725 4.115 1244.327 0.749 989.03 0.9030924922701207 1.0
19.0 6.0 Car -1.0 -1.0 -1.0 -1.0 -1.0 -1.0 -1.0 2.115 1.881 5.256 1229.798 0.494 987.314 -2.2343356018242453 0.0
19.0 2.0 Car -1.0 -1.0 -1.0 -1.0 -1.0 -1.0 -1.0 2.039 1.797 4.506 1287.129 1.326 1052.68 -0.16642474428342746 1.0
19.0 8.0 Car -1.0 -1.0 -1.0 -1.0 -1.0 -1.0 -1.0 2.104 2.0 4.718 1302.791 2.086 1076.93 -2.2748621469685832 0.0
20.0 1.0 Car -1.0 -1.0 -1.0 -1.0 -1.0 -1.0 -1.0 2.294 2.038 5.175 1241.484 0.685 1003.606 -2.23604602450027 0.0
20.0 5.0 Car -1.0 -1.0 -1.0 -1.0 -1.0 -1.0 -1.0 2.036 1.864 4.5 1317.612 2.562 1070.091 0.8774293751084834 0.0
20.0 0.0 Bus -1.0 -1.0 -1.0 -1.0 -1.0 -1.0 -1.0 3.554 4.113 13.674 1272.75 1.861 1052.489 -0.6105685322400984 0.0
20.0 3.0 Car -1.0 -1.0 -1.0 -1.0 -1.0 -1.0 -1.0 1.8 1.725 4.115 1246.391 0.771 991.799 0.8996125096459111 1.0
20.0 6.0 Car -1.0 -1.0 -1.0 -1.0 -1.0 -1.0 -1.0 2.115 1.881 5.256 1226.619 0.469 983.341 -2.251788894344188 0.0
20.0 2.0 Car -1.0 -1.0 -1.0 -1.0 -1.0 -1.0 -1.0 2.039 1.797 4.506 1290.561 1.392 1052.348 -0.015271630698942218 1.0
21.0 1.0 Car -1.0 -1.0 -1.0 -1.0 -1.0 -1.0 -1.0 2.294 2.038 5.175 1238.573 0.56 999.974 -2.23604602450027 0.0
21.0 5.0 Car -1.0 -1.0 -1.0 -1.0 -1.0 -1.0 -1.0 2.036 1.864 4.5 1321.19 2.712 1074.362 0.8599760825885401 0.0
21.0 0.0 Bus -1.0 -1.0 -1.0 -1.0 -1.0 -1.0 -1.0 3.554 4.113 13.674 1275.762 1.861 1050.381 -0.6105685322400984 0.0
21.0 3.0 Car -1.0 -1.0 -1.0 -1.0 -1.0 -1.0 -1.0 1.8 1.725 4.115 1248.539 0.757 994.514 0.8937886346403485 1.0
21.0 6.0 Car -1.0 -1.0 -1.0 -1.0 -1.0 -1.0 -1.0 2.115 1.881 5.256 1223.401 0.469 979.406 -2.251788894344188 0.0
21.0 2.0 Car -1.0 -1.0 -1.0 -1.0 -1.0 -1.0 -1.0 2.039 1.797 4.506 1294.337 1.459 1052.493 0.12435470946060435 1.0
22.0 1.0 Car -1.0 -1.0 -1.0 -1.0 -1.0 -1.0 -1.0 2.294 2.038 5.175 1235.573 0.435 996.065 -2.23604602450027 0.0
22.0 5.0 Car -1.0 -1.0 -1.0 -1.0 -1.0 -1.0 -1.0 2.036 1.864 4.5 1324.925 2.912 1078.768 0.8599760825885401 0.0
22.0 0.0 Bus -1.0 -1.0 -1.0 -1.0 -1.0 -1.0 -1.0 3.554 4.113 13.674 1279.075 1.861 1048.063 -0.6105685322400984 0.0
22.0 3.0 Car -1.0 -1.0 -1.0 -1.0 -1.0 -1.0 -1.0 1.8 1.725 4.115 1250.682 0.743 997.223 0.8879777214191042 1.0
22.0 6.0 Car -1.0 -1.0 -1.0 -1.0 -1.0 -1.0 -1.0 2.115 1.881 5.256 1220.189 0.469 975.48 -2.251788894344188 0.0
22.0 2.0 Car -1.0 -1.0 -1.0 -1.0 -1.0 -1.0 -1.0 2.039 1.797 4.506 1297.991 1.525 1053.246 0.2814343421400942 1.0
23.0 1.0 Car -1.0 -1.0 -1.0 -1.0 -1.0 -1.0 -1.0 2.294 2.038 5.175 1232.441 0.41 991.994 -2.23604602450027 0.0
23.0 5.0 Car -1.0 -1.0 -1.0 -1.0 -1.0 -1.0 -1.0 2.036 1.864 4.5 1328.887 3.112 1083.438 0.8599760825885401 0.0
23.0 0.0 Bus -1.0 -1.0 -1.0 -1.0 -1.0 -1.0 -1.0 3.554 4.113 13.674 1282.546 1.861 1045.634 -0.6105685322400984 0.0
23.0 3.0 Car -1.0 -1.0 -1.0 -1.0 -1.0 -1.0 -1.0 1.8 1.725 4.115 1252.827 0.729 999.935 0.8821592171259678 1.0
23.0 2.0 Car -1.0 -1.0 -1.0 -1.0 -1.0 -1.0 -1.0 2.039 1.797 4.506 1301.404 1.592 1054.807 0.5781403149791307 1.0
24.0 1.0 Car -1.0 -1.0 -1.0 -1.0 -1.0 -1.0 -1.0 2.294 2.038 5.175 1229.315 0.385 987.929 -2.2534993170202124 0.0
24.0 0.0 Bus -1.0 -1.0 -1.0 -1.0 -1.0 -1.0 -1.0 3.554 4.113 13.674 1286.013 1.861 1043.208 -0.6105685322400984 0.0
24.0 3.0 Car -1.0 -1.0 -1.0 -1.0 -1.0 -1.0 -1.0 1.8 1.725 4.115 1254.984 0.749 1002.508 0.8734330335387954 1.0
24.0 2.0 Car -1.0 -1.0 -1.0 -1.0 -1.0 -1.0 -1.0 2.039 1.797 4.506 1304.377 1.659 1057.006 0.7177666551386772 1.0
25.0 1.0 Car -1.0 -1.0 -1.0 -1.0 -1.0 -1.0 -1.0 2.294 2.038 5.175 1226.037 0.26 983.622 -2.2534993170202124 0.0
25.0 0.0 Bus -1.0 -1.0 -1.0 -1.0 -1.0 -1.0 -1.0 3.554 4.113 13.674 1289.677 1.936 1040.58 -0.6192949690039957 0.0
25.0 3.0 Car -1.0 -1.0 -1.0 -1.0 -1.0 -1.0 -1.0 1.8 1.725 4.115 1257.141 0.768 1005.081 0.8647059246060245 1.0
25.0 2.0 Car -1.0 -1.0 -1.0 -1.0 -1.0 -1.0 -1.0 2.039 1.797 4.506 1307.407 1.725 1059.644 0.7352199476586204 1.0
26.0 1.0 Car -1.0 -1.0 -1.0 -1.0 -1.0 -1.0 -1.0 2.294 2.038 5.175 1222.592 0.386 979.221 -2.2534993170202124 0.0
26.0 0.0 Bus -1.0 -1.0 -1.0 -1.0 -1.0 -1.0 -1.0 3.554 4.113 13.674 1293.342 2.011 1037.953 -0.6280218247600414 0.0
26.0 3.0 Car -1.0 -1.0 -1.0 -1.0 -1.0 -1.0 -1.0 1.8 1.725 4.115 1259.11 0.763 1007.368 0.8647059246060245 1.0
26.0 2.0 Car -1.0 -1.0 -1.0 -1.0 -1.0 -1.0 -1.0 2.039 1.797 4.506 1310.523 1.992 1062.527 0.7788760603903825 1.0
27.0 1.0 Car -1.0 -1.0 -1.0 -1.0 -1.0 -1.0 -1.0 2.294 2.038 5.175 1219.094 0.061 974.87 -2.2534993170202124 0.0
27.0 0.0 Bus -1.0 -1.0 -1.0 -1.0 -1.0 -1.0 -1.0 3.554 4.113 13.674 1297.482 1.986 1034.864 -0.6367441566052291 0.0
27.0 3.0 Car -1.0 -1.0 -1.0 -1.0 -1.0 -1.0 -1.0 1.8 1.725 4.115 1261.077 0.757 1009.653 0.8647059246060245 0.0
27.0 2.0 Car -1.0 -1.0 -1.0 -1.0 -1.0 -1.0 -1.0 2.039 1.797 4.506 1313.508 2.208 1065.539 0.8224864102583371 0.0
28.0 0.0 Bus -1.0 -1.0 -1.0 -1.0 -1.0 -1.0 -1.0 3.554 4.113 13.674 1301.625 1.961 1031.772 -0.6454751172799846 0.0
28.0 3.0 Car -1.0 -1.0 -1.0 -1.0 -1.0 -1.0 -1.0 1.8 1.725 4.115 1262.945 0.752 1011.822 0.8647059246060245 0.0
28.0 2.0 Car -1.0 -1.0 -1.0 -1.0 -1.0 -1.0 -1.0 2.039 1.797 4.506 1316.707 2.475 1069.082 0.8486656419826366 0.0
29.0 0.0 Bus -1.0 -1.0 -1.0 -1.0 -1.0 -1.0 -1.0 3.554 4.113 13.674 1305.884 1.986 1028.592 -0.6454751172799846 0.0
29.0 3.0 Car -1.0 -1.0 -1.0 -1.0 -1.0 -1.0 -1.0 1.8 1.725 4.115 1264.583 0.746 1013.721 0.8647059246060245 0.0
29.0 2.0 Car -1.0 -1.0 -1.0 -1.0 -1.0 -1.0 -1.0 2.039 1.797 4.506 1319.812 2.692 1072.708 0.8748462878181671 0.0
30.0 3.0 Car -1.0 -1.0 -1.0 -1.0 -1.0 -1.0 -1.0 1.8 1.725 4.115 1266.074 0.741 1015.448 0.8647059246060245 0.0
30.0 2.0 Car -1.0 -1.0 -1.0 -1.0 -1.0 -1.0 -1.0 2.039 1.797 4.506 1323.231 2.908 1076.878 0.8835774928065327 0.0
31.0 3.0 Car -1.0 -1.0 -1.0 -1.0 -1.0 -1.0 -1.0 1.8 1.725 4.115 1267.267 0.768 1016.825 0.8647059246060245 0.0
31.0 2.0 Car -1.0 -1.0 -1.0 -1.0 -1.0 -1.0 -1.0 2.039 1.797 4.506 1326.647 3.125 1081.044 0.8922995803381104 0.0
32.0 3.0 Car -1.0 -1.0 -1.0 -1.0 -1.0 -1.0 -1.0 1.8 1.725 4.115 1268.222 0.791 1017.928 0.8647059246060245 0.0
32.0 2.0 Car -1.0 -1.0 -1.0 -1.0 -1.0 -1.0 -1.0 2.039 1.797 4.506 1329.321 3.138 1084.307 0.8922995803381104 0.0
33.0 3.0 Car -1.0 -1.0 -1.0 -1.0 -1.0 -1.0 -1.0 1.8 1.725 4.115 1269.133 0.791 1018.974 0.8647059246060245 0.0
33.0 2.0 Car -1.0 -1.0 -1.0 -1.0 -1.0 -1.0 -1.0 2.039 1.797 4.506 1332.172 3.23 1087.797 0.8922995803381104 0.0
34.0 3.0 Car -1.0 -1.0 -1.0 -1.0 -1.0 -1.0 -1.0 1.8 1.725 4.115 1269.897 0.791 1019.849 0.8647059246060245 0.0
34.0 2.0 Car -1.0 -1.0 -1.0 -1.0 -1.0 -1.0 -1.0 2.039 1.797 4.506 1334.922 3.322 1091.211 0.8922995803381104 0.0
35.0 3.0 Car -1.0 -1.0 -1.0 -1.0 -1.0 -1.0 -1.0 1.8 1.725 4.115 1270.533 0.791 1020.572 0.8647059246060245 0.0
35.0 2.0 Car -1.0 -1.0 -1.0 -1.0 -1.0 -1.0 -1.0 2.039 1.797 4.506 1337.369 3.413 1094.151 0.8922995803381104 0.0
36.0 3.0 Car -1.0 -1.0 -1.0 -1.0 -1.0 -1.0 -1.0 1.8 1.725 4.115 1271.095 0.791 1021.21 0.8647059246060245 0.0
36.0 2.0 Car -1.0 -1.0 -1.0 -1.0 -1.0 -1.0 -1.0 2.039 1.797 4.506 1339.593 3.505 1096.912 0.8922995803381104 0.0
37.0 3.0 Car -1.0 -1.0 -1.0 -1.0 -1.0 -1.0 -1.0 1.8 1.725 4.115 1271.536 0.816 1021.727 0.8647059246060245 0.0
37.0 2.0 Car -1.0 -1.0 -1.0 -1.0 -1.0 -1.0 -1.0 2.039 1.797 4.506 1342.186 3.497 1100.132 0.8922995803381104 0.0
38.0 3.0 Car -1.0 -1.0 -1.0 -1.0 -1.0 -1.0 -1.0 1.8 1.725 4.115 1271.94 0.841 1022.2 0.8647059246060245 0.0
38.0 2.0 Car -1.0 -1.0 -1.0 -1.0 -1.0 -1.0 -1.0 2.039 1.797 4.506 1343.882 3.539 1102.239 0.8922995803381104 0.0
