0.0 2.0 Car -1.0 -1.0 -1.0 -1.0 -1.0 -1.0 -1.0 1.717 1.52 4.647 718.417 0.592 472.741 2.453863115144956 0.0
0.0 0.0 Car -1.0 -1.0 -1.0 -1.0 -1.0 -1.0 -1.0 1.872 1.605 4.618 691.475 0.73 491.681 2.4427453678009017 0.0
0.0 3.0 Truck -1.0 -1.0 -1.0 -1.0 -1.0 -1.0 -1.0 2.524 4.13 7.153 672.251 1.809 508.3 2.4498837644364935 0.0
1.0 2.0 Car -1.0 -1.0 -1.0 -1.0 -1.0 -1.0 -1.0 1.717 1.52 4.647 718.429 0.7 472.642 2.453863115144956 1.0
1.0 0.0 Car -1.0 -1.0 -1.0 -1.0 -1.0 -1.0 -1.0 1.872 1.605 4.618 688.308 0.73 494.384 2.4427453678009017 1.0
1.0 3.0 Truck -1.0 -1.0 -1.0 -1.0 -1.0 -1.0 -1.0 2.524 4.13 7.153 669.301 1.838 510.885 2.4466714074416567 1.0
2.0 2.0 Car -1.0 -1.0 -1.0 -1.0 -1.0 -1.0 -1.0 1.717 1.52 4.647 718.39 0.722 472.659 2.453863115144956 1.0
2.0 0.0 Car -1.0 -1.0 -1.0 -1.0 -1.0 -1.0 -1.0 1.872 1.605 4.618 683.97 0.73 498.192 2.4427453678009017 1.0
2.0 3.0 Truck -1.0 -1.0 -1.0 -1.0 -1.0 -1.0 -1.0 2.524 4.13 7.153 665.609 1.873 514.119 2.442651080307738 1.0
3.0 2.0 Car -1.0 -1.0 -1.0 -1.0 -1.0 -1.0 -1.0 1.717 1.52 4.647 718.394 0.708 472.642 2.453863115144956 1.0
3.0 0.0 Car -1.0 -1.0 -1.0 -1.0 -1.0 -1.0 -1.0 1.872 1.605 4.618 679.635 0.73 501.997 2.4427453678009017 1.0
3.0 3.0 Truck -1.0 -1.0 -1.0 -1.0 -1.0 -1.0 -1.0 2.524 4.13 7.153 661.92 1.909 517.35 2.438634842677029 1.0
4.0 2.0 Car -1.0 -1.0 -1.0 -1.0 -1.0 -1.0 -1.0 1.717 1.52 4.647 718.211 0.748 472.787 2.471340348506359 1.0
4.0 0.0 Car -1.0 -1.0 -1.0 -1.0 -1.0 -1.0 -1.0 1.872 1.605 4.618 675.297 0.73 505.805 2.4427453678009017 1.0
4.0 3.0 Truck -1.0 -1.0 -1.0 -1.0 -1.0 -1.0 -1.0 2.524 4.13 7.153 657.72 1.945 521.024 2.4346142182707746 1.0
5.0 2.0 Car -1.0 -1.0 -1.0 -1.0 -1.0 -1.0 -1.0 1.717 1.52 4.647 718.029 0.787 472.933 2.488799525828324 0.0
5.0 0.0 Car -1.0 -1.0 -1.0 -1.0 -1.0 -1.0 -1.0 1.872 1.605 4.618 671.792 0.73 508.892 2.4427453678009017 0.0
5.0 3.0 Truck -1.0 -1.0 -1.0 -1.0 -1.0 -1.0 -1.0 2.524 4.13 7.153 654.46 1.911 523.827 2.4367957085579497 0.0
6.0 2.0 Car -1.0 -1.0 -1.0 -1.0 -1.0 -1.0 -1.0 1.717 1.52 4.647 717.813 0.809 473.092 2.5062375388177953 0.0
6.0 0.0 Car -1.0 -1.0 -1.0 -1.0 -1.0 -1.0 -1.0 1.872 1.605 4.618 668.291 0.73 511.975 2.4427453678009017 0.0
6.0 3.0 Truck -1.0 -1.0 -1.0 -1.0 -1.0 -1.0 -1.0 2.524 4.13 7.153 650.697 1.876 526.978 2.4389745544028973 0.0
7.0 2.0 Car -1.0 -1.0 -1.0 -1.0 -1.0 -1.0 -1.0 1.717 1.52 4.647 717.413 0.813 473.387 2.523676285224729 0.0
7.0 0.0 Car -1.0 -1.0 -1.0 -1.0 -1.0 -1.0 -1.0 1.872 1.605 4.618 664.791 0.73 515.059 2.4427453678009017 0.0
7.0 3.0 Truck -1.0 -1.0 -1.0 -1.0 -1.0 -1.0 -1.0 2.524 4.13 7.153 646.933 1.842 530.129 2.4411534918869324 0.0
8.0 2.0 Car -1.0 -1.0 -1.0 -1.0 -1.0 -1.0 -1.0 1.717 1.52 4.647 716.602 0.803 473.961 2.5411232138403945 0.0
8.0 0.0 Car -1.0 -1.0 -1.0 -1.0 -1.0 -1.0 -1.0 1.872 1.605 4.618 661.286 0.73 518.145 2.4427453678009017 0.0
8.0 3.0 Truck -1.0 -1.0 -1.0 -1.0 -1.0 -1.0 -1.0 2.524 4.13 7.153 643.266 1.807 533.328 2.443334829442296 0.0
9.0 2.0 Car -1.0 -1.0 -1.0 -1.0 -1.0 -1.0 -1.0 1.717 1.52 4.647 715.769 0.863 474.518 2.5585891294611454 0.0
9.0 0.0 Car -1.0 -1.0 -1.0 -1.0 -1.0 -1.0 -1.0 1.872 1.605 4.618 657.659 0.711 521.311 2.440476963109397 0.0
9.0 3.0 Truck -1.0 -1.0 -1.0 -1.0 -1.0 -1.0 -1.0 2.524 4.13 7.153 639.393 1.773 536.442 2.4455185408863915 0.0
10.0 2.0 Car -1.0 -1.0 -1.0 -1.0 -1.0 -1.0 -1.0 1.717 1.52 4.647 714.112 0.888 475.619 2.5760361627845594 0.0
10.0 0.0 Car -1.0 -1.0 -1.0 -1.0 -1.0 -1.0 -1.0 1.872 1.605 4.618 654.035 0.693 524.474 2.4382110107766914 0.0
10.0 3.0 Truck -1.0 -1.0 -1.0 -1.0 -1.0 -1.0 -1.0 2.524 4.13 7.153 635.67 1.797 539.418 2.4476998915330537 0.0
11.0 2.0 Car -1.0 -1.0 -1.0 -1.0 -1.0 -1.0 -1.0 1.717 1.52 4.647 712.81 0.907 476.493 2.5962074648301527 0.0
11.0 0.0 Car -1.0 -1.0 -1.0 -1.0 -1.0 -1.0 -1.0 1.872 1.605 4.618 650.408 0.718 527.64 2.4359424383637895 0.0
11.0 3.0 Truck -1.0 -1.0 -1.0 -1.0 -1.0 -1.0 -1.0 2.524 4.13 7.153 631.998 1.821 542.543 2.4498837644364935 0.0
12.0 2.0 Car -1.0 -1.0 -1.0 -1.0 -1.0 -1.0 -1.0 1.717 1.52 4.647 710.818 0.924 477.798 2.5811985430105873 0.0
12.0 0.0 Car -1.0 -1.0 -1.0 -1.0 -1.0 -1.0 -1.0 1.872 1.605 4.618 647.145 0.74 530.488 2.433902257163006 0.0
12.0 3.0 Truck -1.0 -1.0 -1.0 -1.0 -1.0 -1.0 -1.0 2.524 4.13 7.153 628.507 1.849 545.367 2.4498837644364935 0.0
13.0 2.0 Car -1.0 -1.0 -1.0 -1.0 -1.0 -1.0 -1.0 1.717 1.52 4.647 709.172 0.94 478.894 2.558582870264616 1.0
13.0 0.0 Car -1.0 -1.0 -1.0 -1.0 -1.0 -1.0 -1.0 1.872 1.605 4.618 644.251 0.76 533.014 2.4320925115621748 1.0
13.0 3.0 Truck -1.0 -1.0 -1.0 -1.0 -1.0 -1.0 -1.0 2.524 4.13 7.153 625.411 1.875 547.871 2.4498837644364935 1.0
14.0 2.0 Car -1.0 -1.0 -1.0 -1.0 -1.0 -1.0 -1.0 1.717 1.52 4.647 706.582 0.94 480.718 2.541136232366295 1.0
14.0 0.0 Car -1.0 -1.0 -1.0 -1.0 -1.0 -1.0 -1.0 1.872 1.605 4.618 640.583 0.767 536.124 2.4298265637624796 1.0
14.0 3.0 Truck -1.0 -1.0 -1.0 -1.0 -1.0 -1.0 -1.0 2.524 4.13 7.153 621.533 1.907 551.007 2.4498837644364935 1.0
15.0 2.0 Car -1.0 -1.0 -1.0 -1.0 -1.0 -1.0 -1.0 1.717 1.52 4.647 704.037 0.941 482.611 2.5236700843273088 1.0
15.0 0.0 Car -1.0 -1.0 -1.0 -1.0 -1.0 -1.0 -1.0 1.872 1.605 4.618 636.91 0.773 539.237 2.4275580820097926 1.0
15.0 3.0 Truck -1.0 -1.0 -1.0 -1.0 -1.0 -1.0 -1.0 2.524 4.13 7.153 617.488 1.989 554.026 2.4498837644364935 1.0
16.0 2.0 Car -1.0 -1.0 -1.0 -1.0 -1.0 -1.0 -1.0 1.717 1.52 4.647 701.495 0.941 484.502 2.506222992704786 1.0
16.0 0.0 Car -1.0 -1.0 -1.0 -1.0 -1.0 -1.0 -1.0 1.872 1.605 4.618 633.241 0.78 542.347 2.4252920752809586 1.0
16.0 3.0 Truck -1.0 -1.0 -1.0 -1.0 -1.0 -1.0 -1.0 2.524 4.13 7.153 613.774 1.971 557.283 2.4498837644364935 1.0
17.0 2.0 Car -1.0 -1.0 -1.0 -1.0 -1.0 -1.0 -1.0 1.717 1.52 4.647 699.253 0.955 486.22 2.498889458427111 1.0
17.0 0.0 Car -1.0 -1.0 -1.0 -1.0 -1.0 -1.0 -1.0 1.872 1.605 4.618 630.18 0.814 544.933 2.4273437944038823 1.0
17.0 3.0 Truck -1.0 -1.0 -1.0 -1.0 -1.0 -1.0 -1.0 2.524 4.13 7.153 610.607 2.13 559.593 2.442339243366176 1.0
18.0 2.0 Car -1.0 -1.0 -1.0 -1.0 -1.0 -1.0 -1.0 1.717 1.52 4.647 696.449 0.972 488.369 2.4897193257348134 1.0
18.0 0.0 Car -1.0 -1.0 -1.0 -1.0 -1.0 -1.0 -1.0 1.872 1.605 4.618 626.353 0.858 548.165 2.4299093427318983 1.0
18.0 3.0 Truck -1.0 -1.0 -1.0 -1.0 -1.0 -1.0 -1.0 2.524 4.13 7.153 606.681 2.181 563.079 2.432905284691535 1.0
19.0 2.0 Car -1.0 -1.0 -1.0 -1.0 -1.0 -1.0 -1.0 1.717 1.52 4.647 694.114 0.988 490.289 2.5168520837335713 1.0
19.0 0.0 Car -1.0 -1.0 -1.0 -1.0 -1.0 -1.0 -1.0 1.872 1.605 4.618 622.911 0.897 551.073 2.4322165342990485 1.0
19.0 3.0 Truck -1.0 -1.0 -1.0 -1.0 -1.0 -1.0 -1.0 2.524 4.13 7.153 603.151 2.227 566.214 2.424421347881111 1.0
20.0 2.0 Car -1.0 -1.0 -1.0 -1.0 -1.0 -1.0 -1.0 1.717 1.52 4.647 691.277 1.005 492.543 2.4713164076648995 1.0
20.0 0.0 Car -1.0 -1.0 -1.0 -1.0 -1.0 -1.0 -1.0 1.872 1.605 4.618 618.999 0.94 554.455 2.434784859166747 1.0
20.0 3.0 Truck -1.0 -1.0 -1.0 -1.0 -1.0 -1.0 -1.0 2.524 4.13 7.153 599.068 2.353 569.718 2.414977179396607 1.0
21.0 2.0 Car -1.0 -1.0 -1.0 -1.0 -1.0 -1.0 -1.0 1.717 1.52 4.647 688.485 1.022 494.791 2.483851432878204 1.0
21.0 0.0 Car -1.0 -1.0 -1.0 -1.0 -1.0 -1.0 -1.0 1.872 1.605 4.618 615.087 0.983 557.838 2.4373531429765576 1.0
21.0 3.0 Truck -1.0 -1.0 -1.0 -1.0 -1.0 -1.0 -1.0 2.524 4.13 7.153 595.618 2.394 572.982 2.414977179396607 1.0
22.0 2.0 Car -1.0 -1.0 -1.0 -1.0 -1.0 -1.0 -1.0 1.717 1.52 4.647 685.201 1.032 497.437 2.4646198311517735 1.0
22.0 0.0 Car -1.0 -1.0 -1.0 -1.0 -1.0 -1.0 -1.0 1.872 1.605 4.618 610.786 1.031 561.557 2.440177032668731 1.0
22.0 3.0 Truck -1.0 -1.0 -1.0 -1.0 -1.0 -1.0 -1.0 2.524 4.13 7.153 591.289 2.384 576.977 2.414977179396607 1.0
23.0 2.0 Car -1.0 -1.0 -1.0 -1.0 -1.0 -1.0 -1.0 1.717 1.52 4.647 682.215 1.041 499.844 2.4471286385960576 1.0
23.0 0.0 Car -1.0 -1.0 -1.0 -1.0 -1.0 -1.0 -1.0 1.872 1.605 4.618 606.874 1.074 564.94 2.4427453678009017 1.0
23.0 3.0 Truck -1.0 -1.0 -1.0 -1.0 -1.0 -1.0 -1.0 2.524 4.13 7.153 587.351 2.374 580.611 2.414977179396607 1.0
24.0 2.0 Car -1.0 -1.0 -1.0 -1.0 -1.0 -1.0 -1.0 1.717 1.52 4.647 679.236 1.05 502.406 2.4466870410361894 1.0
24.0 1.0 Car -1.0 -1.0 -1.0 -1.0 -1.0 -1.0 -1.0 1.782 1.625 4.764 624.65 0.655 536.096 0.20446532188028255 0.0
24.0 0.0 Car -1.0 -1.0 -1.0 -1.0 -1.0 -1.0 -1.0 1.872 1.605 4.618 602.72 1.117 568.641 2.438379763316793 1.0
24.0 3.0 Truck -1.0 -1.0 -1.0 -1.0 -1.0 -1.0 -1.0 2.524 4.13 7.153 583.182 2.366 584.282 2.4062411058510165 1.0
25.0 2.0 Car -1.0 -1.0 -1.0 -1.0 -1.0 -1.0 -1.0 1.717 1.52 4.647 676.263 1.059 504.962 2.4462463965512478 1.0
25.0 1.0 Car -1.0 -1.0 -1.0 -1.0 -1.0 -1.0 -1.0 1.782 1.625 4.764 625.453 0.672 536.331 0.17394024769168312 1.0
25.0 0.0 Car -1.0 -1.0 -1.0 -1.0 -1.0 -1.0 -1.0 1.872 1.605 4.618 598.575 1.161 572.335 2.4340235808688324 1.0
25.0 3.0 Truck -1.0 -1.0 -1.0 -1.0 -1.0 -1.0 -1.0 2.524 4.13 7.153 579.022 2.358 587.946 2.3975238868766633 1.0
26.0 2.0 Car -1.0 -1.0 -1.0 -1.0 -1.0 -1.0 -1.0 1.717 1.52 4.647 673.417 1.068 507.487 2.4587814512492714 1.0
26.0 1.0 Car -1.0 -1.0 -1.0 -1.0 -1.0 -1.0 -1.0 1.782 1.625 4.764 626.807 0.689 536.531 0.2655596338930848 1.0
26.0 0.0 Car -1.0 -1.0 -1.0 -1.0 -1.0 -1.0 -1.0 1.872 1.605 4.618 594.42 1.204 576.037 2.4296578716954333 1.0
26.0 3.0 Truck -1.0 -1.0 -1.0 -1.0 -1.0 -1.0 -1.0 2.524 4.13 7.153 575.189 2.483 591.582 2.3975238868766633 1.0
27.0 2.0 Car -1.0 -1.0 -1.0 -1.0 -1.0 -1.0 -1.0 1.717 1.52 4.647 670.484 1.077 510.008 2.453863115144956 1.0
27.0 1.0 Car -1.0 -1.0 -1.0 -1.0 -1.0 -1.0 -1.0 1.782 1.625 4.764 628.152 0.705 536.787 0.18260975200177884 1.0
27.0 0.0 Car -1.0 -1.0 -1.0 -1.0 -1.0 -1.0 -1.0 1.872 1.605 4.618 591.785 1.247 578.775 2.4252920752809586 1.0
27.0 3.0 Truck -1.0 -1.0 -1.0 -1.0 -1.0 -1.0 -1.0 2.524 4.13 7.153 571.367 2.609 595.207 2.3975238868766633 1.0
28.0 2.0 Car -1.0 -1.0 -1.0 -1.0 -1.0 -1.0 -1.0 1.717 1.52 4.647 667.459 1.062 512.627 2.4625901891068276 0.0
28.0 1.0 Car -1.0 -1.0 -1.0 -1.0 -1.0 -1.0 -1.0 1.782 1.625 4.764 629.513 0.722 536.93 0.09974556676062263 0.0
28.0 0.0 Car -1.0 -1.0 -1.0 -1.0 -1.0 -1.0 -1.0 1.872 1.605 4.618 587.894 1.284 582.368 2.4252920752809586 0.0
28.0 3.0 Truck -1.0 -1.0 -1.0 -1.0 -1.0 -1.0 -1.0 2.524 4.13 7.153 568.366 2.734 598.152 2.4237051087622774 0.0
29.0 2.0 Car -1.0 -1.0 -1.0 -1.0 -1.0 -1.0 -1.0 1.717 1.52 4.647 664.435 1.047 515.245 2.4713164076648995 0.0
29.0 1.0 Car -1.0 -1.0 -1.0 -1.0 -1.0 -1.0 -1.0 1.782 1.625 4.764 631.176 0.739 536.894 -0.03411850746660149 0.0
29.0 0.0 Car -1.0 -1.0 -1.0 -1.0 -1.0 -1.0 -1.0 1.872 1.605 4.618 584.004 1.322 585.96 2.4252920752809586 0.0
29.0 3.0 Truck -1.0 -1.0 -1.0 -1.0 -1.0 -1.0 -1.0 2.524 4.13 7.153 565.289 2.86 601.017 2.4498837644364935 0.0
30.0 2.0 Car -1.0 -1.0 -1.0 -1.0 -1.0 -1.0 -1.0 1.717 1.52 4.647 661.374 1.032 517.989 2.4654967922985405 0.0
30.0 1.0 Car -1.0 -1.0 -1.0 -1.0 -1.0 -1.0 -1.0 1.782 1.625 4.764 632.815 0.755 536.614 -0.1941631616776287 0.0
30.0 0.0 Car -1.0 -1.0 -1.0 -1.0 -1.0 -1.0 -1.0 1.872 1.605 4.618 580.113 1.359 589.551 2.4252920752809586 0.0
30.0 3.0 Truck -1.0 -1.0 -1.0 -1.0 -1.0 -1.0 -1.0 2.524 4.13 7.153 561.263 2.799 604.121 2.435915630913332 0.0
31.0 2.0 Car -1.0 -1.0 -1.0 -1.0 -1.0 -1.0 -1.0 1.717 1.52 4.647 658.638 1.017 520.392 2.459683277719322 0.0
31.0 1.0 Car -1.0 -1.0 -1.0 -1.0 -1.0 -1.0 -1.0 1.782 1.625 4.764 634.388 0.772 536.077 -0.3540400387579037 0.0
31.0 0.0 Car -1.0 -1.0 -1.0 -1.0 -1.0 -1.0 -1.0 1.872 1.605 4.618 576.226 1.396 593.139 2.4252920752809586 0.0
31.0 3.0 Truck -1.0 -1.0 -1.0 -1.0 -1.0 -1.0 -1.0 2.524 4.13 7.153 557.285 2.739 607.278 2.4219621403870017 0.0
32.0 2.0 Car -1.0 -1.0 -1.0 -1.0 -1.0 -1.0 -1.0 1.717 1.52 4.647 656.316 1.002 522.501 2.453863115144956 0.0
32.0 1.0 Car -1.0 -1.0 -1.0 -1.0 -1.0 -1.0 -1.0 1.782 1.625 4.764 636.305 0.789 535.058 -0.4355213907726516 0.0
32.0 0.0 Car -1.0 -1.0 -1.0 -1.0 -1.0 -1.0 -1.0 1.872 1.605 4.618 572.335 1.433 596.732 2.4252920752809586 0.0
32.0 3.0 Truck -1.0 -1.0 -1.0 -1.0 -1.0 -1.0 -1.0 2.524 4.13 7.153 553.393 2.679 610.549 2.4079926934652693 0.0
33.0 2.0 Car -1.0 -1.0 -1.0 -1.0 -1.0 -1.0 -1.0 1.717 1.52 4.647 653.909 0.977 524.582 2.4407717407986698 0.0
33.0 1.0 Car -1.0 -1.0 -1.0 -1.0 -1.0 -1.0 -1.0 1.782 1.625 4.764 638.132 0.805 533.887 -0.5169952449584616 0.0
33.0 0.0 Car -1.0 -1.0 -1.0 -1.0 -1.0 -1.0 -1.0 1.872 1.605 4.618 568.203 1.471 599.978 2.4252920752809586 0.0
33.0 3.0 Truck -1.0 -1.0 -1.0 -1.0 -1.0 -1.0 -1.0 2.524 4.13 7.153 549.501 2.618 613.819 2.3940245319974576 0.0
34.0 2.0 Car -1.0 -1.0 -1.0 -1.0 -1.0 -1.0 -1.0 1.717 1.52 4.647 651.973 0.952 526.404 2.4538461225905506 0.0
34.0 1.0 Car -1.0 -1.0 -1.0 -1.0 -1.0 -1.0 -1.0 1.782 1.625 4.764 640.02 0.822 532.471 -0.5983861340371082 0.0
34.0 0.0 Car -1.0 -1.0 -1.0 -1.0 -1.0 -1.0 -1.0 1.872 1.605 4.618 564.162 1.532 603.37 2.4252920752809586 0.0
34.0 3.0 Truck -1.0 -1.0 -1.0 -1.0 -1.0 -1.0 -1.0 2.524 4.13 7.153 545.614 2.558 617.086 2.38007059435672 0.0
35.0 2.0 Car -1.0 -1.0 -1.0 -1.0 -1.0 -1.0 -1.0 1.717 1.52 4.647 649.893 0.926 528.261 2.4669497248567356 0.0
35.0 1.0 Car -1.0 -1.0 -1.0 -1.0 -1.0 -1.0 -1.0 1.782 1.625 4.764 641.884 0.822 530.995 -0.6769286097302141 0.0
35.0 0.0 Car -1.0 -1.0 -1.0 -1.0 -1.0 -1.0 -1.0 1.872 1.605 4.618 560.112 1.593 606.769 2.4252920752809586 0.0
35.0 3.0 Truck -1.0 -1.0 -1.0 -1.0 -1.0 -1.0 -1.0 2.524 4.13 7.153 541.874 2.695 620.389 2.4062521287486525 0.0
36.0 2.0 Car -1.0 -1.0 -1.0 -1.0 -1.0 -1.0 -1.0 1.717 1.52 4.647 647.838 0.901 530.097 2.4713164076648995 0.0
36.0 1.0 Car -1.0 -1.0 -1.0 -1.0 -1.0 -1.0 -1.0 1.782 1.625 4.764 643.981 0.822 529.345 -0.7031058891567668 0.0
36.0 0.0 Car -1.0 -1.0 -1.0 -1.0 -1.0 -1.0 -1.0 1.872 1.605 4.618 556.002 1.636 610.147 2.4252920752809586 0.0
36.0 3.0 Truck -1.0 -1.0 -1.0 -1.0 -1.0 -1.0 -1.0 2.524 4.13 7.153 538.05 2.832 623.593 2.43243047191655 0.0
37.0 2.0 Car -1.0 -1.0 -1.0 -1.0 -1.0 -1.0 -1.0 1.717 1.52 4.647 645.989 0.876 531.68 2.471307073093791 0.0
37.0 1.0 Car -1.0 -1.0 -1.0 -1.0 -1.0 -1.0 -1.0 1.782 1.625 4.764 646.02 0.822 527.574 -0.7031058891567668 0.0
37.0 0.0 Car -1.0 -1.0 -1.0 -1.0 -1.0 -1.0 -1.0 1.872 1.605 4.618 551.892 1.68 613.525 2.4252920752809586 0.0
37.0 3.0 Truck -1.0 -1.0 -1.0 -1.0 -1.0 -1.0 -1.0 2.524 4.13 7.153 534.196 2.768 626.914 2.4236989968896028 0.0
38.0 2.0 Car -1.0 -1.0 -1.0 -1.0 -1.0 -1.0 -1.0 1.717 1.52 4.647 644.019 0.851 533.317 2.453863115144956 0.0
38.0 1.0 Car -1.0 -1.0 -1.0 -1.0 -1.0 -1.0 -1.0 1.782 1.625 4.764 648.208 0.899 525.743 -0.7031058891567668 0.0
38.0 0.0 Car -1.0 -1.0 -1.0 -1.0 -1.0 -1.0 -1.0 1.872 1.605 4.618 547.786 1.723 616.899 2.4252920752809586 0.0
38.0 3.0 Truck -1.0 -1.0 -1.0 -1.0 -1.0 -1.0 -1.0 2.524 4.13 7.153 530.347 2.705 630.232 2.4149768566064025 0.0
39.0 2.0 Car -1.0 -1.0 -1.0 -1.0 -1.0 -1.0 -1.0 1.717 1.52 4.647 642.412 0.801 534.825 2.4887697001848426 0.0
39.0 1.0 Car -1.0 -1.0 -1.0 -1.0 -1.0 -1.0 -1.0 1.782 1.625 4.764 650.462 0.926 523.81 -0.694384006321421 0.0
39.0 0.0 Car -1.0 -1.0 -1.0 -1.0 -1.0 -1.0 -1.0 1.872 1.605 4.618 543.68 1.916 620.273 2.4252920752809586 0.0
39.0 3.0 Truck -1.0 -1.0 -1.0 -1.0 -1.0 -1.0 -1.0 2.524 4.13 7.153 526.498 2.642 633.549 2.4062551350780614 0.0
