0.0 9.0 Truck -1.0 -1.0 -1.0 -1.0 -1.0 -1.0 -1.0 3.855 4.167 12.283 457.235 1.921 1588.683 -0.5357986270699318 0.0
0.0 1.0 Truck -1.0 -1.0 -1.0 -1.0 -1.0 -1.0 -1.0 2.49 3.113 7.338 499.392 1.687 1563.121 -0.5357986270699318 0.0
0.0 3.0 Car -1.0 -1.0 -1.0 -1.0 -1.0 -1.0 -1.0 2.068 1.628 4.623 551.513 0.68 1541.725 2.4866403984758945 0.0
0.0 10.0 Car -1.0 -1.0 -1.0 -1.0 -1.0 -1.0 -1.0 2.077 1.805 4.579 540.886 0.943 1552.522 2.5347591259516205 0.0
0.0 8.0 Bus -1.0 -1.0 -1.0 -1.0 -1.0 -1.0 -1.0 2.909 3.094 8.423 517.828 1.403 1551.677 -0.5478937587854479 0.0
1.0 9.0 Truck -1.0 -1.0 -1.0 -1.0 -1.0 -1.0 -1.0 3.855 4.167 12.283 458.735 1.921 1587.78 -0.5357986270699318 1.0
1.0 1.0 Truck -1.0 -1.0 -1.0 -1.0 -1.0 -1.0 -1.0 2.49 3.113 7.338 500.809 1.675 1562.294 -0.5357986270699318 1.0
1.0 3.0 Car -1.0 -1.0 -1.0 -1.0 -1.0 -1.0 -1.0 2.068 1.628 4.623 548.972 0.697 1543.665 2.477923447927643 1.0
1.0 10.0 Car -1.0 -1.0 -1.0 -1.0 -1.0 -1.0 -1.0 2.077 1.805 4.579 538.36 0.901 1554.349 2.5260227839799283 1.0
1.0 8.0 Bus -1.0 -1.0 -1.0 -1.0 -1.0 -1.0 -1.0 2.909 3.094 8.423 519.355 1.426 1550.76 -0.5478937587854479 1.0
2.0 9.0 Truck -1.0 -1.0 -1.0 -1.0 -1.0 -1.0 -1.0 3.855 4.167 12.283 461.647 1.921 1586.038 -0.5357986270699318 1.0
2.0 1.0 Truck -1.0 -1.0 -1.0 -1.0 -1.0 -1.0 -1.0 2.49 3.113 7.338 502.228 1.662 1561.466 -0.5357986270699318 1.0
2.0 3.0 Car -1.0 -1.0 -1.0 -1.0 -1.0 -1.0 -1.0 2.068 1.628 4.623 546.426 0.714 1545.609 2.469187105955951 1.0
2.0 10.0 Car -1.0 -1.0 -1.0 -1.0 -1.0 -1.0 -1.0 2.077 1.805 4.579 535.881 0.909 1556.026 2.5347591259516205 1.0
2.0 8.0 Bus -1.0 -1.0 -1.0 -1.0 -1.0 -1.0 -1.0 2.909 3.094 8.423 520.885 1.45 1549.841 -0.5478937587854479 1.0
2.0 5.0 Car -1.0 -1.0 -1.0 -1.0 -1.0 -1.0 -1.0 1.999 1.814 5.096 481.318 1.125 1574.4 -0.5478937587854479 0.0
3.0 9.0 Truck -1.0 -1.0 -1.0 -1.0 -1.0 -1.0 -1.0 3.855 4.167 12.283 463.329 1.946 1585.029 -0.5392920107565691 1.0
3.0 1.0 Truck -1.0 -1.0 -1.0 -1.0 -1.0 -1.0 -1.0 2.49 3.113 7.338 503.645 1.65 1560.639 -0.5357986270699318 1.0
3.0 0.0 Car -1.0 -1.0 -1.0 -1.0 -1.0 -1.0 -1.0 1.956 1.65 4.625 494.484 0.819 1565.96 -0.5730265000141673 0.0
3.0 3.0 Car -1.0 -1.0 -1.0 -1.0 -1.0 -1.0 -1.0 2.068 1.628 4.623 543.997 0.73 1547.603 2.4633664815554592 1.0
3.0 10.0 Car -1.0 -1.0 -1.0 -1.0 -1.0 -1.0 -1.0 2.077 1.805 4.579 533.315 0.923 1557.749 2.5487326606981693 1.0
3.0 8.0 Bus -1.0 -1.0 -1.0 -1.0 -1.0 -1.0 -1.0 2.909 3.094 8.423 522.412 1.473 1548.923 -0.5478937587854479 1.0
3.0 5.0 Car -1.0 -1.0 -1.0 -1.0 -1.0 -1.0 -1.0 1.999 1.814 5.096 481.956 1.091 1573.929 -0.5478937587854479 1.0
4.0 9.0 Truck -1.0 -1.0 -1.0 -1.0 -1.0 -1.0 -1.0 3.855 4.167 12.283 465.011 1.971 1584.02 -0.5427848633819723 1.0
4.0 1.0 Truck -1.0 -1.0 -1.0 -1.0 -1.0 -1.0 -1.0 2.49 3.113 7.338 505.062 1.637 1559.813 -0.5357986270699318 1.0
4.0 0.0 Car -1.0 -1.0 -1.0 -1.0 -1.0 -1.0 -1.0 1.956 1.65 4.625 495.71 0.794 1565.169 -0.5730265000141673 1.0
4.0 3.0 Car -1.0 -1.0 -1.0 -1.0 -1.0 -1.0 -1.0 2.068 1.628 4.623 541.568 0.747 1549.597 2.457546742001367 1.0
4.0 10.0 Car -1.0 -1.0 -1.0 -1.0 -1.0 -1.0 -1.0 2.077 1.805 4.579 530.749 0.936 1559.472 2.562704071199782 1.0
4.0 8.0 Bus -1.0 -1.0 -1.0 -1.0 -1.0 -1.0 -1.0 2.909 3.094 8.423 523.938 1.497 1548.006 -0.5478937587854479 1.0
4.0 5.0 Car -1.0 -1.0 -1.0 -1.0 -1.0 -1.0 -1.0 1.999 1.814 5.096 483.528 1.057 1572.969 -0.5478937587854479 1.0
5.0 9.0 Truck -1.0 -1.0 -1.0 -1.0 -1.0 -1.0 -1.0 3.855 4.167 12.283 466.692 1.937 1583.012 -0.5462736282334024 1.0
5.0 1.0 Truck -1.0 -1.0 -1.0 -1.0 -1.0 -1.0 -1.0 2.49 3.113 7.338 506.581 1.637 1558.794 -0.5357986270699318 1.0
5.0 0.0 Car -1.0 -1.0 -1.0 -1.0 -1.0 -1.0 -1.0 1.956 1.65 4.625 496.935 0.769 1564.379 -0.5730265000141673 1.0
5.0 7.0 Truck -1.0 -1.0 -1.0 -1.0 -1.0 -1.0 -1.0 2.53 1.909 5.922 405.09 0.484 1627.47 -0.17615608141723293 0.0
5.0 3.0 Car -1.0 -1.0 -1.0 -1.0 -1.0 -1.0 -1.0 2.068 1.628 4.623 539.143 0.764 1551.589 2.4517338134360074 1.0
5.0 10.0 Car -1.0 -1.0 -1.0 -1.0 -1.0 -1.0 -1.0 2.077 1.805 4.579 528.215 0.949 1561.061 2.5766591306055036 1.0
5.0 8.0 Bus -1.0 -1.0 -1.0 -1.0 -1.0 -1.0 -1.0 2.909 3.094 8.423 525.463 1.52 1547.09 -0.5478937587854479 1.0
5.0 5.0 Car -1.0 -1.0 -1.0 -1.0 -1.0 -1.0 -1.0 1.999 1.814 5.096 485.098 1.024 1572.011 -0.5478937587854479 1.0
6.0 9.0 Truck -1.0 -1.0 -1.0 -1.0 -1.0 -1.0 -1.0 3.855 4.167 12.283 468.372 1.904 1582.005 -0.5497628053560537 1.0
6.0 1.0 Truck -1.0 -1.0 -1.0 -1.0 -1.0 -1.0 -1.0 2.49 3.113 7.338 508.389 1.621 1557.7 -0.5357986270699318 1.0
6.0 0.0 Car -1.0 -1.0 -1.0 -1.0 -1.0 -1.0 -1.0 1.956 1.65 4.625 498.32 0.769 1563.485 -0.5730265000141673 0.0
6.0 7.0 Truck -1.0 -1.0 -1.0 -1.0 -1.0 -1.0 -1.0 2.53 1.909 5.922 406.938 0.408 1627.7 0.19618455403997137 1.0
6.0 3.0 Car -1.0 -1.0 -1.0 -1.0 -1.0 -1.0 -1.0 2.068 1.628 4.623 536.87 0.78 1553.373 2.467585670316941 1.0
6.0 10.0 Car -1.0 -1.0 -1.0 -1.0 -1.0 -1.0 -1.0 2.077 1.805 4.579 525.706 0.963 1562.609 2.590615839096109 1.0
6.0 8.0 Bus -1.0 -1.0 -1.0 -1.0 -1.0 -1.0 -1.0 2.909 3.094 8.423 527.0 1.582 1546.22 -0.5478937587854479 1.0
6.0 5.0 Car -1.0 -1.0 -1.0 -1.0 -1.0 -1.0 -1.0 1.999 1.814 5.096 486.668 0.99 1571.053 -0.5478937587854479 1.0
7.0 9.0 Truck -1.0 -1.0 -1.0 -1.0 -1.0 -1.0 -1.0 3.855 4.167 12.283 470.053 1.871 1580.997 -0.5532519195898749 1.0
7.0 1.0 Truck -1.0 -1.0 -1.0 -1.0 -1.0 -1.0 -1.0 2.49 3.113 7.338 510.198 1.604 1556.607 -0.5357986270699318 1.0
7.0 0.0 Car -1.0 -1.0 -1.0 -1.0 -1.0 -1.0 -1.0 1.956 1.65 4.625 499.491 0.769 1562.73 -0.5730265000141673 0.0
7.0 7.0 Truck -1.0 -1.0 -1.0 -1.0 -1.0 -1.0 -1.0 2.53 1.909 5.922 408.575 0.332 1628.586 0.5685184784400314 1.0
7.0 3.0 Car -1.0 -1.0 -1.0 -1.0 -1.0 -1.0 -1.0 2.068 1.628 4.623 534.579 0.797 1555.135 2.4834372414844514 1.0
7.0 10.0 Car -1.0 -1.0 -1.0 -1.0 -1.0 -1.0 -1.0 2.077 1.805 4.579 523.196 0.976 1564.156 2.6045722960313937 1.0
7.0 8.0 Bus -1.0 -1.0 -1.0 -1.0 -1.0 -1.0 -1.0 2.909 3.094 8.423 528.221 1.563 1545.458 -0.5478937587854479 1.0
7.0 5.0 Car -1.0 -1.0 -1.0 -1.0 -1.0 -1.0 -1.0 1.999 1.814 5.096 488.239 0.956 1570.095 -0.5478937587854479 1.0
8.0 9.0 Truck -1.0 -1.0 -1.0 -1.0 -1.0 -1.0 -1.0 3.855 4.167 12.283 471.569 1.871 1580.081 -0.5506883882202268 1.0
8.0 1.0 Truck -1.0 -1.0 -1.0 -1.0 -1.0 -1.0 -1.0 2.49 3.113 7.338 512.006 1.587 1555.514 -0.5357986270699318 1.0
8.0 0.0 Car -1.0 -1.0 -1.0 -1.0 -1.0 -1.0 -1.0 1.956 1.65 4.625 500.923 0.769 1561.806 -0.5730265000141673 0.0
8.0 7.0 Truck -1.0 -1.0 -1.0 -1.0 -1.0 -1.0 -1.0 2.53 1.909 5.922 409.778 0.256 1630.008 0.9408546398591395 1.0
8.0 3.0 Car -1.0 -1.0 -1.0 -1.0 -1.0 -1.0 -1.0 2.068 1.628 4.623 532.267 0.814 1556.868 2.49928890788977 1.0
8.0 10.0 Car -1.0 -1.0 -1.0 -1.0 -1.0 -1.0 -1.0 2.077 1.805 4.579 520.656 0.972 1565.679 2.600213719223251 1.0
8.0 8.0 Bus -1.0 -1.0 -1.0 -1.0 -1.0 -1.0 -1.0 2.909 3.094 8.423 529.443 1.545 1544.696 -0.5478937587854479 1.0
8.0 5.0 Car -1.0 -1.0 -1.0 -1.0 -1.0 -1.0 -1.0 1.999 1.814 5.096 489.809 0.823 1569.136 -0.5478937587854479 1.0
9.0 9.0 Truck -1.0 -1.0 -1.0 -1.0 -1.0 -1.0 -1.0 3.855 4.167 12.283 473.088 1.871 1579.163 -0.5481221615255145 1.0
9.0 1.0 Truck -1.0 -1.0 -1.0 -1.0 -1.0 -1.0 -1.0 2.49 3.113 7.338 513.409 1.587 1554.641 -0.5357986270699318 1.0
9.0 0.0 Car -1.0 -1.0 -1.0 -1.0 -1.0 -1.0 -1.0 1.956 1.65 4.625 502.479 0.769 1560.802 -0.5730265000141673 0.0
9.0 7.0 Truck -1.0 -1.0 -1.0 -1.0 -1.0 -1.0 -1.0 2.53 1.909 5.922 411.018 0.331 1631.978 0.9756637345803063 1.0
9.0 3.0 Car -1.0 -1.0 -1.0 -1.0 -1.0 -1.0 -1.0 2.068 1.628 4.623 529.929 0.83 1558.571 2.515157240911413 1.0
9.0 10.0 Car -1.0 -1.0 -1.0 -1.0 -1.0 -1.0 -1.0 2.077 1.805 4.579 518.114 0.968 1567.204 2.595850559759535 1.0
9.0 8.0 Bus -1.0 -1.0 -1.0 -1.0 -1.0 -1.0 -1.0 2.909 3.094 8.423 530.665 1.526 1543.933 -0.5478937587854479 0.0
9.0 5.0 Car -1.0 -1.0 -1.0 -1.0 -1.0 -1.0 -1.0 1.999 1.814 5.096 491.048 0.889 1568.38 -0.5478937587854479 1.0
10.0 9.0 Truck -1.0 -1.0 -1.0 -1.0 -1.0 -1.0 -1.0 3.855 4.167 12.283 474.606 1.871 1578.246 -0.5455556832671293 1.0
10.0 1.0 Truck -1.0 -1.0 -1.0 -1.0 -1.0 -1.0 -1.0 2.49 3.113 7.338 514.813 1.587 1553.769 -0.5357986270699318 1.0
10.0 0.0 Car -1.0 -1.0 -1.0 -1.0 -1.0 -1.0 -1.0 1.956 1.65 4.625 504.945 0.769 1559.21 -0.5730265000141673 0.0
10.0 7.0 Truck -1.0 -1.0 -1.0 -1.0 -1.0 -1.0 -1.0 2.53 1.909 5.922 412.233 0.405 1634.058 1.010476241589144 1.0
10.0 3.0 Car -1.0 -1.0 -1.0 -1.0 -1.0 -1.0 -1.0 2.068 1.628 4.623 527.563 0.847 1560.233 2.531027129483913 1.0
10.0 10.0 Car -1.0 -1.0 -1.0 -1.0 -1.0 -1.0 -1.0 2.077 1.805 4.579 515.571 0.963 1568.729 2.5914869725812997 1.0
10.0 8.0 Bus -1.0 -1.0 -1.0 -1.0 -1.0 -1.0 -1.0 2.909 3.094 8.423 531.888 1.507 1543.17 -0.5478937587854479 0.0
10.0 5.0 Car -1.0 -1.0 -1.0 -1.0 -1.0 -1.0 -1.0 1.999 1.814 5.096 492.743 1.006 1567.346 -0.5478937587854479 1.0
11.0 9.0 Truck -1.0 -1.0 -1.0 -1.0 -1.0 -1.0 -1.0 3.855 4.167 12.283 476.127 1.871 1577.328 -0.5429866277645874 1.0
11.0 1.0 Truck -1.0 -1.0 -1.0 -1.0 -1.0 -1.0 -1.0 2.49 3.113 7.338 516.218 1.587 1552.896 -0.5357986270699318 1.0
11.0 0.0 Car -1.0 -1.0 -1.0 -1.0 -1.0 -1.0 -1.0 1.956 1.65 4.625 506.163 0.769 1558.425 -0.5730265000141673 0.0
11.0 7.0 Truck -1.0 -1.0 -1.0 -1.0 -1.0 -1.0 -1.0 2.53 1.909 5.922 413.513 0.629 1636.408 1.0453237071369745 1.0
11.0 3.0 Car -1.0 -1.0 -1.0 -1.0 -1.0 -1.0 -1.0 2.068 1.628 4.623 525.171 0.864 1561.864 2.5469129545162126 1.0
11.0 10.0 Car -1.0 -1.0 -1.0 -1.0 -1.0 -1.0 -1.0 2.077 1.805 4.579 513.026 0.959 1570.256 2.58711900351145 1.0
11.0 8.0 Bus -1.0 -1.0 -1.0 -1.0 -1.0 -1.0 -1.0 2.909 3.094 8.423 532.65 1.475 1542.705 -0.5478937587854479 0.0
11.0 5.0 Car -1.0 -1.0 -1.0 -1.0 -1.0 -1.0 -1.0 1.999 1.814 5.096 493.969 0.922 1566.598 -0.5478937587854479 0.0
12.0 9.0 Truck -1.0 -1.0 -1.0 -1.0 -1.0 -1.0 -1.0 3.855 4.167 12.283 477.453 1.871 1576.528 -0.5409313166211716 1.0
12.0 1.0 Truck -1.0 -1.0 -1.0 -1.0 -1.0 -1.0 -1.0 2.49 3.113 7.338 517.021 1.637 1552.301 -0.5357986270699318 1.0
12.0 11.0 Car -1.0 -1.0 -1.0 -1.0 -1.0 -1.0 -1.0 1.925 1.532 4.543 449.334 0.75 1592.439 -0.5417676531132933 0.0
12.0 0.0 Car -1.0 -1.0 -1.0 -1.0 -1.0 -1.0 -1.0 1.956 1.65 4.625 507.137 0.769 1557.797 -0.5730265000141673 0.0
12.0 7.0 Truck -1.0 -1.0 -1.0 -1.0 -1.0 -1.0 -1.0 2.53 1.909 5.922 414.675 0.566 1638.507 1.063205362128446 1.0
12.0 3.0 Car -1.0 -1.0 -1.0 -1.0 -1.0 -1.0 -1.0 2.068 1.628 4.623 523.241 0.877 1563.144 2.559622027239219 1.0
12.0 10.0 Car -1.0 -1.0 -1.0 -1.0 -1.0 -1.0 -1.0 2.077 1.805 4.579 510.741 0.967 1571.698 2.5907965384844376 1.0
12.0 8.0 Bus -1.0 -1.0 -1.0 -1.0 -1.0 -1.0 -1.0 2.909 3.094 8.423 532.82 1.51 1542.612 -0.5478937587854479 0.0
12.0 5.0 Car -1.0 -1.0 -1.0 -1.0 -1.0 -1.0 -1.0 1.999 1.814 5.096 495.202 0.967 1565.845 -0.5478937587854479 0.0
13.0 9.0 Truck -1.0 -1.0 -1.0 -1.0 -1.0 -1.0 -1.0 3.855 4.167 12.283 479.109 1.871 1575.529 -0.5383647972911665 1.0
13.0 1.0 Truck -1.0 -1.0 -1.0 -1.0 -1.0 -1.0 -1.0 2.49 3.113 7.338 518.539 1.637 1551.4 -0.5357986270699318 1.0
13.0 11.0 Car -1.0 -1.0 -1.0 -1.0 -1.0 -1.0 -1.0 1.925 1.532 4.543 451.956 0.672 1590.862 -0.5417676531132933 1.0
13.0 0.0 Car -1.0 -1.0 -1.0 -1.0 -1.0 -1.0 -1.0 1.956 1.65 4.625 508.392 0.782 1556.987 -0.5730265000141673 0.0
13.0 7.0 Truck -1.0 -1.0 -1.0 -1.0 -1.0 -1.0 -1.0 2.53 1.909 5.922 416.074 0.487 1641.157 1.0855346397831256 1.0
13.0 3.0 Car -1.0 -1.0 -1.0 -1.0 -1.0 -1.0 -1.0 2.068 1.628 4.623 520.823 0.894 1564.731 2.5754921697792055 1.0
13.0 10.0 Car -1.0 -1.0 -1.0 -1.0 -1.0 -1.0 -1.0 2.077 1.805 4.579 507.888 0.977 1573.499 2.595388769994093 1.0
13.0 8.0 Bus -1.0 -1.0 -1.0 -1.0 -1.0 -1.0 -1.0 2.909 3.094 8.423 533.033 1.553 1542.497 -0.5478937587854479 0.0
13.0 5.0 Car -1.0 -1.0 -1.0 -1.0 -1.0 -1.0 -1.0 1.999 1.814 5.096 496.742 1.022 1564.906 -0.5478937587854479 0.0
14.0 9.0 Truck -1.0 -1.0 -1.0 -1.0 -1.0 -1.0 -1.0 3.855 4.167 12.283 480.765 1.871 1574.53 -0.5357986270699318 1.0
14.0 1.0 Truck -1.0 -1.0 -1.0 -1.0 -1.0 -1.0 -1.0 2.49 3.113 7.338 519.471 1.687 1550.847 -0.5357986270699318 1.0
14.0 11.0 Car -1.0 -1.0 -1.0 -1.0 -1.0 -1.0 -1.0 1.925 1.532 4.543 454.577 0.594 1589.284 -0.5417676531132933 1.0
14.0 12.0 Truck -1.0 -1.0 -1.0 -1.0 -1.0 -1.0 -1.0 2.077 2.0 4.563 417.102 0.552 1610.946 -0.6148445888954636 0.0
14.0 0.0 Car -1.0 -1.0 -1.0 -1.0 -1.0 -1.0 -1.0 1.956 1.65 4.625 509.646 0.795 1556.177 -0.5730265000141673 0.0
14.0 7.0 Truck -1.0 -1.0 -1.0 -1.0 -1.0 -1.0 -1.0 2.53 1.909 5.922 417.414 0.408 1643.836 1.1078608801154008 1.0
14.0 3.0 Car -1.0 -1.0 -1.0 -1.0 -1.0 -1.0 -1.0 2.068 1.628 4.623 518.405 0.91 1566.318 2.591360153595554 1.0
14.0 10.0 Car -1.0 -1.0 -1.0 -1.0 -1.0 -1.0 -1.0 2.077 1.805 4.579 505.035 0.986 1575.3 2.599980376849075 1.0
14.0 8.0 Bus -1.0 -1.0 -1.0 -1.0 -1.0 -1.0 -1.0 2.909 3.094 8.423 533.246 1.596 1542.381 -0.5478937587854479 0.0
14.0 5.0 Car -1.0 -1.0 -1.0 -1.0 -1.0 -1.0 -1.0 1.999 1.814 5.096 497.975 1.025 1564.154 -0.5478937587854479 0.0
15.0 9.0 Truck -1.0 -1.0 -1.0 -1.0 -1.0 -1.0 -1.0 3.855 4.167 12.283 482.508 2.002 1573.496 -0.5357986270699318 1.0
15.0 1.0 Truck -1.0 -1.0 -1.0 -1.0 -1.0 -1.0 -1.0 2.49 3.113 7.338 520.403 1.737 1550.293 -0.5357986270699318 0.0
15.0 11.0 Car -1.0 -1.0 -1.0 -1.0 -1.0 -1.0 -1.0 1.925 1.532 4.543 457.199 0.516 1587.706 -0.5417676531132933 1.0
15.0 12.0 Truck -1.0 -1.0 -1.0 -1.0 -1.0 -1.0 -1.0 2.077 2.0 4.563 420.525 0.61 1608.558 -0.5872935958291596 1.0
15.0 0.0 Car -1.0 -1.0 -1.0 -1.0 -1.0 -1.0 -1.0 1.956 1.65 4.625 510.901 0.807 1555.367 -0.5730265000141673 0.0
15.0 7.0 Truck -1.0 -1.0 -1.0 -1.0 -1.0 -1.0 -1.0 2.53 1.909 5.922 418.665 0.329 1646.558 1.1301886391088782 1.0
15.0 3.0 Car -1.0 -1.0 -1.0 -1.0 -1.0 -1.0 -1.0 2.068 1.628 4.623 514.736 0.916 1568.372 2.6786266161952703 1.0
15.0 10.0 Car -1.0 -1.0 -1.0 -1.0 -1.0 -1.0 -1.0 2.077 1.805 4.579 502.182 0.996 1577.101 2.6045722960313937 1.0
15.0 8.0 Bus -1.0 -1.0 -1.0 -1.0 -1.0 -1.0 -1.0 2.909 3.094 8.423 533.459 1.639 1542.266 -0.5478937587854479 0.0
15.0 5.0 Car -1.0 -1.0 -1.0 -1.0 -1.0 -1.0 -1.0 1.999 1.814 5.096 499.208 1.027 1563.401 -0.5478937587854479 0.0
16.0 9.0 Truck -1.0 -1.0 -1.0 -1.0 -1.0 -1.0 -1.0 3.855 4.167 12.283 484.077 2.121 1572.564 -0.5357986270699318 0.0
16.0 1.0 Truck -1.0 -1.0 -1.0 -1.0 -1.0 -1.0 -1.0 2.49 3.113 7.338 520.774 1.809 1550.126 -0.5357986270699318 0.0
16.0 11.0 Car -1.0 -1.0 -1.0 -1.0 -1.0 -1.0 -1.0 1.925 1.532 4.543 459.238 0.566 1586.479 -0.5417676531132933 0.0
16.0 12.0 Truck -1.0 -1.0 -1.0 -1.0 -1.0 -1.0 -1.0 2.077 2.0 4.563 423.662 0.662 1606.489 -0.5624847113356345 0.0
16.0 0.0 Car -1.0 -1.0 -1.0 -1.0 -1.0 -1.0 -1.0 1.956 1.65 4.625 512.031 0.819 1554.638 -0.5730265000141673 0.0
16.0 7.0 Truck -1.0 -1.0 -1.0 -1.0 -1.0 -1.0 -1.0 2.53 1.909 5.922 419.793 0.258 1649.009 1.1502941500984594 0.0
16.0 3.0 Car -1.0 -1.0 -1.0 -1.0 -1.0 -1.0 -1.0 2.068 1.628 4.623 511.533 0.92 1570.078 2.673389823360556 0.0
16.0 10.0 Car -1.0 -1.0 -1.0 -1.0 -1.0 -1.0 -1.0 2.077 1.805 4.579 499.433 1.017 1578.782 2.6045722960313937 0.0
16.0 8.0 Bus -1.0 -1.0 -1.0 -1.0 -1.0 -1.0 -1.0 2.909 3.094 8.423 533.651 1.678 1542.162 -0.5478937587854479 0.0
16.0 5.0 Car -1.0 -1.0 -1.0 -1.0 -1.0 -1.0 -1.0 1.999 1.814 5.096 500.318 1.029 1562.724 -0.5478937587854479 0.0
17.0 9.0 Truck -1.0 -1.0 -1.0 -1.0 -1.0 -1.0 -1.0 3.855 4.167 12.283 485.387 2.04 1571.786 -0.5357986270699318 0.0
17.0 1.0 Truck -1.0 -1.0 -1.0 -1.0 -1.0 -1.0 -1.0 2.49 3.113 7.338 521.185 1.889 1549.94 -0.5357986270699318 0.0
17.0 11.0 Car -1.0 -1.0 -1.0 -1.0 -1.0 -1.0 -1.0 1.925 1.532 4.543 461.327 0.616 1585.222 -0.5417676531132933 0.0
17.0 12.0 Truck -1.0 -1.0 -1.0 -1.0 -1.0 -1.0 -1.0 2.077 2.0 4.563 427.202 0.666 1604.283 -0.5624847113356345 0.0
17.0 0.0 Car -1.0 -1.0 -1.0 -1.0 -1.0 -1.0 -1.0 1.956 1.65 4.625 512.962 0.819 1554.038 -0.5730265000141673 0.0
17.0 7.0 Truck -1.0 -1.0 -1.0 -1.0 -1.0 -1.0 -1.0 2.53 1.909 5.922 421.143 0.225 1651.946 1.1677474426184027 0.0
17.0 3.0 Car -1.0 -1.0 -1.0 -1.0 -1.0 -1.0 -1.0 2.068 1.628 4.623 507.976 0.926 1571.973 2.667574164956757 0.0
17.0 10.0 Car -1.0 -1.0 -1.0 -1.0 -1.0 -1.0 -1.0 2.077 1.805 4.579 496.38 1.04 1580.649 2.6045722960313937 0.0
17.0 8.0 Bus -1.0 -1.0 -1.0 -1.0 -1.0 -1.0 -1.0 2.909 3.094 8.423 533.694 1.752 1542.106 -0.5478937587854479 0.0
17.0 5.0 Car -1.0 -1.0 -1.0 -1.0 -1.0 -1.0 -1.0 1.999 1.814 5.096 501.55 1.031 1561.972 -0.5478937587854479 0.0
18.0 9.0 Truck -1.0 -1.0 -1.0 -1.0 -1.0 -1.0 -1.0 3.855 4.167 12.283 486.83 1.951 1570.93 -0.5357986270699318 1.0
18.0 1.0 Truck -1.0 -1.0 -1.0 -1.0 -1.0 -1.0 -1.0 2.49 3.113 7.338 521.638 1.977 1549.736 -0.5357986270699318 0.0
18.0 11.0 Car -1.0 -1.0 -1.0 -1.0 -1.0 -1.0 -1.0 1.925 1.532 4.543 463.556 0.669 1583.867 -0.5417676531132933 1.0
18.0 12.0 Truck -1.0 -1.0 -1.0 -1.0 -1.0 -1.0 -1.0 2.077 2.0 4.563 431.099 0.672 1601.856 -0.5624847113356345 1.0
18.0 6.0 Car -1.0 -1.0 -1.0 -1.0 -1.0 -1.0 -1.0 1.987 1.726 4.346 434.766 0.638 1603.491 -0.5624847113356345 0.0
18.0 7.0 Truck -1.0 -1.0 -1.0 -1.0 -1.0 -1.0 -1.0 2.53 1.909 5.922 422.554 0.238 1655.213 1.1502941500984594 1.0
18.0 3.0 Car -1.0 -1.0 -1.0 -1.0 -1.0 -1.0 -1.0 2.068 1.628 4.623 504.062 0.932 1574.059 2.661173323675327 1.0
18.0 10.0 Car -1.0 -1.0 -1.0 -1.0 -1.0 -1.0 -1.0 2.077 1.805 4.579 493.02 1.066 1582.704 2.6045722960313937 1.0
18.0 8.0 Bus -1.0 -1.0 -1.0 -1.0 -1.0 -1.0 -1.0 2.909 3.094 8.423 533.741 1.834 1542.045 -0.5478937587854479 0.0
18.0 5.0 Car -1.0 -1.0 -1.0 -1.0 -1.0 -1.0 -1.0 1.999 1.814 5.096 502.907 1.111 1561.144 -0.5478937587854479 0.0
19.0 9.0 Truck -1.0 -1.0 -1.0 -1.0 -1.0 -1.0 -1.0 3.855 4.167 12.283 488.142 1.871 1570.151 -0.5357986270699318 1.0
19.0 1.0 Truck -1.0 -1.0 -1.0 -1.0 -1.0 -1.0 -1.0 2.49 3.113 7.338 522.05 2.057 1549.55 -0.5357986270699318 0.0
19.0 11.0 Car -1.0 -1.0 -1.0 -1.0 -1.0 -1.0 -1.0 1.925 1.532 4.543 465.525 0.716 1582.659 -0.5417676531132933 1.0
19.0 12.0 Truck -1.0 -1.0 -1.0 -1.0 -1.0 -1.0 -1.0 2.077 2.0 4.563 434.828 0.622 1599.422 -0.5799380038555775 1.0
19.0 2.0 Car -1.0 -1.0 -1.0 -1.0 -1.0 -1.0 -1.0 1.662 1.428 3.862 404.113 -0.615 1593.977 1.1378848591973654 0.0
19.0 6.0 Car -1.0 -1.0 -1.0 -1.0 -1.0 -1.0 -1.0 1.987 1.726 4.346 438.391 0.628 1601.186 -0.5624847113356345 1.0
19.0 7.0 Truck -1.0 -1.0 -1.0 -1.0 -1.0 -1.0 -1.0 2.53 1.909 5.922 423.698 0.088 1657.832 1.1677474426184027 1.0
19.0 3.0 Car -1.0 -1.0 -1.0 -1.0 -1.0 -1.0 -1.0 2.068 1.628 4.623 500.096 0.937 1576.067 2.666990956093508 1.0
19.0 10.0 Car -1.0 -1.0 -1.0 -1.0 -1.0 -1.0 -1.0 2.077 1.805 4.579 489.964 1.089 1584.573 2.6045722960313937 1.0
19.0 8.0 Bus -1.0 -1.0 -1.0 -1.0 -1.0 -1.0 -1.0 2.909 3.094 8.423 533.784 1.909 1541.99 -0.5478937587854479 0.0
19.0 5.0 Car -1.0 -1.0 -1.0 -1.0 -1.0 -1.0 -1.0 1.999 1.814 5.096 503.709 1.185 1560.654 -0.5478937587854479 0.0
20.0 9.0 Truck -1.0 -1.0 -1.0 -1.0 -1.0 -1.0 -1.0 3.855 4.167 12.283 489.479 2.398 1569.357 -0.5357986270699318 1.0
20.0 1.0 Truck -1.0 -1.0 -1.0 -1.0 -1.0 -1.0 -1.0 2.49 3.113 7.338 522.462 2.137 1549.364 -0.5357986270699318 0.0
20.0 11.0 Car -1.0 -1.0 -1.0 -1.0 -1.0 -1.0 -1.0 1.925 1.532 4.543 467.378 0.833 1581.617 -0.5417676531132933 0.0
20.0 12.0 Truck -1.0 -1.0 -1.0 -1.0 -1.0 -1.0 -1.0 2.077 2.0 4.563 438.431 0.672 1597.141 -0.5450314188156913 1.0
20.0 2.0 Car -1.0 -1.0 -1.0 -1.0 -1.0 -1.0 -1.0 1.662 1.428 3.862 404.295 -0.524 1594.371 1.1378848591973654 1.0
20.0 6.0 Car -1.0 -1.0 -1.0 -1.0 -1.0 -1.0 -1.0 1.987 1.726 4.346 442.203 0.636 1598.87 -0.550848934981325 1.0
20.0 7.0 Truck -1.0 -1.0 -1.0 -1.0 -1.0 -1.0 -1.0 2.53 1.909 5.922 424.867 -0.012 1660.44 1.132840857578516 1.0
20.0 3.0 Car -1.0 -1.0 -1.0 -1.0 -1.0 -1.0 -1.0 2.068 1.628 4.623 496.129 0.942 1578.075 2.672808890773466 1.0
20.0 10.0 Car -1.0 -1.0 -1.0 -1.0 -1.0 -1.0 -1.0 2.077 1.805 4.579 486.907 1.112 1586.442 2.6045722960313937 1.0
20.0 8.0 Bus -1.0 -1.0 -1.0 -1.0 -1.0 -1.0 -1.0 2.909 3.094 8.423 533.827 1.983 1541.934 -0.5478937587854479 0.0
20.0 5.0 Car -1.0 -1.0 -1.0 -1.0 -1.0 -1.0 -1.0 1.999 1.814 5.096 504.512 1.258 1560.165 -0.5478937587854479 0.0
21.0 9.0 Truck -1.0 -1.0 -1.0 -1.0 -1.0 -1.0 -1.0 3.855 4.167 12.283 490.816 2.448 1568.563 -0.5357986270699318 1.0
21.0 1.0 Truck -1.0 -1.0 -1.0 -1.0 -1.0 -1.0 -1.0 2.49 3.113 7.338 522.682 2.182 1549.228 -0.5357986270699318 0.0
21.0 11.0 Car -1.0 -1.0 -1.0 -1.0 -1.0 -1.0 -1.0 1.925 1.532 4.543 469.231 0.95 1580.574 -0.5417676531132933 0.0
21.0 12.0 Truck -1.0 -1.0 -1.0 -1.0 -1.0 -1.0 -1.0 2.077 2.0 4.563 442.191 0.672 1594.875 -0.5450314188156913 1.0
21.0 2.0 Car -1.0 -1.0 -1.0 -1.0 -1.0 -1.0 -1.0 1.662 1.428 3.862 404.477 -0.433 1594.764 1.1378848591973654 1.0
21.0 6.0 Car -1.0 -1.0 -1.0 -1.0 -1.0 -1.0 -1.0 1.987 1.726 4.346 445.966 0.644 1596.588 -0.5392135771399768 1.0
21.0 7.0 Truck -1.0 -1.0 -1.0 -1.0 -1.0 -1.0 -1.0 2.53 1.909 5.922 425.648 -0.112 1662.098 1.132840857578516 0.0
21.0 3.0 Car -1.0 -1.0 -1.0 -1.0 -1.0 -1.0 -1.0 2.068 1.628 4.623 492.163 0.948 1580.082 2.6786266161952703 1.0
21.0 4.0 Car -1.0 -1.0 -1.0 -1.0 -1.0 -1.0 -1.0 1.987 1.524 4.16 381.969 -0.136 1639.776 -0.568069764876312 0.0
21.0 10.0 Car -1.0 -1.0 -1.0 -1.0 -1.0 -1.0 -1.0 2.077 1.805 4.579 483.908 1.108 1588.253 2.6045722960313937 1.0
21.0 5.0 Car -1.0 -1.0 -1.0 -1.0 -1.0 -1.0 -1.0 1.999 1.814 5.096 505.314 1.331 1559.675 -0.5478937587854479 0.0
22.0 9.0 Truck -1.0 -1.0 -1.0 -1.0 -1.0 -1.0 -1.0 3.855 4.167 12.283 492.152 2.268 1567.77 -0.5357986270699318 1.0
22.0 1.0 Truck -1.0 -1.0 -1.0 -1.0 -1.0 -1.0 -1.0 2.49 3.113 7.338 522.901 2.226 1549.091 -0.5357986270699318 0.0
22.0 11.0 Car -1.0 -1.0 -1.0 -1.0 -1.0 -1.0 -1.0 1.925 1.532 4.543 471.084 1.066 1579.532 -0.5417676531132933 0.0
22.0 12.0 Truck -1.0 -1.0 -1.0 -1.0 -1.0 -1.0 -1.0 2.077 2.0 4.563 445.898 0.822 1592.642 -0.5450314188156913 0.0
22.0 2.0 Car -1.0 -1.0 -1.0 -1.0 -1.0 -1.0 -1.0 1.662 1.428 3.862 404.76 -0.343 1595.377 1.1378848591973654 0.0
22.0 6.0 Car -1.0 -1.0 -1.0 -1.0 -1.0 -1.0 -1.0 1.987 1.726 4.346 449.382 0.801 1594.514 -0.5275781262957482 1.0
22.0 7.0 Truck -1.0 -1.0 -1.0 -1.0 -1.0 -1.0 -1.0 2.53 1.909 5.922 426.43 -0.212 1663.757 1.132840857578516 0.0
22.0 3.0 Car -1.0 -1.0 -1.0 -1.0 -1.0 -1.0 -1.0 2.068 1.628 4.623 488.23 0.976 1582.079 2.6513558500387484 1.0
22.0 4.0 Car -1.0 -1.0 -1.0 -1.0 -1.0 -1.0 -1.0 1.987 1.524 4.16 383.623 -0.186 1638.453 -0.568069764876312 1.0
22.0 10.0 Car -1.0 -1.0 -1.0 -1.0 -1.0 -1.0 -1.0 2.077 1.805 4.579 480.909 1.103 1590.063 2.6045722960313937 1.0
22.0 5.0 Car -1.0 -1.0 -1.0 -1.0 -1.0 -1.0 -1.0 1.999 1.814 5.096 506.117 1.404 1559.185 -0.5478937587854479 0.0
23.0 9.0 Truck -1.0 -1.0 -1.0 -1.0 -1.0 -1.0 -1.0 3.855 4.167 12.283 493.756 2.051 1566.817 -0.5357986270699318 1.0
23.0 1.0 Truck -1.0 -1.0 -1.0 -1.0 -1.0 -1.0 -1.0 2.49 3.113 7.338 523.165 2.279 1548.927 -0.5357986270699318 0.0
23.0 11.0 Car -1.0 -1.0 -1.0 -1.0 -1.0 -1.0 -1.0 1.925 1.532 4.543 472.921 0.916 1578.299 -0.5417676531132933 0.0
23.0 12.0 Truck -1.0 -1.0 -1.0 -1.0 -1.0 -1.0 -1.0 2.077 2.0 4.563 449.195 0.893 1590.572 -0.5735898344784789 0.0
23.0 2.0 Car -1.0 -1.0 -1.0 -1.0 -1.0 -1.0 -1.0 1.662 1.428 3.862 405.1 -0.234 1596.113 1.1378848591973654 1.0
23.0 6.0 Car -1.0 -1.0 -1.0 -1.0 -1.0 -1.0 -1.0 1.987 1.726 4.346 453.854 0.96 1591.86 -0.5561365419585358 1.0
23.0 7.0 Truck -1.0 -1.0 -1.0 -1.0 -1.0 -1.0 -1.0 2.53 1.909 5.922 427.612 -0.313 1666.239 1.132840857578516 0.0
23.0 3.0 Car -1.0 -1.0 -1.0 -1.0 -1.0 -1.0 -1.0 2.068 1.628 4.623 483.585 1.009 1584.615 2.618632663567478 1.0
23.0 4.0 Car -1.0 -1.0 -1.0 -1.0 -1.0 -1.0 -1.0 1.987 1.524 4.16 385.643 -0.246 1636.911 -0.6204296424361413 1.0
23.0 10.0 Car -1.0 -1.0 -1.0 -1.0 -1.0 -1.0 -1.0 2.077 1.805 4.579 477.311 1.097 1592.236 2.6045722960313937 1.0
24.0 9.0 Truck -1.0 -1.0 -1.0 -1.0 -1.0 -1.0 -1.0 3.855 4.167 12.283 495.093 1.871 1566.024 -0.5357986270699318 1.0
24.0 1.0 Truck -1.0 -1.0 -1.0 -1.0 -1.0 -1.0 -1.0 2.49 3.113 7.338 523.17 2.289 1548.926 -0.5357986270699318 0.0
24.0 11.0 Car -1.0 -1.0 -1.0 -1.0 -1.0 -1.0 -1.0 1.925 1.532 4.543 474.528 0.966 1577.396 -0.5417676531132933 0.0
24.0 12.0 Truck -1.0 -1.0 -1.0 -1.0 -1.0 -1.0 -1.0 2.077 2.0 4.563 452.886 0.993 1588.118 -0.5973912963755206 0.0
24.0 2.0 Car -1.0 -1.0 -1.0 -1.0 -1.0 -1.0 -1.0 1.662 1.428 3.862 405.293 -0.143 1596.53 1.1378848591973654 1.0
24.0 6.0 Car -1.0 -1.0 -1.0 -1.0 -1.0 -1.0 -1.0 1.987 1.726 4.346 456.921 1.001 1589.934 -0.5799380038555775 1.0
24.0 7.0 Truck -1.0 -1.0 -1.0 -1.0 -1.0 -1.0 -1.0 2.53 1.909 5.922 428.598 -0.397 1668.308 1.132840857578516 0.0
24.0 3.0 Car -1.0 -1.0 -1.0 -1.0 -1.0 -1.0 -1.0 2.068 1.628 4.623 480.268 1.085 1586.583 2.591360153595554 1.0
24.0 4.0 Car -1.0 -1.0 -1.0 -1.0 -1.0 -1.0 -1.0 1.987 1.524 4.16 386.86 -0.045 1635.945 -0.6029763499161982 1.0
24.0 10.0 Car -1.0 -1.0 -1.0 -1.0 -1.0 -1.0 -1.0 2.077 1.805 4.579 474.311 1.092 1594.046 2.6045722960313937 1.0
25.0 9.0 Truck -1.0 -1.0 -1.0 -1.0 -1.0 -1.0 -1.0 3.855 4.167 12.283 495.773 1.871 1565.62 -0.5357986270699318 1.0
25.0 1.0 Truck -1.0 -1.0 -1.0 -1.0 -1.0 -1.0 -1.0 2.49 3.113 7.338 523.175 2.299 1548.925 -0.5357986270699318 0.0
25.0 11.0 Car -1.0 -1.0 -1.0 -1.0 -1.0 -1.0 -1.0 1.925 1.532 4.543 476.132 1.016 1576.494 -0.5417676531132933 0.0
25.0 12.0 Truck -1.0 -1.0 -1.0 -1.0 -1.0 -1.0 -1.0 2.077 2.0 4.563 456.066 1.293 1586.062 -0.571198283150482 0.0
25.0 2.0 Car -1.0 -1.0 -1.0 -1.0 -1.0 -1.0 -1.0 1.662 1.428 3.862 405.486 -0.052 1596.947 1.1378848591973654 1.0
25.0 6.0 Car -1.0 -1.0 -1.0 -1.0 -1.0 -1.0 -1.0 1.987 1.726 4.346 459.692 1.042 1588.121 -0.5799380038555775 1.0
25.0 7.0 Truck -1.0 -1.0 -1.0 -1.0 -1.0 -1.0 -1.0 2.53 1.909 5.922 429.583 -0.482 1670.375 1.132840857578516 0.0
25.0 3.0 Car -1.0 -1.0 -1.0 -1.0 -1.0 -1.0 -1.0 2.068 1.628 4.623 477.565 1.07 1588.247 2.565167140370515 1.0
25.0 4.0 Car -1.0 -1.0 -1.0 -1.0 -1.0 -1.0 -1.0 1.987 1.524 4.16 388.222 0.155 1635.191 -0.6029763499161982 0.0
25.0 10.0 Car -1.0 -1.0 -1.0 -1.0 -1.0 -1.0 -1.0 2.077 1.805 4.579 471.264 1.092 1595.92 2.598750521328573 1.0
26.0 9.0 Truck -1.0 -1.0 -1.0 -1.0 -1.0 -1.0 -1.0 3.855 4.167 12.283 496.454 1.871 1565.216 -0.5357986270699318 1.0
26.0 1.0 Truck -1.0 -1.0 -1.0 -1.0 -1.0 -1.0 -1.0 2.49 3.113 7.338 523.18 2.309 1548.924 -0.5357986270699318 0.0
26.0 11.0 Car -1.0 -1.0 -1.0 -1.0 -1.0 -1.0 -1.0 1.925 1.532 4.543 477.419 1.011 1575.688 -0.5417676531132933 0.0
26.0 12.0 Truck -1.0 -1.0 -1.0 -1.0 -1.0 -1.0 -1.0 2.077 2.0 4.563 459.619 1.193 1583.779 -0.5799380038555775 0.0
26.0 2.0 Car -1.0 -1.0 -1.0 -1.0 -1.0 -1.0 -1.0 1.662 1.428 3.862 405.697 0.038 1597.405 1.1378848591973654 1.0
26.0 6.0 Car -1.0 -1.0 -1.0 -1.0 -1.0 -1.0 -1.0 1.987 1.726 4.346 462.46 1.083 1586.31 -0.5799380038555775 1.0
26.0 7.0 Truck -1.0 -1.0 -1.0 -1.0 -1.0 -1.0 -1.0 2.53 1.909 5.922 429.642 -0.416 1670.504 1.132840857578516 0.0
26.0 3.0 Car -1.0 -1.0 -1.0 -1.0 -1.0 -1.0 -1.0 2.068 1.628 4.623 474.683 1.025 1590.129 2.539000276035724 1.0
26.0 4.0 Car -1.0 -1.0 -1.0 -1.0 -1.0 -1.0 -1.0 1.987 1.524 4.16 389.03 0.155 1634.537 -0.5767954936006708 0.0
26.0 10.0 Car -1.0 -1.0 -1.0 -1.0 -1.0 -1.0 -1.0 2.077 1.805 4.579 468.219 1.092 1597.791 2.592934558593488 1.0
27.0 9.0 Truck -1.0 -1.0 -1.0 -1.0 -1.0 -1.0 -1.0 3.855 4.167 12.283 497.134 1.871 1564.812 -0.5357986270699318 0.0
27.0 11.0 Car -1.0 -1.0 -1.0 -1.0 -1.0 -1.0 -1.0 1.925 1.532 4.543 478.705 1.006 1574.882 -0.5417676531132933 0.0
27.0 12.0 Truck -1.0 -1.0 -1.0 -1.0 -1.0 -1.0 -1.0 2.077 2.0 4.563 462.715 1.293 1581.774 -0.5572698830945395 0.0
27.0 2.0 Car -1.0 -1.0 -1.0 -1.0 -1.0 -1.0 -1.0 1.662 1.428 3.862 405.741 0.129 1597.5 1.1378848591973654 0.0
27.0 6.0 Car -1.0 -1.0 -1.0 -1.0 -1.0 -1.0 -1.0 1.987 1.726 4.346 464.941 1.144 1584.714 -0.5799380038555775 0.0
27.0 7.0 Truck -1.0 -1.0 -1.0 -1.0 -1.0 -1.0 -1.0 2.53 1.909 5.922 429.702 -0.351 1670.633 1.132840857578516 0.0
27.0 3.0 Car -1.0 -1.0 -1.0 -1.0 -1.0 -1.0 -1.0 2.068 1.628 4.623 472.252 1.03 1591.773 2.5215603261036708 0.0
27.0 4.0 Car -1.0 -1.0 -1.0 -1.0 -1.0 -1.0 -1.0 1.987 1.524 4.16 389.854 0.155 1633.904 -0.5506164723563689 0.0
27.0 10.0 Car -1.0 -1.0 -1.0 -1.0 -1.0 -1.0 -1.0 2.077 1.805 4.579 465.175 1.092 1599.663 2.58711900351145 0.0
28.0 9.0 Truck -1.0 -1.0 -1.0 -1.0 -1.0 -1.0 -1.0 3.855 4.167 12.283 497.814 1.871 1564.408 -0.5357986270699318 0.0
28.0 11.0 Car -1.0 -1.0 -1.0 -1.0 -1.0 -1.0 -1.0 1.925 1.532 4.543 479.993 1.001 1574.075 -0.5417676531132933 0.0
28.0 12.0 Truck -1.0 -1.0 -1.0 -1.0 -1.0 -1.0 -1.0 2.077 2.0 4.563 465.847 1.393 1579.82 -0.5520284055971008 0.0
28.0 2.0 Car -1.0 -1.0 -1.0 -1.0 -1.0 -1.0 -1.0 1.662 1.428 3.862 405.785 0.219 1597.596 1.1378848591973654 0.0
28.0 6.0 Car -1.0 -1.0 -1.0 -1.0 -1.0 -1.0 -1.0 1.987 1.726 4.346 467.258 1.204 1583.19 -0.5799380038555775 0.0
28.0 7.0 Truck -1.0 -1.0 -1.0 -1.0 -1.0 -1.0 -1.0 2.53 1.909 5.922 429.761 -0.285 1670.763 1.132840857578516 0.0
28.0 3.0 Car -1.0 -1.0 -1.0 -1.0 -1.0 -1.0 -1.0 2.068 1.628 4.623 470.179 1.036 1593.254 2.5302800564785937 0.0
28.0 4.0 Car -1.0 -1.0 -1.0 -1.0 -1.0 -1.0 -1.0 1.987 1.524 4.16 391.292 0.155 1633.122 -0.49825659479653867 0.0
28.0 10.0 Car -1.0 -1.0 -1.0 -1.0 -1.0 -1.0 -1.0 2.077 1.805 4.579 462.409 1.092 1601.333 2.58711900351145 0.0
29.0 9.0 Truck -1.0 -1.0 -1.0 -1.0 -1.0 -1.0 -1.0 3.855 4.167 12.283 498.495 1.871 1564.004 -0.5357986270699318 0.0
29.0 11.0 Car -1.0 -1.0 -1.0 -1.0 -1.0 -1.0 -1.0 1.925 1.532 4.543 481.281 0.996 1573.268 -0.5417676531132933 0.0
29.0 12.0 Truck -1.0 -1.0 -1.0 -1.0 -1.0 -1.0 -1.0 2.077 2.0 4.563 469.013 1.493 1577.922 -0.5496970188008369 0.0
29.0 2.0 Car -1.0 -1.0 -1.0 -1.0 -1.0 -1.0 -1.0 1.662 1.428 3.862 405.95 0.25 1597.952 1.1378848591973654 0.0
29.0 6.0 Car -1.0 -1.0 -1.0 -1.0 -1.0 -1.0 -1.0 1.987 1.726 4.346 469.352 1.132 1581.853 -0.5799380038555775 0.0
29.0 7.0 Truck -1.0 -1.0 -1.0 -1.0 -1.0 -1.0 -1.0 2.53 1.909 5.922 429.821 -0.219 1670.892 1.132840857578516 0.0
29.0 3.0 Car -1.0 -1.0 -1.0 -1.0 -1.0 -1.0 -1.0 2.068 1.628 4.623 468.099 0.991 1594.733 2.521546983515781 0.0
29.0 4.0 Car -1.0 -1.0 -1.0 -1.0 -1.0 -1.0 -1.0 1.987 1.524 4.16 391.258 0.255 1632.879 -0.49825659479653867 0.0
29.0 10.0 Car -1.0 -1.0 -1.0 -1.0 -1.0 -1.0 -1.0 2.077 1.805 4.579 459.911 1.067 1602.893 2.58711900351145 0.0
30.0 9.0 Truck -1.0 -1.0 -1.0 -1.0 -1.0 -1.0 -1.0 3.855 4.167 12.283 498.785 1.871 1563.831 -0.5357986270699318 0.0
30.0 11.0 Car -1.0 -1.0 -1.0 -1.0 -1.0 -1.0 -1.0 1.925 1.532 4.543 482.826 1.066 1572.465 -0.5417676531132933 0.0
30.0 12.0 Truck -1.0 -1.0 -1.0 -1.0 -1.0 -1.0 -1.0 2.077 2.0 4.563 472.18 1.593 1576.025 -0.547365655324644 0.0
30.0 2.0 Car -1.0 -1.0 -1.0 -1.0 -1.0 -1.0 -1.0 1.662 1.428 3.862 406.115 0.28 1598.309 1.1378848591973654 0.0
30.0 6.0 Car -1.0 -1.0 -1.0 -1.0 -1.0 -1.0 -1.0 1.987 1.726 4.346 471.322 1.159 1580.599 -0.5799380038555775 0.0
30.0 7.0 Truck -1.0 -1.0 -1.0 -1.0 -1.0 -1.0 -1.0 2.53 1.909 5.922 429.88 -0.154 1671.022 1.132840857578516 0.0
30.0 3.0 Car -1.0 -1.0 -1.0 -1.0 -1.0 -1.0 -1.0 2.068 1.628 4.623 466.001 1.013 1596.169 2.5564528236921618 0.0
30.0 4.0 Car -1.0 -1.0 -1.0 -1.0 -1.0 -1.0 -1.0 1.987 1.524 4.16 391.258 0.305 1632.879 -0.49825659479653867 0.0
30.0 10.0 Car -1.0 -1.0 -1.0 -1.0 -1.0 -1.0 -1.0 2.077 1.805 4.579 457.413 1.042 1604.452 2.58711900351145 0.0
31.0 9.0 Truck -1.0 -1.0 -1.0 -1.0 -1.0 -1.0 -1.0 3.855 4.167 12.283 499.076 1.871 1563.659 -0.5357986270699318 0.0
31.0 11.0 Car -1.0 -1.0 -1.0 -1.0 -1.0 -1.0 -1.0 1.925 1.532 4.543 484.374 1.136 1571.661 -0.5417676531132933 0.0
31.0 12.0 Truck -1.0 -1.0 -1.0 -1.0 -1.0 -1.0 -1.0 2.077 2.0 4.563 475.35 1.693 1574.125 -0.5450314188156913 0.0
31.0 2.0 Car -1.0 -1.0 -1.0 -1.0 -1.0 -1.0 -1.0 1.662 1.428 3.862 406.28 0.311 1598.666 1.1378848591973654 0.0
31.0 6.0 Car -1.0 -1.0 -1.0 -1.0 -1.0 -1.0 -1.0 1.987 1.726 4.346 473.093 1.187 1579.474 -0.5799380038555775 0.0
31.0 7.0 Truck -1.0 -1.0 -1.0 -1.0 -1.0 -1.0 -1.0 2.53 1.909 5.922 429.94 -0.088 1671.151 1.132840857578516 0.0
31.0 3.0 Car -1.0 -1.0 -1.0 -1.0 -1.0 -1.0 -1.0 2.068 1.628 4.623 463.852 1.035 1597.532 2.591401679736019 0.0
31.0 4.0 Car -1.0 -1.0 -1.0 -1.0 -1.0 -1.0 -1.0 1.987 1.524 4.16 391.258 0.28 1632.879 -0.49825659479653867 0.0
31.0 10.0 Car -1.0 -1.0 -1.0 -1.0 -1.0 -1.0 -1.0 2.077 1.805 4.579 455.259 0.992 1605.744 2.58711900351145 0.0
32.0 9.0 Truck -1.0 -1.0 -1.0 -1.0 -1.0 -1.0 -1.0 3.855 4.167 12.283 499.366 1.871 1563.487 -0.5357986270699318 0.0
32.0 12.0 Truck -1.0 -1.0 -1.0 -1.0 -1.0 -1.0 -1.0 2.077 2.0 4.563 478.475 1.793 1572.163 -0.5624847113356345 0.0
32.0 2.0 Car -1.0 -1.0 -1.0 -1.0 -1.0 -1.0 -1.0 1.662 1.428 3.862 406.445 0.342 1599.023 1.1378848591973654 0.0
32.0 6.0 Car -1.0 -1.0 -1.0 -1.0 -1.0 -1.0 -1.0 1.987 1.726 4.346 474.372 1.361 1578.605 -0.5578968772029502 0.0
32.0 7.0 Truck -1.0 -1.0 -1.0 -1.0 -1.0 -1.0 -1.0 2.53 1.909 5.922 430.0 -0.023 1671.281 1.132840857578516 0.0
32.0 3.0 Car -1.0 -1.0 -1.0 -1.0 -1.0 -1.0 -1.0 2.068 1.628 4.623 461.661 1.057 1598.816 2.626266738635441 0.0
32.0 4.0 Car -1.0 -1.0 -1.0 -1.0 -1.0 -1.0 -1.0 1.987 1.524 4.16 391.258 0.255 1632.879 -0.49825659479653867 0.0
32.0 10.0 Car -1.0 -1.0 -1.0 -1.0 -1.0 -1.0 -1.0 2.077 1.805 4.579 453.273 1.092 1606.992 2.5933455406720327 0.0
33.0 9.0 Truck -1.0 -1.0 -1.0 -1.0 -1.0 -1.0 -1.0 3.855 4.167 12.283 499.598 1.871 1563.349 -0.5357986270699318 0.0
33.0 12.0 Truck -1.0 -1.0 -1.0 -1.0 -1.0 -1.0 -1.0 2.077 2.0 4.563 480.517 1.651 1570.905 -0.5547226343910503 0.0
33.0 2.0 Car -1.0 -1.0 -1.0 -1.0 -1.0 -1.0 -1.0 1.662 1.428 3.862 406.577 0.366 1599.308 1.1378848591973654 0.0
33.0 6.0 Car -1.0 -1.0 -1.0 -1.0 -1.0 -1.0 -1.0 1.987 1.726 4.346 475.388 1.33 1577.972 -0.5542179943493868 0.0
33.0 3.0 Car -1.0 -1.0 -1.0 -1.0 -1.0 -1.0 -1.0 2.068 1.628 4.623 459.529 1.082 1600.006 2.6437488768323743 0.0
33.0 4.0 Car -1.0 -1.0 -1.0 -1.0 -1.0 -1.0 -1.0 1.987 1.524 4.16 391.245 0.255 1632.854 -0.49825659479653867 0.0
33.0 10.0 Car -1.0 -1.0 -1.0 -1.0 -1.0 -1.0 -1.0 2.077 1.805 4.579 451.675 1.07 1607.983 2.5983384632875115 0.0
34.0 9.0 Truck -1.0 -1.0 -1.0 -1.0 -1.0 -1.0 -1.0 3.855 4.167 12.283 499.888 1.871 1563.177 -0.5357986270699318 0.0
34.0 2.0 Car -1.0 -1.0 -1.0 -1.0 -1.0 -1.0 -1.0 1.662 1.428 3.862 406.742 0.397 1599.665 1.1378848591973654 0.0
34.0 6.0 Car -1.0 -1.0 -1.0 -1.0 -1.0 -1.0 -1.0 1.987 1.726 4.346 476.142 1.354 1577.5 -0.5496247846885046 0.0
34.0 3.0 Car -1.0 -1.0 -1.0 -1.0 -1.0 -1.0 -1.0 2.068 1.628 4.623 456.62 1.025 1601.528 2.669913947845677 0.0
34.0 4.0 Car -1.0 -1.0 -1.0 -1.0 -1.0 -1.0 -1.0 1.987 1.524 4.16 391.258 0.267 1632.879 -0.49825659479653867 0.0
34.0 10.0 Car -1.0 -1.0 -1.0 -1.0 -1.0 -1.0 -1.0 2.077 1.805 4.579 449.679 1.042 1609.221 2.6045722960313937 0.0
35.0 9.0 Truck -1.0 -1.0 -1.0 -1.0 -1.0 -1.0 -1.0 3.855 4.167 12.283 499.859 1.871 1563.194 -0.5357986270699318 0.0
35.0 2.0 Car -1.0 -1.0 -1.0 -1.0 -1.0 -1.0 -1.0 1.662 1.428 3.862 406.907 0.427 1600.022 1.1378848591973654 0.0
35.0 6.0 Car -1.0 -1.0 -1.0 -1.0 -1.0 -1.0 -1.0 1.987 1.726 4.346 476.794 1.378 1577.09 -0.5450314188156913 0.0
35.0 3.0 Car -1.0 -1.0 -1.0 -1.0 -1.0 -1.0 -1.0 2.068 1.628 4.623 453.671 0.968 1602.973 2.6960799087152143 0.0
35.0 4.0 Car -1.0 -1.0 -1.0 -1.0 -1.0 -1.0 -1.0 1.987 1.524 4.16 391.272 0.28 1632.904 -0.49825659479653867 0.0
35.0 10.0 Car -1.0 -1.0 -1.0 -1.0 -1.0 -1.0 -1.0 2.077 1.805 4.579 447.917 1.042 1610.304 2.6074785545114647 0.0
36.0 9.0 Truck -1.0 -1.0 -1.0 -1.0 -1.0 -1.0 -1.0 3.855 4.167 12.283 499.831 1.871 1563.211 -0.5357986270699318 0.0
36.0 2.0 Car -1.0 -1.0 -1.0 -1.0 -1.0 -1.0 -1.0 1.662 1.428 3.862 407.072 0.458 1600.379 1.1378848591973654 0.0
36.0 6.0 Car -1.0 -1.0 -1.0 -1.0 -1.0 -1.0 -1.0 1.987 1.726 4.346 477.399 1.401 1576.718 -0.549395869202443 0.0
36.0 3.0 Car -1.0 -1.0 -1.0 -1.0 -1.0 -1.0 -1.0 2.068 1.628 4.623 450.558 0.932 1604.492 2.666981105704502 0.0
36.0 4.0 Car -1.0 -1.0 -1.0 -1.0 -1.0 -1.0 -1.0 1.987 1.524 4.16 391.286 0.292 1632.93 -0.49825659479653867 0.0
36.0 10.0 Car -1.0 -1.0 -1.0 -1.0 -1.0 -1.0 -1.0 2.077 1.805 4.579 446.488 0.992 1611.191 2.610387969945914 0.0
37.0 9.0 Truck -1.0 -1.0 -1.0 -1.0 -1.0 -1.0 -1.0 3.855 4.167 12.283 499.802 1.871 1563.228 -0.5357986270699318 0.0
37.0 2.0 Car -1.0 -1.0 -1.0 -1.0 -1.0 -1.0 -1.0 1.662 1.428 3.862 407.237 0.489 1600.736 1.1378848591973654 0.0
37.0 6.0 Car -1.0 -1.0 -1.0 -1.0 -1.0 -1.0 -1.0 1.987 1.726 4.346 477.773 1.424 1576.487 -0.553755601245595 0.0
37.0 3.0 Car -1.0 -1.0 -1.0 -1.0 -1.0 -1.0 -1.0 2.068 1.628 4.623 447.493 0.896 1606.099 2.6379137609849335 0.0
37.0 10.0 Car -1.0 -1.0 -1.0 -1.0 -1.0 -1.0 -1.0 2.077 1.805 4.579 444.967 0.992 1611.95 2.6045722960313937 0.0
38.0 9.0 Truck -1.0 -1.0 -1.0 -1.0 -1.0 -1.0 -1.0 3.855 4.167 12.283 499.773 1.871 1563.245 -0.5357986270699318 0.0
38.0 2.0 Car -1.0 -1.0 -1.0 -1.0 -1.0 -1.0 -1.0 1.662 1.428 3.862 407.402 0.519 1601.093 1.1378848591973654 0.0
38.0 6.0 Car -1.0 -1.0 -1.0 -1.0 -1.0 -1.0 -1.0 1.987 1.726 4.346 478.072 1.448 1576.302 -0.5581202783919279 0.0
38.0 3.0 Car -1.0 -1.0 -1.0 -1.0 -1.0 -1.0 -1.0 2.068 1.628 4.623 444.473 0.884 1607.796 2.6088134461154975 0.0
38.0 10.0 Car -1.0 -1.0 -1.0 -1.0 -1.0 -1.0 -1.0 2.077 1.805 4.579 443.586 0.992 1612.797 2.595845405637723 0.0
