0.0 1.0 Truck -1.0 -1.0 -1.0 -1.0 -1.0 -1.0 -1.0 2.375 3.183 8.142 1253.07 1.81 1345.453 -0.5257804371632914 0.0
1.0 1.0 Truck -1.0 -1.0 -1.0 -1.0 -1.0 -1.0 -1.0 2.375 3.183 8.142 1257.228 1.727 1343.149 -0.5292710956672799 1.0
2.0 1.0 Truck -1.0 -1.0 -1.0 -1.0 -1.0 -1.0 -1.0 2.375 3.183 8.142 1260.892 1.742 1340.711 -0.5327617541712684 1.0
3.0 1.0 Truck -1.0 -1.0 -1.0 -1.0 -1.0 -1.0 -1.0 2.375 3.183 8.142 1265.227 1.825 1338.787 -0.5362524126752573 1.0
4.0 1.0 Truck -1.0 -1.0 -1.0 -1.0 -1.0 -1.0 -1.0 2.375 3.183 8.142 1269.296 1.82 1336.502 -0.5397430711792461 1.0
5.0 1.0 Truck -1.0 -1.0 -1.0 -1.0 -1.0 -1.0 -1.0 2.375 3.183 8.142 1273.365 1.815 1334.217 -0.5432337296832345 1.0
6.0 1.0 Truck -1.0 -1.0 -1.0 -1.0 -1.0 -1.0 -1.0 2.375 3.183 8.142 1277.395 1.865 1331.951 -0.5432337296832345 1.0
7.0 1.0 Truck -1.0 -1.0 -1.0 -1.0 -1.0 -1.0 -1.0 2.375 3.183 8.142 1281.567 1.798 1329.567 -0.5461426117698917 1.0
8.0 1.0 Truck -1.0 -1.0 -1.0 -1.0 -1.0 -1.0 -1.0 2.375 3.183 8.142 1285.738 1.731 1327.183 -0.5490514938565488 1.0
9.0 1.0 Truck -1.0 -1.0 -1.0 -1.0 -1.0 -1.0 -1.0 2.375 3.183 8.142 1289.909 1.664 1324.799 -0.5519603759432061 1.0
10.0 1.0 Truck -1.0 -1.0 -1.0 -1.0 -1.0 -1.0 -1.0 2.375 3.183 8.142 1293.264 1.765 1322.418 -0.5432337296832345 1.0
11.0 1.0 Truck -1.0 -1.0 -1.0 -1.0 -1.0 -1.0 -1.0 2.375 3.183 8.142 1297.512 1.681 1319.635 -0.5397430711792461 1.0
12.0 1.0 Truck -1.0 -1.0 -1.0 -1.0 -1.0 -1.0 -1.0 2.375 3.183 8.142 1301.26 1.768 1317.172 -0.5362524126752577 1.0
13.0 1.0 Truck -1.0 -1.0 -1.0 -1.0 -1.0 -1.0 -1.0 2.375 3.183 8.142 1305.402 1.635 1314.832 -0.5269439899979544 1.0
14.0 1.0 Truck -1.0 -1.0 -1.0 -1.0 -1.0 -1.0 -1.0 2.375 3.183 8.142 1308.881 1.7 1313.001 -0.491455628540737 1.0
15.0 1.0 Truck -1.0 -1.0 -1.0 -1.0 -1.0 -1.0 -1.0 2.375 3.183 8.142 1313.391 1.698 1310.92 -0.4559672670835191 1.0
16.0 1.0 Truck -1.0 -1.0 -1.0 -1.0 -1.0 -1.0 -1.0 2.375 3.183 8.142 1317.342 1.659 1309.001 -0.45247660857953065 1.0
17.0 1.0 Truck -1.0 -1.0 -1.0 -1.0 -1.0 -1.0 -1.0 2.375 3.183 8.142 1321.292 1.621 1307.081 -0.4489859500755422 1.0
18.0 1.0 Truck -1.0 -1.0 -1.0 -1.0 -1.0 -1.0 -1.0 2.375 3.183 8.142 1325.242 1.582 1305.161 -0.4454952915715533 1.0
19.0 1.0 Truck -1.0 -1.0 -1.0 -1.0 -1.0 -1.0 -1.0 2.375 3.183 8.142 1329.745 1.669 1303.008 -0.4594579255875076 1.0
19.0 0.0 Car -1.0 -1.0 -1.0 -1.0 -1.0 -1.0 -1.0 1.853 1.645 4.491 1303.438 1.119 1317.905 -0.5947733024946444 0.0
20.0 1.0 Truck -1.0 -1.0 -1.0 -1.0 -1.0 -1.0 -1.0 2.375 3.183 8.142 1333.829 1.691 1300.877 -0.4559672670835191 1.0
20.0 0.0 Car -1.0 -1.0 -1.0 -1.0 -1.0 -1.0 -1.0 1.853 1.645 4.491 1307.218 1.034 1315.836 -0.4516563038311108 1.0
21.0 1.0 Truck -1.0 -1.0 -1.0 -1.0 -1.0 -1.0 -1.0 2.375 3.183 8.142 1337.45 1.701 1298.941 -0.47691121810745063 1.0
21.0 0.0 Car -1.0 -1.0 -1.0 -1.0 -1.0 -1.0 -1.0 1.853 1.645 4.491 1310.998 1.034 1313.816 -0.5179788154068943 1.0
22.0 1.0 Truck -1.0 -1.0 -1.0 -1.0 -1.0 -1.0 -1.0 2.375 3.183 8.142 1340.458 1.712 1297.459 -0.49785516913138217 1.0
22.0 2.0 Car -1.0 -1.0 -1.0 -1.0 -1.0 -1.0 -1.0 2.004 1.824 4.722 1300.819 1.082 1318.792 -0.552763227399161 0.0
22.0 0.0 Car -1.0 -1.0 -1.0 -1.0 -1.0 -1.0 -1.0 1.853 1.645 4.491 1314.242 0.934 1312.032 -0.5319414494228489 1.0
23.0 1.0 Truck -1.0 -1.0 -1.0 -1.0 -1.0 -1.0 -1.0 2.375 3.183 8.142 1344.061 1.724 1295.387 -0.5129813559819999 1.0
23.0 2.0 Car -1.0 -1.0 -1.0 -1.0 -1.0 -1.0 -1.0 2.004 1.824 4.722 1304.435 1.028 1316.877 -0.552763227399161 1.0
23.0 0.0 Car -1.0 -1.0 -1.0 -1.0 -1.0 -1.0 -1.0 1.853 1.645 4.491 1318.039 0.934 1309.996 -0.5109974983989174 1.0
24.0 1.0 Truck -1.0 -1.0 -1.0 -1.0 -1.0 -1.0 -1.0 2.375 3.183 8.142 1347.968 1.635 1293.022 -0.5281075428326174 0.0
24.0 2.0 Car -1.0 -1.0 -1.0 -1.0 -1.0 -1.0 -1.0 2.004 1.824 4.722 1308.081 1.024 1315.135 -0.552763227399161 1.0
24.0 0.0 Car -1.0 -1.0 -1.0 -1.0 -1.0 -1.0 -1.0 1.853 1.645 4.491 1321.783 0.934 1307.976 -0.4900535473749858 1.0
25.0 1.0 Truck -1.0 -1.0 -1.0 -1.0 -1.0 -1.0 -1.0 2.375 3.183 8.142 1351.946 1.646 1290.795 -0.5432337296832345 0.0
25.0 2.0 Car -1.0 -1.0 -1.0 -1.0 -1.0 -1.0 -1.0 2.004 1.824 4.722 1311.761 0.996 1313.046 -0.552763227399161 1.0
25.0 0.0 Car -1.0 -1.0 -1.0 -1.0 -1.0 -1.0 -1.0 1.853 1.645 4.491 1325.484 0.898 1305.954 -0.4900535473749858 1.0
26.0 1.0 Truck -1.0 -1.0 -1.0 -1.0 -1.0 -1.0 -1.0 2.375 3.183 8.142 1356.015 1.595 1288.168 -0.5432337296832345 0.0
26.0 2.0 Car -1.0 -1.0 -1.0 -1.0 -1.0 -1.0 -1.0 2.004 1.824 4.722 1315.48 0.959 1311.015 -0.5422912518871952 1.0
26.0 0.0 Car -1.0 -1.0 -1.0 -1.0 -1.0 -1.0 -1.0 1.853 1.645 4.491 1329.184 0.913 1303.932 -0.4900535473749858 1.0
27.0 1.0 Truck -1.0 -1.0 -1.0 -1.0 -1.0 -1.0 -1.0 2.375 3.183 8.142 1359.968 1.543 1285.579 -0.5781403147231208 0.0
27.0 2.0 Car -1.0 -1.0 -1.0 -1.0 -1.0 -1.0 -1.0 2.004 1.824 4.722 1319.198 0.922 1308.984 -0.5318192763752294 0.0
27.0 0.0 Car -1.0 -1.0 -1.0 -1.0 -1.0 -1.0 -1.0 1.853 1.645 4.491 1332.858 0.928 1301.924 -0.4900535473749858 0.0
28.0 1.0 Truck -1.0 -1.0 -1.0 -1.0 -1.0 -1.0 -1.0 2.375 3.183 8.142 1363.679 1.458 1283.003 -0.5781403147231208 0.0
28.0 2.0 Car -1.0 -1.0 -1.0 -1.0 -1.0 -1.0 -1.0 2.004 1.824 4.722 1322.916 0.86 1306.953 -0.5213473008632636 0.0
28.0 0.0 Car -1.0 -1.0 -1.0 -1.0 -1.0 -1.0 -1.0 1.853 1.645 4.491 1336.531 0.942 1299.916 -0.4900535473749858 0.0
29.0 1.0 Truck -1.0 -1.0 -1.0 -1.0 -1.0 -1.0 -1.0 2.375 3.183 8.142 1367.551 1.498 1280.464 -0.5781403147231208 0.0
29.0 2.0 Car -1.0 -1.0 -1.0 -1.0 -1.0 -1.0 -1.0 2.004 1.824 4.722 1326.802 0.831 1304.862 -0.5108753253512974 0.0
29.0 0.0 Car -1.0 -1.0 -1.0 -1.0 -1.0 -1.0 -1.0 1.853 1.645 4.491 1340.279 0.957 1297.868 -0.4900535473749858 0.0
30.0 1.0 Truck -1.0 -1.0 -1.0 -1.0 -1.0 -1.0 -1.0 2.375 3.183 8.142 1370.716 1.339 1278.512 -0.5606870222031776 0.0
30.0 2.0 Car -1.0 -1.0 -1.0 -1.0 -1.0 -1.0 -1.0 2.004 1.824 4.722 1330.802 0.853 1302.708 -0.5004033498393317 0.0
30.0 0.0 Car -1.0 -1.0 -1.0 -1.0 -1.0 -1.0 -1.0 1.853 1.645 4.491 1344.082 0.957 1295.791 -0.4900535473749858 0.0
31.0 1.0 Truck -1.0 -1.0 -1.0 -1.0 -1.0 -1.0 -1.0 2.375 3.183 8.142 1374.588 1.417 1275.97 -0.5502150466912118 0.0
31.0 2.0 Car -1.0 -1.0 -1.0 -1.0 -1.0 -1.0 -1.0 2.004 1.824 4.722 1334.688 0.863 1300.619 -0.5004033498393317 0.0
31.0 0.0 Car -1.0 -1.0 -1.0 -1.0 -1.0 -1.0 -1.0 1.853 1.645 4.491 1348.048 0.956 1293.627 -0.4900535473749858 0.0
32.0 1.0 Truck -1.0 -1.0 -1.0 -1.0 -1.0 -1.0 -1.0 2.375 3.183 8.142 1377.959 1.496 1274.064 -0.5397430711792461 0.0
32.0 2.0 Car -1.0 -1.0 -1.0 -1.0 -1.0 -1.0 -1.0 2.004 1.824 4.722 1338.76 0.923 1298.429 -0.5004033498393317 0.0
32.0 0.0 Car -1.0 -1.0 -1.0 -1.0 -1.0 -1.0 -1.0 1.853 1.645 4.491 1352.198 0.945 1291.365 -0.4900535473749858 0.0
33.0 1.0 Truck -1.0 -1.0 -1.0 -1.0 -1.0 -1.0 -1.0 2.375 3.183 8.142 1381.515 1.374 1271.953 -0.5292710956672803 0.0
33.0 2.0 Car -1.0 -1.0 -1.0 -1.0 -1.0 -1.0 -1.0 2.004 1.824 4.722 1342.832 0.933 1296.24 -0.5004033498393317 0.0
33.0 0.0 Car -1.0 -1.0 -1.0 -1.0 -1.0 -1.0 -1.0 1.853 1.645 4.491 1355.988 0.928 1289.334 -0.492962429461643 0.0
34.0 1.0 Truck -1.0 -1.0 -1.0 -1.0 -1.0 -1.0 -1.0 2.375 3.183 8.142 1385.748 1.286 1269.509 -0.5187991201553146 0.0
34.0 2.0 Car -1.0 -1.0 -1.0 -1.0 -1.0 -1.0 -1.0 2.004 1.824 4.722 1346.99 1.018 1294.003 -0.5004033498393317 0.0
34.0 0.0 Car -1.0 -1.0 -1.0 -1.0 -1.0 -1.0 -1.0 1.853 1.645 4.491 1360.222 0.961 1287.066 -0.4958713115483003 0.0
35.0 1.0 Truck -1.0 -1.0 -1.0 -1.0 -1.0 -1.0 -1.0 2.375 3.183 8.142 1388.927 1.731 1267.78 -0.5083271446433484 0.0
35.0 2.0 Car -1.0 -1.0 -1.0 -1.0 -1.0 -1.0 -1.0 2.004 1.824 4.722 1351.148 1.053 1291.767 -0.5004033498393317 0.0
35.0 0.0 Car -1.0 -1.0 -1.0 -1.0 -1.0 -1.0 -1.0 1.853 1.645 4.491 1364.535 0.943 1284.754 -0.4987801936349574 0.0
36.0 2.0 Car -1.0 -1.0 -1.0 -1.0 -1.0 -1.0 -1.0 2.004 1.824 4.722 1355.483 1.013 1289.433 -0.5004033498393317 0.0
36.0 0.0 Car -1.0 -1.0 -1.0 -1.0 -1.0 -1.0 -1.0 1.853 1.645 4.491 1368.982 0.976 1282.369 -0.5016890757216146 0.0
37.0 2.0 Car -1.0 -1.0 -1.0 -1.0 -1.0 -1.0 -1.0 2.004 1.824 4.722 1360.023 1.023 1286.987 -0.5004033498393317 0.0
37.0 0.0 Car -1.0 -1.0 -1.0 -1.0 -1.0 -1.0 -1.0 1.853 1.645 4.491 1373.432 0.959 1279.981 -0.5045979578082718 0.0
38.0 2.0 Car -1.0 -1.0 -1.0 -1.0 -1.0 -1.0 -1.0 2.004 1.824 4.722 1364.563 1.033 1284.541 -0.5004033498393317 0.0
38.0 0.0 Car -1.0 -1.0 -1.0 -1.0 -1.0 -1.0 -1.0 1.853 1.645 4.491 1377.783 0.941 1277.648 -0.507506839894929 0.0
