0.0 4.0 Car -1.0 -1.0 -1.0 -1.0 -1.0 -1.0 -1.0 1.788 1.467 4.418 1541.538 0.659 1344.266 -0.44856707105395666 0.0
0.0 5.0 Truck -1.0 -1.0 -1.0 -1.0 -1.0 -1.0 -1.0 2.804 4.19 12.108 1571.435 2.334 1333.165 2.678190283911266 0.0
0.0 3.0 Car -1.0 -1.0 -1.0 -1.0 -1.0 -1.0 -1.0 1.977 1.808 4.59 1511.697 0.72 1383.023 -2.197855759792226 0.0
0.0 0.0 Car -1.0 -1.0 -1.0 -1.0 -1.0 -1.0 -1.0 1.977 1.786 4.694 1516.416 0.904 1389.164 -2.237128128612759 0.0
1.0 4.0 Car -1.0 -1.0 -1.0 -1.0 -1.0 -1.0 -1.0 1.788 1.467 4.418 1541.517 0.659 1344.276 -0.44856707105395666 1.0
1.0 5.0 Truck -1.0 -1.0 -1.0 -1.0 -1.0 -1.0 -1.0 2.804 4.19 12.108 1571.424 2.334 1333.171 2.678190283911266 1.0
1.0 3.0 Car -1.0 -1.0 -1.0 -1.0 -1.0 -1.0 -1.0 1.977 1.808 4.59 1511.716 0.751 1383.034 -2.20186884801738 1.0
1.0 0.0 Car -1.0 -1.0 -1.0 -1.0 -1.0 -1.0 -1.0 1.977 1.786 4.694 1516.337 0.977 1389.087 -2.237128128612759 1.0
2.0 4.0 Car -1.0 -1.0 -1.0 -1.0 -1.0 -1.0 -1.0 1.788 1.467 4.418 1541.497 0.659 1344.286 -0.44856707105395666 1.0
2.0 5.0 Truck -1.0 -1.0 -1.0 -1.0 -1.0 -1.0 -1.0 2.804 4.19 12.108 1571.413 2.334 1333.177 2.678190283911266 1.0
2.0 3.0 Car -1.0 -1.0 -1.0 -1.0 -1.0 -1.0 -1.0 1.977 1.808 4.59 1511.736 0.783 1383.045 -2.2058775176899617 1.0
2.0 0.0 Car -1.0 -1.0 -1.0 -1.0 -1.0 -1.0 -1.0 1.977 1.786 4.694 1516.474 0.973 1389.287 -2.237128128612759 1.0
3.0 4.0 Car -1.0 -1.0 -1.0 -1.0 -1.0 -1.0 -1.0 1.788 1.467 4.418 1541.497 0.659 1344.286 -0.44856707105395666 1.0
3.0 5.0 Truck -1.0 -1.0 -1.0 -1.0 -1.0 -1.0 -1.0 2.804 4.19 12.108 1571.404 2.334 1333.181 2.678190283911266 1.0
3.0 3.0 Car -1.0 -1.0 -1.0 -1.0 -1.0 -1.0 -1.0 1.977 1.808 4.59 1511.751 0.808 1383.055 -2.2090878968517544 1.0
3.0 0.0 Car -1.0 -1.0 -1.0 -1.0 -1.0 -1.0 -1.0 1.977 1.786 4.694 1516.585 0.969 1389.447 -2.237128128612759 1.0
4.0 4.0 Car -1.0 -1.0 -1.0 -1.0 -1.0 -1.0 -1.0 1.788 1.467 4.418 1541.5 0.659 1344.284 -0.44856707105395666 1.0
4.0 5.0 Truck -1.0 -1.0 -1.0 -1.0 -1.0 -1.0 -1.0 2.804 4.19 12.108 1571.392 2.334 1333.187 2.678190283911266 1.0
4.0 3.0 Car -1.0 -1.0 -1.0 -1.0 -1.0 -1.0 -1.0 1.977 1.808 4.59 1511.771 0.839 1383.066 -2.213100896866239 1.0
4.0 0.0 Car -1.0 -1.0 -1.0 -1.0 -1.0 -1.0 -1.0 1.977 1.786 4.694 1516.641 0.956 1389.566 -2.210934502255451 1.0
5.0 4.0 Car -1.0 -1.0 -1.0 -1.0 -1.0 -1.0 -1.0 1.788 1.467 4.418 1541.51 0.659 1344.279 -0.44856707105395666 1.0
5.0 5.0 Truck -1.0 -1.0 -1.0 -1.0 -1.0 -1.0 -1.0 2.804 4.19 12.108 1570.965 2.334 1333.4 2.678190283911266 1.0
5.0 3.0 Car -1.0 -1.0 -1.0 -1.0 -1.0 -1.0 -1.0 1.977 1.808 4.59 1511.79 0.87 1383.077 -2.217109702864399 1.0
5.0 0.0 Car -1.0 -1.0 -1.0 -1.0 -1.0 -1.0 -1.0 1.977 1.786 4.694 1516.694 0.944 1389.687 -2.1847682510529296 1.0
6.0 4.0 Car -1.0 -1.0 -1.0 -1.0 -1.0 -1.0 -1.0 1.788 1.467 4.418 1541.823 0.699 1344.089 -0.4590504532440267 1.0
6.0 5.0 Truck -1.0 -1.0 -1.0 -1.0 -1.0 -1.0 -1.0 2.804 4.19 12.108 1570.537 2.334 1333.614 2.678190283911266 1.0
6.0 3.0 Car -1.0 -1.0 -1.0 -1.0 -1.0 -1.0 -1.0 1.977 1.808 4.59 1511.691 0.87 1382.932 -2.221122598629912 1.0
6.0 0.0 Car -1.0 -1.0 -1.0 -1.0 -1.0 -1.0 -1.0 1.977 1.786 4.694 1516.511 0.931 1389.583 -2.237128128612759 1.0
7.0 4.0 Car -1.0 -1.0 -1.0 -1.0 -1.0 -1.0 -1.0 1.788 1.467 4.418 1542.38 0.739 1343.778 -0.46952210375986997 1.0
7.0 5.0 Truck -1.0 -1.0 -1.0 -1.0 -1.0 -1.0 -1.0 2.804 4.19 12.108 1570.109 2.334 1333.828 2.678190283911266 1.0
7.0 3.0 Car -1.0 -1.0 -1.0 -1.0 -1.0 -1.0 -1.0 1.977 1.808 4.59 1511.225 0.82 1382.354 -2.2094958781581533 1.0
7.0 0.0 Car -1.0 -1.0 -1.0 -1.0 -1.0 -1.0 -1.0 1.977 1.786 4.694 1516.404 0.919 1389.42 -2.237128128612759 1.0
7.0 2.0 Car -1.0 -1.0 -1.0 -1.0 -1.0 -1.0 -1.0 1.977 1.846 5.031 1521.968 1.014 1396.158 -2.1673149585329865 0.0
8.0 4.0 Car -1.0 -1.0 -1.0 -1.0 -1.0 -1.0 -1.0 1.788 1.467 4.418 1543.181 0.779 1343.34 -0.48000582114063217 1.0
8.0 5.0 Truck -1.0 -1.0 -1.0 -1.0 -1.0 -1.0 -1.0 2.804 4.19 12.108 1569.681 2.334 1334.042 2.678190283911266 1.0
8.0 3.0 Car -1.0 -1.0 -1.0 -1.0 -1.0 -1.0 -1.0 1.977 1.808 4.59 1510.42 0.82 1381.319 -2.197855759792226 1.0
8.0 0.0 Car -1.0 -1.0 -1.0 -1.0 -1.0 -1.0 -1.0 1.977 1.786 4.694 1516.298 0.906 1389.256 -2.237128128612759 1.0
8.0 2.0 Car -1.0 -1.0 -1.0 -1.0 -1.0 -1.0 -1.0 1.977 1.846 5.031 1521.929 1.014 1396.086 -2.1673149585329865 1.0
9.0 4.0 Car -1.0 -1.0 -1.0 -1.0 -1.0 -1.0 -1.0 1.788 1.467 4.418 1544.679 0.819 1342.536 -0.4904662637177051 1.0
9.0 5.0 Truck -1.0 -1.0 -1.0 -1.0 -1.0 -1.0 -1.0 2.804 4.19 12.108 1569.254 2.334 1334.255 2.678190283911266 1.0
9.0 3.0 Car -1.0 -1.0 -1.0 -1.0 -1.0 -1.0 -1.0 1.977 1.808 4.59 1509.417 0.82 1379.893 -2.180412475905708 1.0
9.0 0.0 Car -1.0 -1.0 -1.0 -1.0 -1.0 -1.0 -1.0 1.977 1.786 4.694 1516.191 0.894 1389.092 -2.237128128612759 1.0
9.0 2.0 Car -1.0 -1.0 -1.0 -1.0 -1.0 -1.0 -1.0 1.977 1.846 5.031 1521.89 1.014 1396.014 -2.1673149585329865 1.0
10.0 4.0 Car -1.0 -1.0 -1.0 -1.0 -1.0 -1.0 -1.0 1.788 1.467 4.418 1546.422 0.859 1341.588 -0.5445699824958674 0.0
10.0 5.0 Truck -1.0 -1.0 -1.0 -1.0 -1.0 -1.0 -1.0 2.804 4.19 12.108 1568.827 2.334 1334.469 2.678190283911266 1.0
10.0 3.0 Car -1.0 -1.0 -1.0 -1.0 -1.0 -1.0 -1.0 1.977 1.808 4.59 1508.143 0.87 1378.076 -2.1629491747523404 1.0
10.0 0.0 Car -1.0 -1.0 -1.0 -1.0 -1.0 -1.0 -1.0 1.977 1.786 4.694 1515.68 0.881 1388.465 -2.2327623448321123 1.0
10.0 2.0 Car -1.0 -1.0 -1.0 -1.0 -1.0 -1.0 -1.0 1.977 1.846 5.031 1521.852 1.014 1395.941 -2.1673149585329865 1.0
11.0 4.0 Car -1.0 -1.0 -1.0 -1.0 -1.0 -1.0 -1.0 1.788 1.467 4.418 1548.887 0.959 1340.312 -0.500926948613786 0.0
11.0 5.0 Truck -1.0 -1.0 -1.0 -1.0 -1.0 -1.0 -1.0 2.804 4.19 12.108 1567.463 2.334 1335.15 2.678190283911266 1.0
11.0 3.0 Car -1.0 -1.0 -1.0 -1.0 -1.0 -1.0 -1.0 1.977 1.808 4.59 1506.672 0.87 1375.876 -2.145506161672339 1.0
11.0 0.0 Car -1.0 -1.0 -1.0 -1.0 -1.0 -1.0 -1.0 1.977 1.786 4.694 1515.169 0.869 1387.839 -2.228401661388594 1.0
11.0 2.0 Car -1.0 -1.0 -1.0 -1.0 -1.0 -1.0 -1.0 1.977 1.846 5.031 1521.813 1.014 1395.869 -2.1673149585329865 1.0
12.0 4.0 Car -1.0 -1.0 -1.0 -1.0 -1.0 -1.0 -1.0 1.788 1.467 4.418 1551.827 0.975 1338.728 -0.500926948613786 0.0
12.0 5.0 Truck -1.0 -1.0 -1.0 -1.0 -1.0 -1.0 -1.0 2.804 4.19 12.108 1566.098 2.334 1335.832 2.678190283911266 1.0
12.0 3.0 Car -1.0 -1.0 -1.0 -1.0 -1.0 -1.0 -1.0 1.977 1.808 4.59 1505.012 0.87 1373.386 -2.1280611922673205 1.0
12.0 0.0 Car -1.0 -1.0 -1.0 -1.0 -1.0 -1.0 -1.0 1.977 1.786 4.694 1514.559 0.856 1387.085 -2.2240404888716534 1.0
12.0 2.0 Car -1.0 -1.0 -1.0 -1.0 -1.0 -1.0 -1.0 1.977 1.846 5.031 1521.775 1.014 1395.797 -2.1673149585329865 1.0
13.0 4.0 Car -1.0 -1.0 -1.0 -1.0 -1.0 -1.0 -1.0 1.788 1.467 4.418 1554.77 0.992 1337.142 -0.500926948613786 0.0
13.0 5.0 Truck -1.0 -1.0 -1.0 -1.0 -1.0 -1.0 -1.0 2.804 4.19 12.108 1564.732 2.334 1336.515 2.678190283911266 1.0
13.0 3.0 Car -1.0 -1.0 -1.0 -1.0 -1.0 -1.0 -1.0 1.977 1.808 4.59 1503.32 0.832 1370.77 -2.110598301527754 0.0
13.0 0.0 Car -1.0 -1.0 -1.0 -1.0 -1.0 -1.0 -1.0 1.977 1.786 4.694 1513.67 0.814 1385.966 -2.2196748360928162 1.0
13.0 2.0 Car -1.0 -1.0 -1.0 -1.0 -1.0 -1.0 -1.0 1.977 1.846 5.031 1521.661 1.014 1395.648 -2.161497039176981 1.0
14.0 4.0 Car -1.0 -1.0 -1.0 -1.0 -1.0 -1.0 -1.0 1.788 1.467 4.418 1557.714 1.084 1335.557 -0.500926948613786 0.0
14.0 5.0 Truck -1.0 -1.0 -1.0 -1.0 -1.0 -1.0 -1.0 2.804 4.19 12.108 1563.366 2.334 1337.197 2.678190283911266 1.0
14.0 3.0 Car -1.0 -1.0 -1.0 -1.0 -1.0 -1.0 -1.0 1.977 1.808 4.59 1501.505 0.82 1367.858 -2.0931360046725676 0.0
14.0 0.0 Car -1.0 -1.0 -1.0 -1.0 -1.0 -1.0 -1.0 1.977 1.786 4.694 1512.754 0.844 1384.665 -2.2196748360928162 1.0
14.0 2.0 Car -1.0 -1.0 -1.0 -1.0 -1.0 -1.0 -1.0 1.977 1.846 5.031 1521.547 1.014 1395.498 -2.155679317678907 1.0
15.0 4.0 Car -1.0 -1.0 -1.0 -1.0 -1.0 -1.0 -1.0 1.788 1.467 4.418 1560.657 1.159 1333.971 -0.500926948613786 0.0
15.0 5.0 Truck -1.0 -1.0 -1.0 -1.0 -1.0 -1.0 -1.0 2.804 4.19 12.108 1561.601 2.334 1338.083 2.67165187223934 1.0
15.0 3.0 Car -1.0 -1.0 -1.0 -1.0 -1.0 -1.0 -1.0 1.977 1.808 4.59 1499.619 0.745 1364.543 -2.0844169113528697 0.0
15.0 0.0 Car -1.0 -1.0 -1.0 -1.0 -1.0 -1.0 -1.0 1.977 1.786 4.694 1511.622 0.86 1383.091 -2.1964303014098805 1.0
15.0 2.0 Car -1.0 -1.0 -1.0 -1.0 -1.0 -1.0 -1.0 1.977 1.846 5.031 1521.434 1.014 1395.349 -2.149861666013044 1.0
16.0 4.0 Car -1.0 -1.0 -1.0 -1.0 -1.0 -1.0 -1.0 1.788 1.467 4.418 1564.154 1.259 1332.186 -0.500926948613786 0.0
16.0 5.0 Truck -1.0 -1.0 -1.0 -1.0 -1.0 -1.0 -1.0 2.804 4.19 12.108 1559.858 2.334 1339.016 2.665106017681609 1.0
16.0 3.0 Car -1.0 -1.0 -1.0 -1.0 -1.0 -1.0 -1.0 1.977 1.808 4.59 1497.507 0.687 1360.824 -2.075687892806808 0.0
16.0 0.0 Car -1.0 -1.0 -1.0 -1.0 -1.0 -1.0 -1.0 1.977 1.786 4.694 1510.502 0.877 1381.506 -2.1731593067201533 1.0
16.0 2.0 Car -1.0 -1.0 -1.0 -1.0 -1.0 -1.0 -1.0 1.977 1.846 5.031 1520.783 1.014 1394.418 -2.149861666013044 1.0
17.0 4.0 Car -1.0 -1.0 -1.0 -1.0 -1.0 -1.0 -1.0 1.788 1.467 4.418 1567.625 1.259 1330.346 -0.500926948613786 0.0
17.0 5.0 Truck -1.0 -1.0 -1.0 -1.0 -1.0 -1.0 -1.0 2.804 4.19 12.108 1558.113 2.334 1339.95 2.658552667915501 1.0
17.0 3.0 Car -1.0 -1.0 -1.0 -1.0 -1.0 -1.0 -1.0 1.977 1.808 4.59 1495.393 0.628 1357.101 -2.0669488792612616 0.0
17.0 0.0 Car -1.0 -1.0 -1.0 -1.0 -1.0 -1.0 -1.0 1.977 1.786 4.694 1509.381 0.894 1379.919 -2.149861666013044 1.0
17.0 2.0 Car -1.0 -1.0 -1.0 -1.0 -1.0 -1.0 -1.0 1.977 1.846 5.031 1520.131 1.014 1393.487 -2.149861666013044 1.0
18.0 4.0 Car -1.0 -1.0 -1.0 -1.0 -1.0 -1.0 -1.0 1.788 1.467 4.418 1571.089 1.259 1328.51 -0.500926948613786 0.0
18.0 5.0 Truck -1.0 -1.0 -1.0 -1.0 -1.0 -1.0 -1.0 2.804 4.19 12.108 1556.372 2.334 1340.882 2.6520139815500747 1.0
18.0 3.0 Car -1.0 -1.0 -1.0 -1.0 -1.0 -1.0 -1.0 1.977 1.808 4.59 1493.284 0.57 1353.386 -2.0582294196326814 0.0
18.0 0.0 Car -1.0 -1.0 -1.0 -1.0 -1.0 -1.0 -1.0 1.977 1.786 4.694 1507.99 0.844 1377.792 -2.149861666013044 1.0
18.0 2.0 Car -1.0 -1.0 -1.0 -1.0 -1.0 -1.0 -1.0 1.977 1.846 5.031 1519.481 1.014 1392.557 -2.149861666013044 1.0
19.0 4.0 Car -1.0 -1.0 -1.0 -1.0 -1.0 -1.0 -1.0 1.788 1.467 4.418 1574.611 1.334 1326.764 -0.5183817408481275 0.0
19.0 5.0 Truck -1.0 -1.0 -1.0 -1.0 -1.0 -1.0 -1.0 2.804 4.19 12.108 1554.629 2.334 1341.816 2.6454675645246994 1.0
19.0 6.0 Car -1.0 -1.0 -1.0 -1.0 -1.0 -1.0 -1.0 1.977 1.458 4.59 1526.997 0.858 1403.133 -2.2080387801574055 0.0
19.0 3.0 Car -1.0 -1.0 -1.0 -1.0 -1.0 -1.0 -1.0 1.977 1.808 4.59 1490.901 0.628 1349.146 -2.0582294196326814 0.0
19.0 0.0 Car -1.0 -1.0 -1.0 -1.0 -1.0 -1.0 -1.0 1.977 1.786 4.694 1506.598 0.894 1375.662 -2.149861666013044 1.0
19.0 2.0 Car -1.0 -1.0 -1.0 -1.0 -1.0 -1.0 -1.0 1.977 1.846 5.031 1518.335 0.98 1390.955 -2.16731620246391 1.0
20.0 4.0 Car -1.0 -1.0 -1.0 -1.0 -1.0 -1.0 -1.0 1.788 1.467 4.418 1578.133 1.409 1325.017 -0.535833533653672 0.0
20.0 5.0 Truck -1.0 -1.0 -1.0 -1.0 -1.0 -1.0 -1.0 2.804 4.19 12.108 1552.886 2.334 1342.749 2.6389222724346126 1.0
20.0 6.0 Car -1.0 -1.0 -1.0 -1.0 -1.0 -1.0 -1.0 1.977 1.458 4.59 1526.643 0.858 1402.675 -2.210949555719912 0.0
20.0 3.0 Car -1.0 -1.0 -1.0 -1.0 -1.0 -1.0 -1.0 1.977 1.808 4.59 1488.519 0.687 1344.907 -2.0582294196326814 0.0
20.0 0.0 Car -1.0 -1.0 -1.0 -1.0 -1.0 -1.0 -1.0 1.977 1.786 4.694 1505.1 0.894 1373.371 -2.149861666013044 1.0
20.0 2.0 Car -1.0 -1.0 -1.0 -1.0 -1.0 -1.0 -1.0 1.977 1.846 5.031 1517.148 0.947 1389.383 -2.1847677395299336 1.0
21.0 4.0 Car -1.0 -1.0 -1.0 -1.0 -1.0 -1.0 -1.0 1.788 1.467 4.418 1582.393 1.484 1322.727 -0.535833533653672 0.0
21.0 5.0 Truck -1.0 -1.0 -1.0 -1.0 -1.0 -1.0 -1.0 2.804 4.19 12.108 1551.143 2.334 1343.682 2.632376130102738 1.0
21.0 6.0 Car -1.0 -1.0 -1.0 -1.0 -1.0 -1.0 -1.0 1.977 1.458 4.59 1526.289 0.858 1402.217 -2.2138607093958758 0.0
21.0 3.0 Car -1.0 -1.0 -1.0 -1.0 -1.0 -1.0 -1.0 1.977 1.808 4.59 1486.136 0.745 1340.667 -2.0582294196326814 0.0
21.0 0.0 Car -1.0 -1.0 -1.0 -1.0 -1.0 -1.0 -1.0 1.977 1.786 4.694 1503.608 0.874 1370.898 -2.1323924697157968 1.0
21.0 2.0 Car -1.0 -1.0 -1.0 -1.0 -1.0 -1.0 -1.0 1.977 1.846 5.031 1515.961 0.914 1387.811 -2.2022215435728727 1.0
22.0 5.0 Truck -1.0 -1.0 -1.0 -1.0 -1.0 -1.0 -1.0 2.804 4.19 12.108 1549.4 2.334 1344.615 2.6258304063514357 1.0
22.0 6.0 Car -1.0 -1.0 -1.0 -1.0 -1.0 -1.0 -1.0 1.977 1.458 4.59 1525.728 0.883 1401.482 -2.2167716769236763 1.0
22.0 3.0 Car -1.0 -1.0 -1.0 -1.0 -1.0 -1.0 -1.0 1.977 1.808 4.59 1483.729 0.803 1336.381 -2.0582294196326814 0.0
22.0 0.0 Car -1.0 -1.0 -1.0 -1.0 -1.0 -1.0 -1.0 1.977 1.786 4.694 1502.044 0.904 1368.324 -2.1149243904529516 1.0
22.0 2.0 Car -1.0 -1.0 -1.0 -1.0 -1.0 -1.0 -1.0 1.977 1.846 5.031 1514.251 0.914 1385.618 -2.2546373258877748 1.0
23.0 5.0 Truck -1.0 -1.0 -1.0 -1.0 -1.0 -1.0 -1.0 2.804 4.19 12.108 1547.803 2.284 1345.496 2.627767501523534 1.0
23.0 6.0 Car -1.0 -1.0 -1.0 -1.0 -1.0 -1.0 -1.0 1.977 1.458 4.59 1525.168 0.908 1400.748 -2.219676309596791 1.0
23.0 3.0 Car -1.0 -1.0 -1.0 -1.0 -1.0 -1.0 -1.0 1.977 1.808 4.59 1481.327 0.861 1332.104 -2.0582294196326814 0.0
23.0 0.0 Car -1.0 -1.0 -1.0 -1.0 -1.0 -1.0 -1.0 1.977 1.786 4.694 1500.296 0.859 1365.223 -2.097494325267113 0.0
23.0 2.0 Car -1.0 -1.0 -1.0 -1.0 -1.0 -1.0 -1.0 1.977 1.846 5.031 1512.432 0.914 1383.521 -2.30693904084843 1.0
24.0 5.0 Truck -1.0 -1.0 -1.0 -1.0 -1.0 -1.0 -1.0 2.804 4.19 12.108 1546.205 2.234 1346.379 2.6297067459028116 1.0
24.0 6.0 Car -1.0 -1.0 -1.0 -1.0 -1.0 -1.0 -1.0 1.977 1.458 4.59 1524.084 0.883 1399.325 -2.222584164959984 1.0
24.0 3.0 Car -1.0 -1.0 -1.0 -1.0 -1.0 -1.0 -1.0 1.977 1.808 4.59 1478.922 0.92 1327.822 -2.0582294196326814 0.0
24.0 0.0 Car -1.0 -1.0 -1.0 -1.0 -1.0 -1.0 -1.0 1.977 1.786 4.694 1498.546 0.814 1362.118 -2.0800449214231835 0.0
24.0 2.0 Car -1.0 -1.0 -1.0 -1.0 -1.0 -1.0 -1.0 1.977 1.846 5.031 1510.504 0.914 1381.52 -2.359298784564138 1.0
25.0 5.0 Truck -1.0 -1.0 -1.0 -1.0 -1.0 -1.0 -1.0 2.804 4.19 12.108 1544.607 2.184 1347.262 2.631646025197007 1.0
25.0 6.0 Car -1.0 -1.0 -1.0 -1.0 -1.0 -1.0 -1.0 1.977 1.458 4.59 1522.999 0.858 1397.902 -2.2254920726773477 1.0
25.0 1.0 Car -1.0 -1.0 -1.0 -1.0 -1.0 -1.0 -1.0 1.977 1.662 4.396 1309.487 1.912 1469.952 -0.4976187923252975 0.0
25.0 0.0 Car -1.0 -1.0 -1.0 -1.0 -1.0 -1.0 -1.0 1.977 1.786 4.694 1496.635 0.794 1358.597 -2.0975017884532146 0.0
25.0 2.0 Car -1.0 -1.0 -1.0 -1.0 -1.0 -1.0 -1.0 1.977 1.846 5.031 1508.076 0.914 1379.575 -2.4814731764367415 1.0
26.0 5.0 Truck -1.0 -1.0 -1.0 -1.0 -1.0 -1.0 -1.0 2.804 4.19 12.108 1543.01 2.134 1348.145 2.633585288973461 1.0
26.0 6.0 Car -1.0 -1.0 -1.0 -1.0 -1.0 -1.0 -1.0 1.977 1.458 4.59 1521.693 0.845 1396.107 -2.221128703721265 1.0
26.0 1.0 Car -1.0 -1.0 -1.0 -1.0 -1.0 -1.0 -1.0 1.977 1.662 4.396 1309.449 1.974 1469.992 -0.4976187923252975 1.0
26.0 0.0 Car -1.0 -1.0 -1.0 -1.0 -1.0 -1.0 -1.0 1.977 1.786 4.694 1494.456 0.624 1355.033 -2.0975017884532146 0.0
26.0 2.0 Car -1.0 -1.0 -1.0 -1.0 -1.0 -1.0 -1.0 1.977 1.846 5.031 1505.214 0.914 1377.921 -2.638553856571456 1.0
27.0 5.0 Truck -1.0 -1.0 -1.0 -1.0 -1.0 -1.0 -1.0 2.804 4.19 12.108 1541.412 2.084 1349.028 2.6355244712817725 1.0
27.0 6.0 Car -1.0 -1.0 -1.0 -1.0 -1.0 -1.0 -1.0 1.977 1.458 4.59 1520.386 0.833 1394.313 -2.216765518069572 1.0
27.0 1.0 Car -1.0 -1.0 -1.0 -1.0 -1.0 -1.0 -1.0 1.977 1.662 4.396 1312.016 2.037 1468.616 -0.4976187923252975 1.0
27.0 0.0 Car -1.0 -1.0 -1.0 -1.0 -1.0 -1.0 -1.0 1.977 1.786 4.694 1492.517 0.664 1351.729 -2.0800484959332715 0.0
27.0 2.0 Car -1.0 -1.0 -1.0 -1.0 -1.0 -1.0 -1.0 1.977 1.846 5.031 1502.153 0.864 1376.716 -2.7607269042110576 1.0
28.0 5.0 Truck -1.0 -1.0 -1.0 -1.0 -1.0 -1.0 -1.0 2.804 4.19 12.108 1540.338 2.034 1349.62 2.6374636885050027 0.0
28.0 6.0 Car -1.0 -1.0 -1.0 -1.0 -1.0 -1.0 -1.0 1.977 1.458 4.59 1518.833 0.82 1392.191 -2.2124022538588535 0.0
28.0 1.0 Car -1.0 -1.0 -1.0 -1.0 -1.0 -1.0 -1.0 1.977 1.662 4.396 1314.583 2.099 1467.24 -0.4976187923252975 0.0
28.0 0.0 Car -1.0 -1.0 -1.0 -1.0 -1.0 -1.0 -1.0 1.977 1.786 4.694 1490.3 0.72 1347.932 -2.091683481173801 0.0
28.0 2.0 Car -1.0 -1.0 -1.0 -1.0 -1.0 -1.0 -1.0 1.977 1.846 5.031 1498.997 0.814 1376.15 -2.970166414450378 0.0
29.0 5.0 Truck -1.0 -1.0 -1.0 -1.0 -1.0 -1.0 -1.0 2.804 4.19 12.108 1539.265 1.984 1350.212 2.6394029988346803 0.0
29.0 6.0 Car -1.0 -1.0 -1.0 -1.0 -1.0 -1.0 -1.0 1.977 1.458 4.59 1517.279 0.808 1390.069 -2.2080387801574055 0.0
29.0 1.0 Car -1.0 -1.0 -1.0 -1.0 -1.0 -1.0 -1.0 1.977 1.662 4.396 1317.149 2.162 1465.865 -0.4976187923252975 0.0
29.0 0.0 Car -1.0 -1.0 -1.0 -1.0 -1.0 -1.0 -1.0 1.977 1.786 4.694 1488.084 0.777 1344.135 -2.103319025037747 0.0
29.0 2.0 Car -1.0 -1.0 -1.0 -1.0 -1.0 -1.0 -1.0 1.977 1.846 5.031 1495.399 0.889 1375.959 -3.127242590728145 0.0
30.0 5.0 Truck -1.0 -1.0 -1.0 -1.0 -1.0 -1.0 -1.0 2.804 4.19 12.108 1538.191 1.934 1350.804 2.641342394511936 0.0
30.0 6.0 Car -1.0 -1.0 -1.0 -1.0 -1.0 -1.0 -1.0 1.977 1.458 4.59 1515.399 0.791 1387.66 -2.2080387801574055 0.0
30.0 1.0 Car -1.0 -1.0 -1.0 -1.0 -1.0 -1.0 -1.0 1.977 1.662 4.396 1319.716 2.224 1464.489 -0.4976187923252975 0.0
30.0 0.0 Car -1.0 -1.0 -1.0 -1.0 -1.0 -1.0 -1.0 1.977 1.786 4.694 1485.867 0.834 1340.338 -2.114955080973157 0.0
30.0 2.0 Car -1.0 -1.0 -1.0 -1.0 -1.0 -1.0 -1.0 1.977 1.846 5.031 1491.815 0.964 1376.335 2.9988596273702295 0.0
31.0 5.0 Truck -1.0 -1.0 -1.0 -1.0 -1.0 -1.0 -1.0 2.804 4.19 12.108 1537.117 1.884 1351.396 2.6432836988713793 0.0
31.0 6.0 Car -1.0 -1.0 -1.0 -1.0 -1.0 -1.0 -1.0 1.977 1.458 4.59 1513.518 0.774 1385.248 -2.2080387801574055 0.0
31.0 1.0 Car -1.0 -1.0 -1.0 -1.0 -1.0 -1.0 -1.0 1.977 1.662 4.396 1322.438 2.287 1462.948 -0.49106945915547984 0.0
31.0 0.0 Car -1.0 -1.0 -1.0 -1.0 -1.0 -1.0 -1.0 1.977 1.786 4.694 1483.728 0.824 1336.688 -2.0800229232241696 0.0
31.0 2.0 Car -1.0 -1.0 -1.0 -1.0 -1.0 -1.0 -1.0 1.977 1.846 5.031 1487.922 1.039 1377.423 2.8504253654585368 0.0
32.0 5.0 Truck -1.0 -1.0 -1.0 -1.0 -1.0 -1.0 -1.0 2.804 4.19 12.108 1536.55 1.895 1351.692 2.645221958776564 0.0
32.0 6.0 Car -1.0 -1.0 -1.0 -1.0 -1.0 -1.0 -1.0 1.977 1.458 4.59 1511.638 0.758 1382.839 -2.2080387801574055 0.0
32.0 1.0 Car -1.0 -1.0 -1.0 -1.0 -1.0 -1.0 -1.0 1.977 1.662 4.396 1325.195 2.349 1461.48 -0.48452729818795465 0.0
32.0 0.0 Car -1.0 -1.0 -1.0 -1.0 -1.0 -1.0 -1.0 1.977 1.786 4.694 1481.721 0.814 1332.97 -2.0451290198280145 0.0
32.0 2.0 Car -1.0 -1.0 -1.0 -1.0 -1.0 -1.0 -1.0 1.977 1.846 5.031 1484.236 1.114 1379.074 2.7021536545311937 0.0
33.0 5.0 Truck -1.0 -1.0 -1.0 -1.0 -1.0 -1.0 -1.0 2.804 4.19 12.108 1535.983 1.906 1351.988 2.6471602070489557 0.0
33.0 6.0 Car -1.0 -1.0 -1.0 -1.0 -1.0 -1.0 -1.0 1.977 1.458 4.59 1509.737 0.803 1380.215 -2.188102381865738 0.0
33.0 1.0 Car -1.0 -1.0 -1.0 -1.0 -1.0 -1.0 -1.0 1.977 1.662 4.396 1327.953 2.411 1460.013 -0.47798517648431105 0.0
33.0 0.0 Car -1.0 -1.0 -1.0 -1.0 -1.0 -1.0 -1.0 1.977 1.786 4.694 1479.844 0.804 1329.184 -2.010235325853499 0.0
33.0 2.0 Car -1.0 -1.0 -1.0 -1.0 -1.0 -1.0 -1.0 1.977 1.846 5.031 1480.104 1.189 1381.1 2.6759745537204878 0.0
34.0 5.0 Truck -1.0 -1.0 -1.0 -1.0 -1.0 -1.0 -1.0 2.804 4.19 12.108 1535.416 1.917 1352.284 2.649098579404476 0.0
34.0 6.0 Car -1.0 -1.0 -1.0 -1.0 -1.0 -1.0 -1.0 1.977 1.458 4.59 1507.673 0.748 1377.35 -2.168164707282112 0.0
34.0 1.0 Car -1.0 -1.0 -1.0 -1.0 -1.0 -1.0 -1.0 1.977 1.662 4.396 1330.71 2.474 1458.545 -0.4714426359659347 0.0
34.0 0.0 Car -1.0 -1.0 -1.0 -1.0 -1.0 -1.0 -1.0 1.977 1.786 4.694 1477.833 1.019 1325.041 -2.010235325853499 0.0
34.0 2.0 Car -1.0 -1.0 -1.0 -1.0 -1.0 -1.0 -1.0 1.977 1.846 5.031 1476.027 1.264 1383.235 2.6497937769713635 0.0
35.0 5.0 Truck -1.0 -1.0 -1.0 -1.0 -1.0 -1.0 -1.0 2.804 4.19 12.108 1535.094 1.928 1352.449 2.6510368393096613 0.0
35.0 6.0 Car -1.0 -1.0 -1.0 -1.0 -1.0 -1.0 -1.0 1.977 1.458 4.59 1505.762 0.777 1374.444 -2.1482281893380737 0.0
35.0 1.0 Car -1.0 -1.0 -1.0 -1.0 -1.0 -1.0 -1.0 1.977 1.662 4.396 1333.468 2.536 1457.077 -0.46490047499841003 0.0
35.0 2.0 Car -1.0 -1.0 -1.0 -1.0 -1.0 -1.0 -1.0 1.977 1.846 5.031 1471.266 1.289 1385.849 2.6497937769713635 0.0
36.0 5.0 Truck -1.0 -1.0 -1.0 -1.0 -1.0 -1.0 -1.0 2.804 4.19 12.108 1534.772 1.939 1352.613 2.6529753202379194 0.0
36.0 6.0 Car -1.0 -1.0 -1.0 -1.0 -1.0 -1.0 -1.0 1.977 1.458 4.59 1503.851 0.805 1371.537 -2.1282893979989854 0.0
36.0 1.0 Car -1.0 -1.0 -1.0 -1.0 -1.0 -1.0 -1.0 1.977 1.662 4.396 1336.226 2.599 1455.61 -0.458357568017143 0.0
36.0 2.0 Car -1.0 -1.0 -1.0 -1.0 -1.0 -1.0 -1.0 1.977 1.846 5.031 1466.505 1.314 1388.464 2.6497937769713635 0.0
37.0 5.0 Truck -1.0 -1.0 -1.0 -1.0 -1.0 -1.0 -1.0 2.804 4.19 12.108 1534.589 1.95 1352.704 2.6549156275147334 0.0
37.0 6.0 Car -1.0 -1.0 -1.0 -1.0 -1.0 -1.0 -1.0 1.977 1.458 4.59 1501.897 0.895 1368.478 -2.1083318212376465 0.0
37.0 1.0 Car -1.0 -1.0 -1.0 -1.0 -1.0 -1.0 -1.0 1.977 1.662 4.396 1338.986 2.661 1454.14 -0.45180849660653305 0.0
37.0 2.0 Car -1.0 -1.0 -1.0 -1.0 -1.0 -1.0 -1.0 1.977 1.846 5.031 1461.838 1.339 1391.265 2.6497937769713635 0.0
38.0 5.0 Truck -1.0 -1.0 -1.0 -1.0 -1.0 -1.0 -1.0 2.804 4.19 12.108 1534.407 1.961 1352.795 2.6568560860178607 0.0
38.0 6.0 Car -1.0 -1.0 -1.0 -1.0 -1.0 -1.0 -1.0 1.977 1.458 4.59 1499.918 0.779 1365.084 -2.0883726889954843 0.0
38.0 1.0 Car -1.0 -1.0 -1.0 -1.0 -1.0 -1.0 -1.0 1.977 1.662 4.396 1341.747 2.724 1452.671 -0.4452589147654682 0.0
38.0 2.0 Car -1.0 -1.0 -1.0 -1.0 -1.0 -1.0 -1.0 1.977 1.846 5.031 1456.472 1.364 1394.204 2.6497937769713635 0.0
39.0 5.0 Truck -1.0 -1.0 -1.0 -1.0 -1.0 -1.0 -1.0 2.804 4.19 12.108 1534.445 1.972 1352.769 2.6587966530937264 0.0
39.0 6.0 Car -1.0 -1.0 -1.0 -1.0 -1.0 -1.0 -1.0 1.977 1.458 4.59 1497.836 0.724 1361.509 -2.068412439997859 0.0
39.0 1.0 Car -1.0 -1.0 -1.0 -1.0 -1.0 -1.0 -1.0 1.977 1.662 4.396 1344.946 2.724 1451.126 -0.4510759460641349 0.0
39.0 2.0 Car -1.0 -1.0 -1.0 -1.0 -1.0 -1.0 -1.0 1.977 1.846 5.031 1451.106 1.389 1397.143 2.6497937769713635 0.0
