0.0 2.0 Car -1.0 -1.0 -1.0 -1.0 -1.0 -1.0 -1.0 2.108 1.677 4.404 1146.485 0.764 1696.722 2.588096387379338 0.0
0.0 4.0 Car -1.0 -1.0 -1.0 -1.0 -1.0 -1.0 -1.0 2.039 1.627 4.34 1182.322 0.79 1651.773 1.1840662711299725 0.0
1.0 2.0 Car -1.0 -1.0 -1.0 -1.0 -1.0 -1.0 -1.0 2.108 1.677 4.404 1144.939 0.864 1697.678 2.588096387379338 1.0
1.0 3.0 Truck -1.0 -1.0 -1.0 -1.0 -1.0 -1.0 -1.0 1.952 1.948 4.963 1122.619 1.013 1696.79 1.049099959884296 0.0
1.0 4.0 Car -1.0 -1.0 -1.0 -1.0 -1.0 -1.0 -1.0 2.039 1.627 4.34 1182.624 0.79 1652.537 1.1839789072122147 1.0
2.0 2.0 Car -1.0 -1.0 -1.0 -1.0 -1.0 -1.0 -1.0 2.108 1.677 4.404 1142.647 0.838 1699.034 2.588096387379338 1.0
2.0 3.0 Truck -1.0 -1.0 -1.0 -1.0 -1.0 -1.0 -1.0 1.952 1.948 4.963 1122.661 1.003 1696.804 1.0582839646003515 1.0
2.0 4.0 Car -1.0 -1.0 -1.0 -1.0 -1.0 -1.0 -1.0 2.039 1.627 4.34 1182.899 0.79 1653.231 1.1838995311557052 1.0
2.0 1.0 Car -1.0 -1.0 -1.0 -1.0 -1.0 -1.0 -1.0 1.99 1.815 4.571 1138.237 0.941 1696.374 -0.5353622947546923 0.0
3.0 2.0 Car -1.0 -1.0 -1.0 -1.0 -1.0 -1.0 -1.0 2.108 1.677 4.404 1140.584 0.815 1700.255 2.588096387379338 1.0
3.0 3.0 Truck -1.0 -1.0 -1.0 -1.0 -1.0 -1.0 -1.0 1.952 1.948 4.963 1122.699 0.995 1696.816 1.0665532524042398 1.0
3.0 4.0 Car -1.0 -1.0 -1.0 -1.0 -1.0 -1.0 -1.0 2.039 1.627 4.34 1183.264 0.79 1654.05 1.1838280608683625 1.0
3.0 1.0 Car -1.0 -1.0 -1.0 -1.0 -1.0 -1.0 -1.0 1.99 1.815 4.571 1140.523 0.924 1695.071 -0.5353622947546923 1.0
4.0 2.0 Car -1.0 -1.0 -1.0 -1.0 -1.0 -1.0 -1.0 2.108 1.677 4.404 1138.293 0.79 1701.611 2.588096387379338 1.0
4.0 3.0 Truck -1.0 -1.0 -1.0 -1.0 -1.0 -1.0 -1.0 1.952 1.948 4.963 1122.831 0.914 1697.096 1.0805452294015372 1.0
4.0 4.0 Car -1.0 -1.0 -1.0 -1.0 -1.0 -1.0 -1.0 2.039 1.627 4.34 1183.666 0.79 1655.134 1.1837486889402749 1.0
4.0 1.0 Car -1.0 -1.0 -1.0 -1.0 -1.0 -1.0 -1.0 1.99 1.815 4.571 1143.096 0.905 1693.68 -0.5353622947546923 1.0
5.0 2.0 Car -1.0 -1.0 -1.0 -1.0 -1.0 -1.0 -1.0 2.108 1.677 4.404 1135.999 0.764 1702.969 2.588096387379338 1.0
5.0 3.0 Truck -1.0 -1.0 -1.0 -1.0 -1.0 -1.0 -1.0 1.952 1.948 4.963 1122.963 0.833 1697.376 1.0945533573718442 1.0
5.0 4.0 Car -1.0 -1.0 -1.0 -1.0 -1.0 -1.0 -1.0 2.039 1.627 4.34 1184.112 0.79 1656.213 1.1836692253929781 1.0
5.0 1.0 Car -1.0 -1.0 -1.0 -1.0 -1.0 -1.0 -1.0 1.99 1.815 4.571 1145.606 0.886 1692.179 -0.5353622947546923 1.0
6.0 2.0 Car -1.0 -1.0 -1.0 -1.0 -1.0 -1.0 -1.0 2.108 1.677 4.404 1132.515 0.757 1704.952 2.6063936940907784 1.0
6.0 3.0 Truck -1.0 -1.0 -1.0 -1.0 -1.0 -1.0 -1.0 1.952 1.948 4.963 1122.974 0.841 1697.51 1.1113501943609274 1.0
6.0 4.0 Car -1.0 -1.0 -1.0 -1.0 -1.0 -1.0 -1.0 2.039 1.627 4.34 1184.604 0.79 1657.4 1.1835817773189279 1.0
6.0 1.0 Car -1.0 -1.0 -1.0 -1.0 -1.0 -1.0 -1.0 1.99 1.815 4.571 1148.338 0.865 1690.474 -0.5353622947546923 1.0
7.0 2.0 Car -1.0 -1.0 -1.0 -1.0 -1.0 -1.0 -1.0 2.108 1.677 4.404 1129.352 0.751 1706.753 2.6230029724192248 1.0
7.0 3.0 Truck -1.0 -1.0 -1.0 -1.0 -1.0 -1.0 -1.0 1.952 1.948 4.963 1122.985 0.849 1697.632 1.1265974296501944 1.0
7.0 4.0 Car -1.0 -1.0 -1.0 -1.0 -1.0 -1.0 -1.0 2.039 1.627 4.34 1185.016 0.79 1658.392 1.192229619161789 1.0
7.0 1.0 Car -1.0 -1.0 -1.0 -1.0 -1.0 -1.0 -1.0 1.99 1.815 4.571 1150.681 0.846 1688.695 -0.5353622947546923 1.0
8.0 0.0 Car -1.0 -1.0 -1.0 -1.0 -1.0 -1.0 -1.0 2.015 1.627 4.897 1137.615 0.864 1694.835 -0.535414654631631 0.0
8.0 2.0 Car -1.0 -1.0 -1.0 -1.0 -1.0 -1.0 -1.0 2.108 1.677 4.404 1125.456 0.744 1708.674 2.6055496798992817 1.0
8.0 3.0 Truck -1.0 -1.0 -1.0 -1.0 -1.0 -1.0 -1.0 1.952 1.948 4.963 1123.055 0.828 1697.835 1.1667532803434417 1.0
8.0 4.0 Car -1.0 -1.0 -1.0 -1.0 -1.0 -1.0 -1.0 2.039 1.627 4.34 1185.429 0.79 1659.384 1.2008763193137064 1.0
8.0 1.0 Car -1.0 -1.0 -1.0 -1.0 -1.0 -1.0 -1.0 1.99 1.815 4.571 1153.359 1.017 1686.989 -0.5353622947546923 1.0
9.0 0.0 Car -1.0 -1.0 -1.0 -1.0 -1.0 -1.0 -1.0 2.015 1.627 4.897 1140.892 0.869 1692.644 -0.5448391431989723 1.0
9.0 2.0 Car -1.0 -1.0 -1.0 -1.0 -1.0 -1.0 -1.0 2.108 1.677 4.404 1122.084 0.93 1710.713 2.5972854234054963 1.0
9.0 3.0 Truck -1.0 -1.0 -1.0 -1.0 -1.0 -1.0 -1.0 1.952 1.948 4.963 1123.111 0.809 1698.021 1.2029092674636739 1.0
9.0 4.0 Car -1.0 -1.0 -1.0 -1.0 -1.0 -1.0 -1.0 2.039 1.627 4.34 1185.779 0.79 1660.341 1.2027439064930374 1.0
9.0 1.0 Car -1.0 -1.0 -1.0 -1.0 -1.0 -1.0 -1.0 1.99 1.815 4.571 1155.77 0.981 1685.452 -0.5353622947546923 1.0
10.0 0.0 Car -1.0 -1.0 -1.0 -1.0 -1.0 -1.0 -1.0 2.015 1.627 4.897 1144.52 0.876 1690.183 -0.5553182425636325 1.0
10.0 2.0 Car -1.0 -1.0 -1.0 -1.0 -1.0 -1.0 -1.0 2.108 1.677 4.404 1118.335 1.136 1712.979 2.588096387379338 1.0
10.0 3.0 Truck -1.0 -1.0 -1.0 -1.0 -1.0 -1.0 -1.0 1.952 1.948 4.963 1123.531 0.903 1699.169 1.2630812186452742 1.0
10.0 4.0 Car -1.0 -1.0 -1.0 -1.0 -1.0 -1.0 -1.0 2.039 1.627 4.34 1186.131 0.79 1661.415 1.2455484147253926 1.0
10.0 1.0 Car -1.0 -1.0 -1.0 -1.0 -1.0 -1.0 -1.0 1.99 1.815 4.571 1158.518 1.132 1683.857 -0.5353622947546923 1.0
11.0 0.0 Car -1.0 -1.0 -1.0 -1.0 -1.0 -1.0 -1.0 2.015 1.627 4.897 1148.5 0.882 1687.467 -0.5668399749368369 1.0
11.0 2.0 Car -1.0 -1.0 -1.0 -1.0 -1.0 -1.0 -1.0 2.108 1.677 4.404 1114.281 1.039 1715.59 2.576798781842025 1.0
11.0 3.0 Truck -1.0 -1.0 -1.0 -1.0 -1.0 -1.0 -1.0 1.952 1.948 4.963 1123.913 1.008 1700.459 1.329240064340159 1.0
11.0 4.0 Car -1.0 -1.0 -1.0 -1.0 -1.0 -1.0 -1.0 2.039 1.627 4.34 1186.404 0.79 1662.747 1.3510988556942884 1.0
11.0 1.0 Car -1.0 -1.0 -1.0 -1.0 -1.0 -1.0 -1.0 1.99 1.815 4.571 1161.57 1.077 1682.086 -0.5353622947546923 1.0
12.0 0.0 Car -1.0 -1.0 -1.0 -1.0 -1.0 -1.0 -1.0 2.015 1.627 4.897 1152.117 0.888 1684.991 -0.577318781138835 1.0
12.0 2.0 Car -1.0 -1.0 -1.0 -1.0 -1.0 -1.0 -1.0 2.108 1.677 4.404 1110.658 0.95 1718.06 2.5665238149240777 1.0
12.0 3.0 Truck -1.0 -1.0 -1.0 -1.0 -1.0 -1.0 -1.0 1.952 1.948 4.963 1124.185 1.102 1701.652 1.389410332154822 1.0
12.0 4.0 Car -1.0 -1.0 -1.0 -1.0 -1.0 -1.0 -1.0 2.039 1.627 4.34 1186.407 0.79 1664.233 1.4803134668133577 1.0
12.0 1.0 Car -1.0 -1.0 -1.0 -1.0 -1.0 -1.0 -1.0 1.99 1.815 4.571 1163.996 1.027 1680.616 -0.5353622947546923 1.0
13.0 0.0 Car -1.0 -1.0 -1.0 -1.0 -1.0 -1.0 -1.0 2.015 1.627 4.897 1155.726 0.894 1682.521 -0.5877745321914604 1.0
13.0 2.0 Car -1.0 -1.0 -1.0 -1.0 -1.0 -1.0 -1.0 2.108 1.677 4.404 1107.042 0.862 1720.525 2.556271454674535 1.0
13.0 3.0 Truck -1.0 -1.0 -1.0 -1.0 -1.0 -1.0 -1.0 1.952 1.948 4.963 1124.12 1.059 1703.377 1.5399110290949372 1.0
13.0 4.0 Car -1.0 -1.0 -1.0 -1.0 -1.0 -1.0 -1.0 2.039 1.627 4.34 1186.192 0.79 1665.805 1.655497790406687 1.0
13.0 1.0 Car -1.0 -1.0 -1.0 -1.0 -1.0 -1.0 -1.0 1.99 1.815 4.571 1166.104 0.977 1679.298 -0.5179090022347491 1.0
14.0 0.0 Car -1.0 -1.0 -1.0 -1.0 -1.0 -1.0 -1.0 2.015 1.627 4.897 1158.426 0.711 1680.722 -0.5877745321914604 0.0
14.0 2.0 Car -1.0 -1.0 -1.0 -1.0 -1.0 -1.0 -1.0 2.108 1.677 4.404 1103.423 0.774 1722.992 2.546007082707448 1.0
14.0 3.0 Truck -1.0 -1.0 -1.0 -1.0 -1.0 -1.0 -1.0 1.952 1.948 4.963 1123.797 1.015 1705.074 1.6905880534189888 1.0
14.0 4.0 Car -1.0 -1.0 -1.0 -1.0 -1.0 -1.0 -1.0 2.039 1.627 4.34 1185.539 0.79 1667.411 1.8483406533667441 1.0
14.0 1.0 Car -1.0 -1.0 -1.0 -1.0 -1.0 -1.0 -1.0 1.99 1.815 4.571 1167.903 0.927 1678.193 -0.5353622947546923 1.0
15.0 0.0 Car -1.0 -1.0 -1.0 -1.0 -1.0 -1.0 -1.0 2.015 1.627 4.897 1161.521 0.627 1678.659 -0.5877745321914604 0.0
15.0 2.0 Car -1.0 -1.0 -1.0 -1.0 -1.0 -1.0 -1.0 2.108 1.677 4.404 1099.801 0.686 1725.461 2.5357365098195084 1.0
15.0 3.0 Truck -1.0 -1.0 -1.0 -1.0 -1.0 -1.0 -1.0 1.952 1.948 4.963 1122.997 0.971 1707.104 1.9025397704931981 1.0
15.0 4.0 Car -1.0 -1.0 -1.0 -1.0 -1.0 -1.0 -1.0 2.039 1.627 4.34 1184.694 0.79 1668.993 1.962718504077056 1.0
15.0 1.0 Car -1.0 -1.0 -1.0 -1.0 -1.0 -1.0 -1.0 1.99 1.815 4.571 1169.323 0.878 1677.311 -0.5179090022347491 0.0
16.0 0.0 Car -1.0 -1.0 -1.0 -1.0 -1.0 -1.0 -1.0 2.015 1.627 4.897 1164.549 0.593 1676.642 -0.5877745321914604 0.0
16.0 2.0 Car -1.0 -1.0 -1.0 -1.0 -1.0 -1.0 -1.0 2.108 1.677 4.404 1096.267 0.672 1727.674 2.541542631557058 1.0
16.0 3.0 Truck -1.0 -1.0 -1.0 -1.0 -1.0 -1.0 -1.0 1.952 1.948 4.963 1121.793 0.927 1708.915 2.1137508036008383 1.0
16.0 4.0 Car -1.0 -1.0 -1.0 -1.0 -1.0 -1.0 -1.0 2.039 1.627 4.34 1183.66 0.84 1670.478 2.094027959681729 1.0
16.0 1.0 Car -1.0 -1.0 -1.0 -1.0 -1.0 -1.0 -1.0 1.99 1.815 4.571 1170.443 0.928 1676.673 -0.5179090022347491 0.0
17.0 0.0 Car -1.0 -1.0 -1.0 -1.0 -1.0 -1.0 -1.0 2.015 1.627 4.897 1167.287 0.759 1674.777 -0.5877745321914604 0.0
17.0 2.0 Car -1.0 -1.0 -1.0 -1.0 -1.0 -1.0 -1.0 2.108 1.677 4.404 1092.724 0.659 1729.892 2.5473649094310815 1.0
17.0 3.0 Truck -1.0 -1.0 -1.0 -1.0 -1.0 -1.0 -1.0 1.952 1.948 4.963 1120.602 0.927 1710.649 2.201031882595374 1.0
17.0 4.0 Car -1.0 -1.0 -1.0 -1.0 -1.0 -1.0 -1.0 2.039 1.627 4.34 1182.529 0.84 1671.941 2.199564902912905 1.0
17.0 1.0 Car -1.0 -1.0 -1.0 -1.0 -1.0 -1.0 -1.0 1.99 1.815 4.571 1171.383 0.878 1676.029 -0.5179090022347491 0.0
18.0 0.0 Car -1.0 -1.0 -1.0 -1.0 -1.0 -1.0 -1.0 2.015 1.627 4.897 1169.463 0.726 1673.286 -0.6052278247114034 0.0
18.0 2.0 Car -1.0 -1.0 -1.0 -1.0 -1.0 -1.0 -1.0 2.108 1.677 4.404 1089.181 0.646 1732.111 2.5531875949942013 1.0
18.0 3.0 Truck -1.0 -1.0 -1.0 -1.0 -1.0 -1.0 -1.0 1.952 1.948 4.963 1119.265 0.927 1712.272 2.2883190732089345 1.0
18.0 4.0 Car -1.0 -1.0 -1.0 -1.0 -1.0 -1.0 -1.0 2.039 1.627 4.34 1180.966 0.84 1673.467 2.3644575370876897 1.0
18.0 1.0 Car -1.0 -1.0 -1.0 -1.0 -1.0 -1.0 -1.0 1.99 1.815 4.571 1171.988 0.928 1675.684 -0.5179090022347491 0.0
19.0 0.0 Car -1.0 -1.0 -1.0 -1.0 -1.0 -1.0 -1.0 2.015 1.627 4.897 1171.386 0.693 1671.965 -0.5877745321914604 0.0
19.0 2.0 Car -1.0 -1.0 -1.0 -1.0 -1.0 -1.0 -1.0 2.108 1.677 4.404 1085.641 0.633 1734.327 2.559004037090018 1.0
19.0 3.0 Truck -1.0 -1.0 -1.0 -1.0 -1.0 -1.0 -1.0 1.952 1.948 4.963 1117.227 0.877 1714.051 2.37552149791409 1.0
19.0 4.0 Car -1.0 -1.0 -1.0 -1.0 -1.0 -1.0 -1.0 2.039 1.627 4.34 1179.323 0.84 1674.937 2.416425618163391 1.0
19.0 1.0 Car -1.0 -1.0 -1.0 -1.0 -1.0 -1.0 -1.0 1.99 1.815 4.571 1172.182 0.928 1675.574 -0.5179090022347491 0.0
20.0 0.0 Car -1.0 -1.0 -1.0 -1.0 -1.0 -1.0 -1.0 2.015 1.627 4.897 1173.282 0.759 1670.661 -0.6052278247114034 0.0
20.0 2.0 Car -1.0 -1.0 -1.0 -1.0 -1.0 -1.0 -1.0 2.108 1.677 4.404 1082.097 0.62 1736.546 2.5648266644118385 1.0
20.0 3.0 Truck -1.0 -1.0 -1.0 -1.0 -1.0 -1.0 -1.0 1.952 1.948 4.963 1115.04 0.827 1715.648 2.4628166539997043 1.0
20.0 4.0 Car -1.0 -1.0 -1.0 -1.0 -1.0 -1.0 -1.0 2.039 1.627 4.34 1177.604 0.84 1676.32 2.46844896228842 1.0
20.0 1.0 Car -1.0 -1.0 -1.0 -1.0 -1.0 -1.0 -1.0 1.99 1.815 4.571 1172.391 0.928 1675.49 -0.5179090022347491 0.0
21.0 0.0 Car -1.0 -1.0 -1.0 -1.0 -1.0 -1.0 -1.0 2.015 1.627 4.897 1174.945 0.75 1669.565 -0.5877745321914604 0.0
21.0 2.0 Car -1.0 -1.0 -1.0 -1.0 -1.0 -1.0 -1.0 2.108 1.677 4.404 1078.557 0.606 1738.762 2.5706430948593946 1.0
21.0 3.0 Truck -1.0 -1.0 -1.0 -1.0 -1.0 -1.0 -1.0 1.952 1.948 4.963 1112.437 0.827 1717.57 2.5151174058465067 1.0
21.0 4.0 Car -1.0 -1.0 -1.0 -1.0 -1.0 -1.0 -1.0 2.039 1.627 4.34 1175.531 0.865 1677.856 2.511694948005843 1.0
21.0 1.0 Car -1.0 -1.0 -1.0 -1.0 -1.0 -1.0 -1.0 1.99 1.815 4.571 1172.382 0.978 1675.532 -0.5179090022347491 0.0
22.0 0.0 Car -1.0 -1.0 -1.0 -1.0 -1.0 -1.0 -1.0 2.015 1.627 4.897 1176.612 0.842 1668.345 -0.5877745321914604 0.0
22.0 2.0 Car -1.0 -1.0 -1.0 -1.0 -1.0 -1.0 -1.0 2.108 1.677 4.404 1075.547 0.572 1740.698 2.5706430948593946 1.0
22.0 3.0 Truck -1.0 -1.0 -1.0 -1.0 -1.0 -1.0 -1.0 1.952 1.948 4.963 1109.73 0.827 1719.358 2.567536409119364 1.0
22.0 4.0 Car -1.0 -1.0 -1.0 -1.0 -1.0 -1.0 -1.0 2.039 1.627 4.34 1173.388 0.89 1679.303 2.555038712422456 1.0
22.0 1.0 Car -1.0 -1.0 -1.0 -1.0 -1.0 -1.0 -1.0 1.99 1.815 4.571 1172.382 0.978 1675.532 -0.5179090022347491 0.0
23.0 0.0 Car -1.0 -1.0 -1.0 -1.0 -1.0 -1.0 -1.0 2.015 1.627 4.897 1177.972 0.859 1666.854 -0.7797607499108343 0.0
23.0 2.0 Car -1.0 -1.0 -1.0 -1.0 -1.0 -1.0 -1.0 2.108 1.677 4.404 1072.533 0.538 1742.637 2.5706430948593946 1.0
23.0 3.0 Truck -1.0 -1.0 -1.0 -1.0 -1.0 -1.0 -1.0 1.952 1.948 4.963 1106.52 0.827 1721.439 2.567536409119364 1.0
23.0 4.0 Car -1.0 -1.0 -1.0 -1.0 -1.0 -1.0 -1.0 2.039 1.627 4.34 1171.302 0.927 1680.731 2.556175386379337 1.0
23.0 1.0 Car -1.0 -1.0 -1.0 -1.0 -1.0 -1.0 -1.0 1.99 1.815 4.571 1172.382 1.028 1675.532 -0.5179090022347491 0.0
24.0 0.0 Car -1.0 -1.0 -1.0 -1.0 -1.0 -1.0 -1.0 2.015 1.627 4.897 1179.458 0.926 1665.066 -0.9368403825903222 0.0
24.0 2.0 Car -1.0 -1.0 -1.0 -1.0 -1.0 -1.0 -1.0 2.108 1.677 4.404 1069.523 0.504 1744.573 2.5706430948593946 1.0
24.0 3.0 Truck -1.0 -1.0 -1.0 -1.0 -1.0 -1.0 -1.0 1.952 1.948 4.963 1103.313 0.827 1723.517 2.567536409119364 1.0
24.0 4.0 Car -1.0 -1.0 -1.0 -1.0 -1.0 -1.0 -1.0 2.039 1.627 4.34 1169.218 0.965 1682.157 2.5573109053457923 1.0
24.0 1.0 Car -1.0 -1.0 -1.0 -1.0 -1.0 -1.0 -1.0 1.99 1.815 4.571 1172.382 1.128 1675.532 -0.5179090022347491 0.0
25.0 0.0 Car -1.0 -1.0 -1.0 -1.0 -1.0 -1.0 -1.0 2.015 1.627 4.897 1180.195 0.942 1662.707 -1.2160930629094118 0.0
25.0 2.0 Car -1.0 -1.0 -1.0 -1.0 -1.0 -1.0 -1.0 2.108 1.677 4.404 1066.512 0.47 1746.509 2.5706430948593946 1.0
25.0 3.0 Truck -1.0 -1.0 -1.0 -1.0 -1.0 -1.0 -1.0 1.952 1.948 4.963 1099.988 0.827 1725.582 2.5762633779861925 1.0
25.0 4.0 Car -1.0 -1.0 -1.0 -1.0 -1.0 -1.0 -1.0 2.039 1.627 4.34 1167.133 1.002 1683.584 2.5584464969246126 1.0
25.0 1.0 Car -1.0 -1.0 -1.0 -1.0 -1.0 -1.0 -1.0 1.99 1.815 4.571 1172.355 1.228 1675.547 -0.5179090022347491 0.0
26.0 2.0 Car -1.0 -1.0 -1.0 -1.0 -1.0 -1.0 -1.0 2.108 1.677 4.404 1062.711 0.447 1748.836 2.5693862465006356 1.0
26.0 3.0 Truck -1.0 -1.0 -1.0 -1.0 -1.0 -1.0 -1.0 1.952 1.948 4.963 1096.664 0.826 1727.646 2.5849897016393077 1.0
26.0 4.0 Car -1.0 -1.0 -1.0 -1.0 -1.0 -1.0 -1.0 2.039 1.627 4.34 1164.984 1.04 1684.91 2.559582004545386 1.0
26.0 1.0 Car -1.0 -1.0 -1.0 -1.0 -1.0 -1.0 -1.0 1.99 1.815 4.571 1172.437 1.228 1675.501 -0.5179090022347491 0.0
27.0 2.0 Car -1.0 -1.0 -1.0 -1.0 -1.0 -1.0 -1.0 2.108 1.677 4.404 1058.909 0.425 1751.162 2.5681293906070253 0.0
27.0 3.0 Truck -1.0 -1.0 -1.0 -1.0 -1.0 -1.0 -1.0 1.952 1.948 4.963 1092.704 0.701 1730.073 2.5849897016393077 0.0
27.0 4.0 Car -1.0 -1.0 -1.0 -1.0 -1.0 -1.0 -1.0 2.039 1.627 4.34 1162.863 1.04 1686.281 2.5607175189735685 0.0
28.0 2.0 Car -1.0 -1.0 -1.0 -1.0 -1.0 -1.0 -1.0 2.108 1.677 4.404 1055.107 0.402 1753.489 2.566872464388136 0.0
28.0 3.0 Truck -1.0 -1.0 -1.0 -1.0 -1.0 -1.0 -1.0 1.952 1.948 4.963 1088.744 0.576 1732.5 2.5849897016393077 0.0
28.0 4.0 Car -1.0 -1.0 -1.0 -1.0 -1.0 -1.0 -1.0 2.039 1.627 4.34 1160.709 1.04 1687.601 2.56185309693757 0.0
29.0 2.0 Car -1.0 -1.0 -1.0 -1.0 -1.0 -1.0 -1.0 2.108 1.677 4.404 1051.305 0.379 1755.815 2.5656155783551204 0.0
29.0 3.0 Truck -1.0 -1.0 -1.0 -1.0 -1.0 -1.0 -1.0 1.952 1.948 4.963 1084.746 0.563 1734.938 2.5849897016393077 0.0
29.0 4.0 Car -1.0 -1.0 -1.0 -1.0 -1.0 -1.0 -1.0 2.039 1.627 4.34 1158.475 1.021 1688.96 2.5694804535383655 0.0
30.0 2.0 Car -1.0 -1.0 -1.0 -1.0 -1.0 -1.0 -1.0 2.108 1.677 4.404 1047.89 0.359 1757.906 2.564486443214206 0.0
30.0 3.0 Truck -1.0 -1.0 -1.0 -1.0 -1.0 -1.0 -1.0 1.952 1.948 4.963 1081.155 0.551 1737.129 2.5849897016393077 0.0
30.0 4.0 Car -1.0 -1.0 -1.0 -1.0 -1.0 -1.0 -1.0 2.039 1.627 4.34 1156.499 1.004 1690.229 2.5763325595718616 0.0
31.0 2.0 Car -1.0 -1.0 -1.0 -1.0 -1.0 -1.0 -1.0 2.108 1.677 4.404 1044.092 0.336 1760.229 2.563230958663531 0.0
31.0 3.0 Truck -1.0 -1.0 -1.0 -1.0 -1.0 -1.0 -1.0 1.952 1.948 4.963 1076.718 0.574 1739.674 2.5849897016393077 0.0
31.0 4.0 Car -1.0 -1.0 -1.0 -1.0 -1.0 -1.0 -1.0 2.039 1.627 4.34 1154.309 1.036 1691.65 2.5839514113398367 0.0
32.0 2.0 Car -1.0 -1.0 -1.0 -1.0 -1.0 -1.0 -1.0 2.108 1.677 4.404 1040.294 0.314 1762.553 2.561975466578005 0.0
32.0 3.0 Truck -1.0 -1.0 -1.0 -1.0 -1.0 -1.0 -1.0 1.952 1.948 4.963 1072.282 0.597 1742.219 2.5849897016393077 0.0
32.0 4.0 Car -1.0 -1.0 -1.0 -1.0 -1.0 -1.0 -1.0 2.039 1.627 4.34 1152.004 0.951 1693.162 2.5855528884900574 0.0
33.0 2.0 Car -1.0 -1.0 -1.0 -1.0 -1.0 -1.0 -1.0 2.108 1.677 4.404 1036.497 0.291 1764.878 2.560719941841457 0.0
33.0 3.0 Truck -1.0 -1.0 -1.0 -1.0 -1.0 -1.0 -1.0 1.952 1.948 4.963 1068.251 0.495 1744.656 2.5849897016393077 0.0
33.0 4.0 Car -1.0 -1.0 -1.0 -1.0 -1.0 -1.0 -1.0 2.039 1.627 4.34 1149.979 0.967 1694.399 2.5871544072891797 0.0
34.0 2.0 Car -1.0 -1.0 -1.0 -1.0 -1.0 -1.0 -1.0 2.108 1.677 4.404 1032.699 0.268 1767.202 2.559464449755931 0.0
34.0 3.0 Truck -1.0 -1.0 -1.0 -1.0 -1.0 -1.0 -1.0 1.952 1.948 4.963 1064.22 0.393 1747.092 2.5849897016393077 0.0
34.0 4.0 Car -1.0 -1.0 -1.0 -1.0 -1.0 -1.0 -1.0 2.039 1.627 4.34 1148.056 1.133 1695.715 2.5887558844394003 0.0
35.0 2.0 Car -1.0 -1.0 -1.0 -1.0 -1.0 -1.0 -1.0 2.108 1.677 4.404 1029.11 0.458 1769.833 2.558210369199214 0.0
35.0 3.0 Truck -1.0 -1.0 -1.0 -1.0 -1.0 -1.0 -1.0 1.952 1.948 4.963 1060.037 0.521 1749.963 2.5849897016393077 0.0
35.0 4.0 Car -1.0 -1.0 -1.0 -1.0 -1.0 -1.0 -1.0 2.039 1.627 4.34 1146.556 1.099 1696.664 2.590355561075574 0.0
36.0 2.0 Car -1.0 -1.0 -1.0 -1.0 -1.0 -1.0 -1.0 2.108 1.677 4.404 1025.52 0.647 1772.464 2.5569561781313452 0.0
36.0 3.0 Truck -1.0 -1.0 -1.0 -1.0 -1.0 -1.0 -1.0 1.952 1.948 4.963 1055.854 0.648 1752.835 2.5849897016393077 0.0
36.0 4.0 Car -1.0 -1.0 -1.0 -1.0 -1.0 -1.0 -1.0 2.039 1.627 4.34 1145.458 1.14 1697.21 2.591955378677261 0.0
37.0 2.0 Car -1.0 -1.0 -1.0 -1.0 -1.0 -1.0 -1.0 2.108 1.677 4.404 1021.477 0.622 1775.117 2.5557007463246295 0.0
37.0 3.0 Truck -1.0 -1.0 -1.0 -1.0 -1.0 -1.0 -1.0 1.952 1.948 4.963 1051.543 0.693 1755.799 2.5762631514001946 0.0
37.0 4.0 Car -1.0 -1.0 -1.0 -1.0 -1.0 -1.0 -1.0 2.039 1.627 4.34 1144.453 1.18 1697.909 2.5935567789372023 0.0
38.0 2.0 Car -1.0 -1.0 -1.0 -1.0 -1.0 -1.0 -1.0 2.108 1.677 4.404 1017.434 0.597 1777.769 2.554445286890126 0.0
38.0 3.0 Truck -1.0 -1.0 -1.0 -1.0 -1.0 -1.0 -1.0 1.952 1.948 4.963 1047.231 0.737 1758.764 2.567536409119364 0.0
38.0 4.0 Car -1.0 -1.0 -1.0 -1.0 -1.0 -1.0 -1.0 2.039 1.627 4.34 1143.455 1.246 1698.485 2.5951582144385212 0.0
