0.0 1.0 Car -1.0 -1.0 -1.0 -1.0 -1.0 -1.0 -1.0 1.983 1.743 4.979 1478.896 1.295 1446.825 2.576193242406459 0.0
0.0 3.0 Bus -1.0 -1.0 -1.0 -1.0 -1.0 -1.0 -1.0 3.455 3.79 12.923 1519.602 3.774 1424.954 2.7789132348391643 0.0
1.0 1.0 Car -1.0 -1.0 -1.0 -1.0 -1.0 -1.0 -1.0 1.983 1.743 4.979 1475.696 1.395 1449.057 2.5063800723266856 1.0
1.0 3.0 Bus -1.0 -1.0 -1.0 -1.0 -1.0 -1.0 -1.0 3.455 3.79 12.923 1519.017 3.926 1425.167 2.7789132348391643 1.0
2.0 1.0 Car -1.0 -1.0 -1.0 -1.0 -1.0 -1.0 -1.0 1.983 1.743 4.979 1472.615 1.395 1451.508 2.471473487286799 1.0
2.0 3.0 Bus -1.0 -1.0 -1.0 -1.0 -1.0 -1.0 -1.0 3.455 3.79 12.923 1518.432 4.079 1425.38 2.7789132348391643 1.0
3.0 1.0 Car -1.0 -1.0 -1.0 -1.0 -1.0 -1.0 -1.0 1.983 1.743 4.979 1469.772 1.395 1453.918 2.4191136097269688 1.0
3.0 3.0 Bus -1.0 -1.0 -1.0 -1.0 -1.0 -1.0 -1.0 3.455 3.79 12.923 1517.847 4.231 1425.593 2.7789132348391643 1.0
4.0 1.0 Car -1.0 -1.0 -1.0 -1.0 -1.0 -1.0 -1.0 1.983 1.743 4.979 1467.408 1.245 1456.266 2.366753732167139 1.0
4.0 3.0 Bus -1.0 -1.0 -1.0 -1.0 -1.0 -1.0 -1.0 3.455 3.79 12.923 1516.412 4.22 1426.034 2.7963759946174602 1.0
5.0 1.0 Car -1.0 -1.0 -1.0 -1.0 -1.0 -1.0 -1.0 1.983 1.743 4.979 1465.251 1.346 1458.552 2.3143938546073093 1.0
5.0 3.0 Bus -1.0 -1.0 -1.0 -1.0 -1.0 -1.0 -1.0 3.455 3.79 12.923 1514.978 4.209 1426.475 2.813819819879051 1.0
6.0 1.0 Car -1.0 -1.0 -1.0 -1.0 -1.0 -1.0 -1.0 1.983 1.743 4.979 1463.235 1.086 1460.872 2.279487269567422 1.0
6.0 3.0 Bus -1.0 -1.0 -1.0 -1.0 -1.0 -1.0 -1.0 3.455 3.79 12.923 1513.071 4.038 1427.202 2.809225349305692 1.0
7.0 1.0 Car -1.0 -1.0 -1.0 -1.0 -1.0 -1.0 -1.0 1.983 1.743 4.979 1461.87 1.038 1462.524 2.2271273920075925 1.0
7.0 3.0 Bus -1.0 -1.0 -1.0 -1.0 -1.0 -1.0 -1.0 3.455 3.79 12.923 1511.546 3.901 1427.783 2.8055501712860647 1.0
8.0 1.0 Car -1.0 -1.0 -1.0 -1.0 -1.0 -1.0 -1.0 1.983 1.743 4.979 1460.088 1.078 1464.892 2.244580684527536 1.0
8.0 3.0 Bus -1.0 -1.0 -1.0 -1.0 -1.0 -1.0 -1.0 3.455 3.79 12.923 1509.638 3.73 1428.511 2.8009508808853676 1.0
9.0 1.0 Car -1.0 -1.0 -1.0 -1.0 -1.0 -1.0 -1.0 1.983 1.743 4.979 1458.444 1.018 1467.145 2.192220806967706 1.0
9.0 3.0 Bus -1.0 -1.0 -1.0 -1.0 -1.0 -1.0 -1.0 3.455 3.79 12.923 1507.735 3.559 1429.236 2.7963665273591074 1.0
10.0 1.0 Car -1.0 -1.0 -1.0 -1.0 -1.0 -1.0 -1.0 1.983 1.743 4.979 1456.926 0.959 1469.261 2.1493461856474774 1.0
10.0 3.0 Bus -1.0 -1.0 -1.0 -1.0 -1.0 -1.0 -1.0 3.455 3.79 12.923 1506.17 3.559 1429.989 2.7701863528949304 1.0
10.0 2.0 Bus -1.0 -1.0 -1.0 -1.0 -1.0 -1.0 -1.0 2.964 3.31 12.29 1446.928 1.439 1517.717 -1.4136468810560412 0.0
11.0 1.0 Car -1.0 -1.0 -1.0 -1.0 -1.0 -1.0 -1.0 1.983 1.743 4.979 1455.548 0.949 1471.493 2.1064704508186476 1.0
11.0 3.0 Bus -1.0 -1.0 -1.0 -1.0 -1.0 -1.0 -1.0 3.455 3.79 12.923 1504.625 3.559 1430.782 2.7440066497992777 1.0
11.0 2.0 Bus -1.0 -1.0 -1.0 -1.0 -1.0 -1.0 -1.0 2.964 3.31 12.29 1446.921 1.439 1517.759 -1.4136468810560412 0.0
12.0 1.0 Car -1.0 -1.0 -1.0 -1.0 -1.0 -1.0 -1.0 1.983 1.743 4.979 1454.215 0.918 1473.67 2.089973839077433 1.0
12.0 3.0 Bus -1.0 -1.0 -1.0 -1.0 -1.0 -1.0 -1.0 3.455 3.79 12.923 1502.641 3.559 1431.803 2.691646772239448 1.0
12.0 2.0 Bus -1.0 -1.0 -1.0 -1.0 -1.0 -1.0 -1.0 2.964 3.31 12.29 1446.913 1.439 1517.801 -1.4136468810560412 0.0
13.0 1.0 Car -1.0 -1.0 -1.0 -1.0 -1.0 -1.0 -1.0 1.983 1.743 4.979 1452.985 0.768 1475.872 2.0944143119129426 1.0
13.0 3.0 Bus -1.0 -1.0 -1.0 -1.0 -1.0 -1.0 -1.0 3.455 3.79 12.923 1500.664 3.559 1432.819 2.6741934797195044 1.0
13.0 2.0 Bus -1.0 -1.0 -1.0 -1.0 -1.0 -1.0 -1.0 2.964 3.31 12.29 1446.933 1.439 1517.812 -1.402016200358227 1.0
14.0 1.0 Car -1.0 -1.0 -1.0 -1.0 -1.0 -1.0 -1.0 1.983 1.743 4.979 1451.717 0.868 1478.199 2.059507726873056 1.0
14.0 3.0 Bus -1.0 -1.0 -1.0 -1.0 -1.0 -1.0 -1.0 3.455 3.79 12.923 1497.85 3.559 1434.156 2.6741934797195044 1.0
14.0 2.0 Bus -1.0 -1.0 -1.0 -1.0 -1.0 -1.0 -1.0 2.964 3.31 12.29 1446.953 1.439 1517.824 -1.390371093057541 1.0
15.0 1.0 Car -1.0 -1.0 -1.0 -1.0 -1.0 -1.0 -1.0 1.983 1.743 4.979 1450.638 0.868 1480.508 2.008359327007096 1.0
15.0 3.0 Bus -1.0 -1.0 -1.0 -1.0 -1.0 -1.0 -1.0 3.455 3.79 12.923 1495.374 3.384 1435.654 2.6392527987804746 1.0
15.0 2.0 Bus -1.0 -1.0 -1.0 -1.0 -1.0 -1.0 -1.0 2.964 3.31 12.29 1446.973 1.439 1517.836 -1.3787402960161552 1.0
16.0 1.0 Car -1.0 -1.0 -1.0 -1.0 -1.0 -1.0 -1.0 1.983 1.743 4.979 1449.642 0.885 1482.635 1.9975484992439323 1.0
16.0 3.0 Bus -1.0 -1.0 -1.0 -1.0 -1.0 -1.0 -1.0 3.455 3.79 12.923 1492.831 3.209 1437.013 2.6218336021596746 1.0
16.0 2.0 Bus -1.0 -1.0 -1.0 -1.0 -1.0 -1.0 -1.0 2.964 3.31 12.29 1446.98 1.464 1517.733 -1.3830991150706522 1.0
17.0 1.0 Car -1.0 -1.0 -1.0 -1.0 -1.0 -1.0 -1.0 1.983 1.743 4.979 1448.761 0.901 1484.896 1.960566064644857 1.0
17.0 3.0 Bus -1.0 -1.0 -1.0 -1.0 -1.0 -1.0 -1.0 3.455 3.79 12.923 1489.662 3.034 1439.116 2.5694752609105356 1.0
17.0 2.0 Bus -1.0 -1.0 -1.0 -1.0 -1.0 -1.0 -1.0 2.964 3.31 12.29 1446.987 1.489 1517.63 -1.3874621414204702 1.0
18.0 1.0 Car -1.0 -1.0 -1.0 -1.0 -1.0 -1.0 -1.0 1.983 1.743 4.979 1447.836 0.918 1487.14 1.9235803745562912 1.0
18.0 0.0 Car -1.0 -1.0 -1.0 -1.0 -1.0 -1.0 -1.0 2.141 1.91 4.991 1388.714 1.118 1568.514 2.698049407903916 0.0
18.0 3.0 Bus -1.0 -1.0 -1.0 -1.0 -1.0 -1.0 -1.0 3.455 3.79 12.923 1486.469 2.859 1441.18 2.5520204320799014 1.0
18.0 2.0 Bus -1.0 -1.0 -1.0 -1.0 -1.0 -1.0 -1.0 2.964 3.31 12.29 1447.04 1.589 1517.277 -1.3918255518387403 1.0
19.0 1.0 Car -1.0 -1.0 -1.0 -1.0 -1.0 -1.0 -1.0 1.983 1.743 4.979 1446.998 0.953 1489.355 1.9003568547927459 1.0
19.0 0.0 Car -1.0 -1.0 -1.0 -1.0 -1.0 -1.0 -1.0 2.141 1.91 4.991 1385.433 1.198 1569.848 2.692892696742665 0.0
19.0 3.0 Bus -1.0 -1.0 -1.0 -1.0 -1.0 -1.0 -1.0 3.455 3.79 12.923 1483.293 2.934 1443.339 2.536307084156793 1.0
19.0 2.0 Bus -1.0 -1.0 -1.0 -1.0 -1.0 -1.0 -1.0 2.964 3.31 12.29 1447.063 1.589 1517.091 -1.3961935885360983 1.0
20.0 1.0 Car -1.0 -1.0 -1.0 -1.0 -1.0 -1.0 -1.0 1.983 1.743 4.979 1446.252 1.038 1491.614 1.859648950685345 1.0
20.0 0.0 Car -1.0 -1.0 -1.0 -1.0 -1.0 -1.0 -1.0 2.141 1.91 4.991 1382.176 1.279 1571.23 2.68774148838161 0.0
20.0 3.0 Bus -1.0 -1.0 -1.0 -1.0 -1.0 -1.0 -1.0 3.455 3.79 12.923 1480.12 3.008 1445.495 2.520610504171878 1.0
20.0 2.0 Bus -1.0 -1.0 -1.0 -1.0 -1.0 -1.0 -1.0 2.964 3.31 12.29 1447.128 1.739 1516.682 -1.4310875389588922 1.0
21.0 1.0 Car -1.0 -1.0 -1.0 -1.0 -1.0 -1.0 -1.0 1.983 1.743 4.979 1445.451 0.998 1494.161 1.8421956581654013 1.0
21.0 0.0 Car -1.0 -1.0 -1.0 -1.0 -1.0 -1.0 -1.0 2.141 1.91 4.991 1378.926 1.36 1572.638 2.6825845608181043 1.0
21.0 3.0 Bus -1.0 -1.0 -1.0 -1.0 -1.0 -1.0 -1.0 3.455 3.79 12.923 1477.045 3.083 1447.798 2.4990764948523756 1.0
21.0 2.0 Bus -1.0 -1.0 -1.0 -1.0 -1.0 -1.0 -1.0 2.964 3.31 12.29 1447.012 1.489 1516.245 -1.448566938367191 1.0
22.0 1.0 Car -1.0 -1.0 -1.0 -1.0 -1.0 -1.0 -1.0 1.983 1.743 4.979 1444.608 0.934 1497.175 1.820164464756509 1.0
22.0 0.0 Car -1.0 -1.0 -1.0 -1.0 -1.0 -1.0 -1.0 2.141 1.91 4.991 1375.685 1.44 1574.058 2.6774334761154805 1.0
22.0 3.0 Bus -1.0 -1.0 -1.0 -1.0 -1.0 -1.0 -1.0 3.455 3.79 12.923 1473.974 3.158 1450.098 2.4775668838241316 0.0
22.0 2.0 Bus -1.0 -1.0 -1.0 -1.0 -1.0 -1.0 -1.0 2.964 3.31 12.29 1446.994 1.464 1515.824 -1.4834466563998525 1.0
23.0 1.0 Car -1.0 -1.0 -1.0 -1.0 -1.0 -1.0 -1.0 1.983 1.743 4.979 1443.953 0.971 1500.063 1.798127987065509 1.0
23.0 0.0 Car -1.0 -1.0 -1.0 -1.0 -1.0 -1.0 -1.0 2.141 1.91 4.991 1372.443 1.521 1575.485 2.6722764455032815 1.0
23.0 3.0 Bus -1.0 -1.0 -1.0 -1.0 -1.0 -1.0 -1.0 3.455 3.79 12.923 1471.007 3.233 1452.537 2.447300676960241 0.0
23.0 2.0 Bus -1.0 -1.0 -1.0 -1.0 -1.0 -1.0 -1.0 2.964 3.31 12.29 1446.961 1.439 1515.404 -1.5183666361757002 1.0
24.0 1.0 Car -1.0 -1.0 -1.0 -1.0 -1.0 -1.0 -1.0 1.983 1.743 4.979 1443.286 0.957 1503.301 1.7760968852386292 1.0
24.0 0.0 Car -1.0 -1.0 -1.0 -1.0 -1.0 -1.0 -1.0 2.141 1.91 4.991 1369.207 1.601 1576.914 2.667125463849351 1.0
24.0 3.0 Bus -1.0 -1.0 -1.0 -1.0 -1.0 -1.0 -1.0 3.455 3.79 12.923 1468.73 3.307 1454.787 2.3949407994004113 0.0
24.0 2.0 Bus -1.0 -1.0 -1.0 -1.0 -1.0 -1.0 -1.0 2.964 3.31 12.29 1446.83 1.532 1514.97 -1.5532732212155862 0.0
25.0 1.0 Car -1.0 -1.0 -1.0 -1.0 -1.0 -1.0 -1.0 1.983 1.743 4.979 1442.727 0.903 1506.388 1.748767895523085 1.0
25.0 0.0 Car -1.0 -1.0 -1.0 -1.0 -1.0 -1.0 -1.0 2.141 1.91 4.991 1366.296 1.674 1578.2 2.662492775900777 1.0
25.0 3.0 Bus -1.0 -1.0 -1.0 -1.0 -1.0 -1.0 -1.0 3.455 3.79 12.923 1466.605 3.351 1456.75 2.371097184758179 0.0
25.0 2.0 Bus -1.0 -1.0 -1.0 -1.0 -1.0 -1.0 -1.0 2.964 3.31 12.29 1446.755 1.523 1514.596 -1.6230863912953588 0.0
26.0 1.0 Car -1.0 -1.0 -1.0 -1.0 -1.0 -1.0 -1.0 1.983 1.743 4.979 1442.121 0.893 1509.834 1.7552280788512256 1.0
26.0 0.0 Car -1.0 -1.0 -1.0 -1.0 -1.0 -1.0 -1.0 2.141 1.91 4.991 1363.057 1.755 1579.633 2.657335910166487 1.0
26.0 3.0 Bus -1.0 -1.0 -1.0 -1.0 -1.0 -1.0 -1.0 3.455 3.79 12.923 1464.641 3.35 1458.714 2.3425809218405815 0.0
26.0 2.0 Bus -1.0 -1.0 -1.0 -1.0 -1.0 -1.0 -1.0 2.964 3.31 12.29 1446.491 1.858 1513.747 -1.675446268855188 0.0
27.0 1.0 Car -1.0 -1.0 -1.0 -1.0 -1.0 -1.0 -1.0 1.983 1.743 4.979 1441.421 0.977 1513.602 1.7605950801442742 1.0
27.0 0.0 Car -1.0 -1.0 -1.0 -1.0 -1.0 -1.0 -1.0 2.141 1.91 4.991 1359.495 1.843 1581.209 2.6516662329172966 1.0
27.0 3.0 Bus -1.0 -1.0 -1.0 -1.0 -1.0 -1.0 -1.0 3.455 3.79 12.923 1463.171 3.255 1460.33 2.3272418305100313 0.0
27.0 2.0 Bus -1.0 -1.0 -1.0 -1.0 -1.0 -1.0 -1.0 2.964 3.31 12.29 1446.421 1.899 1512.904 -1.7103528538950745 0.0
28.0 1.0 Car -1.0 -1.0 -1.0 -1.0 -1.0 -1.0 -1.0 1.983 1.743 4.979 1440.721 1.017 1516.995 1.7955016651841609 0.0
28.0 0.0 Car -1.0 -1.0 -1.0 -1.0 -1.0 -1.0 -1.0 2.141 1.91 4.991 1356.26 1.924 1582.641 2.6465146226663396 0.0
28.0 3.0 Bus -1.0 -1.0 -1.0 -1.0 -1.0 -1.0 -1.0 3.455 3.79 12.923 1461.529 3.355 1462.239 2.2741743221339803 0.0
28.0 2.0 Bus -1.0 -1.0 -1.0 -1.0 -1.0 -1.0 -1.0 2.964 3.31 12.29 1446.25 1.853 1511.99 -1.7278061464150174 0.0
29.0 1.0 Car -1.0 -1.0 -1.0 -1.0 -1.0 -1.0 -1.0 1.983 1.743 4.979 1439.847 1.007 1520.249 1.8518479123516798 0.0
29.0 0.0 Car -1.0 -1.0 -1.0 -1.0 -1.0 -1.0 -1.0 2.141 1.91 4.991 1353.024 2.004 1584.072 2.641363836804925 0.0
29.0 3.0 Bus -1.0 -1.0 -1.0 -1.0 -1.0 -1.0 -1.0 3.455 3.79 12.923 1460.412 3.356 1463.66 2.2647454125380952 0.0
29.0 2.0 Bus -1.0 -1.0 -1.0 -1.0 -1.0 -1.0 -1.0 2.964 3.31 12.29 1445.869 1.945 1510.771 -1.7627127314549036 0.0
30.0 1.0 Car -1.0 -1.0 -1.0 -1.0 -1.0 -1.0 -1.0 1.983 1.743 4.979 1438.79 0.997 1523.448 1.9081984432047623 0.0
30.0 0.0 Car -1.0 -1.0 -1.0 -1.0 -1.0 -1.0 -1.0 2.141 1.91 4.991 1348.545 2.084 1586.965 2.5648399237962582 0.0
30.0 3.0 Bus -1.0 -1.0 -1.0 -1.0 -1.0 -1.0 -1.0 3.455 3.79 12.923 1459.443 3.556 1464.971 2.237861166720921 0.0
30.0 2.0 Bus -1.0 -1.0 -1.0 -1.0 -1.0 -1.0 -1.0 2.964 3.31 12.29 1445.672 2.238 1509.641 -1.7617981751568559 0.0
31.0 1.0 Car -1.0 -1.0 -1.0 -1.0 -1.0 -1.0 -1.0 1.983 1.743 4.979 1437.686 0.988 1526.274 1.958937458697426 0.0
31.0 0.0 Car -1.0 -1.0 -1.0 -1.0 -1.0 -1.0 -1.0 2.141 1.91 4.991 1344.647 2.155 1589.766 2.5465582764847428 0.0
31.0 3.0 Bus -1.0 -1.0 -1.0 -1.0 -1.0 -1.0 -1.0 3.455 3.79 12.923 1458.688 3.366 1465.913 2.226077885254776 0.0
31.0 2.0 Bus -1.0 -1.0 -1.0 -1.0 -1.0 -1.0 -1.0 2.964 3.31 12.29 1445.548 2.312 1508.444 -1.7278061464150174 0.0
32.0 1.0 Car -1.0 -1.0 -1.0 -1.0 -1.0 -1.0 -1.0 1.983 1.743 4.979 1436.28 0.977 1529.455 2.002175699801437 0.0
32.0 0.0 Car -1.0 -1.0 -1.0 -1.0 -1.0 -1.0 -1.0 2.141 1.91 4.991 1339.717 2.243 1592.96 2.536664600314419 0.0
32.0 3.0 Bus -1.0 -1.0 -1.0 -1.0 -1.0 -1.0 -1.0 3.455 3.79 12.923 1457.795 3.291 1467.089 2.2116740286306253 0.0
32.0 2.0 Bus -1.0 -1.0 -1.0 -1.0 -1.0 -1.0 -1.0 2.964 3.31 12.29 1445.541 2.274 1506.894 -1.6928995613751312 0.0
33.0 1.0 Car -1.0 -1.0 -1.0 -1.0 -1.0 -1.0 -1.0 1.983 1.743 4.979 1434.821 1.027 1532.266 2.089130276927743 0.0
33.0 0.0 Car -1.0 -1.0 -1.0 -1.0 -1.0 -1.0 -1.0 2.141 1.91 4.991 1335.358 2.322 1596.045 2.5017374966453785 0.0
33.0 3.0 Bus -1.0 -1.0 -1.0 -1.0 -1.0 -1.0 -1.0 3.455 3.79 12.923 1456.983 3.223 1468.159 2.1985725665233686 0.0
33.0 2.0 Bus -1.0 -1.0 -1.0 -1.0 -1.0 -1.0 -1.0 2.964 3.31 12.29 1445.556 2.294 1505.432 -1.6230863912953588 0.0
34.0 1.0 Car -1.0 -1.0 -1.0 -1.0 -1.0 -1.0 -1.0 1.983 1.743 4.979 1433.128 1.077 1534.933 2.1758845175027655 0.0
34.0 0.0 Car -1.0 -1.0 -1.0 -1.0 -1.0 -1.0 -1.0 2.141 1.91 4.991 1330.637 2.626 1599.697 2.493015854912476 0.0
34.0 2.0 Bus -1.0 -1.0 -1.0 -1.0 -1.0 -1.0 -1.0 2.964 3.31 12.29 1445.727 2.314 1503.746 -1.5183666361757002 0.0
35.0 1.0 Car -1.0 -1.0 -1.0 -1.0 -1.0 -1.0 -1.0 1.983 1.743 4.979 1431.286 1.076 1537.459 2.200269926675484 0.0
35.0 0.0 Car -1.0 -1.0 -1.0 -1.0 -1.0 -1.0 -1.0 2.141 1.91 4.991 1325.91 2.931 1603.354 2.4842842041254354 0.0
35.0 2.0 Bus -1.0 -1.0 -1.0 -1.0 -1.0 -1.0 -1.0 2.964 3.31 12.29 1445.725 2.534 1501.943 -1.500913343655757 0.0
36.0 1.0 Car -1.0 -1.0 -1.0 -1.0 -1.0 -1.0 -1.0 1.983 1.743 4.979 1429.272 1.081 1539.968 2.284547581367459 0.0
36.0 0.0 Car -1.0 -1.0 -1.0 -1.0 -1.0 -1.0 -1.0 2.141 1.91 4.991 1321.318 3.06 1606.789 2.5191709465493526 0.0
37.0 1.0 Car -1.0 -1.0 -1.0 -1.0 -1.0 -1.0 -1.0 1.983 1.743 4.979 1427.051 1.086 1542.301 2.3689211056660904 0.0
37.0 0.0 Car -1.0 -1.0 -1.0 -1.0 -1.0 -1.0 -1.0 2.141 1.91 4.991 1316.604 3.19 1610.066 2.5540973742052087 0.0
38.0 1.0 Car -1.0 -1.0 -1.0 -1.0 -1.0 -1.0 -1.0 1.983 1.743 4.979 1424.522 0.966 1544.629 2.4487491620674646 0.0
38.0 0.0 Car -1.0 -1.0 -1.0 -1.0 -1.0 -1.0 -1.0 2.141 1.91 4.991 1312.359 3.112 1612.894 2.5540973742052087 0.0
39.0 1.0 Car -1.0 -1.0 -1.0 -1.0 -1.0 -1.0 -1.0 1.983 1.743 4.979 1421.729 0.796 1546.877 2.498091794320435 0.0
39.0 0.0 Car -1.0 -1.0 -1.0 -1.0 -1.0 -1.0 -1.0 2.141 1.91 4.991 1308.118 3.035 1615.72 2.5540973742052087 0.0
