0.0 1.0 Car -1.0 -1.0 -1.0 -1.0 -1.0 -1.0 -1.0 1.876 1.851 4.531 768.484 1.888 1551.289 2.954509938403004 0.0
0.0 0.0 Car -1.0 -1.0 -1.0 -1.0 -1.0 -1.0 -1.0 1.961 1.74 4.434 758.105 1.172 1551.59 3.1042033376880873 0.0
1.0 1.0 Car -1.0 -1.0 -1.0 -1.0 -1.0 -1.0 -1.0 1.876 1.851 4.531 765.769 1.781 1551.634 3.0243971274674286 1.0
1.0 0.0 Car -1.0 -1.0 -1.0 -1.0 -1.0 -1.0 -1.0 1.961 1.74 4.434 755.486 1.102 1551.428 -3.0916229831609687 1.0
2.0 1.0 Car -1.0 -1.0 -1.0 -1.0 -1.0 -1.0 -1.0 1.876 1.851 4.531 763.042 1.674 1551.788 3.0941320888087027 1.0
2.0 0.0 Car -1.0 -1.0 -1.0 -1.0 -1.0 -1.0 -1.0 1.961 1.74 4.434 752.896 1.031 1551.04 -3.004454281484376 1.0
3.0 1.0 Car -1.0 -1.0 -1.0 -1.0 -1.0 -1.0 -1.0 1.876 1.851 4.531 760.308 1.568 1551.752 -3.119235858537263 1.0
3.0 0.0 Car -1.0 -1.0 -1.0 -1.0 -1.0 -1.0 -1.0 1.961 1.74 4.434 750.347 0.961 1550.427 -2.9171825816923493 1.0
4.0 1.0 Car -1.0 -1.0 -1.0 -1.0 -1.0 -1.0 -1.0 1.876 1.851 4.531 757.563 1.461 1551.561 -3.0756028891101166 1.0
4.0 0.0 Car -1.0 -1.0 -1.0 -1.0 -1.0 -1.0 -1.0 1.961 1.74 4.434 748.281 0.923 1549.865 -2.8997293939214908 1.0
5.0 1.0 Car -1.0 -1.0 -1.0 -1.0 -1.0 -1.0 -1.0 1.876 1.851 4.531 754.829 1.354 1551.251 -3.031969395937546 1.0
5.0 0.0 Car -1.0 -1.0 -1.0 -1.0 -1.0 -1.0 -1.0 1.961 1.74 4.434 746.215 0.886 1549.303 -2.8822759966524627 1.0
6.0 1.0 Car -1.0 -1.0 -1.0 -1.0 -1.0 -1.0 -1.0 1.876 1.851 4.531 752.4 1.173 1550.802 -2.9584946587003014 0.0
6.0 0.0 Car -1.0 -1.0 -1.0 -1.0 -1.0 -1.0 -1.0 1.961 1.74 4.434 744.146 0.749 1548.74 -2.817985601569873 0.0
7.0 1.0 Car -1.0 -1.0 -1.0 -1.0 -1.0 -1.0 -1.0 1.876 1.851 4.531 750.247 0.864 1550.247 -2.892343055777999 0.0
7.0 0.0 Car -1.0 -1.0 -1.0 -1.0 -1.0 -1.0 -1.0 1.961 1.74 4.434 742.318 0.625 1548.121 -2.7601029490128592 0.0
8.0 1.0 Car -1.0 -1.0 -1.0 -1.0 -1.0 -1.0 -1.0 1.876 1.851 4.531 748.036 0.649 1549.672 -2.874062982400463 0.0
8.0 0.0 Car -1.0 -1.0 -1.0 -1.0 -1.0 -1.0 -1.0 1.961 1.74 4.434 740.125 0.503 1546.998 -2.7121176260969704 0.0
9.0 1.0 Car -1.0 -1.0 -1.0 -1.0 -1.0 -1.0 -1.0 1.876 1.851 4.531 746.025 0.599 1549.149 -2.857436470738113 0.0
9.0 0.0 Car -1.0 -1.0 -1.0 -1.0 -1.0 -1.0 -1.0 1.961 1.74 4.434 738.179 0.392 1545.885 -2.668472914469984 0.0
10.0 1.0 Car -1.0 -1.0 -1.0 -1.0 -1.0 -1.0 -1.0 1.876 1.851 4.531 744.154 0.469 1548.507 -2.83124453175407 0.0
10.0 0.0 Car -1.0 -1.0 -1.0 -1.0 -1.0 -1.0 -1.0 1.961 1.74 4.434 736.284 0.281 1544.69 -2.6248371077355235 0.0
11.0 1.0 Car -1.0 -1.0 -1.0 -1.0 -1.0 -1.0 -1.0 1.876 1.851 4.531 742.302 0.439 1547.817 -2.8050765931782826 0.0
11.0 0.0 Car -1.0 -1.0 -1.0 -1.0 -1.0 -1.0 -1.0 1.961 1.74 4.434 734.445 0.17 1543.413 -2.581241285714559 0.0
12.0 1.0 Car -1.0 -1.0 -1.0 -1.0 -1.0 -1.0 -1.0 1.876 1.851 4.531 740.539 0.339 1547.101 -2.7701700081383964 0.0
12.0 0.0 Car -1.0 -1.0 -1.0 -1.0 -1.0 -1.0 -1.0 1.961 1.74 4.434 732.661 0.059 1542.057 -2.5376039075284758 0.0
13.0 1.0 Car -1.0 -1.0 -1.0 -1.0 -1.0 -1.0 -1.0 1.876 1.851 4.531 739.138 0.244 1546.468 -2.7536389300359323 0.0
13.0 0.0 Car -1.0 -1.0 -1.0 -1.0 -1.0 -1.0 -1.0 1.961 1.74 4.434 731.107 -0.041 1540.77 -2.4983035612137123 0.0
14.0 1.0 Car -1.0 -1.0 -1.0 -1.0 -1.0 -1.0 -1.0 1.876 1.851 4.531 737.581 0.244 1545.764 -2.7352634230985093 0.0
14.0 0.0 Car -1.0 -1.0 -1.0 -1.0 -1.0 -1.0 -1.0 1.961 1.74 4.434 729.342 -0.152 1538.912 -2.314080171167517 0.0
15.0 1.0 Car -1.0 -1.0 -1.0 -1.0 -1.0 -1.0 -1.0 1.876 1.851 4.531 736.254 0.118 1545.113 -2.6933756884601237 0.0
15.0 0.0 Car -1.0 -1.0 -1.0 -1.0 -1.0 -1.0 -1.0 1.961 1.74 4.434 728.194 -0.241 1537.213 -2.1666910033347935 0.0
16.0 1.0 Car -1.0 -1.0 -1.0 -1.0 -1.0 -1.0 -1.0 1.876 1.851 4.531 734.317 0.025 1544.034 -2.6305436679788508 0.0
16.0 0.0 Car -1.0 -1.0 -1.0 -1.0 -1.0 -1.0 -1.0 1.961 1.74 4.434 726.647 -0.243 1534.426 -2.1208762916655246 0.0
17.0 1.0 Car -1.0 -1.0 -1.0 -1.0 -1.0 -1.0 -1.0 1.876 1.851 4.531 732.685 -0.013 1542.863 -2.4997659377623216 0.0
17.0 0.0 Car -1.0 -1.0 -1.0 -1.0 -1.0 -1.0 -1.0 1.961 1.74 4.434 725.457 -0.245 1532.055 -2.0827381692480134 0.0
