0.0 9.0 Car -1.0 -1.0 -1.0 -1.0 -1.0 -1.0 -1.0 1.782 1.611 4.287 475.712 1.32 1096.389 -0.7152533807599247 0.0
0.0 1.0 Car -1.0 -1.0 -1.0 -1.0 -1.0 -1.0 -1.0 2.026 1.537 4.28 468.097 1.185 1070.607 2.6940029668931764 0.0
0.0 5.0 Bus -1.0 -1.0 -1.0 -1.0 -1.0 -1.0 -1.0 2.871 3.227 10.25 413.158 2.771 1094.833 2.6935491813097427 0.0
0.0 10.0 Car -1.0 -1.0 -1.0 -1.0 -1.0 -1.0 -1.0 1.921 1.905 4.088 425.425 2.247 1085.568 2.701612602586061 0.0
1.0 9.0 Car -1.0 -1.0 -1.0 -1.0 -1.0 -1.0 -1.0 1.782 1.611 4.287 476.479 1.268 1095.516 -0.8215503262587293 1.0
1.0 1.0 Car -1.0 -1.0 -1.0 -1.0 -1.0 -1.0 -1.0 2.026 1.537 4.28 462.509 1.185 1073.293 2.589283211773517 1.0
1.0 5.0 Bus -1.0 -1.0 -1.0 -1.0 -1.0 -1.0 -1.0 2.871 3.227 10.25 413.043 2.75 1094.848 2.6935491813097427 0.0
1.0 10.0 Car -1.0 -1.0 -1.0 -1.0 -1.0 -1.0 -1.0 1.921 1.905 4.088 423.256 2.297 1086.628 2.7198927786357263 1.0
2.0 9.0 Car -1.0 -1.0 -1.0 -1.0 -1.0 -1.0 -1.0 1.782 1.611 4.287 476.93 1.246 1094.963 -0.9126849545834803 1.0
2.0 1.0 Car -1.0 -1.0 -1.0 -1.0 -1.0 -1.0 -1.0 2.026 1.537 4.28 458.266 1.304 1075.599 2.6056393402260807 1.0
2.0 5.0 Bus -1.0 -1.0 -1.0 -1.0 -1.0 -1.0 -1.0 2.871 3.227 10.25 412.939 2.731 1094.861 2.6935491813097427 0.0
2.0 10.0 Car -1.0 -1.0 -1.0 -1.0 -1.0 -1.0 -1.0 1.921 1.905 4.088 421.415 2.297 1087.421 2.719065895106004 1.0
3.0 9.0 Car -1.0 -1.0 -1.0 -1.0 -1.0 -1.0 -1.0 1.782 1.611 4.287 477.068 1.224 1094.877 -0.8991221776831901 1.0
3.0 1.0 Car -1.0 -1.0 -1.0 -1.0 -1.0 -1.0 -1.0 2.026 1.537 4.28 454.019 1.423 1077.906 2.6220126137417568 1.0
3.0 5.0 Bus -1.0 -1.0 -1.0 -1.0 -1.0 -1.0 -1.0 2.871 3.227 10.25 412.835 2.712 1094.875 2.6935491813097427 1.0
3.0 10.0 Car -1.0 -1.0 -1.0 -1.0 -1.0 -1.0 -1.0 1.921 1.905 4.088 419.8 2.287 1088.301 2.6857382817575965 1.0
4.0 9.0 Car -1.0 -1.0 -1.0 -1.0 -1.0 -1.0 -1.0 1.782 1.611 4.287 477.367 1.117 1094.565 -0.9770527685590711 0.0
4.0 1.0 Car -1.0 -1.0 -1.0 -1.0 -1.0 -1.0 -1.0 2.026 1.537 4.28 448.781 1.566 1080.885 2.6416430893333467 0.0
4.0 5.0 Bus -1.0 -1.0 -1.0 -1.0 -1.0 -1.0 -1.0 2.871 3.227 10.25 413.281 3.129 1095.66 2.6977359575442525 0.0
4.0 10.0 Car -1.0 -1.0 -1.0 -1.0 -1.0 -1.0 -1.0 1.921 1.905 4.088 417.983 2.497 1089.714 2.701612602586061 0.0
4.0 0.0 Car -1.0 -1.0 -1.0 -1.0 -1.0 -1.0 -1.0 1.905 1.699 4.438 516.176 1.308 1047.186 2.695975189195453 0.0
5.0 2.0 Bus -1.0 -1.0 -1.0 -1.0 -1.0 -1.0 -1.0 2.785 3.583 10.19 525.835 -0.375 1083.598 -2.2665718329173825 0.0
5.0 9.0 Car -1.0 -1.0 -1.0 -1.0 -1.0 -1.0 -1.0 1.782 1.611 4.287 477.47 1.179 1094.088 -1.0863970867687476 0.0
5.0 1.0 Car -1.0 -1.0 -1.0 -1.0 -1.0 -1.0 -1.0 2.026 1.537 4.28 444.675 1.866 1082.826 2.6444124339060164 0.0
5.0 5.0 Bus -1.0 -1.0 -1.0 -1.0 -1.0 -1.0 -1.0 2.871 3.227 10.25 413.109 3.427 1095.286 2.7012283466949096 0.0
5.0 10.0 Car -1.0 -1.0 -1.0 -1.0 -1.0 -1.0 -1.0 1.921 1.905 4.088 416.716 3.061 1090.157 2.7384715141285048 0.0
5.0 3.0 Car -1.0 -1.0 -1.0 -1.0 -1.0 -1.0 -1.0 1.978 1.687 4.137 553.692 -0.754 1033.896 2.703200852183281 0.0
5.0 0.0 Car -1.0 -1.0 -1.0 -1.0 -1.0 -1.0 -1.0 1.905 1.699 4.438 511.447 1.021 1049.12 2.713428481715396 0.0
6.0 2.0 Bus -1.0 -1.0 -1.0 -1.0 -1.0 -1.0 -1.0 2.785 3.583 10.19 525.524 -0.059 1083.069 -2.2665718329173825 1.0
6.0 9.0 Car -1.0 -1.0 -1.0 -1.0 -1.0 -1.0 -1.0 1.782 1.611 4.287 477.531 1.228 1093.555 -1.159798489984368 1.0
6.0 1.0 Car -1.0 -1.0 -1.0 -1.0 -1.0 -1.0 -1.0 2.026 1.537 4.28 441.394 2.106 1084.376 2.6466245517499054 1.0
6.0 5.0 Bus -1.0 -1.0 -1.0 -1.0 -1.0 -1.0 -1.0 2.871 3.227 10.25 412.941 4.096 1094.912 2.721471316033772 1.0
6.0 10.0 Car -1.0 -1.0 -1.0 -1.0 -1.0 -1.0 -1.0 1.921 1.905 4.088 415.667 3.601 1090.429 2.7539724801458907 1.0
6.0 3.0 Car -1.0 -1.0 -1.0 -1.0 -1.0 -1.0 -1.0 1.978 1.687 4.137 548.286 0.063 1036.369 2.7381074372231677 1.0
6.0 0.0 Car -1.0 -1.0 -1.0 -1.0 -1.0 -1.0 -1.0 1.905 1.699 4.438 507.176 0.991 1051.233 2.7211790766505137 1.0
7.0 2.0 Bus -1.0 -1.0 -1.0 -1.0 -1.0 -1.0 -1.0 2.785 3.583 10.19 524.83 0.675 1082.044 -2.2665718329173825 0.0
7.0 9.0 Car -1.0 -1.0 -1.0 -1.0 -1.0 -1.0 -1.0 1.782 1.611 4.287 477.577 1.37 1092.9 -1.2516871286843683 0.0
7.0 1.0 Car -1.0 -1.0 -1.0 -1.0 -1.0 -1.0 -1.0 2.026 1.537 4.28 437.32 1.861 1086.455 2.6765496743732333 0.0
7.0 5.0 Bus -1.0 -1.0 -1.0 -1.0 -1.0 -1.0 -1.0 2.871 3.227 10.25 413.713 3.157 1094.784 2.707510321945104 0.0
7.0 10.0 Car -1.0 -1.0 -1.0 -1.0 -1.0 -1.0 -1.0 1.921 1.905 4.088 414.311 2.693 1090.856 2.7539724801458907 0.0
7.0 3.0 Car -1.0 -1.0 -1.0 -1.0 -1.0 -1.0 -1.0 1.978 1.687 4.137 541.649 1.399 1039.758 2.7381074372231677 0.0
7.0 0.0 Car -1.0 -1.0 -1.0 -1.0 -1.0 -1.0 -1.0 1.905 1.699 4.438 501.757 1.516 1053.72 2.713428481715396 0.0
8.0 2.0 Bus -1.0 -1.0 -1.0 -1.0 -1.0 -1.0 -1.0 2.785 3.583 10.19 524.124 1.375 1080.489 -2.240377577962859 0.0
8.0 9.0 Car -1.0 -1.0 -1.0 -1.0 -1.0 -1.0 -1.0 1.782 1.611 4.287 477.617 1.512 1092.471 -1.4133850815576487 0.0
8.0 1.0 Car -1.0 -1.0 -1.0 -1.0 -1.0 -1.0 -1.0 2.026 1.537 4.28 433.808 1.818 1087.869 2.6590963818532902 0.0
8.0 5.0 Bus -1.0 -1.0 -1.0 -1.0 -1.0 -1.0 -1.0 2.871 3.227 10.25 412.981 3.018 1094.976 2.7110024738296863 0.0
8.0 10.0 Car -1.0 -1.0 -1.0 -1.0 -1.0 -1.0 -1.0 1.921 1.905 4.088 413.053 2.679 1091.311 2.7539724801458907 0.0
8.0 3.0 Car -1.0 -1.0 -1.0 -1.0 -1.0 -1.0 -1.0 1.978 1.687 4.137 535.012 0.985 1043.146 2.7381074372231677 0.0
8.0 0.0 Car -1.0 -1.0 -1.0 -1.0 -1.0 -1.0 -1.0 1.905 1.699 4.438 496.573 1.141 1055.946 2.722159900033571 0.0
9.0 2.0 Bus -1.0 -1.0 -1.0 -1.0 -1.0 -1.0 -1.0 2.785 3.583 10.19 522.904 1.175 1079.346 -2.214211955357553 0.0
9.0 9.0 Car -1.0 -1.0 -1.0 -1.0 -1.0 -1.0 -1.0 1.782 1.611 4.287 477.521 1.52 1092.047 -1.4679176858003544 0.0
9.0 1.0 Car -1.0 -1.0 -1.0 -1.0 -1.0 -1.0 -1.0 2.026 1.537 4.28 431.116 1.907 1089.542 2.6300075415893858 0.0
9.0 5.0 Bus -1.0 -1.0 -1.0 -1.0 -1.0 -1.0 -1.0 2.871 3.227 10.25 413.074 3.08 1094.921 2.7110024738296863 0.0
9.0 10.0 Car -1.0 -1.0 -1.0 -1.0 -1.0 -1.0 -1.0 1.921 1.905 4.088 411.968 2.682 1091.653 2.756886246139972 0.0
9.0 3.0 Car -1.0 -1.0 -1.0 -1.0 -1.0 -1.0 -1.0 1.978 1.687 4.137 529.563 0.772 1045.455 2.7381074372231677 0.0
9.0 0.0 Car -1.0 -1.0 -1.0 -1.0 -1.0 -1.0 -1.0 1.905 1.699 4.438 491.344 1.016 1058.058 2.7308817742353395 0.0
10.0 2.0 Bus -1.0 -1.0 -1.0 -1.0 -1.0 -1.0 -1.0 2.785 3.583 10.19 522.194 1.175 1077.752 -2.12694261225885 0.0
10.0 9.0 Car -1.0 -1.0 -1.0 -1.0 -1.0 -1.0 -1.0 1.782 1.611 4.287 477.596 1.478 1091.468 -1.5224549290728981 0.0
10.0 1.0 Car -1.0 -1.0 -1.0 -1.0 -1.0 -1.0 -1.0 2.026 1.537 4.28 428.303 1.997 1090.98 2.6532793761146936 0.0
10.0 8.0 Car -1.0 -1.0 -1.0 -1.0 -1.0 -1.0 -1.0 1.601 1.712 3.864 370.978 2.893 1125.323 -0.40397390866426613 0.0
10.0 5.0 Bus -1.0 -1.0 -1.0 -1.0 -1.0 -1.0 -1.0 2.871 3.227 10.25 413.168 3.141 1094.867 2.7110024738296863 0.0
10.0 10.0 Car -1.0 -1.0 -1.0 -1.0 -1.0 -1.0 -1.0 1.921 1.905 4.088 410.884 2.685 1091.994 2.7598001228848483 0.0
10.0 4.0 Car -1.0 -1.0 -1.0 -1.0 -1.0 -1.0 -1.0 1.913 1.714 4.563 512.497 1.116 1048.533 2.7339710069964465 0.0
10.0 3.0 Car -1.0 -1.0 -1.0 -1.0 -1.0 -1.0 -1.0 1.978 1.687 4.137 522.121 0.758 1048.569 2.7381074372231677 0.0
10.0 0.0 Car -1.0 -1.0 -1.0 -1.0 -1.0 -1.0 -1.0 1.905 1.699 4.438 486.201 1.066 1060.101 2.7308817742353395 0.0
11.0 2.0 Bus -1.0 -1.0 -1.0 -1.0 -1.0 -1.0 -1.0 2.785 3.583 10.19 521.625 1.175 1076.102 -2.0396790301581222 0.0
11.0 9.0 Car -1.0 -1.0 -1.0 -1.0 -1.0 -1.0 -1.0 1.782 1.611 4.287 477.533 1.385 1090.733 -1.6293438410377112 0.0
11.0 1.0 Car -1.0 -1.0 -1.0 -1.0 -1.0 -1.0 -1.0 2.026 1.537 4.28 425.49 2.086 1092.417 2.6765496743732333 0.0
11.0 8.0 Car -1.0 -1.0 -1.0 -1.0 -1.0 -1.0 -1.0 1.601 1.712 3.864 373.432 3.156 1124.693 -0.4214364414328331 0.0
11.0 5.0 Bus -1.0 -1.0 -1.0 -1.0 -1.0 -1.0 -1.0 2.871 3.227 10.25 413.18 3.202 1094.85 2.7110024738296863 0.0
11.0 10.0 Car -1.0 -1.0 -1.0 -1.0 -1.0 -1.0 -1.0 1.921 1.905 4.088 409.96 2.838 1092.539 2.762712986778798 0.0
11.0 4.0 Car -1.0 -1.0 -1.0 -1.0 -1.0 -1.0 -1.0 1.913 1.714 4.563 506.185 0.882 1051.262 2.6990644219565603 0.0
11.0 3.0 Car -1.0 -1.0 -1.0 -1.0 -1.0 -1.0 -1.0 1.978 1.687 4.137 514.47 0.644 1051.771 2.7381074372231677 0.0
11.0 0.0 Car -1.0 -1.0 -1.0 -1.0 -1.0 -1.0 -1.0 1.905 1.699 4.438 481.336 1.066 1062.22 2.7308817742353395 0.0
12.0 2.0 Bus -1.0 -1.0 -1.0 -1.0 -1.0 -1.0 -1.0 2.785 3.583 10.19 521.279 1.175 1074.989 -1.9570239393884912 0.0
12.0 9.0 Car -1.0 -1.0 -1.0 -1.0 -1.0 -1.0 -1.0 1.782 1.611 4.287 477.425 1.343 1090.131 -1.7544880065252493 0.0
12.0 1.0 Car -1.0 -1.0 -1.0 -1.0 -1.0 -1.0 -1.0 2.026 1.537 4.28 423.154 2.193 1093.582 2.6940029668931764 0.0
12.0 8.0 Car -1.0 -1.0 -1.0 -1.0 -1.0 -1.0 -1.0 1.601 1.712 3.864 375.882 3.418 1124.063 -0.43888049370415283 0.0
12.0 5.0 Bus -1.0 -1.0 -1.0 -1.0 -1.0 -1.0 -1.0 2.871 3.227 10.25 412.954 3.263 1094.941 2.7110024738296863 0.0
12.0 10.0 Car -1.0 -1.0 -1.0 -1.0 -1.0 -1.0 -1.0 1.921 1.905 4.088 408.871 3.025 1093.041 2.736519187625947 0.0
12.0 4.0 Car -1.0 -1.0 -1.0 -1.0 -1.0 -1.0 -1.0 1.913 1.714 4.563 500.069 0.799 1054.35 2.6816111294366167 0.0
12.0 3.0 Car -1.0 -1.0 -1.0 -1.0 -1.0 -1.0 -1.0 1.978 1.687 4.137 509.926 0.647 1053.503 2.7381074372231677 0.0
12.0 0.0 Car -1.0 -1.0 -1.0 -1.0 -1.0 -1.0 -1.0 1.905 1.699 4.438 476.476 1.066 1064.336 2.7308817742353395 0.0
13.0 2.0 Bus -1.0 -1.0 -1.0 -1.0 -1.0 -1.0 -1.0 2.785 3.583 10.19 521.047 1.175 1073.966 -1.8825993974786321 1.0
13.0 9.0 Car -1.0 -1.0 -1.0 -1.0 -1.0 -1.0 -1.0 1.782 1.611 4.287 477.264 1.306 1089.604 -1.8671706870761693 0.0
13.0 1.0 Car -1.0 -1.0 -1.0 -1.0 -1.0 -1.0 -1.0 2.026 1.537 4.28 421.001 2.288 1094.531 2.6940029668931764 0.0
13.0 8.0 Car -1.0 -1.0 -1.0 -1.0 -1.0 -1.0 -1.0 1.601 1.712 3.864 378.331 3.362 1122.914 -0.43463798410511867 1.0
13.0 5.0 Bus -1.0 -1.0 -1.0 -1.0 -1.0 -1.0 -1.0 2.871 3.227 10.25 412.546 3.318 1095.118 2.7110024738296863 1.0
13.0 10.0 Car -1.0 -1.0 -1.0 -1.0 -1.0 -1.0 -1.0 1.921 1.905 4.088 407.432 3.059 1093.697 2.7358591154808254 0.0
13.0 4.0 Car -1.0 -1.0 -1.0 -1.0 -1.0 -1.0 -1.0 1.913 1.714 4.563 495.534 0.852 1056.236 2.64670454439673 1.0
13.0 3.0 Car -1.0 -1.0 -1.0 -1.0 -1.0 -1.0 -1.0 1.978 1.687 4.137 505.835 0.649 1055.063 2.7381074372231677 1.0
13.0 0.0 Car -1.0 -1.0 -1.0 -1.0 -1.0 -1.0 -1.0 1.905 1.699 4.438 472.168 1.116 1066.213 2.7308817742353395 0.0
14.0 2.0 Bus -1.0 -1.0 -1.0 -1.0 -1.0 -1.0 -1.0 2.785 3.583 10.19 520.87 1.175 1072.672 -1.8050711218907014 1.0
14.0 9.0 Car -1.0 -1.0 -1.0 -1.0 -1.0 -1.0 -1.0 1.782 1.611 4.287 477.095 1.297 1089.239 -1.8395186514729256 0.0
14.0 1.0 Car -1.0 -1.0 -1.0 -1.0 -1.0 -1.0 -1.0 2.026 1.537 4.28 418.889 2.345 1095.491 2.6940029668931764 0.0
14.0 8.0 Car -1.0 -1.0 -1.0 -1.0 -1.0 -1.0 -1.0 1.601 1.712 3.864 381.087 3.299 1121.707 -0.4299215336915329 1.0
14.0 5.0 Bus -1.0 -1.0 -1.0 -1.0 -1.0 -1.0 -1.0 2.871 3.227 10.25 411.201 3.358 1095.66 2.7146376228093048 1.0
14.0 10.0 Car -1.0 -1.0 -1.0 -1.0 -1.0 -1.0 -1.0 1.921 1.905 4.088 405.832 3.096 1094.426 2.7351253051100572 0.0
14.0 4.0 Car -1.0 -1.0 -1.0 -1.0 -1.0 -1.0 -1.0 1.913 1.714 4.563 490.54 0.86 1058.426 2.621488993805335 1.0
14.0 3.0 Car -1.0 -1.0 -1.0 -1.0 -1.0 -1.0 -1.0 1.978 1.687 4.137 499.961 0.705 1057.509 2.7381074372231677 1.0
14.0 0.0 Car -1.0 -1.0 -1.0 -1.0 -1.0 -1.0 -1.0 1.905 1.699 4.438 467.779 1.171 1068.16 2.7308817742353395 0.0
15.0 2.0 Bus -1.0 -1.0 -1.0 -1.0 -1.0 -1.0 -1.0 2.785 3.583 10.19 520.863 1.175 1071.945 -1.7429730573190876 1.0
15.0 9.0 Car -1.0 -1.0 -1.0 -1.0 -1.0 -1.0 -1.0 1.782 1.611 4.287 476.959 1.29 1088.947 -1.8488030249535456 0.0
15.0 1.0 Car -1.0 -1.0 -1.0 -1.0 -1.0 -1.0 -1.0 2.026 1.537 4.28 417.172 2.38 1096.272 2.71145625941312 0.0
15.0 8.0 Car -1.0 -1.0 -1.0 -1.0 -1.0 -1.0 -1.0 1.601 1.712 3.864 383.295 3.249 1120.74 -0.42614378370147293 1.0
15.0 5.0 Bus -1.0 -1.0 -1.0 -1.0 -1.0 -1.0 -1.0 2.871 3.227 10.25 410.123 3.391 1096.093 2.717549279419128 1.0
15.0 10.0 Car -1.0 -1.0 -1.0 -1.0 -1.0 -1.0 -1.0 1.921 1.905 4.088 404.183 3.127 1095.124 2.7512694919345995 0.0
15.0 4.0 Car -1.0 -1.0 -1.0 -1.0 -1.0 -1.0 -1.0 1.913 1.714 4.563 486.611 0.907 1060.079 2.664157836916673 1.0
15.0 3.0 Car -1.0 -1.0 -1.0 -1.0 -1.0 -1.0 -1.0 1.978 1.687 4.137 495.256 0.749 1059.469 2.7381074372231677 1.0
15.0 0.0 Car -1.0 -1.0 -1.0 -1.0 -1.0 -1.0 -1.0 1.905 1.699 4.438 464.265 1.216 1069.721 2.7308817742353395 0.0
16.0 2.0 Bus -1.0 -1.0 -1.0 -1.0 -1.0 -1.0 -1.0 2.785 3.583 10.19 520.851 1.2 1070.745 -1.6731617727058685 1.0
16.0 9.0 Car -1.0 -1.0 -1.0 -1.0 -1.0 -1.0 -1.0 1.782 1.611 4.287 476.835 1.307 1088.567 -1.8667130185608551 0.0
16.0 1.0 Car -1.0 -1.0 -1.0 -1.0 -1.0 -1.0 -1.0 2.026 1.537 4.28 415.262 2.399 1097.156 2.728909080566425 0.0
16.0 8.0 Car -1.0 -1.0 -1.0 -1.0 -1.0 -1.0 -1.0 1.601 1.712 3.864 386.051 3.186 1119.533 -0.42142720118420945 1.0
16.0 5.0 Bus -1.0 -1.0 -1.0 -1.0 -1.0 -1.0 -1.0 2.871 3.227 10.25 408.777 3.431 1096.635 2.7211845302161106 1.0
16.0 10.0 Car -1.0 -1.0 -1.0 -1.0 -1.0 -1.0 -1.0 1.921 1.905 4.088 402.123 3.165 1095.995 2.7714257726658342 0.0
16.0 4.0 Car -1.0 -1.0 -1.0 -1.0 -1.0 -1.0 -1.0 1.913 1.714 4.563 481.616 0.99 1062.316 2.699063479223283 1.0
16.0 3.0 Car -1.0 -1.0 -1.0 -1.0 -1.0 -1.0 -1.0 1.978 1.687 4.137 489.381 0.805 1061.915 2.7381074372231677 1.0
16.0 0.0 Car -1.0 -1.0 -1.0 -1.0 -1.0 -1.0 -1.0 1.905 1.699 4.438 459.759 1.396 1071.724 2.7134289530820346 0.0
17.0 2.0 Bus -1.0 -1.0 -1.0 -1.0 -1.0 -1.0 -1.0 2.785 3.583 10.19 520.92 1.225 1069.476 -1.6033467171595428 1.0
17.0 9.0 Car -1.0 -1.0 -1.0 -1.0 -1.0 -1.0 -1.0 1.782 1.611 4.287 476.71 1.323 1088.187 -1.8846239795961124 0.0
17.0 1.0 Car -1.0 -1.0 -1.0 -1.0 -1.0 -1.0 -1.0 2.026 1.537 4.28 413.316 2.418 1097.96 2.7463628444530066 0.0
17.0 8.0 Car -1.0 -1.0 -1.0 -1.0 -1.0 -1.0 -1.0 1.601 1.712 3.864 389.384 3.101 1118.227 -0.42142720118420945 1.0
17.0 5.0 Bus -1.0 -1.0 -1.0 -1.0 -1.0 -1.0 -1.0 2.871 3.227 10.25 407.432 3.471 1097.176 2.724819977375152 1.0
17.0 10.0 Car -1.0 -1.0 -1.0 -1.0 -1.0 -1.0 -1.0 1.921 1.905 4.088 399.566 3.202 1097.064 2.7539733006122713 0.0
17.0 4.0 Car -1.0 -1.0 -1.0 -1.0 -1.0 -1.0 -1.0 1.913 1.714 4.563 476.547 1.073 1064.377 2.7339710069964465 1.0
17.0 3.0 Car -1.0 -1.0 -1.0 -1.0 -1.0 -1.0 -1.0 1.978 1.687 4.137 483.461 0.86 1064.514 2.7293812011963863 1.0
17.0 0.0 Car -1.0 -1.0 -1.0 -1.0 -1.0 -1.0 -1.0 1.905 1.699 4.438 455.254 1.577 1073.728 2.695975189195453 0.0
18.0 2.0 Bus -1.0 -1.0 -1.0 -1.0 -1.0 -1.0 -1.0 2.785 3.583 10.19 521.068 1.25 1068.446 -1.5354572603306464 1.0
18.0 9.0 Car -1.0 -1.0 -1.0 -1.0 -1.0 -1.0 -1.0 1.782 1.611 4.287 476.585 1.244 1087.841 -1.8958454447699025 0.0
18.0 1.0 Car -1.0 -1.0 -1.0 -1.0 -1.0 -1.0 -1.0 2.026 1.537 4.28 412.046 2.437 1098.75 2.683098031016679 0.0
18.0 7.0 Car -1.0 -1.0 -1.0 -1.0 -1.0 -1.0 -1.0 1.712 1.552 4.523 522.379 0.238 1078.908 -1.948956815692558 0.0
18.0 8.0 Car -1.0 -1.0 -1.0 -1.0 -1.0 -1.0 -1.0 1.601 1.712 3.864 392.717 3.017 1116.92 -0.42142720118420945 1.0
18.0 5.0 Bus -1.0 -1.0 -1.0 -1.0 -1.0 -1.0 -1.0 2.871 3.227 10.25 406.086 3.512 1097.717 2.7284557663496294 0.0
18.0 10.0 Car -1.0 -1.0 -1.0 -1.0 -1.0 -1.0 -1.0 1.921 1.905 4.088 397.01 3.24 1098.133 2.736519187625947 0.0
18.0 4.0 Car -1.0 -1.0 -1.0 -1.0 -1.0 -1.0 -1.0 1.913 1.714 4.563 471.876 1.129 1066.413 2.7339710069964465 1.0
18.0 3.0 Car -1.0 -1.0 -1.0 -1.0 -1.0 -1.0 -1.0 1.978 1.687 4.137 477.54 0.916 1067.113 2.720654144703224 1.0
18.0 0.0 Car -1.0 -1.0 -1.0 -1.0 -1.0 -1.0 -1.0 1.905 1.699 4.438 450.85 1.642 1075.752 2.7180195249037524 0.0
19.0 2.0 Bus -1.0 -1.0 -1.0 -1.0 -1.0 -1.0 -1.0 2.785 3.583 10.19 521.229 1.27 1067.756 -1.4811736695199407 1.0
19.0 7.0 Car -1.0 -1.0 -1.0 -1.0 -1.0 -1.0 -1.0 1.712 1.552 4.523 522.058 0.227 1078.108 -1.9190693351536687 1.0
19.0 8.0 Car -1.0 -1.0 -1.0 -1.0 -1.0 -1.0 -1.0 1.601 1.712 3.864 395.327 2.809 1115.819 -0.42142720118420945 1.0
19.0 5.0 Bus -1.0 -1.0 -1.0 -1.0 -1.0 -1.0 -1.0 2.871 3.227 10.25 404.174 3.507 1097.87 2.7711124896167623 0.0
19.0 4.0 Car -1.0 -1.0 -1.0 -1.0 -1.0 -1.0 -1.0 1.913 1.714 4.563 468.142 1.173 1068.04 2.7339710069964465 1.0
19.0 3.0 Car -1.0 -1.0 -1.0 -1.0 -1.0 -1.0 -1.0 1.978 1.687 4.137 472.643 0.96 1069.387 2.7284042829304704 0.0
20.0 2.0 Bus -1.0 -1.0 -1.0 -1.0 -1.0 -1.0 -1.0 2.785 3.583 10.19 521.383 1.295 1067.583 -1.4026277323017529 1.0
20.0 7.0 Car -1.0 -1.0 -1.0 -1.0 -1.0 -1.0 -1.0 1.712 1.552 4.523 521.804 0.213 1077.426 -1.8816502818948122 1.0
20.0 8.0 Car -1.0 -1.0 -1.0 -1.0 -1.0 -1.0 -1.0 1.601 1.712 3.864 399.678 2.672 1113.316 -0.42142720118420945 1.0
20.0 5.0 Bus -1.0 -1.0 -1.0 -1.0 -1.0 -1.0 -1.0 2.871 3.227 10.25 401.956 3.502 1098.531 2.7808156439094596 0.0
20.0 4.0 Car -1.0 -1.0 -1.0 -1.0 -1.0 -1.0 -1.0 1.913 1.714 4.563 463.551 1.307 1070.076 2.7339710069964465 0.0
20.0 3.0 Car -1.0 -1.0 -1.0 -1.0 -1.0 -1.0 -1.0 1.978 1.687 4.137 466.983 1.016 1072.027 2.7381074372231677 0.0
21.0 2.0 Bus -1.0 -1.0 -1.0 -1.0 -1.0 -1.0 -1.0 2.785 3.583 10.19 521.903 1.32 1065.989 -1.30664074432051 1.0
21.0 7.0 Car -1.0 -1.0 -1.0 -1.0 -1.0 -1.0 -1.0 1.712 1.552 4.523 521.207 0.199 1075.52 -1.8442370605728995 1.0
21.0 8.0 Car -1.0 -1.0 -1.0 -1.0 -1.0 -1.0 -1.0 1.601 1.712 3.864 403.61 2.434 1112.12 -0.40397390866426613 1.0
21.0 5.0 Bus -1.0 -1.0 -1.0 -1.0 -1.0 -1.0 -1.0 2.871 3.227 10.25 399.852 3.575 1099.994 2.7284557663496294 0.0
21.0 6.0 Truck -1.0 -1.0 -1.0 -1.0 -1.0 -1.0 -1.0 2.926 3.479 7.828 578.986 1.029 1020.461 2.7732745951249007 0.0
21.0 4.0 Car -1.0 -1.0 -1.0 -1.0 -1.0 -1.0 -1.0 1.913 1.714 4.563 458.961 1.44 1072.111 2.7339710069964465 0.0
21.0 3.0 Car -1.0 -1.0 -1.0 -1.0 -1.0 -1.0 -1.0 1.978 1.687 4.137 460.98 1.222 1074.662 2.7381074372231677 0.0
22.0 2.0 Bus -1.0 -1.0 -1.0 -1.0 -1.0 -1.0 -1.0 2.785 3.583 10.19 522.569 1.345 1064.576 -1.2106488836820453 1.0
22.0 7.0 Car -1.0 -1.0 -1.0 -1.0 -1.0 -1.0 -1.0 1.712 1.552 4.523 520.968 0.253 1074.231 -1.8093309294316386 1.0
22.0 8.0 Car -1.0 -1.0 -1.0 -1.0 -1.0 -1.0 -1.0 1.601 1.712 3.864 407.62 2.397 1110.66 -0.42142720118420945 1.0
22.0 5.0 Bus -1.0 -1.0 -1.0 -1.0 -1.0 -1.0 -1.0 2.871 3.227 10.25 398.013 3.64 1101.099 2.7110024738296863 0.0
22.0 6.0 Truck -1.0 -1.0 -1.0 -1.0 -1.0 -1.0 -1.0 2.926 3.479 7.828 574.315 1.109 1022.256 2.7672573055257117 1.0
22.0 4.0 Car -1.0 -1.0 -1.0 -1.0 -1.0 -1.0 -1.0 1.913 1.714 4.563 454.866 1.548 1074.052 2.7339710069964465 0.0
22.0 3.0 Car -1.0 -1.0 -1.0 -1.0 -1.0 -1.0 -1.0 1.978 1.687 4.137 455.275 1.327 1077.54 2.7381074372231677 0.0
23.0 2.0 Bus -1.0 -1.0 -1.0 -1.0 -1.0 -1.0 -1.0 2.785 3.583 10.19 523.367 1.37 1063.233 -1.114654526601136 1.0
23.0 7.0 Car -1.0 -1.0 -1.0 -1.0 -1.0 -1.0 -1.0 1.712 1.552 4.523 520.774 0.207 1072.934 -1.7744238904931273 1.0
23.0 8.0 Car -1.0 -1.0 -1.0 -1.0 -1.0 -1.0 -1.0 1.601 1.712 3.864 411.784 2.21 1109.076 -0.42142720118420945 1.0
23.0 5.0 Bus -1.0 -1.0 -1.0 -1.0 -1.0 -1.0 -1.0 2.871 3.227 10.25 394.737 3.705 1102.671 2.7284557663496294 0.0
23.0 6.0 Truck -1.0 -1.0 -1.0 -1.0 -1.0 -1.0 -1.0 2.926 3.479 7.828 569.644 1.189 1024.052 2.7612398594359924 1.0
23.0 4.0 Car -1.0 -1.0 -1.0 -1.0 -1.0 -1.0 -1.0 1.913 1.714 4.563 450.77 1.657 1075.994 2.7339710069964465 0.0
23.0 3.0 Car -1.0 -1.0 -1.0 -1.0 -1.0 -1.0 -1.0 1.978 1.687 4.137 449.323 1.483 1079.843 2.7381074372231677 0.0
24.0 2.0 Bus -1.0 -1.0 -1.0 -1.0 -1.0 -1.0 -1.0 2.785 3.583 10.19 523.884 1.392 1061.889 -1.0236853933571664 1.0
24.0 7.0 Car -1.0 -1.0 -1.0 -1.0 -1.0 -1.0 -1.0 1.712 1.552 4.523 520.725 0.278 1071.738 -1.6503750724331678 1.0
24.0 8.0 Car -1.0 -1.0 -1.0 -1.0 -1.0 -1.0 -1.0 1.601 1.712 3.864 415.471 2.091 1107.507 -0.40397390866426613 1.0
24.0 5.0 Bus -1.0 -1.0 -1.0 -1.0 -1.0 -1.0 -1.0 2.871 3.227 10.25 391.941 3.562 1103.693 2.734739559192536 0.0
24.0 6.0 Truck -1.0 -1.0 -1.0 -1.0 -1.0 -1.0 -1.0 2.926 3.479 7.828 565.438 1.26 1025.669 2.755821302604957 1.0
24.0 4.0 Car -1.0 -1.0 -1.0 -1.0 -1.0 -1.0 -1.0 1.913 1.714 4.563 447.181 1.683 1077.453 2.7339710069964465 0.0
24.0 3.0 Car -1.0 -1.0 -1.0 -1.0 -1.0 -1.0 -1.0 1.978 1.687 4.137 442.722 1.623 1082.415 2.7381074372231677 0.0
25.0 2.0 Bus -1.0 -1.0 -1.0 -1.0 -1.0 -1.0 -1.0 2.785 3.583 10.19 524.598 1.417 1060.458 -0.9226683088817618 1.0
25.0 7.0 Car -1.0 -1.0 -1.0 -1.0 -1.0 -1.0 -1.0 1.712 1.552 4.523 520.845 0.357 1070.414 -1.51262450269398 1.0
25.0 8.0 Car -1.0 -1.0 -1.0 -1.0 -1.0 -1.0 -1.0 1.601 1.712 3.864 419.498 1.853 1105.617 -0.42142720118420945 1.0
25.0 5.0 Bus -1.0 -1.0 -1.0 -1.0 -1.0 -1.0 -1.0 2.871 3.227 10.25 388.836 3.402 1104.827 2.7417174253082384 0.0
25.0 6.0 Truck -1.0 -1.0 -1.0 -1.0 -1.0 -1.0 -1.0 2.926 3.479 7.828 560.984 1.47 1027.329 2.7118019179846184 1.0
25.0 4.0 Car -1.0 -1.0 -1.0 -1.0 -1.0 -1.0 -1.0 1.913 1.714 4.563 443.196 1.712 1079.073 2.7339710069964465 0.0
25.0 3.0 Car -1.0 -1.0 -1.0 -1.0 -1.0 -1.0 -1.0 1.978 1.687 4.137 436.414 1.709 1084.835 2.7381074372231677 0.0
26.0 2.0 Bus -1.0 -1.0 -1.0 -1.0 -1.0 -1.0 -1.0 2.785 3.583 10.19 526.644 1.576 1059.805 -0.7764236744574836 1.0
26.0 7.0 Car -1.0 -1.0 -1.0 -1.0 -1.0 -1.0 -1.0 1.712 1.552 4.523 521.244 0.47 1068.879 -1.4029410268757712 1.0
26.0 8.0 Car -1.0 -1.0 -1.0 -1.0 -1.0 -1.0 -1.0 1.601 1.712 3.864 424.157 1.512 1103.118 -0.4122869115326919 1.0
26.0 5.0 Bus -1.0 -1.0 -1.0 -1.0 -1.0 -1.0 -1.0 2.871 3.227 10.25 385.419 3.226 1106.075 2.74939839676511 0.0
26.0 6.0 Truck -1.0 -1.0 -1.0 -1.0 -1.0 -1.0 -1.0 2.926 3.479 7.828 556.586 1.701 1030.282 2.736677477448916 1.0
26.0 4.0 Car -1.0 -1.0 -1.0 -1.0 -1.0 -1.0 -1.0 1.913 1.714 4.563 438.808 1.744 1080.857 2.7339710069964465 0.0
26.0 3.0 Car -1.0 -1.0 -1.0 -1.0 -1.0 -1.0 -1.0 1.978 1.687 4.137 429.471 1.699 1087.5 2.7381074372231677 0.0
27.0 2.0 Bus -1.0 -1.0 -1.0 -1.0 -1.0 -1.0 -1.0 2.785 3.583 10.19 528.087 1.72 1058.935 -0.6434156285626723 1.0
27.0 7.0 Car -1.0 -1.0 -1.0 -1.0 -1.0 -1.0 -1.0 1.712 1.552 4.523 521.751 0.573 1067.528 -1.3031849924546628 0.0
27.0 8.0 Car -1.0 -1.0 -1.0 -1.0 -1.0 -1.0 -1.0 1.601 1.712 3.864 428.876 1.393 1100.804 -0.40397390866426613 1.0
27.0 5.0 Bus -1.0 -1.0 -1.0 -1.0 -1.0 -1.0 -1.0 2.871 3.227 10.25 382.31 3.067 1107.211 2.7563841641956492 0.0
27.0 6.0 Truck -1.0 -1.0 -1.0 -1.0 -1.0 -1.0 -1.0 2.926 3.479 7.828 552.373 1.863 1032.484 2.7275543590837037 1.0
27.0 4.0 Car -1.0 -1.0 -1.0 -1.0 -1.0 -1.0 -1.0 1.913 1.714 4.563 434.818 1.64 1082.479 2.7339710069964465 0.0
27.0 3.0 Car -1.0 -1.0 -1.0 -1.0 -1.0 -1.0 -1.0 1.978 1.687 4.137 423.156 1.736 1089.923 2.7381074372231677 0.0
28.0 2.0 Bus -1.0 -1.0 -1.0 -1.0 -1.0 -1.0 -1.0 2.785 3.583 10.19 529.779 1.659 1057.86 -0.5562021734935678 0.0
28.0 7.0 Car -1.0 -1.0 -1.0 -1.0 -1.0 -1.0 -1.0 1.712 1.552 4.523 522.217 0.662 1065.704 -1.1889934482610451 0.0
28.0 8.0 Car -1.0 -1.0 -1.0 -1.0 -1.0 -1.0 -1.0 1.601 1.712 3.864 432.9 1.233 1099.16 -0.40732870242683417 0.0
28.0 5.0 Bus -1.0 -1.0 -1.0 -1.0 -1.0 -1.0 -1.0 2.871 3.227 10.25 379.206 2.907 1108.345 2.763362351389516 0.0
28.0 6.0 Truck -1.0 -1.0 -1.0 -1.0 -1.0 -1.0 -1.0 2.926 3.479 7.828 548.032 2.024 1034.388 2.7184411401886766 0.0
28.0 4.0 Car -1.0 -1.0 -1.0 -1.0 -1.0 -1.0 -1.0 1.913 1.714 4.563 430.176 1.779 1084.383 2.7165177144765034 0.0
28.0 3.0 Car -1.0 -1.0 -1.0 -1.0 -1.0 -1.0 -1.0 1.978 1.687 4.137 418.49 1.572 1092.205 2.7381074372231677 0.0
29.0 2.0 Bus -1.0 -1.0 -1.0 -1.0 -1.0 -1.0 -1.0 2.785 3.583 10.19 531.929 1.687 1056.815 -0.45142941084329813 0.0
29.0 7.0 Car -1.0 -1.0 -1.0 -1.0 -1.0 -1.0 -1.0 1.712 1.552 4.523 522.936 0.549 1063.637 -1.1286520672552318 0.0
29.0 8.0 Car -1.0 -1.0 -1.0 -1.0 -1.0 -1.0 -1.0 1.601 1.712 3.864 437.725 1.364 1097.161 -0.4113589407696179 0.0
29.0 5.0 Bus -1.0 -1.0 -1.0 -1.0 -1.0 -1.0 -1.0 2.871 3.227 10.25 375.068 3.152 1110.219 2.744322395913214 0.0
29.0 6.0 Truck -1.0 -1.0 -1.0 -1.0 -1.0 -1.0 -1.0 2.926 3.479 7.828 542.765 1.982 1036.604 2.7183219557628355 0.0
29.0 4.0 Car -1.0 -1.0 -1.0 -1.0 -1.0 -1.0 -1.0 1.913 1.714 4.563 424.34 1.905 1086.783 2.7215069640364886 0.0
29.0 3.0 Car -1.0 -1.0 -1.0 -1.0 -1.0 -1.0 -1.0 1.978 1.687 4.137 412.884 1.816 1094.946 2.7381074372231677 0.0
30.0 2.0 Bus -1.0 -1.0 -1.0 -1.0 -1.0 -1.0 -1.0 2.785 3.583 10.19 533.786 1.476 1055.612 -0.4339671329776515 0.0
30.0 7.0 Car -1.0 -1.0 -1.0 -1.0 -1.0 -1.0 -1.0 1.712 1.552 4.523 523.911 0.488 1061.805 -1.1024586504567617 0.0
30.0 8.0 Car -1.0 -1.0 -1.0 -1.0 -1.0 -1.0 -1.0 1.601 1.712 3.864 441.815 1.457 1095.653 -0.3972641802019942 0.0
30.0 6.0 Truck -1.0 -1.0 -1.0 -1.0 -1.0 -1.0 -1.0 2.926 3.479 7.828 538.352 1.697 1038.225 2.718222635407968 0.0
30.0 4.0 Car -1.0 -1.0 -1.0 -1.0 -1.0 -1.0 -1.0 1.913 1.714 4.563 419.476 2.01 1088.782 2.725664672003144 0.0
30.0 3.0 Car -1.0 -1.0 -1.0 -1.0 -1.0 -1.0 -1.0 1.978 1.687 4.137 407.623 1.853 1097.08 2.7381074372231677 0.0
31.0 2.0 Bus -1.0 -1.0 -1.0 -1.0 -1.0 -1.0 -1.0 2.785 3.583 10.19 535.641 1.466 1054.41 -0.4165228258034117 0.0
31.0 7.0 Car -1.0 -1.0 -1.0 -1.0 -1.0 -1.0 -1.0 1.712 1.552 4.523 525.306 0.527 1059.616 -1.0239323121355732 0.0
31.0 8.0 Car -1.0 -1.0 -1.0 -1.0 -1.0 -1.0 -1.0 1.601 1.712 3.864 445.82 1.4 1093.965 -0.4180725483587777 0.0
31.0 6.0 Truck -1.0 -1.0 -1.0 -1.0 -1.0 -1.0 -1.0 2.926 3.479 7.828 533.943 1.912 1039.845 2.718123417265163 0.0
31.0 4.0 Car -1.0 -1.0 -1.0 -1.0 -1.0 -1.0 -1.0 1.913 1.714 4.563 414.617 2.114 1090.78 2.729818101210326 0.0
32.0 2.0 Bus -1.0 -1.0 -1.0 -1.0 -1.0 -1.0 -1.0 2.785 3.583 10.19 537.897 1.516 1053.649 -0.39712860585116627 0.0
32.0 7.0 Car -1.0 -1.0 -1.0 -1.0 -1.0 -1.0 -1.0 1.712 1.552 4.523 527.183 0.588 1057.811 -0.7558176053817148 0.0
32.0 8.0 Car -1.0 -1.0 -1.0 -1.0 -1.0 -1.0 -1.0 1.601 1.712 3.864 449.804 1.393 1092.228 -0.42142720118420945 0.0
32.0 6.0 Truck -1.0 -1.0 -1.0 -1.0 -1.0 -1.0 -1.0 2.926 3.479 7.828 529.888 1.946 1041.568 2.730595709965449 0.0
33.0 2.0 Bus -1.0 -1.0 -1.0 -1.0 -1.0 -1.0 -1.0 2.785 3.583 10.19 539.702 1.557 1053.041 -0.381616240763525 0.0
33.0 7.0 Car -1.0 -1.0 -1.0 -1.0 -1.0 -1.0 -1.0 1.712 1.552 4.523 528.884 0.736 1055.958 -0.6809802560961494 0.0
33.0 8.0 Car -1.0 -1.0 -1.0 -1.0 -1.0 -1.0 -1.0 1.601 1.712 3.864 453.23 1.348 1090.768 -0.42142720118420945 0.0
33.0 6.0 Truck -1.0 -1.0 -1.0 -1.0 -1.0 -1.0 -1.0 2.926 3.479 7.828 526.644 1.972 1042.947 2.7405716078527136 0.0
34.0 2.0 Bus -1.0 -1.0 -1.0 -1.0 -1.0 -1.0 -1.0 2.785 3.583 10.19 541.82 1.605 1052.18 -0.37288985666472363 0.0
34.0 7.0 Car -1.0 -1.0 -1.0 -1.0 -1.0 -1.0 -1.0 1.712 1.552 4.523 531.387 0.797 1053.935 -0.6050532916569337 0.0
34.0 8.0 Car -1.0 -1.0 -1.0 -1.0 -1.0 -1.0 -1.0 1.601 1.712 3.864 457.508 1.293 1088.946 -0.42142720118420945 0.0
34.0 6.0 Truck -1.0 -1.0 -1.0 -1.0 -1.0 -1.0 -1.0 2.926 3.479 7.828 522.593 2.006 1044.669 2.75303000230505 0.0
35.0 2.0 Bus -1.0 -1.0 -1.0 -1.0 -1.0 -1.0 -1.0 2.785 3.583 10.19 543.938 1.653 1051.32 -0.3641629482435817 0.0
35.0 7.0 Car -1.0 -1.0 -1.0 -1.0 -1.0 -1.0 -1.0 1.712 1.552 4.523 537.155 0.857 1050.773 -0.4828802440173318 0.0
35.0 8.0 Car -1.0 -1.0 -1.0 -1.0 -1.0 -1.0 -1.0 1.601 1.712 3.864 461.542 1.233 1087.077 -0.417275353506007 0.0
35.0 6.0 Truck -1.0 -1.0 -1.0 -1.0 -1.0 -1.0 -1.0 2.926 3.479 7.828 518.604 2.021 1046.482 2.7475785675593754 0.0
36.0 2.0 Bus -1.0 -1.0 -1.0 -1.0 -1.0 -1.0 -1.0 2.785 3.583 10.19 546.126 1.857 1050.525 -0.3800180427649336 0.0
36.0 7.0 Car -1.0 -1.0 -1.0 -1.0 -1.0 -1.0 -1.0 1.712 1.552 4.523 541.671 0.968 1048.513 -0.4479736589774457 0.0
36.0 8.0 Car -1.0 -1.0 -1.0 -1.0 -1.0 -1.0 -1.0 1.601 1.712 3.864 465.635 1.124 1085.346 -0.41312351414272475 0.0
36.0 6.0 Truck -1.0 -1.0 -1.0 -1.0 -1.0 -1.0 -1.0 2.926 3.479 7.828 514.564 2.037 1048.174 2.7421271437313095 0.0
37.0 2.0 Bus -1.0 -1.0 -1.0 -1.0 -1.0 -1.0 -1.0 2.785 3.583 10.19 548.756 2.213 1049.571 -0.3990695332834684 0.0
37.0 7.0 Car -1.0 -1.0 -1.0 -1.0 -1.0 -1.0 -1.0 1.712 1.552 4.523 547.438 1.251 1046.137 -0.4305203664575026 0.0
37.0 8.0 Car -1.0 -1.0 -1.0 -1.0 -1.0 -1.0 -1.0 1.601 1.712 3.864 470.509 1.08 1083.164 -0.40813466162232337 0.0
37.0 6.0 Truck -1.0 -1.0 -1.0 -1.0 -1.0 -1.0 -1.0 2.926 3.479 7.828 509.709 2.056 1050.206 2.7355767097851063 0.0
38.0 2.0 Bus -1.0 -1.0 -1.0 -1.0 -1.0 -1.0 -1.0 2.785 3.583 10.19 550.407 2.375 1049.099 -0.4077916952938838 0.0
38.0 7.0 Car -1.0 -1.0 -1.0 -1.0 -1.0 -1.0 -1.0 1.712 1.552 4.523 552.714 1.487 1043.98 -0.41306707393755926 0.0
38.0 8.0 Car -1.0 -1.0 -1.0 -1.0 -1.0 -1.0 -1.0 1.601 1.712 3.864 474.574 1.043 1081.344 -0.40397390866426613 0.0
38.0 6.0 Truck -1.0 -1.0 -1.0 -1.0 -1.0 -1.0 -1.0 2.926 3.479 7.828 505.666 2.056 1051.915 2.7355767097851063 0.0
39.0 2.0 Bus -1.0 -1.0 -1.0 -1.0 -1.0 -1.0 -1.0 2.785 3.583 10.19 552.222 2.262 1048.152 -0.3859894684756932 0.0
39.0 8.0 Car -1.0 -1.0 -1.0 -1.0 -1.0 -1.0 -1.0 1.601 1.712 3.864 478.714 1.093 1079.605 -0.41269569574206844 0.0
39.0 6.0 Truck -1.0 -1.0 -1.0 -1.0 -1.0 -1.0 -1.0 2.926 3.479 7.828 501.627 2.056 1053.623 2.7355767097851063 0.0
