0.0 1.0 Bus -1.0 -1.0 -1.0 -1.0 -1.0 -1.0 -1.0 3.161 3.746 12.482 182.115 2.03 1204.975 -0.36644932969554667 0.0
0.0 0.0 Car -1.0 -1.0 -1.0 -1.0 -1.0 -1.0 -1.0 1.775 1.547 4.51 205.601 0.906 1159.675 -0.7864977209698613 0.0
1.0 2.0 Car -1.0 -1.0 -1.0 -1.0 -1.0 -1.0 -1.0 1.791 1.745 4.149 177.331 0.75 1149.381 0.9482897419553323 0.0
1.0 1.0 Bus -1.0 -1.0 -1.0 -1.0 -1.0 -1.0 -1.0 3.161 3.746 12.482 184.905 2.03 1203.847 -0.3751855079124795 1.0
1.0 0.0 Car -1.0 -1.0 -1.0 -1.0 -1.0 -1.0 -1.0 1.775 1.547 4.51 206.423 0.901 1158.193 -1.0128863481806705 1.0
2.0 2.0 Car -1.0 -1.0 -1.0 -1.0 -1.0 -1.0 -1.0 1.791 1.745 4.149 178.87 0.8 1151.559 0.9657430344752757 1.0
2.0 1.0 Bus -1.0 -1.0 -1.0 -1.0 -1.0 -1.0 -1.0 3.161 3.746 12.482 187.688 2.03 1202.721 -0.3839026222154906 1.0
2.0 0.0 Car -1.0 -1.0 -1.0 -1.0 -1.0 -1.0 -1.0 1.775 1.547 4.51 206.89 0.896 1156.567 -1.2387809546429556 1.0
3.0 2.0 Car -1.0 -1.0 -1.0 -1.0 -1.0 -1.0 -1.0 1.791 1.745 4.149 180.358 0.875 1153.576 0.9395912621251656 1.0
3.0 1.0 Bus -1.0 -1.0 -1.0 -1.0 -1.0 -1.0 -1.0 3.161 3.746 12.482 190.361 2.03 1201.762 -0.38390262221549043 1.0
3.0 0.0 Car -1.0 -1.0 -1.0 -1.0 -1.0 -1.0 -1.0 1.775 1.547 4.51 206.98 0.891 1154.874 -1.4651831538523508 1.0
4.0 2.0 Car -1.0 -1.0 -1.0 -1.0 -1.0 -1.0 -1.0 1.791 1.745 4.149 181.637 0.95 1155.206 0.9133831569154456 1.0
4.0 1.0 Bus -1.0 -1.0 -1.0 -1.0 -1.0 -1.0 -1.0 3.161 3.746 12.482 193.199 2.03 1200.738 -0.38390262221549 1.0
4.0 0.0 Car -1.0 -1.0 -1.0 -1.0 -1.0 -1.0 -1.0 1.775 1.547 4.51 206.677 0.885 1152.735 -1.7081492028176835 1.0
5.0 2.0 Car -1.0 -1.0 -1.0 -1.0 -1.0 -1.0 -1.0 1.791 1.745 4.149 183.008 1.0 1156.792 0.8348893229242266 1.0
5.0 1.0 Bus -1.0 -1.0 -1.0 -1.0 -1.0 -1.0 -1.0 3.161 3.746 12.482 195.929 2.03 1199.751 -0.3751810851053545 1.0
5.0 0.0 Car -1.0 -1.0 -1.0 -1.0 -1.0 -1.0 -1.0 1.775 1.547 4.51 205.872 0.88 1150.74 -1.9500421850396663 1.0
6.0 2.0 Car -1.0 -1.0 -1.0 -1.0 -1.0 -1.0 -1.0 1.791 1.745 4.149 184.578 0.95 1158.346 0.756303524235956 1.0
6.0 1.0 Bus -1.0 -1.0 -1.0 -1.0 -1.0 -1.0 -1.0 3.161 3.746 12.482 198.022 2.03 1199.007 -0.36644932969554667 1.0
6.0 0.0 Car -1.0 -1.0 -1.0 -1.0 -1.0 -1.0 -1.0 1.775 1.547 4.51 204.78 0.875 1148.902 -2.0701073524287317 1.0
7.0 2.0 Car -1.0 -1.0 -1.0 -1.0 -1.0 -1.0 -1.0 1.791 1.745 4.149 186.21 1.0 1159.786 0.7213968344472989 1.0
7.0 1.0 Bus -1.0 -1.0 -1.0 -1.0 -1.0 -1.0 -1.0 3.161 3.746 12.482 200.196 2.03 1198.231 -0.3489960371756034 1.0
7.0 0.0 Car -1.0 -1.0 -1.0 -1.0 -1.0 -1.0 -1.0 1.775 1.547 4.51 203.476 0.869 1147.208 -2.1901648340330717 1.0
8.0 2.0 Car -1.0 -1.0 -1.0 -1.0 -1.0 -1.0 -1.0 1.791 1.745 4.149 187.71 1.0 1161.013 0.6864903541561829 1.0
8.0 1.0 Bus -1.0 -1.0 -1.0 -1.0 -1.0 -1.0 -1.0 3.161 3.746 12.482 202.356 2.03 1197.417 -0.3577134055578106 1.0
8.0 0.0 Car -1.0 -1.0 -1.0 -1.0 -1.0 -1.0 -1.0 1.775 1.547 4.51 202.085 0.867 1145.541 -2.200496582326465 1.0
9.0 2.0 Car -1.0 -1.0 -1.0 -1.0 -1.0 -1.0 -1.0 1.791 1.745 4.149 189.424 1.025 1162.062 0.576386795157882 1.0
9.0 1.0 Bus -1.0 -1.0 -1.0 -1.0 -1.0 -1.0 -1.0 3.161 3.746 12.482 204.521 2.03 1196.602 -0.36644932969554667 1.0
9.0 0.0 Car -1.0 -1.0 -1.0 -1.0 -1.0 -1.0 -1.0 1.775 1.547 4.51 200.692 0.865 1143.87 -2.2108503227380205 1.0
10.0 2.0 Car -1.0 -1.0 -1.0 -1.0 -1.0 -1.0 -1.0 1.791 1.745 4.149 191.238 1.05 1162.914 0.46662085038174156 1.0
10.0 1.0 Bus -1.0 -1.0 -1.0 -1.0 -1.0 -1.0 -1.0 3.161 3.746 12.482 206.568 1.986 1195.795 -0.37559467493142007 1.0
10.0 0.0 Car -1.0 -1.0 -1.0 -1.0 -1.0 -1.0 -1.0 1.775 1.547 4.51 199.303 0.863 1142.205 -2.221172315129373 1.0
11.0 2.0 Car -1.0 -1.0 -1.0 -1.0 -1.0 -1.0 -1.0 1.791 1.745 4.149 193.136 1.075 1163.563 0.3567456645454358 1.0
11.0 1.0 Bus -1.0 -1.0 -1.0 -1.0 -1.0 -1.0 -1.0 3.161 3.746 12.482 208.617 1.942 1194.987 -0.3847491217808327 1.0
11.0 0.0 Car -1.0 -1.0 -1.0 -1.0 -1.0 -1.0 -1.0 1.775 1.547 4.51 197.879 0.867 1140.372 -2.220296386223523 1.0
12.0 2.0 Car -1.0 -1.0 -1.0 -1.0 -1.0 -1.0 -1.0 1.791 1.745 4.149 195.094 1.1 1164.0 0.24687443512579613 1.0
12.0 1.0 Bus -1.0 -1.0 -1.0 -1.0 -1.0 -1.0 -1.0 3.161 3.746 12.482 210.665 1.898 1194.18 -0.39390323899434265 1.0
12.0 0.0 Car -1.0 -1.0 -1.0 -1.0 -1.0 -1.0 -1.0 1.775 1.547 4.51 196.455 0.872 1138.54 -2.219420488858369 1.0
13.0 2.0 Car -1.0 -1.0 -1.0 -1.0 -1.0 -1.0 -1.0 1.791 1.745 4.149 197.09 1.125 1164.22 0.13687769937747563 1.0
13.0 1.0 Bus -1.0 -1.0 -1.0 -1.0 -1.0 -1.0 -1.0 3.161 3.746 12.482 212.717 1.853 1193.371 -0.40306781299121486 1.0
13.0 0.0 Car -1.0 -1.0 -1.0 -1.0 -1.0 -1.0 -1.0 1.775 1.547 4.51 195.03 0.876 1136.705 -2.218543590952278 1.0
14.0 2.0 Car -1.0 -1.0 -1.0 -1.0 -1.0 -1.0 -1.0 1.791 1.745 4.149 199.096 1.15 1164.219 0.027008228365243084 0.0
14.0 1.0 Bus -1.0 -1.0 -1.0 -1.0 -1.0 -1.0 -1.0 3.161 3.746 12.482 214.765 1.809 1192.564 -0.4122217836998791 1.0
14.0 0.0 Car -1.0 -1.0 -1.0 -1.0 -1.0 -1.0 -1.0 1.775 1.547 4.51 193.606 0.881 1134.872 -2.21766770760521 1.0
15.0 2.0 Car -1.0 -1.0 -1.0 -1.0 -1.0 -1.0 -1.0 1.791 1.745 4.149 201.089 1.175 1163.998 -0.08286893567939568 0.0
15.0 3.0 Car -1.0 -1.0 -1.0 -1.0 -1.0 -1.0 -1.0 1.86 1.607 4.314 184.933 1.911 1199.751 -0.4210955893510613 0.0
15.0 1.0 Bus -1.0 -1.0 -1.0 -1.0 -1.0 -1.0 -1.0 3.161 3.746 12.482 216.814 1.765 1191.756 -0.4213763953672434 1.0
15.0 0.0 Car -1.0 -1.0 -1.0 -1.0 -1.0 -1.0 -1.0 1.775 1.547 4.51 192.328 0.865 1133.08 -2.2106937036933103 1.0
16.0 2.0 Car -1.0 -1.0 -1.0 -1.0 -1.0 -1.0 -1.0 1.791 1.745 4.149 203.045 1.2 1163.561 -0.19261839538609493 0.0
16.0 3.0 Car -1.0 -1.0 -1.0 -1.0 -1.0 -1.0 -1.0 1.86 1.607 4.314 188.632 1.911 1198.037 -0.4210955893510613 1.0
16.0 1.0 Bus -1.0 -1.0 -1.0 -1.0 -1.0 -1.0 -1.0 3.161 3.746 12.482 218.861 1.721 1190.95 -0.43052036712018804 1.0
16.0 0.0 Car -1.0 -1.0 -1.0 -1.0 -1.0 -1.0 -1.0 1.775 1.547 4.51 191.051 0.85 1131.29 -2.2037278052923246 1.0
17.0 2.0 Car -1.0 -1.0 -1.0 -1.0 -1.0 -1.0 -1.0 1.791 1.745 4.149 204.946 1.225 1162.91 -0.30273821965291114 0.0
17.0 3.0 Car -1.0 -1.0 -1.0 -1.0 -1.0 -1.0 -1.0 1.86 1.607 4.314 192.344 1.911 1196.318 -0.45600217439094776 1.0
17.0 1.0 Bus -1.0 -1.0 -1.0 -1.0 -1.0 -1.0 -1.0 3.161 3.746 12.482 219.534 1.764 1190.612 -0.43052036712018804 1.0
17.0 0.0 Car -1.0 -1.0 -1.0 -1.0 -1.0 -1.0 -1.0 1.775 1.547 4.51 190.076 0.834 1129.963 -2.196738399514592 1.0
18.0 2.0 Car -1.0 -1.0 -1.0 -1.0 -1.0 -1.0 -1.0 1.791 1.745 4.149 206.769 1.25 1162.051 -0.4130670746002447 0.0
18.0 3.0 Car -1.0 -1.0 -1.0 -1.0 -1.0 -1.0 -1.0 1.86 1.607 4.314 196.062 1.911 1194.596 -0.43854888187100455 1.0
18.0 1.0 Bus -1.0 -1.0 -1.0 -1.0 -1.0 -1.0 -1.0 3.161 3.746 12.482 221.398 1.807 1189.772 -0.44800870956053135 1.0
18.0 0.0 Car -1.0 -1.0 -1.0 -1.0 -1.0 -1.0 -1.0 1.775 1.547 4.51 189.099 0.819 1128.634 -2.189735726368737 1.0
19.0 2.0 Car -1.0 -1.0 -1.0 -1.0 -1.0 -1.0 -1.0 1.791 1.745 4.149 208.828 1.25 1161.149 -0.4130670746002447 0.0
19.0 3.0 Car -1.0 -1.0 -1.0 -1.0 -1.0 -1.0 -1.0 1.86 1.607 4.314 199.402 1.878 1193.085 -0.43854888187100455 0.0
19.0 1.0 Bus -1.0 -1.0 -1.0 -1.0 -1.0 -1.0 -1.0 3.161 3.746 12.482 223.254 1.85 1188.935 -0.46542695216007424 1.0
19.0 0.0 Car -1.0 -1.0 -1.0 -1.0 -1.0 -1.0 -1.0 1.775 1.547 4.51 188.461 0.806 1127.766 -2.1934488239237013 0.0
20.0 2.0 Car -1.0 -1.0 -1.0 -1.0 -1.0 -1.0 -1.0 1.791 1.745 4.149 210.748 1.15 1160.307 -0.4130670746002447 0.0
20.0 3.0 Car -1.0 -1.0 -1.0 -1.0 -1.0 -1.0 -1.0 1.86 1.607 4.314 202.724 1.846 1191.582 -0.43854888187100455 0.0
20.0 1.0 Bus -1.0 -1.0 -1.0 -1.0 -1.0 -1.0 -1.0 3.161 3.746 12.482 224.937 1.877 1188.09 -0.46542695216007424 1.0
20.0 0.0 Car -1.0 -1.0 -1.0 -1.0 -1.0 -1.0 -1.0 1.775 1.547 4.51 187.826 0.793 1126.903 -2.1971413631802545 0.0
21.0 2.0 Car -1.0 -1.0 -1.0 -1.0 -1.0 -1.0 -1.0 1.791 1.745 4.149 212.763 1.2 1159.424 -0.4130670746002447 0.0
21.0 3.0 Car -1.0 -1.0 -1.0 -1.0 -1.0 -1.0 -1.0 1.86 1.607 4.314 206.068 1.813 1190.069 -0.43854888187100455 0.0
21.0 1.0 Bus -1.0 -1.0 -1.0 -1.0 -1.0 -1.0 -1.0 3.161 3.746 12.482 226.631 1.903 1187.24 -0.46542695216007424 1.0
21.0 0.0 Car -1.0 -1.0 -1.0 -1.0 -1.0 -1.0 -1.0 1.775 1.547 4.51 187.417 0.78 1126.405 -2.2008581743006825 0.0
22.0 2.0 Car -1.0 -1.0 -1.0 -1.0 -1.0 -1.0 -1.0 1.791 1.745 4.149 214.636 1.212 1158.603 -0.4130670746002447 0.0
22.0 3.0 Car -1.0 -1.0 -1.0 -1.0 -1.0 -1.0 -1.0 1.86 1.607 4.314 209.412 1.781 1188.556 -0.43854888187100455 0.0
22.0 1.0 Bus -1.0 -1.0 -1.0 -1.0 -1.0 -1.0 -1.0 3.161 3.746 12.482 228.325 1.93 1186.389 -0.46542695216007424 0.0
22.0 0.0 Car -1.0 -1.0 -1.0 -1.0 -1.0 -1.0 -1.0 1.775 1.547 4.51 187.008 0.767 1125.907 -2.2045749260040632 0.0
23.0 2.0 Car -1.0 -1.0 -1.0 -1.0 -1.0 -1.0 -1.0 1.791 1.745 4.149 216.507 1.224 1157.783 -0.4130670746002447 0.0
23.0 3.0 Car -1.0 -1.0 -1.0 -1.0 -1.0 -1.0 -1.0 1.86 1.607 4.314 212.752 1.748 1187.045 -0.43854888187100455 0.0
23.0 1.0 Bus -1.0 -1.0 -1.0 -1.0 -1.0 -1.0 -1.0 3.161 3.746 12.482 230.134 1.963 1185.481 -0.46542695216007424 0.0
23.0 0.0 Car -1.0 -1.0 -1.0 -1.0 -1.0 -1.0 -1.0 1.775 1.547 4.51 186.787 0.774 1125.706 -2.2118540134022644 0.0
24.0 2.0 Car -1.0 -1.0 -1.0 -1.0 -1.0 -1.0 -1.0 1.791 1.745 4.149 218.072 1.213 1157.097 -0.4130670746002447 0.0
24.0 3.0 Car -1.0 -1.0 -1.0 -1.0 -1.0 -1.0 -1.0 1.86 1.607 4.314 215.42 1.722 1185.838 -0.43854888187100455 0.0
24.0 1.0 Bus -1.0 -1.0 -1.0 -1.0 -1.0 -1.0 -1.0 3.161 3.746 12.482 231.578 1.99 1184.755 -0.46542695216007424 0.0
24.0 0.0 Car -1.0 -1.0 -1.0 -1.0 -1.0 -1.0 -1.0 1.775 1.547 4.51 186.611 0.779 1125.545 -2.21766770760521 0.0
25.0 2.0 Car -1.0 -1.0 -1.0 -1.0 -1.0 -1.0 -1.0 1.791 1.745 4.149 220.029 1.2 1156.24 -0.4130670746002447 0.0
25.0 3.0 Car -1.0 -1.0 -1.0 -1.0 -1.0 -1.0 -1.0 1.86 1.607 4.314 218.756 1.69 1184.329 -0.43854888187100455 0.0
25.0 1.0 Bus -1.0 -1.0 -1.0 -1.0 -1.0 -1.0 -1.0 3.161 3.746 12.482 233.504 2.101 1183.788 -0.46542695216007424 0.0
25.0 0.0 Car -1.0 -1.0 -1.0 -1.0 -1.0 -1.0 -1.0 1.775 1.547 4.51 186.566 0.774 1125.451 -2.21766770760521 0.0
26.0 3.0 Car -1.0 -1.0 -1.0 -1.0 -1.0 -1.0 -1.0 1.86 1.607 4.314 221.767 1.661 1182.966 -0.43854888187100455 0.0
26.0 1.0 Bus -1.0 -1.0 -1.0 -1.0 -1.0 -1.0 -1.0 3.161 3.746 12.482 235.116 1.931 1182.978 -0.46542695216007424 0.0
26.0 0.0 Car -1.0 -1.0 -1.0 -1.0 -1.0 -1.0 -1.0 1.775 1.547 4.51 186.526 0.769 1125.367 -2.21766770760521 0.0
27.0 3.0 Car -1.0 -1.0 -1.0 -1.0 -1.0 -1.0 -1.0 1.86 1.607 4.314 225.183 1.628 1181.42 -0.43854888187100455 0.0
27.0 1.0 Bus -1.0 -1.0 -1.0 -1.0 -1.0 -1.0 -1.0 3.161 3.746 12.482 237.096 1.944 1181.984 -0.46542695216007424 0.0
27.0 0.0 Car -1.0 -1.0 -1.0 -1.0 -1.0 -1.0 -1.0 1.775 1.547 4.51 186.524 0.764 1125.375 -2.21766770760521 0.0
28.0 3.0 Car -1.0 -1.0 -1.0 -1.0 -1.0 -1.0 -1.0 1.86 1.607 4.314 228.587 1.596 1179.879 -0.43854888187100455 0.0
28.0 1.0 Bus -1.0 -1.0 -1.0 -1.0 -1.0 -1.0 -1.0 3.161 3.746 12.482 239.222 1.958 1180.916 -0.46542695216007424 0.0
28.0 0.0 Car -1.0 -1.0 -1.0 -1.0 -1.0 -1.0 -1.0 1.775 1.547 4.51 186.522 0.758 1125.383 -2.21766770760521 0.0
29.0 3.0 Car -1.0 -1.0 -1.0 -1.0 -1.0 -1.0 -1.0 1.86 1.607 4.314 231.988 1.563 1178.339 -0.43854888187100455 0.0
29.0 1.0 Bus -1.0 -1.0 -1.0 -1.0 -1.0 -1.0 -1.0 3.161 3.746 12.482 241.257 1.972 1179.894 -0.46542695216007424 0.0
29.0 0.0 Car -1.0 -1.0 -1.0 -1.0 -1.0 -1.0 -1.0 1.775 1.547 4.51 186.521 0.753 1125.391 -2.21766770760521 0.0
30.0 3.0 Car -1.0 -1.0 -1.0 -1.0 -1.0 -1.0 -1.0 1.86 1.607 4.314 235.392 1.531 1176.798 -0.43854888187100455 0.0
30.0 1.0 Bus -1.0 -1.0 -1.0 -1.0 -1.0 -1.0 -1.0 3.161 3.746 12.482 243.294 1.986 1178.871 -0.46542695216007424 0.0
30.0 0.0 Car -1.0 -1.0 -1.0 -1.0 -1.0 -1.0 -1.0 1.775 1.547 4.51 186.519 0.758 1125.384 -2.21766770760521 0.0
31.0 1.0 Bus -1.0 -1.0 -1.0 -1.0 -1.0 -1.0 -1.0 3.161 3.746 12.482 245.559 1.999 1177.734 -0.46542695216007424 0.0
32.0 1.0 Bus -1.0 -1.0 -1.0 -1.0 -1.0 -1.0 -1.0 3.161 3.746 12.482 247.154 2.013 1176.932 -0.46542695216007424 0.0
33.0 1.0 Bus -1.0 -1.0 -1.0 -1.0 -1.0 -1.0 -1.0 3.161 3.746 12.482 248.753 2.027 1176.129 -0.46542695216007424 0.0
