0.0 2.0 Truck -1.0 -1.0 -1.0 -1.0 -1.0 -1.0 -1.0 2.171 2.622 5.553 423.805 1.829 1210.952 -1.9893960944902256 0.0
0.0 9.0 Car -1.0 -1.0 -1.0 -1.0 -1.0 -1.0 -1.0 2.08 1.548 4.562 321.899 1.024 1142.629 -0.45494114891866483 0.0
0.0 6.0 Car -1.0 -1.0 -1.0 -1.0 -1.0 -1.0 -1.0 1.89 1.484 4.414 399.809 0.762 1165.223 -1.963530315159557 0.0
0.0 11.0 Car -1.0 -1.0 -1.0 -1.0 -1.0 -1.0 -1.0 1.886 1.765 4.525 378.954 0.706 1138.927 0.7825009169453443 0.0
0.0 5.0 Truck -1.0 -1.0 -1.0 -1.0 -1.0 -1.0 -1.0 1.963 2.083 4.824 365.512 0.999 1133.262 -0.03235840404100898 0.0
0.0 8.0 Car -1.0 -1.0 -1.0 -1.0 -1.0 -1.0 -1.0 2.029 1.717 4.45 356.505 0.836 1134.762 -0.3059907099469301 0.0
0.0 0.0 Car -1.0 -1.0 -1.0 -1.0 -1.0 -1.0 -1.0 1.853 1.431 4.251 400.715 0.489 1148.777 -1.837335990222835 0.0
1.0 2.0 Truck -1.0 -1.0 -1.0 -1.0 -1.0 -1.0 -1.0 2.171 2.622 5.553 422.882 1.829 1208.634 -2.006849387010169 1.0
1.0 9.0 Car -1.0 -1.0 -1.0 -1.0 -1.0 -1.0 -1.0 2.08 1.548 4.562 326.986 1.024 1140.294 -0.45494114891866483 1.0
1.0 6.0 Car -1.0 -1.0 -1.0 -1.0 -1.0 -1.0 -1.0 1.89 1.484 4.414 399.114 0.762 1163.706 -1.963530315159557 1.0
1.0 12.0 Truck -1.0 -1.0 -1.0 -1.0 -1.0 -1.0 -1.0 2.029 1.794 4.861 352.712 1.217 1129.374 -0.41758768468219576 0.0
1.0 11.0 Car -1.0 -1.0 -1.0 -1.0 -1.0 -1.0 -1.0 1.886 1.765 4.525 380.362 0.706 1140.646 0.9003423739771651 1.0
1.0 5.0 Truck -1.0 -1.0 -1.0 -1.0 -1.0 -1.0 -1.0 1.963 2.083 4.824 366.682 0.995 1133.345 0.022932550573605322 1.0
1.0 8.0 Car -1.0 -1.0 -1.0 -1.0 -1.0 -1.0 -1.0 2.029 1.717 4.45 357.158 0.836 1134.603 -0.28458410323333877 1.0
1.0 0.0 Car -1.0 -1.0 -1.0 -1.0 -1.0 -1.0 -1.0 1.853 1.431 4.251 399.922 0.456 1146.021 -1.8307091358275083 1.0
2.0 2.0 Truck -1.0 -1.0 -1.0 -1.0 -1.0 -1.0 -1.0 2.171 2.622 5.553 421.958 1.829 1206.317 -2.0243026795301122 1.0
2.0 9.0 Car -1.0 -1.0 -1.0 -1.0 -1.0 -1.0 -1.0 2.08 1.548 4.562 332.276 0.99 1137.964 -0.45039426404316085 1.0
2.0 6.0 Car -1.0 -1.0 -1.0 -1.0 -1.0 -1.0 -1.0 1.89 1.484 4.414 398.279 0.762 1161.852 -1.963530315159557 1.0
2.0 12.0 Truck -1.0 -1.0 -1.0 -1.0 -1.0 -1.0 -1.0 2.029 1.794 4.861 357.86 1.187 1127.03 -0.4210783431861844 1.0
2.0 11.0 Car -1.0 -1.0 -1.0 -1.0 -1.0 -1.0 -1.0 1.886 1.765 4.525 381.929 0.706 1143.103 1.018183831008986 1.0
2.0 5.0 Truck -1.0 -1.0 -1.0 -1.0 -1.0 -1.0 -1.0 1.963 2.083 4.824 367.846 0.99 1133.493 0.07822350518821962 1.0
2.0 8.0 Car -1.0 -1.0 -1.0 -1.0 -1.0 -1.0 -1.0 2.029 1.717 4.45 357.815 0.836 1134.455 -0.26317749651974737 1.0
2.0 0.0 Car -1.0 -1.0 -1.0 -1.0 -1.0 -1.0 -1.0 1.853 1.431 4.251 398.92 0.424 1142.776 -1.8240822814321807 1.0
3.0 2.0 Truck -1.0 -1.0 -1.0 -1.0 -1.0 -1.0 -1.0 2.171 2.622 5.553 420.505 1.829 1203.003 -2.0330293257900838 1.0
3.0 9.0 Car -1.0 -1.0 -1.0 -1.0 -1.0 -1.0 -1.0 2.08 1.548 4.562 337.567 0.957 1135.634 -0.4458473791676569 1.0
3.0 6.0 Car -1.0 -1.0 -1.0 -1.0 -1.0 -1.0 -1.0 1.89 1.484 4.414 397.444 0.762 1159.998 -1.963530315159557 1.0
3.0 10.0 Car -1.0 -1.0 -1.0 -1.0 -1.0 -1.0 -1.0 1.745 1.676 4.277 323.707 0.92 1146.84 -0.38791583830262283 0.0
3.0 12.0 Truck -1.0 -1.0 -1.0 -1.0 -1.0 -1.0 -1.0 2.029 1.794 4.861 363.008 1.157 1124.685 -0.4245690016901731 1.0
3.0 11.0 Car -1.0 -1.0 -1.0 -1.0 -1.0 -1.0 -1.0 1.886 1.765 4.525 383.162 0.706 1145.423 1.034214415007804 1.0
3.0 5.0 Truck -1.0 -1.0 -1.0 -1.0 -1.0 -1.0 -1.0 1.963 2.083 4.824 369.0 0.986 1133.704 0.13351445980283394 1.0
3.0 8.0 Car -1.0 -1.0 -1.0 -1.0 -1.0 -1.0 -1.0 2.029 1.717 4.45 358.473 0.836 1134.316 -0.24177088980615613 1.0
3.0 0.0 Car -1.0 -1.0 -1.0 -1.0 -1.0 -1.0 -1.0 1.853 1.431 4.251 398.447 0.392 1139.939 -1.817455427036853 1.0
4.0 2.0 Truck -1.0 -1.0 -1.0 -1.0 -1.0 -1.0 -1.0 2.171 2.622 5.553 419.052 1.829 1199.689 -2.041755972050055 1.0
4.0 9.0 Car -1.0 -1.0 -1.0 -1.0 -1.0 -1.0 -1.0 2.08 1.548 4.562 342.857 0.924 1133.304 -0.44130049429215307 1.0
4.0 6.0 Car -1.0 -1.0 -1.0 -1.0 -1.0 -1.0 -1.0 1.89 1.484 4.414 396.734 0.762 1158.443 -1.963530315159557 1.0
4.0 10.0 Car -1.0 -1.0 -1.0 -1.0 -1.0 -1.0 -1.0 1.745 1.676 4.277 328.011 0.87 1145.165 -0.3783165274166542 1.0
4.0 12.0 Truck -1.0 -1.0 -1.0 -1.0 -1.0 -1.0 -1.0 2.029 1.794 4.861 368.157 1.127 1122.34 -0.4280596601941617 1.0
4.0 11.0 Car -1.0 -1.0 -1.0 -1.0 -1.0 -1.0 -1.0 1.886 1.765 4.525 384.649 0.706 1148.13 1.03955794300741 0.0
4.0 5.0 Truck -1.0 -1.0 -1.0 -1.0 -1.0 -1.0 -1.0 1.963 2.083 4.824 370.559 0.981 1134.208 0.24698305615059277 1.0
4.0 8.0 Car -1.0 -1.0 -1.0 -1.0 -1.0 -1.0 -1.0 2.029 1.717 4.45 359.132 0.836 1134.181 -0.22036428309256495 1.0
4.0 0.0 Car -1.0 -1.0 -1.0 -1.0 -1.0 -1.0 -1.0 1.853 1.431 4.251 397.866 0.36 1137.739 -1.7778196533574224 1.0
5.0 2.0 Truck -1.0 -1.0 -1.0 -1.0 -1.0 -1.0 -1.0 2.171 2.622 5.553 417.566 1.829 1196.463 -2.0243026795301122 0.0
5.0 9.0 Car -1.0 -1.0 -1.0 -1.0 -1.0 -1.0 -1.0 2.08 1.548 4.562 347.817 0.89 1131.044 -0.4276598396656415 0.0
5.0 6.0 Car -1.0 -1.0 -1.0 -1.0 -1.0 -1.0 -1.0 1.89 1.484 4.414 395.948 0.762 1156.747 -1.963530315159557 0.0
5.0 10.0 Car -1.0 -1.0 -1.0 -1.0 -1.0 -1.0 -1.0 1.745 1.676 4.277 332.316 0.82 1143.49 -0.3687172165306856 0.0
5.0 12.0 Truck -1.0 -1.0 -1.0 -1.0 -1.0 -1.0 -1.0 2.029 1.794 4.861 372.791 1.097 1120.077 -0.43155031869815025 0.0
5.0 11.0 Car -1.0 -1.0 -1.0 -1.0 -1.0 -1.0 -1.0 1.886 1.765 4.525 386.135 0.706 1150.837 1.044901471007016 0.0
5.0 5.0 Truck -1.0 -1.0 -1.0 -1.0 -1.0 -1.0 -1.0 1.963 2.083 4.824 372.051 0.977 1134.886 0.3604516524983514 0.0
5.0 8.0 Car -1.0 -1.0 -1.0 -1.0 -1.0 -1.0 -1.0 2.029 1.717 4.45 359.791 0.836 1134.046 -0.19895767637897355 0.0
5.0 0.0 Car -1.0 -1.0 -1.0 -1.0 -1.0 -1.0 -1.0 1.853 1.431 4.251 397.373 0.327 1135.518 -1.7381838796779923 0.0
6.0 2.0 Truck -1.0 -1.0 -1.0 -1.0 -1.0 -1.0 -1.0 2.171 2.622 5.553 416.467 1.829 1193.76 -2.006849387010169 0.0
6.0 3.0 Car -1.0 -1.0 -1.0 -1.0 -1.0 -1.0 -1.0 1.874 1.538 4.363 401.413 0.804 1169.871 -1.952028594671939 0.0
6.0 13.0 Truck -1.0 -1.0 -1.0 -1.0 -1.0 -1.0 -1.0 2.494 2.671 6.603 305.944 1.382 1153.023 -0.37586779859963415 0.0
6.0 9.0 Car -1.0 -1.0 -1.0 -1.0 -1.0 -1.0 -1.0 2.08 1.548 4.562 352.776 0.857 1128.783 -0.41401918503912993 0.0
6.0 6.0 Car -1.0 -1.0 -1.0 -1.0 -1.0 -1.0 -1.0 1.89 1.484 4.414 395.162 0.762 1155.051 -1.963530315159557 0.0
6.0 1.0 Car -1.0 -1.0 -1.0 -1.0 -1.0 -1.0 -1.0 2.146 1.653 4.247 363.215 0.856 1121.003 -0.45383796536346127 0.0
6.0 10.0 Car -1.0 -1.0 -1.0 -1.0 -1.0 -1.0 -1.0 1.745 1.676 4.277 336.62 0.77 1141.815 -0.3591179056447169 0.0
6.0 12.0 Truck -1.0 -1.0 -1.0 -1.0 -1.0 -1.0 -1.0 2.029 1.794 4.861 377.425 1.067 1117.814 -0.435040977202139 0.0
6.0 11.0 Car -1.0 -1.0 -1.0 -1.0 -1.0 -1.0 -1.0 1.886 1.765 4.525 387.641 0.706 1153.578 1.050244999006622 0.0
6.0 14.0 Car -1.0 -1.0 -1.0 -1.0 -1.0 -1.0 -1.0 1.977 1.691 4.354 364.479 0.96 1123.936 -0.4408204076169126 0.0
6.0 7.0 Car -1.0 -1.0 -1.0 -1.0 -1.0 -1.0 -1.0 1.932 2.0 4.4 355.717 0.935 1124.007 -0.41893138032357413 0.0
6.0 5.0 Truck -1.0 -1.0 -1.0 -1.0 -1.0 -1.0 -1.0 1.963 2.083 4.824 373.454 0.972 1135.515 0.43901366380622336 0.0
6.0 8.0 Car -1.0 -1.0 -1.0 -1.0 -1.0 -1.0 -1.0 2.029 1.717 4.45 360.857 0.799 1133.86 -0.15027669136807575 0.0
6.0 0.0 Car -1.0 -1.0 -1.0 -1.0 -1.0 -1.0 -1.0 1.853 1.431 4.251 396.968 0.295 1133.279 -1.6985481059985619 0.0
7.0 2.0 Truck -1.0 -1.0 -1.0 -1.0 -1.0 -1.0 -1.0 2.171 2.622 5.553 415.4 1.829 1191.639 -2.0243026795301122 0.0
7.0 3.0 Car -1.0 -1.0 -1.0 -1.0 -1.0 -1.0 -1.0 1.874 1.538 4.363 400.783 0.804 1168.37 -1.952028594671939 0.0
7.0 13.0 Truck -1.0 -1.0 -1.0 -1.0 -1.0 -1.0 -1.0 2.494 2.671 6.603 309.67 1.359 1151.761 -0.37586779859963415 0.0
7.0 9.0 Car -1.0 -1.0 -1.0 -1.0 -1.0 -1.0 -1.0 2.08 1.548 4.562 357.735 0.824 1126.523 -0.4003785304126186 0.0
7.0 6.0 Car -1.0 -1.0 -1.0 -1.0 -1.0 -1.0 -1.0 1.89 1.484 4.414 394.477 0.762 1153.537 -1.963530315159557 0.0
7.0 1.0 Car -1.0 -1.0 -1.0 -1.0 -1.0 -1.0 -1.0 2.146 1.653 4.247 363.32 0.856 1120.984 -0.45383796536346127 0.0
7.0 10.0 Car -1.0 -1.0 -1.0 -1.0 -1.0 -1.0 -1.0 1.745 1.676 4.277 340.925 0.72 1140.14 -0.3495185947587481 0.0
7.0 12.0 Truck -1.0 -1.0 -1.0 -1.0 -1.0 -1.0 -1.0 2.029 1.794 4.861 380.785 1.067 1116.23 -0.41758768468219576 0.0
7.0 11.0 Car -1.0 -1.0 -1.0 -1.0 -1.0 -1.0 -1.0 1.886 1.765 4.525 389.146 0.706 1156.32 1.0555885270062282 0.0
7.0 14.0 Car -1.0 -1.0 -1.0 -1.0 -1.0 -1.0 -1.0 1.977 1.691 4.354 368.816 0.96 1121.824 -0.4408204076169126 0.0
7.0 7.0 Car -1.0 -1.0 -1.0 -1.0 -1.0 -1.0 -1.0 1.932 2.0 4.4 355.695 0.985 1124.009 -0.41893138032357413 0.0
7.0 5.0 Truck -1.0 -1.0 -1.0 -1.0 -1.0 -1.0 -1.0 1.963 2.083 4.824 374.803 0.968 1136.251 0.5175756751140956 0.0
7.0 8.0 Car -1.0 -1.0 -1.0 -1.0 -1.0 -1.0 -1.0 2.029 1.717 4.45 361.932 0.761 1133.726 -0.10159570635717798 0.0
7.0 0.0 Car -1.0 -1.0 -1.0 -1.0 -1.0 -1.0 -1.0 1.853 1.431 4.251 396.652 0.263 1131.026 -1.6589123323191315 0.0
8.0 2.0 Truck -1.0 -1.0 -1.0 -1.0 -1.0 -1.0 -1.0 2.171 2.622 5.553 414.637 1.829 1189.335 -2.0243026795301122 0.0
8.0 3.0 Car -1.0 -1.0 -1.0 -1.0 -1.0 -1.0 -1.0 1.874 1.538 4.363 400.153 0.804 1166.87 -1.952028594671939 0.0
8.0 13.0 Truck -1.0 -1.0 -1.0 -1.0 -1.0 -1.0 -1.0 2.494 2.671 6.603 313.396 1.336 1150.5 -0.37586779859963415 0.0
8.0 9.0 Car -1.0 -1.0 -1.0 -1.0 -1.0 -1.0 -1.0 2.08 1.548 4.562 362.698 0.924 1124.386 -0.4003785304126186 0.0
8.0 6.0 Car -1.0 -1.0 -1.0 -1.0 -1.0 -1.0 -1.0 1.89 1.484 4.414 393.791 0.762 1152.024 -1.963530315159557 0.0
8.0 1.0 Car -1.0 -1.0 -1.0 -1.0 -1.0 -1.0 -1.0 2.146 1.653 4.247 363.425 0.856 1120.966 -0.45383796536346127 0.0
8.0 10.0 Car -1.0 -1.0 -1.0 -1.0 -1.0 -1.0 -1.0 1.745 1.676 4.277 343.944 0.92 1138.996 -0.3398223211365572 0.0
8.0 12.0 Truck -1.0 -1.0 -1.0 -1.0 -1.0 -1.0 -1.0 2.029 1.794 4.861 384.146 1.067 1114.645 -0.40013439216225244 0.0
8.0 11.0 Car -1.0 -1.0 -1.0 -1.0 -1.0 -1.0 -1.0 1.886 1.765 4.525 390.73 0.706 1159.267 1.060932055005834 0.0
8.0 14.0 Car -1.0 -1.0 -1.0 -1.0 -1.0 -1.0 -1.0 1.977 1.691 4.354 371.972 0.96 1120.325 -0.43809560386455354 0.0
8.0 7.0 Car -1.0 -1.0 -1.0 -1.0 -1.0 -1.0 -1.0 1.932 2.0 4.4 355.674 1.035 1124.01 -0.41893138032357413 0.0
8.0 5.0 Truck -1.0 -1.0 -1.0 -1.0 -1.0 -1.0 -1.0 1.963 2.083 4.824 376.102 0.963 1137.119 0.5961376864219677 0.0
8.0 8.0 Car -1.0 -1.0 -1.0 -1.0 -1.0 -1.0 -1.0 2.029 1.717 4.45 363.011 0.724 1133.644 -0.05291472134628017 0.0
8.0 0.0 Car -1.0 -1.0 -1.0 -1.0 -1.0 -1.0 -1.0 1.853 1.431 4.251 396.612 0.263 1130.31 -1.644367921885845 0.0
9.0 2.0 Truck -1.0 -1.0 -1.0 -1.0 -1.0 -1.0 -1.0 2.171 2.622 5.553 413.879 1.829 1187.664 -2.006849387010169 1.0
9.0 3.0 Car -1.0 -1.0 -1.0 -1.0 -1.0 -1.0 -1.0 1.874 1.538 4.363 399.558 0.804 1165.457 -1.952028594671939 1.0
9.0 13.0 Truck -1.0 -1.0 -1.0 -1.0 -1.0 -1.0 -1.0 2.494 2.671 6.603 317.121 1.312 1149.238 -0.37586779859963415 1.0
9.0 9.0 Car -1.0 -1.0 -1.0 -1.0 -1.0 -1.0 -1.0 2.08 1.548 4.562 366.434 0.924 1122.734 -0.4003785304126186 1.0
9.0 6.0 Car -1.0 -1.0 -1.0 -1.0 -1.0 -1.0 -1.0 1.89 1.484 4.414 393.225 0.762 1150.799 -1.963530315159557 1.0
9.0 1.0 Car -1.0 -1.0 -1.0 -1.0 -1.0 -1.0 -1.0 2.146 1.653 4.247 363.529 0.856 1120.947 -0.45383796536346127 1.0
9.0 10.0 Car -1.0 -1.0 -1.0 -1.0 -1.0 -1.0 -1.0 1.745 1.676 4.277 346.796 0.82 1137.91 -0.3301260475143666 1.0
9.0 12.0 Truck -1.0 -1.0 -1.0 -1.0 -1.0 -1.0 -1.0 2.029 1.794 4.861 386.841 1.067 1113.666 -0.3826810996423091 1.0
9.0 11.0 Car -1.0 -1.0 -1.0 -1.0 -1.0 -1.0 -1.0 1.886 1.765 4.525 391.895 0.706 1161.519 1.06969454801368 0.0
9.0 14.0 Car -1.0 -1.0 -1.0 -1.0 -1.0 -1.0 -1.0 1.977 1.691 4.354 375.129 0.96 1118.827 -0.43537080011219453 1.0
9.0 7.0 Car -1.0 -1.0 -1.0 -1.0 -1.0 -1.0 -1.0 1.932 2.0 4.4 355.932 1.085 1123.895 -0.41893138032357413 1.0
9.0 5.0 Truck -1.0 -1.0 -1.0 -1.0 -1.0 -1.0 -1.0 1.963 2.083 4.824 377.328 0.959 1138.087 0.6746996977298397 1.0
9.0 8.0 Car -1.0 -1.0 -1.0 -1.0 -1.0 -1.0 -1.0 2.029 1.717 4.45 364.093 0.686 1133.615 -0.0042337363353823765 1.0
9.0 0.0 Car -1.0 -1.0 -1.0 -1.0 -1.0 -1.0 -1.0 1.853 1.431 4.251 396.571 0.263 1129.595 -1.6298235114525597 0.0
10.0 2.0 Truck -1.0 -1.0 -1.0 -1.0 -1.0 -1.0 -1.0 2.171 2.622 5.553 413.318 1.829 1186.058 -1.9893960944902256 0.0
10.0 3.0 Car -1.0 -1.0 -1.0 -1.0 -1.0 -1.0 -1.0 1.874 1.538 4.363 398.964 0.804 1164.044 -1.952028594671939 0.0
10.0 13.0 Truck -1.0 -1.0 -1.0 -1.0 -1.0 -1.0 -1.0 2.494 2.671 6.603 320.847 1.289 1147.976 -0.37586779859963415 0.0
10.0 9.0 Car -1.0 -1.0 -1.0 -1.0 -1.0 -1.0 -1.0 2.08 1.548 4.562 370.271 0.824 1121.158 -0.4003785304126186 0.0
10.0 6.0 Car -1.0 -1.0 -1.0 -1.0 -1.0 -1.0 -1.0 1.89 1.484 4.414 392.658 0.762 1149.574 -1.963530315159557 0.0
10.0 1.0 Car -1.0 -1.0 -1.0 -1.0 -1.0 -1.0 -1.0 2.146 1.653 4.247 363.634 0.856 1120.929 -0.45383796536346127 0.0
10.0 10.0 Car -1.0 -1.0 -1.0 -1.0 -1.0 -1.0 -1.0 1.745 1.676 4.277 349.649 0.72 1136.825 -0.3204297738921757 0.0
10.0 12.0 Truck -1.0 -1.0 -1.0 -1.0 -1.0 -1.0 -1.0 2.029 1.794 4.861 389.553 1.067 1112.733 -0.3652278071223658 0.0
10.0 11.0 Car -1.0 -1.0 -1.0 -1.0 -1.0 -1.0 -1.0 1.886 1.765 4.525 393.24 0.831 1164.099 1.078457041021526 0.0
10.0 14.0 Car -1.0 -1.0 -1.0 -1.0 -1.0 -1.0 -1.0 1.977 1.691 4.354 378.286 0.96 1117.328 -0.4326459963598354 0.0
10.0 7.0 Car -1.0 -1.0 -1.0 -1.0 -1.0 -1.0 -1.0 1.932 2.0 4.4 356.19 1.135 1123.78 -0.41893138032357413 0.0
10.0 5.0 Truck -1.0 -1.0 -1.0 -1.0 -1.0 -1.0 -1.0 1.963 2.083 4.824 378.625 0.954 1139.277 0.753261709037712 0.0
10.0 8.0 Car -1.0 -1.0 -1.0 -1.0 -1.0 -1.0 -1.0 2.029 1.717 4.45 365.468 0.686 1133.583 0.056852787484419125 0.0
10.0 0.0 Car -1.0 -1.0 -1.0 -1.0 -1.0 -1.0 -1.0 1.853 1.431 4.251 396.531 0.263 1128.88 -1.6152791010192735 0.0
11.0 2.0 Truck -1.0 -1.0 -1.0 -1.0 -1.0 -1.0 -1.0 2.171 2.622 5.553 412.779 1.829 1184.445 -1.9719428019702825 0.0
11.0 3.0 Car -1.0 -1.0 -1.0 -1.0 -1.0 -1.0 -1.0 1.874 1.538 4.363 398.369 0.804 1162.631 -1.952028594671939 0.0
11.0 13.0 Truck -1.0 -1.0 -1.0 -1.0 -1.0 -1.0 -1.0 2.494 2.671 6.603 324.573 1.266 1146.714 -0.37586779859963415 0.0
11.0 9.0 Car -1.0 -1.0 -1.0 -1.0 -1.0 -1.0 -1.0 2.08 1.548 4.562 373.606 0.824 1119.561 -0.4003785304126186 0.0
11.0 6.0 Car -1.0 -1.0 -1.0 -1.0 -1.0 -1.0 -1.0 1.89 1.484 4.414 392.092 0.762 1148.348 -1.963530315159557 0.0
11.0 1.0 Car -1.0 -1.0 -1.0 -1.0 -1.0 -1.0 -1.0 2.146 1.653 4.247 363.672 0.856 1120.84 -0.45383796536346127 0.0
11.0 10.0 Car -1.0 -1.0 -1.0 -1.0 -1.0 -1.0 -1.0 1.745 1.676 4.277 351.988 0.72 1135.991 -0.2942498351122609 0.0
11.0 12.0 Truck -1.0 -1.0 -1.0 -1.0 -1.0 -1.0 -1.0 2.029 1.794 4.861 392.272 1.067 1111.825 -0.3477745146024224 0.0
11.0 11.0 Car -1.0 -1.0 -1.0 -1.0 -1.0 -1.0 -1.0 1.886 1.765 4.525 394.584 0.956 1166.678 1.0872195340293718 0.0
11.0 14.0 Car -1.0 -1.0 -1.0 -1.0 -1.0 -1.0 -1.0 1.977 1.691 4.354 381.442 0.96 1115.83 -0.42992119260747635 0.0
11.0 7.0 Car -1.0 -1.0 -1.0 -1.0 -1.0 -1.0 -1.0 1.932 2.0 4.4 356.448 1.185 1123.665 -0.41893138032357413 0.0
11.0 5.0 Truck -1.0 -1.0 -1.0 -1.0 -1.0 -1.0 -1.0 1.963 2.083 4.824 379.825 0.95 1140.566 0.831823720345584 0.0
11.0 8.0 Car -1.0 -1.0 -1.0 -1.0 -1.0 -1.0 -1.0 2.029 1.717 4.45 366.841 0.686 1133.634 0.11793931130422088 0.0
11.0 0.0 Car -1.0 -1.0 -1.0 -1.0 -1.0 -1.0 -1.0 1.853 1.431 4.251 396.594 0.263 1128.588 -1.6240057472792453 0.0
12.0 2.0 Truck -1.0 -1.0 -1.0 -1.0 -1.0 -1.0 -1.0 2.171 2.622 5.553 412.258 1.829 1182.826 -1.9544895094503396 0.0
12.0 3.0 Car -1.0 -1.0 -1.0 -1.0 -1.0 -1.0 -1.0 1.874 1.538 4.363 397.774 0.804 1161.218 -1.952028594671939 0.0
12.0 13.0 Truck -1.0 -1.0 -1.0 -1.0 -1.0 -1.0 -1.0 2.494 2.671 6.603 328.2 1.242 1145.295 -0.37586779859963415 0.0
12.0 9.0 Car -1.0 -1.0 -1.0 -1.0 -1.0 -1.0 -1.0 2.08 1.548 4.562 376.89 0.824 1117.989 -0.40489636503360793 0.0
12.0 6.0 Car -1.0 -1.0 -1.0 -1.0 -1.0 -1.0 -1.0 1.89 1.484 4.414 391.431 0.762 1146.899 -1.963530315159557 0.0
12.0 1.0 Car -1.0 -1.0 -1.0 -1.0 -1.0 -1.0 -1.0 2.146 1.653 4.247 363.71 0.856 1120.751 -0.45383796536346127 0.0
12.0 10.0 Car -1.0 -1.0 -1.0 -1.0 -1.0 -1.0 -1.0 1.745 1.676 4.277 354.938 0.72 1134.961 -0.256434367985717 0.0
12.0 12.0 Truck -1.0 -1.0 -1.0 -1.0 -1.0 -1.0 -1.0 2.029 1.794 4.861 394.992 1.067 1110.916 -0.33032122208247916 0.0
12.0 11.0 Car -1.0 -1.0 -1.0 -1.0 -1.0 -1.0 -1.0 1.886 1.765 4.525 396.091 1.106 1169.852 1.097691509541338 0.0
12.0 14.0 Car -1.0 -1.0 -1.0 -1.0 -1.0 -1.0 -1.0 1.977 1.691 4.354 384.599 0.96 1114.331 -0.42992119260747635 0.0
12.0 7.0 Car -1.0 -1.0 -1.0 -1.0 -1.0 -1.0 -1.0 1.932 2.0 4.4 356.818 1.235 1123.478 -0.41893138032357413 0.0
12.0 5.0 Truck -1.0 -1.0 -1.0 -1.0 -1.0 -1.0 -1.0 1.963 2.083 4.824 381.099 0.951 1142.295 0.8950343973014602 0.0
12.0 8.0 Car -1.0 -1.0 -1.0 -1.0 -1.0 -1.0 -1.0 2.029 1.717 4.45 368.795 0.67 1134.024 0.17924980876806895 0.0
12.0 0.0 Car -1.0 -1.0 -1.0 -1.0 -1.0 -1.0 -1.0 1.853 1.431 4.251 396.564 0.263 1128.409 -1.6065524547593013 0.0
13.0 2.0 Truck -1.0 -1.0 -1.0 -1.0 -1.0 -1.0 -1.0 2.171 2.622 5.553 411.746 1.829 1181.205 -1.9370362169303965 0.0
13.0 3.0 Car -1.0 -1.0 -1.0 -1.0 -1.0 -1.0 -1.0 1.874 1.538 4.363 397.18 0.804 1159.805 -1.952028594671939 0.0
13.0 13.0 Truck -1.0 -1.0 -1.0 -1.0 -1.0 -1.0 -1.0 2.494 2.671 6.603 331.827 1.219 1143.877 -0.37586779859963415 0.0
13.0 9.0 Car -1.0 -1.0 -1.0 -1.0 -1.0 -1.0 -1.0 2.08 1.548 4.562 380.174 0.824 1116.418 -0.40941419965459724 0.0
13.0 6.0 Car -1.0 -1.0 -1.0 -1.0 -1.0 -1.0 -1.0 1.89 1.484 4.414 390.655 0.762 1145.169 -1.963530315159557 0.0
13.0 1.0 Car -1.0 -1.0 -1.0 -1.0 -1.0 -1.0 -1.0 2.146 1.653 4.247 363.919 0.856 1120.547 -0.45383796536346127 0.0
13.0 10.0 Car -1.0 -1.0 -1.0 -1.0 -1.0 -1.0 -1.0 1.745 1.676 4.277 357.925 0.72 1134.043 -0.21861890085917324 0.0
13.0 12.0 Truck -1.0 -1.0 -1.0 -1.0 -1.0 -1.0 -1.0 2.029 1.794 4.861 398.227 0.984 1109.804 -0.33032122208247916 0.0
13.0 11.0 Car -1.0 -1.0 -1.0 -1.0 -1.0 -1.0 -1.0 1.886 1.765 4.525 397.663 1.106 1173.254 1.108163485053304 0.0
13.0 14.0 Car -1.0 -1.0 -1.0 -1.0 -1.0 -1.0 -1.0 1.977 1.691 4.354 387.598 0.86 1113.034 -0.4019959245755671 0.0
13.0 7.0 Car -1.0 -1.0 -1.0 -1.0 -1.0 -1.0 -1.0 1.932 2.0 4.4 357.188 1.285 1123.291 -0.41893138032357413 0.0
13.0 5.0 Truck -1.0 -1.0 -1.0 -1.0 -1.0 -1.0 -1.0 1.963 2.083 4.824 382.262 0.952 1144.101 0.9582450742573365 0.0
13.0 8.0 Car -1.0 -1.0 -1.0 -1.0 -1.0 -1.0 -1.0 2.029 1.717 4.45 370.721 0.653 1134.532 0.24056030623191704 0.0
13.0 0.0 Car -1.0 -1.0 -1.0 -1.0 -1.0 -1.0 -1.0 1.853 1.431 4.251 396.538 0.263 1128.229 -1.5890991622393582 0.0
14.0 2.0 Truck -1.0 -1.0 -1.0 -1.0 -1.0 -1.0 -1.0 2.171 2.622 5.553 411.234 1.829 1179.583 -1.9195829244104534 0.0
14.0 3.0 Car -1.0 -1.0 -1.0 -1.0 -1.0 -1.0 -1.0 1.874 1.538 4.363 396.577 0.804 1158.411 -1.952028594671939 0.0
14.0 13.0 Truck -1.0 -1.0 -1.0 -1.0 -1.0 -1.0 -1.0 2.494 2.671 6.603 335.455 1.196 1142.459 -0.37586779859963415 0.0
14.0 9.0 Car -1.0 -1.0 -1.0 -1.0 -1.0 -1.0 -1.0 2.08 1.548 4.562 383.458 0.824 1114.847 -0.41393203427558684 0.0
14.0 6.0 Car -1.0 -1.0 -1.0 -1.0 -1.0 -1.0 -1.0 1.89 1.484 4.414 390.114 0.762 1144.01 -1.963530315159557 0.0
14.0 1.0 Car -1.0 -1.0 -1.0 -1.0 -1.0 -1.0 -1.0 2.146 1.653 4.247 364.128 0.856 1120.342 -0.45383796536346127 0.0
14.0 10.0 Car -1.0 -1.0 -1.0 -1.0 -1.0 -1.0 -1.0 1.745 1.676 4.277 360.72 0.72 1133.446 -0.1808034337326292 0.0
14.0 12.0 Truck -1.0 -1.0 -1.0 -1.0 -1.0 -1.0 -1.0 2.029 1.794 4.861 401.463 0.9 1108.692 -0.33032122208247916 0.0
14.0 11.0 Car -1.0 -1.0 -1.0 -1.0 -1.0 -1.0 -1.0 1.886 1.765 4.525 399.235 1.106 1176.657 1.11863546056527 0.0
14.0 14.0 Car -1.0 -1.0 -1.0 -1.0 -1.0 -1.0 -1.0 1.977 1.691 4.354 390.631 0.76 1111.821 -0.37407065654365784 0.0
14.0 7.0 Car -1.0 -1.0 -1.0 -1.0 -1.0 -1.0 -1.0 1.932 2.0 4.4 357.558 1.335 1123.105 -0.41893138032357413 0.0
14.0 5.0 Truck -1.0 -1.0 -1.0 -1.0 -1.0 -1.0 -1.0 1.963 2.083 4.824 383.379 0.953 1145.892 1.038909043733156 0.0
14.0 8.0 Car -1.0 -1.0 -1.0 -1.0 -1.0 -1.0 -1.0 2.029 1.717 4.45 372.613 0.636 1135.157 0.3018708036957653 0.0
14.0 0.0 Car -1.0 -1.0 -1.0 -1.0 -1.0 -1.0 -1.0 1.853 1.431 4.251 396.513 0.263 1128.049 -1.5716458697194151 0.0
15.0 2.0 Truck -1.0 -1.0 -1.0 -1.0 -1.0 -1.0 -1.0 2.171 2.622 5.553 410.528 1.829 1177.91 -1.8478083201759354 0.0
15.0 3.0 Car -1.0 -1.0 -1.0 -1.0 -1.0 -1.0 -1.0 1.874 1.538 4.363 395.973 0.804 1157.017 -1.952028594671939 0.0
15.0 13.0 Truck -1.0 -1.0 -1.0 -1.0 -1.0 -1.0 -1.0 2.494 2.671 6.603 339.082 1.172 1141.04 -0.37586779859963415 0.0
15.0 9.0 Car -1.0 -1.0 -1.0 -1.0 -1.0 -1.0 -1.0 2.08 1.548 4.562 386.83 0.824 1113.374 -0.38354328385668945 0.0
15.0 6.0 Car -1.0 -1.0 -1.0 -1.0 -1.0 -1.0 -1.0 1.89 1.484 4.414 389.574 0.762 1142.85 -1.963530315159557 0.0
15.0 1.0 Car -1.0 -1.0 -1.0 -1.0 -1.0 -1.0 -1.0 2.146 1.653 4.247 364.835 0.856 1119.96 -0.47627509404977747 0.0
15.0 10.0 Car -1.0 -1.0 -1.0 -1.0 -1.0 -1.0 -1.0 1.745 1.676 4.277 363.112 0.72 1133.235 -0.08829193944193303 0.0
15.0 12.0 Truck -1.0 -1.0 -1.0 -1.0 -1.0 -1.0 -1.0 2.029 1.794 4.861 404.698 0.817 1107.58 -0.33032122208247916 0.0
15.0 11.0 Car -1.0 -1.0 -1.0 -1.0 -1.0 -1.0 -1.0 1.886 1.765 4.525 400.671 1.106 1179.576 1.1448153993451848 0.0
15.0 14.0 Car -1.0 -1.0 -1.0 -1.0 -1.0 -1.0 -1.0 1.977 1.691 4.354 393.698 0.661 1110.693 -0.3461453885117485 0.0
15.0 7.0 Car -1.0 -1.0 -1.0 -1.0 -1.0 -1.0 -1.0 1.932 2.0 4.4 357.558 1.335 1123.105 -0.41893138032357413 0.0
15.0 5.0 Truck -1.0 -1.0 -1.0 -1.0 -1.0 -1.0 -1.0 1.963 2.083 4.824 384.519 0.954 1148.128 1.084666428169089 0.0
15.0 8.0 Car -1.0 -1.0 -1.0 -1.0 -1.0 -1.0 -1.0 2.029 1.717 4.45 374.524 0.736 1135.96 0.3989638371243438 0.0
15.0 0.0 Car -1.0 -1.0 -1.0 -1.0 -1.0 -1.0 -1.0 1.853 1.431 4.251 396.497 0.263 1128.038 -1.5716458697194151 0.0
16.0 2.0 Truck -1.0 -1.0 -1.0 -1.0 -1.0 -1.0 -1.0 2.171 2.622 5.553 409.943 1.829 1176.191 -1.7760337159414175 1.0
16.0 3.0 Car -1.0 -1.0 -1.0 -1.0 -1.0 -1.0 -1.0 1.874 1.538 4.363 395.502 0.804 1155.846 -1.952028594671939 1.0
16.0 13.0 Truck -1.0 -1.0 -1.0 -1.0 -1.0 -1.0 -1.0 2.494 2.671 6.603 342.709 1.149 1139.622 -0.37586779859963415 1.0
16.0 9.0 Car -1.0 -1.0 -1.0 -1.0 -1.0 -1.0 -1.0 2.08 1.548 4.562 390.554 0.824 1111.981 -0.38530372668931756 0.0
16.0 6.0 Car -1.0 -1.0 -1.0 -1.0 -1.0 -1.0 -1.0 1.89 1.484 4.414 389.247 0.762 1142.11 -1.963530315159557 0.0
16.0 1.0 Car -1.0 -1.0 -1.0 -1.0 -1.0 -1.0 -1.0 2.146 1.653 4.247 365.542 0.856 1119.577 -0.49871222273609384 1.0
16.0 10.0 Car -1.0 -1.0 -1.0 -1.0 -1.0 -1.0 -1.0 1.745 1.676 4.277 365.514 0.72 1133.246 0.0042195548487629075 1.0
16.0 12.0 Truck -1.0 -1.0 -1.0 -1.0 -1.0 -1.0 -1.0 2.029 1.794 4.861 408.534 0.771 1106.262 -0.33032122208247916 1.0
16.0 14.0 Car -1.0 -1.0 -1.0 -1.0 -1.0 -1.0 -1.0 1.977 1.691 4.354 396.794 0.561 1109.651 -0.31822012047983916 0.0
16.0 7.0 Car -1.0 -1.0 -1.0 -1.0 -1.0 -1.0 -1.0 1.932 2.0 4.4 357.558 1.335 1123.105 -0.41893138032357413 1.0
16.0 5.0 Truck -1.0 -1.0 -1.0 -1.0 -1.0 -1.0 -1.0 1.963 2.083 4.824 385.742 0.955 1150.541 1.0778231311674986 1.0
16.0 8.0 Car -1.0 -1.0 -1.0 -1.0 -1.0 -1.0 -1.0 2.029 1.717 4.45 376.349 0.836 1136.944 0.49605687055292247 1.0
16.0 0.0 Car -1.0 -1.0 -1.0 -1.0 -1.0 -1.0 -1.0 1.853 1.431 4.251 396.481 0.263 1128.026 -1.5716458697194151 1.0
17.0 2.0 Truck -1.0 -1.0 -1.0 -1.0 -1.0 -1.0 -1.0 2.171 2.622 5.553 409.483 1.829 1174.434 -1.7042591117069004 1.0
17.0 3.0 Car -1.0 -1.0 -1.0 -1.0 -1.0 -1.0 -1.0 1.874 1.538 4.363 395.031 0.804 1154.674 -1.952028594671939 1.0
17.0 13.0 Truck -1.0 -1.0 -1.0 -1.0 -1.0 -1.0 -1.0 2.494 2.671 6.603 346.336 1.126 1138.203 -0.37586779859963415 1.0
17.0 9.0 Car -1.0 -1.0 -1.0 -1.0 -1.0 -1.0 -1.0 2.08 1.548 4.562 394.279 0.824 1110.588 -0.3870641695219459 0.0
17.0 6.0 Car -1.0 -1.0 -1.0 -1.0 -1.0 -1.0 -1.0 1.89 1.484 4.414 388.92 0.762 1141.37 -1.963530315159557 0.0
17.0 1.0 Car -1.0 -1.0 -1.0 -1.0 -1.0 -1.0 -1.0 2.146 1.653 4.247 366.902 0.84 1118.511 -0.624579130335658 1.0
17.0 10.0 Car -1.0 -1.0 -1.0 -1.0 -1.0 -1.0 -1.0 1.745 1.676 4.277 367.904 0.72 1133.479 0.09673104913945885 1.0
17.0 12.0 Truck -1.0 -1.0 -1.0 -1.0 -1.0 -1.0 -1.0 2.029 1.794 4.861 412.371 0.725 1104.944 -0.33032122208247916 1.0
17.0 14.0 Car -1.0 -1.0 -1.0 -1.0 -1.0 -1.0 -1.0 1.977 1.691 4.354 400.06 0.511 1108.881 -0.30687548034187606 0.0
17.0 7.0 Car -1.0 -1.0 -1.0 -1.0 -1.0 -1.0 -1.0 1.932 2.0 4.4 359.102 1.294 1122.382 -0.4234386568691298 1.0
17.0 5.0 Truck -1.0 -1.0 -1.0 -1.0 -1.0 -1.0 -1.0 1.963 2.083 4.824 387.221 1.106 1153.569 1.0709798341659085 1.0
17.0 8.0 Car -1.0 -1.0 -1.0 -1.0 -1.0 -1.0 -1.0 2.029 1.717 4.45 378.497 0.836 1138.627 0.6517594791307926 1.0
17.0 0.0 Car -1.0 -1.0 -1.0 -1.0 -1.0 -1.0 -1.0 1.853 1.431 4.251 396.466 0.263 1128.014 -1.5716458697194151 1.0
18.0 2.0 Truck -1.0 -1.0 -1.0 -1.0 -1.0 -1.0 -1.0 2.171 2.622 5.553 409.122 1.829 1172.637 -1.7563841869351227 0.0
18.0 3.0 Car -1.0 -1.0 -1.0 -1.0 -1.0 -1.0 -1.0 1.874 1.538 4.363 394.683 0.804 1153.641 -1.952028594671939 1.0
18.0 13.0 Truck -1.0 -1.0 -1.0 -1.0 -1.0 -1.0 -1.0 2.494 2.671 6.603 349.696 1.136 1136.972 -0.37586779859963415 1.0
18.0 9.0 Car -1.0 -1.0 -1.0 -1.0 -1.0 -1.0 -1.0 2.08 1.548 4.562 398.003 0.824 1109.195 -0.38882461235457394 0.0
18.0 6.0 Car -1.0 -1.0 -1.0 -1.0 -1.0 -1.0 -1.0 1.89 1.484 4.414 388.592 0.762 1140.63 -1.963530315159557 0.0
18.0 1.0 Car -1.0 -1.0 -1.0 -1.0 -1.0 -1.0 -1.0 2.146 1.653 4.247 368.117 0.823 1117.283 -0.7504460379352222 0.0
18.0 10.0 Car -1.0 -1.0 -1.0 -1.0 -1.0 -1.0 -1.0 1.745 1.676 4.277 370.286 0.72 1133.985 0.21179946165598953 1.0
18.0 12.0 Truck -1.0 -1.0 -1.0 -1.0 -1.0 -1.0 -1.0 2.029 1.794 4.861 416.207 0.679 1103.626 -0.33032122208247916 1.0
18.0 14.0 Car -1.0 -1.0 -1.0 -1.0 -1.0 -1.0 -1.0 1.977 1.691 4.354 403.327 0.462 1108.11 -0.29553084020391296 0.0
18.0 7.0 Car -1.0 -1.0 -1.0 -1.0 -1.0 -1.0 -1.0 1.932 2.0 4.4 360.647 1.252 1121.659 -0.4279459334146854 1.0
18.0 5.0 Truck -1.0 -1.0 -1.0 -1.0 -1.0 -1.0 -1.0 1.963 2.083 4.824 388.938 1.157 1156.846 1.0641365371643183 1.0
18.0 8.0 Car -1.0 -1.0 -1.0 -1.0 -1.0 -1.0 -1.0 2.029 1.717 4.45 380.605 0.836 1140.814 0.788632347567525 1.0
18.0 0.0 Car -1.0 -1.0 -1.0 -1.0 -1.0 -1.0 -1.0 1.853 1.431 4.251 396.45 0.263 1128.003 -1.5716458697194151 1.0
19.0 2.0 Truck -1.0 -1.0 -1.0 -1.0 -1.0 -1.0 -1.0 2.171 2.622 5.553 408.667 1.829 1170.86 -1.8085092621633445 0.0
19.0 3.0 Car -1.0 -1.0 -1.0 -1.0 -1.0 -1.0 -1.0 1.874 1.538 4.363 394.342 0.804 1152.901 -1.952028594671939 0.0
19.0 13.0 Truck -1.0 -1.0 -1.0 -1.0 -1.0 -1.0 -1.0 2.494 2.671 6.603 353.055 1.146 1135.741 -0.37586779859963415 1.0
19.0 9.0 Car -1.0 -1.0 -1.0 -1.0 -1.0 -1.0 -1.0 2.08 1.548 4.562 401.084 0.71 1107.888 -0.4027978243535531 0.0
19.0 6.0 Car -1.0 -1.0 -1.0 -1.0 -1.0 -1.0 -1.0 1.89 1.484 4.414 388.383 0.762 1140.175 -1.963530315159557 0.0
19.0 1.0 Car -1.0 -1.0 -1.0 -1.0 -1.0 -1.0 -1.0 2.146 1.653 4.247 369.168 0.806 1115.912 -0.8763129455347863 0.0
19.0 10.0 Car -1.0 -1.0 -1.0 -1.0 -1.0 -1.0 -1.0 1.745 1.676 4.277 372.593 0.72 1134.762 0.32686787417252017 1.0
19.0 12.0 Truck -1.0 -1.0 -1.0 -1.0 -1.0 -1.0 -1.0 2.029 1.794 4.861 420.043 0.634 1102.308 -0.33032122208247916 1.0
19.0 14.0 Car -1.0 -1.0 -1.0 -1.0 -1.0 -1.0 -1.0 1.977 1.691 4.354 406.593 0.412 1107.34 -0.2841862000659497 0.0
19.0 7.0 Car -1.0 -1.0 -1.0 -1.0 -1.0 -1.0 -1.0 1.932 2.0 4.4 362.192 1.21 1120.936 -0.43245320996024095 1.0
19.0 5.0 Truck -1.0 -1.0 -1.0 -1.0 -1.0 -1.0 -1.0 1.963 2.083 4.824 390.655 1.208 1160.122 1.0572932401627282 1.0
19.0 8.0 Car -1.0 -1.0 -1.0 -1.0 -1.0 -1.0 -1.0 2.029 1.717 4.45 382.394 0.836 1143.268 0.9255052160042574 0.0
19.0 0.0 Car -1.0 -1.0 -1.0 -1.0 -1.0 -1.0 -1.0 1.853 1.431 4.251 396.435 0.263 1127.991 -1.5716458697194151 1.0
20.0 2.0 Truck -1.0 -1.0 -1.0 -1.0 -1.0 -1.0 -1.0 2.171 2.622 5.553 408.123 1.829 1169.269 -1.8249470099338299 0.0
20.0 3.0 Car -1.0 -1.0 -1.0 -1.0 -1.0 -1.0 -1.0 1.874 1.538 4.363 394.0 0.804 1152.161 -1.952028594671939 0.0
20.0 13.0 Truck -1.0 -1.0 -1.0 -1.0 -1.0 -1.0 -1.0 2.494 2.671 6.603 355.819 1.156 1134.796 -0.3573630901443041 1.0
20.0 9.0 Car -1.0 -1.0 -1.0 -1.0 -1.0 -1.0 -1.0 2.08 1.548 4.562 404.165 0.597 1106.581 -0.4167710363525321 0.0
20.0 6.0 Car -1.0 -1.0 -1.0 -1.0 -1.0 -1.0 -1.0 1.89 1.484 4.414 388.267 0.762 1139.945 -1.963530315159557 0.0
20.0 1.0 Car -1.0 -1.0 -1.0 -1.0 -1.0 -1.0 -1.0 2.146 1.653 4.247 370.417 0.79 1113.838 -1.0021798531343507 0.0
20.0 10.0 Car -1.0 -1.0 -1.0 -1.0 -1.0 -1.0 -1.0 1.745 1.676 4.277 374.797 0.72 1135.798 0.4419362866890508 1.0
20.0 12.0 Truck -1.0 -1.0 -1.0 -1.0 -1.0 -1.0 -1.0 2.029 1.794 4.861 423.896 0.5 1100.831 -0.33032122208247916 0.0
20.0 14.0 Car -1.0 -1.0 -1.0 -1.0 -1.0 -1.0 -1.0 1.977 1.691 4.354 409.859 0.412 1106.57 -0.27284155992798653 0.0
20.0 7.0 Car -1.0 -1.0 -1.0 -1.0 -1.0 -1.0 -1.0 1.932 2.0 4.4 363.878 1.169 1120.032 -0.5146038004699859 1.0
20.0 5.0 Truck -1.0 -1.0 -1.0 -1.0 -1.0 -1.0 -1.0 1.963 2.083 4.824 392.373 1.259 1163.399 1.0504499431611376 1.0
20.0 8.0 Car -1.0 -1.0 -1.0 -1.0 -1.0 -1.0 -1.0 2.029 1.717 4.45 384.184 0.836 1146.044 0.9916884391861875 0.0
20.0 15.0 Bus -1.0 -1.0 -1.0 -1.0 -1.0 -1.0 -1.0 3.819 3.647 12.1 354.109 1.541 1112.23 2.0679148367433693 0.0
20.0 0.0 Car -1.0 -1.0 -1.0 -1.0 -1.0 -1.0 -1.0 1.853 1.431 4.251 396.419 0.263 1127.979 -1.5716458697194151 1.0
21.0 2.0 Truck -1.0 -1.0 -1.0 -1.0 -1.0 -1.0 -1.0 2.171 2.622 5.553 407.579 1.829 1167.678 -1.8413847577043143 0.0
21.0 3.0 Car -1.0 -1.0 -1.0 -1.0 -1.0 -1.0 -1.0 1.874 1.538 4.363 393.692 0.804 1151.543 -1.952028594671939 0.0
21.0 13.0 Truck -1.0 -1.0 -1.0 -1.0 -1.0 -1.0 -1.0 2.494 2.671 6.603 358.328 1.166 1133.947 -0.33885838168897403 1.0
21.0 9.0 Car -1.0 -1.0 -1.0 -1.0 -1.0 -1.0 -1.0 2.08 1.548 4.562 408.044 0.534 1104.946 -0.4074555616865461 0.0
21.0 6.0 Car -1.0 -1.0 -1.0 -1.0 -1.0 -1.0 -1.0 1.89 1.484 4.414 388.267 0.762 1139.945 -1.963530315159557 0.0
21.0 1.0 Car -1.0 -1.0 -1.0 -1.0 -1.0 -1.0 -1.0 2.146 1.653 4.247 371.396 0.773 1111.623 -1.1280467607339146 0.0
21.0 10.0 Car -1.0 -1.0 -1.0 -1.0 -1.0 -1.0 -1.0 1.745 1.676 4.277 376.84 0.72 1137.124 0.5826491380117278 1.0
21.0 12.0 Truck -1.0 -1.0 -1.0 -1.0 -1.0 -1.0 -1.0 2.029 1.794 4.861 427.749 0.367 1099.354 -0.33032122208247916 0.0
21.0 14.0 Car -1.0 -1.0 -1.0 -1.0 -1.0 -1.0 -1.0 1.977 1.691 4.354 413.588 0.363 1105.383 -0.28447708827461543 0.0
21.0 7.0 Car -1.0 -1.0 -1.0 -1.0 -1.0 -1.0 -1.0 1.932 2.0 4.4 365.484 1.127 1118.994 -0.5967543909797309 1.0
21.0 5.0 Truck -1.0 -1.0 -1.0 -1.0 -1.0 -1.0 -1.0 1.963 2.083 4.824 394.237 1.31 1166.834 1.0696128631848607 1.0
21.0 8.0 Car -1.0 -1.0 -1.0 -1.0 -1.0 -1.0 -1.0 2.029 1.717 4.45 385.786 0.836 1148.932 1.057871662368118 0.0
21.0 15.0 Bus -1.0 -1.0 -1.0 -1.0 -1.0 -1.0 -1.0 3.819 3.647 12.1 353.613 1.541 1112.987 2.0976137042626655 0.0
21.0 0.0 Car -1.0 -1.0 -1.0 -1.0 -1.0 -1.0 -1.0 1.853 1.431 4.251 396.404 0.263 1127.968 -1.5716458697194151 1.0
22.0 2.0 Truck -1.0 -1.0 -1.0 -1.0 -1.0 -1.0 -1.0 2.171 2.622 5.553 407.034 1.829 1166.087 -1.8578225054747999 0.0
22.0 3.0 Car -1.0 -1.0 -1.0 -1.0 -1.0 -1.0 -1.0 1.874 1.538 4.363 393.383 0.804 1150.926 -1.952028594671939 0.0
22.0 13.0 Truck -1.0 -1.0 -1.0 -1.0 -1.0 -1.0 -1.0 2.494 2.671 6.603 360.704 1.176 1133.353 -0.21370578584042768 1.0
22.0 1.0 Car -1.0 -1.0 -1.0 -1.0 -1.0 -1.0 -1.0 2.146 1.653 4.247 372.088 0.756 1109.304 -1.2539136683334786 0.0
22.0 10.0 Car -1.0 -1.0 -1.0 -1.0 -1.0 -1.0 -1.0 1.745 1.676 4.277 378.852 0.72 1138.857 0.723361989334405 1.0
22.0 12.0 Truck -1.0 -1.0 -1.0 -1.0 -1.0 -1.0 -1.0 2.029 1.794 4.861 431.601 0.234 1097.877 -0.33032122208247916 0.0
22.0 4.0 Car -1.0 -1.0 -1.0 -1.0 -1.0 -1.0 -1.0 2.163 1.61 4.781 323.646 0.725 1146.742 -0.34462674047915187 0.0
22.0 7.0 Car -1.0 -1.0 -1.0 -1.0 -1.0 -1.0 -1.0 1.932 2.0 4.4 367.0 1.085 1117.827 -0.6789049814894755 1.0
22.0 5.0 Truck -1.0 -1.0 -1.0 -1.0 -1.0 -1.0 -1.0 1.963 2.083 4.824 395.963 1.361 1170.03 1.0887757832085836 1.0
22.0 8.0 Car -1.0 -1.0 -1.0 -1.0 -1.0 -1.0 -1.0 2.029 1.717 4.45 387.361 0.836 1152.122 1.0714971805654585 0.0
22.0 15.0 Bus -1.0 -1.0 -1.0 -1.0 -1.0 -1.0 -1.0 3.819 3.647 12.1 353.094 1.541 1113.729 2.127312571781961 0.0
22.0 0.0 Car -1.0 -1.0 -1.0 -1.0 -1.0 -1.0 -1.0 1.853 1.431 4.251 396.438 0.263 1127.787 -1.5551650698225425 1.0
23.0 2.0 Truck -1.0 -1.0 -1.0 -1.0 -1.0 -1.0 -1.0 2.171 2.622 5.553 406.628 1.829 1164.668 -1.8742602532452843 0.0
23.0 3.0 Car -1.0 -1.0 -1.0 -1.0 -1.0 -1.0 -1.0 1.874 1.538 4.363 393.122 0.804 1150.44 -1.952028594671939 0.0
23.0 13.0 Truck -1.0 -1.0 -1.0 -1.0 -1.0 -1.0 -1.0 2.494 2.671 6.603 363.136 1.186 1133.061 -0.08855318999188122 1.0
23.0 1.0 Car -1.0 -1.0 -1.0 -1.0 -1.0 -1.0 -1.0 2.146 1.653 4.247 372.562 0.74 1106.581 -1.3673600697131088 0.0
23.0 10.0 Car -1.0 -1.0 -1.0 -1.0 -1.0 -1.0 -1.0 1.745 1.676 4.277 380.601 0.72 1140.855 0.864074840657082 1.0
23.0 12.0 Truck -1.0 -1.0 -1.0 -1.0 -1.0 -1.0 -1.0 2.029 1.794 4.861 435.454 0.15 1096.401 -0.33032122208247916 0.0
23.0 4.0 Car -1.0 -1.0 -1.0 -1.0 -1.0 -1.0 -1.0 2.163 1.61 4.781 326.928 0.7 1145.672 -0.32717344795920855 1.0
23.0 7.0 Car -1.0 -1.0 -1.0 -1.0 -1.0 -1.0 -1.0 1.932 2.0 4.4 368.658 1.044 1115.885 -0.8450202058115828 1.0
23.0 5.0 Truck -1.0 -1.0 -1.0 -1.0 -1.0 -1.0 -1.0 1.963 2.083 4.824 398.241 1.462 1174.9 1.1079387032323063 1.0
23.0 8.0 Car -1.0 -1.0 -1.0 -1.0 -1.0 -1.0 -1.0 2.029 1.717 4.45 388.935 0.836 1155.311 1.0851226987627993 0.0
23.0 15.0 Bus -1.0 -1.0 -1.0 -1.0 -1.0 -1.0 -1.0 3.819 3.647 12.1 352.036 1.541 1114.989 2.182491016175926 1.0
23.0 0.0 Car -1.0 -1.0 -1.0 -1.0 -1.0 -1.0 -1.0 1.853 1.431 4.251 396.478 0.263 1127.24 -1.5386842699256704 1.0
24.0 2.0 Truck -1.0 -1.0 -1.0 -1.0 -1.0 -1.0 -1.0 2.171 2.622 5.553 406.103 1.829 1163.351 -1.8615342347053798 0.0
24.0 3.0 Car -1.0 -1.0 -1.0 -1.0 -1.0 -1.0 -1.0 1.874 1.538 4.363 393.02 0.804 1150.23 -1.952028594671939 0.0
24.0 13.0 Truck -1.0 -1.0 -1.0 -1.0 -1.0 -1.0 -1.0 2.494 2.671 6.603 365.585 1.196 1133.074 0.03659940585666521 1.0
24.0 1.0 Car -1.0 -1.0 -1.0 -1.0 -1.0 -1.0 -1.0 2.146 1.653 4.247 372.725 0.723 1103.822 -1.4808064710927389 0.0
24.0 10.0 Car -1.0 -1.0 -1.0 -1.0 -1.0 -1.0 -1.0 1.745 1.676 4.277 382.24 0.72 1143.263 0.9652500338230023 1.0
24.0 12.0 Truck -1.0 -1.0 -1.0 -1.0 -1.0 -1.0 -1.0 2.029 1.794 4.861 439.307 0.067 1094.924 -0.33032122208247916 0.0
24.0 4.0 Car -1.0 -1.0 -1.0 -1.0 -1.0 -1.0 -1.0 2.163 1.61 4.781 330.21 0.675 1144.602 -0.3097201554392652 1.0
24.0 7.0 Car -1.0 -1.0 -1.0 -1.0 -1.0 -1.0 -1.0 1.932 2.0 4.4 369.972 1.002 1113.696 -1.0111354301336901 1.0
24.0 5.0 Truck -1.0 -1.0 -1.0 -1.0 -1.0 -1.0 -1.0 1.963 2.083 4.824 400.52 1.563 1179.769 1.1271016232560291 1.0
24.0 8.0 Car -1.0 -1.0 -1.0 -1.0 -1.0 -1.0 -1.0 2.029 1.717 4.45 390.51 0.836 1158.5 1.0987482169601401 0.0
24.0 15.0 Bus -1.0 -1.0 -1.0 -1.0 -1.0 -1.0 -1.0 3.819 3.647 12.1 350.909 1.541 1116.189 2.2376694605698915 1.0
24.0 0.0 Car -1.0 -1.0 -1.0 -1.0 -1.0 -1.0 -1.0 1.853 1.431 4.251 396.518 0.263 1126.692 -1.5222034700287979 1.0
25.0 2.0 Truck -1.0 -1.0 -1.0 -1.0 -1.0 -1.0 -1.0 2.171 2.622 5.553 405.579 1.829 1162.033 -1.8488082161654742 0.0
25.0 3.0 Car -1.0 -1.0 -1.0 -1.0 -1.0 -1.0 -1.0 1.874 1.538 4.363 392.918 0.804 1150.021 -1.952028594671939 0.0
25.0 13.0 Truck -1.0 -1.0 -1.0 -1.0 -1.0 -1.0 -1.0 2.494 2.671 6.603 367.581 1.206 1133.412 0.12866579675509104 1.0
25.0 1.0 Car -1.0 -1.0 -1.0 -1.0 -1.0 -1.0 -1.0 2.146 1.653 4.247 372.569 0.656 1100.488 -1.632068339598913 0.0
25.0 10.0 Car -1.0 -1.0 -1.0 -1.0 -1.0 -1.0 -1.0 1.745 1.676 4.277 383.961 0.72 1145.952 1.00140092301928 1.0
25.0 12.0 Truck -1.0 -1.0 -1.0 -1.0 -1.0 -1.0 -1.0 2.029 1.794 4.861 443.159 -0.016 1093.447 -0.33032122208247916 0.0
25.0 4.0 Car -1.0 -1.0 -1.0 -1.0 -1.0 -1.0 -1.0 2.163 1.61 4.781 333.332 0.675 1143.492 -0.3097201554392652 1.0
25.0 7.0 Car -1.0 -1.0 -1.0 -1.0 -1.0 -1.0 -1.0 1.932 2.0 4.4 370.906 0.96 1111.319 -1.1772506544557975 1.0
25.0 5.0 Truck -1.0 -1.0 -1.0 -1.0 -1.0 -1.0 -1.0 1.963 2.083 4.824 401.939 1.648 1183.267 1.15203489828452 1.0
25.0 8.0 Car -1.0 -1.0 -1.0 -1.0 -1.0 -1.0 -1.0 2.029 1.717 4.45 392.02 0.936 1161.877 1.1065559709841661 0.0
25.0 15.0 Bus -1.0 -1.0 -1.0 -1.0 -1.0 -1.0 -1.0 3.819 3.647 12.1 349.719 1.541 1117.325 2.292847904963857 0.0
25.0 0.0 Car -1.0 -1.0 -1.0 -1.0 -1.0 -1.0 -1.0 1.853 1.431 4.251 396.574 0.263 1125.793 -1.5057226701319253 1.0
26.0 2.0 Truck -1.0 -1.0 -1.0 -1.0 -1.0 -1.0 -1.0 2.171 2.622 5.553 405.183 1.829 1160.742 -1.8075093977958683 0.0
26.0 3.0 Car -1.0 -1.0 -1.0 -1.0 -1.0 -1.0 -1.0 1.874 1.538 4.363 392.918 0.804 1150.021 -1.952028594671939 0.0
26.0 13.0 Truck -1.0 -1.0 -1.0 -1.0 -1.0 -1.0 -1.0 2.494 2.671 6.603 369.537 1.216 1133.931 0.22073218765351688 0.0
26.0 1.0 Car -1.0 -1.0 -1.0 -1.0 -1.0 -1.0 -1.0 2.146 1.653 4.247 371.911 0.59 1097.216 -1.7833302081050864 0.0
26.0 10.0 Car -1.0 -1.0 -1.0 -1.0 -1.0 -1.0 -1.0 1.745 1.676 4.277 385.584 0.72 1148.701 1.0375518122155578 0.0
26.0 12.0 Truck -1.0 -1.0 -1.0 -1.0 -1.0 -1.0 -1.0 2.029 1.794 4.861 447.012 -0.1 1091.97 -0.33032122208247916 0.0
26.0 4.0 Car -1.0 -1.0 -1.0 -1.0 -1.0 -1.0 -1.0 2.163 1.61 4.781 336.3 0.645 1142.387 -0.3097201554392652 0.0
26.0 7.0 Car -1.0 -1.0 -1.0 -1.0 -1.0 -1.0 -1.0 1.932 2.0 4.4 371.62 0.919 1108.642 -1.3243291028451143 0.0
26.0 5.0 Truck -1.0 -1.0 -1.0 -1.0 -1.0 -1.0 -1.0 1.963 2.083 4.824 403.359 1.732 1186.765 1.1769681733130102 0.0
26.0 8.0 Car -1.0 -1.0 -1.0 -1.0 -1.0 -1.0 -1.0 2.029 1.717 4.45 393.53 1.036 1165.254 1.1143637250081926 0.0
26.0 15.0 Bus -1.0 -1.0 -1.0 -1.0 -1.0 -1.0 -1.0 3.819 3.647 12.1 348.467 1.541 1118.393 2.3480263493578217 0.0
26.0 0.0 Car -1.0 -1.0 -1.0 -1.0 -1.0 -1.0 -1.0 1.853 1.431 4.251 396.63 0.263 1124.893 -1.4892418702350527 0.0
27.0 2.0 Truck -1.0 -1.0 -1.0 -1.0 -1.0 -1.0 -1.0 2.171 2.622 5.553 405.181 1.829 1160.103 -1.8075093977958683 0.0
27.0 3.0 Car -1.0 -1.0 -1.0 -1.0 -1.0 -1.0 -1.0 1.874 1.538 4.363 392.918 0.804 1150.021 -1.952028594671939 0.0
27.0 13.0 Truck -1.0 -1.0 -1.0 -1.0 -1.0 -1.0 -1.0 2.494 2.671 6.603 371.437 1.226 1134.628 0.3127985785519427 0.0
27.0 1.0 Car -1.0 -1.0 -1.0 -1.0 -1.0 -1.0 -1.0 2.146 1.653 4.247 370.769 0.523 1094.081 -1.9345920766112603 0.0
27.0 10.0 Car -1.0 -1.0 -1.0 -1.0 -1.0 -1.0 -1.0 1.745 1.676 4.277 387.106 0.72 1151.508 1.0737027014118357 0.0
27.0 12.0 Truck -1.0 -1.0 -1.0 -1.0 -1.0 -1.0 -1.0 2.029 1.794 4.861 450.864 -0.183 1090.493 -0.33032122208247916 0.0
27.0 4.0 Car -1.0 -1.0 -1.0 -1.0 -1.0 -1.0 -1.0 2.163 1.61 4.781 339.268 0.615 1141.283 -0.3097201554392652 0.0
27.0 7.0 Car -1.0 -1.0 -1.0 -1.0 -1.0 -1.0 -1.0 1.932 2.0 4.4 371.934 0.877 1105.888 -1.4714075512344307 0.0
27.0 5.0 Truck -1.0 -1.0 -1.0 -1.0 -1.0 -1.0 -1.0 1.963 2.083 4.824 404.884 1.742 1190.434 1.1800848326915716 0.0
27.0 8.0 Car -1.0 -1.0 -1.0 -1.0 -1.0 -1.0 -1.0 2.029 1.717 4.45 395.04 1.136 1168.631 1.1221714790322188 0.0
27.0 15.0 Bus -1.0 -1.0 -1.0 -1.0 -1.0 -1.0 -1.0 3.819 3.647 12.1 346.647 1.541 1119.823 2.418885386982954 0.0
27.0 0.0 Car -1.0 -1.0 -1.0 -1.0 -1.0 -1.0 -1.0 1.853 1.431 4.251 396.811 0.263 1123.659 -1.4531927164567864 0.0
28.0 2.0 Truck -1.0 -1.0 -1.0 -1.0 -1.0 -1.0 -1.0 2.171 2.622 5.553 405.031 1.829 1159.5 -1.8075093977958683 0.0
28.0 3.0 Car -1.0 -1.0 -1.0 -1.0 -1.0 -1.0 -1.0 1.874 1.538 4.363 392.918 0.804 1150.021 -1.952028594671939 0.0
28.0 13.0 Truck -1.0 -1.0 -1.0 -1.0 -1.0 -1.0 -1.0 2.494 2.671 6.603 373.265 1.236 1135.496 0.40486496945036854 0.0
28.0 1.0 Car -1.0 -1.0 -1.0 -1.0 -1.0 -1.0 -1.0 2.146 1.653 4.247 369.311 0.387 1089.869 -1.9345920766112603 0.0
28.0 10.0 Car -1.0 -1.0 -1.0 -1.0 -1.0 -1.0 -1.0 1.745 1.676 4.277 388.716 0.834 1154.796 1.0797427966932818 0.0
28.0 12.0 Truck -1.0 -1.0 -1.0 -1.0 -1.0 -1.0 -1.0 2.029 1.794 4.861 455.502 -0.266 1088.652 -0.33032122208247916 0.0
28.0 4.0 Car -1.0 -1.0 -1.0 -1.0 -1.0 -1.0 -1.0 2.163 1.61 4.781 342.236 0.585 1140.179 -0.3097201554392652 0.0
28.0 7.0 Car -1.0 -1.0 -1.0 -1.0 -1.0 -1.0 -1.0 1.932 2.0 4.4 371.841 0.835 1103.118 -1.6184859996237473 0.0
28.0 5.0 Truck -1.0 -1.0 -1.0 -1.0 -1.0 -1.0 -1.0 1.963 2.083 4.824 406.409 1.751 1194.102 1.183201492070133 0.0
28.0 8.0 Car -1.0 -1.0 -1.0 -1.0 -1.0 -1.0 -1.0 2.029 1.717 4.45 396.48 1.161 1171.982 1.1399864840179084 0.0
28.0 15.0 Bus -1.0 -1.0 -1.0 -1.0 -1.0 -1.0 -1.0 3.819 3.647 12.1 344.729 1.541 1121.121 2.4897444246080864 0.0
28.0 0.0 Car -1.0 -1.0 -1.0 -1.0 -1.0 -1.0 -1.0 1.853 1.431 4.251 397.036 0.263 1122.432 -1.41714356267852 0.0
29.0 2.0 Truck -1.0 -1.0 -1.0 -1.0 -1.0 -1.0 -1.0 2.171 2.622 5.553 404.88 1.829 1158.897 -1.8075093977958683 0.0
29.0 3.0 Car -1.0 -1.0 -1.0 -1.0 -1.0 -1.0 -1.0 1.874 1.538 4.363 392.918 0.804 1150.021 -1.952028594671939 0.0
29.0 13.0 Truck -1.0 -1.0 -1.0 -1.0 -1.0 -1.0 -1.0 2.494 2.671 6.603 375.005 1.246 1136.529 0.49693136034879437 0.0
29.0 1.0 Car -1.0 -1.0 -1.0 -1.0 -1.0 -1.0 -1.0 2.146 1.653 4.247 367.854 0.251 1085.656 -1.9345920766112603 0.0
29.0 10.0 Car -1.0 -1.0 -1.0 -1.0 -1.0 -1.0 -1.0 1.745 1.676 4.277 390.325 0.949 1158.085 1.0857828919747279 0.0
29.0 12.0 Truck -1.0 -1.0 -1.0 -1.0 -1.0 -1.0 -1.0 2.029 1.794 4.861 460.139 -0.35 1086.81 -0.33032122208247916 0.0
29.0 4.0 Car -1.0 -1.0 -1.0 -1.0 -1.0 -1.0 -1.0 2.163 1.61 4.781 345.204 0.555 1139.074 -0.3097201554392652 0.0
29.0 7.0 Car -1.0 -1.0 -1.0 -1.0 -1.0 -1.0 -1.0 1.932 2.0 4.4 371.451 0.794 1099.837 -1.701098250884812 0.0
29.0 5.0 Truck -1.0 -1.0 -1.0 -1.0 -1.0 -1.0 -1.0 1.963 2.083 4.824 407.934 1.76 1197.771 1.1863181514486942 0.0
29.0 8.0 Car -1.0 -1.0 -1.0 -1.0 -1.0 -1.0 -1.0 2.029 1.717 4.45 397.919 1.186 1175.333 1.1578014890035975 0.0
29.0 15.0 Bus -1.0 -1.0 -1.0 -1.0 -1.0 -1.0 -1.0 3.819 3.647 12.1 342.725 1.541 1122.28 2.560603462233219 0.0
29.0 0.0 Car -1.0 -1.0 -1.0 -1.0 -1.0 -1.0 -1.0 1.853 1.431 4.251 397.305 0.263 1121.214 -1.3810944089002544 0.0
30.0 3.0 Car -1.0 -1.0 -1.0 -1.0 -1.0 -1.0 -1.0 1.874 1.538 4.363 392.918 0.804 1150.021 -1.952028594671939 0.0
30.0 13.0 Truck -1.0 -1.0 -1.0 -1.0 -1.0 -1.0 -1.0 2.494 2.671 6.603 376.641 1.271 1137.764 0.6085830823597046 0.0
30.0 10.0 Car -1.0 -1.0 -1.0 -1.0 -1.0 -1.0 -1.0 1.745 1.676 4.277 391.934 1.063 1161.374 1.091822987256174 0.0
30.0 12.0 Truck -1.0 -1.0 -1.0 -1.0 -1.0 -1.0 -1.0 2.029 1.794 4.861 464.776 -0.433 1084.969 -0.33032122208247916 0.0
30.0 4.0 Car -1.0 -1.0 -1.0 -1.0 -1.0 -1.0 -1.0 2.163 1.61 4.781 347.94 0.525 1138.053 -0.3097201554392652 0.0
30.0 7.0 Car -1.0 -1.0 -1.0 -1.0 -1.0 -1.0 -1.0 1.932 2.0 4.4 370.791 0.752 1096.599 -1.7837105021458757 0.0
30.0 5.0 Truck -1.0 -1.0 -1.0 -1.0 -1.0 -1.0 -1.0 1.963 2.083 4.824 409.46 1.77 1201.44 1.1894348108272554 0.0
30.0 8.0 Car -1.0 -1.0 -1.0 -1.0 -1.0 -1.0 -1.0 2.029 1.717 4.45 399.358 1.286 1178.685 1.1578014890035975 0.0
30.0 15.0 Bus -1.0 -1.0 -1.0 -1.0 -1.0 -1.0 -1.0 3.819 3.647 12.1 340.214 1.541 1123.837 2.6242670420806116 0.0
30.0 0.0 Car -1.0 -1.0 -1.0 -1.0 -1.0 -1.0 -1.0 1.853 1.431 4.251 397.619 0.263 1120.006 -1.3450452551219882 0.0
31.0 13.0 Truck -1.0 -1.0 -1.0 -1.0 -1.0 -1.0 -1.0 2.494 2.671 6.603 378.271 1.296 1139.285 0.7202348043706146 0.0
31.0 10.0 Car -1.0 -1.0 -1.0 -1.0 -1.0 -1.0 -1.0 1.745 1.676 4.277 393.348 1.111 1164.545 1.1262121406427688 0.0
31.0 12.0 Truck -1.0 -1.0 -1.0 -1.0 -1.0 -1.0 -1.0 2.029 1.794 4.861 469.492 -0.516 1083.248 -0.33032122208247916 0.0
31.0 4.0 Car -1.0 -1.0 -1.0 -1.0 -1.0 -1.0 -1.0 2.163 1.61 4.781 351.322 0.525 1136.767 -0.3097201554392652 0.0
31.0 7.0 Car -1.0 -1.0 -1.0 -1.0 -1.0 -1.0 -1.0 1.932 2.0 4.4 369.866 0.71 1093.426 -1.866322753406939 0.0
31.0 5.0 Truck -1.0 -1.0 -1.0 -1.0 -1.0 -1.0 -1.0 1.963 2.083 4.824 411.018 1.709 1205.244 1.1873154824498338 0.0
31.0 15.0 Bus -1.0 -1.0 -1.0 -1.0 -1.0 -1.0 -1.0 3.819 3.647 12.1 337.61 1.541 1125.232 2.687930621928004 0.0
31.0 0.0 Car -1.0 -1.0 -1.0 -1.0 -1.0 -1.0 -1.0 1.853 1.431 4.251 397.975 0.263 1118.81 -1.308996101343722 0.0
32.0 13.0 Truck -1.0 -1.0 -1.0 -1.0 -1.0 -1.0 -1.0 2.494 2.671 6.603 380.04 1.321 1141.107 0.8318865263815247 0.0
32.0 10.0 Car -1.0 -1.0 -1.0 -1.0 -1.0 -1.0 -1.0 1.745 1.676 4.277 394.927 1.158 1167.832 1.1606012940293633 0.0
32.0 4.0 Car -1.0 -1.0 -1.0 -1.0 -1.0 -1.0 -1.0 2.163 1.61 4.781 353.554 0.525 1135.988 -0.3097201554392652 0.0
32.0 7.0 Car -1.0 -1.0 -1.0 -1.0 -1.0 -1.0 -1.0 1.932 2.0 4.4 368.552 0.669 1090.045 -1.89075736293486 0.0
32.0 5.0 Truck -1.0 -1.0 -1.0 -1.0 -1.0 -1.0 -1.0 1.963 2.083 4.824 412.577 1.649 1209.048 1.185196154072412 0.0
32.0 15.0 Bus -1.0 -1.0 -1.0 -1.0 -1.0 -1.0 -1.0 3.819 3.647 12.1 334.922 1.541 1126.459 2.7515942017753963 0.0
32.0 0.0 Car -1.0 -1.0 -1.0 -1.0 -1.0 -1.0 -1.0 1.853 1.431 4.251 398.398 0.263 1117.645 -1.262292910701501 0.0
33.0 13.0 Truck -1.0 -1.0 -1.0 -1.0 -1.0 -1.0 -1.0 2.494 2.671 6.603 381.594 1.346 1143.114 0.9435382483924347 0.0
33.0 10.0 Car -1.0 -1.0 -1.0 -1.0 -1.0 -1.0 -1.0 1.745 1.676 4.277 396.392 1.206 1171.171 1.1949904474159578 0.0
33.0 4.0 Car -1.0 -1.0 -1.0 -1.0 -1.0 -1.0 -1.0 2.163 1.61 4.781 356.714 0.541 1134.902 -0.22514069839548378 0.0
33.0 7.0 Car -1.0 -1.0 -1.0 -1.0 -1.0 -1.0 -1.0 1.932 2.0 4.4 367.238 0.627 1086.664 -1.9151919724627802 0.0
33.0 5.0 Truck -1.0 -1.0 -1.0 -1.0 -1.0 -1.0 -1.0 1.963 2.083 4.824 414.135 1.588 1212.852 1.1830768256949904 0.0
33.0 15.0 Bus -1.0 -1.0 -1.0 -1.0 -1.0 -1.0 -1.0 3.819 3.647 12.1 331.809 1.541 1127.621 2.7649242031975465 0.0
33.0 0.0 Car -1.0 -1.0 -1.0 -1.0 -1.0 -1.0 -1.0 1.853 1.431 4.251 398.874 0.263 1116.501 -1.2155897200592798 0.0
34.0 13.0 Truck -1.0 -1.0 -1.0 -1.0 -1.0 -1.0 -1.0 2.494 2.671 6.603 383.203 1.376 1145.566 0.9778465416045649 0.0
34.0 10.0 Car -1.0 -1.0 -1.0 -1.0 -1.0 -1.0 -1.0 1.745 1.676 4.277 397.854 1.214 1174.62 1.1948869610852997 0.0
34.0 4.0 Car -1.0 -1.0 -1.0 -1.0 -1.0 -1.0 -1.0 2.163 1.61 4.781 359.955 0.558 1134.087 -0.14056124135170253 0.0
34.0 7.0 Car -1.0 -1.0 -1.0 -1.0 -1.0 -1.0 -1.0 1.932 2.0 4.4 365.803 0.595 1083.168 -1.9221732894707575 0.0
34.0 5.0 Truck -1.0 -1.0 -1.0 -1.0 -1.0 -1.0 -1.0 1.963 2.083 4.824 415.694 1.527 1216.655 1.1809574973175685 0.0
34.0 15.0 Bus -1.0 -1.0 -1.0 -1.0 -1.0 -1.0 -1.0 3.819 3.647 12.1 328.696 1.541 1128.782 2.7782542046196967 0.0
34.0 0.0 Car -1.0 -1.0 -1.0 -1.0 -1.0 -1.0 -1.0 1.853 1.431 4.251 399.403 0.263 1115.38 -1.1688865294170587 0.0
35.0 13.0 Truck -1.0 -1.0 -1.0 -1.0 -1.0 -1.0 -1.0 2.494 2.671 6.603 384.875 1.406 1148.3 1.0121548348166949 0.0
35.0 10.0 Car -1.0 -1.0 -1.0 -1.0 -1.0 -1.0 -1.0 1.745 1.676 4.277 399.316 1.222 1178.068 1.1947834747546413 0.0
35.0 4.0 Car -1.0 -1.0 -1.0 -1.0 -1.0 -1.0 -1.0 2.163 1.61 4.781 362.762 0.575 1133.598 -0.05598178430792111 0.0
35.0 7.0 Car -1.0 -1.0 -1.0 -1.0 -1.0 -1.0 -1.0 1.932 2.0 4.4 364.369 0.564 1079.672 -1.9291546064787346 0.0
35.0 5.0 Truck -1.0 -1.0 -1.0 -1.0 -1.0 -1.0 -1.0 1.963 2.083 4.824 417.253 1.467 1220.459 1.178838168940147 0.0
35.0 15.0 Bus -1.0 -1.0 -1.0 -1.0 -1.0 -1.0 -1.0 3.819 3.647 12.1 325.436 1.541 1129.986 2.801607557150435 0.0
35.0 0.0 Car -1.0 -1.0 -1.0 -1.0 -1.0 -1.0 -1.0 1.853 1.431 4.251 399.638 0.263 1114.877 -1.1520404533418795 0.0
36.0 13.0 Truck -1.0 -1.0 -1.0 -1.0 -1.0 -1.0 -1.0 2.494 2.671 6.603 386.352 1.436 1150.834 1.046463128028825 0.0
36.0 10.0 Car -1.0 -1.0 -1.0 -1.0 -1.0 -1.0 -1.0 1.745 1.676 4.277 400.777 1.229 1181.517 1.194679988423983 0.0
36.0 4.0 Car -1.0 -1.0 -1.0 -1.0 -1.0 -1.0 -1.0 2.163 1.61 4.781 365.57 0.558 1133.575 0.03435378248608557 0.0
36.0 7.0 Car -1.0 -1.0 -1.0 -1.0 -1.0 -1.0 -1.0 1.932 2.0 4.4 363.032 0.532 1076.436 -1.9361359234867115 0.0
36.0 5.0 Truck -1.0 -1.0 -1.0 -1.0 -1.0 -1.0 -1.0 1.963 2.083 4.824 418.709 1.526 1224.038 1.1732281820587365 0.0
36.0 15.0 Bus -1.0 -1.0 -1.0 -1.0 -1.0 -1.0 -1.0 3.819 3.647 12.1 322.135 1.541 1131.074 2.824960909681173 0.0
36.0 0.0 Car -1.0 -1.0 -1.0 -1.0 -1.0 -1.0 -1.0 1.853 1.431 4.251 399.882 0.263 1114.378 -1.1351943772667004 0.0
37.0 13.0 Truck -1.0 -1.0 -1.0 -1.0 -1.0 -1.0 -1.0 2.494 2.671 6.603 387.793 1.266 1153.699 1.0807714212409552 0.0
37.0 10.0 Car -1.0 -1.0 -1.0 -1.0 -1.0 -1.0 -1.0 1.745 1.676 4.277 402.239 1.237 1184.965 1.1945765020933246 0.0
37.0 4.0 Car -1.0 -1.0 -1.0 -1.0 -1.0 -1.0 -1.0 2.163 1.61 4.781 368.359 0.541 1133.897 0.12468934928009222 0.0
37.0 7.0 Car -1.0 -1.0 -1.0 -1.0 -1.0 -1.0 -1.0 1.932 2.0 4.4 361.695 0.5 1073.2 -1.9431172404946893 0.0
37.0 5.0 Truck -1.0 -1.0 -1.0 -1.0 -1.0 -1.0 -1.0 1.963 2.083 4.824 420.165 1.586 1227.616 1.1676181951773261 0.0
37.0 0.0 Car -1.0 -1.0 -1.0 -1.0 -1.0 -1.0 -1.0 1.853 1.431 4.251 400.138 0.263 1113.886 -1.118348301191521 0.0
