0.0 1.0 Car -1.0 -1.0 -1.0 -1.0 -1.0 -1.0 -1.0 1.908 1.651 4.042 1709.062 0.157 1507.165 0.44392449524622024 0.0
0.0 0.0 Car -1.0 -1.0 -1.0 -1.0 -1.0 -1.0 -1.0 2.072 1.761 5.141 1700.754 -0.516 1503.68 0.43217842938000595 0.0
1.0 1.0 Car -1.0 -1.0 -1.0 -1.0 -1.0 -1.0 -1.0 1.908 1.651 4.042 1711.371 0.245 1508.154 0.44392449524622024 1.0
1.0 0.0 Car -1.0 -1.0 -1.0 -1.0 -1.0 -1.0 -1.0 2.072 1.761 5.141 1701.98 -0.505 1504.221 0.43217842938000595 1.0
2.0 1.0 Car -1.0 -1.0 -1.0 -1.0 -1.0 -1.0 -1.0 1.908 1.651 4.042 1714.103 0.289 1509.418 0.44392449524622024 1.0
2.0 0.0 Car -1.0 -1.0 -1.0 -1.0 -1.0 -1.0 -1.0 2.072 1.761 5.141 1703.206 -0.644 1504.762 0.43217842938000595 1.0
3.0 1.0 Car -1.0 -1.0 -1.0 -1.0 -1.0 -1.0 -1.0 1.908 1.651 4.042 1716.498 0.215 1510.562 0.4613777877661636 1.0
3.0 2.0 Car -1.0 -1.0 -1.0 -1.0 -1.0 -1.0 -1.0 2.034 1.779 4.096 1689.762 -1.839 1498.965 0.4170115181573537 0.0
3.0 0.0 Car -1.0 -1.0 -1.0 -1.0 -1.0 -1.0 -1.0 2.072 1.761 5.141 1704.432 -0.783 1505.303 0.43217842938000595 1.0
4.0 1.0 Car -1.0 -1.0 -1.0 -1.0 -1.0 -1.0 -1.0 1.908 1.651 4.042 1719.005 0.177 1511.787 0.4613777877661636 1.0
4.0 2.0 Car -1.0 -1.0 -1.0 -1.0 -1.0 -1.0 -1.0 2.034 1.779 4.096 1691.753 -1.842 1499.867 0.4170115181573537 1.0
4.0 0.0 Car -1.0 -1.0 -1.0 -1.0 -1.0 -1.0 -1.0 2.072 1.761 5.141 1705.626 -0.922 1505.829 0.4409050756399777 1.0
5.0 1.0 Car -1.0 -1.0 -1.0 -1.0 -1.0 -1.0 -1.0 1.908 1.651 4.042 1720.866 0.165 1512.819 0.4962843728060502 1.0
5.0 2.0 Car -1.0 -1.0 -1.0 -1.0 -1.0 -1.0 -1.0 2.034 1.779 4.096 1693.743 -1.845 1500.768 0.4170115181573537 1.0
5.0 0.0 Car -1.0 -1.0 -1.0 -1.0 -1.0 -1.0 -1.0 2.072 1.761 5.141 1706.82 -1.061 1506.355 0.44963172189994927 1.0
6.0 1.0 Car -1.0 -1.0 -1.0 -1.0 -1.0 -1.0 -1.0 1.908 1.651 4.042 1723.101 0.112 1514.018 0.4788310802861068 1.0
6.0 2.0 Car -1.0 -1.0 -1.0 -1.0 -1.0 -1.0 -1.0 2.034 1.779 4.096 1695.734 -1.848 1501.669 0.4170115181573537 1.0
6.0 0.0 Car -1.0 -1.0 -1.0 -1.0 -1.0 -1.0 -1.0 2.072 1.761 5.141 1708.013 -1.2 1506.882 0.4583583681599208 1.0
7.0 1.0 Car -1.0 -1.0 -1.0 -1.0 -1.0 -1.0 -1.0 1.908 1.651 4.042 1725.347 0.126 1515.242 0.5137376653259935 1.0
7.0 2.0 Car -1.0 -1.0 -1.0 -1.0 -1.0 -1.0 -1.0 2.034 1.779 4.096 1697.724 -1.85 1502.571 0.4170115181573537 1.0
7.0 0.0 Car -1.0 -1.0 -1.0 -1.0 -1.0 -1.0 -1.0 2.072 1.761 5.141 1709.207 -1.339 1507.408 0.4670850144198926 1.0
8.0 1.0 Car -1.0 -1.0 -1.0 -1.0 -1.0 -1.0 -1.0 1.908 1.651 4.042 1727.345 0.207 1516.399 0.4962843728060502 1.0
8.0 2.0 Car -1.0 -1.0 -1.0 -1.0 -1.0 -1.0 -1.0 2.034 1.779 4.096 1699.62 -1.853 1503.387 0.4431914569372685 1.0
8.0 0.0 Car -1.0 -1.0 -1.0 -1.0 -1.0 -1.0 -1.0 2.072 1.761 5.141 1713.126 -1.078 1509.328 0.4758116606798643 1.0
9.0 1.0 Car -1.0 -1.0 -1.0 -1.0 -1.0 -1.0 -1.0 1.908 1.651 4.042 1729.411 0.287 1517.565 0.4962843728060502 1.0
9.0 2.0 Car -1.0 -1.0 -1.0 -1.0 -1.0 -1.0 -1.0 2.034 1.779 4.096 1701.495 -1.856 1504.252 0.4693713957171837 1.0
9.0 0.0 Car -1.0 -1.0 -1.0 -1.0 -1.0 -1.0 -1.0 2.072 1.761 5.141 1717.045 -0.817 1511.248 0.48453830693983596 1.0
10.0 1.0 Car -1.0 -1.0 -1.0 -1.0 -1.0 -1.0 -1.0 1.908 1.651 4.042 1731.014 0.37 1518.393 0.4962843728060502 1.0
10.0 2.0 Car -1.0 -1.0 -1.0 -1.0 -1.0 -1.0 -1.0 2.034 1.779 4.096 1702.667 -1.892 1504.814 0.469492599137461 1.0
10.0 0.0 Car -1.0 -1.0 -1.0 -1.0 -1.0 -1.0 -1.0 2.072 1.761 5.141 1720.856 -0.506 1513.293 0.5194448919797227 1.0
11.0 1.0 Car -1.0 -1.0 -1.0 -1.0 -1.0 -1.0 -1.0 1.908 1.651 4.042 1732.361 0.398 1519.213 0.4823217387900956 1.0
11.0 2.0 Car -1.0 -1.0 -1.0 -1.0 -1.0 -1.0 -1.0 2.034 1.779 4.096 1703.84 -1.928 1505.375 0.4696138025577383 1.0
11.0 0.0 Car -1.0 -1.0 -1.0 -1.0 -1.0 -1.0 -1.0 2.072 1.761 5.141 1724.668 -0.495 1515.337 0.5368981844996659 1.0
12.0 1.0 Car -1.0 -1.0 -1.0 -1.0 -1.0 -1.0 -1.0 1.908 1.651 4.042 1733.623 0.478 1519.859 0.48581239729408415 1.0
12.0 2.0 Car -1.0 -1.0 -1.0 -1.0 -1.0 -1.0 -1.0 2.034 1.779 4.096 1705.012 -1.964 1505.936 0.46973500597801565 1.0
12.0 0.0 Car -1.0 -1.0 -1.0 -1.0 -1.0 -1.0 -1.0 2.072 1.761 5.141 1726.364 -0.484 1516.162 0.5630781232795808 1.0
13.0 1.0 Car -1.0 -1.0 -1.0 -1.0 -1.0 -1.0 -1.0 1.908 1.651 4.042 1734.538 0.585 1520.406 0.4893030557980729 1.0
13.0 2.0 Car -1.0 -1.0 -1.0 -1.0 -1.0 -1.0 -1.0 2.034 1.779 4.096 1706.185 -2.0 1506.497 0.469856209398293 1.0
13.0 0.0 Car -1.0 -1.0 -1.0 -1.0 -1.0 -1.0 -1.0 2.072 1.761 5.141 1728.038 -0.473 1517.03 0.5892580620594957 1.0
14.0 1.0 Car -1.0 -1.0 -1.0 -1.0 -1.0 -1.0 -1.0 1.908 1.651 4.042 1735.218 0.63 1520.756 0.49279371430206154 1.0
14.0 2.0 Car -1.0 -1.0 -1.0 -1.0 -1.0 -1.0 -1.0 2.034 1.779 4.096 1707.358 -2.036 1507.059 0.4699774128185703 1.0
14.0 0.0 Car -1.0 -1.0 -1.0 -1.0 -1.0 -1.0 -1.0 2.072 1.761 5.141 1728.61 -0.342 1517.357 0.5867647345566467 1.0
15.0 1.0 Car -1.0 -1.0 -1.0 -1.0 -1.0 -1.0 -1.0 1.908 1.651 4.042 1735.512 0.565 1520.947 0.4962843728060502 1.0
15.0 2.0 Car -1.0 -1.0 -1.0 -1.0 -1.0 -1.0 -1.0 2.034 1.779 4.096 1708.53 -2.072 1507.62 0.47009861623884763 1.0
15.0 0.0 Car -1.0 -1.0 -1.0 -1.0 -1.0 -1.0 -1.0 2.072 1.761 5.141 1729.182 -0.21 1517.685 0.5842714070537975 1.0
16.0 1.0 Car -1.0 -1.0 -1.0 -1.0 -1.0 -1.0 -1.0 1.908 1.651 4.042 1736.243 0.574 1521.378 0.4962843728060502 1.0
16.0 2.0 Car -1.0 -1.0 -1.0 -1.0 -1.0 -1.0 -1.0 2.034 1.779 4.096 1709.703 -2.108 1508.181 0.4702198196591251 1.0
16.0 0.0 Car -1.0 -1.0 -1.0 -1.0 -1.0 -1.0 -1.0 2.072 1.761 5.141 1729.754 -0.079 1518.012 0.5817780795509487 1.0
17.0 1.0 Car -1.0 -1.0 -1.0 -1.0 -1.0 -1.0 -1.0 1.908 1.651 4.042 1736.76 0.651 1521.739 0.4962843728060502 1.0
17.0 2.0 Car -1.0 -1.0 -1.0 -1.0 -1.0 -1.0 -1.0 2.034 1.779 4.096 1710.875 -2.143 1508.743 0.47034102307940256 1.0
17.0 0.0 Car -1.0 -1.0 -1.0 -1.0 -1.0 -1.0 -1.0 2.072 1.761 5.141 1730.326 -0.093 1518.339 0.5792847520480995 1.0
18.0 1.0 Car -1.0 -1.0 -1.0 -1.0 -1.0 -1.0 -1.0 1.908 1.651 4.042 1737.357 0.578 1522.113 0.4962843728060502 1.0
18.0 2.0 Car -1.0 -1.0 -1.0 -1.0 -1.0 -1.0 -1.0 2.034 1.779 4.096 1712.048 -2.179 1509.304 0.4704622264996798 1.0
18.0 0.0 Car -1.0 -1.0 -1.0 -1.0 -1.0 -1.0 -1.0 2.072 1.761 5.141 1730.898 -0.108 1518.667 0.5767914245452507 1.0
19.0 1.0 Car -1.0 -1.0 -1.0 -1.0 -1.0 -1.0 -1.0 1.908 1.651 4.042 1738.075 0.554 1522.409 0.4962843728060502 1.0
19.0 2.0 Car -1.0 -1.0 -1.0 -1.0 -1.0 -1.0 -1.0 2.034 1.779 4.096 1713.221 -2.215 1509.865 0.47058342991995744 1.0
19.0 0.0 Car -1.0 -1.0 -1.0 -1.0 -1.0 -1.0 -1.0 2.072 1.761 5.141 1731.47 -0.122 1518.994 0.5742980970424015 1.0
20.0 1.0 Car -1.0 -1.0 -1.0 -1.0 -1.0 -1.0 -1.0 1.908 1.651 4.042 1738.7 0.531 1522.818 0.4962843728060502 1.0
20.0 2.0 Car -1.0 -1.0 -1.0 -1.0 -1.0 -1.0 -1.0 2.034 1.779 4.096 1714.393 -2.251 1510.426 0.470704633340235 1.0
20.0 0.0 Car -1.0 -1.0 -1.0 -1.0 -1.0 -1.0 -1.0 2.072 1.761 5.141 1732.042 -0.137 1519.322 0.5718047695395524 1.0
21.0 1.0 Car -1.0 -1.0 -1.0 -1.0 -1.0 -1.0 -1.0 1.908 1.651 4.042 1739.303 0.451 1523.182 0.4962843728060502 1.0
21.0 2.0 Car -1.0 -1.0 -1.0 -1.0 -1.0 -1.0 -1.0 2.034 1.779 4.096 1715.566 -2.287 1510.988 0.47082583676051226 1.0
21.0 0.0 Car -1.0 -1.0 -1.0 -1.0 -1.0 -1.0 -1.0 2.072 1.761 5.141 1733.093 -0.31 1519.929 0.5892580620594957 1.0
22.0 1.0 Car -1.0 -1.0 -1.0 -1.0 -1.0 -1.0 -1.0 1.908 1.651 4.042 1740.077 0.321 1523.671 0.5137376653259935 1.0
22.0 2.0 Car -1.0 -1.0 -1.0 -1.0 -1.0 -1.0 -1.0 2.034 1.779 4.096 1716.738 -2.323 1511.549 0.4709470401807896 1.0
22.0 0.0 Car -1.0 -1.0 -1.0 -1.0 -1.0 -1.0 -1.0 2.072 1.761 5.141 1733.978 -0.282 1520.468 0.5892580620594957 1.0
23.0 1.0 Car -1.0 -1.0 -1.0 -1.0 -1.0 -1.0 -1.0 1.908 1.651 4.042 1741.023 0.341 1524.199 0.4962843728060502 1.0
23.0 2.0 Car -1.0 -1.0 -1.0 -1.0 -1.0 -1.0 -1.0 2.034 1.779 4.096 1717.911 -2.359 1512.11 0.4710682436010672 1.0
23.0 0.0 Car -1.0 -1.0 -1.0 -1.0 -1.0 -1.0 -1.0 2.072 1.761 5.141 1734.804 -0.255 1520.968 0.5892580620594957 1.0
24.0 1.0 Car -1.0 -1.0 -1.0 -1.0 -1.0 -1.0 -1.0 1.908 1.651 4.042 1741.988 0.359 1524.737 0.4962843728060502 1.0
24.0 2.0 Car -1.0 -1.0 -1.0 -1.0 -1.0 -1.0 -1.0 2.034 1.779 4.096 1719.084 -2.395 1512.672 0.47118944702134463 1.0
24.0 0.0 Car -1.0 -1.0 -1.0 -1.0 -1.0 -1.0 -1.0 2.072 1.761 5.141 1735.63 -0.228 1521.468 0.5892580620594957 0.0
25.0 1.0 Car -1.0 -1.0 -1.0 -1.0 -1.0 -1.0 -1.0 1.908 1.651 4.042 1742.962 0.431 1525.311 0.4962843728060502 1.0
25.0 2.0 Car -1.0 -1.0 -1.0 -1.0 -1.0 -1.0 -1.0 2.034 1.779 4.096 1720.256 -2.431 1513.233 0.471310650441622 1.0
25.0 0.0 Car -1.0 -1.0 -1.0 -1.0 -1.0 -1.0 -1.0 2.072 1.761 5.141 1736.456 -0.201 1521.967 0.5892580620594957 0.0
26.0 1.0 Car -1.0 -1.0 -1.0 -1.0 -1.0 -1.0 -1.0 1.908 1.651 4.042 1743.731 0.567 1525.762 0.4613777877661636 1.0
26.0 2.0 Car -1.0 -1.0 -1.0 -1.0 -1.0 -1.0 -1.0 2.034 1.779 4.096 1721.323 -2.354 1514.269 0.45288773055945963 0.0
26.0 0.0 Car -1.0 -1.0 -1.0 -1.0 -1.0 -1.0 -1.0 2.072 1.761 5.141 1737.071 -0.173 1522.326 0.5892580620594957 0.0
27.0 1.0 Car -1.0 -1.0 -1.0 -1.0 -1.0 -1.0 -1.0 1.908 1.651 4.042 1744.755 0.784 1526.293 0.5311909578459368 1.0
27.0 2.0 Car -1.0 -1.0 -1.0 -1.0 -1.0 -1.0 -1.0 2.034 1.779 4.096 1722.346 -1.907 1515.153 0.45191810319724035 0.0
27.0 0.0 Car -1.0 -1.0 -1.0 -1.0 -1.0 -1.0 -1.0 2.072 1.761 5.141 1738.342 -0.146 1523.123 0.5892580620594957 0.0
28.0 1.0 Car -1.0 -1.0 -1.0 -1.0 -1.0 -1.0 -1.0 1.908 1.651 4.042 1746.163 0.915 1527.044 0.5137376653259935 0.0
28.0 2.0 Car -1.0 -1.0 -1.0 -1.0 -1.0 -1.0 -1.0 2.034 1.779 4.096 1725.066 -1.504 1516.571 0.49846021658375594 0.0
28.0 0.0 Car -1.0 -1.0 -1.0 -1.0 -1.0 -1.0 -1.0 2.072 1.761 5.141 1739.094 -0.005 1523.608 0.5892580620594957 0.0
29.0 1.0 Car -1.0 -1.0 -1.0 -1.0 -1.0 -1.0 -1.0 1.908 1.651 4.042 1747.647 1.196 1527.702 0.41774455646630543 0.0
29.0 2.0 Car -1.0 -1.0 -1.0 -1.0 -1.0 -1.0 -1.0 2.034 1.779 4.096 1727.787 -1.1 1517.988 0.47518915989049804 0.0
29.0 0.0 Car -1.0 -1.0 -1.0 -1.0 -1.0 -1.0 -1.0 2.072 1.761 5.141 1739.945 0.217 1524.159 0.5892580620594957 0.0
30.0 1.0 Car -1.0 -1.0 -1.0 -1.0 -1.0 -1.0 -1.0 1.908 1.651 4.042 1749.259 1.426 1528.177 0.321751447606617 0.0
30.0 2.0 Car -1.0 -1.0 -1.0 -1.0 -1.0 -1.0 -1.0 2.034 1.779 4.096 1730.641 -0.697 1519.123 0.2773851779978072 0.0
30.0 0.0 Car -1.0 -1.0 -1.0 -1.0 -1.0 -1.0 -1.0 2.072 1.761 5.141 1741.212 0.393 1524.914 0.506354922589765 0.0
31.0 1.0 Car -1.0 -1.0 -1.0 -1.0 -1.0 -1.0 -1.0 1.908 1.651 4.042 1751.196 1.496 1528.528 0.199578399967014 0.0
31.0 2.0 Car -1.0 -1.0 -1.0 -1.0 -1.0 -1.0 -1.0 2.034 1.779 4.096 1732.963 -0.697 1519.975 0.36465164059752375 0.0
31.0 0.0 Car -1.0 -1.0 -1.0 -1.0 -1.0 -1.0 -1.0 2.072 1.761 5.141 1742.52 0.65 1525.719 0.5165360098930654 0.0
32.0 1.0 Car -1.0 -1.0 -1.0 -1.0 -1.0 -1.0 -1.0 1.908 1.651 4.042 1753.255 1.581 1528.455 0.02504547476758101 0.0
32.0 2.0 Car -1.0 -1.0 -1.0 -1.0 -1.0 -1.0 -1.0 2.034 1.779 4.096 1734.29 -0.382 1520.597 0.41701151815735343 0.0
32.0 0.0 Car -1.0 -1.0 -1.0 -1.0 -1.0 -1.0 -1.0 2.072 1.761 5.141 1743.734 0.807 1526.473 0.5267170971963656 0.0
33.0 1.0 Car -1.0 -1.0 -1.0 -1.0 -1.0 -1.0 -1.0 1.908 1.651 4.042 1755.703 1.664 1528.096 -0.16694074295179528 0.0
33.0 2.0 Car -1.0 -1.0 -1.0 -1.0 -1.0 -1.0 -1.0 2.034 1.779 4.096 1735.582 -0.068 1521.287 0.4693713957171832 0.0
33.0 0.0 Car -1.0 -1.0 -1.0 -1.0 -1.0 -1.0 -1.0 2.072 1.761 5.141 1744.826 1.164 1527.156 0.48453830693983596 0.0
34.0 1.0 Car -1.0 -1.0 -1.0 -1.0 -1.0 -1.0 -1.0 1.908 1.651 4.042 1758.844 1.613 1526.955 -0.35892696067117136 0.0
34.0 2.0 Car -1.0 -1.0 -1.0 -1.0 -1.0 -1.0 -1.0 2.034 1.779 4.096 1736.836 0.246 1522.044 0.5217312732770132 0.0
34.0 0.0 Car -1.0 -1.0 -1.0 -1.0 -1.0 -1.0 -1.0 2.072 1.761 5.141 1747.175 1.526 1527.896 0.38563631599349035 0.0
35.0 1.0 Car -1.0 -1.0 -1.0 -1.0 -1.0 -1.0 -1.0 1.908 1.651 4.042 1761.571 1.603 1525.473 -0.5509131783905478 0.0
35.0 2.0 Car -1.0 -1.0 -1.0 -1.0 -1.0 -1.0 -1.0 2.034 1.779 4.096 1738.048 0.561 1522.865 0.574091150836843 0.0
35.0 0.0 Car -1.0 -1.0 -1.0 -1.0 -1.0 -1.0 -1.0 2.072 1.761 5.141 1749.236 1.752 1528.601 0.04238822976793854 0.0
36.0 1.0 Car -1.0 -1.0 -1.0 -1.0 -1.0 -1.0 -1.0 1.908 1.651 4.042 1763.983 1.557 1523.784 -0.5901830865604198 0.0
36.0 2.0 Car -1.0 -1.0 -1.0 -1.0 -1.0 -1.0 -1.0 2.034 1.779 4.096 1739.216 0.875 1523.749 0.6264510283966729 0.0
37.0 1.0 Car -1.0 -1.0 -1.0 -1.0 -1.0 -1.0 -1.0 1.908 1.651 4.042 1766.602 1.612 1521.813 -0.6294529947302916 0.0
37.0 2.0 Car -1.0 -1.0 -1.0 -1.0 -1.0 -1.0 -1.0 2.034 1.779 4.096 1740.337 1.189 1524.693 0.6788109059565027 0.0
38.0 1.0 Car -1.0 -1.0 -1.0 -1.0 -1.0 -1.0 -1.0 1.908 1.651 4.042 1769.302 1.567 1519.613 -0.6687229029001635 0.0
39.0 1.0 Car -1.0 -1.0 -1.0 -1.0 -1.0 -1.0 -1.0 1.908 1.651 4.042 1771.523 1.575 1517.628 -0.7079928110700355 0.0
