0.0 6.0 Truck -1.0 -1.0 -1.0 -1.0 -1.0 -1.0 -1.0 2.369 2.292 6.615 1173.361 1.144 1632.937 1.105509001503388 0.0
0.0 4.0 Car -1.0 -1.0 -1.0 -1.0 -1.0 -1.0 -1.0 2.011 1.743 4.886 1185.385 0.879 1664.715 1.6785878613980907 0.0
0.0 3.0 Car -1.0 -1.0 -1.0 -1.0 -1.0 -1.0 -1.0 2.241 1.933 5.459 1171.384 0.827 1621.678 1.4022149743424244 0.0
0.0 10.0 Car -1.0 -1.0 -1.0 -1.0 -1.0 -1.0 -1.0 1.866 1.741 4.48 1178.085 0.649 1666.45 -0.8729787852467172 0.0
0.0 1.0 Car -1.0 -1.0 -1.0 -1.0 -1.0 -1.0 -1.0 1.894 1.695 4.399 1209.831 1.336 1705.468 -2.1027377761960637 0.0
1.0 6.0 Truck -1.0 -1.0 -1.0 -1.0 -1.0 -1.0 -1.0 2.369 2.292 6.615 1174.671 1.194 1635.233 1.1083207789472471 1.0
1.0 4.0 Car -1.0 -1.0 -1.0 -1.0 -1.0 -1.0 -1.0 2.011 1.743 4.886 1184.757 0.9 1666.749 1.8629083775755881 1.0
1.0 3.0 Car -1.0 -1.0 -1.0 -1.0 -1.0 -1.0 -1.0 2.241 1.933 5.459 1171.949 0.931 1623.634 1.2801101539816817 1.0
1.0 10.0 Car -1.0 -1.0 -1.0 -1.0 -1.0 -1.0 -1.0 1.866 1.741 4.48 1178.907 0.699 1665.339 -1.012605125406262 1.0
1.0 1.0 Car -1.0 -1.0 -1.0 -1.0 -1.0 -1.0 -1.0 1.894 1.695 4.399 1207.472 1.329 1701.588 -2.120191068716007 0.0
2.0 6.0 Truck -1.0 -1.0 -1.0 -1.0 -1.0 -1.0 -1.0 2.369 2.292 6.615 1175.628 1.286 1637.522 1.1111356986081486 1.0
2.0 4.0 Car -1.0 -1.0 -1.0 -1.0 -1.0 -1.0 -1.0 2.011 1.743 4.886 1183.681 0.922 1668.968 2.012508786144106 1.0
2.0 3.0 Car -1.0 -1.0 -1.0 -1.0 -1.0 -1.0 -1.0 2.241 1.933 5.459 1172.749 1.034 1625.509 1.157868879063218 1.0
2.0 10.0 Car -1.0 -1.0 -1.0 -1.0 -1.0 -1.0 -1.0 1.866 1.741 4.48 1179.436 0.748 1664.002 -1.0824182954860344 1.0
2.0 11.0 Bus -1.0 -1.0 -1.0 -1.0 -1.0 -1.0 -1.0 2.663 3.111 12.2 1137.872 1.655 1701.938 2.5671349836270227 0.0
2.0 1.0 Car -1.0 -1.0 -1.0 -1.0 -1.0 -1.0 -1.0 1.894 1.695 4.399 1205.299 1.271 1698.016 -2.120191068716007 0.0
3.0 6.0 Truck -1.0 -1.0 -1.0 -1.0 -1.0 -1.0 -1.0 2.369 2.292 6.615 1176.746 1.328 1639.733 1.1139537323300264 1.0
3.0 4.0 Car -1.0 -1.0 -1.0 -1.0 -1.0 -1.0 -1.0 2.011 1.743 4.886 1182.318 0.943 1670.924 2.1797472937187545 1.0
3.0 3.0 Car -1.0 -1.0 -1.0 -1.0 -1.0 -1.0 -1.0 2.241 1.933 5.459 1174.085 1.121 1627.666 1.157868879063218 1.0
3.0 10.0 Car -1.0 -1.0 -1.0 -1.0 -1.0 -1.0 -1.0 1.866 1.741 4.48 1180.027 0.798 1662.557 -1.3965775608450102 1.0
3.0 11.0 Bus -1.0 -1.0 -1.0 -1.0 -1.0 -1.0 -1.0 2.663 3.111 12.2 1137.107 1.655 1702.612 2.5671349836270227 1.0
3.0 1.0 Car -1.0 -1.0 -1.0 -1.0 -1.0 -1.0 -1.0 1.894 1.695 4.399 1203.132 1.214 1694.861 -2.1260130754158166 1.0
4.0 6.0 Truck -1.0 -1.0 -1.0 -1.0 -1.0 -1.0 -1.0 2.369 2.292 6.615 1178.023 1.344 1641.86 1.1167655041426725 1.0
4.0 4.0 Car -1.0 -1.0 -1.0 -1.0 -1.0 -1.0 -1.0 2.011 1.743 4.886 1180.568 0.964 1672.78 2.2964908165968523 1.0
4.0 3.0 Car -1.0 -1.0 -1.0 -1.0 -1.0 -1.0 -1.0 2.241 1.933 5.459 1175.56 1.133 1630.001 1.157868879063218 1.0
4.0 10.0 Car -1.0 -1.0 -1.0 -1.0 -1.0 -1.0 -1.0 1.866 1.741 4.48 1180.072 0.848 1660.784 -1.4663907309247828 1.0
4.0 11.0 Bus -1.0 -1.0 -1.0 -1.0 -1.0 -1.0 -1.0 2.663 3.111 12.2 1135.953 1.705 1703.263 2.5671349836270227 1.0
4.0 1.0 Car -1.0 -1.0 -1.0 -1.0 -1.0 -1.0 -1.0 1.894 1.695 4.399 1200.97 1.157 1691.713 -2.131822145124412 1.0
5.0 6.0 Truck -1.0 -1.0 -1.0 -1.0 -1.0 -1.0 -1.0 2.369 2.292 6.615 1178.618 1.322 1643.817 1.11958363922639 1.0
5.0 4.0 Car -1.0 -1.0 -1.0 -1.0 -1.0 -1.0 -1.0 2.011 1.743 4.886 1178.477 0.986 1674.557 2.41349853967733 1.0
5.0 3.0 Car -1.0 -1.0 -1.0 -1.0 -1.0 -1.0 -1.0 2.241 1.933 5.459 1177.039 1.146 1632.342 1.157868879063218 1.0
5.0 10.0 Car -1.0 -1.0 -1.0 -1.0 -1.0 -1.0 -1.0 1.866 1.741 4.48 1179.835 0.898 1658.781 -1.5885637785643845 1.0
5.0 11.0 Bus -1.0 -1.0 -1.0 -1.0 -1.0 -1.0 -1.0 2.663 3.111 12.2 1134.796 1.755 1703.915 2.5671349836270227 1.0
5.0 1.0 Car -1.0 -1.0 -1.0 -1.0 -1.0 -1.0 -1.0 1.894 1.695 4.399 1198.803 1.1 1688.557 -2.1376443612359495 1.0
6.0 6.0 Truck -1.0 -1.0 -1.0 -1.0 -1.0 -1.0 -1.0 2.369 2.292 6.615 1179.674 1.144 1645.885 1.1229622940233313 1.0
6.0 4.0 Car -1.0 -1.0 -1.0 -1.0 -1.0 -1.0 -1.0 2.011 1.743 4.886 1175.526 1.012 1676.487 2.553778793505166 1.0
6.0 3.0 Car -1.0 -1.0 -1.0 -1.0 -1.0 -1.0 -1.0 2.241 1.933 5.459 1178.62 1.16 1635.162 1.0950215442625117 1.0
6.0 10.0 Car -1.0 -1.0 -1.0 -1.0 -1.0 -1.0 -1.0 1.866 1.741 4.48 1179.345 0.898 1656.23 -1.7281901187239304 1.0
6.0 11.0 Bus -1.0 -1.0 -1.0 -1.0 -1.0 -1.0 -1.0 2.663 3.111 12.2 1133.41 1.815 1704.697 2.5671349836270227 1.0
6.0 1.0 Car -1.0 -1.0 -1.0 -1.0 -1.0 -1.0 -1.0 1.894 1.695 4.399 1195.848 1.055 1683.853 -2.1376443612359495 1.0
7.0 6.0 Truck -1.0 -1.0 -1.0 -1.0 -1.0 -1.0 -1.0 2.369 2.292 6.615 1180.266 1.144 1647.116 1.1229622940233313 1.0
7.0 4.0 Car -1.0 -1.0 -1.0 -1.0 -1.0 -1.0 -1.0 2.011 1.743 4.886 1173.384 1.029 1677.795 2.6036123649550853 1.0
7.0 3.0 Car -1.0 -1.0 -1.0 -1.0 -1.0 -1.0 -1.0 2.241 1.933 5.459 1179.771 1.17 1636.983 1.053149123943558 1.0
7.0 10.0 Car -1.0 -1.0 -1.0 -1.0 -1.0 -1.0 -1.0 1.866 1.741 4.48 1178.762 0.898 1654.397 -1.8503631663635327 1.0
7.0 11.0 Bus -1.0 -1.0 -1.0 -1.0 -1.0 -1.0 -1.0 2.663 3.111 12.2 1132.486 1.855 1705.218 2.5671349836270227 1.0
7.0 2.0 Car -1.0 -1.0 -1.0 -1.0 -1.0 -1.0 -1.0 1.928 1.675 4.688 1175.656 1.061 1682.708 2.507246348974635 0.0
7.0 1.0 Car -1.0 -1.0 -1.0 -1.0 -1.0 -1.0 -1.0 1.894 1.695 4.399 1193.593 1.005 1680.382 -2.1376443612359495 1.0
7.0 5.0 Car -1.0 -1.0 -1.0 -1.0 -1.0 -1.0 -1.0 1.774 1.467 4.47 1115.101 1.002 1711.982 -0.622733477053047 0.0
8.0 6.0 Truck -1.0 -1.0 -1.0 -1.0 -1.0 -1.0 -1.0 2.369 2.292 6.615 1180.788 1.294 1648.204 1.1229622940233313 1.0
8.0 4.0 Car -1.0 -1.0 -1.0 -1.0 -1.0 -1.0 -1.0 2.011 1.743 4.886 1170.631 1.062 1679.341 2.6013001847263566 1.0
8.0 3.0 Car -1.0 -1.0 -1.0 -1.0 -1.0 -1.0 -1.0 2.241 1.933 5.459 1181.142 1.182 1639.565 1.053149123943558 1.0
8.0 10.0 Car -1.0 -1.0 -1.0 -1.0 -1.0 -1.0 -1.0 1.866 1.741 4.48 1178.0 0.948 1651.986 -1.8503631663635327 1.0
8.0 11.0 Bus -1.0 -1.0 -1.0 -1.0 -1.0 -1.0 -1.0 2.663 3.111 12.2 1131.408 1.905 1705.795 2.5671349836270227 1.0
8.0 2.0 Car -1.0 -1.0 -1.0 -1.0 -1.0 -1.0 -1.0 1.928 1.675 4.688 1175.622 1.067 1682.705 2.519175524033874 0.0
8.0 1.0 Car -1.0 -1.0 -1.0 -1.0 -1.0 -1.0 -1.0 1.894 1.695 4.399 1190.876 1.005 1676.344 -2.1376443612359495 1.0
8.0 5.0 Car -1.0 -1.0 -1.0 -1.0 -1.0 -1.0 -1.0 1.774 1.467 4.47 1118.331 0.961 1709.204 -0.622733477053047 1.0
9.0 6.0 Truck -1.0 -1.0 -1.0 -1.0 -1.0 -1.0 -1.0 2.369 2.292 6.615 1181.368 1.314 1648.996 1.1229622940233313 1.0
9.0 4.0 Car -1.0 -1.0 -1.0 -1.0 -1.0 -1.0 -1.0 2.011 1.743 4.886 1168.428 1.088 1680.578 2.5994509650685886 1.0
9.0 3.0 Car -1.0 -1.0 -1.0 -1.0 -1.0 -1.0 -1.0 2.241 1.933 5.459 1182.239 1.191 1641.63 1.053149123943558 1.0
9.0 10.0 Car -1.0 -1.0 -1.0 -1.0 -1.0 -1.0 -1.0 1.866 1.741 4.48 1177.129 0.988 1649.85 -1.902723043923362 1.0
9.0 11.0 Bus -1.0 -1.0 -1.0 -1.0 -1.0 -1.0 -1.0 2.663 3.111 12.2 1129.662 1.903 1706.97 2.575855635697029 1.0
9.0 2.0 Car -1.0 -1.0 -1.0 -1.0 -1.0 -1.0 -1.0 1.928 1.675 4.688 1175.404 1.073 1682.818 2.6159826205108336 0.0
9.0 1.0 Car -1.0 -1.0 -1.0 -1.0 -1.0 -1.0 -1.0 1.894 1.695 4.399 1188.635 0.955 1673.007 -2.1376443612359495 1.0
9.0 5.0 Car -1.0 -1.0 -1.0 -1.0 -1.0 -1.0 -1.0 1.774 1.467 4.47 1120.915 0.929 1706.982 -0.622733477053047 1.0
10.0 6.0 Truck -1.0 -1.0 -1.0 -1.0 -1.0 -1.0 -1.0 2.369 2.292 6.615 1181.513 1.289 1649.711 1.1229622940233313 1.0
10.0 4.0 Car -1.0 -1.0 -1.0 -1.0 -1.0 -1.0 -1.0 2.011 1.743 4.886 1165.672 1.121 1682.125 2.5971362639735274 1.0
10.0 3.0 Car -1.0 -1.0 -1.0 -1.0 -1.0 -1.0 -1.0 2.241 1.933 5.459 1183.486 1.128 1644.07 1.053149123943558 1.0
10.0 10.0 Car -1.0 -1.0 -1.0 -1.0 -1.0 -1.0 -1.0 1.866 1.741 4.48 1176.009 1.038 1647.188 -1.920176336443305 1.0
10.0 11.0 Bus -1.0 -1.0 -1.0 -1.0 -1.0 -1.0 -1.0 2.663 3.111 12.2 1127.437 1.9 1708.381 2.5867714308062206 0.0
10.0 2.0 Car -1.0 -1.0 -1.0 -1.0 -1.0 -1.0 -1.0 1.928 1.675 4.688 1175.56 1.079 1682.7 2.5406583388145383 1.0
10.0 1.0 Car -1.0 -1.0 -1.0 -1.0 -1.0 -1.0 -1.0 1.894 1.695 4.399 1185.898 0.855 1668.939 -2.1376443612359495 1.0
10.0 5.0 Car -1.0 -1.0 -1.0 -1.0 -1.0 -1.0 -1.0 1.774 1.467 4.47 1124.658 0.888 1704.058 -0.6140020326058778 1.0
11.0 6.0 Truck -1.0 -1.0 -1.0 -1.0 -1.0 -1.0 -1.0 2.369 2.292 6.615 1181.951 1.264 1650.209 1.1229622940233313 1.0
11.0 4.0 Car -1.0 -1.0 -1.0 -1.0 -1.0 -1.0 -1.0 2.011 1.743 4.886 1162.918 1.154 1683.672 2.594824106872013 1.0
11.0 3.0 Car -1.0 -1.0 -1.0 -1.0 -1.0 -1.0 -1.0 2.241 1.933 5.459 1184.731 1.065 1646.508 1.053149123943558 1.0
11.0 10.0 Car -1.0 -1.0 -1.0 -1.0 -1.0 -1.0 -1.0 1.866 1.741 4.48 1174.873 1.088 1644.572 -1.9550829214831913 1.0
11.0 11.0 Bus -1.0 -1.0 -1.0 -1.0 -1.0 -1.0 -1.0 2.663 3.111 12.2 1125.215 1.897 1709.791 2.5976752288103144 0.0
11.0 2.0 Car -1.0 -1.0 -1.0 -1.0 -1.0 -1.0 -1.0 1.928 1.675 4.688 1175.747 1.015 1682.477 2.5385913426229156 1.0
11.0 1.0 Car -1.0 -1.0 -1.0 -1.0 -1.0 -1.0 -1.0 1.894 1.695 4.399 1183.084 0.855 1664.747 -2.1376443612359495 1.0
11.0 5.0 Car -1.0 -1.0 -1.0 -1.0 -1.0 -1.0 -1.0 1.774 1.467 4.47 1128.397 0.847 1701.138 -0.6052801845331038 1.0
12.0 6.0 Truck -1.0 -1.0 -1.0 -1.0 -1.0 -1.0 -1.0 2.369 2.292 6.615 1182.39 1.239 1650.707 1.1229622940233313 0.0
12.0 4.0 Car -1.0 -1.0 -1.0 -1.0 -1.0 -1.0 -1.0 2.011 1.743 4.886 1160.196 1.124 1685.199 2.592509438155052 0.0
12.0 3.0 Car -1.0 -1.0 -1.0 -1.0 -1.0 -1.0 -1.0 2.241 1.933 5.459 1185.943 1.002 1648.886 1.0586069765302737 0.0
12.0 10.0 Car -1.0 -1.0 -1.0 -1.0 -1.0 -1.0 -1.0 1.866 1.741 4.48 1173.736 1.088 1641.952 -1.9550829214831913 0.0
12.0 11.0 Bus -1.0 -1.0 -1.0 -1.0 -1.0 -1.0 -1.0 2.663 3.111 12.2 1122.99 1.894 1711.202 2.6085908712290777 0.0
12.0 2.0 Car -1.0 -1.0 -1.0 -1.0 -1.0 -1.0 -1.0 1.928 1.675 4.688 1175.935 0.952 1682.254 2.5365221011255743 0.0
12.0 1.0 Car -1.0 -1.0 -1.0 -1.0 -1.0 -1.0 -1.0 1.894 1.695 4.399 1180.35 0.855 1660.175 -2.120191068716007 0.0
12.0 5.0 Car -1.0 -1.0 -1.0 -1.0 -1.0 -1.0 -1.0 1.774 1.467 4.47 1131.904 1.107 1697.873 -0.6052801845331038 0.0
13.0 6.0 Truck -1.0 -1.0 -1.0 -1.0 -1.0 -1.0 -1.0 2.369 2.292 6.615 1182.822 1.187 1651.626 1.132934388332212 1.0
13.0 4.0 Car -1.0 -1.0 -1.0 -1.0 -1.0 -1.0 -1.0 2.011 1.743 4.886 1156.799 1.148 1687.111 2.6071875945007488 1.0
13.0 3.0 Car -1.0 -1.0 -1.0 -1.0 -1.0 -1.0 -1.0 2.241 1.933 5.459 1187.397 0.927 1651.739 1.065150584276865 1.0
13.0 10.0 Car -1.0 -1.0 -1.0 -1.0 -1.0 -1.0 -1.0 1.866 1.741 4.48 1172.372 1.039 1638.811 -1.9550829214831913 0.0
13.0 11.0 Bus -1.0 -1.0 -1.0 -1.0 -1.0 -1.0 -1.0 2.663 3.111 12.2 1120.323 1.89 1712.894 2.6216780114835236 0.0
13.0 2.0 Car -1.0 -1.0 -1.0 -1.0 -1.0 -1.0 -1.0 1.928 1.675 4.688 1176.154 0.961 1681.964 2.6339875484006594 1.0
13.0 1.0 Car -1.0 -1.0 -1.0 -1.0 -1.0 -1.0 -1.0 1.894 1.695 4.399 1177.404 0.855 1655.236 -2.1027377761960637 0.0
13.0 5.0 Car -1.0 -1.0 -1.0 -1.0 -1.0 -1.0 -1.0 1.774 1.467 4.47 1136.512 1.058 1694.543 -0.5790968363039477 1.0
14.0 6.0 Truck -1.0 -1.0 -1.0 -1.0 -1.0 -1.0 -1.0 2.369 2.292 6.615 1183.181 1.144 1652.392 1.1412426774025126 1.0
14.0 4.0 Car -1.0 -1.0 -1.0 -1.0 -1.0 -1.0 -1.0 2.011 1.743 4.886 1154.316 1.226 1688.491 2.6048754790282196 1.0
14.0 3.0 Car -1.0 -1.0 -1.0 -1.0 -1.0 -1.0 -1.0 2.241 1.933 5.459 1188.607 0.864 1654.115 1.0706024164635015 1.0
14.0 10.0 Car -1.0 -1.0 -1.0 -1.0 -1.0 -1.0 -1.0 1.866 1.741 4.48 1171.3 0.997 1636.435 -1.9550829214831913 0.0
14.0 11.0 Bus -1.0 -1.0 -1.0 -1.0 -1.0 -1.0 -1.0 2.663 3.111 12.2 1117.513 1.834 1714.544 2.632581613171352 0.0
14.0 2.0 Car -1.0 -1.0 -1.0 -1.0 -1.0 -1.0 -1.0 1.928 1.675 4.688 1176.357 0.968 1681.74 2.715191264013971 1.0
14.0 1.0 Car -1.0 -1.0 -1.0 -1.0 -1.0 -1.0 -1.0 1.894 1.695 4.399 1175.085 0.905 1651.111 -2.1027377761960637 0.0
14.0 5.0 Car -1.0 -1.0 -1.0 -1.0 -1.0 -1.0 -1.0 1.774 1.467 4.47 1140.509 1.017 1692.005 -0.5572820781219657 1.0
15.0 6.0 Truck -1.0 -1.0 -1.0 -1.0 -1.0 -1.0 -1.0 2.369 2.292 6.615 1183.541 1.101 1653.157 1.149551082819342 1.0
15.0 4.0 Car -1.0 -1.0 -1.0 -1.0 -1.0 -1.0 -1.0 2.011 1.743 4.886 1151.783 1.14 1689.99 2.5776324324807356 1.0
15.0 3.0 Car -1.0 -1.0 -1.0 -1.0 -1.0 -1.0 -1.0 2.241 1.933 5.459 1189.703 0.884 1656.27 1.1287372603376853 1.0
15.0 10.0 Car -1.0 -1.0 -1.0 -1.0 -1.0 -1.0 -1.0 1.866 1.741 4.48 1169.815 0.905 1634.337 -2.024896091562964 0.0
15.0 11.0 Bus -1.0 -1.0 -1.0 -1.0 -1.0 -1.0 -1.0 2.663 3.111 12.2 1114.704 1.778 1716.194 2.643485367549609 0.0
15.0 2.0 Car -1.0 -1.0 -1.0 -1.0 -1.0 -1.0 -1.0 1.928 1.675 4.688 1176.366 0.955 1681.793 2.7217452194102814 1.0
15.0 1.0 Car -1.0 -1.0 -1.0 -1.0 -1.0 -1.0 -1.0 1.894 1.695 4.399 1173.098 0.955 1647.254 -2.067831191156177 0.0
15.0 5.0 Car -1.0 -1.0 -1.0 -1.0 -1.0 -1.0 -1.0 1.774 1.467 4.47 1144.505 0.977 1689.467 -0.5354670144533314 1.0
16.0 6.0 Truck -1.0 -1.0 -1.0 -1.0 -1.0 -1.0 -1.0 2.369 2.292 6.615 1183.901 1.057 1653.923 1.157868879063218 1.0
16.0 4.0 Car -1.0 -1.0 -1.0 -1.0 -1.0 -1.0 -1.0 2.011 1.743 4.886 1149.514 1.042 1691.597 2.554745361336809 1.0
16.0 3.0 Car -1.0 -1.0 -1.0 -1.0 -1.0 -1.0 -1.0 2.241 1.933 5.459 1190.672 0.904 1658.488 1.1869378128811972 1.0
16.0 10.0 Car -1.0 -1.0 -1.0 -1.0 -1.0 -1.0 -1.0 1.866 1.741 4.48 1168.801 1.064 1632.117 -2.024896091562964 0.0
16.0 11.0 Bus -1.0 -1.0 -1.0 -1.0 -1.0 -1.0 -1.0 2.663 3.111 12.2 1111.891 1.721 1717.845 2.654401446226739 0.0
16.0 2.0 Car -1.0 -1.0 -1.0 -1.0 -1.0 -1.0 -1.0 1.928 1.675 4.688 1176.358 0.991 1681.807 2.728306582613325 1.0
16.0 0.0 Car -1.0 -1.0 -1.0 -1.0 -1.0 -1.0 -1.0 2.01 1.668 4.42 1172.349 0.675 1626.263 1.055418051959455 0.0
16.0 1.0 Car -1.0 -1.0 -1.0 -1.0 -1.0 -1.0 -1.0 1.894 1.695 4.399 1171.289 1.005 1643.914 -2.067831191156177 0.0
16.0 5.0 Car -1.0 -1.0 -1.0 -1.0 -1.0 -1.0 -1.0 1.774 1.467 4.47 1148.543 0.889 1686.999 -0.5354670144533314 1.0
17.0 8.0 Car -1.0 -1.0 -1.0 -1.0 -1.0 -1.0 -1.0 1.815 1.421 4.755 1126.123 0.936 1701.468 -0.5697801875510544 0.0
17.0 6.0 Truck -1.0 -1.0 -1.0 -1.0 -1.0 -1.0 -1.0 2.369 2.292 6.615 1184.337 1.014 1655.203 1.1927754641031043 1.0
17.0 4.0 Car -1.0 -1.0 -1.0 -1.0 -1.0 -1.0 -1.0 2.011 1.743 4.886 1147.004 1.043 1693.454 2.533799194875312 1.0
17.0 3.0 Car -1.0 -1.0 -1.0 -1.0 -1.0 -1.0 -1.0 2.241 1.933 5.459 1191.511 0.925 1660.758 1.2451353416629347 1.0
17.0 10.0 Car -1.0 -1.0 -1.0 -1.0 -1.0 -1.0 -1.0 1.866 1.741 4.48 1167.955 0.972 1630.225 -2.0074427990430204 0.0
17.0 11.0 Bus -1.0 -1.0 -1.0 -1.0 -1.0 -1.0 -1.0 2.663 3.111 12.2 1108.935 1.665 1719.763 2.654401446226739 0.0
17.0 2.0 Car -1.0 -1.0 -1.0 -1.0 -1.0 -1.0 -1.0 1.928 1.675 4.688 1176.349 1.026 1681.821 2.7348676049261478 1.0
17.0 0.0 Car -1.0 -1.0 -1.0 -1.0 -1.0 -1.0 -1.0 2.01 1.668 4.42 1174.317 0.975 1629.641 1.055418051959455 1.0
17.0 1.0 Car -1.0 -1.0 -1.0 -1.0 -1.0 -1.0 -1.0 1.894 1.695 4.399 1169.507 1.055 1640.561 -2.067831191156177 0.0
17.0 5.0 Car -1.0 -1.0 -1.0 -1.0 -1.0 -1.0 -1.0 1.774 1.467 4.47 1152.688 0.852 1684.715 -0.5616319470171138 1.0
18.0 8.0 Car -1.0 -1.0 -1.0 -1.0 -1.0 -1.0 -1.0 1.815 1.421 4.755 1130.076 1.186 1698.999 -0.5697801875510544 1.0
18.0 6.0 Truck -1.0 -1.0 -1.0 -1.0 -1.0 -1.0 -1.0 2.369 2.292 6.615 1184.806 1.02 1656.566 1.2102287566230479 1.0
18.0 4.0 Car -1.0 -1.0 -1.0 -1.0 -1.0 -1.0 -1.0 2.011 1.743 4.886 1144.686 1.045 1695.179 2.533799194875312 1.0
18.0 3.0 Car -1.0 -1.0 -1.0 -1.0 -1.0 -1.0 -1.0 2.241 1.933 5.459 1192.035 0.97 1662.862 1.3324990224691375 1.0
18.0 10.0 Car -1.0 -1.0 -1.0 -1.0 -1.0 -1.0 -1.0 1.866 1.741 4.48 1167.099 0.83 1628.714 -2.024896091562964 0.0
18.0 11.0 Bus -1.0 -1.0 -1.0 -1.0 -1.0 -1.0 -1.0 2.663 3.111 12.2 1105.975 1.609 1721.682 2.654401446226739 0.0
18.0 2.0 Car -1.0 -1.0 -1.0 -1.0 -1.0 -1.0 -1.0 1.928 1.675 4.688 1176.34 1.062 1681.835 2.7414361530461653 1.0
18.0 0.0 Car -1.0 -1.0 -1.0 -1.0 -1.0 -1.0 -1.0 2.01 1.668 4.42 1176.181 0.925 1633.083 1.055418051959455 1.0
18.0 1.0 Car -1.0 -1.0 -1.0 -1.0 -1.0 -1.0 -1.0 1.894 1.695 4.399 1168.141 0.955 1637.974 -2.0329246061162913 0.0
18.0 5.0 Car -1.0 -1.0 -1.0 -1.0 -1.0 -1.0 -1.0 1.774 1.467 4.47 1156.777 0.814 1682.32 -0.587826892013161 1.0
19.0 8.0 Car -1.0 -1.0 -1.0 -1.0 -1.0 -1.0 -1.0 1.815 1.421 4.755 1134.021 0.986 1696.536 -0.5697801875510544 1.0
19.0 6.0 Truck -1.0 -1.0 -1.0 -1.0 -1.0 -1.0 -1.0 2.369 2.292 6.615 1185.187 1.027 1657.955 1.2102287566230479 1.0
19.0 4.0 Car -1.0 -1.0 -1.0 -1.0 -1.0 -1.0 -1.0 2.011 1.743 4.886 1142.507 1.046 1697.094 2.533799194875312 1.0
19.0 3.0 Car -1.0 -1.0 -1.0 -1.0 -1.0 -1.0 -1.0 2.241 1.933 5.459 1192.374 1.016 1665.0 1.4196682668623677 1.0
19.0 10.0 Car -1.0 -1.0 -1.0 -1.0 -1.0 -1.0 -1.0 1.866 1.741 4.48 1166.378 0.839 1627.125 -2.042349384082907 0.0
19.0 11.0 Bus -1.0 -1.0 -1.0 -1.0 -1.0 -1.0 -1.0 2.663 3.111 12.2 1102.749 1.552 1723.742 2.654401446226739 0.0
19.0 2.0 Car -1.0 -1.0 -1.0 -1.0 -1.0 -1.0 -1.0 1.928 1.675 4.688 1175.73 1.023 1681.929 2.8265219186111605 1.0
19.0 0.0 Car -1.0 -1.0 -1.0 -1.0 -1.0 -1.0 -1.0 2.01 1.668 4.42 1177.901 1.025 1636.457 1.055418051959455 1.0
19.0 1.0 Car -1.0 -1.0 -1.0 -1.0 -1.0 -1.0 -1.0 1.894 1.695 4.399 1166.638 0.905 1635.263 -2.067831191156177 0.0
19.0 5.0 Car -1.0 -1.0 -1.0 -1.0 -1.0 -1.0 -1.0 1.774 1.467 4.47 1160.369 0.714 1680.051 -0.5703735994932178 1.0
20.0 8.0 Car -1.0 -1.0 -1.0 -1.0 -1.0 -1.0 -1.0 1.815 1.421 4.755 1138.043 0.823 1693.879 -0.5697801875510544 1.0
20.0 6.0 Truck -1.0 -1.0 -1.0 -1.0 -1.0 -1.0 -1.0 2.369 2.292 6.615 1185.549 1.034 1659.271 1.2974952192227645 1.0
20.0 4.0 Car -1.0 -1.0 -1.0 -1.0 -1.0 -1.0 -1.0 2.011 1.743 4.886 1140.342 0.997 1698.795 2.5512524873952556 1.0
20.0 3.0 Car -1.0 -1.0 -1.0 -1.0 -1.0 -1.0 -1.0 2.241 1.933 5.459 1192.401 1.061 1666.757 1.5506392254968582 1.0
20.0 10.0 Car -1.0 -1.0 -1.0 -1.0 -1.0 -1.0 -1.0 1.866 1.741 4.48 1165.922 0.897 1626.142 -2.024896091562964 0.0
20.0 11.0 Bus -1.0 -1.0 -1.0 -1.0 -1.0 -1.0 -1.0 2.663 3.111 12.2 1099.524 1.496 1725.802 2.654401446226739 0.0
20.0 2.0 Car -1.0 -1.0 -1.0 -1.0 -1.0 -1.0 -1.0 1.928 1.675 4.688 1175.115 0.984 1681.971 2.911609386320407 1.0
20.0 0.0 Car -1.0 -1.0 -1.0 -1.0 -1.0 -1.0 -1.0 2.01 1.668 4.42 1179.672 1.075 1639.488 1.055418051959455 1.0
20.0 1.0 Car -1.0 -1.0 -1.0 -1.0 -1.0 -1.0 -1.0 1.894 1.695 4.399 1165.636 1.005 1633.348 -2.067831191156177 0.0
20.0 5.0 Car -1.0 -1.0 -1.0 -1.0 -1.0 -1.0 -1.0 1.774 1.467 4.47 1163.587 0.664 1677.816 -0.587826892013161 1.0
21.0 8.0 Car -1.0 -1.0 -1.0 -1.0 -1.0 -1.0 -1.0 1.815 1.421 4.755 1141.846 0.78 1691.362 -0.5697801875510544 1.0
21.0 6.0 Truck -1.0 -1.0 -1.0 -1.0 -1.0 -1.0 -1.0 2.369 2.292 6.615 1185.864 1.04 1660.593 1.3498550967825944 1.0
21.0 4.0 Car -1.0 -1.0 -1.0 -1.0 -1.0 -1.0 -1.0 2.011 1.743 4.886 1137.978 0.974 1700.409 2.5599793521152123 1.0
21.0 3.0 Car -1.0 -1.0 -1.0 -1.0 -1.0 -1.0 -1.0 2.241 1.933 5.459 1192.2 1.106 1668.502 1.681467654661517 1.0
21.0 10.0 Car -1.0 -1.0 -1.0 -1.0 -1.0 -1.0 -1.0 1.866 1.741 4.48 1165.507 0.955 1625.244 -2.042349384082907 0.0
21.0 11.0 Bus -1.0 -1.0 -1.0 -1.0 -1.0 -1.0 -1.0 2.663 3.111 12.2 1096.302 1.44 1727.859 2.654401446226739 0.0
21.0 2.0 Car -1.0 -1.0 -1.0 -1.0 -1.0 -1.0 -1.0 1.928 1.675 4.688 1173.841 1.02 1682.159 2.9442995266733742 1.0
21.0 0.0 Car -1.0 -1.0 -1.0 -1.0 -1.0 -1.0 -1.0 2.01 1.668 4.42 1181.321 1.075 1642.304 1.055418051959455 1.0
21.0 1.0 Car -1.0 -1.0 -1.0 -1.0 -1.0 -1.0 -1.0 1.894 1.695 4.399 1164.633 0.955 1631.367 -2.067831191156177 0.0
21.0 5.0 Car -1.0 -1.0 -1.0 -1.0 -1.0 -1.0 -1.0 1.774 1.467 4.47 1166.648 0.664 1675.83 -0.587826892013161 1.0
22.0 8.0 Car -1.0 -1.0 -1.0 -1.0 -1.0 -1.0 -1.0 1.815 1.421 4.755 1145.65 0.736 1688.845 -0.5697801875510544 1.0
22.0 6.0 Truck -1.0 -1.0 -1.0 -1.0 -1.0 -1.0 -1.0 2.369 2.292 6.615 1186.089 1.047 1661.931 1.4196682668623672 1.0
22.0 4.0 Car -1.0 -1.0 -1.0 -1.0 -1.0 -1.0 -1.0 2.011 1.743 4.886 1135.614 0.95 1702.023 2.5687057799151987 1.0
22.0 3.0 Car -1.0 -1.0 -1.0 -1.0 -1.0 -1.0 -1.0 2.241 1.933 5.459 1191.819 1.101 1669.696 1.7948522901801969 1.0
22.0 10.0 Car -1.0 -1.0 -1.0 -1.0 -1.0 -1.0 -1.0 1.866 1.741 4.48 1165.527 1.014 1625.196 -2.042349384082907 0.0
22.0 2.0 Car -1.0 -1.0 -1.0 -1.0 -1.0 -1.0 -1.0 1.928 1.675 4.688 1172.597 1.056 1682.472 2.8722708966934607 0.0
22.0 0.0 Car -1.0 -1.0 -1.0 -1.0 -1.0 -1.0 -1.0 2.01 1.668 4.42 1182.892 1.025 1644.919 1.055418051959455 0.0
22.0 1.0 Car -1.0 -1.0 -1.0 -1.0 -1.0 -1.0 -1.0 1.894 1.695 4.399 1164.105 0.955 1629.818 -2.067831191156177 0.0
22.0 5.0 Car -1.0 -1.0 -1.0 -1.0 -1.0 -1.0 -1.0 1.774 1.467 4.47 1169.229 0.664 1674.092 -0.587826892013161 0.0
23.0 8.0 Car -1.0 -1.0 -1.0 -1.0 -1.0 -1.0 -1.0 1.815 1.421 4.755 1149.545 0.786 1686.306 -0.5697801875510544 1.0
23.0 6.0 Truck -1.0 -1.0 -1.0 -1.0 -1.0 -1.0 -1.0 2.369 2.292 6.615 1186.138 1.053 1663.376 1.506934729462084 1.0
23.0 4.0 Car -1.0 -1.0 -1.0 -1.0 -1.0 -1.0 -1.0 2.011 1.743 4.886 1133.279 0.997 1703.63 2.5607694138224057 1.0
23.0 3.0 Car -1.0 -1.0 -1.0 -1.0 -1.0 -1.0 -1.0 2.241 1.933 5.459 1191.305 1.097 1670.841 1.90836045742078 1.0
23.0 10.0 Car -1.0 -1.0 -1.0 -1.0 -1.0 -1.0 -1.0 1.866 1.741 4.48 1165.546 1.072 1625.148 -2.042349384082907 0.0
23.0 2.0 Car -1.0 -1.0 -1.0 -1.0 -1.0 -1.0 -1.0 1.928 1.675 4.688 1171.556 1.05 1682.888 2.7751461564287476 0.0
23.0 0.0 Car -1.0 -1.0 -1.0 -1.0 -1.0 -1.0 -1.0 2.01 1.668 4.42 1184.202 0.975 1647.197 1.055418051959455 0.0
23.0 1.0 Car -1.0 -1.0 -1.0 -1.0 -1.0 -1.0 -1.0 1.894 1.695 4.399 1163.903 1.005 1629.123 -2.067831191156177 0.0
23.0 5.0 Car -1.0 -1.0 -1.0 -1.0 -1.0 -1.0 -1.0 1.774 1.467 4.47 1171.805 0.664 1672.392 -0.587826892013161 0.0
24.0 8.0 Car -1.0 -1.0 -1.0 -1.0 -1.0 -1.0 -1.0 1.815 1.421 4.755 1154.153 0.786 1683.431 -0.5697801875510544 1.0
24.0 6.0 Truck -1.0 -1.0 -1.0 -1.0 -1.0 -1.0 -1.0 2.369 2.292 6.615 1185.901 1.061 1665.32 1.664014362141574 1.0
24.0 4.0 Car -1.0 -1.0 -1.0 -1.0 -1.0 -1.0 -1.0 2.011 1.743 4.886 1130.478 1.053 1705.557 2.5512524873952556 1.0
24.0 3.0 Car -1.0 -1.0 -1.0 -1.0 -1.0 -1.0 -1.0 2.241 1.933 5.459 1190.981 1.091 1671.369 1.999947861240107 1.0
24.0 2.0 Car -1.0 -1.0 -1.0 -1.0 -1.0 -1.0 -1.0 1.928 1.675 4.688 1170.548 0.944 1683.45 2.6586048066221455 0.0
24.0 0.0 Car -1.0 -1.0 -1.0 -1.0 -1.0 -1.0 -1.0 2.01 1.668 4.42 1185.446 0.775 1649.612 1.0728713444793994 0.0
24.0 5.0 Car -1.0 -1.0 -1.0 -1.0 -1.0 -1.0 -1.0 1.774 1.467 4.47 1174.857 0.713 1670.288 -0.622733477053047 0.0
25.0 8.0 Car -1.0 -1.0 -1.0 -1.0 -1.0 -1.0 -1.0 1.815 1.421 4.755 1157.601 0.786 1681.226 -0.5697801875510544 1.0
25.0 6.0 Truck -1.0 -1.0 -1.0 -1.0 -1.0 -1.0 -1.0 2.369 2.292 6.615 1185.458 1.084 1666.895 1.7685785223765118 1.0
25.0 4.0 Car -1.0 -1.0 -1.0 -1.0 -1.0 -1.0 -1.0 2.011 1.743 4.886 1128.303 1.055 1707.469 2.533799194875312 1.0
25.0 3.0 Car -1.0 -1.0 -1.0 -1.0 -1.0 -1.0 -1.0 2.241 1.933 5.459 1190.675 1.086 1671.785 2.0762417173662424 1.0
25.0 2.0 Car -1.0 -1.0 -1.0 -1.0 -1.0 -1.0 -1.0 1.928 1.675 4.688 1170.138 1.036 1683.817 2.657752673031154 0.0
25.0 0.0 Car -1.0 -1.0 -1.0 -1.0 -1.0 -1.0 -1.0 2.01 1.668 4.42 1186.485 0.825 1651.648 1.0379647594395127 0.0
25.0 7.0 Car -1.0 -1.0 -1.0 -1.0 -1.0 -1.0 -1.0 1.865 1.429 4.556 1124.541 0.928 1704.887 -0.5986653866657052 0.0
25.0 9.0 Car -1.0 -1.0 -1.0 -1.0 -1.0 -1.0 -1.0 2.079 1.618 4.546 1170.635 0.823 1627.201 1.100971145424787 0.0
25.0 5.0 Car -1.0 -1.0 -1.0 -1.0 -1.0 -1.0 -1.0 1.774 1.467 4.47 1177.091 0.664 1668.23 -0.7798131097325349 0.0
26.0 8.0 Car -1.0 -1.0 -1.0 -1.0 -1.0 -1.0 -1.0 1.815 1.421 4.755 1161.101 0.698 1678.915 -0.5697801875510544 0.0
26.0 6.0 Truck -1.0 -1.0 -1.0 -1.0 -1.0 -1.0 -1.0 2.369 2.292 6.615 1184.851 1.108 1668.419 1.873377017303245 1.0
26.0 4.0 Car -1.0 -1.0 -1.0 -1.0 -1.0 -1.0 -1.0 2.011 1.743 4.886 1125.448 1.069 1709.121 2.551250247218068 1.0
26.0 3.0 Car -1.0 -1.0 -1.0 -1.0 -1.0 -1.0 -1.0 2.241 1.933 5.459 1190.337 1.082 1672.177 2.1527065526999865 1.0
26.0 2.0 Car -1.0 -1.0 -1.0 -1.0 -1.0 -1.0 -1.0 1.928 1.675 4.688 1170.054 1.03 1683.817 2.6605122962043852 0.0
26.0 0.0 Car -1.0 -1.0 -1.0 -1.0 -1.0 -1.0 -1.0 2.01 1.668 4.42 1187.549 0.825 1653.606 1.055418051959456 0.0
26.0 7.0 Car -1.0 -1.0 -1.0 -1.0 -1.0 -1.0 -1.0 1.865 1.429 4.556 1128.521 0.878 1701.923 -0.5986653866657052 1.0
26.0 9.0 Car -1.0 -1.0 -1.0 -1.0 -1.0 -1.0 -1.0 2.079 1.618 4.546 1172.945 0.877 1631.802 1.100971145424787 1.0
26.0 5.0 Car -1.0 -1.0 -1.0 -1.0 -1.0 -1.0 -1.0 1.774 1.467 4.47 1178.906 0.764 1666.034 -0.954346034931966 0.0
27.0 8.0 Car -1.0 -1.0 -1.0 -1.0 -1.0 -1.0 -1.0 1.815 1.421 4.755 1164.396 0.66 1676.735 -0.5697801875510544 0.0
27.0 6.0 Truck -1.0 -1.0 -1.0 -1.0 -1.0 -1.0 -1.0 2.369 2.292 6.615 1184.089 1.131 1669.87 1.9781736275005533 1.0
27.0 4.0 Car -1.0 -1.0 -1.0 -1.0 -1.0 -1.0 -1.0 2.011 1.743 4.886 1122.594 1.083 1710.772 2.568700985715555 1.0
27.0 3.0 Car -1.0 -1.0 -1.0 -1.0 -1.0 -1.0 -1.0 2.241 1.933 5.459 1189.991 1.089 1672.557 2.222519513519585 1.0
27.0 2.0 Car -1.0 -1.0 -1.0 -1.0 -1.0 -1.0 -1.0 1.928 1.675 4.688 1170.057 1.023 1683.812 2.6632718697476774 0.0
27.0 0.0 Car -1.0 -1.0 -1.0 -1.0 -1.0 -1.0 -1.0 2.01 1.668 4.42 1188.755 0.825 1655.446 1.003058174399626 0.0
27.0 7.0 Car -1.0 -1.0 -1.0 -1.0 -1.0 -1.0 -1.0 1.865 1.429 4.556 1132.5 0.828 1698.958 -0.5986653866657052 1.0
27.0 9.0 Car -1.0 -1.0 -1.0 -1.0 -1.0 -1.0 -1.0 2.079 1.618 4.546 1175.114 0.882 1636.123 1.100971145424787 1.0
27.0 5.0 Car -1.0 -1.0 -1.0 -1.0 -1.0 -1.0 -1.0 1.774 1.467 4.47 1180.219 0.714 1663.4 -1.1812388376912262 0.0
28.0 8.0 Car -1.0 -1.0 -1.0 -1.0 -1.0 -1.0 -1.0 1.815 1.421 4.755 1167.368 0.623 1674.835 -0.5697801875510544 0.0
28.0 6.0 Truck -1.0 -1.0 -1.0 -1.0 -1.0 -1.0 -1.0 2.369 2.292 6.615 1183.311 1.154 1671.121 2.082893591880178 0.0
28.0 4.0 Car -1.0 -1.0 -1.0 -1.0 -1.0 -1.0 -1.0 2.011 1.743 4.886 1119.818 1.147 1712.532 2.568703381491651 0.0
28.0 3.0 Car -1.0 -1.0 -1.0 -1.0 -1.0 -1.0 -1.0 2.241 1.933 5.459 1189.619 1.097 1672.912 2.292332892859533 0.0
28.0 2.0 Car -1.0 -1.0 -1.0 -1.0 -1.0 -1.0 -1.0 1.928 1.675 4.688 1170.06 1.017 1683.806 2.666031459834282 0.0
28.0 0.0 Car -1.0 -1.0 -1.0 -1.0 -1.0 -1.0 -1.0 2.01 1.668 4.42 1190.026 0.825 1657.013 0.9157917117999096 0.0
28.0 7.0 Car -1.0 -1.0 -1.0 -1.0 -1.0 -1.0 -1.0 1.865 1.429 4.556 1136.399 0.728 1696.182 -0.5986653866657052 0.0
28.0 9.0 Car -1.0 -1.0 -1.0 -1.0 -1.0 -1.0 -1.0 2.079 1.618 4.546 1176.999 0.887 1639.887 1.100971145424787 0.0
28.0 5.0 Car -1.0 -1.0 -1.0 -1.0 -1.0 -1.0 -1.0 1.774 1.467 4.47 1180.63 0.764 1660.74 -1.4430382254903726 0.0
29.0 8.0 Car -1.0 -1.0 -1.0 -1.0 -1.0 -1.0 -1.0 1.815 1.421 4.755 1170.061 0.635 1673.076 -0.5872334800709975 0.0
29.0 6.0 Truck -1.0 -1.0 -1.0 -1.0 -1.0 -1.0 -1.0 2.369 2.292 6.615 1182.405 1.177 1672.284 2.187729277020553 0.0
29.0 4.0 Car -1.0 -1.0 -1.0 -1.0 -1.0 -1.0 -1.0 2.011 1.743 4.886 1117.222 1.111 1714.577 2.5687057799151987 0.0
29.0 3.0 Car -1.0 -1.0 -1.0 -1.0 -1.0 -1.0 -1.0 2.241 1.933 5.459 1189.223 1.105 1673.241 2.3622234194503946 0.0
29.0 2.0 Car -1.0 -1.0 -1.0 -1.0 -1.0 -1.0 -1.0 1.928 1.675 4.688 1170.063 1.011 1683.8 2.668794099404967 0.0
29.0 0.0 Car -1.0 -1.0 -1.0 -1.0 -1.0 -1.0 -1.0 2.01 1.668 4.42 1191.247 0.825 1658.016 0.7063522015605896 0.0
29.0 7.0 Car -1.0 -1.0 -1.0 -1.0 -1.0 -1.0 -1.0 1.865 1.429 4.556 1140.114 0.628 1693.683 -0.5986653866657052 0.0
29.0 9.0 Car -1.0 -1.0 -1.0 -1.0 -1.0 -1.0 -1.0 2.079 1.618 4.546 1178.887 0.892 1643.655 1.100971145424787 0.0
29.0 5.0 Car -1.0 -1.0 -1.0 -1.0 -1.0 -1.0 -1.0 1.774 1.467 4.47 1180.301 0.664 1657.913 -1.7222909058094624 0.0
30.0 8.0 Car -1.0 -1.0 -1.0 -1.0 -1.0 -1.0 -1.0 1.815 1.421 4.755 1172.608 0.647 1671.26 -0.6221400651108836 0.0
30.0 6.0 Truck -1.0 -1.0 -1.0 -1.0 -1.0 -1.0 -1.0 2.369 2.292 6.615 1181.384 1.201 1673.344 2.292332892859533 0.0
30.0 4.0 Car -1.0 -1.0 -1.0 -1.0 -1.0 -1.0 -1.0 2.011 1.743 4.886 1114.511 1.062 1716.317 2.5687057799151987 0.0
30.0 3.0 Car -1.0 -1.0 -1.0 -1.0 -1.0 -1.0 -1.0 2.241 1.933 5.459 1188.805 1.113 1673.54 2.4319592330190796 0.0
30.0 2.0 Car -1.0 -1.0 -1.0 -1.0 -1.0 -1.0 -1.0 1.928 1.675 4.688 1170.066 1.005 1683.794 2.6715506234641797 0.0
30.0 0.0 Car -1.0 -1.0 -1.0 -1.0 -1.0 -1.0 -1.0 2.01 1.668 4.42 1192.715 0.825 1658.883 0.4969126913212698 0.0
30.0 7.0 Car -1.0 -1.0 -1.0 -1.0 -1.0 -1.0 -1.0 1.865 1.429 4.556 1144.449 0.628 1690.723 -0.5986653866657052 0.0
30.0 9.0 Car -1.0 -1.0 -1.0 -1.0 -1.0 -1.0 -1.0 2.079 1.618 4.546 1180.488 0.797 1646.858 1.132526338229661 0.0
30.0 5.0 Car -1.0 -1.0 -1.0 -1.0 -1.0 -1.0 -1.0 1.774 1.467 4.47 1179.541 0.714 1655.283 -1.9142771235288365 0.0
31.0 8.0 Car -1.0 -1.0 -1.0 -1.0 -1.0 -1.0 -1.0 1.815 1.421 4.755 1174.901 0.709 1669.525 -0.6570466501507699 0.0
31.0 6.0 Truck -1.0 -1.0 -1.0 -1.0 -1.0 -1.0 -1.0 2.369 2.292 6.615 1180.324 1.224 1674.173 2.4107346345542897 0.0
31.0 4.0 Car -1.0 -1.0 -1.0 -1.0 -1.0 -1.0 -1.0 2.011 1.743 4.886 1111.379 0.989 1718.364 2.5599786535730225 0.0
31.0 3.0 Car -1.0 -1.0 -1.0 -1.0 -1.0 -1.0 -1.0 2.241 1.933 5.459 1188.183 1.12 1673.894 2.5254342922517825 0.0
31.0 2.0 Car -1.0 -1.0 -1.0 -1.0 -1.0 -1.0 -1.0 1.928 1.675 4.688 1170.009 0.998 1683.817 2.6743073239854 0.0
31.0 0.0 Car -1.0 -1.0 -1.0 -1.0 -1.0 -1.0 -1.0 2.01 1.668 4.42 1194.333 0.825 1659.416 0.33983305864177993 0.0
31.0 7.0 Car -1.0 -1.0 -1.0 -1.0 -1.0 -1.0 -1.0 1.865 1.429 4.556 1148.206 0.628 1688.195 -0.5986653866657052 0.0
31.0 9.0 Car -1.0 -1.0 -1.0 -1.0 -1.0 -1.0 -1.0 2.079 1.618 4.546 1182.031 0.702 1650.086 1.1466291412637033 0.0
31.0 5.0 Car -1.0 -1.0 -1.0 -1.0 -1.0 -1.0 -1.0 1.774 1.467 4.47 1178.254 0.714 1652.126 -2.018996878648495 0.0
32.0 8.0 Car -1.0 -1.0 -1.0 -1.0 -1.0 -1.0 -1.0 1.815 1.421 4.755 1176.847 0.572 1667.66 -0.7617664052704285 0.0
32.0 6.0 Truck -1.0 -1.0 -1.0 -1.0 -1.0 -1.0 -1.0 2.369 2.292 6.615 1179.173 1.247 1674.871 2.5291233496084518 0.0
32.0 4.0 Car -1.0 -1.0 -1.0 -1.0 -1.0 -1.0 -1.0 2.011 1.743 4.886 1108.247 0.915 1720.409 2.5512524873952556 0.0
32.0 3.0 Car -1.0 -1.0 -1.0 -1.0 -1.0 -1.0 -1.0 2.241 1.933 5.459 1187.53 1.128 1674.188 2.618899067294542 0.0
32.0 2.0 Car -1.0 -1.0 -1.0 -1.0 -1.0 -1.0 -1.0 1.928 1.675 4.688 1169.952 0.992 1683.84 2.6770637212125443 0.0
32.0 0.0 Car -1.0 -1.0 -1.0 -1.0 -1.0 -1.0 -1.0 2.01 1.668 4.42 1196.004 0.825 1659.743 0.20020671848223337 0.0
32.0 7.0 Car -1.0 -1.0 -1.0 -1.0 -1.0 -1.0 -1.0 1.865 1.429 4.556 1151.781 0.678 1685.678 -0.5812120941457621 0.0
32.0 9.0 Car -1.0 -1.0 -1.0 -1.0 -1.0 -1.0 -1.0 2.079 1.618 4.546 1183.16 0.607 1652.472 1.1607303926977108 0.0
32.0 5.0 Car -1.0 -1.0 -1.0 -1.0 -1.0 -1.0 -1.0 1.774 1.467 4.47 1176.786 0.764 1649.122 -2.018996878648495 0.0
33.0 8.0 Car -1.0 -1.0 -1.0 -1.0 -1.0 -1.0 -1.0 1.815 1.421 4.755 1178.034 0.582 1665.958 -0.9537526229898027 0.0
33.0 6.0 Truck -1.0 -1.0 -1.0 -1.0 -1.0 -1.0 -1.0 2.369 2.292 6.615 1178.197 1.266 1675.329 2.623945450738456 0.0
33.0 4.0 Car -1.0 -1.0 -1.0 -1.0 -1.0 -1.0 -1.0 2.011 1.743 4.886 1105.627 0.873 1722.031 2.546259850025452 0.0
33.0 3.0 Car -1.0 -1.0 -1.0 -1.0 -1.0 -1.0 -1.0 2.241 1.933 5.459 1186.989 1.134 1674.379 2.6937586208182296 0.0
33.0 2.0 Car -1.0 -1.0 -1.0 -1.0 -1.0 -1.0 -1.0 1.928 1.675 4.688 1169.907 0.987 1683.859 2.6792714263684547 0.0
33.0 0.0 Car -1.0 -1.0 -1.0 -1.0 -1.0 -1.0 -1.0 2.01 1.668 4.42 1197.342 0.825 1660.004 0.06058037832268681 0.0
33.0 7.0 Car -1.0 -1.0 -1.0 -1.0 -1.0 -1.0 -1.0 1.865 1.429 4.556 1154.717 0.628 1683.793 -0.5812120941457621 0.0
33.0 9.0 Car -1.0 -1.0 -1.0 -1.0 -1.0 -1.0 -1.0 2.079 1.618 4.546 1184.183 0.531 1654.877 1.1941373529170514 0.0
33.0 5.0 Car -1.0 -1.0 -1.0 -1.0 -1.0 -1.0 -1.0 1.774 1.467 4.47 1175.61 0.714 1646.716 -2.018996878648495 0.0
34.0 8.0 Car -1.0 -1.0 -1.0 -1.0 -1.0 -1.0 -1.0 1.815 1.421 4.755 1179.037 0.544 1663.5 -1.2620922465024655 0.0
34.0 6.0 Truck -1.0 -1.0 -1.0 -1.0 -1.0 -1.0 -1.0 2.369 2.292 6.615 1177.215 1.189 1675.621 2.6413987432583994 0.0
34.0 4.0 Car -1.0 -1.0 -1.0 -1.0 -1.0 -1.0 -1.0 2.011 1.743 4.886 1102.357 0.821 1724.056 2.5400259932474953 0.0
34.0 3.0 Car -1.0 -1.0 -1.0 -1.0 -1.0 -1.0 -1.0 2.241 1.933 5.459 1186.168 1.109 1674.612 2.728665717950752 0.0
34.0 7.0 Car -1.0 -1.0 -1.0 -1.0 -1.0 -1.0 -1.0 1.865 1.429 4.556 1158.252 0.628 1681.524 -0.5637588016258182 0.0
34.0 9.0 Car -1.0 -1.0 -1.0 -1.0 -1.0 -1.0 -1.0 2.079 1.618 4.546 1184.905 0.689 1658.026 1.4519627242021196 0.0
35.0 8.0 Car -1.0 -1.0 -1.0 -1.0 -1.0 -1.0 -1.0 1.815 1.421 4.755 1179.269 0.606 1661.06 -1.532376053148742 0.0
35.0 6.0 Truck -1.0 -1.0 -1.0 -1.0 -1.0 -1.0 -1.0 2.369 2.292 6.615 1176.299 1.112 1676.033 2.6588520357783425 0.0
35.0 4.0 Car -1.0 -1.0 -1.0 -1.0 -1.0 -1.0 -1.0 2.011 1.743 4.886 1099.149 0.769 1726.165 2.533799194875312 0.0
35.0 3.0 Car -1.0 -1.0 -1.0 -1.0 -1.0 -1.0 -1.0 2.241 1.933 5.459 1185.341 1.083 1674.817 2.7635332908425516 0.0
35.0 7.0 Car -1.0 -1.0 -1.0 -1.0 -1.0 -1.0 -1.0 1.865 1.429 4.556 1161.819 0.578 1679.2 -0.5637588016258173 0.0
35.0 9.0 Car -1.0 -1.0 -1.0 -1.0 -1.0 -1.0 -1.0 2.079 1.618 4.546 1185.11 0.707 1660.272 1.5002740375836876 0.0
36.0 8.0 Car -1.0 -1.0 -1.0 -1.0 -1.0 -1.0 -1.0 1.815 1.421 4.755 1179.162 0.619 1658.606 -1.6984245595010434 0.0
36.0 6.0 Truck -1.0 -1.0 -1.0 -1.0 -1.0 -1.0 -1.0 2.369 2.292 6.615 1175.462 1.135 1676.606 2.6588520357783425 0.0
36.0 4.0 Car -1.0 -1.0 -1.0 -1.0 -1.0 -1.0 -1.0 2.011 1.743 4.886 1096.078 0.796 1728.158 2.533799194875312 0.0
36.0 3.0 Car -1.0 -1.0 -1.0 -1.0 -1.0 -1.0 -1.0 2.241 1.933 5.459 1184.505 1.058 1674.993 2.798478375937889 0.0
36.0 7.0 Car -1.0 -1.0 -1.0 -1.0 -1.0 -1.0 -1.0 1.865 1.429 4.556 1165.281 0.578 1676.869 -0.5812120941457602 0.0
36.0 9.0 Car -1.0 -1.0 -1.0 -1.0 -1.0 -1.0 -1.0 2.079 1.618 4.546 1185.082 0.692 1662.541 1.6071166285031426 0.0
37.0 8.0 Car -1.0 -1.0 -1.0 -1.0 -1.0 -1.0 -1.0 1.815 1.421 4.755 1178.109 0.631 1655.277 -1.9427706547802466 0.0
37.0 6.0 Truck -1.0 -1.0 -1.0 -1.0 -1.0 -1.0 -1.0 2.369 2.292 6.615 1174.885 1.158 1676.689 2.6588520357783425 0.0
37.0 4.0 Car -1.0 -1.0 -1.0 -1.0 -1.0 -1.0 -1.0 2.011 1.743 4.886 1093.003 0.723 1730.133 2.533799194875312 0.0
37.0 3.0 Car -1.0 -1.0 -1.0 -1.0 -1.0 -1.0 -1.0 2.241 1.933 5.459 1183.598 1.05 1675.261 2.823386499401134 0.0
37.0 7.0 Car -1.0 -1.0 -1.0 -1.0 -1.0 -1.0 -1.0 1.865 1.429 4.556 1168.332 0.628 1674.846 -0.5812120941457602 0.0
37.0 9.0 Car -1.0 -1.0 -1.0 -1.0 -1.0 -1.0 -1.0 2.079 1.618 4.546 1184.743 0.777 1664.767 1.7118363836228025 0.0
38.0 6.0 Truck -1.0 -1.0 -1.0 -1.0 -1.0 -1.0 -1.0 2.369 2.292 6.615 1174.147 1.182 1677.059 2.6588520357783425 0.0
38.0 4.0 Car -1.0 -1.0 -1.0 -1.0 -1.0 -1.0 -1.0 2.011 1.743 4.886 1089.916 0.649 1732.116 2.533799194875312 0.0
38.0 3.0 Car -1.0 -1.0 -1.0 -1.0 -1.0 -1.0 -1.0 2.241 1.933 5.459 1182.679 1.042 1675.499 2.848398528509045 0.0
38.0 7.0 Car -1.0 -1.0 -1.0 -1.0 -1.0 -1.0 -1.0 1.865 1.429 4.556 1171.187 0.628 1672.951 -0.5812120941457602 0.0
38.0 9.0 Car -1.0 -1.0 -1.0 -1.0 -1.0 -1.0 -1.0 2.079 1.618 4.546 1184.321 0.763 1666.605 1.7641962611826325 0.0
39.0 6.0 Truck -1.0 -1.0 -1.0 -1.0 -1.0 -1.0 -1.0 2.369 2.292 6.615 1173.563 1.2 1677.351 2.6763053282982856 0.0
39.0 4.0 Car -1.0 -1.0 -1.0 -1.0 -1.0 -1.0 -1.0 2.011 1.743 4.886 1087.509 0.647 1733.624 2.533799194875312 0.0
39.0 3.0 Car -1.0 -1.0 -1.0 -1.0 -1.0 -1.0 -1.0 2.241 1.933 5.459 1181.949 1.036 1675.688 2.8682915460176623 0.0
39.0 7.0 Car -1.0 -1.0 -1.0 -1.0 -1.0 -1.0 -1.0 1.865 1.429 4.556 1173.3 0.628 1671.548 -0.5812120941457602 0.0
39.0 9.0 Car -1.0 -1.0 -1.0 -1.0 -1.0 -1.0 -1.0 2.079 1.618 4.546 1183.986 0.672 1668.067 1.7641962611826325 0.0
