0.0 4.0 Car -1.0 -1.0 -1.0 -1.0 -1.0 -1.0 -1.0 2.052 1.632 4.959 833.056 1.764 1609.569 -2.2000573352988364 0.0
0.0 0.0 Car -1.0 -1.0 -1.0 -1.0 -1.0 -1.0 -1.0 1.96 1.569 4.504 800.02 -0.177 1541.624 2.775666922613874 0.0
0.0 1.0 Car -1.0 -1.0 -1.0 -1.0 -1.0 -1.0 -1.0 1.942 1.565 4.267 795.976 -0.659 1560.748 -2.1933029111977826 0.0
1.0 4.0 Car -1.0 -1.0 -1.0 -1.0 -1.0 -1.0 -1.0 2.052 1.632 4.959 830.328 1.671 1605.865 -2.2175155931389896 1.0
1.0 0.0 Car -1.0 -1.0 -1.0 -1.0 -1.0 -1.0 -1.0 1.96 1.569 4.504 796.079 -0.302 1543.144 2.775666922613874 1.0
1.0 1.0 Car -1.0 -1.0 -1.0 -1.0 -1.0 -1.0 -1.0 1.942 1.565 4.267 794.502 -0.634 1558.763 -2.206336496684177 1.0
2.0 4.0 Car -1.0 -1.0 -1.0 -1.0 -1.0 -1.0 -1.0 2.052 1.632 4.959 827.636 1.577 1602.295 -2.2175012207622116 1.0
2.0 0.0 Car -1.0 -1.0 -1.0 -1.0 -1.0 -1.0 -1.0 1.96 1.569 4.504 792.133 -0.427 1544.665 2.775666922613874 1.0
2.0 1.0 Car -1.0 -1.0 -1.0 -1.0 -1.0 -1.0 -1.0 1.942 1.565 4.267 793.025 -0.609 1556.776 -2.219384527081188 1.0
3.0 4.0 Car -1.0 -1.0 -1.0 -1.0 -1.0 -1.0 -1.0 2.052 1.632 4.959 825.035 1.534 1598.828 -2.2175058021209293 1.0
3.0 0.0 Car -1.0 -1.0 -1.0 -1.0 -1.0 -1.0 -1.0 1.96 1.569 4.504 788.613 -0.544 1545.927 2.8047560150421873 1.0
3.0 1.0 Car -1.0 -1.0 -1.0 -1.0 -1.0 -1.0 -1.0 1.942 1.565 4.267 791.984 -0.546 1555.413 -2.2256908932987742 1.0
4.0 4.0 Car -1.0 -1.0 -1.0 -1.0 -1.0 -1.0 -1.0 2.052 1.632 4.959 822.518 1.541 1595.475 -2.217510627818779 1.0
4.0 0.0 Car -1.0 -1.0 -1.0 -1.0 -1.0 -1.0 -1.0 1.96 1.569 4.504 785.058 -0.661 1547.087 2.833844700127889 1.0
4.0 1.0 Car -1.0 -1.0 -1.0 -1.0 -1.0 -1.0 -1.0 1.942 1.565 4.267 790.942 -0.484 1554.049 -2.2319971712065705 1.0
5.0 4.0 Car -1.0 -1.0 -1.0 -1.0 -1.0 -1.0 -1.0 2.052 1.632 4.959 820.129 1.523 1592.286 -2.2175057323293306 1.0
5.0 0.0 Car -1.0 -1.0 -1.0 -1.0 -1.0 -1.0 -1.0 1.96 1.569 4.504 781.471 -0.777 1548.143 2.8629333852135908 1.0
5.0 1.0 Car -1.0 -1.0 -1.0 -1.0 -1.0 -1.0 -1.0 1.942 1.565 4.267 789.816 -0.421 1552.978 -2.377891054320556 1.0
6.0 4.0 Car -1.0 -1.0 -1.0 -1.0 -1.0 -1.0 -1.0 2.052 1.632 4.959 817.886 1.505 1589.306 -2.200066672506876 1.0
6.0 0.0 Car -1.0 -1.0 -1.0 -1.0 -1.0 -1.0 -1.0 1.96 1.569 4.504 778.302 -0.794 1549.071 2.8629333852135908 1.0
6.0 1.0 Car -1.0 -1.0 -1.0 -1.0 -1.0 -1.0 -1.0 1.942 1.565 4.267 788.545 -0.359 1552.081 -2.523944876795396 1.0
7.0 4.0 Car -1.0 -1.0 -1.0 -1.0 -1.0 -1.0 -1.0 2.052 1.632 4.959 815.876 1.486 1586.542 -2.2000618119228785 1.0
7.0 0.0 Car -1.0 -1.0 -1.0 -1.0 -1.0 -1.0 -1.0 1.96 1.569 4.504 775.806 -0.811 1549.806 2.8629333852135908 1.0
7.0 1.0 Car -1.0 -1.0 -1.0 -1.0 -1.0 -1.0 -1.0 1.942 1.565 4.267 787.057 -0.309 1551.447 -2.7033245369937036 1.0
8.0 4.0 Car -1.0 -1.0 -1.0 -1.0 -1.0 -1.0 -1.0 2.052 1.632 4.959 813.899 1.418 1583.881 -2.2175106278187813 1.0
8.0 0.0 Car -1.0 -1.0 -1.0 -1.0 -1.0 -1.0 -1.0 1.96 1.569 4.504 773.31 -0.828 1550.542 2.8629333852135908 1.0
8.0 1.0 Car -1.0 -1.0 -1.0 -1.0 -1.0 -1.0 -1.0 1.942 1.565 4.267 785.48 -0.259 1551.087 -2.8827081445155764 1.0
9.0 4.0 Car -1.0 -1.0 -1.0 -1.0 -1.0 -1.0 -1.0 2.052 1.632 4.959 811.966 1.325 1581.363 -2.2175106278187813 1.0
9.0 0.0 Car -1.0 -1.0 -1.0 -1.0 -1.0 -1.0 -1.0 1.96 1.569 4.504 771.121 -0.836 1551.128 2.923047826483038 1.0
9.0 1.0 Car -1.0 -1.0 -1.0 -1.0 -1.0 -1.0 -1.0 1.942 1.565 4.267 783.74 -0.259 1550.73 -2.957290623839181 1.0
10.0 4.0 Car -1.0 -1.0 -1.0 -1.0 -1.0 -1.0 -1.0 2.052 1.632 4.959 810.056 1.282 1578.818 -2.2175106278187813 1.0
10.0 0.0 Car -1.0 -1.0 -1.0 -1.0 -1.0 -1.0 -1.0 1.96 1.569 4.504 768.895 -0.843 1551.583 2.9832890327997705 1.0
10.0 1.0 Car -1.0 -1.0 -1.0 -1.0 -1.0 -1.0 -1.0 1.942 1.565 4.267 781.974 -0.259 1550.504 -3.0320303773770756 1.0
11.0 4.0 Car -1.0 -1.0 -1.0 -1.0 -1.0 -1.0 -1.0 2.052 1.632 4.959 808.231 1.289 1576.507 -2.234963920338724 1.0
11.0 0.0 Car -1.0 -1.0 -1.0 -1.0 -1.0 -1.0 -1.0 1.96 1.569 4.504 766.649 -0.851 1551.903 3.0434666760158704 1.0
11.0 1.0 Car -1.0 -1.0 -1.0 -1.0 -1.0 -1.0 -1.0 1.942 1.565 4.267 779.79 -0.284 1550.378 -3.1059441091125106 1.0
12.0 4.0 Car -1.0 -1.0 -1.0 -1.0 -1.0 -1.0 -1.0 2.052 1.632 4.959 806.598 1.245 1574.401 -2.234963920338724 1.0
12.0 0.0 Car -1.0 -1.0 -1.0 -1.0 -1.0 -1.0 -1.0 1.96 1.569 4.504 764.487 -0.9 1552.071 3.103708725025225 1.0
12.0 1.0 Car -1.0 -1.0 -1.0 -1.0 -1.0 -1.0 -1.0 1.942 1.565 4.267 777.6 -0.309 1550.414 3.1032483593365776 1.0
13.0 4.0 Car -1.0 -1.0 -1.0 -1.0 -1.0 -1.0 -1.0 2.052 1.632 4.959 805.23 1.252 1572.601 -2.2175106278187813 1.0
13.0 0.0 Car -1.0 -1.0 -1.0 -1.0 -1.0 -1.0 -1.0 1.96 1.569 4.504 762.319 -0.948 1552.108 -3.1192318846824816 1.0
13.0 1.0 Car -1.0 -1.0 -1.0 -1.0 -1.0 -1.0 -1.0 1.942 1.565 4.267 775.419 -0.334 1550.611 3.0292522676081513 1.0
13.0 2.0 Car -1.0 -1.0 -1.0 -1.0 -1.0 -1.0 -1.0 1.868 1.747 4.168 820.731 2.84 1532.497 2.7624896866998814 0.0
14.0 4.0 Car -1.0 -1.0 -1.0 -1.0 -1.0 -1.0 -1.0 2.052 1.632 4.959 803.97 1.209 1570.98 -2.2175106278187813 1.0
14.0 0.0 Car -1.0 -1.0 -1.0 -1.0 -1.0 -1.0 -1.0 1.96 1.569 4.504 760.157 -0.996 1552.015 -3.0591192491829378 1.0
14.0 1.0 Car -1.0 -1.0 -1.0 -1.0 -1.0 -1.0 -1.0 1.942 1.565 4.267 773.263 -0.359 1550.969 2.9554183821854902 1.0
14.0 2.0 Car -1.0 -1.0 -1.0 -1.0 -1.0 -1.0 -1.0 1.868 1.747 4.168 816.314 2.59 1534.247 2.7624896866998814 1.0
15.0 4.0 Car -1.0 -1.0 -1.0 -1.0 -1.0 -1.0 -1.0 2.052 1.632 4.959 802.481 1.207 1569.01 -2.2175106278187813 1.0
15.0 0.0 Car -1.0 -1.0 -1.0 -1.0 -1.0 -1.0 -1.0 1.96 1.569 4.504 757.571 -1.054 1551.732 -2.986827658755906 0.0
15.0 1.0 Car -1.0 -1.0 -1.0 -1.0 -1.0 -1.0 -1.0 1.942 1.565 4.267 770.525 -0.419 1551.404 3.007835957878614 1.0
15.0 2.0 Car -1.0 -1.0 -1.0 -1.0 -1.0 -1.0 -1.0 1.868 1.747 4.168 811.323 2.246 1536.225 2.7624896866998814 1.0
16.0 4.0 Car -1.0 -1.0 -1.0 -1.0 -1.0 -1.0 -1.0 2.052 1.632 4.959 801.411 1.182 1567.598 -2.2175106278187813 1.0
16.0 0.0 Car -1.0 -1.0 -1.0 -1.0 -1.0 -1.0 -1.0 1.96 1.569 4.504 753.667 -1.106 1551.055 -2.965814931811505 0.0
16.0 1.0 Car -1.0 -1.0 -1.0 -1.0 -1.0 -1.0 -1.0 1.942 1.565 4.267 768.233 -0.469 1551.657 3.051420045382641 1.0
16.0 2.0 Car -1.0 -1.0 -1.0 -1.0 -1.0 -1.0 -1.0 1.868 1.747 4.168 807.173 1.96 1537.869 2.7624896866998814 1.0
17.0 4.0 Car -1.0 -1.0 -1.0 -1.0 -1.0 -1.0 -1.0 2.052 1.632 4.959 800.56 1.202 1566.533 -2.234963920338724 1.0
17.0 0.0 Car -1.0 -1.0 -1.0 -1.0 -1.0 -1.0 -1.0 1.96 1.569 4.504 750.546 -1.148 1550.513 -2.9490130239275265 0.0
17.0 1.0 Car -1.0 -1.0 -1.0 -1.0 -1.0 -1.0 -1.0 1.942 1.565 4.267 766.394 -0.509 1551.787 3.086270154337444 1.0
17.0 2.0 Car -1.0 -1.0 -1.0 -1.0 -1.0 -1.0 -1.0 1.868 1.747 4.168 804.052 1.79 1539.116 2.7624896866998814 1.0
18.0 4.0 Car -1.0 -1.0 -1.0 -1.0 -1.0 -1.0 -1.0 2.052 1.632 4.959 799.677 1.177 1565.379 -2.234963920338724 1.0
18.0 0.0 Car -1.0 -1.0 -1.0 -1.0 -1.0 -1.0 -1.0 1.96 1.569 4.504 748.507 -1.194 1550.048 -2.925742633760239 0.0
18.0 1.0 Car -1.0 -1.0 -1.0 -1.0 -1.0 -1.0 -1.0 1.942 1.565 4.267 764.084 -0.559 1551.859 3.129951307384924 1.0
18.0 2.0 Car -1.0 -1.0 -1.0 -1.0 -1.0 -1.0 -1.0 1.868 1.747 4.168 800.117 1.59 1540.719 2.745036394179938 1.0
19.0 4.0 Car -1.0 -1.0 -1.0 -1.0 -1.0 -1.0 -1.0 2.052 1.632 4.959 798.936 1.152 1564.419 -2.234963920338724 0.0
19.0 0.0 Car -1.0 -1.0 -1.0 -1.0 -1.0 -1.0 -1.0 1.96 1.569 4.504 746.485 -1.24 1549.512 -2.9024689419643113 0.0
19.0 1.0 Car -1.0 -1.0 -1.0 -1.0 -1.0 -1.0 -1.0 1.942 1.565 4.267 761.602 -0.634 1551.857 -3.113937788940149 0.0
19.0 2.0 Car -1.0 -1.0 -1.0 -1.0 -1.0 -1.0 -1.0 1.868 1.747 4.168 796.656 1.39 1542.124 2.7508548675120235 1.0
20.0 4.0 Car -1.0 -1.0 -1.0 -1.0 -1.0 -1.0 -1.0 2.052 1.632 4.959 798.195 1.127 1563.459 -2.234963920338724 0.0
20.0 3.0 Car -1.0 -1.0 -1.0 -1.0 -1.0 -1.0 -1.0 1.993 1.78 4.484 834.665 3.606 1525.931 2.5638537645795605 0.0
20.0 0.0 Car -1.0 -1.0 -1.0 -1.0 -1.0 -1.0 -1.0 1.96 1.569 4.504 744.464 -1.286 1548.976 -2.8791998538477537 0.0
20.0 1.0 Car -1.0 -1.0 -1.0 -1.0 -1.0 -1.0 -1.0 1.942 1.565 4.267 759.124 -0.709 1551.718 -3.0746493511178126 0.0
20.0 2.0 Car -1.0 -1.0 -1.0 -1.0 -1.0 -1.0 -1.0 1.868 1.747 4.168 793.194 1.189 1543.529 2.7566721899143003 1.0
21.0 4.0 Car -1.0 -1.0 -1.0 -1.0 -1.0 -1.0 -1.0 2.052 1.632 4.959 797.582 1.077 1562.681 -2.234963920338724 0.0
21.0 3.0 Car -1.0 -1.0 -1.0 -1.0 -1.0 -1.0 -1.0 1.993 1.78 4.484 832.678 3.449 1527.168 2.5638537645795605 1.0
21.0 0.0 Car -1.0 -1.0 -1.0 -1.0 -1.0 -1.0 -1.0 1.96 1.569 4.504 742.462 -1.353 1548.286 -2.839876902764765 0.0
21.0 1.0 Car -1.0 -1.0 -1.0 -1.0 -1.0 -1.0 -1.0 1.942 1.565 4.267 756.654 -0.784 1551.482 -3.035359735563328 0.0
21.0 2.0 Car -1.0 -1.0 -1.0 -1.0 -1.0 -1.0 -1.0 1.868 1.747 4.168 789.998 0.939 1544.75 2.7624896866998814 1.0
22.0 4.0 Car -1.0 -1.0 -1.0 -1.0 -1.0 -1.0 -1.0 2.052 1.632 4.959 797.092 1.077 1562.067 -2.234963920338724 0.0
22.0 3.0 Car -1.0 -1.0 -1.0 -1.0 -1.0 -1.0 -1.0 1.993 1.78 4.484 830.438 3.292 1528.57 2.6336669346593338 1.0
22.0 0.0 Car -1.0 -1.0 -1.0 -1.0 -1.0 -1.0 -1.0 1.96 1.569 4.504 740.493 -1.419 1547.521 -2.800638270268108 0.0
22.0 1.0 Car -1.0 -1.0 -1.0 -1.0 -1.0 -1.0 -1.0 1.942 1.565 4.267 754.2 -0.859 1551.15 -2.996154367115173 0.0
22.0 2.0 Car -1.0 -1.0 -1.0 -1.0 -1.0 -1.0 -1.0 1.868 1.747 4.168 787.518 0.79 1545.782 2.7799334422069424 1.0
23.0 4.0 Car -1.0 -1.0 -1.0 -1.0 -1.0 -1.0 -1.0 2.052 1.632 4.959 796.77 1.027 1561.625 -2.234963920338724 0.0
23.0 3.0 Car -1.0 -1.0 -1.0 -1.0 -1.0 -1.0 -1.0 1.993 1.78 4.484 827.828 3.119 1529.98 2.6802259064733858 1.0
23.0 0.0 Car -1.0 -1.0 -1.0 -1.0 -1.0 -1.0 -1.0 1.96 1.569 4.504 738.597 -1.511 1546.561 -2.7613567319483967 0.0
23.0 1.0 Car -1.0 -1.0 -1.0 -1.0 -1.0 -1.0 -1.0 1.942 1.565 4.267 752.001 -0.934 1550.767 -2.9568732611202178 0.0
23.0 2.0 Car -1.0 -1.0 -1.0 -1.0 -1.0 -1.0 -1.0 1.868 1.747 4.168 785.021 0.69 1546.699 2.7973962717397676 1.0
24.0 4.0 Car -1.0 -1.0 -1.0 -1.0 -1.0 -1.0 -1.0 2.052 1.632 4.959 796.575 1.027 1561.472 -2.2175106278187813 0.0
24.0 3.0 Car -1.0 -1.0 -1.0 -1.0 -1.0 -1.0 -1.0 1.993 1.78 4.484 825.159 2.946 1531.266 2.72673150879032 1.0
24.0 0.0 Car -1.0 -1.0 -1.0 -1.0 -1.0 -1.0 -1.0 1.96 1.569 4.504 736.743 -1.602 1545.529 -2.722120221168264 0.0
24.0 1.0 Car -1.0 -1.0 -1.0 -1.0 -1.0 -1.0 -1.0 1.942 1.565 4.267 749.822 -1.009 1550.298 -2.9176371821692784 0.0
24.0 2.0 Car -1.0 -1.0 -1.0 -1.0 -1.0 -1.0 -1.0 1.868 1.747 4.168 782.83 0.54 1547.453 2.814849564259711 1.0
25.0 4.0 Car -1.0 -1.0 -1.0 -1.0 -1.0 -1.0 -1.0 2.052 1.632 4.959 796.535 1.027 1561.417 -2.2175106278187813 0.0
25.0 3.0 Car -1.0 -1.0 -1.0 -1.0 -1.0 -1.0 -1.0 1.993 1.78 4.484 822.429 2.772 1532.427 2.7732932748188803 1.0
25.0 0.0 Car -1.0 -1.0 -1.0 -1.0 -1.0 -1.0 -1.0 1.96 1.569 4.504 733.686 -1.682 1543.952 -2.6407539346669626 0.0
25.0 1.0 Car -1.0 -1.0 -1.0 -1.0 -1.0 -1.0 -1.0 1.942 1.565 4.267 747.66 -1.084 1549.743 -2.8783537187374644 0.0
25.0 2.0 Car -1.0 -1.0 -1.0 -1.0 -1.0 -1.0 -1.0 1.868 1.747 4.168 780.756 0.39 1548.167 2.814849564259711 1.0
26.0 4.0 Car -1.0 -1.0 -1.0 -1.0 -1.0 -1.0 -1.0 2.052 1.632 4.959 796.537 1.031 1561.415 -2.220236675642912 0.0
26.0 3.0 Car -1.0 -1.0 -1.0 -1.0 -1.0 -1.0 -1.0 1.993 1.78 4.484 819.196 2.515 1533.629 2.7732932748188803 1.0
26.0 0.0 Car -1.0 -1.0 -1.0 -1.0 -1.0 -1.0 -1.0 1.96 1.569 4.504 730.769 -1.761 1542.131 -2.559396925610817 0.0
26.0 1.0 Car -1.0 -1.0 -1.0 -1.0 -1.0 -1.0 -1.0 1.942 1.565 4.267 745.522 -1.159 1549.104 -2.8390747344356835 0.0
26.0 2.0 Car -1.0 -1.0 -1.0 -1.0 -1.0 -1.0 -1.0 1.868 1.747 4.168 778.99 0.24 1548.744 2.8293806723697372 1.0
27.0 4.0 Car -1.0 -1.0 -1.0 -1.0 -1.0 -1.0 -1.0 2.052 1.632 4.959 796.539 1.035 1561.414 -2.2229716293753863 0.0
27.0 3.0 Car -1.0 -1.0 -1.0 -1.0 -1.0 -1.0 -1.0 1.993 1.78 4.484 815.953 2.359 1534.835 2.7732932748188803 1.0
27.0 1.0 Car -1.0 -1.0 -1.0 -1.0 -1.0 -1.0 -1.0 1.942 1.565 4.267 743.626 -1.162 1548.519 -2.8140788699696344 0.0
27.0 2.0 Car -1.0 -1.0 -1.0 -1.0 -1.0 -1.0 -1.0 1.868 1.747 4.168 777.428 0.139 1549.222 2.843959253130756 1.0
28.0 4.0 Car -1.0 -1.0 -1.0 -1.0 -1.0 -1.0 -1.0 2.052 1.632 4.959 796.541 1.014 1561.412 -2.225695037603903 0.0
28.0 3.0 Car -1.0 -1.0 -1.0 -1.0 -1.0 -1.0 -1.0 1.993 1.78 4.484 812.734 2.202 1536.064 2.7732932748188803 0.0
28.0 1.0 Car -1.0 -1.0 -1.0 -1.0 -1.0 -1.0 -1.0 1.942 1.565 4.267 741.731 -1.299 1547.816 -2.7988816213349517 0.0
28.0 2.0 Car -1.0 -1.0 -1.0 -1.0 -1.0 -1.0 -1.0 1.868 1.747 4.168 776.007 0.039 1549.655 2.8584762909633294 0.0
29.0 4.0 Car -1.0 -1.0 -1.0 -1.0 -1.0 -1.0 -1.0 2.052 1.632 4.959 796.542 1.02 1561.411 -2.227875370849667 0.0
29.0 3.0 Car -1.0 -1.0 -1.0 -1.0 -1.0 -1.0 -1.0 1.993 1.78 4.484 810.17 2.106 1537.082 2.7558399822989372 0.0
29.0 1.0 Car -1.0 -1.0 -1.0 -1.0 -1.0 -1.0 -1.0 1.942 1.565 4.267 740.213 -1.409 1547.254 -2.7867148568758533 0.0
29.0 2.0 Car -1.0 -1.0 -1.0 -1.0 -1.0 -1.0 -1.0 1.868 1.747 4.168 774.944 -0.031 1549.969 2.870098485493309 0.0
30.0 4.0 Car -1.0 -1.0 -1.0 -1.0 -1.0 -1.0 -1.0 2.052 1.632 4.959 796.544 1.029 1561.409 -2.2306076359031377 0.0
30.0 3.0 Car -1.0 -1.0 -1.0 -1.0 -1.0 -1.0 -1.0 1.993 1.78 4.484 806.57 2.034 1538.55 2.7558399822989372 0.0
30.0 1.0 Car -1.0 -1.0 -1.0 -1.0 -1.0 -1.0 -1.0 1.942 1.565 4.267 737.933 -1.484 1546.139 -2.74303288583202 0.0
30.0 2.0 Car -1.0 -1.0 -1.0 -1.0 -1.0 -1.0 -1.0 1.868 1.747 4.168 773.609 -0.031 1550.348 2.867209441819541 0.0
31.0 3.0 Car -1.0 -1.0 -1.0 -1.0 -1.0 -1.0 -1.0 1.993 1.78 4.484 803.277 1.861 1539.872 2.7732932748188803 0.0
31.0 2.0 Car -1.0 -1.0 -1.0 -1.0 -1.0 -1.0 -1.0 1.868 1.747 4.168 772.194 -0.131 1550.749 2.8846627343394844 0.0
32.0 3.0 Car -1.0 -1.0 -1.0 -1.0 -1.0 -1.0 -1.0 1.993 1.78 4.484 800.255 1.639 1541.023 2.7732932748188803 0.0
32.0 2.0 Car -1.0 -1.0 -1.0 -1.0 -1.0 -1.0 -1.0 1.868 1.747 4.168 770.71 -0.231 1551.076 2.9045674457284414 0.0
33.0 3.0 Car -1.0 -1.0 -1.0 -1.0 -1.0 -1.0 -1.0 1.993 1.78 4.484 797.446 1.516 1542.131 2.7558399822989372 0.0
33.0 2.0 Car -1.0 -1.0 -1.0 -1.0 -1.0 -1.0 -1.0 1.868 1.747 4.168 769.215 -0.181 1551.377 2.994327823684835 0.0
34.0 3.0 Car -1.0 -1.0 -1.0 -1.0 -1.0 -1.0 -1.0 1.993 1.78 4.484 794.954 1.344 1543.137 2.7558399822989372 0.0
34.0 2.0 Car -1.0 -1.0 -1.0 -1.0 -1.0 -1.0 -1.0 1.868 1.747 4.168 767.495 -0.231 1551.661 3.049220596654288 0.0
35.0 3.0 Car -1.0 -1.0 -1.0 -1.0 -1.0 -1.0 -1.0 1.993 1.78 4.484 792.616 1.171 1544.11 2.738386689778994 0.0
35.0 2.0 Car -1.0 -1.0 -1.0 -1.0 -1.0 -1.0 -1.0 1.868 1.747 4.168 765.689 -0.331 1551.815 3.086663294267476 0.0
36.0 3.0 Car -1.0 -1.0 -1.0 -1.0 -1.0 -1.0 -1.0 1.993 1.78 4.484 790.479 1.049 1544.998 2.7443715328823934 0.0
36.0 2.0 Car -1.0 -1.0 -1.0 -1.0 -1.0 -1.0 -1.0 1.868 1.747 4.168 763.899 -0.531 1551.849 3.1415151419222234 0.0
37.0 3.0 Car -1.0 -1.0 -1.0 -1.0 -1.0 -1.0 -1.0 1.993 1.78 4.484 788.913 0.876 1546.056 2.5759075191837963 0.0
37.0 2.0 Car -1.0 -1.0 -1.0 -1.0 -1.0 -1.0 -1.0 1.868 1.747 4.168 761.725 -0.581 1551.77 -3.1043102909044635 0.0
38.0 3.0 Car -1.0 -1.0 -1.0 -1.0 -1.0 -1.0 -1.0 1.993 1.78 4.484 787.653 0.704 1547.346 2.3898827365769812 0.0
38.0 2.0 Car -1.0 -1.0 -1.0 -1.0 -1.0 -1.0 -1.0 1.868 1.747 4.168 759.464 -0.731 1551.61 -3.0145501374013497 0.0
39.0 3.0 Car -1.0 -1.0 -1.0 -1.0 -1.0 -1.0 -1.0 1.993 1.78 4.484 786.798 0.632 1548.987 2.134044674632309 0.0
39.0 2.0 Car -1.0 -1.0 -1.0 -1.0 -1.0 -1.0 -1.0 1.868 1.747 4.168 757.105 -0.781 1551.357 -3.0145501374013497 0.0
