0.0 1.0 Car -1.0 -1.0 -1.0 -1.0 -1.0 -1.0 -1.0 1.891 1.589 4.221 563.715 0.539 1476.922 -0.7518529351786672 0.0
0.0 2.0 Car -1.0 -1.0 -1.0 -1.0 -1.0 -1.0 -1.0 2.001 1.965 4.659 573.608 0.523 1471.994 2.372286425891183 0.0
0.0 3.0 Car -1.0 -1.0 -1.0 -1.0 -1.0 -1.0 -1.0 1.908 1.667 4.395 564.769 0.447 1482.881 2.0861396950296394 0.0
1.0 1.0 Car -1.0 -1.0 -1.0 -1.0 -1.0 -1.0 -1.0 1.891 1.589 4.221 565.832 0.439 1474.907 -0.7343996426587243 1.0
1.0 2.0 Car -1.0 -1.0 -1.0 -1.0 -1.0 -1.0 -1.0 2.001 1.965 4.659 571.563 0.548 1474.081 2.33737903869531 1.0
1.0 3.0 Car -1.0 -1.0 -1.0 -1.0 -1.0 -1.0 -1.0 1.908 1.667 4.395 563.291 0.439 1485.343 2.012826089038832 1.0
2.0 1.0 Car -1.0 -1.0 -1.0 -1.0 -1.0 -1.0 -1.0 1.891 1.589 4.221 568.011 0.405 1473.003 -0.7183950802485722 1.0
2.0 2.0 Car -1.0 -1.0 -1.0 -1.0 -1.0 -1.0 -1.0 2.001 1.965 4.659 569.593 0.573 1476.239 2.302473953338355 1.0
2.0 3.0 Car -1.0 -1.0 -1.0 -1.0 -1.0 -1.0 -1.0 1.908 1.667 4.395 562.358 0.43 1487.802 1.965692752217687 1.0
3.0 1.0 Car -1.0 -1.0 -1.0 -1.0 -1.0 -1.0 -1.0 1.891 1.589 4.221 570.188 0.372 1471.101 -0.7024065412067002 1.0
3.0 2.0 Car -1.0 -1.0 -1.0 -1.0 -1.0 -1.0 -1.0 2.001 1.965 4.659 567.701 0.598 1478.462 2.2676038140813413 1.0
3.0 3.0 Car -1.0 -1.0 -1.0 -1.0 -1.0 -1.0 -1.0 1.908 1.667 4.395 561.544 0.421 1490.3 1.9186066041165317 1.0
4.0 1.0 Car -1.0 -1.0 -1.0 -1.0 -1.0 -1.0 -1.0 1.891 1.589 4.221 572.369 0.339 1469.195 -0.6863842603414048 1.0
4.0 2.0 Car -1.0 -1.0 -1.0 -1.0 -1.0 -1.0 -1.0 2.001 1.965 4.659 565.884 0.623 1480.754 2.232660085731637 1.0
4.0 3.0 Car -1.0 -1.0 -1.0 -1.0 -1.0 -1.0 -1.0 1.908 1.667 4.395 561.222 0.412 1491.72 1.8714210865551193 1.0
5.0 1.0 Car -1.0 -1.0 -1.0 -1.0 -1.0 -1.0 -1.0 1.891 1.589 4.221 574.557 0.389 1467.413 -0.6471331800590089 0.0
5.0 2.0 Car -1.0 -1.0 -1.0 -1.0 -1.0 -1.0 -1.0 2.001 1.965 4.659 564.77 0.632 1482.249 2.1744419123145424 1.0
5.0 3.0 Car -1.0 -1.0 -1.0 -1.0 -1.0 -1.0 -1.0 1.908 1.667 4.395 560.968 0.404 1493.15 1.82434030723049 1.0
6.0 1.0 Car -1.0 -1.0 -1.0 -1.0 -1.0 -1.0 -1.0 1.891 1.589 4.221 576.245 0.389 1466.082 -0.6645864725789519 0.0
6.0 2.0 Car -1.0 -1.0 -1.0 -1.0 -1.0 -1.0 -1.0 2.001 1.965 4.659 563.744 0.64 1483.806 2.1162208271385436 1.0
6.0 3.0 Car -1.0 -1.0 -1.0 -1.0 -1.0 -1.0 -1.0 1.908 1.667 4.395 560.771 0.457 1494.092 1.7414105805177305 1.0
7.0 1.0 Car -1.0 -1.0 -1.0 -1.0 -1.0 -1.0 -1.0 1.891 1.589 4.221 577.625 0.389 1465.02 -0.6471331800590089 0.0
7.0 2.0 Car -1.0 -1.0 -1.0 -1.0 -1.0 -1.0 -1.0 2.001 1.965 4.659 562.813 0.648 1485.417 2.058127160532204 1.0
7.0 3.0 Car -1.0 -1.0 -1.0 -1.0 -1.0 -1.0 -1.0 1.908 1.667 4.395 560.615 0.428 1494.864 1.710945831432998 1.0
8.0 1.0 Car -1.0 -1.0 -1.0 -1.0 -1.0 -1.0 -1.0 1.891 1.589 4.221 578.356 0.389 1464.485 -0.6471331800590089 0.0
8.0 2.0 Car -1.0 -1.0 -1.0 -1.0 -1.0 -1.0 -1.0 2.001 1.965 4.659 562.219 0.648 1486.468 1.9883142174031057 1.0
8.0 3.0 Car -1.0 -1.0 -1.0 -1.0 -1.0 -1.0 -1.0 1.908 1.667 4.395 560.573 0.473 1495.748 1.6978305237039297 1.0
9.0 1.0 Car -1.0 -1.0 -1.0 -1.0 -1.0 -1.0 -1.0 1.891 1.589 4.221 578.629 0.389 1464.259 -0.6471331800590089 0.0
9.0 2.0 Car -1.0 -1.0 -1.0 -1.0 -1.0 -1.0 -1.0 2.001 1.965 4.659 561.825 0.648 1487.6 2.005767282972374 1.0
9.0 3.0 Car -1.0 -1.0 -1.0 -1.0 -1.0 -1.0 -1.0 1.908 1.667 4.395 560.348 0.469 1497.115 1.6323540895111135 1.0
10.0 1.0 Car -1.0 -1.0 -1.0 -1.0 -1.0 -1.0 -1.0 1.891 1.589 4.221 578.578 0.389 1464.278 -0.6471331800590089 0.0
10.0 2.0 Car -1.0 -1.0 -1.0 -1.0 -1.0 -1.0 -1.0 2.001 1.965 4.659 561.458 0.69 1488.585 1.9584984282241318 1.0
10.0 3.0 Car -1.0 -1.0 -1.0 -1.0 -1.0 -1.0 -1.0 1.908 1.667 4.395 560.409 0.541 1498.771 1.5808108390284965 1.0
11.0 1.0 Car -1.0 -1.0 -1.0 -1.0 -1.0 -1.0 -1.0 1.891 1.589 4.221 578.578 0.339 1464.278 -0.6471331800590089 0.0
11.0 2.0 Car -1.0 -1.0 -1.0 -1.0 -1.0 -1.0 -1.0 2.001 1.965 4.659 561.138 0.731 1489.585 1.9112305190591217 1.0
11.0 3.0 Car -1.0 -1.0 -1.0 -1.0 -1.0 -1.0 -1.0 1.908 1.667 4.395 560.568 0.557 1500.571 1.5292686196356666 1.0
12.0 1.0 Car -1.0 -1.0 -1.0 -1.0 -1.0 -1.0 -1.0 1.891 1.589 4.221 578.578 0.339 1464.278 -0.6471331800590089 0.0
12.0 2.0 Car -1.0 -1.0 -1.0 -1.0 -1.0 -1.0 -1.0 2.001 1.965 4.659 560.915 0.765 1490.396 1.8733758909697613 1.0
12.0 3.0 Car -1.0 -1.0 -1.0 -1.0 -1.0 -1.0 -1.0 1.908 1.667 4.395 560.783 0.569 1502.146 1.4705376065547282 1.0
13.0 1.0 Car -1.0 -1.0 -1.0 -1.0 -1.0 -1.0 -1.0 1.891 1.589 4.221 578.578 0.339 1464.278 -0.6471331800590089 0.0
13.0 2.0 Car -1.0 -1.0 -1.0 -1.0 -1.0 -1.0 -1.0 2.001 1.965 4.659 560.681 0.806 1491.419 1.8261577194827598 1.0
13.0 3.0 Car -1.0 -1.0 -1.0 -1.0 -1.0 -1.0 -1.0 1.908 1.667 4.395 561.147 0.585 1503.977 1.3841430374448198 1.0
14.0 1.0 Car -1.0 -1.0 -1.0 -1.0 -1.0 -1.0 -1.0 1.891 1.589 4.221 578.856 0.339 1464.068 -0.6471331800590089 0.0
14.0 2.0 Car -1.0 -1.0 -1.0 -1.0 -1.0 -1.0 -1.0 2.001 1.965 4.659 560.496 0.848 1492.454 1.7788430039477607 1.0
14.0 3.0 Car -1.0 -1.0 -1.0 -1.0 -1.0 -1.0 -1.0 1.908 1.667 4.395 561.563 0.601 1505.454 1.2836809912261224 1.0
15.0 1.0 Car -1.0 -1.0 -1.0 -1.0 -1.0 -1.0 -1.0 1.891 1.589 4.221 579.319 0.29 1463.718 -0.6471331800590089 0.0
15.0 2.0 Car -1.0 -1.0 -1.0 -1.0 -1.0 -1.0 -1.0 2.001 1.965 4.659 560.395 0.748 1493.824 1.7090613101333376 1.0
15.0 3.0 Car -1.0 -1.0 -1.0 -1.0 -1.0 -1.0 -1.0 1.908 1.667 4.395 562.147 0.617 1506.872 1.2137957835608595 1.0
16.0 1.0 Car -1.0 -1.0 -1.0 -1.0 -1.0 -1.0 -1.0 1.891 1.589 4.221 579.783 0.24 1463.368 -0.6471331800590089 0.0
16.0 2.0 Car -1.0 -1.0 -1.0 -1.0 -1.0 -1.0 -1.0 2.001 1.965 4.659 560.227 0.748 1495.523 1.5345283849339046 1.0
16.0 3.0 Car -1.0 -1.0 -1.0 -1.0 -1.0 -1.0 -1.0 1.908 1.667 4.395 562.665 0.632 1508.108 1.1904184449097384 0.0
17.0 2.0 Car -1.0 -1.0 -1.0 -1.0 -1.0 -1.0 -1.0 2.001 1.965 4.659 560.359 0.851 1497.363 1.5345283849339046 1.0
17.0 0.0 Car -1.0 -1.0 -1.0 -1.0 -1.0 -1.0 -1.0 1.983 1.565 4.535 580.279 0.161 1466.666 2.4595528884909 0.0
17.0 3.0 Car -1.0 -1.0 -1.0 -1.0 -1.0 -1.0 -1.0 1.908 1.667 4.395 563.14 0.623 1509.114 1.2019726378400193 0.0
18.0 2.0 Car -1.0 -1.0 -1.0 -1.0 -1.0 -1.0 -1.0 2.001 1.965 4.659 560.495 0.848 1499.195 1.5170750924139613 1.0
18.0 0.0 Car -1.0 -1.0 -1.0 -1.0 -1.0 -1.0 -1.0 1.983 1.565 4.535 578.214 0.219 1468.397 2.4595528884909 1.0
18.0 3.0 Car -1.0 -1.0 -1.0 -1.0 -1.0 -1.0 -1.0 1.908 1.667 4.395 563.535 0.614 1509.926 1.1785684839925878 0.0
19.0 2.0 Car -1.0 -1.0 -1.0 -1.0 -1.0 -1.0 -1.0 2.001 1.965 4.659 560.645 0.893 1500.723 1.4821685073740747 1.0
19.0 0.0 Car -1.0 -1.0 -1.0 -1.0 -1.0 -1.0 -1.0 1.983 1.565 4.535 576.361 0.27 1469.95 2.4595528884909 1.0
19.0 3.0 Car -1.0 -1.0 -1.0 -1.0 -1.0 -1.0 -1.0 1.908 1.667 4.395 563.812 0.618 1510.54 1.1785684839925878 0.0
20.0 2.0 Car -1.0 -1.0 -1.0 -1.0 -1.0 -1.0 -1.0 2.001 1.965 4.659 560.819 0.943 1502.164 1.4472619223341883 0.0
20.0 0.0 Car -1.0 -1.0 -1.0 -1.0 -1.0 -1.0 -1.0 1.983 1.565 4.535 574.298 0.328 1471.679 2.4595528884909 1.0
20.0 3.0 Car -1.0 -1.0 -1.0 -1.0 -1.0 -1.0 -1.0 1.908 1.667 4.395 564.028 0.59 1511.014 1.1611151914726445 0.0
21.0 2.0 Car -1.0 -1.0 -1.0 -1.0 -1.0 -1.0 -1.0 2.001 1.965 4.659 561.083 0.992 1503.66 1.377448752254415 0.0
21.0 0.0 Car -1.0 -1.0 -1.0 -1.0 -1.0 -1.0 -1.0 1.983 1.565 4.535 572.237 0.386 1473.406 2.4595528884909 1.0
21.0 3.0 Car -1.0 -1.0 -1.0 -1.0 -1.0 -1.0 -1.0 1.908 1.667 4.395 564.173 0.612 1511.322 1.1611151914726445 0.0
22.0 2.0 Car -1.0 -1.0 -1.0 -1.0 -1.0 -1.0 -1.0 2.001 1.965 4.659 561.443 0.942 1504.791 1.3425421672145288 0.0
22.0 0.0 Car -1.0 -1.0 -1.0 -1.0 -1.0 -1.0 -1.0 1.983 1.565 4.535 570.171 0.443 1475.126 2.4071930109310697 1.0
22.0 3.0 Car -1.0 -1.0 -1.0 -1.0 -1.0 -1.0 -1.0 1.908 1.667 4.395 564.317 0.634 1511.629 1.1611151914726445 0.0
23.0 2.0 Car -1.0 -1.0 -1.0 -1.0 -1.0 -1.0 -1.0 2.001 1.965 4.659 561.639 0.892 1505.495 1.307635582174642 0.0
23.0 0.0 Car -1.0 -1.0 -1.0 -1.0 -1.0 -1.0 -1.0 1.983 1.565 4.535 568.216 0.501 1476.983 2.3722864258911835 1.0
23.0 3.0 Car -1.0 -1.0 -1.0 -1.0 -1.0 -1.0 -1.0 1.908 1.667 4.395 564.31 0.626 1511.636 1.1611151914726445 0.0
24.0 2.0 Car -1.0 -1.0 -1.0 -1.0 -1.0 -1.0 -1.0 2.001 1.965 4.659 561.717 0.892 1505.833 1.272728997134755 0.0
24.0 0.0 Car -1.0 -1.0 -1.0 -1.0 -1.0 -1.0 -1.0 1.983 1.565 4.535 566.162 0.551 1479.061 2.3373798408512974 1.0
24.0 3.0 Car -1.0 -1.0 -1.0 -1.0 -1.0 -1.0 -1.0 1.908 1.667 4.395 564.304 0.602 1511.644 1.1611151914726445 0.0
25.0 2.0 Car -1.0 -1.0 -1.0 -1.0 -1.0 -1.0 -1.0 2.001 1.965 4.659 561.752 0.892 1505.867 1.2877662162802657 0.0
25.0 0.0 Car -1.0 -1.0 -1.0 -1.0 -1.0 -1.0 -1.0 1.983 1.565 4.535 564.336 0.551 1481.22 2.2501133782515805 1.0
25.0 3.0 Car -1.0 -1.0 -1.0 -1.0 -1.0 -1.0 -1.0 1.908 1.667 4.395 564.297 0.626 1511.652 1.1611151914726445 0.0
26.0 2.0 Car -1.0 -1.0 -1.0 -1.0 -1.0 -1.0 -1.0 2.001 1.965 4.659 561.715 0.892 1505.878 1.284003399142334 0.0
26.0 0.0 Car -1.0 -1.0 -1.0 -1.0 -1.0 -1.0 -1.0 1.983 1.565 4.535 562.804 0.551 1483.324 2.1803002081718073 1.0
26.0 3.0 Car -1.0 -1.0 -1.0 -1.0 -1.0 -1.0 -1.0 1.908 1.667 4.395 564.291 0.602 1511.659 1.1611151914726445 0.0
27.0 2.0 Car -1.0 -1.0 -1.0 -1.0 -1.0 -1.0 -1.0 2.001 1.965 4.659 561.769 0.892 1505.861 1.2802550695987267 0.0
27.0 0.0 Car -1.0 -1.0 -1.0 -1.0 -1.0 -1.0 -1.0 1.983 1.565 4.535 561.611 0.551 1485.28 2.1279403306119775 1.0
27.0 3.0 Car -1.0 -1.0 -1.0 -1.0 -1.0 -1.0 -1.0 1.908 1.667 4.395 564.309 0.602 1511.691 1.1585839351683744 1.0
28.0 2.0 Car -1.0 -1.0 -1.0 -1.0 -1.0 -1.0 -1.0 2.001 1.965 4.659 561.733 0.892 1505.878 1.3288369029838683 0.0
28.0 0.0 Car -1.0 -1.0 -1.0 -1.0 -1.0 -1.0 -1.0 1.983 1.565 4.535 560.676 0.551 1487.147 2.023220575492317 0.0
28.0 3.0 Car -1.0 -1.0 -1.0 -1.0 -1.0 -1.0 -1.0 1.908 1.667 4.395 564.358 0.602 1511.792 1.1560581670472816 0.0
29.0 2.0 Car -1.0 -1.0 -1.0 -1.0 -1.0 -1.0 -1.0 2.001 1.965 4.659 561.758 0.892 1505.874 1.3425421672145288 0.0
29.0 0.0 Car -1.0 -1.0 -1.0 -1.0 -1.0 -1.0 -1.0 1.983 1.565 4.535 559.997 0.551 1488.783 1.9708606979324876 0.0
29.0 3.0 Car -1.0 -1.0 -1.0 -1.0 -1.0 -1.0 -1.0 1.908 1.667 4.395 564.409 0.602 1511.899 1.1535268551024447 0.0
30.0 2.0 Car -1.0 -1.0 -1.0 -1.0 -1.0 -1.0 -1.0 2.001 1.965 4.659 561.764 0.892 1505.898 1.307635582174642 0.0
30.0 0.0 Car -1.0 -1.0 -1.0 -1.0 -1.0 -1.0 -1.0 1.983 1.565 4.535 559.558 0.551 1490.077 1.9185008203726575 0.0
30.0 3.0 Car -1.0 -1.0 -1.0 -1.0 -1.0 -1.0 -1.0 1.908 1.667 4.395 564.463 0.602 1512.013 1.1509984162341467 0.0
31.0 2.0 Car -1.0 -1.0 -1.0 -1.0 -1.0 -1.0 -1.0 2.001 1.965 4.659 561.822 0.892 1506.115 1.307635582174642 0.0
31.0 0.0 Car -1.0 -1.0 -1.0 -1.0 -1.0 -1.0 -1.0 1.983 1.565 4.535 559.289 0.551 1491.253 1.8661409428128277 0.0
31.0 3.0 Car -1.0 -1.0 -1.0 -1.0 -1.0 -1.0 -1.0 1.908 1.667 4.395 564.527 0.618 1512.149 1.1487216750570028 0.0
32.0 0.0 Car -1.0 -1.0 -1.0 -1.0 -1.0 -1.0 -1.0 1.983 1.565 4.535 559.125 0.551 1491.909 1.8661409428128277 0.0
32.0 3.0 Car -1.0 -1.0 -1.0 -1.0 -1.0 -1.0 -1.0 1.908 1.667 4.395 564.598 0.635 1512.301 1.1461904491021326 0.0
33.0 0.0 Car -1.0 -1.0 -1.0 -1.0 -1.0 -1.0 -1.0 1.983 1.565 4.535 558.964 0.551 1492.44 1.8486876502928844 0.0
33.0 3.0 Car -1.0 -1.0 -1.0 -1.0 -1.0 -1.0 -1.0 1.908 1.667 4.395 564.669 0.652 1512.452 1.1436618989527012 0.0
34.0 0.0 Car -1.0 -1.0 -1.0 -1.0 -1.0 -1.0 -1.0 1.983 1.565 4.535 558.832 0.551 1492.98 1.8486876502928844 0.0
34.0 3.0 Car -1.0 -1.0 -1.0 -1.0 -1.0 -1.0 -1.0 1.908 1.667 4.395 564.738 0.659 1512.453 1.103750759327868 0.0
35.0 0.0 Car -1.0 -1.0 -1.0 -1.0 -1.0 -1.0 -1.0 1.983 1.565 4.535 558.845 0.551 1493.01 1.8312343577729406 0.0
35.0 3.0 Car -1.0 -1.0 -1.0 -1.0 -1.0 -1.0 -1.0 1.908 1.667 4.395 564.75 0.667 1512.445 1.0639263147370912 0.0
36.0 0.0 Car -1.0 -1.0 -1.0 -1.0 -1.0 -1.0 -1.0 1.983 1.565 4.535 558.875 0.551 1493.018 1.8312343577729406 0.0
36.0 3.0 Car -1.0 -1.0 -1.0 -1.0 -1.0 -1.0 -1.0 1.908 1.667 4.395 564.861 0.687 1512.637 1.111325344132087 0.0
37.0 0.0 Car -1.0 -1.0 -1.0 -1.0 -1.0 -1.0 -1.0 1.983 1.565 4.535 558.875 0.551 1493.018 1.8312343577729406 0.0
37.0 3.0 Car -1.0 -1.0 -1.0 -1.0 -1.0 -1.0 -1.0 1.908 1.667 4.395 565.163 0.7 1513.133 1.049526002128841 0.0
38.0 0.0 Car -1.0 -1.0 -1.0 -1.0 -1.0 -1.0 -1.0 1.983 1.565 4.535 558.875 0.551 1493.018 1.8312343577729406 0.0
38.0 3.0 Car -1.0 -1.0 -1.0 -1.0 -1.0 -1.0 -1.0 1.908 1.667 4.395 565.672 0.717 1513.96 1.0401554914422708 0.0
39.0 0.0 Car -1.0 -1.0 -1.0 -1.0 -1.0 -1.0 -1.0 1.983 1.565 4.535 558.875 0.551 1493.018 1.8312343577729406 0.0
39.0 3.0 Car -1.0 -1.0 -1.0 -1.0 -1.0 -1.0 -1.0 1.908 1.667 4.395 566.26 0.66 1514.849 0.9871428195488415 0.0
