0.0 8.0 Car -1.0 -1.0 -1.0 -1.0 -1.0 -1.0 -1.0 2.188 1.857 4.971 1578.71 0.849 811.217 2.401520691003122 0.0
0.0 4.0 Truck -1.0 -1.0 -1.0 -1.0 -1.0 -1.0 -1.0 3.531 3.172 10.212 1541.679 1.767 820.967 -0.8758411251005517 0.0
0.0 3.0 Car -1.0 -1.0 -1.0 -1.0 -1.0 -1.0 -1.0 2.129 1.882 4.216 1570.501 0.973 846.874 -2.420223077508005 0.0
0.0 1.0 Truck -1.0 -1.0 -1.0 -1.0 -1.0 -1.0 -1.0 3.179 4.44 14.994 1597.863 1.823 794.331 2.434155477726936 0.0
1.0 8.0 Car -1.0 -1.0 -1.0 -1.0 -1.0 -1.0 -1.0 2.188 1.857 4.971 1578.392 0.866 811.179 2.401520691003122 0.0
1.0 4.0 Truck -1.0 -1.0 -1.0 -1.0 -1.0 -1.0 -1.0 3.531 3.172 10.212 1543.416 1.767 818.584 -0.9456524118500461 0.0
1.0 3.0 Car -1.0 -1.0 -1.0 -1.0 -1.0 -1.0 -1.0 2.129 1.882 4.216 1569.844 0.973 846.239 -2.420223077508005 0.0
1.0 1.0 Truck -1.0 -1.0 -1.0 -1.0 -1.0 -1.0 -1.0 3.179 4.44 14.994 1595.221 1.959 796.63 2.4122031776481507 0.0
2.0 8.0 Car -1.0 -1.0 -1.0 -1.0 -1.0 -1.0 -1.0 2.188 1.857 4.971 1578.236 1.177 811.237 2.401520691003122 0.0
2.0 4.0 Truck -1.0 -1.0 -1.0 -1.0 -1.0 -1.0 -1.0 3.531 3.172 10.212 1544.983 1.767 816.085 -1.0154674652600963 0.0
2.0 9.0 Car -1.0 -1.0 -1.0 -1.0 -1.0 -1.0 -1.0 2.376 1.93 4.996 1577.003 1.251 853.08 -2.4352055454570847 0.0
2.0 3.0 Car -1.0 -1.0 -1.0 -1.0 -1.0 -1.0 -1.0 2.129 1.882 4.216 1569.18 1.073 845.611 -2.420223077508005 0.0
2.0 1.0 Truck -1.0 -1.0 -1.0 -1.0 -1.0 -1.0 -1.0 3.179 4.44 14.994 1593.801 2.362 797.739 2.429878059748093 0.0
3.0 8.0 Car -1.0 -1.0 -1.0 -1.0 -1.0 -1.0 -1.0 2.188 1.857 4.971 1577.954 1.289 811.411 2.401520691003122 1.0
3.0 4.0 Truck -1.0 -1.0 -1.0 -1.0 -1.0 -1.0 -1.0 3.531 3.172 10.212 1546.214 1.767 813.903 -1.1265738554703293 1.0
3.0 9.0 Car -1.0 -1.0 -1.0 -1.0 -1.0 -1.0 -1.0 2.376 1.93 4.996 1575.969 1.324 852.14 -2.452658837977028 1.0
3.0 3.0 Car -1.0 -1.0 -1.0 -1.0 -1.0 -1.0 -1.0 2.129 1.882 4.216 1568.288 1.153 844.874 -2.420223077508005 1.0
3.0 1.0 Truck -1.0 -1.0 -1.0 -1.0 -1.0 -1.0 -1.0 3.179 4.44 14.994 1592.54 2.547 798.753 2.4242641597793426 1.0
4.0 8.0 Car -1.0 -1.0 -1.0 -1.0 -1.0 -1.0 -1.0 2.188 1.857 4.971 1577.426 1.35 811.949 2.401520691003122 1.0
4.0 4.0 Truck -1.0 -1.0 -1.0 -1.0 -1.0 -1.0 -1.0 3.531 3.172 10.212 1547.101 1.767 811.858 -1.2253797989394872 0.0
4.0 9.0 Car -1.0 -1.0 -1.0 -1.0 -1.0 -1.0 -1.0 2.376 1.93 4.996 1575.05 1.344 851.303 -2.452658837977028 1.0
4.0 3.0 Car -1.0 -1.0 -1.0 -1.0 -1.0 -1.0 -1.0 2.129 1.882 4.216 1567.678 1.108 844.386 -2.385316492468119 1.0
4.0 1.0 Truck -1.0 -1.0 -1.0 -1.0 -1.0 -1.0 -1.0 3.179 4.44 14.994 1592.089 2.621 799.324 2.4192717675154567 1.0
5.0 8.0 Car -1.0 -1.0 -1.0 -1.0 -1.0 -1.0 -1.0 2.188 1.857 4.971 1576.557 1.011 812.52 2.401520691003122 1.0
5.0 4.0 Truck -1.0 -1.0 -1.0 -1.0 -1.0 -1.0 -1.0 3.531 3.172 10.212 1547.954 1.767 808.968 -1.3301569231594834 0.0
5.0 9.0 Car -1.0 -1.0 -1.0 -1.0 -1.0 -1.0 -1.0 2.376 1.93 4.996 1573.96 1.306 850.25 -2.4002989604171985 1.0
5.0 3.0 Car -1.0 -1.0 -1.0 -1.0 -1.0 -1.0 -1.0 2.129 1.882 4.216 1566.58 1.163 843.345 -2.3969520208147475 1.0
5.0 1.0 Truck -1.0 -1.0 -1.0 -1.0 -1.0 -1.0 -1.0 3.179 4.44 14.994 1590.014 2.127 800.786 2.4130224106353966 1.0
6.0 8.0 Car -1.0 -1.0 -1.0 -1.0 -1.0 -1.0 -1.0 2.188 1.857 4.971 1575.107 0.994 813.962 2.401520691003122 1.0
6.0 4.0 Truck -1.0 -1.0 -1.0 -1.0 -1.0 -1.0 -1.0 3.531 3.172 10.212 1548.5 1.767 806.009 -1.4348193091788042 0.0
6.0 9.0 Car -1.0 -1.0 -1.0 -1.0 -1.0 -1.0 -1.0 2.376 1.93 4.996 1572.871 1.319 849.198 -2.4090207474464242 1.0
6.0 3.0 Car -1.0 -1.0 -1.0 -1.0 -1.0 -1.0 -1.0 2.129 1.882 4.216 1565.757 1.118 842.733 -2.4085875491613766 1.0
6.0 1.0 Truck -1.0 -1.0 -1.0 -1.0 -1.0 -1.0 -1.0 3.179 4.44 14.994 1589.014 2.236 801.715 2.3978006853371814 1.0
6.0 7.0 Truck -1.0 -1.0 -1.0 -1.0 -1.0 -1.0 -1.0 3.3 4.912 10.138 1478.503 3.059 879.961 -0.6949202948813866 0.0
7.0 8.0 Car -1.0 -1.0 -1.0 -1.0 -1.0 -1.0 -1.0 2.188 1.857 4.971 1573.607 0.978 815.45 2.401520691003122 1.0
7.0 4.0 Truck -1.0 -1.0 -1.0 -1.0 -1.0 -1.0 -1.0 3.531 3.172 10.212 1548.817 1.767 802.865 -1.5312302679334806 0.0
7.0 9.0 Car -1.0 -1.0 -1.0 -1.0 -1.0 -1.0 -1.0 2.376 1.93 4.996 1571.781 1.331 848.145 -2.417752252937142 1.0
7.0 3.0 Car -1.0 -1.0 -1.0 -1.0 -1.0 -1.0 -1.0 2.129 1.882 4.216 1564.649 1.073 841.828 -2.437676370027948 0.0
7.0 1.0 Truck -1.0 -1.0 -1.0 -1.0 -1.0 -1.0 -1.0 3.179 4.44 14.994 1588.012 2.238 802.646 2.4022751992705533 1.0
7.0 7.0 Truck -1.0 -1.0 -1.0 -1.0 -1.0 -1.0 -1.0 3.3 4.912 10.138 1482.308 2.99 876.69 -0.695713626359566 1.0
8.0 8.0 Car -1.0 -1.0 -1.0 -1.0 -1.0 -1.0 -1.0 2.188 1.857 4.971 1571.869 0.978 817.065 2.4189739835230655 1.0
8.0 4.0 Truck -1.0 -1.0 -1.0 -1.0 -1.0 -1.0 -1.0 3.531 3.172 10.212 1548.852 1.767 800.34 -1.6082618984408923 0.0
8.0 9.0 Car -1.0 -1.0 -1.0 -1.0 -1.0 -1.0 -1.0 2.376 1.93 4.996 1571.659 1.431 848.076 -2.4352055454570847 0.0
8.0 3.0 Car -1.0 -1.0 -1.0 -1.0 -1.0 -1.0 -1.0 2.129 1.882 4.216 1564.292 1.073 841.607 -2.44640301628792 0.0
8.0 1.0 Truck -1.0 -1.0 -1.0 -1.0 -1.0 -1.0 -1.0 3.179 4.44 14.994 1587.212 2.286 803.39 2.4058503022305073 1.0
8.0 7.0 Truck -1.0 -1.0 -1.0 -1.0 -1.0 -1.0 -1.0 3.3 4.912 10.138 1485.353 2.928 874.22 -0.69641879637466 1.0
9.0 8.0 Car -1.0 -1.0 -1.0 -1.0 -1.0 -1.0 -1.0 2.188 1.857 4.971 1570.041 0.978 818.63 2.401520691003122 1.0
9.0 4.0 Truck -1.0 -1.0 -1.0 -1.0 -1.0 -1.0 -1.0 3.531 3.172 10.212 1548.936 1.767 796.947 -1.6082618984408923 0.0
9.0 9.0 Car -1.0 -1.0 -1.0 -1.0 -1.0 -1.0 -1.0 2.376 1.93 4.996 1570.347 1.431 846.964 -2.452658837977028 0.0
9.0 3.0 Car -1.0 -1.0 -1.0 -1.0 -1.0 -1.0 -1.0 2.129 1.882 4.216 1563.552 1.023 841.076 -2.4900362475877778 0.0
9.0 1.0 Truck -1.0 -1.0 -1.0 -1.0 -1.0 -1.0 -1.0 3.179 4.44 14.994 1586.98 2.345 803.63 2.4103193351673022 1.0
9.0 7.0 Truck -1.0 -1.0 -1.0 -1.0 -1.0 -1.0 -1.0 3.3 4.912 10.138 1489.159 2.851 871.132 -0.6973002893159249 1.0
10.0 8.0 Car -1.0 -1.0 -1.0 -1.0 -1.0 -1.0 -1.0 2.188 1.857 4.971 1567.852 0.928 820.657 2.401520691003122 1.0
10.0 4.0 Truck -1.0 -1.0 -1.0 -1.0 -1.0 -1.0 -1.0 3.531 3.172 10.212 1548.962 1.767 792.923 -1.590808588444465 0.0
10.0 9.0 Car -1.0 -1.0 -1.0 -1.0 -1.0 -1.0 -1.0 2.376 1.93 4.996 1569.551 1.41 846.309 -2.452658837977028 0.0
10.0 3.0 Car -1.0 -1.0 -1.0 -1.0 -1.0 -1.0 -1.0 2.129 1.882 4.216 1563.083 1.006 840.673 -2.5074895401077204 0.0
10.0 1.0 Truck -1.0 -1.0 -1.0 -1.0 -1.0 -1.0 -1.0 3.179 4.44 14.994 1585.663 2.405 804.981 2.432237333050886 1.0
10.0 7.0 Truck -1.0 -1.0 -1.0 -1.0 -1.0 -1.0 -1.0 3.3 4.912 10.138 1492.897 2.782 867.908 -0.6980936215884896 1.0
11.0 8.0 Car -1.0 -1.0 -1.0 -1.0 -1.0 -1.0 -1.0 2.188 1.857 4.971 1565.477 1.028 822.81 2.453880568562952 1.0
11.0 4.0 Truck -1.0 -1.0 -1.0 -1.0 -1.0 -1.0 -1.0 3.531 3.172 10.212 1548.988 1.767 788.899 -1.573355313401006 0.0
11.0 9.0 Car -1.0 -1.0 -1.0 -1.0 -1.0 -1.0 -1.0 2.376 1.93 4.996 1569.021 1.338 845.872 -2.452658837977028 0.0
11.0 6.0 Truck -1.0 -1.0 -1.0 -1.0 -1.0 -1.0 -1.0 2.465 2.118 5.777 1476.556 1.706 903.305 2.414774013892431 0.0
11.0 3.0 Car -1.0 -1.0 -1.0 -1.0 -1.0 -1.0 -1.0 2.129 1.882 4.216 1562.835 1.09 840.436 -2.498762893847749 0.0
11.0 1.0 Truck -1.0 -1.0 -1.0 -1.0 -1.0 -1.0 -1.0 3.179 4.44 14.994 1584.552 2.464 805.976 2.4323422555528222 1.0
11.0 7.0 Truck -1.0 -1.0 -1.0 -1.0 -1.0 -1.0 -1.0 3.3 4.912 10.138 1496.635 2.713 864.684 -0.6988869522722837 1.0
12.0 8.0 Car -1.0 -1.0 -1.0 -1.0 -1.0 -1.0 -1.0 2.188 1.857 4.971 1562.706 1.011 825.117 2.436427276043009 1.0
12.0 4.0 Truck -1.0 -1.0 -1.0 -1.0 -1.0 -1.0 -1.0 3.531 3.172 10.212 1548.998 1.767 784.448 -1.5820927923213057 0.0
12.0 9.0 Car -1.0 -1.0 -1.0 -1.0 -1.0 -1.0 -1.0 2.376 1.93 4.996 1569.285 1.316 846.089 -2.452658837977028 0.0
12.0 6.0 Truck -1.0 -1.0 -1.0 -1.0 -1.0 -1.0 -1.0 2.465 2.118 5.777 1478.3 1.677 901.765 2.414774013892431 1.0
12.0 3.0 Car -1.0 -1.0 -1.0 -1.0 -1.0 -1.0 -1.0 2.129 1.882 4.216 1562.561 1.123 840.186 -2.4900362475877778 0.0
12.0 1.0 Truck -1.0 -1.0 -1.0 -1.0 -1.0 -1.0 -1.0 3.179 4.44 14.994 1583.437 2.524 806.974 2.4324474199075383 1.0
12.0 7.0 Truck -1.0 -1.0 -1.0 -1.0 -1.0 -1.0 -1.0 3.3 4.912 10.138 1500.678 2.566 861.417 -0.6909437896174649 0.0
13.0 8.0 Car -1.0 -1.0 -1.0 -1.0 -1.0 -1.0 -1.0 2.188 1.857 4.971 1559.954 1.069 827.468 2.4189739835230655 1.0
13.0 4.0 Truck -1.0 -1.0 -1.0 -1.0 -1.0 -1.0 -1.0 3.531 3.172 10.212 1549.008 1.767 780.008 -1.5908083049686663 0.0
13.0 9.0 Car -1.0 -1.0 -1.0 -1.0 -1.0 -1.0 -1.0 2.376 1.93 4.996 1569.236 1.294 845.604 -2.452658837977028 0.0
13.0 6.0 Truck -1.0 -1.0 -1.0 -1.0 -1.0 -1.0 -1.0 2.465 2.118 5.777 1478.178 1.498 901.937 2.414774013892431 1.0
13.0 3.0 Car -1.0 -1.0 -1.0 -1.0 -1.0 -1.0 -1.0 2.129 1.882 4.216 1562.534 1.144 840.125 -2.4900362475877778 0.0
13.0 1.0 Truck -1.0 -1.0 -1.0 -1.0 -1.0 -1.0 -1.0 3.179 4.44 14.994 1582.326 2.584 807.97 2.4325523234983097 1.0
13.0 7.0 Truck -1.0 -1.0 -1.0 -1.0 -1.0 -1.0 -1.0 3.3 4.912 10.138 1504.71 2.42 858.159 -0.6830203227086993 0.0
14.0 8.0 Car -1.0 -1.0 -1.0 -1.0 -1.0 -1.0 -1.0 2.188 1.857 4.971 1557.096 0.989 830.149 2.436427276043009 1.0
14.0 4.0 Truck -1.0 -1.0 -1.0 -1.0 -1.0 -1.0 -1.0 3.531 3.172 10.212 1549.018 1.767 775.332 -1.599987254495215 0.0
14.0 9.0 Car -1.0 -1.0 -1.0 -1.0 -1.0 -1.0 -1.0 2.376 1.93 4.996 1569.453 1.273 845.336 -2.452658837977028 0.0
14.0 6.0 Truck -1.0 -1.0 -1.0 -1.0 -1.0 -1.0 -1.0 2.465 2.118 5.777 1478.138 1.458 902.154 2.414774013892431 1.0
14.0 3.0 Car -1.0 -1.0 -1.0 -1.0 -1.0 -1.0 -1.0 2.129 1.882 4.216 1562.506 1.165 840.061 -2.4900362475877778 0.0
14.0 1.0 Truck -1.0 -1.0 -1.0 -1.0 -1.0 -1.0 -1.0 3.179 4.44 14.994 1581.146 2.643 808.888 2.432657364720333 1.0
14.0 7.0 Truck -1.0 -1.0 -1.0 -1.0 -1.0 -1.0 -1.0 3.3 4.912 10.138 1508.688 2.266 854.776 -0.6930335495311755 0.0
15.0 8.0 Car -1.0 -1.0 -1.0 -1.0 -1.0 -1.0 -1.0 2.188 1.857 4.971 1554.231 0.991 832.639 2.4218828656097227 1.0
15.0 4.0 Truck -1.0 -1.0 -1.0 -1.0 -1.0 -1.0 -1.0 3.531 3.172 10.212 1549.028 1.767 771.117 -1.6082618984408923 0.0
15.0 9.0 Car -1.0 -1.0 -1.0 -1.0 -1.0 -1.0 -1.0 2.376 1.93 4.996 1569.371 1.281 845.292 -2.452658837977028 0.0
15.0 6.0 Truck -1.0 -1.0 -1.0 -1.0 -1.0 -1.0 -1.0 2.465 2.118 5.777 1478.027 1.418 902.381 2.414774013892431 1.0
15.0 3.0 Car -1.0 -1.0 -1.0 -1.0 -1.0 -1.0 -1.0 2.129 1.882 4.216 1562.483 1.183 840.008 -2.4900362475877778 0.0
15.0 1.0 Truck -1.0 -1.0 -1.0 -1.0 -1.0 -1.0 -1.0 3.179 4.44 14.994 1579.921 2.658 809.901 2.432657364720333 1.0
15.0 7.0 Truck -1.0 -1.0 -1.0 -1.0 -1.0 -1.0 -1.0 3.3 4.912 10.138 1512.274 2.127 851.727 -0.7020602781850008 0.0
16.0 8.0 Car -1.0 -1.0 -1.0 -1.0 -1.0 -1.0 -1.0 2.188 1.857 4.971 1550.672 0.994 835.738 2.4422450402163234 1.0
16.0 9.0 Car -1.0 -1.0 -1.0 -1.0 -1.0 -1.0 -1.0 2.376 1.93 4.996 1569.273 1.291 845.238 -2.452658837977028 0.0
16.0 5.0 Car -1.0 -1.0 -1.0 -1.0 -1.0 -1.0 -1.0 2.334 2.106 5.262 1461.487 1.569 896.444 -0.6762490467569444 0.0
16.0 6.0 Truck -1.0 -1.0 -1.0 -1.0 -1.0 -1.0 -1.0 2.465 2.118 5.777 1477.401 1.377 902.747 2.414774013892431 1.0
16.0 3.0 Car -1.0 -1.0 -1.0 -1.0 -1.0 -1.0 -1.0 2.129 1.882 4.216 1562.454 1.206 839.941 -2.4900362475877778 0.0
16.0 1.0 Truck -1.0 -1.0 -1.0 -1.0 -1.0 -1.0 -1.0 3.179 4.44 14.994 1578.427 2.676 811.136 2.432657364720333 1.0
16.0 7.0 Truck -1.0 -1.0 -1.0 -1.0 -1.0 -1.0 -1.0 3.3 4.912 10.138 1517.734 1.91 847.098 -0.7028536096631797 0.0
17.0 8.0 Car -1.0 -1.0 -1.0 -1.0 -1.0 -1.0 -1.0 2.188 1.857 4.971 1547.491 0.996 838.571 2.4451539223029806 1.0
17.0 9.0 Car -1.0 -1.0 -1.0 -1.0 -1.0 -1.0 -1.0 2.376 1.93 4.996 1569.183 1.3 845.188 -2.452658837977028 0.0
17.0 5.0 Car -1.0 -1.0 -1.0 -1.0 -1.0 -1.0 -1.0 2.334 2.106 5.262 1465.553 1.475 892.878 -0.6762490467569444 1.0
17.0 6.0 Truck -1.0 -1.0 -1.0 -1.0 -1.0 -1.0 -1.0 2.465 2.118 5.777 1476.58 1.352 903.479 2.414774013892431 1.0
17.0 3.0 Car -1.0 -1.0 -1.0 -1.0 -1.0 -1.0 -1.0 2.129 1.882 4.216 1562.428 1.226 839.881 -2.4900362475877778 0.0
17.0 1.0 Truck -1.0 -1.0 -1.0 -1.0 -1.0 -1.0 -1.0 3.179 4.44 14.994 1577.069 2.692 812.258 2.432657364720333 1.0
17.0 7.0 Truck -1.0 -1.0 -1.0 -1.0 -1.0 -1.0 -1.0 3.3 4.912 10.138 1521.419 1.975 843.941 -0.7036460762093832 0.0
17.0 2.0 Car -1.0 -1.0 -1.0 -1.0 -1.0 -1.0 -1.0 2.429 2.233 5.185 1572.329 1.621 811.524 2.3813446847039135 0.0
18.0 8.0 Car -1.0 -1.0 -1.0 -1.0 -1.0 -1.0 -1.0 2.188 1.857 4.971 1544.29 0.998 841.378 2.401520691003122 1.0
18.0 9.0 Car -1.0 -1.0 -1.0 -1.0 -1.0 -1.0 -1.0 2.376 1.93 4.996 1569.093 1.308 845.139 -2.452658837977028 0.0
18.0 5.0 Car -1.0 -1.0 -1.0 -1.0 -1.0 -1.0 -1.0 2.334 2.106 5.262 1469.628 1.381 889.305 -0.6762490467569444 1.0
18.0 6.0 Truck -1.0 -1.0 -1.0 -1.0 -1.0 -1.0 -1.0 2.465 2.118 5.777 1475.937 1.327 904.052 2.414774013892431 1.0
18.0 3.0 Car -1.0 -1.0 -1.0 -1.0 -1.0 -1.0 -1.0 2.129 1.882 4.216 1562.401 1.246 839.82 -2.4900362475877778 0.0
18.0 1.0 Truck -1.0 -1.0 -1.0 -1.0 -1.0 -1.0 -1.0 3.179 4.44 14.994 1575.709 2.708 813.382 2.432657364720333 1.0
18.0 7.0 Truck -1.0 -1.0 -1.0 -1.0 -1.0 -1.0 -1.0 3.3 4.912 10.138 1525.112 2.04 840.778 -0.704440272619538 0.0
18.0 2.0 Car -1.0 -1.0 -1.0 -1.0 -1.0 -1.0 -1.0 2.429 2.233 5.185 1567.993 1.571 815.349 2.376981361573928 1.0
19.0 10.0 Car -1.0 -1.0 -1.0 -1.0 -1.0 -1.0 -1.0 1.967 1.551 4.323 1455.939 1.701 912.125 2.443821654162912 0.0
19.0 8.0 Car -1.0 -1.0 -1.0 -1.0 -1.0 -1.0 -1.0 2.188 1.857 4.971 1541.099 1.011 844.237 2.4403750445891865 1.0
19.0 9.0 Car -1.0 -1.0 -1.0 -1.0 -1.0 -1.0 -1.0 2.376 1.93 4.996 1569.003 1.317 845.09 -2.452658837977028 0.0
19.0 5.0 Car -1.0 -1.0 -1.0 -1.0 -1.0 -1.0 -1.0 2.334 2.106 5.262 1473.703 1.287 885.732 -0.6762490467569444 1.0
19.0 6.0 Truck -1.0 -1.0 -1.0 -1.0 -1.0 -1.0 -1.0 2.465 2.118 5.777 1475.086 1.377 904.57 2.414774013892431 1.0
19.0 0.0 Car -1.0 -1.0 -1.0 -1.0 -1.0 -1.0 -1.0 2.333 2.0 5.138 1457.898 1.709 915.433 2.404470297301622 0.0
19.0 1.0 Truck -1.0 -1.0 -1.0 -1.0 -1.0 -1.0 -1.0 3.179 4.44 14.994 1574.348 2.724 814.506 2.432657364720333 1.0
19.0 7.0 Truck -1.0 -1.0 -1.0 -1.0 -1.0 -1.0 -1.0 3.3 4.912 10.138 1529.328 2.106 837.17 -0.704440272619538 0.0
19.0 2.0 Car -1.0 -1.0 -1.0 -1.0 -1.0 -1.0 -1.0 2.429 2.233 5.185 1563.656 1.521 819.173 2.372618038443942 1.0
20.0 10.0 Car -1.0 -1.0 -1.0 -1.0 -1.0 -1.0 -1.0 1.967 1.551 4.323 1456.008 1.697 912.106 2.4423672131195833 1.0
20.0 11.0 Car -1.0 -1.0 -1.0 -1.0 -1.0 -1.0 -1.0 2.009 1.676 4.365 1464.502 1.389 909.073 2.393195470331241 0.0
20.0 8.0 Car -1.0 -1.0 -1.0 -1.0 -1.0 -1.0 -1.0 2.188 1.857 4.971 1537.908 1.024 847.096 2.444322813135364 1.0
20.0 5.0 Car -1.0 -1.0 -1.0 -1.0 -1.0 -1.0 -1.0 2.334 2.106 5.262 1477.758 1.127 882.144 -0.6762490467569444 1.0
20.0 6.0 Truck -1.0 -1.0 -1.0 -1.0 -1.0 -1.0 -1.0 2.465 2.118 5.777 1474.501 1.377 905.228 2.414774013892431 1.0
20.0 0.0 Car -1.0 -1.0 -1.0 -1.0 -1.0 -1.0 -1.0 2.333 2.0 5.138 1457.91 1.69 915.446 2.404470297301622 1.0
20.0 1.0 Truck -1.0 -1.0 -1.0 -1.0 -1.0 -1.0 -1.0 3.179 4.44 14.994 1573.057 2.74 815.708 2.432657364720333 1.0
20.0 7.0 Truck -1.0 -1.0 -1.0 -1.0 -1.0 -1.0 -1.0 3.3 4.912 10.138 1533.539 2.171 833.566 -0.704440272619538 0.0
20.0 2.0 Car -1.0 -1.0 -1.0 -1.0 -1.0 -1.0 -1.0 2.429 2.233 5.185 1559.32 1.471 822.998 2.368254715313956 1.0
21.0 10.0 Car -1.0 -1.0 -1.0 -1.0 -1.0 -1.0 -1.0 1.967 1.551 4.323 1456.077 1.693 912.087 2.440912772076255 1.0
21.0 11.0 Car -1.0 -1.0 -1.0 -1.0 -1.0 -1.0 -1.0 2.009 1.676 4.365 1464.54 1.381 909.003 2.397558793461227 0.0
21.0 8.0 Car -1.0 -1.0 -1.0 -1.0 -1.0 -1.0 -1.0 2.188 1.857 4.971 1534.622 1.037 849.841 2.43954393542157 1.0
21.0 5.0 Car -1.0 -1.0 -1.0 -1.0 -1.0 -1.0 -1.0 2.334 2.106 5.262 1482.327 1.066 878.143 -0.6762490467569444 1.0
21.0 6.0 Truck -1.0 -1.0 -1.0 -1.0 -1.0 -1.0 -1.0 2.465 2.118 5.777 1474.021 1.377 905.685 2.449680598932318 0.0
21.0 0.0 Car -1.0 -1.0 -1.0 -1.0 -1.0 -1.0 -1.0 2.333 2.0 5.138 1457.922 1.672 915.459 2.404470297301622 1.0
21.0 1.0 Truck -1.0 -1.0 -1.0 -1.0 -1.0 -1.0 -1.0 3.179 4.44 14.994 1571.524 2.756 817.119 2.4301639589228277 1.0
21.0 7.0 Truck -1.0 -1.0 -1.0 -1.0 -1.0 -1.0 -1.0 3.3 4.912 10.138 1537.756 2.237 829.958 -0.704440272619538 0.0
21.0 2.0 Car -1.0 -1.0 -1.0 -1.0 -1.0 -1.0 -1.0 2.429 2.233 5.185 1554.984 1.421 826.822 2.3638913921839704 1.0
22.0 10.0 Car -1.0 -1.0 -1.0 -1.0 -1.0 -1.0 -1.0 1.967 1.551 4.323 1456.147 1.69 912.067 2.439458331032926 1.0
22.0 11.0 Car -1.0 -1.0 -1.0 -1.0 -1.0 -1.0 -1.0 2.009 1.676 4.365 1464.578 1.373 908.934 2.401922116591213 1.0
22.0 8.0 Car -1.0 -1.0 -1.0 -1.0 -1.0 -1.0 -1.0 2.188 1.857 4.971 1531.452 0.973 852.524 2.4231295293611472 1.0
22.0 5.0 Car -1.0 -1.0 -1.0 -1.0 -1.0 -1.0 -1.0 2.334 2.106 5.262 1486.901 1.006 874.138 -0.6762490467569444 1.0
22.0 6.0 Truck -1.0 -1.0 -1.0 -1.0 -1.0 -1.0 -1.0 2.465 2.118 5.777 1473.215 1.427 906.37 2.467133891452261 0.0
22.0 0.0 Car -1.0 -1.0 -1.0 -1.0 -1.0 -1.0 -1.0 2.333 2.0 5.138 1457.934 1.653 915.473 2.404470297301622 1.0
22.0 1.0 Truck -1.0 -1.0 -1.0 -1.0 -1.0 -1.0 -1.0 3.179 4.44 14.994 1570.184 2.771 818.363 2.4276678775833767 1.0
22.0 7.0 Truck -1.0 -1.0 -1.0 -1.0 -1.0 -1.0 -1.0 3.3 4.912 10.138 1542.88 2.302 825.578 -0.704440272619538 0.0
22.0 2.0 Car -1.0 -1.0 -1.0 -1.0 -1.0 -1.0 -1.0 2.429 2.233 5.185 1550.932 1.371 830.466 2.3638913921839704 1.0
23.0 10.0 Car -1.0 -1.0 -1.0 -1.0 -1.0 -1.0 -1.0 1.967 1.551 4.323 1456.216 1.686 912.048 2.4380038899895977 1.0
23.0 11.0 Car -1.0 -1.0 -1.0 -1.0 -1.0 -1.0 -1.0 2.009 1.676 4.365 1464.614 1.439 908.788 2.4062854397211986 1.0
23.0 8.0 Car -1.0 -1.0 -1.0 -1.0 -1.0 -1.0 -1.0 2.188 1.857 4.971 1528.547 1.059 855.102 2.441621708340611 1.0
23.0 5.0 Car -1.0 -1.0 -1.0 -1.0 -1.0 -1.0 -1.0 2.334 2.106 5.262 1491.506 0.945 870.178 -0.6762490467569444 1.0
23.0 6.0 Truck -1.0 -1.0 -1.0 -1.0 -1.0 -1.0 -1.0 2.465 2.118 5.777 1472.896 1.404 906.414 2.4322273064123747 0.0
23.0 0.0 Car -1.0 -1.0 -1.0 -1.0 -1.0 -1.0 -1.0 2.333 2.0 5.138 1457.946 1.634 915.486 2.404470297301622 1.0
23.0 1.0 Truck -1.0 -1.0 -1.0 -1.0 -1.0 -1.0 -1.0 3.179 4.44 14.994 1568.287 2.787 820.09 2.4251773516056927 1.0
23.0 7.0 Truck -1.0 -1.0 -1.0 -1.0 -1.0 -1.0 -1.0 3.3 4.912 10.138 1547.993 2.367 821.208 -0.704440272619538 0.0
23.0 2.0 Car -1.0 -1.0 -1.0 -1.0 -1.0 -1.0 -1.0 2.429 2.233 5.185 1546.932 1.371 834.06 2.3638913921839704 1.0
24.0 10.0 Car -1.0 -1.0 -1.0 -1.0 -1.0 -1.0 -1.0 1.967 1.551 4.323 1456.286 1.682 912.029 2.436549448946269 1.0
24.0 11.0 Car -1.0 -1.0 -1.0 -1.0 -1.0 -1.0 -1.0 2.009 1.676 4.365 1464.63 1.417 908.853 2.3888321472012555 1.0
24.0 8.0 Car -1.0 -1.0 -1.0 -1.0 -1.0 -1.0 -1.0 2.188 1.857 4.971 1525.594 1.045 857.591 2.4426605948001314 1.0
24.0 5.0 Car -1.0 -1.0 -1.0 -1.0 -1.0 -1.0 -1.0 2.334 2.106 5.262 1496.213 1.019 866.105 -0.6762490467569444 0.0
24.0 6.0 Truck -1.0 -1.0 -1.0 -1.0 -1.0 -1.0 -1.0 2.465 2.118 5.777 1472.039 1.441 907.171 2.4235006601524027 0.0
24.0 0.0 Car -1.0 -1.0 -1.0 -1.0 -1.0 -1.0 -1.0 2.333 2.0 5.138 1457.958 1.615 915.499 2.404470297301622 1.0
24.0 1.0 Truck -1.0 -1.0 -1.0 -1.0 -1.0 -1.0 -1.0 3.179 4.44 14.994 1566.319 2.803 821.74 2.4226839856672853 1.0
24.0 2.0 Car -1.0 -1.0 -1.0 -1.0 -1.0 -1.0 -1.0 2.429 2.233 5.185 1543.11 1.371 837.479 2.3638913921839704 1.0
25.0 10.0 Car -1.0 -1.0 -1.0 -1.0 -1.0 -1.0 -1.0 1.967 1.551 4.323 1456.341 1.59 912.112 2.436549448946269 1.0
25.0 11.0 Car -1.0 -1.0 -1.0 -1.0 -1.0 -1.0 -1.0 2.009 1.676 4.365 1464.639 1.394 909.038 2.4106487628511846 1.0
25.0 8.0 Car -1.0 -1.0 -1.0 -1.0 -1.0 -1.0 -1.0 2.188 1.857 4.971 1522.892 1.032 859.95 2.4436994812596518 1.0
25.0 5.0 Car -1.0 -1.0 -1.0 -1.0 -1.0 -1.0 -1.0 2.334 2.106 5.262 1501.656 1.069 861.436 -0.6762490467569444 0.0
25.0 6.0 Truck -1.0 -1.0 -1.0 -1.0 -1.0 -1.0 -1.0 2.465 2.118 5.777 1471.624 1.377 907.652 2.467133891452261 0.0
25.0 0.0 Car -1.0 -1.0 -1.0 -1.0 -1.0 -1.0 -1.0 2.333 2.0 5.138 1457.969 1.597 915.512 2.404470297301622 1.0
25.0 1.0 Truck -1.0 -1.0 -1.0 -1.0 -1.0 -1.0 -1.0 3.179 4.44 14.994 1564.308 2.818 823.338 2.420193469654376 1.0
25.0 2.0 Car -1.0 -1.0 -1.0 -1.0 -1.0 -1.0 -1.0 2.429 2.233 5.185 1539.287 1.371 840.897 2.4511578547836868 1.0
26.0 10.0 Car -1.0 -1.0 -1.0 -1.0 -1.0 -1.0 -1.0 1.967 1.551 4.323 1456.344 1.548 912.317 2.436549448946269 0.0
26.0 11.0 Car -1.0 -1.0 -1.0 -1.0 -1.0 -1.0 -1.0 2.009 1.676 4.365 1464.721 1.371 909.129 2.420829850154485 0.0
26.0 8.0 Car -1.0 -1.0 -1.0 -1.0 -1.0 -1.0 -1.0 2.188 1.857 4.971 1520.258 1.018 862.286 2.42479174769638 0.0
26.0 5.0 Car -1.0 -1.0 -1.0 -1.0 -1.0 -1.0 -1.0 2.334 2.106 5.262 1506.238 1.119 857.558 -0.6762490467569444 0.0
26.0 6.0 Truck -1.0 -1.0 -1.0 -1.0 -1.0 -1.0 -1.0 2.465 2.118 5.777 1471.203 1.377 907.852 2.449680598932318 0.0
26.0 0.0 Car -1.0 -1.0 -1.0 -1.0 -1.0 -1.0 -1.0 2.333 2.0 5.138 1457.981 1.578 915.525 2.404470297301622 0.0
26.0 1.0 Truck -1.0 -1.0 -1.0 -1.0 -1.0 -1.0 -1.0 3.179 4.44 14.994 1562.292 2.834 824.939 2.4176972936495678 0.0
26.0 2.0 Car -1.0 -1.0 -1.0 -1.0 -1.0 -1.0 -1.0 2.429 2.233 5.185 1535.328 1.371 844.151 2.4511578547836868 0.0
27.0 10.0 Car -1.0 -1.0 -1.0 -1.0 -1.0 -1.0 -1.0 1.967 1.551 4.323 1456.278 1.505 912.074 2.436549448946269 0.0
27.0 11.0 Car -1.0 -1.0 -1.0 -1.0 -1.0 -1.0 -1.0 2.009 1.676 4.365 1464.578 1.348 909.097 2.431010937457785 0.0
27.0 8.0 Car -1.0 -1.0 -1.0 -1.0 -1.0 -1.0 -1.0 2.188 1.857 4.971 1517.802 1.004 864.618 2.405884014133108 0.0
27.0 5.0 Car -1.0 -1.0 -1.0 -1.0 -1.0 -1.0 -1.0 2.334 2.106 5.262 1511.258 1.069 853.271 -0.6762490467569444 0.0
27.0 6.0 Truck -1.0 -1.0 -1.0 -1.0 -1.0 -1.0 -1.0 2.465 2.118 5.777 1471.01 1.369 908.029 2.4322273064123747 0.0
27.0 0.0 Car -1.0 -1.0 -1.0 -1.0 -1.0 -1.0 -1.0 2.333 2.0 5.138 1457.993 1.559 915.538 2.404470297301622 0.0
27.0 1.0 Truck -1.0 -1.0 -1.0 -1.0 -1.0 -1.0 -1.0 3.179 4.44 14.994 1560.62 2.85 826.926 2.41520407220039 0.0
27.0 2.0 Car -1.0 -1.0 -1.0 -1.0 -1.0 -1.0 -1.0 2.429 2.233 5.185 1531.777 1.371 847.901 2.4162512697438 0.0
28.0 10.0 Car -1.0 -1.0 -1.0 -1.0 -1.0 -1.0 -1.0 1.967 1.551 4.323 1456.072 1.477 912.243 2.436549448946269 0.0
28.0 11.0 Car -1.0 -1.0 -1.0 -1.0 -1.0 -1.0 -1.0 2.009 1.676 4.365 1464.649 1.325 909.039 2.4411920247610857 0.0
28.0 8.0 Car -1.0 -1.0 -1.0 -1.0 -1.0 -1.0 -1.0 2.188 1.857 4.971 1515.157 0.991 867.147 2.386976280569836 0.0
28.0 5.0 Car -1.0 -1.0 -1.0 -1.0 -1.0 -1.0 -1.0 2.334 2.106 5.262 1516.18 1.119 849.059 -0.6762490467569444 0.0
28.0 6.0 Truck -1.0 -1.0 -1.0 -1.0 -1.0 -1.0 -1.0 2.465 2.118 5.777 1471.021 1.346 908.035 2.4322273064123747 0.0
28.0 0.0 Car -1.0 -1.0 -1.0 -1.0 -1.0 -1.0 -1.0 2.333 2.0 5.138 1456.986 1.564 916.41 2.404470297301622 0.0
28.0 1.0 Truck -1.0 -1.0 -1.0 -1.0 -1.0 -1.0 -1.0 3.179 4.44 14.994 1558.711 2.743 828.659 2.4136021994172716 0.0
28.0 2.0 Car -1.0 -1.0 -1.0 -1.0 -1.0 -1.0 -1.0 2.429 2.233 5.185 1528.416 1.371 851.262 2.4162512697438 0.0
29.0 10.0 Car -1.0 -1.0 -1.0 -1.0 -1.0 -1.0 -1.0 1.967 1.551 4.323 1455.548 1.448 912.682 2.436549448946269 0.0
29.0 11.0 Car -1.0 -1.0 -1.0 -1.0 -1.0 -1.0 -1.0 2.009 1.676 4.365 1464.637 1.225 908.996 2.4377013662570968 0.0
29.0 8.0 Car -1.0 -1.0 -1.0 -1.0 -1.0 -1.0 -1.0 2.188 1.857 4.971 1512.406 1.032 869.793 2.3855218395265076 0.0
29.0 5.0 Car -1.0 -1.0 -1.0 -1.0 -1.0 -1.0 -1.0 2.334 2.106 5.262 1521.014 1.219 844.844 -0.6762490467569444 0.0
29.0 6.0 Truck -1.0 -1.0 -1.0 -1.0 -1.0 -1.0 -1.0 2.465 2.118 5.777 1470.981 1.356 908.133 2.455498363105632 0.0
29.0 0.0 Car -1.0 -1.0 -1.0 -1.0 -1.0 -1.0 -1.0 2.333 2.0 5.138 1455.98 1.569 917.283 2.404470297301622 0.0
29.0 1.0 Truck -1.0 -1.0 -1.0 -1.0 -1.0 -1.0 -1.0 3.179 4.44 14.994 1556.803 2.796 830.391 2.412000413152934 0.0
29.0 2.0 Car -1.0 -1.0 -1.0 -1.0 -1.0 -1.0 -1.0 2.429 2.233 5.185 1525.215 1.371 854.482 2.4162512697438 0.0
30.0 10.0 Car -1.0 -1.0 -1.0 -1.0 -1.0 -1.0 -1.0 1.967 1.551 4.323 1454.532 1.495 913.599 2.436549448946269 0.0
30.0 11.0 Car -1.0 -1.0 -1.0 -1.0 -1.0 -1.0 -1.0 2.009 1.676 4.365 1464.517 1.225 909.191 2.434210707753108 0.0
30.0 8.0 Car -1.0 -1.0 -1.0 -1.0 -1.0 -1.0 -1.0 2.188 1.857 4.971 1509.692 0.978 872.47 2.384067398483179 0.0
30.0 5.0 Car -1.0 -1.0 -1.0 -1.0 -1.0 -1.0 -1.0 2.334 2.106 5.262 1525.81 1.094 840.937 -0.6762490467569444 0.0
30.0 6.0 Truck -1.0 -1.0 -1.0 -1.0 -1.0 -1.0 -1.0 2.465 2.118 5.777 1471.018 1.317 908.036 2.4700427735389185 0.0
30.0 0.0 Car -1.0 -1.0 -1.0 -1.0 -1.0 -1.0 -1.0 2.333 2.0 5.138 1454.973 1.574 918.155 2.404470297301622 0.0
30.0 1.0 Truck -1.0 -1.0 -1.0 -1.0 -1.0 -1.0 -1.0 3.179 4.44 14.994 1554.896 2.743 832.122 2.4104003156070077 0.0
30.0 2.0 Car -1.0 -1.0 -1.0 -1.0 -1.0 -1.0 -1.0 2.429 2.233 5.185 1522.236 1.371 857.79 2.4162512697438 0.0
31.0 10.0 Car -1.0 -1.0 -1.0 -1.0 -1.0 -1.0 -1.0 1.967 1.551 4.323 1452.862 1.491 915.033 2.436549448946269 0.0
31.0 11.0 Car -1.0 -1.0 -1.0 -1.0 -1.0 -1.0 -1.0 2.009 1.676 4.365 1464.294 1.187 909.346 2.4190845209024907 0.0
31.0 8.0 Car -1.0 -1.0 -1.0 -1.0 -1.0 -1.0 -1.0 2.188 1.857 4.971 1506.895 0.973 875.118 2.389885162656493 0.0
31.0 5.0 Car -1.0 -1.0 -1.0 -1.0 -1.0 -1.0 -1.0 2.334 2.106 5.262 1530.612 0.969 837.025 -0.6762490467569444 0.0
31.0 6.0 Truck -1.0 -1.0 -1.0 -1.0 -1.0 -1.0 -1.0 2.465 2.118 5.777 1471.105 1.277 908.009 2.467133891452261 0.0
31.0 0.0 Car -1.0 -1.0 -1.0 -1.0 -1.0 -1.0 -1.0 2.333 2.0 5.138 1453.966 1.579 919.027 2.404470297301622 0.0
31.0 1.0 Truck -1.0 -1.0 -1.0 -1.0 -1.0 -1.0 -1.0 3.179 4.44 14.994 1552.988 2.747 833.855 2.408798542160267 0.0
31.0 2.0 Car -1.0 -1.0 -1.0 -1.0 -1.0 -1.0 -1.0 2.429 2.233 5.185 1519.417 1.321 860.957 2.4162512697438 0.0
32.0 10.0 Car -1.0 -1.0 -1.0 -1.0 -1.0 -1.0 -1.0 1.967 1.551 4.323 1450.868 1.512 916.733 2.436549448946269 0.0
32.0 11.0 Car -1.0 -1.0 -1.0 -1.0 -1.0 -1.0 -1.0 2.009 1.676 4.365 1463.672 1.185 909.829 2.4214116265718166 0.0
32.0 8.0 Car -1.0 -1.0 -1.0 -1.0 -1.0 -1.0 -1.0 2.188 1.857 4.971 1504.432 0.917 877.541 2.3782496343098645 0.0
32.0 5.0 Car -1.0 -1.0 -1.0 -1.0 -1.0 -1.0 -1.0 2.334 2.106 5.262 1534.926 1.161 832.914 -0.6826580193095811 0.0
32.0 6.0 Truck -1.0 -1.0 -1.0 -1.0 -1.0 -1.0 -1.0 2.465 2.118 5.777 1470.989 1.247 908.06 2.4665521150349297 0.0
32.0 0.0 Car -1.0 -1.0 -1.0 -1.0 -1.0 -1.0 -1.0 2.333 2.0 5.138 1452.959 1.585 919.899 2.404470297301622 0.0
32.0 1.0 Truck -1.0 -1.0 -1.0 -1.0 -1.0 -1.0 -1.0 3.179 4.44 14.994 1551.026 2.75 835.912 2.40735799165368 0.0
32.0 2.0 Car -1.0 -1.0 -1.0 -1.0 -1.0 -1.0 -1.0 2.429 2.233 5.185 1516.886 1.271 863.534 2.4162512697438 0.0
33.0 10.0 Car -1.0 -1.0 -1.0 -1.0 -1.0 -1.0 -1.0 1.967 1.551 4.323 1448.513 1.533 918.742 2.436549448946269 0.0
33.0 11.0 Car -1.0 -1.0 -1.0 -1.0 -1.0 -1.0 -1.0 2.009 1.676 4.365 1462.653 1.183 910.589 2.3888321472012555 0.0
33.0 8.0 Car -1.0 -1.0 -1.0 -1.0 -1.0 -1.0 -1.0 2.188 1.857 4.971 1501.742 0.962 880.085 2.3666141059632357 0.0
33.0 5.0 Car -1.0 -1.0 -1.0 -1.0 -1.0 -1.0 -1.0 2.334 2.106 5.262 1539.724 1.374 828.342 -0.6897854233806062 0.0
33.0 0.0 Car -1.0 -1.0 -1.0 -1.0 -1.0 -1.0 -1.0 2.333 2.0 5.138 1451.953 1.59 920.772 2.404470297301622 0.0
33.0 1.0 Truck -1.0 -1.0 -1.0 -1.0 -1.0 -1.0 -1.0 3.179 4.44 14.994 1549.228 2.754 837.638 2.4057559586505985 0.0
33.0 2.0 Car -1.0 -1.0 -1.0 -1.0 -1.0 -1.0 -1.0 2.429 2.233 5.185 1514.115 1.221 866.325 2.4162512697438 0.0
34.0 10.0 Car -1.0 -1.0 -1.0 -1.0 -1.0 -1.0 -1.0 1.967 1.551 4.323 1445.653 1.554 921.237 2.436549448946269 0.0
34.0 11.0 Car -1.0 -1.0 -1.0 -1.0 -1.0 -1.0 -1.0 2.009 1.676 4.365 1461.431 1.129 911.787 2.397558793461227 0.0
34.0 8.0 Car -1.0 -1.0 -1.0 -1.0 -1.0 -1.0 -1.0 2.188 1.857 4.971 1498.997 0.907 882.62 2.401520691003122 0.0
34.0 5.0 Car -1.0 -1.0 -1.0 -1.0 -1.0 -1.0 -1.0 2.334 2.106 5.262 1544.52 1.588 823.771 -0.6969106462391395 0.0
34.0 0.0 Car -1.0 -1.0 -1.0 -1.0 -1.0 -1.0 -1.0 2.333 2.0 5.138 1449.336 1.626 923.275 2.3870170047816783 0.0
34.0 1.0 Truck -1.0 -1.0 -1.0 -1.0 -1.0 -1.0 -1.0 3.179 4.44 14.994 1547.277 2.758 839.196 2.4041544159206047 0.0
34.0 2.0 Car -1.0 -1.0 -1.0 -1.0 -1.0 -1.0 -1.0 2.429 2.233 5.185 1511.415 1.171 869.195 2.4162512697438 0.0
35.0 10.0 Car -1.0 -1.0 -1.0 -1.0 -1.0 -1.0 -1.0 1.967 1.551 4.323 1442.557 1.642 924.208 2.436549448946269 0.0
35.0 11.0 Car -1.0 -1.0 -1.0 -1.0 -1.0 -1.0 -1.0 2.009 1.676 4.365 1460.121 1.075 913.067 2.4062854397211986 0.0
35.0 8.0 Car -1.0 -1.0 -1.0 -1.0 -1.0 -1.0 -1.0 2.188 1.857 4.971 1496.459 0.902 885.012 2.401520691003122 0.0
35.0 5.0 Car -1.0 -1.0 -1.0 -1.0 -1.0 -1.0 -1.0 2.334 2.106 5.262 1549.316 1.801 819.199 -0.7040369383194824 0.0
35.0 0.0 Car -1.0 -1.0 -1.0 -1.0 -1.0 -1.0 -1.0 2.333 2.0 5.138 1446.718 1.663 925.778 2.3695637122617352 0.0
35.0 1.0 Truck -1.0 -1.0 -1.0 -1.0 -1.0 -1.0 -1.0 3.179 4.44 14.994 1545.413 2.761 840.849 2.402552632860666 0.0
35.0 2.0 Car -1.0 -1.0 -1.0 -1.0 -1.0 -1.0 -1.0 2.429 2.233 5.185 1508.659 1.171 871.734 2.4162512697438 0.0
36.0 10.0 Car -1.0 -1.0 -1.0 -1.0 -1.0 -1.0 -1.0 1.967 1.551 4.323 1439.095 1.684 927.255 2.436549448946269 0.0
36.0 11.0 Car -1.0 -1.0 -1.0 -1.0 -1.0 -1.0 -1.0 2.009 1.676 4.365 1458.424 1.198 914.51 2.423738732241142 0.0
36.0 8.0 Car -1.0 -1.0 -1.0 -1.0 -1.0 -1.0 -1.0 2.188 1.857 4.971 1493.92 0.857 887.403 2.401520691003122 0.0
36.0 0.0 Car -1.0 -1.0 -1.0 -1.0 -1.0 -1.0 -1.0 2.333 2.0 5.138 1443.13 1.707 929.301 2.3695637122617352 0.0
36.0 1.0 Truck -1.0 -1.0 -1.0 -1.0 -1.0 -1.0 -1.0 3.179 4.44 14.994 1543.55 2.765 842.501 2.400952557745535 0.0
36.0 2.0 Car -1.0 -1.0 -1.0 -1.0 -1.0 -1.0 -1.0 2.429 2.233 5.185 1506.189 1.137 874.123 2.4104335055704857 0.0
37.0 10.0 Car -1.0 -1.0 -1.0 -1.0 -1.0 -1.0 -1.0 1.967 1.551 4.323 1435.089 1.725 930.766 2.436549448946269 0.0
37.0 11.0 Car -1.0 -1.0 -1.0 -1.0 -1.0 -1.0 -1.0 2.009 1.676 4.365 1456.503 1.122 916.155 2.4062854397211986 0.0
37.0 8.0 Car -1.0 -1.0 -1.0 -1.0 -1.0 -1.0 -1.0 2.188 1.857 4.971 1491.345 0.812 889.828 2.401520691003122 0.0
37.0 0.0 Car -1.0 -1.0 -1.0 -1.0 -1.0 -1.0 -1.0 2.333 2.0 5.138 1439.541 1.752 932.824 2.3695637122617352 0.0
37.0 1.0 Truck -1.0 -1.0 -1.0 -1.0 -1.0 -1.0 -1.0 3.179 4.44 14.994 1541.686 2.769 844.154 2.3993508067295886 0.0
37.0 2.0 Car -1.0 -1.0 -1.0 -1.0 -1.0 -1.0 -1.0 2.429 2.233 5.185 1503.718 1.104 876.512 2.404615741397171 0.0
