0.0 2.0 Car -1.0 -1.0 -1.0 -1.0 -1.0 -1.0 -1.0 1.852 1.775 4.509 1120.429 0.982 1542.13 0.9826978494085813 0.0
1.0 2.0 Car -1.0 -1.0 -1.0 -1.0 -1.0 -1.0 -1.0 1.852 1.775 4.509 1122.224 0.992 1544.812 0.9985456621249118 0.0
2.0 2.0 Car -1.0 -1.0 -1.0 -1.0 -1.0 -1.0 -1.0 1.852 1.775 4.509 1124.082 0.981 1547.81 1.027500097518242 0.0
3.0 2.0 Car -1.0 -1.0 -1.0 -1.0 -1.0 -1.0 -1.0 1.852 1.775 4.509 1125.971 0.971 1551.033 1.0477134357640643 1.0
4.0 2.0 Car -1.0 -1.0 -1.0 -1.0 -1.0 -1.0 -1.0 1.852 1.775 4.509 1127.945 0.96 1554.469 1.0504804574582394 1.0
5.0 2.0 Car -1.0 -1.0 -1.0 -1.0 -1.0 -1.0 -1.0 1.852 1.775 4.509 1129.939 1.114 1558.003 1.0385383795123109 1.0
6.0 2.0 Car -1.0 -1.0 -1.0 -1.0 -1.0 -1.0 -1.0 1.852 1.775 4.509 1131.785 1.101 1561.391 1.0642451413595595 1.0
7.0 2.0 Car -1.0 -1.0 -1.0 -1.0 -1.0 -1.0 -1.0 1.852 1.775 4.509 1133.603 1.199 1564.705 1.0658920215952814 1.0
8.0 2.0 Car -1.0 -1.0 -1.0 -1.0 -1.0 -1.0 -1.0 1.852 1.775 4.509 1135.189 1.283 1568.003 1.1203618217516849 1.0
9.0 2.0 Car -1.0 -1.0 -1.0 -1.0 -1.0 -1.0 -1.0 1.852 1.775 4.509 1136.737 1.3 1571.587 1.192789954207489 1.0
9.0 1.0 Car -1.0 -1.0 -1.0 -1.0 -1.0 -1.0 -1.0 1.798 1.762 4.643 1160.182 1.457 1608.825 1.0895741453270682 0.0
10.0 2.0 Car -1.0 -1.0 -1.0 -1.0 -1.0 -1.0 -1.0 1.852 1.775 4.509 1137.855 1.366 1574.911 1.2883952764561668 0.0
10.0 0.0 Car -1.0 -1.0 -1.0 -1.0 -1.0 -1.0 -1.0 2.212 2.079 5.278 1121.802 1.042 1545.093 0.9982169792116342 0.0
10.0 1.0 Car -1.0 -1.0 -1.0 -1.0 -1.0 -1.0 -1.0 1.798 1.762 4.643 1161.866 1.282 1612.048 1.0895741453270682 1.0
11.0 2.0 Car -1.0 -1.0 -1.0 -1.0 -1.0 -1.0 -1.0 1.852 1.775 4.509 1138.557 1.383 1578.641 1.4141329577773605 0.0
11.0 0.0 Car -1.0 -1.0 -1.0 -1.0 -1.0 -1.0 -1.0 2.212 2.079 5.278 1123.786 1.004 1548.099 1.005693573512045 0.0
11.0 1.0 Car -1.0 -1.0 -1.0 -1.0 -1.0 -1.0 -1.0 1.798 1.762 4.643 1163.828 1.134 1615.804 1.0895741453270682 1.0
12.0 2.0 Car -1.0 -1.0 -1.0 -1.0 -1.0 -1.0 -1.0 1.852 1.775 4.509 1138.743 1.343 1582.511 1.607978438979955 0.0
12.0 0.0 Car -1.0 -1.0 -1.0 -1.0 -1.0 -1.0 -1.0 2.212 2.079 5.278 1125.817 1.005 1551.275 1.0093589933380769 0.0
12.0 1.0 Car -1.0 -1.0 -1.0 -1.0 -1.0 -1.0 -1.0 1.798 1.762 4.643 1165.979 0.973 1619.923 1.0895741453270682 1.0
12.0 3.0 Bus -1.0 -1.0 -1.0 -1.0 -1.0 -1.0 -1.0 2.692 2.827 12.259 1178.184 1.64 1564.586 2.509224959010022 0.0
13.0 2.0 Car -1.0 -1.0 -1.0 -1.0 -1.0 -1.0 -1.0 1.852 1.775 4.509 1138.396 1.183 1586.061 1.8067822949523447 0.0
13.0 0.0 Car -1.0 -1.0 -1.0 -1.0 -1.0 -1.0 -1.0 2.212 2.079 5.278 1127.564 1.005 1554.143 1.0126961650164894 1.0
13.0 1.0 Car -1.0 -1.0 -1.0 -1.0 -1.0 -1.0 -1.0 1.798 1.762 4.643 1167.706 0.628 1622.676 1.0895741453270682 1.0
13.0 3.0 Bus -1.0 -1.0 -1.0 -1.0 -1.0 -1.0 -1.0 2.692 2.827 12.259 1175.729 1.473 1566.462 2.5266782515299653 1.0
14.0 2.0 Car -1.0 -1.0 -1.0 -1.0 -1.0 -1.0 -1.0 1.852 1.775 4.509 1137.34 1.074 1589.172 1.9900601966948421 0.0
14.0 0.0 Car -1.0 -1.0 -1.0 -1.0 -1.0 -1.0 -1.0 2.212 2.079 5.278 1129.313 1.005 1557.015 1.0160374068810385 0.0
14.0 1.0 Car -1.0 -1.0 -1.0 -1.0 -1.0 -1.0 -1.0 1.798 1.762 4.643 1169.216 0.643 1625.816 1.0917542440937298 0.0
14.0 3.0 Bus -1.0 -1.0 -1.0 -1.0 -1.0 -1.0 -1.0 2.692 2.827 12.259 1173.775 1.406 1567.859 2.5266782515299653 0.0
15.0 2.0 Car -1.0 -1.0 -1.0 -1.0 -1.0 -1.0 -1.0 1.852 1.775 4.509 1135.735 0.964 1592.038 2.1733014378711544 0.0
15.0 0.0 Car -1.0 -1.0 -1.0 -1.0 -1.0 -1.0 -1.0 2.212 2.079 5.278 1131.138 0.961 1559.882 0.9926332817685205 0.0
15.0 1.0 Car -1.0 -1.0 -1.0 -1.0 -1.0 -1.0 -1.0 1.798 1.762 4.643 1170.952 0.458 1628.838 1.093933906781331 0.0
15.0 3.0 Bus -1.0 -1.0 -1.0 -1.0 -1.0 -1.0 -1.0 2.692 2.827 12.259 1171.821 1.34 1569.255 2.5266782515299653 0.0
16.0 2.0 Car -1.0 -1.0 -1.0 -1.0 -1.0 -1.0 -1.0 1.852 1.775 4.509 1133.508 0.905 1594.581 2.3478343630705876 0.0
16.0 0.0 Car -1.0 -1.0 -1.0 -1.0 -1.0 -1.0 -1.0 2.212 2.079 5.278 1133.031 0.917 1562.709 0.9691990488348801 0.0
16.0 1.0 Car -1.0 -1.0 -1.0 -1.0 -1.0 -1.0 -1.0 1.798 1.762 4.643 1172.264 0.317 1631.389 1.1048439439617015 0.0
16.0 3.0 Bus -1.0 -1.0 -1.0 -1.0 -1.0 -1.0 -1.0 2.692 2.827 12.259 1170.488 1.29 1570.231 2.5266782515299653 0.0
17.0 2.0 Car -1.0 -1.0 -1.0 -1.0 -1.0 -1.0 -1.0 1.852 1.775 4.509 1130.775 0.895 1596.97 2.435100825670304 0.0
17.0 0.0 Car -1.0 -1.0 -1.0 -1.0 -1.0 -1.0 -1.0 2.212 2.079 5.278 1135.023 0.872 1565.467 0.9457697792434462 0.0
17.0 1.0 Car -1.0 -1.0 -1.0 -1.0 -1.0 -1.0 -1.0 1.798 1.762 4.643 1173.575 0.177 1633.938 1.1157516704093857 0.0
17.0 3.0 Bus -1.0 -1.0 -1.0 -1.0 -1.0 -1.0 -1.0 2.692 2.827 12.259 1169.763 1.265 1570.71 2.517952294112264 0.0
18.0 2.0 Car -1.0 -1.0 -1.0 -1.0 -1.0 -1.0 -1.0 1.852 1.775 4.509 1127.724 1.035 1599.306 2.5223672882700208 0.0
18.0 0.0 Car -1.0 -1.0 -1.0 -1.0 -1.0 -1.0 -1.0 2.212 2.079 5.278 1137.015 0.828 1568.226 0.9223368105573488 0.0
18.0 1.0 Car -1.0 -1.0 -1.0 -1.0 -1.0 -1.0 -1.0 1.798 1.762 4.643 1174.749 0.886 1636.003 1.100480726824054 0.0
18.0 3.0 Bus -1.0 -1.0 -1.0 -1.0 -1.0 -1.0 -1.0 2.692 2.827 12.259 1169.037 1.24 1571.189 2.509224959010022 0.0
19.0 2.0 Car -1.0 -1.0 -1.0 -1.0 -1.0 -1.0 -1.0 1.852 1.775 4.509 1124.608 0.951 1601.708 2.496185692852025 0.0
19.0 0.0 Car -1.0 -1.0 -1.0 -1.0 -1.0 -1.0 -1.0 2.212 2.079 5.278 1139.116 0.972 1571.146 0.9574116358987215 0.0
19.0 1.0 Car -1.0 -1.0 -1.0 -1.0 -1.0 -1.0 -1.0 1.798 1.762 4.643 1175.369 1.029 1637.501 1.1026629144094133 0.0
19.0 3.0 Bus -1.0 -1.0 -1.0 -1.0 -1.0 -1.0 -1.0 2.692 2.827 12.259 1168.422 1.49 1571.59 2.509224959010022 0.0
20.0 2.0 Car -1.0 -1.0 -1.0 -1.0 -1.0 -1.0 -1.0 1.852 1.775 4.509 1121.216 1.016 1604.238 2.5223672882700203 0.0
20.0 0.0 Car -1.0 -1.0 -1.0 -1.0 -1.0 -1.0 -1.0 2.212 2.079 5.278 1141.163 1.117 1574.093 0.9750356927555833 0.0
20.0 1.0 Car -1.0 -1.0 -1.0 -1.0 -1.0 -1.0 -1.0 1.798 1.762 4.643 1175.906 1.117 1638.563 1.1041178078844527 0.0
20.0 3.0 Bus -1.0 -1.0 -1.0 -1.0 -1.0 -1.0 -1.0 2.692 2.827 12.259 1168.557 1.79 1571.852 2.5266782515299653 0.0
21.0 2.0 Car -1.0 -1.0 -1.0 -1.0 -1.0 -1.0 -1.0 1.852 1.775 4.509 1117.218 1.057 1607.025 2.5049139957500772 0.0
21.0 0.0 Car -1.0 -1.0 -1.0 -1.0 -1.0 -1.0 -1.0 2.212 2.079 5.278 1143.21 1.261 1577.039 0.9926582705198944 0.0
21.0 1.0 Car -1.0 -1.0 -1.0 -1.0 -1.0 -1.0 -1.0 1.798 1.762 4.643 1176.442 1.206 1639.625 1.1055725792580877 0.0
21.0 3.0 Bus -1.0 -1.0 -1.0 -1.0 -1.0 -1.0 -1.0 2.692 2.827 12.259 1168.694 1.601 1571.807 2.5266782515299653 0.0
22.0 0.0 Car -1.0 -1.0 -1.0 -1.0 -1.0 -1.0 -1.0 2.212 2.079 5.278 1145.04 1.199 1580.019 1.0099137429131655 0.0
22.0 1.0 Car -1.0 -1.0 -1.0 -1.0 -1.0 -1.0 -1.0 1.798 1.762 4.643 1176.85 1.194 1640.109 1.1070274378470117 0.0
22.0 3.0 Bus -1.0 -1.0 -1.0 -1.0 -1.0 -1.0 -1.0 2.692 2.827 12.259 1168.696 1.715 1571.749 2.5266782515299653 0.0
23.0 0.0 Car -1.0 -1.0 -1.0 -1.0 -1.0 -1.0 -1.0 2.212 2.079 5.278 1146.868 1.136 1582.995 1.0271498715728344 0.0
23.0 1.0 Car -1.0 -1.0 -1.0 -1.0 -1.0 -1.0 -1.0 1.798 1.762 4.643 1177.338 1.198 1640.884 1.1070274378470117 0.0
23.0 3.0 Bus -1.0 -1.0 -1.0 -1.0 -1.0 -1.0 -1.0 2.692 2.827 12.259 1168.614 1.719 1571.852 2.5266782515299653 0.0
24.0 0.0 Car -1.0 -1.0 -1.0 -1.0 -1.0 -1.0 -1.0 2.212 2.079 5.278 1148.514 1.114 1585.62 1.0269934455546577 0.0
24.0 1.0 Car -1.0 -1.0 -1.0 -1.0 -1.0 -1.0 -1.0 1.798 1.762 4.643 1177.525 1.153 1641.345 1.1070274378470117 0.0
24.0 3.0 Bus -1.0 -1.0 -1.0 -1.0 -1.0 -1.0 -1.0 2.692 2.827 12.259 1168.565 1.769 1571.784 2.5266782515299653 0.0
25.0 0.0 Car -1.0 -1.0 -1.0 -1.0 -1.0 -1.0 -1.0 2.212 2.079 5.278 1150.476 1.026 1588.769 1.026837191961749 0.0
25.0 1.0 Car -1.0 -1.0 -1.0 -1.0 -1.0 -1.0 -1.0 1.798 1.762 4.643 1177.635 1.159 1641.581 1.1070274378470117 0.0
25.0 3.0 Bus -1.0 -1.0 -1.0 -1.0 -1.0 -1.0 -1.0 2.692 2.827 12.259 1168.613 1.721 1571.741 2.5266782515299653 0.0
