0.0 0.0 Car -1.0 -1.0 -1.0 -1.0 -1.0 -1.0 -1.0 1.879 1.505 4.665 719.994 0.091 1549.937 2.0576733750766554 0.0
1.0 0.0 Car -1.0 -1.0 -1.0 -1.0 -1.0 -1.0 -1.0 1.879 1.505 4.665 719.326 0.241 1551.606 2.0227667900367687 1.0
2.0 0.0 Car -1.0 -1.0 -1.0 -1.0 -1.0 -1.0 -1.0 1.879 1.505 4.665 718.635 0.316 1553.316 2.005313497516825 0.0
3.0 0.0 Car -1.0 -1.0 -1.0 -1.0 -1.0 -1.0 -1.0 1.879 1.505 4.665 718.053 0.391 1554.792 1.987860204996882 0.0
3.0 3.0 Car -1.0 -1.0 -1.0 -1.0 -1.0 -1.0 -1.0 1.886 1.696 4.473 764.613 2.789 1552.025 3.135588720616811 0.0
4.0 0.0 Car -1.0 -1.0 -1.0 -1.0 -1.0 -1.0 -1.0 1.879 1.505 4.665 717.508 0.391 1556.022 1.9820424408235677 0.0
4.0 4.0 Car -1.0 -1.0 -1.0 -1.0 -1.0 -1.0 -1.0 1.844 1.565 4.549 736.758 1.328 1570.006 -0.20828759295143603 0.0
4.0 3.0 Car -1.0 -1.0 -1.0 -1.0 -1.0 -1.0 -1.0 1.886 1.696 4.473 762.865 2.577 1552.001 -3.138869940302804 1.0
5.0 0.0 Car -1.0 -1.0 -1.0 -1.0 -1.0 -1.0 -1.0 1.879 1.505 4.665 717.061 0.491 1557.027 1.9762246766502531 0.0
5.0 4.0 Car -1.0 -1.0 -1.0 -1.0 -1.0 -1.0 -1.0 1.844 1.565 4.549 736.727 1.307 1569.994 -0.20828759295143603 0.0
5.0 3.0 Car -1.0 -1.0 -1.0 -1.0 -1.0 -1.0 -1.0 1.886 1.696 4.473 761.117 2.366 1551.978 -3.1301432940428326 1.0
6.0 0.0 Car -1.0 -1.0 -1.0 -1.0 -1.0 -1.0 -1.0 1.879 1.505 4.665 716.638 0.391 1557.977 1.9355003274370526 0.0
6.0 4.0 Car -1.0 -1.0 -1.0 -1.0 -1.0 -1.0 -1.0 1.844 1.565 4.549 736.653 1.335 1570.055 -0.2431941779913227 0.0
6.0 3.0 Car -1.0 -1.0 -1.0 -1.0 -1.0 -1.0 -1.0 1.886 1.696 4.473 758.58 2.154 1551.816 -3.0882553919949687 1.0
7.0 0.0 Car -1.0 -1.0 -1.0 -1.0 -1.0 -1.0 -1.0 1.879 1.505 4.665 716.302 0.391 1558.793 1.9355003274370526 0.0
7.0 4.0 Car -1.0 -1.0 -1.0 -1.0 -1.0 -1.0 -1.0 1.844 1.565 4.549 736.639 1.355 1570.03 -0.23737641381800834 1.0
7.0 3.0 Car -1.0 -1.0 -1.0 -1.0 -1.0 -1.0 -1.0 1.886 1.696 4.473 756.053 1.942 1551.549 -3.0463674899471047 1.0
8.0 0.0 Car -1.0 -1.0 -1.0 -1.0 -1.0 -1.0 -1.0 1.879 1.505 4.665 716.028 0.391 1559.665 1.891867096137194 0.0
8.0 4.0 Car -1.0 -1.0 -1.0 -1.0 -1.0 -1.0 -1.0 1.844 1.565 4.549 736.654 1.315 1570.008 -0.231558649644694 1.0
8.0 3.0 Car -1.0 -1.0 -1.0 -1.0 -1.0 -1.0 -1.0 1.886 1.696 4.473 753.696 1.877 1551.3 -3.0164060044545358 1.0
9.0 0.0 Car -1.0 -1.0 -1.0 -1.0 -1.0 -1.0 -1.0 1.879 1.505 4.665 715.723 0.641 1560.771 1.848233864837336 0.0
9.0 4.0 Car -1.0 -1.0 -1.0 -1.0 -1.0 -1.0 -1.0 1.844 1.565 4.549 736.668 1.275 1569.986 -0.22574088547137938 1.0
9.0 3.0 Car -1.0 -1.0 -1.0 -1.0 -1.0 -1.0 -1.0 1.886 1.696 4.473 751.552 1.462 1550.855 -2.9515379339220793 1.0
10.0 0.0 Car -1.0 -1.0 -1.0 -1.0 -1.0 -1.0 -1.0 1.879 1.505 4.665 715.686 0.791 1561.745 1.726060817197733 0.0
10.0 4.0 Car -1.0 -1.0 -1.0 -1.0 -1.0 -1.0 -1.0 1.844 1.565 4.549 736.683 1.235 1569.964 -0.21992312129806502 1.0
10.0 3.0 Car -1.0 -1.0 -1.0 -1.0 -1.0 -1.0 -1.0 1.886 1.696 4.473 749.408 1.147 1550.41 -2.939029740949454 1.0
11.0 0.0 Car -1.0 -1.0 -1.0 -1.0 -1.0 -1.0 -1.0 1.879 1.505 4.665 715.895 1.091 1562.961 1.5689811845182433 0.0
11.0 4.0 Car -1.0 -1.0 -1.0 -1.0 -1.0 -1.0 -1.0 1.844 1.565 4.549 736.67 1.196 1569.986 -0.21410535712475065 1.0
11.0 3.0 Car -1.0 -1.0 -1.0 -1.0 -1.0 -1.0 -1.0 1.886 1.696 4.473 747.283 0.682 1549.873 -2.9032504912835697 1.0
12.0 0.0 Car -1.0 -1.0 -1.0 -1.0 -1.0 -1.0 -1.0 1.879 1.505 4.665 716.383 1.141 1564.253 1.2897285041991504 0.0
12.0 4.0 Car -1.0 -1.0 -1.0 -1.0 -1.0 -1.0 -1.0 1.844 1.565 4.549 736.765 1.156 1569.919 -0.20828759295143603 1.0
12.0 3.0 Car -1.0 -1.0 -1.0 -1.0 -1.0 -1.0 -1.0 1.886 1.696 4.473 745.219 0.532 1549.385 -2.9032504912835697 1.0
13.0 0.0 Car -1.0 -1.0 -1.0 -1.0 -1.0 -1.0 -1.0 1.879 1.505 4.665 717.108 1.191 1565.221 1.0279291164000006 0.0
13.0 4.0 Car -1.0 -1.0 -1.0 -1.0 -1.0 -1.0 -1.0 1.844 1.565 4.549 736.812 1.156 1569.889 -0.23010420860136516 1.0
13.0 3.0 Car -1.0 -1.0 -1.0 -1.0 -1.0 -1.0 -1.0 1.886 1.696 4.473 743.333 0.557 1548.813 -2.85089061372374 1.0
14.0 0.0 Car -1.0 -1.0 -1.0 -1.0 -1.0 -1.0 -1.0 1.879 1.505 4.665 717.988 1.091 1565.953 0.7835830211207945 1.0
14.0 4.0 Car -1.0 -1.0 -1.0 -1.0 -1.0 -1.0 -1.0 1.844 1.565 4.549 737.077 1.156 1569.763 -0.32173399433106753 1.0
14.0 3.0 Car -1.0 -1.0 -1.0 -1.0 -1.0 -1.0 -1.0 1.886 1.696 4.473 741.507 0.32 1548.139 -2.781077443643967 1.0
15.0 0.0 Car -1.0 -1.0 -1.0 -1.0 -1.0 -1.0 -1.0 1.879 1.505 4.665 719.008 1.141 1566.483 0.5392369258415886 1.0
15.0 4.0 Car -1.0 -1.0 -1.0 -1.0 -1.0 -1.0 -1.0 1.844 1.565 4.549 737.381 1.156 1569.53 -0.39591048754082686 1.0
15.0 3.0 Car -1.0 -1.0 -1.0 -1.0 -1.0 -1.0 -1.0 1.886 1.696 4.473 739.605 0.248 1547.281 -2.6981743041742368 1.0
16.0 0.0 Car -1.0 -1.0 -1.0 -1.0 -1.0 -1.0 -1.0 1.879 1.505 4.665 720.335 1.191 1566.85 0.4170638782019855 1.0
16.0 4.0 Car -1.0 -1.0 -1.0 -1.0 -1.0 -1.0 -1.0 1.844 1.565 4.549 737.787 1.156 1569.242 -0.5049935657904725 1.0
16.0 3.0 Car -1.0 -1.0 -1.0 -1.0 -1.0 -1.0 -1.0 1.886 1.696 4.473 737.555 0.177 1546.109 -2.6152711647045064 0.0
17.0 0.0 Car -1.0 -1.0 -1.0 -1.0 -1.0 -1.0 -1.0 1.879 1.505 4.665 721.38 1.191 1567.187 0.329797415602269 1.0
17.0 4.0 Car -1.0 -1.0 -1.0 -1.0 -1.0 -1.0 -1.0 1.844 1.565 4.549 738.193 1.208 1568.868 -0.5705473013862119 1.0
17.0 3.0 Car -1.0 -1.0 -1.0 -1.0 -1.0 -1.0 -1.0 1.886 1.696 4.473 735.726 0.072 1544.957 -2.554184640884706 0.0
18.0 0.0 Car -1.0 -1.0 -1.0 -1.0 -1.0 -1.0 -1.0 1.879 1.505 4.665 722.443 1.101 1567.487 0.33328807410625766 1.0
18.0 1.0 Car -1.0 -1.0 -1.0 -1.0 -1.0 -1.0 -1.0 1.939 1.725 4.211 714.497 -0.151 1514.137 1.1707843154694602 0.0
18.0 4.0 Car -1.0 -1.0 -1.0 -1.0 -1.0 -1.0 -1.0 1.844 1.565 4.549 738.655 1.11 1568.385 -0.6256290614699851 1.0
18.0 3.0 Car -1.0 -1.0 -1.0 -1.0 -1.0 -1.0 -1.0 1.886 1.696 4.473 733.949 0.017 1543.724 -2.4983341048208874 0.0
19.0 0.0 Car -1.0 -1.0 -1.0 -1.0 -1.0 -1.0 -1.0 1.879 1.505 4.665 723.415 1.076 1567.797 0.321827078684828 1.0
19.0 1.0 Car -1.0 -1.0 -1.0 -1.0 -1.0 -1.0 -1.0 1.939 1.725 4.211 715.693 -0.151 1517.028 1.1766020796427745 1.0
19.0 4.0 Car -1.0 -1.0 -1.0 -1.0 -1.0 -1.0 -1.0 1.844 1.565 4.549 739.214 1.002 1567.825 -0.7107304846880605 1.0
19.0 3.0 Car -1.0 -1.0 -1.0 -1.0 -1.0 -1.0 -1.0 1.886 1.696 4.473 732.689 -0.038 1542.602 -2.425030276237125 0.0
20.0 0.0 Car -1.0 -1.0 -1.0 -1.0 -1.0 -1.0 -1.0 1.879 1.505 4.665 724.386 1.052 1568.106 0.31036608326339854 1.0
20.0 1.0 Car -1.0 -1.0 -1.0 -1.0 -1.0 -1.0 -1.0 1.939 1.725 4.211 716.89 -0.151 1519.918 1.1824198438160891 1.0
20.0 4.0 Car -1.0 -1.0 -1.0 -1.0 -1.0 -1.0 -1.0 1.844 1.565 4.549 739.69 0.957 1567.141 -0.7740152922562071 1.0
20.0 3.0 Car -1.0 -1.0 -1.0 -1.0 -1.0 -1.0 -1.0 1.886 1.696 4.473 731.378 -0.094 1541.309 -2.351726447653364 0.0
21.0 2.0 Car -1.0 -1.0 -1.0 -1.0 -1.0 -1.0 -1.0 1.887 1.688 3.864 723.329 0.398 1548.237 -1.2160697921371524 0.0
21.0 0.0 Car -1.0 -1.0 -1.0 -1.0 -1.0 -1.0 -1.0 1.879 1.505 4.665 725.358 1.027 1568.415 0.2989050878419692 1.0
21.0 1.0 Car -1.0 -1.0 -1.0 -1.0 -1.0 -1.0 -1.0 1.939 1.725 4.211 718.086 -0.151 1522.809 1.1882376079894035 1.0
21.0 4.0 Car -1.0 -1.0 -1.0 -1.0 -1.0 -1.0 -1.0 1.844 1.565 4.549 740.265 0.911 1566.465 -0.8373000998243536 1.0
21.0 3.0 Car -1.0 -1.0 -1.0 -1.0 -1.0 -1.0 -1.0 1.886 1.696 4.473 730.216 -0.245 1540.127 -2.2912217002508934 0.0
22.0 2.0 Car -1.0 -1.0 -1.0 -1.0 -1.0 -1.0 -1.0 1.887 1.688 3.864 723.329 0.398 1548.237 -1.2160697921371524 1.0
22.0 0.0 Car -1.0 -1.0 -1.0 -1.0 -1.0 -1.0 -1.0 1.879 1.505 4.665 726.33 1.003 1568.724 0.28744409242053975 1.0
22.0 1.0 Car -1.0 -1.0 -1.0 -1.0 -1.0 -1.0 -1.0 1.939 1.725 4.211 719.283 -0.151 1525.699 1.1940553721627183 1.0
22.0 4.0 Car -1.0 -1.0 -1.0 -1.0 -1.0 -1.0 -1.0 1.844 1.565 4.549 740.849 0.866 1565.695 -0.9354914924323863 1.0
22.0 3.0 Car -1.0 -1.0 -1.0 -1.0 -1.0 -1.0 -1.0 1.886 1.696 4.473 729.118 -0.197 1538.844 -2.230716952848424 0.0
23.0 2.0 Car -1.0 -1.0 -1.0 -1.0 -1.0 -1.0 -1.0 1.887 1.688 3.864 723.324 0.323 1548.249 -1.2160697921371524 1.0
23.0 0.0 Car -1.0 -1.0 -1.0 -1.0 -1.0 -1.0 -1.0 1.879 1.505 4.665 727.302 1.041 1569.034 0.3414329439488979 1.0
23.0 1.0 Car -1.0 -1.0 -1.0 -1.0 -1.0 -1.0 -1.0 1.939 1.725 4.211 720.479 -0.151 1528.589 1.1998731363360327 1.0
23.0 4.0 Car -1.0 -1.0 -1.0 -1.0 -1.0 -1.0 -1.0 1.844 1.565 4.549 741.461 0.819 1564.754 -0.9325909214374057 1.0
23.0 3.0 Car -1.0 -1.0 -1.0 -1.0 -1.0 -1.0 -1.0 1.886 1.696 4.473 728.051 -0.249 1537.532 -2.1702122054459534 0.0
24.0 2.0 Car -1.0 -1.0 -1.0 -1.0 -1.0 -1.0 -1.0 1.887 1.688 3.864 723.32 0.248 1548.262 -1.2160697921371524 1.0
24.0 0.0 Car -1.0 -1.0 -1.0 -1.0 -1.0 -1.0 -1.0 1.879 1.505 4.665 728.422 1.041 1569.361 0.3356151797755835 1.0
24.0 1.0 Car -1.0 -1.0 -1.0 -1.0 -1.0 -1.0 -1.0 1.939 1.725 4.211 721.778 -0.151 1531.903 1.1882376079894037 1.0
24.0 4.0 Car -1.0 -1.0 -1.0 -1.0 -1.0 -1.0 -1.0 1.844 1.565 4.549 742.142 0.758 1563.818 -0.9157210675531289 1.0
24.0 3.0 Car -1.0 -1.0 -1.0 -1.0 -1.0 -1.0 -1.0 1.886 1.696 4.473 726.851 -0.294 1535.742 -2.112034563712809 0.0
25.0 2.0 Car -1.0 -1.0 -1.0 -1.0 -1.0 -1.0 -1.0 1.887 1.688 3.864 723.299 0.248 1548.353 -1.2073431458771806 0.0
25.0 0.0 Car -1.0 -1.0 -1.0 -1.0 -1.0 -1.0 -1.0 1.879 1.505 4.665 729.834 1.041 1569.79 0.329797415602269 1.0
25.0 1.0 Car -1.0 -1.0 -1.0 -1.0 -1.0 -1.0 -1.0 1.939 1.725 4.211 723.13 -0.163 1534.989 1.1271510841696022 1.0
25.0 4.0 Car -1.0 -1.0 -1.0 -1.0 -1.0 -1.0 -1.0 1.844 1.565 4.549 743.048 0.697 1562.847 -0.8726712748889369 1.0
25.0 3.0 Car -1.0 -1.0 -1.0 -1.0 -1.0 -1.0 -1.0 1.886 1.696 4.473 725.894 -0.339 1533.928 -2.0732494692240455 0.0
26.0 2.0 Car -1.0 -1.0 -1.0 -1.0 -1.0 -1.0 -1.0 1.887 1.688 3.864 723.317 0.248 1548.345 -1.1986164996172093 0.0
26.0 0.0 Car -1.0 -1.0 -1.0 -1.0 -1.0 -1.0 -1.0 1.879 1.505 4.665 730.929 1.022 1569.974 0.2556209223925099 1.0
26.0 1.0 Car -1.0 -1.0 -1.0 -1.0 -1.0 -1.0 -1.0 1.939 1.725 4.211 724.771 -0.176 1537.932 1.0311579753099138 1.0
26.0 4.0 Car -1.0 -1.0 -1.0 -1.0 -1.0 -1.0 -1.0 1.844 1.565 4.549 744.143 0.635 1561.85 -0.8063504255314878 1.0
26.0 3.0 Car -1.0 -1.0 -1.0 -1.0 -1.0 -1.0 -1.0 1.886 1.696 4.473 725.009 -0.384 1532.078 -2.0344643747352826 0.0
27.0 2.0 Car -1.0 -1.0 -1.0 -1.0 -1.0 -1.0 -1.0 1.887 1.688 3.864 723.343 0.151 1548.341 -1.1811632070972662 0.0
27.0 0.0 Car -1.0 -1.0 -1.0 -1.0 -1.0 -1.0 -1.0 1.879 1.505 4.665 731.913 0.984 1570.085 0.22944098361259477 0.0
27.0 1.0 Car -1.0 -1.0 -1.0 -1.0 -1.0 -1.0 -1.0 1.939 1.725 4.211 726.672 -0.076 1540.587 0.9002582814103391 0.0
27.0 4.0 Car -1.0 -1.0 -1.0 -1.0 -1.0 -1.0 -1.0 1.844 1.565 4.549 745.375 0.574 1560.992 -0.6527631135743235 0.0
27.0 3.0 Car -1.0 -1.0 -1.0 -1.0 -1.0 -1.0 -1.0 1.886 1.696 4.473 724.196 -0.429 1530.195 -1.9956792802465197 0.0
28.0 2.0 Car -1.0 -1.0 -1.0 -1.0 -1.0 -1.0 -1.0 1.887 1.688 3.864 723.397 0.054 1548.06 -1.1811632070972662 0.0
28.0 0.0 Car -1.0 -1.0 -1.0 -1.0 -1.0 -1.0 -1.0 1.879 1.505 4.665 732.9 0.947 1570.17 0.20326104483267993 0.0
28.0 1.0 Car -1.0 -1.0 -1.0 -1.0 -1.0 -1.0 -1.0 1.939 1.725 4.211 728.891 -0.084 1543.017 0.7926296442040222 0.0
28.0 4.0 Car -1.0 -1.0 -1.0 -1.0 -1.0 -1.0 -1.0 1.844 1.565 4.549 746.919 0.511 1560.154 -0.5160464866106027 0.0
29.0 2.0 Car -1.0 -1.0 -1.0 -1.0 -1.0 -1.0 -1.0 1.887 1.688 3.864 723.601 -0.044 1547.552 -1.2335230846570955 0.0
29.0 0.0 Car -1.0 -1.0 -1.0 -1.0 -1.0 -1.0 -1.0 1.879 1.505 4.665 733.646 0.878 1570.23 0.15090116727284997 0.0
29.0 1.0 Car -1.0 -1.0 -1.0 -1.0 -1.0 -1.0 -1.0 1.939 1.725 4.211 731.358 -0.092 1545.194 0.685001006997705 0.0
29.0 4.0 Car -1.0 -1.0 -1.0 -1.0 -1.0 -1.0 -1.0 1.844 1.565 4.549 748.568 0.448 1559.533 -0.43168973720671167 0.0
30.0 2.0 Car -1.0 -1.0 -1.0 -1.0 -1.0 -1.0 -1.0 1.887 1.688 3.864 723.95 -0.202 1546.561 -1.2584985644480042 0.0
30.0 0.0 Car -1.0 -1.0 -1.0 -1.0 -1.0 -1.0 -1.0 1.879 1.505 4.665 734.332 0.809 1570.245 0.09854128971302001 0.0
30.0 1.0 Car -1.0 -1.0 -1.0 -1.0 -1.0 -1.0 -1.0 1.939 1.725 4.211 734.022 -0.126 1547.183 0.5948256623113313 0.0
30.0 4.0 Car -1.0 -1.0 -1.0 -1.0 -1.0 -1.0 -1.0 1.844 1.565 4.549 750.282 0.385 1558.972 -0.32347932358306286 0.0
31.0 2.0 Car -1.0 -1.0 -1.0 -1.0 -1.0 -1.0 -1.0 1.887 1.688 3.864 724.494 -0.36 1544.963 -1.2834740442389125 0.0
31.0 0.0 Car -1.0 -1.0 -1.0 -1.0 -1.0 -1.0 -1.0 1.879 1.505 4.665 734.747 0.709 1570.22 0.0592713815431476 0.0
31.0 1.0 Car -1.0 -1.0 -1.0 -1.0 -1.0 -1.0 -1.0 1.939 1.725 4.211 736.568 -0.151 1548.74 0.507559199711615 0.0
31.0 4.0 Car -1.0 -1.0 -1.0 -1.0 -1.0 -1.0 -1.0 1.844 1.565 4.549 752.022 0.322 1558.551 -0.26762878751924424 0.0
32.0 2.0 Car -1.0 -1.0 -1.0 -1.0 -1.0 -1.0 -1.0 1.887 1.688 3.864 724.864 -0.579 1542.842 -1.4352358768537306 0.0
32.0 0.0 Car -1.0 -1.0 -1.0 -1.0 -1.0 -1.0 -1.0 1.879 1.505 4.665 735.16 0.609 1570.18 0.02000147337327518 0.0
32.0 1.0 Car -1.0 -1.0 -1.0 -1.0 -1.0 -1.0 -1.0 1.939 1.725 4.211 739.239 -0.176 1550.069 0.4202927371118983 0.0
32.0 4.0 Car -1.0 -1.0 -1.0 -1.0 -1.0 -1.0 -1.0 1.844 1.565 4.549 753.38 0.26 1558.165 -0.2117782514554254 0.0
33.0 2.0 Car -1.0 -1.0 -1.0 -1.0 -1.0 -1.0 -1.0 1.887 1.688 3.864 725.037 -0.751 1540.348 -1.5213206061057423 0.0
33.0 0.0 Car -1.0 -1.0 -1.0 -1.0 -1.0 -1.0 -1.0 1.879 1.505 4.665 735.571 0.509 1570.123 -0.019268434796597234 0.0
33.0 1.0 Car -1.0 -1.0 -1.0 -1.0 -1.0 -1.0 -1.0 1.939 1.725 4.211 741.94 -0.126 1551.207 0.35047956703212507 0.0
33.0 4.0 Car -1.0 -1.0 -1.0 -1.0 -1.0 -1.0 -1.0 1.844 1.565 4.549 754.065 0.197 1557.937 -0.18647097730150763 0.0
34.0 2.0 Car -1.0 -1.0 -1.0 -1.0 -1.0 -1.0 -1.0 1.887 1.688 3.864 724.941 -0.931 1537.366 -1.6331307613116286 0.0
34.0 0.0 Car -1.0 -1.0 -1.0 -1.0 -1.0 -1.0 -1.0 1.879 1.505 4.665 735.98 0.409 1570.05 -0.05853834296646965 0.0
34.0 1.0 Car -1.0 -1.0 -1.0 -1.0 -1.0 -1.0 -1.0 1.939 1.725 4.211 744.078 -0.176 1551.965 0.31557298199223843 0.0
34.0 4.0 Car -1.0 -1.0 -1.0 -1.0 -1.0 -1.0 -1.0 1.844 1.565 4.549 754.308 0.134 1558.064 -0.23097687322736316 0.0
35.0 2.0 Car -1.0 -1.0 -1.0 -1.0 -1.0 -1.0 -1.0 1.887 1.688 3.864 724.405 -1.271 1534.332 -1.7716662706886777 0.0
35.0 0.0 Car -1.0 -1.0 -1.0 -1.0 -1.0 -1.0 -1.0 1.879 1.505 4.665 736.124 0.363 1570.052 -0.08995426950236762 0.0
35.0 1.0 Car -1.0 -1.0 -1.0 -1.0 -1.0 -1.0 -1.0 1.939 1.725 4.211 746.296 -0.176 1552.659 0.2632131044324084 0.0
35.0 4.0 Car -1.0 -1.0 -1.0 -1.0 -1.0 -1.0 -1.0 1.844 1.565 4.549 754.339 0.077 1558.029 -0.19868828206546807 0.0
36.0 2.0 Car -1.0 -1.0 -1.0 -1.0 -1.0 -1.0 -1.0 1.887 1.688 3.864 723.758 -1.271 1531.28 -1.8327527945084798 0.0
36.0 0.0 Car -1.0 -1.0 -1.0 -1.0 -1.0 -1.0 -1.0 1.879 1.505 4.665 736.268 0.316 1570.049 -0.1213701960382656 0.0
36.0 1.0 Car -1.0 -1.0 -1.0 -1.0 -1.0 -1.0 -1.0 1.939 1.725 4.211 748.636 -0.176 1553.241 0.2283065193925218 0.0
36.0 4.0 Car -1.0 -1.0 -1.0 -1.0 -1.0 -1.0 -1.0 1.844 1.565 4.549 754.382 0.02 1558.056 -0.16639969090357298 0.0
37.0 0.0 Car -1.0 -1.0 -1.0 -1.0 -1.0 -1.0 -1.0 1.879 1.505 4.665 736.412 0.269 1570.042 -0.15278612257416357 0.0
37.0 1.0 Car -1.0 -1.0 -1.0 -1.0 -1.0 -1.0 -1.0 1.939 1.725 4.211 750.722 -0.176 1553.743 0.2283065193925218 0.0
37.0 4.0 Car -1.0 -1.0 -1.0 -1.0 -1.0 -1.0 -1.0 1.844 1.565 4.549 754.213 -0.03 1558.012 -0.18036232491952764 0.0
38.0 0.0 Car -1.0 -1.0 -1.0 -1.0 -1.0 -1.0 -1.0 1.879 1.505 4.665 736.397 0.223 1570.058 -0.18420204911006133 0.0
38.0 1.0 Car -1.0 -1.0 -1.0 -1.0 -1.0 -1.0 -1.0 1.939 1.725 4.211 752.854 -0.176 1554.225 0.21085322687257846 0.0
38.0 4.0 Car -1.0 -1.0 -1.0 -1.0 -1.0 -1.0 -1.0 1.844 1.565 4.549 754.292 -0.079 1558.05 -0.19432495893548232 0.0
