0.0 4.0 Car -1.0 -1.0 -1.0 -1.0 -1.0 -1.0 -1.0 1.954 1.522 4.764 1203.175 1.232 1100.598 -0.5932374127521517 0.0
0.0 14.0 Car -1.0 -1.0 -1.0 -1.0 -1.0 -1.0 -1.0 2.012 1.568 5.188 1205.738 1.869 1105.868 -0.628143997792038 0.0
0.0 0.0 Car -1.0 -1.0 -1.0 -1.0 -1.0 -1.0 -1.0 1.919 1.857 4.88 1193.375 2.643 1114.366 -0.6045277086842673 0.0
0.0 10.0 Car -1.0 -1.0 -1.0 -1.0 -1.0 -1.0 -1.0 2.137 1.705 4.623 1287.788 0.944 1060.83 2.477494873209242 0.0
0.0 11.0 Car -1.0 -1.0 -1.0 -1.0 -1.0 -1.0 -1.0 2.01 2.058 4.824 1293.854 0.976 1054.774 2.7911305397904287 0.0
0.0 6.0 Truck -1.0 -1.0 -1.0 -1.0 -1.0 -1.0 -1.0 3.738 3.96 10.085 1231.075 -0.253 972.764 0.8594001236432396 0.0
0.0 5.0 Car -1.0 -1.0 -1.0 -1.0 -1.0 -1.0 -1.0 1.968 1.645 4.38 1225.672 1.755 1101.806 2.5373596666407776 0.0
0.0 3.0 Car -1.0 -1.0 -1.0 -1.0 -1.0 -1.0 -1.0 2.093 1.86 4.96 1237.247 1.365 1084.698 -0.5757841202322087 0.0
0.0 7.0 Car -1.0 -1.0 -1.0 -1.0 -1.0 -1.0 -1.0 2.036 1.834 4.579 1189.372 2.525 1112.297 -0.6455972903119811 0.0
0.0 8.0 Car -1.0 -1.0 -1.0 -1.0 -1.0 -1.0 -1.0 1.976 1.724 4.87 1176.347 2.858 1126.86 -0.6047565857889818 0.0
0.0 1.0 Car -1.0 -1.0 -1.0 -1.0 -1.0 -1.0 -1.0 1.99 1.579 4.784 1289.737 0.105 1034.854 0.41887902047863973 0.0
1.0 4.0 Car -1.0 -1.0 -1.0 -1.0 -1.0 -1.0 -1.0 1.954 1.522 4.764 1212.91 1.13 1094.401 -0.5932374127521517 1.0
1.0 14.0 Car -1.0 -1.0 -1.0 -1.0 -1.0 -1.0 -1.0 2.012 1.568 5.188 1210.032 1.812 1102.751 -0.628143997792038 1.0
1.0 0.0 Car -1.0 -1.0 -1.0 -1.0 -1.0 -1.0 -1.0 1.919 1.857 4.88 1197.389 2.456 1111.513 -0.6045277086842673 1.0
1.0 10.0 Car -1.0 -1.0 -1.0 -1.0 -1.0 -1.0 -1.0 2.137 1.705 4.623 1286.923 0.994 1061.48 2.486221371242961 1.0
1.0 9.0 Car -1.0 -1.0 -1.0 -1.0 -1.0 -1.0 -1.0 2.058 1.807 4.863 1166.581 2.936 1134.009 -0.6396631708288681 0.0
1.0 11.0 Car -1.0 -1.0 -1.0 -1.0 -1.0 -1.0 -1.0 2.01 2.058 4.824 1292.094 0.897 1055.431 2.756223954750542 1.0
1.0 6.0 Truck -1.0 -1.0 -1.0 -1.0 -1.0 -1.0 -1.0 3.738 3.96 10.085 1234.395 -0.243 976.576 0.8576329165466194 1.0
1.0 5.0 Car -1.0 -1.0 -1.0 -1.0 -1.0 -1.0 -1.0 1.968 1.645 4.38 1221.509 1.802 1104.901 2.5199063741208345 1.0
1.0 3.0 Car -1.0 -1.0 -1.0 -1.0 -1.0 -1.0 -1.0 2.093 1.86 4.96 1242.699 1.223 1081.211 -0.5845109147184332 1.0
1.0 7.0 Car -1.0 -1.0 -1.0 -1.0 -1.0 -1.0 -1.0 2.036 1.834 4.579 1195.208 2.286 1108.113 -0.6455972903119811 1.0
1.0 8.0 Car -1.0 -1.0 -1.0 -1.0 -1.0 -1.0 -1.0 1.976 1.724 4.87 1181.552 2.715 1122.927 -0.6172232749059412 1.0
1.0 1.0 Car -1.0 -1.0 -1.0 -1.0 -1.0 -1.0 -1.0 1.99 1.579 4.784 1292.317 -0.013 1035.426 0.1919851340623726 1.0
2.0 4.0 Car -1.0 -1.0 -1.0 -1.0 -1.0 -1.0 -1.0 1.954 1.522 4.764 1222.645 1.028 1088.203 -0.5932374127521517 1.0
2.0 14.0 Car -1.0 -1.0 -1.0 -1.0 -1.0 -1.0 -1.0 2.012 1.568 5.188 1214.447 1.669 1099.546 -0.628143997792038 1.0
2.0 0.0 Car -1.0 -1.0 -1.0 -1.0 -1.0 -1.0 -1.0 1.919 1.857 4.88 1201.402 2.269 1108.659 -0.6045277086842673 1.0
2.0 10.0 Car -1.0 -1.0 -1.0 -1.0 -1.0 -1.0 -1.0 2.137 1.705 4.623 1285.914 0.969 1062.269 2.4949481657291854 1.0
2.0 9.0 Car -1.0 -1.0 -1.0 -1.0 -1.0 -1.0 -1.0 2.058 1.807 4.863 1171.652 2.811 1130.306 -0.6458964192982305 1.0
2.0 11.0 Car -1.0 -1.0 -1.0 -1.0 -1.0 -1.0 -1.0 2.01 2.058 4.824 1289.904 0.897 1056.332 2.7077439214152985 1.0
2.0 6.0 Truck -1.0 -1.0 -1.0 -1.0 -1.0 -1.0 -1.0 3.738 3.96 10.085 1237.715 -0.233 980.387 0.8558657694826921 1.0
2.0 5.0 Car -1.0 -1.0 -1.0 -1.0 -1.0 -1.0 -1.0 1.968 1.645 4.38 1217.345 1.92 1107.996 2.5199063741208345 1.0
2.0 3.0 Car -1.0 -1.0 -1.0 -1.0 -1.0 -1.0 -1.0 2.093 1.86 4.96 1247.582 1.16 1078.099 -0.5932374127521517 1.0
2.0 15.0 Car -1.0 -1.0 -1.0 -1.0 -1.0 -1.0 -1.0 1.849 1.778 4.951 1300.196 0.865 1051.389 2.509434398508307 0.0
2.0 7.0 Car -1.0 -1.0 -1.0 -1.0 -1.0 -1.0 -1.0 2.036 1.834 4.579 1201.043 2.047 1103.928 -0.6455972903119811 1.0
2.0 8.0 Car -1.0 -1.0 -1.0 -1.0 -1.0 -1.0 -1.0 1.976 1.724 4.87 1186.758 2.572 1118.993 -0.6296895405247612 1.0
2.0 1.0 Car -1.0 -1.0 -1.0 -1.0 -1.0 -1.0 -1.0 1.99 1.579 4.784 1295.495 -0.059 1035.193 -0.08725973645279295 0.0
3.0 4.0 Car -1.0 -1.0 -1.0 -1.0 -1.0 -1.0 -1.0 1.954 1.522 4.764 1230.483 1.096 1083.037 -0.628143997792038 1.0
3.0 14.0 Car -1.0 -1.0 -1.0 -1.0 -1.0 -1.0 -1.0 2.012 1.568 5.188 1218.238 1.469 1096.794 -0.628143997792038 1.0
3.0 0.0 Car -1.0 -1.0 -1.0 -1.0 -1.0 -1.0 -1.0 1.919 1.857 4.88 1204.613 2.12 1106.377 -0.6028303786123522 1.0
3.0 10.0 Car -1.0 -1.0 -1.0 -1.0 -1.0 -1.0 -1.0 2.137 1.705 4.623 1284.832 0.947 1063.057 2.5027055290886273 1.0
3.0 9.0 Car -1.0 -1.0 -1.0 -1.0 -1.0 -1.0 -1.0 2.058 1.807 4.863 1175.709 2.71 1127.343 -0.6508833269839777 1.0
3.0 11.0 Car -1.0 -1.0 -1.0 -1.0 -1.0 -1.0 -1.0 2.01 2.058 4.824 1288.184 0.897 1057.129 2.6689574921508257 1.0
3.0 6.0 Truck -1.0 -1.0 -1.0 -1.0 -1.0 -1.0 -1.0 3.738 3.96 10.085 1240.371 -0.225 983.437 0.8544519642544455 1.0
3.0 5.0 Car -1.0 -1.0 -1.0 -1.0 -1.0 -1.0 -1.0 1.968 1.645 4.38 1213.087 2.004 1111.249 2.5199063741208345 1.0
3.0 3.0 Car -1.0 -1.0 -1.0 -1.0 -1.0 -1.0 -1.0 2.093 1.86 4.96 1251.293 1.023 1075.48 -0.6009947761115936 1.0
3.0 15.0 Car -1.0 -1.0 -1.0 -1.0 -1.0 -1.0 -1.0 1.849 1.778 4.951 1298.984 0.866 1052.237 2.509434398508307 1.0
3.0 7.0 Car -1.0 -1.0 -1.0 -1.0 -1.0 -1.0 -1.0 2.036 1.834 4.579 1205.712 1.868 1100.581 -0.6455972903119811 1.0
3.0 8.0 Car -1.0 -1.0 -1.0 -1.0 -1.0 -1.0 -1.0 1.976 1.724 4.87 1190.923 2.458 1115.846 -0.6396631708288681 1.0
3.0 1.0 Car -1.0 -1.0 -1.0 -1.0 -1.0 -1.0 -1.0 1.99 1.579 4.784 1298.158 -0.095 1034.314 -0.31415926535897887 0.0
4.0 4.0 Car -1.0 -1.0 -1.0 -1.0 -1.0 -1.0 -1.0 1.954 1.522 4.764 1234.833 0.894 1079.507 -0.628143997792038 1.0
4.0 14.0 Car -1.0 -1.0 -1.0 -1.0 -1.0 -1.0 -1.0 2.012 1.568 5.188 1223.069 1.369 1093.287 -0.628143997792038 1.0
4.0 0.0 Car -1.0 -1.0 -1.0 -1.0 -1.0 -1.0 -1.0 1.919 1.857 4.88 1208.627 1.934 1103.523 -0.6007088856028431 1.0
4.0 10.0 Car -1.0 -1.0 -1.0 -1.0 -1.0 -1.0 -1.0 2.137 1.705 4.623 1283.49 0.969 1064.065 2.4949481657291854 1.0
4.0 9.0 Car -1.0 -1.0 -1.0 -1.0 -1.0 -1.0 -1.0 2.058 1.807 4.863 1180.78 2.584 1123.64 -0.6571164633488111 1.0
4.0 11.0 Car -1.0 -1.0 -1.0 -1.0 -1.0 -1.0 -1.0 2.01 2.058 4.824 1285.559 0.914 1058.586 2.6224176108483035 1.0
4.0 6.0 Truck -1.0 -1.0 -1.0 -1.0 -1.0 -1.0 -1.0 3.738 3.96 10.085 1243.112 -0.12 986.45 0.8567036552352939 1.0
4.0 5.0 Car -1.0 -1.0 -1.0 -1.0 -1.0 -1.0 -1.0 1.968 1.645 4.38 1208.429 2.11 1114.689 2.5199063741208345 1.0
4.0 3.0 Car -1.0 -1.0 -1.0 -1.0 -1.0 -1.0 -1.0 2.093 1.86 4.96 1255.615 0.865 1072.422 -0.6106907052720949 0.0
4.0 15.0 Car -1.0 -1.0 -1.0 -1.0 -1.0 -1.0 -1.0 1.849 1.778 4.951 1297.428 0.867 1053.411 2.5079813070562573 1.0
4.0 7.0 Car -1.0 -1.0 -1.0 -1.0 -1.0 -1.0 -1.0 2.036 1.834 4.579 1210.711 1.663 1097.012 -0.6455972903119811 0.0
4.0 8.0 Car -1.0 -1.0 -1.0 -1.0 -1.0 -1.0 -1.0 1.976 1.724 4.87 1195.012 2.282 1112.847 -0.6265699896965713 1.0
4.0 13.0 Truck -1.0 -1.0 -1.0 -1.0 -1.0 -1.0 -1.0 2.076 1.809 5.094 1312.483 0.528 1037.553 2.473829681751213 0.0
4.0 1.0 Car -1.0 -1.0 -1.0 -1.0 -1.0 -1.0 -1.0 1.99 1.579 4.784 1301.46 -0.117 1032.562 -0.5410520681182405 0.0
5.0 4.0 Car -1.0 -1.0 -1.0 -1.0 -1.0 -1.0 -1.0 1.954 1.522 4.764 1240.743 0.742 1075.246 -0.628143997792038 0.0
5.0 14.0 Car -1.0 -1.0 -1.0 -1.0 -1.0 -1.0 -1.0 2.012 1.568 5.188 1227.699 1.294 1089.926 -0.628143997792038 1.0
5.0 0.0 Car -1.0 -1.0 -1.0 -1.0 -1.0 -1.0 -1.0 1.919 1.857 4.88 1212.641 1.747 1100.669 -0.5985871339832469 1.0
5.0 10.0 Car -1.0 -1.0 -1.0 -1.0 -1.0 -1.0 -1.0 2.137 1.705 4.623 1281.861 0.944 1065.297 2.5036752479326085 1.0
5.0 9.0 Car -1.0 -1.0 -1.0 -1.0 -1.0 -1.0 -1.0 2.058 1.807 4.863 1185.669 2.464 1120.083 -0.6527516139592756 1.0
5.0 11.0 Car -1.0 -1.0 -1.0 -1.0 -1.0 -1.0 -1.0 2.01 2.058 4.824 1283.004 0.931 1060.164 2.575872056332298 1.0
5.0 2.0 Car -1.0 -1.0 -1.0 -1.0 -1.0 -1.0 -1.0 1.953 1.783 4.964 1146.357 3.75 1146.369 -0.6222098783089249 0.0
5.0 6.0 Truck -1.0 -1.0 -1.0 -1.0 -1.0 -1.0 -1.0 3.738 3.96 10.085 1245.665 -0.001 989.227 0.8498632713307164 1.0
5.0 5.0 Car -1.0 -1.0 -1.0 -1.0 -1.0 -1.0 -1.0 1.968 1.645 4.38 1203.473 2.265 1118.231 2.5199063741208345 1.0
5.0 3.0 Car -1.0 -1.0 -1.0 -1.0 -1.0 -1.0 -1.0 2.093 1.86 4.96 1259.892 0.79 1069.329 -0.619417787475518 0.0
5.0 15.0 Car -1.0 -1.0 -1.0 -1.0 -1.0 -1.0 -1.0 1.849 1.778 4.951 1295.871 0.868 1054.585 2.5065280384722985 1.0
5.0 7.0 Car -1.0 -1.0 -1.0 -1.0 -1.0 -1.0 -1.0 2.036 1.834 4.579 1216.357 1.531 1092.939 -0.6455972903119811 0.0
5.0 8.0 Car -1.0 -1.0 -1.0 -1.0 -1.0 -1.0 -1.0 1.976 1.724 4.87 1199.122 2.107 1109.873 -0.6134752125049454 1.0
5.0 13.0 Truck -1.0 -1.0 -1.0 -1.0 -1.0 -1.0 -1.0 2.076 1.809 5.094 1309.172 0.586 1040.228 2.527661637912027 1.0
5.0 1.0 Car -1.0 -1.0 -1.0 -1.0 -1.0 -1.0 -1.0 1.99 1.579 4.784 1305.539 -0.14 1029.765 -0.628318530717956 0.0
6.0 4.0 Car -1.0 -1.0 -1.0 -1.0 -1.0 -1.0 -1.0 1.954 1.522 4.764 1246.288 0.69 1071.266 -0.628143997792038 0.0
6.0 14.0 Car -1.0 -1.0 -1.0 -1.0 -1.0 -1.0 -1.0 2.012 1.568 5.188 1232.328 1.169 1086.565 -0.628143997792038 1.0
6.0 0.0 Car -1.0 -1.0 -1.0 -1.0 -1.0 -1.0 -1.0 1.919 1.857 4.88 1216.797 1.573 1097.737 -0.5949502564632702 1.0
6.0 10.0 Car -1.0 -1.0 -1.0 -1.0 -1.0 -1.0 -1.0 2.137 1.705 4.623 1280.175 0.969 1066.453 2.512401458249129 1.0
6.0 9.0 Car -1.0 -1.0 -1.0 -1.0 -1.0 -1.0 -1.0 2.058 1.807 4.863 1190.558 2.343 1116.526 -0.6483872006438971 1.0
6.0 11.0 Car -1.0 -1.0 -1.0 -1.0 -1.0 -1.0 -1.0 2.01 2.058 4.824 1280.525 0.947 1061.859 2.529331151991279 1.0
6.0 2.0 Car -1.0 -1.0 -1.0 -1.0 -1.0 -1.0 -1.0 1.953 1.783 4.964 1151.056 3.496 1142.841 -0.6222098783089249 1.0
6.0 6.0 Truck -1.0 -1.0 -1.0 -1.0 -1.0 -1.0 -1.0 3.738 3.96 10.085 1248.218 0.119 992.004 0.8430235708207716 1.0
6.0 5.0 Car -1.0 -1.0 -1.0 -1.0 -1.0 -1.0 -1.0 1.968 1.645 4.38 1198.693 2.29 1122.018 2.5199063741208345 1.0
6.0 3.0 Car -1.0 -1.0 -1.0 -1.0 -1.0 -1.0 -1.0 2.093 1.86 4.96 1264.167 0.715 1066.237 -0.628143997792038 0.0
6.0 15.0 Car -1.0 -1.0 -1.0 -1.0 -1.0 -1.0 -1.0 1.849 1.778 4.951 1294.315 0.869 1055.759 2.5050749150784295 1.0
6.0 7.0 Car -1.0 -1.0 -1.0 -1.0 -1.0 -1.0 -1.0 2.036 1.834 4.579 1222.107 1.271 1088.849 -0.6455972903119811 0.0
6.0 8.0 Car -1.0 -1.0 -1.0 -1.0 -1.0 -1.0 -1.0 1.976 1.724 4.87 1203.24 1.932 1106.914 -0.6003817435586717 1.0
6.0 13.0 Truck -1.0 -1.0 -1.0 -1.0 -1.0 -1.0 -1.0 2.076 1.809 5.094 1306.482 0.645 1042.216 2.5814882159434225 1.0
6.0 1.0 Car -1.0 -1.0 -1.0 -1.0 -1.0 -1.0 -1.0 1.99 1.579 4.784 1309.558 -0.162 1026.807 -0.637050184730803 0.0
7.0 4.0 Car -1.0 -1.0 -1.0 -1.0 -1.0 -1.0 -1.0 1.954 1.522 4.764 1251.886 0.538 1067.236 -0.628143997792038 0.0
7.0 14.0 Car -1.0 -1.0 -1.0 -1.0 -1.0 -1.0 -1.0 2.012 1.568 5.188 1236.952 1.069 1083.209 -0.628143997792038 1.0
7.0 12.0 Car -1.0 -1.0 -1.0 -1.0 -1.0 -1.0 -1.0 2.273 1.743 5.4 1176.456 1.612 1120.464 -0.6222098783089249 0.0
7.0 0.0 Car -1.0 -1.0 -1.0 -1.0 -1.0 -1.0 -1.0 1.919 1.857 4.88 1220.948 1.4 1094.808 -0.5913175505661794 1.0
7.0 10.0 Car -1.0 -1.0 -1.0 -1.0 -1.0 -1.0 -1.0 2.137 1.705 4.623 1278.338 0.969 1067.837 2.512401458249129 1.0
7.0 9.0 Car -1.0 -1.0 -1.0 -1.0 -1.0 -1.0 -1.0 2.058 1.807 4.863 1195.441 2.223 1112.973 -0.6440277934598422 1.0
7.0 11.0 Car -1.0 -1.0 -1.0 -1.0 -1.0 -1.0 -1.0 2.01 2.058 4.824 1277.673 0.922 1063.978 2.5206097227424036 1.0
7.0 2.0 Car -1.0 -1.0 -1.0 -1.0 -1.0 -1.0 -1.0 1.953 1.783 4.964 1155.75 3.242 1139.316 -0.6222098783089249 1.0
7.0 6.0 Truck -1.0 -1.0 -1.0 -1.0 -1.0 -1.0 -1.0 3.738 3.96 10.085 1250.768 0.238 994.777 0.8361917156812102 1.0
7.0 5.0 Car -1.0 -1.0 -1.0 -1.0 -1.0 -1.0 -1.0 1.968 1.645 4.38 1193.975 2.316 1125.465 2.5199063741208345 1.0
7.0 3.0 Car -1.0 -1.0 -1.0 -1.0 -1.0 -1.0 -1.0 2.093 1.86 4.96 1268.168 0.765 1063.324 -0.6194225685431624 0.0
7.0 15.0 Car -1.0 -1.0 -1.0 -1.0 -1.0 -1.0 -1.0 1.849 1.778 4.951 1292.753 0.87 1056.923 2.509434398508307 1.0
7.0 7.0 Car -1.0 -1.0 -1.0 -1.0 -1.0 -1.0 -1.0 2.036 1.834 4.579 1227.833 1.097 1084.777 -0.6455972903119811 0.0
7.0 8.0 Car -1.0 -1.0 -1.0 -1.0 -1.0 -1.0 -1.0 1.976 1.724 4.87 1207.355 1.758 1103.957 -0.5873032932690387 1.0
7.0 13.0 Truck -1.0 -1.0 -1.0 -1.0 -1.0 -1.0 -1.0 2.076 1.809 5.094 1304.369 0.665 1043.531 2.6374428309750866 1.0
7.0 1.0 Car -1.0 -1.0 -1.0 -1.0 -1.0 -1.0 -1.0 1.99 1.579 4.784 1313.573 -0.184 1023.852 -0.6457718232378991 0.0
8.0 4.0 Car -1.0 -1.0 -1.0 -1.0 -1.0 -1.0 -1.0 1.954 1.522 4.764 1257.813 0.436 1062.967 -0.628143997792038 0.0
8.0 14.0 Car -1.0 -1.0 -1.0 -1.0 -1.0 -1.0 -1.0 2.012 1.568 5.188 1241.582 0.969 1079.848 -0.628143997792038 1.0
8.0 12.0 Car -1.0 -1.0 -1.0 -1.0 -1.0 -1.0 -1.0 2.273 1.743 5.4 1183.924 1.441 1115.391 -0.6396631708288681 1.0
8.0 0.0 Car -1.0 -1.0 -1.0 -1.0 -1.0 -1.0 -1.0 1.919 1.857 4.88 1225.671 1.328 1091.772 -0.5869516931285563 1.0
8.0 10.0 Car -1.0 -1.0 -1.0 -1.0 -1.0 -1.0 -1.0 2.137 1.705 4.623 1276.123 0.919 1069.458 2.512401458249129 1.0
8.0 9.0 Car -1.0 -1.0 -1.0 -1.0 -1.0 -1.0 -1.0 2.058 1.807 4.863 1200.33 2.102 1109.416 -0.6396631708288681 1.0
8.0 11.0 Car -1.0 -1.0 -1.0 -1.0 -1.0 -1.0 -1.0 2.01 2.058 4.824 1274.818 0.897 1066.099 2.5118778594713356 1.0
8.0 2.0 Car -1.0 -1.0 -1.0 -1.0 -1.0 -1.0 -1.0 1.953 1.783 4.964 1160.449 3.388 1135.787 -0.6222098783089249 1.0
8.0 6.0 Truck -1.0 -1.0 -1.0 -1.0 -1.0 -1.0 -1.0 3.738 3.96 10.085 1253.321 0.358 997.554 0.8293516871418416 1.0
8.0 5.0 Car -1.0 -1.0 -1.0 -1.0 -1.0 -1.0 -1.0 1.968 1.645 4.38 1189.019 2.641 1129.006 2.5199063741208345 1.0
8.0 3.0 Car -1.0 -1.0 -1.0 -1.0 -1.0 -1.0 -1.0 2.093 1.86 4.96 1271.45 0.715 1060.924 -0.6106907052720949 0.0
8.0 15.0 Car -1.0 -1.0 -1.0 -1.0 -1.0 -1.0 -1.0 1.849 1.778 4.951 1290.599 0.871 1058.484 2.509434398508307 1.0
8.0 7.0 Car -1.0 -1.0 -1.0 -1.0 -1.0 -1.0 -1.0 2.036 1.834 4.579 1233.567 0.889 1080.699 -0.6455972903119811 0.0
8.0 8.0 Car -1.0 -1.0 -1.0 -1.0 -1.0 -1.0 -1.0 1.976 1.724 4.87 1212.129 1.658 1100.717 -0.5785764551893489 1.0
8.0 13.0 Truck -1.0 -1.0 -1.0 -1.0 -1.0 -1.0 -1.0 2.076 1.809 5.094 1302.183 0.686 1044.726 2.693464388210643 1.0
8.0 1.0 Car -1.0 -1.0 -1.0 -1.0 -1.0 -1.0 -1.0 1.99 1.579 4.784 1317.952 -0.218 1020.194 -0.6588693955507687 0.0
9.0 4.0 Car -1.0 -1.0 -1.0 -1.0 -1.0 -1.0 -1.0 1.954 1.522 4.764 1263.365 0.484 1059.114 -0.6106813008345889 0.0
9.0 14.0 Car -1.0 -1.0 -1.0 -1.0 -1.0 -1.0 -1.0 2.012 1.568 5.188 1246.276 0.869 1076.44 -0.628143997792038 1.0
9.0 12.0 Car -1.0 -1.0 -1.0 -1.0 -1.0 -1.0 -1.0 2.273 1.743 5.4 1191.249 1.33 1110.202 -0.6396631708288681 1.0
9.0 0.0 Car -1.0 -1.0 -1.0 -1.0 -1.0 -1.0 -1.0 1.919 1.857 4.88 1230.394 1.256 1088.736 -0.5825860276178455 1.0
9.0 10.0 Car -1.0 -1.0 -1.0 -1.0 -1.0 -1.0 -1.0 2.137 1.705 4.623 1273.706 0.919 1071.168 2.512401458249129 1.0
9.0 9.0 Car -1.0 -1.0 -1.0 -1.0 -1.0 -1.0 -1.0 2.058 1.807 4.863 1204.626 1.845 1106.233 -0.6396631708288681 1.0
9.0 11.0 Car -1.0 -1.0 -1.0 -1.0 -1.0 -1.0 -1.0 2.01 2.058 4.824 1271.634 0.847 1068.372 2.5118778594713356 1.0
9.0 2.0 Car -1.0 -1.0 -1.0 -1.0 -1.0 -1.0 -1.0 1.953 1.783 4.964 1165.184 3.117 1132.635 -0.6105658492499999 1.0
9.0 6.0 Truck -1.0 -1.0 -1.0 -1.0 -1.0 -1.0 -1.0 3.738 3.96 10.085 1255.874 0.477 1000.331 0.8225119592961115 1.0
9.0 5.0 Car -1.0 -1.0 -1.0 -1.0 -1.0 -1.0 -1.0 1.968 1.645 4.38 1184.014 2.766 1132.473 2.554812959160721 1.0
9.0 3.0 Car -1.0 -1.0 -1.0 -1.0 -1.0 -1.0 -1.0 2.093 1.86 4.96 1274.418 0.69 1058.822 -0.6106624919595771 0.0
9.0 15.0 Car -1.0 -1.0 -1.0 -1.0 -1.0 -1.0 -1.0 1.849 1.778 4.951 1288.445 0.872 1060.044 2.509434398508307 1.0
9.0 7.0 Car -1.0 -1.0 -1.0 -1.0 -1.0 -1.0 -1.0 2.036 1.834 4.579 1239.3 0.84 1076.621 -0.6455972903119811 0.0
9.0 8.0 Car -1.0 -1.0 -1.0 -1.0 -1.0 -1.0 -1.0 1.976 1.724 4.87 1216.903 1.558 1097.478 -0.5698500007490956 1.0
9.0 13.0 Truck -1.0 -1.0 -1.0 -1.0 -1.0 -1.0 -1.0 2.076 1.809 5.094 1300.758 0.707 1045.409 2.7494834826895347 0.0
9.0 1.0 Car -1.0 -1.0 -1.0 -1.0 -1.0 -1.0 -1.0 1.99 1.579 4.784 1322.329 -0.253 1016.535 -0.6719663920829015 0.0
10.0 4.0 Car -1.0 -1.0 -1.0 -1.0 -1.0 -1.0 -1.0 1.954 1.522 4.764 1268.912 0.332 1055.271 -0.5932374127521517 0.0
10.0 14.0 Car -1.0 -1.0 -1.0 -1.0 -1.0 -1.0 -1.0 2.012 1.568 5.188 1251.238 0.769 1072.811 -0.628143997792038 1.0
10.0 12.0 Car -1.0 -1.0 -1.0 -1.0 -1.0 -1.0 -1.0 2.273 1.743 5.4 1198.566 1.218 1105.019 -0.6396631708288681 1.0
10.0 0.0 Car -1.0 -1.0 -1.0 -1.0 -1.0 -1.0 -1.0 1.919 1.857 4.88 1235.112 1.185 1085.704 -0.5782250643164857 0.0
10.0 10.0 Car -1.0 -1.0 -1.0 -1.0 -1.0 -1.0 -1.0 2.137 1.705 4.623 1271.306 0.919 1072.904 2.512401458249129 1.0
10.0 9.0 Car -1.0 -1.0 -1.0 -1.0 -1.0 -1.0 -1.0 2.058 1.807 4.863 1208.917 1.687 1103.053 -0.6396631708288681 1.0
10.0 11.0 Car -1.0 -1.0 -1.0 -1.0 -1.0 -1.0 -1.0 2.01 2.058 4.824 1268.433 0.847 1070.746 2.5118778594713356 1.0
10.0 2.0 Car -1.0 -1.0 -1.0 -1.0 -1.0 -1.0 -1.0 1.953 1.783 4.964 1169.915 2.896 1129.485 -0.5989343618441616 1.0
10.0 6.0 Truck -1.0 -1.0 -1.0 -1.0 -1.0 -1.0 -1.0 3.738 3.96 10.085 1258.424 0.597 1003.105 0.815679598444522 1.0
10.0 5.0 Car -1.0 -1.0 -1.0 -1.0 -1.0 -1.0 -1.0 1.968 1.645 4.38 1178.997 2.841 1135.911 2.546086155781837 1.0
10.0 3.0 Car -1.0 -1.0 -1.0 -1.0 -1.0 -1.0 -1.0 2.093 1.86 4.96 1277.246 0.565 1056.715 -0.5234242426723795 0.0
10.0 15.0 Car -1.0 -1.0 -1.0 -1.0 -1.0 -1.0 -1.0 1.849 1.778 4.951 1285.94 0.873 1061.919 2.509434398508307 1.0
10.0 7.0 Car -1.0 -1.0 -1.0 -1.0 -1.0 -1.0 -1.0 2.036 1.834 4.579 1244.866 0.793 1072.762 -0.628143997792038 0.0
10.0 8.0 Car -1.0 -1.0 -1.0 -1.0 -1.0 -1.0 -1.0 1.976 1.724 4.87 1221.333 1.382 1094.599 -0.5611231973702114 1.0
10.0 13.0 Truck -1.0 -1.0 -1.0 -1.0 -1.0 -1.0 -1.0 2.076 1.809 5.094 1299.548 0.728 1045.871 2.8054422396301355 0.0
10.0 1.0 Car -1.0 -1.0 -1.0 -1.0 -1.0 -1.0 -1.0 1.99 1.579 4.784 1326.701 -0.287 1012.878 -0.6850492819869802 0.0
11.0 4.0 Car -1.0 -1.0 -1.0 -1.0 -1.0 -1.0 -1.0 1.954 1.522 4.764 1274.409 0.28 1051.459 -0.5932374127521517 0.0
11.0 14.0 Car -1.0 -1.0 -1.0 -1.0 -1.0 -1.0 -1.0 2.012 1.568 5.188 1255.956 0.719 1069.36 -0.628143997792038 1.0
11.0 12.0 Car -1.0 -1.0 -1.0 -1.0 -1.0 -1.0 -1.0 2.273 1.743 5.4 1205.883 1.107 1099.835 -0.6396631708288681 1.0
11.0 0.0 Car -1.0 -1.0 -1.0 -1.0 -1.0 -1.0 -1.0 1.919 1.857 4.88 1239.83 0.913 1082.671 -0.5738642580462363 0.0
11.0 10.0 Car -1.0 -1.0 -1.0 -1.0 -1.0 -1.0 -1.0 2.137 1.705 4.623 1268.7 0.919 1074.763 2.512401458249129 1.0
11.0 9.0 Car -1.0 -1.0 -1.0 -1.0 -1.0 -1.0 -1.0 2.058 1.807 4.863 1213.543 1.529 1099.532 -0.6396631708288681 1.0
11.0 11.0 Car -1.0 -1.0 -1.0 -1.0 -1.0 -1.0 -1.0 2.01 2.058 4.824 1265.232 0.847 1073.12 2.5118778594713356 1.0
11.0 2.0 Car -1.0 -1.0 -1.0 -1.0 -1.0 -1.0 -1.0 1.953 1.783 4.964 1174.645 2.575 1126.336 -0.5873032932690387 1.0
11.0 6.0 Truck -1.0 -1.0 -1.0 -1.0 -1.0 -1.0 -1.0 3.738 3.96 10.085 1260.975 0.716 1005.878 0.8088474836150001 1.0
11.0 5.0 Car -1.0 -1.0 -1.0 -1.0 -1.0 -1.0 -1.0 1.968 1.645 4.38 1173.98 2.917 1139.349 2.5373596666407776 1.0
11.0 3.0 Car -1.0 -1.0 -1.0 -1.0 -1.0 -1.0 -1.0 2.093 1.86 4.96 1280.204 0.607 1055.15 -0.4303067329894019 0.0
11.0 15.0 Car -1.0 -1.0 -1.0 -1.0 -1.0 -1.0 -1.0 1.849 1.778 4.951 1283.436 0.874 1063.794 2.509434398508307 1.0
11.0 7.0 Car -1.0 -1.0 -1.0 -1.0 -1.0 -1.0 -1.0 2.036 1.834 4.579 1250.875 0.661 1068.395 -0.628143997792038 0.0
11.0 8.0 Car -1.0 -1.0 -1.0 -1.0 -1.0 -1.0 -1.0 1.976 1.724 4.87 1225.763 1.208 1091.721 -0.5523967082291525 1.0
11.0 13.0 Truck -1.0 -1.0 -1.0 -1.0 -1.0 -1.0 -1.0 2.076 1.809 5.094 1298.842 0.749 1046.195 2.8054422396301355 0.0
11.0 1.0 Car -1.0 -1.0 -1.0 -1.0 -1.0 -1.0 -1.0 1.99 1.579 4.784 1331.072 -0.322 1009.222 -0.6981317007977283 0.0
12.0 4.0 Car -1.0 -1.0 -1.0 -1.0 -1.0 -1.0 -1.0 1.954 1.522 4.764 1279.899 0.128 1047.652 -0.6048694547574386 0.0
12.0 14.0 Car -1.0 -1.0 -1.0 -1.0 -1.0 -1.0 -1.0 2.012 1.568 5.188 1260.343 0.658 1066.148 -0.628143997792038 0.0
12.0 12.0 Car -1.0 -1.0 -1.0 -1.0 -1.0 -1.0 -1.0 2.273 1.743 5.4 1213.193 0.995 1094.657 -0.6396631708288681 1.0
12.0 0.0 Car -1.0 -1.0 -1.0 -1.0 -1.0 -1.0 -1.0 1.919 1.857 4.88 1244.779 0.886 1079.559 -0.5673223579749794 0.0
12.0 10.0 Car -1.0 -1.0 -1.0 -1.0 -1.0 -1.0 -1.0 2.137 1.705 4.623 1266.132 0.919 1076.596 2.503670602361119 1.0
12.0 9.0 Car -1.0 -1.0 -1.0 -1.0 -1.0 -1.0 -1.0 2.058 1.807 4.863 1218.164 1.372 1096.015 -0.6396631708288681 1.0
12.0 11.0 Car -1.0 -1.0 -1.0 -1.0 -1.0 -1.0 -1.0 2.01 2.058 4.824 1261.964 0.857 1075.437 2.5206002131742338 1.0
12.0 2.0 Car -1.0 -1.0 -1.0 -1.0 -1.0 -1.0 -1.0 1.953 1.783 4.964 1180.026 2.388 1122.732 -0.596025729900972 1.0
12.0 6.0 Truck -1.0 -1.0 -1.0 -1.0 -1.0 -1.0 -1.0 3.738 3.96 10.085 1263.329 0.738 1008.374 0.8101200025708701 1.0
12.0 5.0 Car -1.0 -1.0 -1.0 -1.0 -1.0 -1.0 -1.0 1.968 1.645 4.38 1169.167 3.092 1142.752 2.5373596666407776 1.0
12.0 3.0 Car -1.0 -1.0 -1.0 -1.0 -1.0 -1.0 -1.0 2.093 1.86 4.96 1283.291 0.648 1053.867 -0.33728404234278336 0.0
12.0 15.0 Car -1.0 -1.0 -1.0 -1.0 -1.0 -1.0 -1.0 1.849 1.778 4.951 1281.253 0.875 1065.374 2.5152504195109504 1.0
12.0 7.0 Car -1.0 -1.0 -1.0 -1.0 -1.0 -1.0 -1.0 2.036 1.834 4.579 1256.315 0.629 1064.44 -0.628143997792038 0.0
12.0 8.0 Car -1.0 -1.0 -1.0 -1.0 -1.0 -1.0 -1.0 1.976 1.724 4.87 1230.432 1.108 1088.895 -0.5523967082291525 1.0
12.0 13.0 Truck -1.0 -1.0 -1.0 -1.0 -1.0 -1.0 -1.0 2.076 1.809 5.094 1298.137 0.769 1046.518 2.8054422396301355 0.0
12.0 1.0 Car -1.0 -1.0 -1.0 -1.0 -1.0 -1.0 -1.0 1.99 1.579 4.784 1335.931 -0.394 1004.978 -0.6981317007977283 0.0
13.0 4.0 Car -1.0 -1.0 -1.0 -1.0 -1.0 -1.0 -1.0 1.954 1.522 4.764 1285.395 -0.024 1043.84 -0.616512724490076 0.0
13.0 14.0 Car -1.0 -1.0 -1.0 -1.0 -1.0 -1.0 -1.0 2.012 1.568 5.188 1264.768 0.611 1062.91 -0.628143997792038 0.0
13.0 12.0 Car -1.0 -1.0 -1.0 -1.0 -1.0 -1.0 -1.0 2.273 1.743 5.4 1220.51 0.884 1089.474 -0.6396631708288681 1.0
13.0 0.0 Car -1.0 -1.0 -1.0 -1.0 -1.0 -1.0 -1.0 1.919 1.857 4.88 1249.733 0.859 1076.444 -0.560774143391591 0.0
13.0 10.0 Car -1.0 -1.0 -1.0 -1.0 -1.0 -1.0 -1.0 2.137 1.705 4.623 1263.582 0.919 1078.456 2.529854750769072 1.0
13.0 9.0 Car -1.0 -1.0 -1.0 -1.0 -1.0 -1.0 -1.0 2.058 1.807 4.863 1222.645 1.265 1092.775 -0.6396631708288681 1.0
13.0 11.0 Car -1.0 -1.0 -1.0 -1.0 -1.0 -1.0 -1.0 2.01 2.058 4.824 1258.692 0.866 1077.756 2.529330986053162 1.0
13.0 2.0 Car -1.0 -1.0 -1.0 -1.0 -1.0 -1.0 -1.0 1.953 1.783 4.964 1185.411 2.2 1119.124 -0.6047565857889818 1.0
13.0 6.0 Truck -1.0 -1.0 -1.0 -1.0 -1.0 -1.0 -1.0 3.738 3.96 10.085 1265.686 0.759 1010.872 0.8113937498145917 1.0
13.0 5.0 Car -1.0 -1.0 -1.0 -1.0 -1.0 -1.0 -1.0 1.968 1.645 4.38 1164.482 3.117 1146.031 2.5373596666407776 1.0
13.0 3.0 Car -1.0 -1.0 -1.0 -1.0 -1.0 -1.0 -1.0 2.093 1.86 4.96 1286.487 0.69 1052.876 -0.24417156235328674 0.0
13.0 15.0 Car -1.0 -1.0 -1.0 -1.0 -1.0 -1.0 -1.0 1.849 1.778 4.951 1278.488 0.876 1067.375 2.521072054377269 1.0
13.0 7.0 Car -1.0 -1.0 -1.0 -1.0 -1.0 -1.0 -1.0 2.036 1.834 4.579 1261.785 0.47 1060.541 -0.6106907052720949 0.0
13.0 8.0 Car -1.0 -1.0 -1.0 -1.0 -1.0 -1.0 -1.0 1.976 1.724 4.87 1235.105 1.008 1086.067 -0.5523967082291525 1.0
13.0 13.0 Truck -1.0 -1.0 -1.0 -1.0 -1.0 -1.0 -1.0 2.076 1.809 5.094 1297.612 0.74 1046.667 2.8141733838777467 0.0
13.0 1.0 Car -1.0 -1.0 -1.0 -1.0 -1.0 -1.0 -1.0 1.99 1.579 4.784 1340.575 -0.441 1000.602 -0.7155939892929505 0.0
14.0 4.0 Car -1.0 -1.0 -1.0 -1.0 -1.0 -1.0 -1.0 1.954 1.522 4.764 1290.885 -0.176 1040.033 -0.628143997792038 0.0
14.0 14.0 Car -1.0 -1.0 -1.0 -1.0 -1.0 -1.0 -1.0 2.012 1.568 5.188 1269.187 0.565 1059.675 -0.628143997792038 0.0
14.0 12.0 Car -1.0 -1.0 -1.0 -1.0 -1.0 -1.0 -1.0 2.273 1.743 5.4 1227.402 0.813 1084.709 -0.6396631708288681 1.0
14.0 0.0 Car -1.0 -1.0 -1.0 -1.0 -1.0 -1.0 -1.0 1.919 1.857 4.88 1254.463 0.75 1073.456 -0.5738642580462363 0.0
14.0 10.0 Car -1.0 -1.0 -1.0 -1.0 -1.0 -1.0 -1.0 2.137 1.705 4.623 1261.005 0.844 1080.257 2.529854750769072 1.0
14.0 9.0 Car -1.0 -1.0 -1.0 -1.0 -1.0 -1.0 -1.0 2.058 1.807 4.863 1227.121 1.057 1089.538 -0.6396631708288681 0.0
14.0 11.0 Car -1.0 -1.0 -1.0 -1.0 -1.0 -1.0 -1.0 2.01 2.058 4.824 1255.414 0.876 1080.058 2.538052763339444 1.0
14.0 2.0 Car -1.0 -1.0 -1.0 -1.0 -1.0 -1.0 -1.0 1.953 1.783 4.964 1190.301 2.042 1115.645 -0.6047565857889818 1.0
14.0 6.0 Truck -1.0 -1.0 -1.0 -1.0 -1.0 -1.0 -1.0 3.738 3.96 10.085 1266.847 0.781 1012.109 0.8126661846760651 1.0
14.0 5.0 Car -1.0 -1.0 -1.0 -1.0 -1.0 -1.0 -1.0 1.968 1.645 4.38 1159.438 3.342 1149.784 2.5199063741208345 1.0
14.0 3.0 Car -1.0 -1.0 -1.0 -1.0 -1.0 -1.0 -1.0 2.093 1.86 4.96 1289.63 0.632 1052.344 -0.1656961206572194 0.0
14.0 15.0 Car -1.0 -1.0 -1.0 -1.0 -1.0 -1.0 -1.0 1.849 1.778 4.951 1275.726 0.877 1069.374 2.52688769102825 1.0
14.0 7.0 Car -1.0 -1.0 -1.0 -1.0 -1.0 -1.0 -1.0 2.036 1.834 4.579 1267.291 0.427 1056.786 -0.6194123996363992 0.0
14.0 8.0 Car -1.0 -1.0 -1.0 -1.0 -1.0 -1.0 -1.0 1.976 1.724 4.87 1239.807 0.908 1083.295 -0.5523967082291525 1.0
14.0 13.0 Truck -1.0 -1.0 -1.0 -1.0 -1.0 -1.0 -1.0 2.076 1.809 5.094 1297.087 0.711 1046.815 2.8228955321500786 0.0
15.0 4.0 Car -1.0 -1.0 -1.0 -1.0 -1.0 -1.0 -1.0 1.954 1.522 4.764 1296.382 -0.128 1036.221 -0.628143997792038 0.0
15.0 14.0 Car -1.0 -1.0 -1.0 -1.0 -1.0 -1.0 -1.0 2.012 1.568 5.188 1273.612 0.519 1056.436 -0.628143997792038 0.0
15.0 12.0 Car -1.0 -1.0 -1.0 -1.0 -1.0 -1.0 -1.0 2.273 1.743 5.4 1234.303 0.741 1079.939 -0.6396631708288681 1.0
15.0 0.0 Car -1.0 -1.0 -1.0 -1.0 -1.0 -1.0 -1.0 1.919 1.857 4.88 1258.927 0.73 1070.347 -0.5935128169283708 0.0
15.0 10.0 Car -1.0 -1.0 -1.0 -1.0 -1.0 -1.0 -1.0 2.137 1.705 4.623 1258.443 0.819 1082.088 2.529854750769072 1.0
15.0 9.0 Car -1.0 -1.0 -1.0 -1.0 -1.0 -1.0 -1.0 2.058 1.807 4.863 1232.288 0.969 1085.925 -0.6299654120482909 0.0
15.0 11.0 Car -1.0 -1.0 -1.0 -1.0 -1.0 -1.0 -1.0 2.01 2.058 4.824 1252.132 0.886 1082.364 2.546784444511222 1.0
15.0 2.0 Car -1.0 -1.0 -1.0 -1.0 -1.0 -1.0 -1.0 1.953 1.783 4.964 1195.196 1.883 1112.163 -0.6047565857889818 1.0
15.0 6.0 Truck -1.0 -1.0 -1.0 -1.0 -1.0 -1.0 -1.0 3.738 3.96 10.085 1268.008 0.803 1013.349 0.813940064432169 1.0
15.0 5.0 Car -1.0 -1.0 -1.0 -1.0 -1.0 -1.0 -1.0 1.968 1.645 4.38 1154.584 3.418 1153.142 2.5199063741208345 1.0
15.0 3.0 Car -1.0 -1.0 -1.0 -1.0 -1.0 -1.0 -1.0 2.093 1.86 4.96 1292.83 0.623 1052.307 -0.017278759594023585 0.0
15.0 15.0 Car -1.0 -1.0 -1.0 -1.0 -1.0 -1.0 -1.0 1.849 1.778 4.951 1272.674 0.878 1071.623 2.5206513523339478 1.0
15.0 7.0 Car -1.0 -1.0 -1.0 -1.0 -1.0 -1.0 -1.0 2.036 1.834 4.579 1272.803 0.385 1053.026 -0.628143997792038 0.0
15.0 8.0 Car -1.0 -1.0 -1.0 -1.0 -1.0 -1.0 -1.0 1.976 1.724 4.87 1244.626 0.872 1080.252 -0.5648693856177571 0.0
15.0 13.0 Truck -1.0 -1.0 -1.0 -1.0 -1.0 -1.0 -1.0 2.076 1.809 5.094 1297.079 0.709 1046.793 2.8228955321500786 0.0
16.0 4.0 Car -1.0 -1.0 -1.0 -1.0 -1.0 -1.0 -1.0 1.954 1.522 4.764 1300.842 -0.109 1032.886 -0.682465338872289 0.0
16.0 14.0 Car -1.0 -1.0 -1.0 -1.0 -1.0 -1.0 -1.0 2.012 1.568 5.188 1276.398 0.469 1054.46 -0.628143997792038 0.0
16.0 12.0 Car -1.0 -1.0 -1.0 -1.0 -1.0 -1.0 -1.0 2.273 1.743 5.4 1239.353 0.671 1076.367 -0.6396631708288681 1.0
16.0 0.0 Car -1.0 -1.0 -1.0 -1.0 -1.0 -1.0 -1.0 1.919 1.857 4.88 1262.47 0.714 1067.822 -0.6092262477104922 0.0
16.0 10.0 Car -1.0 -1.0 -1.0 -1.0 -1.0 -1.0 -1.0 2.137 1.705 4.623 1256.428 0.919 1083.519 2.5188312398675756 1.0
16.0 9.0 Car -1.0 -1.0 -1.0 -1.0 -1.0 -1.0 -1.0 2.058 1.807 4.863 1236.42 0.899 1083.035 -0.6222098783089249 0.0
16.0 11.0 Car -1.0 -1.0 -1.0 -1.0 -1.0 -1.0 -1.0 2.01 2.058 4.824 1249.689 0.956 1084.1 2.5417970498863562 1.0
16.0 2.0 Car -1.0 -1.0 -1.0 -1.0 -1.0 -1.0 -1.0 1.953 1.783 4.964 1199.111 1.755 1109.378 -0.6047565857889818 1.0
16.0 6.0 Truck -1.0 -1.0 -1.0 -1.0 -1.0 -1.0 -1.0 3.738 3.96 10.085 1269.913 0.82 1015.379 0.8149588170792391 1.0
16.0 5.0 Car -1.0 -1.0 -1.0 -1.0 -1.0 -1.0 -1.0 1.968 1.645 4.38 1150.226 3.388 1156.354 2.5199063741208345 1.0
16.0 15.0 Car -1.0 -1.0 -1.0 -1.0 -1.0 -1.0 -1.0 1.849 1.778 4.951 1270.234 0.879 1073.422 2.515664000488216 1.0
16.0 8.0 Car -1.0 -1.0 -1.0 -1.0 -1.0 -1.0 -1.0 1.976 1.724 4.87 1248.316 0.843 1077.92 -0.574844089309221 0.0
16.0 13.0 Truck -1.0 -1.0 -1.0 -1.0 -1.0 -1.0 -1.0 2.076 1.809 5.094 1297.073 0.708 1046.776 2.8228955321500786 0.0
17.0 14.0 Car -1.0 -1.0 -1.0 -1.0 -1.0 -1.0 -1.0 2.012 1.568 5.188 1280.538 0.419 1051.445 -0.628143997792038 0.0
17.0 12.0 Car -1.0 -1.0 -1.0 -1.0 -1.0 -1.0 -1.0 2.273 1.743 5.4 1245.812 0.641 1071.33 -0.6222098783089249 1.0
17.0 0.0 Car -1.0 -1.0 -1.0 -1.0 -1.0 -1.0 -1.0 1.919 1.857 4.88 1266.881 0.694 1064.648 -0.6288535815219686 0.0
17.0 10.0 Car -1.0 -1.0 -1.0 -1.0 -1.0 -1.0 -1.0 2.137 1.705 4.623 1254.192 0.969 1085.155 2.5225152842049834 1.0
17.0 9.0 Car -1.0 -1.0 -1.0 -1.0 -1.0 -1.0 -1.0 2.058 1.807 4.863 1242.13 0.849 1078.925 -0.6222098783089249 0.0
17.0 11.0 Car -1.0 -1.0 -1.0 -1.0 -1.0 -1.0 -1.0 2.01 2.058 4.824 1246.637 1.043 1086.269 2.535567394471882 1.0
17.0 2.0 Car -1.0 -1.0 -1.0 -1.0 -1.0 -1.0 -1.0 1.953 1.783 4.964 1204.036 1.568 1105.782 -0.6047565857889818 1.0
17.0 6.0 Truck -1.0 -1.0 -1.0 -1.0 -1.0 -1.0 -1.0 3.738 3.96 10.085 1272.292 0.842 1017.916 0.8162313207452188 1.0
17.0 5.0 Car -1.0 -1.0 -1.0 -1.0 -1.0 -1.0 -1.0 1.968 1.645 4.38 1145.126 3.351 1160.009 2.554812959160721 1.0
17.0 15.0 Car -1.0 -1.0 -1.0 -1.0 -1.0 -1.0 -1.0 1.849 1.778 4.951 1267.185 0.88 1075.668 2.509434398508307 1.0
17.0 8.0 Car -1.0 -1.0 -1.0 -1.0 -1.0 -1.0 -1.0 1.976 1.724 4.87 1252.925 0.808 1075.006 -0.5873032932690387 0.0
17.0 13.0 Truck -1.0 -1.0 -1.0 -1.0 -1.0 -1.0 -1.0 2.076 1.809 5.094 1297.073 0.75 1046.776 2.8228955321500786 0.0
18.0 14.0 Car -1.0 -1.0 -1.0 -1.0 -1.0 -1.0 -1.0 2.012 1.568 5.188 1285.0 0.369 1048.24 -0.628143997792038 0.0
18.0 12.0 Car -1.0 -1.0 -1.0 -1.0 -1.0 -1.0 -1.0 2.273 1.743 5.4 1252.56 0.591 1066.697 -0.6047565857889818 1.0
18.0 0.0 Car -1.0 -1.0 -1.0 -1.0 -1.0 -1.0 -1.0 1.919 1.857 4.88 1271.297 0.673 1061.471 -0.6485016687358662 0.0
18.0 10.0 Car -1.0 -1.0 -1.0 -1.0 -1.0 -1.0 -1.0 2.137 1.705 4.623 1252.211 0.969 1086.562 2.5261847693184376 1.0
18.0 9.0 Car -1.0 -1.0 -1.0 -1.0 -1.0 -1.0 -1.0 2.058 1.807 4.863 1247.883 0.824 1074.807 -0.6222098783089249 0.0
18.0 11.0 Car -1.0 -1.0 -1.0 -1.0 -1.0 -1.0 -1.0 2.01 2.058 4.824 1243.582 1.131 1088.44 2.529331151991279 1.0
18.0 2.0 Car -1.0 -1.0 -1.0 -1.0 -1.0 -1.0 -1.0 1.953 1.783 4.964 1208.967 1.381 1102.183 -0.6047565857889818 1.0
18.0 6.0 Truck -1.0 -1.0 -1.0 -1.0 -1.0 -1.0 -1.0 3.738 3.96 10.085 1274.674 0.864 1020.455 0.817505169921542 1.0
18.0 5.0 Car -1.0 -1.0 -1.0 -1.0 -1.0 -1.0 -1.0 1.968 1.645 4.38 1139.82 3.464 1163.804 2.5373596666407776 0.0
18.0 15.0 Car -1.0 -1.0 -1.0 -1.0 -1.0 -1.0 -1.0 1.849 1.778 4.951 1264.839 0.881 1077.399 2.52688769102825 1.0
18.0 8.0 Car -1.0 -1.0 -1.0 -1.0 -1.0 -1.0 -1.0 1.976 1.724 4.87 1257.164 0.758 1072.181 -0.6047565857889818 0.0
18.0 13.0 Truck -1.0 -1.0 -1.0 -1.0 -1.0 -1.0 -1.0 2.076 1.809 5.094 1297.073 0.792 1046.776 2.8228955321500786 0.0
19.0 14.0 Car -1.0 -1.0 -1.0 -1.0 -1.0 -1.0 -1.0 2.012 1.568 5.188 1289.461 0.319 1045.036 -0.628143997792038 0.0
19.0 12.0 Car -1.0 -1.0 -1.0 -1.0 -1.0 -1.0 -1.0 2.273 1.743 5.4 1257.759 0.574 1063.154 -0.6047565857889818 1.0
19.0 0.0 Car -1.0 -1.0 -1.0 -1.0 -1.0 -1.0 -1.0 1.919 1.857 4.88 1275.711 0.653 1058.387 -0.60159830078772 0.0
19.0 10.0 Car -1.0 -1.0 -1.0 -1.0 -1.0 -1.0 -1.0 2.137 1.705 4.623 1250.356 0.969 1087.88 2.529854750769072 1.0
19.0 9.0 Car -1.0 -1.0 -1.0 -1.0 -1.0 -1.0 -1.0 2.058 1.807 4.863 1253.637 0.799 1070.69 -0.6222098783089249 0.0
19.0 11.0 Car -1.0 -1.0 -1.0 -1.0 -1.0 -1.0 -1.0 2.01 2.058 4.824 1240.324 1.059 1090.759 2.5248578008044857 1.0
19.0 2.0 Car -1.0 -1.0 -1.0 -1.0 -1.0 -1.0 -1.0 1.953 1.783 4.964 1213.897 1.193 1098.584 -0.6047565857889818 1.0
19.0 6.0 Truck -1.0 -1.0 -1.0 -1.0 -1.0 -1.0 -1.0 3.738 3.96 10.085 1275.835 0.885 1021.694 0.8187789732281945 1.0
19.0 5.0 Car -1.0 -1.0 -1.0 -1.0 -1.0 -1.0 -1.0 1.968 1.645 4.38 1134.989 3.477 1167.234 2.484999789080948 0.0
19.0 15.0 Car -1.0 -1.0 -1.0 -1.0 -1.0 -1.0 -1.0 1.849 1.778 4.951 1262.342 0.882 1079.097 2.5338657665168283 1.0
19.0 8.0 Car -1.0 -1.0 -1.0 -1.0 -1.0 -1.0 -1.0 1.976 1.724 4.87 1261.039 0.731 1069.484 -0.6047565857889818 0.0
19.0 13.0 Truck -1.0 -1.0 -1.0 -1.0 -1.0 -1.0 -1.0 2.076 1.809 5.094 1297.073 0.834 1046.776 2.8228955321500786 0.0
20.0 14.0 Car -1.0 -1.0 -1.0 -1.0 -1.0 -1.0 -1.0 2.012 1.568 5.188 1293.478 0.274 1042.151 -0.628143997792038 0.0
20.0 12.0 Car -1.0 -1.0 -1.0 -1.0 -1.0 -1.0 -1.0 2.273 1.743 5.4 1262.441 0.559 1059.964 -0.6047565857889818 1.0
20.0 0.0 Car -1.0 -1.0 -1.0 -1.0 -1.0 -1.0 -1.0 1.919 1.857 4.88 1278.783 0.656 1056.317 -0.4924626734183386 0.0
20.0 10.0 Car -1.0 -1.0 -1.0 -1.0 -1.0 -1.0 -1.0 2.137 1.705 4.623 1248.806 0.932 1089.007 2.529854750769072 1.0
20.0 9.0 Car -1.0 -1.0 -1.0 -1.0 -1.0 -1.0 -1.0 2.058 1.807 4.863 1259.174 0.752 1066.913 -0.6222098783089249 0.0
20.0 11.0 Car -1.0 -1.0 -1.0 -1.0 -1.0 -1.0 -1.0 2.01 2.058 4.824 1237.391 0.995 1092.846 2.5208299403082615 1.0
20.0 2.0 Car -1.0 -1.0 -1.0 -1.0 -1.0 -1.0 -1.0 1.953 1.783 4.964 1218.794 1.014 1095.242 -0.6222098783089249 1.0
20.0 6.0 Truck -1.0 -1.0 -1.0 -1.0 -1.0 -1.0 -1.0 3.738 3.96 10.085 1276.881 0.905 1022.81 0.8199259214119127 1.0
20.0 5.0 Car -1.0 -1.0 -1.0 -1.0 -1.0 -1.0 -1.0 1.968 1.645 4.38 1130.031 3.489 1171.34 2.5024530816008914 0.0
20.0 15.0 Car -1.0 -1.0 -1.0 -1.0 -1.0 -1.0 -1.0 1.849 1.778 4.951 1260.095 0.882 1080.627 2.540148911619116 1.0
20.0 8.0 Car -1.0 -1.0 -1.0 -1.0 -1.0 -1.0 -1.0 1.976 1.724 4.87 1264.529 0.708 1067.055 -0.6047565857889818 0.0
20.0 13.0 Truck -1.0 -1.0 -1.0 -1.0 -1.0 -1.0 -1.0 2.076 1.809 5.094 1297.073 0.872 1046.776 2.8228955321500786 0.0
21.0 14.0 Car -1.0 -1.0 -1.0 -1.0 -1.0 -1.0 -1.0 2.012 1.568 5.188 1297.945 0.224 1038.943 -0.628143997792038 0.0
21.0 12.0 Car -1.0 -1.0 -1.0 -1.0 -1.0 -1.0 -1.0 2.273 1.743 5.4 1269.064 0.541 1055.575 -0.6047565857889818 0.0
21.0 0.0 Car -1.0 -1.0 -1.0 -1.0 -1.0 -1.0 -1.0 1.919 1.857 4.88 1282.441 0.659 1054.424 -0.3711167246805532 0.0
21.0 10.0 Car -1.0 -1.0 -1.0 -1.0 -1.0 -1.0 -1.0 2.137 1.705 4.623 1247.065 0.969 1090.234 2.512401458249129 1.0
21.0 9.0 Car -1.0 -1.0 -1.0 -1.0 -1.0 -1.0 -1.0 2.058 1.807 4.863 1265.331 0.701 1062.714 -0.6222098783089249 0.0
21.0 11.0 Car -1.0 -1.0 -1.0 -1.0 -1.0 -1.0 -1.0 2.01 2.058 4.824 1234.092 1.018 1095.194 2.516351434387885 1.0
21.0 2.0 Car -1.0 -1.0 -1.0 -1.0 -1.0 -1.0 -1.0 1.953 1.783 4.964 1224.428 0.927 1091.164 -0.61347842521947 1.0
21.0 6.0 Truck -1.0 -1.0 -1.0 -1.0 -1.0 -1.0 -1.0 3.738 3.96 10.085 1278.044 0.927 1024.051 0.8212011925480311 1.0
21.0 5.0 Car -1.0 -1.0 -1.0 -1.0 -1.0 -1.0 -1.0 1.968 1.645 4.38 1124.88 3.501 1174.772 2.519915987779801 0.0
21.0 15.0 Car -1.0 -1.0 -1.0 -1.0 -1.0 -1.0 -1.0 1.849 1.778 4.951 1258.025 0.883 1082.034 2.547135028086049 1.0
21.0 8.0 Car -1.0 -1.0 -1.0 -1.0 -1.0 -1.0 -1.0 1.976 1.724 4.87 1267.861 0.708 1064.838 -0.5991234750800842 0.0
21.0 13.0 Truck -1.0 -1.0 -1.0 -1.0 -1.0 -1.0 -1.0 2.076 1.809 5.094 1297.073 0.851 1046.776 2.8228955321500786 1.0
22.0 14.0 Car -1.0 -1.0 -1.0 -1.0 -1.0 -1.0 -1.0 2.012 1.568 5.188 1302.407 0.174 1035.739 -0.628143997792038 0.0
22.0 12.0 Car -1.0 -1.0 -1.0 -1.0 -1.0 -1.0 -1.0 2.273 1.743 5.4 1273.688 0.541 1052.401 -0.6130650941169815 0.0
22.0 10.0 Car -1.0 -1.0 -1.0 -1.0 -1.0 -1.0 -1.0 2.137 1.705 4.623 1245.344 0.969 1091.486 2.512401458249129 1.0
22.0 9.0 Car -1.0 -1.0 -1.0 -1.0 -1.0 -1.0 -1.0 2.058 1.807 4.863 1271.481 0.649 1058.519 -0.6222098783089249 0.0
22.0 11.0 Car -1.0 -1.0 -1.0 -1.0 -1.0 -1.0 -1.0 2.01 2.058 4.824 1230.434 1.041 1097.801 2.5118778594713356 1.0
22.0 2.0 Car -1.0 -1.0 -1.0 -1.0 -1.0 -1.0 -1.0 1.953 1.783 4.964 1230.055 0.839 1087.091 -0.6047565857889818 1.0
22.0 6.0 Truck -1.0 -1.0 -1.0 -1.0 -1.0 -1.0 -1.0 3.738 3.96 10.085 1278.754 0.949 1024.803 0.82247505956256 0.0
22.0 5.0 Car -1.0 -1.0 -1.0 -1.0 -1.0 -1.0 -1.0 1.968 1.645 4.38 1119.736 3.514 1178.2 2.5373596666407776 0.0
22.0 15.0 Car -1.0 -1.0 -1.0 -1.0 -1.0 -1.0 -1.0 1.849 1.778 4.951 1256.107 0.884 1083.451 2.5541134525754234 1.0
22.0 8.0 Car -1.0 -1.0 -1.0 -1.0 -1.0 -1.0 -1.0 1.976 1.724 4.87 1271.19 0.708 1062.624 -0.5934965666384064 0.0
22.0 13.0 Truck -1.0 -1.0 -1.0 -1.0 -1.0 -1.0 -1.0 2.076 1.809 5.094 1297.073 0.808 1046.776 2.8228955321500786 1.0
23.0 14.0 Car -1.0 -1.0 -1.0 -1.0 -1.0 -1.0 -1.0 2.012 1.568 5.188 1307.317 0.119 1032.212 -0.628143997792038 0.0
23.0 12.0 Car -1.0 -1.0 -1.0 -1.0 -1.0 -1.0 -1.0 2.273 1.743 5.4 1280.355 0.541 1047.893 -0.6222098783089249 0.0
23.0 10.0 Car -1.0 -1.0 -1.0 -1.0 -1.0 -1.0 -1.0 2.137 1.705 4.623 1243.541 0.942 1092.79 2.512401458249129 1.0
23.0 9.0 Car -1.0 -1.0 -1.0 -1.0 -1.0 -1.0 -1.0 2.058 1.807 4.863 1278.726 0.599 1053.086 -0.6396631708288681 0.0
23.0 11.0 Car -1.0 -1.0 -1.0 -1.0 -1.0 -1.0 -1.0 2.01 2.058 4.824 1226.523 1.267 1100.632 2.5118778594713356 1.0
23.0 2.0 Car -1.0 -1.0 -1.0 -1.0 -1.0 -1.0 -1.0 1.953 1.783 4.964 1236.314 0.807 1082.564 -0.6047565857889818 1.0
23.0 6.0 Truck -1.0 -1.0 -1.0 -1.0 -1.0 -1.0 -1.0 3.738 3.96 10.085 1279.536 0.972 1025.629 0.823877145048572 0.0
23.0 5.0 Car -1.0 -1.0 -1.0 -1.0 -1.0 -1.0 -1.0 1.968 1.645 4.38 1113.856 3.829 1182.393 2.554812959160721 0.0
23.0 15.0 Car -1.0 -1.0 -1.0 -1.0 -1.0 -1.0 -1.0 1.849 1.778 4.951 1254.335 0.886 1084.698 2.561794276068137 1.0
23.0 8.0 Car -1.0 -1.0 -1.0 -1.0 -1.0 -1.0 -1.0 1.976 1.724 4.87 1274.854 0.708 1060.187 -0.5873032932690387 0.0
23.0 13.0 Truck -1.0 -1.0 -1.0 -1.0 -1.0 -1.0 -1.0 2.076 1.809 5.094 1297.073 0.715 1046.776 2.8228955321500786 0.0
24.0 12.0 Car -1.0 -1.0 -1.0 -1.0 -1.0 -1.0 -1.0 2.273 1.743 5.4 1285.447 0.541 1044.211 -0.6304800022887548 0.0
24.0 10.0 Car -1.0 -1.0 -1.0 -1.0 -1.0 -1.0 -1.0 2.137 1.705 4.623 1242.065 0.919 1093.859 2.512401458249129 1.0
24.0 9.0 Car -1.0 -1.0 -1.0 -1.0 -1.0 -1.0 -1.0 2.058 1.807 4.863 1284.842 0.499 1048.572 -0.6396631708288681 0.0
24.0 11.0 Car -1.0 -1.0 -1.0 -1.0 -1.0 -1.0 -1.0 2.01 2.058 4.824 1223.078 1.335 1103.129 2.5118778594713356 1.0
24.0 2.0 Car -1.0 -1.0 -1.0 -1.0 -1.0 -1.0 -1.0 1.953 1.783 4.964 1241.44 0.69 1078.856 -0.6047565857889818 1.0
24.0 6.0 Truck -1.0 -1.0 -1.0 -1.0 -1.0 -1.0 -1.0 3.738 3.96 10.085 1280.177 0.992 1026.307 0.8250255661583862 0.0
24.0 5.0 Car -1.0 -1.0 -1.0 -1.0 -1.0 -1.0 -1.0 1.968 1.645 4.38 1109.056 3.849 1185.851 2.554812959160721 0.0
24.0 15.0 Car -1.0 -1.0 -1.0 -1.0 -1.0 -1.0 -1.0 1.849 1.778 4.951 1253.014 0.886 1085.694 2.570064400047967 1.0
24.0 8.0 Car -1.0 -1.0 -1.0 -1.0 -1.0 -1.0 -1.0 1.976 1.724 4.87 1277.145 0.673 1058.688 -0.5470189212428305 0.0
24.0 13.0 Truck -1.0 -1.0 -1.0 -1.0 -1.0 -1.0 -1.0 2.076 1.809 5.094 1297.073 0.638 1046.776 2.8228955321500786 0.0
25.0 12.0 Car -1.0 -1.0 -1.0 -1.0 -1.0 -1.0 -1.0 2.273 1.743 5.4 1291.102 0.541 1040.124 -0.6396631708288681 0.0
25.0 10.0 Car -1.0 -1.0 -1.0 -1.0 -1.0 -1.0 -1.0 2.137 1.705 4.623 1240.243 0.903 1095.174 2.512401458249129 1.0
25.0 9.0 Car -1.0 -1.0 -1.0 -1.0 -1.0 -1.0 -1.0 2.058 1.807 4.863 1295.839 0.399 1040.896 -0.6396631708288681 0.0
25.0 11.0 Car -1.0 -1.0 -1.0 -1.0 -1.0 -1.0 -1.0 2.01 2.058 4.824 1219.251 1.411 1105.9 2.5118778594713356 1.0
25.0 2.0 Car -1.0 -1.0 -1.0 -1.0 -1.0 -1.0 -1.0 1.953 1.783 4.964 1246.803 0.645 1074.858 -0.6047565857889818 1.0
25.0 6.0 Truck -1.0 -1.0 -1.0 -1.0 -1.0 -1.0 -1.0 3.738 3.96 10.085 1280.182 1.014 1026.293 0.8263007761349435 0.0
25.0 5.0 Car -1.0 -1.0 -1.0 -1.0 -1.0 -1.0 -1.0 1.968 1.645 4.38 1103.726 3.872 1189.69 2.554812959160721 0.0
25.0 15.0 Car -1.0 -1.0 -1.0 -1.0 -1.0 -1.0 -1.0 1.849 1.778 4.951 1252.541 0.887 1085.819 2.5792475685880802 1.0
25.0 8.0 Car -1.0 -1.0 -1.0 -1.0 -1.0 -1.0 -1.0 1.976 1.724 4.87 1279.757 0.634 1057.133 -0.5022870431293325 0.0
25.0 13.0 Truck -1.0 -1.0 -1.0 -1.0 -1.0 -1.0 -1.0 2.076 1.809 5.094 1296.89 0.613 1046.836 2.8228955321500786 0.0
26.0 12.0 Car -1.0 -1.0 -1.0 -1.0 -1.0 -1.0 -1.0 2.273 1.743 5.4 1296.741 0.541 1035.999 -0.6483948365195323 0.0
26.0 10.0 Car -1.0 -1.0 -1.0 -1.0 -1.0 -1.0 -1.0 2.137 1.705 4.623 1238.42 0.886 1096.49 2.512401458249129 1.0
26.0 11.0 Car -1.0 -1.0 -1.0 -1.0 -1.0 -1.0 -1.0 2.01 2.058 4.824 1215.286 1.449 1108.702 2.5118778594713356 1.0
26.0 2.0 Car -1.0 -1.0 -1.0 -1.0 -1.0 -1.0 -1.0 1.953 1.783 4.964 1252.268 0.595 1070.934 -0.6047565857889818 1.0
26.0 6.0 Truck -1.0 -1.0 -1.0 -1.0 -1.0 -1.0 -1.0 3.738 3.96 10.085 1280.394 1.036 1026.492 0.8263007761349435 0.0
26.0 5.0 Car -1.0 -1.0 -1.0 -1.0 -1.0 -1.0 -1.0 1.968 1.645 4.38 1098.177 3.845 1193.241 2.563544624851386 0.0
26.0 15.0 Car -1.0 -1.0 -1.0 -1.0 -1.0 -1.0 -1.0 1.849 1.778 4.951 1249.624 0.888 1087.47 2.5967008611080233 1.0
26.0 8.0 Car -1.0 -1.0 -1.0 -1.0 -1.0 -1.0 -1.0 1.976 1.724 4.87 1282.287 0.596 1055.766 -0.4575029613024651 0.0
26.0 13.0 Truck -1.0 -1.0 -1.0 -1.0 -1.0 -1.0 -1.0 2.076 1.809 5.094 1296.707 0.588 1046.896 2.8228955321500786 0.0
27.0 12.0 Car -1.0 -1.0 -1.0 -1.0 -1.0 -1.0 -1.0 2.273 1.743 5.4 1302.373 0.541 1031.879 -0.6571164633488111 0.0
27.0 10.0 Car -1.0 -1.0 -1.0 -1.0 -1.0 -1.0 -1.0 2.137 1.705 4.623 1236.598 0.869 1097.804 2.512401458249129 1.0
27.0 11.0 Car -1.0 -1.0 -1.0 -1.0 -1.0 -1.0 -1.0 2.01 2.058 4.824 1211.326 1.486 1111.5 2.5118778594713356 1.0
27.0 2.0 Car -1.0 -1.0 -1.0 -1.0 -1.0 -1.0 -1.0 1.953 1.783 4.964 1257.839 0.595 1066.938 -0.6047565857889818 1.0
27.0 6.0 Truck -1.0 -1.0 -1.0 -1.0 -1.0 -1.0 -1.0 3.738 3.96 10.085 1280.606 1.057 1026.69 0.8263007761349435 0.0
27.0 5.0 Car -1.0 -1.0 -1.0 -1.0 -1.0 -1.0 -1.0 1.968 1.645 4.38 1092.634 3.817 1196.787 2.5722662516806647 0.0
27.0 15.0 Car -1.0 -1.0 -1.0 -1.0 -1.0 -1.0 -1.0 1.849 1.778 4.951 1246.196 0.889 1089.441 2.602936555446077 1.0
27.0 13.0 Truck -1.0 -1.0 -1.0 -1.0 -1.0 -1.0 -1.0 2.076 1.809 5.094 1296.524 0.563 1046.957 2.8228955321500786 0.0
28.0 12.0 Car -1.0 -1.0 -1.0 -1.0 -1.0 -1.0 -1.0 2.273 1.743 5.4 1306.647 0.541 1028.434 -0.6493543368634455 0.0
28.0 10.0 Car -1.0 -1.0 -1.0 -1.0 -1.0 -1.0 -1.0 2.137 1.705 4.623 1235.251 0.892 1098.817 2.512401458249129 0.0
28.0 11.0 Car -1.0 -1.0 -1.0 -1.0 -1.0 -1.0 -1.0 2.01 2.058 4.824 1208.24 1.514 1113.852 2.50411573298597 0.0
28.0 2.0 Car -1.0 -1.0 -1.0 -1.0 -1.0 -1.0 -1.0 1.953 1.783 4.964 1262.437 0.545 1063.949 -0.6047565857889818 0.0
28.0 6.0 Truck -1.0 -1.0 -1.0 -1.0 -1.0 -1.0 -1.0 3.738 3.96 10.085 1280.775 1.075 1026.849 0.8263007761349435 0.0
28.0 5.0 Car -1.0 -1.0 -1.0 -1.0 -1.0 -1.0 -1.0 1.968 1.645 4.38 1088.503 3.753 1199.782 2.552302784946682 0.0
28.0 15.0 Car -1.0 -1.0 -1.0 -1.0 -1.0 -1.0 -1.0 1.849 1.778 4.951 1244.025 0.89 1090.729 2.6079254373920104 0.0
28.0 13.0 Truck -1.0 -1.0 -1.0 -1.0 -1.0 -1.0 -1.0 2.076 1.809 5.094 1296.378 0.543 1047.005 2.8228955321500786 0.0
29.0 12.0 Car -1.0 -1.0 -1.0 -1.0 -1.0 -1.0 -1.0 2.273 1.743 5.4 1311.983 0.541 1024.133 -0.6396631708288681 0.0
29.0 10.0 Car -1.0 -1.0 -1.0 -1.0 -1.0 -1.0 -1.0 2.137 1.705 4.623 1233.568 0.919 1100.082 2.512401458249129 0.0
29.0 11.0 Car -1.0 -1.0 -1.0 -1.0 -1.0 -1.0 -1.0 2.01 2.058 4.824 1204.387 1.549 1116.789 2.494424566951392 0.0
29.0 2.0 Car -1.0 -1.0 -1.0 -1.0 -1.0 -1.0 -1.0 1.953 1.783 4.964 1268.04 0.645 1060.229 -0.6222098783089249 0.0
29.0 6.0 Truck -1.0 -1.0 -1.0 -1.0 -1.0 -1.0 -1.0 3.738 3.96 10.085 1280.986 1.096 1027.046 0.8263007761349435 0.0
29.0 5.0 Car -1.0 -1.0 -1.0 -1.0 -1.0 -1.0 -1.0 1.968 1.645 4.38 1083.351 3.672 1203.529 2.52737800806891 0.0
29.0 15.0 Car -1.0 -1.0 -1.0 -1.0 -1.0 -1.0 -1.0 1.849 1.778 4.951 1241.315 0.891 1092.337 2.614154153627967 0.0
29.0 13.0 Truck -1.0 -1.0 -1.0 -1.0 -1.0 -1.0 -1.0 2.076 1.809 5.094 1296.195 0.518 1047.065 2.8228955321500786 0.0
30.0 12.0 Car -1.0 -1.0 -1.0 -1.0 -1.0 -1.0 -1.0 2.273 1.743 5.4 1317.829 0.541 1019.49 -0.6396631708288681 0.0
30.0 10.0 Car -1.0 -1.0 -1.0 -1.0 -1.0 -1.0 -1.0 2.137 1.705 4.623 1231.962 0.969 1101.282 2.512401458249129 0.0
30.0 11.0 Car -1.0 -1.0 -1.0 -1.0 -1.0 -1.0 -1.0 2.01 2.058 4.824 1200.25 1.639 1119.674 2.5060681859326595 0.0
30.0 2.0 Car -1.0 -1.0 -1.0 -1.0 -1.0 -1.0 -1.0 1.953 1.783 4.964 1274.444 0.595 1055.542 -0.6047565857889818 0.0
30.0 6.0 Truck -1.0 -1.0 -1.0 -1.0 -1.0 -1.0 -1.0 3.738 3.96 10.085 1281.104 1.118 1027.142 0.8263007761349435 0.0
30.0 15.0 Car -1.0 -1.0 -1.0 -1.0 -1.0 -1.0 -1.0 1.849 1.778 4.951 1238.218 0.892 1094.108 2.6097885160805596 0.0
30.0 13.0 Truck -1.0 -1.0 -1.0 -1.0 -1.0 -1.0 -1.0 2.076 1.809 5.094 1296.012 0.493 1047.126 2.8228955321500786 0.0
31.0 12.0 Car -1.0 -1.0 -1.0 -1.0 -1.0 -1.0 -1.0 2.273 1.743 5.4 1323.669 0.541 1014.852 -0.6396631708288681 0.0
31.0 10.0 Car -1.0 -1.0 -1.0 -1.0 -1.0 -1.0 -1.0 2.137 1.705 4.623 1230.578 0.969 1102.287 2.512401458249129 0.0
31.0 11.0 Car -1.0 -1.0 -1.0 -1.0 -1.0 -1.0 -1.0 2.01 2.058 4.824 1196.117 1.729 1122.556 2.5176994826133785 0.0
31.0 2.0 Car -1.0 -1.0 -1.0 -1.0 -1.0 -1.0 -1.0 1.953 1.783 4.964 1279.901 0.595 1051.763 -0.6105723039854873 0.0
31.0 6.0 Truck -1.0 -1.0 -1.0 -1.0 -1.0 -1.0 -1.0 3.738 3.96 10.085 1281.174 1.14 1027.187 0.8263007761349435 0.0
31.0 15.0 Car -1.0 -1.0 -1.0 -1.0 -1.0 -1.0 -1.0 1.849 1.778 4.951 1234.832 0.893 1096.049 2.6054274986343446 0.0
31.0 13.0 Truck -1.0 -1.0 -1.0 -1.0 -1.0 -1.0 -1.0 2.076 1.809 5.094 1295.83 0.468 1047.186 2.8228955321500786 0.0
32.0 12.0 Car -1.0 -1.0 -1.0 -1.0 -1.0 -1.0 -1.0 2.273 1.743 5.4 1329.509 0.541 1010.215 -0.6396631708288681 0.0
32.0 10.0 Car -1.0 -1.0 -1.0 -1.0 -1.0 -1.0 -1.0 2.137 1.705 4.623 1229.45 0.969 1103.113 2.512401458249129 0.0
32.0 11.0 Car -1.0 -1.0 -1.0 -1.0 -1.0 -1.0 -1.0 2.01 2.058 4.824 1191.985 1.819 1125.439 2.529331151991279 0.0
32.0 2.0 Car -1.0 -1.0 -1.0 -1.0 -1.0 -1.0 -1.0 1.953 1.783 4.964 1285.357 0.595 1047.983 -0.6163882085328217 0.0
32.0 6.0 Truck -1.0 -1.0 -1.0 -1.0 -1.0 -1.0 -1.0 3.738 3.96 10.085 1281.244 1.162 1027.232 0.8263007761349435 0.0
32.0 15.0 Car -1.0 -1.0 -1.0 -1.0 -1.0 -1.0 -1.0 1.849 1.778 4.951 1231.337 0.894 1098.175 2.6010663414497195 0.0
32.0 13.0 Truck -1.0 -1.0 -1.0 -1.0 -1.0 -1.0 -1.0 2.076 1.809 5.094 1294.849 0.575 1047.474 2.8550330017939816 0.0
33.0 10.0 Car -1.0 -1.0 -1.0 -1.0 -1.0 -1.0 -1.0 2.137 1.705 4.623 1228.423 0.969 1103.868 2.512401458249129 0.0
33.0 11.0 Car -1.0 -1.0 -1.0 -1.0 -1.0 -1.0 -1.0 2.01 2.058 4.824 1187.679 1.892 1128.523 2.52408904900025 0.0
33.0 2.0 Car -1.0 -1.0 -1.0 -1.0 -1.0 -1.0 -1.0 1.953 1.783 4.964 1290.819 0.595 1044.2 -0.6222098783089249 0.0
33.0 6.0 Truck -1.0 -1.0 -1.0 -1.0 -1.0 -1.0 -1.0 3.738 3.96 10.085 1281.228 1.183 1027.235 0.8263007761349435 0.0
33.0 15.0 Car -1.0 -1.0 -1.0 -1.0 -1.0 -1.0 -1.0 1.849 1.778 4.951 1227.611 0.895 1100.52 2.5967008611080233 0.0
33.0 13.0 Truck -1.0 -1.0 -1.0 -1.0 -1.0 -1.0 -1.0 2.076 1.809 5.094 1293.858 0.682 1047.73 2.887202328883797 0.0
34.0 10.0 Car -1.0 -1.0 -1.0 -1.0 -1.0 -1.0 -1.0 2.137 1.705 4.623 1227.576 0.947 1104.491 2.520162365905571 0.0
34.0 11.0 Car -1.0 -1.0 -1.0 -1.0 -1.0 -1.0 -1.0 2.01 2.058 4.824 1184.235 1.95 1130.99 2.5198960566807234 0.0
34.0 2.0 Car -1.0 -1.0 -1.0 -1.0 -1.0 -1.0 -1.0 1.953 1.783 4.964 1295.29 0.595 1040.922 -0.6222098783089249 0.0
34.0 15.0 Car -1.0 -1.0 -1.0 -1.0 -1.0 -1.0 -1.0 1.849 1.778 4.951 1224.425 0.926 1102.492 2.5734181381386962 0.0
34.0 13.0 Truck -1.0 -1.0 -1.0 -1.0 -1.0 -1.0 -1.0 2.076 1.809 5.094 1293.061 0.767 1047.912 2.9129335557678893 0.0
35.0 10.0 Car -1.0 -1.0 -1.0 -1.0 -1.0 -1.0 -1.0 2.137 1.705 4.623 1226.517 0.919 1105.268 2.529854750769072 0.0
35.0 11.0 Car -1.0 -1.0 -1.0 -1.0 -1.0 -1.0 -1.0 2.01 2.058 4.824 1179.933 2.023 1134.071 2.5146595434931425 0.0
35.0 2.0 Car -1.0 -1.0 -1.0 -1.0 -1.0 -1.0 -1.0 1.953 1.783 4.964 1302.037 0.595 1035.988 -0.6396631708288681 0.0
35.0 15.0 Car -1.0 -1.0 -1.0 -1.0 -1.0 -1.0 -1.0 1.849 1.778 4.951 1220.299 0.964 1105.29 2.5443409835481936 0.0
36.0 10.0 Car -1.0 -1.0 -1.0 -1.0 -1.0 -1.0 -1.0 2.137 1.705 4.623 1225.28 0.919 1106.132 2.529854750769072 0.0
36.0 11.0 Car -1.0 -1.0 -1.0 -1.0 -1.0 -1.0 -1.0 2.01 2.058 4.824 1175.627 2.097 1137.156 2.5094171573413386 0.0
36.0 2.0 Car -1.0 -1.0 -1.0 -1.0 -1.0 -1.0 -1.0 1.953 1.783 4.964 1307.551 0.595 1031.957 -0.6309365158400242 0.0
36.0 15.0 Car -1.0 -1.0 -1.0 -1.0 -1.0 -1.0 -1.0 1.849 1.778 4.951 1216.561 0.978 1107.906 2.5356143285593498 0.0
37.0 10.0 Car -1.0 -1.0 -1.0 -1.0 -1.0 -1.0 -1.0 2.137 1.705 4.623 1224.094 0.919 1106.959 2.529854750769072 0.0
37.0 11.0 Car -1.0 -1.0 -1.0 -1.0 -1.0 -1.0 -1.0 2.01 2.058 4.824 1171.321 2.17 1140.24 2.504174781676971 0.0
37.0 2.0 Car -1.0 -1.0 -1.0 -1.0 -1.0 -1.0 -1.0 1.953 1.783 4.964 1313.066 0.595 1027.925 -0.6222098783089249 0.0
37.0 15.0 Car -1.0 -1.0 -1.0 -1.0 -1.0 -1.0 -1.0 1.849 1.778 4.951 1212.152 0.991 1110.987 2.52688769102825 0.0
38.0 10.0 Car -1.0 -1.0 -1.0 -1.0 -1.0 -1.0 -1.0 2.137 1.705 4.623 1222.878 0.869 1107.809 2.529854750769072 0.0
38.0 11.0 Car -1.0 -1.0 -1.0 -1.0 -1.0 -1.0 -1.0 2.01 2.058 4.824 1166.995 2.23 1143.312 2.506741457594892 0.0
38.0 2.0 Car -1.0 -1.0 -1.0 -1.0 -1.0 -1.0 -1.0 1.953 1.783 4.964 1319.151 0.595 1023.463 -0.6222098783089249 0.0
38.0 15.0 Car -1.0 -1.0 -1.0 -1.0 -1.0 -1.0 -1.0 1.849 1.778 4.951 1207.916 1.021 1113.998 2.5210722304039086 0.0
39.0 10.0 Car -1.0 -1.0 -1.0 -1.0 -1.0 -1.0 -1.0 2.137 1.705 4.623 1221.661 0.894 1108.659 2.529854750769072 0.0
39.0 11.0 Car -1.0 -1.0 -1.0 -1.0 -1.0 -1.0 -1.0 2.01 2.058 4.824 1162.665 2.29 1146.387 2.5093110808584447 0.0
39.0 2.0 Car -1.0 -1.0 -1.0 -1.0 -1.0 -1.0 -1.0 1.953 1.783 4.964 1324.851 0.595 1019.266 -0.6222098783089249 0.0
39.0 15.0 Car -1.0 -1.0 -1.0 -1.0 -1.0 -1.0 -1.0 1.849 1.778 4.951 1203.675 1.052 1117.013 2.515250091814363 0.0
