0.0 0.0 Car -1.0 -1.0 -1.0 -1.0 -1.0 -1.0 -1.0 2.097 1.732 5.54 1725.363 0.877 1027.856 -2.052262854239915 0.0
1.0 0.0 Car -1.0 -1.0 -1.0 -1.0 -1.0 -1.0 -1.0 2.097 1.732 5.54 1723.933 0.877 1025.207 -2.091912377539986 1.0
2.0 0.0 Car -1.0 -1.0 -1.0 -1.0 -1.0 -1.0 -1.0 2.097 1.732 5.54 1722.24 0.877 1022.359 -2.1355542634922173 1.0
3.0 0.0 Car -1.0 -1.0 -1.0 -1.0 -1.0 -1.0 -1.0 2.097 1.732 5.54 1720.48 0.827 1019.817 -2.13570623995895 1.0
4.0 0.0 Car -1.0 -1.0 -1.0 -1.0 -1.0 -1.0 -1.0 2.097 1.732 5.54 1718.216 0.854 1016.54 -2.156831865461348 1.0
5.0 0.0 Car -1.0 -1.0 -1.0 -1.0 -1.0 -1.0 -1.0 2.097 1.732 5.54 1716.329 0.877 1013.81 -2.174435901879517 1.0
6.0 0.0 Car -1.0 -1.0 -1.0 -1.0 -1.0 -1.0 -1.0 2.097 1.732 5.54 1714.479 0.89 1011.267 -2.174435901879517 1.0
7.0 0.0 Car -1.0 -1.0 -1.0 -1.0 -1.0 -1.0 -1.0 2.097 1.732 5.54 1712.807 0.903 1008.899 -2.174435901879517 1.0
8.0 0.0 Car -1.0 -1.0 -1.0 -1.0 -1.0 -1.0 -1.0 2.097 1.732 5.54 1711.084 0.915 1006.456 -2.174435901879517 1.0
9.0 0.0 Car -1.0 -1.0 -1.0 -1.0 -1.0 -1.0 -1.0 2.097 1.732 5.54 1709.169 0.928 1003.936 -2.174435901879517 1.0
10.0 0.0 Car -1.0 -1.0 -1.0 -1.0 -1.0 -1.0 -1.0 2.097 1.732 5.54 1707.443 0.941 1001.288 -2.174435901879517 1.0
11.0 0.0 Car -1.0 -1.0 -1.0 -1.0 -1.0 -1.0 -1.0 2.097 1.732 5.54 1705.834 0.943 998.81 -2.174435901879517 1.0
12.0 0.0 Car -1.0 -1.0 -1.0 -1.0 -1.0 -1.0 -1.0 2.097 1.732 5.54 1704.206 0.946 996.351 -2.174435901879517 1.0
13.0 0.0 Car -1.0 -1.0 -1.0 -1.0 -1.0 -1.0 -1.0 2.097 1.732 5.54 1702.901 0.947 994.382 -2.174435901879517 1.0
14.0 0.0 Car -1.0 -1.0 -1.0 -1.0 -1.0 -1.0 -1.0 2.097 1.732 5.54 1701.273 0.95 991.922 -2.174435901879517 1.0
15.0 0.0 Car -1.0 -1.0 -1.0 -1.0 -1.0 -1.0 -1.0 2.097 1.732 5.54 1699.727 0.952 989.402 -2.174435901879517 1.0
16.0 0.0 Car -1.0 -1.0 -1.0 -1.0 -1.0 -1.0 -1.0 2.097 1.732 5.54 1698.533 0.904 987.27 -2.1775765251199894 1.0
17.0 0.0 Car -1.0 -1.0 -1.0 -1.0 -1.0 -1.0 -1.0 2.097 1.732 5.54 1696.86 0.969 984.767 -2.181068696847394 1.0
18.0 0.0 Car -1.0 -1.0 -1.0 -1.0 -1.0 -1.0 -1.0 2.097 1.732 5.54 1695.307 0.917 982.359 -2.1849048090271066 1.0
19.0 0.0 Car -1.0 -1.0 -1.0 -1.0 -1.0 -1.0 -1.0 2.097 1.732 5.54 1694.027 0.938 980.394 -2.1880454532263514 1.0
20.0 0.0 Car -1.0 -1.0 -1.0 -1.0 -1.0 -1.0 -1.0 2.097 1.732 5.54 1692.392 0.964 978.038 -2.1918891943994603 1.0
21.0 0.0 Car -1.0 -1.0 -1.0 -1.0 -1.0 -1.0 -1.0 2.097 1.732 5.54 1691.06 0.93 976.111 -2.1883992717521856 1.0
22.0 0.0 Car -1.0 -1.0 -1.0 -1.0 -1.0 -1.0 -1.0 2.097 1.732 5.54 1689.729 0.897 974.185 -2.1849093491049123 1.0
23.0 0.0 Car -1.0 -1.0 -1.0 -1.0 -1.0 -1.0 -1.0 2.097 1.732 5.54 1688.396 0.864 972.257 -2.181415712266251 1.0
24.0 0.0 Car -1.0 -1.0 -1.0 -1.0 -1.0 -1.0 -1.0 2.097 1.732 5.54 1687.069 0.922 970.404 -2.1779252520386447 1.0
25.0 0.0 Car -1.0 -1.0 -1.0 -1.0 -1.0 -1.0 -1.0 2.097 1.732 5.54 1685.805 0.881 968.509 -2.174435901879517 1.0
26.0 0.0 Car -1.0 -1.0 -1.0 -1.0 -1.0 -1.0 -1.0 2.097 1.732 5.54 1684.444 0.979 966.633 -2.153493566043546 1.0
27.0 0.0 Car -1.0 -1.0 -1.0 -1.0 -1.0 -1.0 -1.0 2.097 1.732 5.54 1683.16 0.977 964.701 -2.154366360103013 0.0
28.0 0.0 Car -1.0 -1.0 -1.0 -1.0 -1.0 -1.0 -1.0 2.097 1.732 5.54 1681.877 0.976 962.772 -2.1552381182216998 0.0
29.0 0.0 Car -1.0 -1.0 -1.0 -1.0 -1.0 -1.0 -1.0 2.097 1.732 5.54 1680.594 0.924 960.84 -2.1561108460088625 0.0
30.0 0.0 Car -1.0 -1.0 -1.0 -1.0 -1.0 -1.0 -1.0 2.097 1.732 5.54 1679.311 0.873 958.911 -2.156982609359574 0.0
31.0 0.0 Car -1.0 -1.0 -1.0 -1.0 -1.0 -1.0 -1.0 2.097 1.732 5.54 1677.978 0.871 956.923 -2.156982609359574 0.0
32.0 0.0 Car -1.0 -1.0 -1.0 -1.0 -1.0 -1.0 -1.0 2.097 1.732 5.54 1676.647 0.87 954.938 -2.156982609359574 0.0
33.0 0.0 Car -1.0 -1.0 -1.0 -1.0 -1.0 -1.0 -1.0 2.097 1.732 5.54 1675.315 0.869 952.952 -2.156982609359574 0.0
34.0 0.0 Car -1.0 -1.0 -1.0 -1.0 -1.0 -1.0 -1.0 2.097 1.732 5.54 1674.12 0.868 951.169 -2.156982609359574 0.0
35.0 0.0 Car -1.0 -1.0 -1.0 -1.0 -1.0 -1.0 -1.0 2.097 1.732 5.54 1672.849 0.992 949.258 -2.156982609359574 0.0
36.0 0.0 Car -1.0 -1.0 -1.0 -1.0 -1.0 -1.0 -1.0 2.097 1.732 5.54 1671.617 0.942 947.281 -2.126392246142849 0.0
37.0 0.0 Car -1.0 -1.0 -1.0 -1.0 -1.0 -1.0 -1.0 2.097 1.732 5.54 1670.442 0.941 944.988 -2.025960915556887 0.0
38.0 0.0 Car -1.0 -1.0 -1.0 -1.0 -1.0 -1.0 -1.0 2.097 1.732 5.54 1669.671 0.941 942.72 -1.8645780653876864 0.0
