0.0 1.0 Car -1.0 -1.0 -1.0 -1.0 -1.0 -1.0 -1.0 1.951 1.883 4.517 1517.74 3.946 1220.282 -0.22116812277914866 0.0
0.0 0.0 Car -1.0 -1.0 -1.0 -1.0 -1.0 -1.0 -1.0 1.592 2.0 3.904 1596.36 0.985 1205.124 -1.7526945414828037 0.0
1.0 1.0 Car -1.0 -1.0 -1.0 -1.0 -1.0 -1.0 -1.0 1.951 1.883 4.517 1520.795 3.531 1219.595 -0.22116812277914866 1.0
1.0 0.0 Car -1.0 -1.0 -1.0 -1.0 -1.0 -1.0 -1.0 1.592 2.0 3.904 1596.377 1.081 1204.881 -1.781159707524106 1.0
2.0 1.0 Car -1.0 -1.0 -1.0 -1.0 -1.0 -1.0 -1.0 1.951 1.883 4.517 1524.127 3.316 1218.846 -0.22116812277914866 1.0
2.0 0.0 Car -1.0 -1.0 -1.0 -1.0 -1.0 -1.0 -1.0 1.592 2.0 3.904 1596.332 1.103 1204.395 -1.8096555078433136 1.0
3.0 1.0 Car -1.0 -1.0 -1.0 -1.0 -1.0 -1.0 -1.0 1.951 1.883 4.517 1527.458 3.101 1218.097 -0.22116812277914866 1.0
3.0 0.0 Car -1.0 -1.0 -1.0 -1.0 -1.0 -1.0 -1.0 1.592 2.0 3.904 1596.273 1.125 1203.91 -1.8381486319337823 1.0
4.0 1.0 Car -1.0 -1.0 -1.0 -1.0 -1.0 -1.0 -1.0 1.951 1.883 4.517 1531.043 3.036 1217.291 -0.22116812277914866 1.0
4.0 0.0 Car -1.0 -1.0 -1.0 -1.0 -1.0 -1.0 -1.0 1.592 2.0 3.904 1596.088 1.18 1203.044 -1.8666121466850127 1.0
5.0 1.0 Car -1.0 -1.0 -1.0 -1.0 -1.0 -1.0 -1.0 1.951 1.883 4.517 1534.632 2.971 1216.484 -0.22116812277914866 1.0
5.0 0.0 Car -1.0 -1.0 -1.0 -1.0 -1.0 -1.0 -1.0 1.592 2.0 3.904 1595.877 1.035 1202.182 -1.8951066373603696 1.0
6.0 1.0 Car -1.0 -1.0 -1.0 -1.0 -1.0 -1.0 -1.0 1.951 1.883 4.517 1538.44 2.931 1215.542 -0.2560387454774069 1.0
6.0 0.0 Car -1.0 -1.0 -1.0 -1.0 -1.0 -1.0 -1.0 1.592 2.0 3.904 1595.236 1.06 1200.825 -2.0333629377275924 1.0
7.0 1.0 Car -1.0 -1.0 -1.0 -1.0 -1.0 -1.0 -1.0 1.951 1.883 4.517 1542.221 2.891 1214.466 -0.29098129285892194 0.0
7.0 0.0 Car -1.0 -1.0 -1.0 -1.0 -1.0 -1.0 -1.0 1.592 2.0 3.904 1594.413 1.085 1199.567 -2.1719044076685905 1.0
8.0 1.0 Car -1.0 -1.0 -1.0 -1.0 -1.0 -1.0 -1.0 1.951 1.883 4.517 1545.511 3.528 1213.679 -0.2706198408030276 0.0
8.0 0.0 Car -1.0 -1.0 -1.0 -1.0 -1.0 -1.0 -1.0 1.592 2.0 3.904 1593.254 1.035 1198.708 -2.427935929591143 0.0
9.0 1.0 Car -1.0 -1.0 -1.0 -1.0 -1.0 -1.0 -1.0 1.951 1.883 4.517 1548.801 4.165 1212.891 -0.25025826654640415 0.0
9.0 0.0 Car -1.0 -1.0 -1.0 -1.0 -1.0 -1.0 -1.0 1.592 2.0 3.904 1591.755 1.185 1198.075 -2.6839689881054145 0.0
10.0 1.0 Car -1.0 -1.0 -1.0 -1.0 -1.0 -1.0 -1.0 1.951 1.883 4.517 1552.134 3.727 1212.315 -0.15135495269937535 0.0
10.0 0.0 Car -1.0 -1.0 -1.0 -1.0 -1.0 -1.0 -1.0 1.592 2.0 3.904 1590.215 1.235 1197.919 -3.0010968846828443 0.0
11.0 1.0 Car -1.0 -1.0 -1.0 -1.0 -1.0 -1.0 -1.0 1.951 1.883 4.517 1556.197 3.556 1211.527 -0.23277091293949792 0.0
11.0 0.0 Car -1.0 -1.0 -1.0 -1.0 -1.0 -1.0 -1.0 1.592 2.0 3.904 1588.655 1.335 1197.875 3.087147361734408 0.0
12.0 1.0 Car -1.0 -1.0 -1.0 -1.0 -1.0 -1.0 -1.0 1.951 1.883 4.517 1560.182 3.385 1210.411 -0.31419094509333684 0.0
12.0 0.0 Car -1.0 -1.0 -1.0 -1.0 -1.0 -1.0 -1.0 1.592 2.0 3.904 1586.746 1.385 1198.12 3.017334191654635 0.0
13.0 1.0 Car -1.0 -1.0 -1.0 -1.0 -1.0 -1.0 -1.0 1.951 1.883 4.517 1564.067 3.213 1208.973 -0.39570104797858185 0.0
13.0 0.0 Car -1.0 -1.0 -1.0 -1.0 -1.0 -1.0 -1.0 1.592 2.0 3.904 1584.758 1.56 1198.565 2.930065462067432 0.0
14.0 1.0 Car -1.0 -1.0 -1.0 -1.0 -1.0 -1.0 -1.0 1.951 1.883 4.517 1567.126 2.924 1207.768 -0.35494754345504953 0.0
14.0 0.0 Car -1.0 -1.0 -1.0 -1.0 -1.0 -1.0 -1.0 1.592 2.0 3.904 1582.817 1.735 1199.181 2.8428012664552016 0.0
15.0 1.0 Car -1.0 -1.0 -1.0 -1.0 -1.0 -1.0 -1.0 1.951 1.883 4.517 1570.228 2.635 1206.69 -0.3142388306094004 0.0
15.0 0.0 Car -1.0 -1.0 -1.0 -1.0 -1.0 -1.0 -1.0 1.592 2.0 3.904 1580.753 1.785 1199.804 2.8253479739352585 0.0
16.0 1.0 Car -1.0 -1.0 -1.0 -1.0 -1.0 -1.0 -1.0 1.951 1.883 4.517 1573.372 2.346 1205.738 -0.27352800033897856 0.0
16.0 0.0 Car -1.0 -1.0 -1.0 -1.0 -1.0 -1.0 -1.0 1.592 2.0 3.904 1578.661 2.035 1200.538 2.7904413888953714 0.0
17.0 1.0 Car -1.0 -1.0 -1.0 -1.0 -1.0 -1.0 -1.0 1.951 1.883 4.517 1576.543 2.182 1204.826 -0.3259159132260241 0.0
17.0 0.0 Car -1.0 -1.0 -1.0 -1.0 -1.0 -1.0 -1.0 1.592 2.0 3.904 1576.601 2.185 1201.347 2.7729787512663564 0.0
18.0 1.0 Car -1.0 -1.0 -1.0 -1.0 -1.0 -1.0 -1.0 1.951 1.883 4.517 1579.659 2.018 1203.749 -0.37824775545863853 0.0
18.0 0.0 Car -1.0 -1.0 -1.0 -1.0 -1.0 -1.0 -1.0 1.592 2.0 3.904 1574.543 2.334 1202.154 2.755534803855485 0.0
19.0 0.0 Car -1.0 -1.0 -1.0 -1.0 -1.0 -1.0 -1.0 1.592 2.0 3.904 1572.32 2.509 1203.026 2.7642522601520474 0.0
