0.0 0.0 Car -1.0 -1.0 -1.0 -1.0 -1.0 -1.0 -1.0 2.031 1.518 4.682 1532.881 1.234 1203.671 -0.1322488333940426 0.0
0.0 2.0 Car -1.0 -1.0 -1.0 -1.0 -1.0 -1.0 -1.0 1.996 1.864 4.922 1550.035 1.113 1201.233 -0.03750712561919345 0.0
1.0 0.0 Car -1.0 -1.0 -1.0 -1.0 -1.0 -1.0 -1.0 2.031 1.518 4.682 1538.288 1.234 1202.879 -0.1322488333940426 1.0
1.0 2.0 Car -1.0 -1.0 -1.0 -1.0 -1.0 -1.0 -1.0 1.996 1.864 4.922 1554.631 1.113 1201.009 -0.03750712561919345 1.0
2.0 0.0 Car -1.0 -1.0 -1.0 -1.0 -1.0 -1.0 -1.0 2.031 1.518 4.682 1542.612 1.234 1202.245 -0.1322488333940426 1.0
2.0 2.0 Car -1.0 -1.0 -1.0 -1.0 -1.0 -1.0 -1.0 1.996 1.864 4.922 1558.279 1.113 1200.861 -0.03750712561919345 1.0
3.0 0.0 Car -1.0 -1.0 -1.0 -1.0 -1.0 -1.0 -1.0 2.031 1.518 4.682 1548.025 1.234 1201.452 -0.04498237079432621 1.0
3.0 2.0 Car -1.0 -1.0 -1.0 -1.0 -1.0 -1.0 -1.0 1.996 1.864 4.922 1562.709 1.113 1200.728 -0.03750712561919345 1.0
4.0 0.0 Car -1.0 -1.0 -1.0 -1.0 -1.0 -1.0 -1.0 2.031 1.518 4.682 1551.276 1.234 1200.885 -0.03303929990014476 1.0
4.0 2.0 Car -1.0 -1.0 -1.0 -1.0 -1.0 -1.0 -1.0 1.996 1.864 4.922 1567.241 1.013 1200.576 -0.020053833099250126 1.0
5.0 0.0 Car -1.0 -1.0 -1.0 -1.0 -1.0 -1.0 -1.0 2.031 1.518 4.682 1555.815 1.234 1200.681 -0.04498237079432621 0.0
5.0 2.0 Car -1.0 -1.0 -1.0 -1.0 -1.0 -1.0 -1.0 1.996 1.864 4.922 1571.67 0.913 1200.494 0.00363486541078073 1.0
6.0 0.0 Car -1.0 -1.0 -1.0 -1.0 -1.0 -1.0 -1.0 2.031 1.518 4.682 1559.331 1.234 1200.599 -0.04498237079432621 0.0
6.0 2.0 Car -1.0 -1.0 -1.0 -1.0 -1.0 -1.0 -1.0 1.996 1.864 4.922 1575.213 0.833 1200.471 0.0008657456820249099 1.0
7.0 0.0 Car -1.0 -1.0 -1.0 -1.0 -1.0 -1.0 -1.0 2.031 1.518 4.682 1563.733 1.234 1200.497 -0.04498237079432621 0.0
7.0 2.0 Car -1.0 -1.0 -1.0 -1.0 -1.0 -1.0 -1.0 1.996 1.864 4.922 1579.648 0.733 1200.441 -0.0026005405793068097 1.0
8.0 0.0 Car -1.0 -1.0 -1.0 -1.0 -1.0 -1.0 -1.0 2.031 1.518 4.682 1568.125 1.234 1200.395 -0.04498237079432621 0.0
8.0 2.0 Car -1.0 -1.0 -1.0 -1.0 -1.0 -1.0 -1.0 1.996 1.864 4.922 1583.723 0.753 1200.414 -0.0026005405793068097 1.0
9.0 0.0 Car -1.0 -1.0 -1.0 -1.0 -1.0 -1.0 -1.0 2.031 1.518 4.682 1572.522 1.234 1200.293 -0.04498237079432621 0.0
9.0 2.0 Car -1.0 -1.0 -1.0 -1.0 -1.0 -1.0 -1.0 1.996 1.864 4.922 1587.802 0.774 1200.387 -0.0026005405793068097 1.0
10.0 0.0 Car -1.0 -1.0 -1.0 -1.0 -1.0 -1.0 -1.0 2.031 1.518 4.682 1576.918 1.234 1200.191 -0.04498237079432621 0.0
10.0 2.0 Car -1.0 -1.0 -1.0 -1.0 -1.0 -1.0 -1.0 1.996 1.864 4.922 1591.204 0.794 1200.361 -0.0026005405793068097 1.0
11.0 0.0 Car -1.0 -1.0 -1.0 -1.0 -1.0 -1.0 -1.0 2.031 1.518 4.682 1580.877 1.234 1200.1 -0.04498237079432621 0.0
11.0 2.0 Car -1.0 -1.0 -1.0 -1.0 -1.0 -1.0 -1.0 1.996 1.864 4.922 1594.267 0.812 1200.338 -0.0026005405793068097 1.0
12.0 0.0 Car -1.0 -1.0 -1.0 -1.0 -1.0 -1.0 -1.0 2.031 1.518 4.682 1585.712 1.234 1199.987 -0.04498237079432621 0.0
12.0 2.0 Car -1.0 -1.0 -1.0 -1.0 -1.0 -1.0 -1.0 1.996 1.864 4.922 1597.316 0.85 1200.308 -0.0026005405793068097 1.0
13.0 1.0 Car -1.0 -1.0 -1.0 -1.0 -1.0 -1.0 -1.0 2.061 1.951 4.231 1554.889 1.186 1203.081 -0.08229140541966572 0.0
13.0 0.0 Car -1.0 -1.0 -1.0 -1.0 -1.0 -1.0 -1.0 2.031 1.518 4.682 1589.6 1.234 1199.908 -0.04498237079432621 0.0
13.0 2.0 Car -1.0 -1.0 -1.0 -1.0 -1.0 -1.0 -1.0 1.996 1.864 4.922 1599.96 0.884 1200.274 -0.0026005405793068097 1.0
14.0 1.0 Car -1.0 -1.0 -1.0 -1.0 -1.0 -1.0 -1.0 2.061 1.951 4.231 1557.547 1.171 1202.925 -0.08103818799061413 0.0
14.0 0.0 Car -1.0 -1.0 -1.0 -1.0 -1.0 -1.0 -1.0 2.031 1.518 4.682 1593.098 1.234 1199.837 -0.04498237079432621 0.0
14.0 2.0 Car -1.0 -1.0 -1.0 -1.0 -1.0 -1.0 -1.0 1.996 1.864 4.922 1601.816 0.915 1200.268 -0.0026005405793068097 1.0
15.0 1.0 Car -1.0 -1.0 -1.0 -1.0 -1.0 -1.0 -1.0 2.061 1.951 4.231 1560.796 1.153 1202.733 -0.07950624149215056 0.0
15.0 0.0 Car -1.0 -1.0 -1.0 -1.0 -1.0 -1.0 -1.0 2.031 1.518 4.682 1596.024 1.234 1199.876 -0.04498237079432621 0.0
15.0 2.0 Car -1.0 -1.0 -1.0 -1.0 -1.0 -1.0 -1.0 1.996 1.864 4.922 1603.858 0.952 1200.309 0.01485275194063651 1.0
16.0 1.0 Car -1.0 -1.0 -1.0 -1.0 -1.0 -1.0 -1.0 2.061 1.951 4.231 1563.754 1.137 1202.56 -0.07811136412564434 1.0
16.0 0.0 Car -1.0 -1.0 -1.0 -1.0 -1.0 -1.0 -1.0 2.031 1.518 4.682 1598.011 1.234 1199.909 -0.04498237079432621 0.0
16.0 2.0 Car -1.0 -1.0 -1.0 -1.0 -1.0 -1.0 -1.0 1.996 1.864 4.922 1605.297 0.961 1200.325 0.01485275194063651 1.0
17.0 1.0 Car -1.0 -1.0 -1.0 -1.0 -1.0 -1.0 -1.0 2.061 1.951 4.231 1566.414 1.122 1202.403 -0.07685672513569175 1.0
17.0 2.0 Car -1.0 -1.0 -1.0 -1.0 -1.0 -1.0 -1.0 1.996 1.864 4.922 1606.398 0.97 1200.31 0.01485275194063651 1.0
18.0 1.0 Car -1.0 -1.0 -1.0 -1.0 -1.0 -1.0 -1.0 2.061 1.951 4.231 1569.372 1.106 1202.229 -0.07546186728080562 1.0
18.0 2.0 Car -1.0 -1.0 -1.0 -1.0 -1.0 -1.0 -1.0 1.996 1.864 4.922 1607.496 0.979 1200.327 0.01485275194063651 1.0
19.0 1.0 Car -1.0 -1.0 -1.0 -1.0 -1.0 -1.0 -1.0 2.061 1.951 4.231 1572.625 1.088 1202.038 -0.0739282483577528 1.0
19.0 2.0 Car -1.0 -1.0 -1.0 -1.0 -1.0 -1.0 -1.0 1.996 1.864 4.922 1608.564 0.989 1200.387 0.01485275194063651 1.0
20.0 1.0 Car -1.0 -1.0 -1.0 -1.0 -1.0 -1.0 -1.0 2.061 1.951 4.231 1575.583 1.072 1201.864 -0.07253337935336956 1.0
20.0 2.0 Car -1.0 -1.0 -1.0 -1.0 -1.0 -1.0 -1.0 1.996 1.864 4.922 1609.266 0.973 1200.349 0.01921724158239946 1.0
21.0 1.0 Car -1.0 -1.0 -1.0 -1.0 -1.0 -1.0 -1.0 2.061 1.951 4.231 1578.541 1.055 1201.69 -0.07113847411312002 1.0
21.0 2.0 Car -1.0 -1.0 -1.0 -1.0 -1.0 -1.0 -1.0 1.996 1.864 4.922 1609.494 0.957 1200.388 0.023581844604746438 1.0
22.0 1.0 Car -1.0 -1.0 -1.0 -1.0 -1.0 -1.0 -1.0 2.061 1.951 4.231 1581.495 1.039 1201.516 -0.06974510192874406 1.0
22.0 2.0 Car -1.0 -1.0 -1.0 -1.0 -1.0 -1.0 -1.0 1.996 1.864 4.922 1609.655 0.941 1200.374 0.01921959333554324 1.0
23.0 1.0 Car -1.0 -1.0 -1.0 -1.0 -1.0 -1.0 -1.0 2.061 1.951 4.231 1584.453 1.023 1201.342 -0.06835026358547824 0.0
23.0 2.0 Car -1.0 -1.0 -1.0 -1.0 -1.0 -1.0 -1.0 1.996 1.864 4.922 1609.817 0.925 1200.361 0.01485275194063651 1.0
24.0 1.0 Car -1.0 -1.0 -1.0 -1.0 -1.0 -1.0 -1.0 2.061 1.951 4.231 1587.411 1.006 1201.168 -0.06695537228210036 0.0
24.0 2.0 Car -1.0 -1.0 -1.0 -1.0 -1.0 -1.0 -1.0 1.996 1.864 4.922 1610.215 0.934 1200.394 0.010484593068701644 1.0
25.0 1.0 Car -1.0 -1.0 -1.0 -1.0 -1.0 -1.0 -1.0 2.061 1.951 4.231 1590.366 0.99 1200.995 -0.06556201682197038 0.0
25.0 2.0 Car -1.0 -1.0 -1.0 -1.0 -1.0 -1.0 -1.0 1.996 1.864 4.922 1610.68 0.944 1200.36 0.006121243752387651 1.0
26.0 1.0 Car -1.0 -1.0 -1.0 -1.0 -1.0 -1.0 -1.0 2.061 1.951 4.231 1593.321 0.974 1200.821 -0.0641687087472036 0.0
26.0 3.0 Car -1.0 -1.0 -1.0 -1.0 -1.0 -1.0 -1.0 2.068 1.753 4.29 1603.497 0.673 1200.358 -0.005093167934409949 0.0
26.0 2.0 Car -1.0 -1.0 -1.0 -1.0 -1.0 -1.0 -1.0 1.996 1.864 4.922 1611.383 0.953 1200.394 0.0017580428252668143 1.0
27.0 1.0 Car -1.0 -1.0 -1.0 -1.0 -1.0 -1.0 -1.0 2.061 1.951 4.231 1596.272 0.958 1200.647 -0.06277687519344964 0.0
27.0 3.0 Car -1.0 -1.0 -1.0 -1.0 -1.0 -1.0 -1.0 2.068 1.753 4.29 1603.831 0.692 1200.346 -0.005093167934409949 1.0
27.0 2.0 Car -1.0 -1.0 -1.0 -1.0 -1.0 -1.0 -1.0 1.996 1.864 4.922 1612.424 0.962 1200.431 -0.0026005405793068097 1.0
28.0 1.0 Car -1.0 -1.0 -1.0 -1.0 -1.0 -1.0 -1.0 2.061 1.951 4.231 1596.535 0.737 1200.514 -0.06277687519344964 0.0
28.0 3.0 Car -1.0 -1.0 -1.0 -1.0 -1.0 -1.0 -1.0 2.068 1.753 4.29 1604.165 0.711 1200.334 -0.005093167934409949 0.0
28.0 2.0 Car -1.0 -1.0 -1.0 -1.0 -1.0 -1.0 -1.0 1.996 1.864 4.922 1613.597 0.981 1200.392 -0.020060416259189973 0.0
29.0 1.0 Car -1.0 -1.0 -1.0 -1.0 -1.0 -1.0 -1.0 2.061 1.951 4.231 1596.76 0.796 1200.383 -0.06277687519344964 0.0
29.0 3.0 Car -1.0 -1.0 -1.0 -1.0 -1.0 -1.0 -1.0 2.068 1.753 4.29 1604.5 0.73 1200.322 -0.005093167934409949 0.0
29.0 2.0 Car -1.0 -1.0 -1.0 -1.0 -1.0 -1.0 -1.0 1.996 1.864 4.922 1614.769 1.0 1200.353 -0.03752074601117528 0.0
30.0 1.0 Car -1.0 -1.0 -1.0 -1.0 -1.0 -1.0 -1.0 2.061 1.951 4.231 1596.997 0.855 1200.426 -0.06277687519344964 0.0
30.0 3.0 Car -1.0 -1.0 -1.0 -1.0 -1.0 -1.0 -1.0 2.068 1.753 4.29 1605.782 0.755 1200.311 -0.02432154476031845 0.0
30.0 2.0 Car -1.0 -1.0 -1.0 -1.0 -1.0 -1.0 -1.0 1.996 1.864 4.922 1615.636 1.019 1200.328 -0.03751393215532395 0.0
31.0 1.0 Car -1.0 -1.0 -1.0 -1.0 -1.0 -1.0 -1.0 2.061 1.951 4.231 1598.314 0.914 1200.518 -0.06277687519344964 0.0
31.0 3.0 Car -1.0 -1.0 -1.0 -1.0 -1.0 -1.0 -1.0 2.068 1.753 4.29 1607.063 0.78 1200.291 -0.04352926568259364 0.0
31.0 2.0 Car -1.0 -1.0 -1.0 -1.0 -1.0 -1.0 -1.0 1.996 1.864 4.922 1616.502 1.038 1200.304 -0.03750712561919345 0.0
32.0 1.0 Car -1.0 -1.0 -1.0 -1.0 -1.0 -1.0 -1.0 2.061 1.951 4.231 1599.634 0.873 1200.61 -0.06277687519344964 0.0
32.0 3.0 Car -1.0 -1.0 -1.0 -1.0 -1.0 -1.0 -1.0 2.068 1.753 4.29 1608.346 0.805 1200.271 -0.06277687519344964 0.0
32.0 2.0 Car -1.0 -1.0 -1.0 -1.0 -1.0 -1.0 -1.0 1.996 1.864 4.922 1618.19 1.032 1200.293 0.0017821371380586373 0.0
33.0 1.0 Car -1.0 -1.0 -1.0 -1.0 -1.0 -1.0 -1.0 2.061 1.951 4.231 1601.448 0.832 1200.67 -0.06277687519344964 0.0
33.0 3.0 Car -1.0 -1.0 -1.0 -1.0 -1.0 -1.0 -1.0 2.068 1.753 4.29 1609.63 0.83 1200.254 -0.06277687519344964 0.0
33.0 2.0 Car -1.0 -1.0 -1.0 -1.0 -1.0 -1.0 -1.0 1.996 1.864 4.922 1619.877 1.026 1200.349 0.04107454059914505 0.0
34.0 1.0 Car -1.0 -1.0 -1.0 -1.0 -1.0 -1.0 -1.0 2.061 1.951 4.231 1602.982 0.79 1200.486 -0.06277687519344964 0.0
34.0 3.0 Car -1.0 -1.0 -1.0 -1.0 -1.0 -1.0 -1.0 2.068 1.753 4.29 1610.912 0.855 1200.237 -0.06277687519344964 0.0
34.0 2.0 Car -1.0 -1.0 -1.0 -1.0 -1.0 -1.0 -1.0 1.996 1.864 4.922 1621.558 1.02 1200.471 0.08032320975933739 0.0
35.0 3.0 Car -1.0 -1.0 -1.0 -1.0 -1.0 -1.0 -1.0 2.068 1.753 4.29 1612.194 0.88 1200.22 -0.06277687519344964 0.0
35.0 2.0 Car -1.0 -1.0 -1.0 -1.0 -1.0 -1.0 -1.0 1.996 1.864 4.922 1623.233 1.014 1200.659 0.11957250706029643 0.0
36.0 3.0 Car -1.0 -1.0 -1.0 -1.0 -1.0 -1.0 -1.0 2.068 1.753 4.29 1613.477 0.905 1200.203 -0.06277687519344964 0.0
36.0 2.0 Car -1.0 -1.0 -1.0 -1.0 -1.0 -1.0 -1.0 1.996 1.864 4.922 1626.176 1.019 1201.44 0.25844666747900474 0.0
37.0 3.0 Car -1.0 -1.0 -1.0 -1.0 -1.0 -1.0 -1.0 2.068 1.753 4.29 1615.01 0.93 1200.215 -0.06277687519344964 0.0
37.0 2.0 Car -1.0 -1.0 -1.0 -1.0 -1.0 -1.0 -1.0 1.996 1.864 4.922 1628.982 1.023 1202.621 0.39731054894847323 0.0
38.0 3.0 Car -1.0 -1.0 -1.0 -1.0 -1.0 -1.0 -1.0 2.068 1.753 4.29 1616.544 0.955 1200.227 -0.06277687519344964 0.0
38.0 2.0 Car -1.0 -1.0 -1.0 -1.0 -1.0 -1.0 -1.0 1.996 1.864 4.922 1631.598 1.027 1204.179 0.5361816534633534 0.0
39.0 3.0 Car -1.0 -1.0 -1.0 -1.0 -1.0 -1.0 -1.0 2.068 1.753 4.29 1618.44 0.977 1200.179 -0.06277687519344964 0.0
39.0 2.0 Car -1.0 -1.0 -1.0 -1.0 -1.0 -1.0 -1.0 1.996 1.864 4.922 1633.748 1.031 1205.88 0.6612284046789965 0.0
