0.0 0.0 Car -1.0 -1.0 -1.0 -1.0 -1.0 -1.0 -1.0 1.902 1.666 4.831 417.188 0.67 827.329 -0.4452160382586672 0.0
1.0 0.0 Car -1.0 -1.0 -1.0 -1.0 -1.0 -1.0 -1.0 1.902 1.666 4.831 421.656 0.841 825.253 -0.4103094532187805 1.0
2.0 0.0 Car -1.0 -1.0 -1.0 -1.0 -1.0 -1.0 -1.0 1.902 1.666 4.831 426.131 1.011 823.36 -0.3928561606988372 1.0
3.0 0.0 Car -1.0 -1.0 -1.0 -1.0 -1.0 -1.0 -1.0 1.902 1.666 4.831 429.535 1.098 821.882 -0.3928561606988372 1.0
4.0 0.0 Car -1.0 -1.0 -1.0 -1.0 -1.0 -1.0 -1.0 1.902 1.666 4.831 433.299 1.239 820.314 -0.3928561606988372 0.0
5.0 0.0 Car -1.0 -1.0 -1.0 -1.0 -1.0 -1.0 -1.0 1.902 1.666 4.831 437.53 1.285 818.512 -0.3928561606988372 1.0
6.0 0.0 Car -1.0 -1.0 -1.0 -1.0 -1.0 -1.0 -1.0 1.902 1.666 4.831 441.651 1.331 816.791 -0.3928561606988372 1.0
7.0 0.0 Car -1.0 -1.0 -1.0 -1.0 -1.0 -1.0 -1.0 1.902 1.666 4.831 445.882 1.377 814.989 -0.4103094532187805 1.0
8.0 0.0 Car -1.0 -1.0 -1.0 -1.0 -1.0 -1.0 -1.0 1.902 1.666 4.831 450.024 1.473 813.188 -0.4103094532187805 1.0
9.0 0.0 Car -1.0 -1.0 -1.0 -1.0 -1.0 -1.0 -1.0 1.902 1.666 4.831 454.166 1.619 811.387 -0.4103094532187805 0.0
10.0 0.0 Car -1.0 -1.0 -1.0 -1.0 -1.0 -1.0 -1.0 1.902 1.666 4.831 458.089 1.598 809.693 -0.4103094532187805 0.0
11.0 0.0 Car -1.0 -1.0 -1.0 -1.0 -1.0 -1.0 -1.0 1.902 1.666 4.831 462.013 1.602 807.999 -0.4103094532187805 0.0
12.0 0.0 Car -1.0 -1.0 -1.0 -1.0 -1.0 -1.0 -1.0 1.902 1.666 4.831 465.945 1.606 806.301 -0.4103094532187805 0.0
12.0 1.0 Car -1.0 -1.0 -1.0 -1.0 -1.0 -1.0 -1.0 2.014 1.346 4.944 400.884 0.988 870.547 -2.138255226207899 0.0
13.0 0.0 Car -1.0 -1.0 -1.0 -1.0 -1.0 -1.0 -1.0 1.902 1.666 4.831 470.22 1.393 804.442 -0.4277627457387238 0.0
13.0 1.0 Car -1.0 -1.0 -1.0 -1.0 -1.0 -1.0 -1.0 2.014 1.346 4.944 398.648 0.933 866.839 -2.138255226207899 1.0
14.0 0.0 Car -1.0 -1.0 -1.0 -1.0 -1.0 -1.0 -1.0 1.902 1.666 4.831 474.083 1.299 802.617 -0.4801226232985534 0.0
14.0 1.0 Car -1.0 -1.0 -1.0 -1.0 -1.0 -1.0 -1.0 2.014 1.346 4.944 396.691 0.883 863.414 -2.0684420561281263 1.0
15.0 0.0 Car -1.0 -1.0 -1.0 -1.0 -1.0 -1.0 -1.0 1.902 1.666 4.831 477.754 1.205 800.768 -0.4801226232985534 0.0
15.0 1.0 Car -1.0 -1.0 -1.0 -1.0 -1.0 -1.0 -1.0 2.014 1.346 4.944 394.9 0.933 859.805 -2.0335354710882405 1.0
16.0 0.0 Car -1.0 -1.0 -1.0 -1.0 -1.0 -1.0 -1.0 1.902 1.666 4.831 481.981 1.392 798.172 -0.6022956709381551 0.0
16.0 1.0 Car -1.0 -1.0 -1.0 -1.0 -1.0 -1.0 -1.0 2.014 1.346 4.944 393.406 0.963 856.232 -1.9357879023214812 1.0
17.0 0.0 Car -1.0 -1.0 -1.0 -1.0 -1.0 -1.0 -1.0 1.902 1.666 4.831 484.706 1.383 796.264 -0.6022956709381551 0.0
17.0 1.0 Car -1.0 -1.0 -1.0 -1.0 -1.0 -1.0 -1.0 2.014 1.346 4.944 392.649 0.883 853.816 -1.8590025458888093 1.0
18.0 0.0 Car -1.0 -1.0 -1.0 -1.0 -1.0 -1.0 -1.0 1.902 1.666 4.831 487.699 1.322 794.091 -0.5848423784182119 0.0
18.0 1.0 Car -1.0 -1.0 -1.0 -1.0 -1.0 -1.0 -1.0 2.014 1.346 4.944 392.204 0.883 850.999 -1.6495630356494924 1.0
19.0 0.0 Car -1.0 -1.0 -1.0 -1.0 -1.0 -1.0 -1.0 1.902 1.666 4.831 489.615 1.313 792.75 -0.5673890858982689 0.0
19.0 1.0 Car -1.0 -1.0 -1.0 -1.0 -1.0 -1.0 -1.0 2.014 1.346 4.944 392.434 0.843 848.001 -1.4575768179301178 1.0
20.0 0.0 Car -1.0 -1.0 -1.0 -1.0 -1.0 -1.0 -1.0 1.902 1.666 4.831 491.719 1.302 791.237 -0.5848423784182119 0.0
20.0 1.0 Car -1.0 -1.0 -1.0 -1.0 -1.0 -1.0 -1.0 2.014 1.346 4.944 393.242 0.843 845.15 -1.2655906002107438 1.0
21.0 1.0 Car -1.0 -1.0 -1.0 -1.0 -1.0 -1.0 -1.0 2.014 1.346 4.944 394.682 0.843 842.087 -1.0736043824913697 1.0
22.0 1.0 Car -1.0 -1.0 -1.0 -1.0 -1.0 -1.0 -1.0 2.014 1.346 4.944 396.729 0.793 839.25 -0.8990714572919388 1.0
23.0 1.0 Car -1.0 -1.0 -1.0 -1.0 -1.0 -1.0 -1.0 2.014 1.346 4.944 399.273 0.793 836.794 -0.7245385320925077 1.0
24.0 1.0 Car -1.0 -1.0 -1.0 -1.0 -1.0 -1.0 -1.0 2.014 1.346 4.944 402.282 0.793 834.6 -0.6023654844529059 1.0
25.0 1.0 Car -1.0 -1.0 -1.0 -1.0 -1.0 -1.0 -1.0 2.014 1.346 4.944 405.753 0.793 832.595 -0.46273914429336127 1.0
26.0 1.0 Car -1.0 -1.0 -1.0 -1.0 -1.0 -1.0 -1.0 2.014 1.346 4.944 409.398 0.878 830.811 -0.42783255925347485 1.0
27.0 1.0 Car -1.0 -1.0 -1.0 -1.0 -1.0 -1.0 -1.0 2.014 1.346 4.944 413.136 0.963 829.102 -0.39292597421358816 1.0
28.0 1.0 Car -1.0 -1.0 -1.0 -1.0 -1.0 -1.0 -1.0 2.014 1.346 4.944 416.927 1.048 827.443 -0.42783255925347485 0.0
29.0 1.0 Car -1.0 -1.0 -1.0 -1.0 -1.0 -1.0 -1.0 2.014 1.346 4.944 421.208 1.133 825.694 -0.3580193891737016 0.0
30.0 1.0 Car -1.0 -1.0 -1.0 -1.0 -1.0 -1.0 -1.0 2.014 1.346 4.944 425.505 1.268 823.975 -0.39292597421358816 0.0
31.0 1.0 Car -1.0 -1.0 -1.0 -1.0 -1.0 -1.0 -1.0 2.014 1.346 4.944 429.546 1.353 822.362 -0.39292597421358816 0.0
32.0 1.0 Car -1.0 -1.0 -1.0 -1.0 -1.0 -1.0 -1.0 2.014 1.346 4.944 433.828 1.442 820.655 -0.39292597421358816 0.0
33.0 1.0 Car -1.0 -1.0 -1.0 -1.0 -1.0 -1.0 -1.0 2.014 1.346 4.944 437.663 1.441 819.128 -0.39292597421358816 0.0
34.0 1.0 Car -1.0 -1.0 -1.0 -1.0 -1.0 -1.0 -1.0 2.014 1.346 4.944 441.502 1.44 817.598 -0.39292597421358816 0.0
35.0 1.0 Car -1.0 -1.0 -1.0 -1.0 -1.0 -1.0 -1.0 2.014 1.346 4.944 445.294 1.391 815.978 -0.41037926673353153 0.0
36.0 1.0 Car -1.0 -1.0 -1.0 -1.0 -1.0 -1.0 -1.0 2.014 1.346 4.944 449.079 1.391 814.361 -0.42783255925347485 0.0
37.0 1.0 Car -1.0 -1.0 -1.0 -1.0 -1.0 -1.0 -1.0 2.014 1.346 4.944 452.851 1.391 812.713 -0.42783255925347485 0.0
38.0 1.0 Car -1.0 -1.0 -1.0 -1.0 -1.0 -1.0 -1.0 2.014 1.346 4.944 456.852 1.441 810.844 -0.44528585177341823 0.0
39.0 1.0 Car -1.0 -1.0 -1.0 -1.0 -1.0 -1.0 -1.0 2.014 1.346 4.944 460.485 1.491 809.15 -0.44528585177341823 0.0
