0.0 3.0 Car -1.0 -1.0 -1.0 -1.0 -1.0 -1.0 -1.0 2.614 2.57 7.508 477.421 1.717 800.214 -0.4788834399895103 0.0
0.0 2.0 Car -1.0 -1.0 -1.0 -1.0 -1.0 -1.0 -1.0 2.09 2.0 4.986 561.303 1.243 747.929 -2.989626835620769 0.0
1.0 3.0 Car -1.0 -1.0 -1.0 -1.0 -1.0 -1.0 -1.0 2.614 2.57 7.508 482.829 1.607 797.066 -0.5661499025892259 1.0
1.0 2.0 Car -1.0 -1.0 -1.0 -1.0 -1.0 -1.0 -1.0 2.09 2.0 4.986 559.296 1.493 747.928 -3.1292531757803155 1.0
2.0 3.0 Car -1.0 -1.0 -1.0 -1.0 -1.0 -1.0 -1.0 2.614 2.57 7.508 487.569 1.392 793.718 -0.6126920159757407 1.0
2.0 2.0 Car -1.0 -1.0 -1.0 -1.0 -1.0 -1.0 -1.0 2.09 2.0 4.986 556.516 1.743 748.499 2.8921327436001216 1.0
3.0 3.0 Car -1.0 -1.0 -1.0 -1.0 -1.0 -1.0 -1.0 2.614 2.57 7.508 492.191 1.402 790.217 -0.6592341293622558 1.0
3.0 2.0 Car -1.0 -1.0 -1.0 -1.0 -1.0 -1.0 -1.0 2.09 2.0 4.986 553.546 1.393 750.031 2.804866281000405 1.0
4.0 3.0 Car -1.0 -1.0 -1.0 -1.0 -1.0 -1.0 -1.0 2.614 2.57 7.508 496.743 1.412 786.625 -0.6708696577088844 1.0
4.0 2.0 Car -1.0 -1.0 -1.0 -1.0 -1.0 -1.0 -1.0 2.09 2.0 4.986 550.027 1.043 751.636 2.595426770761085 1.0
5.0 3.0 Car -1.0 -1.0 -1.0 -1.0 -1.0 -1.0 -1.0 2.614 2.57 7.508 500.481 1.248 783.605 -0.6883229502288275 1.0
5.0 2.0 Car -1.0 -1.0 -1.0 -1.0 -1.0 -1.0 -1.0 2.09 2.0 4.986 546.311 1.193 754.042 2.5605201857211988 1.0
6.0 3.0 Car -1.0 -1.0 -1.0 -1.0 -1.0 -1.0 -1.0 2.614 2.57 7.508 504.141 1.383 780.651 -0.7057762427487706 1.0
6.0 2.0 Car -1.0 -1.0 -1.0 -1.0 -1.0 -1.0 -1.0 2.09 2.0 4.986 542.656 1.343 756.51 2.5430668932012552 1.0
7.0 3.0 Car -1.0 -1.0 -1.0 -1.0 -1.0 -1.0 -1.0 2.614 2.57 7.508 507.182 1.312 777.972 -0.7145028890087421 1.0
7.0 2.0 Car -1.0 -1.0 -1.0 -1.0 -1.0 -1.0 -1.0 2.09 2.0 4.986 539.022 1.193 759.13 2.5256136006813117 1.0
8.0 3.0 Car -1.0 -1.0 -1.0 -1.0 -1.0 -1.0 -1.0 2.614 2.57 7.508 509.955 1.242 775.645 -0.6883229502288275 1.0
8.0 2.0 Car -1.0 -1.0 -1.0 -1.0 -1.0 -1.0 -1.0 2.09 2.0 4.986 535.368 0.953 761.692 2.5197958365079973 1.0
9.0 3.0 Car -1.0 -1.0 -1.0 -1.0 -1.0 -1.0 -1.0 2.614 2.57 7.508 512.261 1.171 773.731 -0.7057762427487706 0.0
9.0 2.0 Car -1.0 -1.0 -1.0 -1.0 -1.0 -1.0 -1.0 2.09 2.0 4.986 532.296 0.713 764.005 2.513978072334683 1.0
10.0 3.0 Car -1.0 -1.0 -1.0 -1.0 -1.0 -1.0 -1.0 2.614 2.57 7.508 514.122 1.213 772.273 -0.6708696577088844 0.0
10.0 2.0 Car -1.0 -1.0 -1.0 -1.0 -1.0 -1.0 -1.0 2.09 2.0 4.986 528.975 0.849 766.413 2.5081603081613686 1.0
11.0 3.0 Car -1.0 -1.0 -1.0 -1.0 -1.0 -1.0 -1.0 2.614 2.57 7.508 516.033 1.255 770.882 -0.6359630726689983 0.0
11.0 2.0 Car -1.0 -1.0 -1.0 -1.0 -1.0 -1.0 -1.0 2.09 2.0 4.986 525.733 0.934 768.783 2.5081603081613686 1.0
12.0 3.0 Car -1.0 -1.0 -1.0 -1.0 -1.0 -1.0 -1.0 2.614 2.57 7.508 517.351 1.197 770.071 -0.5486966100692823 0.0
12.0 2.0 Car -1.0 -1.0 -1.0 -1.0 -1.0 -1.0 -1.0 2.09 2.0 4.986 522.933 0.819 770.829 2.4907070156414255 0.0
13.0 3.0 Car -1.0 -1.0 -1.0 -1.0 -1.0 -1.0 -1.0 2.614 2.57 7.508 518.924 1.239 769.274 -0.46143014746956634 0.0
13.0 2.0 Car -1.0 -1.0 -1.0 -1.0 -1.0 -1.0 -1.0 2.09 2.0 4.986 519.653 0.929 773.465 2.4558004306015384 0.0
14.0 3.0 Car -1.0 -1.0 -1.0 -1.0 -1.0 -1.0 -1.0 2.614 2.57 7.508 520.562 1.281 768.616 -0.3741636848698509 0.0
14.0 2.0 Car -1.0 -1.0 -1.0 -1.0 -1.0 -1.0 -1.0 2.09 2.0 4.986 515.689 1.039 776.672 2.4558004306015384 0.0
15.0 3.0 Car -1.0 -1.0 -1.0 -1.0 -1.0 -1.0 -1.0 2.614 2.57 7.508 521.222 1.259 768.311 -0.3654370386098793 0.0
15.0 2.0 Car -1.0 -1.0 -1.0 -1.0 -1.0 -1.0 -1.0 2.09 2.0 4.986 512.141 1.049 779.576 2.4558004306015384 1.0
16.0 3.0 Car -1.0 -1.0 -1.0 -1.0 -1.0 -1.0 -1.0 2.614 2.57 7.508 521.883 1.237 768.007 -0.35671039234990753 0.0
16.0 2.0 Car -1.0 -1.0 -1.0 -1.0 -1.0 -1.0 -1.0 2.09 2.0 4.986 508.69 1.009 782.488 2.4383471380815953 1.0
17.0 0.0 Car -1.0 -1.0 -1.0 -1.0 -1.0 -1.0 -1.0 2.285 2.0 5.504 441.736 1.543 816.191 -0.3753156021591959 0.0
17.0 3.0 Car -1.0 -1.0 -1.0 -1.0 -1.0 -1.0 -1.0 2.614 2.57 7.508 522.974 1.194 768.096 -0.17054193880384536 0.0
17.0 2.0 Car -1.0 -1.0 -1.0 -1.0 -1.0 -1.0 -1.0 2.09 2.0 4.986 505.377 0.969 785.35 2.4383471380815953 1.0
18.0 0.0 Car -1.0 -1.0 -1.0 -1.0 -1.0 -1.0 -1.0 2.285 2.0 5.504 446.675 1.502 814.253 -0.3753156021591959 1.0
18.0 3.0 Car -1.0 -1.0 -1.0 -1.0 -1.0 -1.0 -1.0 2.614 2.57 7.508 524.983 1.252 768.215 0.01562651474221655 0.0
18.0 2.0 Car -1.0 -1.0 -1.0 -1.0 -1.0 -1.0 -1.0 2.09 2.0 4.986 502.02 0.93 788.16 2.4383471380815953 1.0
19.0 0.0 Car -1.0 -1.0 -1.0 -1.0 -1.0 -1.0 -1.0 2.285 2.0 5.504 451.613 1.362 812.315 -0.3840422484191677 0.0
19.0 3.0 Car -1.0 -1.0 -1.0 -1.0 -1.0 -1.0 -1.0 2.614 2.57 7.508 527.007 1.26 768.871 0.25415484584810866 0.0
19.0 2.0 Car -1.0 -1.0 -1.0 -1.0 -1.0 -1.0 -1.0 2.09 2.0 4.986 498.693 0.719 791.071 2.4329172248531687 1.0
20.0 0.0 Car -1.0 -1.0 -1.0 -1.0 -1.0 -1.0 -1.0 2.285 2.0 5.504 456.499 1.172 810.248 -0.42767547971902586 0.0
20.0 3.0 Car -1.0 -1.0 -1.0 -1.0 -1.0 -1.0 -1.0 2.614 2.57 7.508 528.715 1.268 769.159 0.28906143088799535 0.0
20.0 2.0 Car -1.0 -1.0 -1.0 -1.0 -1.0 -1.0 -1.0 2.09 2.0 4.986 495.205 0.751 793.784 2.497300481704515 1.0
21.0 0.0 Car -1.0 -1.0 -1.0 -1.0 -1.0 -1.0 -1.0 2.285 2.0 5.504 461.43 1.127 808.01 -0.4451287722389692 0.0
21.0 2.0 Car -1.0 -1.0 -1.0 -1.0 -1.0 -1.0 -1.0 2.09 2.0 4.986 491.77 0.736 796.222 2.5267771535159746 1.0
22.0 0.0 Car -1.0 -1.0 -1.0 -1.0 -1.0 -1.0 -1.0 2.285 2.0 5.504 466.216 1.002 805.643 -0.4451287722389692 0.0
22.0 2.0 Car -1.0 -1.0 -1.0 -1.0 -1.0 -1.0 -1.0 2.09 2.0 4.986 488.412 0.847 798.561 2.553344943240777 1.0
23.0 0.0 Car -1.0 -1.0 -1.0 -1.0 -1.0 -1.0 -1.0 2.285 2.0 5.504 470.928 1.04 803.269 -0.4625820647589123 0.0
23.0 2.0 Car -1.0 -1.0 -1.0 -1.0 -1.0 -1.0 -1.0 2.09 2.0 4.986 484.953 0.857 800.749 2.6148193180054666 1.0
24.0 0.0 Car -1.0 -1.0 -1.0 -1.0 -1.0 -1.0 -1.0 2.285 2.0 5.504 475.57 1.077 800.761 -0.4974886497987984 0.0
24.0 2.0 Car -1.0 -1.0 -1.0 -1.0 -1.0 -1.0 -1.0 2.09 2.0 4.986 481.388 0.92 802.696 2.6579677356242155 1.0
25.0 1.0 Car -1.0 -1.0 -1.0 -1.0 -1.0 -1.0 -1.0 1.855 1.55 4.782 418.419 1.015 825.997 -0.37306412746274353 0.0
25.0 0.0 Car -1.0 -1.0 -1.0 -1.0 -1.0 -1.0 -1.0 2.285 2.0 5.504 480.783 1.014 797.642 -0.5149419423187416 0.0
25.0 2.0 Car -1.0 -1.0 -1.0 -1.0 -1.0 -1.0 -1.0 2.09 2.0 4.986 477.268 0.85 804.684 2.701116153242964 1.0
26.0 1.0 Car -1.0 -1.0 -1.0 -1.0 -1.0 -1.0 -1.0 1.855 1.55 4.782 421.646 0.967 824.678 -0.3788818916360579 1.0
26.0 0.0 Car -1.0 -1.0 -1.0 -1.0 -1.0 -1.0 -1.0 2.285 2.0 5.504 485.306 0.801 794.894 -0.5498485273586277 0.0
26.0 2.0 Car -1.0 -1.0 -1.0 -1.0 -1.0 -1.0 -1.0 2.09 2.0 4.986 473.749 0.78 806.3 2.744264570861713 1.0
27.0 1.0 Car -1.0 -1.0 -1.0 -1.0 -1.0 -1.0 -1.0 1.855 1.55 4.782 424.873 0.918 823.359 -0.38469965580937243 0.0
27.0 0.0 Car -1.0 -1.0 -1.0 -1.0 -1.0 -1.0 -1.0 2.285 2.0 5.504 489.71 0.688 791.952 -0.6022084049184571 0.0
27.0 2.0 Car -1.0 -1.0 -1.0 -1.0 -1.0 -1.0 -1.0 2.09 2.0 4.986 470.292 0.709 807.713 2.752506403440575 0.0
28.0 1.0 Car -1.0 -1.0 -1.0 -1.0 -1.0 -1.0 -1.0 1.855 1.55 4.782 428.1 0.87 822.04 -0.3905174199826869 0.0
28.0 0.0 Car -1.0 -1.0 -1.0 -1.0 -1.0 -1.0 -1.0 2.285 2.0 5.504 494.04 0.525 788.97 -0.6022084049184571 0.0
28.0 2.0 Car -1.0 -1.0 -1.0 -1.0 -1.0 -1.0 -1.0 2.09 2.0 4.986 467.206 0.747 809.073 2.7510519623972467 0.0
29.0 1.0 Car -1.0 -1.0 -1.0 -1.0 -1.0 -1.0 -1.0 1.855 1.55 4.782 431.31 0.838 820.716 -0.4079707125026302 0.0
29.0 0.0 Car -1.0 -1.0 -1.0 -1.0 -1.0 -1.0 -1.0 2.285 2.0 5.504 498.202 0.463 786.012 -0.6196616974384002 0.0
29.0 2.0 Car -1.0 -1.0 -1.0 -1.0 -1.0 -1.0 -1.0 2.09 2.0 4.986 464.38 0.785 810.258 2.732144228833975 0.0
30.0 1.0 Car -1.0 -1.0 -1.0 -1.0 -1.0 -1.0 -1.0 1.855 1.55 4.782 433.832 0.806 819.618 -0.4079707125026302 0.0
30.0 0.0 Car -1.0 -1.0 -1.0 -1.0 -1.0 -1.0 -1.0 2.285 2.0 5.504 501.492 0.55 783.534 -0.6545682824782864 0.0
30.0 2.0 Car -1.0 -1.0 -1.0 -1.0 -1.0 -1.0 -1.0 2.09 2.0 4.986 462.173 0.823 811.216 2.7655963728305326 0.0
31.0 1.0 Car -1.0 -1.0 -1.0 -1.0 -1.0 -1.0 -1.0 1.855 1.55 4.782 436.897 0.774 818.285 -0.3905174199826869 0.0
31.0 2.0 Car -1.0 -1.0 -1.0 -1.0 -1.0 -1.0 -1.0 2.09 2.0 4.986 459.585 0.861 812.243 2.7815952243071473 0.0
32.0 1.0 Car -1.0 -1.0 -1.0 -1.0 -1.0 -1.0 -1.0 1.855 1.55 4.782 439.987 0.742 817.013 -0.3905174199826869 0.0
32.0 2.0 Car -1.0 -1.0 -1.0 -1.0 -1.0 -1.0 -1.0 2.09 2.0 4.986 457.25 0.869 813.205 2.7626874907438754 0.0
33.0 1.0 Car -1.0 -1.0 -1.0 -1.0 -1.0 -1.0 -1.0 1.855 1.55 4.782 442.726 0.742 815.885 -0.3905174199826869 0.0
33.0 2.0 Car -1.0 -1.0 -1.0 -1.0 -1.0 -1.0 -1.0 2.09 2.0 4.986 455.108 0.878 814.093 2.7612330497005466 0.0
34.0 1.0 Car -1.0 -1.0 -1.0 -1.0 -1.0 -1.0 -1.0 1.855 1.55 4.782 445.686 0.692 814.631 -0.3905174199826869 0.0
34.0 2.0 Car -1.0 -1.0 -1.0 -1.0 -1.0 -1.0 -1.0 2.09 2.0 4.986 453.254 0.887 814.873 2.7597786086572182 0.0
35.0 1.0 Car -1.0 -1.0 -1.0 -1.0 -1.0 -1.0 -1.0 1.855 1.55 4.782 448.19 0.642 813.565 -0.3905174199826869 0.0
35.0 2.0 Car -1.0 -1.0 -1.0 -1.0 -1.0 -1.0 -1.0 2.09 2.0 4.986 451.85 0.895 815.515 2.75832416761389 0.0
36.0 1.0 Car -1.0 -1.0 -1.0 -1.0 -1.0 -1.0 -1.0 1.855 1.55 4.782 450.785 0.742 812.461 -0.3905174199826869 0.0
36.0 2.0 Car -1.0 -1.0 -1.0 -1.0 -1.0 -1.0 -1.0 2.09 2.0 4.986 450.701 0.903 816.005 2.774323019090504 0.0
37.0 1.0 Car -1.0 -1.0 -1.0 -1.0 -1.0 -1.0 -1.0 1.855 1.55 4.782 453.075 0.692 811.482 -0.3905174199826869 0.0
37.0 2.0 Car -1.0 -1.0 -1.0 -1.0 -1.0 -1.0 -1.0 2.09 2.0 4.986 449.871 0.911 816.372 2.772868578047176 0.0
38.0 1.0 Car -1.0 -1.0 -1.0 -1.0 -1.0 -1.0 -1.0 1.855 1.55 4.782 455.378 0.692 810.534 -0.3905174199826869 0.0
38.0 2.0 Car -1.0 -1.0 -1.0 -1.0 -1.0 -1.0 -1.0 2.09 2.0 4.986 449.214 0.919 816.629 2.771414137003847 0.0
