0.0 1.0 Car -1.0 -1.0 -1.0 -1.0 -1.0 -1.0 -1.0 1.815 1.658 4.18 1661.941 0.608 2503.577 0.3510555257448278 0.0
1.0 1.0 Car -1.0 -1.0 -1.0 -1.0 -1.0 -1.0 -1.0 1.815 1.658 4.18 1665.749 0.533 2505.288 0.3684995184405053 1.0
2.0 1.0 Car -1.0 -1.0 -1.0 -1.0 -1.0 -1.0 -1.0 1.815 1.658 4.18 1669.708 0.458 2506.627 0.36850881826477105 1.0
3.0 1.0 Car -1.0 -1.0 -1.0 -1.0 -1.0 -1.0 -1.0 1.815 1.658 4.18 1673.477 0.164 2508.488 0.36850881826477105 1.0
4.0 1.0 Car -1.0 -1.0 -1.0 -1.0 -1.0 -1.0 -1.0 1.815 1.658 4.18 1677.791 0.05 2510.068 0.3510555257448278 1.0
4.0 2.0 Car -1.0 -1.0 -1.0 -1.0 -1.0 -1.0 -1.0 1.888 1.612 4.596 1716.539 -0.249 2521.997 -2.7876224280156365 0.0
5.0 1.0 Car -1.0 -1.0 -1.0 -1.0 -1.0 -1.0 -1.0 1.815 1.658 4.18 1681.968 0.106 2511.635 0.3510555257448278 1.0
5.0 2.0 Car -1.0 -1.0 -1.0 -1.0 -1.0 -1.0 -1.0 1.888 1.612 4.596 1710.868 -0.195 2520.024 -2.7876224280156365 1.0
6.0 1.0 Car -1.0 -1.0 -1.0 -1.0 -1.0 -1.0 -1.0 1.815 1.658 4.18 1686.129 0.146 2513.227 0.3510555257448278 1.0
6.0 2.0 Car -1.0 -1.0 -1.0 -1.0 -1.0 -1.0 -1.0 1.888 1.612 4.596 1705.62 0.259 2517.836 -2.7876224280156365 1.0
7.0 1.0 Car -1.0 -1.0 -1.0 -1.0 -1.0 -1.0 -1.0 1.815 1.658 4.18 1690.29 0.185 2514.82 0.3510555257448278 1.0
7.0 2.0 Car -1.0 -1.0 -1.0 -1.0 -1.0 -1.0 -1.0 1.888 1.612 4.596 1701.471 0.213 2516.324 -2.7876224280156365 1.0
8.0 1.0 Car -1.0 -1.0 -1.0 -1.0 -1.0 -1.0 -1.0 1.815 1.658 4.18 1694.451 0.224 2516.412 0.3510555257448278 1.0
8.0 2.0 Car -1.0 -1.0 -1.0 -1.0 -1.0 -1.0 -1.0 1.888 1.612 4.596 1697.573 0.442 2514.955 -2.7876224280156365 1.0
9.0 1.0 Car -1.0 -1.0 -1.0 -1.0 -1.0 -1.0 -1.0 1.815 1.658 4.18 1698.634 0.347 2517.93 0.3452376101030419 1.0
9.0 2.0 Car -1.0 -1.0 -1.0 -1.0 -1.0 -1.0 -1.0 1.888 1.612 4.596 1693.679 0.67 2513.588 -2.7876224280156365 1.0
10.0 1.0 Car -1.0 -1.0 -1.0 -1.0 -1.0 -1.0 -1.0 1.815 1.658 4.18 1702.817 0.47 2519.448 0.33942006730672425 1.0
10.0 2.0 Car -1.0 -1.0 -1.0 -1.0 -1.0 -1.0 -1.0 1.888 1.612 4.596 1689.345 0.674 2512.041 -2.7876224280156365 1.0
11.0 1.0 Car -1.0 -1.0 -1.0 -1.0 -1.0 -1.0 -1.0 1.815 1.658 4.18 1707.0 0.592 2520.966 0.3336022332248845 1.0
11.0 2.0 Car -1.0 -1.0 -1.0 -1.0 -1.0 -1.0 -1.0 1.888 1.612 4.596 1685.935 0.678 2510.735 -2.7876224280156365 1.0
12.0 1.0 Car -1.0 -1.0 -1.0 -1.0 -1.0 -1.0 -1.0 1.815 1.658 4.18 1711.039 0.565 2522.313 0.3336022332248845 1.0
12.0 2.0 Car -1.0 -1.0 -1.0 -1.0 -1.0 -1.0 -1.0 1.888 1.612 4.596 1682.494 0.682 2509.417 -2.7876224280156365 1.0
13.0 1.0 Car -1.0 -1.0 -1.0 -1.0 -1.0 -1.0 -1.0 1.815 1.658 4.18 1715.079 0.537 2523.66 0.3336022332248845 1.0
13.0 2.0 Car -1.0 -1.0 -1.0 -1.0 -1.0 -1.0 -1.0 1.888 1.612 4.596 1679.054 0.686 2508.099 -2.7876224280156365 1.0
14.0 1.0 Car -1.0 -1.0 -1.0 -1.0 -1.0 -1.0 -1.0 1.815 1.658 4.18 1719.057 0.51 2525.199 0.3336022332248845 1.0
14.0 2.0 Car -1.0 -1.0 -1.0 -1.0 -1.0 -1.0 -1.0 1.888 1.612 4.596 1675.668 0.725 2506.768 -2.7876224280156365 1.0
15.0 1.0 Car -1.0 -1.0 -1.0 -1.0 -1.0 -1.0 -1.0 1.815 1.658 4.18 1722.579 0.483 2526.458 0.3336022332248845 1.0
15.0 2.0 Car -1.0 -1.0 -1.0 -1.0 -1.0 -1.0 -1.0 1.888 1.612 4.596 1672.004 0.693 2505.435 -2.7876224280156365 1.0
16.0 1.0 Car -1.0 -1.0 -1.0 -1.0 -1.0 -1.0 -1.0 1.815 1.658 4.18 1726.101 0.455 2527.717 0.3336022332248845 1.0
16.0 2.0 Car -1.0 -1.0 -1.0 -1.0 -1.0 -1.0 -1.0 1.888 1.612 4.596 1668.475 0.707 2504.152 -2.7876224280156365 1.0
17.0 1.0 Car -1.0 -1.0 -1.0 -1.0 -1.0 -1.0 -1.0 1.815 1.658 4.18 1729.566 0.333 2529.127 0.3510555257448278 1.0
17.0 2.0 Car -1.0 -1.0 -1.0 -1.0 -1.0 -1.0 -1.0 1.888 1.612 4.596 1664.973 0.701 2502.812 -2.7876224280156365 1.0
18.0 1.0 Car -1.0 -1.0 -1.0 -1.0 -1.0 -1.0 -1.0 1.815 1.658 4.18 1732.729 0.603 2530.272 0.3510555257448278 1.0
18.0 2.0 Car -1.0 -1.0 -1.0 -1.0 -1.0 -1.0 -1.0 1.888 1.612 4.596 1662.027 0.835 2501.658 -2.7701691354956934 1.0
19.0 1.0 Car -1.0 -1.0 -1.0 -1.0 -1.0 -1.0 -1.0 1.815 1.658 4.18 1737.068 0.566 2531.967 0.3458213628357467 1.0
19.0 2.0 Car -1.0 -1.0 -1.0 -1.0 -1.0 -1.0 -1.0 1.888 1.612 4.596 1658.746 0.845 2500.408 -2.7876224280156365 1.0
20.0 1.0 Car -1.0 -1.0 -1.0 -1.0 -1.0 -1.0 -1.0 1.815 1.658 4.18 1741.413 0.529 2533.665 0.340581105520529 1.0
20.0 0.0 Car -1.0 -1.0 -1.0 -1.0 -1.0 -1.0 -1.0 2.085 1.681 4.681 1747.053 0.579 2528.65 -1.4064561244762697 0.0
20.0 2.0 Car -1.0 -1.0 -1.0 -1.0 -1.0 -1.0 -1.0 1.888 1.612 4.596 1655.834 0.895 2499.348 -2.7876224280156365 1.0
21.0 1.0 Car -1.0 -1.0 -1.0 -1.0 -1.0 -1.0 -1.0 1.815 1.658 4.18 1745.798 0.617 2535.244 0.3440724812517659 1.0
21.0 0.0 Car -1.0 -1.0 -1.0 -1.0 -1.0 -1.0 -1.0 2.085 1.681 4.681 1746.983 0.59 2529.031 -1.4129275288189327 1.0
21.0 2.0 Car -1.0 -1.0 -1.0 -1.0 -1.0 -1.0 -1.0 1.888 1.612 4.596 1652.803 0.935 2498.245 -2.7876224280156365 1.0
22.0 1.0 Car -1.0 -1.0 -1.0 -1.0 -1.0 -1.0 -1.0 1.815 1.658 4.18 1750.184 0.705 2536.824 0.34756401047521557 1.0
22.0 0.0 Car -1.0 -1.0 -1.0 -1.0 -1.0 -1.0 -1.0 2.085 1.681 4.681 1746.912 0.601 2529.412 -1.419399217665542 1.0
22.0 2.0 Car -1.0 -1.0 -1.0 -1.0 -1.0 -1.0 -1.0 1.888 1.612 4.596 1649.984 0.955 2497.254 -2.7876224280156365 1.0
23.0 1.0 Car -1.0 -1.0 -1.0 -1.0 -1.0 -1.0 -1.0 1.815 1.658 4.18 1754.57 0.793 2538.403 0.3510555257448278 1.0
23.0 0.0 Car -1.0 -1.0 -1.0 -1.0 -1.0 -1.0 -1.0 2.085 1.681 4.681 1746.841 0.612 2529.792 -1.4258708806481555 1.0
23.0 2.0 Car -1.0 -1.0 -1.0 -1.0 -1.0 -1.0 -1.0 1.888 1.612 4.596 1647.186 1.015 2496.203 -2.7876224280156365 0.0
24.0 1.0 Car -1.0 -1.0 -1.0 -1.0 -1.0 -1.0 -1.0 1.815 1.658 4.18 1759.864 0.881 2540.555 0.3510555257448278 1.0
24.0 0.0 Car -1.0 -1.0 -1.0 -1.0 -1.0 -1.0 -1.0 2.085 1.681 4.681 1746.771 0.623 2530.173 -1.4323349266842207 1.0
24.0 2.0 Car -1.0 -1.0 -1.0 -1.0 -1.0 -1.0 -1.0 1.888 1.612 4.596 1644.214 1.075 2495.088 -2.7876224280156365 0.0
25.0 1.0 Car -1.0 -1.0 -1.0 -1.0 -1.0 -1.0 -1.0 1.815 1.658 4.18 1765.178 0.669 2542.654 0.3510555257448278 1.0
25.0 0.0 Car -1.0 -1.0 -1.0 -1.0 -1.0 -1.0 -1.0 2.085 1.681 4.681 1746.7 0.635 2530.553 -1.43879932188422 0.0
25.0 2.0 Car -1.0 -1.0 -1.0 -1.0 -1.0 -1.0 -1.0 1.888 1.612 4.596 1640.826 1.135 2493.82 -2.7876224280156365 0.0
26.0 1.0 Car -1.0 -1.0 -1.0 -1.0 -1.0 -1.0 -1.0 1.815 1.658 4.18 1770.497 0.907 2544.738 0.3510555257448278 0.0
26.0 0.0 Car -1.0 -1.0 -1.0 -1.0 -1.0 -1.0 -1.0 2.085 1.681 4.681 1746.63 0.646 2530.933 -1.4452637558802117 0.0
26.0 2.0 Car -1.0 -1.0 -1.0 -1.0 -1.0 -1.0 -1.0 1.888 1.612 4.596 1637.202 1.245 2492.463 -2.7876224280156365 0.0
27.0 1.0 Car -1.0 -1.0 -1.0 -1.0 -1.0 -1.0 -1.0 1.815 1.658 4.18 1775.848 0.92 2546.737 0.3510555257448278 0.0
27.0 0.0 Car -1.0 -1.0 -1.0 -1.0 -1.0 -1.0 -1.0 2.085 1.681 4.681 1746.559 0.657 2531.314 -1.4517280864202229 0.0
27.0 2.0 Car -1.0 -1.0 -1.0 -1.0 -1.0 -1.0 -1.0 1.888 1.612 4.596 1633.577 1.355 2491.107 -2.7876224280156365 0.0
28.0 1.0 Car -1.0 -1.0 -1.0 -1.0 -1.0 -1.0 -1.0 1.815 1.658 4.18 1781.159 0.832 2548.845 0.3510555257448278 0.0
28.0 0.0 Car -1.0 -1.0 -1.0 -1.0 -1.0 -1.0 -1.0 2.085 1.681 4.681 1746.585 0.668 2531.512 -1.5903176157222314 0.0
28.0 2.0 Car -1.0 -1.0 -1.0 -1.0 -1.0 -1.0 -1.0 1.888 1.612 4.596 1629.418 1.665 2489.553 -2.7876224280156365 0.0
29.0 1.0 Car -1.0 -1.0 -1.0 -1.0 -1.0 -1.0 -1.0 1.815 1.658 4.18 1786.445 1.32 2551.019 0.3510555257448278 0.0
29.0 0.0 Car -1.0 -1.0 -1.0 -1.0 -1.0 -1.0 -1.0 2.085 1.681 4.681 1746.512 0.679 2531.659 -1.7463612713600984 0.0
29.0 2.0 Car -1.0 -1.0 -1.0 -1.0 -1.0 -1.0 -1.0 1.888 1.612 4.596 1625.282 1.412 2487.938 -2.7876224280156365 0.0
30.0 1.0 Car -1.0 -1.0 -1.0 -1.0 -1.0 -1.0 -1.0 1.815 1.658 4.18 1791.281 0.775 2552.858 0.348146645597909 0.0
30.0 0.0 Car -1.0 -1.0 -1.0 -1.0 -1.0 -1.0 -1.0 2.085 1.681 4.681 1746.084 0.675 2532.237 -1.749687663393273 0.0
30.0 2.0 Car -1.0 -1.0 -1.0 -1.0 -1.0 -1.0 -1.0 1.888 1.612 4.596 1621.147 2.01 2486.323 -2.7701691354956934 0.0
31.0 1.0 Car -1.0 -1.0 -1.0 -1.0 -1.0 -1.0 -1.0 1.815 1.658 4.18 1796.038 0.78 2554.913 0.34523775381255994 0.0
31.0 0.0 Car -1.0 -1.0 -1.0 -1.0 -1.0 -1.0 -1.0 2.085 1.681 4.681 1746.046 0.621 2532.796 -1.8810054547111454 0.0
31.0 2.0 Car -1.0 -1.0 -1.0 -1.0 -1.0 -1.0 -1.0 1.888 1.612 4.596 1617.039 2.207 2484.633 -2.7701691354956934 0.0
32.0 1.0 Car -1.0 -1.0 -1.0 -1.0 -1.0 -1.0 -1.0 1.815 1.658 4.18 1800.923 0.884 2556.617 0.34232882129270514 0.0
32.0 0.0 Car -1.0 -1.0 -1.0 -1.0 -1.0 -1.0 -1.0 2.085 1.681 4.681 1746.039 0.616 2533.39 -2.012325835606973 0.0
32.0 2.0 Car -1.0 -1.0 -1.0 -1.0 -1.0 -1.0 -1.0 1.888 1.612 4.596 1612.838 2.038 2483.19 -2.7876224280156365 0.0
33.0 1.0 Car -1.0 -1.0 -1.0 -1.0 -1.0 -1.0 -1.0 1.815 1.658 4.18 1805.807 0.989 2558.32 0.339419976061077 0.0
33.0 0.0 Car -1.0 -1.0 -1.0 -1.0 -1.0 -1.0 -1.0 2.085 1.681 4.681 1746.342 0.662 2533.843 -2.1087341197764498 0.0
33.0 2.0 Car -1.0 -1.0 -1.0 -1.0 -1.0 -1.0 -1.0 1.888 1.612 4.596 1608.652 2.031 2481.711 -2.7876224280156365 0.0
34.0 1.0 Car -1.0 -1.0 -1.0 -1.0 -1.0 -1.0 -1.0 1.815 1.658 4.18 1810.7 1.118 2559.996 0.3365111250102335 0.0
34.0 0.0 Car -1.0 -1.0 -1.0 -1.0 -1.0 -1.0 -1.0 2.085 1.681 4.681 1746.508 0.658 2534.128 -2.1426034894906016 0.0
34.0 2.0 Car -1.0 -1.0 -1.0 -1.0 -1.0 -1.0 -1.0 1.888 1.612 4.596 1604.466 2.024 2480.232 -2.7876224280156365 0.0
35.0 1.0 Car -1.0 -1.0 -1.0 -1.0 -1.0 -1.0 -1.0 1.815 1.658 4.18 1815.593 1.248 2561.672 0.3336022332248845 0.0
35.0 0.0 Car -1.0 -1.0 -1.0 -1.0 -1.0 -1.0 -1.0 2.085 1.681 4.681 1746.378 0.653 2534.006 -2.142602965766133 0.0
36.0 1.0 Car -1.0 -1.0 -1.0 -1.0 -1.0 -1.0 -1.0 1.815 1.658 4.18 1820.481 1.277 2563.367 0.34232917626264925 0.0
36.0 0.0 Car -1.0 -1.0 -1.0 -1.0 -1.0 -1.0 -1.0 2.085 1.681 4.681 1746.067 0.649 2533.784 -2.1687854009654264 0.0
37.0 1.0 Car -1.0 -1.0 -1.0 -1.0 -1.0 -1.0 -1.0 1.815 1.658 4.18 1825.368 1.307 2565.061 0.3510555257448278 0.0
