0.0 1.0 Car -1.0 -1.0 -1.0 -1.0 -1.0 -1.0 -1.0 2.169 1.867 4.308 148.999 0.866 1113.226 0.8476715105676259 0.0
1.0 1.0 Car -1.0 -1.0 -1.0 -1.0 -1.0 -1.0 -1.0 2.169 1.867 4.308 149.742 0.866 1114.194 0.8476715105676259 1.0
2.0 1.0 Car -1.0 -1.0 -1.0 -1.0 -1.0 -1.0 -1.0 2.169 1.867 4.308 150.131 0.866 1114.762 0.8476715105676259 1.0
3.0 1.0 Car -1.0 -1.0 -1.0 -1.0 -1.0 -1.0 -1.0 2.169 1.867 4.308 150.516 0.866 1115.236 0.8476715105676259 1.0
4.0 1.0 Car -1.0 -1.0 -1.0 -1.0 -1.0 -1.0 -1.0 2.169 1.867 4.308 150.902 0.866 1115.709 0.8476715105676259 1.0
5.0 1.0 Car -1.0 -1.0 -1.0 -1.0 -1.0 -1.0 -1.0 2.169 1.867 4.308 151.287 0.866 1116.183 0.8476715105676259 1.0
6.0 1.0 Car -1.0 -1.0 -1.0 -1.0 -1.0 -1.0 -1.0 2.169 1.867 4.308 151.672 0.866 1116.656 0.8476715105676259 1.0
7.0 1.0 Car -1.0 -1.0 -1.0 -1.0 -1.0 -1.0 -1.0 2.169 1.867 4.308 152.057 0.866 1117.129 0.8476715105676259 1.0
8.0 1.0 Car -1.0 -1.0 -1.0 -1.0 -1.0 -1.0 -1.0 2.169 1.867 4.308 152.443 0.866 1117.603 0.8476715105676259 1.0
9.0 1.0 Car -1.0 -1.0 -1.0 -1.0 -1.0 -1.0 -1.0 2.169 1.867 4.308 152.94 0.866 1118.136 0.8476715105676259 1.0
10.0 1.0 Car -1.0 -1.0 -1.0 -1.0 -1.0 -1.0 -1.0 2.169 1.867 4.308 153.437 0.866 1118.669 0.8476715105676259 1.0
11.0 1.0 Car -1.0 -1.0 -1.0 -1.0 -1.0 -1.0 -1.0 2.169 1.867 4.308 153.934 0.866 1119.202 0.8476715105676259 1.0
12.0 1.0 Car -1.0 -1.0 -1.0 -1.0 -1.0 -1.0 -1.0 2.169 1.867 4.308 154.506 0.866 1119.977 0.8476715105676259 1.0
13.0 1.0 Car -1.0 -1.0 -1.0 -1.0 -1.0 -1.0 -1.0 2.169 1.867 4.308 155.078 0.866 1120.753 0.8476715105676259 1.0
14.0 1.0 Car -1.0 -1.0 -1.0 -1.0 -1.0 -1.0 -1.0 2.169 1.867 4.308 155.65 0.866 1121.528 0.8476715105676259 1.0
15.0 1.0 Car -1.0 -1.0 -1.0 -1.0 -1.0 -1.0 -1.0 2.169 1.867 4.308 156.221 0.866 1122.304 0.8476715105676259 1.0
15.0 0.0 Truck -1.0 -1.0 -1.0 -1.0 -1.0 -1.0 -1.0 3.154 2.846 6.437 226.219 1.698 1171.113 2.808007872788321 0.0
16.0 1.0 Car -1.0 -1.0 -1.0 -1.0 -1.0 -1.0 -1.0 2.169 1.867 4.308 156.827 0.866 1123.121 0.8476715105676259 1.0
16.0 0.0 Truck -1.0 -1.0 -1.0 -1.0 -1.0 -1.0 -1.0 3.154 2.846 6.437 222.081 1.582 1172.542 2.7849445933869674 1.0
17.0 1.0 Car -1.0 -1.0 -1.0 -1.0 -1.0 -1.0 -1.0 2.169 1.867 4.308 157.432 0.866 1123.939 0.8476715105676259 1.0
17.0 0.0 Truck -1.0 -1.0 -1.0 -1.0 -1.0 -1.0 -1.0 3.154 2.846 6.437 217.978 1.465 1174.066 2.7618813139856138 1.0
18.0 1.0 Car -1.0 -1.0 -1.0 -1.0 -1.0 -1.0 -1.0 2.169 1.867 4.308 158.038 0.866 1124.756 0.8476715105676259 1.0
18.0 0.0 Truck -1.0 -1.0 -1.0 -1.0 -1.0 -1.0 -1.0 3.154 2.846 6.437 213.929 1.349 1175.731 2.73881803458426 0.0
19.0 1.0 Car -1.0 -1.0 -1.0 -1.0 -1.0 -1.0 -1.0 2.169 1.867 4.308 158.643 0.866 1125.573 0.8476715105676259 1.0
19.0 0.0 Truck -1.0 -1.0 -1.0 -1.0 -1.0 -1.0 -1.0 3.154 2.846 6.437 209.881 1.233 1177.396 2.715754755182907 0.0
20.0 1.0 Car -1.0 -1.0 -1.0 -1.0 -1.0 -1.0 -1.0 2.169 1.867 4.308 159.255 0.866 1126.297 0.8476715105676259 1.0
20.0 0.0 Truck -1.0 -1.0 -1.0 -1.0 -1.0 -1.0 -1.0 3.154 2.846 6.437 205.548 1.308 1179.241 2.723234737691454 0.0
21.0 1.0 Car -1.0 -1.0 -1.0 -1.0 -1.0 -1.0 -1.0 2.169 1.867 4.308 159.866 0.866 1127.02 0.8476715105676259 1.0
21.0 0.0 Truck -1.0 -1.0 -1.0 -1.0 -1.0 -1.0 -1.0 3.154 2.846 6.437 201.215 1.384 1181.086 2.730714720200001 0.0
22.0 1.0 Car -1.0 -1.0 -1.0 -1.0 -1.0 -1.0 -1.0 2.169 1.867 4.308 160.477 0.866 1127.743 0.8476715105676259 1.0
22.0 0.0 Truck -1.0 -1.0 -1.0 -1.0 -1.0 -1.0 -1.0 3.154 2.846 6.437 197.37 1.459 1182.718 2.738194702708548 0.0
23.0 1.0 Car -1.0 -1.0 -1.0 -1.0 -1.0 -1.0 -1.0 2.169 1.867 4.308 161.007 0.866 1128.433 0.8476715105676259 1.0
23.0 0.0 Truck -1.0 -1.0 -1.0 -1.0 -1.0 -1.0 -1.0 3.154 2.846 6.437 192.307 1.595 1184.899 2.738194702708548 0.0
24.0 1.0 Car -1.0 -1.0 -1.0 -1.0 -1.0 -1.0 -1.0 2.169 1.867 4.308 161.536 0.866 1129.123 0.8476715105676259 1.0
24.0 0.0 Truck -1.0 -1.0 -1.0 -1.0 -1.0 -1.0 -1.0 3.154 2.846 6.437 187.244 1.73 1187.08 2.738194702708548 0.0
25.0 1.0 Car -1.0 -1.0 -1.0 -1.0 -1.0 -1.0 -1.0 2.169 1.867 4.308 162.066 0.866 1129.813 0.8476715105676259 1.0
25.0 0.0 Truck -1.0 -1.0 -1.0 -1.0 -1.0 -1.0 -1.0 3.154 2.846 6.437 182.181 1.865 1189.262 2.738194702708548 0.0
26.0 1.0 Car -1.0 -1.0 -1.0 -1.0 -1.0 -1.0 -1.0 2.169 1.867 4.308 162.44 0.866 1130.331 0.8476715105676259 1.0
26.0 0.0 Truck -1.0 -1.0 -1.0 -1.0 -1.0 -1.0 -1.0 3.154 2.846 6.437 177.118 2.001 1191.443 2.738194702708548 0.0
27.0 1.0 Car -1.0 -1.0 -1.0 -1.0 -1.0 -1.0 -1.0 2.169 1.867 4.308 162.814 0.866 1130.848 0.8476715105676259 1.0
27.0 0.0 Truck -1.0 -1.0 -1.0 -1.0 -1.0 -1.0 -1.0 3.154 2.846 6.437 171.713 2.111 1193.866 2.738194702708548 0.0
28.0 1.0 Car -1.0 -1.0 -1.0 -1.0 -1.0 -1.0 -1.0 2.169 1.867 4.308 163.188 0.866 1131.365 0.8476715105676259 0.0
28.0 0.0 Truck -1.0 -1.0 -1.0 -1.0 -1.0 -1.0 -1.0 3.154 2.846 6.437 166.308 2.222 1196.289 2.738194702708548 0.0
29.0 1.0 Car -1.0 -1.0 -1.0 -1.0 -1.0 -1.0 -1.0 2.169 1.867 4.308 163.563 0.866 1131.882 0.8476715105676259 0.0
29.0 0.0 Truck -1.0 -1.0 -1.0 -1.0 -1.0 -1.0 -1.0 3.154 2.846 6.437 160.903 2.332 1198.713 2.738194702708548 0.0
30.0 1.0 Car -1.0 -1.0 -1.0 -1.0 -1.0 -1.0 -1.0 2.169 1.867 4.308 163.937 0.866 1132.4 0.8476715105676259 0.0
31.0 1.0 Car -1.0 -1.0 -1.0 -1.0 -1.0 -1.0 -1.0 2.169 1.867 4.308 164.17 0.866 1132.668 0.8476715105676259 0.0
32.0 1.0 Car -1.0 -1.0 -1.0 -1.0 -1.0 -1.0 -1.0 2.169 1.867 4.308 164.403 0.866 1132.937 0.8476715105676259 0.0
33.0 1.0 Car -1.0 -1.0 -1.0 -1.0 -1.0 -1.0 -1.0 2.169 1.867 4.308 164.636 0.866 1133.206 0.8476715105676259 0.0
34.0 1.0 Car -1.0 -1.0 -1.0 -1.0 -1.0 -1.0 -1.0 2.169 1.867 4.308 164.869 0.866 1133.474 0.8476715105676259 0.0
35.0 1.0 Car -1.0 -1.0 -1.0 -1.0 -1.0 -1.0 -1.0 2.169 1.867 4.308 165.103 0.866 1133.743 0.8476715105676259 0.0
36.0 1.0 Car -1.0 -1.0 -1.0 -1.0 -1.0 -1.0 -1.0 2.169 1.867 4.308 165.271 0.866 1133.974 0.8476715105676259 0.0
37.0 1.0 Car -1.0 -1.0 -1.0 -1.0 -1.0 -1.0 -1.0 2.169 1.867 4.308 165.439 0.866 1134.205 0.8476715105676259 0.0
38.0 1.0 Car -1.0 -1.0 -1.0 -1.0 -1.0 -1.0 -1.0 2.169 1.867 4.308 165.608 0.866 1134.436 0.8476715105676259 0.0
39.0 1.0 Car -1.0 -1.0 -1.0 -1.0 -1.0 -1.0 -1.0 2.169 1.867 4.308 165.776 0.866 1134.667 0.8476715105676259 0.0
