0.0 1.0 Car -1.0 -1.0 -1.0 -1.0 -1.0 -1.0 -1.0 2.008 1.717 4.793 860.824 0.898 1347.848 2.6262667386433467 0.0
0.0 5.0 Car -1.0 -1.0 -1.0 -1.0 -1.0 -1.0 -1.0 1.994 1.524 4.44 858.363 0.652 1334.917 -0.16158258214828325 0.0
0.0 4.0 Car -1.0 -1.0 -1.0 -1.0 -1.0 -1.0 -1.0 1.913 1.799 4.459 849.104 0.913 1355.29 2.6037868978788197 0.0
0.0 0.0 Car -1.0 -1.0 -1.0 -1.0 -1.0 -1.0 -1.0 2.114 2.021 4.942 864.951 1.2 1349.832 2.598481096947504 0.0
0.0 2.0 Car -1.0 -1.0 -1.0 -1.0 -1.0 -1.0 -1.0 1.978 1.567 4.686 883.327 0.939 1334.213 2.556453568563573 0.0
0.0 3.0 Car -1.0 -1.0 -1.0 -1.0 -1.0 -1.0 -1.0 2.153 2.04 4.866 877.657 1.084 1342.528 2.598481096947504 0.0
1.0 1.0 Car -1.0 -1.0 -1.0 -1.0 -1.0 -1.0 -1.0 2.008 1.717 4.793 856.05 0.898 1350.674 2.6088134461234036 1.0
1.0 5.0 Car -1.0 -1.0 -1.0 -1.0 -1.0 -1.0 -1.0 1.994 1.524 4.44 859.296 0.666 1334.937 -0.03192570444293574 1.0
1.0 4.0 Car -1.0 -1.0 -1.0 -1.0 -1.0 -1.0 -1.0 1.913 1.799 4.459 843.822 0.913 1358.503 2.594265742944379 1.0
1.0 0.0 Car -1.0 -1.0 -1.0 -1.0 -1.0 -1.0 -1.0 2.114 2.021 4.942 863.44 1.2 1350.761 2.598481096947504 1.0
1.0 2.0 Car -1.0 -1.0 -1.0 -1.0 -1.0 -1.0 -1.0 1.978 1.567 4.686 878.368 0.915 1337.252 2.566428417597848 1.0
1.0 3.0 Car -1.0 -1.0 -1.0 -1.0 -1.0 -1.0 -1.0 2.153 2.04 4.866 876.015 1.084 1343.483 2.6471351260836675 1.0
2.0 1.0 Car -1.0 -1.0 -1.0 -1.0 -1.0 -1.0 -1.0 2.008 1.717 4.793 852.237 0.898 1353.003 2.6088134461234036 1.0
2.0 5.0 Car -1.0 -1.0 -1.0 -1.0 -1.0 -1.0 -1.0 1.994 1.524 4.44 860.881 0.692 1334.857 -0.06355984082192358 1.0
2.0 4.0 Car -1.0 -1.0 -1.0 -1.0 -1.0 -1.0 -1.0 1.913 1.799 4.459 839.421 0.913 1361.18 2.586333605358876 1.0
2.0 0.0 Car -1.0 -1.0 -1.0 -1.0 -1.0 -1.0 -1.0 2.114 2.021 4.942 862.181 1.2 1351.534 2.598481096947504 1.0
2.0 2.0 Car -1.0 -1.0 -1.0 -1.0 -1.0 -1.0 -1.0 1.978 1.567 4.686 874.237 0.896 1339.784 2.574738530759465 1.0
2.0 3.0 Car -1.0 -1.0 -1.0 -1.0 -1.0 -1.0 -1.0 2.153 2.04 4.866 874.613 1.084 1344.216 2.6876691217863424 1.0
3.0 1.0 Car -1.0 -1.0 -1.0 -1.0 -1.0 -1.0 -1.0 2.008 1.717 4.793 848.472 0.898 1355.304 2.600087218833788 1.0
3.0 5.0 Car -1.0 -1.0 -1.0 -1.0 -1.0 -1.0 -1.0 1.994 1.524 4.44 862.463 0.717 1334.727 -0.09519511637385136 1.0
3.0 4.0 Car -1.0 -1.0 -1.0 -1.0 -1.0 -1.0 -1.0 1.913 1.799 4.459 834.731 0.888 1364.114 2.5776073780692608 1.0
3.0 0.0 Car -1.0 -1.0 -1.0 -1.0 -1.0 -1.0 -1.0 2.114 2.021 4.942 861.062 1.2 1352.224 2.598481096947504 1.0
3.0 2.0 Car -1.0 -1.0 -1.0 -1.0 -1.0 -1.0 -1.0 1.978 1.567 4.686 870.105 0.877 1342.315 2.583048943175531 1.0
3.0 3.0 Car -1.0 -1.0 -1.0 -1.0 -1.0 -1.0 -1.0 2.153 2.04 4.866 873.182 1.084 1344.892 2.728204577153681 1.0
4.0 1.0 Car -1.0 -1.0 -1.0 -1.0 -1.0 -1.0 -1.0 2.008 1.717 4.793 844.708 0.898 1357.606 2.59136015360346 1.0
4.0 5.0 Car -1.0 -1.0 -1.0 -1.0 -1.0 -1.0 -1.0 1.994 1.524 4.44 864.04 0.743 1334.548 -0.12683342972028558 1.0
4.0 4.0 Car -1.0 -1.0 -1.0 -1.0 -1.0 -1.0 -1.0 1.913 1.799 4.459 830.042 0.863 1367.049 2.5688803128389326 0.0
4.0 0.0 Car -1.0 -1.0 -1.0 -1.0 -1.0 -1.0 -1.0 2.114 2.021 4.942 859.942 1.2 1352.913 2.598481096947504 1.0
4.0 2.0 Car -1.0 -1.0 -1.0 -1.0 -1.0 -1.0 -1.0 1.978 1.567 4.686 865.973 0.857 1344.847 2.5913601536034596 1.0
4.0 3.0 Car -1.0 -1.0 -1.0 -1.0 -1.0 -1.0 -1.0 2.153 2.04 4.866 871.725 1.084 1345.51 2.7687439249601242 1.0
5.0 1.0 Car -1.0 -1.0 -1.0 -1.0 -1.0 -1.0 -1.0 2.008 1.717 4.793 840.431 0.898 1360.337 2.5826334811565053 1.0
5.0 5.0 Car -1.0 -1.0 -1.0 -1.0 -1.0 -1.0 -1.0 1.994 1.524 4.44 866.336 0.769 1334.214 -0.15846870527221335 1.0
5.0 4.0 Car -1.0 -1.0 -1.0 -1.0 -1.0 -1.0 -1.0 1.913 1.799 4.459 824.894 0.841 1370.186 2.573473520563314 0.0
5.0 0.0 Car -1.0 -1.0 -1.0 -1.0 -1.0 -1.0 -1.0 2.114 2.021 4.942 858.895 1.2 1353.558 2.5948448782523235 1.0
5.0 2.0 Car -1.0 -1.0 -1.0 -1.0 -1.0 -1.0 -1.0 1.978 1.567 4.686 861.831 0.836 1347.424 2.5877239349082792 1.0
5.0 3.0 Car -1.0 -1.0 -1.0 -1.0 -1.0 -1.0 -1.0 2.153 2.04 4.866 870.245 1.084 1346.068 2.809279380327463 1.0
6.0 1.0 Car -1.0 -1.0 -1.0 -1.0 -1.0 -1.0 -1.0 2.008 1.717 4.793 836.154 0.898 1363.067 2.5739068610835165 1.0
6.0 5.0 Car -1.0 -1.0 -1.0 -1.0 -1.0 -1.0 -1.0 1.994 1.524 4.44 868.858 0.835 1333.65 -0.22516759817367737 1.0
6.0 4.0 Car -1.0 -1.0 -1.0 -1.0 -1.0 -1.0 -1.0 1.913 1.799 4.459 819.746 0.82 1373.324 2.5780667007211164 0.0
6.0 0.0 Car -1.0 -1.0 -1.0 -1.0 -1.0 -1.0 -1.0 2.114 2.021 4.942 857.849 1.2 1354.202 2.5912086813802597 1.0
6.0 2.0 Car -1.0 -1.0 -1.0 -1.0 -1.0 -1.0 -1.0 1.978 1.567 4.686 857.69 0.816 1350.0 2.5840877380362155 1.0
6.0 3.0 Car -1.0 -1.0 -1.0 -1.0 -1.0 -1.0 -1.0 2.153 2.04 4.866 868.743 1.084 1346.565 2.849814592417358 1.0
7.0 1.0 Car -1.0 -1.0 -1.0 -1.0 -1.0 -1.0 -1.0 2.008 1.717 4.793 832.362 0.854 1365.42 2.5816632096122443 1.0
7.0 5.0 Car -1.0 -1.0 -1.0 -1.0 -1.0 -1.0 -1.0 1.994 1.524 4.44 871.249 0.889 1332.915 -0.3054989127104293 1.0
7.0 4.0 Car -1.0 -1.0 -1.0 -1.0 -1.0 -1.0 -1.0 1.913 1.799 4.459 815.629 0.802 1375.833 2.5817405630339696 0.0
7.0 0.0 Car -1.0 -1.0 -1.0 -1.0 -1.0 -1.0 -1.0 2.114 2.021 4.942 857.202 1.2 1354.601 2.588300263641039 1.0
7.0 2.0 Car -1.0 -1.0 -1.0 -1.0 -1.0 -1.0 -1.0 1.978 1.567 4.686 854.377 0.799 1352.061 2.581179320296995 1.0
7.0 3.0 Car -1.0 -1.0 -1.0 -1.0 -1.0 -1.0 -1.0 2.153 2.04 4.866 867.348 1.084 1346.937 2.877733777266597 1.0
8.0 1.0 Car -1.0 -1.0 -1.0 -1.0 -1.0 -1.0 -1.0 2.008 1.717 4.793 827.623 0.798 1368.361 2.59136015360346 1.0
8.0 5.0 Car -1.0 -1.0 -1.0 -1.0 -1.0 -1.0 -1.0 1.994 1.524 4.44 874.142 0.955 1331.731 -0.40592867742748956 1.0
8.0 4.0 Car -1.0 -1.0 -1.0 -1.0 -1.0 -1.0 -1.0 1.913 1.799 4.459 810.481 0.781 1378.971 2.586333605358876 0.0
8.0 0.0 Car -1.0 -1.0 -1.0 -1.0 -1.0 -1.0 -1.0 2.114 2.021 4.942 856.394 1.2 1355.099 2.584664175884561 1.0
8.0 2.0 Car -1.0 -1.0 -1.0 -1.0 -1.0 -1.0 -1.0 1.978 1.567 4.686 850.235 0.778 1354.637 2.577543232540517 1.0
8.0 3.0 Car -1.0 -1.0 -1.0 -1.0 -1.0 -1.0 -1.0 2.153 2.04 4.866 865.081 1.084 1347.607 2.84282719222671 1.0
9.0 1.0 Car -1.0 -1.0 -1.0 -1.0 -1.0 -1.0 -1.0 2.008 1.717 4.793 822.58 0.768 1371.489 2.59136015360346 1.0
9.0 5.0 Car -1.0 -1.0 -1.0 -1.0 -1.0 -1.0 -1.0 1.994 1.524 4.44 877.402 0.922 1330.157 -0.45828855498731924 1.0
9.0 4.0 Car -1.0 -1.0 -1.0 -1.0 -1.0 -1.0 -1.0 1.913 1.799 4.459 804.761 0.776 1382.424 2.5896899530200095 0.0
9.0 0.0 Car -1.0 -1.0 -1.0 -1.0 -1.0 -1.0 -1.0 2.114 2.021 4.942 855.585 1.2 1355.598 2.5810278044275607 1.0
9.0 2.0 Car -1.0 -1.0 -1.0 -1.0 -1.0 -1.0 -1.0 1.978 1.567 4.686 846.093 0.757 1357.214 2.5739068610835165 1.0
9.0 3.0 Car -1.0 -1.0 -1.0 -1.0 -1.0 -1.0 -1.0 2.153 2.04 4.866 862.325 1.146 1348.531 2.7708164467000014 1.0
10.0 1.0 Car -1.0 -1.0 -1.0 -1.0 -1.0 -1.0 -1.0 2.008 1.717 4.793 817.537 0.737 1374.618 2.59136015360346 1.0
10.0 5.0 Car -1.0 -1.0 -1.0 -1.0 -1.0 -1.0 -1.0 1.994 1.524 4.44 880.627 0.789 1328.502 -0.4757418475072624 1.0
10.0 4.0 Car -1.0 -1.0 -1.0 -1.0 -1.0 -1.0 -1.0 1.913 1.799 4.459 799.041 0.771 1385.877 2.593046347680538 0.0
10.0 0.0 Car -1.0 -1.0 -1.0 -1.0 -1.0 -1.0 -1.0 2.114 2.021 4.942 854.794 1.2 1356.082 2.584383478759145 1.0
10.0 2.0 Car -1.0 -1.0 -1.0 -1.0 -1.0 -1.0 -1.0 1.978 1.567 4.686 842.146 0.703 1359.675 2.5739068610835165 1.0
10.0 3.0 Car -1.0 -1.0 -1.0 -1.0 -1.0 -1.0 -1.0 2.153 2.04 4.866 859.635 1.185 1349.636 2.716258229717763 1.0
11.0 1.0 Car -1.0 -1.0 -1.0 -1.0 -1.0 -1.0 -1.0 2.008 1.717 4.793 811.32 0.782 1378.414 2.59136015360346 1.0
11.0 5.0 Car -1.0 -1.0 -1.0 -1.0 -1.0 -1.0 -1.0 1.994 1.524 4.44 884.283 0.887 1326.511 -0.4959733103826381 1.0
11.0 4.0 Car -1.0 -1.0 -1.0 -1.0 -1.0 -1.0 -1.0 1.913 1.799 4.459 792.182 0.766 1390.017 2.597070785029108 0.0
11.0 0.0 Car -1.0 -1.0 -1.0 -1.0 -1.0 -1.0 -1.0 2.114 2.021 4.942 853.844 1.2 1356.663 2.588407052407525 1.0
11.0 2.0 Car -1.0 -1.0 -1.0 -1.0 -1.0 -1.0 -1.0 1.978 1.567 4.686 837.414 0.639 1362.626 2.5739068610835165 1.0
11.0 3.0 Car -1.0 -1.0 -1.0 -1.0 -1.0 -1.0 -1.0 2.153 2.04 4.866 856.494 1.084 1351.152 2.6508409745073336 1.0
12.0 1.0 Car -1.0 -1.0 -1.0 -1.0 -1.0 -1.0 -1.0 2.008 1.717 4.793 806.13 0.82 1381.584 2.59136015360346 1.0
12.0 5.0 Car -1.0 -1.0 -1.0 -1.0 -1.0 -1.0 -1.0 1.994 1.524 4.44 887.323 0.97 1324.826 -0.5128643771174888 1.0
12.0 4.0 Car -1.0 -1.0 -1.0 -1.0 -1.0 -1.0 -1.0 1.913 1.799 4.459 786.456 0.761 1393.474 2.6004307516436653 0.0
12.0 0.0 Car -1.0 -1.0 -1.0 -1.0 -1.0 -1.0 -1.0 2.114 2.021 4.942 853.051 1.2 1357.148 2.5917662979265472 1.0
12.0 2.0 Car -1.0 -1.0 -1.0 -1.0 -1.0 -1.0 -1.0 1.978 1.567 4.686 833.201 0.702 1365.338 2.5913601536034596 1.0
12.0 3.0 Car -1.0 -1.0 -1.0 -1.0 -1.0 -1.0 -1.0 2.153 2.04 4.866 854.126 1.134 1352.439 2.636869009598616 1.0
13.0 1.0 Car -1.0 -1.0 -1.0 -1.0 -1.0 -1.0 -1.0 2.008 1.717 4.793 800.972 0.808 1384.734 2.59136015360346 1.0
13.0 5.0 Car -1.0 -1.0 -1.0 -1.0 -1.0 -1.0 -1.0 1.994 1.524 4.44 890.359 1.053 1323.143 -0.5297362382200058 1.0
13.0 4.0 Car -1.0 -1.0 -1.0 -1.0 -1.0 -1.0 -1.0 1.913 1.799 4.459 780.736 0.756 1396.927 2.6037868978788197 0.0
13.0 0.0 Car -1.0 -1.0 -1.0 -1.0 -1.0 -1.0 -1.0 2.114 2.021 4.942 852.33 1.2 1357.59 2.595121723886073 1.0
13.0 2.0 Car -1.0 -1.0 -1.0 -1.0 -1.0 -1.0 -1.0 1.978 1.567 4.686 828.951 0.674 1367.967 2.5826386370520575 1.0
13.0 3.0 Car -1.0 -1.0 -1.0 -1.0 -1.0 -1.0 -1.0 2.153 2.04 4.866 852.187 1.109 1353.558 2.6229129312188695 1.0
14.0 1.0 Car -1.0 -1.0 -1.0 -1.0 -1.0 -1.0 -1.0 2.008 1.717 4.793 795.808 0.795 1387.887 2.59136015360346 0.0
14.0 5.0 Car -1.0 -1.0 -1.0 -1.0 -1.0 -1.0 -1.0 1.994 1.524 4.44 893.604 1.188 1321.151 -0.545555017587033 1.0
14.0 4.0 Car -1.0 -1.0 -1.0 -1.0 -1.0 -1.0 -1.0 1.913 1.799 4.459 775.188 0.79 1400.285 2.601292304251791 0.0
14.0 0.0 Car -1.0 -1.0 -1.0 -1.0 -1.0 -1.0 -1.0 2.114 2.021 4.942 851.608 1.2 1358.031 2.598481096947504 1.0
14.0 2.0 Car -1.0 -1.0 -1.0 -1.0 -1.0 -1.0 -1.0 1.978 1.567 4.686 824.696 0.645 1370.599 2.5739068610835165 1.0
14.0 3.0 Car -1.0 -1.0 -1.0 -1.0 -1.0 -1.0 -1.0 2.153 2.04 4.866 850.829 1.084 1354.347 2.608940435828517 1.0
15.0 1.0 Car -1.0 -1.0 -1.0 -1.0 -1.0 -1.0 -1.0 2.008 1.717 4.793 790.148 0.783 1391.345 2.59136015360346 0.0
15.0 5.0 Car -1.0 -1.0 -1.0 -1.0 -1.0 -1.0 -1.0 1.994 1.524 4.44 897.909 1.224 1318.425 -0.563008310106976 1.0
15.0 4.0 Car -1.0 -1.0 -1.0 -1.0 -1.0 -1.0 -1.0 1.913 1.799 4.459 769.647 0.823 1403.64 2.598800442262756 0.0
15.0 0.0 Car -1.0 -1.0 -1.0 -1.0 -1.0 -1.0 -1.0 2.114 2.021 4.942 850.915 1.2 1358.428 2.6042968794733152 1.0
15.0 2.0 Car -1.0 -1.0 -1.0 -1.0 -1.0 -1.0 -1.0 1.978 1.567 4.686 820.988 0.674 1372.884 2.600087349788976 1.0
15.0 3.0 Car -1.0 -1.0 -1.0 -1.0 -1.0 -1.0 -1.0 2.153 2.04 4.866 849.782 1.084 1354.98 2.5949832406453277 1.0
16.0 1.0 Car -1.0 -1.0 -1.0 -1.0 -1.0 -1.0 -1.0 2.008 1.717 4.793 784.489 0.771 1394.802 2.59136015360346 0.0
16.0 5.0 Car -1.0 -1.0 -1.0 -1.0 -1.0 -1.0 -1.0 1.994 1.524 4.44 902.174 1.327 1315.69 -0.5571674988581021 1.0
16.0 0.0 Car -1.0 -1.0 -1.0 -1.0 -1.0 -1.0 -1.0 2.114 2.021 4.942 850.223 1.2 1358.824 2.610111929061009 1.0
16.0 2.0 Car -1.0 -1.0 -1.0 -1.0 -1.0 -1.0 -1.0 1.978 1.567 4.686 817.281 0.616 1375.169 2.5913601536034596 1.0
16.0 3.0 Car -1.0 -1.0 -1.0 -1.0 -1.0 -1.0 -1.0 2.153 2.04 4.866 848.735 1.084 1355.612 2.5810278044275603 1.0
17.0 1.0 Car -1.0 -1.0 -1.0 -1.0 -1.0 -1.0 -1.0 2.008 1.717 4.793 778.885 0.808 1398.225 2.59136015360346 0.0
17.0 5.0 Car -1.0 -1.0 -1.0 -1.0 -1.0 -1.0 -1.0 1.994 1.524 4.44 906.369 1.204 1312.842 -0.5862703146687909 1.0
17.0 0.0 Car -1.0 -1.0 -1.0 -1.0 -1.0 -1.0 -1.0 2.114 2.021 4.942 849.529 1.2 1359.221 2.6159343894674474 1.0
17.0 2.0 Car -1.0 -1.0 -1.0 -1.0 -1.0 -1.0 -1.0 1.978 1.567 4.686 814.126 0.623 1377.121 2.5855419011578693 1.0
17.0 3.0 Car -1.0 -1.0 -1.0 -1.0 -1.0 -1.0 -1.0 2.153 2.04 4.866 847.75 1.084 1356.237 2.584519531787812 1.0
18.0 1.0 Car -1.0 -1.0 -1.0 -1.0 -1.0 -1.0 -1.0 2.008 1.717 4.793 773.282 0.846 1401.648 2.59136015360346 0.0
18.0 5.0 Car -1.0 -1.0 -1.0 -1.0 -1.0 -1.0 -1.0 1.994 1.524 4.44 910.479 1.081 1309.874 -0.6153681876668071 1.0
18.0 0.0 Car -1.0 -1.0 -1.0 -1.0 -1.0 -1.0 -1.0 2.114 2.021 4.942 848.661 1.2 1359.745 2.6159343894674474 1.0
18.0 2.0 Car -1.0 -1.0 -1.0 -1.0 -1.0 -1.0 -1.0 1.978 1.567 4.686 811.792 0.631 1378.561 2.58845089948373 1.0
18.0 3.0 Car -1.0 -1.0 -1.0 -1.0 -1.0 -1.0 -1.0 2.153 2.04 4.866 846.765 1.084 1356.861 2.5880106661142364 1.0
19.0 1.0 Car -1.0 -1.0 -1.0 -1.0 -1.0 -1.0 -1.0 2.008 1.717 4.793 767.497 0.908 1405.055 2.6088134461234036 0.0
19.0 5.0 Car -1.0 -1.0 -1.0 -1.0 -1.0 -1.0 -1.0 1.994 1.524 4.44 914.858 1.117 1307.003 -0.6001635478737671 1.0
19.0 0.0 Car -1.0 -1.0 -1.0 -1.0 -1.0 -1.0 -1.0 2.114 2.021 4.942 847.793 1.2 1360.269 2.6159343894674474 1.0
19.0 2.0 Car -1.0 -1.0 -1.0 -1.0 -1.0 -1.0 -1.0 1.978 1.567 4.686 809.459 0.638 1380.002 2.5913601536034596 1.0
19.0 3.0 Car -1.0 -1.0 -1.0 -1.0 -1.0 -1.0 -1.0 2.153 2.04 4.866 845.78 1.084 1357.485 2.591502107422877 1.0
20.0 1.0 Car -1.0 -1.0 -1.0 -1.0 -1.0 -1.0 -1.0 2.008 1.717 4.793 761.718 0.971 1408.458 2.59136015360346 0.0
20.0 5.0 Car -1.0 -1.0 -1.0 -1.0 -1.0 -1.0 -1.0 1.994 1.524 4.44 919.265 1.153 1304.184 -0.584975801078413 1.0
20.0 0.0 Car -1.0 -1.0 -1.0 -1.0 -1.0 -1.0 -1.0 2.114 2.021 4.942 846.926 1.2 1360.793 2.6159343894674474 1.0
20.0 2.0 Car -1.0 -1.0 -1.0 -1.0 -1.0 -1.0 -1.0 1.978 1.567 4.686 807.963 0.678 1380.928 2.5904616510063194 1.0
20.0 3.0 Car -1.0 -1.0 -1.0 -1.0 -1.0 -1.0 -1.0 2.153 2.04 4.866 844.559 1.108 1358.254 2.5949896695926 1.0
21.0 1.0 Car -1.0 -1.0 -1.0 -1.0 -1.0 -1.0 -1.0 2.008 1.717 4.793 755.612 1.05 1412.111 2.59136015360346 0.0
21.0 5.0 Car -1.0 -1.0 -1.0 -1.0 -1.0 -1.0 -1.0 1.994 1.524 4.44 923.713 1.188 1301.422 -0.5697712220515516 1.0
21.0 0.0 Car -1.0 -1.0 -1.0 -1.0 -1.0 -1.0 -1.0 2.114 2.021 4.942 845.899 1.2 1361.383 2.6159343894674474 1.0
21.0 2.0 Car -1.0 -1.0 -1.0 -1.0 -1.0 -1.0 -1.0 1.978 1.567 4.686 806.465 0.719 1381.854 2.5895621526193544 1.0
21.0 3.0 Car -1.0 -1.0 -1.0 -1.0 -1.0 -1.0 -1.0 2.153 2.04 4.866 843.336 1.134 1359.024 2.598481096947504 1.0
22.0 1.0 Car -1.0 -1.0 -1.0 -1.0 -1.0 -1.0 -1.0 2.008 1.717 4.793 749.49 1.13 1415.773 2.59136015360346 0.0
22.0 5.0 Car -1.0 -1.0 -1.0 -1.0 -1.0 -1.0 -1.0 1.994 1.524 4.44 928.212 1.224 1298.716 -0.5545258993018541 1.0
22.0 0.0 Car -1.0 -1.0 -1.0 -1.0 -1.0 -1.0 -1.0 2.114 2.021 4.942 844.869 1.2 1361.975 2.6159343894674474 1.0
22.0 2.0 Car -1.0 -1.0 -1.0 -1.0 -1.0 -1.0 -1.0 1.978 1.567 4.686 804.964 0.759 1382.783 2.5886602438458275 1.0
22.0 3.0 Car -1.0 -1.0 -1.0 -1.0 -1.0 -1.0 -1.0 2.153 2.04 4.866 841.452 1.125 1360.142 2.598481096947504 1.0
23.0 1.0 Car -1.0 -1.0 -1.0 -1.0 -1.0 -1.0 -1.0 2.008 1.717 4.793 743.401 1.209 1419.415 2.59136015360346 0.0
23.0 5.0 Car -1.0 -1.0 -1.0 -1.0 -1.0 -1.0 -1.0 1.994 1.524 4.44 932.746 1.26 1296.126 -0.539361912082382 0.0
23.0 0.0 Car -1.0 -1.0 -1.0 -1.0 -1.0 -1.0 -1.0 2.114 2.021 4.942 843.845 1.2 1362.563 2.6159343894674474 1.0
23.0 2.0 Car -1.0 -1.0 -1.0 -1.0 -1.0 -1.0 -1.0 1.978 1.567 4.686 804.317 0.77 1383.185 2.587763146858152 1.0
23.0 3.0 Car -1.0 -1.0 -1.0 -1.0 -1.0 -1.0 -1.0 2.153 2.04 4.866 839.579 1.117 1361.254 2.598481096947504 1.0
24.0 1.0 Car -1.0 -1.0 -1.0 -1.0 -1.0 -1.0 -1.0 2.008 1.717 4.793 737.398 1.338 1423.204 2.59136015360346 0.0
24.0 5.0 Car -1.0 -1.0 -1.0 -1.0 -1.0 -1.0 -1.0 1.994 1.524 4.44 937.31 1.295 1293.585 -0.5241912102001605 0.0
24.0 0.0 Car -1.0 -1.0 -1.0 -1.0 -1.0 -1.0 -1.0 2.114 2.021 4.942 842.825 1.2 1363.149 2.624656293226967 1.0
24.0 2.0 Car -1.0 -1.0 -1.0 -1.0 -1.0 -1.0 -1.0 1.978 1.567 4.686 803.67 0.78 1383.587 2.586865652633019 1.0
24.0 3.0 Car -1.0 -1.0 -1.0 -1.0 -1.0 -1.0 -1.0 2.153 2.04 4.866 837.704 0.984 1362.366 2.598481096947504 1.0
25.0 1.0 Car -1.0 -1.0 -1.0 -1.0 -1.0 -1.0 -1.0 2.008 1.717 4.793 731.388 1.467 1426.998 2.59136015360346 0.0
25.0 5.0 Car -1.0 -1.0 -1.0 -1.0 -1.0 -1.0 -1.0 1.994 1.524 4.44 941.894 1.331 1291.067 -0.5090040103004146 0.0
25.0 0.0 Car -1.0 -1.0 -1.0 -1.0 -1.0 -1.0 -1.0 2.114 2.021 4.942 841.804 1.2 1363.735 2.633387681987391 1.0
25.0 2.0 Car -1.0 -1.0 -1.0 -1.0 -1.0 -1.0 -1.0 1.978 1.567 4.686 803.022 0.791 1383.989 2.585967182390061 1.0
25.0 3.0 Car -1.0 -1.0 -1.0 -1.0 -1.0 -1.0 -1.0 2.153 2.04 4.866 836.09 1.201 1363.348 2.598481096947504 1.0
26.0 5.0 Car -1.0 -1.0 -1.0 -1.0 -1.0 -1.0 -1.0 1.994 1.524 4.44 946.473 1.367 1288.551 -0.493831211985027 0.0
26.0 0.0 Car -1.0 -1.0 -1.0 -1.0 -1.0 -1.0 -1.0 2.114 2.021 4.942 840.734 1.283 1364.369 2.6242051286849684 1.0
26.0 2.0 Car -1.0 -1.0 -1.0 -1.0 -1.0 -1.0 -1.0 1.978 1.567 4.686 802.374 0.802 1384.391 2.5850695641405634 1.0
26.0 3.0 Car -1.0 -1.0 -1.0 -1.0 -1.0 -1.0 -1.0 2.153 2.04 4.866 834.821 1.214 1364.121 2.598481096947504 1.0
27.0 5.0 Car -1.0 -1.0 -1.0 -1.0 -1.0 -1.0 -1.0 1.994 1.524 4.44 950.246 1.395 1286.402 -0.5235743494642042 0.0
27.0 0.0 Car -1.0 -1.0 -1.0 -1.0 -1.0 -1.0 -1.0 2.114 2.021 4.942 840.111 1.259 1364.743 2.6168541838563106 0.0
27.0 2.0 Car -1.0 -1.0 -1.0 -1.0 -1.0 -1.0 -1.0 1.978 1.567 4.686 801.925 0.814 1384.669 2.5872134042762314 0.0
27.0 3.0 Car -1.0 -1.0 -1.0 -1.0 -1.0 -1.0 -1.0 2.153 2.04 4.866 834.004 1.145 1364.62 2.598481096947504 0.0
28.0 5.0 Car -1.0 -1.0 -1.0 -1.0 -1.0 -1.0 -1.0 1.994 1.524 4.44 954.871 1.431 1283.559 -0.5607642639228883 0.0
28.0 0.0 Car -1.0 -1.0 -1.0 -1.0 -1.0 -1.0 -1.0 2.114 2.021 4.942 839.332 1.23 1365.211 2.607662786023461 0.0
28.0 2.0 Car -1.0 -1.0 -1.0 -1.0 -1.0 -1.0 -1.0 1.978 1.567 4.686 801.364 0.828 1385.016 2.5898939967764143 0.0
28.0 3.0 Car -1.0 -1.0 -1.0 -1.0 -1.0 -1.0 -1.0 2.153 2.04 4.866 833.255 1.142 1365.079 2.598481096947504 0.0
29.0 5.0 Car -1.0 -1.0 -1.0 -1.0 -1.0 -1.0 -1.0 1.994 1.524 4.44 959.383 1.467 1280.55 -0.597914895146864 0.0
29.0 0.0 Car -1.0 -1.0 -1.0 -1.0 -1.0 -1.0 -1.0 2.114 2.021 4.942 838.554 1.2 1365.679 2.598481096947504 0.0
29.0 2.0 Car -1.0 -1.0 -1.0 -1.0 -1.0 -1.0 -1.0 1.978 1.567 4.686 800.669 0.842 1385.446 2.5925717578007554 0.0
29.0 3.0 Car -1.0 -1.0 -1.0 -1.0 -1.0 -1.0 -1.0 2.153 2.04 4.866 832.602 1.139 1365.48 2.598481096947504 0.0
30.0 5.0 Car -1.0 -1.0 -1.0 -1.0 -1.0 -1.0 -1.0 1.994 1.524 4.44 963.072 1.502 1277.987 -0.6085950926882949 0.0
30.0 0.0 Car -1.0 -1.0 -1.0 -1.0 -1.0 -1.0 -1.0 2.114 2.021 4.942 837.846 1.2 1366.109 2.5949210311003603 0.0
30.0 2.0 Car -1.0 -1.0 -1.0 -1.0 -1.0 -1.0 -1.0 1.978 1.567 4.686 799.809 0.857 1385.977 2.595252462916455 0.0
30.0 3.0 Car -1.0 -1.0 -1.0 -1.0 -1.0 -1.0 -1.0 2.153 2.04 4.866 832.035 1.136 1365.829 2.598481096947504 0.0
31.0 5.0 Car -1.0 -1.0 -1.0 -1.0 -1.0 -1.0 -1.0 1.994 1.524 4.44 966.765 1.538 1275.422 -0.6192862292679876 0.0
31.0 0.0 Car -1.0 -1.0 -1.0 -1.0 -1.0 -1.0 -1.0 2.114 2.021 4.942 837.137 1.2 1366.539 2.5913573189071295 0.0
31.0 2.0 Car -1.0 -1.0 -1.0 -1.0 -1.0 -1.0 -1.0 1.978 1.567 4.686 798.947 0.871 1386.509 2.5979359137056974 0.0
31.0 3.0 Car -1.0 -1.0 -1.0 -1.0 -1.0 -1.0 -1.0 2.153 2.04 4.866 831.467 1.084 1366.179 2.598481096947504 0.0
32.0 5.0 Car -1.0 -1.0 -1.0 -1.0 -1.0 -1.0 -1.0 1.994 1.524 4.44 970.458 1.574 1272.856 -0.6148091064566051 0.0
32.0 0.0 Car -1.0 -1.0 -1.0 -1.0 -1.0 -1.0 -1.0 2.114 2.021 4.942 836.428 1.2 1366.969 2.587793357451959 0.0
32.0 2.0 Car -1.0 -1.0 -1.0 -1.0 -1.0 -1.0 -1.0 1.978 1.567 4.686 797.821 0.875 1387.19 2.5939281043789704 0.0
32.0 3.0 Car -1.0 -1.0 -1.0 -1.0 -1.0 -1.0 -1.0 2.153 2.04 4.866 830.882 1.084 1366.539 2.5962701037096116 0.0
33.0 5.0 Car -1.0 -1.0 -1.0 -1.0 -1.0 -1.0 -1.0 1.994 1.524 4.44 974.147 1.609 1270.293 -0.6103368863358988 0.0
33.0 0.0 Car -1.0 -1.0 -1.0 -1.0 -1.0 -1.0 -1.0 2.114 2.021 4.942 835.719 1.2 1367.398 2.584233298726585 0.0
33.0 2.0 Car -1.0 -1.0 -1.0 -1.0 -1.0 -1.0 -1.0 1.978 1.567 4.686 796.192 0.878 1388.178 2.58992468381937 0.0
33.0 3.0 Car -1.0 -1.0 -1.0 -1.0 -1.0 -1.0 -1.0 2.153 2.04 4.866 830.245 1.084 1366.931 2.5940615316284292 0.0
34.0 5.0 Car -1.0 -1.0 -1.0 -1.0 -1.0 -1.0 -1.0 1.994 1.524 4.44 977.469 1.642 1267.986 -0.6063100774524588 0.0
34.0 0.0 Car -1.0 -1.0 -1.0 -1.0 -1.0 -1.0 -1.0 2.114 2.021 4.942 835.081 1.2 1367.785 2.5810278044275607 0.0
34.0 2.0 Car -1.0 -1.0 -1.0 -1.0 -1.0 -1.0 -1.0 1.978 1.567 4.686 794.725 0.882 1389.067 2.5863199843550246 0.0
34.0 3.0 Car -1.0 -1.0 -1.0 -1.0 -1.0 -1.0 -1.0 2.153 2.04 4.866 829.762 1.084 1367.229 2.5920729225179233 0.0
35.0 0.0 Car -1.0 -1.0 -1.0 -1.0 -1.0 -1.0 -1.0 2.114 2.021 4.942 834.327 1.2 1368.261 2.5810278044275607 0.0
35.0 2.0 Car -1.0 -1.0 -1.0 -1.0 -1.0 -1.0 -1.0 1.978 1.567 4.686 792.573 0.898 1390.382 2.5879473038950573 0.0
35.0 3.0 Car -1.0 -1.0 -1.0 -1.0 -1.0 -1.0 -1.0 2.153 2.04 4.866 829.281 1.084 1367.525 2.589861920443693 0.0
36.0 0.0 Car -1.0 -1.0 -1.0 -1.0 -1.0 -1.0 -1.0 2.114 2.021 4.942 833.498 1.2 1368.784 2.5810278044275607 0.0
36.0 2.0 Car -1.0 -1.0 -1.0 -1.0 -1.0 -1.0 -1.0 1.978 1.567 4.686 789.85 0.915 1392.047 2.589736440327929 0.0
36.0 3.0 Car -1.0 -1.0 -1.0 -1.0 -1.0 -1.0 -1.0 2.153 2.04 4.866 828.683 1.084 1367.894 2.587431061434846 0.0
37.0 0.0 Car -1.0 -1.0 -1.0 -1.0 -1.0 -1.0 -1.0 2.114 2.021 4.942 832.745 1.2 1369.258 2.5810278044275607 0.0
37.0 2.0 Car -1.0 -1.0 -1.0 -1.0 -1.0 -1.0 -1.0 1.978 1.567 4.686 787.379 0.931 1393.559 2.5913601536034596 0.0
37.0 3.0 Car -1.0 -1.0 -1.0 -1.0 -1.0 -1.0 -1.0 2.153 2.04 4.866 828.139 1.084 1368.229 2.585224959110234 0.0
38.0 0.0 Car -1.0 -1.0 -1.0 -1.0 -1.0 -1.0 -1.0 2.114 2.021 4.942 831.991 1.2 1369.734 2.5810278044275607 0.0
38.0 2.0 Car -1.0 -1.0 -1.0 -1.0 -1.0 -1.0 -1.0 1.978 1.567 4.686 784.191 0.921 1395.53 2.5913601536034596 0.0
38.0 3.0 Car -1.0 -1.0 -1.0 -1.0 -1.0 -1.0 -1.0 2.153 2.04 4.866 827.595 1.084 1368.565 2.5830139702905113 0.0
