0.0 1.0 Truck -1.0 -1.0 -1.0 -1.0 -1.0 -1.0 -1.0 2.382 2.914 6.596 503.492 1.503 1376.402 -2.0315457968533903 0.0
1.0 1.0 Truck -1.0 -1.0 -1.0 -1.0 -1.0 -1.0 -1.0 2.382 2.914 6.596 502.706 1.509 1374.879 -2.0528775988222097 0.0
2.0 1.0 Truck -1.0 -1.0 -1.0 -1.0 -1.0 -1.0 -1.0 2.382 2.914 6.596 501.837 1.515 1373.195 -2.0742094007910286 0.0
3.0 1.0 Truck -1.0 -1.0 -1.0 -1.0 -1.0 -1.0 -1.0 2.382 2.914 6.596 500.373 1.521 1370.647 -2.0955412027598483 1.0
4.0 1.0 Truck -1.0 -1.0 -1.0 -1.0 -1.0 -1.0 -1.0 2.382 2.914 6.596 498.91 1.528 1368.098 -2.1168730047286677 1.0
5.0 1.0 Truck -1.0 -1.0 -1.0 -1.0 -1.0 -1.0 -1.0 2.382 2.914 6.596 497.476 1.534 1365.801 -2.128314607602852 1.0
6.0 1.0 Truck -1.0 -1.0 -1.0 -1.0 -1.0 -1.0 -1.0 2.382 2.914 6.596 496.15 1.54 1363.678 -2.139756210477037 1.0
6.0 0.0 Car -1.0 -1.0 -1.0 -1.0 -1.0 -1.0 -1.0 1.608 1.551 3.96 472.625 0.304 1336.017 1.0992083619141695 0.0
7.0 1.0 Truck -1.0 -1.0 -1.0 -1.0 -1.0 -1.0 -1.0 2.382 2.914 6.596 494.824 1.546 1361.554 -2.151197813351222 1.0
7.0 0.0 Car -1.0 -1.0 -1.0 -1.0 -1.0 -1.0 -1.0 1.608 1.551 3.96 472.953 0.437 1336.666 1.0992083619141695 1.0
8.0 1.0 Truck -1.0 -1.0 -1.0 -1.0 -1.0 -1.0 -1.0 2.382 2.914 6.596 493.264 1.552 1359.059 -2.1306417132721784 1.0
8.0 0.0 Car -1.0 -1.0 -1.0 -1.0 -1.0 -1.0 -1.0 1.608 1.551 3.96 473.281 0.57 1337.315 1.0992083619141695 0.0
9.0 1.0 Truck -1.0 -1.0 -1.0 -1.0 -1.0 -1.0 -1.0 2.382 2.914 6.596 491.617 1.559 1356.512 -2.127538905713078 1.0
9.0 0.0 Car -1.0 -1.0 -1.0 -1.0 -1.0 -1.0 -1.0 1.608 1.551 3.96 473.609 0.703 1337.964 1.0992083619141695 0.0
10.0 1.0 Truck -1.0 -1.0 -1.0 -1.0 -1.0 -1.0 -1.0 2.382 2.914 6.596 489.783 1.584 1353.525 -2.127538905713078 1.0
10.0 0.0 Car -1.0 -1.0 -1.0 -1.0 -1.0 -1.0 -1.0 1.608 1.551 3.96 474.646 0.769 1339.883 1.1166616544341128 0.0
11.0 1.0 Truck -1.0 -1.0 -1.0 -1.0 -1.0 -1.0 -1.0 2.382 2.914 6.596 488.035 1.609 1350.593 -2.127538905713078 1.0
11.0 0.0 Car -1.0 -1.0 -1.0 -1.0 -1.0 -1.0 -1.0 1.608 1.551 3.96 475.399 0.836 1341.425 1.1166616544341128 0.0
12.0 1.0 Truck -1.0 -1.0 -1.0 -1.0 -1.0 -1.0 -1.0 2.382 2.914 6.596 486.118 1.617 1347.38 -2.1042678490198203 1.0
12.0 0.0 Car -1.0 -1.0 -1.0 -1.0 -1.0 -1.0 -1.0 1.608 1.551 3.96 475.913 0.902 1342.478 1.1166616544341128 0.0
13.0 1.0 Truck -1.0 -1.0 -1.0 -1.0 -1.0 -1.0 -1.0 2.382 2.914 6.596 484.207 1.625 1343.771 -2.080996792326563 1.0
13.0 0.0 Car -1.0 -1.0 -1.0 -1.0 -1.0 -1.0 -1.0 1.608 1.551 3.96 476.071 0.952 1342.886 1.1341149469540561 0.0
14.0 1.0 Truck -1.0 -1.0 -1.0 -1.0 -1.0 -1.0 -1.0 2.382 2.914 6.596 482.295 1.634 1340.163 -2.0577257356333054 1.0
14.0 0.0 Car -1.0 -1.0 -1.0 -1.0 -1.0 -1.0 -1.0 1.608 1.551 3.96 476.208 1.002 1343.184 1.1341149469540561 0.0
15.0 1.0 Truck -1.0 -1.0 -1.0 -1.0 -1.0 -1.0 -1.0 2.382 2.914 6.596 480.73 1.642 1337.083 -2.034454678940048 1.0
15.0 0.0 Car -1.0 -1.0 -1.0 -1.0 -1.0 -1.0 -1.0 1.608 1.551 3.96 476.218 1.202 1343.211 1.1341149469540561 0.0
16.0 1.0 Truck -1.0 -1.0 -1.0 -1.0 -1.0 -1.0 -1.0 2.382 2.914 6.596 478.756 1.65 1332.69 -2.0111836222467905 1.0
16.0 0.0 Car -1.0 -1.0 -1.0 -1.0 -1.0 -1.0 -1.0 1.608 1.551 3.96 476.253 1.352 1343.225 1.1341149469540561 0.0
17.0 1.0 Truck -1.0 -1.0 -1.0 -1.0 -1.0 -1.0 -1.0 2.382 2.914 6.596 476.781 1.659 1328.298 -1.9879125655535328 1.0
17.0 0.0 Car -1.0 -1.0 -1.0 -1.0 -1.0 -1.0 -1.0 1.608 1.551 3.96 476.338 1.469 1343.347 1.1341149469540561 0.0
18.0 1.0 Truck -1.0 -1.0 -1.0 -1.0 -1.0 -1.0 -1.0 2.382 2.914 6.596 475.036 1.684 1324.237 -1.9914032240575215 1.0
18.0 0.0 Car -1.0 -1.0 -1.0 -1.0 -1.0 -1.0 -1.0 1.608 1.551 3.96 476.423 1.585 1343.469 1.1341149469540561 0.0
19.0 1.0 Truck -1.0 -1.0 -1.0 -1.0 -1.0 -1.0 -1.0 2.382 2.914 6.596 473.292 1.709 1320.177 -1.9948938825615095 1.0
19.0 0.0 Car -1.0 -1.0 -1.0 -1.0 -1.0 -1.0 -1.0 1.608 1.551 3.96 476.508 1.702 1343.591 1.1341149469540561 0.0
20.0 1.0 Truck -1.0 -1.0 -1.0 -1.0 -1.0 -1.0 -1.0 2.382 2.914 6.596 471.797 1.734 1316.667 -1.9983845410654981 1.0
21.0 1.0 Truck -1.0 -1.0 -1.0 -1.0 -1.0 -1.0 -1.0 2.382 2.914 6.596 470.301 1.759 1313.158 -2.001875199569487 1.0
22.0 1.0 Truck -1.0 -1.0 -1.0 -1.0 -1.0 -1.0 -1.0 2.382 2.914 6.596 468.806 1.784 1309.649 -2.0053658580734752 1.0
23.0 1.0 Truck -1.0 -1.0 -1.0 -1.0 -1.0 -1.0 -1.0 2.382 2.914 6.596 467.257 1.759 1306.283 -2.022819150593419 0.0
24.0 1.0 Truck -1.0 -1.0 -1.0 -1.0 -1.0 -1.0 -1.0 2.382 2.914 6.596 465.803 1.734 1303.218 -2.0315457968533903 0.0
25.0 1.0 Truck -1.0 -1.0 -1.0 -1.0 -1.0 -1.0 -1.0 2.382 2.914 6.596 464.588 1.709 1300.534 -2.0402724431133614 0.0
26.0 1.0 Truck -1.0 -1.0 -1.0 -1.0 -1.0 -1.0 -1.0 2.382 2.914 6.596 463.235 1.684 1297.72 -2.0315457968533903 0.0
27.0 1.0 Truck -1.0 -1.0 -1.0 -1.0 -1.0 -1.0 -1.0 2.382 2.914 6.596 461.881 1.759 1294.907 -2.022819150593419 0.0
28.0 1.0 Truck -1.0 -1.0 -1.0 -1.0 -1.0 -1.0 -1.0 2.382 2.914 6.596 460.618 1.734 1292.222 -2.0315457968533903 0.0
29.0 1.0 Truck -1.0 -1.0 -1.0 -1.0 -1.0 -1.0 -1.0 2.382 2.914 6.596 459.354 1.809 1289.537 -2.022819150593419 0.0
30.0 1.0 Truck -1.0 -1.0 -1.0 -1.0 -1.0 -1.0 -1.0 2.382 2.914 6.596 458.505 1.834 1287.619 -2.022819150593419 0.0
31.0 1.0 Truck -1.0 -1.0 -1.0 -1.0 -1.0 -1.0 -1.0 2.382 2.914 6.596 457.536 1.859 1285.76 -2.0402724431133614 0.0
32.0 1.0 Truck -1.0 -1.0 -1.0 -1.0 -1.0 -1.0 -1.0 2.382 2.914 6.596 456.94 1.934 1284.489 -2.0315457968533903 0.0
33.0 1.0 Truck -1.0 -1.0 -1.0 -1.0 -1.0 -1.0 -1.0 2.382 2.914 6.596 456.344 1.859 1283.217 -2.022819150593419 0.0
34.0 1.0 Truck -1.0 -1.0 -1.0 -1.0 -1.0 -1.0 -1.0 2.382 2.914 6.596 456.01 1.959 1282.537 -2.022819150593419 0.0
