0.0 1.0 Car -1.0 -1.0 -1.0 -1.0 -1.0 -1.0 -1.0 1.913 1.746 4.415 1190.008 1.629 1127.179 2.4996256481214805 0.0
0.0 6.0 Car -1.0 -1.0 -1.0 -1.0 -1.0 -1.0 -1.0 1.797 1.707 4.15 1242.263 0.806 1093.442 2.5461561259949157 0.0
0.0 2.0 Bus -1.0 -1.0 -1.0 -1.0 -1.0 -1.0 -1.0 2.592 3.037 8.818 1226.249 1.47 1101.047 2.534532233161367 0.0
0.0 0.0 Truck -1.0 -1.0 -1.0 -1.0 -1.0 -1.0 -1.0 2.161 2.219 5.559 1230.345 0.936 1102.002 2.517078940641424 0.0
0.0 3.0 Car -1.0 -1.0 -1.0 -1.0 -1.0 -1.0 -1.0 1.781 1.88 4.651 1259.524 0.399 1077.654 2.4905324827180113 0.0
1.0 1.0 Car -1.0 -1.0 -1.0 -1.0 -1.0 -1.0 -1.0 1.913 1.746 4.415 1188.581 1.581 1128.249 2.4996256481214805 1.0
1.0 6.0 Car -1.0 -1.0 -1.0 -1.0 -1.0 -1.0 -1.0 1.797 1.707 4.15 1238.724 0.806 1095.891 2.5390788558974307 1.0
1.0 2.0 Bus -1.0 -1.0 -1.0 -1.0 -1.0 -1.0 -1.0 2.592 3.037 8.818 1222.552 1.484 1103.747 2.534532233161367 1.0
1.0 0.0 Truck -1.0 -1.0 -1.0 -1.0 -1.0 -1.0 -1.0 2.161 2.219 5.559 1227.532 0.936 1104.008 2.517078940641424 1.0
1.0 3.0 Car -1.0 -1.0 -1.0 -1.0 -1.0 -1.0 -1.0 1.781 1.88 4.651 1256.546 0.405 1079.929 2.5029842444011785 1.0
2.0 1.0 Car -1.0 -1.0 -1.0 -1.0 -1.0 -1.0 -1.0 1.913 1.746 4.415 1187.153 1.533 1129.32 2.4996256481214805 1.0
2.0 6.0 Car -1.0 -1.0 -1.0 -1.0 -1.0 -1.0 -1.0 1.797 1.707 4.15 1235.52 0.806 1098.117 2.5319947970584487 1.0
2.0 2.0 Bus -1.0 -1.0 -1.0 -1.0 -1.0 -1.0 -1.0 2.592 3.037 8.818 1218.853 1.497 1106.45 2.534532233161367 1.0
2.0 0.0 Truck -1.0 -1.0 -1.0 -1.0 -1.0 -1.0 -1.0 2.161 2.219 5.559 1224.717 0.936 1106.016 2.517078940641424 1.0
2.0 3.0 Car -1.0 -1.0 -1.0 -1.0 -1.0 -1.0 -1.0 1.781 1.88 4.651 1253.536 0.411 1082.169 2.5154479502082934 1.0
3.0 1.0 Car -1.0 -1.0 -1.0 -1.0 -1.0 -1.0 -1.0 1.913 1.746 4.415 1186.103 1.481 1130.108 2.4996256481214805 1.0
3.0 6.0 Car -1.0 -1.0 -1.0 -1.0 -1.0 -1.0 -1.0 1.797 1.707 4.15 1231.994 0.806 1100.568 2.5241967865431922 1.0
3.0 2.0 Bus -1.0 -1.0 -1.0 -1.0 -1.0 -1.0 -1.0 2.592 3.037 8.818 1215.338 1.538 1108.914 2.5306917768886557 1.0
3.0 0.0 Truck -1.0 -1.0 -1.0 -1.0 -1.0 -1.0 -1.0 2.161 2.219 5.559 1221.617 0.936 1108.225 2.517078940641424 1.0
3.0 3.0 Car -1.0 -1.0 -1.0 -1.0 -1.0 -1.0 -1.0 1.781 1.88 4.651 1250.191 0.418 1084.592 2.5291677838731563 1.0
4.0 1.0 Car -1.0 -1.0 -1.0 -1.0 -1.0 -1.0 -1.0 1.913 1.746 4.415 1185.148 1.433 1130.824 2.4996256481214805 0.0
4.0 6.0 Car -1.0 -1.0 -1.0 -1.0 -1.0 -1.0 -1.0 1.797 1.707 4.15 1229.214 0.806 1102.504 2.5287631391169842 1.0
4.0 2.0 Bus -1.0 -1.0 -1.0 -1.0 -1.0 -1.0 -1.0 2.592 3.037 8.818 1212.141 1.575 1111.155 2.527198957389883 1.0
4.0 0.0 Truck -1.0 -1.0 -1.0 -1.0 -1.0 -1.0 -1.0 2.161 2.219 5.559 1219.233 0.936 1109.922 2.517078940641424 1.0
4.0 3.0 Car -1.0 -1.0 -1.0 -1.0 -1.0 -1.0 -1.0 1.781 1.88 4.651 1247.083 0.424 1086.699 2.541645702938413 1.0
5.0 1.0 Car -1.0 -1.0 -1.0 -1.0 -1.0 -1.0 -1.0 1.913 1.746 4.415 1184.642 1.373 1131.206 2.4942072074984725 0.0
5.0 6.0 Car -1.0 -1.0 -1.0 -1.0 -1.0 -1.0 -1.0 1.797 1.707 4.15 1226.713 0.806 1104.245 2.532870581501798 1.0
5.0 2.0 Bus -1.0 -1.0 -1.0 -1.0 -1.0 -1.0 -1.0 2.592 3.037 8.818 1209.802 1.587 1112.791 2.5294756005673538 1.0
5.0 0.0 Truck -1.0 -1.0 -1.0 -1.0 -1.0 -1.0 -1.0 2.161 2.219 5.559 1217.089 0.936 1111.447 2.517078940641424 1.0
5.0 3.0 Car -1.0 -1.0 -1.0 -1.0 -1.0 -1.0 -1.0 1.781 1.88 4.651 1244.286 0.43 1088.594 2.5528696136668727 1.0
6.0 1.0 Car -1.0 -1.0 -1.0 -1.0 -1.0 -1.0 -1.0 1.913 1.746 4.415 1184.08 1.306 1131.629 2.4881898959095734 0.0
6.0 6.0 Car -1.0 -1.0 -1.0 -1.0 -1.0 -1.0 -1.0 1.797 1.707 4.15 1223.936 0.806 1106.179 2.537431997300639 1.0
6.0 2.0 Bus -1.0 -1.0 -1.0 -1.0 -1.0 -1.0 -1.0 2.592 3.037 8.818 1207.205 1.6 1114.608 2.5320038688143867 1.0
6.0 0.0 Truck -1.0 -1.0 -1.0 -1.0 -1.0 -1.0 -1.0 2.161 2.219 5.559 1214.708 0.936 1113.142 2.517078940641424 1.0
6.0 3.0 Car -1.0 -1.0 -1.0 -1.0 -1.0 -1.0 -1.0 1.781 1.88 4.651 1241.181 0.436 1090.698 2.5653340426046647 1.0
7.0 1.0 Car -1.0 -1.0 -1.0 -1.0 -1.0 -1.0 -1.0 1.913 1.746 4.415 1183.518 1.239 1132.052 2.4821723556015374 0.0
7.0 6.0 Car -1.0 -1.0 -1.0 -1.0 -1.0 -1.0 -1.0 1.797 1.707 4.15 1221.777 0.806 1107.683 2.533069802057538 1.0
7.0 2.0 Bus -1.0 -1.0 -1.0 -1.0 -1.0 -1.0 -1.0 2.592 3.037 8.818 1204.608 1.613 1116.426 2.534532233161367 1.0
7.0 0.0 Truck -1.0 -1.0 -1.0 -1.0 -1.0 -1.0 -1.0 2.161 2.219 5.559 1212.713 0.936 1114.558 2.517078940641424 1.0
7.0 3.0 Car -1.0 -1.0 -1.0 -1.0 -1.0 -1.0 -1.0 1.781 1.88 4.651 1238.075 0.442 1092.803 2.577798945317728 1.0
8.0 1.0 Car -1.0 -1.0 -1.0 -1.0 -1.0 -1.0 -1.0 1.913 1.746 4.415 1183.376 1.224 1132.163 2.485597172044988 0.0
8.0 6.0 Car -1.0 -1.0 -1.0 -1.0 -1.0 -1.0 -1.0 1.797 1.707 4.15 1219.615 0.806 1109.188 2.528702833474972 1.0
8.0 2.0 Bus -1.0 -1.0 -1.0 -1.0 -1.0 -1.0 -1.0 2.592 3.037 8.818 1202.644 1.597 1117.828 2.5359956948634936 1.0
8.0 0.0 Truck -1.0 -1.0 -1.0 -1.0 -1.0 -1.0 -1.0 2.161 2.219 5.559 1210.715 0.936 1115.976 2.517078940641424 1.0
8.0 3.0 Car -1.0 -1.0 -1.0 -1.0 -1.0 -1.0 -1.0 1.781 1.88 4.651 1234.801 0.448 1094.802 2.5952522378376717 1.0
9.0 1.0 Car -1.0 -1.0 -1.0 -1.0 -1.0 -1.0 -1.0 1.913 1.746 4.415 1183.219 1.207 1132.285 2.4893627373029017 0.0
9.0 6.0 Car -1.0 -1.0 -1.0 -1.0 -1.0 -1.0 -1.0 1.797 1.707 4.15 1217.666 0.806 1110.624 2.522403651036444 1.0
9.0 2.0 Bus -1.0 -1.0 -1.0 -1.0 -1.0 -1.0 -1.0 2.592 3.037 8.818 1200.485 1.578 1119.369 2.5376047622785816 1.0
9.0 0.0 Truck -1.0 -1.0 -1.0 -1.0 -1.0 -1.0 -1.0 2.161 2.219 5.559 1208.519 0.936 1117.535 2.517078940641424 1.0
9.0 3.0 Car -1.0 -1.0 -1.0 -1.0 -1.0 -1.0 -1.0 1.781 1.88 4.651 1231.178 0.534 1096.993 2.640978121706304 1.0
10.0 1.0 Car -1.0 -1.0 -1.0 -1.0 -1.0 -1.0 -1.0 1.913 1.746 4.415 1183.078 1.192 1132.396 2.4927836391385623 0.0
10.0 6.0 Car -1.0 -1.0 -1.0 -1.0 -1.0 -1.0 -1.0 1.797 1.707 4.15 1215.896 0.806 1111.929 2.5166810348311253 1.0
10.0 2.0 Bus -1.0 -1.0 -1.0 -1.0 -1.0 -1.0 -1.0 2.592 3.037 8.818 1198.913 1.562 1120.479 2.548216251127204 1.0
10.0 0.0 Truck -1.0 -1.0 -1.0 -1.0 -1.0 -1.0 -1.0 2.161 2.219 5.559 1206.899 0.936 1118.681 2.517078940641424 1.0
10.0 3.0 Car -1.0 -1.0 -1.0 -1.0 -1.0 -1.0 -1.0 1.781 1.88 4.651 1227.804 0.611 1098.837 2.682518700437388 1.0
11.0 1.0 Car -1.0 -1.0 -1.0 -1.0 -1.0 -1.0 -1.0 1.913 1.746 4.415 1182.936 1.177 1132.507 2.496204595723982 0.0
11.0 6.0 Car -1.0 -1.0 -1.0 -1.0 -1.0 -1.0 -1.0 1.797 1.707 4.15 1214.126 0.806 1113.233 2.5109583270383027 1.0
11.0 2.0 Bus -1.0 -1.0 -1.0 -1.0 -1.0 -1.0 -1.0 2.592 3.037 8.818 1197.449 1.545 1121.478 2.5326478138999913 1.0
11.0 0.0 Truck -1.0 -1.0 -1.0 -1.0 -1.0 -1.0 -1.0 2.161 2.219 5.559 1205.279 0.936 1119.826 2.517078940641424 1.0
11.0 3.0 Car -1.0 -1.0 -1.0 -1.0 -1.0 -1.0 -1.0 1.781 1.88 4.651 1224.994 0.636 1100.187 2.6643075382543797 1.0
12.0 1.0 Car -1.0 -1.0 -1.0 -1.0 -1.0 -1.0 -1.0 1.913 1.746 4.415 1182.794 1.162 1132.617 2.4996256481214805 0.0
12.0 6.0 Car -1.0 -1.0 -1.0 -1.0 -1.0 -1.0 -1.0 1.797 1.707 4.15 1212.356 0.806 1114.538 2.505235458967349 1.0
12.0 2.0 Bus -1.0 -1.0 -1.0 -1.0 -1.0 -1.0 -1.0 2.592 3.037 8.818 1195.985 1.528 1122.477 2.517078940641424 1.0
12.0 0.0 Truck -1.0 -1.0 -1.0 -1.0 -1.0 -1.0 -1.0 2.161 2.219 5.559 1203.753 0.936 1120.904 2.517078940641424 1.0
12.0 3.0 Car -1.0 -1.0 -1.0 -1.0 -1.0 -1.0 -1.0 1.781 1.88 4.651 1222.185 0.66 1101.537 2.6460958660241776 1.0
13.0 1.0 Car -1.0 -1.0 -1.0 -1.0 -1.0 -1.0 -1.0 1.913 1.746 4.415 1182.767 1.124 1132.658 2.4996256481214805 0.0
13.0 6.0 Car -1.0 -1.0 -1.0 -1.0 -1.0 -1.0 -1.0 1.797 1.707 4.15 1210.585 0.806 1115.842 2.4995125679995187 1.0
13.0 2.0 Bus -1.0 -1.0 -1.0 -1.0 -1.0 -1.0 -1.0 2.592 3.037 8.818 1195.022 1.512 1123.172 2.517078940641424 1.0
13.0 0.0 Truck -1.0 -1.0 -1.0 -1.0 -1.0 -1.0 -1.0 2.161 2.219 5.559 1202.186 0.936 1122.032 2.513587427216607 1.0
13.0 3.0 Car -1.0 -1.0 -1.0 -1.0 -1.0 -1.0 -1.0 1.781 1.88 4.651 1218.904 0.655 1103.442 2.620901094080457 1.0
14.0 1.0 Car -1.0 -1.0 -1.0 -1.0 -1.0 -1.0 -1.0 1.913 1.746 4.415 1182.74 1.087 1132.698 2.4996256481214805 0.0
14.0 6.0 Car -1.0 -1.0 -1.0 -1.0 -1.0 -1.0 -1.0 1.797 1.707 4.15 1208.817 0.806 1117.146 2.4937962484350855 1.0
14.0 2.0 Bus -1.0 -1.0 -1.0 -1.0 -1.0 -1.0 -1.0 2.592 3.037 8.818 1194.059 1.495 1123.867 2.517078940641424 1.0
14.0 0.0 Truck -1.0 -1.0 -1.0 -1.0 -1.0 -1.0 -1.0 2.161 2.219 5.559 1200.621 0.936 1123.158 2.5100999229793337 1.0
14.0 3.0 Car -1.0 -1.0 -1.0 -1.0 -1.0 -1.0 -1.0 1.781 1.88 4.651 1215.676 0.649 1105.426 2.5957352524467603 1.0
15.0 1.0 Car -1.0 -1.0 -1.0 -1.0 -1.0 -1.0 -1.0 1.913 1.746 4.415 1182.713 1.049 1132.738 2.4996256481214805 0.0
15.0 6.0 Car -1.0 -1.0 -1.0 -1.0 -1.0 -1.0 -1.0 1.797 1.707 4.15 1207.65 0.806 1118.006 2.4937962484350855 1.0
15.0 2.0 Bus -1.0 -1.0 -1.0 -1.0 -1.0 -1.0 -1.0 2.592 3.037 8.818 1193.095 1.478 1124.562 2.517078940641424 0.0
15.0 5.0 Car -1.0 -1.0 -1.0 -1.0 -1.0 -1.0 -1.0 1.871 1.736 4.658 1148.819 1.384 1121.235 1.3791591749237249 0.0
15.0 4.0 Car -1.0 -1.0 -1.0 -1.0 -1.0 -1.0 -1.0 1.798 1.75 4.393 1164.901 1.487 1166.218 -2.2307576768547355 0.0
15.0 0.0 Truck -1.0 -1.0 -1.0 -1.0 -1.0 -1.0 -1.0 2.161 2.219 5.559 1199.055 0.936 1124.285 2.506608311769455 1.0
15.0 3.0 Car -1.0 -1.0 -1.0 -1.0 -1.0 -1.0 -1.0 1.781 1.88 4.651 1212.496 0.644 1107.493 2.5705397748857224 1.0
16.0 6.0 Car -1.0 -1.0 -1.0 -1.0 -1.0 -1.0 -1.0 1.797 1.707 4.15 1206.482 0.806 1118.866 2.4937962484350855 1.0
16.0 2.0 Bus -1.0 -1.0 -1.0 -1.0 -1.0 -1.0 -1.0 2.592 3.037 8.818 1192.52 1.478 1124.988 2.517078940641424 0.0
16.0 5.0 Car -1.0 -1.0 -1.0 -1.0 -1.0 -1.0 -1.0 1.871 1.736 4.658 1148.816 1.36 1121.282 1.3791591749237249 0.0
16.0 4.0 Car -1.0 -1.0 -1.0 -1.0 -1.0 -1.0 -1.0 1.798 1.75 4.393 1164.843 1.391 1166.193 -2.2307576768547355 0.0
16.0 0.0 Truck -1.0 -1.0 -1.0 -1.0 -1.0 -1.0 -1.0 2.161 2.219 5.559 1197.488 0.936 1125.412 2.503116965976173 1.0
16.0 3.0 Car -1.0 -1.0 -1.0 -1.0 -1.0 -1.0 -1.0 1.781 1.88 4.651 1209.369 0.638 1109.64 2.5453462125716895 1.0
17.0 6.0 Car -1.0 -1.0 -1.0 -1.0 -1.0 -1.0 -1.0 1.797 1.707 4.15 1205.315 0.806 1119.726 2.4937962484350855 1.0
17.0 2.0 Bus -1.0 -1.0 -1.0 -1.0 -1.0 -1.0 -1.0 2.592 3.037 8.818 1191.944 1.478 1125.413 2.517078940641424 0.0
17.0 5.0 Car -1.0 -1.0 -1.0 -1.0 -1.0 -1.0 -1.0 1.871 1.736 4.658 1148.813 1.336 1121.329 1.3791591749237249 0.0
17.0 4.0 Car -1.0 -1.0 -1.0 -1.0 -1.0 -1.0 -1.0 1.798 1.75 4.393 1164.877 1.445 1166.287 -2.2307576768547355 0.0
17.0 0.0 Truck -1.0 -1.0 -1.0 -1.0 -1.0 -1.0 -1.0 2.161 2.219 5.559 1195.922 0.936 1126.54 2.4996256481214805 1.0
17.0 3.0 Car -1.0 -1.0 -1.0 -1.0 -1.0 -1.0 -1.0 1.781 1.88 4.651 1206.297 0.632 1111.864 2.520152851862605 1.0
18.0 6.0 Car -1.0 -1.0 -1.0 -1.0 -1.0 -1.0 -1.0 1.797 1.707 4.15 1204.263 0.806 1120.501 2.4937962484350855 1.0
18.0 2.0 Bus -1.0 -1.0 -1.0 -1.0 -1.0 -1.0 -1.0 2.592 3.037 8.818 1191.426 1.478 1125.796 2.517078940641424 0.0
18.0 5.0 Car -1.0 -1.0 -1.0 -1.0 -1.0 -1.0 -1.0 1.871 1.736 4.658 1148.81 1.314 1121.372 1.3791591749237249 1.0
18.0 4.0 Car -1.0 -1.0 -1.0 -1.0 -1.0 -1.0 -1.0 1.798 1.75 4.393 1164.824 1.401 1166.264 -2.2307576768547355 1.0
18.0 0.0 Truck -1.0 -1.0 -1.0 -1.0 -1.0 -1.0 -1.0 2.161 2.219 5.559 1194.875 0.936 1127.351 2.494389075172156 1.0
18.0 3.0 Car -1.0 -1.0 -1.0 -1.0 -1.0 -1.0 -1.0 1.781 1.88 4.651 1204.149 0.664 1113.391 2.5185889953401825 1.0
19.0 6.0 Car -1.0 -1.0 -1.0 -1.0 -1.0 -1.0 -1.0 1.797 1.707 4.15 1202.979 0.806 1121.447 2.4937962484350855 1.0
19.0 2.0 Bus -1.0 -1.0 -1.0 -1.0 -1.0 -1.0 -1.0 2.592 3.037 8.818 1191.125 1.478 1126.043 2.517078940641424 0.0
19.0 5.0 Car -1.0 -1.0 -1.0 -1.0 -1.0 -1.0 -1.0 1.871 1.736 4.658 1148.806 1.288 1121.424 1.3791591749237249 1.0
19.0 4.0 Car -1.0 -1.0 -1.0 -1.0 -1.0 -1.0 -1.0 1.798 1.75 4.393 1164.76 1.442 1166.236 -2.2307576768547355 1.0
19.0 0.0 Truck -1.0 -1.0 -1.0 -1.0 -1.0 -1.0 -1.0 2.161 2.219 5.559 1193.597 0.936 1128.341 2.487994273135148 0.0
19.0 3.0 Car -1.0 -1.0 -1.0 -1.0 -1.0 -1.0 -1.0 1.781 1.88 4.651 1201.526 0.704 1115.256 2.5166792438725816 1.0
20.0 6.0 Car -1.0 -1.0 -1.0 -1.0 -1.0 -1.0 -1.0 1.797 1.707 4.15 1201.993 0.806 1122.17 2.4937962484350855 1.0
20.0 2.0 Bus -1.0 -1.0 -1.0 -1.0 -1.0 -1.0 -1.0 2.592 3.037 8.818 1190.851 1.478 1126.267 2.517078940641424 0.0
20.0 5.0 Car -1.0 -1.0 -1.0 -1.0 -1.0 -1.0 -1.0 1.871 1.736 4.658 1148.803 1.293 1121.471 1.3816528569441067 1.0
20.0 4.0 Car -1.0 -1.0 -1.0 -1.0 -1.0 -1.0 -1.0 1.798 1.75 4.393 1164.702 1.407 1166.211 -2.2307576768547355 1.0
20.0 0.0 Truck -1.0 -1.0 -1.0 -1.0 -1.0 -1.0 -1.0 2.161 2.219 5.559 1192.434 0.936 1129.243 2.4821723556015374 0.0
20.0 3.0 Car -1.0 -1.0 -1.0 -1.0 -1.0 -1.0 -1.0 1.781 1.88 4.651 1199.139 0.739 1116.954 2.5149405793307054 1.0
21.0 6.0 Car -1.0 -1.0 -1.0 -1.0 -1.0 -1.0 -1.0 1.797 1.707 4.15 1201.006 0.806 1122.893 2.4937962484350855 1.0
21.0 2.0 Bus -1.0 -1.0 -1.0 -1.0 -1.0 -1.0 -1.0 2.592 3.037 8.818 1190.78 1.478 1126.342 2.5228968598219135 0.0
21.0 5.0 Car -1.0 -1.0 -1.0 -1.0 -1.0 -1.0 -1.0 1.871 1.736 4.658 1148.8 1.297 1121.518 1.3841466535775866 1.0
21.0 4.0 Car -1.0 -1.0 -1.0 -1.0 -1.0 -1.0 -1.0 1.798 1.75 4.393 1164.643 1.376 1166.185 -2.2307576768547355 1.0
21.0 0.0 Truck -1.0 -1.0 -1.0 -1.0 -1.0 -1.0 -1.0 2.161 2.219 5.559 1191.886 0.936 1129.668 2.4821723556015374 0.0
21.0 3.0 Car -1.0 -1.0 -1.0 -1.0 -1.0 -1.0 -1.0 1.781 1.88 4.651 1196.751 0.775 1118.652 2.5132018348773855 1.0
22.0 6.0 Car -1.0 -1.0 -1.0 -1.0 -1.0 -1.0 -1.0 1.797 1.707 4.15 1200.02 0.806 1123.616 2.4937962484350855 1.0
22.0 2.0 Bus -1.0 -1.0 -1.0 -1.0 -1.0 -1.0 -1.0 2.592 3.037 8.818 1190.709 1.478 1126.417 2.528714523240564 0.0
22.0 5.0 Car -1.0 -1.0 -1.0 -1.0 -1.0 -1.0 -1.0 1.871 1.736 4.658 1148.797 1.302 1121.566 1.3866403405811465 1.0
22.0 4.0 Car -1.0 -1.0 -1.0 -1.0 -1.0 -1.0 -1.0 1.798 1.75 4.393 1164.584 1.413 1166.16 -2.2307576768547355 1.0
22.0 0.0 Truck -1.0 -1.0 -1.0 -1.0 -1.0 -1.0 -1.0 2.161 2.219 5.559 1191.338 0.936 1130.093 2.4821723556015374 0.0
22.0 3.0 Car -1.0 -1.0 -1.0 -1.0 -1.0 -1.0 -1.0 1.781 1.88 4.651 1194.363 0.81 1120.35 2.5114631668610983 1.0
23.0 6.0 Car -1.0 -1.0 -1.0 -1.0 -1.0 -1.0 -1.0 1.797 1.707 4.15 1199.034 0.806 1124.339 2.4937962484350855 1.0
23.0 2.0 Bus -1.0 -1.0 -1.0 -1.0 -1.0 -1.0 -1.0 2.592 3.037 8.818 1190.637 1.478 1126.493 2.534532233161367 0.0
23.0 5.0 Car -1.0 -1.0 -1.0 -1.0 -1.0 -1.0 -1.0 1.871 1.736 4.658 1148.793 1.307 1121.613 1.389134047517419 1.0
23.0 4.0 Car -1.0 -1.0 -1.0 -1.0 -1.0 -1.0 -1.0 1.798 1.75 4.393 1164.526 1.364 1166.135 -2.2307576768547355 1.0
23.0 0.0 Truck -1.0 -1.0 -1.0 -1.0 -1.0 -1.0 -1.0 2.161 2.219 5.559 1190.789 0.936 1130.518 2.4821723556015374 0.0
23.0 3.0 Car -1.0 -1.0 -1.0 -1.0 -1.0 -1.0 -1.0 1.781 1.88 4.651 1191.976 0.846 1122.048 2.509724484947169 1.0
24.0 6.0 Car -1.0 -1.0 -1.0 -1.0 -1.0 -1.0 -1.0 1.797 1.707 4.15 1198.047 0.806 1125.062 2.4937962484350855 0.0
24.0 2.0 Bus -1.0 -1.0 -1.0 -1.0 -1.0 -1.0 -1.0 2.592 3.037 8.818 1190.638 1.478 1126.488 2.5334402677174257 0.0
24.0 5.0 Car -1.0 -1.0 -1.0 -1.0 -1.0 -1.0 -1.0 1.871 1.736 4.658 1148.79 1.311 1121.66 1.3916277943191173 1.0
24.0 4.0 Car -1.0 -1.0 -1.0 -1.0 -1.0 -1.0 -1.0 1.798 1.75 4.393 1164.467 1.405 1166.109 -2.2307576768547355 1.0
24.0 0.0 Truck -1.0 -1.0 -1.0 -1.0 -1.0 -1.0 -1.0 2.161 2.219 5.559 1190.735 0.936 1130.56 2.4821723556015374 0.0
24.0 3.0 Car -1.0 -1.0 -1.0 -1.0 -1.0 -1.0 -1.0 1.781 1.88 4.651 1189.588 0.881 1123.746 2.507985775237955 1.0
25.0 6.0 Car -1.0 -1.0 -1.0 -1.0 -1.0 -1.0 -1.0 1.797 1.707 4.15 1197.534 0.806 1125.463 2.4937962484350855 0.0
25.0 2.0 Bus -1.0 -1.0 -1.0 -1.0 -1.0 -1.0 -1.0 2.592 3.037 8.818 1190.639 1.478 1126.482 2.532348300091443 0.0
25.0 5.0 Car -1.0 -1.0 -1.0 -1.0 -1.0 -1.0 -1.0 1.871 1.736 4.658 1148.787 1.316 1121.707 1.394121546103993 1.0
25.0 4.0 Car -1.0 -1.0 -1.0 -1.0 -1.0 -1.0 -1.0 1.798 1.75 4.393 1164.409 1.379 1166.084 -2.2307576768547355 1.0
25.0 0.0 Truck -1.0 -1.0 -1.0 -1.0 -1.0 -1.0 -1.0 2.161 2.219 5.559 1190.681 0.936 1130.602 2.4821723556015374 0.0
25.0 3.0 Car -1.0 -1.0 -1.0 -1.0 -1.0 -1.0 -1.0 1.781 1.88 4.651 1187.689 0.912 1125.144 2.499293815717491 1.0
26.0 6.0 Car -1.0 -1.0 -1.0 -1.0 -1.0 -1.0 -1.0 1.797 1.707 4.15 1197.021 0.806 1125.864 2.4937962484350855 0.0
26.0 2.0 Bus -1.0 -1.0 -1.0 -1.0 -1.0 -1.0 -1.0 2.592 3.037 8.818 1190.64 1.478 1126.477 2.5312575718648853 0.0
26.0 5.0 Car -1.0 -1.0 -1.0 -1.0 -1.0 -1.0 -1.0 1.871 1.736 4.658 1148.784 1.321 1121.755 1.3966124674436684 1.0
26.0 4.0 Car -1.0 -1.0 -1.0 -1.0 -1.0 -1.0 -1.0 1.798 1.75 4.393 1164.183 1.419 1165.756 -2.2307576768547355 1.0
26.0 0.0 Truck -1.0 -1.0 -1.0 -1.0 -1.0 -1.0 -1.0 2.161 2.219 5.559 1190.681 0.936 1130.602 2.4821723556015374 0.0
26.0 3.0 Car -1.0 -1.0 -1.0 -1.0 -1.0 -1.0 -1.0 1.781 1.88 4.651 1185.838 0.942 1126.607 2.4905324827180113 1.0
27.0 6.0 Car -1.0 -1.0 -1.0 -1.0 -1.0 -1.0 -1.0 1.797 1.707 4.15 1196.508 0.806 1126.264 2.4937962484350855 0.0
27.0 5.0 Car -1.0 -1.0 -1.0 -1.0 -1.0 -1.0 -1.0 1.871 1.736 4.658 1148.917 1.254 1122.333 1.3674800639237952 0.0
27.0 4.0 Car -1.0 -1.0 -1.0 -1.0 -1.0 -1.0 -1.0 1.798 1.75 4.393 1163.957 1.458 1165.427 -2.2307576768547355 0.0
27.0 0.0 Truck -1.0 -1.0 -1.0 -1.0 -1.0 -1.0 -1.0 2.161 2.219 5.559 1190.681 0.936 1130.602 2.4821723556015374 0.0
27.0 3.0 Car -1.0 -1.0 -1.0 -1.0 -1.0 -1.0 -1.0 1.781 1.88 4.651 1184.313 0.972 1127.748 2.4905324827180113 0.0
28.0 6.0 Car -1.0 -1.0 -1.0 -1.0 -1.0 -1.0 -1.0 1.797 1.707 4.15 1195.996 0.806 1126.664 2.4937962484350855 0.0
28.0 5.0 Car -1.0 -1.0 -1.0 -1.0 -1.0 -1.0 -1.0 1.871 1.736 4.658 1149.066 1.187 1122.905 1.3384123358195286 0.0
28.0 4.0 Car -1.0 -1.0 -1.0 -1.0 -1.0 -1.0 -1.0 1.798 1.75 4.393 1163.731 1.497 1165.099 -2.2307576768547355 0.0
28.0 0.0 Truck -1.0 -1.0 -1.0 -1.0 -1.0 -1.0 -1.0 2.161 2.219 5.559 1190.681 0.936 1130.602 2.4821723556015374 0.0
28.0 3.0 Car -1.0 -1.0 -1.0 -1.0 -1.0 -1.0 -1.0 1.781 1.88 4.651 1182.792 1.002 1128.885 2.4905324827180113 0.0
29.0 6.0 Car -1.0 -1.0 -1.0 -1.0 -1.0 -1.0 -1.0 1.797 1.707 4.15 1195.484 0.806 1127.064 2.4937962484350855 0.0
29.0 5.0 Car -1.0 -1.0 -1.0 -1.0 -1.0 -1.0 -1.0 1.871 1.736 4.658 1149.232 1.121 1123.473 1.3093460048439518 0.0
29.0 4.0 Car -1.0 -1.0 -1.0 -1.0 -1.0 -1.0 -1.0 1.798 1.75 4.393 1163.166 1.436 1164.334 -2.2307576768547355 0.0
29.0 0.0 Truck -1.0 -1.0 -1.0 -1.0 -1.0 -1.0 -1.0 2.161 2.219 5.559 1190.681 0.936 1130.602 2.4821723556015374 0.0
29.0 3.0 Car -1.0 -1.0 -1.0 -1.0 -1.0 -1.0 -1.0 1.781 1.88 4.651 1181.27 1.031 1130.023 2.4905324827180113 0.0
30.0 6.0 Car -1.0 -1.0 -1.0 -1.0 -1.0 -1.0 -1.0 1.797 1.707 4.15 1195.488 0.806 1127.063 2.4937962484350855 0.0
30.0 5.0 Car -1.0 -1.0 -1.0 -1.0 -1.0 -1.0 -1.0 1.871 1.736 4.658 1149.619 1.121 1125.101 1.2395328347641785 0.0
30.0 4.0 Car -1.0 -1.0 -1.0 -1.0 -1.0 -1.0 -1.0 1.798 1.75 4.393 1161.909 1.325 1162.983 -2.342833335660615 0.0
30.0 0.0 Truck -1.0 -1.0 -1.0 -1.0 -1.0 -1.0 -1.0 2.161 2.219 5.559 1190.681 0.936 1130.602 2.4821723556015374 0.0
30.0 3.0 Car -1.0 -1.0 -1.0 -1.0 -1.0 -1.0 -1.0 1.781 1.88 4.651 1180.414 1.031 1130.677 2.4847146603540207 0.0
31.0 6.0 Car -1.0 -1.0 -1.0 -1.0 -1.0 -1.0 -1.0 1.797 1.707 4.15 1195.491 0.806 1127.062 2.4937962484350855 0.0
31.0 5.0 Car -1.0 -1.0 -1.0 -1.0 -1.0 -1.0 -1.0 1.871 1.736 4.658 1150.3 1.121 1127.0 1.2395328347641785 0.0
31.0 4.0 Car -1.0 -1.0 -1.0 -1.0 -1.0 -1.0 -1.0 1.798 1.75 4.393 1160.609 1.361 1161.875 -2.443745887306355 0.0
31.0 3.0 Car -1.0 -1.0 -1.0 -1.0 -1.0 -1.0 -1.0 1.781 1.88 4.651 1179.642 1.031 1131.265 2.479476312384201 0.0
32.0 6.0 Car -1.0 -1.0 -1.0 -1.0 -1.0 -1.0 -1.0 1.797 1.707 4.15 1195.495 0.806 1127.061 2.4937962484350855 0.0
32.0 5.0 Car -1.0 -1.0 -1.0 -1.0 -1.0 -1.0 -1.0 1.871 1.736 4.658 1151.195 1.121 1129.506 1.256986127284122 0.0
32.0 4.0 Car -1.0 -1.0 -1.0 -1.0 -1.0 -1.0 -1.0 1.798 1.75 4.393 1158.701 1.404 1160.691 -2.64963669733337 0.0
32.0 3.0 Car -1.0 -1.0 -1.0 -1.0 -1.0 -1.0 -1.0 1.781 1.88 4.651 1178.7 1.031 1131.984 2.473079190198068 0.0
33.0 6.0 Car -1.0 -1.0 -1.0 -1.0 -1.0 -1.0 -1.0 1.797 1.707 4.15 1195.498 0.806 1127.06 2.4937962484350855 0.0
33.0 5.0 Car -1.0 -1.0 -1.0 -1.0 -1.0 -1.0 -1.0 1.871 1.736 4.658 1151.74 1.121 1131.892 1.3093460048439518 0.0
33.0 4.0 Car -1.0 -1.0 -1.0 -1.0 -1.0 -1.0 -1.0 1.798 1.75 4.393 1156.509 1.404 1160.037 -2.885225005597108 0.0
33.0 3.0 Car -1.0 -1.0 -1.0 -1.0 -1.0 -1.0 -1.0 1.781 1.88 4.651 1178.503 1.031 1132.13 2.4672636894486235 0.0
34.0 6.0 Car -1.0 -1.0 -1.0 -1.0 -1.0 -1.0 -1.0 1.797 1.707 4.15 1195.502 0.806 1127.059 2.4937962484350855 0.0
34.0 5.0 Car -1.0 -1.0 -1.0 -1.0 -1.0 -1.0 -1.0 1.871 1.736 4.658 1152.285 0.921 1134.278 1.3093460048439518 0.0
34.0 4.0 Car -1.0 -1.0 -1.0 -1.0 -1.0 -1.0 -1.0 1.798 1.75 4.393 1154.264 1.404 1159.829 -2.9637959626923496 0.0
34.0 3.0 Car -1.0 -1.0 -1.0 -1.0 -1.0 -1.0 -1.0 1.781 1.88 4.651 1178.306 1.031 1132.276 2.461446651279192 0.0
35.0 6.0 Car -1.0 -1.0 -1.0 -1.0 -1.0 -1.0 -1.0 1.797 1.707 4.15 1195.506 0.806 1127.058 2.4937962484350855 0.0
35.0 5.0 Car -1.0 -1.0 -1.0 -1.0 -1.0 -1.0 -1.0 1.871 1.736 4.658 1152.957 1.058 1137.507 1.3622796457059634 0.0
35.0 4.0 Car -1.0 -1.0 -1.0 -1.0 -1.0 -1.0 -1.0 1.798 1.75 4.393 1152.073 1.354 1160.672 2.8481504464487677 0.0
35.0 3.0 Car -1.0 -1.0 -1.0 -1.0 -1.0 -1.0 -1.0 1.781 1.88 4.651 1178.109 1.031 1132.422 2.455625897678125 0.0
36.0 5.0 Car -1.0 -1.0 -1.0 -1.0 -1.0 -1.0 -1.0 1.871 1.736 4.658 1153.415 1.182 1140.441 1.4099518992269173 0.0
36.0 4.0 Car -1.0 -1.0 -1.0 -1.0 -1.0 -1.0 -1.0 1.798 1.75 4.393 1149.471 1.404 1161.799 2.678241330731554 0.0
36.0 3.0 Car -1.0 -1.0 -1.0 -1.0 -1.0 -1.0 -1.0 1.781 1.88 4.651 1178.097 1.031 1132.42 2.4595523875260077 0.0
37.0 5.0 Car -1.0 -1.0 -1.0 -1.0 -1.0 -1.0 -1.0 1.871 1.736 4.658 1153.76 1.319 1143.725 1.4629586237396381 0.0
37.0 4.0 Car -1.0 -1.0 -1.0 -1.0 -1.0 -1.0 -1.0 1.798 1.75 4.393 1146.205 1.404 1163.961 2.4816313035299578 0.0
37.0 3.0 Car -1.0 -1.0 -1.0 -1.0 -1.0 -1.0 -1.0 1.781 1.88 4.651 1178.085 1.031 1132.418 2.463918247125601 0.0
38.0 5.0 Car -1.0 -1.0 -1.0 -1.0 -1.0 -1.0 -1.0 1.871 1.736 4.658 1154.011 1.47 1146.944 1.4489723450034981 0.0
38.0 4.0 Car -1.0 -1.0 -1.0 -1.0 -1.0 -1.0 -1.0 1.798 1.75 4.393 1144.532 1.404 1164.877 2.5134100381741957 0.0
38.0 3.0 Car -1.0 -1.0 -1.0 -1.0 -1.0 -1.0 -1.0 1.781 1.88 4.651 1178.072 1.031 1132.415 2.468713278255164 0.0
