0.0 2.0 Car -1.0 -1.0 -1.0 -1.0 -1.0 -1.0 -1.0 1.766 1.403 4.44 383.746 0.918 1119.284 -1.9992572058524094 0.0
0.0 3.0 Truck -1.0 -1.0 -1.0 -1.0 -1.0 -1.0 -1.0 2.068 2.0 5.351 375.092 1.345 1118.807 -2.558600324271782 0.0
0.0 1.0 Car -1.0 -1.0 -1.0 -1.0 -1.0 -1.0 -1.0 1.796 1.479 4.7 397.085 0.882 1149.688 -1.996045797889096 0.0
1.0 2.0 Car -1.0 -1.0 -1.0 -1.0 -1.0 -1.0 -1.0 1.766 1.403 4.44 382.42 0.943 1116.057 -1.9992572058524094 1.0
1.0 3.0 Truck -1.0 -1.0 -1.0 -1.0 -1.0 -1.0 -1.0 2.068 2.0 5.351 372.748 1.345 1117.698 -2.6633200793914407 1.0
1.0 1.0 Car -1.0 -1.0 -1.0 -1.0 -1.0 -1.0 -1.0 1.796 1.479 4.7 396.364 0.87 1148.039 -1.996045797889096 1.0
1.0 0.0 Car -1.0 -1.0 -1.0 -1.0 -1.0 -1.0 -1.0 1.892 1.608 4.025 374.001 0.924 1096.252 -1.9925376886816992 0.0
2.0 2.0 Car -1.0 -1.0 -1.0 -1.0 -1.0 -1.0 -1.0 1.766 1.403 4.44 381.096 0.968 1112.834 -1.9992572058524094 1.0
2.0 3.0 Truck -1.0 -1.0 -1.0 -1.0 -1.0 -1.0 -1.0 2.068 2.0 5.351 370.337 1.345 1116.762 -2.8727595896307605 1.0
2.0 1.0 Car -1.0 -1.0 -1.0 -1.0 -1.0 -1.0 -1.0 1.796 1.479 4.7 395.644 0.857 1146.391 -1.996045797889096 1.0
2.0 0.0 Car -1.0 -1.0 -1.0 -1.0 -1.0 -1.0 -1.0 1.892 1.608 4.025 372.441 1.024 1092.106 -2.0012594005327604 1.0
3.0 2.0 Car -1.0 -1.0 -1.0 -1.0 -1.0 -1.0 -1.0 1.766 1.403 4.44 379.771 0.992 1109.607 -1.9992572058524094 1.0
3.0 3.0 Truck -1.0 -1.0 -1.0 -1.0 -1.0 -1.0 -1.0 2.068 2.0 5.351 367.655 1.345 1116.38 -2.9791007597737247 0.0
3.0 1.0 Car -1.0 -1.0 -1.0 -1.0 -1.0 -1.0 -1.0 1.796 1.479 4.7 394.642 0.844 1144.121 -1.996045797889096 1.0
3.0 0.0 Car -1.0 -1.0 -1.0 -1.0 -1.0 -1.0 -1.0 1.892 1.608 4.025 370.879 1.123 1087.956 -2.0099909812016414 1.0
4.0 2.0 Car -1.0 -1.0 -1.0 -1.0 -1.0 -1.0 -1.0 1.766 1.403 4.44 378.484 0.957 1106.528 -1.9992572058524094 1.0
4.0 3.0 Truck -1.0 -1.0 -1.0 -1.0 -1.0 -1.0 -1.0 2.068 2.0 5.351 365.475 1.345 1116.28 -3.064745807350137 0.0
4.0 1.0 Car -1.0 -1.0 -1.0 -1.0 -1.0 -1.0 -1.0 1.796 1.479 4.7 393.835 0.834 1142.292 -1.996045797889096 1.0
4.0 0.0 Car -1.0 -1.0 -1.0 -1.0 -1.0 -1.0 -1.0 1.892 1.608 4.025 369.315 1.042 1085.11 -2.0099909812016414 1.0
5.0 2.0 Car -1.0 -1.0 -1.0 -1.0 -1.0 -1.0 -1.0 1.766 1.403 4.44 376.894 0.913 1102.724 -1.9992572058524094 1.0
5.0 3.0 Truck -1.0 -1.0 -1.0 -1.0 -1.0 -1.0 -1.0 2.068 2.0 5.351 362.386 1.345 1116.415 3.096469641331768 0.0
5.0 1.0 Car -1.0 -1.0 -1.0 -1.0 -1.0 -1.0 -1.0 1.796 1.479 4.7 392.633 0.821 1139.5 -1.996045797889096 1.0
5.0 0.0 Car -1.0 -1.0 -1.0 -1.0 -1.0 -1.0 -1.0 1.892 1.608 4.025 367.382 0.942 1081.591 -2.0099909812016414 1.0
6.0 2.0 Car -1.0 -1.0 -1.0 -1.0 -1.0 -1.0 -1.0 1.766 1.403 4.44 375.299 0.868 1098.906 -1.9992572058524094 1.0
6.0 3.0 Truck -1.0 -1.0 -1.0 -1.0 -1.0 -1.0 -1.0 2.068 2.0 5.351 359.326 1.345 1116.928 2.974093404550243 0.0
6.0 1.0 Car -1.0 -1.0 -1.0 -1.0 -1.0 -1.0 -1.0 1.796 1.479 4.7 391.427 0.808 1136.699 -1.996045797889096 1.0
6.0 0.0 Car -1.0 -1.0 -1.0 -1.0 -1.0 -1.0 -1.0 1.892 1.608 4.025 365.442 0.841 1078.061 -2.0099909812016414 1.0
7.0 2.0 Car -1.0 -1.0 -1.0 -1.0 -1.0 -1.0 -1.0 1.766 1.403 4.44 373.606 0.749 1095.175 -1.9992572058524094 1.0
7.0 3.0 Truck -1.0 -1.0 -1.0 -1.0 -1.0 -1.0 -1.0 2.068 2.0 5.351 355.845 1.319 1117.798 2.94788477131297 0.0
7.0 1.0 Car -1.0 -1.0 -1.0 -1.0 -1.0 -1.0 -1.0 1.796 1.479 4.7 390.216 0.795 1133.889 -1.996045797889096 1.0
7.0 0.0 Car -1.0 -1.0 -1.0 -1.0 -1.0 -1.0 -1.0 1.892 1.608 4.025 363.496 0.74 1074.518 -2.0099909812016414 1.0
8.0 2.0 Car -1.0 -1.0 -1.0 -1.0 -1.0 -1.0 -1.0 1.766 1.403 4.44 371.916 0.631 1091.451 -1.9992572058524094 1.0
8.0 3.0 Truck -1.0 -1.0 -1.0 -1.0 -1.0 -1.0 -1.0 2.068 2.0 5.351 352.396 1.295 1118.756 2.921733526990413 0.0
8.0 1.0 Car -1.0 -1.0 -1.0 -1.0 -1.0 -1.0 -1.0 1.796 1.479 4.7 389.009 0.782 1131.085 -1.996045797889096 1.0
8.0 0.0 Car -1.0 -1.0 -1.0 -1.0 -1.0 -1.0 -1.0 1.892 1.608 4.025 361.554 0.64 1070.984 -2.0099909812016414 0.0
9.0 2.0 Car -1.0 -1.0 -1.0 -1.0 -1.0 -1.0 -1.0 1.766 1.403 4.44 370.24 0.596 1087.722 -1.9992572058524094 1.0
9.0 3.0 Truck -1.0 -1.0 -1.0 -1.0 -1.0 -1.0 -1.0 2.068 2.0 5.351 348.38 1.22 1120.254 2.85192035691064 0.0
9.0 1.0 Car -1.0 -1.0 -1.0 -1.0 -1.0 -1.0 -1.0 1.796 1.479 4.7 387.784 0.765 1128.308 -1.996045797889096 1.0
9.0 0.0 Car -1.0 -1.0 -1.0 -1.0 -1.0 -1.0 -1.0 1.892 1.608 4.025 360.065 0.539 1067.86 -2.0099909812016414 0.0
10.0 2.0 Car -1.0 -1.0 -1.0 -1.0 -1.0 -1.0 -1.0 1.766 1.403 4.44 368.566 0.56 1083.997 -1.9992572058524094 1.0
10.0 3.0 Truck -1.0 -1.0 -1.0 -1.0 -1.0 -1.0 -1.0 2.068 2.0 5.351 344.334 1.161 1121.56 2.834544129190948 0.0
10.0 1.0 Car -1.0 -1.0 -1.0 -1.0 -1.0 -1.0 -1.0 1.796 1.479 4.7 386.561 0.748 1125.535 -1.996045797889096 1.0
10.0 0.0 Car -1.0 -1.0 -1.0 -1.0 -1.0 -1.0 -1.0 1.892 1.608 4.025 358.577 0.438 1064.74 -2.0099909812016414 0.0
11.0 2.0 Car -1.0 -1.0 -1.0 -1.0 -1.0 -1.0 -1.0 1.766 1.403 4.44 366.884 0.525 1080.254 -1.9992572058524094 1.0
11.0 3.0 Truck -1.0 -1.0 -1.0 -1.0 -1.0 -1.0 -1.0 2.068 2.0 5.351 340.454 1.353 1123.398 2.7820197559773208 0.0
11.0 1.0 Car -1.0 -1.0 -1.0 -1.0 -1.0 -1.0 -1.0 1.796 1.479 4.7 385.332 0.807 1122.749 -1.996045797889096 1.0
11.0 0.0 Car -1.0 -1.0 -1.0 -1.0 -1.0 -1.0 -1.0 1.892 1.608 4.025 357.208 0.588 1061.546 -2.0099909812016414 0.0
12.0 2.0 Car -1.0 -1.0 -1.0 -1.0 -1.0 -1.0 -1.0 1.766 1.403 4.44 365.332 0.568 1076.847 -1.996147042544955 1.0
12.0 3.0 Truck -1.0 -1.0 -1.0 -1.0 -1.0 -1.0 -1.0 2.068 2.0 5.351 336.489 1.395 1124.934 2.729747309271037 0.0
12.0 1.0 Car -1.0 -1.0 -1.0 -1.0 -1.0 -1.0 -1.0 1.796 1.479 4.7 384.109 0.864 1119.976 -1.996045797889096 1.0
12.0 0.0 Car -1.0 -1.0 -1.0 -1.0 -1.0 -1.0 -1.0 1.892 1.608 4.025 355.846 0.588 1058.367 -2.0099909812016414 0.0
13.0 2.0 Car -1.0 -1.0 -1.0 -1.0 -1.0 -1.0 -1.0 1.766 1.403 4.44 363.777 0.612 1073.436 -1.9930328235022634 1.0
13.0 3.0 Truck -1.0 -1.0 -1.0 -1.0 -1.0 -1.0 -1.0 2.068 2.0 5.351 332.409 1.503 1126.574 2.729747309271037 0.0
13.0 1.0 Car -1.0 -1.0 -1.0 -1.0 -1.0 -1.0 -1.0 1.796 1.479 4.7 382.885 0.922 1117.199 -1.996045797889096 1.0
13.0 0.0 Car -1.0 -1.0 -1.0 -1.0 -1.0 -1.0 -1.0 1.892 1.608 4.025 354.752 0.688 1055.303 -2.0099909812016414 0.0
14.0 2.0 Car -1.0 -1.0 -1.0 -1.0 -1.0 -1.0 -1.0 1.766 1.403 4.44 362.222 0.655 1070.024 -1.989918498549434 1.0
14.0 3.0 Truck -1.0 -1.0 -1.0 -1.0 -1.0 -1.0 -1.0 2.068 2.0 5.351 328.329 1.611 1128.214 2.729747309271037 0.0
14.0 1.0 Car -1.0 -1.0 -1.0 -1.0 -1.0 -1.0 -1.0 1.796 1.479 4.7 381.66 0.98 1114.423 -1.996045797889096 1.0
14.0 0.0 Car -1.0 -1.0 -1.0 -1.0 -1.0 -1.0 -1.0 1.892 1.608 4.025 353.658 0.788 1052.238 -2.0099909812016414 0.0
15.0 2.0 Car -1.0 -1.0 -1.0 -1.0 -1.0 -1.0 -1.0 1.766 1.403 4.44 360.668 0.698 1066.613 -1.9868043480368303 1.0
15.0 1.0 Car -1.0 -1.0 -1.0 -1.0 -1.0 -1.0 -1.0 1.796 1.479 4.7 380.411 1.03 1111.539 -1.996045797889096 1.0
15.0 0.0 Car -1.0 -1.0 -1.0 -1.0 -1.0 -1.0 -1.0 1.892 1.608 4.025 352.426 0.838 1049.238 -2.0099909812016414 0.0
16.0 2.0 Car -1.0 -1.0 -1.0 -1.0 -1.0 -1.0 -1.0 1.766 1.403 4.44 359.312 0.742 1063.635 -1.9851369567081627 1.0
16.0 1.0 Car -1.0 -1.0 -1.0 -1.0 -1.0 -1.0 -1.0 1.796 1.479 4.7 379.16 1.08 1108.652 -1.996045797889096 1.0
16.0 0.0 Car -1.0 -1.0 -1.0 -1.0 -1.0 -1.0 -1.0 1.892 1.608 4.025 351.193 0.888 1046.235 -2.0099909812016414 0.0
17.0 2.0 Car -1.0 -1.0 -1.0 -1.0 -1.0 -1.0 -1.0 1.766 1.403 4.44 357.957 0.785 1060.656 -1.9834695054042675 1.0
17.0 1.0 Car -1.0 -1.0 -1.0 -1.0 -1.0 -1.0 -1.0 1.796 1.479 4.7 377.91 1.129 1105.766 -1.996045797889096 1.0
17.0 0.0 Car -1.0 -1.0 -1.0 -1.0 -1.0 -1.0 -1.0 1.892 1.608 4.025 350.325 0.889 1044.1 -2.0099909812016414 0.0
18.0 2.0 Car -1.0 -1.0 -1.0 -1.0 -1.0 -1.0 -1.0 1.766 1.403 4.44 356.603 0.828 1057.681 -1.9818039133324652 0.0
18.0 1.0 Car -1.0 -1.0 -1.0 -1.0 -1.0 -1.0 -1.0 1.796 1.479 4.7 376.562 1.112 1102.666 -1.996045797889096 0.0
18.0 0.0 Car -1.0 -1.0 -1.0 -1.0 -1.0 -1.0 -1.0 1.892 1.608 4.025 349.459 0.889 1041.967 -2.0099909812016414 0.0
19.0 2.0 Car -1.0 -1.0 -1.0 -1.0 -1.0 -1.0 -1.0 1.766 1.403 4.44 355.485 0.841 1055.233 -1.977028430513622 0.0
19.0 1.0 Car -1.0 -1.0 -1.0 -1.0 -1.0 -1.0 -1.0 1.796 1.479 4.7 375.215 1.095 1099.566 -1.996045797889096 0.0
19.0 0.0 Car -1.0 -1.0 -1.0 -1.0 -1.0 -1.0 -1.0 1.892 1.608 4.025 348.593 0.889 1039.835 -2.0099909812016414 0.0
20.0 2.0 Car -1.0 -1.0 -1.0 -1.0 -1.0 -1.0 -1.0 1.766 1.403 4.44 354.367 0.854 1052.787 -1.9722580397750629 0.0
20.0 1.0 Car -1.0 -1.0 -1.0 -1.0 -1.0 -1.0 -1.0 1.796 1.479 4.7 373.869 1.078 1096.47 -1.996045797889096 0.0
21.0 2.0 Car -1.0 -1.0 -1.0 -1.0 -1.0 -1.0 -1.0 1.766 1.403 4.44 353.024 0.87 1049.847 -1.9665263063149683 0.0
21.0 1.0 Car -1.0 -1.0 -1.0 -1.0 -1.0 -1.0 -1.0 1.796 1.479 4.7 372.215 1.007 1092.745 -1.996045797889096 0.0
22.0 2.0 Car -1.0 -1.0 -1.0 -1.0 -1.0 -1.0 -1.0 1.766 1.403 4.44 352.043 0.857 1047.61 -1.9637127003442123 0.0
22.0 1.0 Car -1.0 -1.0 -1.0 -1.0 -1.0 -1.0 -1.0 1.796 1.479 4.7 370.834 0.948 1089.637 -1.996045797889096 0.0
23.0 2.0 Car -1.0 -1.0 -1.0 -1.0 -1.0 -1.0 -1.0 1.766 1.403 4.44 351.064 0.844 1045.375 -1.96090192245154 0.0
23.0 1.0 Car -1.0 -1.0 -1.0 -1.0 -1.0 -1.0 -1.0 1.796 1.479 4.7 369.455 0.889 1086.533 -1.996045797889096 0.0
24.0 2.0 Car -1.0 -1.0 -1.0 -1.0 -1.0 -1.0 -1.0 1.766 1.403 4.44 350.084 0.832 1043.141 -1.9580916168422855 0.0
24.0 1.0 Car -1.0 -1.0 -1.0 -1.0 -1.0 -1.0 -1.0 1.796 1.479 4.7 368.077 0.829 1083.429 -1.996045797889096 0.0
25.0 2.0 Car -1.0 -1.0 -1.0 -1.0 -1.0 -1.0 -1.0 1.766 1.403 4.44 349.105 0.819 1040.908 -1.9552842348922825 0.0
25.0 1.0 Car -1.0 -1.0 -1.0 -1.0 -1.0 -1.0 -1.0 1.796 1.479 4.7 366.636 0.782 1080.577 -1.996045797889096 0.0
26.0 2.0 Car -1.0 -1.0 -1.0 -1.0 -1.0 -1.0 -1.0 1.766 1.403 4.44 348.126 0.807 1038.673 -1.9524735469583574 0.0
26.0 1.0 Car -1.0 -1.0 -1.0 -1.0 -1.0 -1.0 -1.0 1.796 1.479 4.7 365.312 0.782 1077.668 -1.996045797889096 0.0
27.0 2.0 Car -1.0 -1.0 -1.0 -1.0 -1.0 -1.0 -1.0 1.766 1.403 4.44 346.9 0.832 1035.856 -1.9531551164352179 0.0
27.0 1.0 Car -1.0 -1.0 -1.0 -1.0 -1.0 -1.0 -1.0 1.796 1.479 4.7 363.985 0.783 1074.752 -1.996045797889096 0.0
28.0 2.0 Car -1.0 -1.0 -1.0 -1.0 -1.0 -1.0 -1.0 1.766 1.403 4.44 345.676 0.858 1033.045 -1.9538352505506345 0.0
28.0 1.0 Car -1.0 -1.0 -1.0 -1.0 -1.0 -1.0 -1.0 1.796 1.479 4.7 362.66 0.784 1071.843 -1.996045797889096 0.0
29.0 2.0 Car -1.0 -1.0 -1.0 -1.0 -1.0 -1.0 -1.0 1.766 1.403 4.44 344.452 0.884 1030.235 -1.9545153179999741 0.0
29.0 1.0 Car -1.0 -1.0 -1.0 -1.0 -1.0 -1.0 -1.0 1.796 1.479 4.7 361.336 0.784 1068.934 -1.996045797889096 0.0
