0.0 0.0 Car -1.0 -1.0 -1.0 -1.0 -1.0 -1.0 -1.0 1.969 1.759 4.774 2424.052 0.919 880.589 0.0 0.0
1.0 0.0 Car -1.0 -1.0 -1.0 -1.0 -1.0 -1.0 -1.0 1.969 1.759 4.774 2428.998 0.893 880.671 -0.008875629925297225 1.0
2.0 0.0 Car -1.0 -1.0 -1.0 -1.0 -1.0 -1.0 -1.0 1.969 1.759 4.774 2433.755 0.883 880.689 -0.0002884158843645679 1.0
3.0 0.0 Car -1.0 -1.0 -1.0 -1.0 -1.0 -1.0 -1.0 1.969 1.759 4.774 2438.548 0.904 880.675 0.06064955374161718 1.0
4.0 0.0 Car -1.0 -1.0 -1.0 -1.0 -1.0 -1.0 -1.0 1.969 1.759 4.774 2443.738 0.927 880.853 0.017731710307655524 1.0
5.0 0.0 Car -1.0 -1.0 -1.0 -1.0 -1.0 -1.0 -1.0 1.969 1.759 4.774 2448.463 0.948 881.054 0.026319164852631305 1.0
6.0 0.0 Car -1.0 -1.0 -1.0 -1.0 -1.0 -1.0 -1.0 1.969 1.759 4.774 2453.192 0.969 881.058 0.03490658503988664 1.0
7.0 0.0 Car -1.0 -1.0 -1.0 -1.0 -1.0 -1.0 -1.0 1.969 1.759 4.774 2457.749 0.961 881.161 0.03490658503988664 1.0
8.0 0.0 Car -1.0 -1.0 -1.0 -1.0 -1.0 -1.0 -1.0 1.969 1.759 4.774 2462.305 0.954 881.33 0.03490658503988664 1.0
9.0 0.0 Car -1.0 -1.0 -1.0 -1.0 -1.0 -1.0 -1.0 1.969 1.759 4.774 2466.86 0.946 881.499 0.03490658503988664 1.0
10.0 0.0 Car -1.0 -1.0 -1.0 -1.0 -1.0 -1.0 -1.0 1.969 1.759 4.774 2471.395 0.888 881.629 0.03490658503988664 1.0
11.0 0.0 Car -1.0 -1.0 -1.0 -1.0 -1.0 -1.0 -1.0 1.969 1.759 4.774 2475.929 0.88 881.79 0.03490658503988664 1.0
12.0 1.0 Car -1.0 -1.0 -1.0 -1.0 -1.0 -1.0 -1.0 2.021 1.55 3.644 2459.325 0.9 881.953 0.004625122517419422 0.0
12.0 0.0 Car -1.0 -1.0 -1.0 -1.0 -1.0 -1.0 -1.0 1.969 1.759 4.774 2480.473 0.872 881.951 0.03490658503988664 1.0
13.0 1.0 Car -1.0 -1.0 -1.0 -1.0 -1.0 -1.0 -1.0 2.021 1.55 3.644 2463.527 0.818 881.956 0.004625122517419422 1.0
13.0 0.0 Car -1.0 -1.0 -1.0 -1.0 -1.0 -1.0 -1.0 1.969 1.759 4.774 2484.864 0.864 881.991 0.006018672870149011 1.0
14.0 1.0 Car -1.0 -1.0 -1.0 -1.0 -1.0 -1.0 -1.0 2.021 1.55 3.644 2467.726 0.735 881.959 0.004625122517419422 1.0
14.0 0.0 Car -1.0 -1.0 -1.0 -1.0 -1.0 -1.0 -1.0 1.969 1.759 4.774 2489.25 0.856 881.905 -0.022838470261978827 1.0
15.0 1.0 Car -1.0 -1.0 -1.0 -1.0 -1.0 -1.0 -1.0 2.021 1.55 3.644 2471.924 0.652 881.962 -0.04773475504241054 1.0
15.0 0.0 Car -1.0 -1.0 -1.0 -1.0 -1.0 -1.0 -1.0 1.969 1.759 4.774 2493.435 0.848 881.707 -0.028819946565846966 1.0
16.0 1.0 Car -1.0 -1.0 -1.0 -1.0 -1.0 -1.0 -1.0 2.021 1.55 3.644 2475.719 0.712 881.941 -0.04773475504241054 1.0
16.0 0.0 Car -1.0 -1.0 -1.0 -1.0 -1.0 -1.0 -1.0 1.969 1.759 4.774 2497.1 0.891 881.241 -0.08862359479702953 1.0
17.0 1.0 Car -1.0 -1.0 -1.0 -1.0 -1.0 -1.0 -1.0 2.021 1.55 3.644 2479.95 0.779 882.113 -0.06518804756235386 1.0
17.0 0.0 Car -1.0 -1.0 -1.0 -1.0 -1.0 -1.0 -1.0 1.969 1.759 4.774 2500.928 0.897 880.436 -0.16094318911938224 1.0
18.0 1.0 Car -1.0 -1.0 -1.0 -1.0 -1.0 -1.0 -1.0 2.021 1.55 3.644 2484.103 0.746 882.264 -0.04773475504241054 1.0
18.0 0.0 Car -1.0 -1.0 -1.0 -1.0 -1.0 -1.0 -1.0 1.969 1.759 4.774 2504.554 0.902 879.349 -0.233260613350444 1.0
19.0 1.0 Car -1.0 -1.0 -1.0 -1.0 -1.0 -1.0 -1.0 2.021 1.55 3.644 2488.717 0.875 882.179 -0.04773475504241054 1.0
19.0 0.0 Car -1.0 -1.0 -1.0 -1.0 -1.0 -1.0 -1.0 1.969 1.759 4.774 2508.049 0.909 878.044 -0.3865628477303868 1.0
20.0 1.0 Car -1.0 -1.0 -1.0 -1.0 -1.0 -1.0 -1.0 2.021 1.55 3.644 2492.9 0.811 881.897 -0.04773475504241054 1.0
20.0 0.0 Car -1.0 -1.0 -1.0 -1.0 -1.0 -1.0 -1.0 1.969 1.759 4.774 2511.046 0.964 876.457 -0.4925360696977914 1.0
21.0 1.0 Car -1.0 -1.0 -1.0 -1.0 -1.0 -1.0 -1.0 2.021 1.55 3.644 2497.996 0.865 881.439 -0.04773475504241054 1.0
21.0 0.0 Car -1.0 -1.0 -1.0 -1.0 -1.0 -1.0 -1.0 1.969 1.759 4.774 2513.652 0.975 874.638 -0.5894628583806396 1.0
22.0 1.0 Car -1.0 -1.0 -1.0 -1.0 -1.0 -1.0 -1.0 2.021 1.55 3.644 2501.898 0.898 880.626 -0.04773475504241054 1.0
22.0 0.0 Car -1.0 -1.0 -1.0 -1.0 -1.0 -1.0 -1.0 1.969 1.759 4.774 2516.07 0.935 872.575 -0.6863962399443104 1.0
23.0 1.0 Car -1.0 -1.0 -1.0 -1.0 -1.0 -1.0 -1.0 2.021 1.55 3.644 2505.412 0.88 879.696 -0.2571742652817304 1.0
23.0 0.0 Car -1.0 -1.0 -1.0 -1.0 -1.0 -1.0 -1.0 1.969 1.759 4.774 2518.155 0.981 870.295 -0.8119641905708259 1.0
24.0 1.0 Car -1.0 -1.0 -1.0 -1.0 -1.0 -1.0 -1.0 2.021 1.55 3.644 2508.307 1.05 878.404 -0.43170719048116357 0.0
24.0 0.0 Car -1.0 -1.0 -1.0 -1.0 -1.0 -1.0 -1.0 1.969 1.759 4.774 2519.774 0.877 868.033 -0.9250245035569941 0.0
25.0 1.0 Car -1.0 -1.0 -1.0 -1.0 -1.0 -1.0 -1.0 2.021 1.55 3.644 2511.922 0.923 876.254 -0.5887868231606515 1.0
25.0 0.0 Car -1.0 -1.0 -1.0 -1.0 -1.0 -1.0 -1.0 1.969 1.759 4.774 2521.377 0.892 865.213 -1.0530268640630318 1.0
26.0 1.0 Car -1.0 -1.0 -1.0 -1.0 -1.0 -1.0 -1.0 2.021 1.55 3.644 2513.679 1.009 875.559 -0.69350657828031 1.0
26.0 0.0 Car -1.0 -1.0 -1.0 -1.0 -1.0 -1.0 -1.0 1.969 1.759 4.774 2522.512 0.905 862.489 -1.1694466357382987 1.0
27.0 1.0 Car -1.0 -1.0 -1.0 -1.0 -1.0 -1.0 -1.0 2.021 1.55 3.644 2516.39 1.044 872.609 -0.7982263333999687 0.0
27.0 0.0 Car -1.0 -1.0 -1.0 -1.0 -1.0 -1.0 -1.0 1.969 1.759 4.774 2523.281 0.891 860.097 -1.2251039154500902 0.0
28.0 1.0 Car -1.0 -1.0 -1.0 -1.0 -1.0 -1.0 -1.0 2.021 1.55 3.644 2518.601 0.979 869.882 -0.8854927959996841 0.0
28.0 0.0 Car -1.0 -1.0 -1.0 -1.0 -1.0 -1.0 -1.0 1.969 1.759 4.774 2523.916 0.877 857.663 -1.2808250661631875 0.0
29.0 1.0 Car -1.0 -1.0 -1.0 -1.0 -1.0 -1.0 -1.0 2.021 1.55 3.644 2519.832 1.111 868.465 -0.9902125511193428 0.0
29.0 0.0 Car -1.0 -1.0 -1.0 -1.0 -1.0 -1.0 -1.0 1.969 1.759 4.774 2524.373 0.938 855.64 -1.2948689216376823 0.0
30.0 1.0 Car -1.0 -1.0 -1.0 -1.0 -1.0 -1.0 -1.0 2.021 1.55 3.644 2520.951 1.046 866.77 -1.1472921837988304 0.0
30.0 0.0 Car -1.0 -1.0 -1.0 -1.0 -1.0 -1.0 -1.0 1.969 1.759 4.774 2524.881 0.95 853.388 -1.3104989317786169 0.0
31.0 1.0 Car -1.0 -1.0 -1.0 -1.0 -1.0 -1.0 -1.0 2.021 1.55 3.644 2521.597 1.022 866.0 -1.234558646398546 0.0
31.0 0.0 Car -1.0 -1.0 -1.0 -1.0 -1.0 -1.0 -1.0 1.969 1.759 4.774 2525.293 0.93 851.25 -1.3372444359428337 0.0
32.0 1.0 Car -1.0 -1.0 -1.0 -1.0 -1.0 -1.0 -1.0 2.021 1.55 3.644 2523.028 0.928 862.102 -1.2313316581860545 0.0
32.0 0.0 Car -1.0 -1.0 -1.0 -1.0 -1.0 -1.0 -1.0 1.969 1.759 4.774 2525.679 0.858 848.89 -1.3666173031578208 0.0
33.0 1.0 Car -1.0 -1.0 -1.0 -1.0 -1.0 -1.0 -1.0 2.021 1.55 3.644 2523.93 0.929 859.127 -1.2923324902238456 0.0
33.0 0.0 Car -1.0 -1.0 -1.0 -1.0 -1.0 -1.0 -1.0 1.969 1.759 4.774 2526.074 0.838 846.682 -1.4028243279537742 0.0
34.0 1.0 Car -1.0 -1.0 -1.0 -1.0 -1.0 -1.0 -1.0 2.021 1.55 3.644 2524.7 0.844 855.612 -1.3655434219290332 0.0
34.0 0.0 Car -1.0 -1.0 -1.0 -1.0 -1.0 -1.0 -1.0 1.969 1.759 4.774 2526.466 0.799 844.016 -1.4078785679872525 0.0
35.0 1.0 Car -1.0 -1.0 -1.0 -1.0 -1.0 -1.0 -1.0 2.021 1.55 3.644 2525.143 0.773 852.647 -1.4265448641179201 0.0
35.0 0.0 Car -1.0 -1.0 -1.0 -1.0 -1.0 -1.0 -1.0 1.969 1.759 4.774 2526.73 0.763 841.699 -1.4381991051846619 0.0
36.0 1.0 Car -1.0 -1.0 -1.0 -1.0 -1.0 -1.0 -1.0 2.021 1.55 3.644 2525.346 0.724 851.429 -1.4614514491578063 0.0
36.0 0.0 Car -1.0 -1.0 -1.0 -1.0 -1.0 -1.0 -1.0 1.969 1.759 4.774 2526.924 0.725 839.376 -1.4685184899435115 0.0
37.0 1.0 Car -1.0 -1.0 -1.0 -1.0 -1.0 -1.0 -1.0 2.021 1.55 3.644 2525.422 0.6 850.57 -1.47142465240527 0.0
37.0 0.0 Car -1.0 -1.0 -1.0 -1.0 -1.0 -1.0 -1.0 1.969 1.759 4.774 2527.041 0.709 837.331 -1.4928012195624656 0.0
38.0 1.0 Car -1.0 -1.0 -1.0 -1.0 -1.0 -1.0 -1.0 2.021 1.55 3.644 2525.516 0.444 849.496 -1.4839050571285592 0.0
38.0 0.0 Car -1.0 -1.0 -1.0 -1.0 -1.0 -1.0 -1.0 1.969 1.759 4.774 2527.117 0.689 834.77 -1.5231884768870176 0.0
