0.0 0.0 Car -1.0 -1.0 -1.0 -1.0 -1.0 -1.0 -1.0 1.928 1.721 4.536 2447.436 0.991 2271.939 -1.7085254940572538 0.0
1.0 0.0 Car -1.0 -1.0 -1.0 -1.0 -1.0 -1.0 -1.0 1.928 1.721 4.536 2446.442 0.992 2265.518 -1.7109512695784732 1.0
2.0 0.0 Car -1.0 -1.0 -1.0 -1.0 -1.0 -1.0 -1.0 1.928 1.721 4.536 2445.449 0.992 2259.102 -1.7133747037298275 1.0
3.0 1.0 Car -1.0 -1.0 -1.0 -1.0 -1.0 -1.0 -1.0 1.84 1.494 4.258 2432.847 1.176 2148.319 1.9616153036566417 0.0
3.0 0.0 Car -1.0 -1.0 -1.0 -1.0 -1.0 -1.0 -1.0 1.928 1.721 4.536 2444.503 0.942 2252.801 -1.707069479436591 1.0
4.0 1.0 Car -1.0 -1.0 -1.0 -1.0 -1.0 -1.0 -1.0 1.84 1.494 4.258 2431.772 1.075 2151.375 1.8895050368539958 1.0
4.0 0.0 Car -1.0 -1.0 -1.0 -1.0 -1.0 -1.0 -1.0 1.928 1.721 4.536 2443.559 0.893 2246.506 -1.7007701652121328 1.0
5.0 1.0 Car -1.0 -1.0 -1.0 -1.0 -1.0 -1.0 -1.0 1.84 1.494 4.258 2430.89 0.973 2154.49 1.7999380733604262 1.0
5.0 0.0 Car -1.0 -1.0 -1.0 -1.0 -1.0 -1.0 -1.0 1.928 1.721 4.536 2442.615 0.866 2240.142 -1.7031934975647975 1.0
6.0 1.0 Car -1.0 -1.0 -1.0 -1.0 -1.0 -1.0 -1.0 1.84 1.494 4.258 2430.29 0.871 2157.674 1.710289051429544 1.0
6.0 0.0 Car -1.0 -1.0 -1.0 -1.0 -1.0 -1.0 -1.0 1.928 1.721 4.536 2441.67 0.839 2233.773 -1.7056190500984105 1.0
7.0 1.0 Car -1.0 -1.0 -1.0 -1.0 -1.0 -1.0 -1.0 1.84 1.494 4.258 2429.992 0.811 2161.383 1.6063003505479876 1.0
7.0 0.0 Car -1.0 -1.0 -1.0 -1.0 -1.0 -1.0 -1.0 1.928 1.721 4.536 2440.786 0.803 2227.859 -1.7080395611731023 1.0
8.0 1.0 Car -1.0 -1.0 -1.0 -1.0 -1.0 -1.0 -1.0 1.84 1.494 4.258 2430.081 0.751 2165.112 1.502074860168383 1.0
8.0 0.0 Car -1.0 -1.0 -1.0 -1.0 -1.0 -1.0 -1.0 1.928 1.721 4.536 2439.9 0.843 2221.932 -1.7104655839197105 1.0
9.0 1.0 Car -1.0 -1.0 -1.0 -1.0 -1.0 -1.0 -1.0 1.84 1.494 4.258 2430.383 0.739 2168.663 1.4977116657884242 1.0
9.0 0.0 Car -1.0 -1.0 -1.0 -1.0 -1.0 -1.0 -1.0 1.928 1.721 4.536 2439.015 0.883 2216.013 -1.7128886884372128 1.0
10.0 1.0 Car -1.0 -1.0 -1.0 -1.0 -1.0 -1.0 -1.0 1.84 1.494 4.258 2430.684 0.726 2172.213 1.493348227001635 0.0
10.0 0.0 Car -1.0 -1.0 -1.0 -1.0 -1.0 -1.0 -1.0 1.928 1.721 4.536 2438.197 0.906 2210.254 -1.7124565793466495 1.0
11.0 1.0 Car -1.0 -1.0 -1.0 -1.0 -1.0 -1.0 -1.0 1.84 1.494 4.258 2430.986 0.714 2175.76 1.4889897636396061 0.0
11.0 0.0 Car -1.0 -1.0 -1.0 -1.0 -1.0 -1.0 -1.0 1.928 1.721 4.536 2437.49 0.878 2205.145 -1.7120050617982996 1.0
12.0 1.0 Car -1.0 -1.0 -1.0 -1.0 -1.0 -1.0 -1.0 1.84 1.494 4.258 2431.288 0.701 2179.314 1.48462156764844 0.0
12.0 0.0 Car -1.0 -1.0 -1.0 -1.0 -1.0 -1.0 -1.0 1.928 1.721 4.536 2436.819 0.951 2200.195 -1.7028503659424221 1.0
13.0 1.0 Car -1.0 -1.0 -1.0 -1.0 -1.0 -1.0 -1.0 1.84 1.494 4.258 2431.7 0.748 2182.707 1.4450277036932462 0.0
13.0 0.0 Car -1.0 -1.0 -1.0 -1.0 -1.0 -1.0 -1.0 1.928 1.721 4.536 2436.23 0.899 2195.527 -1.7024172771944548 0.0
14.0 1.0 Car -1.0 -1.0 -1.0 -1.0 -1.0 -1.0 -1.0 1.84 1.494 4.258 2432.245 0.795 2186.078 1.4054774355556443 0.0
14.0 0.0 Car -1.0 -1.0 -1.0 -1.0 -1.0 -1.0 -1.0 1.928 1.721 4.536 2435.707 0.847 2191.359 -1.7019846653097235 0.0
15.0 1.0 Car -1.0 -1.0 -1.0 -1.0 -1.0 -1.0 -1.0 1.84 1.494 4.258 2432.923 0.841 2189.424 1.3659274047818404 0.0
15.0 0.0 Car -1.0 -1.0 -1.0 -1.0 -1.0 -1.0 -1.0 1.928 1.721 4.536 2435.154 0.87 2187.552 -1.7358722113821679 0.0
16.0 1.0 Car -1.0 -1.0 -1.0 -1.0 -1.0 -1.0 -1.0 1.84 1.494 4.258 2433.605 0.871 2193.042 1.3816591102771634 0.0
16.0 0.0 Car -1.0 -1.0 -1.0 -1.0 -1.0 -1.0 -1.0 1.928 1.721 4.536 2434.506 0.893 2183.753 -1.7523052866098308 0.0
17.0 1.0 Car -1.0 -1.0 -1.0 -1.0 -1.0 -1.0 -1.0 1.84 1.494 4.258 2434.286 0.901 2196.652 1.3973551050487234 0.0
17.0 0.0 Car -1.0 -1.0 -1.0 -1.0 -1.0 -1.0 -1.0 1.928 1.721 4.536 2433.884 0.916 2180.103 -1.7338340926747977 0.0
18.0 1.0 Car -1.0 -1.0 -1.0 -1.0 -1.0 -1.0 -1.0 1.84 1.494 4.258 2434.981 0.945 2200.631 1.3973551050487234 0.0
18.0 0.0 Car -1.0 -1.0 -1.0 -1.0 -1.0 -1.0 -1.0 1.928 1.721 4.536 2433.246 0.939 2176.593 -1.7473588933918969 0.0
19.0 1.0 Car -1.0 -1.0 -1.0 -1.0 -1.0 -1.0 -1.0 1.84 1.494 4.258 2435.676 0.988 2204.612 1.3973551050487234 0.0
19.0 0.0 Car -1.0 -1.0 -1.0 -1.0 -1.0 -1.0 -1.0 1.928 1.721 4.536 2432.608 0.962 2173.083 -1.7608853716170823 0.0
20.0 1.0 Car -1.0 -1.0 -1.0 -1.0 -1.0 -1.0 -1.0 1.84 1.494 4.258 2436.371 1.031 2208.595 1.3973551050487234 0.0
20.0 0.0 Car -1.0 -1.0 -1.0 -1.0 -1.0 -1.0 -1.0 1.928 1.721 4.536 2432.088 0.936 2170.123 -1.7245229060037082 0.0
21.0 1.0 Car -1.0 -1.0 -1.0 -1.0 -1.0 -1.0 -1.0 1.84 1.494 4.258 2437.065 1.074 2212.57 1.3973551050487234 0.0
21.0 0.0 Car -1.0 -1.0 -1.0 -1.0 -1.0 -1.0 -1.0 1.928 1.721 4.536 2431.677 0.909 2167.152 -1.6882383418440938 0.0
22.0 0.0 Car -1.0 -1.0 -1.0 -1.0 -1.0 -1.0 -1.0 1.928 1.721 4.536 2431.513 0.942 2163.864 -1.6051849672469338 0.0
23.0 0.0 Car -1.0 -1.0 -1.0 -1.0 -1.0 -1.0 -1.0 1.928 1.721 4.536 2431.622 0.974 2160.571 -1.522050518124901 0.0
24.0 0.0 Car -1.0 -1.0 -1.0 -1.0 -1.0 -1.0 -1.0 1.928 1.721 4.536 2431.928 1.088 2156.957 -1.4768326111973504 1.0
25.0 0.0 Car -1.0 -1.0 -1.0 -1.0 -1.0 -1.0 -1.0 1.928 1.721 4.536 2432.648 1.195 2152.758 -1.3242626098653325 1.0
26.0 0.0 Car -1.0 -1.0 -1.0 -1.0 -1.0 -1.0 -1.0 1.928 1.721 4.536 2433.768 1.284 2149.257 -1.197096551864031 1.0
27.0 0.0 Car -1.0 -1.0 -1.0 -1.0 -1.0 -1.0 -1.0 1.928 1.721 4.536 2435.318 1.374 2145.934 -1.0702562049873416 0.0
28.0 0.0 Car -1.0 -1.0 -1.0 -1.0 -1.0 -1.0 -1.0 1.928 1.721 4.536 2437.122 1.422 2142.804 -1.022873981564456 0.0
29.0 0.0 Car -1.0 -1.0 -1.0 -1.0 -1.0 -1.0 -1.0 1.928 1.721 4.536 2439.071 1.471 2139.763 -0.9754872082196431 0.0
30.0 0.0 Car -1.0 -1.0 -1.0 -1.0 -1.0 -1.0 -1.0 1.928 1.721 4.536 2441.165 1.464 2136.763 -0.94670245077159 0.0
31.0 0.0 Car -1.0 -1.0 -1.0 -1.0 -1.0 -1.0 -1.0 1.928 1.721 4.536 2443.203 1.407 2133.892 -0.9528111636306233 0.0
32.0 0.0 Car -1.0 -1.0 -1.0 -1.0 -1.0 -1.0 -1.0 1.928 1.721 4.536 2445.281 1.275 2130.968 -0.9414605299998158 0.0
33.0 0.0 Car -1.0 -1.0 -1.0 -1.0 -1.0 -1.0 -1.0 1.928 1.721 4.536 2447.438 1.193 2128.11 -0.9126702134583002 0.0
34.0 0.0 Car -1.0 -1.0 -1.0 -1.0 -1.0 -1.0 -1.0 1.928 1.721 4.536 2449.542 1.112 2125.224 -0.9580339156997 0.0
35.0 0.0 Car -1.0 -1.0 -1.0 -1.0 -1.0 -1.0 -1.0 1.928 1.721 4.536 2451.515 1.115 2122.331 -0.9764963032833814 0.0
36.0 0.0 Car -1.0 -1.0 -1.0 -1.0 -1.0 -1.0 -1.0 1.928 1.721 4.536 2453.431 1.167 2119.47 -0.9949403142239741 0.0
37.0 0.0 Car -1.0 -1.0 -1.0 -1.0 -1.0 -1.0 -1.0 1.928 1.721 4.536 2455.613 1.364 2116.128 -0.9957920976415662 0.0
38.0 0.0 Car -1.0 -1.0 -1.0 -1.0 -1.0 -1.0 -1.0 1.928 1.721 4.536 2457.252 1.544 2113.695 -0.9776718345076127 0.0
