0.0 2.0 Bus -1.0 -1.0 -1.0 -1.0 -1.0 -1.0 -1.0 3.678 3.442 12.825 619.719 1.62 1978.089 2.4157102175010254 0.0
0.0 1.0 Car -1.0 -1.0 -1.0 -1.0 -1.0 -1.0 -1.0 1.811 1.461 4.487 610.396 0.391 2017.174 -2.0250974754806497 0.0
0.0 5.0 Car -1.0 -1.0 -1.0 -1.0 -1.0 -1.0 -1.0 1.902 1.479 4.635 604.732 0.719 1991.854 2.4196372087788323 0.0
1.0 2.0 Bus -1.0 -1.0 -1.0 -1.0 -1.0 -1.0 -1.0 3.678 3.442 12.825 619.965 1.82 1977.232 2.4157102175010254 1.0
1.0 1.0 Car -1.0 -1.0 -1.0 -1.0 -1.0 -1.0 -1.0 1.811 1.461 4.487 610.369 0.501 2017.041 -2.0170896027457075 1.0
1.0 5.0 Car -1.0 -1.0 -1.0 -1.0 -1.0 -1.0 -1.0 1.902 1.479 4.635 604.475 0.719 1992.075 2.4196372087788323 1.0
2.0 2.0 Bus -1.0 -1.0 -1.0 -1.0 -1.0 -1.0 -1.0 3.678 3.442 12.825 619.455 1.82 1977.517 2.4157102175010254 1.0
2.0 1.0 Car -1.0 -1.0 -1.0 -1.0 -1.0 -1.0 -1.0 1.811 1.461 4.487 610.344 0.459 2016.967 -2.038170550877336 0.0
2.0 5.0 Car -1.0 -1.0 -1.0 -1.0 -1.0 -1.0 -1.0 1.902 1.479 4.635 604.123 0.719 1992.381 2.4196372087788323 1.0
3.0 2.0 Bus -1.0 -1.0 -1.0 -1.0 -1.0 -1.0 -1.0 3.678 3.442 12.825 618.542 1.72 1978.279 2.4157102175010254 1.0
3.0 1.0 Car -1.0 -1.0 -1.0 -1.0 -1.0 -1.0 -1.0 1.811 1.461 4.487 610.317 0.418 2016.894 -2.0592514990089654 0.0
3.0 3.0 Car -1.0 -1.0 -1.0 -1.0 -1.0 -1.0 -1.0 1.972 1.587 4.719 613.798 -0.134 2023.8 -2.154905667148462 0.0
3.0 5.0 Car -1.0 -1.0 -1.0 -1.0 -1.0 -1.0 -1.0 1.902 1.479 4.635 603.364 0.719 1993.045 2.4196372087788323 1.0
4.0 2.0 Bus -1.0 -1.0 -1.0 -1.0 -1.0 -1.0 -1.0 3.678 3.442 12.825 619.123 1.67 1978.049 2.398256924981082 1.0
4.0 1.0 Car -1.0 -1.0 -1.0 -1.0 -1.0 -1.0 -1.0 1.811 1.461 4.487 610.29 0.376 2016.821 -2.080332447140595 0.0
4.0 3.0 Car -1.0 -1.0 -1.0 -1.0 -1.0 -1.0 -1.0 1.972 1.587 4.719 613.753 -0.115 2023.694 -2.154905667148462 1.0
4.0 5.0 Car -1.0 -1.0 -1.0 -1.0 -1.0 -1.0 -1.0 1.902 1.479 4.635 602.253 0.719 1994.018 2.4196372087788323 1.0
5.0 2.0 Bus -1.0 -1.0 -1.0 -1.0 -1.0 -1.0 -1.0 3.678 3.442 12.825 619.078 1.62 1977.706 2.345897047421252 1.0
5.0 1.0 Car -1.0 -1.0 -1.0 -1.0 -1.0 -1.0 -1.0 1.811 1.461 4.487 609.893 0.401 2016.144 -1.9850581118059376 0.0
5.0 3.0 Car -1.0 -1.0 -1.0 -1.0 -1.0 -1.0 -1.0 1.972 1.587 4.719 613.762 -0.096 2023.551 -2.154905667148462 1.0
5.0 5.0 Car -1.0 -1.0 -1.0 -1.0 -1.0 -1.0 -1.0 1.902 1.479 4.635 600.904 0.719 1995.202 2.4196372087788323 1.0
5.0 4.0 Car -1.0 -1.0 -1.0 -1.0 -1.0 -1.0 -1.0 2.166 1.973 4.743 618.829 -0.676 2031.467 -2.175395832528258 0.0
6.0 2.0 Bus -1.0 -1.0 -1.0 -1.0 -1.0 -1.0 -1.0 3.678 3.442 12.825 617.818 1.62 1979.246 2.380803632461139 1.0
6.0 1.0 Car -1.0 -1.0 -1.0 -1.0 -1.0 -1.0 -1.0 1.811 1.461 4.487 609.37 0.426 2014.874 -1.9246903615111661 0.0
6.0 3.0 Car -1.0 -1.0 -1.0 -1.0 -1.0 -1.0 -1.0 1.972 1.587 4.719 613.401 -0.028 2023.172 -2.154905667148462 0.0
6.0 5.0 Car -1.0 -1.0 -1.0 -1.0 -1.0 -1.0 -1.0 1.902 1.479 4.635 599.464 0.723 1996.711 2.354223732186856 1.0
6.0 0.0 Car -1.0 -1.0 -1.0 -1.0 -1.0 -1.0 -1.0 2.224 2.0 4.916 623.221 -1.097 2038.298 -2.1055826624484855 0.0
6.0 4.0 Car -1.0 -1.0 -1.0 -1.0 -1.0 -1.0 -1.0 2.166 1.973 4.743 618.688 -0.595 2031.009 -2.175395832528258 1.0
7.0 2.0 Bus -1.0 -1.0 -1.0 -1.0 -1.0 -1.0 -1.0 3.678 3.442 12.825 616.794 1.675 1980.281 2.380803632461139 1.0
7.0 1.0 Car -1.0 -1.0 -1.0 -1.0 -1.0 -1.0 -1.0 1.811 1.461 4.487 609.038 0.451 2013.203 -1.8119627336565642 0.0
7.0 3.0 Car -1.0 -1.0 -1.0 -1.0 -1.0 -1.0 -1.0 1.972 1.587 4.719 612.977 0.041 2022.523 -2.154905667148462 0.0
7.0 5.0 Car -1.0 -1.0 -1.0 -1.0 -1.0 -1.0 -1.0 1.902 1.479 4.635 598.308 0.726 1998.463 2.1840905004752207 1.0
7.0 0.0 Car -1.0 -1.0 -1.0 -1.0 -1.0 -1.0 -1.0 2.224 2.0 4.916 623.037 -1.07 2037.95 -2.1055826624484855 1.0
7.0 4.0 Car -1.0 -1.0 -1.0 -1.0 -1.0 -1.0 -1.0 2.166 1.973 4.743 618.498 -0.556 2030.585 -2.175395832528258 1.0
8.0 2.0 Bus -1.0 -1.0 -1.0 -1.0 -1.0 -1.0 -1.0 3.678 3.442 12.825 615.704 1.53 1981.375 2.4157102175010254 1.0
8.0 1.0 Car -1.0 -1.0 -1.0 -1.0 -1.0 -1.0 -1.0 1.811 1.461 4.487 608.793 0.476 2010.961 -1.6992351058019635 0.0
8.0 3.0 Car -1.0 -1.0 -1.0 -1.0 -1.0 -1.0 -1.0 1.972 1.587 4.719 612.335 0.151 2021.631 -2.1234897406125652 0.0
8.0 5.0 Car -1.0 -1.0 -1.0 -1.0 -1.0 -1.0 -1.0 1.902 1.479 4.635 597.509 0.73 2000.412 1.9877773299836694 1.0
8.0 0.0 Car -1.0 -1.0 -1.0 -1.0 -1.0 -1.0 -1.0 2.224 2.0 4.916 622.852 -1.043 2037.603 -2.1055826624484855 1.0
8.0 4.0 Car -1.0 -1.0 -1.0 -1.0 -1.0 -1.0 -1.0 2.166 1.973 4.743 618.274 -0.517 2030.343 -2.175395832528258 0.0
9.0 2.0 Bus -1.0 -1.0 -1.0 -1.0 -1.0 -1.0 -1.0 3.678 3.442 12.825 614.614 1.385 1982.469 2.4157102175010254 1.0
9.0 1.0 Car -1.0 -1.0 -1.0 -1.0 -1.0 -1.0 -1.0 1.811 1.461 4.487 608.999 0.456 2008.41 -1.457449029381132 0.0
9.0 3.0 Car -1.0 -1.0 -1.0 -1.0 -1.0 -1.0 -1.0 1.972 1.587 4.719 611.522 0.261 2020.385 -2.092073814076668 0.0
9.0 5.0 Car -1.0 -1.0 -1.0 -1.0 -1.0 -1.0 -1.0 1.902 1.479 4.635 597.055 0.733 2002.641 1.7972819236654332 1.0
9.0 0.0 Car -1.0 -1.0 -1.0 -1.0 -1.0 -1.0 -1.0 2.224 2.0 4.916 622.668 -1.016 2037.256 -2.1055826624484855 0.0
9.0 4.0 Car -1.0 -1.0 -1.0 -1.0 -1.0 -1.0 -1.0 2.166 1.973 4.743 618.125 -0.427 2030.208 -2.175395832528258 0.0
10.0 2.0 Bus -1.0 -1.0 -1.0 -1.0 -1.0 -1.0 -1.0 3.678 3.442 12.825 613.201 1.339 1983.731 2.380803632461139 1.0
10.0 1.0 Car -1.0 -1.0 -1.0 -1.0 -1.0 -1.0 -1.0 1.811 1.461 4.487 609.76 0.436 2005.366 -1.3116560618199884 0.0
10.0 3.0 Car -1.0 -1.0 -1.0 -1.0 -1.0 -1.0 -1.0 1.972 1.587 4.719 610.8 0.386 2018.963 -2.069384533800742 0.0
10.0 5.0 Car -1.0 -1.0 -1.0 -1.0 -1.0 -1.0 -1.0 1.902 1.479 4.635 597.001 0.736 2005.138 1.6198764867371547 1.0
10.0 0.0 Car -1.0 -1.0 -1.0 -1.0 -1.0 -1.0 -1.0 2.224 2.0 4.916 622.484 -0.99 2036.909 -2.1055826624484855 0.0
10.0 4.0 Car -1.0 -1.0 -1.0 -1.0 -1.0 -1.0 -1.0 2.166 1.973 4.743 617.481 -0.238 2029.185 -2.175395832528258 0.0
11.0 2.0 Bus -1.0 -1.0 -1.0 -1.0 -1.0 -1.0 -1.0 3.678 3.442 12.825 611.251 1.435 1985.322 2.406983571241054 1.0
11.0 1.0 Car -1.0 -1.0 -1.0 -1.0 -1.0 -1.0 -1.0 1.811 1.461 4.487 611.162 0.465 2001.83 -1.1135032166990149 0.0
11.0 3.0 Car -1.0 -1.0 -1.0 -1.0 -1.0 -1.0 -1.0 1.972 1.587 4.719 609.922 0.461 2017.256 -2.046695253524815 0.0
11.0 5.0 Car -1.0 -1.0 -1.0 -1.0 -1.0 -1.0 -1.0 1.902 1.479 4.635 597.365 0.82 2008.072 1.3923049542067303 1.0
11.0 0.0 Car -1.0 -1.0 -1.0 -1.0 -1.0 -1.0 -1.0 2.224 2.0 4.916 622.299 -0.963 2036.562 -2.1055826624484855 0.0
11.0 4.0 Car -1.0 -1.0 -1.0 -1.0 -1.0 -1.0 -1.0 2.166 1.973 4.743 616.505 -0.049 2027.797 -2.175395832528258 0.0
12.0 2.0 Bus -1.0 -1.0 -1.0 -1.0 -1.0 -1.0 -1.0 3.678 3.442 12.825 609.26 1.48 1986.86 2.433163510020969 0.0
12.0 1.0 Car -1.0 -1.0 -1.0 -1.0 -1.0 -1.0 -1.0 1.811 1.461 4.487 613.249 0.428 1998.327 -1.057790361660476 0.0
12.0 3.0 Car -1.0 -1.0 -1.0 -1.0 -1.0 -1.0 -1.0 1.972 1.587 4.719 609.186 0.586 2015.63 -1.9803727419490313 0.0
12.0 5.0 Car -1.0 -1.0 -1.0 -1.0 -1.0 -1.0 -1.0 1.902 1.479 4.635 598.335 0.904 2011.065 1.234546591756079 1.0
12.0 0.0 Car -1.0 -1.0 -1.0 -1.0 -1.0 -1.0 -1.0 2.224 2.0 4.916 621.716 -0.745 2035.726 -2.1055826624484855 0.0
12.0 4.0 Car -1.0 -1.0 -1.0 -1.0 -1.0 -1.0 -1.0 2.166 1.973 4.743 615.53 0.141 2026.408 -2.175395832528258 0.0
13.0 2.0 Bus -1.0 -1.0 -1.0 -1.0 -1.0 -1.0 -1.0 3.678 3.442 12.825 607.095 1.731 1988.677 2.4157102175010254 0.0
13.0 1.0 Car -1.0 -1.0 -1.0 -1.0 -1.0 -1.0 -1.0 1.811 1.461 4.487 615.836 0.391 1994.429 -1.0020775066219372 0.0
13.0 3.0 Car -1.0 -1.0 -1.0 -1.0 -1.0 -1.0 -1.0 1.972 1.587 4.719 608.628 0.739 2013.663 -1.8775560684081116 0.0
13.0 5.0 Car -1.0 -1.0 -1.0 -1.0 -1.0 -1.0 -1.0 1.902 1.479 4.635 599.541 0.988 2013.966 1.1204214606052865 1.0
13.0 0.0 Car -1.0 -1.0 -1.0 -1.0 -1.0 -1.0 -1.0 2.224 2.0 4.916 621.133 -0.626 2034.89 -2.1055826624484855 0.0
13.0 4.0 Car -1.0 -1.0 -1.0 -1.0 -1.0 -1.0 -1.0 2.166 1.973 4.743 614.554 0.33 2025.02 -2.175395832528258 0.0
14.0 2.0 Bus -1.0 -1.0 -1.0 -1.0 -1.0 -1.0 -1.0 3.678 3.442 12.825 604.929 1.882 1990.494 2.398256924981082 0.0
14.0 3.0 Car -1.0 -1.0 -1.0 -1.0 -1.0 -1.0 -1.0 1.972 1.587 4.719 608.284 0.942 2011.55 -1.7572861023472477 0.0
14.0 5.0 Car -1.0 -1.0 -1.0 -1.0 -1.0 -1.0 -1.0 1.902 1.479 4.635 601.043 1.072 2016.701 1.0935627920542104 1.0
14.0 0.0 Car -1.0 -1.0 -1.0 -1.0 -1.0 -1.0 -1.0 2.224 2.0 4.916 619.941 -0.258 2033.26 -2.1055826624484855 0.0
14.0 4.0 Car -1.0 -1.0 -1.0 -1.0 -1.0 -1.0 -1.0 2.166 1.973 4.743 613.578 0.519 2023.631 -2.175395832528258 0.0
15.0 2.0 Bus -1.0 -1.0 -1.0 -1.0 -1.0 -1.0 -1.0 3.678 3.442 12.825 603.361 2.168 1992.288 2.3869458511552293 0.0
15.0 3.0 Car -1.0 -1.0 -1.0 -1.0 -1.0 -1.0 -1.0 1.972 1.587 4.719 608.322 1.217 2009.037 -1.628141791098477 0.0
15.0 5.0 Car -1.0 -1.0 -1.0 -1.0 -1.0 -1.0 -1.0 1.902 1.479 4.635 602.574 1.155 2019.497 0.9838009840334035 1.0
15.0 0.0 Car -1.0 -1.0 -1.0 -1.0 -1.0 -1.0 -1.0 2.224 2.0 4.916 618.749 0.11 2031.63 -2.1055826624484855 0.0
15.0 4.0 Car -1.0 -1.0 -1.0 -1.0 -1.0 -1.0 -1.0 2.166 1.973 4.743 612.51 0.931 2022.046 -2.128853719141743 0.0
16.0 2.0 Bus -1.0 -1.0 -1.0 -1.0 -1.0 -1.0 -1.0 3.678 3.442 12.825 601.792 2.479 1994.082 2.3756347773293767 0.0
16.0 3.0 Car -1.0 -1.0 -1.0 -1.0 -1.0 -1.0 -1.0 1.972 1.587 4.719 608.682 1.541 2006.55 -1.4989974798497063 0.0
16.0 5.0 Car -1.0 -1.0 -1.0 -1.0 -1.0 -1.0 -1.0 1.902 1.479 4.635 604.352 1.239 2022.238 0.9838009840334035 1.0
16.0 0.0 Car -1.0 -1.0 -1.0 -1.0 -1.0 -1.0 -1.0 2.224 2.0 4.916 617.648 0.519 2029.887 -2.096856016188514 0.0
16.0 4.0 Car -1.0 -1.0 -1.0 -1.0 -1.0 -1.0 -1.0 2.166 1.973 4.743 611.518 1.343 2020.413 -2.0823116057552284 0.0
17.0 2.0 Bus -1.0 -1.0 -1.0 -1.0 -1.0 -1.0 -1.0 3.678 3.442 12.825 600.224 2.791 1995.876 2.3643237035035236 0.0
17.0 3.0 Car -1.0 -1.0 -1.0 -1.0 -1.0 -1.0 -1.0 1.972 1.587 4.719 609.616 1.866 2003.588 -1.3579582028068888 0.0
17.0 5.0 Car -1.0 -1.0 -1.0 -1.0 -1.0 -1.0 -1.0 1.902 1.479 4.635 606.201 1.323 2025.085 0.9838009840334035 1.0
17.0 0.0 Car -1.0 -1.0 -1.0 -1.0 -1.0 -1.0 -1.0 2.224 2.0 4.916 616.548 0.928 2028.144 -2.088129369928542 0.0
17.0 4.0 Car -1.0 -1.0 -1.0 -1.0 -1.0 -1.0 -1.0 2.166 1.973 4.743 610.602 1.755 2018.736 -2.035769492368713 0.0
18.0 2.0 Bus -1.0 -1.0 -1.0 -1.0 -1.0 -1.0 -1.0 3.678 3.442 12.825 598.323 3.227 1997.973 2.2072440708240335 0.0
18.0 5.0 Car -1.0 -1.0 -1.0 -1.0 -1.0 -1.0 -1.0 1.902 1.479 4.635 608.174 1.407 2028.118 0.9838009840334035 1.0
18.0 0.0 Car -1.0 -1.0 -1.0 -1.0 -1.0 -1.0 -1.0 2.224 2.0 4.916 615.327 1.521 2026.288 -2.088129369928542 0.0
18.0 4.0 Car -1.0 -1.0 -1.0 -1.0 -1.0 -1.0 -1.0 2.166 1.973 4.743 609.56 2.317 2016.672 -1.9135964447291107 0.0
19.0 2.0 Bus -1.0 -1.0 -1.0 -1.0 -1.0 -1.0 -1.0 3.678 3.442 12.825 598.015 3.663 1999.088 2.1025243157043736 0.0
19.0 5.0 Car -1.0 -1.0 -1.0 -1.0 -1.0 -1.0 -1.0 1.902 1.479 4.635 610.182 1.491 2031.204 0.9838009840334035 1.0
19.0 0.0 Car -1.0 -1.0 -1.0 -1.0 -1.0 -1.0 -1.0 2.224 2.0 4.916 614.106 2.114 2024.433 -2.088129369928542 0.0
19.0 4.0 Car -1.0 -1.0 -1.0 -1.0 -1.0 -1.0 -1.0 2.166 1.973 4.743 608.774 2.579 2014.551 -1.9135964447291107 0.0
20.0 2.0 Bus -1.0 -1.0 -1.0 -1.0 -1.0 -1.0 -1.0 3.678 3.442 12.825 596.642 4.25 2002.129 1.962897975544827 0.0
20.0 5.0 Car -1.0 -1.0 -1.0 -1.0 -1.0 -1.0 -1.0 1.902 1.479 4.635 612.216 1.574 2034.33 0.9838009840334035 1.0
20.0 0.0 Car -1.0 -1.0 -1.0 -1.0 -1.0 -1.0 -1.0 2.224 2.0 4.916 612.886 2.932 2022.577 -2.088129369928542 0.0
21.0 2.0 Bus -1.0 -1.0 -1.0 -1.0 -1.0 -1.0 -1.0 3.678 3.442 12.825 596.289 4.745 2004.87 1.8058183428653372 0.0
21.0 5.0 Car -1.0 -1.0 -1.0 -1.0 -1.0 -1.0 -1.0 1.902 1.479 4.635 614.529 1.565 2037.697 0.9838009840334035 1.0
22.0 2.0 Bus -1.0 -1.0 -1.0 -1.0 -1.0 -1.0 -1.0 3.678 3.442 12.825 596.446 5.212 2007.624 1.6836452952257344 0.0
22.0 5.0 Car -1.0 -1.0 -1.0 -1.0 -1.0 -1.0 -1.0 1.902 1.479 4.635 616.965 1.556 2041.249 0.9838009840334035 1.0
23.0 2.0 Bus -1.0 -1.0 -1.0 -1.0 -1.0 -1.0 -1.0 3.678 3.442 12.825 596.938 5.679 2010.338 1.5614722475861311 0.0
23.0 5.0 Car -1.0 -1.0 -1.0 -1.0 -1.0 -1.0 -1.0 1.902 1.479 4.635 619.489 1.547 2044.935 0.9838009840334035 1.0
24.0 5.0 Car -1.0 -1.0 -1.0 -1.0 -1.0 -1.0 -1.0 1.902 1.479 4.635 622.049 1.538 2048.673 0.9838009840334035 1.0
25.0 5.0 Car -1.0 -1.0 -1.0 -1.0 -1.0 -1.0 -1.0 1.902 1.479 4.635 624.702 1.529 2052.551 0.9838009840334035 1.0
26.0 5.0 Car -1.0 -1.0 -1.0 -1.0 -1.0 -1.0 -1.0 1.902 1.479 4.635 627.037 1.52 2055.853 0.9838009840334035 1.0
27.0 5.0 Car -1.0 -1.0 -1.0 -1.0 -1.0 -1.0 -1.0 1.902 1.479 4.635 629.884 1.511 2059.925 0.9838009840334035 0.0
28.0 5.0 Car -1.0 -1.0 -1.0 -1.0 -1.0 -1.0 -1.0 1.902 1.479 4.635 632.802 1.503 2064.104 0.9838009840334035 0.0
29.0 5.0 Car -1.0 -1.0 -1.0 -1.0 -1.0 -1.0 -1.0 1.902 1.479 4.635 635.838 1.494 2068.459 0.9838009840334035 0.0
30.0 5.0 Car -1.0 -1.0 -1.0 -1.0 -1.0 -1.0 -1.0 1.902 1.479 4.635 638.847 1.485 2072.775 0.9838009840334035 0.0
31.0 5.0 Car -1.0 -1.0 -1.0 -1.0 -1.0 -1.0 -1.0 1.902 1.479 4.635 642.026 1.47 2077.312 0.9838009840334035 0.0
32.0 5.0 Car -1.0 -1.0 -1.0 -1.0 -1.0 -1.0 -1.0 1.902 1.479 4.635 645.206 1.456 2081.849 0.9838009840334035 0.0
33.0 5.0 Car -1.0 -1.0 -1.0 -1.0 -1.0 -1.0 -1.0 1.902 1.479 4.635 648.35 1.442 2086.332 0.9838009840334035 0.0
34.0 5.0 Car -1.0 -1.0 -1.0 -1.0 -1.0 -1.0 -1.0 1.902 1.479 4.635 651.506 1.428 2090.834 0.9838009840334035 0.0
35.0 5.0 Car -1.0 -1.0 -1.0 -1.0 -1.0 -1.0 -1.0 1.902 1.479 4.635 655.209 1.414 2096.159 0.9838009840334035 0.0
36.0 5.0 Car -1.0 -1.0 -1.0 -1.0 -1.0 -1.0 -1.0 1.902 1.479 4.635 658.351 1.369 2100.615 0.9838009840334035 0.0
37.0 5.0 Car -1.0 -1.0 -1.0 -1.0 -1.0 -1.0 -1.0 1.902 1.479 4.635 661.528 1.325 2105.125 0.9838009840334035 0.0
38.0 5.0 Car -1.0 -1.0 -1.0 -1.0 -1.0 -1.0 -1.0 1.902 1.479 4.635 664.688 1.28 2109.608 0.9838009840334035 0.0
