0.0 1.0 Truck -1.0 -1.0 -1.0 -1.0 -1.0 -1.0 -1.0 2.746 3.613 8.767 2001.597 1.724 1000.423 -0.536374585890842 0.0
1.0 1.0 Truck -1.0 -1.0 -1.0 -1.0 -1.0 -1.0 -1.0 2.746 3.613 8.767 2007.277 1.772 996.992 -0.536374585890842 1.0
2.0 1.0 Truck -1.0 -1.0 -1.0 -1.0 -1.0 -1.0 -1.0 2.746 3.613 8.767 2011.816 1.82 994.238 -0.536374585890842 1.0
3.0 1.0 Truck -1.0 -1.0 -1.0 -1.0 -1.0 -1.0 -1.0 2.746 3.613 8.767 2016.303 1.868 991.515 -0.536374585890842 1.0
4.0 1.0 Truck -1.0 -1.0 -1.0 -1.0 -1.0 -1.0 -1.0 2.746 3.613 8.767 2020.79 1.916 988.792 -0.536374585890842 1.0
5.0 1.0 Truck -1.0 -1.0 -1.0 -1.0 -1.0 -1.0 -1.0 2.746 3.613 8.767 2025.061 1.908 986.153 -0.5396470782383314 1.0
6.0 1.0 Truck -1.0 -1.0 -1.0 -1.0 -1.0 -1.0 -1.0 2.746 3.613 8.767 2029.331 1.9 983.513 -0.5429195705858206 1.0
7.0 1.0 Truck -1.0 -1.0 -1.0 -1.0 -1.0 -1.0 -1.0 2.746 3.613 8.767 2033.602 1.891 980.873 -0.5461920629333101 1.0
8.0 1.0 Truck -1.0 -1.0 -1.0 -1.0 -1.0 -1.0 -1.0 2.746 3.613 8.767 2037.872 1.883 978.233 -0.5494645552807995 1.0
9.0 1.0 Truck -1.0 -1.0 -1.0 -1.0 -1.0 -1.0 -1.0 2.746 3.613 8.767 2041.837 1.854 975.852 -0.5496099993851321 1.0
9.0 0.0 Bus -1.0 -1.0 -1.0 -1.0 -1.0 -1.0 -1.0 2.983 3.276 11.546 2123.648 1.748 935.609 2.6089206586910567 0.0
10.0 1.0 Truck -1.0 -1.0 -1.0 -1.0 -1.0 -1.0 -1.0 2.746 3.613 8.767 2045.801 1.825 973.47 -0.5497554434894649 1.0
10.0 0.0 Bus -1.0 -1.0 -1.0 -1.0 -1.0 -1.0 -1.0 2.983 3.276 11.546 2123.629 1.731 935.495 2.5959553556762422 0.0
11.0 1.0 Truck -1.0 -1.0 -1.0 -1.0 -1.0 -1.0 -1.0 2.746 3.613 8.767 2049.766 1.796 971.089 -0.5499008875937981 1.0
11.0 0.0 Bus -1.0 -1.0 -1.0 -1.0 -1.0 -1.0 -1.0 2.983 3.276 11.546 2123.609 1.713 935.382 2.582990052661427 0.0
12.0 1.0 Truck -1.0 -1.0 -1.0 -1.0 -1.0 -1.0 -1.0 2.746 3.613 8.767 2053.602 1.768 968.786 -0.5500463316981312 1.0
12.0 0.0 Bus -1.0 -1.0 -1.0 -1.0 -1.0 -1.0 -1.0 2.983 3.276 11.546 2123.589 1.696 935.269 2.570024749646612 1.0
13.0 1.0 Truck -1.0 -1.0 -1.0 -1.0 -1.0 -1.0 -1.0 2.746 3.613 8.767 2057.438 1.739 966.483 -0.550191775802464 1.0
13.0 0.0 Bus -1.0 -1.0 -1.0 -1.0 -1.0 -1.0 -1.0 2.983 3.276 11.546 2123.569 1.678 935.155 2.557059446631797 1.0
14.0 1.0 Truck -1.0 -1.0 -1.0 -1.0 -1.0 -1.0 -1.0 2.746 3.613 8.767 2061.275 1.749 964.171 -0.553706674990508 1.0
14.0 0.0 Bus -1.0 -1.0 -1.0 -1.0 -1.0 -1.0 -1.0 2.983 3.276 11.546 2123.584 1.641 935.161 2.558638554050268 1.0
14.0 3.0 Bus -1.0 -1.0 -1.0 -1.0 -1.0 -1.0 -1.0 3.095 3.589 6.675 2131.234 1.51 929.712 2.4886184365609116 0.0
15.0 1.0 Truck -1.0 -1.0 -1.0 -1.0 -1.0 -1.0 -1.0 2.746 3.613 8.767 2065.111 1.759 961.859 -0.557221574178552 1.0
15.0 0.0 Bus -1.0 -1.0 -1.0 -1.0 -1.0 -1.0 -1.0 2.983 3.276 11.546 2123.6 1.603 935.167 2.560217661468739 1.0
15.0 3.0 Bus -1.0 -1.0 -1.0 -1.0 -1.0 -1.0 -1.0 3.095 3.589 6.675 2131.273 1.533 929.802 2.4964308627365055 1.0
16.0 1.0 Truck -1.0 -1.0 -1.0 -1.0 -1.0 -1.0 -1.0 2.746 3.613 8.767 2068.948 1.769 959.548 -0.560736473366596 1.0
16.0 0.0 Bus -1.0 -1.0 -1.0 -1.0 -1.0 -1.0 -1.0 2.983 3.276 11.546 2123.615 1.566 935.173 2.56179676888721 1.0
16.0 3.0 Bus -1.0 -1.0 -1.0 -1.0 -1.0 -1.0 -1.0 3.095 3.589 6.675 2131.311 1.556 929.891 2.504243288912099 1.0
17.0 1.0 Truck -1.0 -1.0 -1.0 -1.0 -1.0 -1.0 -1.0 2.746 3.613 8.767 2072.661 1.779 957.266 -0.5642513725546401 1.0
17.0 0.0 Bus -1.0 -1.0 -1.0 -1.0 -1.0 -1.0 -1.0 2.983 3.276 11.546 2123.63 1.528 935.179 2.563375876305681 1.0
17.0 3.0 Bus -1.0 -1.0 -1.0 -1.0 -1.0 -1.0 -1.0 3.095 3.589 6.675 2131.214 1.579 929.938 2.4946024225677492 1.0
18.0 1.0 Truck -1.0 -1.0 -1.0 -1.0 -1.0 -1.0 -1.0 2.746 3.613 8.767 2076.374 1.789 954.984 -0.5677662717426841 1.0
18.0 0.0 Bus -1.0 -1.0 -1.0 -1.0 -1.0 -1.0 -1.0 2.983 3.276 11.546 2123.645 1.491 935.185 2.564954983724152 1.0
18.0 3.0 Bus -1.0 -1.0 -1.0 -1.0 -1.0 -1.0 -1.0 3.095 3.589 6.675 2131.117 1.602 929.985 2.4849615562233995 1.0
19.0 1.0 Truck -1.0 -1.0 -1.0 -1.0 -1.0 -1.0 -1.0 2.746 3.613 8.767 2080.087 1.799 952.703 -0.5712811709307282 1.0
19.0 0.0 Bus -1.0 -1.0 -1.0 -1.0 -1.0 -1.0 -1.0 2.983 3.276 11.546 2123.488 1.498 935.303 2.5665340911426235 1.0
19.0 3.0 Bus -1.0 -1.0 -1.0 -1.0 -1.0 -1.0 -1.0 3.095 3.589 6.675 2131.021 1.625 930.032 2.47532068987905 0.0
20.0 1.0 Truck -1.0 -1.0 -1.0 -1.0 -1.0 -1.0 -1.0 2.746 3.613 8.767 2083.475 1.798 950.474 -0.5677905124267397 1.0
20.0 0.0 Bus -1.0 -1.0 -1.0 -1.0 -1.0 -1.0 -1.0 2.983 3.276 11.546 2123.33 1.506 935.422 2.5681131985610945 1.0
20.0 3.0 Bus -1.0 -1.0 -1.0 -1.0 -1.0 -1.0 -1.0 3.095 3.589 6.675 2130.924 1.648 930.078 2.4656798235347006 1.0
21.0 1.0 Truck -1.0 -1.0 -1.0 -1.0 -1.0 -1.0 -1.0 2.746 3.613 8.767 2086.836 1.797 948.37 -0.5642998539227513 1.0
21.0 0.0 Bus -1.0 -1.0 -1.0 -1.0 -1.0 -1.0 -1.0 2.983 3.276 11.546 2123.172 1.513 935.541 2.5696923059795655 0.0
21.0 3.0 Bus -1.0 -1.0 -1.0 -1.0 -1.0 -1.0 -1.0 3.095 3.589 6.675 2130.919 1.671 930.057 2.4560389571903505 1.0
22.0 1.0 Truck -1.0 -1.0 -1.0 -1.0 -1.0 -1.0 -1.0 2.746 3.613 8.767 2090.197 1.796 946.266 -0.5608091954187624 1.0
22.0 0.0 Bus -1.0 -1.0 -1.0 -1.0 -1.0 -1.0 -1.0 2.983 3.276 11.546 2122.747 1.521 935.832 2.5712714133980366 0.0
22.0 3.0 Bus -1.0 -1.0 -1.0 -1.0 -1.0 -1.0 -1.0 3.095 3.589 6.675 2130.557 1.694 930.443 2.451384745851699 1.0
23.0 1.0 Truck -1.0 -1.0 -1.0 -1.0 -1.0 -1.0 -1.0 2.746 3.613 8.767 2093.366 1.795 944.365 -0.5573185369147735 1.0
23.0 2.0 Truck -1.0 -1.0 -1.0 -1.0 -1.0 -1.0 -1.0 2.312 1.955 6.151 2137.49 1.16 903.633 1.1100643104991221 0.0
23.0 0.0 Bus -1.0 -1.0 -1.0 -1.0 -1.0 -1.0 -1.0 2.983 3.276 11.546 2122.058 1.534 936.229 2.5793180612481406 0.0
23.0 3.0 Bus -1.0 -1.0 -1.0 -1.0 -1.0 -1.0 -1.0 3.095 3.589 6.675 2129.709 1.591 931.002 2.493477980752739 1.0
24.0 1.0 Truck -1.0 -1.0 -1.0 -1.0 -1.0 -1.0 -1.0 2.746 3.613 8.767 2096.534 1.794 942.465 -0.5538278784107851 1.0
24.0 2.0 Truck -1.0 -1.0 -1.0 -1.0 -1.0 -1.0 -1.0 2.312 1.955 6.151 2138.535 1.21 905.891 1.144970895539009 1.0
24.0 0.0 Bus -1.0 -1.0 -1.0 -1.0 -1.0 -1.0 -1.0 2.983 3.276 11.546 2120.864 1.547 936.943 2.587364709098244 0.0
24.0 3.0 Bus -1.0 -1.0 -1.0 -1.0 -1.0 -1.0 -1.0 3.095 3.589 6.675 2128.862 1.689 931.561 2.5355712156537784 1.0
25.0 1.0 Truck -1.0 -1.0 -1.0 -1.0 -1.0 -1.0 -1.0 2.746 3.613 8.767 2099.582 1.779 940.629 -0.5581912015407712 1.0
25.0 2.0 Truck -1.0 -1.0 -1.0 -1.0 -1.0 -1.0 -1.0 2.312 1.955 6.151 2139.447 1.16 907.979 1.1798774805788956 1.0
25.0 0.0 Bus -1.0 -1.0 -1.0 -1.0 -1.0 -1.0 -1.0 2.983 3.276 11.546 2119.67 1.56 937.657 2.5954113569483477 0.0
25.0 3.0 Bus -1.0 -1.0 -1.0 -1.0 -1.0 -1.0 -1.0 3.095 3.589 6.675 2127.518 1.736 932.464 2.5427578655149317 1.0
26.0 1.0 Truck -1.0 -1.0 -1.0 -1.0 -1.0 -1.0 -1.0 2.746 3.613 8.767 2102.629 1.763 938.794 -0.5625545246707571 1.0
26.0 2.0 Truck -1.0 -1.0 -1.0 -1.0 -1.0 -1.0 -1.0 2.312 1.955 6.151 2140.144 1.161 910.112 1.3020505282184986 1.0
26.0 0.0 Bus -1.0 -1.0 -1.0 -1.0 -1.0 -1.0 -1.0 2.983 3.276 11.546 2118.257 1.574 938.402 2.6034580047984512 0.0
26.0 3.0 Bus -1.0 -1.0 -1.0 -1.0 -1.0 -1.0 -1.0 3.095 3.589 6.675 2126.232 1.68 933.315 2.5543078385060705 1.0
27.0 1.0 Truck -1.0 -1.0 -1.0 -1.0 -1.0 -1.0 -1.0 2.746 3.613 8.767 2105.677 1.748 936.958 -0.5669178478007426 0.0
27.0 2.0 Truck -1.0 -1.0 -1.0 -1.0 -1.0 -1.0 -1.0 2.312 1.955 6.151 2140.312 1.211 912.187 1.4067702833381586 0.0
27.0 0.0 Bus -1.0 -1.0 -1.0 -1.0 -1.0 -1.0 -1.0 2.983 3.276 11.546 2116.298 1.587 939.473 2.611504652648555 0.0
27.0 3.0 Bus -1.0 -1.0 -1.0 -1.0 -1.0 -1.0 -1.0 3.095 3.589 6.675 2124.372 1.708 934.546 2.5658578114972097 0.0
28.0 1.0 Truck -1.0 -1.0 -1.0 -1.0 -1.0 -1.0 -1.0 2.746 3.613 8.767 2108.516 1.75 935.12 -0.585723329751271 0.0
28.0 2.0 Truck -1.0 -1.0 -1.0 -1.0 -1.0 -1.0 -1.0 2.312 1.955 6.151 2140.185 1.212 914.306 1.5638499160176482 0.0
28.0 0.0 Bus -1.0 -1.0 -1.0 -1.0 -1.0 -1.0 -1.0 2.983 3.276 11.546 2114.339 1.6 940.544 2.619551300498659 0.0
28.0 3.0 Bus -1.0 -1.0 -1.0 -1.0 -1.0 -1.0 -1.0 3.095 3.589 6.675 2122.554 1.82 935.746 2.5774077844883485 0.0
29.0 1.0 Truck -1.0 -1.0 -1.0 -1.0 -1.0 -1.0 -1.0 2.746 3.613 8.767 2110.485 1.751 933.715 -0.6045288117017993 0.0
29.0 2.0 Truck -1.0 -1.0 -1.0 -1.0 -1.0 -1.0 -1.0 2.312 1.955 6.151 2139.849 1.162 916.455 1.7383828412170812 0.0
29.0 0.0 Bus -1.0 -1.0 -1.0 -1.0 -1.0 -1.0 -1.0 2.983 3.276 11.546 2112.381 1.613 941.615 2.6275979483487624 0.0
29.0 3.0 Bus -1.0 -1.0 -1.0 -1.0 -1.0 -1.0 -1.0 3.095 3.589 6.675 2120.623 1.926 937.02 2.5889577574794878 0.0
30.0 1.0 Truck -1.0 -1.0 -1.0 -1.0 -1.0 -1.0 -1.0 2.746 3.613 8.767 2112.676 1.753 932.139 -0.623334293652328 0.0
30.0 2.0 Truck -1.0 -1.0 -1.0 -1.0 -1.0 -1.0 -1.0 2.312 1.955 6.151 2139.135 1.063 918.509 1.895462473896571 0.0
30.0 0.0 Bus -1.0 -1.0 -1.0 -1.0 -1.0 -1.0 -1.0 2.983 3.276 11.546 2109.778 1.667 943.078 2.6287879455660312 0.0
30.0 3.0 Bus -1.0 -1.0 -1.0 -1.0 -1.0 -1.0 -1.0 3.095 3.589 6.675 2118.228 1.886 938.399 2.613597699860584 0.0
31.0 1.0 Truck -1.0 -1.0 -1.0 -1.0 -1.0 -1.0 -1.0 2.746 3.613 8.767 2114.605 1.754 930.665 -0.6421397756028568 0.0
31.0 2.0 Truck -1.0 -1.0 -1.0 -1.0 -1.0 -1.0 -1.0 2.312 1.955 6.151 2138.203 1.013 920.35 2.0350888140561176 0.0
31.0 0.0 Bus -1.0 -1.0 -1.0 -1.0 -1.0 -1.0 -1.0 2.983 3.276 11.546 2107.486 1.722 944.391 2.6299779427833 0.0
31.0 3.0 Bus -1.0 -1.0 -1.0 -1.0 -1.0 -1.0 -1.0 3.095 3.589 6.675 2115.682 1.846 939.78 2.6556909347616235 0.0
32.0 1.0 Truck -1.0 -1.0 -1.0 -1.0 -1.0 -1.0 -1.0 2.746 3.613 8.767 2116.244 1.756 929.408 -0.6609452575533852 0.0
32.0 2.0 Truck -1.0 -1.0 -1.0 -1.0 -1.0 -1.0 -1.0 2.312 1.955 6.151 2136.949 1.014 922.089 2.174715154215664 0.0
32.0 0.0 Bus -1.0 -1.0 -1.0 -1.0 -1.0 -1.0 -1.0 2.983 3.276 11.546 2104.6 1.776 945.927 2.631167940000569 0.0
32.0 3.0 Bus -1.0 -1.0 -1.0 -1.0 -1.0 -1.0 -1.0 3.095 3.589 6.675 2113.128 1.856 941.238 2.6541509383628052 0.0
33.0 1.0 Truck -1.0 -1.0 -1.0 -1.0 -1.0 -1.0 -1.0 2.746 3.613 8.767 2117.447 1.762 928.432 -0.663096067338671 0.0
33.0 2.0 Truck -1.0 -1.0 -1.0 -1.0 -1.0 -1.0 -1.0 2.312 1.955 6.151 2135.391 1.014 923.77 2.3143414943752108 0.0
33.0 3.0 Bus -1.0 -1.0 -1.0 -1.0 -1.0 -1.0 -1.0 3.095 3.589 6.675 2110.14 1.766 942.927 2.652610941963987 0.0
34.0 1.0 Truck -1.0 -1.0 -1.0 -1.0 -1.0 -1.0 -1.0 2.746 3.613 8.767 2118.081 1.768 927.901 -0.6652468771239569 0.0
34.0 2.0 Truck -1.0 -1.0 -1.0 -1.0 -1.0 -1.0 -1.0 2.312 1.955 6.151 2133.908 1.064 924.985 2.401607956974927 0.0
34.0 3.0 Bus -1.0 -1.0 -1.0 -1.0 -1.0 -1.0 -1.0 3.095 3.589 6.675 2107.732 1.838 944.118 2.6597975918251398 0.0
35.0 1.0 Truck -1.0 -1.0 -1.0 -1.0 -1.0 -1.0 -1.0 2.746 3.613 8.767 2118.445 1.774 927.467 -0.6673976869092426 0.0
35.0 2.0 Truck -1.0 -1.0 -1.0 -1.0 -1.0 -1.0 -1.0 2.312 1.955 6.151 2131.989 1.015 926.435 2.5237810046145306 0.0
35.0 3.0 Bus -1.0 -1.0 -1.0 -1.0 -1.0 -1.0 -1.0 3.095 3.589 6.675 2104.453 1.911 945.764 2.666984241686293 0.0
36.0 1.0 Truck -1.0 -1.0 -1.0 -1.0 -1.0 -1.0 -1.0 2.746 3.613 8.767 2118.879 1.779 927.125 -0.669548496694529 0.0
36.0 2.0 Truck -1.0 -1.0 -1.0 -1.0 -1.0 -1.0 -1.0 2.312 1.955 6.151 2129.905 1.015 927.892 2.558687589654417 0.0
36.0 3.0 Bus -1.0 -1.0 -1.0 -1.0 -1.0 -1.0 -1.0 3.095 3.589 6.675 2101.198 1.958 947.695 2.6610809221574887 0.0
37.0 1.0 Truck -1.0 -1.0 -1.0 -1.0 -1.0 -1.0 -1.0 2.746 3.613 8.767 2119.313 1.785 926.782 -0.6716993064798148 0.0
37.0 2.0 Truck -1.0 -1.0 -1.0 -1.0 -1.0 -1.0 -1.0 2.312 1.955 6.151 2127.81 1.066 929.201 2.558687589654417 0.0
37.0 3.0 Bus -1.0 -1.0 -1.0 -1.0 -1.0 -1.0 -1.0 3.095 3.589 6.675 2097.944 2.006 949.626 2.6551776026286844 0.0
38.0 1.0 Truck -1.0 -1.0 -1.0 -1.0 -1.0 -1.0 -1.0 2.746 3.613 8.767 2120.115 1.791 926.224 -0.6738501162651005 0.0
38.0 2.0 Truck -1.0 -1.0 -1.0 -1.0 -1.0 -1.0 -1.0 2.312 1.955 6.151 2125.882 1.016 930.4 2.611047467214247 0.0
38.0 3.0 Bus -1.0 -1.0 -1.0 -1.0 -1.0 -1.0 -1.0 3.095 3.589 6.675 2094.689 2.053 951.558 2.64927428309988 0.0
