0.0 2.0 Car -1.0 -1.0 -1.0 -1.0 -1.0 -1.0 -1.0 1.787 1.446 4.181 612.311 -1.195 1654.229 2.7147898386427216 0.0
0.0 0.0 Car -1.0 -1.0 -1.0 -1.0 -1.0 -1.0 -1.0 1.834 1.543 4.642 526.12 1.141 1689.834 -2.794987717205682 0.0
1.0 2.0 Car -1.0 -1.0 -1.0 -1.0 -1.0 -1.0 -1.0 1.787 1.446 4.181 609.498 -1.096 1655.786 2.7206012521295655 1.0
1.0 0.0 Car -1.0 -1.0 -1.0 -1.0 -1.0 -1.0 -1.0 1.834 1.543 4.642 524.49 1.095 1689.29 -2.812441009725625 1.0
2.0 2.0 Car -1.0 -1.0 -1.0 -1.0 -1.0 -1.0 -1.0 1.787 1.446 4.181 606.684 -0.997 1657.344 2.726413701433934 1.0
2.0 0.0 Car -1.0 -1.0 -1.0 -1.0 -1.0 -1.0 -1.0 1.834 1.543 4.642 522.488 1.048 1688.783 -3.0044272274450017 1.0
3.0 2.0 Car -1.0 -1.0 -1.0 -1.0 -1.0 -1.0 -1.0 1.787 1.446 4.181 603.868 -0.897 1658.903 2.7322307479059678 1.0
3.0 0.0 Car -1.0 -1.0 -1.0 -1.0 -1.0 -1.0 -1.0 1.834 1.543 4.642 519.847 1.001 1688.608 -3.109146982564661 0.0
4.0 2.0 Car -1.0 -1.0 -1.0 -1.0 -1.0 -1.0 -1.0 1.787 1.446 4.181 600.627 -0.765 1660.647 2.738054858886286 1.0
4.0 0.0 Car -1.0 -1.0 -1.0 -1.0 -1.0 -1.0 -1.0 1.834 1.543 4.642 516.674 0.876 1688.562 3.1303905938338326 0.0
5.0 2.0 Car -1.0 -1.0 -1.0 -1.0 -1.0 -1.0 -1.0 1.787 1.446 4.181 597.388 -0.632 1662.39 2.7438725221934748 1.0
5.0 0.0 Car -1.0 -1.0 -1.0 -1.0 -1.0 -1.0 -1.0 1.834 1.543 4.642 513.569 0.851 1688.598 3.1042251545351522 0.0
6.0 2.0 Car -1.0 -1.0 -1.0 -1.0 -1.0 -1.0 -1.0 1.787 1.446 4.181 594.146 -0.499 1664.134 2.7496964236826082 1.0
6.0 0.0 Car -1.0 -1.0 -1.0 -1.0 -1.0 -1.0 -1.0 1.834 1.543 4.642 510.829 0.826 1688.666 3.069300632783948 0.0
7.0 2.0 Car -1.0 -1.0 -1.0 -1.0 -1.0 -1.0 -1.0 1.787 1.446 4.181 590.409 -0.37 1665.732 2.767145274492844 1.0
7.0 0.0 Car -1.0 -1.0 -1.0 -1.0 -1.0 -1.0 -1.0 1.834 1.543 4.642 508.103 0.801 1688.893 3.034411984455379 0.0
8.0 2.0 Car -1.0 -1.0 -1.0 -1.0 -1.0 -1.0 -1.0 1.787 1.446 4.181 586.671 -0.24 1667.331 2.7845937413438913 1.0
8.0 0.0 Car -1.0 -1.0 -1.0 -1.0 -1.0 -1.0 -1.0 1.834 1.543 4.642 505.385 0.801 1689.134 3.034411984455379 0.0
9.0 2.0 Car -1.0 -1.0 -1.0 -1.0 -1.0 -1.0 -1.0 1.787 1.446 4.181 582.933 -0.111 1668.929 2.802042627059508 1.0
9.0 0.0 Car -1.0 -1.0 -1.0 -1.0 -1.0 -1.0 -1.0 1.834 1.543 4.642 502.674 0.701 1689.407 3.0169586919354354 0.0
10.0 2.0 Car -1.0 -1.0 -1.0 -1.0 -1.0 -1.0 -1.0 1.787 1.446 4.181 579.192 0.018 1670.529 2.8195095937623815 1.0
10.0 0.0 Car -1.0 -1.0 -1.0 -1.0 -1.0 -1.0 -1.0 1.834 1.543 4.642 499.165 0.551 1689.748 3.051865276975322 0.0
11.0 2.0 Car -1.0 -1.0 -1.0 -1.0 -1.0 -1.0 -1.0 1.787 1.446 4.181 575.238 0.217 1672.091 2.822114480507035 1.0
11.0 0.0 Car -1.0 -1.0 -1.0 -1.0 -1.0 -1.0 -1.0 1.834 1.543 4.642 496.13 0.551 1689.997 3.051865276975322 0.0
11.0 1.0 Bus -1.0 -1.0 -1.0 -1.0 -1.0 -1.0 -1.0 3.26 3.597 12.619 501.954 1.375 1693.321 -0.09913470152662797 0.0
12.0 2.0 Car -1.0 -1.0 -1.0 -1.0 -1.0 -1.0 -1.0 1.787 1.446 4.181 572.075 0.376 1673.341 2.8241977968834657 1.0
12.0 0.0 Car -1.0 -1.0 -1.0 -1.0 -1.0 -1.0 -1.0 1.834 1.543 4.642 493.441 0.551 1690.152 3.069318569495265 0.0
12.0 1.0 Bus -1.0 -1.0 -1.0 -1.0 -1.0 -1.0 -1.0 3.26 3.597 12.619 501.955 1.413 1693.095 -0.08168140900668465 0.0
13.0 2.0 Car -1.0 -1.0 -1.0 -1.0 -1.0 -1.0 -1.0 1.787 1.446 4.181 568.121 0.575 1674.903 2.826802767005173 1.0
13.0 0.0 Car -1.0 -1.0 -1.0 -1.0 -1.0 -1.0 -1.0 1.834 1.543 4.642 489.828 0.401 1690.427 3.051865276975322 0.0
13.0 1.0 Bus -1.0 -1.0 -1.0 -1.0 -1.0 -1.0 -1.0 3.26 3.597 12.619 502.062 1.223 1693.348 -0.08168140900668465 0.0
14.0 2.0 Car -1.0 -1.0 -1.0 -1.0 -1.0 -1.0 -1.0 1.787 1.446 4.181 564.076 0.747 1676.201 2.829410415614718 1.0
14.0 0.0 Car -1.0 -1.0 -1.0 -1.0 -1.0 -1.0 -1.0 1.834 1.543 4.642 485.594 0.051 1690.94 2.999505399415492 0.0
14.0 1.0 Bus -1.0 -1.0 -1.0 -1.0 -1.0 -1.0 -1.0 3.26 3.597 12.619 502.135 1.033 1693.168 -0.06422811648674132 1.0
15.0 2.0 Car -1.0 -1.0 -1.0 -1.0 -1.0 -1.0 -1.0 1.787 1.446 4.181 560.433 0.903 1677.37 2.8317589022871594 1.0
15.0 1.0 Bus -1.0 -1.0 -1.0 -1.0 -1.0 -1.0 -1.0 3.26 3.597 12.619 502.166 1.058 1693.34 -0.06422811648674132 1.0
16.0 2.0 Car -1.0 -1.0 -1.0 -1.0 -1.0 -1.0 -1.0 1.787 1.446 4.181 556.229 0.713 1678.607 2.8343637629764835 1.0
16.0 1.0 Bus -1.0 -1.0 -1.0 -1.0 -1.0 -1.0 -1.0 3.26 3.597 12.619 502.024 1.771 1693.349 -0.06422811648674132 1.0
17.0 2.0 Car -1.0 -1.0 -1.0 -1.0 -1.0 -1.0 -1.0 1.787 1.446 4.181 552.033 0.523 1679.841 2.8369628862823246 1.0
17.0 1.0 Bus -1.0 -1.0 -1.0 -1.0 -1.0 -1.0 -1.0 3.26 3.597 12.619 501.929 1.771 1693.355 -0.06422811648674132 1.0
18.0 2.0 Car -1.0 -1.0 -1.0 -1.0 -1.0 -1.0 -1.0 1.787 1.446 4.181 548.13 0.464 1680.952 2.84568335767052 1.0
18.0 1.0 Bus -1.0 -1.0 -1.0 -1.0 -1.0 -1.0 -1.0 3.26 3.597 12.619 501.888 1.724 1693.401 -0.06422811648674132 1.0
19.0 2.0 Car -1.0 -1.0 -1.0 -1.0 -1.0 -1.0 -1.0 1.787 1.446 4.181 544.224 0.405 1682.063 2.854411329609178 1.0
19.0 1.0 Bus -1.0 -1.0 -1.0 -1.0 -1.0 -1.0 -1.0 3.26 3.597 12.619 501.848 1.676 1693.447 -0.06422811648674132 1.0
20.0 2.0 Car -1.0 -1.0 -1.0 -1.0 -1.0 -1.0 -1.0 1.787 1.446 4.181 540.487 0.396 1683.092 2.8631406272265227 1.0
20.0 1.0 Bus -1.0 -1.0 -1.0 -1.0 -1.0 -1.0 -1.0 3.26 3.597 12.619 501.842 1.343 1693.361 -0.06422811648674132 1.0
21.0 2.0 Car -1.0 -1.0 -1.0 -1.0 -1.0 -1.0 -1.0 1.787 1.446 4.181 537.138 0.386 1684.01 2.8718694713222117 1.0
21.0 1.0 Bus -1.0 -1.0 -1.0 -1.0 -1.0 -1.0 -1.0 3.26 3.597 12.619 501.846 1.489 1693.287 -0.08168140900668465 1.0
22.0 2.0 Car -1.0 -1.0 -1.0 -1.0 -1.0 -1.0 -1.0 1.787 1.446 4.181 534.242 0.36 1685.243 2.7078436298363524 1.0
22.0 1.0 Bus -1.0 -1.0 -1.0 -1.0 -1.0 -1.0 -1.0 3.26 3.597 12.619 502.311 1.634 1693.531 -0.1340412865665146 1.0
23.0 2.0 Car -1.0 -1.0 -1.0 -1.0 -1.0 -1.0 -1.0 1.787 1.446 4.181 531.585 0.334 1686.933 2.5438292726400036 1.0
23.0 1.0 Bus -1.0 -1.0 -1.0 -1.0 -1.0 -1.0 -1.0 3.26 3.597 12.619 502.776 2.207 1693.775 -0.1689478716064012 1.0
24.0 2.0 Car -1.0 -1.0 -1.0 -1.0 -1.0 -1.0 -1.0 1.787 1.446 4.181 529.24 0.308 1689.034 2.3798073686248338 1.0
24.0 1.0 Bus -1.0 -1.0 -1.0 -1.0 -1.0 -1.0 -1.0 3.26 3.597 12.619 503.43 2.78 1693.468 -0.1689478716064012 1.0
25.0 2.0 Car -1.0 -1.0 -1.0 -1.0 -1.0 -1.0 -1.0 1.787 1.446 4.181 527.696 0.274 1691.353 2.171941284499104 1.0
25.0 1.0 Bus -1.0 -1.0 -1.0 -1.0 -1.0 -1.0 -1.0 3.26 3.597 12.619 504.678 2.497 1692.972 -0.1689478716064012 1.0
26.0 2.0 Car -1.0 -1.0 -1.0 -1.0 -1.0 -1.0 -1.0 1.787 1.446 4.181 526.664 0.24 1693.938 1.96429826028516 1.0
26.0 1.0 Bus -1.0 -1.0 -1.0 -1.0 -1.0 -1.0 -1.0 3.26 3.597 12.619 506.024 2.214 1692.546 -0.1689478716064012 1.0
27.0 2.0 Car -1.0 -1.0 -1.0 -1.0 -1.0 -1.0 -1.0 1.787 1.446 4.181 526.24 0.248 1696.67 1.8159345170942394 1.0
27.0 1.0 Bus -1.0 -1.0 -1.0 -1.0 -1.0 -1.0 -1.0 3.26 3.597 12.619 507.471 1.931 1692.192 -0.18640116412634455 1.0
28.0 2.0 Car -1.0 -1.0 -1.0 -1.0 -1.0 -1.0 -1.0 1.787 1.446 4.181 526.223 0.256 1699.431 1.6677464734721668 0.0
28.0 1.0 Bus -1.0 -1.0 -1.0 -1.0 -1.0 -1.0 -1.0 3.26 3.597 12.619 509.016 1.648 1691.909 -0.18640116412634455 0.0
29.0 2.0 Car -1.0 -1.0 -1.0 -1.0 -1.0 -1.0 -1.0 1.787 1.446 4.181 526.288 0.264 1702.249 1.5455635500972835 0.0
29.0 1.0 Bus -1.0 -1.0 -1.0 -1.0 -1.0 -1.0 -1.0 3.26 3.597 12.619 510.563 1.366 1691.626 -0.18640116412634455 0.0
30.0 2.0 Car -1.0 -1.0 -1.0 -1.0 -1.0 -1.0 -1.0 1.787 1.446 4.181 526.697 0.273 1705.041 1.4232461921669175 0.0
30.0 1.0 Bus -1.0 -1.0 -1.0 -1.0 -1.0 -1.0 -1.0 3.26 3.597 12.619 512.221 1.082 1691.455 -0.18640116412634455 0.0
31.0 2.0 Car -1.0 -1.0 -1.0 -1.0 -1.0 -1.0 -1.0 1.787 1.446 4.181 527.227 0.285 1708.05 1.3667636572474255 0.0
31.0 1.0 Bus -1.0 -1.0 -1.0 -1.0 -1.0 -1.0 -1.0 3.26 3.597 12.619 514.044 0.98 1691.266 -0.09913470152662797 0.0
32.0 2.0 Car -1.0 -1.0 -1.0 -1.0 -1.0 -1.0 -1.0 1.787 1.446 4.181 527.855 0.295 1710.754 1.315448122982416 0.0
32.0 1.0 Bus -1.0 -1.0 -1.0 -1.0 -1.0 -1.0 -1.0 3.26 3.597 12.619 515.589 0.887 1691.357 0.005585053593031964 0.0
33.0 2.0 Car -1.0 -1.0 -1.0 -1.0 -1.0 -1.0 -1.0 1.787 1.446 4.181 528.621 0.306 1713.422 1.2641321780921182 0.0
33.0 1.0 Bus -1.0 -1.0 -1.0 -1.0 -1.0 -1.0 -1.0 3.26 3.597 12.619 516.996 0.794 1691.81 0.11030480871269188 0.0
34.0 2.0 Car -1.0 -1.0 -1.0 -1.0 -1.0 -1.0 -1.0 1.787 1.446 4.181 529.524 0.317 1716.05 1.2127613120695584 0.0
34.0 1.0 Bus -1.0 -1.0 -1.0 -1.0 -1.0 -1.0 -1.0 3.26 3.597 12.619 518.665 0.701 1692.265 0.23247785635229512 0.0
35.0 2.0 Car -1.0 -1.0 -1.0 -1.0 -1.0 -1.0 -1.0 1.787 1.446 4.181 530.559 0.328 1718.626 1.1614468043677686 0.0
35.0 1.0 Bus -1.0 -1.0 -1.0 -1.0 -1.0 -1.0 -1.0 3.26 3.597 12.619 520.206 0.558 1693.142 0.40701078155172826 0.0
36.0 2.0 Car -1.0 -1.0 -1.0 -1.0 -1.0 -1.0 -1.0 1.787 1.446 4.181 531.739 0.322 1721.07 1.137647702367508 0.0
36.0 1.0 Bus -1.0 -1.0 -1.0 -1.0 -1.0 -1.0 -1.0 3.26 3.597 12.619 521.671 0.416 1694.358 0.5640904142312181 0.0
37.0 2.0 Car -1.0 -1.0 -1.0 -1.0 -1.0 -1.0 -1.0 1.787 1.446 4.181 532.801 0.316 1723.273 1.116193912600518 0.0
37.0 1.0 Bus -1.0 -1.0 -1.0 -1.0 -1.0 -1.0 -1.0 3.26 3.597 12.619 522.821 0.287 1695.649 0.7037167543907646 0.0
38.0 2.0 Car -1.0 -1.0 -1.0 -1.0 -1.0 -1.0 -1.0 1.787 1.446 4.181 533.983 0.31 1725.722 1.0923430494872992 0.0
38.0 1.0 Bus -1.0 -1.0 -1.0 -1.0 -1.0 -1.0 -1.0 3.26 3.597 12.619 524.004 0.144 1697.241 0.8607963870702546 0.0
39.0 2.0 Car -1.0 -1.0 -1.0 -1.0 -1.0 -1.0 -1.0 1.787 1.446 4.181 535.271 0.237 1728.213 1.0823478349303775 0.0
39.0 1.0 Bus -1.0 -1.0 -1.0 -1.0 -1.0 -1.0 -1.0 3.26 3.597 12.619 524.975 0.367 1699.431 0.9655161421899144 0.0
