0.0 0.0 Car -1.0 -1.0 -1.0 -1.0 -1.0 -1.0 -1.0 2.025 1.863 4.375 1306.778 0.94 808.504 -2.28540393573965 0.0
1.0 0.0 Car -1.0 -1.0 -1.0 -1.0 -1.0 -1.0 -1.0 2.025 1.863 4.375 1304.712 0.982 806.122 -2.28540393573965 1.0
2.0 0.0 Car -1.0 -1.0 -1.0 -1.0 -1.0 -1.0 -1.0 2.025 1.863 4.375 1302.645 0.974 803.786 -2.28540393573965 1.0
3.0 0.0 Car -1.0 -1.0 -1.0 -1.0 -1.0 -1.0 -1.0 2.025 1.863 4.375 1300.637 1.015 801.518 -2.302857228259593 1.0
4.0 0.0 Car -1.0 -1.0 -1.0 -1.0 -1.0 -1.0 -1.0 2.025 1.863 4.375 1298.643 1.007 799.312 -2.302857228259593 1.0
5.0 0.0 Car -1.0 -1.0 -1.0 -1.0 -1.0 -1.0 -1.0 2.025 1.863 4.375 1296.56 0.949 796.912 -2.28540393573965 1.0
6.0 0.0 Car -1.0 -1.0 -1.0 -1.0 -1.0 -1.0 -1.0 2.025 1.863 4.375 1294.433 0.99 794.506 -2.28540393573965 1.0
7.0 0.0 Car -1.0 -1.0 -1.0 -1.0 -1.0 -1.0 -1.0 2.025 1.863 4.375 1292.492 0.982 792.224 -2.28540393573965 1.0
8.0 0.0 Car -1.0 -1.0 -1.0 -1.0 -1.0 -1.0 -1.0 2.025 1.863 4.375 1290.349 1.024 789.754 -2.28540393573965 1.0
9.0 0.0 Car -1.0 -1.0 -1.0 -1.0 -1.0 -1.0 -1.0 2.025 1.863 4.375 1288.249 1.015 787.241 -2.267950643219707 1.0
10.0 0.0 Car -1.0 -1.0 -1.0 -1.0 -1.0 -1.0 -1.0 2.025 1.863 4.375 1286.112 1.007 784.686 -2.28540393573965 1.0
11.0 0.0 Car -1.0 -1.0 -1.0 -1.0 -1.0 -1.0 -1.0 2.025 1.863 4.375 1283.87 1.007 782.103 -2.28540393573965 1.0
12.0 0.0 Car -1.0 -1.0 -1.0 -1.0 -1.0 -1.0 -1.0 2.025 1.863 4.375 1281.637 0.99 779.392 -2.250497350699764 1.0
13.0 0.0 Car -1.0 -1.0 -1.0 -1.0 -1.0 -1.0 -1.0 2.025 1.863 4.375 1279.876 0.984 777.298 -2.267950643219707 1.0
14.0 0.0 Car -1.0 -1.0 -1.0 -1.0 -1.0 -1.0 -1.0 2.025 1.863 4.375 1277.631 0.975 774.664 -2.267950643219707 1.0
15.0 0.0 Car -1.0 -1.0 -1.0 -1.0 -1.0 -1.0 -1.0 2.025 1.863 4.375 1275.499 1.017 771.978 -2.250497350699764 1.0
16.0 0.0 Car -1.0 -1.0 -1.0 -1.0 -1.0 -1.0 -1.0 2.025 1.863 4.375 1273.045 1.007 768.994 -2.267950643219707 1.0
17.0 0.0 Car -1.0 -1.0 -1.0 -1.0 -1.0 -1.0 -1.0 2.025 1.863 4.375 1271.143 1.007 766.709 -2.267950643219707 1.0
18.0 0.0 Car -1.0 -1.0 -1.0 -1.0 -1.0 -1.0 -1.0 2.025 1.863 4.375 1269.34 1.007 764.539 -2.267950643219707 1.0
19.0 0.0 Car -1.0 -1.0 -1.0 -1.0 -1.0 -1.0 -1.0 2.025 1.863 4.375 1267.73 1.007 762.592 -2.267950643219707 1.0
20.0 0.0 Car -1.0 -1.0 -1.0 -1.0 -1.0 -1.0 -1.0 2.025 1.863 4.375 1266.002 1.007 760.555 -2.267950643219707 1.0
21.0 0.0 Car -1.0 -1.0 -1.0 -1.0 -1.0 -1.0 -1.0 2.025 1.863 4.375 1264.35 1.007 758.604 -2.267950643219707 1.0
22.0 0.0 Car -1.0 -1.0 -1.0 -1.0 -1.0 -1.0 -1.0 2.025 1.863 4.375 1263.222 1.057 757.304 -2.267950643219707 1.0
23.0 0.0 Car -1.0 -1.0 -1.0 -1.0 -1.0 -1.0 -1.0 2.025 1.863 4.375 1261.884 1.007 755.716 -2.267950643219707 1.0
24.0 0.0 Car -1.0 -1.0 -1.0 -1.0 -1.0 -1.0 -1.0 2.025 1.863 4.375 1260.368 0.957 753.922 -2.267950643219707 1.0
25.0 0.0 Car -1.0 -1.0 -1.0 -1.0 -1.0 -1.0 -1.0 2.025 1.863 4.375 1258.793 1.007 752.061 -2.267950643219707 1.0
26.0 0.0 Car -1.0 -1.0 -1.0 -1.0 -1.0 -1.0 -1.0 2.025 1.863 4.375 1257.156 1.007 750.174 -2.28540393573965 1.0
27.0 0.0 Car -1.0 -1.0 -1.0 -1.0 -1.0 -1.0 -1.0 2.025 1.863 4.375 1254.953 1.007 747.634 -2.302857228259593 1.0
28.0 0.0 Car -1.0 -1.0 -1.0 -1.0 -1.0 -1.0 -1.0 2.025 1.863 4.375 1252.928 1.007 745.437 -2.3203105207795365 0.0
29.0 0.0 Car -1.0 -1.0 -1.0 -1.0 -1.0 -1.0 -1.0 2.025 1.863 4.375 1250.871 1.007 743.112 -2.28540393573965 0.0
30.0 0.0 Car -1.0 -1.0 -1.0 -1.0 -1.0 -1.0 -1.0 2.025 1.863 4.375 1248.665 0.957 740.66 -2.294125429094169 0.0
31.0 0.0 Car -1.0 -1.0 -1.0 -1.0 -1.0 -1.0 -1.0 2.025 1.863 4.375 1246.692 1.007 738.479 -2.302857228259593 0.0
32.0 0.0 Car -1.0 -1.0 -1.0 -1.0 -1.0 -1.0 -1.0 2.025 1.863 4.375 1244.969 1.007 736.54 -2.302857228259593 0.0
33.0 0.0 Car -1.0 -1.0 -1.0 -1.0 -1.0 -1.0 -1.0 2.025 1.863 4.375 1243.422 0.957 734.803 -2.28540393573965 0.0
34.0 0.0 Car -1.0 -1.0 -1.0 -1.0 -1.0 -1.0 -1.0 2.025 1.863 4.375 1241.853 1.007 733.086 -2.302857228259593 0.0
35.0 0.0 Car -1.0 -1.0 -1.0 -1.0 -1.0 -1.0 -1.0 2.025 1.863 4.375 1240.579 1.007 731.691 -2.3203105207795365 0.0
36.0 0.0 Car -1.0 -1.0 -1.0 -1.0 -1.0 -1.0 -1.0 2.025 1.863 4.375 1238.992 1.007 729.861 -2.302857228259593 0.0
37.0 0.0 Car -1.0 -1.0 -1.0 -1.0 -1.0 -1.0 -1.0 2.025 1.863 4.375 1237.322 1.057 728.028 -2.302857228259593 0.0
38.0 0.0 Car -1.0 -1.0 -1.0 -1.0 -1.0 -1.0 -1.0 2.025 1.863 4.375 1235.655 1.007 726.106 -2.302857228259593 0.0
39.0 0.0 Car -1.0 -1.0 -1.0 -1.0 -1.0 -1.0 -1.0 2.025 1.863 4.375 1233.809 1.057 724.024 -2.302857228259593 0.0
