0.0 1.0 Truck -1.0 -1.0 -1.0 -1.0 -1.0 -1.0 -1.0 3.33 4.433 10.795 1689.252 1.99 865.417 3.1080875679385653 0.0
0.0 2.0 Car -1.0 -1.0 -1.0 -1.0 -1.0 -1.0 -1.0 1.685 1.534 4.051 1625.206 1.128 864.466 -3.0155798815979034 0.0
0.0 3.0 Car -1.0 -1.0 -1.0 -1.0 -1.0 -1.0 -1.0 2.035 1.826 4.934 1601.757 1.039 864.629 -2.8323901233079947 0.0
0.0 4.0 Car -1.0 -1.0 -1.0 -1.0 -1.0 -1.0 -1.0 1.876 1.881 4.014 1569.92 0.576 840.837 -2.320659586615938 0.0
0.0 5.0 Car -1.0 -1.0 -1.0 -1.0 -1.0 -1.0 -1.0 1.946 1.548 4.635 1612.0 0.978 867.026 -2.838446415814318 0.0
1.0 1.0 Truck -1.0 -1.0 -1.0 -1.0 -1.0 -1.0 -1.0 3.33 4.433 10.795 1686.217 1.986 865.508 3.1107064455122098 1.0
1.0 2.0 Car -1.0 -1.0 -1.0 -1.0 -1.0 -1.0 -1.0 1.685 1.534 4.051 1620.874 1.128 863.81 -2.9867439913192704 1.0
1.0 3.0 Car -1.0 -1.0 -1.0 -1.0 -1.0 -1.0 -1.0 2.035 1.826 4.934 1598.835 1.039 863.664 -2.8323901233079947 1.0
1.0 4.0 Car -1.0 -1.0 -1.0 -1.0 -1.0 -1.0 -1.0 1.876 1.881 4.014 1569.809 0.541 840.882 -2.338112879135881 0.0
1.0 5.0 Car -1.0 -1.0 -1.0 -1.0 -1.0 -1.0 -1.0 1.946 1.548 4.635 1609.318 0.978 866.283 -2.838446415814318 1.0
2.0 1.0 Truck -1.0 -1.0 -1.0 -1.0 -1.0 -1.0 -1.0 3.33 4.433 10.795 1683.689 1.983 865.585 3.1128884644621455 1.0
2.0 6.0 Car -1.0 -1.0 -1.0 -1.0 -1.0 -1.0 -1.0 1.963 1.748 4.317 1574.155 0.618 846.494 -2.404767003282124 0.0
2.0 2.0 Car -1.0 -1.0 -1.0 -1.0 -1.0 -1.0 -1.0 1.685 1.534 4.051 1617.509 1.128 863.207 -2.9627182561495777 1.0
2.0 3.0 Car -1.0 -1.0 -1.0 -1.0 -1.0 -1.0 -1.0 2.035 1.826 4.934 1596.637 1.039 862.935 -2.8323901233079947 1.0
2.0 4.0 Car -1.0 -1.0 -1.0 -1.0 -1.0 -1.0 -1.0 1.876 1.881 4.014 1569.871 0.627 840.777 -2.338112879135881 1.0
2.0 5.0 Car -1.0 -1.0 -1.0 -1.0 -1.0 -1.0 -1.0 1.946 1.548 4.635 1607.081 0.978 865.675 -2.838446415814318 1.0
3.0 1.0 Truck -1.0 -1.0 -1.0 -1.0 -1.0 -1.0 -1.0 3.33 4.433 10.795 1681.157 1.979 865.661 3.115074682548749 1.0
3.0 6.0 Car -1.0 -1.0 -1.0 -1.0 -1.0 -1.0 -1.0 1.963 1.748 4.317 1574.353 0.618 846.674 -2.404767003282124 0.0
3.0 2.0 Car -1.0 -1.0 -1.0 -1.0 -1.0 -1.0 -1.0 1.685 1.534 4.051 1614.402 1.128 862.633 -2.938646285201077 1.0
3.0 3.0 Car -1.0 -1.0 -1.0 -1.0 -1.0 -1.0 -1.0 2.035 1.826 4.934 1594.683 1.039 862.284 -2.8323901233079947 1.0
3.0 4.0 Car -1.0 -1.0 -1.0 -1.0 -1.0 -1.0 -1.0 1.876 1.881 4.014 1569.738 0.562 840.668 -2.338112879135881 1.0
3.0 5.0 Car -1.0 -1.0 -1.0 -1.0 -1.0 -1.0 -1.0 1.946 1.548 4.635 1604.839 0.978 865.065 -2.838446415814318 1.0
4.0 1.0 Truck -1.0 -1.0 -1.0 -1.0 -1.0 -1.0 -1.0 3.33 4.433 10.795 1679.146 1.977 865.722 3.1168105977902942 1.0
4.0 6.0 Car -1.0 -1.0 -1.0 -1.0 -1.0 -1.0 -1.0 1.963 1.748 4.317 1574.417 0.668 846.692 -2.404767003282124 0.0
4.0 2.0 Car -1.0 -1.0 -1.0 -1.0 -1.0 -1.0 -1.0 1.685 1.534 4.051 1611.912 1.128 862.054 -2.94576671151813 1.0
4.0 3.0 Car -1.0 -1.0 -1.0 -1.0 -1.0 -1.0 -1.0 2.035 1.826 4.934 1593.167 1.039 861.779 -2.8323901233079947 1.0
4.0 4.0 Car -1.0 -1.0 -1.0 -1.0 -1.0 -1.0 -1.0 1.876 1.881 4.014 1569.664 0.591 840.589 -2.338112879135881 1.0
4.0 5.0 Car -1.0 -1.0 -1.0 -1.0 -1.0 -1.0 -1.0 1.946 1.548 4.635 1602.941 0.978 864.51 -2.843415280653095 1.0
5.0 1.0 Truck -1.0 -1.0 -1.0 -1.0 -1.0 -1.0 -1.0 3.33 4.433 10.795 1676.62 1.973 865.799 3.118990172336348 1.0
5.0 6.0 Car -1.0 -1.0 -1.0 -1.0 -1.0 -1.0 -1.0 1.963 1.748 4.317 1574.584 0.718 846.684 -2.404767003282124 1.0
5.0 2.0 Car -1.0 -1.0 -1.0 -1.0 -1.0 -1.0 -1.0 1.685 1.534 4.051 1609.11 1.128 861.602 -2.928313418998187 1.0
5.0 3.0 Car -1.0 -1.0 -1.0 -1.0 -1.0 -1.0 -1.0 2.035 1.826 4.934 1591.359 1.039 861.156 -2.7940518924876114 1.0
5.0 4.0 Car -1.0 -1.0 -1.0 -1.0 -1.0 -1.0 -1.0 1.876 1.881 4.014 1569.581 0.631 840.464 -2.338112879135881 1.0
5.0 5.0 Car -1.0 -1.0 -1.0 -1.0 -1.0 -1.0 -1.0 1.946 1.548 4.635 1600.558 0.978 863.814 -2.849654071042273 1.0
6.0 1.0 Truck -1.0 -1.0 -1.0 -1.0 -1.0 -1.0 -1.0 3.33 4.433 10.795 1674.092 1.97 865.875 3.1211721389062004 1.0
6.0 6.0 Car -1.0 -1.0 -1.0 -1.0 -1.0 -1.0 -1.0 1.963 1.748 4.317 1574.564 0.718 846.706 -2.404767003282124 1.0
6.0 2.0 Car -1.0 -1.0 -1.0 -1.0 -1.0 -1.0 -1.0 1.685 1.534 4.051 1606.315 1.128 860.893 -2.8934068339582995 1.0
6.0 3.0 Car -1.0 -1.0 -1.0 -1.0 -1.0 -1.0 -1.0 2.035 1.826 4.934 1589.511 1.039 860.439 -2.7556715865013772 1.0
6.0 0.0 Car -1.0 -1.0 -1.0 -1.0 -1.0 -1.0 -1.0 1.731 1.502 4.396 1579.635 0.711 851.222 -2.4829403004827593 0.0
6.0 4.0 Car -1.0 -1.0 -1.0 -1.0 -1.0 -1.0 -1.0 1.876 1.881 4.014 1569.718 0.646 840.606 -2.338112879135881 1.0
6.0 5.0 Car -1.0 -1.0 -1.0 -1.0 -1.0 -1.0 -1.0 1.946 1.548 4.635 1598.161 0.978 863.151 -2.855899708334261 1.0
7.0 1.0 Truck -1.0 -1.0 -1.0 -1.0 -1.0 -1.0 -1.0 3.33 4.433 10.795 1671.565 1.967 865.952 3.1233540400009487 1.0
7.0 6.0 Car -1.0 -1.0 -1.0 -1.0 -1.0 -1.0 -1.0 1.963 1.748 4.317 1574.582 0.768 846.642 -2.404767003282124 1.0
7.0 2.0 Car -1.0 -1.0 -1.0 -1.0 -1.0 -1.0 -1.0 1.685 1.534 4.051 1603.634 1.128 860.243 -2.8934068339582995 1.0
7.0 3.0 Car -1.0 -1.0 -1.0 -1.0 -1.0 -1.0 -1.0 2.035 1.826 4.934 1587.677 1.039 859.644 -2.717292432207638 1.0
7.0 0.0 Car -1.0 -1.0 -1.0 -1.0 -1.0 -1.0 -1.0 1.731 1.502 4.396 1579.632 0.761 851.181 -2.4829403004827593 0.0
7.0 4.0 Car -1.0 -1.0 -1.0 -1.0 -1.0 -1.0 -1.0 1.876 1.881 4.014 1569.856 0.661 840.748 -2.338112879135881 1.0
7.0 5.0 Car -1.0 -1.0 -1.0 -1.0 -1.0 -1.0 -1.0 1.946 1.548 4.635 1596.301 0.978 862.658 -2.838446415814318 1.0
8.0 1.0 Truck -1.0 -1.0 -1.0 -1.0 -1.0 -1.0 -1.0 3.33 4.433 10.795 1669.031 1.963 866.028 3.125540860458509 1.0
8.0 6.0 Car -1.0 -1.0 -1.0 -1.0 -1.0 -1.0 -1.0 1.963 1.748 4.317 1574.58 0.818 846.6 -2.404767003282124 1.0
8.0 2.0 Car -1.0 -1.0 -1.0 -1.0 -1.0 -1.0 -1.0 1.685 1.534 4.051 1601.068 1.128 859.606 -2.875953541438357 1.0
8.0 3.0 Car -1.0 -1.0 -1.0 -1.0 -1.0 -1.0 -1.0 2.035 1.826 4.934 1585.86 1.039 858.772 -2.6788267474177037 1.0
8.0 0.0 Car -1.0 -1.0 -1.0 -1.0 -1.0 -1.0 -1.0 1.731 1.502 4.396 1579.521 0.811 851.057 -2.4829403004827593 0.0
8.0 4.0 Car -1.0 -1.0 -1.0 -1.0 -1.0 -1.0 -1.0 1.876 1.881 4.014 1569.926 0.701 840.782 -2.338112879135881 1.0
8.0 5.0 Car -1.0 -1.0 -1.0 -1.0 -1.0 -1.0 -1.0 1.946 1.548 4.635 1594.395 0.978 862.057 -2.797691506527099 1.0
9.0 1.0 Truck -1.0 -1.0 -1.0 -1.0 -1.0 -1.0 -1.0 3.33 4.433 10.795 1667.225 2.048 866.065 3.125540860458509 1.0
9.0 6.0 Car -1.0 -1.0 -1.0 -1.0 -1.0 -1.0 -1.0 1.963 1.748 4.317 1574.558 0.818 846.58 -2.404767003282124 1.0
9.0 2.0 Car -1.0 -1.0 -1.0 -1.0 -1.0 -1.0 -1.0 1.685 1.534 4.051 1598.544 1.128 858.837 -2.8323053680631647 1.0
9.0 3.0 Car -1.0 -1.0 -1.0 -1.0 -1.0 -1.0 -1.0 2.035 1.826 4.934 1584.073 1.039 857.827 -2.640403905588619 1.0
9.0 0.0 Car -1.0 -1.0 -1.0 -1.0 -1.0 -1.0 -1.0 1.731 1.502 4.396 1579.416 0.797 851.0 -2.4829403004827593 1.0
9.0 4.0 Car -1.0 -1.0 -1.0 -1.0 -1.0 -1.0 -1.0 1.876 1.881 4.014 1570.013 0.741 840.752 -2.338112879135881 1.0
9.0 5.0 Car -1.0 -1.0 -1.0 -1.0 -1.0 -1.0 -1.0 1.946 1.548 4.635 1592.457 0.978 861.358 -2.7569819899318992 1.0
10.0 1.0 Truck -1.0 -1.0 -1.0 -1.0 -1.0 -1.0 -1.0 3.33 4.433 10.795 1665.419 2.132 866.102 3.125540860458509 1.0
10.0 6.0 Car -1.0 -1.0 -1.0 -1.0 -1.0 -1.0 -1.0 1.963 1.748 4.317 1574.58 0.868 846.6 -2.404767003282124 1.0
10.0 2.0 Car -1.0 -1.0 -1.0 -1.0 -1.0 -1.0 -1.0 1.685 1.534 4.051 1596.583 1.128 858.139 -2.7886581541207556 1.0
10.0 3.0 Car -1.0 -1.0 -1.0 -1.0 -1.0 -1.0 -1.0 2.035 1.826 4.934 1582.398 1.039 856.855 -2.6054746635166866 1.0
10.0 0.0 Car -1.0 -1.0 -1.0 -1.0 -1.0 -1.0 -1.0 1.731 1.502 4.396 1579.425 0.832 850.992 -2.4829403004827593 1.0
10.0 4.0 Car -1.0 -1.0 -1.0 -1.0 -1.0 -1.0 -1.0 1.876 1.881 4.014 1569.917 0.741 840.653 -2.338112879135881 1.0
10.0 5.0 Car -1.0 -1.0 -1.0 -1.0 -1.0 -1.0 -1.0 1.946 1.548 4.635 1590.623 0.978 860.61 -2.716273368174714 1.0
11.0 1.0 Truck -1.0 -1.0 -1.0 -1.0 -1.0 -1.0 -1.0 3.33 4.433 10.795 1663.253 2.233 866.147 3.125540860458509 1.0
11.0 6.0 Car -1.0 -1.0 -1.0 -1.0 -1.0 -1.0 -1.0 1.963 1.748 4.317 1574.47 0.918 846.5 -2.404767003282124 1.0
11.0 2.0 Car -1.0 -1.0 -1.0 -1.0 -1.0 -1.0 -1.0 1.685 1.534 4.051 1594.29 1.128 857.336 -2.73632720127881 1.0
11.0 3.0 Car -1.0 -1.0 -1.0 -1.0 -1.0 -1.0 -1.0 2.035 1.826 4.934 1580.475 1.039 855.55 -2.5635961481529566 1.0
11.0 0.0 Car -1.0 -1.0 -1.0 -1.0 -1.0 -1.0 -1.0 1.731 1.502 4.396 1579.408 0.875 851.0 -2.4829403004827593 1.0
11.0 4.0 Car -1.0 -1.0 -1.0 -1.0 -1.0 -1.0 -1.0 1.876 1.881 4.014 1569.594 0.753 840.308 -2.3129748419841394 1.0
11.0 5.0 Car -1.0 -1.0 -1.0 -1.0 -1.0 -1.0 -1.0 1.946 1.548 4.635 1588.653 0.978 859.69 -2.703181511312477 1.0
12.0 1.0 Truck -1.0 -1.0 -1.0 -1.0 -1.0 -1.0 -1.0 3.33 4.433 10.795 1661.449 2.317 866.184 3.125540860458509 1.0
12.0 6.0 Car -1.0 -1.0 -1.0 -1.0 -1.0 -1.0 -1.0 1.963 1.748 4.317 1574.451 0.929 846.477 -2.404767003282124 1.0
12.0 2.0 Car -1.0 -1.0 -1.0 -1.0 -1.0 -1.0 -1.0 1.685 1.534 4.051 1592.92 1.128 856.82 -2.73632720127881 1.0
12.0 3.0 Car -1.0 -1.0 -1.0 -1.0 -1.0 -1.0 -1.0 2.035 1.826 4.934 1578.919 1.039 854.576 -2.5287063429975554 1.0
12.0 0.0 Car -1.0 -1.0 -1.0 -1.0 -1.0 -1.0 -1.0 1.731 1.502 4.396 1579.44 0.911 851.01 -2.4829403004827593 1.0
12.0 4.0 Car -1.0 -1.0 -1.0 -1.0 -1.0 -1.0 -1.0 1.876 1.881 4.014 1569.187 0.763 839.835 -2.2920318546170866 1.0
12.0 5.0 Car -1.0 -1.0 -1.0 -1.0 -1.0 -1.0 -1.0 1.946 1.548 4.635 1587.051 0.978 858.941 -2.692274430890007 1.0
13.0 1.0 Truck -1.0 -1.0 -1.0 -1.0 -1.0 -1.0 -1.0 3.33 4.433 10.795 1659.645 2.401 866.221 3.125540860458509 1.0
13.0 6.0 Car -1.0 -1.0 -1.0 -1.0 -1.0 -1.0 -1.0 1.963 1.748 4.317 1574.366 0.939 846.394 -2.404767003282124 1.0
13.0 2.0 Car -1.0 -1.0 -1.0 -1.0 -1.0 -1.0 -1.0 1.685 1.534 4.051 1591.225 1.128 856.073 -2.73632720127881 1.0
13.0 3.0 Car -1.0 -1.0 -1.0 -1.0 -1.0 -1.0 -1.0 2.035 1.826 4.934 1577.596 1.039 853.611 -2.493814723045995 1.0
13.0 0.0 Car -1.0 -1.0 -1.0 -1.0 -1.0 -1.0 -1.0 1.731 1.502 4.396 1579.453 0.911 851.006 -2.4829403004827593 1.0
13.0 4.0 Car -1.0 -1.0 -1.0 -1.0 -1.0 -1.0 -1.0 1.876 1.881 4.014 1568.536 0.723 839.063 -2.2710877778987797 1.0
13.0 5.0 Car -1.0 -1.0 -1.0 -1.0 -1.0 -1.0 -1.0 1.946 1.548 4.635 1585.449 0.978 858.193 -2.6813667831348282 1.0
14.0 1.0 Truck -1.0 -1.0 -1.0 -1.0 -1.0 -1.0 -1.0 3.33 4.433 10.795 1657.857 2.4 866.256 3.125540860458509 1.0
14.0 6.0 Car -1.0 -1.0 -1.0 -1.0 -1.0 -1.0 -1.0 1.963 1.748 4.317 1574.148 0.948 846.192 -2.404767003282124 1.0
14.0 2.0 Car -1.0 -1.0 -1.0 -1.0 -1.0 -1.0 -1.0 1.685 1.534 4.051 1590.449 1.128 855.725 -2.718873908758867 1.0
14.0 3.0 Car -1.0 -1.0 -1.0 -1.0 -1.0 -1.0 -1.0 2.035 1.826 4.934 1576.698 1.039 852.957 -2.465870980389188 1.0
14.0 0.0 Car -1.0 -1.0 -1.0 -1.0 -1.0 -1.0 -1.0 1.731 1.502 4.396 1579.466 0.944 851.01 -2.480029424932913 1.0
14.0 4.0 Car -1.0 -1.0 -1.0 -1.0 -1.0 -1.0 -1.0 1.876 1.881 4.014 1567.881 0.731 838.258 -2.254314240561925 1.0
14.0 5.0 Car -1.0 -1.0 -1.0 -1.0 -1.0 -1.0 -1.0 1.946 1.548 4.635 1584.254 0.978 857.526 -2.659301387671235 1.0
15.0 1.0 Truck -1.0 -1.0 -1.0 -1.0 -1.0 -1.0 -1.0 3.33 4.433 10.795 1655.626 2.397 866.3 3.125540860458509 1.0
15.0 6.0 Car -1.0 -1.0 -1.0 -1.0 -1.0 -1.0 -1.0 1.963 1.748 4.317 1573.653 0.958 845.737 -2.404767003282124 1.0
15.0 2.0 Car -1.0 -1.0 -1.0 -1.0 -1.0 -1.0 -1.0 1.685 1.534 4.051 1589.74 1.128 855.409 -2.710156776864824 1.0
15.0 3.0 Car -1.0 -1.0 -1.0 -1.0 -1.0 -1.0 -1.0 2.035 1.826 4.934 1575.81 1.039 852.187 -2.465870980389188 1.0
15.0 0.0 Car -1.0 -1.0 -1.0 -1.0 -1.0 -1.0 -1.0 1.731 1.502 4.396 1579.421 0.936 851.008 -2.476398779505811 1.0
15.0 4.0 Car -1.0 -1.0 -1.0 -1.0 -1.0 -1.0 -1.0 1.876 1.881 4.014 1566.911 0.691 837.02 -2.2333931240162226 1.0
15.0 5.0 Car -1.0 -1.0 -1.0 -1.0 -1.0 -1.0 -1.0 1.946 1.548 4.635 1583.045 0.978 856.842 -2.631779899457381 1.0
16.0 1.0 Truck -1.0 -1.0 -1.0 -1.0 -1.0 -1.0 -1.0 3.33 4.433 10.795 1653.391 2.395 866.344 3.125540860458509 1.0
16.0 6.0 Car -1.0 -1.0 -1.0 -1.0 -1.0 -1.0 -1.0 1.963 1.748 4.317 1572.804 0.968 844.962 -2.404767003282124 1.0
16.0 2.0 Car -1.0 -1.0 -1.0 -1.0 -1.0 -1.0 -1.0 1.685 1.534 4.051 1589.03 1.128 855.091 -2.7014206162389236 1.0
16.0 3.0 Car -1.0 -1.0 -1.0 -1.0 -1.0 -1.0 -1.0 2.035 1.826 4.934 1575.106 1.039 851.564 -2.465870980389188 1.0
16.0 0.0 Car -1.0 -1.0 -1.0 -1.0 -1.0 -1.0 -1.0 1.731 1.502 4.396 1579.414 0.928 850.957 -2.472760208699222 1.0
16.0 4.0 Car -1.0 -1.0 -1.0 -1.0 -1.0 -1.0 -1.0 1.876 1.881 4.014 1565.772 0.741 835.372 -2.187024720772819 1.0
16.0 5.0 Car -1.0 -1.0 -1.0 -1.0 -1.0 -1.0 -1.0 1.946 1.548 4.635 1582.024 0.978 856.206 -2.60419833425652 1.0
17.0 1.0 Truck -1.0 -1.0 -1.0 -1.0 -1.0 -1.0 -1.0 3.33 4.433 10.795 1651.159 2.393 866.387 3.125540860458509 1.0
17.0 6.0 Car -1.0 -1.0 -1.0 -1.0 -1.0 -1.0 -1.0 1.963 1.748 4.317 1571.62 0.949 843.82 -2.3754073940409173 1.0
17.0 2.0 Car -1.0 -1.0 -1.0 -1.0 -1.0 -1.0 -1.0 1.685 1.534 4.051 1588.332 1.128 854.749 -2.7014206162389236 1.0
17.0 3.0 Car -1.0 -1.0 -1.0 -1.0 -1.0 -1.0 -1.0 2.035 1.826 4.934 1574.456 1.039 850.984 -2.465870980389188 1.0
17.0 0.0 Car -1.0 -1.0 -1.0 -1.0 -1.0 -1.0 -1.0 1.731 1.502 4.396 1579.258 0.969 850.789 -2.4691256296663378 1.0
17.0 4.0 Car -1.0 -1.0 -1.0 -1.0 -1.0 -1.0 -1.0 1.876 1.881 4.014 1564.605 0.591 833.514 -2.140707187000603 1.0
17.0 5.0 Car -1.0 -1.0 -1.0 -1.0 -1.0 -1.0 -1.0 1.946 1.548 4.635 1581.124 0.978 855.609 -2.5766470280151696 1.0
18.0 1.0 Truck -1.0 -1.0 -1.0 -1.0 -1.0 -1.0 -1.0 3.33 4.433 10.795 1648.924 2.39 866.431 3.125540860458509 1.0
18.0 6.0 Car -1.0 -1.0 -1.0 -1.0 -1.0 -1.0 -1.0 1.963 1.748 4.317 1570.195 0.929 842.371 -2.346015128684894 1.0
18.0 2.0 Car -1.0 -1.0 -1.0 -1.0 -1.0 -1.0 -1.0 1.685 1.534 4.051 1587.634 1.128 854.406 -2.7014206162389236 1.0
18.0 3.0 Car -1.0 -1.0 -1.0 -1.0 -1.0 -1.0 -1.0 2.035 1.826 4.934 1573.876 1.039 850.46 -2.465870980389188 1.0
18.0 0.0 Car -1.0 -1.0 -1.0 -1.0 -1.0 -1.0 -1.0 1.731 1.502 4.396 1579.112 0.961 850.667 -2.465487007962816 1.0
18.0 4.0 Car -1.0 -1.0 -1.0 -1.0 -1.0 -1.0 -1.0 1.876 1.881 4.014 1563.422 0.641 831.218 -2.0361321942321706 1.0
18.0 5.0 Car -1.0 -1.0 -1.0 -1.0 -1.0 -1.0 -1.0 1.946 1.548 4.635 1580.419 0.978 855.16 -2.554826051920004 1.0
19.0 1.0 Truck -1.0 -1.0 -1.0 -1.0 -1.0 -1.0 -1.0 3.33 4.433 10.795 1646.38 2.388 866.434 3.1395003667568675 1.0
19.0 6.0 Car -1.0 -1.0 -1.0 -1.0 -1.0 -1.0 -1.0 1.963 1.748 4.317 1568.775 0.86 840.836 -2.3166555194436875 1.0
19.0 2.0 Car -1.0 -1.0 -1.0 -1.0 -1.0 -1.0 -1.0 1.685 1.534 4.051 1586.943 1.112 854.048 -2.6839769899238424 1.0
19.0 3.0 Car -1.0 -1.0 -1.0 -1.0 -1.0 -1.0 -1.0 2.035 1.826 4.934 1573.37 1.039 849.995 -2.465870980389188 1.0
19.0 0.0 Car -1.0 -1.0 -1.0 -1.0 -1.0 -1.0 -1.0 1.731 1.502 4.396 1578.525 0.973 850.241 -2.455021287886041 1.0
19.0 4.0 Car -1.0 -1.0 -1.0 -1.0 -1.0 -1.0 -1.0 1.876 1.881 4.014 1562.434 0.641 828.834 -1.9316733889344724 1.0
19.0 5.0 Car -1.0 -1.0 -1.0 -1.0 -1.0 -1.0 -1.0 1.946 1.548 4.635 1580.004 0.978 854.88 -2.5330293199003524 1.0
20.0 1.0 Truck -1.0 -1.0 -1.0 -1.0 -1.0 -1.0 -1.0 3.33 4.433 10.795 1643.834 2.386 866.414 -3.1297099630926817 1.0
20.0 6.0 Car -1.0 -1.0 -1.0 -1.0 -1.0 -1.0 -1.0 1.963 1.748 4.317 1566.828 0.84 838.789 -2.3105387173714353 1.0
20.0 2.0 Car -1.0 -1.0 -1.0 -1.0 -1.0 -1.0 -1.0 1.685 1.534 4.051 1586.252 1.097 853.689 -2.6665140311990374 1.0
20.0 3.0 Car -1.0 -1.0 -1.0 -1.0 -1.0 -1.0 -1.0 2.035 1.826 4.934 1572.977 1.037 849.653 -2.465870980389188 1.0
20.0 0.0 Car -1.0 -1.0 -1.0 -1.0 -1.0 -1.0 -1.0 1.731 1.502 4.396 1577.61 0.934 849.445 -2.4445246257459097 1.0
20.0 4.0 Car -1.0 -1.0 -1.0 -1.0 -1.0 -1.0 -1.0 1.876 1.881 4.014 1561.372 0.691 826.237 -1.827098814106583 1.0
20.0 5.0 Car -1.0 -1.0 -1.0 -1.0 -1.0 -1.0 -1.0 1.946 1.548 4.635 1579.589 0.978 854.599 -2.5112084310140923 1.0
21.0 1.0 Truck -1.0 -1.0 -1.0 -1.0 -1.0 -1.0 -1.0 3.33 4.433 10.795 1641.288 2.383 866.378 -3.1157305175946504 1.0
21.0 6.0 Car -1.0 -1.0 -1.0 -1.0 -1.0 -1.0 -1.0 1.963 1.748 4.317 1564.893 0.82 836.5 -2.265140663122579 1.0
21.0 2.0 Car -1.0 -1.0 -1.0 -1.0 -1.0 -1.0 -1.0 1.685 1.534 4.051 1585.177 1.087 853.136 -2.6665140311990374 1.0
21.0 3.0 Car -1.0 -1.0 -1.0 -1.0 -1.0 -1.0 -1.0 2.035 1.826 4.934 1572.769 1.036 849.46 -2.465870980389188 1.0
21.0 0.0 Car -1.0 -1.0 -1.0 -1.0 -1.0 -1.0 -1.0 1.731 1.502 4.396 1576.384 0.921 848.279 -2.399112442229904 1.0
21.0 4.0 Car -1.0 -1.0 -1.0 -1.0 -1.0 -1.0 -1.0 1.876 1.881 4.014 1560.894 0.804 823.377 -1.7187380858735468 1.0
21.0 5.0 Car -1.0 -1.0 -1.0 -1.0 -1.0 -1.0 -1.0 1.946 1.548 4.635 1579.753 0.978 854.741 -2.4893805654154537 1.0
22.0 1.0 Truck -1.0 -1.0 -1.0 -1.0 -1.0 -1.0 -1.0 3.33 4.433 10.795 1638.748 2.381 866.333 -3.101790782939664 1.0
22.0 6.0 Car -1.0 -1.0 -1.0 -1.0 -1.0 -1.0 -1.0 1.963 1.748 4.317 1562.96 0.733 833.908 -2.1517965547116353 1.0
22.0 2.0 Car -1.0 -1.0 -1.0 -1.0 -1.0 -1.0 -1.0 1.685 1.534 4.051 1584.106 1.078 852.585 -2.6665140311990374 1.0
22.0 3.0 Car -1.0 -1.0 -1.0 -1.0 -1.0 -1.0 -1.0 2.035 1.826 4.934 1572.734 1.034 849.406 -2.465870980389188 1.0
22.0 0.0 Car -1.0 -1.0 -1.0 -1.0 -1.0 -1.0 -1.0 1.731 1.502 4.396 1575.003 0.891 846.885 -2.3537796803999886 1.0
22.0 4.0 Car -1.0 -1.0 -1.0 -1.0 -1.0 -1.0 -1.0 1.876 1.881 4.014 1560.728 0.916 820.49 -1.6106851735600831 1.0
22.0 5.0 Car -1.0 -1.0 -1.0 -1.0 -1.0 -1.0 -1.0 1.946 1.548 4.635 1579.899 0.978 854.817 -2.4893805654154537 1.0
23.0 1.0 Truck -1.0 -1.0 -1.0 -1.0 -1.0 -1.0 -1.0 3.33 4.433 10.795 1636.205 2.379 866.289 -3.0878312766413045 1.0
23.0 6.0 Car -1.0 -1.0 -1.0 -1.0 -1.0 -1.0 -1.0 1.963 1.748 4.317 1561.331 0.696 831.111 -2.038291682889812 1.0
23.0 2.0 Car -1.0 -1.0 -1.0 -1.0 -1.0 -1.0 -1.0 1.685 1.534 4.051 1582.679 1.053 851.69 -2.631588232127726 1.0
23.0 3.0 Car -1.0 -1.0 -1.0 -1.0 -1.0 -1.0 -1.0 2.035 1.826 4.934 1572.725 1.032 849.372 -2.465870980389188 1.0
23.0 0.0 Car -1.0 -1.0 -1.0 -1.0 -1.0 -1.0 -1.0 1.731 1.502 4.396 1573.398 0.861 845.201 -2.325860667803271 1.0
23.0 4.0 Car -1.0 -1.0 -1.0 -1.0 -1.0 -1.0 -1.0 1.876 1.881 4.014 1560.876 0.928 817.461 -1.5024790026875068 1.0
23.0 5.0 Car -1.0 -1.0 -1.0 -1.0 -1.0 -1.0 -1.0 1.946 1.548 4.635 1580.071 0.978 854.913 -2.4893805654154537 1.0
24.0 1.0 Truck -1.0 -1.0 -1.0 -1.0 -1.0 -1.0 -1.0 3.33 4.433 10.795 1633.673 2.436 866.082 -3.0791143193034007 1.0
24.0 6.0 Car -1.0 -1.0 -1.0 -1.0 -1.0 -1.0 -1.0 1.963 1.748 4.317 1560.026 0.709 827.909 -1.898735183251061 1.0
24.0 2.0 Car -1.0 -1.0 -1.0 -1.0 -1.0 -1.0 -1.0 1.685 1.534 4.051 1580.9 1.028 850.523 -2.596700861119265 1.0
24.0 3.0 Car -1.0 -1.0 -1.0 -1.0 -1.0 -1.0 -1.0 2.035 1.826 4.934 1572.492 1.031 849.158 -2.465870980389188 1.0
24.0 0.0 Car -1.0 -1.0 -1.0 -1.0 -1.0 -1.0 -1.0 1.731 1.502 4.396 1571.697 0.826 843.359 -2.2910004398208876 1.0
24.0 4.0 Car -1.0 -1.0 -1.0 -1.0 -1.0 -1.0 -1.0 1.876 1.881 4.014 1561.496 0.941 814.438 -1.394391888605202 1.0
24.0 5.0 Car -1.0 -1.0 -1.0 -1.0 -1.0 -1.0 -1.0 1.946 1.548 4.635 1579.752 0.978 854.734 -2.4893805654154537 1.0
25.0 1.0 Truck -1.0 -1.0 -1.0 -1.0 -1.0 -1.0 -1.0 3.33 4.433 10.795 1631.134 2.494 865.876 -3.0703765526049476 1.0
25.0 6.0 Car -1.0 -1.0 -1.0 -1.0 -1.0 -1.0 -1.0 1.963 1.748 4.317 1559.055 0.921 824.411 -1.776340487994519 1.0
25.0 2.0 Car -1.0 -1.0 -1.0 -1.0 -1.0 -1.0 -1.0 1.685 1.534 4.051 1578.879 1.011 849.145 -2.526824588010928 1.0
25.0 3.0 Car -1.0 -1.0 -1.0 -1.0 -1.0 -1.0 -1.0 2.035 1.826 4.934 1572.004 1.027 848.687 -2.449075408938428 1.0
25.0 0.0 Car -1.0 -1.0 -1.0 -1.0 -1.0 -1.0 -1.0 1.731 1.502 4.396 1569.803 0.791 841.153 -2.256056992542505 1.0
25.0 4.0 Car -1.0 -1.0 -1.0 -1.0 -1.0 -1.0 -1.0 1.876 1.881 4.014 1562.444 0.991 811.274 -1.2860467459883465 1.0
25.0 5.0 Car -1.0 -1.0 -1.0 -1.0 -1.0 -1.0 -1.0 1.946 1.548 4.635 1579.101 0.978 854.302 -2.4893805654154537 1.0
26.0 1.0 Truck -1.0 -1.0 -1.0 -1.0 -1.0 -1.0 -1.0 3.33 4.433 10.795 1628.601 2.552 865.669 -3.0616611140710437 1.0
26.0 6.0 Car -1.0 -1.0 -1.0 -1.0 -1.0 -1.0 -1.0 1.963 1.748 4.317 1558.882 1.034 820.789 -1.5670089623248549 1.0
26.0 2.0 Car -1.0 -1.0 -1.0 -1.0 -1.0 -1.0 -1.0 1.685 1.534 4.051 1576.566 0.995 847.329 -2.4571268741360734 1.0
26.0 3.0 Car -1.0 -1.0 -1.0 -1.0 -1.0 -1.0 -1.0 2.035 1.826 4.934 1571.362 1.025 848.087 -2.4323227562672596 1.0
26.0 0.0 Car -1.0 -1.0 -1.0 -1.0 -1.0 -1.0 -1.0 1.731 1.502 4.396 1567.766 0.748 838.566 -2.2212028384516924 1.0
26.0 4.0 Car -1.0 -1.0 -1.0 -1.0 -1.0 -1.0 -1.0 1.876 1.881 4.014 1563.854 1.041 808.036 -1.169965779208289 1.0
26.0 5.0 Car -1.0 -1.0 -1.0 -1.0 -1.0 -1.0 -1.0 1.946 1.548 4.635 1577.952 0.97 853.438 -2.4697042455025904 1.0
27.0 1.0 Truck -1.0 -1.0 -1.0 -1.0 -1.0 -1.0 -1.0 3.33 4.433 10.795 1626.063 2.609 865.463 -3.0529246916014183 0.0
27.0 6.0 Car -1.0 -1.0 -1.0 -1.0 -1.0 -1.0 -1.0 1.963 1.748 4.317 1559.501 1.164 817.084 -1.3509656134750663 0.0
27.0 2.0 Car -1.0 -1.0 -1.0 -1.0 -1.0 -1.0 -1.0 1.685 1.534 4.051 1574.601 0.978 845.48 -2.3872613508799474 0.0
27.0 3.0 Car -1.0 -1.0 -1.0 -1.0 -1.0 -1.0 -1.0 2.035 1.826 4.934 1570.662 1.011 847.395 -2.4155297686679686 0.0
27.0 0.0 Car -1.0 -1.0 -1.0 -1.0 -1.0 -1.0 -1.0 1.731 1.502 4.396 1565.866 0.729 835.961 -2.1862647669164232 0.0
27.0 4.0 Car -1.0 -1.0 -1.0 -1.0 -1.0 -1.0 -1.0 1.876 1.881 4.014 1565.623 1.091 804.996 -1.0361520347698274 0.0
27.0 5.0 Car -1.0 -1.0 -1.0 -1.0 -1.0 -1.0 -1.0 1.946 1.548 4.635 1576.817 0.962 852.549 -2.4499805514236788 0.0
28.0 1.0 Truck -1.0 -1.0 -1.0 -1.0 -1.0 -1.0 -1.0 3.33 4.433 10.795 1623.062 2.667 865.121 -3.0294101682000956 0.0
28.0 6.0 Car -1.0 -1.0 -1.0 -1.0 -1.0 -1.0 -1.0 1.963 1.748 4.317 1560.606 1.223 813.366 -1.2221936334214916 0.0
28.0 2.0 Car -1.0 -1.0 -1.0 -1.0 -1.0 -1.0 -1.0 1.685 1.534 4.051 1572.461 0.977 843.356 -2.3267954335622614 0.0
28.0 3.0 Car -1.0 -1.0 -1.0 -1.0 -1.0 -1.0 -1.0 2.035 1.826 4.934 1569.845 1.037 846.631 -2.398737284416366 0.0
28.0 0.0 Car -1.0 -1.0 -1.0 -1.0 -1.0 -1.0 -1.0 1.731 1.502 4.396 1563.913 0.711 833.061 -2.15132774260384 0.0
28.0 4.0 Car -1.0 -1.0 -1.0 -1.0 -1.0 -1.0 -1.0 1.876 1.881 4.014 1568.044 1.183 802.022 -0.8868211985088861 0.0
28.0 5.0 Car -1.0 -1.0 -1.0 -1.0 -1.0 -1.0 -1.0 1.946 1.548 4.635 1575.711 0.954 851.625 -2.4302574485365227 0.0
29.0 1.0 Truck -1.0 -1.0 -1.0 -1.0 -1.0 -1.0 -1.0 3.33 4.433 10.795 1619.481 2.736 864.59 -3.0012182458562466 0.0
29.0 6.0 Car -1.0 -1.0 -1.0 -1.0 -1.0 -1.0 -1.0 1.963 1.748 4.317 1562.509 1.375 808.88 -1.0434101867265617 0.0
29.0 2.0 Car -1.0 -1.0 -1.0 -1.0 -1.0 -1.0 -1.0 1.685 1.534 4.051 1569.93 0.976 840.442 -2.2892085040036805 0.0
29.0 3.0 Car -1.0 -1.0 -1.0 -1.0 -1.0 -1.0 -1.0 2.035 1.826 4.934 1568.499 1.054 845.366 -2.3786045177894724 0.0
29.0 0.0 Car -1.0 -1.0 -1.0 -1.0 -1.0 -1.0 -1.0 1.731 1.502 4.396 1561.563 0.789 829.472 -2.1190946046471493 0.0
29.0 4.0 Car -1.0 -1.0 -1.0 -1.0 -1.0 -1.0 -1.0 1.876 1.881 4.014 1571.099 1.211 798.523 -0.8215080330720728 0.0
29.0 5.0 Car -1.0 -1.0 -1.0 -1.0 -1.0 -1.0 -1.0 1.946 1.548 4.635 1574.385 0.944 850.517 -2.4066111183309467 0.0
30.0 1.0 Truck -1.0 -1.0 -1.0 -1.0 -1.0 -1.0 -1.0 3.33 4.433 10.795 1616.515 2.794 864.043 -2.977728908666103 0.0
30.0 6.0 Car -1.0 -1.0 -1.0 -1.0 -1.0 -1.0 -1.0 1.963 1.748 4.317 1565.302 1.353 804.901 -0.8140504598951037 0.0
30.0 2.0 Car -1.0 -1.0 -1.0 -1.0 -1.0 -1.0 -1.0 1.685 1.534 4.051 1567.841 0.969 837.973 -2.2113540587090843 0.0
30.0 3.0 Car -1.0 -1.0 -1.0 -1.0 -1.0 -1.0 -1.0 2.035 1.826 4.934 1567.14 1.095 844.187 -2.3983948058988496 0.0
30.0 0.0 Car -1.0 -1.0 -1.0 -1.0 -1.0 -1.0 -1.0 1.731 1.502 4.396 1559.596 0.853 826.26 -2.092238151336638 0.0
30.0 4.0 Car -1.0 -1.0 -1.0 -1.0 -1.0 -1.0 -1.0 1.876 1.881 4.014 1574.206 1.401 795.23 -0.767089503282255 0.0
30.0 5.0 Car -1.0 -1.0 -1.0 -1.0 -1.0 -1.0 -1.0 1.946 1.548 4.635 1573.393 0.936 849.618 -2.3869091406958725 0.0
31.0 1.0 Truck -1.0 -1.0 -1.0 -1.0 -1.0 -1.0 -1.0 3.33 4.433 10.795 1613.551 2.852 863.482 -2.954239994378759 0.0
31.0 6.0 Car -1.0 -1.0 -1.0 -1.0 -1.0 -1.0 -1.0 1.963 1.748 4.317 1568.728 1.381 801.422 -0.741773238224591 0.0
31.0 2.0 Car -1.0 -1.0 -1.0 -1.0 -1.0 -1.0 -1.0 1.685 1.534 4.051 1565.955 0.962 835.359 -2.150953993398771 0.0
31.0 3.0 Car -1.0 -1.0 -1.0 -1.0 -1.0 -1.0 -1.0 2.035 1.826 4.934 1565.581 1.086 842.824 -2.4181847377032284 0.0
31.0 0.0 Car -1.0 -1.0 -1.0 -1.0 -1.0 -1.0 -1.0 1.731 1.502 4.396 1557.857 0.956 823.321 -2.0653821815505955 0.0
31.0 4.0 Car -1.0 -1.0 -1.0 -1.0 -1.0 -1.0 -1.0 1.876 1.881 4.014 1577.409 1.401 792.284 -0.7409090407705365 0.0
31.0 5.0 Car -1.0 -1.0 -1.0 -1.0 -1.0 -1.0 -1.0 1.946 1.548 4.635 1572.402 0.928 848.72 -2.3672075177758525 0.0
32.0 1.0 Truck -1.0 -1.0 -1.0 -1.0 -1.0 -1.0 -1.0 3.33 4.433 10.795 1610.587 2.909 862.922 -2.930751643961815 0.0
32.0 6.0 Car -1.0 -1.0 -1.0 -1.0 -1.0 -1.0 -1.0 1.963 1.748 4.317 1572.771 1.36 798.18 -0.6777752711936521 0.0
32.0 2.0 Car -1.0 -1.0 -1.0 -1.0 -1.0 -1.0 -1.0 1.685 1.534 4.051 1564.327 0.955 832.581 -2.073102085520972 0.0
32.0 3.0 Car -1.0 -1.0 -1.0 -1.0 -1.0 -1.0 -1.0 2.035 1.826 4.934 1563.788 1.04 841.477 -2.490333495901222 0.0
32.0 0.0 Car -1.0 -1.0 -1.0 -1.0 -1.0 -1.0 -1.0 1.731 1.502 4.396 1556.505 1.108 820.484 -2.038526856463845 0.0
32.0 4.0 Car -1.0 -1.0 -1.0 -1.0 -1.0 -1.0 -1.0 1.876 1.881 4.014 1580.757 1.451 789.5 -0.7321829182423688 0.0
32.0 5.0 Car -1.0 -1.0 -1.0 -1.0 -1.0 -1.0 -1.0 1.946 1.548 4.635 1571.219 0.916 847.428 -2.373021284648746 0.0
33.0 1.0 Truck -1.0 -1.0 -1.0 -1.0 -1.0 -1.0 -1.0 3.33 4.433 10.795 1607.52 2.967 862.106 -2.9168015990741316 0.0
33.0 6.0 Car -1.0 -1.0 -1.0 -1.0 -1.0 -1.0 -1.0 1.963 1.748 4.317 1577.163 1.488 794.818 -0.6836228324665469 0.0
33.0 2.0 Car -1.0 -1.0 -1.0 -1.0 -1.0 -1.0 -1.0 1.685 1.534 4.051 1563.003 0.948 829.382 -1.9218979557535987 0.0
33.0 3.0 Car -1.0 -1.0 -1.0 -1.0 -1.0 -1.0 -1.0 2.035 1.826 4.934 1561.692 1.002 840.205 -2.574063160220991 0.0
33.0 0.0 Car -1.0 -1.0 -1.0 -1.0 -1.0 -1.0 -1.0 1.731 1.502 4.396 1555.079 1.111 817.557 -2.0117014024442956 0.0
33.0 4.0 Car -1.0 -1.0 -1.0 -1.0 -1.0 -1.0 -1.0 1.876 1.881 4.014 1584.058 1.451 786.688 -0.7321829182423688 0.0
33.0 5.0 Car -1.0 -1.0 -1.0 -1.0 -1.0 -1.0 -1.0 1.946 1.548 4.635 1569.833 0.903 846.073 -2.3613947055980105 0.0
34.0 1.0 Truck -1.0 -1.0 -1.0 -1.0 -1.0 -1.0 -1.0 3.33 4.433 10.795 1604.457 3.025 861.263 -2.9028348748487254 0.0
34.0 6.0 Car -1.0 -1.0 -1.0 -1.0 -1.0 -1.0 -1.0 1.963 1.748 4.317 1581.726 1.066 791.116 -0.6196001905849893 0.0
34.0 2.0 Car -1.0 -1.0 -1.0 -1.0 -1.0 -1.0 -1.0 1.685 1.534 4.051 1562.012 0.941 825.458 -1.7705130391309967 0.0
34.0 3.0 Car -1.0 -1.0 -1.0 -1.0 -1.0 -1.0 -1.0 2.035 1.826 4.934 1559.26 0.951 839.036 -2.7102170756683917 0.0
34.0 0.0 Car -1.0 -1.0 -1.0 -1.0 -1.0 -1.0 -1.0 1.731 1.502 4.396 1553.625 0.961 814.653 -2.0029725275889048 0.0
34.0 4.0 Car -1.0 -1.0 -1.0 -1.0 -1.0 -1.0 -1.0 1.876 1.881 4.014 1587.427 1.001 783.89 -0.6623262893429982 0.0
34.0 5.0 Car -1.0 -1.0 -1.0 -1.0 -1.0 -1.0 -1.0 1.946 1.548 4.635 1568.039 0.891 844.312 -2.3497542252559094 0.0
35.0 1.0 Truck -1.0 -1.0 -1.0 -1.0 -1.0 -1.0 -1.0 3.33 4.433 10.795 1601.403 3.082 860.4 -2.888885528425771 0.0
35.0 6.0 Car -1.0 -1.0 -1.0 -1.0 -1.0 -1.0 -1.0 1.963 1.748 4.317 1586.812 1.095 787.481 -0.6196001905849893 0.0
35.0 2.0 Car -1.0 -1.0 -1.0 -1.0 -1.0 -1.0 -1.0 1.685 1.534 4.051 1561.656 0.934 821.224 -1.6193164800024518 0.0
35.0 3.0 Car -1.0 -1.0 -1.0 -1.0 -1.0 -1.0 -1.0 2.035 1.826 4.934 1556.629 0.901 838.348 -2.899951115036741 0.0
35.0 0.0 Car -1.0 -1.0 -1.0 -1.0 -1.0 -1.0 -1.0 1.731 1.502 4.396 1552.289 0.911 811.499 -1.9942545134522067 0.0
35.0 4.0 Car -1.0 -1.0 -1.0 -1.0 -1.0 -1.0 -1.0 1.876 1.881 4.014 1590.974 1.101 781.307 -0.5925565780828239 0.0
35.0 5.0 Car -1.0 -1.0 -1.0 -1.0 -1.0 -1.0 -1.0 1.946 1.548 4.635 1566.029 0.878 842.568 -2.384660810295795 0.0
36.0 1.0 Truck -1.0 -1.0 -1.0 -1.0 -1.0 -1.0 -1.0 3.33 4.433 10.795 1598.348 3.14 859.527 -2.8749198099895734 0.0
36.0 6.0 Car -1.0 -1.0 -1.0 -1.0 -1.0 -1.0 -1.0 1.963 1.748 4.317 1592.342 1.023 783.434 -0.6021468980650462 0.0
36.0 2.0 Car -1.0 -1.0 -1.0 -1.0 -1.0 -1.0 -1.0 1.685 1.534 4.051 1561.686 0.941 816.975 -1.5097082834804234 0.0
36.0 3.0 Car -1.0 -1.0 -1.0 -1.0 -1.0 -1.0 -1.0 2.035 1.826 4.934 1553.745 0.9 838.14 -3.0899078406952527 0.0
36.0 0.0 Car -1.0 -1.0 -1.0 -1.0 -1.0 -1.0 -1.0 1.731 1.502 4.396 1550.984 0.861 808.379 -1.9593415248844661 0.0
36.0 4.0 Car -1.0 -1.0 -1.0 -1.0 -1.0 -1.0 -1.0 1.876 1.881 4.014 1595.184 1.251 778.578 -0.5925565780828239 0.0
36.0 5.0 Car -1.0 -1.0 -1.0 -1.0 -1.0 -1.0 -1.0 1.946 1.548 4.635 1563.786 0.852 840.889 -2.5497019152014966 0.0
37.0 1.0 Truck -1.0 -1.0 -1.0 -1.0 -1.0 -1.0 -1.0 3.33 4.433 10.795 1595.289 3.198 858.652 -2.8609384738820416 0.0
37.0 6.0 Car -1.0 -1.0 -1.0 -1.0 -1.0 -1.0 -1.0 1.963 1.748 4.317 1597.602 1.001 779.9 -0.6021468980650462 0.0
37.0 2.0 Car -1.0 -1.0 -1.0 -1.0 -1.0 -1.0 -1.0 1.685 1.534 4.051 1562.363 0.948 812.773 -1.3650514107984346 0.0
37.0 3.0 Car -1.0 -1.0 -1.0 -1.0 -1.0 -1.0 -1.0 2.035 1.826 4.934 1550.889 0.9 838.487 3.0031083148254796 0.0
37.0 0.0 Car -1.0 -1.0 -1.0 -1.0 -1.0 -1.0 -1.0 1.731 1.502 4.396 1549.838 0.811 805.881 -1.9593415248844661 0.0
37.0 4.0 Car -1.0 -1.0 -1.0 -1.0 -1.0 -1.0 -1.0 1.876 1.881 4.014 1599.398 1.401 775.847 -0.5925565780828239 0.0
37.0 5.0 Car -1.0 -1.0 -1.0 -1.0 -1.0 -1.0 -1.0 1.946 1.548 4.635 1561.101 0.826 839.489 -2.7149275833106628 0.0
38.0 1.0 Truck -1.0 -1.0 -1.0 -1.0 -1.0 -1.0 -1.0 3.33 4.433 10.795 1593.011 3.244 857.846 -2.845424177744858 0.0
38.0 6.0 Car -1.0 -1.0 -1.0 -1.0 -1.0 -1.0 -1.0 1.963 1.748 4.317 1603.527 1.074 775.951 -0.56724031302516 0.0
38.0 2.0 Car -1.0 -1.0 -1.0 -1.0 -1.0 -1.0 -1.0 1.685 1.534 4.051 1563.54 0.954 809.773 -1.1655308744839306 0.0
38.0 3.0 Car -1.0 -1.0 -1.0 -1.0 -1.0 -1.0 -1.0 2.035 1.826 4.934 1548.63 0.899 839.164 2.850968737378175 0.0
38.0 0.0 Car -1.0 -1.0 -1.0 -1.0 -1.0 -1.0 -1.0 1.731 1.502 4.396 1548.942 0.761 803.934 -1.9593415248844661 0.0
38.0 4.0 Car -1.0 -1.0 -1.0 -1.0 -1.0 -1.0 -1.0 1.876 1.881 4.014 1603.575 1.441 773.177 -0.5925565780828239 0.0
38.0 5.0 Car -1.0 -1.0 -1.0 -1.0 -1.0 -1.0 -1.0 1.946 1.548 4.635 1558.775 0.805 838.883 -2.8471118156653987 0.0
