0.0 4.0 Car -1.0 -1.0 -1.0 -1.0 -1.0 -1.0 -1.0 2.034 1.655 5.023 2280.638 0.897 881.744 -3.0923569153855106 0.0
1.0 4.0 Car -1.0 -1.0 -1.0 -1.0 -1.0 -1.0 -1.0 2.034 1.655 5.023 2276.445 0.918 881.584 -3.0923569153855106 1.0
2.0 4.0 Car -1.0 -1.0 -1.0 -1.0 -1.0 -1.0 -1.0 2.034 1.655 5.023 2272.248 0.938 881.424 -3.0923569153855106 1.0
3.0 4.0 Car -1.0 -1.0 -1.0 -1.0 -1.0 -1.0 -1.0 2.034 1.655 5.023 2268.105 0.947 881.305 -3.100864954781937 1.0
4.0 4.0 Car -1.0 -1.0 -1.0 -1.0 -1.0 -1.0 -1.0 2.034 1.655 5.023 2263.959 0.955 881.185 -3.1093820657441045 1.0
5.0 4.0 Car -1.0 -1.0 -1.0 -1.0 -1.0 -1.0 -1.0 2.034 1.655 5.023 2259.812 0.964 881.066 -3.117899142666626 1.0
6.0 4.0 Car -1.0 -1.0 -1.0 -1.0 -1.0 -1.0 -1.0 2.034 1.655 5.023 2255.253 0.973 880.935 -3.127263500425397 1.0
7.0 4.0 Car -1.0 -1.0 -1.0 -1.0 -1.0 -1.0 -1.0 2.034 1.655 5.023 2251.034 0.968 880.836 -3.127263500425397 1.0
8.0 4.0 Car -1.0 -1.0 -1.0 -1.0 -1.0 -1.0 -1.0 2.034 1.655 5.023 2246.82 0.964 880.737 -3.127263500425397 1.0
9.0 4.0 Car -1.0 -1.0 -1.0 -1.0 -1.0 -1.0 -1.0 2.034 1.655 5.023 2242.606 0.959 880.638 -3.127263500425397 1.0
10.0 4.0 Car -1.0 -1.0 -1.0 -1.0 -1.0 -1.0 -1.0 2.034 1.655 5.023 2238.392 0.954 880.54 -3.127263500425397 1.0
11.0 4.0 Car -1.0 -1.0 -1.0 -1.0 -1.0 -1.0 -1.0 2.034 1.655 5.023 2234.178 0.949 880.441 -3.127263500425397 1.0
12.0 4.0 Car -1.0 -1.0 -1.0 -1.0 -1.0 -1.0 -1.0 2.034 1.655 5.023 2229.886 0.947 880.379 -3.1202820577225414 1.0
13.0 4.0 Car -1.0 -1.0 -1.0 -1.0 -1.0 -1.0 -1.0 2.034 1.655 5.023 2226.027 0.946 880.322 -3.1140036823393777 1.0
14.0 4.0 Car -1.0 -1.0 -1.0 -1.0 -1.0 -1.0 -1.0 2.034 1.655 5.023 2221.303 0.944 880.253 -3.1063196890624414 1.0
15.0 4.0 Car -1.0 -1.0 -1.0 -1.0 -1.0 -1.0 -1.0 2.034 1.655 5.023 2217.011 0.942 880.191 -3.099338399986659 1.0
16.0 4.0 Car -1.0 -1.0 -1.0 -1.0 -1.0 -1.0 -1.0 2.034 1.655 5.023 2212.719 0.94 880.128 -3.0923569153855106 1.0
16.0 1.0 Car -1.0 -1.0 -1.0 -1.0 -1.0 -1.0 -1.0 1.778 1.569 4.81 2123.112 1.309 889.62 -1.6475208007161477 0.0
16.0 2.0 Car -1.0 -1.0 -1.0 -1.0 -1.0 -1.0 -1.0 1.854 1.693 4.627 2076.895 1.752 873.32 0.04958480405943444 0.0
17.0 4.0 Car -1.0 -1.0 -1.0 -1.0 -1.0 -1.0 -1.0 2.034 1.655 5.023 2208.337 0.966 880.049 -3.098376599763285 1.0
17.0 1.0 Car -1.0 -1.0 -1.0 -1.0 -1.0 -1.0 -1.0 1.778 1.569 4.81 2123.118 1.272 888.116 -1.6475208007161477 1.0
17.0 2.0 Car -1.0 -1.0 -1.0 -1.0 -1.0 -1.0 -1.0 1.854 1.693 4.627 2079.185 1.713 873.42 0.04958480405943444 1.0
18.0 4.0 Car -1.0 -1.0 -1.0 -1.0 -1.0 -1.0 -1.0 2.034 1.655 5.023 2204.396 0.989 879.977 -3.1037908968444268 1.0
18.0 1.0 Car -1.0 -1.0 -1.0 -1.0 -1.0 -1.0 -1.0 1.778 1.569 4.81 2123.114 1.418 886.644 -1.6475208007161477 1.0
18.0 5.0 Car -1.0 -1.0 -1.0 -1.0 -1.0 -1.0 -1.0 2.054 2.152 4.84 2114.605 1.238 905.087 -0.023741967913573525 0.0
18.0 2.0 Car -1.0 -1.0 -1.0 -1.0 -1.0 -1.0 -1.0 1.854 1.693 4.627 2081.247 1.746 873.479 0.03213151153949112 1.0
19.0 4.0 Car -1.0 -1.0 -1.0 -1.0 -1.0 -1.0 -1.0 2.034 1.655 5.023 2200.014 1.014 879.898 -3.1098102079054537 1.0
19.0 0.0 Car -1.0 -1.0 -1.0 -1.0 -1.0 -1.0 -1.0 1.845 1.646 4.663 2124.758 1.546 894.225 -1.9970057301246897 0.0
19.0 3.0 Car -1.0 -1.0 -1.0 -1.0 -1.0 -1.0 -1.0 2.054 1.976 4.997 2106.21 0.864 896.138 -0.006288675393630206 0.0
19.0 1.0 Car -1.0 -1.0 -1.0 -1.0 -1.0 -1.0 -1.0 1.778 1.569 4.81 2123.096 1.359 885.447 -1.5690277027195811 1.0
19.0 5.0 Car -1.0 -1.0 -1.0 -1.0 -1.0 -1.0 -1.0 2.054 2.152 4.84 2114.042 1.252 905.1 -0.023741967913573525 0.0
19.0 2.0 Car -1.0 -1.0 -1.0 -1.0 -1.0 -1.0 -1.0 1.854 1.693 4.627 2083.535 1.783 873.611 0.04958480405943444 1.0
20.0 4.0 Car -1.0 -1.0 -1.0 -1.0 -1.0 -1.0 -1.0 2.034 1.655 5.023 2195.635 1.006 879.808 -3.1214455812486244 1.0
20.0 0.0 Car -1.0 -1.0 -1.0 -1.0 -1.0 -1.0 -1.0 1.845 1.646 4.663 2124.303 1.458 892.914 -1.9708254512969905 1.0
20.0 3.0 Car -1.0 -1.0 -1.0 -1.0 -1.0 -1.0 -1.0 2.054 1.976 4.997 2106.158 0.856 896.138 -0.006288675393630206 0.0
20.0 1.0 Car -1.0 -1.0 -1.0 -1.0 -1.0 -1.0 -1.0 1.778 1.569 4.81 2123.173 1.299 884.251 -1.4904411680366594 1.0
20.0 5.0 Car -1.0 -1.0 -1.0 -1.0 -1.0 -1.0 -1.0 2.054 2.152 4.84 2113.478 1.265 905.113 -0.023741967913573525 0.0
20.0 2.0 Car -1.0 -1.0 -1.0 -1.0 -1.0 -1.0 -1.0 1.854 1.693 4.627 2085.832 1.673 873.671 0.04376711738784911 1.0
21.0 4.0 Car -1.0 -1.0 -1.0 -1.0 -1.0 -1.0 -1.0 2.034 1.655 5.023 2191.256 0.998 879.717 -3.1330806523350514 1.0
21.0 0.0 Car -1.0 -1.0 -1.0 -1.0 -1.0 -1.0 -1.0 1.845 1.646 4.663 2123.883 1.371 891.592 -1.9446458525648593 0.0
21.0 3.0 Car -1.0 -1.0 -1.0 -1.0 -1.0 -1.0 -1.0 2.054 1.976 4.997 2106.106 0.847 896.139 -0.006288675393630206 0.0
21.0 1.0 Car -1.0 -1.0 -1.0 -1.0 -1.0 -1.0 -1.0 1.778 1.569 4.81 2123.557 1.215 882.667 -1.3554047067398522 1.0
21.0 5.0 Car -1.0 -1.0 -1.0 -1.0 -1.0 -1.0 -1.0 2.054 2.152 4.84 2112.913 1.279 905.127 -0.023741967913573525 1.0
21.0 2.0 Car -1.0 -1.0 -1.0 -1.0 -1.0 -1.0 -1.0 1.854 1.693 4.627 2088.128 1.562 873.731 0.037949581844635594 1.0
22.0 4.0 Car -1.0 -1.0 -1.0 -1.0 -1.0 -1.0 -1.0 2.034 1.655 5.023 2186.877 0.989 879.627 3.1384685142342463 1.0
22.0 0.0 Car -1.0 -1.0 -1.0 -1.0 -1.0 -1.0 -1.0 1.845 1.646 4.663 2123.366 1.246 890.496 -1.9446458525648593 0.0
22.0 3.0 Car -1.0 -1.0 -1.0 -1.0 -1.0 -1.0 -1.0 2.054 1.976 4.997 2106.078 0.822 896.139 -0.006288675393630206 1.0
22.0 1.0 Car -1.0 -1.0 -1.0 -1.0 -1.0 -1.0 -1.0 1.778 1.569 4.81 2124.065 1.13 881.655 -1.1854462481071246 1.0
22.0 5.0 Car -1.0 -1.0 -1.0 -1.0 -1.0 -1.0 -1.0 2.054 2.152 4.84 2112.349 1.292 905.14 -0.023741967913573525 1.0
22.0 2.0 Car -1.0 -1.0 -1.0 -1.0 -1.0 -1.0 -1.0 1.854 1.693 4.627 2090.425 1.452 873.791 0.03213151153949112 1.0
23.0 4.0 Car -1.0 -1.0 -1.0 -1.0 -1.0 -1.0 -1.0 2.034 1.655 5.023 2182.416 0.953 879.559 3.134977377108082 1.0
23.0 0.0 Car -1.0 -1.0 -1.0 -1.0 -1.0 -1.0 -1.0 1.845 1.646 4.663 2122.849 1.121 889.4 -1.9446458525648593 0.0
23.0 3.0 Car -1.0 -1.0 -1.0 -1.0 -1.0 -1.0 -1.0 2.054 1.976 4.997 2106.05 0.797 896.139 -0.006288675393630206 1.0
23.0 1.0 Car -1.0 -1.0 -1.0 -1.0 -1.0 -1.0 -1.0 1.778 1.569 4.81 2124.896 1.045 879.995 -1.0155183533891265 1.0
23.0 5.0 Car -1.0 -1.0 -1.0 -1.0 -1.0 -1.0 -1.0 2.054 2.152 4.84 2113.285 1.306 905.118 -0.023741967913573525 1.0
23.0 2.0 Car -1.0 -1.0 -1.0 -1.0 -1.0 -1.0 -1.0 1.854 1.693 4.627 2092.722 1.341 873.819 0.06703914292311253 1.0
24.0 4.0 Car -1.0 -1.0 -1.0 -1.0 -1.0 -1.0 -1.0 2.034 1.655 5.023 2177.954 0.916 879.491 3.13148582136194 1.0
24.0 0.0 Car -1.0 -1.0 -1.0 -1.0 -1.0 -1.0 -1.0 1.845 1.646 4.663 2122.664 1.073 888.952 -1.9059849833577165 0.0
24.0 3.0 Car -1.0 -1.0 -1.0 -1.0 -1.0 -1.0 -1.0 2.054 1.976 4.997 2106.022 0.772 896.139 -0.006288675393630206 1.0
24.0 1.0 Car -1.0 -1.0 -1.0 -1.0 -1.0 -1.0 -1.0 1.778 1.569 4.81 2125.996 0.961 878.499 -0.845570082727976 1.0
24.0 5.0 Car -1.0 -1.0 -1.0 -1.0 -1.0 -1.0 -1.0 2.054 2.152 4.84 2113.631 1.238 905.11 -0.023741967913573525 0.0
24.0 2.0 Car -1.0 -1.0 -1.0 -1.0 -1.0 -1.0 -1.0 1.854 1.693 4.627 2095.021 1.231 873.815 0.03213151153949112 1.0
25.0 4.0 Car -1.0 -1.0 -1.0 -1.0 -1.0 -1.0 -1.0 2.034 1.655 5.023 2173.044 0.876 879.416 3.127643287648877 1.0
25.0 0.0 Car -1.0 -1.0 -1.0 -1.0 -1.0 -1.0 -1.0 1.845 1.646 4.663 2122.482 1.02 888.451 -1.8634378484683805 0.0
25.0 3.0 Car -1.0 -1.0 -1.0 -1.0 -1.0 -1.0 -1.0 2.054 1.976 4.997 2105.991 0.745 896.139 -0.006288675393630206 0.0
25.0 1.0 Car -1.0 -1.0 -1.0 -1.0 -1.0 -1.0 -1.0 1.778 1.569 4.81 2127.607 0.909 877.282 -0.6999757869946955 1.0
25.0 5.0 Car -1.0 -1.0 -1.0 -1.0 -1.0 -1.0 -1.0 2.054 2.152 4.84 2114.011 1.162 905.101 -0.023741967913573525 0.0
25.0 2.0 Car -1.0 -1.0 -1.0 -1.0 -1.0 -1.0 -1.0 1.854 1.693 4.627 2095.844 1.175 873.761 -0.07034951864978223 1.0
26.0 4.0 Car -1.0 -1.0 -1.0 -1.0 -1.0 -1.0 -1.0 2.034 1.655 5.023 2168.587 0.839 879.348 3.124155541344538 1.0
26.0 0.0 Car -1.0 -1.0 -1.0 -1.0 -1.0 -1.0 -1.0 1.845 1.646 4.663 2122.334 0.971 887.99 -1.824819159980102 0.0
26.0 3.0 Car -1.0 -1.0 -1.0 -1.0 -1.0 -1.0 -1.0 2.054 1.976 4.997 2105.964 0.72 896.14 -0.006288675393630206 1.0
26.0 1.0 Car -1.0 -1.0 -1.0 -1.0 -1.0 -1.0 -1.0 1.778 1.569 4.81 2129.323 0.862 876.363 -0.5461626724156998 1.0
26.0 5.0 Car -1.0 -1.0 -1.0 -1.0 -1.0 -1.0 -1.0 2.054 2.152 4.84 2114.356 1.094 905.092 -0.023741967913573525 0.0
26.0 2.0 Car -1.0 -1.0 -1.0 -1.0 -1.0 -1.0 -1.0 1.854 1.693 4.627 2096.583 1.125 873.64 -0.16336830807311783 1.0
27.0 4.0 Car -1.0 -1.0 -1.0 -1.0 -1.0 -1.0 -1.0 2.034 1.655 5.023 2164.575 0.806 879.287 3.121015221714303 0.0
27.0 0.0 Car -1.0 -1.0 -1.0 -1.0 -1.0 -1.0 -1.0 1.845 1.646 4.663 2122.366 0.971 887.898 -1.8159004076659608 0.0
27.0 3.0 Car -1.0 -1.0 -1.0 -1.0 -1.0 -1.0 -1.0 2.054 1.976 4.997 2105.939 0.697 896.14 -0.006288675393630206 0.0
27.0 1.0 Car -1.0 -1.0 -1.0 -1.0 -1.0 -1.0 -1.0 1.778 1.569 4.81 2130.989 0.819 875.7 -0.4076714230667453 0.0
27.0 5.0 Car -1.0 -1.0 -1.0 -1.0 -1.0 -1.0 -1.0 2.054 2.152 4.84 2114.5 1.048 905.089 -0.023741967913573525 0.0
27.0 2.0 Car -1.0 -1.0 -1.0 -1.0 -1.0 -1.0 -1.0 1.854 1.693 4.627 2097.235 1.079 873.472 -0.24712116877960197 0.0
28.0 4.0 Car -1.0 -1.0 -1.0 -1.0 -1.0 -1.0 -1.0 2.034 1.655 5.023 2160.225 0.826 879.17 3.121015221714303 0.0
28.0 0.0 Car -1.0 -1.0 -1.0 -1.0 -1.0 -1.0 -1.0 1.845 1.646 4.663 2122.404 0.971 887.786 -1.805019512405313 0.0
28.0 3.0 Car -1.0 -1.0 -1.0 -1.0 -1.0 -1.0 -1.0 2.054 1.976 4.997 2106.463 0.697 896.137 -0.006288675393630206 0.0
28.0 1.0 Car -1.0 -1.0 -1.0 -1.0 -1.0 -1.0 -1.0 1.778 1.569 4.81 2133.398 0.768 875.119 -0.23871182809145286 0.0
28.0 5.0 Car -1.0 -1.0 -1.0 -1.0 -1.0 -1.0 -1.0 2.054 2.152 4.84 2114.675 0.992 905.085 -0.023741967913573525 0.0
28.0 2.0 Car -1.0 -1.0 -1.0 -1.0 -1.0 -1.0 -1.0 1.854 1.693 4.627 2098.042 1.06 873.15 -0.2931760865179527 0.0
29.0 4.0 Car -1.0 -1.0 -1.0 -1.0 -1.0 -1.0 -1.0 2.034 1.655 5.023 2156.271 0.843 879.065 3.121015221714303 0.0
29.0 0.0 Car -1.0 -1.0 -1.0 -1.0 -1.0 -1.0 -1.0 1.845 1.646 4.663 2122.419 0.951 887.763 -1.805019512405313 0.0
29.0 3.0 Car -1.0 -1.0 -1.0 -1.0 -1.0 -1.0 -1.0 2.054 1.976 4.997 2106.933 0.697 896.134 -0.006288675393630206 0.0
29.0 1.0 Car -1.0 -1.0 -1.0 -1.0 -1.0 -1.0 -1.0 1.778 1.569 4.81 2135.593 0.752 874.728 -0.1694762796960709 0.0
29.0 5.0 Car -1.0 -1.0 -1.0 -1.0 -1.0 -1.0 -1.0 2.054 2.152 4.84 2114.835 0.942 905.081 -0.023741967913573525 0.0
29.0 2.0 Car -1.0 -1.0 -1.0 -1.0 -1.0 -1.0 -1.0 1.854 1.693 4.627 2098.324 1.043 872.816 -0.3350526492455279 0.0
30.0 4.0 Car -1.0 -1.0 -1.0 -1.0 -1.0 -1.0 -1.0 2.034 1.655 5.023 2152.316 0.861 878.959 3.121015221714303 0.0
30.0 0.0 Car -1.0 -1.0 -1.0 -1.0 -1.0 -1.0 -1.0 1.845 1.646 4.663 2122.433 0.931 887.739 -1.805019512405313 0.0
30.0 3.0 Car -1.0 -1.0 -1.0 -1.0 -1.0 -1.0 -1.0 2.054 1.976 4.997 2107.403 0.697 896.131 -0.006288675393630206 0.0
30.0 1.0 Car -1.0 -1.0 -1.0 -1.0 -1.0 -1.0 -1.0 1.778 1.569 4.81 2138.496 0.735 874.422 -0.10023809665607829 0.0
30.0 5.0 Car -1.0 -1.0 -1.0 -1.0 -1.0 -1.0 -1.0 2.054 2.152 4.84 2114.995 0.891 905.077 -0.023741967913573525 0.0
30.0 2.0 Car -1.0 -1.0 -1.0 -1.0 -1.0 -1.0 -1.0 1.854 1.693 4.627 2098.592 1.026 872.471 -0.37693080551663494 0.0
31.0 4.0 Car -1.0 -1.0 -1.0 -1.0 -1.0 -1.0 -1.0 2.034 1.655 5.023 2148.755 0.877 878.864 3.121015221714303 0.0
31.0 0.0 Car -1.0 -1.0 -1.0 -1.0 -1.0 -1.0 -1.0 1.845 1.646 4.663 2122.446 0.912 887.718 -1.805019512405313 0.0
31.0 3.0 Car -1.0 -1.0 -1.0 -1.0 -1.0 -1.0 -1.0 2.054 1.976 4.997 2107.826 0.697 896.128 -0.006288675393630206 0.0
31.0 1.0 Car -1.0 -1.0 -1.0 -1.0 -1.0 -1.0 -1.0 1.778 1.569 4.81 2141.29 0.721 874.227 -0.0378979678691016 0.0
31.0 5.0 Car -1.0 -1.0 -1.0 -1.0 -1.0 -1.0 -1.0 2.054 2.152 4.84 2115.139 0.845 905.074 -0.023741967913573525 0.0
31.0 2.0 Car -1.0 -1.0 -1.0 -1.0 -1.0 -1.0 -1.0 1.854 1.693 4.627 2098.872 1.011 872.286 -0.4146367293389568 0.0
32.0 4.0 Car -1.0 -1.0 -1.0 -1.0 -1.0 -1.0 -1.0 2.034 1.655 5.023 2144.796 0.894 878.758 3.121015221714303 0.0
32.0 0.0 Car -1.0 -1.0 -1.0 -1.0 -1.0 -1.0 -1.0 1.845 1.646 4.663 2122.461 0.892 887.694 -1.805019512405313 0.0
32.0 3.0 Car -1.0 -1.0 -1.0 -1.0 -1.0 -1.0 -1.0 2.054 1.976 4.997 2108.296 0.697 896.125 -0.006288675393630206 0.0
32.0 1.0 Car -1.0 -1.0 -1.0 -1.0 -1.0 -1.0 -1.0 1.778 1.569 4.81 2144.615 0.755 874.283 0.03141592653707414 0.0
32.0 5.0 Car -1.0 -1.0 -1.0 -1.0 -1.0 -1.0 -1.0 2.054 2.152 4.84 2115.594 0.825 905.063 -0.023741967913573525 0.0
32.0 2.0 Car -1.0 -1.0 -1.0 -1.0 -1.0 -1.0 -1.0 1.854 1.693 4.627 2099.175 0.993 872.068 -0.45656067901892167 0.0
33.0 4.0 Car -1.0 -1.0 -1.0 -1.0 -1.0 -1.0 -1.0 2.034 1.655 5.023 2141.271 0.877 878.676 3.121015221714303 0.0
33.0 3.0 Car -1.0 -1.0 -1.0 -1.0 -1.0 -1.0 -1.0 2.054 1.976 4.997 2108.766 0.697 896.122 -0.006288675393630206 0.0
33.0 1.0 Car -1.0 -1.0 -1.0 -1.0 -1.0 -1.0 -1.0 1.778 1.569 4.81 2148.359 0.739 874.314 0.03141592653707414 0.0
33.0 5.0 Car -1.0 -1.0 -1.0 -1.0 -1.0 -1.0 -1.0 2.054 2.152 4.84 2116.049 0.805 905.052 -0.023741967913573525 0.0
33.0 2.0 Car -1.0 -1.0 -1.0 -1.0 -1.0 -1.0 -1.0 1.854 1.693 4.627 2099.544 0.986 871.809 -0.5113284262827317 0.0
34.0 4.0 Car -1.0 -1.0 -1.0 -1.0 -1.0 -1.0 -1.0 2.034 1.655 5.023 2137.742 0.859 878.594 3.121015221714303 0.0
34.0 3.0 Car -1.0 -1.0 -1.0 -1.0 -1.0 -1.0 -1.0 2.054 1.976 4.997 2109.416 0.697 896.118 -0.006288675393630206 0.0
34.0 1.0 Car -1.0 -1.0 -1.0 -1.0 -1.0 -1.0 -1.0 1.778 1.569 4.81 2152.346 0.723 874.664 0.03141592653707414 0.0
34.0 5.0 Car -1.0 -1.0 -1.0 -1.0 -1.0 -1.0 -1.0 2.054 2.152 4.84 2116.504 0.785 905.041 -0.023741967913573525 0.0
34.0 2.0 Car -1.0 -1.0 -1.0 -1.0 -1.0 -1.0 -1.0 1.854 1.693 4.627 2099.916 0.979 871.831 -0.47888915848787983 0.0
35.0 4.0 Car -1.0 -1.0 -1.0 -1.0 -1.0 -1.0 -1.0 2.034 1.655 5.023 2134.117 0.867 878.555 3.1402136186533083 0.0
35.0 3.0 Car -1.0 -1.0 -1.0 -1.0 -1.0 -1.0 -1.0 2.054 1.976 4.997 2110.057 0.697 896.114 -0.006288675393630206 0.0
35.0 1.0 Car -1.0 -1.0 -1.0 -1.0 -1.0 -1.0 -1.0 1.778 1.569 4.81 2157.279 0.705 874.895 0.03141592653707414 0.0
35.0 5.0 Car -1.0 -1.0 -1.0 -1.0 -1.0 -1.0 -1.0 2.054 2.152 4.84 2116.737 1.135 905.036 -0.023741967913573525 0.0
35.0 2.0 Car -1.0 -1.0 -1.0 -1.0 -1.0 -1.0 -1.0 1.854 1.693 4.627 2100.08 0.971 871.562 -0.5585109770934196 0.0
36.0 4.0 Car -1.0 -1.0 -1.0 -1.0 -1.0 -1.0 -1.0 2.034 1.655 5.023 2131.152 0.874 878.523 -3.127263500425397 0.0
36.0 3.0 Car -1.0 -1.0 -1.0 -1.0 -1.0 -1.0 -1.0 2.054 1.976 4.997 2110.437 0.697 896.112 -0.006288675393630206 0.0
36.0 1.0 Car -1.0 -1.0 -1.0 -1.0 -1.0 -1.0 -1.0 1.778 1.569 4.81 2161.576 0.654 875.138 0.03141592653707414 0.0
36.0 2.0 Car -1.0 -1.0 -1.0 -1.0 -1.0 -1.0 -1.0 1.854 1.693 4.627 2100.26 0.965 871.352 -0.5712979192166953 0.0
37.0 4.0 Car -1.0 -1.0 -1.0 -1.0 -1.0 -1.0 -1.0 2.034 1.655 5.023 2127.993 0.888 878.471 -3.1388951119422797 0.0
37.0 3.0 Car -1.0 -1.0 -1.0 -1.0 -1.0 -1.0 -1.0 2.054 1.976 4.997 2110.859 0.697 896.109 -0.006288675393630206 0.0
37.0 1.0 Car -1.0 -1.0 -1.0 -1.0 -1.0 -1.0 -1.0 1.778 1.569 4.81 2166.342 0.598 875.409 0.03141592653707414 0.0
37.0 2.0 Car -1.0 -1.0 -1.0 -1.0 -1.0 -1.0 -1.0 1.854 1.693 4.627 2100.636 0.958 870.975 -0.6610127737100995 0.0
38.0 4.0 Car -1.0 -1.0 -1.0 -1.0 -1.0 -1.0 -1.0 2.034 1.655 5.023 2124.83 0.902 878.42 3.1326464376701617 0.0
38.0 3.0 Car -1.0 -1.0 -1.0 -1.0 -1.0 -1.0 -1.0 2.054 1.976 4.997 2111.281 0.772 896.106 -0.006288675393630206 0.0
38.0 1.0 Car -1.0 -1.0 -1.0 -1.0 -1.0 -1.0 -1.0 1.778 1.569 4.81 2171.21 0.645 875.588 0.03141592653707414 0.0
38.0 2.0 Car -1.0 -1.0 -1.0 -1.0 -1.0 -1.0 -1.0 1.854 1.693 4.627 2101.086 0.901 870.518 -0.7508213109344304 0.0
