0.0 5.0 Car -1.0 -1.0 -1.0 -1.0 -1.0 -1.0 -1.0 1.806 1.544 4.54 557.346 0.734 1538.39 2.570416202574229 0.0
0.0 0.0 Car -1.0 -1.0 -1.0 -1.0 -1.0 -1.0 -1.0 1.755 1.564 4.261 592.436 0.948 1516.14 2.5982192974593135 0.0
0.0 3.0 Car -1.0 -1.0 -1.0 -1.0 -1.0 -1.0 -1.0 2.051 2.554 5.698 559.071 1.239 1527.63 -0.5002811767881408 0.0
0.0 4.0 Car -1.0 -1.0 -1.0 -1.0 -1.0 -1.0 -1.0 1.738 1.524 4.296 561.279 0.771 1531.705 2.552962910054286 0.0
0.0 7.0 Car -1.0 -1.0 -1.0 -1.0 -1.0 -1.0 -1.0 1.763 1.706 4.962 573.287 0.969 1524.295 2.611605972945803 0.0
1.0 5.0 Car -1.0 -1.0 -1.0 -1.0 -1.0 -1.0 -1.0 1.806 1.544 4.54 554.378 0.773 1540.391 2.561684749436721 1.0
1.0 0.0 Car -1.0 -1.0 -1.0 -1.0 -1.0 -1.0 -1.0 1.755 1.564 4.261 590.477 0.923 1517.344 2.589492651199342 1.0
1.0 3.0 Car -1.0 -1.0 -1.0 -1.0 -1.0 -1.0 -1.0 2.051 2.554 5.698 562.468 1.22 1525.792 -0.5002811767881408 1.0
1.0 4.0 Car -1.0 -1.0 -1.0 -1.0 -1.0 -1.0 -1.0 1.738 1.524 4.296 558.339 0.729 1533.61 2.535509617534343 1.0
1.0 7.0 Car -1.0 -1.0 -1.0 -1.0 -1.0 -1.0 -1.0 1.763 1.706 4.962 570.912 0.944 1525.737 2.611605972945803 1.0
2.0 5.0 Car -1.0 -1.0 -1.0 -1.0 -1.0 -1.0 -1.0 1.806 1.544 4.54 551.413 0.997 1542.39 2.552962910054286 1.0
2.0 0.0 Car -1.0 -1.0 -1.0 -1.0 -1.0 -1.0 -1.0 1.755 1.564 4.261 588.234 0.948 1518.758 2.5807660049393704 1.0
2.0 3.0 Car -1.0 -1.0 -1.0 -1.0 -1.0 -1.0 -1.0 2.051 2.554 5.698 565.951 1.394 1523.888 -0.5002811767881408 1.0
2.0 4.0 Car -1.0 -1.0 -1.0 -1.0 -1.0 -1.0 -1.0 1.738 1.524 4.296 555.235 0.779 1535.689 2.535509617534343 1.0
2.0 7.0 Car -1.0 -1.0 -1.0 -1.0 -1.0 -1.0 -1.0 1.763 1.706 4.962 568.333 0.919 1527.315 2.6028793266858314 1.0
3.0 5.0 Car -1.0 -1.0 -1.0 -1.0 -1.0 -1.0 -1.0 1.806 1.544 4.54 548.015 1.076 1544.775 2.534640985504594 1.0
3.0 0.0 Car -1.0 -1.0 -1.0 -1.0 -1.0 -1.0 -1.0 1.755 1.564 4.261 585.369 0.948 1520.572 2.5807660049393704 1.0
3.0 3.0 Car -1.0 -1.0 -1.0 -1.0 -1.0 -1.0 -1.0 2.051 2.554 5.698 570.132 1.527 1521.577 -0.5094421390629867 0.0
3.0 4.0 Car -1.0 -1.0 -1.0 -1.0 -1.0 -1.0 -1.0 1.738 1.524 4.296 551.786 0.979 1538.077 2.535509617534343 1.0
3.0 7.0 Car -1.0 -1.0 -1.0 -1.0 -1.0 -1.0 -1.0 1.763 1.706 4.962 565.171 0.994 1529.32 2.576699387905917 1.0
4.0 5.0 Car -1.0 -1.0 -1.0 -1.0 -1.0 -1.0 -1.0 1.806 1.544 4.54 544.732 1.197 1547.119 2.5180563250143995 1.0
4.0 0.0 Car -1.0 -1.0 -1.0 -1.0 -1.0 -1.0 -1.0 1.755 1.564 4.261 582.628 0.948 1522.292 2.5807660049393704 1.0
4.0 3.0 Car -1.0 -1.0 -1.0 -1.0 -1.0 -1.0 -1.0 2.051 2.554 5.698 573.824 1.592 1519.536 -0.517734469308084 0.0
4.0 4.0 Car -1.0 -1.0 -1.0 -1.0 -1.0 -1.0 -1.0 1.738 1.524 4.296 548.464 1.229 1540.27 2.535509617534343 1.0
4.0 7.0 Car -1.0 -1.0 -1.0 -1.0 -1.0 -1.0 -1.0 1.763 1.706 4.962 561.991 0.969 1531.305 2.576699387905917 1.0
5.0 5.0 Car -1.0 -1.0 -1.0 -1.0 -1.0 -1.0 -1.0 1.806 1.544 4.54 541.81 1.247 1549.293 2.5180563250143995 1.0
5.0 0.0 Car -1.0 -1.0 -1.0 -1.0 -1.0 -1.0 -1.0 1.755 1.564 4.261 580.105 0.995 1523.851 2.589035246369958 1.0
5.0 3.0 Car -1.0 -1.0 -1.0 -1.0 -1.0 -1.0 -1.0 2.051 2.554 5.698 577.302 1.716 1517.571 -0.517734469308084 0.0
5.0 4.0 Car -1.0 -1.0 -1.0 -1.0 -1.0 -1.0 -1.0 1.738 1.524 4.296 545.444 1.254 1542.361 2.535509617534343 1.0
5.0 7.0 Car -1.0 -1.0 -1.0 -1.0 -1.0 -1.0 -1.0 1.763 1.706 4.962 559.056 0.944 1533.215 2.5592460953859733 1.0
6.0 5.0 Car -1.0 -1.0 -1.0 -1.0 -1.0 -1.0 -1.0 1.806 1.544 4.54 538.447 1.197 1551.754 2.5180563250143995 1.0
6.0 0.0 Car -1.0 -1.0 -1.0 -1.0 -1.0 -1.0 -1.0 1.755 1.564 4.261 577.211 1.048 1525.644 2.5982192974593135 1.0
6.0 3.0 Car -1.0 -1.0 -1.0 -1.0 -1.0 -1.0 -1.0 2.051 2.554 5.698 581.257 1.94 1515.236 -0.517734469308084 0.0
6.0 4.0 Car -1.0 -1.0 -1.0 -1.0 -1.0 -1.0 -1.0 1.738 1.524 4.296 541.938 1.229 1544.718 2.535509617534343 1.0
6.0 7.0 Car -1.0 -1.0 -1.0 -1.0 -1.0 -1.0 -1.0 1.763 1.706 4.962 555.613 0.944 1535.442 2.5592460953859733 1.0
7.0 5.0 Car -1.0 -1.0 -1.0 -1.0 -1.0 -1.0 -1.0 1.806 1.544 4.54 535.058 1.197 1554.297 2.5180563250143995 1.0
7.0 0.0 Car -1.0 -1.0 -1.0 -1.0 -1.0 -1.0 -1.0 1.755 1.564 4.261 574.366 1.023 1527.361 2.5982192974593135 1.0
7.0 3.0 Car -1.0 -1.0 -1.0 -1.0 -1.0 -1.0 -1.0 2.051 2.554 5.698 585.391 2.114 1512.799 -0.517734469308084 0.0
7.0 4.0 Car -1.0 -1.0 -1.0 -1.0 -1.0 -1.0 -1.0 1.738 1.524 4.296 538.357 1.204 1547.235 2.535509617534343 1.0
7.0 7.0 Car -1.0 -1.0 -1.0 -1.0 -1.0 -1.0 -1.0 1.763 1.706 4.962 552.007 1.01 1537.91 2.550508509447726 1.0
8.0 5.0 Car -1.0 -1.0 -1.0 -1.0 -1.0 -1.0 -1.0 1.806 1.544 4.54 531.498 1.197 1556.963 2.5180563250143995 1.0
8.0 0.0 Car -1.0 -1.0 -1.0 -1.0 -1.0 -1.0 -1.0 1.755 1.564 4.261 571.453 0.998 1529.121 2.5982192974593135 1.0
8.0 3.0 Car -1.0 -1.0 -1.0 -1.0 -1.0 -1.0 -1.0 2.051 2.554 5.698 589.571 2.189 1510.272 -0.517734469308084 0.0
8.0 1.0 Car -1.0 -1.0 -1.0 -1.0 -1.0 -1.0 -1.0 2.022 1.932 5.908 508.884 1.652 1557.317 -0.552780680643072 0.0
8.0 4.0 Car -1.0 -1.0 -1.0 -1.0 -1.0 -1.0 -1.0 1.738 1.524 4.296 534.591 1.179 1549.917 2.535509617534343 1.0
8.0 7.0 Car -1.0 -1.0 -1.0 -1.0 -1.0 -1.0 -1.0 1.763 1.706 4.962 548.409 1.126 1540.372 2.5417898160402186 1.0
9.0 5.0 Car -1.0 -1.0 -1.0 -1.0 -1.0 -1.0 -1.0 1.806 1.544 4.54 527.613 1.147 1559.64 2.535518717697771 1.0
9.0 0.0 Car -1.0 -1.0 -1.0 -1.0 -1.0 -1.0 -1.0 1.755 1.564 4.261 568.464 0.898 1530.941 2.5982192974593135 1.0
9.0 3.0 Car -1.0 -1.0 -1.0 -1.0 -1.0 -1.0 -1.0 2.051 2.554 5.698 593.973 2.313 1507.697 -0.5351877618280269 0.0
9.0 1.0 Car -1.0 -1.0 -1.0 -1.0 -1.0 -1.0 -1.0 2.022 1.932 5.908 513.628 1.327 1554.399 -0.570233973163015 1.0
9.0 4.0 Car -1.0 -1.0 -1.0 -1.0 -1.0 -1.0 -1.0 1.738 1.524 4.296 530.476 1.204 1552.626 2.535509617534343 1.0
9.0 7.0 Car -1.0 -1.0 -1.0 -1.0 -1.0 -1.0 -1.0 1.763 1.706 4.962 544.768 1.142 1542.781 2.533061606524344 1.0
10.0 5.0 Car -1.0 -1.0 -1.0 -1.0 -1.0 -1.0 -1.0 1.806 1.544 4.54 524.013 1.097 1562.118 2.552962910054286 1.0
10.0 0.0 Car -1.0 -1.0 -1.0 -1.0 -1.0 -1.0 -1.0 1.755 1.564 4.261 565.282 0.748 1532.922 2.5982192974593135 1.0
10.0 3.0 Car -1.0 -1.0 -1.0 -1.0 -1.0 -1.0 -1.0 2.051 2.554 5.698 598.167 2.237 1505.179 -0.5526410543479701 0.0
10.0 1.0 Car -1.0 -1.0 -1.0 -1.0 -1.0 -1.0 -1.0 2.022 1.932 5.908 518.09 1.302 1551.566 -0.570233973163015 1.0
10.0 4.0 Car -1.0 -1.0 -1.0 -1.0 -1.0 -1.0 -1.0 1.738 1.524 4.296 526.021 1.179 1555.604 2.535509617534343 1.0
10.0 6.0 Truck -1.0 -1.0 -1.0 -1.0 -1.0 -1.0 -1.0 2.83 3.244 10.093 465.18 2.323 1582.571 -0.5686108169452027 0.0
10.0 7.0 Car -1.0 -1.0 -1.0 -1.0 -1.0 -1.0 -1.0 1.763 1.706 4.962 541.062 1.091 1545.331 2.5243395103460866 1.0
11.0 5.0 Car -1.0 -1.0 -1.0 -1.0 -1.0 -1.0 -1.0 1.806 1.544 4.54 520.052 1.072 1564.845 2.552962910054286 1.0
11.0 0.0 Car -1.0 -1.0 -1.0 -1.0 -1.0 -1.0 -1.0 1.755 1.564 4.261 561.896 0.548 1535.026 2.5982192974593135 1.0
11.0 3.0 Car -1.0 -1.0 -1.0 -1.0 -1.0 -1.0 -1.0 2.051 2.554 5.698 602.424 2.261 1502.437 -0.5526410543479701 0.0
11.0 1.0 Car -1.0 -1.0 -1.0 -1.0 -1.0 -1.0 -1.0 2.022 1.932 5.908 522.551 1.277 1548.734 -0.570233973163015 0.0
11.0 4.0 Car -1.0 -1.0 -1.0 -1.0 -1.0 -1.0 -1.0 1.738 1.524 4.296 521.442 1.154 1558.66 2.552962910054286 1.0
11.0 6.0 Truck -1.0 -1.0 -1.0 -1.0 -1.0 -1.0 -1.0 2.83 3.244 10.093 469.544 2.264 1580.439 -0.5686108169452027 1.0
11.0 7.0 Car -1.0 -1.0 -1.0 -1.0 -1.0 -1.0 -1.0 1.763 1.706 4.962 537.25 1.031 1548.061 2.515612864086115 1.0
12.0 5.0 Car -1.0 -1.0 -1.0 -1.0 -1.0 -1.0 -1.0 1.806 1.544 4.54 516.168 1.097 1567.52 2.552962910054286 1.0
12.0 0.0 Car -1.0 -1.0 -1.0 -1.0 -1.0 -1.0 -1.0 1.755 1.564 4.261 558.479 0.573 1537.192 2.58076607476902 1.0
12.0 3.0 Car -1.0 -1.0 -1.0 -1.0 -1.0 -1.0 -1.0 2.051 2.554 5.698 606.697 2.485 1499.868 -0.5351877618280269 0.0
12.0 1.0 Car -1.0 -1.0 -1.0 -1.0 -1.0 -1.0 -1.0 2.022 1.932 5.908 527.114 1.227 1545.835 -0.570233973163015 0.0
12.0 4.0 Car -1.0 -1.0 -1.0 -1.0 -1.0 -1.0 -1.0 1.738 1.524 4.296 516.619 1.154 1561.774 2.561689521399433 1.0
12.0 6.0 Truck -1.0 -1.0 -1.0 -1.0 -1.0 -1.0 -1.0 2.83 3.244 10.093 473.646 2.205 1577.899 -0.5686108169452027 1.0
12.0 7.0 Car -1.0 -1.0 -1.0 -1.0 -1.0 -1.0 -1.0 1.763 1.706 4.962 533.528 1.044 1550.833 2.4894329253062 1.0
13.0 5.0 Car -1.0 -1.0 -1.0 -1.0 -1.0 -1.0 -1.0 1.806 1.544 4.54 512.101 1.097 1570.259 2.5616897658073983 1.0
13.0 0.0 Car -1.0 -1.0 -1.0 -1.0 -1.0 -1.0 -1.0 1.755 1.564 4.261 555.14 0.598 1539.372 2.5633127124194273 1.0
13.0 3.0 Car -1.0 -1.0 -1.0 -1.0 -1.0 -1.0 -1.0 2.051 2.554 5.698 611.017 2.509 1497.179 -0.5526410543479701 0.0
13.0 1.0 Car -1.0 -1.0 -1.0 -1.0 -1.0 -1.0 -1.0 2.022 1.932 5.908 531.61 1.177 1542.98 -0.570233973163015 0.0
13.0 4.0 Car -1.0 -1.0 -1.0 -1.0 -1.0 -1.0 -1.0 1.738 1.524 4.296 511.662 1.154 1565.009 2.570416202574229 1.0
13.0 6.0 Truck -1.0 -1.0 -1.0 -1.0 -1.0 -1.0 -1.0 2.83 3.244 10.093 477.054 2.146 1575.884 -0.5686108169452027 1.0
13.0 7.0 Car -1.0 -1.0 -1.0 -1.0 -1.0 -1.0 -1.0 1.763 1.706 4.962 529.541 1.069 1553.698 2.5243395103460866 1.0
14.0 5.0 Car -1.0 -1.0 -1.0 -1.0 -1.0 -1.0 -1.0 1.806 1.544 4.54 507.966 1.097 1572.893 2.570416202574229 1.0
14.0 0.0 Car -1.0 -1.0 -1.0 -1.0 -1.0 -1.0 -1.0 1.755 1.564 4.261 551.909 0.723 1541.571 2.5633127124194273 1.0
14.0 3.0 Car -1.0 -1.0 -1.0 -1.0 -1.0 -1.0 -1.0 2.051 2.554 5.698 615.372 2.633 1494.518 -0.5526410543479701 0.0
14.0 1.0 Car -1.0 -1.0 -1.0 -1.0 -1.0 -1.0 -1.0 2.022 1.932 5.908 536.652 1.077 1539.774 -0.552780680643072 0.0
14.0 4.0 Car -1.0 -1.0 -1.0 -1.0 -1.0 -1.0 -1.0 1.738 1.524 4.296 506.498 1.129 1568.236 2.5878694950941727 1.0
14.0 6.0 Truck -1.0 -1.0 -1.0 -1.0 -1.0 -1.0 -1.0 2.83 3.244 10.093 482.394 2.087 1572.635 -0.5686108169452027 1.0
14.0 7.0 Car -1.0 -1.0 -1.0 -1.0 -1.0 -1.0 -1.0 1.763 1.706 4.962 525.392 1.063 1556.507 2.5592460953859733 1.0
15.0 5.0 Car -1.0 -1.0 -1.0 -1.0 -1.0 -1.0 -1.0 1.806 1.544 4.54 503.248 1.045 1575.86 2.57955170456923 1.0
15.0 0.0 Car -1.0 -1.0 -1.0 -1.0 -1.0 -1.0 -1.0 1.755 1.564 4.261 548.416 0.748 1543.907 2.5633127124194273 1.0
15.0 1.0 Car -1.0 -1.0 -1.0 -1.0 -1.0 -1.0 -1.0 2.022 1.932 5.908 541.517 0.977 1536.82 -0.552780680643072 0.0
15.0 4.0 Car -1.0 -1.0 -1.0 -1.0 -1.0 -1.0 -1.0 1.738 1.524 4.296 500.609 1.154 1571.924 2.6053227876141163 1.0
15.0 6.0 Truck -1.0 -1.0 -1.0 -1.0 -1.0 -1.0 -1.0 2.83 3.244 10.093 487.149 2.023 1569.775 -0.5686108169452027 1.0
15.0 7.0 Car -1.0 -1.0 -1.0 -1.0 -1.0 -1.0 -1.0 1.763 1.706 4.962 520.67 1.038 1559.727 2.567972741645945 1.0
16.0 5.0 Car -1.0 -1.0 -1.0 -1.0 -1.0 -1.0 -1.0 1.806 1.544 4.54 498.905 1.047 1578.487 2.5878694950941727 1.0
16.0 0.0 Car -1.0 -1.0 -1.0 -1.0 -1.0 -1.0 -1.0 1.755 1.564 4.261 545.34 0.748 1545.959 2.537132119718455 1.0
16.0 1.0 Car -1.0 -1.0 -1.0 -1.0 -1.0 -1.0 -1.0 2.022 1.932 5.908 546.035 1.027 1534.082 -0.5178740956031858 0.0
16.0 4.0 Car -1.0 -1.0 -1.0 -1.0 -1.0 -1.0 -1.0 1.738 1.524 4.296 495.621 1.146 1574.895 2.602586041567285 1.0
16.0 6.0 Truck -1.0 -1.0 -1.0 -1.0 -1.0 -1.0 -1.0 2.83 3.244 10.093 491.415 1.963 1567.187 -0.5686108169452027 1.0
16.0 7.0 Car -1.0 -1.0 -1.0 -1.0 -1.0 -1.0 -1.0 1.763 1.706 4.962 515.999 1.044 1562.711 2.576699387905917 1.0
17.0 5.0 Car -1.0 -1.0 -1.0 -1.0 -1.0 -1.0 -1.0 1.806 1.544 4.54 494.645 1.015 1581.124 2.5878694950941727 1.0
17.0 0.0 Car -1.0 -1.0 -1.0 -1.0 -1.0 -1.0 -1.0 1.755 1.564 4.261 542.311 0.798 1548.13 2.510952834859597 1.0
17.0 1.0 Car -1.0 -1.0 -1.0 -1.0 -1.0 -1.0 -1.0 2.022 1.932 5.908 550.727 0.927 1531.477 -0.5004208030832427 0.0
17.0 4.0 Car -1.0 -1.0 -1.0 -1.0 -1.0 -1.0 -1.0 1.738 1.524 4.296 490.709 1.137 1577.992 2.5998494322336203 1.0
17.0 6.0 Truck -1.0 -1.0 -1.0 -1.0 -1.0 -1.0 -1.0 2.83 3.244 10.093 495.797 1.903 1564.524 -0.5686108169452027 1.0
17.0 7.0 Car -1.0 -1.0 -1.0 -1.0 -1.0 -1.0 -1.0 1.763 1.706 4.962 511.357 1.069 1565.671 2.576699387905917 1.0
18.0 5.0 Car -1.0 -1.0 -1.0 -1.0 -1.0 -1.0 -1.0 1.806 1.544 4.54 490.39 0.984 1583.758 2.5878694950941727 1.0
18.0 0.0 Car -1.0 -1.0 -1.0 -1.0 -1.0 -1.0 -1.0 1.755 1.564 4.261 539.193 0.798 1550.445 2.502231266146966 1.0
18.0 1.0 Car -1.0 -1.0 -1.0 -1.0 -1.0 -1.0 -1.0 2.022 1.932 5.908 555.478 0.977 1528.978 -0.5004208030832427 0.0
18.0 4.0 Car -1.0 -1.0 -1.0 -1.0 -1.0 -1.0 -1.0 1.738 1.524 4.296 485.758 1.054 1581.01 2.597116027456585 1.0
18.0 6.0 Truck -1.0 -1.0 -1.0 -1.0 -1.0 -1.0 -1.0 2.83 3.244 10.093 500.174 1.843 1561.864 -0.5686108169452027 1.0
18.0 7.0 Car -1.0 -1.0 -1.0 -1.0 -1.0 -1.0 -1.0 1.763 1.706 4.962 506.756 1.094 1568.566 2.576699387905917 1.0
19.0 5.0 Car -1.0 -1.0 -1.0 -1.0 -1.0 -1.0 -1.0 1.806 1.544 4.54 486.13 0.952 1586.395 2.5878694950941727 1.0
19.0 0.0 Car -1.0 -1.0 -1.0 -1.0 -1.0 -1.0 -1.0 1.755 1.564 4.261 535.847 0.798 1553.001 2.493499542339654 1.0
19.0 2.0 Car -1.0 -1.0 -1.0 -1.0 -1.0 -1.0 -1.0 2.287 1.728 5.739 465.471 1.388 1584.27 -0.5732685792487686 0.0
19.0 1.0 Car -1.0 -1.0 -1.0 -1.0 -1.0 -1.0 -1.0 2.022 1.932 5.908 560.497 1.177 1526.288 -0.5004208030832427 0.0
19.0 4.0 Car -1.0 -1.0 -1.0 -1.0 -1.0 -1.0 -1.0 1.738 1.524 4.296 480.801 1.021 1584.031 2.5943794399970277 1.0
19.0 6.0 Truck -1.0 -1.0 -1.0 -1.0 -1.0 -1.0 -1.0 2.83 3.244 10.093 504.596 1.783 1559.176 -0.5686108169452027 1.0
19.0 7.0 Car -1.0 -1.0 -1.0 -1.0 -1.0 -1.0 -1.0 1.763 1.706 4.962 501.795 1.044 1571.609 2.5854260341658883 1.0
20.0 5.0 Car -1.0 -1.0 -1.0 -1.0 -1.0 -1.0 -1.0 1.806 1.544 4.54 481.879 0.92 1589.026 2.5878694950941727 1.0
20.0 0.0 Car -1.0 -1.0 -1.0 -1.0 -1.0 -1.0 -1.0 1.755 1.564 4.261 532.53 0.773 1555.618 2.502217128130053 1.0
20.0 2.0 Car -1.0 -1.0 -1.0 -1.0 -1.0 -1.0 -1.0 2.287 1.728 5.739 469.57 1.288 1581.759 -0.5732685792487686 1.0
20.0 1.0 Car -1.0 -1.0 -1.0 -1.0 -1.0 -1.0 -1.0 2.022 1.932 5.908 565.463 1.352 1523.716 -0.49169415682327106 0.0
20.0 4.0 Car -1.0 -1.0 -1.0 -1.0 -1.0 -1.0 -1.0 1.738 1.524 4.296 475.893 0.987 1587.109 2.591648681986902 1.0
20.0 6.0 Truck -1.0 -1.0 -1.0 -1.0 -1.0 -1.0 -1.0 2.83 3.244 10.093 508.964 1.723 1556.522 -0.5686108169452027 1.0
20.0 7.0 Car -1.0 -1.0 -1.0 -1.0 -1.0 -1.0 -1.0 1.763 1.706 4.962 496.897 1.044 1574.69 2.59415268042586 1.0
21.0 5.0 Car -1.0 -1.0 -1.0 -1.0 -1.0 -1.0 -1.0 1.806 1.544 4.54 477.62 0.889 1591.663 2.5878694950941727 1.0
21.0 0.0 Car -1.0 -1.0 -1.0 -1.0 -1.0 -1.0 -1.0 1.755 1.564 4.261 529.113 0.748 1558.312 2.510952834859597 1.0
21.0 2.0 Car -1.0 -1.0 -1.0 -1.0 -1.0 -1.0 -1.0 2.287 1.728 5.739 473.711 1.188 1579.221 -0.5732685792487686 1.0
21.0 1.0 Car -1.0 -1.0 -1.0 -1.0 -1.0 -1.0 -1.0 2.022 1.932 5.908 570.43 1.527 1521.144 -0.48296751056329956 0.0
21.0 4.0 Car -1.0 -1.0 -1.0 -1.0 -1.0 -1.0 -1.0 1.738 1.524 4.296 470.944 0.954 1590.142 2.588912247646091 1.0
21.0 6.0 Truck -1.0 -1.0 -1.0 -1.0 -1.0 -1.0 -1.0 2.83 3.244 10.093 513.545 1.753 1553.663 -0.5686108169452027 0.0
21.0 7.0 Car -1.0 -1.0 -1.0 -1.0 -1.0 -1.0 -1.0 1.763 1.706 4.962 491.927 1.019 1577.796 2.59415268042586 1.0
22.0 5.0 Car -1.0 -1.0 -1.0 -1.0 -1.0 -1.0 -1.0 1.806 1.544 4.54 473.36 0.797 1594.301 2.5878694950941727 1.0
22.0 0.0 Car -1.0 -1.0 -1.0 -1.0 -1.0 -1.0 -1.0 1.755 1.564 4.261 525.438 0.723 1560.925 2.52840612737954 1.0
22.0 2.0 Car -1.0 -1.0 -1.0 -1.0 -1.0 -1.0 -1.0 2.287 1.728 5.739 477.528 1.238 1576.87 -0.5732685792487686 1.0
22.0 1.0 Car -1.0 -1.0 -1.0 -1.0 -1.0 -1.0 -1.0 2.022 1.932 5.908 575.397 1.702 1518.572 -0.48296751056329956 0.0
22.0 4.0 Car -1.0 -1.0 -1.0 -1.0 -1.0 -1.0 -1.0 1.738 1.524 4.296 466.085 0.862 1593.323 2.58617548519368 1.0
22.0 6.0 Truck -1.0 -1.0 -1.0 -1.0 -1.0 -1.0 -1.0 2.83 3.244 10.093 518.136 1.784 1550.798 -0.5686108169452027 0.0
22.0 7.0 Car -1.0 -1.0 -1.0 -1.0 -1.0 -1.0 -1.0 1.763 1.706 4.962 486.976 0.994 1580.932 2.59415268042586 1.0
23.0 5.0 Car -1.0 -1.0 -1.0 -1.0 -1.0 -1.0 -1.0 1.806 1.544 4.54 470.152 0.755 1596.145 2.5966057607540387 1.0
23.0 0.0 Car -1.0 -1.0 -1.0 -1.0 -1.0 -1.0 -1.0 1.755 1.564 4.261 521.771 0.748 1563.496 2.5458594198994837 1.0
23.0 2.0 Car -1.0 -1.0 -1.0 -1.0 -1.0 -1.0 -1.0 2.287 1.728 5.739 481.279 1.088 1574.561 -0.5732685792487686 1.0
23.0 4.0 Car -1.0 -1.0 -1.0 -1.0 -1.0 -1.0 -1.0 1.738 1.524 4.296 461.149 0.821 1596.378 2.603386670274823 1.0
23.0 6.0 Truck -1.0 -1.0 -1.0 -1.0 -1.0 -1.0 -1.0 2.83 3.244 10.093 522.6 1.64 1548.229 -0.5686108169452027 0.0
23.0 7.0 Car -1.0 -1.0 -1.0 -1.0 -1.0 -1.0 -1.0 1.763 1.706 4.962 481.685 0.944 1584.131 2.59415268042586 1.0
24.0 5.0 Car -1.0 -1.0 -1.0 -1.0 -1.0 -1.0 -1.0 1.806 1.544 4.54 466.984 0.714 1598.039 2.6053227876141163 1.0
24.0 0.0 Car -1.0 -1.0 -1.0 -1.0 -1.0 -1.0 -1.0 1.755 1.564 4.261 517.974 0.723 1566.006 2.5633127124194273 1.0
24.0 2.0 Car -1.0 -1.0 -1.0 -1.0 -1.0 -1.0 -1.0 2.287 1.728 5.739 484.981 1.138 1572.138 -0.5674572745118969 0.0
24.0 4.0 Car -1.0 -1.0 -1.0 -1.0 -1.0 -1.0 -1.0 1.738 1.524 4.296 455.115 0.779 1600.032 2.6053227876141163 1.0
24.0 6.0 Truck -1.0 -1.0 -1.0 -1.0 -1.0 -1.0 -1.0 2.83 3.244 10.093 527.185 1.696 1545.712 -0.5686108169452027 0.0
24.0 7.0 Car -1.0 -1.0 -1.0 -1.0 -1.0 -1.0 -1.0 1.763 1.706 4.962 476.681 0.944 1587.276 2.59415268042586 1.0
25.0 5.0 Car -1.0 -1.0 -1.0 -1.0 -1.0 -1.0 -1.0 1.806 1.544 4.54 463.781 0.747 1599.901 2.6096884596760086 1.0
25.0 0.0 Car -1.0 -1.0 -1.0 -1.0 -1.0 -1.0 -1.0 1.755 1.564 4.261 514.164 0.748 1568.455 2.5807660049393704 1.0
25.0 2.0 Car -1.0 -1.0 -1.0 -1.0 -1.0 -1.0 -1.0 2.287 1.728 5.739 488.813 1.188 1570.044 -0.5616330509021399 0.0
25.0 4.0 Car -1.0 -1.0 -1.0 -1.0 -1.0 -1.0 -1.0 1.738 1.524 4.296 451.256 0.747 1602.495 2.598336925248848 1.0
25.0 6.0 Truck -1.0 -1.0 -1.0 -1.0 -1.0 -1.0 -1.0 2.83 3.244 10.093 531.549 1.952 1542.753 -0.5686108169452027 0.0
25.0 7.0 Car -1.0 -1.0 -1.0 -1.0 -1.0 -1.0 -1.0 1.763 1.706 4.962 471.636 0.944 1590.385 2.5854260341658883 1.0
26.0 5.0 Car -1.0 -1.0 -1.0 -1.0 -1.0 -1.0 -1.0 1.806 1.544 4.54 460.602 0.714 1601.796 2.614049438236078 1.0
26.0 0.0 Car -1.0 -1.0 -1.0 -1.0 -1.0 -1.0 -1.0 1.755 1.564 4.261 510.478 0.721 1570.764 2.5807660049393704 1.0
26.0 2.0 Car -1.0 -1.0 -1.0 -1.0 -1.0 -1.0 -1.0 2.287 1.728 5.739 493.278 1.238 1567.321 -0.5558152867288255 0.0
26.0 4.0 Car -1.0 -1.0 -1.0 -1.0 -1.0 -1.0 -1.0 1.738 1.524 4.296 447.403 0.716 1604.955 2.6088118658526094 0.0
26.0 6.0 Truck -1.0 -1.0 -1.0 -1.0 -1.0 -1.0 -1.0 2.83 3.244 10.093 535.964 2.057 1540.255 -0.5686108169452027 0.0
26.0 7.0 Car -1.0 -1.0 -1.0 -1.0 -1.0 -1.0 -1.0 1.763 1.706 4.962 466.72 0.944 1593.373 2.59415268042586 1.0
27.0 5.0 Car -1.0 -1.0 -1.0 -1.0 -1.0 -1.0 -1.0 1.806 1.544 4.54 457.424 0.68 1603.692 2.6184104167961477 0.0
27.0 0.0 Car -1.0 -1.0 -1.0 -1.0 -1.0 -1.0 -1.0 1.755 1.564 4.261 507.06 0.748 1572.905 2.5807660049393704 0.0
27.0 2.0 Car -1.0 -1.0 -1.0 -1.0 -1.0 -1.0 -1.0 2.287 1.728 5.739 497.63 1.271 1564.522 -0.5732685792487686 0.0
27.0 4.0 Car -1.0 -1.0 -1.0 -1.0 -1.0 -1.0 -1.0 1.738 1.524 4.296 443.512 0.684 1607.351 2.6018335139364273 0.0
27.0 6.0 Truck -1.0 -1.0 -1.0 -1.0 -1.0 -1.0 -1.0 2.83 3.244 10.093 540.261 2.113 1537.503 -0.5686108169452027 0.0
27.0 7.0 Car -1.0 -1.0 -1.0 -1.0 -1.0 -1.0 -1.0 1.763 1.706 4.962 462.024 0.949 1596.241 2.5854260341658883 0.0
28.0 5.0 Car -1.0 -1.0 -1.0 -1.0 -1.0 -1.0 -1.0 1.806 1.544 4.54 454.242 0.647 1605.59 2.6227760801340594 0.0
28.0 0.0 Car -1.0 -1.0 -1.0 -1.0 -1.0 -1.0 -1.0 1.755 1.564 4.261 504.01 0.748 1574.836 2.589492651199342 0.0
28.0 2.0 Car -1.0 -1.0 -1.0 -1.0 -1.0 -1.0 -1.0 2.287 1.728 5.739 501.778 1.242 1561.891 -0.5645371347344444 0.0
28.0 4.0 Car -1.0 -1.0 -1.0 -1.0 -1.0 -1.0 -1.0 1.738 1.524 4.296 439.591 0.652 1609.708 2.594847665531102 0.0
28.0 6.0 Truck -1.0 -1.0 -1.0 -1.0 -1.0 -1.0 -1.0 2.83 3.244 10.093 545.335 2.169 1534.419 -0.5686108169452027 0.0
28.0 7.0 Car -1.0 -1.0 -1.0 -1.0 -1.0 -1.0 -1.0 1.763 1.706 4.962 457.386 0.904 1599.068 2.59415268042586 0.0
29.0 5.0 Car -1.0 -1.0 -1.0 -1.0 -1.0 -1.0 -1.0 1.806 1.544 4.54 451.201 0.63 1607.451 2.614044612860331 0.0
29.0 0.0 Car -1.0 -1.0 -1.0 -1.0 -1.0 -1.0 -1.0 1.755 1.564 4.261 501.17 0.748 1576.603 2.5982192974593135 0.0
29.0 2.0 Car -1.0 -1.0 -1.0 -1.0 -1.0 -1.0 -1.0 2.287 1.728 5.739 505.922 1.264 1559.262 -0.5558152867288255 0.0
29.0 4.0 Car -1.0 -1.0 -1.0 -1.0 -1.0 -1.0 -1.0 1.738 1.524 4.296 435.686 0.621 1612.081 2.5878694950941727 0.0
29.0 6.0 Truck -1.0 -1.0 -1.0 -1.0 -1.0 -1.0 -1.0 2.83 3.244 10.093 549.443 2.225 1531.952 -0.5686108169452027 0.0
29.0 7.0 Car -1.0 -1.0 -1.0 -1.0 -1.0 -1.0 -1.0 1.763 1.706 4.962 453.005 0.859 1601.716 2.59415268042586 0.0
30.0 5.0 Car -1.0 -1.0 -1.0 -1.0 -1.0 -1.0 -1.0 1.806 1.544 4.54 448.194 0.614 1609.364 2.6053227876141163 0.0
30.0 0.0 Car -1.0 -1.0 -1.0 -1.0 -1.0 -1.0 -1.0 1.755 1.564 4.261 498.486 0.773 1578.275 2.5982192974593135 0.0
30.0 2.0 Car -1.0 -1.0 -1.0 -1.0 -1.0 -1.0 -1.0 2.287 1.728 5.739 510.534 1.32 1556.54 -0.5558152867288255 0.0
30.0 4.0 Car -1.0 -1.0 -1.0 -1.0 -1.0 -1.0 -1.0 1.738 1.524 4.296 431.619 0.589 1614.558 2.5878694950941727 0.0
30.0 6.0 Truck -1.0 -1.0 -1.0 -1.0 -1.0 -1.0 -1.0 2.83 3.244 10.093 553.59 2.28 1529.461 -0.5686108169452027 0.0
30.0 7.0 Car -1.0 -1.0 -1.0 -1.0 -1.0 -1.0 -1.0 1.763 1.706 4.962 448.626 0.842 1604.362 2.59415268042586 0.0
31.0 5.0 Car -1.0 -1.0 -1.0 -1.0 -1.0 -1.0 -1.0 1.806 1.544 4.54 446.561 0.597 1610.35 2.6053227876141163 0.0
31.0 0.0 Car -1.0 -1.0 -1.0 -1.0 -1.0 -1.0 -1.0 1.755 1.564 4.261 495.978 0.798 1579.841 2.5982192974593135 0.0
31.0 2.0 Car -1.0 -1.0 -1.0 -1.0 -1.0 -1.0 -1.0 2.287 1.728 5.739 514.897 1.303 1553.894 -0.5558152867288255 0.0
31.0 4.0 Car -1.0 -1.0 -1.0 -1.0 -1.0 -1.0 -1.0 1.738 1.524 4.296 427.731 0.557 1616.886 2.5878694950941727 0.0
31.0 6.0 Truck -1.0 -1.0 -1.0 -1.0 -1.0 -1.0 -1.0 2.83 3.244 10.093 558.066 2.336 1527.336 -0.5686108169452027 0.0
31.0 7.0 Car -1.0 -1.0 -1.0 -1.0 -1.0 -1.0 -1.0 1.763 1.706 4.962 444.078 0.82 1607.069 2.59415268042586 0.0
32.0 5.0 Car -1.0 -1.0 -1.0 -1.0 -1.0 -1.0 -1.0 1.806 1.544 4.54 443.886 0.58 1612.028 2.6053227876141163 0.0
32.0 0.0 Car -1.0 -1.0 -1.0 -1.0 -1.0 -1.0 -1.0 1.755 1.564 4.261 493.354 0.798 1581.442 2.5982192974593135 0.0
32.0 2.0 Car -1.0 -1.0 -1.0 -1.0 -1.0 -1.0 -1.0 2.287 1.728 5.739 519.264 1.402 1551.245 -0.5558152867288255 0.0
32.0 4.0 Car -1.0 -1.0 -1.0 -1.0 -1.0 -1.0 -1.0 1.738 1.524 4.296 423.905 0.526 1619.315 2.5878694950941727 0.0
32.0 6.0 Truck -1.0 -1.0 -1.0 -1.0 -1.0 -1.0 -1.0 2.83 3.244 10.093 562.318 2.392 1524.695 -0.5686108169452027 0.0
32.0 7.0 Car -1.0 -1.0 -1.0 -1.0 -1.0 -1.0 -1.0 1.763 1.706 4.962 439.585 0.754 1609.867 2.59415268042586 0.0
33.0 5.0 Car -1.0 -1.0 -1.0 -1.0 -1.0 -1.0 -1.0 1.806 1.544 4.54 441.564 0.554 1613.527 2.5948621078321823 0.0
33.0 0.0 Car -1.0 -1.0 -1.0 -1.0 -1.0 -1.0 -1.0 1.755 1.564 4.261 490.61 0.798 1583.184 2.5982192974593135 0.0
33.0 2.0 Car -1.0 -1.0 -1.0 -1.0 -1.0 -1.0 -1.0 2.287 1.728 5.739 523.621 1.477 1548.603 -0.5558152867288255 0.0
33.0 4.0 Car -1.0 -1.0 -1.0 -1.0 -1.0 -1.0 -1.0 1.738 1.524 4.296 419.967 0.494 1621.883 2.5878694950941727 0.0
33.0 7.0 Car -1.0 -1.0 -1.0 -1.0 -1.0 -1.0 -1.0 1.763 1.706 4.962 435.234 0.724 1612.559 2.59415268042586 0.0
34.0 5.0 Car -1.0 -1.0 -1.0 -1.0 -1.0 -1.0 -1.0 1.806 1.544 4.54 439.441 0.527 1614.941 2.584378007007637 0.0
34.0 0.0 Car -1.0 -1.0 -1.0 -1.0 -1.0 -1.0 -1.0 1.755 1.564 4.261 487.599 0.848 1584.97 2.5982192974593135 0.0
34.0 2.0 Car -1.0 -1.0 -1.0 -1.0 -1.0 -1.0 -1.0 2.287 1.728 5.739 527.987 1.451 1545.954 -0.5558152867288255 0.0
34.0 4.0 Car -1.0 -1.0 -1.0 -1.0 -1.0 -1.0 -1.0 1.738 1.524 4.296 416.193 0.352 1624.35 2.5878694950941727 0.0
34.0 7.0 Car -1.0 -1.0 -1.0 -1.0 -1.0 -1.0 -1.0 1.763 1.706 4.962 430.883 0.695 1615.25 2.59415268042586 0.0
35.0 5.0 Car -1.0 -1.0 -1.0 -1.0 -1.0 -1.0 -1.0 1.806 1.544 4.54 437.1 0.5 1616.413 2.5739070831381925 0.0
35.0 0.0 Car -1.0 -1.0 -1.0 -1.0 -1.0 -1.0 -1.0 1.755 1.564 4.261 484.568 0.848 1586.836 2.5982192974593135 0.0
35.0 2.0 Car -1.0 -1.0 -1.0 -1.0 -1.0 -1.0 -1.0 2.287 1.728 5.739 532.334 1.534 1543.238 -0.5558152867288255 0.0
35.0 4.0 Car -1.0 -1.0 -1.0 -1.0 -1.0 -1.0 -1.0 1.738 1.524 4.296 411.636 0.286 1627.187 2.5878694950941727 0.0
35.0 7.0 Car -1.0 -1.0 -1.0 -1.0 -1.0 -1.0 -1.0 1.763 1.706 4.962 426.489 0.69 1617.905 2.59415268042586 0.0
36.0 5.0 Car -1.0 -1.0 -1.0 -1.0 -1.0 -1.0 -1.0 1.806 1.544 4.54 434.897 0.474 1617.945 2.5634351746632005 0.0
36.0 0.0 Car -1.0 -1.0 -1.0 -1.0 -1.0 -1.0 -1.0 1.755 1.564 4.261 481.265 0.898 1588.857 2.6069459437192855 0.0
36.0 4.0 Car -1.0 -1.0 -1.0 -1.0 -1.0 -1.0 -1.0 1.738 1.524 4.296 407.14 0.069 1630.126 2.5878694950941727 0.0
36.0 7.0 Car -1.0 -1.0 -1.0 -1.0 -1.0 -1.0 -1.0 1.763 1.706 4.962 422.185 0.535 1620.707 2.59415268042586 0.0
37.0 5.0 Car -1.0 -1.0 -1.0 -1.0 -1.0 -1.0 -1.0 1.806 1.544 4.54 432.533 0.447 1619.417 2.552962910054286 0.0
37.0 0.0 Car -1.0 -1.0 -1.0 -1.0 -1.0 -1.0 -1.0 1.755 1.564 4.261 477.784 0.898 1590.98 2.615672589979257 0.0
37.0 4.0 Car -1.0 -1.0 -1.0 -1.0 -1.0 -1.0 -1.0 1.738 1.524 4.296 402.544 -0.023 1632.901 2.5878694950941727 0.0
37.0 7.0 Car -1.0 -1.0 -1.0 -1.0 -1.0 -1.0 -1.0 1.763 1.706 4.962 419.824 0.505 1622.36 2.5854260341658883 0.0
38.0 5.0 Car -1.0 -1.0 -1.0 -1.0 -1.0 -1.0 -1.0 1.806 1.544 4.54 430.148 0.455 1620.91 2.552962910054286 0.0
38.0 0.0 Car -1.0 -1.0 -1.0 -1.0 -1.0 -1.0 -1.0 1.755 1.564 4.261 474.199 0.923 1593.108 2.615672589979257 0.0
38.0 7.0 Car -1.0 -1.0 -1.0 -1.0 -1.0 -1.0 -1.0 1.763 1.706 4.962 413.899 0.376 1625.785 2.576699387905917 0.0
