0.0 3.0 Car -1.0 -1.0 -1.0 -1.0 -1.0 -1.0 -1.0 1.708 2.001 4.541 2202.058 1.718 2558.112 -2.4909339077265495 0.0
0.0 2.0 Car -1.0 -1.0 -1.0 -1.0 -1.0 -1.0 -1.0 1.739 1.42 4.39 2099.899 -0.397 2586.233 -0.08168140921568767 0.0
0.0 0.0 Car -1.0 -1.0 -1.0 -1.0 -1.0 -1.0 -1.0 1.667 1.457 4.056 2169.265 -0.144 2577.894 -0.19320794841229483 0.0
1.0 3.0 Car -1.0 -1.0 -1.0 -1.0 -1.0 -1.0 -1.0 1.708 2.001 4.541 2200.416 1.631 2556.925 -2.5083835875124842 1.0
1.0 2.0 Car -1.0 -1.0 -1.0 -1.0 -1.0 -1.0 -1.0 1.739 1.42 4.39 2106.223 -0.216 2585.572 -0.08168140921568767 1.0
1.0 1.0 Car -1.0 -1.0 -1.0 -1.0 -1.0 -1.0 -1.0 1.75 1.98 4.645 2182.938 2.168 2543.786 1.1210249785149862 0.0
1.0 0.0 Car -1.0 -1.0 -1.0 -1.0 -1.0 -1.0 -1.0 1.667 1.457 4.056 2173.286 -0.033 2577.289 -0.15830136337240816 1.0
2.0 3.0 Car -1.0 -1.0 -1.0 -1.0 -1.0 -1.0 -1.0 1.708 2.001 4.541 2198.751 1.543 2555.765 -2.525849987101219 1.0
2.0 2.0 Car -1.0 -1.0 -1.0 -1.0 -1.0 -1.0 -1.0 1.739 1.42 4.39 2112.55 -0.036 2584.911 -0.08168140921568767 1.0
2.0 1.0 Car -1.0 -1.0 -1.0 -1.0 -1.0 -1.0 -1.0 1.75 1.98 4.645 2184.059 1.908 2545.984 1.040739832923247 1.0
2.0 0.0 Car -1.0 -1.0 -1.0 -1.0 -1.0 -1.0 -1.0 1.667 1.457 4.056 2177.119 0.077 2576.755 -0.12339477833252155 1.0
3.0 3.0 Car -1.0 -1.0 -1.0 -1.0 -1.0 -1.0 -1.0 1.708 2.001 4.541 2197.057 1.455 2554.649 -2.5433181668777256 1.0
3.0 2.0 Car -1.0 -1.0 -1.0 -1.0 -1.0 -1.0 -1.0 1.739 1.42 4.39 2118.885 0.145 2584.249 -0.08168140921568767 1.0
3.0 1.0 Car -1.0 -1.0 -1.0 -1.0 -1.0 -1.0 -1.0 1.75 1.98 4.645 2185.204 1.698 2548.1 0.9953612723713943 1.0
3.0 0.0 Car -1.0 -1.0 -1.0 -1.0 -1.0 -1.0 -1.0 1.667 1.457 4.056 2181.131 0.188 2576.322 -0.12339477833252155 1.0
4.0 3.0 Car -1.0 -1.0 -1.0 -1.0 -1.0 -1.0 -1.0 1.708 2.001 4.541 2195.366 1.368 2553.536 -2.560747077806322 1.0
4.0 2.0 Car -1.0 -1.0 -1.0 -1.0 -1.0 -1.0 -1.0 1.739 1.42 4.39 2125.205 0.325 2583.588 -0.08168140921568767 1.0
4.0 1.0 Car -1.0 -1.0 -1.0 -1.0 -1.0 -1.0 -1.0 1.75 1.98 4.645 2186.501 1.471 2550.103 0.903440598433026 1.0
4.0 0.0 Car -1.0 -1.0 -1.0 -1.0 -1.0 -1.0 -1.0 1.667 1.457 4.056 2185.147 0.199 2575.99 -0.10594148581257823 1.0
5.0 3.0 Car -1.0 -1.0 -1.0 -1.0 -1.0 -1.0 -1.0 1.708 2.001 4.541 2194.338 1.134 2552.888 -2.5651104009363075 1.0
5.0 2.0 Car -1.0 -1.0 -1.0 -1.0 -1.0 -1.0 -1.0 1.739 1.42 4.39 2131.832 -0.229 2582.727 -0.09913470173563123 1.0
5.0 1.0 Car -1.0 -1.0 -1.0 -1.0 -1.0 -1.0 -1.0 1.75 1.98 4.645 2188.17 1.17 2551.935 0.811519924494658 1.0
5.0 0.0 Car -1.0 -1.0 -1.0 -1.0 -1.0 -1.0 -1.0 1.667 1.457 4.056 2189.127 0.209 2575.442 -0.08848819329263491 1.0
6.0 3.0 Car -1.0 -1.0 -1.0 -1.0 -1.0 -1.0 -1.0 1.708 2.001 4.541 2193.189 1.086 2552.296 -2.5432879354031446 1.0
6.0 2.0 Car -1.0 -1.0 -1.0 -1.0 -1.0 -1.0 -1.0 1.739 1.42 4.39 2138.538 -0.758 2582.205 -0.1253146405155463 1.0
6.0 1.0 Car -1.0 -1.0 -1.0 -1.0 -1.0 -1.0 -1.0 1.75 1.98 4.645 2189.957 0.868 2553.652 0.7195992505562897 1.0
6.0 0.0 Car -1.0 -1.0 -1.0 -1.0 -1.0 -1.0 -1.0 1.667 1.457 4.056 2193.242 0.22 2575.029 -0.14084807085246487 0.0
7.0 3.0 Car -1.0 -1.0 -1.0 -1.0 -1.0 -1.0 -1.0 1.708 2.001 4.541 2192.143 0.987 2551.554 -2.573848397715986 1.0
7.0 2.0 Car -1.0 -1.0 -1.0 -1.0 -1.0 -1.0 -1.0 1.739 1.42 4.39 2144.87 -0.887 2581.558 -0.15149457929546117 1.0
7.0 1.0 Car -1.0 -1.0 -1.0 -1.0 -1.0 -1.0 -1.0 1.75 1.98 4.645 2191.885 0.838 2554.829 0.6358234464605618 1.0
7.0 0.0 Car -1.0 -1.0 -1.0 -1.0 -1.0 -1.0 -1.0 1.667 1.457 4.056 2197.282 0.231 2574.399 -0.14084807085246487 0.0
8.0 3.0 Car -1.0 -1.0 -1.0 -1.0 -1.0 -1.0 -1.0 1.708 2.001 4.541 2191.144 1.03 2550.703 -2.5258478005232825 1.0
8.0 2.0 Car -1.0 -1.0 -1.0 -1.0 -1.0 -1.0 -1.0 1.739 1.42 4.39 2149.893 -0.782 2580.873 -0.15149457929546117 1.0
8.0 1.0 Car -1.0 -1.0 -1.0 -1.0 -1.0 -1.0 -1.0 1.75 1.98 4.645 2193.768 0.87 2555.944 0.5651376117547915 1.0
8.0 0.0 Car -1.0 -1.0 -1.0 -1.0 -1.0 -1.0 -1.0 1.667 1.457 4.056 2201.441 0.241 2573.752 -0.14084807085246487 0.0
9.0 3.0 Car -1.0 -1.0 -1.0 -1.0 -1.0 -1.0 -1.0 1.708 2.001 4.541 2189.775 1.074 2549.732 -2.4778439383365916 1.0
9.0 2.0 Car -1.0 -1.0 -1.0 -1.0 -1.0 -1.0 -1.0 1.739 1.42 4.39 2154.917 -0.677 2580.188 -0.15149457929546117 1.0
9.0 1.0 Car -1.0 -1.0 -1.0 -1.0 -1.0 -1.0 -1.0 1.75 1.98 4.645 2195.565 0.902 2557.017 0.5293583620889077 1.0
9.0 0.0 Car -1.0 -1.0 -1.0 -1.0 -1.0 -1.0 -1.0 1.667 1.457 4.056 2205.436 0.312 2573.161 -0.12339477833252155 0.0
10.0 3.0 Car -1.0 -1.0 -1.0 -1.0 -1.0 -1.0 -1.0 1.708 2.001 4.541 2188.437 1.115 2548.489 -2.424029619733434 1.0
10.0 2.0 Car -1.0 -1.0 -1.0 -1.0 -1.0 -1.0 -1.0 1.739 1.42 4.39 2159.941 -0.572 2579.502 -0.15149457929546117 1.0
10.0 1.0 Car -1.0 -1.0 -1.0 -1.0 -1.0 -1.0 -1.0 1.75 1.98 4.645 2197.272 0.934 2557.957 0.5459389899828538 1.0
10.0 0.0 Car -1.0 -1.0 -1.0 -1.0 -1.0 -1.0 -1.0 1.667 1.457 4.056 2209.23 0.483 2572.561 -0.14084807085246487 0.0
11.0 3.0 Car -1.0 -1.0 -1.0 -1.0 -1.0 -1.0 -1.0 1.708 2.001 4.541 2187.084 1.131 2547.019 -2.317855423570447 1.0
11.0 2.0 Car -1.0 -1.0 -1.0 -1.0 -1.0 -1.0 -1.0 1.739 1.42 4.39 2164.965 -0.467 2578.817 -0.15149457929546117 1.0
11.0 1.0 Car -1.0 -1.0 -1.0 -1.0 -1.0 -1.0 -1.0 1.75 1.98 4.645 2198.766 0.966 2558.879 0.5625196178767999 1.0
11.0 0.0 Car -1.0 -1.0 -1.0 -1.0 -1.0 -1.0 -1.0 1.667 1.457 4.056 2213.02 0.574 2571.997 -0.1117592499858926 0.0
12.0 3.0 Car -1.0 -1.0 -1.0 -1.0 -1.0 -1.0 -1.0 1.708 2.001 4.541 2185.815 1.147 2545.317 -2.21168122740746 1.0
12.0 2.0 Car -1.0 -1.0 -1.0 -1.0 -1.0 -1.0 -1.0 1.739 1.42 4.39 2169.983 -0.362 2578.133 -0.15149457929546117 1.0
12.0 1.0 Car -1.0 -1.0 -1.0 -1.0 -1.0 -1.0 -1.0 1.75 1.98 4.645 2200.029 0.956 2559.802 0.5904448859087092 1.0
12.0 0.0 Car -1.0 -1.0 -1.0 -1.0 -1.0 -1.0 -1.0 1.667 1.457 4.056 2216.875 0.607 2571.519 -0.08267042911932031 0.0
13.0 3.0 Car -1.0 -1.0 -1.0 -1.0 -1.0 -1.0 -1.0 1.708 2.001 4.541 2184.4 1.149 2543.158 -2.1000452657134585 1.0
13.0 2.0 Car -1.0 -1.0 -1.0 -1.0 -1.0 -1.0 -1.0 1.739 1.42 4.39 2175.015 -0.257 2577.446 -0.15149457929546117 1.0
13.0 1.0 Car -1.0 -1.0 -1.0 -1.0 -1.0 -1.0 -1.0 1.75 1.98 4.645 2200.954 0.915 2560.506 0.6358234464605618 1.0
13.0 0.0 Car -1.0 -1.0 -1.0 -1.0 -1.0 -1.0 -1.0 1.667 1.457 4.056 2220.509 0.644 2571.17 -0.05358160825274827 0.0
14.0 3.0 Car -1.0 -1.0 -1.0 -1.0 -1.0 -1.0 -1.0 1.708 2.001 4.541 2183.145 1.151 2540.75 -2.067064377406853 1.0
14.0 2.0 Car -1.0 -1.0 -1.0 -1.0 -1.0 -1.0 -1.0 1.739 1.42 4.39 2180.035 -0.152 2576.761 -0.15149457929546117 0.0
14.0 1.0 Car -1.0 -1.0 -1.0 -1.0 -1.0 -1.0 -1.0 1.75 1.98 4.645 2201.708 0.915 2561.117 0.6579309503191567 1.0
14.0 0.0 Car -1.0 -1.0 -1.0 -1.0 -1.0 -1.0 -1.0 1.667 1.457 4.056 2224.114 0.703 2571.201 0.024958208086996555 0.0
15.0 3.0 Car -1.0 -1.0 -1.0 -1.0 -1.0 -1.0 -1.0 1.708 2.001 4.541 2181.889 1.167 2538.053 -2.003570179630151 1.0
15.0 2.0 Car -1.0 -1.0 -1.0 -1.0 -1.0 -1.0 -1.0 1.739 1.42 4.39 2185.062 -0.047 2576.075 -0.15149457929546117 0.0
15.0 1.0 Car -1.0 -1.0 -1.0 -1.0 -1.0 -1.0 -1.0 1.75 1.98 4.645 2202.183 0.915 2561.488 0.6800384541777517 1.0
15.0 0.0 Car -1.0 -1.0 -1.0 -1.0 -1.0 -1.0 -1.0 1.667 1.457 4.056 2227.475 0.811 2571.544 0.0802269677334837 0.0
16.0 3.0 Car -1.0 -1.0 -1.0 -1.0 -1.0 -1.0 -1.0 1.708 2.001 4.541 2180.572 1.184 2535.098 -1.9750130031923956 1.0
16.0 2.0 Car -1.0 -1.0 -1.0 -1.0 -1.0 -1.0 -1.0 1.739 1.42 4.39 2190.085 0.058 2575.39 -0.15149457929546117 0.0
16.0 1.0 Car -1.0 -1.0 -1.0 -1.0 -1.0 -1.0 -1.0 1.75 1.98 4.645 2202.58 0.915 2561.753 0.7021459580363465 1.0
16.0 0.0 Car -1.0 -1.0 -1.0 -1.0 -1.0 -1.0 -1.0 1.667 1.457 4.056 2231.022 0.869 2572.087 0.13549572737997104 0.0
17.0 3.0 Car -1.0 -1.0 -1.0 -1.0 -1.0 -1.0 -1.0 1.708 2.001 4.541 2179.164 1.178 2531.921 -1.9886360617420211 1.0
17.0 2.0 Car -1.0 -1.0 -1.0 -1.0 -1.0 -1.0 -1.0 1.739 1.42 4.39 2195.105 0.163 2574.705 -0.15149457929546117 0.0
17.0 1.0 Car -1.0 -1.0 -1.0 -1.0 -1.0 -1.0 -1.0 1.75 1.98 4.645 2202.86 0.885 2562.024 0.7126179335483124 0.0
17.0 0.0 Car -1.0 -1.0 -1.0 -1.0 -1.0 -1.0 -1.0 1.667 1.457 4.056 2234.104 0.927 2572.869 0.1907644870264582 0.0
18.0 3.0 Car -1.0 -1.0 -1.0 -1.0 -1.0 -1.0 -1.0 1.708 2.001 4.541 2177.651 1.171 2528.582 -2.0022734822411583 1.0
18.0 2.0 Car -1.0 -1.0 -1.0 -1.0 -1.0 -1.0 -1.0 1.739 1.42 4.39 2200.13 0.268 2574.02 -0.15149457929546117 0.0
18.0 1.0 Car -1.0 -1.0 -1.0 -1.0 -1.0 -1.0 -1.0 1.75 1.98 4.645 2203.174 1.004 2562.341 0.7230899090602785 0.0
19.0 3.0 Car -1.0 -1.0 -1.0 -1.0 -1.0 -1.0 -1.0 1.708 2.001 4.541 2176.116 1.165 2525.047 -2.0159113115244374 1.0
19.0 2.0 Car -1.0 -1.0 -1.0 -1.0 -1.0 -1.0 -1.0 1.739 1.42 4.39 2205.155 0.373 2573.334 -0.15149457929546117 0.0
19.0 1.0 Car -1.0 -1.0 -1.0 -1.0 -1.0 -1.0 -1.0 1.75 1.98 4.645 2203.565 0.974 2562.685 0.7396564922587295 0.0
20.0 3.0 Car -1.0 -1.0 -1.0 -1.0 -1.0 -1.0 -1.0 1.708 2.001 4.541 2174.514 1.126 2521.261 -1.9847884246481995 1.0
20.0 2.0 Car -1.0 -1.0 -1.0 -1.0 -1.0 -1.0 -1.0 1.739 1.42 4.39 2206.888 0.428 2572.904 -0.1864011643353478 0.0
20.0 1.0 Car -1.0 -1.0 -1.0 -1.0 -1.0 -1.0 -1.0 1.75 1.98 4.645 2203.944 0.944 2563.042 0.7562413492860863 0.0
21.0 3.0 Car -1.0 -1.0 -1.0 -1.0 -1.0 -1.0 -1.0 1.708 2.001 4.541 2172.651 1.132 2517.451 -2.003929708377019 1.0
21.0 2.0 Car -1.0 -1.0 -1.0 -1.0 -1.0 -1.0 -1.0 1.739 1.42 4.39 2208.552 0.333 2572.333 -0.3434807970148377 0.0
21.0 1.0 Car -1.0 -1.0 -1.0 -1.0 -1.0 -1.0 -1.0 1.75 1.98 4.645 2204.325 0.913 2563.399 0.7728453408661744 0.0
22.0 3.0 Car -1.0 -1.0 -1.0 -1.0 -1.0 -1.0 -1.0 1.708 2.001 4.541 2170.72 1.138 2513.686 -2.0230284397214575 1.0
22.0 2.0 Car -1.0 -1.0 -1.0 -1.0 -1.0 -1.0 -1.0 1.739 1.42 4.39 2209.71 0.238 2571.647 -0.5354670147342128 0.0
22.0 1.0 Car -1.0 -1.0 -1.0 -1.0 -1.0 -1.0 -1.0 1.75 1.98 4.645 2204.704 0.883 2563.756 0.7894124206360631 0.0
23.0 3.0 Car -1.0 -1.0 -1.0 -1.0 -1.0 -1.0 -1.0 1.708 2.001 4.541 2169.125 1.143 2510.701 -2.0383057761306365 1.0
23.0 2.0 Car -1.0 -1.0 -1.0 -1.0 -1.0 -1.0 -1.0 1.739 1.42 4.39 2210.708 0.243 2570.852 -0.587826892294042 0.0
23.0 1.0 Car -1.0 -1.0 -1.0 -1.0 -1.0 -1.0 -1.0 1.75 1.98 4.645 2204.958 0.879 2563.957 0.821477876072676 0.0
24.0 3.0 Car -1.0 -1.0 -1.0 -1.0 -1.0 -1.0 -1.0 1.708 2.001 4.541 2167.246 1.149 2507.402 -2.0554409916218117 1.0
24.0 2.0 Car -1.0 -1.0 -1.0 -1.0 -1.0 -1.0 -1.0 1.739 1.42 4.39 2211.758 0.648 2569.271 -0.9717993277327902 0.0
24.0 1.0 Car -1.0 -1.0 -1.0 -1.0 -1.0 -1.0 -1.0 1.75 1.98 4.645 2205.235 0.874 2564.191 0.8574428161651702 0.0
25.0 3.0 Car -1.0 -1.0 -1.0 -1.0 -1.0 -1.0 -1.0 1.708 2.001 4.541 2164.946 1.156 2503.363 -2.0764182103779008 1.0
25.0 2.0 Car -1.0 -1.0 -1.0 -1.0 -1.0 -1.0 -1.0 1.739 1.42 4.39 2212.027 0.603 2567.643 -1.2335987155319366 0.0
25.0 1.0 Car -1.0 -1.0 -1.0 -1.0 -1.0 -1.0 -1.0 1.75 1.98 4.645 2205.562 0.867 2564.491 0.9014717002056718 0.0
26.0 3.0 Car -1.0 -1.0 -1.0 -1.0 -1.0 -1.0 -1.0 1.708 2.001 4.541 2162.923 1.151 2499.882 -2.0907223731023166 1.0
26.0 1.0 Car -1.0 -1.0 -1.0 -1.0 -1.0 -1.0 -1.0 1.75 1.98 4.645 2205.829 0.856 2564.902 0.9214640436518062 0.0
27.0 3.0 Car -1.0 -1.0 -1.0 -1.0 -1.0 -1.0 -1.0 1.708 2.001 4.541 2161.196 1.147 2496.321 -2.0395704799310614 1.0
27.0 1.0 Car -1.0 -1.0 -1.0 -1.0 -1.0 -1.0 -1.0 1.75 1.98 4.645 2206.088 0.844 2565.319 0.9414575469786273 0.0
28.0 3.0 Car -1.0 -1.0 -1.0 -1.0 -1.0 -1.0 -1.0 1.708 2.001 4.541 2159.538 1.143 2492.948 -2.0234374239732915 0.0
28.0 1.0 Car -1.0 -1.0 -1.0 -1.0 -1.0 -1.0 -1.0 1.75 1.98 4.645 2206.333 0.833 2565.742 0.9614071748187913 0.0
29.0 3.0 Car -1.0 -1.0 -1.0 -1.0 -1.0 -1.0 -1.0 1.708 2.001 4.541 2158.015 1.139 2489.672 -2.0072075943209744 0.0
30.0 3.0 Car -1.0 -1.0 -1.0 -1.0 -1.0 -1.0 -1.0 1.708 2.001 4.541 2156.844 1.135 2486.511 -1.8861773219105216 0.0
31.0 3.0 Car -1.0 -1.0 -1.0 -1.0 -1.0 -1.0 -1.0 1.708 2.001 4.541 2156.243 1.135 2483.436 -1.7350568176825416 0.0
32.0 3.0 Car -1.0 -1.0 -1.0 -1.0 -1.0 -1.0 -1.0 1.708 2.001 4.541 2156.262 1.136 2480.25 -1.5488653913353976 0.0
33.0 3.0 Car -1.0 -1.0 -1.0 -1.0 -1.0 -1.0 -1.0 1.708 2.001 4.541 2156.829 1.037 2477.114 -1.3566917736511943 0.0
34.0 3.0 Car -1.0 -1.0 -1.0 -1.0 -1.0 -1.0 -1.0 1.708 2.001 4.541 2157.82 1.088 2474.094 -1.2432227095721657 0.0
35.0 3.0 Car -1.0 -1.0 -1.0 -1.0 -1.0 -1.0 -1.0 1.708 2.001 4.541 2159.146 1.138 2471.206 -1.1297479703828006 0.0
36.0 3.0 Car -1.0 -1.0 -1.0 -1.0 -1.0 -1.0 -1.0 1.708 2.001 4.541 2160.729 1.161 2468.015 -1.115738966245216 0.0
37.0 3.0 Car -1.0 -1.0 -1.0 -1.0 -1.0 -1.0 -1.0 1.708 2.001 4.541 2162.356 1.183 2464.847 -1.1017276105937235 0.0
38.0 3.0 Car -1.0 -1.0 -1.0 -1.0 -1.0 -1.0 -1.0 1.708 2.001 4.541 2164.068 1.206 2461.73 -1.0877359908625324 0.0
39.0 3.0 Car -1.0 -1.0 -1.0 -1.0 -1.0 -1.0 -1.0 1.708 2.001 4.541 2165.781 1.228 2458.612 -1.0737408998489055 0.0
