0.0 0.0 Car -1.0 -1.0 -1.0 -1.0 -1.0 -1.0 -1.0 1.68 1.668 3.939 957.026 1.948 1722.654 3.0425975779327388 0.0
0.0 3.0 Bus -1.0 -1.0 -1.0 -1.0 -1.0 -1.0 -1.0 2.642 3.458 11.686 1008.698 6.888 1722.261 -3.0984132070270674 0.0
0.0 2.0 Bus -1.0 -1.0 -1.0 -1.0 -1.0 -1.0 -1.0 2.642 3.678 11.686 871.677 -5.299 1706.006 1.0729237052393787 0.0
1.0 0.0 Car -1.0 -1.0 -1.0 -1.0 -1.0 -1.0 -1.0 1.68 1.668 3.939 953.004 1.848 1722.851 3.083337221548712 1.0
1.0 3.0 Bus -1.0 -1.0 -1.0 -1.0 -1.0 -1.0 -1.0 2.642 3.458 11.686 1005.635 6.821 1721.969 -3.0984132070270674 1.0
1.0 2.0 Bus -1.0 -1.0 -1.0 -1.0 -1.0 -1.0 -1.0 2.642 3.678 11.686 873.325 -4.824 1708.515 1.0729237052393787 1.0
2.0 0.0 Car -1.0 -1.0 -1.0 -1.0 -1.0 -1.0 -1.0 1.68 1.668 3.939 948.976 1.748 1722.885 3.124074420233514 0.0
2.0 3.0 Bus -1.0 -1.0 -1.0 -1.0 -1.0 -1.0 -1.0 2.642 3.458 11.686 1002.571 6.755 1721.677 -3.0984132070270674 0.0
2.0 2.0 Bus -1.0 -1.0 -1.0 -1.0 -1.0 -1.0 -1.0 2.642 3.678 11.686 874.973 -4.548 1711.024 1.0554704127194354 0.0
3.0 0.0 Car -1.0 -1.0 -1.0 -1.0 -1.0 -1.0 -1.0 1.68 1.668 3.939 944.955 1.648 1722.754 -3.118414681607245 0.0
3.0 3.0 Bus -1.0 -1.0 -1.0 -1.0 -1.0 -1.0 -1.0 2.642 3.458 11.686 998.175 6.688 1721.606 -3.1108628163745524 0.0
3.0 2.0 Bus -1.0 -1.0 -1.0 -1.0 -1.0 -1.0 -1.0 2.642 3.678 11.686 876.129 -4.173 1713.156 1.038017120199492 0.0
4.0 0.0 Car -1.0 -1.0 -1.0 -1.0 -1.0 -1.0 -1.0 1.68 1.668 3.939 941.176 1.76 1722.469 -3.109685580192107 0.0
4.0 3.0 Bus -1.0 -1.0 -1.0 -1.0 -1.0 -1.0 -1.0 2.642 3.458 11.686 993.769 6.622 1721.536 -3.1233391272836775 0.0
4.0 4.0 Car -1.0 -1.0 -1.0 -1.0 -1.0 -1.0 -1.0 1.748 1.54 4.508 863.307 -5.801 1689.85 1.0808318859600605 0.0
4.0 2.0 Bus -1.0 -1.0 -1.0 -1.0 -1.0 -1.0 -1.0 2.642 3.678 11.686 877.395 -3.497 1715.787 1.0729237052393785 0.0
5.0 0.0 Car -1.0 -1.0 -1.0 -1.0 -1.0 -1.0 -1.0 1.68 1.668 3.939 937.614 1.873 1722.19 -3.100956321786585 1.0
5.0 3.0 Bus -1.0 -1.0 -1.0 -1.0 -1.0 -1.0 -1.0 2.642 3.458 11.686 989.362 6.555 1721.467 -3.1358156625756735 1.0
5.0 4.0 Car -1.0 -1.0 -1.0 -1.0 -1.0 -1.0 -1.0 1.748 1.54 4.508 865.53 -5.367 1693.631 1.0808318859600605 1.0
5.0 2.0 Bus -1.0 -1.0 -1.0 -1.0 -1.0 -1.0 -1.0 2.642 3.678 11.686 878.097 -3.171 1717.909 1.1601901678390953 1.0
6.0 0.0 Car -1.0 -1.0 -1.0 -1.0 -1.0 -1.0 -1.0 1.68 1.668 3.939 934.299 1.935 1721.923 -3.092237128208992 0.0
6.0 3.0 Bus -1.0 -1.0 -1.0 -1.0 -1.0 -1.0 -1.0 2.642 3.458 11.686 984.961 6.489 1721.4 3.1349074947470865 0.0
6.0 4.0 Car -1.0 -1.0 -1.0 -1.0 -1.0 -1.0 -1.0 1.748 1.54 4.508 867.75 -4.933 1697.408 1.0808318859600605 0.0
6.0 2.0 Bus -1.0 -1.0 -1.0 -1.0 -1.0 -1.0 -1.0 2.642 3.678 11.686 878.508 -2.695 1719.813 1.2823632154786984 0.0
7.0 0.0 Car -1.0 -1.0 -1.0 -1.0 -1.0 -1.0 -1.0 1.68 1.668 3.939 930.98 1.997 1721.656 -3.0835080965673582 0.0
7.0 3.0 Bus -1.0 -1.0 -1.0 -1.0 -1.0 -1.0 -1.0 2.642 3.458 11.686 980.555 6.422 1721.333 3.1224312835636816 0.0
7.0 4.0 Car -1.0 -1.0 -1.0 -1.0 -1.0 -1.0 -1.0 1.748 1.54 4.508 869.973 -4.499 1701.19 1.0808318859600605 0.0
7.0 2.0 Bus -1.0 -1.0 -1.0 -1.0 -1.0 -1.0 -1.0 2.642 3.678 11.686 878.753 -2.319 1721.53 1.3522233098976977 0.0
8.0 0.0 Car -1.0 -1.0 -1.0 -1.0 -1.0 -1.0 -1.0 1.68 1.668 3.939 928.312 2.06 1721.45 -3.070418290839251 0.0
8.0 3.0 Bus -1.0 -1.0 -1.0 -1.0 -1.0 -1.0 -1.0 2.642 3.458 11.686 976.154 6.356 1721.267 3.1099685602839626 0.0
8.0 4.0 Car -1.0 -1.0 -1.0 -1.0 -1.0 -1.0 -1.0 1.748 1.54 4.508 871.346 -4.065 1704.06 1.054652156668257 0.0
8.0 2.0 Bus -1.0 -1.0 -1.0 -1.0 -1.0 -1.0 -1.0 2.642 3.678 11.686 878.761 -1.944 1722.625 1.422007879286611 0.0
9.0 0.0 Car -1.0 -1.0 -1.0 -1.0 -1.0 -1.0 -1.0 1.68 1.668 3.939 925.746 2.072 1721.222 -3.0573282756239757 0.0
9.0 3.0 Bus -1.0 -1.0 -1.0 -1.0 -1.0 -1.0 -1.0 2.642 3.458 11.686 971.753 6.289 1721.2 3.0975056375528025 0.0
9.0 4.0 Car -1.0 -1.0 -1.0 -1.0 -1.0 -1.0 -1.0 1.748 1.54 4.508 872.793 -3.632 1706.892 1.0284720084002306 0.0
9.0 2.0 Bus -1.0 -1.0 -1.0 -1.0 -1.0 -1.0 -1.0 2.642 3.678 11.686 878.972 -1.568 1723.648 1.439442848158188 0.0
10.0 0.0 Car -1.0 -1.0 -1.0 -1.0 -1.0 -1.0 -1.0 1.68 1.668 3.939 923.464 2.159 1721.017 -3.044238548453557 0.0
10.0 3.0 Bus -1.0 -1.0 -1.0 -1.0 -1.0 -1.0 -1.0 2.642 3.458 11.686 968.73 6.344 1721.329 3.110638117858853 0.0
10.0 4.0 Car -1.0 -1.0 -1.0 -1.0 -1.0 -1.0 -1.0 1.748 1.54 4.508 874.47 -3.123 1709.581 0.964500789564511 0.0
10.0 2.0 Bus -1.0 -1.0 -1.0 -1.0 -1.0 -1.0 -1.0 2.642 3.678 11.686 878.748 -1.309 1723.764 1.4831145625508078 0.0
11.0 0.0 Car -1.0 -1.0 -1.0 -1.0 -1.0 -1.0 -1.0 1.68 1.668 3.939 921.181 2.247 1720.812 -3.031148219007528 0.0
11.0 3.0 Bus -1.0 -1.0 -1.0 -1.0 -1.0 -1.0 -1.0 2.642 3.458 11.686 965.708 6.399 1721.459 3.1237712024076414 0.0
11.0 4.0 Car -1.0 -1.0 -1.0 -1.0 -1.0 -1.0 -1.0 1.748 1.54 4.508 876.315 -2.614 1712.158 0.9005266273286486 0.0
11.0 2.0 Bus -1.0 -1.0 -1.0 -1.0 -1.0 -1.0 -1.0 2.642 3.678 11.686 878.72 -1.05 1723.855 1.4837635685248225 0.0
12.0 0.0 Car -1.0 -1.0 -1.0 -1.0 -1.0 -1.0 -1.0 1.68 1.668 3.939 918.727 2.329 1720.588 -3.0352107496933414 0.0
12.0 3.0 Bus -1.0 -1.0 -1.0 -1.0 -1.0 -1.0 -1.0 2.642 3.458 11.686 962.682 6.454 1721.588 3.1369179743680116 0.0
12.0 4.0 Car -1.0 -1.0 -1.0 -1.0 -1.0 -1.0 -1.0 1.748 1.54 4.508 878.323 -2.105 1714.613 0.836485790680854 0.0
12.0 2.0 Bus -1.0 -1.0 -1.0 -1.0 -1.0 -1.0 -1.0 2.642 3.678 11.686 878.692 -0.791 1723.946 1.4844132508983423 0.0
13.0 0.0 Car -1.0 -1.0 -1.0 -1.0 -1.0 -1.0 -1.0 1.68 1.668 3.939 915.784 2.272 1720.32 -3.040081263040887 1.0
13.0 3.0 Bus -1.0 -1.0 -1.0 -1.0 -1.0 -1.0 -1.0 2.642 3.458 11.686 959.054 6.52 1721.743 -3.130505844896239 1.0
13.0 4.0 Car -1.0 -1.0 -1.0 -1.0 -1.0 -1.0 -1.0 1.748 1.54 4.508 880.965 -1.575 1717.278 0.7529814625771611 1.0
13.0 2.0 Bus -1.0 -1.0 -1.0 -1.0 -1.0 -1.0 -1.0 2.642 3.678 11.686 878.659 -0.48 1724.055 1.485192146349629 0.0
14.0 0.0 Car -1.0 -1.0 -1.0 -1.0 -1.0 -1.0 -1.0 1.68 1.668 3.939 913.089 2.22 1720.074 -3.0445433728018303 1.0
14.0 3.0 Bus -1.0 -1.0 -1.0 -1.0 -1.0 -1.0 -1.0 2.642 3.458 11.686 955.731 6.58 1721.885 -3.1160659934769943 1.0
14.0 4.0 Car -1.0 -1.0 -1.0 -1.0 -1.0 -1.0 -1.0 1.748 1.54 4.508 883.775 -1.084 1719.46 0.6095929879215909 1.0
14.0 2.0 Bus -1.0 -1.0 -1.0 -1.0 -1.0 -1.0 -1.0 2.642 3.678 11.686 878.629 -0.195 1724.155 1.485905729651416 0.0
15.0 0.0 Car -1.0 -1.0 -1.0 -1.0 -1.0 -1.0 -1.0 1.68 1.668 3.939 910.637 2.172 1719.851 -3.0486015115274716 1.0
15.0 3.0 Bus -1.0 -1.0 -1.0 -1.0 -1.0 -1.0 -1.0 2.642 3.458 11.686 952.709 6.635 1722.014 -3.1029334343566735 1.0
15.0 4.0 Car -1.0 -1.0 -1.0 -1.0 -1.0 -1.0 -1.0 1.748 1.54 4.508 886.81 -0.56 1721.153 0.4787646126030241 1.0
15.0 2.0 Bus -1.0 -1.0 -1.0 -1.0 -1.0 -1.0 -1.0 2.642 3.678 11.686 878.552 0.064 1724.512 1.5053057480790168 0.0
16.0 0.0 Car -1.0 -1.0 -1.0 -1.0 -1.0 -1.0 -1.0 1.68 1.668 3.939 908.403 2.114 1719.65 -3.0590803217972375 1.0
16.0 3.0 Bus -1.0 -1.0 -1.0 -1.0 -1.0 -1.0 -1.0 2.642 3.458 11.686 949.683 6.69 1722.143 -3.08978655731061 1.0
16.0 5.0 Truck -1.0 -1.0 -1.0 -1.0 -1.0 -1.0 -1.0 2.241 2.727 6.427 855.592 -1.374 1659.399 1.3185264364693756 0.0
16.0 4.0 Car -1.0 -1.0 -1.0 -1.0 -1.0 -1.0 -1.0 1.748 1.54 4.508 890.043 -0.035 1722.437 0.3477936001224411 1.0
16.0 2.0 Bus -1.0 -1.0 -1.0 -1.0 -1.0 -1.0 -1.0 2.642 3.678 11.686 878.477 0.323 1725.227 1.5771347456913234 0.0
17.0 0.0 Car -1.0 -1.0 -1.0 -1.0 -1.0 -1.0 -1.0 1.68 1.668 3.939 906.172 2.057 1719.449 -3.0695472591881043 1.0
17.0 3.0 Bus -1.0 -1.0 -1.0 -1.0 -1.0 -1.0 -1.0 2.642 3.458 11.686 946.661 6.745 1722.272 -3.0766545761616033 1.0
17.0 5.0 Truck -1.0 -1.0 -1.0 -1.0 -1.0 -1.0 -1.0 2.241 2.727 6.427 856.011 -1.196 1661.004 1.3185264364693756 1.0
17.0 4.0 Car -1.0 -1.0 -1.0 -1.0 -1.0 -1.0 -1.0 1.748 1.54 4.508 893.437 0.614 1723.251 0.20816725996289454 0.0
17.0 2.0 Bus -1.0 -1.0 -1.0 -1.0 -1.0 -1.0 -1.0 2.642 3.678 11.686 878.35 0.582 1725.934 1.6488823583975076 0.0
18.0 0.0 Car -1.0 -1.0 -1.0 -1.0 -1.0 -1.0 -1.0 1.68 1.668 3.939 904.042 1.999 1719.249 -3.0800269279905597 1.0
18.0 3.0 Bus -1.0 -1.0 -1.0 -1.0 -1.0 -1.0 -1.0 2.642 3.458 11.686 943.635 6.8 1722.401 -3.0635066219871807 1.0
18.0 5.0 Truck -1.0 -1.0 -1.0 -1.0 -1.0 -1.0 -1.0 2.241 2.727 6.427 856.431 -1.017 1662.612 1.3185264364693756 1.0
18.0 4.0 Car -1.0 -1.0 -1.0 -1.0 -1.0 -1.0 -1.0 1.748 1.54 4.508 896.993 1.264 1723.64 0.11216695778471575 0.0
19.0 0.0 Car -1.0 -1.0 -1.0 -1.0 -1.0 -1.0 -1.0 1.68 1.668 3.939 901.912 1.942 1719.05 -3.0905050263063885 1.0
19.0 3.0 Bus -1.0 -1.0 -1.0 -1.0 -1.0 -1.0 -1.0 2.642 3.458 11.686 940.641 6.74 1722.186 -3.0635066219871807 1.0
19.0 5.0 Truck -1.0 -1.0 -1.0 -1.0 -1.0 -1.0 -1.0 2.241 2.727 6.427 856.851 -0.789 1664.219 1.3185264364693756 1.0
19.0 4.0 Car -1.0 -1.0 -1.0 -1.0 -1.0 -1.0 -1.0 1.748 1.54 4.508 900.568 1.914 1723.685 0.01618104224351802 0.0
20.0 0.0 Car -1.0 -1.0 -1.0 -1.0 -1.0 -1.0 -1.0 1.68 1.668 3.939 899.989 1.884 1718.86 -3.1009613890873013 1.0
20.0 3.0 Bus -1.0 -1.0 -1.0 -1.0 -1.0 -1.0 -1.0 2.642 3.458 11.686 937.813 6.879 1721.983 -3.0635066219871807 1.0
20.0 5.0 Truck -1.0 -1.0 -1.0 -1.0 -1.0 -1.0 -1.0 2.241 2.727 6.427 857.115 -0.561 1665.223 1.3185264364693756 1.0
20.0 4.0 Car -1.0 -1.0 -1.0 -1.0 -1.0 -1.0 -1.0 1.748 1.54 4.508 904.565 2.563 1723.629 -0.0012722502764253019 0.0
21.0 0.0 Car -1.0 -1.0 -1.0 -1.0 -1.0 -1.0 -1.0 1.68 1.668 3.939 897.982 1.876 1718.695 -3.092239715593487 1.0
21.0 3.0 Bus -1.0 -1.0 -1.0 -1.0 -1.0 -1.0 -1.0 2.642 3.458 11.686 934.982 7.02 1721.78 -3.0635066219871807 1.0
21.0 5.0 Truck -1.0 -1.0 -1.0 -1.0 -1.0 -1.0 -1.0 2.241 2.727 6.427 857.375 -0.333 1666.208 1.3185264364693756 1.0
21.0 4.0 Car -1.0 -1.0 -1.0 -1.0 -1.0 -1.0 -1.0 1.748 1.54 4.508 908.456 3.262 1723.635 -0.0012722502764253019 0.0
22.0 0.0 Car -1.0 -1.0 -1.0 -1.0 -1.0 -1.0 -1.0 1.68 1.668 3.939 895.973 1.869 1718.529 -3.0835080965673582 1.0
22.0 3.0 Bus -1.0 -1.0 -1.0 -1.0 -1.0 -1.0 -1.0 2.642 3.458 11.686 932.027 6.859 1721.567 -3.0635066219871807 1.0
22.0 5.0 Truck -1.0 -1.0 -1.0 -1.0 -1.0 -1.0 -1.0 2.241 2.727 6.427 857.491 -0.104 1666.637 1.3185264364693756 1.0
22.0 4.0 Car -1.0 -1.0 -1.0 -1.0 -1.0 -1.0 -1.0 1.748 1.54 4.508 912.352 3.962 1723.641 -0.0012722502764253019 0.0
23.0 0.0 Car -1.0 -1.0 -1.0 -1.0 -1.0 -1.0 -1.0 1.68 1.668 3.939 893.718 1.81 1718.311 -3.0572189084757624 1.0
23.0 3.0 Bus -1.0 -1.0 -1.0 -1.0 -1.0 -1.0 -1.0 2.642 3.458 11.686 929.554 6.699 1721.392 -3.0635066219871807 1.0
23.0 5.0 Truck -1.0 -1.0 -1.0 -1.0 -1.0 -1.0 -1.0 2.241 2.727 6.427 857.607 0.124 1667.066 1.3185264364693756 1.0
23.0 4.0 Car -1.0 -1.0 -1.0 -1.0 -1.0 -1.0 -1.0 1.748 1.54 4.508 916.574 4.662 1723.647 -0.0012722502764253019 0.0
23.0 1.0 Car -1.0 -1.0 -1.0 -1.0 -1.0 -1.0 -1.0 1.68 1.508 3.939 846.54 0.399 1635.898 1.0529222306591945 0.0
24.0 0.0 Car -1.0 -1.0 -1.0 -1.0 -1.0 -1.0 -1.0 1.68 1.668 3.939 891.475 1.752 1718.035 -3.0309885563898074 1.0
24.0 3.0 Bus -1.0 -1.0 -1.0 -1.0 -1.0 -1.0 -1.0 2.642 3.458 11.686 924.443 6.539 1721.011 -3.0635066219871807 1.0
24.0 5.0 Truck -1.0 -1.0 -1.0 -1.0 -1.0 -1.0 -1.0 2.241 2.727 6.427 857.723 0.352 1667.493 1.3185264364693756 1.0
24.0 4.0 Car -1.0 -1.0 -1.0 -1.0 -1.0 -1.0 -1.0 1.748 1.54 4.508 920.786 5.461 1724.024 0.03363433476346134 0.0
24.0 1.0 Car -1.0 -1.0 -1.0 -1.0 -1.0 -1.0 -1.0 1.68 1.508 3.939 848.244 0.637 1639.02 1.1089641795734868 1.0
25.0 0.0 Car -1.0 -1.0 -1.0 -1.0 -1.0 -1.0 -1.0 1.68 1.668 3.939 889.049 1.693 1717.562 -2.978508883442268 1.0
25.0 3.0 Bus -1.0 -1.0 -1.0 -1.0 -1.0 -1.0 -1.0 2.642 3.458 11.686 924.457 6.379 1721.031 -3.0635066219871807 1.0
25.0 5.0 Truck -1.0 -1.0 -1.0 -1.0 -1.0 -1.0 -1.0 2.241 2.727 6.427 857.819 0.614 1667.843 1.3127019025279067 1.0
25.0 4.0 Car -1.0 -1.0 -1.0 -1.0 -1.0 -1.0 -1.0 1.748 1.54 4.508 925.008 6.211 1724.403 0.03363433476346134 0.0
25.0 1.0 Car -1.0 -1.0 -1.0 -1.0 -1.0 -1.0 -1.0 1.68 1.508 3.939 849.773 0.874 1642.241 1.165133068013979 1.0
26.0 0.0 Car -1.0 -1.0 -1.0 -1.0 -1.0 -1.0 -1.0 1.68 1.668 3.939 886.606 1.635 1716.816 -2.8737206600747496 1.0
26.0 3.0 Bus -1.0 -1.0 -1.0 -1.0 -1.0 -1.0 -1.0 2.642 3.458 11.686 922.118 6.219 1720.866 -3.0635066219871807 1.0
26.0 5.0 Truck -1.0 -1.0 -1.0 -1.0 -1.0 -1.0 -1.0 2.241 2.727 6.427 857.915 0.876 1668.193 1.306884537945492 1.0
26.0 4.0 Car -1.0 -1.0 -1.0 -1.0 -1.0 -1.0 -1.0 1.748 1.54 4.508 929.224 6.755 1724.781 0.03363433476346134 0.0
26.0 1.0 Car -1.0 -1.0 -1.0 -1.0 -1.0 -1.0 -1.0 1.68 1.508 3.939 850.735 1.017 1644.282 1.1644615586854312 1.0
27.0 0.0 Car -1.0 -1.0 -1.0 -1.0 -1.0 -1.0 -1.0 1.68 1.668 3.939 884.182 1.576 1715.686 -2.7122931296783035 0.0
27.0 3.0 Bus -1.0 -1.0 -1.0 -1.0 -1.0 -1.0 -1.0 2.642 3.458 11.686 919.781 6.059 1720.702 -3.0635066219871807 0.0
27.0 5.0 Truck -1.0 -1.0 -1.0 -1.0 -1.0 -1.0 -1.0 2.241 2.727 6.427 858.01 1.137 1668.542 1.301073143949432 0.0
27.0 4.0 Car -1.0 -1.0 -1.0 -1.0 -1.0 -1.0 -1.0 1.748 1.54 4.508 933.436 7.299 1725.159 0.03363433476346134 0.0
27.0 1.0 Car -1.0 -1.0 -1.0 -1.0 -1.0 -1.0 -1.0 1.68 1.508 3.939 851.696 1.159 1646.321 1.163790738552889 0.0
28.0 0.0 Car -1.0 -1.0 -1.0 -1.0 -1.0 -1.0 -1.0 1.68 1.668 3.939 882.277 1.524 1714.446 -2.5424560284491173 0.0
28.0 3.0 Bus -1.0 -1.0 -1.0 -1.0 -1.0 -1.0 -1.0 2.642 3.458 11.686 917.675 5.915 1720.554 -3.0635066219871807 0.0
28.0 5.0 Truck -1.0 -1.0 -1.0 -1.0 -1.0 -1.0 -1.0 2.241 2.727 6.427 858.284 1.177 1669.535 1.2965187729037875 0.0
28.0 4.0 Car -1.0 -1.0 -1.0 -1.0 -1.0 -1.0 -1.0 1.748 1.54 4.508 937.233 7.789 1725.499 0.03363433476346134 0.0
28.0 1.0 Car -1.0 -1.0 -1.0 -1.0 -1.0 -1.0 -1.0 1.68 1.508 3.939 852.562 1.288 1648.159 1.1631860113768768 0.0
29.0 0.0 Car -1.0 -1.0 -1.0 -1.0 -1.0 -1.0 -1.0 1.68 1.668 3.939 880.28 1.428 1712.511 -2.3781497800029228 0.0
29.0 3.0 Bus -1.0 -1.0 -1.0 -1.0 -1.0 -1.0 -1.0 2.642 3.458 11.686 915.336 5.755 1720.389 -3.0635066219871807 0.0
29.0 5.0 Truck -1.0 -1.0 -1.0 -1.0 -1.0 -1.0 -1.0 2.241 2.727 6.427 858.588 1.222 1670.638 1.291461072252573 0.0
29.0 1.0 Car -1.0 -1.0 -1.0 -1.0 -1.0 -1.0 -1.0 1.68 1.508 3.939 853.401 1.311 1650.718 1.186594226948536 0.0
30.0 0.0 Car -1.0 -1.0 -1.0 -1.0 -1.0 -1.0 -1.0 1.68 1.668 3.939 878.627 1.332 1710.275 -2.2138402445902963 0.0
30.0 3.0 Bus -1.0 -1.0 -1.0 -1.0 -1.0 -1.0 -1.0 2.642 3.458 11.686 912.997 5.595 1720.225 -3.0635066219871807 0.0
30.0 5.0 Truck -1.0 -1.0 -1.0 -1.0 -1.0 -1.0 -1.0 2.241 2.727 6.427 858.892 1.267 1671.74 1.2864032704214439 0.0
30.0 1.0 Car -1.0 -1.0 -1.0 -1.0 -1.0 -1.0 -1.0 1.68 1.508 3.939 854.297 1.299 1653.383 1.207041258599908 0.0
31.0 0.0 Car -1.0 -1.0 -1.0 -1.0 -1.0 -1.0 -1.0 1.68 1.668 3.939 877.307 1.236 1707.779 -2.075546401023873 0.0
31.0 3.0 Bus -1.0 -1.0 -1.0 -1.0 -1.0 -1.0 -1.0 2.642 3.458 11.686 910.172 5.434 1720.023 -3.0635066219871807 0.0
31.0 5.0 Truck -1.0 -1.0 -1.0 -1.0 -1.0 -1.0 -1.0 2.241 2.727 6.427 859.197 1.312 1672.844 1.281340126290798 0.0
31.0 1.0 Car -1.0 -1.0 -1.0 -1.0 -1.0 -1.0 -1.0 1.68 1.508 3.939 855.194 1.287 1656.051 1.2275098874136343 0.0
32.0 0.0 Car -1.0 -1.0 -1.0 -1.0 -1.0 -1.0 -1.0 1.68 1.668 3.939 876.153 1.14 1705.09 -1.9664973752909953 0.0
32.0 3.0 Bus -1.0 -1.0 -1.0 -1.0 -1.0 -1.0 -1.0 2.642 3.458 11.686 907.837 5.151 1719.858 -3.0635066219871807 0.0
32.0 5.0 Truck -1.0 -1.0 -1.0 -1.0 -1.0 -1.0 -1.0 2.241 2.727 6.427 859.501 1.357 1673.947 1.2762821726897957 0.0
32.0 1.0 Car -1.0 -1.0 -1.0 -1.0 -1.0 -1.0 -1.0 1.68 1.508 3.939 855.671 1.13 1657.55 1.2471333238071671 0.0
33.0 0.0 Car -1.0 -1.0 -1.0 -1.0 -1.0 -1.0 -1.0 1.68 1.668 3.939 875.198 1.044 1702.691 -1.9431799082319083 0.0
33.0 3.0 Bus -1.0 -1.0 -1.0 -1.0 -1.0 -1.0 -1.0 2.642 3.458 11.686 905.5 4.867 1719.694 -3.0635066219871807 0.0
33.0 5.0 Truck -1.0 -1.0 -1.0 -1.0 -1.0 -1.0 -1.0 2.241 2.727 6.427 859.806 1.402 1675.05 1.2712186946654307 0.0
33.0 1.0 Car -1.0 -1.0 -1.0 -1.0 -1.0 -1.0 -1.0 1.68 1.508 3.939 856.103 1.122 1659.064 1.2667781934084825 0.0
34.0 0.0 Car -1.0 -1.0 -1.0 -1.0 -1.0 -1.0 -1.0 1.68 1.668 3.939 874.415 0.998 1700.464 -1.885047183260076 0.0
34.0 3.0 Bus -1.0 -1.0 -1.0 -1.0 -1.0 -1.0 -1.0 2.642 3.458 11.686 903.168 4.585 1719.53 -3.0635066219871807 0.0
34.0 5.0 Truck -1.0 -1.0 -1.0 -1.0 -1.0 -1.0 -1.0 2.241 2.727 6.427 860.109 1.447 1676.152 1.2661665589095454 0.0
34.0 1.0 Car -1.0 -1.0 -1.0 -1.0 -1.0 -1.0 -1.0 1.68 1.508 3.939 856.535 1.115 1660.574 1.2863790582004129 0.0
35.0 0.0 Car -1.0 -1.0 -1.0 -1.0 -1.0 -1.0 -1.0 1.68 1.668 3.939 873.803 1.002 1698.62 -1.844324327651393 0.0
35.0 3.0 Bus -1.0 -1.0 -1.0 -1.0 -1.0 -1.0 -1.0 2.642 3.458 11.686 900.971 4.435 1719.323 -3.0635066219871807 0.0
35.0 5.0 Truck -1.0 -1.0 -1.0 -1.0 -1.0 -1.0 -1.0 2.241 2.727 6.427 860.677 1.347 1677.688 1.2661665589095454 0.0
35.0 1.0 Car -1.0 -1.0 -1.0 -1.0 -1.0 -1.0 -1.0 1.68 1.508 3.939 856.907 0.974 1662.102 1.3060008458856545 0.0
36.0 0.0 Car -1.0 -1.0 -1.0 -1.0 -1.0 -1.0 -1.0 1.68 1.668 3.939 873.333 0.981 1697.14 -1.853055981474004 0.0
36.0 3.0 Bus -1.0 -1.0 -1.0 -1.0 -1.0 -1.0 -1.0 2.642 3.458 11.686 898.771 4.285 1719.116 -3.0635066219871807 0.0
36.0 5.0 Truck -1.0 -1.0 -1.0 -1.0 -1.0 -1.0 -1.0 2.241 2.727 6.427 861.299 1.347 1679.395 1.257434905086935 0.0
36.0 1.0 Car -1.0 -1.0 -1.0 -1.0 -1.0 -1.0 -1.0 1.68 1.508 3.939 857.28 0.833 1663.632 1.3256455977220918 0.0
37.0 0.0 Car -1.0 -1.0 -1.0 -1.0 -1.0 -1.0 -1.0 1.68 1.668 3.939 872.97 0.96 1696.026 -1.8617776027233826 0.0
37.0 3.0 Bus -1.0 -1.0 -1.0 -1.0 -1.0 -1.0 -1.0 2.642 3.458 11.686 897.055 3.985 1718.946 -3.0635066219871807 0.0
37.0 5.0 Truck -1.0 -1.0 -1.0 -1.0 -1.0 -1.0 -1.0 2.241 2.727 6.427 861.921 1.347 1681.1 1.2487132838375559 0.0
37.0 1.0 Car -1.0 -1.0 -1.0 -1.0 -1.0 -1.0 -1.0 1.68 1.508 3.939 857.577 0.822 1665.176 1.3452677779569266 0.0
38.0 0.0 Car -1.0 -1.0 -1.0 -1.0 -1.0 -1.0 -1.0 1.68 1.668 3.939 872.659 0.939 1695.08 -1.8704997474113656 0.0
38.0 3.0 Bus -1.0 -1.0 -1.0 -1.0 -1.0 -1.0 -1.0 2.642 3.458 11.686 895.503 3.96 1718.736 -3.046062350050151 0.0
38.0 5.0 Truck -1.0 -1.0 -1.0 -1.0 -1.0 -1.0 -1.0 2.241 2.727 6.427 862.542 1.347 1682.805 1.2399911391495733 0.0
38.0 1.0 Car -1.0 -1.0 -1.0 -1.0 -1.0 -1.0 -1.0 1.68 1.508 3.939 857.874 0.811 1666.72 1.3648911358405407 0.0
