0.0 4.0 Car -1.0 -1.0 -1.0 -1.0 -1.0 -1.0 -1.0 1.956 1.459 4.441 1280.59 0.931 1063.954 2.3502760786989385 0.0
0.0 3.0 Car -1.0 -1.0 -1.0 -1.0 -1.0 -1.0 -1.0 1.975 1.761 4.687 1284.861 0.302 1036.482 0.7916988019960861 0.0
0.0 9.0 Car -1.0 -1.0 -1.0 -1.0 -1.0 -1.0 -1.0 2.105 1.831 5.237 1335.02 0.659 1026.266 2.383980131898248 0.0
0.0 12.0 Car -1.0 -1.0 -1.0 -1.0 -1.0 -1.0 -1.0 2.033 1.619 4.699 1285.754 0.728 1051.486 1.454225786057522 0.0
0.0 2.0 Car -1.0 -1.0 -1.0 -1.0 -1.0 -1.0 -1.0 2.019 1.881 4.646 1280.86 0.421 1037.54 1.3158386296689404 0.0
0.0 7.0 Car -1.0 -1.0 -1.0 -1.0 -1.0 -1.0 -1.0 1.998 1.833 4.982 1283.926 0.23 1030.09 0.8091520945160294 0.0
1.0 4.0 Car -1.0 -1.0 -1.0 -1.0 -1.0 -1.0 -1.0 1.956 1.459 4.441 1277.301 0.931 1066.495 2.5248090038983717 1.0
1.0 3.0 Car -1.0 -1.0 -1.0 -1.0 -1.0 -1.0 -1.0 1.975 1.761 4.687 1288.139 0.381 1039.812 0.7916988019960861 1.0
1.0 9.0 Car -1.0 -1.0 -1.0 -1.0 -1.0 -1.0 -1.0 2.105 1.831 5.237 1332.744 0.726 1028.447 2.383980131898248 1.0
1.0 12.0 Car -1.0 -1.0 -1.0 -1.0 -1.0 -1.0 -1.0 2.033 1.619 4.699 1285.608 0.818 1055.03 1.6985718813367285 1.0
1.0 2.0 Car -1.0 -1.0 -1.0 -1.0 -1.0 -1.0 -1.0 2.019 1.881 4.646 1281.661 0.376 1040.911 1.3334046023113415 1.0
1.0 0.0 Car -1.0 -1.0 -1.0 -1.0 -1.0 -1.0 -1.0 2.054 1.799 4.595 1278.811 0.199 1025.564 0.8440586795559162 0.0
1.0 7.0 Car -1.0 -1.0 -1.0 -1.0 -1.0 -1.0 -1.0 1.998 1.833 4.982 1286.46 0.283 1032.713 0.8003950458365848 1.0
2.0 4.0 Car -1.0 -1.0 -1.0 -1.0 -1.0 -1.0 -1.0 1.956 1.459 4.441 1273.032 0.931 1069.423 2.5248090038983717 1.0
2.0 3.0 Car -1.0 -1.0 -1.0 -1.0 -1.0 -1.0 -1.0 1.975 1.761 4.687 1291.397 0.46 1043.121 0.7916988019960861 1.0
2.0 9.0 Car -1.0 -1.0 -1.0 -1.0 -1.0 -1.0 -1.0 2.105 1.831 5.237 1330.64 0.792 1030.465 2.383980131898248 1.0
2.0 12.0 Car -1.0 -1.0 -1.0 -1.0 -1.0 -1.0 -1.0 2.033 1.619 4.699 1284.042 0.878 1058.6 2.1698107793751977 1.0
2.0 2.0 Car -1.0 -1.0 -1.0 -1.0 -1.0 -1.0 -1.0 2.019 1.881 4.646 1284.303 0.461 1043.888 1.3856517997487137 1.0
2.0 0.0 Car -1.0 -1.0 -1.0 -1.0 -1.0 -1.0 -1.0 2.054 1.799 4.595 1281.119 0.225 1028.122 0.8266370595529964 1.0
2.0 7.0 Car -1.0 -1.0 -1.0 -1.0 -1.0 -1.0 -1.0 1.998 1.833 4.982 1288.844 0.285 1035.198 0.7916943515845101 1.0
3.0 4.0 Car -1.0 -1.0 -1.0 -1.0 -1.0 -1.0 -1.0 1.956 1.459 4.441 1268.753 0.931 1072.359 2.5248090038983717 1.0
3.0 3.0 Car -1.0 -1.0 -1.0 -1.0 -1.0 -1.0 -1.0 1.975 1.761 4.687 1294.754 0.713 1046.53 0.7975185260527053 1.0
3.0 9.0 Car -1.0 -1.0 -1.0 -1.0 -1.0 -1.0 -1.0 2.105 1.831 5.237 1329.029 0.808 1032.107 2.268095723460311 0.0
3.0 12.0 Car -1.0 -1.0 -1.0 -1.0 -1.0 -1.0 -1.0 2.033 1.619 4.699 1282.074 0.938 1061.831 2.291983827014801 1.0
3.0 2.0 Car -1.0 -1.0 -1.0 -1.0 -1.0 -1.0 -1.0 2.019 1.881 4.646 1284.788 0.531 1047.407 1.3856517997487137 1.0
3.0 8.0 Car -1.0 -1.0 -1.0 -1.0 -1.0 -1.0 -1.0 1.91 1.699 4.621 1333.315 0.671 1019.305 2.413790355496271 0.0
3.0 0.0 Car -1.0 -1.0 -1.0 -1.0 -1.0 -1.0 -1.0 2.054 1.799 4.595 1283.697 0.25 1030.832 0.8091693111324918 1.0
3.0 7.0 Car -1.0 -1.0 -1.0 -1.0 -1.0 -1.0 -1.0 1.998 1.833 4.982 1291.392 0.362 1037.776 0.7916965766144689 1.0
4.0 4.0 Car -1.0 -1.0 -1.0 -1.0 -1.0 -1.0 -1.0 1.956 1.459 4.441 1264.472 0.931 1075.295 2.5248090038983717 1.0
4.0 3.0 Car -1.0 -1.0 -1.0 -1.0 -1.0 -1.0 -1.0 1.975 1.761 4.687 1298.179 0.892 1050.008 0.8033391698961426 0.0
4.0 9.0 Car -1.0 -1.0 -1.0 -1.0 -1.0 -1.0 -1.0 2.105 1.831 5.237 1327.962 0.825 1033.43 2.2565913162450864 0.0
4.0 12.0 Car -1.0 -1.0 -1.0 -1.0 -1.0 -1.0 -1.0 2.033 1.619 4.699 1279.447 0.958 1064.402 2.518876629774064 1.0
4.0 2.0 Car -1.0 -1.0 -1.0 -1.0 -1.0 -1.0 -1.0 2.019 1.881 4.646 1285.18 0.831 1051.123 1.5252781399082598 1.0
4.0 8.0 Car -1.0 -1.0 -1.0 -1.0 -1.0 -1.0 -1.0 1.91 1.699 4.621 1331.283 0.675 1021.122 2.413790355496271 1.0
4.0 11.0 Car -1.0 -1.0 -1.0 -1.0 -1.0 -1.0 -1.0 2.09 1.822 4.627 1277.363 0.293 1028.238 0.8091520945160294 0.0
4.0 0.0 Car -1.0 -1.0 -1.0 -1.0 -1.0 -1.0 -1.0 2.054 1.799 4.595 1286.275 0.276 1033.542 0.7916988019960861 1.0
4.0 7.0 Car -1.0 -1.0 -1.0 -1.0 -1.0 -1.0 -1.0 1.998 1.833 4.982 1293.796 0.44 1040.208 0.7916988019960861 1.0
5.0 4.0 Car -1.0 -1.0 -1.0 -1.0 -1.0 -1.0 -1.0 1.956 1.459 4.441 1260.198 0.931 1078.227 2.5248090038983717 1.0
5.0 3.0 Car -1.0 -1.0 -1.0 -1.0 -1.0 -1.0 -1.0 1.975 1.761 4.687 1301.6 1.071 1053.482 0.8091520945160294 0.0
5.0 9.0 Car -1.0 -1.0 -1.0 -1.0 -1.0 -1.0 -1.0 2.105 1.831 5.237 1327.302 0.841 1034.301 2.24510216594877 0.0
5.0 12.0 Car -1.0 -1.0 -1.0 -1.0 -1.0 -1.0 -1.0 2.033 1.619 4.699 1276.669 0.908 1066.921 2.501423337254121 1.0
5.0 2.0 Car -1.0 -1.0 -1.0 -1.0 -1.0 -1.0 -1.0 2.019 1.881 4.646 1285.143 0.931 1053.899 1.6124785741266379 1.0
5.0 8.0 Car -1.0 -1.0 -1.0 -1.0 -1.0 -1.0 -1.0 1.91 1.699 4.621 1329.278 0.68 1022.915 2.413790355496271 1.0
5.0 11.0 Car -1.0 -1.0 -1.0 -1.0 -1.0 -1.0 -1.0 2.09 1.822 4.627 1280.419 0.363 1031.454 0.8091520945160294 1.0
5.0 0.0 Car -1.0 -1.0 -1.0 -1.0 -1.0 -1.0 -1.0 2.054 1.799 4.595 1288.853 0.352 1036.054 0.7831919703746131 1.0
5.0 7.0 Car -1.0 -1.0 -1.0 -1.0 -1.0 -1.0 -1.0 1.998 1.833 4.982 1296.197 0.542 1042.615 0.7916988019960861 1.0
6.0 4.0 Car -1.0 -1.0 -1.0 -1.0 -1.0 -1.0 -1.0 1.956 1.459 4.441 1255.917 0.931 1081.163 2.5248090038983717 1.0
6.0 3.0 Car -1.0 -1.0 -1.0 -1.0 -1.0 -1.0 -1.0 1.975 1.761 4.687 1305.109 1.321 1057.081 0.8091520945160294 0.0
6.0 9.0 Car -1.0 -1.0 -1.0 -1.0 -1.0 -1.0 -1.0 2.105 1.831 5.237 1326.852 0.858 1034.916 2.233598518127699 0.0
6.0 12.0 Car -1.0 -1.0 -1.0 -1.0 -1.0 -1.0 -1.0 2.033 1.619 4.699 1273.699 0.859 1069.181 2.518876629774064 1.0
6.0 2.0 Car -1.0 -1.0 -1.0 -1.0 -1.0 -1.0 -1.0 2.019 1.881 4.646 1284.585 1.031 1057.017 1.839437405267239 1.0
6.0 8.0 Car -1.0 -1.0 -1.0 -1.0 -1.0 -1.0 -1.0 1.91 1.699 4.621 1327.675 0.685 1024.351 2.413790355496271 1.0
6.0 11.0 Car -1.0 -1.0 -1.0 -1.0 -1.0 -1.0 -1.0 2.09 1.822 4.627 1283.479 0.432 1034.674 0.8091520945160294 1.0
6.0 0.0 Car -1.0 -1.0 -1.0 -1.0 -1.0 -1.0 -1.0 2.054 1.799 4.595 1291.437 0.427 1038.569 0.7746744044517485 1.0
6.0 7.0 Car -1.0 -1.0 -1.0 -1.0 -1.0 -1.0 -1.0 1.998 1.833 4.982 1298.504 0.644 1044.976 0.8000076529951395 1.0
7.0 4.0 Car -1.0 -1.0 -1.0 -1.0 -1.0 -1.0 -1.0 1.956 1.459 4.441 1250.988 0.931 1084.537 2.5248090038983717 1.0
7.0 3.0 Car -1.0 -1.0 -1.0 -1.0 -1.0 -1.0 -1.0 1.975 1.761 4.687 1308.901 1.596 1061.107 0.8266053870359727 0.0
7.0 9.0 Car -1.0 -1.0 -1.0 -1.0 -1.0 -1.0 -1.0 2.105 1.831 5.237 1326.617 0.876 1035.2 2.238391283363103 0.0
7.0 12.0 Car -1.0 -1.0 -1.0 -1.0 -1.0 -1.0 -1.0 2.033 1.619 4.699 1270.328 0.804 1071.553 2.518876629774064 1.0
7.0 2.0 Car -1.0 -1.0 -1.0 -1.0 -1.0 -1.0 -1.0 2.019 1.881 4.646 1283.662 0.94 1060.365 1.874343990307126 1.0
7.0 8.0 Car -1.0 -1.0 -1.0 -1.0 -1.0 -1.0 -1.0 1.91 1.699 4.621 1325.936 0.69 1025.908 2.413790355496271 1.0
7.0 11.0 Car -1.0 -1.0 -1.0 -1.0 -1.0 -1.0 -1.0 2.09 1.822 4.627 1286.846 0.509 1038.218 0.8091520945160294 1.0
7.0 0.0 Car -1.0 -1.0 -1.0 -1.0 -1.0 -1.0 -1.0 2.054 1.799 4.595 1294.01 0.511 1041.071 0.7653002583164007 1.0
7.0 7.0 Car -1.0 -1.0 -1.0 -1.0 -1.0 -1.0 -1.0 1.998 1.833 4.982 1300.943 0.757 1047.471 0.8091520945160294 0.0
8.0 4.0 Car -1.0 -1.0 -1.0 -1.0 -1.0 -1.0 -1.0 1.956 1.459 4.441 1246.514 0.931 1087.598 2.5248090038983717 1.0
8.0 3.0 Car -1.0 -1.0 -1.0 -1.0 -1.0 -1.0 -1.0 1.975 1.761 4.687 1312.185 1.846 1064.687 0.8266053870359727 0.0
8.0 9.0 Car -1.0 -1.0 -1.0 -1.0 -1.0 -1.0 -1.0 2.105 1.831 5.237 1326.457 0.892 1035.501 2.2094472066988153 0.0
8.0 12.0 Car -1.0 -1.0 -1.0 -1.0 -1.0 -1.0 -1.0 2.033 1.619 4.699 1267.268 0.754 1073.707 2.518876629774064 1.0
8.0 2.0 Car -1.0 -1.0 -1.0 -1.0 -1.0 -1.0 -1.0 2.019 1.881 4.646 1280.028 0.999 1063.328 2.4852092285051413 1.0
8.0 8.0 Car -1.0 -1.0 -1.0 -1.0 -1.0 -1.0 -1.0 1.91 1.699 4.621 1324.679 0.74 1027.073 2.413790355496271 1.0
8.0 11.0 Car -1.0 -1.0 -1.0 -1.0 -1.0 -1.0 -1.0 2.09 1.822 4.627 1289.902 0.579 1041.434 0.8091520945160294 1.0
8.0 0.0 Car -1.0 -1.0 -1.0 -1.0 -1.0 -1.0 -1.0 2.054 1.799 4.595 1296.302 0.586 1043.3 0.7567922169561994 1.0
8.0 7.0 Car -1.0 -1.0 -1.0 -1.0 -1.0 -1.0 -1.0 1.998 1.833 4.982 1303.22 0.907 1049.896 0.8091333101899024 0.0
9.0 4.0 Car -1.0 -1.0 -1.0 -1.0 -1.0 -1.0 -1.0 1.956 1.459 4.441 1242.031 0.931 1090.666 2.5248090038983717 1.0
9.0 3.0 Car -1.0 -1.0 -1.0 -1.0 -1.0 -1.0 -1.0 1.975 1.761 4.687 1315.519 2.096 1068.323 0.8440586795559162 0.0
9.0 9.0 Car -1.0 -1.0 -1.0 -1.0 -1.0 -1.0 -1.0 2.105 1.831 5.237 1326.457 0.892 1035.501 2.2094472066988153 0.0
9.0 12.0 Car -1.0 -1.0 -1.0 -1.0 -1.0 -1.0 -1.0 2.033 1.619 4.699 1264.263 0.769 1075.955 2.514510986052351 1.0
9.0 2.0 Car -1.0 -1.0 -1.0 -1.0 -1.0 -1.0 -1.0 2.019 1.881 4.646 1277.379 1.007 1066.017 2.4852092285051413 1.0
9.0 8.0 Car -1.0 -1.0 -1.0 -1.0 -1.0 -1.0 -1.0 1.91 1.699 4.621 1323.422 0.74 1028.197 2.413790355496271 1.0
9.0 11.0 Car -1.0 -1.0 -1.0 -1.0 -1.0 -1.0 -1.0 2.09 1.822 4.627 1292.956 0.746 1044.666 0.8091520945160294 1.0
9.0 0.0 Car -1.0 -1.0 -1.0 -1.0 -1.0 -1.0 -1.0 2.054 1.799 4.595 1298.603 0.745 1045.484 0.7626120318780203 1.0
9.0 7.0 Car -1.0 -1.0 -1.0 -1.0 -1.0 -1.0 -1.0 1.998 1.833 4.982 1305.503 1.057 1052.327 0.8266053870359727 0.0
10.0 4.0 Car -1.0 -1.0 -1.0 -1.0 -1.0 -1.0 -1.0 1.956 1.459 4.441 1237.547 0.931 1093.734 2.5248090038983717 1.0
10.0 3.0 Car -1.0 -1.0 -1.0 -1.0 -1.0 -1.0 -1.0 1.975 1.761 4.687 1318.684 2.296 1071.915 0.8440586795559162 0.0
10.0 9.0 Car -1.0 -1.0 -1.0 -1.0 -1.0 -1.0 -1.0 2.105 1.831 5.237 1326.436 0.892 1035.53 2.2094472066988153 0.0
10.0 12.0 Car -1.0 -1.0 -1.0 -1.0 -1.0 -1.0 -1.0 2.033 1.619 4.699 1261.258 0.784 1078.203 2.510145141677969 1.0
10.0 2.0 Car -1.0 -1.0 -1.0 -1.0 -1.0 -1.0 -1.0 2.019 1.881 4.646 1274.21 0.965 1068.501 2.4852092285051413 1.0
10.0 8.0 Car -1.0 -1.0 -1.0 -1.0 -1.0 -1.0 -1.0 1.91 1.699 4.621 1322.409 0.74 1029.068 2.413790355496271 1.0
10.0 11.0 Car -1.0 -1.0 -1.0 -1.0 -1.0 -1.0 -1.0 2.09 1.822 4.627 1296.01 0.913 1047.898 0.8091520945160294 0.0
10.0 0.0 Car -1.0 -1.0 -1.0 -1.0 -1.0 -1.0 -1.0 2.054 1.799 4.595 1300.849 0.903 1047.635 0.7684321142887768 1.0
10.0 7.0 Car -1.0 -1.0 -1.0 -1.0 -1.0 -1.0 -1.0 1.998 1.833 4.982 1308.057 1.207 1055.089 0.8266053870359727 0.0
10.0 10.0 Truck -1.0 -1.0 -1.0 -1.0 -1.0 -1.0 -1.0 2.53 2.114 5.905 1274.33 0.332 1025.828 0.7916988019960861 0.0
11.0 4.0 Car -1.0 -1.0 -1.0 -1.0 -1.0 -1.0 -1.0 1.956 1.459 4.441 1233.069 0.931 1096.799 2.5248090038983717 1.0
11.0 3.0 Car -1.0 -1.0 -1.0 -1.0 -1.0 -1.0 -1.0 1.975 1.761 4.687 1321.845 2.496 1075.503 0.8440586795559162 0.0
11.0 9.0 Car -1.0 -1.0 -1.0 -1.0 -1.0 -1.0 -1.0 2.105 1.831 5.237 1326.436 0.892 1035.53 2.2094472066988153 0.0
11.0 12.0 Car -1.0 -1.0 -1.0 -1.0 -1.0 -1.0 -1.0 2.033 1.619 4.699 1258.256 0.799 1080.448 2.5057843136202917 1.0
11.0 2.0 Car -1.0 -1.0 -1.0 -1.0 -1.0 -1.0 -1.0 2.019 1.881 4.646 1270.539 0.924 1071.373 2.4852092285051413 1.0
11.0 8.0 Car -1.0 -1.0 -1.0 -1.0 -1.0 -1.0 -1.0 1.91 1.699 4.621 1321.442 0.79 1029.941 2.4312436480162143 0.0
11.0 11.0 Car -1.0 -1.0 -1.0 -1.0 -1.0 -1.0 -1.0 2.09 1.822 4.627 1299.06 1.08 1051.127 0.8091520945160294 0.0
11.0 0.0 Car -1.0 -1.0 -1.0 -1.0 -1.0 -1.0 -1.0 2.054 1.799 4.595 1303.138 1.061 1049.917 0.7742455094761428 1.0
11.0 7.0 Car -1.0 -1.0 -1.0 -1.0 -1.0 -1.0 -1.0 1.998 1.833 4.982 1310.728 1.457 1057.926 0.8266053870359727 0.0
11.0 10.0 Truck -1.0 -1.0 -1.0 -1.0 -1.0 -1.0 -1.0 2.53 2.114 5.905 1277.077 0.382 1028.652 0.7916988019960861 1.0
12.0 4.0 Car -1.0 -1.0 -1.0 -1.0 -1.0 -1.0 -1.0 1.956 1.459 4.441 1228.59 0.931 1099.863 2.5248090038983717 1.0
12.0 3.0 Car -1.0 -1.0 -1.0 -1.0 -1.0 -1.0 -1.0 1.975 1.761 4.687 1324.85 2.663 1078.957 0.8498743224532569 0.0
12.0 9.0 Car -1.0 -1.0 -1.0 -1.0 -1.0 -1.0 -1.0 2.105 1.831 5.237 1326.436 0.892 1035.53 2.2094472066988153 0.0
12.0 12.0 Car -1.0 -1.0 -1.0 -1.0 -1.0 -1.0 -1.0 2.033 1.619 4.699 1255.254 0.814 1082.694 2.501423337254121 1.0
12.0 2.0 Car -1.0 -1.0 -1.0 -1.0 -1.0 -1.0 -1.0 2.019 1.881 4.646 1266.618 0.912 1073.964 2.5550223985849145 1.0
12.0 8.0 Car -1.0 -1.0 -1.0 -1.0 -1.0 -1.0 -1.0 1.91 1.699 4.621 1320.599 0.79 1030.667 2.4312436480162143 0.0
12.0 11.0 Car -1.0 -1.0 -1.0 -1.0 -1.0 -1.0 -1.0 2.09 1.822 4.627 1302.141 1.23 1054.326 0.8091520945160294 0.0
12.0 0.0 Car -1.0 -1.0 -1.0 -1.0 -1.0 -1.0 -1.0 2.054 1.799 4.595 1305.571 1.186 1052.397 0.8091457306881087 0.0
12.0 7.0 Car -1.0 -1.0 -1.0 -1.0 -1.0 -1.0 -1.0 1.998 1.833 4.982 1313.539 1.707 1060.959 0.8266053870359727 0.0
12.0 10.0 Truck -1.0 -1.0 -1.0 -1.0 -1.0 -1.0 -1.0 2.53 2.114 5.905 1279.881 0.382 1031.533 0.7916988019960861 1.0
13.0 4.0 Car -1.0 -1.0 -1.0 -1.0 -1.0 -1.0 -1.0 1.956 1.459 4.441 1224.015 0.931 1102.791 2.542252438354183 1.0
13.0 3.0 Car -1.0 -1.0 -1.0 -1.0 -1.0 -1.0 -1.0 1.975 1.761 4.687 1327.856 2.83 1082.411 0.8556898606441055 0.0
13.0 9.0 Car -1.0 -1.0 -1.0 -1.0 -1.0 -1.0 -1.0 2.105 1.831 5.237 1326.436 0.892 1035.53 2.2094472066988153 0.0
13.0 12.0 Car -1.0 -1.0 -1.0 -1.0 -1.0 -1.0 -1.0 2.033 1.619 4.699 1251.734 0.829 1085.326 2.501423337254121 1.0
13.0 2.0 Car -1.0 -1.0 -1.0 -1.0 -1.0 -1.0 -1.0 2.019 1.881 4.646 1262.715 0.951 1076.47 2.5550223985849145 1.0
13.0 8.0 Car -1.0 -1.0 -1.0 -1.0 -1.0 -1.0 -1.0 1.91 1.699 4.621 1319.853 0.79 1031.309 2.4312436480162143 0.0
13.0 11.0 Car -1.0 -1.0 -1.0 -1.0 -1.0 -1.0 -1.0 2.09 1.822 4.627 1305.222 1.38 1057.526 0.8091520945160294 0.0
13.0 0.0 Car -1.0 -1.0 -1.0 -1.0 -1.0 -1.0 -1.0 2.054 1.799 4.595 1308.025 1.311 1054.945 0.8091390527407111 0.0
13.0 7.0 Car -1.0 -1.0 -1.0 -1.0 -1.0 -1.0 -1.0 1.998 1.833 4.982 1316.515 1.957 1064.167 0.8266053870359727 0.0
13.0 10.0 Truck -1.0 -1.0 -1.0 -1.0 -1.0 -1.0 -1.0 2.53 2.114 5.905 1282.685 0.445 1034.414 0.7916988019960861 1.0
14.0 4.0 Car -1.0 -1.0 -1.0 -1.0 -1.0 -1.0 -1.0 1.956 1.459 4.441 1219.434 0.931 1105.722 2.5597155889382583 1.0
14.0 3.0 Car -1.0 -1.0 -1.0 -1.0 -1.0 -1.0 -1.0 1.975 1.761 4.687 1330.864 2.997 1085.868 0.8615119720758594 0.0
14.0 9.0 Car -1.0 -1.0 -1.0 -1.0 -1.0 -1.0 -1.0 2.105 1.831 5.237 1326.436 0.892 1035.53 2.2094472066988153 0.0
14.0 12.0 Car -1.0 -1.0 -1.0 -1.0 -1.0 -1.0 -1.0 2.033 1.619 4.699 1248.209 0.844 1087.96 2.501423337254121 1.0
14.0 2.0 Car -1.0 -1.0 -1.0 -1.0 -1.0 -1.0 -1.0 2.019 1.881 4.646 1259.063 0.939 1078.845 2.5550223985849145 1.0
14.0 8.0 Car -1.0 -1.0 -1.0 -1.0 -1.0 -1.0 -1.0 1.91 1.699 4.621 1319.13 0.79 1031.931 2.4312436480162143 0.0
14.0 6.0 Car -1.0 -1.0 -1.0 -1.0 -1.0 -1.0 -1.0 2.039 2.0 4.512 1342.307 0.49 1020.424 2.3598422283121523 0.0
14.0 11.0 Car -1.0 -1.0 -1.0 -1.0 -1.0 -1.0 -1.0 2.09 1.822 4.627 1308.547 1.655 1061.005 0.8004207723541172 0.0
14.0 0.0 Car -1.0 -1.0 -1.0 -1.0 -1.0 -1.0 -1.0 2.054 1.799 4.595 1310.687 1.511 1057.781 0.8266053870359727 0.0
14.0 7.0 Car -1.0 -1.0 -1.0 -1.0 -1.0 -1.0 -1.0 1.998 1.833 4.982 1319.542 2.208 1067.476 0.8266053870359727 0.0
14.0 10.0 Truck -1.0 -1.0 -1.0 -1.0 -1.0 -1.0 -1.0 2.53 2.114 5.905 1285.492 0.508 1037.299 0.7916988019960861 1.0
15.0 4.0 Car -1.0 -1.0 -1.0 -1.0 -1.0 -1.0 -1.0 1.956 1.459 4.441 1214.858 0.931 1108.65 2.5597155889382583 1.0
15.0 3.0 Car -1.0 -1.0 -1.0 -1.0 -1.0 -1.0 -1.0 1.975 1.761 4.687 1333.677 2.913 1089.147 0.8615119720758594 0.0
15.0 12.0 Car -1.0 -1.0 -1.0 -1.0 -1.0 -1.0 -1.0 2.033 1.619 4.699 1244.17 0.86 1090.979 2.501423337254121 1.0
15.0 2.0 Car -1.0 -1.0 -1.0 -1.0 -1.0 -1.0 -1.0 2.019 1.881 4.646 1255.021 0.927 1081.375 2.546300114330747 1.0
15.0 8.0 Car -1.0 -1.0 -1.0 -1.0 -1.0 -1.0 -1.0 1.91 1.699 4.621 1318.72 0.79 1032.283 2.4312436480162143 0.0
15.0 6.0 Car -1.0 -1.0 -1.0 -1.0 -1.0 -1.0 -1.0 2.039 2.0 4.512 1341.184 0.49 1021.539 2.3598422283121523 1.0
15.0 11.0 Car -1.0 -1.0 -1.0 -1.0 -1.0 -1.0 -1.0 2.09 1.822 4.627 1311.87 1.93 1064.48 0.7916988019960861 0.0
15.0 0.0 Car -1.0 -1.0 -1.0 -1.0 -1.0 -1.0 -1.0 2.054 1.799 4.595 1313.24 1.711 1060.62 0.8324213285200631 0.0
15.0 7.0 Car -1.0 -1.0 -1.0 -1.0 -1.0 -1.0 -1.0 1.998 1.833 4.982 1322.564 2.308 1070.781 0.8440586795559162 0.0
15.0 10.0 Truck -1.0 -1.0 -1.0 -1.0 -1.0 -1.0 -1.0 2.53 2.114 5.905 1288.295 0.57 1040.18 0.7916988019960861 1.0
16.0 4.0 Car -1.0 -1.0 -1.0 -1.0 -1.0 -1.0 -1.0 1.956 1.459 4.441 1210.461 0.969 1111.858 2.555293242761284 1.0
16.0 12.0 Car -1.0 -1.0 -1.0 -1.0 -1.0 -1.0 -1.0 2.033 1.619 4.699 1240.127 0.875 1094.0 2.501423337254121 1.0
16.0 2.0 Car -1.0 -1.0 -1.0 -1.0 -1.0 -1.0 -1.0 2.019 1.881 4.646 1250.891 0.916 1084.009 2.5375691060649714 1.0
16.0 8.0 Car -1.0 -1.0 -1.0 -1.0 -1.0 -1.0 -1.0 1.91 1.699 4.621 1318.455 0.79 1032.511 2.4312436480162143 0.0
16.0 6.0 Car -1.0 -1.0 -1.0 -1.0 -1.0 -1.0 -1.0 2.039 2.0 4.512 1340.169 0.49 1022.546 2.3598422283121523 1.0
16.0 11.0 Car -1.0 -1.0 -1.0 -1.0 -1.0 -1.0 -1.0 2.09 1.822 4.627 1315.226 2.055 1067.928 0.8266053870359727 0.0
16.0 0.0 Car -1.0 -1.0 -1.0 -1.0 -1.0 -1.0 -1.0 2.054 1.799 4.595 1316.007 1.911 1063.695 0.8382430870974219 0.0
16.0 7.0 Car -1.0 -1.0 -1.0 -1.0 -1.0 -1.0 -1.0 1.998 1.833 4.982 1325.563 2.408 1074.161 0.8440586795559162 0.0
16.0 10.0 Truck -1.0 -1.0 -1.0 -1.0 -1.0 -1.0 -1.0 2.53 2.114 5.905 1291.102 0.633 1043.065 0.7916988019960861 1.0
17.0 4.0 Car -1.0 -1.0 -1.0 -1.0 -1.0 -1.0 -1.0 1.956 1.459 4.441 1206.069 1.007 1115.063 2.5508755805147447 1.0
17.0 12.0 Car -1.0 -1.0 -1.0 -1.0 -1.0 -1.0 -1.0 2.033 1.619 4.699 1236.088 0.89 1097.018 2.501423337254121 1.0
17.0 2.0 Car -1.0 -1.0 -1.0 -1.0 -1.0 -1.0 -1.0 2.019 1.881 4.646 1245.713 0.904 1087.367 2.5375691060649714 0.0
17.0 8.0 Car -1.0 -1.0 -1.0 -1.0 -1.0 -1.0 -1.0 1.91 1.699 4.621 1318.431 0.79 1032.532 2.4312436480162143 0.0
17.0 6.0 Car -1.0 -1.0 -1.0 -1.0 -1.0 -1.0 -1.0 2.039 2.0 4.512 1339.288 0.49 1023.421 2.3598422283121523 0.0
17.0 11.0 Car -1.0 -1.0 -1.0 -1.0 -1.0 -1.0 -1.0 2.09 1.822 4.627 1318.852 2.305 1071.685 0.809161935161773 0.0
17.0 0.0 Car -1.0 -1.0 -1.0 -1.0 -1.0 -1.0 -1.0 2.054 1.799 4.595 1318.825 2.111 1066.827 0.8440586795559162 0.0
17.0 7.0 Car -1.0 -1.0 -1.0 -1.0 -1.0 -1.0 -1.0 1.998 1.833 4.982 1328.702 2.508 1077.692 0.8440586795559162 0.0
17.0 10.0 Truck -1.0 -1.0 -1.0 -1.0 -1.0 -1.0 -1.0 2.53 2.114 5.905 1293.775 0.783 1045.733 0.7916988019960861 1.0
18.0 4.0 Car -1.0 -1.0 -1.0 -1.0 -1.0 -1.0 -1.0 1.956 1.459 4.441 1201.671 1.045 1118.272 2.546452933859214 1.0
18.0 12.0 Car -1.0 -1.0 -1.0 -1.0 -1.0 -1.0 -1.0 2.033 1.619 4.699 1232.044 0.905 1100.039 2.501423337254121 1.0
18.0 2.0 Car -1.0 -1.0 -1.0 -1.0 -1.0 -1.0 -1.0 2.019 1.881 4.646 1240.529 0.893 1090.729 2.5375691060649714 0.0
18.0 8.0 Car -1.0 -1.0 -1.0 -1.0 -1.0 -1.0 -1.0 1.91 1.699 4.621 1318.431 0.79 1032.532 2.4312436480162143 0.0
18.0 6.0 Car -1.0 -1.0 -1.0 -1.0 -1.0 -1.0 -1.0 2.039 2.0 4.512 1338.517 0.49 1024.187 2.3598422283121523 0.0
18.0 11.0 Car -1.0 -1.0 -1.0 -1.0 -1.0 -1.0 -1.0 2.09 1.822 4.627 1322.483 2.555 1075.446 0.7916988019960861 0.0
18.0 0.0 Car -1.0 -1.0 -1.0 -1.0 -1.0 -1.0 -1.0 2.054 1.799 4.595 1321.678 2.292 1070.046 0.8440586795559162 0.0
18.0 7.0 Car -1.0 -1.0 -1.0 -1.0 -1.0 -1.0 -1.0 1.998 1.833 4.982 1331.708 2.608 1081.072 0.8440586795559162 0.0
18.0 10.0 Truck -1.0 -1.0 -1.0 -1.0 -1.0 -1.0 -1.0 2.53 2.114 5.905 1296.394 0.933 1048.346 0.7916988019960861 1.0
19.0 4.0 Car -1.0 -1.0 -1.0 -1.0 -1.0 -1.0 -1.0 1.956 1.459 4.441 1197.274 1.083 1121.481 2.5420303490669154 1.0
19.0 12.0 Car -1.0 -1.0 -1.0 -1.0 -1.0 -1.0 -1.0 2.033 1.619 4.699 1228.001 0.92 1103.06 2.501423337254121 0.0
19.0 2.0 Car -1.0 -1.0 -1.0 -1.0 -1.0 -1.0 -1.0 2.019 1.881 4.646 1234.819 0.881 1094.453 2.5375691060649714 0.0
19.0 8.0 Car -1.0 -1.0 -1.0 -1.0 -1.0 -1.0 -1.0 1.91 1.699 4.621 1318.431 0.79 1032.532 2.4312436480162143 0.0
19.0 6.0 Car -1.0 -1.0 -1.0 -1.0 -1.0 -1.0 -1.0 2.039 2.0 4.512 1337.965 0.49 1024.735 2.3598422283121523 0.0
19.0 11.0 Car -1.0 -1.0 -1.0 -1.0 -1.0 -1.0 -1.0 2.09 1.822 4.627 1326.014 2.697 1079.333 0.8382753215043846 0.0
19.0 0.0 Car -1.0 -1.0 -1.0 -1.0 -1.0 -1.0 -1.0 2.054 1.799 4.595 1324.656 2.473 1073.406 0.8440586795559162 0.0
19.0 10.0 Truck -1.0 -1.0 -1.0 -1.0 -1.0 -1.0 -1.0 2.53 2.114 5.905 1298.956 1.084 1050.901 0.7916988019960861 1.0
20.0 4.0 Car -1.0 -1.0 -1.0 -1.0 -1.0 -1.0 -1.0 1.956 1.459 4.441 1192.882 1.121 1124.686 2.5376125630939117 1.0
20.0 12.0 Car -1.0 -1.0 -1.0 -1.0 -1.0 -1.0 -1.0 2.033 1.619 4.699 1224.269 0.935 1105.769 2.5072433407037957 0.0
20.0 2.0 Car -1.0 -1.0 -1.0 -1.0 -1.0 -1.0 -1.0 2.019 1.881 4.646 1229.098 1.02 1098.147 2.572475691104858 0.0
20.0 8.0 Car -1.0 -1.0 -1.0 -1.0 -1.0 -1.0 -1.0 1.91 1.699 4.621 1318.431 0.79 1032.532 2.4312436480162143 0.0
20.0 6.0 Car -1.0 -1.0 -1.0 -1.0 -1.0 -1.0 -1.0 2.039 2.0 4.512 1337.568 0.49 1025.129 2.3598422283121523 0.0
20.0 11.0 Car -1.0 -1.0 -1.0 -1.0 -1.0 -1.0 -1.0 2.09 1.822 4.627 1329.356 2.839 1083.375 0.8848013021737431 0.0
20.0 0.0 Car -1.0 -1.0 -1.0 -1.0 -1.0 -1.0 -1.0 2.054 1.799 4.595 1327.632 2.654 1076.764 0.8440586795559162 0.0
20.0 10.0 Truck -1.0 -1.0 -1.0 -1.0 -1.0 -1.0 -1.0 2.53 2.114 5.905 1301.657 1.284 1053.598 0.7916988019960861 1.0
21.0 4.0 Car -1.0 -1.0 -1.0 -1.0 -1.0 -1.0 -1.0 1.956 1.459 4.441 1188.49 1.159 1127.891 2.5331949803858143 0.0
21.0 12.0 Car -1.0 -1.0 -1.0 -1.0 -1.0 -1.0 -1.0 2.033 1.619 4.699 1220.537 0.95 1108.477 2.513063076371722 0.0
21.0 1.0 Car -1.0 -1.0 -1.0 -1.0 -1.0 -1.0 -1.0 2.118 1.845 4.379 1162.882 1.618 1130.813 -0.6014430782320703 0.0
21.0 2.0 Car -1.0 -1.0 -1.0 -1.0 -1.0 -1.0 -1.0 2.019 1.881 4.646 1221.994 1.058 1102.64 2.624835568664688 0.0
21.0 8.0 Car -1.0 -1.0 -1.0 -1.0 -1.0 -1.0 -1.0 1.91 1.699 4.621 1318.431 0.79 1032.532 2.4312436480162143 0.0
21.0 6.0 Car -1.0 -1.0 -1.0 -1.0 -1.0 -1.0 -1.0 2.039 2.0 4.512 1337.37 0.49 1025.326 2.3598422283121523 0.0
21.0 11.0 Car -1.0 -1.0 -1.0 -1.0 -1.0 -1.0 -1.0 2.09 1.822 4.627 1332.507 2.98 1087.569 0.9313251421556327 0.0
21.0 0.0 Car -1.0 -1.0 -1.0 -1.0 -1.0 -1.0 -1.0 2.054 1.799 4.595 1330.341 2.835 1079.821 0.8440586795559162 0.0
21.0 10.0 Truck -1.0 -1.0 -1.0 -1.0 -1.0 -1.0 -1.0 2.53 2.114 5.905 1304.359 1.484 1056.295 0.7916988019960861 1.0
22.0 4.0 Car -1.0 -1.0 -1.0 -1.0 -1.0 -1.0 -1.0 1.956 1.459 4.441 1185.642 1.347 1130.095 2.5331949803858143 0.0
22.0 12.0 Car -1.0 -1.0 -1.0 -1.0 -1.0 -1.0 -1.0 2.033 1.619 4.699 1216.81 0.965 1111.183 2.518876629774064 0.0
22.0 1.0 Car -1.0 -1.0 -1.0 -1.0 -1.0 -1.0 -1.0 2.118 1.845 4.379 1165.028 1.568 1129.414 -0.6014430782320703 1.0
22.0 2.0 Car -1.0 -1.0 -1.0 -1.0 -1.0 -1.0 -1.0 2.019 1.881 4.646 1216.069 1.097 1106.021 2.6073822761447447 0.0
22.0 8.0 Car -1.0 -1.0 -1.0 -1.0 -1.0 -1.0 -1.0 1.91 1.699 4.621 1318.431 0.79 1032.532 2.4312436480162143 0.0
22.0 6.0 Car -1.0 -1.0 -1.0 -1.0 -1.0 -1.0 -1.0 2.039 2.0 4.512 1337.171 0.49 1025.522 2.3598422283121523 0.0
22.0 0.0 Car -1.0 -1.0 -1.0 -1.0 -1.0 -1.0 -1.0 2.054 1.799 4.595 1333.29 2.916 1083.089 0.9313251421556327 0.0
22.0 10.0 Truck -1.0 -1.0 -1.0 -1.0 -1.0 -1.0 -1.0 2.53 2.114 5.905 1307.057 1.684 1058.989 0.7916988019960861 0.0
23.0 4.0 Car -1.0 -1.0 -1.0 -1.0 -1.0 -1.0 -1.0 1.956 1.459 4.441 1185.513 1.357 1130.233 2.5331949803858143 0.0
23.0 12.0 Car -1.0 -1.0 -1.0 -1.0 -1.0 -1.0 -1.0 2.033 1.619 4.699 1213.461 0.993 1113.629 2.518876629774064 0.0
23.0 1.0 Car -1.0 -1.0 -1.0 -1.0 -1.0 -1.0 -1.0 2.118 1.845 4.379 1166.961 1.523 1128.155 -0.6014430782320703 1.0
23.0 2.0 Car -1.0 -1.0 -1.0 -1.0 -1.0 -1.0 -1.0 2.019 1.881 4.646 1210.926 1.131 1109.136 2.5550223985849145 0.0
23.0 6.0 Car -1.0 -1.0 -1.0 -1.0 -1.0 -1.0 -1.0 2.039 2.0 4.512 1337.061 0.49 1025.632 2.3598422283121523 0.0
23.0 5.0 Truck -1.0 -1.0 -1.0 -1.0 -1.0 -1.0 -1.0 3.166 3.626 11.01 1321.76 1.884 1043.771 2.0724214070948968 0.0
23.0 0.0 Car -1.0 -1.0 -1.0 -1.0 -1.0 -1.0 -1.0 2.054 1.799 4.595 1335.894 2.988 1086.069 0.948778434675576 0.0
23.0 10.0 Truck -1.0 -1.0 -1.0 -1.0 -1.0 -1.0 -1.0 2.53 2.114 5.905 1309.451 1.864 1061.609 0.8241943474672837 0.0
24.0 4.0 Car -1.0 -1.0 -1.0 -1.0 -1.0 -1.0 -1.0 1.956 1.459 4.441 1185.369 1.369 1130.386 2.5331949803858143 0.0
24.0 12.0 Car -1.0 -1.0 -1.0 -1.0 -1.0 -1.0 -1.0 2.033 1.619 4.699 1209.738 1.024 1116.35 2.518876629774064 0.0
24.0 1.0 Car -1.0 -1.0 -1.0 -1.0 -1.0 -1.0 -1.0 2.118 1.845 4.379 1170.026 1.473 1126.126 -0.6014430782320703 1.0
24.0 2.0 Car -1.0 -1.0 -1.0 -1.0 -1.0 -1.0 -1.0 2.019 1.881 4.646 1205.09 1.32 1112.831 2.5375691060649714 0.0
24.0 6.0 Car -1.0 -1.0 -1.0 -1.0 -1.0 -1.0 -1.0 2.039 2.0 4.512 1337.061 0.49 1025.632 2.3598422283121523 0.0
24.0 5.0 Truck -1.0 -1.0 -1.0 -1.0 -1.0 -1.0 -1.0 3.166 3.626 11.01 1321.76 1.884 1043.771 2.0724214070948968 0.0
24.0 10.0 Truck -1.0 -1.0 -1.0 -1.0 -1.0 -1.0 -1.0 2.53 2.114 5.905 1311.925 2.064 1064.514 0.8603260407230748 0.0
25.0 4.0 Car -1.0 -1.0 -1.0 -1.0 -1.0 -1.0 -1.0 1.956 1.459 4.441 1185.338 1.389 1130.412 2.5331949803858143 0.0
25.0 12.0 Car -1.0 -1.0 -1.0 -1.0 -1.0 -1.0 -1.0 2.033 1.619 4.699 1206.019 1.055 1119.067 2.518876629774064 0.0
25.0 1.0 Car -1.0 -1.0 -1.0 -1.0 -1.0 -1.0 -1.0 2.118 1.845 4.379 1173.088 1.423 1124.099 -0.6014430782320703 1.0
25.0 2.0 Car -1.0 -1.0 -1.0 -1.0 -1.0 -1.0 -1.0 2.019 1.881 4.646 1200.41 1.408 1115.884 2.5375691060649714 0.0
25.0 6.0 Car -1.0 -1.0 -1.0 -1.0 -1.0 -1.0 -1.0 2.039 2.0 4.512 1337.061 0.49 1025.632 2.3598422283121523 0.0
25.0 5.0 Truck -1.0 -1.0 -1.0 -1.0 -1.0 -1.0 -1.0 3.166 3.626 11.01 1321.76 1.884 1043.771 2.0724214070948968 0.0
25.0 10.0 Truck -1.0 -1.0 -1.0 -1.0 -1.0 -1.0 -1.0 2.53 2.114 5.905 1314.289 2.264 1067.504 0.896418557115746 0.0
26.0 4.0 Car -1.0 -1.0 -1.0 -1.0 -1.0 -1.0 -1.0 1.956 1.459 4.441 1185.306 1.409 1130.437 2.5331949803858143 0.0
26.0 12.0 Car -1.0 -1.0 -1.0 -1.0 -1.0 -1.0 -1.0 2.033 1.619 4.699 1202.296 1.085 1121.787 2.518876629774064 0.0
26.0 1.0 Car -1.0 -1.0 -1.0 -1.0 -1.0 -1.0 -1.0 2.118 1.845 4.379 1176.154 1.373 1122.07 -0.6014430782320703 1.0
26.0 2.0 Car -1.0 -1.0 -1.0 -1.0 -1.0 -1.0 -1.0 2.019 1.881 4.646 1195.834 1.496 1119.098 2.5201158135450283 0.0
26.0 6.0 Car -1.0 -1.0 -1.0 -1.0 -1.0 -1.0 -1.0 2.039 2.0 4.512 1337.061 0.49 1025.632 2.3598422283121523 0.0
26.0 5.0 Truck -1.0 -1.0 -1.0 -1.0 -1.0 -1.0 -1.0 3.166 3.626 11.01 1321.76 1.884 1043.771 2.0724214070948968 1.0
26.0 10.0 Truck -1.0 -1.0 -1.0 -1.0 -1.0 -1.0 -1.0 2.53 2.114 5.905 1316.667 2.431 1070.574 0.9189343562088123 0.0
27.0 4.0 Car -1.0 -1.0 -1.0 -1.0 -1.0 -1.0 -1.0 1.956 1.459 4.441 1185.272 1.431 1130.465 2.5331949803858143 0.0
27.0 12.0 Car -1.0 -1.0 -1.0 -1.0 -1.0 -1.0 -1.0 2.033 1.619 4.699 1198.202 1.119 1124.778 2.518876629774064 0.0
27.0 1.0 Car -1.0 -1.0 -1.0 -1.0 -1.0 -1.0 -1.0 2.118 1.845 4.379 1180.49 1.319 1119.196 -0.6014430782320703 0.0
27.0 2.0 Car -1.0 -1.0 -1.0 -1.0 -1.0 -1.0 -1.0 2.019 1.881 4.646 1190.723 1.584 1122.516 2.5201158135450283 0.0
27.0 6.0 Car -1.0 -1.0 -1.0 -1.0 -1.0 -1.0 -1.0 2.039 2.0 4.512 1337.061 0.49 1025.632 2.3598422283121523 0.0
27.0 5.0 Truck -1.0 -1.0 -1.0 -1.0 -1.0 -1.0 -1.0 3.166 3.626 11.01 1321.76 1.884 1043.771 2.0724214070948968 0.0
27.0 10.0 Truck -1.0 -1.0 -1.0 -1.0 -1.0 -1.0 -1.0 2.53 2.114 5.905 1319.162 2.616 1074.039 0.9436907493458081 0.0
28.0 4.0 Car -1.0 -1.0 -1.0 -1.0 -1.0 -1.0 -1.0 1.956 1.459 4.441 1185.24 1.451 1130.491 2.5331949803858143 0.0
28.0 12.0 Car -1.0 -1.0 -1.0 -1.0 -1.0 -1.0 -1.0 2.033 1.619 4.699 1194.475 1.15 1127.501 2.518876629774064 0.0
28.0 1.0 Car -1.0 -1.0 -1.0 -1.0 -1.0 -1.0 -1.0 2.118 1.845 4.379 1184.438 1.268 1116.58 -0.6014430782320703 0.0
28.0 2.0 Car -1.0 -1.0 -1.0 -1.0 -1.0 -1.0 -1.0 2.019 1.881 4.646 1186.393 1.638 1125.534 2.528842468524017 0.0
28.0 6.0 Car -1.0 -1.0 -1.0 -1.0 -1.0 -1.0 -1.0 2.039 2.0 4.512 1337.061 0.49 1025.632 2.3598422283121523 0.0
28.0 5.0 Truck -1.0 -1.0 -1.0 -1.0 -1.0 -1.0 -1.0 3.166 3.626 11.01 1321.76 1.884 1043.771 2.0724214070948968 0.0
28.0 10.0 Truck -1.0 -1.0 -1.0 -1.0 -1.0 -1.0 -1.0 2.53 2.114 5.905 1321.434 2.784 1077.193 0.9662317271955192 0.0
29.0 4.0 Car -1.0 -1.0 -1.0 -1.0 -1.0 -1.0 -1.0 1.956 1.459 4.441 1185.209 1.471 1130.517 2.5331949803858143 0.0
29.0 12.0 Car -1.0 -1.0 -1.0 -1.0 -1.0 -1.0 -1.0 2.033 1.619 4.699 1190.747 1.181 1130.225 2.518876629774064 0.0
29.0 1.0 Car -1.0 -1.0 -1.0 -1.0 -1.0 -1.0 -1.0 2.118 1.845 4.379 1188.387 1.218 1113.963 -0.6014430782320703 0.0
29.0 5.0 Truck -1.0 -1.0 -1.0 -1.0 -1.0 -1.0 -1.0 3.166 3.626 11.01 1321.76 1.884 1043.771 2.0724214070948968 0.0
29.0 10.0 Truck -1.0 -1.0 -1.0 -1.0 -1.0 -1.0 -1.0 2.53 2.114 5.905 1323.582 2.934 1080.234 0.9662317271955192 0.0
30.0 4.0 Car -1.0 -1.0 -1.0 -1.0 -1.0 -1.0 -1.0 1.956 1.459 4.441 1185.177 1.491 1130.542 2.5331949803858143 0.0
30.0 12.0 Car -1.0 -1.0 -1.0 -1.0 -1.0 -1.0 -1.0 2.033 1.619 4.699 1187.02 1.212 1132.948 2.518876629774064 0.0
30.0 1.0 Car -1.0 -1.0 -1.0 -1.0 -1.0 -1.0 -1.0 2.118 1.845 4.379 1193.649 1.168 1110.339 -0.6014430782320703 0.0
30.0 5.0 Truck -1.0 -1.0 -1.0 -1.0 -1.0 -1.0 -1.0 3.166 3.626 11.01 1321.76 1.884 1043.771 2.0724214070948968 0.0
30.0 10.0 Truck -1.0 -1.0 -1.0 -1.0 -1.0 -1.0 -1.0 2.53 2.114 5.905 1325.847 3.032 1083.198 1.0121739494275228 0.0
31.0 4.0 Car -1.0 -1.0 -1.0 -1.0 -1.0 -1.0 -1.0 1.956 1.459 4.441 1185.149 1.509 1130.565 2.5331949803858143 0.0
31.0 1.0 Car -1.0 -1.0 -1.0 -1.0 -1.0 -1.0 -1.0 2.118 1.845 4.379 1197.813 1.123 1107.206 -0.6014430782320703 0.0
31.0 5.0 Truck -1.0 -1.0 -1.0 -1.0 -1.0 -1.0 -1.0 3.166 3.626 11.01 1321.76 1.884 1043.771 2.0724214070948968 0.0
31.0 10.0 Truck -1.0 -1.0 -1.0 -1.0 -1.0 -1.0 -1.0 2.53 2.114 5.905 1327.767 3.12 1085.95 1.0534981897952358 0.0
32.0 4.0 Car -1.0 -1.0 -1.0 -1.0 -1.0 -1.0 -1.0 1.956 1.459 4.441 1185.117 1.529 1130.591 2.5331949803858143 0.0
32.0 1.0 Car -1.0 -1.0 -1.0 -1.0 -1.0 -1.0 -1.0 2.118 1.845 4.379 1202.442 1.073 1103.724 -0.6014430782320703 0.0
32.0 5.0 Truck -1.0 -1.0 -1.0 -1.0 -1.0 -1.0 -1.0 3.166 3.626 11.01 1321.76 1.884 1043.771 2.0724214070948968 0.0
32.0 10.0 Truck -1.0 -1.0 -1.0 -1.0 -1.0 -1.0 -1.0 2.53 2.114 5.905 1329.865 3.217 1088.774 1.0534981897952358 0.0
33.0 1.0 Car -1.0 -1.0 -1.0 -1.0 -1.0 -1.0 -1.0 2.118 1.845 4.379 1207.532 1.018 1099.895 -0.6014430782320703 0.0
33.0 5.0 Truck -1.0 -1.0 -1.0 -1.0 -1.0 -1.0 -1.0 3.166 3.626 11.01 1321.724 1.884 1043.836 2.0724214070948968 0.0
33.0 10.0 Truck -1.0 -1.0 -1.0 -1.0 -1.0 -1.0 -1.0 2.53 2.114 5.905 1332.172 3.325 1091.879 1.0534981897952358 0.0
34.0 1.0 Car -1.0 -1.0 -1.0 -1.0 -1.0 -1.0 -1.0 2.118 1.845 4.379 1212.161 0.968 1096.413 -0.6014430782320703 0.0
34.0 5.0 Truck -1.0 -1.0 -1.0 -1.0 -1.0 -1.0 -1.0 3.166 3.626 11.01 1321.513 1.884 1044.225 2.0549681145749537 0.0
35.0 1.0 Car -1.0 -1.0 -1.0 -1.0 -1.0 -1.0 -1.0 2.118 1.845 4.379 1216.785 0.918 1092.935 -0.610164699300598 0.0
35.0 5.0 Truck -1.0 -1.0 -1.0 -1.0 -1.0 -1.0 -1.0 3.166 3.626 11.01 1321.239 1.884 1044.747 2.0200615295350666 0.0
36.0 1.0 Car -1.0 -1.0 -1.0 -1.0 -1.0 -1.0 -1.0 2.118 1.845 4.379 1221.414 0.868 1089.452 -0.6188963707520133 0.0
36.0 5.0 Truck -1.0 -1.0 -1.0 -1.0 -1.0 -1.0 -1.0 3.166 3.626 11.01 1320.913 1.934 1045.569 1.9851549444951802 0.0
37.0 1.0 Car -1.0 -1.0 -1.0 -1.0 -1.0 -1.0 -1.0 2.118 1.845 4.379 1226.127 0.818 1085.836 -0.6188963707520133 0.0
37.0 5.0 Truck -1.0 -1.0 -1.0 -1.0 -1.0 -1.0 -1.0 3.166 3.626 11.01 1320.739 2.034 1046.215 1.9851549444951802 0.0
38.0 1.0 Car -1.0 -1.0 -1.0 -1.0 -1.0 -1.0 -1.0 2.118 1.845 4.379 1231.682 0.818 1081.843 -0.6014430782320703 0.0
38.0 5.0 Truck -1.0 -1.0 -1.0 -1.0 -1.0 -1.0 -1.0 3.166 3.626 11.01 1320.625 2.034 1046.726 1.9851549444951802 0.0
