0.0 1.0 Bus -1.0 -1.0 -1.0 -1.0 -1.0 -1.0 -1.0 2.981 3.559 8.798 1901.968 1.99 864.436 0.040166504977584123 0.0
0.0 3.0 Car -1.0 -1.0 -1.0 -1.0 -1.0 -1.0 -1.0 2.079 2.04 4.972 1969.106 1.024 874.869 3.141592653589793 0.0
0.0 2.0 Bus -1.0 -1.0 -1.0 -1.0 -1.0 -1.0 -1.0 2.981 3.559 9.646 1909.574 1.84 865.558 0.2873795804457186 0.0
1.0 1.0 Bus -1.0 -1.0 -1.0 -1.0 -1.0 -1.0 -1.0 2.981 3.559 8.798 1902.12 1.953 864.526 0.050355193322535685 1.0
1.0 3.0 Car -1.0 -1.0 -1.0 -1.0 -1.0 -1.0 -1.0 2.079 2.04 4.972 1965.781 1.098 874.805 3.141592653589793 1.0
1.0 2.0 Bus -1.0 -1.0 -1.0 -1.0 -1.0 -1.0 -1.0 2.981 3.559 9.646 1910.239 1.84 865.892 0.2873795804457186 1.0
2.0 1.0 Bus -1.0 -1.0 -1.0 -1.0 -1.0 -1.0 -1.0 2.981 3.559 8.798 1902.312 1.915 864.607 0.11298301870954508 1.0
2.0 0.0 Car -1.0 -1.0 -1.0 -1.0 -1.0 -1.0 -1.0 2.076 1.531 4.813 1937.976 0.751 893.119 -2.078317148489996 0.0
2.0 3.0 Car -1.0 -1.0 -1.0 -1.0 -1.0 -1.0 -1.0 2.079 2.04 4.972 1962.453 1.172 874.741 3.141592653589793 1.0
2.0 2.0 Bus -1.0 -1.0 -1.0 -1.0 -1.0 -1.0 -1.0 2.981 3.559 9.646 1910.905 1.84 866.227 0.2873795804457186 1.0
3.0 1.0 Bus -1.0 -1.0 -1.0 -1.0 -1.0 -1.0 -1.0 2.981 3.559 8.798 1903.249 1.899 864.677 0.1302789702650029 1.0
3.0 0.0 Car -1.0 -1.0 -1.0 -1.0 -1.0 -1.0 -1.0 2.076 1.531 4.813 1936.983 0.754 891.143 -2.078317148489996 1.0
3.0 3.0 Car -1.0 -1.0 -1.0 -1.0 -1.0 -1.0 -1.0 2.079 2.04 4.972 1959.417 1.152 874.737 3.141592653589793 1.0
3.0 2.0 Bus -1.0 -1.0 -1.0 -1.0 -1.0 -1.0 -1.0 2.981 3.559 9.646 1911.57 1.84 866.562 0.2873795804457186 1.0
4.0 1.0 Bus -1.0 -1.0 -1.0 -1.0 -1.0 -1.0 -1.0 2.981 3.559 8.798 1904.186 1.884 864.763 0.14759426345234128 1.0
4.0 0.0 Car -1.0 -1.0 -1.0 -1.0 -1.0 -1.0 -1.0 2.076 1.531 4.813 1936.079 0.73 889.464 -2.0079489445430863 1.0
4.0 3.0 Car -1.0 -1.0 -1.0 -1.0 -1.0 -1.0 -1.0 2.079 2.04 4.972 1956.377 1.132 874.734 3.141592653589793 1.0
4.0 2.0 Bus -1.0 -1.0 -1.0 -1.0 -1.0 -1.0 -1.0 2.981 3.559 9.646 1912.236 1.84 866.897 0.33973945800554856 1.0
5.0 1.0 Bus -1.0 -1.0 -1.0 -1.0 -1.0 -1.0 -1.0 2.981 3.559 8.798 1905.119 1.868 864.88 0.16490927983636094 1.0
5.0 0.0 Car -1.0 -1.0 -1.0 -1.0 -1.0 -1.0 -1.0 2.076 1.531 4.813 1935.427 0.927 887.683 -1.9892417066993737 1.0
5.0 3.0 Car -1.0 -1.0 -1.0 -1.0 -1.0 -1.0 -1.0 2.079 2.04 4.972 1952.813 1.138 874.65 3.141592653589793 1.0
5.0 2.0 Bus -1.0 -1.0 -1.0 -1.0 -1.0 -1.0 -1.0 2.981 3.559 9.646 1913.57 1.84 867.309 0.33973945800554856 0.0
6.0 1.0 Bus -1.0 -1.0 -1.0 -1.0 -1.0 -1.0 -1.0 2.981 3.559 8.798 1906.051 1.853 864.996 0.18220575039804096 1.0
6.0 0.0 Car -1.0 -1.0 -1.0 -1.0 -1.0 -1.0 -1.0 2.076 1.531 4.813 1934.822 0.969 885.888 -1.9705545058629508 1.0
6.0 3.0 Car -1.0 -1.0 -1.0 -1.0 -1.0 -1.0 -1.0 2.079 2.04 4.972 1949.252 1.143 874.567 3.141592653589793 1.0
6.0 2.0 Bus -1.0 -1.0 -1.0 -1.0 -1.0 -1.0 -1.0 2.981 3.559 9.646 1915.091 1.84 867.787 0.33973945800554856 0.0
7.0 1.0 Bus -1.0 -1.0 -1.0 -1.0 -1.0 -1.0 -1.0 2.981 3.559 8.798 1906.798 1.84 865.09 0.1960574382613576 1.0
7.0 0.0 Car -1.0 -1.0 -1.0 -1.0 -1.0 -1.0 -1.0 2.076 1.531 4.813 1934.337 1.003 884.451 -1.955589066983258 0.0
7.0 3.0 Car -1.0 -1.0 -1.0 -1.0 -1.0 -1.0 -1.0 2.079 2.04 4.972 1946.401 1.148 874.5 3.141592653589793 1.0
7.0 2.0 Bus -1.0 -1.0 -1.0 -1.0 -1.0 -1.0 -1.0 2.981 3.559 9.646 1915.657 1.84 867.939 0.33973945800554856 0.0
8.0 1.0 Bus -1.0 -1.0 -1.0 -1.0 -1.0 -1.0 -1.0 2.981 3.559 8.798 1907.534 1.84 865.366 0.28075646955406386 0.0
8.0 0.0 Car -1.0 -1.0 -1.0 -1.0 -1.0 -1.0 -1.0 2.076 1.531 4.813 1933.859 0.878 883.18 -1.9059046234138217 0.0
8.0 3.0 Car -1.0 -1.0 -1.0 -1.0 -1.0 -1.0 -1.0 2.079 2.04 4.972 1942.836 1.154 874.417 3.141592653589793 1.0
8.0 2.0 Bus -1.0 -1.0 -1.0 -1.0 -1.0 -1.0 -1.0 2.981 3.559 9.646 1916.6 1.84 868.213 0.3048328729656619 0.0
9.0 1.0 Bus -1.0 -1.0 -1.0 -1.0 -1.0 -1.0 -1.0 2.981 3.559 8.798 1909.104 1.84 865.896 0.2781917420592641 1.0
9.0 0.0 Car -1.0 -1.0 -1.0 -1.0 -1.0 -1.0 -1.0 2.076 1.531 4.813 1933.498 0.85 882.249 -1.9059046234138217 0.0
9.0 3.0 Car -1.0 -1.0 -1.0 -1.0 -1.0 -1.0 -1.0 2.079 2.04 4.972 1939.271 1.134 874.334 3.141592653589793 1.0
9.0 2.0 Bus -1.0 -1.0 -1.0 -1.0 -1.0 -1.0 -1.0 2.981 3.559 9.646 1918.217 1.84 868.562 0.2699262879257753 0.0
10.0 1.0 Bus -1.0 -1.0 -1.0 -1.0 -1.0 -1.0 -1.0 2.981 3.559 8.798 1911.102 1.84 866.542 0.2756243723191354 1.0
10.0 0.0 Car -1.0 -1.0 -1.0 -1.0 -1.0 -1.0 -1.0 2.076 1.531 4.813 1933.305 0.821 881.696 -1.9059046234138217 0.0
10.0 3.0 Car -1.0 -1.0 -1.0 -1.0 -1.0 -1.0 -1.0 2.079 2.04 4.972 1935.702 1.113 874.252 3.141592653589793 1.0
10.0 2.0 Bus -1.0 -1.0 -1.0 -1.0 -1.0 -1.0 -1.0 2.981 3.559 9.646 1920.257 1.84 868.89 0.2175664103659454 0.0
11.0 1.0 Bus -1.0 -1.0 -1.0 -1.0 -1.0 -1.0 -1.0 2.981 3.559 8.798 1912.275 1.84 866.948 0.27305676144205426 1.0
11.0 0.0 Car -1.0 -1.0 -1.0 -1.0 -1.0 -1.0 -1.0 2.076 1.531 4.813 1933.112 0.793 881.144 -1.9059046234138217 0.0
11.0 3.0 Car -1.0 -1.0 -1.0 -1.0 -1.0 -1.0 -1.0 2.079 2.04 4.972 1932.132 1.093 874.169 3.141592653589793 1.0
11.0 2.0 Bus -1.0 -1.0 -1.0 -1.0 -1.0 -1.0 -1.0 2.981 3.559 9.646 1921.589 1.84 869.046 0.18265982532605873 0.0
12.0 1.0 Bus -1.0 -1.0 -1.0 -1.0 -1.0 -1.0 -1.0 2.981 3.559 8.798 1914.695 1.84 867.588 0.23501970288588872 1.0
12.0 0.0 Car -1.0 -1.0 -1.0 -1.0 -1.0 -1.0 -1.0 2.076 1.531 4.813 1933.047 0.813 881.073 -1.9059046234138217 0.0
12.0 3.0 Car -1.0 -1.0 -1.0 -1.0 -1.0 -1.0 -1.0 2.079 2.04 4.972 1927.849 1.068 874.07 3.141592653589793 1.0
12.0 2.0 Bus -1.0 -1.0 -1.0 -1.0 -1.0 -1.0 -1.0 2.981 3.559 9.646 1923.893 1.84 869.362 0.1652065328061154 0.0
13.0 1.0 Bus -1.0 -1.0 -1.0 -1.0 -1.0 -1.0 -1.0 2.981 3.559 8.798 1916.73 1.84 868.051 0.20332341034271437 1.0
13.0 0.0 Car -1.0 -1.0 -1.0 -1.0 -1.0 -1.0 -1.0 2.076 1.531 4.813 1932.994 0.83 881.013 -1.9059046234138217 0.0
13.0 3.0 Car -1.0 -1.0 -1.0 -1.0 -1.0 -1.0 -1.0 2.079 2.04 4.972 1924.877 1.073 873.96 -3.137224647438651 1.0
13.0 2.0 Bus -1.0 -1.0 -1.0 -1.0 -1.0 -1.0 -1.0 2.981 3.559 9.646 1925.941 1.84 869.645 0.13029994776622877 0.0
14.0 1.0 Bus -1.0 -1.0 -1.0 -1.0 -1.0 -1.0 -1.0 2.981 3.559 8.798 1918.778 1.84 868.449 0.17162439415721534 1.0
14.0 0.0 Car -1.0 -1.0 -1.0 -1.0 -1.0 -1.0 -1.0 2.076 1.531 4.813 1932.976 0.756 880.942 -1.9059046234138217 0.0
14.0 3.0 Car -1.0 -1.0 -1.0 -1.0 -1.0 -1.0 -1.0 2.079 2.04 4.972 1921.905 1.078 873.849 -3.1328562659475088 1.0
14.0 2.0 Bus -1.0 -1.0 -1.0 -1.0 -1.0 -1.0 -1.0 2.981 3.559 9.646 1928.145 1.84 869.748 0.11284665524628544 0.0
15.0 1.0 Bus -1.0 -1.0 -1.0 -1.0 -1.0 -1.0 -1.0 2.981 3.559 8.798 1920.943 1.84 868.759 0.1596092200779864 1.0
15.0 0.0 Car -1.0 -1.0 -1.0 -1.0 -1.0 -1.0 -1.0 2.076 1.531 4.813 1932.958 0.741 880.871 -1.9059046234138217 0.0
15.0 3.0 Car -1.0 -1.0 -1.0 -1.0 -1.0 -1.0 -1.0 2.079 2.04 4.972 1918.939 1.082 873.739 -3.128497983721005 1.0
15.0 2.0 Bus -1.0 -1.0 -1.0 -1.0 -1.0 -1.0 -1.0 2.981 3.559 9.646 1930.328 1.84 869.982 0.11284665524628544 0.0
16.0 1.0 Bus -1.0 -1.0 -1.0 -1.0 -1.0 -1.0 -1.0 2.981 3.559 8.798 1923.085 1.84 869.246 0.11268515918217804 1.0
16.0 0.0 Car -1.0 -1.0 -1.0 -1.0 -1.0 -1.0 -1.0 2.076 1.531 4.813 1933.005 0.727 880.987 -1.9059046234138217 0.0
16.0 3.0 Car -1.0 -1.0 -1.0 -1.0 -1.0 -1.0 -1.0 2.079 2.04 4.972 1915.974 1.087 873.628 -3.1241393610698505 1.0
16.0 2.0 Bus -1.0 -1.0 -1.0 -1.0 -1.0 -1.0 -1.0 2.981 3.559 9.646 1932.659 1.74 870.1 0.11284665524628544 0.0
17.0 1.0 Bus -1.0 -1.0 -1.0 -1.0 -1.0 -1.0 -1.0 2.981 3.559 8.798 1925.56 1.84 869.476 0.10396516427619228 1.0
17.0 0.0 Car -1.0 -1.0 -1.0 -1.0 -1.0 -1.0 -1.0 2.076 1.531 4.813 1933.041 0.712 881.072 -1.9059046234138217 0.0
17.0 3.0 Car -1.0 -1.0 -1.0 -1.0 -1.0 -1.0 -1.0 2.079 2.04 4.972 1913.045 1.085 873.459 -3.1197781530814277 1.0
18.0 1.0 Bus -1.0 -1.0 -1.0 -1.0 -1.0 -1.0 -1.0 2.981 3.559 8.798 1928.036 1.84 869.705 0.09524146835434034 0.0
18.0 0.0 Car -1.0 -1.0 -1.0 -1.0 -1.0 -1.0 -1.0 2.076 1.531 4.813 1932.963 0.698 880.829 -1.9059046234138217 0.0
18.0 3.0 Car -1.0 -1.0 -1.0 -1.0 -1.0 -1.0 -1.0 2.079 2.04 4.972 1910.114 1.083 873.29 -3.115415094071286 1.0
19.0 1.0 Bus -1.0 -1.0 -1.0 -1.0 -1.0 -1.0 -1.0 2.981 3.559 8.798 1930.513 1.84 869.934 0.08651480463674675 0.0
19.0 3.0 Car -1.0 -1.0 -1.0 -1.0 -1.0 -1.0 -1.0 2.079 2.04 4.972 1907.183 1.081 873.121 -3.111050550751276 1.0
20.0 1.0 Bus -1.0 -1.0 -1.0 -1.0 -1.0 -1.0 -1.0 2.981 3.559 8.798 1933.264 1.84 870.164 0.0777882631225071 0.0
20.0 3.0 Car -1.0 -1.0 -1.0 -1.0 -1.0 -1.0 -1.0 2.079 2.04 4.972 1904.251 1.08 872.952 -3.106686068549907 1.0
21.0 1.0 Bus -1.0 -1.0 -1.0 -1.0 -1.0 -1.0 -1.0 2.981 3.559 8.798 1936.015 1.84 870.394 0.06906132008296129 0.0
21.0 3.0 Car -1.0 -1.0 -1.0 -1.0 -1.0 -1.0 -1.0 2.079 2.04 4.972 1901.638 1.079 872.659 -3.100870309304 1.0
22.0 1.0 Bus -1.0 -1.0 -1.0 -1.0 -1.0 -1.0 -1.0 2.981 3.559 8.798 1938.769 1.84 870.625 0.06032528162234807 0.0
22.0 3.0 Car -1.0 -1.0 -1.0 -1.0 -1.0 -1.0 -1.0 2.079 2.04 4.972 1899.023 1.078 872.366 -3.0950484887398377 1.0
23.0 1.0 Bus -1.0 -1.0 -1.0 -1.0 -1.0 -1.0 -1.0 2.981 3.559 8.798 1942.32 1.84 870.645 0.06032528162234807 0.0
23.0 3.0 Car -1.0 -1.0 -1.0 -1.0 -1.0 -1.0 -1.0 2.079 2.04 4.972 1896.41 1.077 872.073 -3.0892327760299634 1.0
24.0 1.0 Bus -1.0 -1.0 -1.0 -1.0 -1.0 -1.0 -1.0 2.981 3.559 8.798 1945.87 1.84 870.665 0.06032528162234807 0.0
24.0 3.0 Car -1.0 -1.0 -1.0 -1.0 -1.0 -1.0 -1.0 2.079 2.04 4.972 1893.815 1.049 871.64 -3.1066780413999635 1.0
25.0 1.0 Bus -1.0 -1.0 -1.0 -1.0 -1.0 -1.0 -1.0 2.981 3.559 8.798 1949.421 1.84 870.686 0.06032528162234807 0.0
25.0 3.0 Car -1.0 -1.0 -1.0 -1.0 -1.0 -1.0 -1.0 2.079 2.04 4.972 1891.209 1.021 871.275 -3.124124249087565 1.0
26.0 1.0 Bus -1.0 -1.0 -1.0 -1.0 -1.0 -1.0 -1.0 2.981 3.559 8.798 1952.976 1.84 870.706 0.06032528162234807 0.0
26.0 3.0 Car -1.0 -1.0 -1.0 -1.0 -1.0 -1.0 -1.0 2.079 2.04 4.972 1888.6 0.994 870.909 3.141592653589793 1.0
27.0 1.0 Bus -1.0 -1.0 -1.0 -1.0 -1.0 -1.0 -1.0 2.981 3.559 8.798 1956.526 1.84 870.727 0.06032528162234807 0.0
27.0 3.0 Car -1.0 -1.0 -1.0 -1.0 -1.0 -1.0 -1.0 2.079 2.04 4.972 1886.353 1.004 870.535 3.141592653589793 0.0
28.0 1.0 Bus -1.0 -1.0 -1.0 -1.0 -1.0 -1.0 -1.0 2.981 3.559 8.798 1960.073 1.84 870.747 0.06032528162234807 0.0
28.0 3.0 Car -1.0 -1.0 -1.0 -1.0 -1.0 -1.0 -1.0 2.079 2.04 4.972 1884.107 1.015 870.161 3.141592653589793 0.0
29.0 1.0 Bus -1.0 -1.0 -1.0 -1.0 -1.0 -1.0 -1.0 2.981 3.559 8.798 1963.627 1.84 870.767 0.06032528162234807 0.0
29.0 3.0 Car -1.0 -1.0 -1.0 -1.0 -1.0 -1.0 -1.0 2.079 2.04 4.972 1881.857 1.026 869.787 3.141592653589793 0.0
30.0 3.0 Car -1.0 -1.0 -1.0 -1.0 -1.0 -1.0 -1.0 2.079 2.04 4.972 1879.553 1.037 869.729 3.141592653589793 0.0
31.0 3.0 Car -1.0 -1.0 -1.0 -1.0 -1.0 -1.0 -1.0 2.079 2.04 4.972 1877.244 1.047 869.672 3.141592653589793 0.0
32.0 3.0 Car -1.0 -1.0 -1.0 -1.0 -1.0 -1.0 -1.0 2.079 2.04 4.972 1874.938 1.058 869.614 3.141592653589793 0.0
33.0 3.0 Car -1.0 -1.0 -1.0 -1.0 -1.0 -1.0 -1.0 2.079 2.04 4.972 1872.631 1.069 869.557 3.141592653589793 0.0
34.0 3.0 Car -1.0 -1.0 -1.0 -1.0 -1.0 -1.0 -1.0 2.079 2.04 4.972 1869.258 1.079 869.902 3.141592653589793 0.0
35.0 3.0 Car -1.0 -1.0 -1.0 -1.0 -1.0 -1.0 -1.0 2.079 2.04 4.972 1866.563 1.088 870.178 3.141592653589793 0.0
36.0 3.0 Car -1.0 -1.0 -1.0 -1.0 -1.0 -1.0 -1.0 2.079 2.04 4.972 1863.19 1.099 870.524 3.141592653589793 0.0
37.0 3.0 Car -1.0 -1.0 -1.0 -1.0 -1.0 -1.0 -1.0 2.079 2.04 4.972 1858.838 1.136 870.938 3.141592653589793 0.0
38.0 3.0 Car -1.0 -1.0 -1.0 -1.0 -1.0 -1.0 -1.0 2.079 2.04 4.972 1855.217 1.166 871.283 3.141592653589793 0.0
