0.0 0.0 Bus -1.0 -1.0 -1.0 -1.0 -1.0 -1.0 -1.0 2.574 3.613 11.054 568.852 6.375 1677.925 -0.42837361161548837 0.0
1.0 0.0 Bus -1.0 -1.0 -1.0 -1.0 -1.0 -1.0 -1.0 2.574 3.613 11.054 571.93 6.274 1676.479 -0.4097413347653773 1.0
2.0 0.0 Bus -1.0 -1.0 -1.0 -1.0 -1.0 -1.0 -1.0 2.574 3.613 11.054 575.044 6.024 1675.121 -0.39112611297177113 1.0
3.0 0.0 Bus -1.0 -1.0 -1.0 -1.0 -1.0 -1.0 -1.0 2.574 3.613 11.054 578.157 5.774 1673.763 -0.37251245517897963 1.0
4.0 0.0 Bus -1.0 -1.0 -1.0 -1.0 -1.0 -1.0 -1.0 2.574 3.613 11.054 581.086 5.574 1672.477 -0.3771530301129326 1.0
5.0 0.0 Bus -1.0 -1.0 -1.0 -1.0 -1.0 -1.0 -1.0 2.574 3.613 11.054 584.161 5.124 1671.166 -0.36436868111212983 1.0
6.0 0.0 Bus -1.0 -1.0 -1.0 -1.0 -1.0 -1.0 -1.0 2.574 3.613 11.054 587.411 4.814 1669.766 -0.37600005214284815 1.0
7.0 0.0 Bus -1.0 -1.0 -1.0 -1.0 -1.0 -1.0 -1.0 2.574 3.613 11.054 590.666 4.503 1668.364 -0.38764454664095593 1.0
8.0 0.0 Bus -1.0 -1.0 -1.0 -1.0 -1.0 -1.0 -1.0 2.574 3.613 11.054 593.92 4.193 1666.963 -0.3992885990364387 1.0
9.0 0.0 Bus -1.0 -1.0 -1.0 -1.0 -1.0 -1.0 -1.0 2.574 3.613 11.054 597.17 3.883 1665.562 -0.41092031909554505 1.0
10.0 0.0 Bus -1.0 -1.0 -1.0 -1.0 -1.0 -1.0 -1.0 2.574 3.613 11.054 600.141 3.474 1663.989 -0.42834842576247606 1.0
11.0 0.0 Bus -1.0 -1.0 -1.0 -1.0 -1.0 -1.0 -1.0 2.574 3.613 11.054 603.104 3.065 1662.385 -0.44581541567664296 1.0
12.0 0.0 Bus -1.0 -1.0 -1.0 -1.0 -1.0 -1.0 -1.0 2.574 3.613 11.054 606.06 2.656 1660.769 -0.46328254520749645 1.0
13.0 0.0 Bus -1.0 -1.0 -1.0 -1.0 -1.0 -1.0 -1.0 2.574 3.613 11.054 609.01 2.248 1659.157 -0.4807122225621527 1.0
14.0 0.0 Bus -1.0 -1.0 -1.0 -1.0 -1.0 -1.0 -1.0 2.574 3.613 11.054 611.782 2.527 1657.692 -0.5156122954808682 1.0
15.0 0.0 Bus -1.0 -1.0 -1.0 -1.0 -1.0 -1.0 -1.0 2.574 3.613 11.054 614.609 2.43 1656.005 -0.5243526826473205 1.0
16.0 0.0 Bus -1.0 -1.0 -1.0 -1.0 -1.0 -1.0 -1.0 2.574 3.613 11.054 617.436 1.733 1654.319 -0.5330933667351472 1.0
17.0 0.0 Bus -1.0 -1.0 -1.0 -1.0 -1.0 -1.0 -1.0 2.574 3.613 11.054 620.315 1.533 1652.476 -0.5470405488832698 1.0
18.0 0.0 Bus -1.0 -1.0 -1.0 -1.0 -1.0 -1.0 -1.0 2.574 3.613 11.054 623.197 1.333 1650.631 -0.5610022834954931 1.0
19.0 1.0 Car -1.0 -1.0 -1.0 -1.0 -1.0 -1.0 -1.0 1.81 1.667 4.543 672.049 -2.965 1607.669 2.3911396427351788 0.0
19.0 0.0 Bus -1.0 -1.0 -1.0 -1.0 -1.0 -1.0 -1.0 2.574 3.613 11.054 626.08 1.133 1648.786 -0.5749651353794323 0.0
20.0 1.0 Car -1.0 -1.0 -1.0 -1.0 -1.0 -1.0 -1.0 1.81 1.667 4.543 668.582 -3.04 1611.149 2.4347866666008713 1.0
20.0 0.0 Bus -1.0 -1.0 -1.0 -1.0 -1.0 -1.0 -1.0 2.574 3.613 11.054 629.438 0.724 1646.544 -0.5889427073182291 0.0
21.0 1.0 Car -1.0 -1.0 -1.0 -1.0 -1.0 -1.0 -1.0 1.81 1.667 4.543 664.936 -2.89 1614.413 2.4435091254608547 1.0
21.0 0.0 Bus -1.0 -1.0 -1.0 -1.0 -1.0 -1.0 -1.0 2.574 3.613 11.054 632.793 0.466 1644.304 -0.6029065368149196 0.0
22.0 1.0 Car -1.0 -1.0 -1.0 -1.0 -1.0 -1.0 -1.0 1.81 1.667 4.543 661.286 -2.74 1617.681 2.4522399591208144 1.0
22.0 0.0 Bus -1.0 -1.0 -1.0 -1.0 -1.0 -1.0 -1.0 2.574 3.613 11.054 636.532 0.098 1641.723 -0.6320116228886397 0.0
23.0 1.0 Car -1.0 -1.0 -1.0 -1.0 -1.0 -1.0 -1.0 1.81 1.667 4.543 657.467 -2.627 1620.91 2.4516078856617933 1.0
23.0 0.0 Bus -1.0 -1.0 -1.0 -1.0 -1.0 -1.0 -1.0 2.574 3.613 11.054 640.191 -0.269 1639.036 -0.6610868132092277 0.0
24.0 1.0 Car -1.0 -1.0 -1.0 -1.0 -1.0 -1.0 -1.0 1.81 1.667 4.543 653.644 -2.514 1624.141 2.4509751622908755 1.0
24.0 0.0 Bus -1.0 -1.0 -1.0 -1.0 -1.0 -1.0 -1.0 2.574 3.613 11.054 643.774 -0.711 1636.242 -0.6901918992829481 0.0
25.0 1.0 Car -1.0 -1.0 -1.0 -1.0 -1.0 -1.0 -1.0 1.81 1.667 4.543 649.825 -2.401 1627.37 2.4503431381442353 0.0
25.0 0.0 Bus -1.0 -1.0 -1.0 -1.0 -1.0 -1.0 -1.0 2.574 3.613 11.054 647.705 -1.119 1633.004 -0.6930896425648267 0.0
26.0 1.0 Car -1.0 -1.0 -1.0 -1.0 -1.0 -1.0 -1.0 1.81 1.667 4.543 646.243 -2.289 1630.224 2.4613310705084235 0.0
26.0 0.0 Bus -1.0 -1.0 -1.0 -1.0 -1.0 -1.0 -1.0 2.574 3.613 11.054 651.631 -1.527 1629.77 -0.6959844930484276 0.0
27.0 1.0 Car -1.0 -1.0 -1.0 -1.0 -1.0 -1.0 -1.0 1.81 1.667 4.543 642.653 -2.176 1633.085 2.4723423274245446 0.0
27.0 0.0 Bus -1.0 -1.0 -1.0 -1.0 -1.0 -1.0 -1.0 2.574 3.613 11.054 655.466 -1.936 1626.415 -0.7076262919345782 0.0
28.0 1.0 Car -1.0 -1.0 -1.0 -1.0 -1.0 -1.0 -1.0 1.81 1.667 4.543 639.072 -2.063 1635.939 2.483329841707141 0.0
28.0 0.0 Bus -1.0 -1.0 -1.0 -1.0 -1.0 -1.0 -1.0 2.574 3.613 11.054 659.514 -2.282 1622.869 -0.7250795844545213 0.0
29.0 1.0 Car -1.0 -1.0 -1.0 -1.0 -1.0 -1.0 -1.0 1.81 1.667 4.543 636.076 -1.892 1638.192 2.4871626043074846 0.0
29.0 0.0 Bus -1.0 -1.0 -1.0 -1.0 -1.0 -1.0 -1.0 2.574 3.613 11.054 663.515 -2.628 1619.264 -0.7250795844545213 0.0
30.0 1.0 Car -1.0 -1.0 -1.0 -1.0 -1.0 -1.0 -1.0 1.81 1.667 4.543 633.279 -1.922 1640.293 2.490995336238428 0.0
30.0 0.0 Bus -1.0 -1.0 -1.0 -1.0 -1.0 -1.0 -1.0 2.574 3.613 11.054 667.566 -2.899 1615.715 -0.7250795844545213 0.0
31.0 1.0 Car -1.0 -1.0 -1.0 -1.0 -1.0 -1.0 -1.0 1.81 1.667 4.543 629.922 -1.726 1642.725 2.5210399034718147 0.0
32.0 1.0 Car -1.0 -1.0 -1.0 -1.0 -1.0 -1.0 -1.0 1.81 1.667 4.543 626.087 -1.596 1645.405 2.551085611463334 0.0
33.0 1.0 Car -1.0 -1.0 -1.0 -1.0 -1.0 -1.0 -1.0 1.81 1.667 4.543 623.843 -1.583 1646.869 2.5700642848486206 0.0
34.0 1.0 Car -1.0 -1.0 -1.0 -1.0 -1.0 -1.0 -1.0 1.81 1.667 4.543 620.669 -1.491 1648.859 2.5719737285902866 0.0
35.0 1.0 Car -1.0 -1.0 -1.0 -1.0 -1.0 -1.0 -1.0 1.81 1.667 4.543 618.136 -1.282 1650.485 2.5932646540879163 0.0
36.0 1.0 Car -1.0 -1.0 -1.0 -1.0 -1.0 -1.0 -1.0 1.81 1.667 4.543 615.282 -1.073 1652.139 2.614555579585546 0.0
