0.0 2.0 Car -1.0 -1.0 -1.0 -1.0 -1.0 -1.0 -1.0 1.869 1.468 5.022 841.902 1.806 1884.498 -0.5595176518474791 0.0
1.0 2.0 Car -1.0 -1.0 -1.0 -1.0 -1.0 -1.0 -1.0 1.869 1.468 5.022 843.426 1.731 1883.529 -0.5595176518474791 1.0
2.0 2.0 Car -1.0 -1.0 -1.0 -1.0 -1.0 -1.0 -1.0 1.869 1.468 5.022 844.95 1.657 1882.559 -0.5595176518474791 1.0
3.0 2.0 Car -1.0 -1.0 -1.0 -1.0 -1.0 -1.0 -1.0 1.869 1.468 5.022 846.476 1.582 1881.587 -0.5595176518474791 1.0
4.0 2.0 Car -1.0 -1.0 -1.0 -1.0 -1.0 -1.0 -1.0 1.869 1.468 5.022 848.002 1.508 1880.616 -0.5595176518474791 1.0
4.0 1.0 Car -1.0 -1.0 -1.0 -1.0 -1.0 -1.0 -1.0 1.995 1.798 5.11 860.173 1.55 1874.111 -0.5293234567666731 0.0
5.0 2.0 Car -1.0 -1.0 -1.0 -1.0 -1.0 -1.0 -1.0 1.869 1.468 5.022 849.527 1.433 1879.646 -0.5595176518474791 1.0
5.0 1.0 Car -1.0 -1.0 -1.0 -1.0 -1.0 -1.0 -1.0 1.995 1.798 5.11 862.559 1.482 1872.903 -0.5467767492866162 1.0
6.0 2.0 Car -1.0 -1.0 -1.0 -1.0 -1.0 -1.0 -1.0 1.869 1.468 5.022 851.053 1.359 1878.675 -0.5595176518474791 1.0
6.0 1.0 Car -1.0 -1.0 -1.0 -1.0 -1.0 -1.0 -1.0 1.995 1.798 5.11 864.997 1.465 1871.498 -0.5351326272573109 1.0
7.0 2.0 Car -1.0 -1.0 -1.0 -1.0 -1.0 -1.0 -1.0 1.869 1.468 5.022 852.612 1.284 1877.683 -0.5595176518474791 1.0
7.0 1.0 Car -1.0 -1.0 -1.0 -1.0 -1.0 -1.0 -1.0 1.995 1.798 5.11 867.432 1.448 1870.095 -0.5235003952239832 1.0
8.0 2.0 Car -1.0 -1.0 -1.0 -1.0 -1.0 -1.0 -1.0 1.869 1.468 5.022 854.896 1.253 1876.369 -0.5545313388725712 1.0
8.0 1.0 Car -1.0 -1.0 -1.0 -1.0 -1.0 -1.0 -1.0 1.995 1.798 5.11 869.867 1.431 1868.692 -0.51187016424673 1.0
9.0 2.0 Car -1.0 -1.0 -1.0 -1.0 -1.0 -1.0 -1.0 1.869 1.468 5.022 857.181 1.221 1875.055 -0.5495446567894356 1.0
9.0 1.0 Car -1.0 -1.0 -1.0 -1.0 -1.0 -1.0 -1.0 1.995 1.798 5.11 872.15 1.414 1867.255 -0.5642300418065593 1.0
10.0 2.0 Car -1.0 -1.0 -1.0 -1.0 -1.0 -1.0 -1.0 1.869 1.468 5.022 859.236 1.193 1873.873 -0.5450598122574223 1.0
10.0 1.0 Car -1.0 -1.0 -1.0 -1.0 -1.0 -1.0 -1.0 1.995 1.798 5.11 874.415 1.393 1865.79 -0.5724891760374122 1.0
11.0 2.0 Car -1.0 -1.0 -1.0 -1.0 -1.0 -1.0 -1.0 1.869 1.468 5.022 861.523 1.161 1872.557 -0.5400672344185423 1.0
11.0 1.0 Car -1.0 -1.0 -1.0 -1.0 -1.0 -1.0 -1.0 1.995 1.798 5.11 876.937 1.371 1864.158 -0.5816833343265024 1.0
12.0 2.0 Car -1.0 -1.0 -1.0 -1.0 -1.0 -1.0 -1.0 1.869 1.468 5.022 863.807 1.13 1871.242 -0.5350808216846538 1.0
12.0 1.0 Car -1.0 -1.0 -1.0 -1.0 -1.0 -1.0 -1.0 1.995 1.798 5.11 879.545 1.346 1862.378 -0.5904096576130365 1.0
13.0 2.0 Car -1.0 -1.0 -1.0 -1.0 -1.0 -1.0 -1.0 1.869 1.468 5.022 866.092 1.098 1869.928 -0.5300940398425378 1.0
13.0 1.0 Car -1.0 -1.0 -1.0 -1.0 -1.0 -1.0 -1.0 1.995 1.798 5.11 882.214 1.321 1860.562 -0.5991366268464454 1.0
14.0 2.0 Car -1.0 -1.0 -1.0 -1.0 -1.0 -1.0 -1.0 1.869 1.468 5.022 868.604 1.063 1868.483 -0.524611066807593 1.0
14.0 1.0 Car -1.0 -1.0 -1.0 -1.0 -1.0 -1.0 -1.0 1.995 1.798 5.11 885.143 1.291 1858.602 -0.590001161611013 1.0
15.0 2.0 Car -1.0 -1.0 -1.0 -1.0 -1.0 -1.0 -1.0 1.869 1.468 5.022 871.407 1.125 1866.86 -0.524611066807593 1.0
15.0 1.0 Car -1.0 -1.0 -1.0 -1.0 -1.0 -1.0 -1.0 1.995 1.798 5.11 887.811 1.263 1856.817 -0.5816833343265024 1.0
16.0 0.0 Car -1.0 -1.0 -1.0 -1.0 -1.0 -1.0 -1.0 2.535 2.119 4.705 845.262 1.525 1885.785 2.6275059224344255 0.0
16.0 2.0 Car -1.0 -1.0 -1.0 -1.0 -1.0 -1.0 -1.0 1.869 1.468 5.022 874.195 1.086 1865.115 -0.542072136692808 1.0
16.0 1.0 Car -1.0 -1.0 -1.0 -1.0 -1.0 -1.0 -1.0 1.995 1.798 5.11 890.426 1.188 1855.131 -0.5816833343265024 1.0
17.0 0.0 Car -1.0 -1.0 -1.0 -1.0 -1.0 -1.0 -1.0 2.535 2.119 4.705 844.841 1.442 1886.253 2.6275059224344255 1.0
17.0 2.0 Car -1.0 -1.0 -1.0 -1.0 -1.0 -1.0 -1.0 1.869 1.468 5.022 876.98 1.047 1863.371 -0.5595111668288317 1.0
17.0 1.0 Car -1.0 -1.0 -1.0 -1.0 -1.0 -1.0 -1.0 1.995 1.798 5.11 893.214 1.113 1853.332 -0.5816833343265024 0.0
18.0 0.0 Car -1.0 -1.0 -1.0 -1.0 -1.0 -1.0 -1.0 2.535 2.119 4.705 843.103 1.359 1887.092 2.6333236284161323 0.0
18.0 2.0 Car -1.0 -1.0 -1.0 -1.0 -1.0 -1.0 -1.0 1.869 1.468 5.022 879.768 1.009 1861.626 -0.5769709443674222 0.0
18.0 1.0 Car -1.0 -1.0 -1.0 -1.0 -1.0 -1.0 -1.0 1.995 1.798 5.11 895.966 1.063 1851.557 -0.5729519195219113 0.0
19.0 0.0 Car -1.0 -1.0 -1.0 -1.0 -1.0 -1.0 -1.0 2.535 2.119 4.705 841.366 1.275 1887.931 2.6391349798742763 0.0
19.0 2.0 Car -1.0 -1.0 -1.0 -1.0 -1.0 -1.0 -1.0 1.869 1.468 5.022 882.437 0.874 1859.827 -0.5682539607755874 0.0
19.0 1.0 Car -1.0 -1.0 -1.0 -1.0 -1.0 -1.0 -1.0 1.995 1.798 5.11 898.715 1.013 1849.783 -0.5642300418065593 0.0
20.0 0.0 Car -1.0 -1.0 -1.0 -1.0 -1.0 -1.0 -1.0 2.535 2.119 4.705 839.626 1.192 1888.772 2.644959214954369 0.0
20.0 2.0 Car -1.0 -1.0 -1.0 -1.0 -1.0 -1.0 -1.0 1.869 1.468 5.022 885.112 0.74 1858.023 -0.5595176518474791 0.0
20.0 1.0 Car -1.0 -1.0 -1.0 -1.0 -1.0 -1.0 -1.0 1.995 1.798 5.11 901.528 0.963 1848.113 -0.5607370198890247 0.0
21.0 0.0 Car -1.0 -1.0 -1.0 -1.0 -1.0 -1.0 -1.0 2.535 2.119 4.705 837.899 1.192 1889.651 2.6885794656989193 0.0
21.0 2.0 Car -1.0 -1.0 -1.0 -1.0 -1.0 -1.0 -1.0 1.869 1.468 5.022 887.784 0.755 1856.325 -0.571148743664359 0.0
21.0 1.0 Car -1.0 -1.0 -1.0 -1.0 -1.0 -1.0 -1.0 1.995 1.798 5.11 904.391 0.913 1846.408 -0.5572479905070727 0.0
22.0 0.0 Car -1.0 -1.0 -1.0 -1.0 -1.0 -1.0 -1.0 2.535 2.119 4.705 836.135 1.192 1890.454 2.7322009381427934 0.0
22.0 2.0 Car -1.0 -1.0 -1.0 -1.0 -1.0 -1.0 -1.0 1.869 1.468 5.022 890.417 0.77 1854.691 -0.5827801612404162 0.0
22.0 1.0 Car -1.0 -1.0 -1.0 -1.0 -1.0 -1.0 -1.0 1.995 1.798 5.11 907.255 0.863 1844.703 -0.5537588634057182 0.0
23.0 0.0 Car -1.0 -1.0 -1.0 -1.0 -1.0 -1.0 -1.0 2.535 2.119 4.705 834.336 1.192 1891.179 2.7758698823317918 0.0
23.0 2.0 Car -1.0 -1.0 -1.0 -1.0 -1.0 -1.0 -1.0 1.869 1.468 5.022 893.129 0.719 1852.927 -0.5595176518474791 0.0
23.0 1.0 Car -1.0 -1.0 -1.0 -1.0 -1.0 -1.0 -1.0 1.995 1.798 5.11 910.122 0.813 1842.996 -0.5502659392075863 0.0
24.0 0.0 Car -1.0 -1.0 -1.0 -1.0 -1.0 -1.0 -1.0 2.535 2.119 4.705 832.509 1.192 1891.825 2.819492140153802 0.0
24.0 2.0 Car -1.0 -1.0 -1.0 -1.0 -1.0 -1.0 -1.0 1.869 1.468 5.022 895.856 0.753 1851.152 -0.5537020980841473 0.0
24.0 1.0 Car -1.0 -1.0 -1.0 -1.0 -1.0 -1.0 -1.0 1.995 1.798 5.11 912.986 0.763 1841.291 -0.5467767492866162 0.0
25.0 0.0 Car -1.0 -1.0 -1.0 -1.0 -1.0 -1.0 -1.0 2.535 2.119 4.705 830.636 1.192 1892.369 2.90670538851703 0.0
25.0 2.0 Car -1.0 -1.0 -1.0 -1.0 -1.0 -1.0 -1.0 1.869 1.468 5.022 898.638 0.636 1849.464 -0.5478867769955507 0.0
25.0 1.0 Car -1.0 -1.0 -1.0 -1.0 -1.0 -1.0 -1.0 1.995 1.798 5.11 915.869 0.78 1839.574 -0.5467767492866162 0.0
26.0 0.0 Car -1.0 -1.0 -1.0 -1.0 -1.0 -1.0 -1.0 2.535 2.119 4.705 828.721 1.192 1892.748 2.9940250653532354 0.0
26.0 2.0 Car -1.0 -1.0 -1.0 -1.0 -1.0 -1.0 -1.0 1.869 1.468 5.022 901.424 0.519 1847.775 -0.5420643593275362 0.0
26.0 1.0 Car -1.0 -1.0 -1.0 -1.0 -1.0 -1.0 -1.0 1.995 1.798 5.11 918.754 0.797 1837.856 -0.5467767492866162 0.0
27.0 0.0 Car -1.0 -1.0 -1.0 -1.0 -1.0 -1.0 -1.0 2.535 2.119 4.705 826.669 1.222 1892.956 3.0842217641284257 0.0
27.0 2.0 Car -1.0 -1.0 -1.0 -1.0 -1.0 -1.0 -1.0 1.869 1.468 5.022 904.325 0.541 1846.078 -0.536244610275721 0.0
27.0 1.0 Car -1.0 -1.0 -1.0 -1.0 -1.0 -1.0 -1.0 1.995 1.798 5.11 921.64 0.815 1836.138 -0.5467767492866162 0.0
28.0 0.0 Car -1.0 -1.0 -1.0 -1.0 -1.0 -1.0 -1.0 2.535 2.119 4.705 824.605 1.222 1892.942 -3.1262177703986884 0.0
28.0 2.0 Car -1.0 -1.0 -1.0 -1.0 -1.0 -1.0 -1.0 1.869 1.468 5.022 907.167 0.564 1844.416 -0.5304247332922838 0.0
28.0 1.0 Car -1.0 -1.0 -1.0 -1.0 -1.0 -1.0 -1.0 1.995 1.798 5.11 924.495 0.888 1834.438 -0.5467767492866162 0.0
29.0 0.0 Car -1.0 -1.0 -1.0 -1.0 -1.0 -1.0 -1.0 2.535 2.119 4.705 822.549 1.192 1892.841 3.1336514055127815 0.0
29.0 2.0 Car -1.0 -1.0 -1.0 -1.0 -1.0 -1.0 -1.0 1.869 1.468 5.022 910.331 0.536 1842.662 -0.524611066807593 0.0
