0.0 3.0 Car -1.0 -1.0 -1.0 -1.0 -1.0 -1.0 -1.0 1.864 1.818 4.508 1177.588 1.222 1132.604 2.4747197996713615 0.0
1.0 3.0 Car -1.0 -1.0 -1.0 -1.0 -1.0 -1.0 -1.0 1.864 1.818 4.508 1177.238 1.272 1132.861 2.4747197996713615 1.0
2.0 3.0 Car -1.0 -1.0 -1.0 -1.0 -1.0 -1.0 -1.0 1.864 1.818 4.508 1176.82 1.272 1133.132 2.439813214631475 1.0
3.0 3.0 Car -1.0 -1.0 -1.0 -1.0 -1.0 -1.0 -1.0 1.864 1.818 4.508 1175.956 1.272 1133.982 2.439813214631475 1.0
4.0 3.0 Car -1.0 -1.0 -1.0 -1.0 -1.0 -1.0 -1.0 1.864 1.818 4.508 1174.784 1.272 1135.094 2.4223599221115313 1.0
5.0 3.0 Car -1.0 -1.0 -1.0 -1.0 -1.0 -1.0 -1.0 1.864 1.818 4.508 1173.383 1.272 1136.365 2.404906629591588 1.0
6.0 3.0 Car -1.0 -1.0 -1.0 -1.0 -1.0 -1.0 -1.0 1.864 1.818 4.508 1171.917 1.272 1137.608 2.439813214631475 1.0
7.0 3.0 Car -1.0 -1.0 -1.0 -1.0 -1.0 -1.0 -1.0 1.864 1.818 4.508 1170.238 1.272 1138.752 2.5445329697511347 1.0
8.0 3.0 Car -1.0 -1.0 -1.0 -1.0 -1.0 -1.0 -1.0 1.864 1.818 4.508 1168.303 1.322 1139.399 2.7714257725103977 1.0
9.0 3.0 Car -1.0 -1.0 -1.0 -1.0 -1.0 -1.0 -1.0 1.864 1.818 4.508 1166.656 1.472 1139.459 3.050678452829491 1.0
10.0 3.0 Car -1.0 -1.0 -1.0 -1.0 -1.0 -1.0 -1.0 1.864 1.818 4.508 1165.027 1.422 1139.016 -2.9358008815110592 1.0
11.0 3.0 Car -1.0 -1.0 -1.0 -1.0 -1.0 -1.0 -1.0 1.864 1.818 4.508 1163.576 1.372 1138.139 -2.6216416161520804 1.0
12.0 3.0 Car -1.0 -1.0 -1.0 -1.0 -1.0 -1.0 -1.0 1.864 1.818 4.508 1162.517 1.322 1136.757 -2.272575765753219 1.0
13.0 3.0 Car -1.0 -1.0 -1.0 -1.0 -1.0 -1.0 -1.0 1.864 1.818 4.508 1161.995 1.272 1135.097 -1.9235099153543571 1.0
14.0 3.0 Car -1.0 -1.0 -1.0 -1.0 -1.0 -1.0 -1.0 1.864 1.818 4.508 1162.081 1.122 1133.512 -1.6442572350352676 1.0
15.0 3.0 Car -1.0 -1.0 -1.0 -1.0 -1.0 -1.0 -1.0 1.864 1.818 4.508 1162.912 1.022 1131.325 -1.2253782145566325 1.0
16.0 3.0 Car -1.0 -1.0 -1.0 -1.0 -1.0 -1.0 -1.0 1.864 1.818 4.508 1164.127 1.022 1129.828 -0.8937656566777137 1.0
17.0 3.0 Car -1.0 -1.0 -1.0 -1.0 -1.0 -1.0 -1.0 1.864 1.818 4.508 1165.692 1.022 1128.564 -0.7192327314782827 1.0
18.0 3.0 Car -1.0 -1.0 -1.0 -1.0 -1.0 -1.0 -1.0 1.864 1.818 4.508 1167.31 0.922 1127.415 -0.6494195613985102 1.0
19.0 3.0 Car -1.0 -1.0 -1.0 -1.0 -1.0 -1.0 -1.0 1.864 1.818 4.508 1169.922 0.822 1125.576 -0.6145129763586241 1.0
19.0 4.0 Car -1.0 -1.0 -1.0 -1.0 -1.0 -1.0 -1.0 1.766 1.436 4.313 1181.41 0.931 1133.828 2.5252645348448124 0.0
20.0 3.0 Car -1.0 -1.0 -1.0 -1.0 -1.0 -1.0 -1.0 1.864 1.818 4.508 1172.408 0.722 1123.827 -0.6145129763586241 1.0
20.0 2.0 Truck -1.0 -1.0 -1.0 -1.0 -1.0 -1.0 -1.0 2.772 4.041 10.479 1136.68 2.732 1154.652 -0.6283534372376112 0.0
20.0 4.0 Car -1.0 -1.0 -1.0 -1.0 -1.0 -1.0 -1.0 1.766 1.436 4.313 1181.394 0.931 1133.84 2.5252645348448124 0.0
21.0 3.0 Car -1.0 -1.0 -1.0 -1.0 -1.0 -1.0 -1.0 1.864 1.818 4.508 1174.788 0.622 1121.676 -0.7192327314782827 1.0
21.0 1.0 Car -1.0 -1.0 -1.0 -1.0 -1.0 -1.0 -1.0 1.923 2.0 3.846 1132.478 1.567 1153.082 -0.6089453759784043 0.0
21.0 2.0 Truck -1.0 -1.0 -1.0 -1.0 -1.0 -1.0 -1.0 2.772 4.041 10.479 1136.68 2.732 1154.652 -0.6283534372376112 0.0
21.0 0.0 Car -1.0 -1.0 -1.0 -1.0 -1.0 -1.0 -1.0 2.024 1.875 4.7 1186.985 0.984 1129.167 2.5252645348448124 0.0
21.0 4.0 Car -1.0 -1.0 -1.0 -1.0 -1.0 -1.0 -1.0 1.766 1.436 4.313 1181.377 0.931 1133.851 2.5252645348448124 0.0
22.0 3.0 Car -1.0 -1.0 -1.0 -1.0 -1.0 -1.0 -1.0 1.864 1.818 4.508 1177.106 0.622 1119.413 -0.7541393165181689 1.0
22.0 1.0 Car -1.0 -1.0 -1.0 -1.0 -1.0 -1.0 -1.0 1.923 2.0 3.846 1132.497 1.572 1153.068 -0.6089453759784043 0.0
22.0 2.0 Truck -1.0 -1.0 -1.0 -1.0 -1.0 -1.0 -1.0 2.772 4.041 10.479 1136.68 2.732 1154.652 -0.6283534372376112 0.0
22.0 0.0 Car -1.0 -1.0 -1.0 -1.0 -1.0 -1.0 -1.0 2.024 1.875 4.7 1186.986 0.984 1129.166 2.5252645348448124 0.0
22.0 4.0 Car -1.0 -1.0 -1.0 -1.0 -1.0 -1.0 -1.0 1.766 1.436 4.313 1181.36 0.931 1133.863 2.5252645348448124 1.0
23.0 3.0 Car -1.0 -1.0 -1.0 -1.0 -1.0 -1.0 -1.0 1.864 1.818 4.508 1179.498 0.622 1117.005 -0.7890459015580551 0.0
23.0 1.0 Car -1.0 -1.0 -1.0 -1.0 -1.0 -1.0 -1.0 1.923 2.0 3.846 1132.517 1.577 1153.055 -0.6089453759784043 0.0
23.0 2.0 Truck -1.0 -1.0 -1.0 -1.0 -1.0 -1.0 -1.0 2.772 4.041 10.479 1136.68 2.732 1154.652 -0.6283534372376112 1.0
23.0 0.0 Car -1.0 -1.0 -1.0 -1.0 -1.0 -1.0 -1.0 2.024 1.875 4.7 1186.987 0.984 1129.165 2.5252645348448124 0.0
23.0 4.0 Car -1.0 -1.0 -1.0 -1.0 -1.0 -1.0 -1.0 1.766 1.436 4.313 1181.344 0.931 1133.875 2.5252645348448124 1.0
24.0 3.0 Car -1.0 -1.0 -1.0 -1.0 -1.0 -1.0 -1.0 1.864 1.818 4.508 1181.911 0.522 1114.532 -0.7890459015580551 0.0
24.0 1.0 Car -1.0 -1.0 -1.0 -1.0 -1.0 -1.0 -1.0 1.923 2.0 3.846 1132.536 1.582 1153.041 -0.6089453759784043 1.0
24.0 2.0 Truck -1.0 -1.0 -1.0 -1.0 -1.0 -1.0 -1.0 2.772 4.041 10.479 1136.68 2.732 1154.652 -0.6283534372376112 1.0
24.0 0.0 Car -1.0 -1.0 -1.0 -1.0 -1.0 -1.0 -1.0 2.024 1.875 4.7 1186.987 0.984 1129.165 2.5252645348448124 1.0
24.0 4.0 Car -1.0 -1.0 -1.0 -1.0 -1.0 -1.0 -1.0 1.766 1.436 4.313 1181.327 0.931 1133.887 2.5252645348448124 1.0
25.0 3.0 Car -1.0 -1.0 -1.0 -1.0 -1.0 -1.0 -1.0 1.864 1.818 4.508 1184.352 0.522 1112.272 -0.7366860239982257 0.0
25.0 1.0 Car -1.0 -1.0 -1.0 -1.0 -1.0 -1.0 -1.0 1.923 2.0 3.846 1132.556 1.587 1153.028 -0.6089453759784043 1.0
25.0 2.0 Truck -1.0 -1.0 -1.0 -1.0 -1.0 -1.0 -1.0 2.772 4.041 10.479 1136.68 2.732 1154.652 -0.6283534372376112 1.0
25.0 0.0 Car -1.0 -1.0 -1.0 -1.0 -1.0 -1.0 -1.0 2.024 1.875 4.7 1186.988 0.984 1129.164 2.5252645348448124 1.0
25.0 4.0 Car -1.0 -1.0 -1.0 -1.0 -1.0 -1.0 -1.0 1.766 1.436 4.313 1181.311 0.931 1133.899 2.5252645348448124 1.0
26.0 3.0 Car -1.0 -1.0 -1.0 -1.0 -1.0 -1.0 -1.0 1.864 1.818 4.508 1186.697 0.622 1110.339 -0.7017794389583395 0.0
26.0 1.0 Car -1.0 -1.0 -1.0 -1.0 -1.0 -1.0 -1.0 1.923 2.0 3.846 1132.575 1.592 1153.014 -0.6089453759784043 1.0
26.0 2.0 Truck -1.0 -1.0 -1.0 -1.0 -1.0 -1.0 -1.0 2.772 4.041 10.479 1136.68 2.732 1154.652 -0.6283534372376112 1.0
26.0 0.0 Car -1.0 -1.0 -1.0 -1.0 -1.0 -1.0 -1.0 2.024 1.875 4.7 1186.989 0.984 1129.164 2.5252645348448124 1.0
26.0 4.0 Car -1.0 -1.0 -1.0 -1.0 -1.0 -1.0 -1.0 1.766 1.436 4.313 1181.294 0.931 1133.91 2.5252645348448124 1.0
27.0 3.0 Car -1.0 -1.0 -1.0 -1.0 -1.0 -1.0 -1.0 1.864 1.818 4.508 1189.141 0.422 1108.427 -0.6668728539184533 0.0
27.0 1.0 Car -1.0 -1.0 -1.0 -1.0 -1.0 -1.0 -1.0 1.923 2.0 3.846 1132.595 1.597 1153.0 -0.6089453759784043 1.0
27.0 2.0 Truck -1.0 -1.0 -1.0 -1.0 -1.0 -1.0 -1.0 2.772 4.041 10.479 1136.68 2.732 1154.652 -0.6283534372376112 1.0
27.0 0.0 Car -1.0 -1.0 -1.0 -1.0 -1.0 -1.0 -1.0 2.024 1.875 4.7 1186.99 0.984 1129.163 2.5252645348448124 1.0
27.0 4.0 Car -1.0 -1.0 -1.0 -1.0 -1.0 -1.0 -1.0 1.766 1.436 4.313 1181.277 0.931 1133.922 2.5252645348448124 1.0
28.0 3.0 Car -1.0 -1.0 -1.0 -1.0 -1.0 -1.0 -1.0 1.864 1.818 4.508 1191.125 0.322 1106.791 -0.6843261464383965 0.0
28.0 1.0 Car -1.0 -1.0 -1.0 -1.0 -1.0 -1.0 -1.0 1.923 2.0 3.846 1132.614 1.602 1152.987 -0.6089453759784043 0.0
28.0 2.0 Truck -1.0 -1.0 -1.0 -1.0 -1.0 -1.0 -1.0 2.772 4.041 10.479 1136.68 2.732 1154.652 -0.6283534372376112 0.0
28.0 0.0 Car -1.0 -1.0 -1.0 -1.0 -1.0 -1.0 -1.0 2.024 1.875 4.7 1186.991 0.984 1129.162 2.5252645348448124 0.0
28.0 4.0 Car -1.0 -1.0 -1.0 -1.0 -1.0 -1.0 -1.0 1.766 1.436 4.313 1181.261 0.931 1133.934 2.5252645348448124 0.0
29.0 3.0 Car -1.0 -1.0 -1.0 -1.0 -1.0 -1.0 -1.0 1.864 1.818 4.508 1193.12 0.172 1105.264 -0.6843261464383965 0.0
29.0 1.0 Car -1.0 -1.0 -1.0 -1.0 -1.0 -1.0 -1.0 1.923 2.0 3.846 1132.634 1.607 1152.973 -0.6089453759784043 0.0
29.0 2.0 Truck -1.0 -1.0 -1.0 -1.0 -1.0 -1.0 -1.0 2.772 4.041 10.479 1136.68 2.732 1154.652 -0.6283534372376112 0.0
29.0 0.0 Car -1.0 -1.0 -1.0 -1.0 -1.0 -1.0 -1.0 2.024 1.875 4.7 1186.992 0.984 1129.162 2.5252645348448124 0.0
29.0 4.0 Car -1.0 -1.0 -1.0 -1.0 -1.0 -1.0 -1.0 1.766 1.436 4.313 1181.091 0.931 1134.054 2.5252645348448124 0.0
30.0 3.0 Car -1.0 -1.0 -1.0 -1.0 -1.0 -1.0 -1.0 1.864 1.818 4.508 1195.728 0.122 1103.123 -0.6843261464383965 0.0
30.0 1.0 Car -1.0 -1.0 -1.0 -1.0 -1.0 -1.0 -1.0 1.923 2.0 3.846 1132.653 1.612 1152.959 -0.6089453759784043 0.0
30.0 2.0 Truck -1.0 -1.0 -1.0 -1.0 -1.0 -1.0 -1.0 2.772 4.041 10.479 1136.709 2.732 1154.631 -0.6283534372376112 0.0
30.0 0.0 Car -1.0 -1.0 -1.0 -1.0 -1.0 -1.0 -1.0 2.024 1.875 4.7 1186.993 0.984 1129.161 2.5252645348448124 0.0
30.0 4.0 Car -1.0 -1.0 -1.0 -1.0 -1.0 -1.0 -1.0 1.766 1.436 4.313 1180.873 0.931 1134.208 2.5252645348448124 0.0
31.0 3.0 Car -1.0 -1.0 -1.0 -1.0 -1.0 -1.0 -1.0 1.864 1.818 4.508 1198.335 0.072 1100.982 -0.6843261464383965 0.0
31.0 1.0 Car -1.0 -1.0 -1.0 -1.0 -1.0 -1.0 -1.0 1.923 2.0 3.846 1132.653 1.612 1152.959 -0.6089453759784043 0.0
31.0 2.0 Truck -1.0 -1.0 -1.0 -1.0 -1.0 -1.0 -1.0 2.772 4.041 10.479 1136.738 2.732 1154.609 -0.6283534372376112 0.0
31.0 0.0 Car -1.0 -1.0 -1.0 -1.0 -1.0 -1.0 -1.0 2.024 1.875 4.7 1186.993 0.984 1129.161 2.5252645348448124 0.0
31.0 4.0 Car -1.0 -1.0 -1.0 -1.0 -1.0 -1.0 -1.0 1.766 1.436 4.313 1180.679 0.931 1134.346 2.5252645348448124 0.0
32.0 3.0 Car -1.0 -1.0 -1.0 -1.0 -1.0 -1.0 -1.0 1.864 1.818 4.508 1200.943 0.022 1098.841 -0.6843261464383965 0.0
32.0 1.0 Car -1.0 -1.0 -1.0 -1.0 -1.0 -1.0 -1.0 1.923 2.0 3.846 1132.653 1.612 1152.959 -0.6089453759784043 0.0
32.0 2.0 Truck -1.0 -1.0 -1.0 -1.0 -1.0 -1.0 -1.0 2.772 4.041 10.479 1136.971 2.732 1154.44 -0.6283534372376112 0.0
32.0 0.0 Car -1.0 -1.0 -1.0 -1.0 -1.0 -1.0 -1.0 2.024 1.875 4.7 1186.888 0.984 1129.235 2.5252645348448124 0.0
32.0 4.0 Car -1.0 -1.0 -1.0 -1.0 -1.0 -1.0 -1.0 1.766 1.436 4.313 1180.244 0.931 1134.654 2.5252645348448124 0.0
33.0 3.0 Car -1.0 -1.0 -1.0 -1.0 -1.0 -1.0 -1.0 1.864 1.818 4.508 1203.551 -0.028 1096.7 -0.6843261464383965 0.0
33.0 1.0 Car -1.0 -1.0 -1.0 -1.0 -1.0 -1.0 -1.0 1.923 2.0 3.846 1132.653 1.612 1152.959 -0.6089453759784043 0.0
33.0 2.0 Truck -1.0 -1.0 -1.0 -1.0 -1.0 -1.0 -1.0 2.772 4.041 10.479 1137.498 2.732 1154.059 -0.6109001447176681 0.0
33.0 0.0 Car -1.0 -1.0 -1.0 -1.0 -1.0 -1.0 -1.0 2.024 1.875 4.7 1186.492 0.984 1129.516 2.5252645348448124 0.0
33.0 4.0 Car -1.0 -1.0 -1.0 -1.0 -1.0 -1.0 -1.0 1.766 1.436 4.313 1179.437 0.931 1135.262 2.5252645348448124 0.0
34.0 3.0 Car -1.0 -1.0 -1.0 -1.0 -1.0 -1.0 -1.0 1.864 1.818 4.508 1206.158 -0.078 1094.559 -0.6843261464383965 0.0
34.0 1.0 Car -1.0 -1.0 -1.0 -1.0 -1.0 -1.0 -1.0 1.923 2.0 3.846 1133.037 1.562 1152.629 -0.5914920834584612 0.0
34.0 2.0 Truck -1.0 -1.0 -1.0 -1.0 -1.0 -1.0 -1.0 2.772 4.041 10.479 1138.261 2.732 1153.512 -0.6109001447176681 0.0
34.0 0.0 Car -1.0 -1.0 -1.0 -1.0 -1.0 -1.0 -1.0 2.024 1.875 4.7 1185.859 0.984 1129.964 2.5252645348448124 0.0
34.0 4.0 Car -1.0 -1.0 -1.0 -1.0 -1.0 -1.0 -1.0 1.766 1.436 4.313 1178.258 0.931 1136.061 2.5252645348448124 0.0
35.0 1.0 Car -1.0 -1.0 -1.0 -1.0 -1.0 -1.0 -1.0 1.923 2.0 3.846 1134.314 1.512 1151.73 -0.5914920834584612 0.0
35.0 2.0 Truck -1.0 -1.0 -1.0 -1.0 -1.0 -1.0 -1.0 2.772 4.041 10.479 1139.438 2.732 1152.676 -0.6109001447176681 0.0
35.0 0.0 Car -1.0 -1.0 -1.0 -1.0 -1.0 -1.0 -1.0 2.024 1.875 4.7 1184.98 0.984 1130.626 2.507811242324869 0.0
35.0 4.0 Car -1.0 -1.0 -1.0 -1.0 -1.0 -1.0 -1.0 1.766 1.436 4.313 1176.659 1.031 1137.193 2.5252645348448124 0.0
36.0 1.0 Car -1.0 -1.0 -1.0 -1.0 -1.0 -1.0 -1.0 1.923 2.0 3.846 1135.591 1.462 1150.831 -0.5914920834584612 0.0
36.0 2.0 Truck -1.0 -1.0 -1.0 -1.0 -1.0 -1.0 -1.0 2.772 4.041 10.479 1140.791 2.732 1151.716 -0.6109001447176681 0.0
36.0 0.0 Car -1.0 -1.0 -1.0 -1.0 -1.0 -1.0 -1.0 2.024 1.875 4.7 1183.639 0.984 1131.588 2.507811242324869 0.0
36.0 4.0 Car -1.0 -1.0 -1.0 -1.0 -1.0 -1.0 -1.0 1.766 1.436 4.313 1174.65 1.131 1138.617 2.5252645348448124 0.0
37.0 1.0 Car -1.0 -1.0 -1.0 -1.0 -1.0 -1.0 -1.0 1.923 2.0 3.846 1136.867 1.412 1149.932 -0.5914920834584612 0.0
37.0 2.0 Truck -1.0 -1.0 -1.0 -1.0 -1.0 -1.0 -1.0 2.772 4.041 10.479 1142.204 2.732 1150.714 -0.6109001447176681 0.0
37.0 0.0 Car -1.0 -1.0 -1.0 -1.0 -1.0 -1.0 -1.0 2.024 1.875 4.7 1182.083 0.984 1132.748 2.507811242324869 0.0
37.0 4.0 Car -1.0 -1.0 -1.0 -1.0 -1.0 -1.0 -1.0 1.766 1.436 4.313 1172.345 1.231 1140.395 2.5252645348448124 0.0
38.0 1.0 Car -1.0 -1.0 -1.0 -1.0 -1.0 -1.0 -1.0 1.923 2.0 3.846 1139.066 1.378 1148.286 -0.5914920834584612 0.0
38.0 2.0 Truck -1.0 -1.0 -1.0 -1.0 -1.0 -1.0 -1.0 2.772 4.041 10.479 1144.072 2.582 1149.482 -0.6109001447176681 0.0
38.0 0.0 Car -1.0 -1.0 -1.0 -1.0 -1.0 -1.0 -1.0 2.024 1.875 4.7 1180.091 0.984 1134.188 2.507811242324869 0.0
38.0 4.0 Car -1.0 -1.0 -1.0 -1.0 -1.0 -1.0 -1.0 1.766 1.436 4.313 1169.726 1.231 1142.396 2.5252645348448124 0.0
39.0 1.0 Car -1.0 -1.0 -1.0 -1.0 -1.0 -1.0 -1.0 1.923 2.0 3.846 1141.265 1.345 1146.64 -0.5914920834584612 0.0
39.0 2.0 Truck -1.0 -1.0 -1.0 -1.0 -1.0 -1.0 -1.0 2.772 4.041 10.479 1146.057 2.432 1148.167 -0.6109001447176681 0.0
39.0 0.0 Car -1.0 -1.0 -1.0 -1.0 -1.0 -1.0 -1.0 2.024 1.875 4.7 1177.838 0.984 1135.82 2.507811242324869 0.0
39.0 4.0 Car -1.0 -1.0 -1.0 -1.0 -1.0 -1.0 -1.0 1.766 1.436 4.313 1166.84 1.231 1144.586 2.542717827364756 0.0
