0.0 7.0 Truck -1.0 -1.0 -1.0 -1.0 -1.0 -1.0 -1.0 2.75 3.454 9.648 1156.061 1.863 1613.435 -2.053484584716763 0.0
0.0 5.0 Truck -1.0 -1.0 -1.0 -1.0 -1.0 -1.0 -1.0 2.035 2.068 5.946 1194.562 0.993 1550.976 2.655867522759774 0.0
0.0 0.0 Car -1.0 -1.0 -1.0 -1.0 -1.0 -1.0 -1.0 1.774 1.359 4.308 1173.604 0.82 1563.654 2.542944720163079 0.0
0.0 3.0 Truck -1.0 -1.0 -1.0 -1.0 -1.0 -1.0 -1.0 2.759 3.433 11.536 1176.927 1.676 1566.687 2.542944720163079 0.0
0.0 9.0 Truck -1.0 -1.0 -1.0 -1.0 -1.0 -1.0 -1.0 3.266 3.82 9.96 1165.394 2.126 1570.074 2.533380315861857 0.0
1.0 7.0 Truck -1.0 -1.0 -1.0 -1.0 -1.0 -1.0 -1.0 2.75 3.454 9.648 1154.888 1.963 1611.131 -2.053484584716763 1.0
1.0 5.0 Truck -1.0 -1.0 -1.0 -1.0 -1.0 -1.0 -1.0 2.035 2.068 5.946 1193.858 1.015 1551.365 2.655867522759774 1.0
1.0 0.0 Car -1.0 -1.0 -1.0 -1.0 -1.0 -1.0 -1.0 1.774 1.359 4.308 1173.608 0.845 1563.651 2.542944720163079 0.0
1.0 3.0 Truck -1.0 -1.0 -1.0 -1.0 -1.0 -1.0 -1.0 2.759 3.433 11.536 1176.923 1.676 1566.691 2.542944720163079 0.0
1.0 8.0 Car -1.0 -1.0 -1.0 -1.0 -1.0 -1.0 -1.0 2.019 1.698 4.788 1059.418 1.039 1623.478 -0.5156924341279777 0.0
1.0 9.0 Truck -1.0 -1.0 -1.0 -1.0 -1.0 -1.0 -1.0 3.266 3.82 9.96 1165.414 2.112 1570.076 2.533380315861857 1.0
2.0 7.0 Truck -1.0 -1.0 -1.0 -1.0 -1.0 -1.0 -1.0 2.75 3.454 9.648 1153.961 1.963 1609.43 -2.070937877236706 1.0
2.0 5.0 Truck -1.0 -1.0 -1.0 -1.0 -1.0 -1.0 -1.0 2.035 2.068 5.946 1193.155 1.038 1551.753 2.655867522759774 1.0
2.0 0.0 Car -1.0 -1.0 -1.0 -1.0 -1.0 -1.0 -1.0 1.774 1.359 4.308 1173.613 0.87 1563.648 2.542944720163079 1.0
2.0 6.0 Truck -1.0 -1.0 -1.0 -1.0 -1.0 -1.0 -1.0 2.041 1.806 5.413 1164.848 0.958 1625.451 -2.0185779996768773 0.0
2.0 3.0 Truck -1.0 -1.0 -1.0 -1.0 -1.0 -1.0 -1.0 2.759 3.433 11.536 1176.919 1.676 1566.694 2.542944720163079 0.0
2.0 8.0 Car -1.0 -1.0 -1.0 -1.0 -1.0 -1.0 -1.0 2.019 1.698 4.788 1063.324 1.039 1621.122 -0.5389472401482918 1.0
2.0 9.0 Truck -1.0 -1.0 -1.0 -1.0 -1.0 -1.0 -1.0 3.266 3.82 9.96 1165.434 2.098 1570.078 2.533380315861857 1.0
3.0 7.0 Truck -1.0 -1.0 -1.0 -1.0 -1.0 -1.0 -1.0 2.75 3.454 9.648 1153.156 1.963 1607.956 -2.070937877236706 0.0
3.0 5.0 Truck -1.0 -1.0 -1.0 -1.0 -1.0 -1.0 -1.0 2.035 2.068 5.946 1192.451 1.06 1552.142 2.655867522759774 0.0
3.0 0.0 Car -1.0 -1.0 -1.0 -1.0 -1.0 -1.0 -1.0 1.774 1.359 4.308 1173.617 0.87 1563.645 2.542944720163079 1.0
3.0 6.0 Truck -1.0 -1.0 -1.0 -1.0 -1.0 -1.0 -1.0 2.041 1.806 5.413 1163.431 0.928 1622.481 -2.0185779996768773 1.0
3.0 3.0 Truck -1.0 -1.0 -1.0 -1.0 -1.0 -1.0 -1.0 2.759 3.433 11.536 1176.915 1.676 1566.697 2.542944720163079 1.0
3.0 8.0 Car -1.0 -1.0 -1.0 -1.0 -1.0 -1.0 -1.0 2.019 1.698 4.788 1067.235 1.039 1618.764 -0.5622274921173656 1.0
3.0 9.0 Truck -1.0 -1.0 -1.0 -1.0 -1.0 -1.0 -1.0 3.266 3.82 9.96 1165.454 2.085 1570.079 2.533380315861857 1.0
4.0 7.0 Truck -1.0 -1.0 -1.0 -1.0 -1.0 -1.0 -1.0 2.75 3.454 9.648 1152.598 1.963 1606.935 -2.070937877236706 0.0
4.0 5.0 Truck -1.0 -1.0 -1.0 -1.0 -1.0 -1.0 -1.0 2.035 2.068 5.946 1191.711 1.083 1552.549 2.6490202075942326 0.0
4.0 0.0 Car -1.0 -1.0 -1.0 -1.0 -1.0 -1.0 -1.0 1.774 1.359 4.308 1173.622 0.87 1563.642 2.542944720163079 0.0
4.0 6.0 Truck -1.0 -1.0 -1.0 -1.0 -1.0 -1.0 -1.0 2.041 1.806 5.413 1161.998 0.997 1619.477 -2.0185779996768773 0.0
4.0 3.0 Truck -1.0 -1.0 -1.0 -1.0 -1.0 -1.0 -1.0 2.759 3.433 11.536 1176.911 1.676 1566.701 2.542944720163079 0.0
4.0 8.0 Car -1.0 -1.0 -1.0 -1.0 -1.0 -1.0 -1.0 2.019 1.698 4.788 1071.145 1.039 1616.406 -0.58550560420775 0.0
4.0 2.0 Car -1.0 -1.0 -1.0 -1.0 -1.0 -1.0 -1.0 1.952 1.593 4.487 1180.586 1.024 1559.254 2.547799928338359 0.0
4.0 9.0 Truck -1.0 -1.0 -1.0 -1.0 -1.0 -1.0 -1.0 3.266 3.82 9.96 1165.473 2.071 1570.081 2.533380315861857 0.0
5.0 7.0 Truck -1.0 -1.0 -1.0 -1.0 -1.0 -1.0 -1.0 2.75 3.454 9.648 1152.195 1.963 1606.197 -2.070937877236706 0.0
5.0 5.0 Truck -1.0 -1.0 -1.0 -1.0 -1.0 -1.0 -1.0 2.035 2.068 5.946 1191.043 1.105 1552.919 2.642172413498815 0.0
5.0 0.0 Car -1.0 -1.0 -1.0 -1.0 -1.0 -1.0 -1.0 1.774 1.359 4.308 1173.627 0.87 1563.639 2.542944720163079 1.0
5.0 6.0 Truck -1.0 -1.0 -1.0 -1.0 -1.0 -1.0 -1.0 2.041 1.806 5.413 1160.789 0.916 1617.026 -2.0185779996768773 1.0
5.0 3.0 Truck -1.0 -1.0 -1.0 -1.0 -1.0 -1.0 -1.0 2.759 3.433 11.536 1176.983 1.676 1566.652 2.542944720163079 1.0
5.0 8.0 Car -1.0 -1.0 -1.0 -1.0 -1.0 -1.0 -1.0 2.019 1.698 4.788 1075.357 1.062 1613.632 -0.5825940050458969 1.0
5.0 2.0 Car -1.0 -1.0 -1.0 -1.0 -1.0 -1.0 -1.0 1.952 1.593 4.487 1180.594 1.018 1559.253 2.550227590639365 0.0
5.0 9.0 Truck -1.0 -1.0 -1.0 -1.0 -1.0 -1.0 -1.0 3.266 3.82 9.96 1165.493 2.058 1570.083 2.533380315861857 1.0
6.0 7.0 Truck -1.0 -1.0 -1.0 -1.0 -1.0 -1.0 -1.0 2.75 3.454 9.648 1151.916 1.963 1605.687 -2.070937877236706 0.0
6.0 5.0 Truck -1.0 -1.0 -1.0 -1.0 -1.0 -1.0 -1.0 2.035 2.068 5.946 1190.48 1.128 1553.231 2.6353324464859362 0.0
6.0 0.0 Car -1.0 -1.0 -1.0 -1.0 -1.0 -1.0 -1.0 1.774 1.359 4.308 1173.668 0.87 1563.612 2.542944720163079 1.0
6.0 6.0 Truck -1.0 -1.0 -1.0 -1.0 -1.0 -1.0 -1.0 2.041 1.806 5.413 1159.665 0.935 1614.579 -2.001124707156934 1.0
6.0 3.0 Truck -1.0 -1.0 -1.0 -1.0 -1.0 -1.0 -1.0 2.759 3.433 11.536 1177.056 1.676 1566.603 2.542944720163079 1.0
6.0 8.0 Car -1.0 -1.0 -1.0 -1.0 -1.0 -1.0 -1.0 2.019 1.698 4.788 1079.297 1.025 1611.055 -0.5796857338647977 1.0
6.0 2.0 Car -1.0 -1.0 -1.0 -1.0 -1.0 -1.0 -1.0 1.952 1.593 4.487 1180.602 1.011 1559.253 2.5526524781032576 0.0
6.0 9.0 Truck -1.0 -1.0 -1.0 -1.0 -1.0 -1.0 -1.0 3.266 3.82 9.96 1165.513 2.044 1570.084 2.533380315861857 1.0
7.0 7.0 Truck -1.0 -1.0 -1.0 -1.0 -1.0 -1.0 -1.0 2.75 3.454 9.648 1151.897 1.917 1605.518 -2.070937877236706 0.0
7.0 5.0 Truck -1.0 -1.0 -1.0 -1.0 -1.0 -1.0 -1.0 2.035 2.068 5.946 1190.128 1.15 1553.427 2.628484529237123 0.0
7.0 0.0 Car -1.0 -1.0 -1.0 -1.0 -1.0 -1.0 -1.0 1.774 1.359 4.308 1173.709 0.87 1563.585 2.542944720163079 1.0
7.0 6.0 Truck -1.0 -1.0 -1.0 -1.0 -1.0 -1.0 -1.0 2.041 1.806 5.413 1158.669 0.904 1612.399 -1.9836714146369907 1.0
7.0 3.0 Truck -1.0 -1.0 -1.0 -1.0 -1.0 -1.0 -1.0 2.759 3.433 11.536 1177.128 1.676 1566.554 2.542944720163079 1.0
7.0 8.0 Car -1.0 -1.0 -1.0 -1.0 -1.0 -1.0 -1.0 2.019 1.698 4.788 1083.241 0.988 1608.474 -0.576774082339611 1.0
7.0 2.0 Car -1.0 -1.0 -1.0 -1.0 -1.0 -1.0 -1.0 1.952 1.593 4.487 1180.637 1.0 1559.234 2.5547386389609574 1.0
7.0 9.0 Truck -1.0 -1.0 -1.0 -1.0 -1.0 -1.0 -1.0 3.266 3.82 9.96 1165.176 2.048 1570.312 2.5324557704454382 1.0
8.0 7.0 Truck -1.0 -1.0 -1.0 -1.0 -1.0 -1.0 -1.0 2.75 3.454 9.648 1152.002 1.867 1605.264 -2.070937877236706 0.0
8.0 5.0 Truck -1.0 -1.0 -1.0 -1.0 -1.0 -1.0 -1.0 2.035 2.068 5.946 1189.742 1.175 1553.643 2.620960937719887 0.0
8.0 0.0 Car -1.0 -1.0 -1.0 -1.0 -1.0 -1.0 -1.0 1.774 1.359 4.308 1173.755 0.87 1563.555 2.542944720163079 1.0
8.0 6.0 Truck -1.0 -1.0 -1.0 -1.0 -1.0 -1.0 -1.0 2.041 1.806 5.413 1157.554 0.925 1609.831 -1.9836714146369907 1.0
8.0 3.0 Truck -1.0 -1.0 -1.0 -1.0 -1.0 -1.0 -1.0 2.759 3.433 11.536 1177.147 1.676 1566.552 2.5424866891220246 1.0
8.0 8.0 Car -1.0 -1.0 -1.0 -1.0 -1.0 -1.0 -1.0 2.019 1.698 4.788 1086.958 0.947 1606.0 -0.5735751422940321 1.0
8.0 2.0 Car -1.0 -1.0 -1.0 -1.0 -1.0 -1.0 -1.0 1.952 1.593 4.487 1180.784 0.987 1559.141 2.5570306383473844 1.0
8.0 9.0 Truck -1.0 -1.0 -1.0 -1.0 -1.0 -1.0 -1.0 3.266 3.82 9.96 1164.805 2.052 1570.562 2.5314400014459704 1.0
9.0 7.0 Truck -1.0 -1.0 -1.0 -1.0 -1.0 -1.0 -1.0 2.75 3.454 9.648 1152.069 1.867 1604.982 -2.070937877236706 0.0
9.0 1.0 Car -1.0 -1.0 -1.0 -1.0 -1.0 -1.0 -1.0 1.951 1.398 4.487 1179.575 2.457 1648.24 1.1248996095009736 0.0
9.0 5.0 Truck -1.0 -1.0 -1.0 -1.0 -1.0 -1.0 -1.0 2.035 2.068 5.946 1189.677 1.192 1553.681 2.6205236220946615 1.0
9.0 0.0 Car -1.0 -1.0 -1.0 -1.0 -1.0 -1.0 -1.0 1.774 1.359 4.308 1173.796 0.87 1563.528 2.542944720163079 1.0
9.0 6.0 Truck -1.0 -1.0 -1.0 -1.0 -1.0 -1.0 -1.0 2.041 1.806 5.413 1156.759 0.944 1607.953 -1.9836714146369907 1.0
9.0 3.0 Truck -1.0 -1.0 -1.0 -1.0 -1.0 -1.0 -1.0 2.759 3.433 11.536 1177.165 1.676 1566.551 2.5420704107891745 1.0
9.0 8.0 Car -1.0 -1.0 -1.0 -1.0 -1.0 -1.0 -1.0 2.019 1.698 4.788 1092.055 0.91 1602.64 -0.5881211003547318 1.0
9.0 2.0 Car -1.0 -1.0 -1.0 -1.0 -1.0 -1.0 -1.0 1.952 1.593 4.487 1180.956 1.0 1559.071 2.543268541570714 1.0
9.0 9.0 Truck -1.0 -1.0 -1.0 -1.0 -1.0 -1.0 -1.0 3.266 3.82 9.96 1164.468 2.056 1570.79 2.5305168268404117 1.0
10.0 7.0 Truck -1.0 -1.0 -1.0 -1.0 -1.0 -1.0 -1.0 2.75 3.454 9.648 1151.976 1.867 1604.812 -2.070937877236706 0.0
10.0 1.0 Car -1.0 -1.0 -1.0 -1.0 -1.0 -1.0 -1.0 1.951 1.398 4.487 1179.853 2.324 1648.442 1.1248996095009736 1.0
10.0 5.0 Truck -1.0 -1.0 -1.0 -1.0 -1.0 -1.0 -1.0 2.035 2.068 5.946 1189.619 1.207 1553.716 2.6201302042238153 1.0
10.0 0.0 Car -1.0 -1.0 -1.0 -1.0 -1.0 -1.0 -1.0 1.774 1.359 4.308 1173.833 0.87 1563.503 2.542944720163079 1.0
10.0 6.0 Truck -1.0 -1.0 -1.0 -1.0 -1.0 -1.0 -1.0 2.041 1.806 5.413 1156.068 0.962 1606.476 -2.001124707156934 0.0
10.0 3.0 Truck -1.0 -1.0 -1.0 -1.0 -1.0 -1.0 -1.0 2.759 3.433 11.536 1177.181 1.676 1566.55 2.5416959184867225 1.0
10.0 8.0 Car -1.0 -1.0 -1.0 -1.0 -1.0 -1.0 -1.0 2.019 1.698 4.788 1096.641 0.876 1599.618 -0.5680523116878069 1.0
10.0 2.0 Car -1.0 -1.0 -1.0 -1.0 -1.0 -1.0 -1.0 1.952 1.593 4.487 1181.111 1.011 1559.007 2.5308878844435894 1.0
10.0 9.0 Truck -1.0 -1.0 -1.0 -1.0 -1.0 -1.0 -1.0 3.266 3.82 9.96 1164.165 2.059 1570.994 2.5296863205269213 1.0
11.0 7.0 Truck -1.0 -1.0 -1.0 -1.0 -1.0 -1.0 -1.0 2.75 3.454 9.648 1151.888 1.867 1604.787 -2.070937877236706 0.0
11.0 1.0 Car -1.0 -1.0 -1.0 -1.0 -1.0 -1.0 -1.0 1.951 1.398 4.487 1180.162 2.176 1648.667 1.1248996095009736 1.0
11.0 5.0 Truck -1.0 -1.0 -1.0 -1.0 -1.0 -1.0 -1.0 2.035 2.068 5.946 1189.554 1.224 1553.755 2.6196922541115097 1.0
11.0 0.0 Car -1.0 -1.0 -1.0 -1.0 -1.0 -1.0 -1.0 1.774 1.359 4.308 1173.41 0.87 1563.848 2.5360951103122606 1.0
11.0 6.0 Truck -1.0 -1.0 -1.0 -1.0 -1.0 -1.0 -1.0 2.041 1.806 5.413 1155.523 0.975 1605.321 -2.001124707156934 0.0
11.0 3.0 Truck -1.0 -1.0 -1.0 -1.0 -1.0 -1.0 -1.0 2.759 3.433 11.536 1176.613 1.676 1566.912 2.541279036189119 1.0
11.0 8.0 Car -1.0 -1.0 -1.0 -1.0 -1.0 -1.0 -1.0 2.019 1.698 4.788 1101.088 0.855 1596.863 -0.5680523116878069 1.0
11.0 2.0 Car -1.0 -1.0 -1.0 -1.0 -1.0 -1.0 -1.0 1.952 1.593 4.487 1181.082 1.024 1559.035 2.535037922651945 1.0
11.0 9.0 Truck -1.0 -1.0 -1.0 -1.0 -1.0 -1.0 -1.0 3.266 3.82 9.96 1162.944 2.063 1571.842 2.5287618065172204 1.0
12.0 7.0 Truck -1.0 -1.0 -1.0 -1.0 -1.0 -1.0 -1.0 2.75 3.454 9.648 1151.919 1.867 1604.843 -2.070937877236706 0.0
12.0 1.0 Car -1.0 -1.0 -1.0 -1.0 -1.0 -1.0 -1.0 1.951 1.398 4.487 1180.47 2.027 1648.891 1.1248996095009736 1.0
12.0 5.0 Truck -1.0 -1.0 -1.0 -1.0 -1.0 -1.0 -1.0 2.035 2.068 5.946 1189.489 1.24 1553.793 2.619254739826191 1.0
12.0 0.0 Car -1.0 -1.0 -1.0 -1.0 -1.0 -1.0 -1.0 1.774 1.359 4.308 1172.987 0.87 1564.192 2.5292523168652776 1.0
12.0 6.0 Truck -1.0 -1.0 -1.0 -1.0 -1.0 -1.0 -1.0 2.041 1.806 5.413 1155.326 0.939 1604.745 -1.9836714146369907 0.0
12.0 3.0 Truck -1.0 -1.0 -1.0 -1.0 -1.0 -1.0 -1.0 2.759 3.433 11.536 1176.045 1.676 1567.273 2.5408625687528223 1.0
12.0 8.0 Car -1.0 -1.0 -1.0 -1.0 -1.0 -1.0 -1.0 2.019 1.698 4.788 1105.531 0.834 1594.111 -0.5680523116878069 1.0
12.0 2.0 Car -1.0 -1.0 -1.0 -1.0 -1.0 -1.0 -1.0 1.952 1.593 4.487 1181.054 1.037 1559.063 2.5391838309409365 1.0
12.0 9.0 Truck -1.0 -1.0 -1.0 -1.0 -1.0 -1.0 -1.0 3.266 3.82 9.96 1161.723 2.066 1572.69 2.527838212539606 1.0
13.0 7.0 Truck -1.0 -1.0 -1.0 -1.0 -1.0 -1.0 -1.0 2.75 3.454 9.648 1151.919 1.867 1604.843 -2.070937877236706 0.0
13.0 1.0 Car -1.0 -1.0 -1.0 -1.0 -1.0 -1.0 -1.0 1.951 1.398 4.487 1180.779 1.879 1649.116 1.1248996095009736 0.0
13.0 5.0 Truck -1.0 -1.0 -1.0 -1.0 -1.0 -1.0 -1.0 2.035 2.068 5.946 1189.423 1.248 1553.826 2.618200255184113 1.0
13.0 0.0 Car -1.0 -1.0 -1.0 -1.0 -1.0 -1.0 -1.0 1.774 1.359 4.308 1172.056 0.87 1564.875 2.5224109606118743 1.0
13.0 6.0 Truck -1.0 -1.0 -1.0 -1.0 -1.0 -1.0 -1.0 2.041 1.806 5.413 1155.139 1.002 1604.369 -2.001124707156934 0.0
13.0 3.0 Truck -1.0 -1.0 -1.0 -1.0 -1.0 -1.0 -1.0 2.759 3.433 11.536 1175.478 1.676 1567.634 2.540446188787283 1.0
13.0 8.0 Car -1.0 -1.0 -1.0 -1.0 -1.0 -1.0 -1.0 2.019 1.698 4.788 1109.973 0.813 1591.359 -0.5680523116878069 1.0
13.0 2.0 Car -1.0 -1.0 -1.0 -1.0 -1.0 -1.0 -1.0 1.952 1.593 4.487 1180.796 1.024 1559.244 2.546266461638906 1.0
13.0 9.0 Truck -1.0 -1.0 -1.0 -1.0 -1.0 -1.0 -1.0 3.266 3.82 9.96 1160.156 2.076 1573.841 2.5258862978101786 1.0
14.0 7.0 Truck -1.0 -1.0 -1.0 -1.0 -1.0 -1.0 -1.0 2.75 3.454 9.648 1151.868 1.867 1604.79 -2.070937877236706 0.0
14.0 1.0 Car -1.0 -1.0 -1.0 -1.0 -1.0 -1.0 -1.0 1.951 1.398 4.487 1181.118 1.716 1649.363 1.1248996095009736 0.0
14.0 5.0 Truck -1.0 -1.0 -1.0 -1.0 -1.0 -1.0 -1.0 2.035 2.068 5.946 1189.351 1.256 1553.861 2.6170406792527663 1.0
14.0 0.0 Car -1.0 -1.0 -1.0 -1.0 -1.0 -1.0 -1.0 1.774 1.359 4.308 1170.672 0.87 1565.874 2.514887786036684 1.0
14.0 6.0 Truck -1.0 -1.0 -1.0 -1.0 -1.0 -1.0 -1.0 2.041 1.806 5.413 1154.831 0.912 1603.823 -2.001124707156934 0.0
14.0 3.0 Truck -1.0 -1.0 -1.0 -1.0 -1.0 -1.0 -1.0 2.759 3.433 11.536 1174.854 1.676 1568.032 2.5399883118613724 1.0
14.0 8.0 Car -1.0 -1.0 -1.0 -1.0 -1.0 -1.0 -1.0 2.019 1.698 4.788 1114.857 0.789 1588.333 -0.5680523116878069 1.0
14.0 2.0 Car -1.0 -1.0 -1.0 -1.0 -1.0 -1.0 -1.0 1.952 1.593 4.487 1180.995 1.009 1559.117 2.554054956378662 1.0
14.0 9.0 Truck -1.0 -1.0 -1.0 -1.0 -1.0 -1.0 -1.0 3.266 3.82 9.96 1158.432 2.086 1575.107 2.5237398527601838 1.0
15.0 1.0 Car -1.0 -1.0 -1.0 -1.0 -1.0 -1.0 -1.0 1.951 1.398 4.487 1181.427 1.567 1649.587 1.1248996095009736 0.0
15.0 5.0 Truck -1.0 -1.0 -1.0 -1.0 -1.0 -1.0 -1.0 2.035 2.068 5.946 1189.286 1.263 1553.894 2.6159849161227164 1.0
15.0 0.0 Car -1.0 -1.0 -1.0 -1.0 -1.0 -1.0 -1.0 1.774 1.359 4.308 1169.173 0.87 1566.952 2.508038135123192 1.0
15.0 6.0 Truck -1.0 -1.0 -1.0 -1.0 -1.0 -1.0 -1.0 2.041 1.806 5.413 1154.639 1.012 1603.583 -2.001124707156934 0.0
15.0 3.0 Truck -1.0 -1.0 -1.0 -1.0 -1.0 -1.0 -1.0 2.759 3.433 11.536 1173.763 1.676 1568.793 2.5354211169060292 1.0
15.0 8.0 Car -1.0 -1.0 -1.0 -1.0 -1.0 -1.0 -1.0 2.019 1.698 4.788 1119.228 0.831 1585.645 -0.5651418389373446 1.0
15.0 2.0 Car -1.0 -1.0 -1.0 -1.0 -1.0 -1.0 -1.0 1.952 1.593 4.487 1180.839 0.983 1559.327 2.507443438093174 1.0
15.0 9.0 Truck -1.0 -1.0 -1.0 -1.0 -1.0 -1.0 -1.0 3.266 3.82 9.96 1156.862 2.096 1576.259 2.5217855714723427 1.0
16.0 1.0 Car -1.0 -1.0 -1.0 -1.0 -1.0 -1.0 -1.0 1.951 1.398 4.487 1181.797 1.389 1649.857 1.1248996095009736 0.0
16.0 5.0 Truck -1.0 -1.0 -1.0 -1.0 -1.0 -1.0 -1.0 2.035 2.068 5.946 1189.207 1.271 1553.933 2.61471889446435 1.0
16.0 0.0 Car -1.0 -1.0 -1.0 -1.0 -1.0 -1.0 -1.0 1.774 1.359 4.308 1167.062 0.858 1568.507 2.499660972949818 1.0
16.0 6.0 Truck -1.0 -1.0 -1.0 -1.0 -1.0 -1.0 -1.0 2.041 1.806 5.413 1154.589 1.012 1603.565 -2.001124707156934 0.0
16.0 3.0 Truck -1.0 -1.0 -1.0 -1.0 -1.0 -1.0 -1.0 2.759 3.433 11.536 1172.455 1.676 1569.707 2.5299443507954584 1.0
16.0 8.0 Car -1.0 -1.0 -1.0 -1.0 -1.0 -1.0 -1.0 2.019 1.698 4.788 1124.47 0.881 1582.422 -0.5616517364386935 1.0
16.0 2.0 Car -1.0 -1.0 -1.0 -1.0 -1.0 -1.0 -1.0 1.952 1.593 4.487 1180.471 0.953 1559.651 2.527335302918747 1.0
16.0 9.0 Truck -1.0 -1.0 -1.0 -1.0 -1.0 -1.0 -1.0 3.266 3.82 9.96 1154.19 2.107 1578.206 2.519442088955738 1.0
17.0 1.0 Car -1.0 -1.0 -1.0 -1.0 -1.0 -1.0 -1.0 1.951 1.398 4.487 1182.106 1.241 1650.081 1.1248996095009736 0.0
17.0 5.0 Truck -1.0 -1.0 -1.0 -1.0 -1.0 -1.0 -1.0 2.035 2.068 5.946 1188.738 1.266 1554.219 2.609618272268487 1.0
17.0 0.0 Car -1.0 -1.0 -1.0 -1.0 -1.0 -1.0 -1.0 1.774 1.359 4.308 1165.174 0.848 1569.962 2.4926845949260565 1.0
17.0 6.0 Truck -1.0 -1.0 -1.0 -1.0 -1.0 -1.0 -1.0 2.041 1.806 5.413 1154.578 1.012 1603.652 -2.001124707156934 0.0
17.0 3.0 Truck -1.0 -1.0 -1.0 -1.0 -1.0 -1.0 -1.0 2.759 3.433 11.536 1171.365 1.676 1570.468 2.525383380153573 1.0
17.0 8.0 Car -1.0 -1.0 -1.0 -1.0 -1.0 -1.0 -1.0 2.019 1.698 4.788 1128.835 0.923 1579.738 -0.5587452301698219 1.0
17.0 2.0 Car -1.0 -1.0 -1.0 -1.0 -1.0 -1.0 -1.0 1.952 1.593 4.487 1180.124 0.927 1559.863 2.5409825107361677 1.0
17.0 9.0 Truck -1.0 -1.0 -1.0 -1.0 -1.0 -1.0 -1.0 3.266 3.82 9.96 1151.964 2.117 1579.827 2.5174904710224153 1.0
18.0 1.0 Car -1.0 -1.0 -1.0 -1.0 -1.0 -1.0 -1.0 1.951 1.398 4.487 1182.353 1.122 1650.261 1.1248996095009736 0.0
18.0 5.0 Truck -1.0 -1.0 -1.0 -1.0 -1.0 -1.0 -1.0 2.035 2.068 5.946 1188.362 1.261 1554.449 2.605532146697966 1.0
18.0 0.0 Car -1.0 -1.0 -1.0 -1.0 -1.0 -1.0 -1.0 1.774 1.359 4.308 1163.618 0.84 1571.113 2.4948574949243447 1.0
18.0 6.0 Truck -1.0 -1.0 -1.0 -1.0 -1.0 -1.0 -1.0 2.041 1.806 5.413 1154.742 1.012 1603.74 -2.001124707156934 0.0
18.0 3.0 Truck -1.0 -1.0 -1.0 -1.0 -1.0 -1.0 -1.0 2.759 3.433 11.536 1170.317 1.676 1571.181 2.5217295712552543 1.0
18.0 8.0 Car -1.0 -1.0 -1.0 -1.0 -1.0 -1.0 -1.0 2.019 1.698 4.788 1132.332 0.956 1577.588 -0.5564168182369107 1.0
18.0 2.0 Car -1.0 -1.0 -1.0 -1.0 -1.0 -1.0 -1.0 1.952 1.593 4.487 1179.241 0.919 1560.339 2.5484419446596718 1.0
18.0 9.0 Truck -1.0 -1.0 -1.0 -1.0 -1.0 -1.0 -1.0 3.266 3.82 9.96 1150.181 2.124 1581.125 2.5159270233419133 1.0
19.0 1.0 Car -1.0 -1.0 -1.0 -1.0 -1.0 -1.0 -1.0 1.951 1.398 4.487 1182.66 0.974 1650.483 1.1188759363834437 0.0
19.0 5.0 Truck -1.0 -1.0 -1.0 -1.0 -1.0 -1.0 -1.0 2.035 2.068 5.946 1187.892 1.256 1554.735 2.600430034366413 1.0
19.0 0.0 Car -1.0 -1.0 -1.0 -1.0 -1.0 -1.0 -1.0 1.774 1.359 4.308 1161.676 0.83 1572.55 2.4975706714249584 1.0
19.0 6.0 Truck -1.0 -1.0 -1.0 -1.0 -1.0 -1.0 -1.0 2.041 1.806 5.413 1154.776 0.962 1603.725 -2.001124707156934 0.0
19.0 3.0 Truck -1.0 -1.0 -1.0 -1.0 -1.0 -1.0 -1.0 2.759 3.433 11.536 1169.007 1.676 1572.071 2.5171672681357085 1.0
19.0 8.0 Car -1.0 -1.0 -1.0 -1.0 -1.0 -1.0 -1.0 2.019 1.698 4.788 1136.699 0.998 1574.903 -0.553509462838549 1.0
19.0 2.0 Car -1.0 -1.0 -1.0 -1.0 -1.0 -1.0 -1.0 1.952 1.593 4.487 1178.171 0.934 1561.053 2.5488109605568625 1.0
19.0 9.0 Truck -1.0 -1.0 -1.0 -1.0 -1.0 -1.0 -1.0 3.266 3.82 9.96 1147.525 2.159 1582.995 2.5206349912848167 1.0
20.0 1.0 Car -1.0 -1.0 -1.0 -1.0 -1.0 -1.0 -1.0 1.951 1.398 4.487 1182.801 0.975 1650.785 1.1128458647557813 0.0
20.0 5.0 Truck -1.0 -1.0 -1.0 -1.0 -1.0 -1.0 -1.0 2.035 2.068 5.946 1187.422 1.25 1555.022 2.5953225024317694 1.0
20.0 0.0 Car -1.0 -1.0 -1.0 -1.0 -1.0 -1.0 -1.0 1.774 1.359 4.308 1159.631 0.82 1574.085 2.4905848426032486 1.0
20.0 6.0 Truck -1.0 -1.0 -1.0 -1.0 -1.0 -1.0 -1.0 2.041 1.806 5.413 1154.776 0.962 1603.725 -2.001124707156934 0.0
20.0 4.0 Truck -1.0 -1.0 -1.0 -1.0 -1.0 -1.0 -1.0 2.165 1.933 5.806 1165.395 0.999 1624.95 -2.0166930440873565 0.0
20.0 3.0 Truck -1.0 -1.0 -1.0 -1.0 -1.0 -1.0 -1.0 2.759 3.433 11.536 1167.697 1.676 1572.962 2.512600118813162 1.0
20.0 8.0 Car -1.0 -1.0 -1.0 -1.0 -1.0 -1.0 -1.0 2.019 1.698 4.788 1141.07 1.039 1572.215 -0.5505990191678639 1.0
20.0 2.0 Car -1.0 -1.0 -1.0 -1.0 -1.0 -1.0 -1.0 1.952 1.593 4.487 1177.1 0.949 1561.767 2.54918036843282 1.0
20.0 9.0 Truck -1.0 -1.0 -1.0 -1.0 -1.0 -1.0 -1.0 3.266 3.82 9.96 1144.867 2.194 1584.866 2.525347960159875 1.0
21.0 1.0 Car -1.0 -1.0 -1.0 -1.0 -1.0 -1.0 -1.0 1.951 1.398 4.487 1183.072 0.979 1650.815 1.1182393054212798 0.0
21.0 5.0 Truck -1.0 -1.0 -1.0 -1.0 -1.0 -1.0 -1.0 2.035 2.068 5.946 1186.953 1.244 1555.309 2.590220747324526 1.0
21.0 0.0 Car -1.0 -1.0 -1.0 -1.0 -1.0 -1.0 -1.0 1.774 1.359 4.308 1157.285 0.851 1575.856 2.504830690428278 0.0
21.0 6.0 Truck -1.0 -1.0 -1.0 -1.0 -1.0 -1.0 -1.0 2.041 1.806 5.413 1154.809 0.962 1603.709 -2.001124707156934 0.0
21.0 4.0 Truck -1.0 -1.0 -1.0 -1.0 -1.0 -1.0 -1.0 2.165 1.933 5.806 1164.546 1.014 1623.267 -2.0242794727451683 1.0
21.0 3.0 Truck -1.0 -1.0 -1.0 -1.0 -1.0 -1.0 -1.0 2.759 3.433 11.536 1166.388 1.676 1573.852 2.5080381351231917 1.0
21.0 8.0 Car -1.0 -1.0 -1.0 -1.0 -1.0 -1.0 -1.0 2.019 1.698 4.788 1145.09 1.039 1569.723 -0.5505990191678639 1.0
21.0 2.0 Car -1.0 -1.0 -1.0 -1.0 -1.0 -1.0 -1.0 1.952 1.593 4.487 1176.03 0.963 1562.481 2.549549358493369 1.0
21.0 9.0 Truck -1.0 -1.0 -1.0 -1.0 -1.0 -1.0 -1.0 3.266 3.82 9.96 1142.211 2.229 1586.736 2.530055598474482 1.0
22.0 1.0 Car -1.0 -1.0 -1.0 -1.0 -1.0 -1.0 -1.0 1.951 1.398 4.487 1183.268 0.985 1650.864 1.1115786682317788 0.0
22.0 5.0 Truck -1.0 -1.0 -1.0 -1.0 -1.0 -1.0 -1.0 2.035 2.068 5.946 1186.483 1.239 1555.595 2.585118737057061 1.0
22.0 0.0 Car -1.0 -1.0 -1.0 -1.0 -1.0 -1.0 -1.0 1.774 1.359 4.308 1154.918 0.882 1577.607 2.501623958228104 0.0
22.0 4.0 Truck -1.0 -1.0 -1.0 -1.0 -1.0 -1.0 -1.0 2.165 1.933 5.806 1163.697 1.03 1621.584 -2.031866280832171 1.0
22.0 3.0 Truck -1.0 -1.0 -1.0 -1.0 -1.0 -1.0 -1.0 2.759 3.433 11.536 1164.889 1.704 1575.002 2.505509208623725 1.0
22.0 8.0 Car -1.0 -1.0 -1.0 -1.0 -1.0 -1.0 -1.0 2.019 1.698 4.788 1148.933 1.039 1567.346 -0.5593305125408818 1.0
22.0 2.0 Car -1.0 -1.0 -1.0 -1.0 -1.0 -1.0 -1.0 1.952 1.593 4.487 1174.96 0.978 1563.194 2.5499183670086625 1.0
22.0 9.0 Truck -1.0 -1.0 -1.0 -1.0 -1.0 -1.0 -1.0 3.266 3.82 9.96 1139.212 2.264 1588.846 2.534763472237872 1.0
23.0 1.0 Car -1.0 -1.0 -1.0 -1.0 -1.0 -1.0 -1.0 1.951 1.398 4.487 1183.376 0.998 1650.948 1.0982725166681835 0.0
23.0 5.0 Truck -1.0 -1.0 -1.0 -1.0 -1.0 -1.0 -1.0 2.035 2.068 5.946 1185.068 1.257 1556.533 2.5648840257569185 1.0
23.0 0.0 Car -1.0 -1.0 -1.0 -1.0 -1.0 -1.0 -1.0 1.774 1.359 4.308 1152.286 0.913 1579.563 2.4984014086447073 0.0
23.0 4.0 Truck -1.0 -1.0 -1.0 -1.0 -1.0 -1.0 -1.0 2.165 1.933 5.806 1162.848 1.046 1619.903 -2.0394446655911396 1.0
23.0 3.0 Truck -1.0 -1.0 -1.0 -1.0 -1.0 -1.0 -1.0 2.759 3.433 11.536 1163.392 1.732 1576.15 2.50298308988969 1.0
23.0 8.0 Car -1.0 -1.0 -1.0 -1.0 -1.0 -1.0 -1.0 2.019 1.698 4.788 1152.771 1.039 1564.973 -0.5680523116878069 0.0
23.0 2.0 Car -1.0 -1.0 -1.0 -1.0 -1.0 -1.0 -1.0 1.952 1.593 4.487 1172.114 0.997 1565.148 2.513637216164906 1.0
23.0 9.0 Truck -1.0 -1.0 -1.0 -1.0 -1.0 -1.0 -1.0 3.266 3.82 9.96 1136.218 2.299 1590.953 2.5394661190382752 1.0
24.0 1.0 Car -1.0 -1.0 -1.0 -1.0 -1.0 -1.0 -1.0 1.951 1.398 4.487 1183.573 1.022 1650.877 1.0899930244610871 0.0
24.0 5.0 Truck -1.0 -1.0 -1.0 -1.0 -1.0 -1.0 -1.0 2.035 2.068 5.946 1183.791 1.273 1557.379 2.5466218956898667 1.0
24.0 0.0 Car -1.0 -1.0 -1.0 -1.0 -1.0 -1.0 -1.0 1.774 1.359 4.308 1149.833 0.94 1581.38 2.5112448673233665 0.0
24.0 4.0 Truck -1.0 -1.0 -1.0 -1.0 -1.0 -1.0 -1.0 2.165 1.933 5.806 1162.186 1.06 1618.619 -2.046284271361321 1.0
24.0 3.0 Truck -1.0 -1.0 -1.0 -1.0 -1.0 -1.0 -1.0 2.759 3.433 11.536 1162.04 1.757 1577.186 2.500703229890627 1.0
24.0 8.0 Car -1.0 -1.0 -1.0 -1.0 -1.0 -1.0 -1.0 2.019 1.698 4.788 1156.196 1.039 1562.754 -0.573473049170451 0.0
24.0 2.0 Car -1.0 -1.0 -1.0 -1.0 -1.0 -1.0 -1.0 1.952 1.593 4.487 1169.62 1.013 1567.015 2.50491944994179 1.0
24.0 9.0 Truck -1.0 -1.0 -1.0 -1.0 -1.0 -1.0 -1.0 3.266 3.82 9.96 1133.515 2.331 1592.855 2.5437103282219153 1.0
25.0 1.0 Car -1.0 -1.0 -1.0 -1.0 -1.0 -1.0 -1.0 1.951 1.398 4.487 1183.478 1.022 1650.959 1.08127122865459 1.0
25.0 5.0 Truck -1.0 -1.0 -1.0 -1.0 -1.0 -1.0 -1.0 2.035 2.068 5.946 1182.374 1.29 1558.318 2.526364693632603 1.0
25.0 0.0 Car -1.0 -1.0 -1.0 -1.0 -1.0 -1.0 -1.0 1.774 1.359 4.308 1147.098 0.971 1583.335 2.5254914276431357 0.0
25.0 4.0 Truck -1.0 -1.0 -1.0 -1.0 -1.0 -1.0 -1.0 2.165 1.933 5.806 1161.451 1.075 1617.196 -2.0538710794483235 1.0
25.0 3.0 Truck -1.0 -1.0 -1.0 -1.0 -1.0 -1.0 -1.0 2.759 3.433 11.536 1160.34 1.785 1578.461 2.4981743033911603 1.0
25.0 8.0 Car -1.0 -1.0 -1.0 -1.0 -1.0 -1.0 -1.0 2.019 1.698 4.788 1159.995 1.039 1560.293 -0.5794859827155596 0.0
25.0 2.0 Car -1.0 -1.0 -1.0 -1.0 -1.0 -1.0 -1.0 1.952 1.593 4.487 1166.853 1.032 1569.085 2.4952492991312742 1.0
25.0 9.0 Truck -1.0 -1.0 -1.0 -1.0 -1.0 -1.0 -1.0 3.266 3.82 9.96 1130.366 2.454 1594.974 2.5505985551344565 1.0
26.0 1.0 Car -1.0 -1.0 -1.0 -1.0 -1.0 -1.0 -1.0 1.951 1.398 4.487 1183.382 1.022 1651.042 1.0725397319411443 1.0
26.0 5.0 Truck -1.0 -1.0 -1.0 -1.0 -1.0 -1.0 -1.0 2.035 2.068 5.946 1180.865 1.285 1559.394 2.518404609635336 1.0
26.0 0.0 Car -1.0 -1.0 -1.0 -1.0 -1.0 -1.0 -1.0 1.774 1.359 4.308 1144.44 1.002 1585.204 2.5254914276431357 0.0
26.0 4.0 Truck -1.0 -1.0 -1.0 -1.0 -1.0 -1.0 -1.0 2.165 1.933 5.806 1160.715 1.091 1615.77 -2.061466326040529 1.0
26.0 3.0 Truck -1.0 -1.0 -1.0 -1.0 -1.0 -1.0 -1.0 2.759 3.433 11.536 1158.638 1.813 1579.738 2.495642564067225 1.0
26.0 8.0 Car -1.0 -1.0 -1.0 -1.0 -1.0 -1.0 -1.0 2.019 1.698 4.788 1163.799 1.039 1557.829 -0.58550560420775 0.0
26.0 2.0 Car -1.0 -1.0 -1.0 -1.0 -1.0 -1.0 -1.0 1.952 1.593 4.487 1164.639 1.049 1570.76 2.50596950025737 1.0
26.0 9.0 Truck -1.0 -1.0 -1.0 -1.0 -1.0 -1.0 -1.0 3.266 3.82 9.96 1127.214 2.577 1597.096 2.557494443548116 1.0
27.0 1.0 Car -1.0 -1.0 -1.0 -1.0 -1.0 -1.0 -1.0 1.951 1.398 4.487 1183.367 1.024 1651.073 1.0735845486174243 0.0
27.0 5.0 Truck -1.0 -1.0 -1.0 -1.0 -1.0 -1.0 -1.0 2.035 2.068 5.946 1179.358 1.28 1560.47 2.5104535921734077 0.0
27.0 0.0 Car -1.0 -1.0 -1.0 -1.0 -1.0 -1.0 -1.0 1.774 1.359 4.308 1141.626 1.033 1587.175 2.5254914276431357 0.0
27.0 4.0 Truck -1.0 -1.0 -1.0 -1.0 -1.0 -1.0 -1.0 2.165 1.933 5.806 1159.98 1.107 1614.346 -2.0690529216471854 0.0
27.0 3.0 Truck -1.0 -1.0 -1.0 -1.0 -1.0 -1.0 -1.0 2.759 3.433 11.536 1156.938 1.841 1581.013 2.4931137083942736 0.0
27.0 8.0 Car -1.0 -1.0 -1.0 -1.0 -1.0 -1.0 -1.0 2.019 1.698 4.788 1167.129 1.089 1555.629 -0.58550560420775 0.0
27.0 2.0 Car -1.0 -1.0 -1.0 -1.0 -1.0 -1.0 -1.0 1.952 1.593 4.487 1162.043 1.114 1572.764 2.489550523101165 0.0
27.0 9.0 Truck -1.0 -1.0 -1.0 -1.0 -1.0 -1.0 -1.0 3.266 3.82 9.96 1123.67 2.699 1599.355 2.564382477545162 0.0
28.0 1.0 Car -1.0 -1.0 -1.0 -1.0 -1.0 -1.0 -1.0 1.951 1.398 4.487 1183.352 1.025 1651.103 1.0746293694740665 0.0
28.0 5.0 Truck -1.0 -1.0 -1.0 -1.0 -1.0 -1.0 -1.0 2.035 2.068 5.946 1177.85 1.275 1561.545 2.5025025428990744 0.0
28.0 0.0 Car -1.0 -1.0 -1.0 -1.0 -1.0 -1.0 -1.0 1.774 1.359 4.308 1138.627 1.083 1589.319 2.5254914276431357 0.0
28.0 4.0 Truck -1.0 -1.0 -1.0 -1.0 -1.0 -1.0 -1.0 2.165 1.933 5.806 1159.691 1.123 1613.823 -2.063330187016673 0.0
28.0 3.0 Truck -1.0 -1.0 -1.0 -1.0 -1.0 -1.0 -1.0 2.759 3.433 11.536 1155.238 1.869 1582.288 2.4905848426032486 0.0
28.0 8.0 Car -1.0 -1.0 -1.0 -1.0 -1.0 -1.0 -1.0 2.019 1.698 4.788 1170.46 1.139 1553.428 -0.58550560420775 0.0
28.0 2.0 Car -1.0 -1.0 -1.0 -1.0 -1.0 -1.0 -1.0 1.952 1.593 4.487 1159.07 1.172 1574.978 2.4987940887174505 0.0
28.0 9.0 Truck -1.0 -1.0 -1.0 -1.0 -1.0 -1.0 -1.0 3.266 3.82 9.96 1120.125 2.822 1601.614 2.5712705391015636 0.0
29.0 1.0 Car -1.0 -1.0 -1.0 -1.0 -1.0 -1.0 -1.0 1.951 1.398 4.487 1183.337 1.027 1651.133 1.0756742446754142 0.0
29.0 5.0 Truck -1.0 -1.0 -1.0 -1.0 -1.0 -1.0 -1.0 2.035 2.068 5.946 1175.591 1.315 1563.227 2.503858897440439 0.0
29.0 0.0 Car -1.0 -1.0 -1.0 -1.0 -1.0 -1.0 -1.0 1.774 1.359 4.308 1135.628 1.134 1591.462 2.5254914276431357 0.0
29.0 4.0 Truck -1.0 -1.0 -1.0 -1.0 -1.0 -1.0 -1.0 2.165 1.933 5.806 1159.402 1.14 1613.299 -2.0576071547271626 0.0
29.0 3.0 Truck -1.0 -1.0 -1.0 -1.0 -1.0 -1.0 -1.0 2.759 3.433 11.536 1153.457 1.899 1583.589 2.493729518051194 0.0
29.0 8.0 Car -1.0 -1.0 -1.0 -1.0 -1.0 -1.0 -1.0 2.019 1.698 4.788 1173.792 1.189 1551.228 -0.58550560420775 0.0
29.0 2.0 Car -1.0 -1.0 -1.0 -1.0 -1.0 -1.0 -1.0 1.952 1.593 4.487 1156.081 1.224 1577.245 2.5010490672176964 0.0
29.0 9.0 Truck -1.0 -1.0 -1.0 -1.0 -1.0 -1.0 -1.0 3.266 3.82 9.96 1116.58 2.945 1603.873 2.578158958929601 0.0
30.0 1.0 Car -1.0 -1.0 -1.0 -1.0 -1.0 -1.0 -1.0 1.951 1.398 4.487 1183.192 1.032 1651.214 1.079124016415547 0.0
30.0 5.0 Truck -1.0 -1.0 -1.0 -1.0 -1.0 -1.0 -1.0 2.035 2.068 5.946 1173.103 1.359 1565.079 2.505351669671109 0.0
30.0 0.0 Car -1.0 -1.0 -1.0 -1.0 -1.0 -1.0 -1.0 1.774 1.359 4.308 1132.327 1.189 1593.822 2.5254914276431357 0.0
30.0 4.0 Truck -1.0 -1.0 -1.0 -1.0 -1.0 -1.0 -1.0 2.165 1.933 5.806 1159.084 1.158 1612.723 -2.0513085186283644 0.0
30.0 3.0 Truck -1.0 -1.0 -1.0 -1.0 -1.0 -1.0 -1.0 2.759 3.433 11.536 1151.497 1.932 1585.022 2.4971904746373976 0.0
30.0 8.0 Car -1.0 -1.0 -1.0 -1.0 -1.0 -1.0 -1.0 2.019 1.698 4.788 1177.041 1.244 1549.087 -0.5759007129091787 0.0
30.0 2.0 Car -1.0 -1.0 -1.0 -1.0 -1.0 -1.0 -1.0 1.952 1.593 4.487 1152.407 1.282 1579.901 2.5209841365764136 0.0
30.0 9.0 Truck -1.0 -1.0 -1.0 -1.0 -1.0 -1.0 -1.0 3.266 3.82 9.96 1112.679 3.08 1606.359 2.5857401934216866 0.0
31.0 1.0 Car -1.0 -1.0 -1.0 -1.0 -1.0 -1.0 -1.0 1.951 1.398 4.487 1183.136 1.039 1651.224 1.084504202895997 0.0
31.0 5.0 Truck -1.0 -1.0 -1.0 -1.0 -1.0 -1.0 -1.0 2.035 2.068 5.946 1171.071 1.395 1566.592 2.506571451866891 0.0
31.0 0.0 Car -1.0 -1.0 -1.0 -1.0 -1.0 -1.0 -1.0 1.774 1.359 4.308 1129.63 1.235 1595.75 2.5254914276431357 0.0
31.0 4.0 Truck -1.0 -1.0 -1.0 -1.0 -1.0 -1.0 -1.0 2.165 1.933 5.806 1158.922 1.172 1612.44 -2.046161742708252 0.0
31.0 3.0 Truck -1.0 -1.0 -1.0 -1.0 -1.0 -1.0 -1.0 2.759 3.433 11.536 1149.896 1.959 1586.193 2.5000185103802193 0.0
31.0 8.0 Car -1.0 -1.0 -1.0 -1.0 -1.0 -1.0 -1.0 2.019 1.698 4.788 1179.696 1.289 1547.337 -0.5680523116878069 0.0
31.0 2.0 Car -1.0 -1.0 -1.0 -1.0 -1.0 -1.0 -1.0 1.952 1.593 4.487 1149.352 1.329 1582.001 2.5308646552281675 0.0
31.0 9.0 Truck -1.0 -1.0 -1.0 -1.0 -1.0 -1.0 -1.0 3.266 3.82 9.96 1109.311 3.17 1608.322 2.5826009001316876 0.0
32.0 1.0 Car -1.0 -1.0 -1.0 -1.0 -1.0 -1.0 -1.0 1.951 1.398 4.487 1183.147 0.989 1651.402 1.0991321380419752 0.0
32.0 5.0 Truck -1.0 -1.0 -1.0 -1.0 -1.0 -1.0 -1.0 2.035 2.068 5.946 1168.586 1.439 1568.442 2.5080627752124407 0.0
32.0 0.0 Car -1.0 -1.0 -1.0 -1.0 -1.0 -1.0 -1.0 1.774 1.359 4.308 1126.333 1.29 1598.107 2.5254914276431357 0.0
32.0 4.0 Truck -1.0 -1.0 -1.0 -1.0 -1.0 -1.0 -1.0 2.165 1.933 5.806 1158.724 1.19 1612.094 -2.0398692200673105 0.0
32.0 3.0 Truck -1.0 -1.0 -1.0 -1.0 -1.0 -1.0 -1.0 2.759 3.433 11.536 1147.433 1.993 1588.002 2.503476107761048 0.0
32.0 8.0 Car -1.0 -1.0 -1.0 -1.0 -1.0 -1.0 -1.0 2.019 1.698 4.788 1182.467 1.45 1545.542 -0.5680523116878069 0.0
32.0 2.0 Car -1.0 -1.0 -1.0 -1.0 -1.0 -1.0 -1.0 1.952 1.593 4.487 1145.617 1.387 1584.57 2.542944720163079 0.0
32.0 9.0 Truck -1.0 -1.0 -1.0 -1.0 -1.0 -1.0 -1.0 3.266 3.82 9.96 1105.193 3.279 1610.722 2.5787627547741874 0.0
33.0 1.0 Car -1.0 -1.0 -1.0 -1.0 -1.0 -1.0 -1.0 1.951 1.398 4.487 1183.24 0.939 1651.672 1.0899906284007996 0.0
33.0 5.0 Truck -1.0 -1.0 -1.0 -1.0 -1.0 -1.0 -1.0 2.035 2.068 5.946 1165.727 1.469 1570.536 2.509854731327821 0.0
33.0 4.0 Truck -1.0 -1.0 -1.0 -1.0 -1.0 -1.0 -1.0 2.165 1.933 5.806 1158.544 1.207 1611.78 -2.034146336607299 0.0
33.0 3.0 Truck -1.0 -1.0 -1.0 -1.0 -1.0 -1.0 -1.0 2.759 3.433 11.536 1145.194 2.023 1589.646 2.5066207014305855 0.0
33.0 8.0 Car -1.0 -1.0 -1.0 -1.0 -1.0 -1.0 -1.0 2.019 1.698 4.788 1184.988 1.597 1543.91 -0.5680523116878069 0.0
33.0 2.0 Car -1.0 -1.0 -1.0 -1.0 -1.0 -1.0 -1.0 1.952 1.593 4.487 1141.74 1.409 1587.268 2.5342217850650868 0.0
33.0 9.0 Truck -1.0 -1.0 -1.0 -1.0 -1.0 -1.0 -1.0 3.266 3.82 9.96 1101.539 3.379 1613.049 2.575272062751779 0.0
34.0 1.0 Car -1.0 -1.0 -1.0 -1.0 -1.0 -1.0 -1.0 1.951 1.398 4.487 1183.462 0.889 1652.147 1.0725349398445347 0.0
34.0 5.0 Truck -1.0 -1.0 -1.0 -1.0 -1.0 -1.0 -1.0 2.035 2.068 5.946 1162.867 1.499 1572.63 2.511646669519483 0.0
34.0 4.0 Truck -1.0 -1.0 -1.0 -1.0 -1.0 -1.0 -1.0 2.165 1.933 5.806 1158.517 1.207 1611.756 -2.034146336607299 0.0
34.0 3.0 Truck -1.0 -1.0 -1.0 -1.0 -1.0 -1.0 -1.0 2.759 3.433 11.536 1142.954 2.053 1591.291 2.509765263646889 0.0
34.0 8.0 Car -1.0 -1.0 -1.0 -1.0 -1.0 -1.0 -1.0 2.019 1.698 4.788 1186.4 1.646 1543.007 -0.5680523116878069 0.0
34.0 2.0 Car -1.0 -1.0 -1.0 -1.0 -1.0 -1.0 -1.0 1.952 1.593 4.487 1137.864 1.431 1589.966 2.525498937216688 0.0
34.0 9.0 Truck -1.0 -1.0 -1.0 -1.0 -1.0 -1.0 -1.0 3.266 3.82 9.96 1097.886 3.479 1615.377 2.5717814056443915 0.0
35.0 1.0 Car -1.0 -1.0 -1.0 -1.0 -1.0 -1.0 -1.0 1.951 1.398 4.487 1183.877 0.864 1652.83 1.1074535709659437 0.0
35.0 5.0 Truck -1.0 -1.0 -1.0 -1.0 -1.0 -1.0 -1.0 2.035 2.068 5.946 1159.955 1.529 1574.762 2.5134405829050284 0.0
35.0 4.0 Truck -1.0 -1.0 -1.0 -1.0 -1.0 -1.0 -1.0 2.165 1.933 5.806 1158.49 1.207 1611.732 -2.034146336607299 0.0
35.0 3.0 Truck -1.0 -1.0 -1.0 -1.0 -1.0 -1.0 -1.0 2.759 3.433 11.536 1140.943 2.083 1592.749 2.5129132920095625 0.0
35.0 2.0 Car -1.0 -1.0 -1.0 -1.0 -1.0 -1.0 -1.0 1.952 1.593 4.487 1133.983 1.454 1592.667 2.516766474463153 0.0
35.0 9.0 Truck -1.0 -1.0 -1.0 -1.0 -1.0 -1.0 -1.0 3.266 3.82 9.96 1094.228 3.579 1617.707 2.568286900901743 0.0
36.0 1.0 Car -1.0 -1.0 -1.0 -1.0 -1.0 -1.0 -1.0 1.951 1.398 4.487 1184.25 0.839 1653.569 1.1074463169810305 0.0
36.0 5.0 Truck -1.0 -1.0 -1.0 -1.0 -1.0 -1.0 -1.0 2.035 2.068 5.946 1157.045 1.558 1576.891 2.5152325139272023 0.0
36.0 4.0 Truck -1.0 -1.0 -1.0 -1.0 -1.0 -1.0 -1.0 2.165 1.933 5.806 1158.464 1.207 1611.709 -2.034146336607299 0.0
36.0 3.0 Truck -1.0 -1.0 -1.0 -1.0 -1.0 -1.0 -1.0 2.759 3.433 11.536 1138.934 2.113 1594.205 2.5160578416445727 0.0
36.0 2.0 Car -1.0 -1.0 -1.0 -1.0 -1.0 -1.0 -1.0 1.952 1.593 4.487 1130.282 1.509 1595.187 2.548763859397554 0.0
36.0 9.0 Truck -1.0 -1.0 -1.0 -1.0 -1.0 -1.0 -1.0 3.266 3.82 9.96 1090.542 3.628 1620.041 2.572650245853822 0.0
37.0 1.0 Car -1.0 -1.0 -1.0 -1.0 -1.0 -1.0 -1.0 1.951 1.398 4.487 1184.617 0.789 1654.481 1.1074463169810305 0.0
37.0 5.0 Truck -1.0 -1.0 -1.0 -1.0 -1.0 -1.0 -1.0 2.035 2.068 5.946 1153.739 1.588 1579.18 2.527204273148024 0.0
37.0 4.0 Truck -1.0 -1.0 -1.0 -1.0 -1.0 -1.0 -1.0 2.165 1.933 5.806 1158.437 1.207 1611.685 -2.034146336607299 0.0
37.0 3.0 Truck -1.0 -1.0 -1.0 -1.0 -1.0 -1.0 -1.0 2.759 3.433 11.536 1136.925 2.143 1595.661 2.5192023724076424 0.0
37.0 2.0 Car -1.0 -1.0 -1.0 -1.0 -1.0 -1.0 -1.0 1.952 1.593 4.487 1126.503 1.565 1597.587 2.5807610523004065 0.0
37.0 9.0 Truck -1.0 -1.0 -1.0 -1.0 -1.0 -1.0 -1.0 3.266 3.82 9.96 1086.856 3.678 1622.375 2.5770135646193895 0.0
38.0 1.0 Car -1.0 -1.0 -1.0 -1.0 -1.0 -1.0 -1.0 1.951 1.398 4.487 1185.408 0.739 1656.364 1.1947127795807473 0.0
38.0 5.0 Truck -1.0 -1.0 -1.0 -1.0 -1.0 -1.0 -1.0 2.035 2.068 5.946 1150.433 1.618 1581.468 2.5391756970750934 0.0
38.0 4.0 Truck -1.0 -1.0 -1.0 -1.0 -1.0 -1.0 -1.0 2.165 1.933 5.806 1158.41 1.207 1611.661 -2.034146336607299 0.0
38.0 3.0 Truck -1.0 -1.0 -1.0 -1.0 -1.0 -1.0 -1.0 2.759 3.433 11.536 1134.755 2.173 1597.233 2.5223468151016575 0.0
38.0 2.0 Car -1.0 -1.0 -1.0 -1.0 -1.0 -1.0 -1.0 1.952 1.593 4.487 1122.711 1.587 1600.007 2.5793062180432127 0.0
38.0 9.0 Truck -1.0 -1.0 -1.0 -1.0 -1.0 -1.0 -1.0 3.266 3.82 9.96 1083.171 3.728 1624.709 2.581376761181236 0.0
