0.0 2.0 Car -1.0 -1.0 -1.0 -1.0 -1.0 -1.0 -1.0 1.87 1.66 4.117 600.488 -2.274 1664.327 -0.5282413514128915 0.0
0.0 3.0 Car -1.0 -1.0 -1.0 -1.0 -1.0 -1.0 -1.0 2.095 1.775 4.472 522.631 1.288 1689.784 -0.16564919930706012 0.0
0.0 1.0 Car -1.0 -1.0 -1.0 -1.0 -1.0 -1.0 -1.0 2.042 1.591 4.495 475.187 1.368 1697.184 -0.15642775217382018 0.0
0.0 0.0 Car -1.0 -1.0 -1.0 -1.0 -1.0 -1.0 -1.0 2.093 1.785 4.541 503.386 1.551 1692.604 -0.22212543587794784 0.0
1.0 2.0 Car -1.0 -1.0 -1.0 -1.0 -1.0 -1.0 -1.0 1.87 1.66 4.117 603.102 -2.408 1662.849 -0.5296956338178931 1.0
1.0 3.0 Car -1.0 -1.0 -1.0 -1.0 -1.0 -1.0 -1.0 2.095 1.775 4.472 526.445 1.288 1689.086 -0.2005752907103906 1.0
1.0 1.0 Car -1.0 -1.0 -1.0 -1.0 -1.0 -1.0 -1.0 2.042 1.591 4.495 480.416 1.517 1696.241 -0.15892349412391682 1.0
1.0 0.0 Car -1.0 -1.0 -1.0 -1.0 -1.0 -1.0 -1.0 2.093 1.785 4.541 506.557 1.658 1691.825 -0.22562004956811954 1.0
2.0 2.0 Car -1.0 -1.0 -1.0 -1.0 -1.0 -1.0 -1.0 1.87 1.66 4.117 605.712 -2.542 1661.372 -0.5311482917776736 1.0
2.0 3.0 Car -1.0 -1.0 -1.0 -1.0 -1.0 -1.0 -1.0 2.095 1.775 4.472 530.227 1.288 1688.256 -0.2354623693868334 1.0
2.0 1.0 Car -1.0 -1.0 -1.0 -1.0 -1.0 -1.0 -1.0 2.042 1.591 4.495 485.639 1.665 1695.3 -0.16141644831004776 1.0
2.0 0.0 Car -1.0 -1.0 -1.0 -1.0 -1.0 -1.0 -1.0 2.093 1.785 4.541 509.724 1.765 1691.046 -0.22911075974650405 1.0
3.0 2.0 Car -1.0 -1.0 -1.0 -1.0 -1.0 -1.0 -1.0 1.87 1.66 4.117 608.323 -2.676 1659.896 -0.5326012228999776 1.0
3.0 3.0 Car -1.0 -1.0 -1.0 -1.0 -1.0 -1.0 -1.0 2.095 1.775 4.472 533.993 1.288 1687.353 -0.22964119774460404 1.0
3.0 1.0 Car -1.0 -1.0 -1.0 -1.0 -1.0 -1.0 -1.0 2.042 1.591 4.495 490.863 1.814 1694.357 -0.16390987127938583 1.0
3.0 0.0 Car -1.0 -1.0 -1.0 -1.0 -1.0 -1.0 -1.0 2.093 1.785 4.541 512.892 1.871 1690.267 -0.2326021263293752 1.0
4.0 2.0 Car -1.0 -1.0 -1.0 -1.0 -1.0 -1.0 -1.0 1.87 1.66 4.117 610.93 -2.81 1658.421 -0.5340518612006719 1.0
4.0 3.0 Car -1.0 -1.0 -1.0 -1.0 -1.0 -1.0 -1.0 2.095 1.775 4.472 537.753 1.288 1686.45 -0.22382921229704622 1.0
4.0 1.0 Car -1.0 -1.0 -1.0 -1.0 -1.0 -1.0 -1.0 2.042 1.591 4.495 496.079 1.962 1693.417 -0.1663993594620172 1.0
4.0 0.0 Car -1.0 -1.0 -1.0 -1.0 -1.0 -1.0 -1.0 2.093 1.785 4.541 516.055 1.986 1689.489 -0.23608798330437497 0.0
5.0 2.0 Car -1.0 -1.0 -1.0 -1.0 -1.0 -1.0 -1.0 1.87 1.66 4.117 613.519 -2.832 1656.909 -0.5355045336903738 1.0
5.0 3.0 Car -1.0 -1.0 -1.0 -1.0 -1.0 -1.0 -1.0 2.095 1.775 4.472 541.519 1.288 1685.546 -0.21800907686689008 1.0
5.0 1.0 Car -1.0 -1.0 -1.0 -1.0 -1.0 -1.0 -1.0 2.042 1.591 4.495 501.302 2.111 1692.475 -0.16889233858342514 1.0
5.0 0.0 Car -1.0 -1.0 -1.0 -1.0 -1.0 -1.0 -1.0 2.093 1.785 4.541 519.223 2.001 1688.711 -0.23957872839789163 0.0
6.0 2.0 Car -1.0 -1.0 -1.0 -1.0 -1.0 -1.0 -1.0 1.87 1.66 4.117 616.108 -2.854 1655.396 -0.536957243957871 1.0
6.0 3.0 Car -1.0 -1.0 -1.0 -1.0 -1.0 -1.0 -1.0 2.095 1.775 4.472 545.122 1.344 1684.605 -0.24125945943043803 1.0
6.0 1.0 Car -1.0 -1.0 -1.0 -1.0 -1.0 -1.0 -1.0 2.042 1.591 4.495 506.525 2.259 1691.533 -0.17138538253655322 1.0
6.0 0.0 Car -1.0 -1.0 -1.0 -1.0 -1.0 -1.0 -1.0 2.093 1.785 4.541 520.778 2.127 1688.337 -0.23521860731522717 0.0
7.0 2.0 Car -1.0 -1.0 -1.0 -1.0 -1.0 -1.0 -1.0 1.87 1.66 4.117 619.722 -3.159 1653.277 -0.5413235401737664 1.0
7.0 3.0 Car -1.0 -1.0 -1.0 -1.0 -1.0 -1.0 -1.0 2.095 1.775 4.472 548.729 1.401 1683.663 -0.2645342596326996 1.0
7.0 1.0 Car -1.0 -1.0 -1.0 -1.0 -1.0 -1.0 -1.0 2.042 1.591 4.495 511.754 2.408 1690.59 -0.17388104469376356 1.0
7.0 0.0 Car -1.0 -1.0 -1.0 -1.0 -1.0 -1.0 -1.0 2.093 1.785 4.541 522.335 2.254 1687.962 -0.23085390721709675 0.0
8.0 2.0 Car -1.0 -1.0 -1.0 -1.0 -1.0 -1.0 -1.0 1.87 1.66 4.117 623.339 -3.464 1651.157 -0.5456946439328347 1.0
8.0 3.0 Car -1.0 -1.0 -1.0 -1.0 -1.0 -1.0 -1.0 2.095 1.775 4.472 552.34 1.458 1682.719 -0.28783468672816337 1.0
8.0 1.0 Car -1.0 -1.0 -1.0 -1.0 -1.0 -1.0 -1.0 2.042 1.591 4.495 512.838 2.578 1690.375 -0.17504673945630245 1.0
8.0 0.0 Car -1.0 -1.0 -1.0 -1.0 -1.0 -1.0 -1.0 2.093 1.785 4.541 523.894 2.38 1687.587 -0.22648440133321082 0.0
9.0 2.0 Car -1.0 -1.0 -1.0 -1.0 -1.0 -1.0 -1.0 1.87 1.66 4.117 626.842 -3.58 1648.942 -0.5794147554601201 1.0
9.0 3.0 Car -1.0 -1.0 -1.0 -1.0 -1.0 -1.0 -1.0 2.095 1.775 4.472 555.896 1.473 1681.619 -0.2965499084549379 1.0
9.0 1.0 Car -1.0 -1.0 -1.0 -1.0 -1.0 -1.0 -1.0 2.042 1.591 4.495 513.919 2.748 1690.16 -0.1762097862822218 1.0
9.0 0.0 Car -1.0 -1.0 -1.0 -1.0 -1.0 -1.0 -1.0 2.093 1.785 4.541 525.449 2.506 1687.213 -0.22212482101046782 0.0
10.0 2.0 Car -1.0 -1.0 -1.0 -1.0 -1.0 -1.0 -1.0 1.87 1.66 4.117 630.271 -3.697 1646.608 -0.6131751416078982 1.0
10.0 3.0 Car -1.0 -1.0 -1.0 -1.0 -1.0 -1.0 -1.0 2.095 1.775 4.472 559.457 1.488 1680.517 -0.3052755394666066 1.0
10.0 1.0 Car -1.0 -1.0 -1.0 -1.0 -1.0 -1.0 -1.0 2.042 1.591 4.495 515.001 2.918 1689.945 -0.17737422222779142 1.0
10.0 0.0 Car -1.0 -1.0 -1.0 -1.0 -1.0 -1.0 -1.0 2.093 1.785 4.541 527.483 2.72 1686.808 -0.38361262350706266 0.0
11.0 2.0 Car -1.0 -1.0 -1.0 -1.0 -1.0 -1.0 -1.0 1.87 1.66 4.117 633.616 -3.814 1644.162 -0.646897479370487 1.0
11.0 3.0 Car -1.0 -1.0 -1.0 -1.0 -1.0 -1.0 -1.0 2.095 1.775 4.472 562.844 1.568 1679.336 -0.312255312159697 1.0
11.0 1.0 Car -1.0 -1.0 -1.0 -1.0 -1.0 -1.0 -1.0 2.042 1.591 4.495 516.083 3.088 1689.73 -0.17853734583921899 1.0
11.0 0.0 Car -1.0 -1.0 -1.0 -1.0 -1.0 -1.0 -1.0 2.093 1.785 4.541 529.423 2.934 1686.081 -0.5449184271933992 0.0
12.0 2.0 Car -1.0 -1.0 -1.0 -1.0 -1.0 -1.0 -1.0 1.87 1.66 4.117 637.751 -3.949 1641.197 -0.6510952009176192 1.0
12.0 3.0 Car -1.0 -1.0 -1.0 -1.0 -1.0 -1.0 -1.0 2.095 1.775 4.472 566.235 1.648 1678.154 -0.3192427924641583 1.0
12.0 1.0 Car -1.0 -1.0 -1.0 -1.0 -1.0 -1.0 -1.0 2.042 1.591 4.495 517.165 3.258 1689.515 -0.17970175386278545 1.0
12.0 0.0 Car -1.0 -1.0 -1.0 -1.0 -1.0 -1.0 -1.0 2.093 1.785 4.541 531.223 3.148 1685.052 -0.7064023573748824 0.0
13.0 2.0 Car -1.0 -1.0 -1.0 -1.0 -1.0 -1.0 -1.0 1.87 1.66 4.117 641.886 -4.084 1638.233 -0.6552932076668244 1.0
13.0 3.0 Car -1.0 -1.0 -1.0 -1.0 -1.0 -1.0 -1.0 2.095 1.775 4.472 569.627 1.728 1676.972 -0.3262325752651492 1.0
13.0 1.0 Car -1.0 -1.0 -1.0 -1.0 -1.0 -1.0 -1.0 2.042 1.591 4.495 518.248 3.428 1689.3 -0.18086624099869386 1.0
13.0 0.0 Car -1.0 -1.0 -1.0 -1.0 -1.0 -1.0 -1.0 2.093 1.785 4.541 532.835 3.361 1683.746 -0.8678972591158494 0.0
14.0 2.0 Car -1.0 -1.0 -1.0 -1.0 -1.0 -1.0 -1.0 1.87 1.66 4.117 645.996 -4.31 1635.046 -0.659481651758287 1.0
14.0 3.0 Car -1.0 -1.0 -1.0 -1.0 -1.0 -1.0 -1.0 2.095 1.775 4.472 573.011 1.808 1675.793 -0.33320369902292235 1.0
14.0 1.0 Car -1.0 -1.0 -1.0 -1.0 -1.0 -1.0 -1.0 2.042 1.591 4.495 519.328 3.598 1689.085 -0.18202807554431533 1.0
14.0 0.0 Car -1.0 -1.0 -1.0 -1.0 -1.0 -1.0 -1.0 2.093 1.785 4.541 534.307 3.504 1681.011 -1.1702471880627598 0.0
15.0 2.0 Car -1.0 -1.0 -1.0 -1.0 -1.0 -1.0 -1.0 1.87 1.66 4.117 650.11 -4.537 1631.856 -0.6636744829286965 1.0
15.0 3.0 Car -1.0 -1.0 -1.0 -1.0 -1.0 -1.0 -1.0 2.095 1.775 4.472 576.397 1.887 1674.613 -0.3401821245064934 1.0
15.0 1.0 Car -1.0 -1.0 -1.0 -1.0 -1.0 -1.0 -1.0 2.042 1.591 4.495 520.409 3.768 1688.87 -0.1831911270239017 1.0
15.0 0.0 Car -1.0 -1.0 -1.0 -1.0 -1.0 -1.0 -1.0 2.093 1.785 4.541 534.898 3.647 1677.959 -1.4728442079648953 0.0
16.0 2.0 Car -1.0 -1.0 -1.0 -1.0 -1.0 -1.0 -1.0 1.87 1.66 4.117 654.225 -4.763 1628.665 -0.6678676915724383 1.0
16.0 3.0 Car -1.0 -1.0 -1.0 -1.0 -1.0 -1.0 -1.0 2.095 1.775 4.472 579.35 1.837 1673.446 -0.3506521076748596 1.0
16.0 1.0 Car -1.0 -1.0 -1.0 -1.0 -1.0 -1.0 -1.0 2.042 1.591 4.495 521.491 3.938 1688.656 -0.18435428321099945 1.0
17.0 2.0 Car -1.0 -1.0 -1.0 -1.0 -1.0 -1.0 -1.0 1.87 1.66 4.117 658.105 -5.096 1625.332 -0.7085916838747314 1.0
17.0 3.0 Car -1.0 -1.0 -1.0 -1.0 -1.0 -1.0 -1.0 2.095 1.775 4.472 582.302 1.787 1672.28 -0.36112147036376596 1.0
17.0 1.0 Car -1.0 -1.0 -1.0 -1.0 -1.0 -1.0 -1.0 2.042 1.591 4.495 522.572 4.108 1688.441 -0.18551739518825916 1.0
18.0 2.0 Car -1.0 -1.0 -1.0 -1.0 -1.0 -1.0 -1.0 1.87 1.66 4.117 661.931 -5.43 1621.847 -0.7144102549770537 1.0
18.0 3.0 Car -1.0 -1.0 -1.0 -1.0 -1.0 -1.0 -1.0 2.095 1.775 4.472 585.256 1.737 1671.114 -0.3715943576908789 1.0
18.0 1.0 Car -1.0 -1.0 -1.0 -1.0 -1.0 -1.0 -1.0 2.042 1.591 4.495 523.653 4.278 1688.226 -0.18668056533635835 1.0
19.0 2.0 Car -1.0 -1.0 -1.0 -1.0 -1.0 -1.0 -1.0 1.87 1.66 4.117 666.409 -5.713 1617.805 -0.7376808616522105 1.0
19.0 3.0 Car -1.0 -1.0 -1.0 -1.0 -1.0 -1.0 -1.0 2.095 1.775 4.472 588.208 1.687 1669.948 -0.3820624209119443 1.0
19.0 1.0 Car -1.0 -1.0 -1.0 -1.0 -1.0 -1.0 -1.0 2.042 1.591 4.495 524.735 4.448 1688.011 -0.18784367265995083 1.0
20.0 2.0 Car -1.0 -1.0 -1.0 -1.0 -1.0 -1.0 -1.0 1.87 1.66 4.117 669.994 -5.921 1614.468 -0.7289495654894034 1.0
20.0 3.0 Car -1.0 -1.0 -1.0 -1.0 -1.0 -1.0 -1.0 2.095 1.775 4.472 591.163 1.637 1668.781 -0.3925420020663233 1.0
20.0 1.0 Car -1.0 -1.0 -1.0 -1.0 -1.0 -1.0 -1.0 2.042 1.591 4.495 525.817 4.618 1687.796 -0.18900805974201496 1.0
21.0 2.0 Car -1.0 -1.0 -1.0 -1.0 -1.0 -1.0 -1.0 1.87 1.66 4.117 674.124 -6.195 1610.451 -0.7459997352070795 1.0
21.0 3.0 Car -1.0 -1.0 -1.0 -1.0 -1.0 -1.0 -1.0 2.095 1.775 4.472 593.291 1.677 1668.029 -0.3297275482656463 1.0
21.0 1.0 Car -1.0 -1.0 -1.0 -1.0 -1.0 -1.0 -1.0 2.042 1.591 4.495 526.898 4.788 1687.581 -0.19017120662177847 1.0
22.0 2.0 Car -1.0 -1.0 -1.0 -1.0 -1.0 -1.0 -1.0 1.87 1.66 4.117 678.253 -6.468 1606.434 -0.7630496661669879 1.0
22.0 3.0 Car -1.0 -1.0 -1.0 -1.0 -1.0 -1.0 -1.0 2.095 1.775 4.472 595.463 1.717 1667.412 -0.2668872670691913 0.0
22.0 1.0 Car -1.0 -1.0 -1.0 -1.0 -1.0 -1.0 -1.0 2.042 1.591 4.495 527.98 4.958 1687.366 -0.19133433721370685 1.0
23.0 2.0 Car -1.0 -1.0 -1.0 -1.0 -1.0 -1.0 -1.0 1.87 1.66 4.117 682.241 -6.685 1602.573 -0.7677322846349678 1.0
23.0 3.0 Car -1.0 -1.0 -1.0 -1.0 -1.0 -1.0 -1.0 2.095 1.775 4.472 597.666 1.757 1666.933 -0.20411776144015326 0.0
23.0 1.0 Car -1.0 -1.0 -1.0 -1.0 -1.0 -1.0 -1.0 2.042 1.591 4.495 530.416 5.067 1686.95 -0.1822781364699555 1.0
24.0 2.0 Car -1.0 -1.0 -1.0 -1.0 -1.0 -1.0 -1.0 1.87 1.66 4.117 686.239 -6.902 1598.703 -0.7724256691659885 1.0
24.0 3.0 Car -1.0 -1.0 -1.0 -1.0 -1.0 -1.0 -1.0 2.095 1.775 4.472 599.9 1.797 1666.593 -0.14121285520647286 0.0
24.0 1.0 Car -1.0 -1.0 -1.0 -1.0 -1.0 -1.0 -1.0 2.042 1.591 4.495 532.858 5.178 1686.533 -0.17320111412205552 1.0
25.0 2.0 Car -1.0 -1.0 -1.0 -1.0 -1.0 -1.0 -1.0 1.87 1.66 4.117 690.232 -7.119 1594.837 -0.7771134737253108 1.0
25.0 3.0 Car -1.0 -1.0 -1.0 -1.0 -1.0 -1.0 -1.0 2.095 1.775 4.472 602.149 1.837 1666.394 -0.07838273670734398 0.0
25.0 1.0 Car -1.0 -1.0 -1.0 -1.0 -1.0 -1.0 -1.0 2.042 1.591 4.495 535.298 5.287 1686.116 -0.16413488345923266 1.0
26.0 2.0 Car -1.0 -1.0 -1.0 -1.0 -1.0 -1.0 -1.0 1.87 1.66 4.117 693.426 -7.292 1591.745 -0.7808629614976113 1.0
26.0 3.0 Car -1.0 -1.0 -1.0 -1.0 -1.0 -1.0 -1.0 2.095 1.775 4.472 604.121 1.804 1666.291 -0.06650271710788536 0.0
26.0 1.0 Car -1.0 -1.0 -1.0 -1.0 -1.0 -1.0 -1.0 2.042 1.591 4.495 537.249 5.375 1685.783 -0.15688336079421328 1.0
27.0 2.0 Car -1.0 -1.0 -1.0 -1.0 -1.0 -1.0 -1.0 1.87 1.66 4.117 697.423 -7.51 1587.876 -0.7855556332927512 1.0
27.0 3.0 Car -1.0 -1.0 -1.0 -1.0 -1.0 -1.0 -1.0 2.095 1.775 4.472 606.589 1.763 1666.163 -0.05163427739408233 0.0
27.0 1.0 Car -1.0 -1.0 -1.0 -1.0 -1.0 -1.0 -1.0 2.042 1.591 4.495 539.69 5.485 1685.365 -0.14780771688003758 1.0
28.0 2.0 Car -1.0 -1.0 -1.0 -1.0 -1.0 -1.0 -1.0 1.87 1.66 4.117 700.254 -7.611 1585.022 -0.8068911419579843 0.0
28.0 3.0 Car -1.0 -1.0 -1.0 -1.0 -1.0 -1.0 -1.0 2.095 1.775 4.472 609.366 1.805 1666.059 -0.042693279976528054 0.0
28.0 1.0 Car -1.0 -1.0 -1.0 -1.0 -1.0 -1.0 -1.0 2.042 1.591 4.495 542.13 5.595 1684.96 -0.15679098045407588 0.0
29.0 2.0 Car -1.0 -1.0 -1.0 -1.0 -1.0 -1.0 -1.0 1.87 1.66 4.117 702.806 -7.702 1582.449 -0.8261224661343256 0.0
29.0 3.0 Car -1.0 -1.0 -1.0 -1.0 -1.0 -1.0 -1.0 2.095 1.775 4.472 611.821 1.843 1665.968 -0.03479480588905348 0.0
29.0 1.0 Car -1.0 -1.0 -1.0 -1.0 -1.0 -1.0 -1.0 2.042 1.591 4.495 544.329 5.694 1684.594 -0.16488828231195773 0.0
30.0 2.0 Car -1.0 -1.0 -1.0 -1.0 -1.0 -1.0 -1.0 1.87 1.66 4.117 705.521 -7.753 1579.473 -0.8348394340628872 0.0
30.0 3.0 Car -1.0 -1.0 -1.0 -1.0 -1.0 -1.0 -1.0 2.095 1.775 4.472 614.546 1.884 1665.866 -0.02602285914751401 0.0
30.0 1.0 Car -1.0 -1.0 -1.0 -1.0 -1.0 -1.0 -1.0 2.042 1.591 4.495 546.771 5.804 1684.188 -0.17388104469376356 0.0
31.0 2.0 Car -1.0 -1.0 -1.0 -1.0 -1.0 -1.0 -1.0 1.87 1.66 4.117 708.243 -7.805 1576.489 -0.8435757586542687 0.0
31.0 3.0 Car -1.0 -1.0 -1.0 -1.0 -1.0 -1.0 -1.0 2.095 1.775 4.472 617.193 2.101 1665.914 -0.01728056191910987 0.0
31.0 1.0 Car -1.0 -1.0 -1.0 -1.0 -1.0 -1.0 -1.0 2.042 1.591 4.495 552.313 5.914 1683.313 -0.24381759254833035 0.0
32.0 2.0 Car -1.0 -1.0 -1.0 -1.0 -1.0 -1.0 -1.0 1.87 1.66 4.117 710.834 -7.606 1573.397 -0.8610196188881512 0.0
32.0 3.0 Car -1.0 -1.0 -1.0 -1.0 -1.0 -1.0 -1.0 2.095 1.775 4.472 619.833 2.317 1665.962 -0.008565179688567293 0.0
32.0 1.0 Car -1.0 -1.0 -1.0 -1.0 -1.0 -1.0 -1.0 2.042 1.591 4.495 557.762 6.024 1682.057 -0.31352394131867595 0.0
33.0 2.0 Car -1.0 -1.0 -1.0 -1.0 -1.0 -1.0 -1.0 1.87 1.66 4.117 713.429 -7.407 1570.301 -0.8784823436941549 0.0
33.0 3.0 Car -1.0 -1.0 -1.0 -1.0 -1.0 -1.0 -1.0 2.095 1.775 4.472 622.475 2.534 1666.01 0.00015962774685784886 0.0
33.0 1.0 Car -1.0 -1.0 -1.0 -1.0 -1.0 -1.0 -1.0 2.042 1.591 4.495 563.116 6.134 1680.423 -0.38330567365814194 0.0
34.0 2.0 Car -1.0 -1.0 -1.0 -1.0 -1.0 -1.0 -1.0 1.87 1.66 4.117 715.779 -7.308 1566.988 -0.9831427405794902 0.0
34.0 1.0 Car -1.0 -1.0 -1.0 -1.0 -1.0 -1.0 -1.0 2.042 1.591 4.495 568.343 6.244 1678.42 -0.45308670800159767 0.0
35.0 2.0 Car -1.0 -1.0 -1.0 -1.0 -1.0 -1.0 -1.0 1.87 1.66 4.117 717.773 -7.209 1563.445 -1.0879218539334738 0.0
35.0 1.0 Car -1.0 -1.0 -1.0 -1.0 -1.0 -1.0 -1.0 2.042 1.591 4.495 573.423 6.354 1676.054 -0.5229468950926295 0.0
36.0 2.0 Car -1.0 -1.0 -1.0 -1.0 -1.0 -1.0 -1.0 1.87 1.66 4.117 719.176 -6.95 1560.714 -1.1438095341667562 0.0
36.0 1.0 Car -1.0 -1.0 -1.0 -1.0 -1.0 -1.0 -1.0 2.042 1.591 4.495 577.593 6.464 1674.376 -0.5229468950926295 0.0
37.0 2.0 Car -1.0 -1.0 -1.0 -1.0 -1.0 -1.0 -1.0 1.87 1.66 4.117 720.537 -6.665 1557.631 -1.2051914468267009 0.0
37.0 1.0 Car -1.0 -1.0 -1.0 -1.0 -1.0 -1.0 -1.0 2.042 1.591 4.495 582.174 6.585 1672.534 -0.5229468950926295 0.0
38.0 2.0 Car -1.0 -1.0 -1.0 -1.0 -1.0 -1.0 -1.0 1.87 1.66 4.117 721.357 -6.406 1555.408 -1.261020831039358 0.0
38.0 1.0 Car -1.0 -1.0 -1.0 -1.0 -1.0 -1.0 -1.0 2.042 1.591 4.495 586.34 6.695 1670.858 -0.5229468950926295 0.0
39.0 2.0 Car -1.0 -1.0 -1.0 -1.0 -1.0 -1.0 -1.0 1.87 1.66 4.117 721.989 -6.173 1553.367 -1.3113478303167208 0.0
39.0 1.0 Car -1.0 -1.0 -1.0 -1.0 -1.0 -1.0 -1.0 2.042 1.591 4.495 590.095 6.794 1669.347 -0.5229468950926295 0.0
