0.0 2.0 Truck -1.0 -1.0 -1.0 -1.0 -1.0 -1.0 -1.0 1.678 1.957 4.787 492.17 0.987 1371.37 0.8574802614960362 0.0
0.0 3.0 Car -1.0 -1.0 -1.0 -1.0 -1.0 -1.0 -1.0 1.598 1.429 4.278 476.031 0.297 1342.767 0.9857794148487591 0.0
1.0 2.0 Truck -1.0 -1.0 -1.0 -1.0 -1.0 -1.0 -1.0 1.678 1.957 4.787 494.524 1.012 1374.46 0.9448478654017146 1.0
1.0 3.0 Car -1.0 -1.0 -1.0 -1.0 -1.0 -1.0 -1.0 1.598 1.429 4.278 476.037 0.287 1342.755 0.9857794148487591 0.0
2.0 2.0 Truck -1.0 -1.0 -1.0 -1.0 -1.0 -1.0 -1.0 1.678 1.957 4.787 496.596 1.037 1377.737 1.0320131866954692 1.0
2.0 3.0 Car -1.0 -1.0 -1.0 -1.0 -1.0 -1.0 -1.0 1.598 1.429 4.278 476.044 0.277 1342.743 0.9857794148487591 0.0
2.0 0.0 Truck -1.0 -1.0 -1.0 -1.0 -1.0 -1.0 -1.0 1.744 1.909 5.192 472.897 0.524 1343.936 0.9654114224475584 0.0
3.0 2.0 Truck -1.0 -1.0 -1.0 -1.0 -1.0 -1.0 -1.0 1.678 1.957 4.787 498.75 1.087 1381.611 1.0581913710633402 1.0
3.0 3.0 Car -1.0 -1.0 -1.0 -1.0 -1.0 -1.0 -1.0 1.598 1.429 4.278 476.05 0.267 1342.73 0.9857794148487591 1.0
3.0 0.0 Truck -1.0 -1.0 -1.0 -1.0 -1.0 -1.0 -1.0 1.744 1.909 5.192 473.004 0.541 1344.096 0.9654114224475584 0.0
4.0 2.0 Truck -1.0 -1.0 -1.0 -1.0 -1.0 -1.0 -1.0 1.678 1.957 4.787 500.802 1.137 1385.54 1.0843730642552991 1.0
4.0 3.0 Car -1.0 -1.0 -1.0 -1.0 -1.0 -1.0 -1.0 1.598 1.429 4.278 476.098 0.258 1342.799 0.9857794148487591 1.0
4.0 0.0 Truck -1.0 -1.0 -1.0 -1.0 -1.0 -1.0 -1.0 1.744 1.909 5.192 472.986 0.542 1344.08 0.9654114224475584 0.0
5.0 2.0 Truck -1.0 -1.0 -1.0 -1.0 -1.0 -1.0 -1.0 1.678 1.957 4.787 502.805 1.187 1389.44 1.11931484442442 1.0
5.0 3.0 Car -1.0 -1.0 -1.0 -1.0 -1.0 -1.0 -1.0 1.598 1.429 4.278 476.146 0.248 1342.868 0.9857794148487591 1.0
5.0 0.0 Truck -1.0 -1.0 -1.0 -1.0 -1.0 -1.0 -1.0 1.744 1.909 5.192 472.967 0.543 1344.065 0.9654114224475584 1.0
6.0 2.0 Truck -1.0 -1.0 -1.0 -1.0 -1.0 -1.0 -1.0 1.678 1.957 4.787 504.835 1.287 1393.768 1.154183091912819 1.0
6.0 3.0 Car -1.0 -1.0 -1.0 -1.0 -1.0 -1.0 -1.0 1.598 1.429 4.278 476.194 0.238 1342.937 0.9857794148487591 1.0
6.0 0.0 Truck -1.0 -1.0 -1.0 -1.0 -1.0 -1.0 -1.0 1.744 1.909 5.192 472.949 0.543 1344.05 0.9654114224475584 1.0
7.0 2.0 Truck -1.0 -1.0 -1.0 -1.0 -1.0 -1.0 -1.0 1.678 1.957 4.787 506.694 1.287 1398.123 1.189091702069269 0.0
7.0 3.0 Car -1.0 -1.0 -1.0 -1.0 -1.0 -1.0 -1.0 1.598 1.429 4.278 476.173 0.245 1342.882 0.9857794148487591 1.0
7.0 0.0 Truck -1.0 -1.0 -1.0 -1.0 -1.0 -1.0 -1.0 1.744 1.909 5.192 472.933 0.544 1344.068 0.958141996541506 1.0
8.0 2.0 Truck -1.0 -1.0 -1.0 -1.0 -1.0 -1.0 -1.0 1.678 1.957 4.787 508.442 1.387 1402.667 1.2239994044148457 0.0
8.0 3.0 Car -1.0 -1.0 -1.0 -1.0 -1.0 -1.0 -1.0 1.598 1.429 4.278 476.151 0.252 1342.827 0.9857794148487591 1.0
8.0 0.0 Truck -1.0 -1.0 -1.0 -1.0 -1.0 -1.0 -1.0 1.744 1.909 5.192 472.917 0.544 1344.087 0.9508727596794703 1.0
9.0 2.0 Truck -1.0 -1.0 -1.0 -1.0 -1.0 -1.0 -1.0 1.678 1.957 4.787 510.105 1.437 1407.678 1.253153410314172 0.0
9.0 3.0 Car -1.0 -1.0 -1.0 -1.0 -1.0 -1.0 -1.0 1.598 1.429 4.278 476.373 0.259 1343.14 0.9857794148487591 1.0
9.0 0.0 Truck -1.0 -1.0 -1.0 -1.0 -1.0 -1.0 -1.0 1.744 1.909 5.192 472.901 0.545 1344.105 0.943588457463494 1.0
10.0 2.0 Truck -1.0 -1.0 -1.0 -1.0 -1.0 -1.0 -1.0 1.678 1.957 4.787 511.547 1.477 1412.143 1.2414526969347888 0.0
10.0 1.0 Car -1.0 -1.0 -1.0 -1.0 -1.0 -1.0 -1.0 1.656 1.388 4.41 442.168 -1.3 1294.431 1.021715744117481 0.0
10.0 3.0 Car -1.0 -1.0 -1.0 -1.0 -1.0 -1.0 -1.0 1.598 1.429 4.278 476.347 0.25 1343.135 0.9957199156230491 1.0
10.0 0.0 Truck -1.0 -1.0 -1.0 -1.0 -1.0 -1.0 -1.0 1.744 1.909 5.192 472.888 0.545 1344.12 0.9377903320551376 1.0
11.0 2.0 Truck -1.0 -1.0 -1.0 -1.0 -1.0 -1.0 -1.0 1.678 1.957 4.787 513.716 1.477 1419.874 1.2618192744025616 0.0
11.0 1.0 Car -1.0 -1.0 -1.0 -1.0 -1.0 -1.0 -1.0 1.656 1.388 4.41 444.956 -1.114 1298.899 1.0042624515975376 0.0
11.0 3.0 Car -1.0 -1.0 -1.0 -1.0 -1.0 -1.0 -1.0 1.598 1.429 4.278 476.315 0.238 1343.128 1.0082104121341868 1.0
11.0 0.0 Truck -1.0 -1.0 -1.0 -1.0 -1.0 -1.0 -1.0 1.744 1.909 5.192 472.871 0.546 1344.138 0.9305048374076719 1.0
12.0 2.0 Truck -1.0 -1.0 -1.0 -1.0 -1.0 -1.0 -1.0 1.678 1.957 4.787 514.865 1.592 1423.403 1.2926793417154832 0.0
12.0 1.0 Car -1.0 -1.0 -1.0 -1.0 -1.0 -1.0 -1.0 1.656 1.388 4.41 447.026 -0.962 1302.139 1.0042624515975376 0.0
12.0 3.0 Car -1.0 -1.0 -1.0 -1.0 -1.0 -1.0 -1.0 1.598 1.429 4.278 476.284 0.227 1343.121 1.0206859998886457 1.0
12.0 0.0 Truck -1.0 -1.0 -1.0 -1.0 -1.0 -1.0 -1.0 1.744 1.909 5.192 473.009 0.546 1344.225 0.9538007074492085 1.0
13.0 2.0 Truck -1.0 -1.0 -1.0 -1.0 -1.0 -1.0 -1.0 1.678 1.957 4.787 515.902 1.707 1426.957 1.3234741001753896 0.0
13.0 1.0 Car -1.0 -1.0 -1.0 -1.0 -1.0 -1.0 -1.0 1.656 1.388 4.41 449.091 -0.81 1305.372 1.0042624515975376 1.0
13.0 3.0 Car -1.0 -1.0 -1.0 -1.0 -1.0 -1.0 -1.0 1.598 1.429 4.278 476.296 0.251 1343.18 1.0206859998886457 1.0
13.0 0.0 Truck -1.0 -1.0 -1.0 -1.0 -1.0 -1.0 -1.0 1.744 1.909 5.192 473.147 0.547 1344.312 0.9770472766730579 1.0
14.0 2.0 Truck -1.0 -1.0 -1.0 -1.0 -1.0 -1.0 -1.0 1.678 1.957 4.787 516.759 1.78 1430.562 1.3368479396148198 0.0
14.0 1.0 Car -1.0 -1.0 -1.0 -1.0 -1.0 -1.0 -1.0 1.656 1.388 4.41 451.159 -0.659 1308.609 1.0042624515975376 1.0
14.0 3.0 Car -1.0 -1.0 -1.0 -1.0 -1.0 -1.0 -1.0 1.598 1.429 4.278 477.097 0.275 1344.431 1.0206859998886457 1.0
14.0 0.0 Truck -1.0 -1.0 -1.0 -1.0 -1.0 -1.0 -1.0 1.744 1.909 5.192 473.285 0.547 1344.399 1.0003180074874451 1.0
15.0 2.0 Truck -1.0 -1.0 -1.0 -1.0 -1.0 -1.0 -1.0 1.678 1.957 4.787 517.617 1.854 1434.171 1.3502371631540808 0.0
15.0 1.0 Car -1.0 -1.0 -1.0 -1.0 -1.0 -1.0 -1.0 1.656 1.388 4.41 452.629 -0.673 1311.001 1.0042624515975376 1.0
15.0 3.0 Car -1.0 -1.0 -1.0 -1.0 -1.0 -1.0 -1.0 1.598 1.429 4.278 477.838 0.299 1345.59 1.0206859998886457 1.0
15.0 0.0 Truck -1.0 -1.0 -1.0 -1.0 -1.0 -1.0 -1.0 1.744 1.909 5.192 473.924 0.598 1345.466 1.0003180074874451 1.0
16.0 5.0 Car -1.0 -1.0 -1.0 -1.0 -1.0 -1.0 -1.0 1.706 1.502 4.508 471.95 0.071 1337.923 0.8838521865147374 0.0
16.0 2.0 Truck -1.0 -1.0 -1.0 -1.0 -1.0 -1.0 -1.0 1.678 1.957 4.787 518.474 1.927 1437.779 1.363625744574392 0.0
16.0 1.0 Car -1.0 -1.0 -1.0 -1.0 -1.0 -1.0 -1.0 1.656 1.388 4.41 454.099 -0.688 1313.394 1.0042624515975376 1.0
16.0 3.0 Car -1.0 -1.0 -1.0 -1.0 -1.0 -1.0 -1.0 1.598 1.429 4.278 478.847 0.299 1347.212 1.0032327073687024 1.0
16.0 0.0 Truck -1.0 -1.0 -1.0 -1.0 -1.0 -1.0 -1.0 1.744 1.909 5.192 474.564 0.649 1346.532 1.0003180074874451 1.0
17.0 5.0 Car -1.0 -1.0 -1.0 -1.0 -1.0 -1.0 -1.0 1.706 1.502 4.508 472.427 0.157 1338.438 0.8838521865147374 1.0
17.0 2.0 Truck -1.0 -1.0 -1.0 -1.0 -1.0 -1.0 -1.0 1.678 1.957 4.787 519.057 2.05 1440.777 1.3810790370943353 0.0
17.0 1.0 Car -1.0 -1.0 -1.0 -1.0 -1.0 -1.0 -1.0 1.656 1.388 4.41 455.99 -0.603 1316.39 1.0042624515975376 1.0
17.0 3.0 Car -1.0 -1.0 -1.0 -1.0 -1.0 -1.0 -1.0 1.598 1.429 4.278 480.187 0.384 1349.28 0.9965682389090819 1.0
17.0 0.0 Truck -1.0 -1.0 -1.0 -1.0 -1.0 -1.0 -1.0 1.744 1.909 5.192 475.203 0.699 1347.598 1.0003180074874451 1.0
18.0 5.0 Car -1.0 -1.0 -1.0 -1.0 -1.0 -1.0 -1.0 1.706 1.502 4.508 473.537 0.251 1340.025 0.8489456014748507 1.0
18.0 2.0 Truck -1.0 -1.0 -1.0 -1.0 -1.0 -1.0 -1.0 1.678 1.957 4.787 519.916 2.088 1445.011 1.363625744574392 0.0
18.0 1.0 Car -1.0 -1.0 -1.0 -1.0 -1.0 -1.0 -1.0 1.656 1.388 4.41 458.256 -0.5 1319.981 1.0042624515975376 1.0
18.0 3.0 Car -1.0 -1.0 -1.0 -1.0 -1.0 -1.0 -1.0 1.598 1.429 4.278 482.389 0.586 1352.211 0.8559939788527734 1.0
18.0 0.0 Truck -1.0 -1.0 -1.0 -1.0 -1.0 -1.0 -1.0 1.744 1.909 5.192 477.052 0.799 1350.467 0.9872177917490788 1.0
19.0 5.0 Car -1.0 -1.0 -1.0 -1.0 -1.0 -1.0 -1.0 1.706 1.502 4.508 473.789 0.221 1340.732 0.8663922320060092 1.0
19.0 1.0 Car -1.0 -1.0 -1.0 -1.0 -1.0 -1.0 -1.0 1.656 1.388 4.41 460.142 -0.415 1322.97 1.0042624515975376 1.0
19.0 3.0 Car -1.0 -1.0 -1.0 -1.0 -1.0 -1.0 -1.0 1.598 1.429 4.278 484.364 0.572 1354.177 0.7638083565172409 0.0
19.0 0.0 Truck -1.0 -1.0 -1.0 -1.0 -1.0 -1.0 -1.0 1.744 1.909 5.192 478.591 0.881 1352.855 0.9763147599474158 1.0
20.0 5.0 Car -1.0 -1.0 -1.0 -1.0 -1.0 -1.0 -1.0 1.706 1.502 4.508 474.041 0.191 1341.44 0.8838393517041764 1.0
20.0 1.0 Car -1.0 -1.0 -1.0 -1.0 -1.0 -1.0 -1.0 1.656 1.388 4.41 462.028 -0.33 1325.96 1.0042624515975376 1.0
20.0 3.0 Car -1.0 -1.0 -1.0 -1.0 -1.0 -1.0 -1.0 1.598 1.429 4.278 486.512 0.659 1355.953 0.6716201494897799 0.0
20.0 0.0 Truck -1.0 -1.0 -1.0 -1.0 -1.0 -1.0 -1.0 1.744 1.909 5.192 480.13 0.964 1355.242 0.9654114224475584 1.0
21.0 5.0 Car -1.0 -1.0 -1.0 -1.0 -1.0 -1.0 -1.0 1.706 1.502 4.508 474.292 0.16 1342.148 0.9013054790346804 1.0
21.0 1.0 Car -1.0 -1.0 -1.0 -1.0 -1.0 -1.0 -1.0 1.656 1.388 4.41 463.916 -0.245 1328.952 1.0042624515975376 1.0
21.0 3.0 Car -1.0 -1.0 -1.0 -1.0 -1.0 -1.0 -1.0 1.598 1.429 4.278 489.67 0.634 1358.157 0.5319911557531082 0.0
21.0 0.0 Truck -1.0 -1.0 -1.0 -1.0 -1.0 -1.0 -1.0 1.744 1.909 5.192 482.209 0.997 1358.153 0.9654114224475584 1.0
22.0 5.0 Car -1.0 -1.0 -1.0 -1.0 -1.0 -1.0 -1.0 1.706 1.502 4.508 476.485 0.297 1344.94 0.9856712690013288 1.0
22.0 4.0 Car -1.0 -1.0 -1.0 -1.0 -1.0 -1.0 -1.0 1.678 1.365 3.892 458.059 -0.402 1318.311 1.056814315404929 0.0
22.0 1.0 Car -1.0 -1.0 -1.0 -1.0 -1.0 -1.0 -1.0 1.656 1.388 4.41 465.804 -0.16 1331.945 1.0042624515975376 1.0
22.0 3.0 Car -1.0 -1.0 -1.0 -1.0 -1.0 -1.0 -1.0 1.598 1.429 4.278 493.104 0.609 1359.9 0.3923674691706869 0.0
22.0 0.0 Truck -1.0 -1.0 -1.0 -1.0 -1.0 -1.0 -1.0 1.744 1.909 5.192 484.287 1.031 1361.063 0.9654114224475584 1.0
23.0 5.0 Car -1.0 -1.0 -1.0 -1.0 -1.0 -1.0 -1.0 1.706 1.502 4.508 478.847 0.433 1348.147 0.9304112719595494 1.0
23.0 4.0 Car -1.0 -1.0 -1.0 -1.0 -1.0 -1.0 -1.0 1.678 1.365 3.892 459.273 -0.384 1320.436 1.056814315404929 1.0
23.0 1.0 Car -1.0 -1.0 -1.0 -1.0 -1.0 -1.0 -1.0 1.656 1.388 4.41 467.692 -0.074 1334.937 1.0042624515975376 1.0
23.0 3.0 Car -1.0 -1.0 -1.0 -1.0 -1.0 -1.0 -1.0 1.598 1.429 4.278 496.888 0.584 1361.228 0.28190927758061246 0.0
23.0 0.0 Truck -1.0 -1.0 -1.0 -1.0 -1.0 -1.0 -1.0 1.744 1.909 5.192 486.487 1.064 1364.149 0.9654114224475584 1.0
24.0 5.0 Car -1.0 -1.0 -1.0 -1.0 -1.0 -1.0 -1.0 1.706 1.502 4.508 480.647 0.47 1350.544 0.8663988939947939 1.0
24.0 4.0 Car -1.0 -1.0 -1.0 -1.0 -1.0 -1.0 -1.0 1.678 1.365 3.892 460.49 -0.366 1322.567 1.056814315404929 1.0
24.0 1.0 Car -1.0 -1.0 -1.0 -1.0 -1.0 -1.0 -1.0 1.656 1.388 4.41 469.585 0.011 1337.936 1.0042624515975376 1.0
24.0 3.0 Car -1.0 -1.0 -1.0 -1.0 -1.0 -1.0 -1.0 1.598 1.429 4.278 501.119 0.509 1362.209 0.17121133513358508 0.0
24.0 0.0 Truck -1.0 -1.0 -1.0 -1.0 -1.0 -1.0 -1.0 1.744 1.909 5.192 488.896 1.031 1367.797 1.0294755003620337 1.0
25.0 5.0 Car -1.0 -1.0 -1.0 -1.0 -1.0 -1.0 -1.0 1.706 1.502 4.508 482.52 0.54 1352.718 0.824530221317264 1.0
25.0 4.0 Car -1.0 -1.0 -1.0 -1.0 -1.0 -1.0 -1.0 1.678 1.365 3.892 462.155 -0.248 1325.46 1.052451070833142 1.0
25.0 1.0 Car -1.0 -1.0 -1.0 -1.0 -1.0 -1.0 -1.0 1.656 1.388 4.41 471.473 0.096 1340.929 1.0042624515975376 1.0
25.0 3.0 Car -1.0 -1.0 -1.0 -1.0 -1.0 -1.0 -1.0 1.598 1.429 4.278 505.628 0.434 1362.73 0.0607549112917647 0.0
25.0 0.0 Truck -1.0 -1.0 -1.0 -1.0 -1.0 -1.0 -1.0 1.744 1.909 5.192 491.217 0.997 1371.864 1.093399804524624 1.0
26.0 5.0 Car -1.0 -1.0 -1.0 -1.0 -1.0 -1.0 -1.0 1.706 1.502 4.508 484.613 0.559 1354.69 0.7389326997810318 1.0
26.0 4.0 Car -1.0 -1.0 -1.0 -1.0 -1.0 -1.0 -1.0 1.678 1.365 3.892 463.822 -0.196 1328.357 1.0480828072653106 1.0
26.0 1.0 Car -1.0 -1.0 -1.0 -1.0 -1.0 -1.0 -1.0 1.656 1.388 4.41 473.634 0.231 1344.215 1.0042624515975376 1.0
26.0 3.0 Car -1.0 -1.0 -1.0 -1.0 -1.0 -1.0 -1.0 1.598 1.429 4.278 510.729 0.309 1362.996 0.034559792974450325 0.0
26.0 0.0 Truck -1.0 -1.0 -1.0 -1.0 -1.0 -1.0 -1.0 1.744 1.909 5.192 493.309 0.964 1376.159 1.1573976401669346 1.0
27.0 5.0 Car -1.0 -1.0 -1.0 -1.0 -1.0 -1.0 -1.0 1.706 1.502 4.508 486.864 0.579 1356.473 0.6534343822845543 0.0
27.0 4.0 Car -1.0 -1.0 -1.0 -1.0 -1.0 -1.0 -1.0 1.678 1.365 3.892 465.486 -0.145 1331.251 1.0437196063369676 0.0
27.0 1.0 Car -1.0 -1.0 -1.0 -1.0 -1.0 -1.0 -1.0 1.656 1.388 4.41 475.792 0.365 1347.497 1.0042624515975376 0.0
27.0 3.0 Car -1.0 -1.0 -1.0 -1.0 -1.0 -1.0 -1.0 1.598 1.429 4.278 516.014 0.134 1363.128 0.008395033731934731 0.0
27.0 0.0 Truck -1.0 -1.0 -1.0 -1.0 -1.0 -1.0 -1.0 1.744 1.909 5.192 495.291 1.027 1380.717 1.1573976401669346 0.0
28.0 5.0 Car -1.0 -1.0 -1.0 -1.0 -1.0 -1.0 -1.0 1.706 1.502 4.508 489.257 0.599 1358.057 0.5680265457139908 0.0
28.0 4.0 Car -1.0 -1.0 -1.0 -1.0 -1.0 -1.0 -1.0 1.678 1.365 3.892 467.149 -0.094 1334.142 1.0393610228849857 0.0
28.0 1.0 Car -1.0 -1.0 -1.0 -1.0 -1.0 -1.0 -1.0 1.656 1.388 4.41 477.948 0.5 1350.776 1.0042624515975376 0.0
28.0 3.0 Car -1.0 -1.0 -1.0 -1.0 -1.0 -1.0 -1.0 1.598 1.429 4.278 521.546 0.059 1363.211 0.017111869318618304 0.0
28.0 0.0 Truck -1.0 -1.0 -1.0 -1.0 -1.0 -1.0 -1.0 1.744 1.909 5.192 497.45 1.089 1385.678 1.1573976401669346 0.0
29.0 5.0 Car -1.0 -1.0 -1.0 -1.0 -1.0 -1.0 -1.0 1.706 1.502 4.508 491.782 0.619 1359.433 0.4824264585560411 0.0
29.0 4.0 Car -1.0 -1.0 -1.0 -1.0 -1.0 -1.0 -1.0 1.678 1.365 3.892 468.972 -0.001 1337.255 1.0335364386279597 0.0
29.0 1.0 Car -1.0 -1.0 -1.0 -1.0 -1.0 -1.0 -1.0 1.656 1.388 4.41 480.326 0.601 1354.515 1.0042624515975376 0.0
29.0 3.0 Car -1.0 -1.0 -1.0 -1.0 -1.0 -1.0 -1.0 1.598 1.429 4.278 527.533 -0.066 1363.304 0.025848326251878048 0.0
29.0 0.0 Truck -1.0 -1.0 -1.0 -1.0 -1.0 -1.0 -1.0 1.744 1.909 5.192 499.614 1.152 1390.651 1.1573976401669346 0.0
30.0 5.0 Car -1.0 -1.0 -1.0 -1.0 -1.0 -1.0 -1.0 1.706 1.502 4.508 494.759 0.573 1360.824 0.3786121831454063 0.0
30.0 4.0 Car -1.0 -1.0 -1.0 -1.0 -1.0 -1.0 -1.0 1.678 1.365 3.892 470.79 0.092 1340.36 1.0277257622208231 0.0
30.0 1.0 Car -1.0 -1.0 -1.0 -1.0 -1.0 -1.0 -1.0 1.656 1.388 4.41 482.73 0.702 1358.297 1.0042624515975376 0.0
30.0 3.0 Car -1.0 -1.0 -1.0 -1.0 -1.0 -1.0 -1.0 1.598 1.429 4.278 534.594 -0.54 1363.57 0.04330161877182138 0.0
30.0 0.0 Truck -1.0 -1.0 -1.0 -1.0 -1.0 -1.0 -1.0 1.744 1.909 5.192 501.775 1.214 1395.617 1.1573976401669346 0.0
31.0 5.0 Car -1.0 -1.0 -1.0 -1.0 -1.0 -1.0 -1.0 1.706 1.502 4.508 497.868 0.527 1361.9 0.2746664943643047 0.0
31.0 4.0 Car -1.0 -1.0 -1.0 -1.0 -1.0 -1.0 -1.0 1.678 1.365 3.892 472.611 0.185 1343.47 1.0219077303650423 0.0
31.0 1.0 Car -1.0 -1.0 -1.0 -1.0 -1.0 -1.0 -1.0 1.656 1.388 4.41 485.414 0.728 1362.519 1.0042624515975376 0.0
31.0 0.0 Truck -1.0 -1.0 -1.0 -1.0 -1.0 -1.0 -1.0 1.744 1.909 5.192 504.025 1.311 1400.792 1.179221352656561 0.0
32.0 5.0 Car -1.0 -1.0 -1.0 -1.0 -1.0 -1.0 -1.0 1.706 1.502 4.508 501.076 0.482 1362.648 0.1706118489279429 0.0
32.0 4.0 Car -1.0 -1.0 -1.0 -1.0 -1.0 -1.0 -1.0 1.678 1.365 3.892 474.707 0.331 1346.774 1.0139623416321537 0.0
32.0 1.0 Car -1.0 -1.0 -1.0 -1.0 -1.0 -1.0 -1.0 1.656 1.388 4.41 487.906 0.671 1366.437 1.0042624515975376 0.0
32.0 0.0 Truck -1.0 -1.0 -1.0 -1.0 -1.0 -1.0 -1.0 1.744 1.909 5.192 506.129 1.408 1405.96 1.2010679409262812 0.0
33.0 5.0 Car -1.0 -1.0 -1.0 -1.0 -1.0 -1.0 -1.0 1.706 1.502 4.508 504.99 0.427 1363.1 0.04609414555745861 0.0
33.0 4.0 Car -1.0 -1.0 -1.0 -1.0 -1.0 -1.0 -1.0 1.678 1.365 3.892 477.216 0.506 1350.727 1.004454437845099 0.0
33.0 1.0 Car -1.0 -1.0 -1.0 -1.0 -1.0 -1.0 -1.0 1.656 1.388 4.41 491.044 0.674 1371.74 1.0500124442995724 0.0
33.0 0.0 Truck -1.0 -1.0 -1.0 -1.0 -1.0 -1.0 -1.0 1.744 1.909 5.192 508.429 1.494 1412.28 1.2272108102467076 0.0
34.0 5.0 Car -1.0 -1.0 -1.0 -1.0 -1.0 -1.0 -1.0 1.706 1.502 4.508 508.549 0.335 1363.141 0.027737517985426677 0.0
34.0 4.0 Car -1.0 -1.0 -1.0 -1.0 -1.0 -1.0 -1.0 1.678 1.365 3.892 479.65 0.657 1354.412 0.9928275543961738 0.0
34.0 1.0 Car -1.0 -1.0 -1.0 -1.0 -1.0 -1.0 -1.0 1.656 1.388 4.41 493.476 0.676 1376.272 1.0882015489339993 0.0
34.0 0.0 Truck -1.0 -1.0 -1.0 -1.0 -1.0 -1.0 -1.0 1.744 1.909 5.192 510.105 1.498 1417.524 1.285345227491333 0.0
35.0 5.0 Car -1.0 -1.0 -1.0 -1.0 -1.0 -1.0 -1.0 1.706 1.502 4.508 512.112 0.243 1363.152 0.009359334127991168 0.0
35.0 4.0 Car -1.0 -1.0 -1.0 -1.0 -1.0 -1.0 -1.0 1.678 1.365 3.892 482.087 0.709 1358.101 0.9811870174361669 0.0
35.0 1.0 Car -1.0 -1.0 -1.0 -1.0 -1.0 -1.0 -1.0 1.656 1.388 4.41 495.736 0.678 1380.899 1.1264354992371408 0.0
35.0 0.0 Truck -1.0 -1.0 -1.0 -1.0 -1.0 -1.0 -1.0 1.744 1.909 5.192 511.566 1.553 1423.099 1.3348207515991068 0.0
36.0 5.0 Car -1.0 -1.0 -1.0 -1.0 -1.0 -1.0 -1.0 1.706 1.502 4.508 515.674 0.151 1363.15 -0.009016683084063226 0.0
36.0 4.0 Car -1.0 -1.0 -1.0 -1.0 -1.0 -1.0 -1.0 1.678 1.365 3.892 484.523 0.735 1361.79 0.9695478528052124 0.0
36.0 1.0 Car -1.0 -1.0 -1.0 -1.0 -1.0 -1.0 -1.0 1.656 1.388 4.41 497.693 0.785 1385.135 1.1326710004640188 0.0
36.0 0.0 Truck -1.0 -1.0 -1.0 -1.0 -1.0 -1.0 -1.0 1.744 1.909 5.192 512.75 1.607 1428.739 1.3842904429261977 0.0
37.0 5.0 Car -1.0 -1.0 -1.0 -1.0 -1.0 -1.0 -1.0 1.706 1.502 4.508 518.525 0.077 1363.148 -0.023719024522314443 0.0
37.0 4.0 Car -1.0 -1.0 -1.0 -1.0 -1.0 -1.0 -1.0 1.678 1.365 3.892 486.653 0.721 1365.002 0.9945008942410747 0.0
37.0 1.0 Car -1.0 -1.0 -1.0 -1.0 -1.0 -1.0 -1.0 1.656 1.388 4.41 499.259 0.871 1388.525 1.1376599198265918 0.0
37.0 0.0 Truck -1.0 -1.0 -1.0 -1.0 -1.0 -1.0 -1.0 1.744 1.909 5.192 513.753 1.75 1433.847 1.3842904429261977 0.0
38.0 5.0 Car -1.0 -1.0 -1.0 -1.0 -1.0 -1.0 -1.0 1.706 1.502 4.508 522.373 -0.003 1363.074 -0.01499288451413894 0.0
38.0 4.0 Car -1.0 -1.0 -1.0 -1.0 -1.0 -1.0 -1.0 1.678 1.365 3.892 489.199 0.703 1369.085 1.0256557973542193 0.0
38.0 1.0 Car -1.0 -1.0 -1.0 -1.0 -1.0 -1.0 -1.0 1.656 1.388 4.41 501.214 0.978 1392.756 1.1438887917570841 0.0
38.0 0.0 Truck -1.0 -1.0 -1.0 -1.0 -1.0 -1.0 -1.0 1.744 1.909 5.192 514.764 1.779 1439.177 1.4017437354461408 0.0
