0.0 0.0 Car -1.0 -1.0 -1.0 -1.0 -1.0 -1.0 -1.0 1.727 1.439 4.311 1718.252 1.013 2525.205 0.36246997901424427 0.0
1.0 0.0 Car -1.0 -1.0 -1.0 -1.0 -1.0 -1.0 -1.0 1.727 1.439 4.311 1721.953 0.953 2526.622 0.3694512960222216 1.0
2.0 0.0 Car -1.0 -1.0 -1.0 -1.0 -1.0 -1.0 -1.0 1.727 1.439 4.311 1724.897 0.918 2527.742 0.3764326130301989 1.0
3.0 0.0 Car -1.0 -1.0 -1.0 -1.0 -1.0 -1.0 -1.0 1.727 1.439 4.311 1728.402 0.888 2529.118 0.3834139300381763 1.0
4.0 0.0 Car -1.0 -1.0 -1.0 -1.0 -1.0 -1.0 -1.0 1.727 1.439 4.311 1731.843 0.817 2530.42 0.3903952470461536 1.0
5.0 0.0 Car -1.0 -1.0 -1.0 -1.0 -1.0 -1.0 -1.0 1.727 1.439 4.311 1735.161 0.88 2531.671 0.3973765640541309 1.0
6.0 0.0 Car -1.0 -1.0 -1.0 -1.0 -1.0 -1.0 -1.0 1.727 1.439 4.311 1738.705 0.927 2533.09 0.38428659466417336 0.0
7.0 0.0 Car -1.0 -1.0 -1.0 -1.0 -1.0 -1.0 -1.0 1.727 1.439 4.311 1742.316 1.019 2534.499 0.3711966252742158 0.0
8.0 0.0 Car -1.0 -1.0 -1.0 -1.0 -1.0 -1.0 -1.0 1.727 1.439 4.311 1746.303 1.011 2536.007 0.3581066558842583 0.0
9.0 0.0 Car -1.0 -1.0 -1.0 -1.0 -1.0 -1.0 -1.0 1.727 1.439 4.311 1750.372 1.003 2537.547 0.34501668649430095 0.0
10.0 0.0 Car -1.0 -1.0 -1.0 -1.0 -1.0 -1.0 -1.0 1.727 1.439 4.311 1754.278 0.865 2539.014 0.34501668649430095 1.0
11.0 0.0 Car -1.0 -1.0 -1.0 -1.0 -1.0 -1.0 -1.0 1.727 1.439 4.311 1758.736 0.81 2540.641 0.35665221484092985 1.0
12.0 0.0 Car -1.0 -1.0 -1.0 -1.0 -1.0 -1.0 -1.0 1.727 1.439 4.311 1762.265 0.73 2541.962 0.35083445066761537 1.0
13.0 1.0 Car -1.0 -1.0 -1.0 -1.0 -1.0 -1.0 -1.0 1.834 1.52 4.541 1827.844 1.001 2564.957 -2.7663294109423595 0.0
13.0 0.0 Car -1.0 -1.0 -1.0 -1.0 -1.0 -1.0 -1.0 1.727 1.439 4.311 1766.788 0.8 2543.667 0.37992327153418753 1.0
14.0 1.0 Car -1.0 -1.0 -1.0 -1.0 -1.0 -1.0 -1.0 1.834 1.52 4.541 1825.836 1.032 2564.203 -2.770692734072345 1.0
14.0 0.0 Car -1.0 -1.0 -1.0 -1.0 -1.0 -1.0 -1.0 1.727 1.439 4.311 1771.34 0.875 2545.468 0.36246997901424427 1.0
15.0 1.0 Car -1.0 -1.0 -1.0 -1.0 -1.0 -1.0 -1.0 1.834 1.52 4.541 1823.017 0.997 2563.091 -2.77505605720233 1.0
15.0 0.0 Car -1.0 -1.0 -1.0 -1.0 -1.0 -1.0 -1.0 1.727 1.439 4.311 1776.045 0.799 2547.336 0.36828774318755864 1.0
16.0 1.0 Car -1.0 -1.0 -1.0 -1.0 -1.0 -1.0 -1.0 1.834 1.52 4.541 1820.858 1.027 2562.264 -2.779419380332316 1.0
16.0 0.0 Car -1.0 -1.0 -1.0 -1.0 -1.0 -1.0 -1.0 1.727 1.439 4.311 1779.614 0.924 2548.809 0.374105507360873 1.0
17.0 1.0 Car -1.0 -1.0 -1.0 -1.0 -1.0 -1.0 -1.0 1.834 1.52 4.541 1817.991 0.926 2561.101 -2.783782703462302 1.0
17.0 0.0 Car -1.0 -1.0 -1.0 -1.0 -1.0 -1.0 -1.0 1.727 1.439 4.311 1784.176 0.948 2550.673 0.37992327153418753 1.0
18.0 1.0 Car -1.0 -1.0 -1.0 -1.0 -1.0 -1.0 -1.0 1.834 1.52 4.541 1814.835 0.776 2559.857 -2.7663294109423595 1.0
18.0 0.0 Car -1.0 -1.0 -1.0 -1.0 -1.0 -1.0 -1.0 1.727 1.439 4.311 1788.628 0.885 2552.505 0.37992327153418753 1.0
19.0 1.0 Car -1.0 -1.0 -1.0 -1.0 -1.0 -1.0 -1.0 1.834 1.52 4.541 1811.82 0.741 2558.685 -2.7663294109423595 0.0
19.0 0.0 Car -1.0 -1.0 -1.0 -1.0 -1.0 -1.0 -1.0 1.727 1.439 4.311 1793.216 0.772 2554.393 0.37992327153418753 1.0
20.0 1.0 Car -1.0 -1.0 -1.0 -1.0 -1.0 -1.0 -1.0 1.834 1.52 4.541 1808.079 0.757 2557.257 -2.7663294109423595 0.0
20.0 0.0 Car -1.0 -1.0 -1.0 -1.0 -1.0 -1.0 -1.0 1.727 1.439 4.311 1797.598 0.734 2556.198 0.37992327153418753 1.0
21.0 1.0 Car -1.0 -1.0 -1.0 -1.0 -1.0 -1.0 -1.0 1.834 1.52 4.541 1804.338 0.772 2555.828 -2.7663294109423595 0.0
21.0 0.0 Car -1.0 -1.0 -1.0 -1.0 -1.0 -1.0 -1.0 1.727 1.439 4.311 1801.981 0.696 2558.004 0.37992327153418753 1.0
22.0 1.0 Car -1.0 -1.0 -1.0 -1.0 -1.0 -1.0 -1.0 1.834 1.52 4.541 1800.596 0.787 2554.4 -2.7663294109423595 0.0
22.0 0.0 Car -1.0 -1.0 -1.0 -1.0 -1.0 -1.0 -1.0 1.727 1.439 4.311 1806.149 0.683 2559.684 0.37992327153418753 1.0
23.0 1.0 Car -1.0 -1.0 -1.0 -1.0 -1.0 -1.0 -1.0 1.834 1.52 4.541 1796.219 0.92 2552.709 -2.7663294109423595 0.0
23.0 0.0 Car -1.0 -1.0 -1.0 -1.0 -1.0 -1.0 -1.0 1.727 1.439 4.311 1810.301 0.787 2561.325 0.37992327153418753 1.0
24.0 1.0 Car -1.0 -1.0 -1.0 -1.0 -1.0 -1.0 -1.0 1.834 1.52 4.541 1791.842 0.552 2551.017 -2.7663294109423595 0.0
24.0 0.0 Car -1.0 -1.0 -1.0 -1.0 -1.0 -1.0 -1.0 1.727 1.439 4.311 1814.12 0.565 2562.881 0.37992327153418753 1.0
25.0 1.0 Car -1.0 -1.0 -1.0 -1.0 -1.0 -1.0 -1.0 1.834 1.52 4.541 1787.464 1.034 2549.325 -2.7663294109423595 0.0
25.0 0.0 Car -1.0 -1.0 -1.0 -1.0 -1.0 -1.0 -1.0 1.727 1.439 4.311 1817.663 0.844 2564.328 0.37992327153418753 1.0
26.0 1.0 Car -1.0 -1.0 -1.0 -1.0 -1.0 -1.0 -1.0 1.834 1.52 4.541 1782.806 1.058 2547.53 -2.7663294109423595 0.0
26.0 0.0 Car -1.0 -1.0 -1.0 -1.0 -1.0 -1.0 -1.0 1.727 1.439 4.311 1820.981 0.856 2565.66 0.37992327153418753 1.0
27.0 1.0 Car -1.0 -1.0 -1.0 -1.0 -1.0 -1.0 -1.0 1.834 1.52 4.541 1778.148 0.982 2545.734 -2.7663294109423595 0.0
27.0 0.0 Car -1.0 -1.0 -1.0 -1.0 -1.0 -1.0 -1.0 1.727 1.439 4.311 1824.151 0.868 2566.933 0.37992327153418753 1.0
28.0 1.0 Car -1.0 -1.0 -1.0 -1.0 -1.0 -1.0 -1.0 1.834 1.52 4.541 1773.224 0.956 2543.834 -2.7663294109423595 0.0
28.0 0.0 Car -1.0 -1.0 -1.0 -1.0 -1.0 -1.0 -1.0 1.727 1.439 4.311 1827.211 0.88 2568.163 0.37992327153418753 0.0
29.0 1.0 Car -1.0 -1.0 -1.0 -1.0 -1.0 -1.0 -1.0 1.834 1.52 4.541 1768.3 0.93 2541.933 -2.7663294109423595 0.0
29.0 0.0 Car -1.0 -1.0 -1.0 -1.0 -1.0 -1.0 -1.0 1.727 1.439 4.311 1830.161 0.892 2569.348 0.37992327153418753 0.0
30.0 1.0 Car -1.0 -1.0 -1.0 -1.0 -1.0 -1.0 -1.0 1.834 1.52 4.541 1763.375 0.903 2540.033 -2.7663294109423595 0.0
30.0 0.0 Car -1.0 -1.0 -1.0 -1.0 -1.0 -1.0 -1.0 1.727 1.439 4.311 1833.032 0.778 2570.518 0.37992327153418753 0.0
31.0 0.0 Car -1.0 -1.0 -1.0 -1.0 -1.0 -1.0 -1.0 1.727 1.439 4.311 1835.729 0.849 2571.618 0.37992327153418753 0.0
32.0 0.0 Car -1.0 -1.0 -1.0 -1.0 -1.0 -1.0 -1.0 1.727 1.439 4.311 1838.439 0.794 2572.724 0.37992327153418753 0.0
33.0 0.0 Car -1.0 -1.0 -1.0 -1.0 -1.0 -1.0 -1.0 1.727 1.439 4.311 1841.205 0.839 2573.852 0.37992327153418753 0.0
34.0 0.0 Car -1.0 -1.0 -1.0 -1.0 -1.0 -1.0 -1.0 1.727 1.439 4.311 1844.081 0.826 2575.024 0.37992327153418753 0.0
35.0 0.0 Car -1.0 -1.0 -1.0 -1.0 -1.0 -1.0 -1.0 1.727 1.439 4.311 1847.154 0.763 2576.264 0.37992327153418753 0.0
36.0 0.0 Car -1.0 -1.0 -1.0 -1.0 -1.0 -1.0 -1.0 1.727 1.439 4.311 1850.522 0.825 2577.605 0.37992327153418753 0.0
37.0 0.0 Car -1.0 -1.0 -1.0 -1.0 -1.0 -1.0 -1.0 1.727 1.439 4.311 1854.077 0.787 2578.958 0.37992327153418753 0.0
38.0 0.0 Car -1.0 -1.0 -1.0 -1.0 -1.0 -1.0 -1.0 1.727 1.439 4.311 1857.725 0.841 2580.385 0.374105507360873 0.0
39.0 0.0 Car -1.0 -1.0 -1.0 -1.0 -1.0 -1.0 -1.0 1.727 1.439 4.311 1861.306 0.869 2581.738 0.36828774318755864 0.0
