0.0 0.0 Car -1.0 -1.0 -1.0 -1.0 -1.0 -1.0 -1.0 1.887 1.558 4.481 665.122 0.878 1387.314 2.388395814588839 0.0
1.0 0.0 Car -1.0 -1.0 -1.0 -1.0 -1.0 -1.0 -1.0 1.887 1.558 4.481 664.166 0.865 1388.21 2.388395814588839 1.0
2.0 0.0 Car -1.0 -1.0 -1.0 -1.0 -1.0 -1.0 -1.0 1.887 1.558 4.481 663.21 0.853 1389.106 2.388395814588839 1.0
3.0 0.0 Car -1.0 -1.0 -1.0 -1.0 -1.0 -1.0 -1.0 1.887 1.558 4.481 662.254 0.84 1390.002 2.388395814588839 1.0
3.0 2.0 Car -1.0 -1.0 -1.0 -1.0 -1.0 -1.0 -1.0 1.867 1.873 4.946 665.806 1.004 1381.597 -0.7384546246088889 0.0
4.0 0.0 Car -1.0 -1.0 -1.0 -1.0 -1.0 -1.0 -1.0 1.887 1.558 4.481 661.298 0.828 1390.899 2.388395814588839 1.0
4.0 2.0 Car -1.0 -1.0 -1.0 -1.0 -1.0 -1.0 -1.0 1.867 1.873 4.946 665.813 1.004 1381.605 -0.7403938793333271 0.0
5.0 0.0 Car -1.0 -1.0 -1.0 -1.0 -1.0 -1.0 -1.0 1.887 1.558 4.481 660.583 0.828 1391.548 2.388395814588839 0.0
5.0 2.0 Car -1.0 -1.0 -1.0 -1.0 -1.0 -1.0 -1.0 1.867 1.873 4.946 665.82 1.004 1381.614 -0.7423331340577652 0.0
6.0 0.0 Car -1.0 -1.0 -1.0 -1.0 -1.0 -1.0 -1.0 1.887 1.558 4.481 659.867 0.828 1392.198 2.388395814588839 1.0
6.0 2.0 Car -1.0 -1.0 -1.0 -1.0 -1.0 -1.0 -1.0 1.867 1.873 4.946 665.828 1.004 1381.622 -0.7442723887822034 1.0
7.0 0.0 Car -1.0 -1.0 -1.0 -1.0 -1.0 -1.0 -1.0 1.887 1.558 4.481 659.151 0.828 1392.848 2.388395814588839 1.0
7.0 2.0 Car -1.0 -1.0 -1.0 -1.0 -1.0 -1.0 -1.0 1.867 1.873 4.946 665.835 1.004 1381.63 -0.7462116435066416 1.0
8.0 0.0 Car -1.0 -1.0 -1.0 -1.0 -1.0 -1.0 -1.0 1.887 1.558 4.481 658.436 0.828 1393.498 2.388395814588839 1.0
8.0 2.0 Car -1.0 -1.0 -1.0 -1.0 -1.0 -1.0 -1.0 1.867 1.873 4.946 665.842 1.004 1381.639 -0.7481508982310796 1.0
8.0 1.0 Truck -1.0 -1.0 -1.0 -1.0 -1.0 -1.0 -1.0 2.527 3.397 7.623 605.413 2.098 1423.858 0.8682663960249577 0.0
9.0 0.0 Car -1.0 -1.0 -1.0 -1.0 -1.0 -1.0 -1.0 1.887 1.558 4.481 657.986 0.828 1393.898 2.388395814588839 0.0
9.0 2.0 Car -1.0 -1.0 -1.0 -1.0 -1.0 -1.0 -1.0 1.867 1.873 4.946 665.849 1.004 1381.647 -0.7500901529555178 0.0
9.0 1.0 Truck -1.0 -1.0 -1.0 -1.0 -1.0 -1.0 -1.0 2.527 3.397 7.623 605.833 2.228 1424.193 0.8682663960249577 0.0
10.0 0.0 Car -1.0 -1.0 -1.0 -1.0 -1.0 -1.0 -1.0 1.887 1.558 4.481 657.537 0.828 1394.299 2.388395814588839 1.0
10.0 2.0 Car -1.0 -1.0 -1.0 -1.0 -1.0 -1.0 -1.0 1.867 1.873 4.946 665.955 1.004 1381.548 -0.7471812708688604 1.0
10.0 1.0 Truck -1.0 -1.0 -1.0 -1.0 -1.0 -1.0 -1.0 2.527 3.397 7.623 606.254 2.358 1424.529 0.8682663960249577 1.0
11.0 0.0 Car -1.0 -1.0 -1.0 -1.0 -1.0 -1.0 -1.0 1.887 1.558 4.481 657.087 0.828 1394.699 2.388395814588839 1.0
11.0 2.0 Car -1.0 -1.0 -1.0 -1.0 -1.0 -1.0 -1.0 1.867 1.873 4.946 666.061 1.004 1381.449 -0.7442723887822034 1.0
11.0 1.0 Truck -1.0 -1.0 -1.0 -1.0 -1.0 -1.0 -1.0 2.527 3.397 7.623 606.963 2.438 1425.205 0.8682663960249577 1.0
12.0 0.0 Car -1.0 -1.0 -1.0 -1.0 -1.0 -1.0 -1.0 1.887 1.558 4.481 656.638 0.828 1395.099 2.388395814588839 1.0
12.0 2.0 Car -1.0 -1.0 -1.0 -1.0 -1.0 -1.0 -1.0 1.867 1.873 4.946 666.166 1.004 1381.35 -0.7413635066955462 1.0
12.0 1.0 Truck -1.0 -1.0 -1.0 -1.0 -1.0 -1.0 -1.0 2.527 3.397 7.623 607.469 2.368 1425.64 0.8682663960249577 1.0
13.0 0.0 Car -1.0 -1.0 -1.0 -1.0 -1.0 -1.0 -1.0 1.887 1.558 4.481 655.879 0.828 1395.79 2.388395814588839 1.0
13.0 2.0 Car -1.0 -1.0 -1.0 -1.0 -1.0 -1.0 -1.0 1.867 1.873 4.946 666.439 0.971 1381.097 -0.7384546246088889 1.0
13.0 1.0 Truck -1.0 -1.0 -1.0 -1.0 -1.0 -1.0 -1.0 2.527 3.397 7.623 607.737 2.248 1425.795 0.8682663960249577 1.0
14.0 0.0 Car -1.0 -1.0 -1.0 -1.0 -1.0 -1.0 -1.0 1.887 1.558 4.481 655.12 0.828 1396.48 2.388395814588839 1.0
14.0 2.0 Car -1.0 -1.0 -1.0 -1.0 -1.0 -1.0 -1.0 1.867 1.873 4.946 666.712 0.937 1380.845 -0.7355457425222317 1.0
14.0 1.0 Truck -1.0 -1.0 -1.0 -1.0 -1.0 -1.0 -1.0 2.527 3.397 7.623 608.107 2.228 1426.071 0.7984532259451844 1.0
15.0 0.0 Car -1.0 -1.0 -1.0 -1.0 -1.0 -1.0 -1.0 1.887 1.558 4.481 654.119 0.808 1397.56 2.349998571044964 1.0
15.0 2.0 Car -1.0 -1.0 -1.0 -1.0 -1.0 -1.0 -1.0 1.867 1.873 4.946 666.985 0.904 1380.592 -0.7326368604355746 1.0
15.0 1.0 Truck -1.0 -1.0 -1.0 -1.0 -1.0 -1.0 -1.0 2.527 3.397 7.623 608.607 2.158 1426.44 0.7635466409052978 1.0
16.0 0.0 Car -1.0 -1.0 -1.0 -1.0 -1.0 -1.0 -1.0 1.887 1.558 4.481 653.159 0.788 1398.679 2.311601327501089 1.0
16.0 2.0 Car -1.0 -1.0 -1.0 -1.0 -1.0 -1.0 -1.0 1.867 1.873 4.946 667.35 0.854 1380.202 -0.7351301879384237 1.0
16.0 1.0 Truck -1.0 -1.0 -1.0 -1.0 -1.0 -1.0 -1.0 2.527 3.397 7.623 609.189 2.088 1426.95 0.7111867633454678 1.0
17.0 0.0 Car -1.0 -1.0 -1.0 -1.0 -1.0 -1.0 -1.0 1.887 1.558 4.481 652.547 0.768 1399.484 2.3022929048237857 1.0
17.0 2.0 Car -1.0 -1.0 -1.0 -1.0 -1.0 -1.0 -1.0 1.867 1.873 4.946 667.716 0.804 1379.811 -0.7376235154412729 0.0
17.0 1.0 Truck -1.0 -1.0 -1.0 -1.0 -1.0 -1.0 -1.0 2.527 3.397 7.623 610.02 2.118 1427.439 0.5890137157058646 1.0
18.0 0.0 Car -1.0 -1.0 -1.0 -1.0 -1.0 -1.0 -1.0 1.887 1.558 4.481 651.935 0.748 1400.29 2.2929844821464824 1.0
18.0 2.0 Car -1.0 -1.0 -1.0 -1.0 -1.0 -1.0 -1.0 1.867 1.873 4.946 668.081 0.754 1379.42 -0.7401168429441222 0.0
18.0 1.0 Truck -1.0 -1.0 -1.0 -1.0 -1.0 -1.0 -1.0 2.527 3.397 7.623 610.857 1.948 1427.754 0.5366538381460346 1.0
19.0 0.0 Car -1.0 -1.0 -1.0 -1.0 -1.0 -1.0 -1.0 1.887 1.558 4.481 651.322 0.728 1401.095 2.2836760594691796 1.0
19.0 2.0 Car -1.0 -1.0 -1.0 -1.0 -1.0 -1.0 -1.0 1.867 1.873 4.946 668.447 0.704 1379.03 -0.7426101704469713 0.0
19.0 1.0 Truck -1.0 -1.0 -1.0 -1.0 -1.0 -1.0 -1.0 2.527 3.397 7.623 611.721 2.228 1428.12 0.397027497986488 1.0
20.0 0.0 Car -1.0 -1.0 -1.0 -1.0 -1.0 -1.0 -1.0 1.887 1.558 4.481 650.711 0.733 1401.689 2.327309290769038 1.0
20.0 2.0 Car -1.0 -1.0 -1.0 -1.0 -1.0 -1.0 -1.0 1.867 1.873 4.946 669.06 0.704 1378.444 -0.7451034979498199 0.0
20.0 1.0 Truck -1.0 -1.0 -1.0 -1.0 -1.0 -1.0 -1.0 2.527 3.397 7.623 612.549 2.208 1428.338 0.2923077428668282 1.0
21.0 0.0 Car -1.0 -1.0 -1.0 -1.0 -1.0 -1.0 -1.0 1.887 1.558 4.481 650.074 0.738 1402.256 2.370942522068896 0.0
21.0 2.0 Car -1.0 -1.0 -1.0 -1.0 -1.0 -1.0 -1.0 1.867 1.873 4.946 670.119 0.679 1377.563 -0.7475968254526686 0.0
21.0 1.0 Truck -1.0 -1.0 -1.0 -1.0 -1.0 -1.0 -1.0 2.527 3.397 7.623 613.519 2.138 1428.341 0.1774069004438681 1.0
22.0 0.0 Car -1.0 -1.0 -1.0 -1.0 -1.0 -1.0 -1.0 1.887 1.558 4.481 649.552 0.701 1402.609 2.4727533951018987 0.0
22.0 2.0 Car -1.0 -1.0 -1.0 -1.0 -1.0 -1.0 -1.0 1.867 1.873 4.946 671.178 0.654 1376.682 -0.7500901529555178 0.0
22.0 1.0 Truck -1.0 -1.0 -1.0 -1.0 -1.0 -1.0 -1.0 2.527 3.397 7.623 614.471 2.018 1428.32 0.027599472981021167 1.0
23.0 0.0 Car -1.0 -1.0 -1.0 -1.0 -1.0 -1.0 -1.0 1.887 1.558 4.481 648.997 0.664 1402.907 2.5745642681349015 0.0
23.0 2.0 Car -1.0 -1.0 -1.0 -1.0 -1.0 -1.0 -1.0 1.867 1.873 4.946 672.332 0.554 1375.712 -0.7326368604355746 0.0
23.0 1.0 Truck -1.0 -1.0 -1.0 -1.0 -1.0 -1.0 -1.0 2.527 3.397 7.623 615.489 2.148 1428.105 -0.1309346007417975 1.0
24.0 0.0 Car -1.0 -1.0 -1.0 -1.0 -1.0 -1.0 -1.0 1.887 1.558 4.481 648.259 0.703 1403.128 2.754914957507649 0.0
24.0 2.0 Car -1.0 -1.0 -1.0 -1.0 -1.0 -1.0 -1.0 1.867 1.873 4.946 673.485 0.454 1374.741 -0.7151835679156315 0.0
24.0 1.0 Truck -1.0 -1.0 -1.0 -1.0 -1.0 -1.0 -1.0 2.527 3.397 7.623 616.694 2.228 1427.744 -0.31855749533118805 1.0
25.0 0.0 Car -1.0 -1.0 -1.0 -1.0 -1.0 -1.0 -1.0 1.887 1.558 4.481 647.208 0.703 1403.041 2.990534406526884 0.0
25.0 2.0 Car -1.0 -1.0 -1.0 -1.0 -1.0 -1.0 -1.0 1.867 1.873 4.946 674.783 0.404 1373.802 -0.7151835679156315 0.0
25.0 1.0 Truck -1.0 -1.0 -1.0 -1.0 -1.0 -1.0 -1.0 2.527 3.397 7.623 617.77 2.108 1426.974 -0.47040114025469343 1.0
26.0 0.0 Car -1.0 -1.0 -1.0 -1.0 -1.0 -1.0 -1.0 1.887 1.558 4.481 646.206 0.704 1402.711 -3.0570314516334682 1.0
26.0 2.0 Car -1.0 -1.0 -1.0 -1.0 -1.0 -1.0 -1.0 1.867 1.873 4.946 676.104 0.437 1372.673 -0.7326368604355746 0.0
26.0 1.0 Truck -1.0 -1.0 -1.0 -1.0 -1.0 -1.0 -1.0 2.527 3.397 7.623 618.872 1.938 1426.295 -0.657151370218085 1.0
27.0 0.0 Car -1.0 -1.0 -1.0 -1.0 -1.0 -1.0 -1.0 1.887 1.558 4.481 645.57 0.705 1402.314 -2.8388652951341764 1.0
27.0 2.0 Car -1.0 -1.0 -1.0 -1.0 -1.0 -1.0 -1.0 1.867 1.873 4.946 677.395 0.471 1371.51 -0.7500901529555178 0.0
27.0 1.0 Truck -1.0 -1.0 -1.0 -1.0 -1.0 -1.0 -1.0 2.527 3.397 7.623 619.85 1.859 1425.255 -0.713001906281903 1.0
28.0 0.0 Car -1.0 -1.0 -1.0 -1.0 -1.0 -1.0 -1.0 1.887 1.558 4.481 645.396 0.706 1402.183 -2.7603254787944316 0.0
28.0 2.0 Car -1.0 -1.0 -1.0 -1.0 -1.0 -1.0 -1.0 1.867 1.873 4.946 678.686 0.504 1370.347 -0.7675434454754608 0.0
28.0 1.0 Truck -1.0 -1.0 -1.0 -1.0 -1.0 -1.0 -1.0 2.527 3.397 7.623 620.853 1.781 1424.25 -0.7426725035658067 0.0
29.0 0.0 Car -1.0 -1.0 -1.0 -1.0 -1.0 -1.0 -1.0 1.887 1.558 4.481 645.535 0.707 1402.173 -2.7742881128103862 0.0
29.0 1.0 Truck -1.0 -1.0 -1.0 -1.0 -1.0 -1.0 -1.0 2.527 3.397 7.623 621.899 1.753 1423.293 -0.7723431008497101 0.0
30.0 0.0 Car -1.0 -1.0 -1.0 -1.0 -1.0 -1.0 -1.0 1.887 1.558 4.481 645.674 0.708 1402.163 -2.788250746826341 0.0
30.0 1.0 Truck -1.0 -1.0 -1.0 -1.0 -1.0 -1.0 -1.0 2.527 3.397 7.623 622.914 1.603 1422.269 -0.7810697471096821 0.0
31.0 0.0 Car -1.0 -1.0 -1.0 -1.0 -1.0 -1.0 -1.0 1.887 1.558 4.481 645.813 0.708 1402.153 -2.8022133808422955 0.0
31.0 1.0 Truck -1.0 -1.0 -1.0 -1.0 -1.0 -1.0 -1.0 2.527 3.397 7.623 623.93 1.453 1421.244 -0.7897963933696541 0.0
32.0 0.0 Car -1.0 -1.0 -1.0 -1.0 -1.0 -1.0 -1.0 1.887 1.558 4.481 646.275 0.709 1402.279 -2.81617601485825 0.0
32.0 1.0 Truck -1.0 -1.0 -1.0 -1.0 -1.0 -1.0 -1.0 2.527 3.397 7.623 624.898 1.506 1420.233 -0.7839786291963398 0.0
33.0 0.0 Car -1.0 -1.0 -1.0 -1.0 -1.0 -1.0 -1.0 1.887 1.558 4.481 646.818 0.71 1402.448 -2.742872186274488 0.0
33.0 1.0 Truck -1.0 -1.0 -1.0 -1.0 -1.0 -1.0 -1.0 2.527 3.397 7.623 625.866 1.56 1419.222 -0.7781608650230254 0.0
34.0 0.0 Car -1.0 -1.0 -1.0 -1.0 -1.0 -1.0 -1.0 1.887 1.558 4.481 647.353 0.694 1402.662 -2.6846945445413444 0.0
34.0 1.0 Truck -1.0 -1.0 -1.0 -1.0 -1.0 -1.0 -1.0 2.527 3.397 7.623 626.834 1.613 1418.211 -0.772343100849711 0.0
35.0 0.0 Car -1.0 -1.0 -1.0 -1.0 -1.0 -1.0 -1.0 1.887 1.558 4.481 648.029 0.678 1402.882 -2.556703732728428 0.0
35.0 1.0 Truck -1.0 -1.0 -1.0 -1.0 -1.0 -1.0 -1.0 2.527 3.397 7.623 627.802 1.667 1417.2 -0.7665253366763967 0.0
36.0 0.0 Car -1.0 -1.0 -1.0 -1.0 -1.0 -1.0 -1.0 1.887 1.558 4.481 648.393 0.663 1403.019 -2.463619505955398 0.0
36.0 1.0 Truck -1.0 -1.0 -1.0 -1.0 -1.0 -1.0 -1.0 2.527 3.397 7.623 628.77 1.721 1416.19 -0.7607075725030824 0.0
37.0 0.0 Car -1.0 -1.0 -1.0 -1.0 -1.0 -1.0 -1.0 1.887 1.558 4.481 648.487 0.647 1403.117 -2.463619505955398 0.0
37.0 1.0 Truck -1.0 -1.0 -1.0 -1.0 -1.0 -1.0 -1.0 2.527 3.397 7.623 629.743 1.701 1415.184 -0.7548898083297679 0.0
38.0 0.0 Car -1.0 -1.0 -1.0 -1.0 -1.0 -1.0 -1.0 1.887 1.558 4.481 648.486 0.631 1403.138 -2.463619505955398 0.0
38.0 1.0 Truck -1.0 -1.0 -1.0 -1.0 -1.0 -1.0 -1.0 2.527 3.397 7.623 630.716 1.681 1414.178 -0.749072044156454 0.0
39.0 0.0 Car -1.0 -1.0 -1.0 -1.0 -1.0 -1.0 -1.0 1.887 1.558 4.481 648.4 0.615 1403.019 -2.446166213435455 0.0
39.0 1.0 Truck -1.0 -1.0 -1.0 -1.0 -1.0 -1.0 -1.0 2.527 3.397 7.623 631.689 1.661 1413.172 -0.74325427998314 0.0
