0.0 2.0 Car -1.0 -1.0 -1.0 -1.0 -1.0 -1.0 -1.0 2.105 1.868 4.971 937.625 1.536 534.688 -0.7426601477900499 0.0
0.0 0.0 Truck -1.0 -1.0 -1.0 -1.0 -1.0 -1.0 -1.0 1.957 2.197 4.933 1012.334 1.269 583.297 -2.210651483936781 0.0
0.0 4.0 Car -1.0 -1.0 -1.0 -1.0 -1.0 -1.0 -1.0 2.071 1.648 4.788 937.554 1.421 530.635 -0.7233292865657539 0.0
0.0 3.0 Car -1.0 -1.0 -1.0 -1.0 -1.0 -1.0 -1.0 2.068 1.643 4.563 932.132 1.666 535.812 -0.766897673372029 0.0
0.0 8.0 Truck -1.0 -1.0 -1.0 -1.0 -1.0 -1.0 -1.0 2.362 2.885 6.385 1033.868 1.991 594.19 2.788558151802082 0.0
0.0 5.0 Car -1.0 -1.0 -1.0 -1.0 -1.0 -1.0 -1.0 2.2 2.153 5.02 958.458 1.128 500.496 2.3517613539224906 0.0
0.0 1.0 Car -1.0 -1.0 -1.0 -1.0 -1.0 -1.0 -1.0 2.094 1.595 4.548 931.822 1.582 539.932 -0.7697341175986327 0.0
0.0 10.0 Car -1.0 -1.0 -1.0 -1.0 -1.0 -1.0 -1.0 2.078 1.915 4.996 966.673 1.178 496.88 2.407664377652281 0.0
1.0 2.0 Car -1.0 -1.0 -1.0 -1.0 -1.0 -1.0 -1.0 2.105 1.868 4.971 937.625 1.542 534.69 -0.7426601477900499 1.0
1.0 0.0 Truck -1.0 -1.0 -1.0 -1.0 -1.0 -1.0 -1.0 1.957 2.197 4.933 1010.329 1.244 580.605 -2.20192483767681 1.0
1.0 9.0 Truck -1.0 -1.0 -1.0 -1.0 -1.0 -1.0 -1.0 2.67 3.448 6.861 922.077 2.973 549.408 -0.7322179811117787 0.0
1.0 4.0 Car -1.0 -1.0 -1.0 -1.0 -1.0 -1.0 -1.0 2.071 1.648 4.788 937.698 1.371 530.512 -0.7233292865657539 1.0
1.0 3.0 Car -1.0 -1.0 -1.0 -1.0 -1.0 -1.0 -1.0 2.068 1.643 4.563 932.136 1.626 535.809 -0.7658504758208324 1.0
1.0 8.0 Truck -1.0 -1.0 -1.0 -1.0 -1.0 -1.0 -1.0 2.362 2.885 6.385 1031.492 1.81 594.695 2.9543644307415433 1.0
1.0 5.0 Car -1.0 -1.0 -1.0 -1.0 -1.0 -1.0 -1.0 2.2 2.153 5.02 957.723 1.039 501.213 2.357724562200138 1.0
1.0 1.0 Car -1.0 -1.0 -1.0 -1.0 -1.0 -1.0 -1.0 2.094 1.595 4.548 931.822 1.582 539.932 -0.7697341175986327 1.0
1.0 10.0 Car -1.0 -1.0 -1.0 -1.0 -1.0 -1.0 -1.0 2.078 1.915 4.996 966.605 1.154 496.924 2.4018466134789667 1.0
2.0 2.0 Car -1.0 -1.0 -1.0 -1.0 -1.0 -1.0 -1.0 2.105 1.868 4.971 937.626 1.548 534.691 -0.7426601477900499 1.0
2.0 0.0 Truck -1.0 -1.0 -1.0 -1.0 -1.0 -1.0 -1.0 1.957 2.197 4.933 1008.264 1.269 577.832 -2.210651483936781 1.0
2.0 9.0 Truck -1.0 -1.0 -1.0 -1.0 -1.0 -1.0 -1.0 2.67 3.448 6.861 923.154 3.015 548.438 -0.7319063151739229 1.0
2.0 4.0 Car -1.0 -1.0 -1.0 -1.0 -1.0 -1.0 -1.0 2.071 1.648 4.788 938.014 1.371 530.236 -0.7233292865657539 1.0
2.0 3.0 Car -1.0 -1.0 -1.0 -1.0 -1.0 -1.0 -1.0 2.068 1.643 4.563 932.14 1.687 535.806 -0.7648032782696359 1.0
2.0 8.0 Truck -1.0 -1.0 -1.0 -1.0 -1.0 -1.0 -1.0 2.362 2.885 6.385 1029.064 1.43 594.801 3.120170709681005 1.0
2.0 5.0 Car -1.0 -1.0 -1.0 -1.0 -1.0 -1.0 -1.0 2.2 2.153 5.02 956.5 1.05 502.418 2.363687770477785 1.0
2.0 1.0 Car -1.0 -1.0 -1.0 -1.0 -1.0 -1.0 -1.0 2.094 1.595 4.548 931.824 1.612 539.934 -0.7697341175986327 1.0
2.0 10.0 Car -1.0 -1.0 -1.0 -1.0 -1.0 -1.0 -1.0 2.078 1.915 4.996 966.537 1.13 496.969 2.396028849305652 1.0
3.0 2.0 Car -1.0 -1.0 -1.0 -1.0 -1.0 -1.0 -1.0 2.105 1.868 4.971 937.626 1.554 534.693 -0.7426601477900499 1.0
3.0 0.0 Truck -1.0 -1.0 -1.0 -1.0 -1.0 -1.0 -1.0 1.957 2.197 4.933 1006.255 1.194 575.188 -2.210651483936781 1.0
3.0 9.0 Truck -1.0 -1.0 -1.0 -1.0 -1.0 -1.0 -1.0 2.67 3.448 6.861 924.652 2.806 547.089 -0.7315946492360665 1.0
3.0 6.0 Car -1.0 -1.0 -1.0 -1.0 -1.0 -1.0 -1.0 2.078 1.688 4.588 954.843 0.661 495.93 2.3717802804330654 0.0
3.0 4.0 Car -1.0 -1.0 -1.0 -1.0 -1.0 -1.0 -1.0 2.071 1.648 4.788 938.676 1.321 529.655 -0.7233292865657539 1.0
3.0 3.0 Car -1.0 -1.0 -1.0 -1.0 -1.0 -1.0 -1.0 2.068 1.643 4.563 932.189 1.731 535.76 -0.7637560807184394 1.0
3.0 8.0 Truck -1.0 -1.0 -1.0 -1.0 -1.0 -1.0 -1.0 2.362 2.885 6.385 1026.18 1.903 594.266 -2.9797550260391765 1.0
3.0 5.0 Car -1.0 -1.0 -1.0 -1.0 -1.0 -1.0 -1.0 2.2 2.153 5.02 954.957 1.061 503.939 2.3696509787554327 1.0
3.0 1.0 Car -1.0 -1.0 -1.0 -1.0 -1.0 -1.0 -1.0 2.094 1.595 4.548 931.827 1.643 539.936 -0.7697341175986327 1.0
3.0 10.0 Car -1.0 -1.0 -1.0 -1.0 -1.0 -1.0 -1.0 2.078 1.915 4.996 966.469 1.106 497.013 2.3902110851323375 1.0
3.0 7.0 Car -1.0 -1.0 -1.0 -1.0 -1.0 -1.0 -1.0 2.052 1.658 4.528 1013.969 1.057 584.391 -2.2217603311977707 0.0
4.0 2.0 Car -1.0 -1.0 -1.0 -1.0 -1.0 -1.0 -1.0 2.105 1.868 4.971 937.673 1.594 534.652 -0.7426601477900499 1.0
4.0 0.0 Truck -1.0 -1.0 -1.0 -1.0 -1.0 -1.0 -1.0 1.957 2.197 4.933 1004.08 1.169 572.33 -2.2281047764567243 1.0
4.0 9.0 Truck -1.0 -1.0 -1.0 -1.0 -1.0 -1.0 -1.0 2.67 3.448 6.861 925.447 2.747 546.371 -0.7312829832982102 1.0
4.0 6.0 Car -1.0 -1.0 -1.0 -1.0 -1.0 -1.0 -1.0 2.078 1.688 4.588 954.156 0.555 496.606 2.3717802804330654 1.0
4.0 4.0 Car -1.0 -1.0 -1.0 -1.0 -1.0 -1.0 -1.0 2.071 1.648 4.788 939.541 1.271 528.887 -0.7291470507390682 1.0
4.0 3.0 Car -1.0 -1.0 -1.0 -1.0 -1.0 -1.0 -1.0 2.068 1.643 4.563 932.237 1.774 535.713 -0.7627088831672428 1.0
4.0 8.0 Truck -1.0 -1.0 -1.0 -1.0 -1.0 -1.0 -1.0 2.362 2.885 6.385 1023.524 1.926 593.109 -2.7790421620598282 1.0
4.0 5.0 Car -1.0 -1.0 -1.0 -1.0 -1.0 -1.0 -1.0 2.2 2.153 5.02 952.672 1.072 506.184 2.37561418703308 1.0
4.0 1.0 Car -1.0 -1.0 -1.0 -1.0 -1.0 -1.0 -1.0 2.094 1.595 4.548 931.818 1.673 539.949 -0.7697341175986327 1.0
4.0 10.0 Car -1.0 -1.0 -1.0 -1.0 -1.0 -1.0 -1.0 2.078 1.915 4.996 966.119 1.099 497.343 2.3902110851323375 1.0
4.0 7.0 Car -1.0 -1.0 -1.0 -1.0 -1.0 -1.0 -1.0 2.052 1.658 4.528 1011.643 1.031 581.316 -2.2217603311977707 1.0
5.0 2.0 Car -1.0 -1.0 -1.0 -1.0 -1.0 -1.0 -1.0 2.105 1.868 4.971 938.047 1.633 534.31 -0.7426601477900499 1.0
5.0 0.0 Truck -1.0 -1.0 -1.0 -1.0 -1.0 -1.0 -1.0 1.957 2.197 4.933 1002.11 1.169 569.782 -2.2170510245274273 1.0
5.0 9.0 Truck -1.0 -1.0 -1.0 -1.0 -1.0 -1.0 -1.0 2.67 3.448 6.861 926.067 2.788 545.81 -0.7309713173603543 1.0
5.0 6.0 Car -1.0 -1.0 -1.0 -1.0 -1.0 -1.0 -1.0 2.078 1.688 4.588 953.119 0.624 497.576 2.3717802804330654 1.0
5.0 4.0 Car -1.0 -1.0 -1.0 -1.0 -1.0 -1.0 -1.0 2.071 1.648 4.788 940.471 1.221 527.968 -0.7524181074323257 1.0
5.0 3.0 Car -1.0 -1.0 -1.0 -1.0 -1.0 -1.0 -1.0 2.068 1.643 4.563 932.286 1.818 535.666 -0.7616616856160463 1.0
5.0 8.0 Truck -1.0 -1.0 -1.0 -1.0 -1.0 -1.0 -1.0 2.362 2.885 6.385 1020.52 1.774 591.167 -2.552149359300567 1.0
5.0 5.0 Car -1.0 -1.0 -1.0 -1.0 -1.0 -1.0 -1.0 2.2 2.153 5.02 950.35 1.133 508.451 2.3815773953107273 1.0
5.0 1.0 Car -1.0 -1.0 -1.0 -1.0 -1.0 -1.0 -1.0 2.094 1.595 4.548 931.824 1.637 539.947 -0.7697341175986327 1.0
5.0 10.0 Car -1.0 -1.0 -1.0 -1.0 -1.0 -1.0 -1.0 2.078 1.915 4.996 965.77 1.091 497.674 2.3902110851323375 1.0
5.0 7.0 Car -1.0 -1.0 -1.0 -1.0 -1.0 -1.0 -1.0 2.052 1.658 4.528 1009.477 1.007 578.452 -2.2217603311977707 1.0
6.0 2.0 Car -1.0 -1.0 -1.0 -1.0 -1.0 -1.0 -1.0 2.105 1.868 4.971 938.401 1.539 533.983 -0.7374241600340667 1.0
6.0 0.0 Truck -1.0 -1.0 -1.0 -1.0 -1.0 -1.0 -1.0 1.957 2.197 4.933 1000.105 1.169 567.135 -2.223450565118072 1.0
6.0 9.0 Truck -1.0 -1.0 -1.0 -1.0 -1.0 -1.0 -1.0 2.67 3.448 6.861 926.474 2.731 545.44 -0.730659651422498 1.0
6.0 6.0 Car -1.0 -1.0 -1.0 -1.0 -1.0 -1.0 -1.0 2.078 1.688 4.588 951.726 0.677 498.922 2.383415808779694 1.0
6.0 4.0 Car -1.0 -1.0 -1.0 -1.0 -1.0 -1.0 -1.0 2.071 1.648 4.788 941.274 1.211 527.175 -0.774701990594743 1.0
6.0 3.0 Car -1.0 -1.0 -1.0 -1.0 -1.0 -1.0 -1.0 2.068 1.643 4.563 932.616 1.718 535.351 -0.7606144880648492 1.0
6.0 8.0 Truck -1.0 -1.0 -1.0 -1.0 -1.0 -1.0 -1.0 2.362 2.885 6.385 1017.89 1.772 588.966 -2.429976311660966 1.0
6.0 5.0 Car -1.0 -1.0 -1.0 -1.0 -1.0 -1.0 -1.0 2.2 2.153 5.02 947.677 1.194 511.052 2.3875406035883744 1.0
6.0 1.0 Car -1.0 -1.0 -1.0 -1.0 -1.0 -1.0 -1.0 2.094 1.595 4.548 931.831 1.601 539.946 -0.7697341175986327 1.0
6.0 10.0 Car -1.0 -1.0 -1.0 -1.0 -1.0 -1.0 -1.0 2.078 1.915 4.996 965.4 1.084 497.985 2.3727577926123944 1.0
6.0 7.0 Car -1.0 -1.0 -1.0 -1.0 -1.0 -1.0 -1.0 2.052 1.658 4.528 1007.308 0.982 575.584 -2.2217603311977707 1.0
7.0 2.0 Car -1.0 -1.0 -1.0 -1.0 -1.0 -1.0 -1.0 2.105 1.868 4.971 939.541 1.444 532.943 -0.7321881722780836 1.0
7.0 0.0 Truck -1.0 -1.0 -1.0 -1.0 -1.0 -1.0 -1.0 1.957 2.197 4.933 998.103 1.219 564.49 -2.2211234594487466 1.0
7.0 9.0 Truck -1.0 -1.0 -1.0 -1.0 -1.0 -1.0 -1.0 2.67 3.448 6.861 926.88 2.673 545.07 -0.7303479854846416 1.0
7.0 6.0 Car -1.0 -1.0 -1.0 -1.0 -1.0 -1.0 -1.0 2.078 1.688 4.588 949.832 0.617 500.714 2.3950513371263233 1.0
7.0 4.0 Car -1.0 -1.0 -1.0 -1.0 -1.0 -1.0 -1.0 2.071 1.648 4.788 942.115 1.151 526.232 -0.8144391662771034 1.0
7.0 3.0 Car -1.0 -1.0 -1.0 -1.0 -1.0 -1.0 -1.0 2.068 1.643 4.563 932.946 1.619 535.035 -0.7595672905136528 1.0
7.0 8.0 Truck -1.0 -1.0 -1.0 -1.0 -1.0 -1.0 -1.0 2.362 2.885 6.385 1015.232 1.669 586.26 -2.34270984906125 1.0
7.0 5.0 Car -1.0 -1.0 -1.0 -1.0 -1.0 -1.0 -1.0 2.2 2.153 5.02 944.81 1.278 513.619 2.396049083691847 1.0
7.0 1.0 Car -1.0 -1.0 -1.0 -1.0 -1.0 -1.0 -1.0 2.094 1.595 4.548 932.399 1.565 539.4 -0.7697341175986327 1.0
7.0 10.0 Car -1.0 -1.0 -1.0 -1.0 -1.0 -1.0 -1.0 2.078 1.915 4.996 964.711 1.064 498.659 2.3675218048564113 1.0
7.0 7.0 Car -1.0 -1.0 -1.0 -1.0 -1.0 -1.0 -1.0 2.052 1.658 4.528 1005.269 0.957 572.937 -2.2261261493651454 1.0
8.0 2.0 Car -1.0 -1.0 -1.0 -1.0 -1.0 -1.0 -1.0 2.105 1.868 4.971 940.898 1.35 531.687 -0.7444054770420437 1.0
8.0 0.0 Truck -1.0 -1.0 -1.0 -1.0 -1.0 -1.0 -1.0 1.957 2.197 4.933 996.061 1.169 561.817 -2.2246141179527354 1.0
8.0 9.0 Truck -1.0 -1.0 -1.0 -1.0 -1.0 -1.0 -1.0 2.67 3.448 6.861 927.287 2.616 544.699 -0.7300363195467856 1.0
8.0 6.0 Car -1.0 -1.0 -1.0 -1.0 -1.0 -1.0 -1.0 2.078 1.688 4.588 947.691 0.727 502.696 2.406686865472952 0.0
8.0 4.0 Car -1.0 -1.0 -1.0 -1.0 -1.0 -1.0 -1.0 2.071 1.648 4.788 942.834 1.091 525.397 -0.8541763419594637 1.0
8.0 3.0 Car -1.0 -1.0 -1.0 -1.0 -1.0 -1.0 -1.0 2.068 1.643 4.563 933.14 1.555 534.85 -0.7585200929624559 1.0
8.0 8.0 Truck -1.0 -1.0 -1.0 -1.0 -1.0 -1.0 -1.0 2.362 2.885 6.385 1012.785 1.667 583.368 -2.264170032721506 1.0
8.0 5.0 Car -1.0 -1.0 -1.0 -1.0 -1.0 -1.0 -1.0 2.2 2.153 5.02 941.638 1.361 516.467 2.4045575637953194 1.0
8.0 1.0 Car -1.0 -1.0 -1.0 -1.0 -1.0 -1.0 -1.0 2.094 1.595 4.548 932.735 1.529 539.065 -0.7697341175986327 1.0
8.0 10.0 Car -1.0 -1.0 -1.0 -1.0 -1.0 -1.0 -1.0 2.078 1.915 4.996 964.023 1.044 499.332 2.362285817100428 1.0
8.0 7.0 Car -1.0 -1.0 -1.0 -1.0 -1.0 -1.0 -1.0 2.052 1.658 4.528 1003.231 0.932 570.293 -2.2304881987973855 1.0
9.0 2.0 Car -1.0 -1.0 -1.0 -1.0 -1.0 -1.0 -1.0 2.105 1.868 4.971 942.533 1.256 530.177 -0.756622781806004 1.0
9.0 0.0 Truck -1.0 -1.0 -1.0 -1.0 -1.0 -1.0 -1.0 1.957 2.197 4.933 993.935 1.119 559.037 -2.2281047764567243 1.0
9.0 9.0 Truck -1.0 -1.0 -1.0 -1.0 -1.0 -1.0 -1.0 2.67 3.448 6.861 927.636 2.626 544.387 -0.7302953485706927 1.0
9.0 6.0 Car -1.0 -1.0 -1.0 -1.0 -1.0 -1.0 -1.0 2.078 1.688 4.588 945.171 0.833 504.905 2.410177523976941 0.0
9.0 4.0 Car -1.0 -1.0 -1.0 -1.0 -1.0 -1.0 -1.0 2.071 1.648 4.788 943.52 0.981 524.481 -0.8939135176418241 1.0
9.0 3.0 Car -1.0 -1.0 -1.0 -1.0 -1.0 -1.0 -1.0 2.068 1.643 4.563 933.798 1.591 534.23 -0.7596545569762521 1.0
9.0 8.0 Truck -1.0 -1.0 -1.0 -1.0 -1.0 -1.0 -1.0 2.362 2.885 6.385 1010.447 1.665 580.383 -2.2379900939415913 1.0
9.0 5.0 Car -1.0 -1.0 -1.0 -1.0 -1.0 -1.0 -1.0 2.2 2.153 5.02 938.159 1.444 519.592 2.413066043898792 0.0
9.0 1.0 Car -1.0 -1.0 -1.0 -1.0 -1.0 -1.0 -1.0 2.094 1.595 4.548 933.071 1.493 538.729 -0.7697341175986327 1.0
9.0 10.0 Car -1.0 -1.0 -1.0 -1.0 -1.0 -1.0 -1.0 2.078 1.915 4.996 963.335 1.024 500.006 2.3570498293444455 1.0
9.0 7.0 Car -1.0 -1.0 -1.0 -1.0 -1.0 -1.0 -1.0 2.052 1.658 4.528 1001.193 0.907 567.648 -2.2348508894387287 1.0
10.0 2.0 Car -1.0 -1.0 -1.0 -1.0 -1.0 -1.0 -1.0 2.105 1.868 4.971 944.712 1.086 528.144 -0.7601134403099928 0.0
10.0 0.0 Truck -1.0 -1.0 -1.0 -1.0 -1.0 -1.0 -1.0 1.957 2.197 4.933 991.732 1.196 556.31 -2.257193597323296 1.0
10.0 9.0 Truck -1.0 -1.0 -1.0 -1.0 -1.0 -1.0 -1.0 2.67 3.448 6.861 928.126 2.586 543.95 -0.7305543775945998 1.0
10.0 6.0 Car -1.0 -1.0 -1.0 -1.0 -1.0 -1.0 -1.0 2.078 1.688 4.588 942.415 0.939 507.325 2.4136681824809294 0.0
10.0 4.0 Car -1.0 -1.0 -1.0 -1.0 -1.0 -1.0 -1.0 2.071 1.648 4.788 944.238 1.021 523.448 -0.9336506933241839 1.0
10.0 3.0 Car -1.0 -1.0 -1.0 -1.0 -1.0 -1.0 -1.0 2.068 1.643 4.563 934.399 1.516 533.662 -0.7607890209900486 1.0
10.0 8.0 Truck -1.0 -1.0 -1.0 -1.0 -1.0 -1.0 -1.0 2.362 2.885 6.385 1008.172 1.663 577.357 -2.217627919334991 1.0
10.0 5.0 Car -1.0 -1.0 -1.0 -1.0 -1.0 -1.0 -1.0 2.2 2.153 5.02 934.679 1.528 522.718 2.421574524002264 0.0
10.0 1.0 Car -1.0 -1.0 -1.0 -1.0 -1.0 -1.0 -1.0 2.094 1.595 4.548 933.407 1.457 538.394 -0.7697341175986327 1.0
10.0 10.0 Car -1.0 -1.0 -1.0 -1.0 -1.0 -1.0 -1.0 2.078 1.915 4.996 962.647 1.005 500.679 2.3518138415884624 1.0
10.0 7.0 Car -1.0 -1.0 -1.0 -1.0 -1.0 -1.0 -1.0 2.052 1.658 4.528 999.156 0.882 565.003 -2.2392136237177134 1.0
11.0 2.0 Car -1.0 -1.0 -1.0 -1.0 -1.0 -1.0 -1.0 2.105 1.868 4.971 947.159 1.001 525.807 -0.7574954464320016 0.0
11.0 0.0 Truck -1.0 -1.0 -1.0 -1.0 -1.0 -1.0 -1.0 1.957 2.197 4.933 989.657 1.073 553.74 -2.251375833149982 1.0
11.0 9.0 Truck -1.0 -1.0 -1.0 -1.0 -1.0 -1.0 -1.0 2.67 3.448 6.861 928.493 2.546 543.622 -0.7308134066185068 1.0
11.0 6.0 Car -1.0 -1.0 -1.0 -1.0 -1.0 -1.0 -1.0 2.078 1.688 4.588 939.317 1.045 510.049 2.4171588409849183 0.0
11.0 4.0 Car -1.0 -1.0 -1.0 -1.0 -1.0 -1.0 -1.0 2.071 1.648 4.788 944.738 0.919 522.61 -0.991238129977071 1.0
11.0 3.0 Car -1.0 -1.0 -1.0 -1.0 -1.0 -1.0 -1.0 2.068 1.643 4.563 935.143 1.468 532.93 -0.7644738153598222 1.0
11.0 8.0 Truck -1.0 -1.0 -1.0 -1.0 -1.0 -1.0 -1.0 2.362 2.885 6.385 1005.931 1.661 574.305 -2.2147190372483343 1.0
11.0 5.0 Car -1.0 -1.0 -1.0 -1.0 -1.0 -1.0 -1.0 2.2 2.153 5.02 930.567 1.792 526.372 2.421574524002264 0.0
11.0 1.0 Car -1.0 -1.0 -1.0 -1.0 -1.0 -1.0 -1.0 2.094 1.595 4.548 933.974 1.441 537.817 -0.7959140563785475 1.0
11.0 10.0 Car -1.0 -1.0 -1.0 -1.0 -1.0 -1.0 -1.0 2.078 1.915 4.996 961.97 1.047 501.365 2.3553045000924513 1.0
11.0 7.0 Car -1.0 -1.0 -1.0 -1.0 -1.0 -1.0 -1.0 2.052 1.658 4.528 997.085 0.882 562.46 -2.2479354456426717 1.0
12.0 2.0 Car -1.0 -1.0 -1.0 -1.0 -1.0 -1.0 -1.0 2.105 1.868 4.971 949.756 1.015 523.33 -0.7548774525540102 0.0
12.0 0.0 Truck -1.0 -1.0 -1.0 -1.0 -1.0 -1.0 -1.0 1.957 2.197 4.933 987.519 0.949 551.091 -2.245558068976667 1.0
12.0 9.0 Truck -1.0 -1.0 -1.0 -1.0 -1.0 -1.0 -1.0 2.67 3.448 6.861 929.036 2.506 543.137 -0.7310724356424139 1.0
12.0 6.0 Car -1.0 -1.0 -1.0 -1.0 -1.0 -1.0 -1.0 2.078 1.688 4.588 936.014 1.151 512.953 2.4206494994889067 0.0
12.0 4.0 Car -1.0 -1.0 -1.0 -1.0 -1.0 -1.0 -1.0 2.071 1.648 4.788 945.176 1.017 521.775 -1.048825566629958 1.0
12.0 3.0 Car -1.0 -1.0 -1.0 -1.0 -1.0 -1.0 -1.0 2.068 1.643 4.563 935.886 1.419 532.198 -0.7681586097295958 1.0
12.0 8.0 Truck -1.0 -1.0 -1.0 -1.0 -1.0 -1.0 -1.0 2.362 2.885 6.385 1003.714 1.659 571.318 -2.220536801421648 1.0
12.0 5.0 Car -1.0 -1.0 -1.0 -1.0 -1.0 -1.0 -1.0 2.2 2.153 5.02 926.326 1.856 530.14 2.421574524002264 0.0
12.0 1.0 Car -1.0 -1.0 -1.0 -1.0 -1.0 -1.0 -1.0 2.094 1.595 4.548 934.526 1.426 537.226 -0.822093995158462 1.0
12.0 10.0 Car -1.0 -1.0 -1.0 -1.0 -1.0 -1.0 -1.0 2.078 1.915 4.996 961.413 1.04 501.911 2.3727577926123944 0.0
12.0 7.0 Car -1.0 -1.0 -1.0 -1.0 -1.0 -1.0 -1.0 2.052 1.658 4.528 995.013 0.882 559.914 -2.256666916237657 1.0
13.0 2.0 Car -1.0 -1.0 -1.0 -1.0 -1.0 -1.0 -1.0 2.105 1.868 4.971 952.539 0.909 520.725 -0.7522594586760184 0.0
13.0 0.0 Truck -1.0 -1.0 -1.0 -1.0 -1.0 -1.0 -1.0 1.957 2.197 4.933 985.532 0.984 548.633 -2.2630113614966105 1.0
13.0 9.0 Truck -1.0 -1.0 -1.0 -1.0 -1.0 -1.0 -1.0 2.67 3.448 6.861 929.693 2.529 542.549 -0.7313314646663214 1.0
13.0 6.0 Car -1.0 -1.0 -1.0 -1.0 -1.0 -1.0 -1.0 2.078 1.688 4.588 932.71 1.257 515.857 2.4241401579928956 0.0
13.0 4.0 Car -1.0 -1.0 -1.0 -1.0 -1.0 -1.0 -1.0 2.071 1.648 4.788 945.722 0.866 520.617 -1.1064130032828443 1.0
13.0 3.0 Car -1.0 -1.0 -1.0 -1.0 -1.0 -1.0 -1.0 2.068 1.643 4.563 936.639 1.371 531.478 -0.7718434040993696 1.0
13.0 8.0 Truck -1.0 -1.0 -1.0 -1.0 -1.0 -1.0 -1.0 2.362 2.885 6.385 1001.48 1.607 568.425 -2.237514571302901 1.0
13.0 5.0 Car -1.0 -1.0 -1.0 -1.0 -1.0 -1.0 -1.0 2.2 2.153 5.02 921.85 2.171 534.113 2.421574524002264 0.0
13.0 1.0 Car -1.0 -1.0 -1.0 -1.0 -1.0 -1.0 -1.0 2.094 1.595 4.548 935.067 1.36 536.624 -0.8395472876784051 1.0
13.0 10.0 Car -1.0 -1.0 -1.0 -1.0 -1.0 -1.0 -1.0 2.078 1.915 4.996 960.728 1.033 502.525 2.3902110851323375 0.0
13.0 7.0 Car -1.0 -1.0 -1.0 -1.0 -1.0 -1.0 -1.0 2.052 1.658 4.528 992.942 0.882 557.318 -2.247482909634613 1.0
14.0 2.0 Car -1.0 -1.0 -1.0 -1.0 -1.0 -1.0 -1.0 2.105 1.868 4.971 955.372 0.903 518.073 -0.7496414647980272 0.0
14.0 0.0 Truck -1.0 -1.0 -1.0 -1.0 -1.0 -1.0 -1.0 1.957 2.197 4.933 983.603 0.919 546.301 -2.2630113614966105 1.0
14.0 9.0 Truck -1.0 -1.0 -1.0 -1.0 -1.0 -1.0 -1.0 2.67 3.448 6.861 930.312 2.477 541.992 -0.7318578338058116 1.0
14.0 6.0 Car -1.0 -1.0 -1.0 -1.0 -1.0 -1.0 -1.0 2.078 1.688 4.588 929.182 1.362 518.977 2.4197768348629096 0.0
14.0 4.0 Car -1.0 -1.0 -1.0 -1.0 -1.0 -1.0 -1.0 2.071 1.648 4.788 946.203 0.914 519.262 -1.187271496628989 1.0
14.0 3.0 Car -1.0 -1.0 -1.0 -1.0 -1.0 -1.0 -1.0 2.068 1.643 4.563 937.393 1.322 530.757 -0.7755281984691429 1.0
14.0 8.0 Truck -1.0 -1.0 -1.0 -1.0 -1.0 -1.0 -1.0 2.362 2.885 6.385 999.537 1.555 566.027 -2.2544923411841533 1.0
14.0 5.0 Car -1.0 -1.0 -1.0 -1.0 -1.0 -1.0 -1.0 2.2 2.153 5.02 917.686 2.385 537.813 2.421574524002264 0.0
14.0 1.0 Car -1.0 -1.0 -1.0 -1.0 -1.0 -1.0 -1.0 2.094 1.595 4.548 935.461 1.378 536.07 -0.8744538727182913 1.0
14.0 10.0 Car -1.0 -1.0 -1.0 -1.0 -1.0 -1.0 -1.0 2.078 1.915 4.996 960.272 1.025 502.98 2.407664377652281 0.0
14.0 7.0 Car -1.0 -1.0 -1.0 -1.0 -1.0 -1.0 -1.0 2.052 1.658 4.528 991.077 0.882 554.98 -2.2392136237177134 1.0
15.0 2.0 Car -1.0 -1.0 -1.0 -1.0 -1.0 -1.0 -1.0 2.105 1.868 4.971 958.655 0.858 515.057 -0.7252068552701068 0.0
15.0 0.0 Truck -1.0 -1.0 -1.0 -1.0 -1.0 -1.0 -1.0 1.957 2.197 4.933 981.771 0.9 544.096 -2.2630113614966105 1.0
15.0 9.0 Truck -1.0 -1.0 -1.0 -1.0 -1.0 -1.0 -1.0 2.67 3.448 6.861 930.932 2.426 541.436 -0.732384202945302 1.0
15.0 6.0 Car -1.0 -1.0 -1.0 -1.0 -1.0 -1.0 -1.0 2.078 1.688 4.588 925.653 1.467 522.096 2.4154135117329236 0.0
15.0 4.0 Car -1.0 -1.0 -1.0 -1.0 -1.0 -1.0 -1.0 2.071 1.648 4.788 946.618 0.862 517.885 -1.2506766974551902 1.0
15.0 3.0 Car -1.0 -1.0 -1.0 -1.0 -1.0 -1.0 -1.0 2.068 1.643 4.563 938.224 1.269 529.891 -0.8016120160862 1.0
15.0 8.0 Truck -1.0 -1.0 -1.0 -1.0 -1.0 -1.0 -1.0 2.362 2.885 6.385 997.441 1.578 563.443 -2.2540168185454625 1.0
15.0 5.0 Car -1.0 -1.0 -1.0 -1.0 -1.0 -1.0 -1.0 2.2 2.153 5.02 912.685 2.564 542.225 2.421574524002264 0.0
15.0 1.0 Car -1.0 -1.0 -1.0 -1.0 -1.0 -1.0 -1.0 2.094 1.595 4.548 935.855 1.395 535.515 -0.9093604577581775 1.0
15.0 10.0 Car -1.0 -1.0 -1.0 -1.0 -1.0 -1.0 -1.0 2.078 1.915 4.996 959.936 1.018 503.303 2.407664377652281 0.0
15.0 7.0 Car -1.0 -1.0 -1.0 -1.0 -1.0 -1.0 -1.0 2.052 1.658 4.528 989.145 0.857 552.482 -2.2304819000423786 1.0
16.0 2.0 Car -1.0 -1.0 -1.0 -1.0 -1.0 -1.0 -1.0 2.105 1.868 4.971 962.243 0.85 511.878 -0.7217161967661182 0.0
16.0 0.0 Truck -1.0 -1.0 -1.0 -1.0 -1.0 -1.0 -1.0 1.957 2.197 4.933 979.966 0.931 541.87 -2.245558068976667 1.0
16.0 9.0 Truck -1.0 -1.0 -1.0 -1.0 -1.0 -1.0 -1.0 2.67 3.448 6.861 931.551 2.374 540.879 -0.7329105720847924 1.0
16.0 6.0 Car -1.0 -1.0 -1.0 -1.0 -1.0 -1.0 -1.0 2.078 1.688 4.588 922.125 1.572 525.216 2.411050188602938 0.0
16.0 4.0 Car -1.0 -1.0 -1.0 -1.0 -1.0 -1.0 -1.0 2.071 1.648 4.788 947.027 0.811 515.793 -1.355969800329255 0.0
16.0 3.0 Car -1.0 -1.0 -1.0 -1.0 -1.0 -1.0 -1.0 2.068 1.643 4.563 939.032 1.216 529.003 -0.827695833703257 1.0
16.0 8.0 Truck -1.0 -1.0 -1.0 -1.0 -1.0 -1.0 -1.0 2.362 2.885 6.385 995.47 1.567 561.011 -2.2535412959067713 1.0
16.0 5.0 Car -1.0 -1.0 -1.0 -1.0 -1.0 -1.0 -1.0 2.2 2.153 5.02 907.684 2.742 546.636 2.421574524002264 0.0
16.0 1.0 Car -1.0 -1.0 -1.0 -1.0 -1.0 -1.0 -1.0 2.094 1.595 4.548 936.371 1.344 534.772 -0.9386462618195502 1.0
16.0 10.0 Car -1.0 -1.0 -1.0 -1.0 -1.0 -1.0 -1.0 2.078 1.915 4.996 959.599 1.011 503.627 2.407664377652281 0.0
16.0 7.0 Car -1.0 -1.0 -1.0 -1.0 -1.0 -1.0 -1.0 2.052 1.658 4.528 987.215 0.832 549.986 -2.2217603311977707 1.0
17.0 2.0 Car -1.0 -1.0 -1.0 -1.0 -1.0 -1.0 -1.0 2.105 1.868 4.971 965.985 0.791 508.563 -0.7182255382621299 0.0
17.0 0.0 Truck -1.0 -1.0 -1.0 -1.0 -1.0 -1.0 -1.0 1.957 2.197 4.933 978.269 0.886 539.775 -2.245558068976667 1.0
17.0 9.0 Truck -1.0 -1.0 -1.0 -1.0 -1.0 -1.0 -1.0 2.67 3.448 6.861 932.17 2.322 540.322 -0.7334369412242827 1.0
17.0 6.0 Car -1.0 -1.0 -1.0 -1.0 -1.0 -1.0 -1.0 2.078 1.688 4.588 918.596 1.677 528.336 2.406686865472952 0.0
17.0 4.0 Car -1.0 -1.0 -1.0 -1.0 -1.0 -1.0 -1.0 2.071 1.648 4.788 947.268 0.834 513.279 -1.4806584756759054 0.0
17.0 3.0 Car -1.0 -1.0 -1.0 -1.0 -1.0 -1.0 -1.0 2.068 1.643 4.563 939.816 1.162 528.094 -0.8537796513203144 1.0
17.0 8.0 Truck -1.0 -1.0 -1.0 -1.0 -1.0 -1.0 -1.0 2.362 2.885 6.385 993.61 1.557 558.716 -2.2530657732680814 1.0
17.0 5.0 Car -1.0 -1.0 -1.0 -1.0 -1.0 -1.0 -1.0 2.2 2.153 5.02 902.682 2.921 551.048 2.421574524002264 0.0
17.0 1.0 Car -1.0 -1.0 -1.0 -1.0 -1.0 -1.0 -1.0 2.094 1.595 4.548 936.866 1.343 534.014 -0.9679320658809231 1.0
17.0 10.0 Car -1.0 -1.0 -1.0 -1.0 -1.0 -1.0 -1.0 2.078 1.915 4.996 959.467 1.013 503.75 2.407664377652281 0.0
17.0 7.0 Car -1.0 -1.0 -1.0 -1.0 -1.0 -1.0 -1.0 2.052 1.658 4.528 985.349 0.782 547.438 -2.195579973439957 1.0
18.0 2.0 Car -1.0 -1.0 -1.0 -1.0 -1.0 -1.0 -1.0 2.105 1.868 4.971 969.891 0.783 505.174 -0.714734879758141 0.0
18.0 0.0 Truck -1.0 -1.0 -1.0 -1.0 -1.0 -1.0 -1.0 1.957 2.197 4.933 976.637 0.85 537.758 -2.245558068976667 1.0
18.0 9.0 Truck -1.0 -1.0 -1.0 -1.0 -1.0 -1.0 -1.0 2.67 3.448 6.861 932.79 2.27 539.765 -0.733963310363773 1.0
18.0 6.0 Car -1.0 -1.0 -1.0 -1.0 -1.0 -1.0 -1.0 2.078 1.688 4.588 914.635 1.823 531.958 2.406686865472952 0.0
18.0 4.0 Car -1.0 -1.0 -1.0 -1.0 -1.0 -1.0 -1.0 2.071 1.648 4.788 947.135 0.826 510.428 -1.6169826793691844 0.0
18.0 3.0 Car -1.0 -1.0 -1.0 -1.0 -1.0 -1.0 -1.0 2.068 1.643 4.563 940.697 1.113 527.005 -0.8784921388108046 0.0
18.0 8.0 Truck -1.0 -1.0 -1.0 -1.0 -1.0 -1.0 -1.0 2.362 2.885 6.385 991.736 1.596 556.404 -2.2525902506293907 1.0
18.0 5.0 Car -1.0 -1.0 -1.0 -1.0 -1.0 -1.0 -1.0 2.2 2.153 5.02 897.681 3.099 555.46 2.421574524002264 0.0
18.0 1.0 Car -1.0 -1.0 -1.0 -1.0 -1.0 -1.0 -1.0 2.094 1.595 4.548 937.329 1.323 533.233 -0.9828704427038115 1.0
18.0 10.0 Car -1.0 -1.0 -1.0 -1.0 -1.0 -1.0 -1.0 2.078 1.915 4.996 959.335 1.016 503.872 2.407664377652281 0.0
18.0 7.0 Car -1.0 -1.0 -1.0 -1.0 -1.0 -1.0 -1.0 2.052 1.658 4.528 983.551 0.732 544.842 -2.169400453637941 1.0
19.0 2.0 Car -1.0 -1.0 -1.0 -1.0 -1.0 -1.0 -1.0 2.105 1.868 4.971 974.002 0.775 501.606 -0.7112442212541527 0.0
19.0 0.0 Truck -1.0 -1.0 -1.0 -1.0 -1.0 -1.0 -1.0 1.957 2.197 4.933 975.135 0.815 535.898 -2.245558068976667 1.0
19.0 9.0 Truck -1.0 -1.0 -1.0 -1.0 -1.0 -1.0 -1.0 2.67 3.448 6.861 933.673 2.266 538.972 -0.7260885510006081 1.0
19.0 6.0 Car -1.0 -1.0 -1.0 -1.0 -1.0 -1.0 -1.0 2.078 1.688 4.588 910.673 1.97 535.581 2.406686865472952 0.0
19.0 4.0 Car -1.0 -1.0 -1.0 -1.0 -1.0 -1.0 -1.0 2.071 1.648 4.788 946.521 0.818 507.386 -1.8056667606222931 0.0
19.0 3.0 Car -1.0 -1.0 -1.0 -1.0 -1.0 -1.0 -1.0 2.068 1.643 4.563 941.578 1.064 525.916 -0.8857513337813518 0.0
19.0 8.0 Truck -1.0 -1.0 -1.0 -1.0 -1.0 -1.0 -1.0 2.362 2.885 6.385 989.917 1.586 554.161 -2.2521147279907003 1.0
19.0 5.0 Car -1.0 -1.0 -1.0 -1.0 -1.0 -1.0 -1.0 2.2 2.153 5.02 892.446 3.278 560.077 2.421574524002264 0.0
19.0 1.0 Car -1.0 -1.0 -1.0 -1.0 -1.0 -1.0 -1.0 2.094 1.595 4.548 937.936 1.366 532.235 -1.0214738426095598 1.0
19.0 10.0 Car -1.0 -1.0 -1.0 -1.0 -1.0 -1.0 -1.0 2.078 1.915 4.996 959.202 1.019 503.995 2.407664377652281 0.0
19.0 7.0 Car -1.0 -1.0 -1.0 -1.0 -1.0 -1.0 -1.0 2.052 1.658 4.528 981.611 0.682 541.697 -2.084587253656067 1.0
20.0 2.0 Car -1.0 -1.0 -1.0 -1.0 -1.0 -1.0 -1.0 2.105 1.868 4.971 978.169 0.679 497.97 -0.7077535627501637 0.0
20.0 0.0 Truck -1.0 -1.0 -1.0 -1.0 -1.0 -1.0 -1.0 1.957 2.197 4.933 973.716 0.825 534.14 -2.246754866178035 1.0
20.0 9.0 Truck -1.0 -1.0 -1.0 -1.0 -1.0 -1.0 -1.0 2.67 3.448 6.861 934.555 2.261 538.179 -0.7182137916374433 1.0
20.0 4.0 Car -1.0 -1.0 -1.0 -1.0 -1.0 -1.0 -1.0 2.071 1.648 4.788 945.292 0.809 504.161 -1.9943508418754006 0.0
20.0 3.0 Car -1.0 -1.0 -1.0 -1.0 -1.0 -1.0 -1.0 2.068 1.643 4.563 942.61 1.04 524.505 -0.9366437600517568 0.0
20.0 8.0 Truck -1.0 -1.0 -1.0 -1.0 -1.0 -1.0 -1.0 2.362 2.885 6.385 988.16 1.542 552.019 -2.2370393876408827 1.0
20.0 5.0 Car -1.0 -1.0 -1.0 -1.0 -1.0 -1.0 -1.0 2.2 2.153 5.02 887.21 3.457 564.694 2.421574524002264 0.0
20.0 1.0 Car -1.0 -1.0 -1.0 -1.0 -1.0 -1.0 -1.0 2.094 1.595 4.548 938.633 1.259 530.847 -1.0789449849827735 1.0
20.0 10.0 Car -1.0 -1.0 -1.0 -1.0 -1.0 -1.0 -1.0 2.078 1.915 4.996 959.07 1.021 504.118 2.407664377652281 0.0
20.0 7.0 Car -1.0 -1.0 -1.0 -1.0 -1.0 -1.0 -1.0 2.052 1.658 4.528 979.943 0.632 538.395 -1.9996727587560168 1.0
21.0 2.0 Car -1.0 -1.0 -1.0 -1.0 -1.0 -1.0 -1.0 2.105 1.868 4.971 982.797 0.664 494.152 -0.6859369471002346 0.0
21.0 0.0 Truck -1.0 -1.0 -1.0 -1.0 -1.0 -1.0 -1.0 1.957 2.197 4.933 972.356 0.836 532.505 -2.265404955899346 1.0
21.0 9.0 Truck -1.0 -1.0 -1.0 -1.0 -1.0 -1.0 -1.0 2.67 3.448 6.861 935.704 2.257 537.153 -0.7190656785342496 1.0
21.0 4.0 Car -1.0 -1.0 -1.0 -1.0 -1.0 -1.0 -1.0 2.071 1.648 4.788 943.434 0.777 500.57 -2.0846650075730464 0.0
21.0 3.0 Car -1.0 -1.0 -1.0 -1.0 -1.0 -1.0 -1.0 2.068 1.643 4.563 943.568 1.016 523.045 -0.9875361863221616 0.0
21.0 8.0 Truck -1.0 -1.0 -1.0 -1.0 -1.0 -1.0 -1.0 2.362 2.885 6.385 986.601 1.498 550.058 -2.2394173398110087 1.0
21.0 1.0 Car -1.0 -1.0 -1.0 -1.0 -1.0 -1.0 -1.0 2.094 1.595 4.548 939.401 1.202 529.288 -1.1189628348360436 1.0
21.0 10.0 Car -1.0 -1.0 -1.0 -1.0 -1.0 -1.0 -1.0 2.078 1.915 4.996 958.938 1.024 504.24 2.407664377652281 0.0
21.0 7.0 Car -1.0 -1.0 -1.0 -1.0 -1.0 -1.0 -1.0 2.052 1.658 4.528 978.578 0.582 534.962 -1.8973556187951106 1.0
22.0 0.0 Truck -1.0 -1.0 -1.0 -1.0 -1.0 -1.0 -1.0 1.957 2.197 4.933 971.213 0.847 531.131 -2.266601753100713 0.0
22.0 9.0 Truck -1.0 -1.0 -1.0 -1.0 -1.0 -1.0 -1.0 2.67 3.448 6.861 937.129 2.189 535.898 -0.7431886221243142 1.0
22.0 4.0 Car -1.0 -1.0 -1.0 -1.0 -1.0 -1.0 -1.0 2.071 1.648 4.788 941.218 0.745 497.227 -2.1924324657906347 0.0
22.0 3.0 Car -1.0 -1.0 -1.0 -1.0 -1.0 -1.0 -1.0 2.068 1.643 4.563 944.627 0.946 521.132 -1.06970588882254 0.0
22.0 8.0 Truck -1.0 -1.0 -1.0 -1.0 -1.0 -1.0 -1.0 2.362 2.885 6.385 985.205 1.455 548.304 -2.2417952919811337 1.0
22.0 1.0 Car -1.0 -1.0 -1.0 -1.0 -1.0 -1.0 -1.0 2.094 1.595 4.548 940.102 1.195 527.628 -1.1589806846893143 1.0
22.0 10.0 Car -1.0 -1.0 -1.0 -1.0 -1.0 -1.0 -1.0 2.078 1.915 4.996 958.904 1.027 504.266 2.407664377652281 0.0
22.0 7.0 Car -1.0 -1.0 -1.0 -1.0 -1.0 -1.0 -1.0 2.052 1.658 4.528 977.447 0.545 531.464 -1.8624503953911768 1.0
23.0 0.0 Truck -1.0 -1.0 -1.0 -1.0 -1.0 -1.0 -1.0 1.957 2.197 4.933 970.361 0.858 530.105 -2.2677985503020803 0.0
23.0 9.0 Truck -1.0 -1.0 -1.0 -1.0 -1.0 -1.0 -1.0 2.67 3.448 6.861 938.661 2.122 534.481 -0.7498582731944357 1.0
23.0 4.0 Car -1.0 -1.0 -1.0 -1.0 -1.0 -1.0 -1.0 2.071 1.648 4.788 938.584 0.769 493.679 -2.217442228642828 0.0
23.0 3.0 Car -1.0 -1.0 -1.0 -1.0 -1.0 -1.0 -1.0 2.068 1.643 4.563 945.452 0.876 518.964 -1.2042354688827475 0.0
23.0 8.0 Truck -1.0 -1.0 -1.0 -1.0 -1.0 -1.0 -1.0 2.362 2.885 6.385 983.864 1.411 546.618 -2.2441732441512583 1.0
23.0 1.0 Car -1.0 -1.0 -1.0 -1.0 -1.0 -1.0 -1.0 2.094 1.595 4.548 940.847 1.151 525.785 -1.1902718882826129 1.0
23.0 10.0 Car -1.0 -1.0 -1.0 -1.0 -1.0 -1.0 -1.0 2.078 1.915 4.996 958.87 1.029 504.292 2.407664377652281 0.0
23.0 7.0 Car -1.0 -1.0 -1.0 -1.0 -1.0 -1.0 -1.0 2.052 1.658 4.528 976.439 0.507 527.93 -1.8275608912393708 1.0
24.0 0.0 Truck -1.0 -1.0 -1.0 -1.0 -1.0 -1.0 -1.0 1.957 2.197 4.933 969.706 0.869 529.313 -2.268995347503448 0.0
24.0 9.0 Truck -1.0 -1.0 -1.0 -1.0 -1.0 -1.0 -1.0 2.67 3.448 6.861 940.227 2.054 533.03 -0.7565279242645566 1.0
24.0 4.0 Car -1.0 -1.0 -1.0 -1.0 -1.0 -1.0 -1.0 2.071 1.648 4.788 935.709 0.794 490.0 -2.2424519914950185 0.0
24.0 3.0 Car -1.0 -1.0 -1.0 -1.0 -1.0 -1.0 -1.0 2.068 1.643 4.563 946.067 0.832 516.118 -1.3736716339828412 0.0
24.0 8.0 Truck -1.0 -1.0 -1.0 -1.0 -1.0 -1.0 -1.0 2.362 2.885 6.385 982.565 1.367 544.983 -2.2465511963213833 1.0
24.0 1.0 Car -1.0 -1.0 -1.0 -1.0 -1.0 -1.0 -1.0 2.094 1.595 4.548 941.467 1.106 524.094 -1.221563091875912 1.0
24.0 10.0 Car -1.0 -1.0 -1.0 -1.0 -1.0 -1.0 -1.0 2.078 1.915 4.996 958.836 1.032 504.318 2.407664377652281 0.0
24.0 7.0 Car -1.0 -1.0 -1.0 -1.0 -1.0 -1.0 -1.0 2.052 1.658 4.528 975.554 0.47 524.36 -1.792635863675452 1.0
25.0 0.0 Truck -1.0 -1.0 -1.0 -1.0 -1.0 -1.0 -1.0 1.957 2.197 4.933 969.257 0.887 528.776 -2.2685964151029925 0.0
25.0 9.0 Truck -1.0 -1.0 -1.0 -1.0 -1.0 -1.0 -1.0 2.67 3.448 6.861 941.927 1.942 531.445 -0.7581485871414086 1.0
25.0 4.0 Car -1.0 -1.0 -1.0 -1.0 -1.0 -1.0 -1.0 2.071 1.648 4.788 932.461 0.818 486.125 -2.2674617543472118 0.0
25.0 3.0 Car -1.0 -1.0 -1.0 -1.0 -1.0 -1.0 -1.0 2.068 1.643 4.563 946.25 0.896 513.39 -1.5122802683355236 0.0
25.0 8.0 Truck -1.0 -1.0 -1.0 -1.0 -1.0 -1.0 -1.0 2.362 2.885 6.385 981.315 1.379 543.419 -2.24892902004844 1.0
25.0 1.0 Car -1.0 -1.0 -1.0 -1.0 -1.0 -1.0 -1.0 2.094 1.595 4.548 942.279 1.042 521.671 -1.238525908720606 1.0
25.0 10.0 Car -1.0 -1.0 -1.0 -1.0 -1.0 -1.0 -1.0 2.078 1.915 4.996 958.802 1.035 504.344 2.407664377652281 0.0
25.0 7.0 Car -1.0 -1.0 -1.0 -1.0 -1.0 -1.0 -1.0 2.052 1.658 4.528 974.87 0.432 521.128 -1.7577292786355656 1.0
26.0 0.0 Truck -1.0 -1.0 -1.0 -1.0 -1.0 -1.0 -1.0 1.957 2.197 4.933 968.939 0.905 528.395 -2.268197482702537 0.0
26.0 9.0 Truck -1.0 -1.0 -1.0 -1.0 -1.0 -1.0 -1.0 2.67 3.448 6.861 943.627 1.831 529.859 -0.7597692500182607 1.0
26.0 4.0 Car -1.0 -1.0 -1.0 -1.0 -1.0 -1.0 -1.0 2.071 1.648 4.788 929.078 0.826 482.099 -2.286653753026089 0.0
26.0 3.0 Car -1.0 -1.0 -1.0 -1.0 -1.0 -1.0 -1.0 2.068 1.643 4.563 946.081 0.86 510.477 -1.6683421952081494 0.0
26.0 8.0 Truck -1.0 -1.0 -1.0 -1.0 -1.0 -1.0 -1.0 2.362 2.885 6.385 980.065 1.39 541.855 -2.2513070150329213 1.0
26.0 1.0 Car -1.0 -1.0 -1.0 -1.0 -1.0 -1.0 -1.0 2.094 1.595 4.548 943.009 0.977 519.078 -1.290395310605186 1.0
26.0 10.0 Car -1.0 -1.0 -1.0 -1.0 -1.0 -1.0 -1.0 2.078 1.915 4.996 958.592 1.037 504.53 2.407664377652281 1.0
26.0 7.0 Car -1.0 -1.0 -1.0 -1.0 -1.0 -1.0 -1.0 2.052 1.658 4.528 974.295 0.478 517.916 -1.7228226935956796 1.0
27.0 0.0 Truck -1.0 -1.0 -1.0 -1.0 -1.0 -1.0 -1.0 1.957 2.197 4.933 968.752 0.923 528.171 -2.2677985503020803 0.0
27.0 9.0 Truck -1.0 -1.0 -1.0 -1.0 -1.0 -1.0 -1.0 2.67 3.448 6.861 945.327 1.72 528.274 -0.7613899128951122 0.0
27.0 4.0 Car -1.0 -1.0 -1.0 -1.0 -1.0 -1.0 -1.0 2.071 1.648 4.788 925.405 0.847 477.854 -2.304107045546032 0.0
27.0 3.0 Car -1.0 -1.0 -1.0 -1.0 -1.0 -1.0 -1.0 2.068 1.643 4.563 945.449 0.799 507.293 -1.8069508295608314 0.0
27.0 8.0 Truck -1.0 -1.0 -1.0 -1.0 -1.0 -1.0 -1.0 2.362 2.885 6.385 978.815 1.401 540.292 -2.25368505283176 0.0
27.0 1.0 Car -1.0 -1.0 -1.0 -1.0 -1.0 -1.0 -1.0 2.094 1.595 4.548 943.498 0.913 516.425 -1.377171297529653 0.0
27.0 10.0 Car -1.0 -1.0 -1.0 -1.0 -1.0 -1.0 -1.0 2.078 1.915 4.996 958.381 1.04 504.715 2.407664377652281 0.0
27.0 7.0 Car -1.0 -1.0 -1.0 -1.0 -1.0 -1.0 -1.0 2.052 1.658 4.528 974.022 0.524 515.915 -1.6879161085557932 0.0
28.0 0.0 Truck -1.0 -1.0 -1.0 -1.0 -1.0 -1.0 -1.0 1.957 2.197 4.933 968.725 0.94 528.137 -2.2673996179016247 0.0
28.0 9.0 Truck -1.0 -1.0 -1.0 -1.0 -1.0 -1.0 -1.0 2.67 3.448 6.861 946.978 1.675 526.693 -0.7630105757719637 0.0
28.0 3.0 Car -1.0 -1.0 -1.0 -1.0 -1.0 -1.0 -1.0 2.068 1.643 4.563 944.442 0.771 503.763 -1.8868132845053487 0.0
28.0 8.0 Truck -1.0 -1.0 -1.0 -1.0 -1.0 -1.0 -1.0 2.362 2.885 6.385 977.591 1.412 538.783 -2.2560630050018844 0.0
28.0 1.0 Car -1.0 -1.0 -1.0 -1.0 -1.0 -1.0 -1.0 2.094 1.595 4.548 943.781 0.898 513.578 -1.472673930714091 0.0
28.0 10.0 Car -1.0 -1.0 -1.0 -1.0 -1.0 -1.0 -1.0 2.078 1.915 4.996 958.17 1.043 504.901 2.407664377652281 0.0
28.0 7.0 Car -1.0 -1.0 -1.0 -1.0 -1.0 -1.0 -1.0 2.052 1.658 4.528 973.811 0.57 514.204 -1.6704628160358514 0.0
29.0 0.0 Truck -1.0 -1.0 -1.0 -1.0 -1.0 -1.0 -1.0 1.957 2.197 4.933 968.698 0.958 528.103 -2.267000685501168 0.0
29.0 9.0 Truck -1.0 -1.0 -1.0 -1.0 -1.0 -1.0 -1.0 2.67 3.448 6.861 949.174 1.63 524.59 -0.7646312386488159 0.0
29.0 3.0 Car -1.0 -1.0 -1.0 -1.0 -1.0 -1.0 -1.0 2.068 1.643 4.563 942.66 0.743 499.375 -2.019035617009694 0.0
29.0 8.0 Truck -1.0 -1.0 -1.0 -1.0 -1.0 -1.0 -1.0 2.362 2.885 6.385 976.443 1.399 537.367 -2.25844095717201 0.0
29.0 1.0 Car -1.0 -1.0 -1.0 -1.0 -1.0 -1.0 -1.0 2.094 1.595 4.548 943.814 0.884 510.342 -1.5856298564184732 0.0
29.0 10.0 Car -1.0 -1.0 -1.0 -1.0 -1.0 -1.0 -1.0 2.078 1.915 4.996 957.988 1.045 505.072 2.407664377652281 0.0
29.0 7.0 Car -1.0 -1.0 -1.0 -1.0 -1.0 -1.0 -1.0 2.052 1.658 4.528 973.71 0.549 512.776 -1.6530095235159072 0.0
30.0 0.0 Truck -1.0 -1.0 -1.0 -1.0 -1.0 -1.0 -1.0 1.957 2.197 4.933 968.701 0.949 528.107 -2.266601753100713 0.0
30.0 9.0 Truck -1.0 -1.0 -1.0 -1.0 -1.0 -1.0 -1.0 2.67 3.448 6.861 951.411 1.653 522.419 -0.7501076059447206 0.0
30.0 8.0 Truck -1.0 -1.0 -1.0 -1.0 -1.0 -1.0 -1.0 2.362 2.885 6.385 975.57 1.34 536.325 -2.242783840404861 0.0
30.0 1.0 Car -1.0 -1.0 -1.0 -1.0 -1.0 -1.0 -1.0 2.094 1.595 4.548 943.5 0.849 507.185 -1.6947043360499487 0.0
30.0 10.0 Car -1.0 -1.0 -1.0 -1.0 -1.0 -1.0 -1.0 2.078 1.915 4.996 957.805 1.048 505.242 2.407664377652281 0.0
30.0 7.0 Car -1.0 -1.0 -1.0 -1.0 -1.0 -1.0 -1.0 2.052 1.658 4.528 973.646 0.528 512.031 -1.6530095235159072 0.0
31.0 0.0 Truck -1.0 -1.0 -1.0 -1.0 -1.0 -1.0 -1.0 1.957 2.197 4.933 968.705 0.94 528.111 -2.266202820700257 0.0
31.0 9.0 Truck -1.0 -1.0 -1.0 -1.0 -1.0 -1.0 -1.0 2.67 3.448 6.861 953.712 1.677 520.316 -0.735583973240625 0.0
31.0 8.0 Truck -1.0 -1.0 -1.0 -1.0 -1.0 -1.0 -1.0 2.362 2.885 6.385 974.872 1.33 535.426 -2.244580016157655 0.0
31.0 1.0 Car -1.0 -1.0 -1.0 -1.0 -1.0 -1.0 -1.0 2.094 1.595 4.548 942.746 0.832 503.896 -1.8343220775913243 0.0
31.0 10.0 Car -1.0 -1.0 -1.0 -1.0 -1.0 -1.0 -1.0 2.078 1.915 4.996 957.776 1.051 505.274 2.407664377652281 0.0
31.0 7.0 Car -1.0 -1.0 -1.0 -1.0 -1.0 -1.0 -1.0 2.052 1.658 4.528 973.614 0.507 511.612 -1.6530095235159072 0.0
32.0 0.0 Truck -1.0 -1.0 -1.0 -1.0 -1.0 -1.0 -1.0 1.957 2.197 4.933 968.709 0.931 528.115 -2.2658038882998013 0.0
32.0 9.0 Truck -1.0 -1.0 -1.0 -1.0 -1.0 -1.0 -1.0 2.67 3.448 6.861 956.319 1.7 517.918 -0.7297869867965013 0.0
32.0 8.0 Truck -1.0 -1.0 -1.0 -1.0 -1.0 -1.0 -1.0 2.362 2.885 6.385 974.308 1.321 534.757 -2.246376191910449 0.0
32.0 1.0 Car -1.0 -1.0 -1.0 -1.0 -1.0 -1.0 -1.0 2.094 1.595 4.548 941.541 0.814 500.745 -1.9739398191327002 0.0
32.0 10.0 Car -1.0 -1.0 -1.0 -1.0 -1.0 -1.0 -1.0 2.078 1.915 4.996 957.747 1.053 505.307 2.407664377652281 0.0
32.0 7.0 Car -1.0 -1.0 -1.0 -1.0 -1.0 -1.0 -1.0 2.052 1.658 4.528 973.613 0.495 511.568 -1.6530095235159072 0.0
33.0 0.0 Truck -1.0 -1.0 -1.0 -1.0 -1.0 -1.0 -1.0 1.957 2.197 4.933 968.713 0.923 528.119 -2.265404955899346 0.0
33.0 9.0 Truck -1.0 -1.0 -1.0 -1.0 -1.0 -1.0 -1.0 2.67 3.448 6.861 959.248 1.59 515.36 -0.7065367078324343 0.0
33.0 8.0 Truck -1.0 -1.0 -1.0 -1.0 -1.0 -1.0 -1.0 2.362 2.885 6.385 973.909 1.312 534.217 -2.2481723676632432 0.0
33.0 1.0 Car -1.0 -1.0 -1.0 -1.0 -1.0 -1.0 -1.0 2.094 1.595 4.548 939.91 0.796 497.791 -2.113557560674076 0.0
33.0 10.0 Car -1.0 -1.0 -1.0 -1.0 -1.0 -1.0 -1.0 2.078 1.915 4.996 957.685 1.056 505.453 2.3727577926123944 0.0
33.0 7.0 Car -1.0 -1.0 -1.0 -1.0 -1.0 -1.0 -1.0 2.052 1.658 4.528 973.613 0.483 511.524 -1.6530095235159072 0.0
34.0 9.0 Truck -1.0 -1.0 -1.0 -1.0 -1.0 -1.0 -1.0 2.67 3.448 6.861 962.427 1.58 512.732 -0.6876497519983534 0.0
34.0 8.0 Truck -1.0 -1.0 -1.0 -1.0 -1.0 -1.0 -1.0 2.362 2.885 6.385 973.71 1.303 533.984 -2.2499685434160375 0.0
34.0 1.0 Car -1.0 -1.0 -1.0 -1.0 -1.0 -1.0 -1.0 2.094 1.595 4.548 937.855 0.812 494.785 -2.2182687171755666 0.0
34.0 10.0 Car -1.0 -1.0 -1.0 -1.0 -1.0 -1.0 -1.0 2.078 1.915 4.996 957.629 1.059 505.602 2.3378512075725078 0.0
34.0 7.0 Car -1.0 -1.0 -1.0 -1.0 -1.0 -1.0 -1.0 2.052 1.658 4.528 973.613 0.472 511.48 -1.6530095235159072 0.0
35.0 9.0 Truck -1.0 -1.0 -1.0 -1.0 -1.0 -1.0 -1.0 2.67 3.448 6.861 965.797 1.516 509.951 -0.6860914223090723 0.0
35.0 8.0 Truck -1.0 -1.0 -1.0 -1.0 -1.0 -1.0 -1.0 2.362 2.885 6.385 973.7 1.315 533.982 -2.2494382133881516 0.0
35.0 1.0 Car -1.0 -1.0 -1.0 -1.0 -1.0 -1.0 -1.0 2.094 1.595 4.548 935.383 0.811 491.79 -2.2922820415495044 0.0
35.0 10.0 Car -1.0 -1.0 -1.0 -1.0 -1.0 -1.0 -1.0 2.078 1.915 4.996 957.425 1.061 505.809 2.233131452452848 0.0
35.0 7.0 Car -1.0 -1.0 -1.0 -1.0 -1.0 -1.0 -1.0 2.052 1.658 4.528 973.613 0.46 511.436 -1.6530095235159072 0.0
36.0 9.0 Truck -1.0 -1.0 -1.0 -1.0 -1.0 -1.0 -1.0 2.67 3.448 6.861 969.167 1.452 507.169 -0.684533092619792 0.0
36.0 8.0 Truck -1.0 -1.0 -1.0 -1.0 -1.0 -1.0 -1.0 2.362 2.885 6.385 973.69 1.327 533.979 -2.2489066948415073 0.0
36.0 1.0 Car -1.0 -1.0 -1.0 -1.0 -1.0 -1.0 -1.0 2.094 1.595 4.548 932.666 0.811 488.753 -2.313935488363613 0.0
36.0 10.0 Car -1.0 -1.0 -1.0 -1.0 -1.0 -1.0 -1.0 2.078 1.915 4.996 957.237 1.064 506.215 2.128411697333188 0.0
36.0 7.0 Car -1.0 -1.0 -1.0 -1.0 -1.0 -1.0 -1.0 2.052 1.658 4.528 973.629 0.493 511.207 -1.618102938476021 0.0
37.0 9.0 Truck -1.0 -1.0 -1.0 -1.0 -1.0 -1.0 -1.0 2.67 3.448 6.861 972.538 1.388 504.388 -0.682974762930511 0.0
37.0 8.0 Truck -1.0 -1.0 -1.0 -1.0 -1.0 -1.0 -1.0 2.362 2.885 6.385 973.68 1.338 533.977 -2.248375760464047 0.0
37.0 1.0 Car -1.0 -1.0 -1.0 -1.0 -1.0 -1.0 -1.0 2.094 1.595 4.548 929.831 0.81 485.72 -2.335588935177722 0.0
37.0 10.0 Car -1.0 -1.0 -1.0 -1.0 -1.0 -1.0 -1.0 2.078 1.915 4.996 957.002 1.042 506.916 1.9667693980578544 0.0
37.0 7.0 Car -1.0 -1.0 -1.0 -1.0 -1.0 -1.0 -1.0 2.052 1.658 4.528 973.643 0.526 510.667 -1.5831963534361349 0.0
38.0 9.0 Truck -1.0 -1.0 -1.0 -1.0 -1.0 -1.0 -1.0 2.67 3.448 6.861 975.908 1.324 501.606 -0.68141643324123 0.0
38.0 8.0 Truck -1.0 -1.0 -1.0 -1.0 -1.0 -1.0 -1.0 2.362 2.885 6.385 973.67 1.35 533.974 -2.247844831397216 0.0
38.0 1.0 Car -1.0 -1.0 -1.0 -1.0 -1.0 -1.0 -1.0 2.094 1.595 4.548 926.774 0.809 482.569 -2.3397890894718874 0.0
38.0 10.0 Car -1.0 -1.0 -1.0 -1.0 -1.0 -1.0 -1.0 2.078 1.915 4.996 956.979 1.069 507.682 1.770220513742634 0.0
38.0 7.0 Car -1.0 -1.0 -1.0 -1.0 -1.0 -1.0 -1.0 2.052 1.658 4.528 973.682 0.56 509.63 -1.548289768396249 0.0
