0.0 3.0 Car -1.0 -1.0 -1.0 -1.0 -1.0 -1.0 -1.0 2.302 2.515 5.888 711.577 0.85 604.294 2.4230056939366715 0.0
1.0 3.0 Car -1.0 -1.0 -1.0 -1.0 -1.0 -1.0 -1.0 2.302 2.515 5.888 708.035 0.857 607.071 2.4230056939366715 1.0
2.0 3.0 Car -1.0 -1.0 -1.0 -1.0 -1.0 -1.0 -1.0 2.302 2.515 5.888 704.767 0.858 610.146 2.4230056939366715 1.0
3.0 3.0 Car -1.0 -1.0 -1.0 -1.0 -1.0 -1.0 -1.0 2.302 2.515 5.888 701.355 0.867 612.935 2.4215013001991044 1.0
4.0 3.0 Car -1.0 -1.0 -1.0 -1.0 -1.0 -1.0 -1.0 2.302 2.515 5.888 698.103 0.877 615.908 2.4199970178089436 1.0
5.0 3.0 Car -1.0 -1.0 -1.0 -1.0 -1.0 -1.0 -1.0 2.302 2.515 5.888 695.479 0.92 618.235 2.4175907835375328 1.0
6.0 3.0 Car -1.0 -1.0 -1.0 -1.0 -1.0 -1.0 -1.0 2.302 2.515 5.888 692.212 0.933 621.16 2.4145818847067506 1.0
7.0 3.0 Car -1.0 -1.0 -1.0 -1.0 -1.0 -1.0 -1.0 2.302 2.515 5.888 688.955 0.921 624.103 2.411569597178146 1.0
8.0 3.0 Car -1.0 -1.0 -1.0 -1.0 -1.0 -1.0 -1.0 2.302 2.515 5.888 685.667 0.945 627.066 2.4153515822900054 1.0
9.0 3.0 Car -1.0 -1.0 -1.0 -1.0 -1.0 -1.0 -1.0 2.302 2.515 5.888 682.379 0.969 630.03 2.4191338851973 1.0
10.0 3.0 Car -1.0 -1.0 -1.0 -1.0 -1.0 -1.0 -1.0 2.302 2.515 5.888 679.088 0.993 632.997 2.4229203875442775 1.0
11.0 3.0 Car -1.0 -1.0 -1.0 -1.0 -1.0 -1.0 -1.0 2.302 2.515 5.888 675.803 1.017 635.958 2.4266985515443533 1.0
12.0 3.0 Car -1.0 -1.0 -1.0 -1.0 -1.0 -1.0 -1.0 2.302 2.515 5.888 672.436 1.031 638.867 2.425960642240599 1.0
13.0 3.0 Car -1.0 -1.0 -1.0 -1.0 -1.0 -1.0 -1.0 2.302 2.515 5.888 669.062 1.045 641.782 2.42522106779717 1.0
14.0 3.0 Car -1.0 -1.0 -1.0 -1.0 -1.0 -1.0 -1.0 2.302 2.515 5.888 665.691 1.058 644.695 2.4244823288759534 1.0
14.0 0.0 Truck -1.0 -1.0 -1.0 -1.0 -1.0 -1.0 -1.0 1.859 1.861 4.871 552.183 0.417 749.453 2.3784474381578784 0.0
14.0 2.0 Truck -1.0 -1.0 -1.0 -1.0 -1.0 -1.0 -1.0 2.389 3.544 6.821 545.778 0.923 755.524 2.4095816630208757 0.0
15.0 3.0 Car -1.0 -1.0 -1.0 -1.0 -1.0 -1.0 -1.0 2.302 2.515 5.888 662.32 1.072 647.607 2.42374361357374 1.0
15.0 0.0 Truck -1.0 -1.0 -1.0 -1.0 -1.0 -1.0 -1.0 1.859 1.861 4.871 552.402 0.292 749.197 2.3784474381578784 1.0
15.0 2.0 Truck -1.0 -1.0 -1.0 -1.0 -1.0 -1.0 -1.0 2.389 3.544 6.821 545.37 0.906 755.847 2.4095816630208757 1.0
16.0 3.0 Car -1.0 -1.0 -1.0 -1.0 -1.0 -1.0 -1.0 2.302 2.515 5.888 658.953 1.086 650.516 2.4230056939366715 1.0
16.0 1.0 Car -1.0 -1.0 -1.0 -1.0 -1.0 -1.0 -1.0 1.664 1.843 5.037 509.299 -0.078 775.755 -0.6792153771927141 0.0
16.0 0.0 Truck -1.0 -1.0 -1.0 -1.0 -1.0 -1.0 -1.0 1.859 1.861 4.871 552.47 0.266 749.251 2.3784474381578784 1.0
16.0 2.0 Truck -1.0 -1.0 -1.0 -1.0 -1.0 -1.0 -1.0 2.389 3.544 6.821 544.962 0.889 756.169 2.4095816630208757 1.0
17.0 3.0 Car -1.0 -1.0 -1.0 -1.0 -1.0 -1.0 -1.0 2.302 2.515 5.888 655.441 1.092 653.588 2.4231723839201846 1.0
17.0 1.0 Car -1.0 -1.0 -1.0 -1.0 -1.0 -1.0 -1.0 1.664 1.843 5.037 511.267 -0.013 774.066 -0.661762084672771 1.0
17.0 0.0 Truck -1.0 -1.0 -1.0 -1.0 -1.0 -1.0 -1.0 1.859 1.861 4.871 552.463 0.24 749.226 2.3784474381578784 1.0
17.0 2.0 Truck -1.0 -1.0 -1.0 -1.0 -1.0 -1.0 -1.0 2.389 3.544 6.821 544.553 0.872 756.492 2.4095816630208757 1.0
18.0 3.0 Car -1.0 -1.0 -1.0 -1.0 -1.0 -1.0 -1.0 2.302 2.515 5.888 651.872 1.097 656.709 2.423338893027056 1.0
18.0 1.0 Car -1.0 -1.0 -1.0 -1.0 -1.0 -1.0 -1.0 1.664 1.843 5.037 513.297 0.051 772.461 -0.6443087921528279 1.0
18.0 0.0 Truck -1.0 -1.0 -1.0 -1.0 -1.0 -1.0 -1.0 1.859 1.861 4.871 552.289 0.215 749.269 2.3784474381578784 1.0
18.0 2.0 Truck -1.0 -1.0 -1.0 -1.0 -1.0 -1.0 -1.0 2.389 3.544 6.821 544.145 0.855 756.814 2.4095816630208757 1.0
19.0 3.0 Car -1.0 -1.0 -1.0 -1.0 -1.0 -1.0 -1.0 2.302 2.515 5.888 648.367 1.078 659.752 2.432241751749398 1.0
19.0 1.0 Car -1.0 -1.0 -1.0 -1.0 -1.0 -1.0 -1.0 1.664 1.843 5.037 515.327 -0.084 770.856 -0.6443087921528279 1.0
19.0 0.0 Truck -1.0 -1.0 -1.0 -1.0 -1.0 -1.0 -1.0 1.859 1.861 4.871 552.161 0.189 749.36 2.3784474381578784 1.0
19.0 2.0 Truck -1.0 -1.0 -1.0 -1.0 -1.0 -1.0 -1.0 2.389 3.544 6.821 543.825 0.825 757.058 2.4095816630208757 1.0
20.0 3.0 Car -1.0 -1.0 -1.0 -1.0 -1.0 -1.0 -1.0 2.302 2.515 5.888 644.869 1.059 662.788 2.441124841341247 1.0
20.0 1.0 Car -1.0 -1.0 -1.0 -1.0 -1.0 -1.0 -1.0 1.664 1.843 5.037 517.352 -0.219 769.255 -0.661762084672771 1.0
20.0 0.0 Truck -1.0 -1.0 -1.0 -1.0 -1.0 -1.0 -1.0 1.859 1.861 4.871 552.115 0.263 749.536 2.3784474381578784 1.0
20.0 2.0 Truck -1.0 -1.0 -1.0 -1.0 -1.0 -1.0 -1.0 2.389 3.544 6.821 543.239 0.795 757.54 2.4095816630208757 1.0
21.0 3.0 Car -1.0 -1.0 -1.0 -1.0 -1.0 -1.0 -1.0 2.302 2.515 5.888 641.645 1.065 665.51 2.423838244800728 1.0
21.0 1.0 Car -1.0 -1.0 -1.0 -1.0 -1.0 -1.0 -1.0 1.664 1.843 5.037 519.385 -0.205 767.648 -0.6268554996328848 1.0
21.0 0.0 Truck -1.0 -1.0 -1.0 -1.0 -1.0 -1.0 -1.0 1.859 1.861 4.871 551.022 0.22 750.496 2.382813171287639 1.0
21.0 2.0 Truck -1.0 -1.0 -1.0 -1.0 -1.0 -1.0 -1.0 2.389 3.544 6.821 542.484 0.766 758.174 2.4095816630208757 1.0
22.0 3.0 Car -1.0 -1.0 -1.0 -1.0 -1.0 -1.0 -1.0 2.302 2.515 5.888 638.005 1.096 668.683 2.424004950773336 1.0
22.0 1.0 Car -1.0 -1.0 -1.0 -1.0 -1.0 -1.0 -1.0 1.664 1.843 5.037 521.529 -0.19 765.96 -0.6268554996328848 1.0
22.0 0.0 Truck -1.0 -1.0 -1.0 -1.0 -1.0 -1.0 -1.0 1.859 1.861 4.871 549.953 0.203 751.481 2.387179166136831 1.0
22.0 2.0 Truck -1.0 -1.0 -1.0 -1.0 -1.0 -1.0 -1.0 2.389 3.544 6.821 541.594 0.736 758.929 2.4095816630208757 1.0
23.0 3.0 Car -1.0 -1.0 -1.0 -1.0 -1.0 -1.0 -1.0 2.302 2.515 5.888 635.221 1.127 671.164 2.424171460213314 1.0
23.0 1.0 Car -1.0 -1.0 -1.0 -1.0 -1.0 -1.0 -1.0 1.664 1.843 5.037 523.809 -0.026 764.345 -0.6190322624740753 1.0
23.0 0.0 Truck -1.0 -1.0 -1.0 -1.0 -1.0 -1.0 -1.0 1.859 1.861 4.871 548.884 0.185 752.464 2.3915400138371847 1.0
23.0 2.0 Truck -1.0 -1.0 -1.0 -1.0 -1.0 -1.0 -1.0 2.389 3.544 6.821 540.53 0.656 759.841 2.4095816630208757 1.0
24.0 3.0 Car -1.0 -1.0 -1.0 -1.0 -1.0 -1.0 -1.0 2.302 2.515 5.888 631.221 1.141 674.657 2.4174831608910754 1.0
24.0 1.0 Car -1.0 -1.0 -1.0 -1.0 -1.0 -1.0 -1.0 1.664 1.843 5.037 526.195 0.001 762.763 -0.618483754636811 1.0
24.0 0.0 Truck -1.0 -1.0 -1.0 -1.0 -1.0 -1.0 -1.0 1.859 1.861 4.871 547.915 0.193 753.554 2.3959007306778215 1.0
24.0 2.0 Truck -1.0 -1.0 -1.0 -1.0 -1.0 -1.0 -1.0 2.389 3.544 6.821 539.103 0.908 760.795 2.501188602756206 1.0
25.0 3.0 Car -1.0 -1.0 -1.0 -1.0 -1.0 -1.0 -1.0 2.302 2.515 5.888 628.454 1.206 677.108 2.4107865790357756 1.0
25.0 1.0 Car -1.0 -1.0 -1.0 -1.0 -1.0 -1.0 -1.0 1.664 1.843 5.037 528.496 0.027 761.114 -0.6004812750285601 1.0
25.0 0.0 Truck -1.0 -1.0 -1.0 -1.0 -1.0 -1.0 -1.0 1.859 1.861 4.871 546.923 0.162 754.343 2.39939398431022 1.0
25.0 2.0 Truck -1.0 -1.0 -1.0 -1.0 -1.0 -1.0 -1.0 2.389 3.544 6.821 537.619 0.846 761.661 2.569611502168483 1.0
26.0 3.0 Car -1.0 -1.0 -1.0 -1.0 -1.0 -1.0 -1.0 2.302 2.515 5.888 624.955 1.246 680.318 2.3997382584131466 1.0
26.0 1.0 Car -1.0 -1.0 -1.0 -1.0 -1.0 -1.0 -1.0 1.664 1.843 5.037 530.855 -0.034 759.553 -0.6173860871446415 1.0
26.0 0.0 Truck -1.0 -1.0 -1.0 -1.0 -1.0 -1.0 -1.0 1.859 1.861 4.871 545.883 0.132 755.176 2.402882742884265 1.0
26.0 2.0 Truck -1.0 -1.0 -1.0 -1.0 -1.0 -1.0 -1.0 2.389 3.544 6.821 536.08 0.783 762.423 2.6379463561772694 1.0
27.0 3.0 Car -1.0 -1.0 -1.0 -1.0 -1.0 -1.0 -1.0 2.302 2.515 5.888 621.454 1.286 683.527 2.3886888988930757 0.0
27.0 1.0 Car -1.0 -1.0 -1.0 -1.0 -1.0 -1.0 -1.0 1.664 1.843 5.037 534.427 0.026 757.068 -0.6227954471486292 1.0
27.0 0.0 Truck -1.0 -1.0 -1.0 -1.0 -1.0 -1.0 -1.0 1.859 1.861 4.871 544.496 0.152 756.325 2.4063718295138106 1.0
27.0 2.0 Truck -1.0 -1.0 -1.0 -1.0 -1.0 -1.0 -1.0 2.389 3.544 6.821 534.493 0.721 763.077 2.7062876358599124 1.0
28.0 3.0 Car -1.0 -1.0 -1.0 -1.0 -1.0 -1.0 -1.0 2.302 2.515 5.888 618.005 1.351 686.749 2.373261951224609 0.0
28.0 1.0 Car -1.0 -1.0 -1.0 -1.0 -1.0 -1.0 -1.0 1.664 1.843 5.037 536.802 0.137 755.464 -0.6282108563172941 0.0
28.0 0.0 Truck -1.0 -1.0 -1.0 -1.0 -1.0 -1.0 -1.0 1.859 1.861 4.871 542.792 0.172 757.76 2.4098648179098463 0.0
28.0 2.0 Truck -1.0 -1.0 -1.0 -1.0 -1.0 -1.0 -1.0 2.389 3.544 6.821 532.322 0.665 763.709 2.8331641257723175 0.0
29.0 3.0 Car -1.0 -1.0 -1.0 -1.0 -1.0 -1.0 -1.0 2.302 2.515 5.888 614.704 1.365 689.9 2.3840277177861067 0.0
29.0 1.0 Car -1.0 -1.0 -1.0 -1.0 -1.0 -1.0 -1.0 1.664 1.843 5.037 539.874 0.186 753.232 -0.6393663572452866 0.0
29.0 0.0 Truck -1.0 -1.0 -1.0 -1.0 -1.0 -1.0 -1.0 1.859 1.861 4.871 540.635 0.192 759.778 2.413354023197765 0.0
29.0 2.0 Truck -1.0 -1.0 -1.0 -1.0 -1.0 -1.0 -1.0 2.389 3.544 6.821 530.09 0.609 764.061 2.9599032011203286 0.0
30.0 3.0 Car -1.0 -1.0 -1.0 -1.0 -1.0 -1.0 -1.0 2.302 2.515 5.888 611.428 1.398 693.083 2.377333315579458 0.0
30.0 1.0 Car -1.0 -1.0 -1.0 -1.0 -1.0 -1.0 -1.0 1.664 1.843 5.037 543.098 0.286 750.849 -0.6330800359629358 0.0
30.0 0.0 Truck -1.0 -1.0 -1.0 -1.0 -1.0 -1.0 -1.0 1.859 1.861 4.871 538.945 0.271 761.112 2.561765530521166 0.0
30.0 2.0 Truck -1.0 -1.0 -1.0 -1.0 -1.0 -1.0 -1.0 2.389 3.544 6.821 527.83 0.653 764.128 3.086772592125348 0.0
31.0 3.0 Car -1.0 -1.0 -1.0 -1.0 -1.0 -1.0 -1.0 2.302 2.515 5.888 608.099 1.599 696.205 2.388099108896785 0.0
31.0 1.0 Car -1.0 -1.0 -1.0 -1.0 -1.0 -1.0 -1.0 1.664 1.843 5.037 546.483 0.343 748.283 -0.6432628365138462 0.0
31.0 0.0 Truck -1.0 -1.0 -1.0 -1.0 -1.0 -1.0 -1.0 1.859 1.861 4.871 537.116 0.192 762.244 2.6402468259570284 0.0
31.0 2.0 Truck -1.0 -1.0 -1.0 -1.0 -1.0 -1.0 -1.0 2.389 3.544 6.821 525.582 0.697 763.909 -3.0696741467710407 0.0
32.0 3.0 Car -1.0 -1.0 -1.0 -1.0 -1.0 -1.0 -1.0 2.302 2.515 5.888 604.837 1.528 699.254 2.388099108896785 0.0
32.0 1.0 Car -1.0 -1.0 -1.0 -1.0 -1.0 -1.0 -1.0 1.664 1.843 5.037 550.032 0.487 745.608 -0.6462037474739325 0.0
32.0 0.0 Truck -1.0 -1.0 -1.0 -1.0 -1.0 -1.0 -1.0 1.859 1.861 4.871 534.338 0.142 763.478 2.8671396287162914 0.0
32.0 2.0 Truck -1.0 -1.0 -1.0 -1.0 -1.0 -1.0 -1.0 2.389 3.544 6.821 522.869 0.912 763.274 -2.93886743977936 0.0
33.0 3.0 Car -1.0 -1.0 -1.0 -1.0 -1.0 -1.0 -1.0 2.302 2.515 5.888 601.52 1.584 702.243 2.388099108896785 0.0
33.0 1.0 Car -1.0 -1.0 -1.0 -1.0 -1.0 -1.0 -1.0 1.664 1.843 5.037 553.154 0.647 742.748 -0.7144203426762346 0.0
33.0 0.0 Truck -1.0 -1.0 -1.0 -1.0 -1.0 -1.0 -1.0 1.859 1.861 4.871 532.125 0.142 763.836 2.9369527987960646 0.0
33.0 2.0 Truck -1.0 -1.0 -1.0 -1.0 -1.0 -1.0 -1.0 2.389 3.544 6.821 520.262 0.976 762.29 -2.808070937915132 0.0
34.0 3.0 Car -1.0 -1.0 -1.0 -1.0 -1.0 -1.0 -1.0 2.302 2.515 5.888 597.656 1.674 705.965 2.388099108896785 0.0
34.0 1.0 Car -1.0 -1.0 -1.0 -1.0 -1.0 -1.0 -1.0 1.664 1.843 5.037 557.327 0.893 739.017 -0.7509235025935911 0.0
34.0 0.0 Truck -1.0 -1.0 -1.0 -1.0 -1.0 -1.0 -1.0 1.859 1.861 4.871 528.24 0.232 764.566 -3.119339705624259 0.0
34.0 2.0 Truck -1.0 -1.0 -1.0 -1.0 -1.0 -1.0 -1.0 2.389 3.544 6.821 516.93 1.005 760.522 -2.6509352637649535 0.0
35.0 3.0 Car -1.0 -1.0 -1.0 -1.0 -1.0 -1.0 -1.0 2.302 2.515 5.888 594.425 1.73 709.048 2.3793632439762193 0.0
35.0 1.0 Car -1.0 -1.0 -1.0 -1.0 -1.0 -1.0 -1.0 1.664 1.843 5.037 560.831 1.062 735.628 -0.7713288332801289 0.0
35.0 0.0 Truck -1.0 -1.0 -1.0 -1.0 -1.0 -1.0 -1.0 1.859 1.861 4.871 526.24 0.357 764.125 -2.9971666579846556 0.0
35.0 2.0 Truck -1.0 -1.0 -1.0 -1.0 -1.0 -1.0 -1.0 2.389 3.544 6.821 514.205 1.023 758.513 -2.5201332668320973 0.0
36.0 3.0 Car -1.0 -1.0 -1.0 -1.0 -1.0 -1.0 -1.0 2.302 2.515 5.888 591.172 1.786 712.094 2.3706458163768414 0.0
36.0 1.0 Car -1.0 -1.0 -1.0 -1.0 -1.0 -1.0 -1.0 1.664 1.843 5.037 564.119 1.354 732.291 -0.8236887108399582 0.0
36.0 0.0 Truck -1.0 -1.0 -1.0 -1.0 -1.0 -1.0 -1.0 1.859 1.861 4.871 523.275 0.482 763.459 -2.787727147745336 0.0
36.0 2.0 Truck -1.0 -1.0 -1.0 -1.0 -1.0 -1.0 -1.0 2.389 3.544 6.821 511.269 0.953 756.272 -2.4562273275409945 0.0
37.0 3.0 Car -1.0 -1.0 -1.0 -1.0 -1.0 -1.0 -1.0 2.302 2.515 5.888 587.971 1.844 715.2 2.3706458163768414 0.0
37.0 1.0 Car -1.0 -1.0 -1.0 -1.0 -1.0 -1.0 -1.0 1.664 1.843 5.037 567.557 1.495 728.948 -0.7887821258000719 0.0
37.0 0.0 Truck -1.0 -1.0 -1.0 -1.0 -1.0 -1.0 -1.0 1.859 1.861 4.871 520.322 0.456 762.479 -2.7179139776655625 0.0
37.0 2.0 Truck -1.0 -1.0 -1.0 -1.0 -1.0 -1.0 -1.0 2.389 3.544 6.821 508.479 0.933 753.845 -2.3922586121522436 0.0
38.0 3.0 Car -1.0 -1.0 -1.0 -1.0 -1.0 -1.0 -1.0 2.302 2.515 5.888 584.735 1.903 718.284 2.3706458163768414 0.0
38.0 1.0 Car -1.0 -1.0 -1.0 -1.0 -1.0 -1.0 -1.0 1.664 1.843 5.037 571.007 1.737 725.429 -0.7887821258000719 0.0
38.0 0.0 Truck -1.0 -1.0 -1.0 -1.0 -1.0 -1.0 -1.0 1.859 1.861 4.871 517.339 0.431 760.98 -2.6131942225459035 0.0
38.0 2.0 Truck -1.0 -1.0 -1.0 -1.0 -1.0 -1.0 -1.0 2.389 3.544 6.821 505.844 0.913 751.239 -2.3281470491127227 0.0
39.0 1.0 Car -1.0 -1.0 -1.0 -1.0 -1.0 -1.0 -1.0 1.664 1.843 5.037 573.919 1.89 722.598 -0.7887821258000719 0.0
39.0 0.0 Truck -1.0 -1.0 -1.0 -1.0 -1.0 -1.0 -1.0 1.859 1.861 4.871 514.338 0.311 759.429 -2.456114589866416 0.0
39.0 2.0 Truck -1.0 -1.0 -1.0 -1.0 -1.0 -1.0 -1.0 2.389 3.544 6.821 503.736 0.999 748.899 -2.3281470491127227 0.0
