0.0 3.0 Car -1.0 -1.0 -1.0 -1.0 -1.0 -1.0 -1.0 1.725 1.546 4.201 1301.743 0.797 1316.994 -0.5427101309010531 0.0
0.0 0.0 Car -1.0 -1.0 -1.0 -1.0 -1.0 -1.0 -1.0 1.725 1.609 4.201 1255.839 0.858 1340.662 -0.5427101309010531 0.0
1.0 3.0 Car -1.0 -1.0 -1.0 -1.0 -1.0 -1.0 -1.0 1.725 1.546 4.201 1307.377 0.799 1313.741 -0.5244206860292362 1.0
1.0 0.0 Car -1.0 -1.0 -1.0 -1.0 -1.0 -1.0 -1.0 1.725 1.609 4.201 1261.033 0.913 1337.797 -0.5288338083127755 1.0
2.0 3.0 Car -1.0 -1.0 -1.0 -1.0 -1.0 -1.0 -1.0 1.725 1.546 4.201 1312.495 0.802 1310.786 -0.507803545861167 1.0
2.0 0.0 Car -1.0 -1.0 -1.0 -1.0 -1.0 -1.0 -1.0 1.725 1.609 4.201 1265.752 0.909 1335.195 -0.5162262743453518 1.0
3.0 3.0 Car -1.0 -1.0 -1.0 -1.0 -1.0 -1.0 -1.0 1.725 1.546 4.201 1316.979 0.823 1308.301 -0.5181371688549516 1.0
3.0 0.0 Car -1.0 -1.0 -1.0 -1.0 -1.0 -1.0 -1.0 1.725 1.609 4.201 1270.47 0.858 1332.593 -0.5036197239740998 1.0
4.0 3.0 Car -1.0 -1.0 -1.0 -1.0 -1.0 -1.0 -1.0 1.725 1.546 4.201 1321.446 0.842 1305.886 -0.5117257416140935 1.0
4.0 0.0 Car -1.0 -1.0 -1.0 -1.0 -1.0 -1.0 -1.0 1.725 1.609 4.201 1274.835 0.858 1330.274 -0.488147684220833 1.0
5.0 3.0 Car -1.0 -1.0 -1.0 -1.0 -1.0 -1.0 -1.0 1.725 1.546 4.201 1326.395 0.846 1303.173 -0.5045981242318658 1.0
5.0 0.0 Car -1.0 -1.0 -1.0 -1.0 -1.0 -1.0 -1.0 1.725 1.609 4.201 1279.722 0.908 1327.758 -0.49035025334122384 1.0
6.0 3.0 Car -1.0 -1.0 -1.0 -1.0 -1.0 -1.0 -1.0 1.725 1.546 4.201 1331.345 0.859 1300.461 -0.49747033592800216 1.0
6.0 0.0 Car -1.0 -1.0 -1.0 -1.0 -1.0 -1.0 -1.0 1.725 1.609 4.201 1284.31 0.908 1325.189 -0.49908161925844796 1.0
7.0 3.0 Car -1.0 -1.0 -1.0 -1.0 -1.0 -1.0 -1.0 1.725 1.546 4.201 1336.29 0.906 1297.751 -0.49035025334122384 1.0
7.0 0.0 Car -1.0 -1.0 -1.0 -1.0 -1.0 -1.0 -1.0 1.725 1.609 4.201 1288.892 0.908 1322.622 -0.507803545861167 1.0
8.0 3.0 Car -1.0 -1.0 -1.0 -1.0 -1.0 -1.0 -1.0 1.725 1.546 4.201 1341.909 0.996 1294.732 -0.5147923569811721 1.0
8.0 0.0 Car -1.0 -1.0 -1.0 -1.0 -1.0 -1.0 -1.0 1.725 1.609 4.201 1293.545 0.874 1320.015 -0.507803545861167 1.0
9.0 3.0 Car -1.0 -1.0 -1.0 -1.0 -1.0 -1.0 -1.0 1.725 1.546 4.201 1347.496 1.037 1291.665 -0.5174092664887828 1.0
9.0 0.0 Car -1.0 -1.0 -1.0 -1.0 -1.0 -1.0 -1.0 1.725 1.609 4.201 1298.193 0.841 1317.412 -0.507803545861167 1.0
10.0 3.0 Car -1.0 -1.0 -1.0 -1.0 -1.0 -1.0 -1.0 1.725 1.546 4.201 1353.02 1.024 1288.501 -0.5200230769495292 0.0
10.0 0.0 Car -1.0 -1.0 -1.0 -1.0 -1.0 -1.0 -1.0 1.725 1.609 4.201 1302.836 0.808 1314.812 -0.507803545861167 0.0
11.0 3.0 Car -1.0 -1.0 -1.0 -1.0 -1.0 -1.0 -1.0 1.725 1.546 4.201 1358.55 1.016 1285.334 -0.5226398451154757 0.0
11.0 0.0 Car -1.0 -1.0 -1.0 -1.0 -1.0 -1.0 -1.0 1.725 1.609 4.201 1307.491 0.858 1312.185 -0.507803545861167 0.0
12.0 3.0 Car -1.0 -1.0 -1.0 -1.0 -1.0 -1.0 -1.0 1.725 1.546 4.201 1364.08 0.98 1282.166 -0.52525683838111 0.0
12.0 0.0 Car -1.0 -1.0 -1.0 -1.0 -1.0 -1.0 -1.0 1.725 1.609 4.201 1312.146 0.808 1309.558 -0.507803545861167 0.0
13.0 3.0 Car -1.0 -1.0 -1.0 -1.0 -1.0 -1.0 -1.0 1.725 1.546 4.201 1369.35 0.861 1279.17 -0.5112932813984976 0.0
13.0 0.0 Car -1.0 -1.0 -1.0 -1.0 -1.0 -1.0 -1.0 1.725 1.609 4.201 1316.801 0.708 1306.931 -0.507803545861167 0.0
14.0 3.0 Car -1.0 -1.0 -1.0 -1.0 -1.0 -1.0 -1.0 1.725 1.546 4.201 1374.569 0.794 1276.079 -0.5191454006820054 0.0
14.0 0.0 Car -1.0 -1.0 -1.0 -1.0 -1.0 -1.0 -1.0 1.725 1.609 4.201 1321.473 0.758 1304.381 -0.507803545861167 0.0
15.0 3.0 Car -1.0 -1.0 -1.0 -1.0 -1.0 -1.0 -1.0 1.725 1.546 4.201 1379.81 0.751 1273.024 -0.5269973471774199 0.0
15.0 0.0 Car -1.0 -1.0 -1.0 -1.0 -1.0 -1.0 -1.0 1.725 1.609 4.201 1326.145 0.808 1301.831 -0.507803545861167 0.0
16.0 3.0 Car -1.0 -1.0 -1.0 -1.0 -1.0 -1.0 -1.0 1.725 1.546 4.201 1385.057 0.707 1269.967 -0.5348581529896221 0.0
16.0 0.0 Car -1.0 -1.0 -1.0 -1.0 -1.0 -1.0 -1.0 1.725 1.609 4.201 1330.822 0.758 1299.278 -0.507803545861167 0.0
17.0 3.0 Car -1.0 -1.0 -1.0 -1.0 -1.0 -1.0 -1.0 1.725 1.546 4.201 1390.231 0.664 1266.801 -0.5427101309010531 0.0
17.0 0.0 Car -1.0 -1.0 -1.0 -1.0 -1.0 -1.0 -1.0 1.725 1.609 4.201 1335.546 0.805 1296.665 -0.507803545861167 0.0
18.0 3.0 Car -1.0 -1.0 -1.0 -1.0 -1.0 -1.0 -1.0 1.725 1.546 4.201 1395.608 0.571 1263.409 -0.5680728093590162 1.0
18.0 2.0 Truck -1.0 -1.0 -1.0 -1.0 -1.0 -1.0 -1.0 2.833 4.152 7.536 1450.81 2.19 1234.112 1.5256272057518712 0.0
18.0 0.0 Car -1.0 -1.0 -1.0 -1.0 -1.0 -1.0 -1.0 1.725 1.609 4.201 1340.744 0.858 1293.788 -0.507803545861167 1.0
19.0 3.0 Car -1.0 -1.0 -1.0 -1.0 -1.0 -1.0 -1.0 1.725 1.546 4.201 1399.85 0.543 1260.688 -0.5911149467203193 1.0
19.0 2.0 Truck -1.0 -1.0 -1.0 -1.0 -1.0 -1.0 -1.0 2.833 4.152 7.536 1450.601 2.112 1236.34 1.5547051292128715 1.0
19.0 0.0 Car -1.0 -1.0 -1.0 -1.0 -1.0 -1.0 -1.0 1.725 1.609 4.201 1345.415 0.758 1291.189 -0.507803545861167 1.0
20.0 3.0 Car -1.0 -1.0 -1.0 -1.0 -1.0 -1.0 -1.0 1.725 1.546 4.201 1403.112 0.516 1258.661 -0.6141833590548069 0.0
20.0 2.0 Truck -1.0 -1.0 -1.0 -1.0 -1.0 -1.0 -1.0 2.833 4.152 7.536 1450.327 2.034 1238.563 1.5838162102602202 0.0
20.0 0.0 Car -1.0 -1.0 -1.0 -1.0 -1.0 -1.0 -1.0 1.725 1.609 4.201 1349.986 0.758 1288.644 -0.507803545861167 0.0
20.0 1.0 Bus -1.0 -1.0 -1.0 -1.0 -1.0 -1.0 -1.0 2.893 3.568 10.936 1439.01 2.217 1209.78 0.9297892524119408 0.0
21.0 3.0 Car -1.0 -1.0 -1.0 -1.0 -1.0 -1.0 -1.0 1.725 1.546 4.201 1406.292 0.489 1256.519 -0.6372251276445562 0.0
21.0 2.0 Truck -1.0 -1.0 -1.0 -1.0 -1.0 -1.0 -1.0 2.833 4.152 7.536 1449.989 1.956 1240.775 1.6128936683515875 0.0
21.0 0.0 Car -1.0 -1.0 -1.0 -1.0 -1.0 -1.0 -1.0 1.725 1.609 4.201 1354.51 0.708 1286.168 -0.4969000778052877 0.0
21.0 1.0 Bus -1.0 -1.0 -1.0 -1.0 -1.0 -1.0 -1.0 2.893 3.568 10.936 1440.703 2.189 1212.314 0.9297892524119408 0.0
22.0 3.0 Car -1.0 -1.0 -1.0 -1.0 -1.0 -1.0 -1.0 1.725 1.546 4.201 1409.889 0.456 1253.649 -0.6648831785406547 1.0
22.0 2.0 Truck -1.0 -1.0 -1.0 -1.0 -1.0 -1.0 -1.0 2.833 4.152 7.536 1448.918 1.987 1243.768 1.7278835049384755 1.0
22.0 0.0 Car -1.0 -1.0 -1.0 -1.0 -1.0 -1.0 -1.0 1.725 1.609 4.201 1359.849 0.708 1283.245 -0.48381216429470536 1.0
22.0 1.0 Bus -1.0 -1.0 -1.0 -1.0 -1.0 -1.0 -1.0 2.893 3.568 10.936 1442.722 2.155 1215.032 0.9472435688673171 1.0
23.0 3.0 Car -1.0 -1.0 -1.0 -1.0 -1.0 -1.0 -1.0 1.725 1.546 4.201 1411.896 0.455 1252.067 -0.6683752062264386 0.0
23.0 2.0 Truck -1.0 -1.0 -1.0 -1.0 -1.0 -1.0 -1.0 2.833 4.152 7.536 1447.767 1.965 1246.156 1.8237840060158117 1.0
23.0 0.0 Car -1.0 -1.0 -1.0 -1.0 -1.0 -1.0 -1.0 1.725 1.609 4.201 1364.302 0.708 1280.808 -0.47289696082128074 1.0
23.0 1.0 Bus -1.0 -1.0 -1.0 -1.0 -1.0 -1.0 -1.0 2.893 3.568 10.936 1444.407 2.126 1217.299 0.9618003135650811 1.0
24.0 3.0 Car -1.0 -1.0 -1.0 -1.0 -1.0 -1.0 -1.0 1.725 1.546 4.201 1413.539 0.493 1250.954 -0.6718713093565062 0.0
24.0 2.0 Truck -1.0 -1.0 -1.0 -1.0 -1.0 -1.0 -1.0 2.833 4.152 7.536 1446.391 1.944 1248.426 1.9197964297879404 1.0
24.0 0.0 Car -1.0 -1.0 -1.0 -1.0 -1.0 -1.0 -1.0 1.725 1.609 4.201 1368.527 0.708 1278.521 -0.47289696082128074 1.0
24.0 1.0 Bus -1.0 -1.0 -1.0 -1.0 -1.0 -1.0 -1.0 2.893 3.568 10.936 1446.094 2.098 1219.569 0.9763740470176038 1.0
25.0 3.0 Car -1.0 -1.0 -1.0 -1.0 -1.0 -1.0 -1.0 1.725 1.546 4.201 1414.32 0.512 1250.155 -0.6753558142187668 0.0
25.0 2.0 Truck -1.0 -1.0 -1.0 -1.0 -1.0 -1.0 -1.0 2.833 4.152 7.536 1444.809 1.923 1250.546 2.0154903338361887 1.0
25.0 0.0 Car -1.0 -1.0 -1.0 -1.0 -1.0 -1.0 -1.0 1.725 1.609 4.201 1372.738 0.708 1276.242 -0.47289696082128074 1.0
25.0 1.0 Bus -1.0 -1.0 -1.0 -1.0 -1.0 -1.0 -1.0 2.893 3.568 10.936 1447.215 2.07 1221.484 1.031559463693796 1.0
26.0 3.0 Car -1.0 -1.0 -1.0 -1.0 -1.0 -1.0 -1.0 1.725 1.546 4.201 1414.908 0.58 1249.807 -0.678848148958572 0.0
26.0 2.0 Truck -1.0 -1.0 -1.0 -1.0 -1.0 -1.0 -1.0 2.833 4.152 7.536 1443.028 1.901 1252.51 2.1113992674453237 0.0
26.0 0.0 Car -1.0 -1.0 -1.0 -1.0 -1.0 -1.0 -1.0 1.725 1.609 4.201 1376.959 0.758 1273.958 -0.47289696082128074 0.0
26.0 1.0 Bus -1.0 -1.0 -1.0 -1.0 -1.0 -1.0 -1.0 2.893 3.568 10.936 1448.453 2.041 1223.856 1.0868688850914305 0.0
27.0 3.0 Car -1.0 -1.0 -1.0 -1.0 -1.0 -1.0 -1.0 1.725 1.546 4.201 1415.423 0.499 1249.37 -0.6823364710605979 0.0
27.0 2.0 Truck -1.0 -1.0 -1.0 -1.0 -1.0 -1.0 -1.0 2.833 4.152 7.536 1441.069 1.88 1254.292 2.2071980031957157 0.0
27.0 0.0 Car -1.0 -1.0 -1.0 -1.0 -1.0 -1.0 -1.0 1.725 1.609 4.201 1380.926 0.708 1271.796 -0.47289696082128074 0.0
27.0 1.0 Bus -1.0 -1.0 -1.0 -1.0 -1.0 -1.0 -1.0 2.893 3.568 10.936 1449.393 2.029 1225.924 1.1741655603773706 0.0
28.0 3.0 Car -1.0 -1.0 -1.0 -1.0 -1.0 -1.0 -1.0 1.725 1.546 4.201 1415.349 0.557 1249.34 -0.6890505595950627 0.0
28.0 2.0 Truck -1.0 -1.0 -1.0 -1.0 -1.0 -1.0 -1.0 2.833 4.152 7.536 1438.949 1.859 1255.879 2.303000188618207 0.0
28.0 0.0 Car -1.0 -1.0 -1.0 -1.0 -1.0 -1.0 -1.0 1.725 1.609 4.201 1384.892 0.758 1269.633 -0.47289696082128074 0.0
28.0 1.0 Bus -1.0 -1.0 -1.0 -1.0 -1.0 -1.0 -1.0 2.893 3.568 10.936 1449.938 2.018 1228.145 1.2614653791797963 0.0
29.0 3.0 Car -1.0 -1.0 -1.0 -1.0 -1.0 -1.0 -1.0 1.725 1.546 4.201 1415.238 0.514 1249.267 -0.6957571937767532 0.0
29.0 2.0 Truck -1.0 -1.0 -1.0 -1.0 -1.0 -1.0 -1.0 2.833 4.152 7.536 1436.689 1.838 1257.254 2.398696009150955 0.0
29.0 0.0 Car -1.0 -1.0 -1.0 -1.0 -1.0 -1.0 -1.0 1.725 1.609 4.201 1388.508 0.708 1267.65 -0.47289696082128074 0.0
29.0 1.0 Bus -1.0 -1.0 -1.0 -1.0 -1.0 -1.0 -1.0 2.893 3.568 10.936 1450.287 2.006 1230.401 1.34866827289058 0.0
30.0 3.0 Car -1.0 -1.0 -1.0 -1.0 -1.0 -1.0 -1.0 1.725 1.546 4.201 1415.225 0.531 1249.31 -0.702463425020456 0.0
30.0 2.0 Truck -1.0 -1.0 -1.0 -1.0 -1.0 -1.0 -1.0 2.833 4.152 7.536 1434.308 1.816 1258.408 2.4943860802302034 0.0
30.0 0.0 Car -1.0 -1.0 -1.0 -1.0 -1.0 -1.0 -1.0 1.725 1.609 4.201 1392.124 0.708 1265.667 -0.47289696082128074 0.0
30.0 1.0 Bus -1.0 -1.0 -1.0 -1.0 -1.0 -1.0 -1.0 2.893 3.568 10.936 1450.281 1.994 1233.006 1.4894991831968951 0.0
31.0 3.0 Car -1.0 -1.0 -1.0 -1.0 -1.0 -1.0 -1.0 1.725 1.546 4.201 1415.211 0.548 1249.353 -0.709177621005051 0.0
31.0 2.0 Truck -1.0 -1.0 -1.0 -1.0 -1.0 -1.0 -1.0 2.833 4.152 7.536 1431.825 1.795 1259.329 2.590189798840295 0.0
31.0 0.0 Car -1.0 -1.0 -1.0 -1.0 -1.0 -1.0 -1.0 1.725 1.609 4.201 1395.53 0.708 1263.824 -0.47289696082128074 0.0
31.0 1.0 Bus -1.0 -1.0 -1.0 -1.0 -1.0 -1.0 -1.0 2.893 3.568 10.936 1449.913 1.983 1235.865 1.6304973531263054 0.0
32.0 3.0 Car -1.0 -1.0 -1.0 -1.0 -1.0 -1.0 -1.0 1.725 1.546 4.201 1415.194 0.589 1249.405 -0.7172430561004841 0.0
32.0 2.0 Truck -1.0 -1.0 -1.0 -1.0 -1.0 -1.0 -1.0 2.833 4.152 7.536 1425.926 1.776 1261.854 2.607731341988355 0.0
32.0 0.0 Car -1.0 -1.0 -1.0 -1.0 -1.0 -1.0 -1.0 1.725 1.609 4.201 1399.435 0.708 1261.704 -0.47289696082128074 0.0
32.0 1.0 Bus -1.0 -1.0 -1.0 -1.0 -1.0 -1.0 -1.0 2.893 3.568 10.936 1448.944 1.969 1239.188 1.7998715553017737 0.0
33.0 3.0 Car -1.0 -1.0 -1.0 -1.0 -1.0 -1.0 -1.0 1.725 1.546 4.201 1415.286 0.614 1249.401 -0.7172430561004841 0.0
33.0 2.0 Truck -1.0 -1.0 -1.0 -1.0 -1.0 -1.0 -1.0 2.833 4.152 7.536 1422.861 1.826 1263.711 2.6193712246874497 0.0
33.0 0.0 Car -1.0 -1.0 -1.0 -1.0 -1.0 -1.0 -1.0 1.725 1.609 4.201 1402.341 0.708 1260.115 -0.47289696082128074 0.0
33.0 1.0 Bus -1.0 -1.0 -1.0 -1.0 -1.0 -1.0 -1.0 2.893 3.568 10.936 1447.722 1.957 1241.795 1.9407081067420884 0.0
34.0 3.0 Car -1.0 -1.0 -1.0 -1.0 -1.0 -1.0 -1.0 1.725 1.546 4.201 1415.379 0.639 1249.397 -0.7172430561004841 0.0
34.0 2.0 Truck -1.0 -1.0 -1.0 -1.0 -1.0 -1.0 -1.0 2.833 4.152 7.536 1420.078 1.826 1265.34 2.6048242587766173 0.0
34.0 0.0 Car -1.0 -1.0 -1.0 -1.0 -1.0 -1.0 -1.0 1.725 1.609 4.201 1404.968 0.708 1258.719 -0.47289696082128074 0.0
34.0 1.0 Bus -1.0 -1.0 -1.0 -1.0 -1.0 -1.0 -1.0 2.893 3.568 10.936 1446.143 1.945 1244.206 2.081706558728199 0.0
35.0 2.0 Truck -1.0 -1.0 -1.0 -1.0 -1.0 -1.0 -1.0 2.833 4.152 7.536 1417.295 1.926 1266.969 2.607731341988355 0.0
35.0 0.0 Car -1.0 -1.0 -1.0 -1.0 -1.0 -1.0 -1.0 1.725 1.609 4.201 1407.276 0.708 1257.485 -0.47289696082128074 0.0
35.0 1.0 Bus -1.0 -1.0 -1.0 -1.0 -1.0 -1.0 -1.0 2.893 3.568 10.936 1444.406 1.914 1246.583 2.1897724517619777 0.0
36.0 2.0 Truck -1.0 -1.0 -1.0 -1.0 -1.0 -1.0 -1.0 2.833 4.152 7.536 1414.206 1.926 1268.711 2.6426379270282423 0.0
36.0 0.0 Car -1.0 -1.0 -1.0 -1.0 -1.0 -1.0 -1.0 1.725 1.609 4.201 1409.283 0.708 1256.401 -0.47289696082128074 0.0
36.0 1.0 Bus -1.0 -1.0 -1.0 -1.0 -1.0 -1.0 -1.0 2.893 3.568 10.936 1442.213 1.88 1248.964 2.3085993614874623 0.0
37.0 2.0 Truck -1.0 -1.0 -1.0 -1.0 -1.0 -1.0 -1.0 2.833 4.152 7.536 1410.794 1.926 1270.571 2.6426379270282423 0.0
37.0 0.0 Car -1.0 -1.0 -1.0 -1.0 -1.0 -1.0 -1.0 1.725 1.609 4.201 1411.049 0.708 1255.445 -0.49035025334122384 0.0
37.0 1.0 Bus -1.0 -1.0 -1.0 -1.0 -1.0 -1.0 -1.0 2.893 3.568 10.936 1439.97 1.73 1251.163 2.360959239047292 0.0
