0.0 1.0 Car -1.0 -1.0 -1.0 -1.0 -1.0 -1.0 -1.0 1.726 1.497 4.721 1841.242 0.945 1138.9 2.154230273065449 0.0
0.0 2.0 Car -1.0 -1.0 -1.0 -1.0 -1.0 -1.0 -1.0 1.726 1.497 4.721 1852.293 1.042 1129.639 2.6603757561438055 0.0
1.0 1.0 Car -1.0 -1.0 -1.0 -1.0 -1.0 -1.0 -1.0 1.726 1.497 4.721 1838.898 0.928 1142.516 2.154230273065449 1.0
1.0 2.0 Car -1.0 -1.0 -1.0 -1.0 -1.0 -1.0 -1.0 1.726 1.497 4.721 1849.931 1.092 1131.132 2.5586401550160907 1.0
2.0 1.0 Car -1.0 -1.0 -1.0 -1.0 -1.0 -1.0 -1.0 1.726 1.497 4.721 1836.549 0.911 1146.14 2.154230273065449 1.0
2.0 2.0 Car -1.0 -1.0 -1.0 -1.0 -1.0 -1.0 -1.0 1.726 1.497 4.721 1847.728 1.042 1132.86 2.4566908172131248 1.0
3.0 1.0 Car -1.0 -1.0 -1.0 -1.0 -1.0 -1.0 -1.0 1.726 1.497 4.721 1834.204 0.895 1149.757 2.154230273065449 1.0
3.0 2.0 Car -1.0 -1.0 -1.0 -1.0 -1.0 -1.0 -1.0 1.726 1.497 4.721 1845.643 1.042 1134.72 2.328763198264882 1.0
4.0 1.0 Car -1.0 -1.0 -1.0 -1.0 -1.0 -1.0 -1.0 1.726 1.497 4.721 1831.903 0.911 1153.408 2.154230273065449 1.0
4.0 2.0 Car -1.0 -1.0 -1.0 -1.0 -1.0 -1.0 -1.0 1.726 1.497 4.721 1843.344 1.054 1137.549 2.2735109276566883 1.0
5.0 1.0 Car -1.0 -1.0 -1.0 -1.0 -1.0 -1.0 -1.0 1.726 1.497 4.721 1829.602 0.928 1157.058 2.154230273065449 1.0
5.0 2.0 Car -1.0 -1.0 -1.0 -1.0 -1.0 -1.0 -1.0 1.726 1.497 4.721 1841.206 1.067 1140.501 2.2182592097071545 1.0
6.0 1.0 Car -1.0 -1.0 -1.0 -1.0 -1.0 -1.0 -1.0 1.726 1.497 4.721 1827.298 0.945 1160.712 2.154230273065449 1.0
6.0 2.0 Car -1.0 -1.0 -1.0 -1.0 -1.0 -1.0 -1.0 1.726 1.497 4.721 1839.231 1.079 1143.57 2.1629458150511525 1.0
6.0 0.0 Truck -1.0 -1.0 -1.0 -1.0 -1.0 -1.0 -1.0 2.641 4.166 7.116 1759.832 2.019 1216.642 -0.8370397144420761 0.0
7.0 1.0 Car -1.0 -1.0 -1.0 -1.0 -1.0 -1.0 -1.0 1.726 1.497 4.721 1825.032 0.932 1164.265 2.150567073741175 1.0
7.0 2.0 Car -1.0 -1.0 -1.0 -1.0 -1.0 -1.0 -1.0 1.726 1.497 4.721 1837.213 1.092 1146.602 2.154230273065449 1.0
7.0 0.0 Truck -1.0 -1.0 -1.0 -1.0 -1.0 -1.0 -1.0 2.641 4.166 7.116 1762.812 1.898 1213.104 -0.8486753126176563 1.0
8.0 1.0 Car -1.0 -1.0 -1.0 -1.0 -1.0 -1.0 -1.0 1.726 1.497 4.721 1822.766 0.918 1167.818 2.146904160209323 1.0
8.0 2.0 Car -1.0 -1.0 -1.0 -1.0 -1.0 -1.0 -1.0 1.726 1.497 4.721 1835.065 1.104 1149.831 2.154230273065449 1.0
8.0 0.0 Truck -1.0 -1.0 -1.0 -1.0 -1.0 -1.0 -1.0 2.641 4.166 7.116 1765.793 1.777 1209.567 -0.8603100030168677 0.0
9.0 1.0 Car -1.0 -1.0 -1.0 -1.0 -1.0 -1.0 -1.0 1.726 1.497 4.721 1820.499 0.905 1171.371 2.1432407410447243 1.0
9.0 2.0 Car -1.0 -1.0 -1.0 -1.0 -1.0 -1.0 -1.0 1.726 1.497 4.721 1832.917 1.117 1153.06 2.154230273065449 1.0
9.0 0.0 Truck -1.0 -1.0 -1.0 -1.0 -1.0 -1.0 -1.0 2.641 4.166 7.116 1768.773 1.657 1206.029 -0.8719462994819622 0.0
10.0 1.0 Car -1.0 -1.0 -1.0 -1.0 -1.0 -1.0 -1.0 1.726 1.497 4.721 1818.454 0.892 1174.613 2.149658097173562 1.0
10.0 2.0 Car -1.0 -1.0 -1.0 -1.0 -1.0 -1.0 -1.0 1.726 1.497 4.721 1830.768 1.129 1156.292 2.154230273065449 1.0
10.0 0.0 Truck -1.0 -1.0 -1.0 -1.0 -1.0 -1.0 -1.0 2.641 4.166 7.116 1771.904 1.722 1202.821 -0.8068663296340106 0.0
11.0 1.0 Car -1.0 -1.0 -1.0 -1.0 -1.0 -1.0 -1.0 1.726 1.497 4.721 1816.574 0.879 1177.503 2.1560691819445084 1.0
11.0 2.0 Car -1.0 -1.0 -1.0 -1.0 -1.0 -1.0 -1.0 1.726 1.497 4.721 1828.62 1.142 1159.521 2.154230273065449 1.0
11.0 0.0 Truck -1.0 -1.0 -1.0 -1.0 -1.0 -1.0 -1.0 2.641 4.166 7.116 1775.233 1.787 1199.827 -0.7418499591522569 0.0
12.0 1.0 Car -1.0 -1.0 -1.0 -1.0 -1.0 -1.0 -1.0 1.726 1.497 4.721 1814.658 0.864 1180.51 2.1631725784571314 1.0
12.0 2.0 Car -1.0 -1.0 -1.0 -1.0 -1.0 -1.0 -1.0 1.726 1.497 4.721 1826.24 1.155 1163.099 2.154230273065449 1.0
12.0 0.0 Truck -1.0 -1.0 -1.0 -1.0 -1.0 -1.0 -1.0 2.641 4.166 7.116 1779.14 1.858 1196.769 -0.6698126868584304 0.0
13.0 1.0 Car -1.0 -1.0 -1.0 -1.0 -1.0 -1.0 -1.0 1.726 1.497 4.721 1813.086 0.851 1182.927 2.1695288882392165 1.0
13.0 2.0 Car -1.0 -1.0 -1.0 -1.0 -1.0 -1.0 -1.0 1.726 1.497 4.721 1824.443 1.15 1165.798 2.154230273065449 1.0
13.0 0.0 Truck -1.0 -1.0 -1.0 -1.0 -1.0 -1.0 -1.0 2.641 4.166 7.116 1782.814 1.923 1194.278 -0.6053518028654943 0.0
14.0 1.0 Car -1.0 -1.0 -1.0 -1.0 -1.0 -1.0 -1.0 1.726 1.497 4.721 1811.594 0.845 1185.198 2.1716835655853926 1.0
14.0 2.0 Car -1.0 -1.0 -1.0 -1.0 -1.0 -1.0 -1.0 1.726 1.497 4.721 1822.63 1.145 1168.52 2.154230273065449 1.0
14.0 0.0 Truck -1.0 -1.0 -1.0 -1.0 -1.0 -1.0 -1.0 2.641 4.166 7.116 1786.675 1.987 1192.01 -0.5403337416030443 0.0
15.0 1.0 Car -1.0 -1.0 -1.0 -1.0 -1.0 -1.0 -1.0 1.726 1.497 4.721 1810.237 0.863 1187.227 2.169188882937393 1.0
15.0 2.0 Car -1.0 -1.0 -1.0 -1.0 -1.0 -1.0 -1.0 1.726 1.497 4.721 1820.815 1.14 1171.245 2.154230273065449 1.0
15.0 0.0 Truck -1.0 -1.0 -1.0 -1.0 -1.0 -1.0 -1.0 2.641 4.166 7.116 1790.626 2.013 1189.631 -0.5718870092252097 0.0
16.0 1.0 Car -1.0 -1.0 -1.0 -1.0 -1.0 -1.0 -1.0 1.726 1.497 4.721 1808.882 0.881 1189.253 2.1666974603285416 1.0
16.0 2.0 Car -1.0 -1.0 -1.0 -1.0 -1.0 -1.0 -1.0 1.726 1.497 4.721 1819.002 1.135 1173.967 2.154230273065449 1.0
16.0 0.0 Truck -1.0 -1.0 -1.0 -1.0 -1.0 -1.0 -1.0 2.641 4.166 7.116 1794.605 2.072 1187.055 -0.6033990431907573 0.0
17.0 1.0 Car -1.0 -1.0 -1.0 -1.0 -1.0 -1.0 -1.0 1.726 1.497 4.721 1807.66 0.897 1191.08 2.1644510142088382 0.0
17.0 2.0 Car -1.0 -1.0 -1.0 -1.0 -1.0 -1.0 -1.0 1.726 1.497 4.721 1817.368 1.131 1176.421 2.154230273065449 0.0
17.0 0.0 Truck -1.0 -1.0 -1.0 -1.0 -1.0 -1.0 -1.0 2.641 4.166 7.116 1797.568 2.179 1184.951 -0.6479458924085937 0.0
18.0 1.0 Car -1.0 -1.0 -1.0 -1.0 -1.0 -1.0 -1.0 1.726 1.497 4.721 1806.303 0.916 1193.109 2.1619564262714563 0.0
18.0 2.0 Car -1.0 -1.0 -1.0 -1.0 -1.0 -1.0 -1.0 1.726 1.497 4.721 1815.553 1.126 1179.146 2.154230273065449 0.0
18.0 0.0 Truck -1.0 -1.0 -1.0 -1.0 -1.0 -1.0 -1.0 2.641 4.166 7.116 1801.079 2.087 1182.181 -0.6799600817625882 0.0
19.0 1.0 Car -1.0 -1.0 -1.0 -1.0 -1.0 -1.0 -1.0 1.726 1.497 4.721 1804.811 0.935 1195.339 2.159213875968092 1.0
19.0 2.0 Car -1.0 -1.0 -1.0 -1.0 -1.0 -1.0 -1.0 1.726 1.497 4.721 1813.557 1.12 1182.142 2.154230273065449 1.0
19.0 0.0 Truck -1.0 -1.0 -1.0 -1.0 -1.0 -1.0 -1.0 2.641 4.166 7.116 1805.034 2.116 1178.277 -0.7439728622330728 0.0
20.0 1.0 Car -1.0 -1.0 -1.0 -1.0 -1.0 -1.0 -1.0 1.726 1.497 4.721 1803.328 0.944 1197.556 2.1567220695320013 1.0
20.0 2.0 Car -1.0 -1.0 -1.0 -1.0 -1.0 -1.0 -1.0 1.726 1.497 4.721 1811.744 1.115 1184.864 2.154230273065449 1.0
21.0 1.0 Car -1.0 -1.0 -1.0 -1.0 -1.0 -1.0 -1.0 1.726 1.497 4.721 1801.845 0.952 1199.773 2.154230273065449 1.0
21.0 2.0 Car -1.0 -1.0 -1.0 -1.0 -1.0 -1.0 -1.0 1.726 1.497 4.721 1810.193 1.173 1187.19 2.154230273065449 1.0
22.0 1.0 Car -1.0 -1.0 -1.0 -1.0 -1.0 -1.0 -1.0 1.726 1.497 4.721 1800.069 0.957 1202.236 2.216198521057593 1.0
22.0 2.0 Car -1.0 -1.0 -1.0 -1.0 -1.0 -1.0 -1.0 1.726 1.497 4.721 1808.73 1.18 1189.383 2.154230273065449 1.0
23.0 1.0 Car -1.0 -1.0 -1.0 -1.0 -1.0 -1.0 -1.0 1.726 1.497 4.721 1798.141 0.962 1204.587 2.278234282321602 1.0
23.0 2.0 Car -1.0 -1.0 -1.0 -1.0 -1.0 -1.0 -1.0 1.726 1.497 4.721 1807.768 1.188 1190.852 2.15968395237874 1.0
24.0 1.0 Car -1.0 -1.0 -1.0 -1.0 -1.0 -1.0 -1.0 1.726 1.497 4.721 1796.07 0.967 1206.813 2.340271036427844 1.0
24.0 2.0 Car -1.0 -1.0 -1.0 -1.0 -1.0 -1.0 -1.0 1.726 1.497 4.721 1806.806 1.195 1192.321 2.1651377189746412 1.0
25.0 1.0 Car -1.0 -1.0 -1.0 -1.0 -1.0 -1.0 -1.0 1.726 1.497 4.721 1793.379 0.883 1209.498 2.414730232557281 0.0
25.0 2.0 Car -1.0 -1.0 -1.0 -1.0 -1.0 -1.0 -1.0 1.726 1.497 4.721 1805.652 1.204 1194.085 2.1716835655853926 1.0
26.0 1.0 Car -1.0 -1.0 -1.0 -1.0 -1.0 -1.0 -1.0 1.726 1.497 4.721 1790.841 0.792 1211.478 2.476837106146251 0.0
26.0 2.0 Car -1.0 -1.0 -1.0 -1.0 -1.0 -1.0 -1.0 1.726 1.497 4.721 1804.869 1.167 1195.273 2.2013683849120587 1.0
27.0 1.0 Car -1.0 -1.0 -1.0 -1.0 -1.0 -1.0 -1.0 1.726 1.497 4.721 1788.094 0.752 1213.067 2.642922463623862 0.0
27.0 2.0 Car -1.0 -1.0 -1.0 -1.0 -1.0 -1.0 -1.0 1.726 1.497 4.721 1804.053 1.129 1196.436 2.2310200455913756 0.0
28.0 1.0 Car -1.0 -1.0 -1.0 -1.0 -1.0 -1.0 -1.0 1.726 1.497 4.721 1785.28 0.704 1214.036 2.864072040721468 0.0
28.0 2.0 Car -1.0 -1.0 -1.0 -1.0 -1.0 -1.0 -1.0 1.726 1.497 4.721 1802.833 1.15 1198.148 2.228699611975947 0.0
29.0 1.0 Car -1.0 -1.0 -1.0 -1.0 -1.0 -1.0 -1.0 1.726 1.497 4.721 1782.325 0.655 1214.364 3.0849794413108427 0.0
29.0 2.0 Car -1.0 -1.0 -1.0 -1.0 -1.0 -1.0 -1.0 1.726 1.497 4.721 1801.615 1.021 1199.858 2.2525373984451016 0.0
30.0 1.0 Car -1.0 -1.0 -1.0 -1.0 -1.0 -1.0 -1.0 1.726 1.497 4.721 1779.366 0.681 1214.036 -2.9770377277978786 0.0
30.0 2.0 Car -1.0 -1.0 -1.0 -1.0 -1.0 -1.0 -1.0 1.726 1.497 4.721 1800.395 0.892 1201.57 2.276403320705052 0.0
31.0 1.0 Car -1.0 -1.0 -1.0 -1.0 -1.0 -1.0 -1.0 1.726 1.497 4.721 1776.412 0.691 1213.061 -2.796679100931051 0.0
31.0 2.0 Car -1.0 -1.0 -1.0 -1.0 -1.0 -1.0 -1.0 1.726 1.497 4.721 1798.396 0.954 1204.013 2.320038516012663 0.0
32.0 1.0 Car -1.0 -1.0 -1.0 -1.0 -1.0 -1.0 -1.0 1.726 1.497 4.721 1773.682 0.701 1211.572 -2.616334545076458 0.0
32.0 2.0 Car -1.0 -1.0 -1.0 -1.0 -1.0 -1.0 -1.0 1.726 1.497 4.721 1796.293 0.917 1206.366 2.3636703070397154 0.0
33.0 1.0 Car -1.0 -1.0 -1.0 -1.0 -1.0 -1.0 -1.0 1.726 1.497 4.721 1771.262 0.71 1209.617 -2.4359856596796385 0.0
33.0 2.0 Car -1.0 -1.0 -1.0 -1.0 -1.0 -1.0 -1.0 1.726 1.497 4.721 1793.697 0.855 1208.923 2.433482953384542 0.0
34.0 1.0 Car -1.0 -1.0 -1.0 -1.0 -1.0 -1.0 -1.0 1.726 1.497 4.721 1768.849 0.72 1207.024 -2.2613600868662207 0.0
34.0 2.0 Car -1.0 -1.0 -1.0 -1.0 -1.0 -1.0 -1.0 1.726 1.497 4.721 1790.346 0.825 1211.75 2.4888168098071337 0.0
35.0 1.0 Car -1.0 -1.0 -1.0 -1.0 -1.0 -1.0 -1.0 1.726 1.497 4.721 1766.925 0.73 1204.054 -2.0869198092807766 0.0
35.0 2.0 Car -1.0 -1.0 -1.0 -1.0 -1.0 -1.0 -1.0 1.726 1.497 4.721 1786.847 0.796 1214.384 2.544091951464326 0.0
36.0 1.0 Car -1.0 -1.0 -1.0 -1.0 -1.0 -1.0 -1.0 1.726 1.497 4.721 1765.146 0.74 1200.685 -2.052013224240891 0.0
36.0 2.0 Car -1.0 -1.0 -1.0 -1.0 -1.0 -1.0 -1.0 1.726 1.497 4.721 1783.256 0.767 1216.895 2.6254691711039184 0.0
37.0 2.0 Car -1.0 -1.0 -1.0 -1.0 -1.0 -1.0 -1.0 1.726 1.497 4.721 1779.822 0.811 1218.974 2.6254691711039184 0.0
38.0 2.0 Car -1.0 -1.0 -1.0 -1.0 -1.0 -1.0 -1.0 1.726 1.497 4.721 1775.532 0.865 1221.571 2.6254691711039184 0.0
