0.0 4.0 Car -1.0 -1.0 -1.0 -1.0 -1.0 -1.0 -1.0 1.997 1.773 5.129 1295.457 1.751 1045.22 -1.2986994963526588 0.0
0.0 2.0 Car -1.0 -1.0 -1.0 -1.0 -1.0 -1.0 -1.0 1.836 1.694 4.875 1339.284 0.911 1014.448 2.4429548077594143 0.0
0.0 6.0 Car -1.0 -1.0 -1.0 -1.0 -1.0 -1.0 -1.0 1.944 2.314 5.113 1371.787 0.845 985.6 2.4249430092376394 0.0
1.0 4.0 Car -1.0 -1.0 -1.0 -1.0 -1.0 -1.0 -1.0 1.997 1.773 5.129 1296.78 1.514 1041.889 -1.1885762012292806 1.0
1.0 2.0 Car -1.0 -1.0 -1.0 -1.0 -1.0 -1.0 -1.0 1.836 1.694 4.875 1335.978 0.901 1017.285 2.4429548077594143 1.0
1.0 6.0 Car -1.0 -1.0 -1.0 -1.0 -1.0 -1.0 -1.0 1.944 2.314 5.113 1367.671 0.85 989.114 2.4249430092376394 1.0
2.0 4.0 Car -1.0 -1.0 -1.0 -1.0 -1.0 -1.0 -1.0 1.997 1.773 5.129 1298.463 1.278 1038.721 -1.0783461684241873 1.0
2.0 2.0 Car -1.0 -1.0 -1.0 -1.0 -1.0 -1.0 -1.0 1.836 1.694 4.875 1332.669 0.891 1020.124 2.4429548077594143 1.0
2.0 6.0 Car -1.0 -1.0 -1.0 -1.0 -1.0 -1.0 -1.0 1.944 2.314 5.113 1363.551 0.854 992.632 2.4249430092376394 1.0
3.0 4.0 Car -1.0 -1.0 -1.0 -1.0 -1.0 -1.0 -1.0 1.997 1.773 5.129 1300.053 1.088 1036.332 -0.9901806227952529 1.0
3.0 2.0 Car -1.0 -1.0 -1.0 -1.0 -1.0 -1.0 -1.0 1.836 1.694 4.875 1330.437 0.882 1022.047 2.4429548077594143 1.0
3.0 6.0 Car -1.0 -1.0 -1.0 -1.0 -1.0 -1.0 -1.0 1.944 2.314 5.113 1360.256 0.858 995.445 2.4249430092376394 1.0
4.0 4.0 Car -1.0 -1.0 -1.0 -1.0 -1.0 -1.0 -1.0 1.997 1.773 5.129 1302.33 0.851 1033.554 -0.8798204758740193 1.0
4.0 2.0 Car -1.0 -1.0 -1.0 -1.0 -1.0 -1.0 -1.0 1.836 1.694 4.875 1327.642 0.872 1024.454 2.4429548077594143 1.0
4.0 6.0 Car -1.0 -1.0 -1.0 -1.0 -1.0 -1.0 -1.0 1.944 2.314 5.113 1356.626 0.863 998.536 2.4249430092376394 1.0
5.0 4.0 Car -1.0 -1.0 -1.0 -1.0 -1.0 -1.0 -1.0 1.997 1.773 5.129 1305.335 0.801 1030.312 -0.827480400725905 0.0
5.0 2.0 Car -1.0 -1.0 -1.0 -1.0 -1.0 -1.0 -1.0 1.836 1.694 4.875 1325.247 0.861 1026.526 2.4429548077594143 1.0
5.0 5.0 Bus -1.0 -1.0 -1.0 -1.0 -1.0 -1.0 -1.0 2.81 2.851 9.474 1272.988 1.27 1028.754 0.8763056170196488 0.0
5.0 6.0 Car -1.0 -1.0 -1.0 -1.0 -1.0 -1.0 -1.0 1.944 2.314 5.113 1352.996 0.867 1001.627 2.4249430092376394 1.0
6.0 4.0 Car -1.0 -1.0 -1.0 -1.0 -1.0 -1.0 -1.0 1.997 1.773 5.129 1308.509 0.751 1027.227 -0.7750799770308198 0.0
6.0 2.0 Car -1.0 -1.0 -1.0 -1.0 -1.0 -1.0 -1.0 1.836 1.694 4.875 1323.302 0.82 1028.219 2.4429548077594143 1.0
6.0 5.0 Bus -1.0 -1.0 -1.0 -1.0 -1.0 -1.0 -1.0 2.81 2.851 9.474 1272.988 1.299 1028.754 0.8763056170196488 0.0
6.0 6.0 Car -1.0 -1.0 -1.0 -1.0 -1.0 -1.0 -1.0 1.944 2.314 5.113 1349.361 0.872 1004.721 2.4249430092376394 1.0
7.0 4.0 Car -1.0 -1.0 -1.0 -1.0 -1.0 -1.0 -1.0 1.997 1.773 5.129 1311.837 0.701 1024.317 -0.7227408431945297 0.0
7.0 2.0 Car -1.0 -1.0 -1.0 -1.0 -1.0 -1.0 -1.0 1.836 1.694 4.875 1321.36 0.78 1029.911 2.4429548077594143 1.0
7.0 5.0 Bus -1.0 -1.0 -1.0 -1.0 -1.0 -1.0 -1.0 2.81 2.851 9.474 1272.988 1.328 1028.754 0.8763056170196488 0.0
7.0 6.0 Car -1.0 -1.0 -1.0 -1.0 -1.0 -1.0 -1.0 1.944 2.314 5.113 1345.931 0.885 1007.779 2.421452435831989 1.0
8.0 4.0 Car -1.0 -1.0 -1.0 -1.0 -1.0 -1.0 -1.0 1.997 1.773 5.129 1315.542 0.684 1020.996 -0.7169231138981549 0.0
8.0 2.0 Car -1.0 -1.0 -1.0 -1.0 -1.0 -1.0 -1.0 1.836 1.694 4.875 1319.417 0.739 1031.603 2.4429548077594143 1.0
8.0 5.0 Bus -1.0 -1.0 -1.0 -1.0 -1.0 -1.0 -1.0 2.81 2.851 9.474 1272.988 1.356 1028.754 0.8763056170196488 1.0
8.0 6.0 Car -1.0 -1.0 -1.0 -1.0 -1.0 -1.0 -1.0 1.944 2.314 5.113 1342.502 0.898 1010.836 2.417961855451065 1.0
9.0 4.0 Car -1.0 -1.0 -1.0 -1.0 -1.0 -1.0 -1.0 1.997 1.773 5.129 1319.248 0.668 1017.675 -0.7111053497248405 0.0
9.0 2.0 Car -1.0 -1.0 -1.0 -1.0 -1.0 -1.0 -1.0 1.836 1.694 4.875 1318.095 0.698 1032.773 2.4429548077594143 1.0
9.0 5.0 Bus -1.0 -1.0 -1.0 -1.0 -1.0 -1.0 -1.0 2.81 2.851 9.474 1272.988 1.385 1028.754 0.8763056170196488 1.0
9.0 6.0 Car -1.0 -1.0 -1.0 -1.0 -1.0 -1.0 -1.0 1.944 2.314 5.113 1339.841 0.911 1013.215 2.41447125414432 1.0
10.0 4.0 Car -1.0 -1.0 -1.0 -1.0 -1.0 -1.0 -1.0 1.997 1.773 5.129 1322.953 0.651 1014.355 -0.7052875506745866 0.0
10.0 2.0 Car -1.0 -1.0 -1.0 -1.0 -1.0 -1.0 -1.0 1.836 1.694 4.875 1316.773 0.657 1033.943 2.4429548077594143 1.0
10.0 5.0 Bus -1.0 -1.0 -1.0 -1.0 -1.0 -1.0 -1.0 2.81 2.851 9.474 1272.988 1.413 1028.754 0.8763056170196488 1.0
10.0 6.0 Car -1.0 -1.0 -1.0 -1.0 -1.0 -1.0 -1.0 1.944 2.314 5.113 1337.18 0.925 1015.593 2.4109806319117544 0.0
11.0 4.0 Car -1.0 -1.0 -1.0 -1.0 -1.0 -1.0 -1.0 1.997 1.773 5.129 1327.329 0.709 1010.486 -0.7052875506745866 0.0
11.0 2.0 Car -1.0 -1.0 -1.0 -1.0 -1.0 -1.0 -1.0 1.836 1.694 4.875 1315.614 0.636 1034.937 2.4394607729986864 0.0
11.0 5.0 Bus -1.0 -1.0 -1.0 -1.0 -1.0 -1.0 -1.0 2.81 2.851 9.474 1272.988 1.442 1028.754 0.8763056170196488 1.0
11.0 6.0 Car -1.0 -1.0 -1.0 -1.0 -1.0 -1.0 -1.0 1.944 2.314 5.113 1334.519 0.938 1017.972 2.407489716717696 0.0
11.0 0.0 Truck -1.0 -1.0 -1.0 -1.0 -1.0 -1.0 -1.0 2.894 3.972 10.054 1281.689 1.723 1027.789 0.8620355704756735 0.0
11.0 1.0 Car -1.0 -1.0 -1.0 -1.0 -1.0 -1.0 -1.0 1.887 1.67 4.769 1337.967 1.249 1116.284 -2.3036600800159928 0.0
12.0 4.0 Car -1.0 -1.0 -1.0 -1.0 -1.0 -1.0 -1.0 1.997 1.773 5.129 1331.7 0.768 1006.622 -0.7052875506745866 0.0
12.0 2.0 Car -1.0 -1.0 -1.0 -1.0 -1.0 -1.0 -1.0 1.836 1.694 4.875 1314.457 0.615 1035.929 2.435971192439364 0.0
12.0 5.0 Bus -1.0 -1.0 -1.0 -1.0 -1.0 -1.0 -1.0 2.81 2.851 9.474 1273.054 1.53 1028.833 0.8763056170196488 1.0
12.0 6.0 Car -1.0 -1.0 -1.0 -1.0 -1.0 -1.0 -1.0 1.944 2.314 5.113 1332.379 0.821 1019.865 2.411852747426371 0.0
12.0 0.0 Truck -1.0 -1.0 -1.0 -1.0 -1.0 -1.0 -1.0 2.894 3.972 10.054 1281.678 1.813 1027.798 0.8620355704756735 0.0
12.0 1.0 Car -1.0 -1.0 -1.0 -1.0 -1.0 -1.0 -1.0 1.887 1.67 4.769 1333.881 1.14 1112.093 -2.3036600800159928 1.0
13.0 4.0 Car -1.0 -1.0 -1.0 -1.0 -1.0 -1.0 -1.0 1.997 1.773 5.129 1336.071 0.826 1002.759 -0.7052875506745866 0.0
13.0 2.0 Car -1.0 -1.0 -1.0 -1.0 -1.0 -1.0 -1.0 1.836 1.694 4.875 1313.862 0.595 1036.444 2.4324813116752444 0.0
13.0 5.0 Bus -1.0 -1.0 -1.0 -1.0 -1.0 -1.0 -1.0 2.81 2.851 9.474 1273.119 1.618 1028.911 0.8763056170196488 1.0
13.0 6.0 Car -1.0 -1.0 -1.0 -1.0 -1.0 -1.0 -1.0 1.944 2.314 5.113 1330.239 0.704 1021.758 2.416216153481803 0.0
13.0 0.0 Truck -1.0 -1.0 -1.0 -1.0 -1.0 -1.0 -1.0 2.894 3.972 10.054 1281.668 1.903 1027.807 0.8620355704756735 0.0
13.0 1.0 Car -1.0 -1.0 -1.0 -1.0 -1.0 -1.0 -1.0 1.887 1.67 4.769 1329.795 1.032 1107.902 -2.3036600800159928 1.0
14.0 4.0 Car -1.0 -1.0 -1.0 -1.0 -1.0 -1.0 -1.0 1.997 1.773 5.129 1340.446 0.884 998.89 -0.7052875506745866 0.0
14.0 2.0 Car -1.0 -1.0 -1.0 -1.0 -1.0 -1.0 -1.0 1.836 1.694 4.875 1313.266 0.574 1036.959 2.428987528248765 0.0
14.0 5.0 Bus -1.0 -1.0 -1.0 -1.0 -1.0 -1.0 -1.0 2.81 2.851 9.474 1273.185 1.706 1028.99 0.8763056170196488 0.0
14.0 6.0 Car -1.0 -1.0 -1.0 -1.0 -1.0 -1.0 -1.0 1.944 2.314 5.113 1328.096 0.588 1023.653 2.4205844390450824 0.0
14.0 0.0 Truck -1.0 -1.0 -1.0 -1.0 -1.0 -1.0 -1.0 2.894 3.972 10.054 1281.657 1.833 1027.816 0.8550418461803629 1.0
14.0 1.0 Car -1.0 -1.0 -1.0 -1.0 -1.0 -1.0 -1.0 1.887 1.67 4.769 1325.717 0.455 1103.518 -2.303660080015992 0.0
15.0 4.0 Car -1.0 -1.0 -1.0 -1.0 -1.0 -1.0 -1.0 1.997 1.773 5.129 1345.216 0.943 994.688 -0.7052875506745866 0.0
15.0 2.0 Car -1.0 -1.0 -1.0 -1.0 -1.0 -1.0 -1.0 1.836 1.694 4.875 1312.672 0.553 1037.473 2.425501515239471 0.0
15.0 5.0 Bus -1.0 -1.0 -1.0 -1.0 -1.0 -1.0 -1.0 2.81 2.851 9.474 1273.25 1.59 1029.069 0.8763056170196488 0.0
15.0 6.0 Car -1.0 -1.0 -1.0 -1.0 -1.0 -1.0 -1.0 1.944 2.314 5.113 1325.959 0.471 1025.545 2.4249430092376394 0.0
15.0 0.0 Truck -1.0 -1.0 -1.0 -1.0 -1.0 -1.0 -1.0 2.894 3.972 10.054 1281.647 1.763 1027.825 0.8480636764140024 1.0
15.0 1.0 Car -1.0 -1.0 -1.0 -1.0 -1.0 -1.0 -1.0 1.887 1.67 4.769 1322.004 0.573 1099.348 -2.303660080015992 0.0
16.0 4.0 Car -1.0 -1.0 -1.0 -1.0 -1.0 -1.0 -1.0 1.997 1.773 5.129 1349.985 1.001 990.484 -0.7052875506745866 0.0
16.0 2.0 Car -1.0 -1.0 -1.0 -1.0 -1.0 -1.0 -1.0 1.836 1.694 4.875 1312.677 0.482 1037.46 2.425501515239471 0.0
16.0 5.0 Bus -1.0 -1.0 -1.0 -1.0 -1.0 -1.0 -1.0 2.81 2.851 9.474 1273.316 1.474 1029.147 0.8763056170196488 0.0
16.0 6.0 Car -1.0 -1.0 -1.0 -1.0 -1.0 -1.0 -1.0 1.944 2.314 5.113 1324.481 0.454 1026.83 2.4249430092376394 0.0
16.0 0.0 Truck -1.0 -1.0 -1.0 -1.0 -1.0 -1.0 -1.0 2.894 3.972 10.054 1281.636 1.693 1027.834 0.841084640177925 1.0
16.0 1.0 Car -1.0 -1.0 -1.0 -1.0 -1.0 -1.0 -1.0 1.887 1.67 4.769 1318.378 0.599 1095.278 -2.286206787496048 0.0
17.0 2.0 Car -1.0 -1.0 -1.0 -1.0 -1.0 -1.0 -1.0 1.836 1.694 4.875 1312.682 0.412 1037.448 2.425501515239471 0.0
17.0 5.0 Bus -1.0 -1.0 -1.0 -1.0 -1.0 -1.0 -1.0 2.81 2.851 9.474 1273.381 1.358 1029.226 0.8763056170196488 0.0
17.0 6.0 Car -1.0 -1.0 -1.0 -1.0 -1.0 -1.0 -1.0 1.944 2.314 5.113 1323.005 0.438 1028.113 2.4249430092376394 0.0
17.0 0.0 Truck -1.0 -1.0 -1.0 -1.0 -1.0 -1.0 -1.0 2.894 3.972 10.054 1281.626 1.623 1027.843 0.8341150233061894 1.0
17.0 1.0 Car -1.0 -1.0 -1.0 -1.0 -1.0 -1.0 -1.0 1.887 1.67 4.769 1315.041 0.534 1091.478 -2.286206787496048 0.0
18.0 2.0 Car -1.0 -1.0 -1.0 -1.0 -1.0 -1.0 -1.0 1.836 1.694 4.875 1312.688 0.341 1037.435 2.425501515239471 0.0
18.0 5.0 Bus -1.0 -1.0 -1.0 -1.0 -1.0 -1.0 -1.0 2.81 2.851 9.474 1273.447 1.242 1029.305 0.8763056170196488 0.0
18.0 6.0 Car -1.0 -1.0 -1.0 -1.0 -1.0 -1.0 -1.0 1.944 2.314 5.113 1321.526 0.421 1029.399 2.4249430092376394 0.0
18.0 0.0 Truck -1.0 -1.0 -1.0 -1.0 -1.0 -1.0 -1.0 2.894 3.972 10.054 1281.615 1.552 1027.852 0.8271289854357868 1.0
18.0 1.0 Car -1.0 -1.0 -1.0 -1.0 -1.0 -1.0 -1.0 1.887 1.67 4.769 1311.822 0.506 1087.624 -2.292024559428176 0.0
19.0 2.0 Car -1.0 -1.0 -1.0 -1.0 -1.0 -1.0 -1.0 1.836 1.694 4.875 1312.693 0.27 1037.423 2.425501515239471 0.0
19.0 5.0 Bus -1.0 -1.0 -1.0 -1.0 -1.0 -1.0 -1.0 2.81 2.851 9.474 1274.238 1.242 1030.305 0.8675791540615915 0.0
19.0 6.0 Car -1.0 -1.0 -1.0 -1.0 -1.0 -1.0 -1.0 1.944 2.314 5.113 1320.745 0.404 1030.077 2.4249430092376394 0.0
19.0 0.0 Truck -1.0 -1.0 -1.0 -1.0 -1.0 -1.0 -1.0 2.894 3.972 10.054 1281.724 1.472 1027.911 0.8271289854357868 1.0
19.0 1.0 Car -1.0 -1.0 -1.0 -1.0 -1.0 -1.0 -1.0 1.887 1.67 4.769 1308.582 0.366 1083.735 -2.2803892716047742 0.0
20.0 2.0 Car -1.0 -1.0 -1.0 -1.0 -1.0 -1.0 -1.0 1.836 1.694 4.875 1312.698 0.199 1037.41 2.425501515239471 0.0
20.0 5.0 Bus -1.0 -1.0 -1.0 -1.0 -1.0 -1.0 -1.0 2.81 2.851 9.474 1275.028 1.242 1031.305 0.8588523244997055 0.0
20.0 6.0 Car -1.0 -1.0 -1.0 -1.0 -1.0 -1.0 -1.0 1.944 2.314 5.113 1319.964 0.388 1030.755 2.4249430092376394 0.0
20.0 0.0 Truck -1.0 -1.0 -1.0 -1.0 -1.0 -1.0 -1.0 2.894 3.972 10.054 1281.832 1.392 1027.97 0.8271289854357868 1.0
20.0 1.0 Car -1.0 -1.0 -1.0 -1.0 -1.0 -1.0 -1.0 1.887 1.67 4.769 1305.861 0.263 1080.451 -2.268753494976105 0.0
21.0 2.0 Car -1.0 -1.0 -1.0 -1.0 -1.0 -1.0 -1.0 1.836 1.694 4.875 1312.692 0.25 1037.408 2.425501515239471 0.0
21.0 5.0 Bus -1.0 -1.0 -1.0 -1.0 -1.0 -1.0 -1.0 2.81 2.851 9.474 1275.703 1.234 1032.16 0.8675792675463758 0.0
21.0 6.0 Car -1.0 -1.0 -1.0 -1.0 -1.0 -1.0 -1.0 1.944 2.314 5.113 1319.184 0.371 1031.433 2.4249430092376394 0.0
21.0 0.0 Truck -1.0 -1.0 -1.0 -1.0 -1.0 -1.0 -1.0 2.894 3.972 10.054 1281.94 1.312 1028.029 0.8271289854357868 1.0
21.0 1.0 Car -1.0 -1.0 -1.0 -1.0 -1.0 -1.0 -1.0 1.887 1.67 4.769 1303.497 0.566 1077.513 -2.277477811289093 0.0
22.0 2.0 Car -1.0 -1.0 -1.0 -1.0 -1.0 -1.0 -1.0 1.836 1.694 4.875 1312.685 -0.299 1037.405 2.425501515239471 0.0
22.0 5.0 Bus -1.0 -1.0 -1.0 -1.0 -1.0 -1.0 -1.0 2.81 2.851 9.474 1276.378 0.225 1033.014 0.8763056170196488 0.0
22.0 0.0 Truck -1.0 -1.0 -1.0 -1.0 -1.0 -1.0 -1.0 2.894 3.972 10.054 1282.049 0.549 1028.088 0.8271289854357868 1.0
22.0 1.0 Car -1.0 -1.0 -1.0 -1.0 -1.0 -1.0 -1.0 1.887 1.67 4.769 1301.139 0.082 1074.856 -2.2862015342073447 0.0
23.0 5.0 Bus -1.0 -1.0 -1.0 -1.0 -1.0 -1.0 -1.0 2.81 2.851 9.474 1278.014 0.067 1034.979 0.8719446231728195 0.0
23.0 0.0 Truck -1.0 -1.0 -1.0 -1.0 -1.0 -1.0 -1.0 2.894 3.972 10.054 1282.157 0.06 1028.147 0.8271289854357868 1.0
23.0 1.0 Car -1.0 -1.0 -1.0 -1.0 -1.0 -1.0 -1.0 1.887 1.67 4.769 1299.409 -0.101 1072.922 -2.2949260075954103 0.0
24.0 5.0 Bus -1.0 -1.0 -1.0 -1.0 -1.0 -1.0 -1.0 2.81 2.851 9.474 1279.651 -0.091 1036.945 0.8675788311771659 0.0
24.0 0.0 Truck -1.0 -1.0 -1.0 -1.0 -1.0 -1.0 -1.0 2.894 3.972 10.054 1282.265 0.071 1028.206 0.8271289854357868 1.0
24.0 1.0 Car -1.0 -1.0 -1.0 -1.0 -1.0 -1.0 -1.0 1.887 1.67 4.769 1297.678 -0.284 1070.985 -2.3036600800159905 0.0
25.0 5.0 Bus -1.0 -1.0 -1.0 -1.0 -1.0 -1.0 -1.0 2.81 2.851 9.474 1281.286 -0.05 1038.909 0.8632179420172199 0.0
25.0 0.0 Truck -1.0 -1.0 -1.0 -1.0 -1.0 -1.0 -1.0 2.894 3.972 10.054 1283.829 0.036 1029.863 0.821676997172562 1.0
25.0 1.0 Car -1.0 -1.0 -1.0 -1.0 -1.0 -1.0 -1.0 1.887 1.67 4.769 1296.532 -0.333 1069.915 -2.3285857045718306 0.0
26.0 0.0 Truck -1.0 -1.0 -1.0 -1.0 -1.0 -1.0 -1.0 2.894 3.972 10.054 1285.395 0.0 1031.522 0.8162190975116789 1.0
26.0 3.0 Car -1.0 -1.0 -1.0 -1.0 -1.0 -1.0 -1.0 2.002 2.0 4.811 1400.297 -2.329 1155.99 1.3847093217398192 0.0
27.0 0.0 Truck -1.0 -1.0 -1.0 -1.0 -1.0 -1.0 -1.0 2.894 3.972 10.054 1287.272 -0.042 1033.511 0.8096756929158434 1.0
27.0 3.0 Car -1.0 -1.0 -1.0 -1.0 -1.0 -1.0 -1.0 2.002 2.0 4.811 1400.602 -2.24 1157.488 1.4037504688355855 1.0
28.0 0.0 Truck -1.0 -1.0 -1.0 -1.0 -1.0 -1.0 -1.0 2.894 3.972 10.054 1288.636 0.147 1034.882 0.8096756929158434 0.0
28.0 3.0 Car -1.0 -1.0 -1.0 -1.0 -1.0 -1.0 -1.0 2.002 2.0 4.811 1400.856 -2.166 1158.737 1.4196159067797056 0.0
29.0 0.0 Truck -1.0 -1.0 -1.0 -1.0 -1.0 -1.0 -1.0 2.894 3.972 10.054 1290.0 0.337 1036.253 0.8096756929158434 0.0
29.0 3.0 Car -1.0 -1.0 -1.0 -1.0 -1.0 -1.0 -1.0 2.002 2.0 4.811 1400.981 -2.092 1160.037 1.4286421238585996 0.0
30.0 0.0 Truck -1.0 -1.0 -1.0 -1.0 -1.0 -1.0 -1.0 2.894 3.972 10.054 1291.431 0.702 1037.755 0.8271289854357868 0.0
30.0 3.0 Car -1.0 -1.0 -1.0 -1.0 -1.0 -1.0 -1.0 2.002 2.0 4.811 1401.071 -2.017 1161.341 1.4376677631267039 0.0
31.0 0.0 Truck -1.0 -1.0 -1.0 -1.0 -1.0 -1.0 -1.0 2.894 3.972 10.054 1293.091 0.941 1039.468 0.8271289854357868 0.0
31.0 3.0 Car -1.0 -1.0 -1.0 -1.0 -1.0 -1.0 -1.0 2.002 2.0 4.811 1401.143 -1.958 1162.383 1.4448867325086427 0.0
32.0 0.0 Truck -1.0 -1.0 -1.0 -1.0 -1.0 -1.0 -1.0 2.894 3.972 10.054 1295.168 1.239 1041.611 0.8271289854357868 0.0
32.0 3.0 Car -1.0 -1.0 -1.0 -1.0 -1.0 -1.0 -1.0 2.002 2.0 4.811 1401.233 -1.884 1163.686 1.4539126787387289 0.0
33.0 0.0 Truck -1.0 -1.0 -1.0 -1.0 -1.0 -1.0 -1.0 2.894 3.972 10.054 1297.244 1.538 1043.754 0.8271289854357868 0.0
33.0 3.0 Car -1.0 -1.0 -1.0 -1.0 -1.0 -1.0 -1.0 2.002 2.0 4.811 1401.324 -1.81 1164.99 1.4629387513649255 0.0
34.0 0.0 Truck -1.0 -1.0 -1.0 -1.0 -1.0 -1.0 -1.0 2.894 3.972 10.054 1299.322 1.838 1045.899 0.8271289854357868 0.0
34.0 3.0 Car -1.0 -1.0 -1.0 -1.0 -1.0 -1.0 -1.0 2.002 2.0 4.811 1401.414 -1.736 1166.295 1.4719757843395358 0.0
35.0 0.0 Truck -1.0 -1.0 -1.0 -1.0 -1.0 -1.0 -1.0 2.894 3.972 10.054 1301.48 2.069 1048.286 0.8300861589093296 0.0
35.0 3.0 Car -1.0 -1.0 -1.0 -1.0 -1.0 -1.0 -1.0 2.002 2.0 4.811 1401.68 -1.652 1168.296 1.4196391521943101 0.0
36.0 0.0 Truck -1.0 -1.0 -1.0 -1.0 -1.0 -1.0 -1.0 2.894 3.972 10.054 1303.637 2.3 1050.673 0.8330436814487225 0.0
36.0 3.0 Car -1.0 -1.0 -1.0 -1.0 -1.0 -1.0 -1.0 2.002 2.0 4.811 1402.051 -1.569 1170.281 1.3672963422136717 0.0
37.0 0.0 Truck -1.0 -1.0 -1.0 -1.0 -1.0 -1.0 -1.0 2.894 3.972 10.054 1305.797 2.531 1053.063 0.836004446159065 0.0
37.0 3.0 Car -1.0 -1.0 -1.0 -1.0 -1.0 -1.0 -1.0 2.002 2.0 4.811 1402.525 -1.486 1172.246 1.314896151660046 0.0
38.0 0.0 Truck -1.0 -1.0 -1.0 -1.0 -1.0 -1.0 -1.0 2.894 3.972 10.054 1307.955 2.762 1055.45 0.8389621461895685 0.0
38.0 3.0 Car -1.0 -1.0 -1.0 -1.0 -1.0 -1.0 -1.0 2.002 2.0 4.811 1403.138 -1.334 1173.586 1.2005536819306777 0.0
39.0 0.0 Truck -1.0 -1.0 -1.0 -1.0 -1.0 -1.0 -1.0 2.894 3.972 10.054 1309.897 2.97 1057.6 0.841624956572929 0.0
39.0 3.0 Car -1.0 -1.0 -1.0 -1.0 -1.0 -1.0 -1.0 2.002 2.0 4.811 1403.817 -1.198 1174.725 1.0976114252736957 0.0
