0.0 0.0 Car -1.0 -1.0 -1.0 -1.0 -1.0 -1.0 -1.0 1.827 1.632 4.058 2073.837 1.15 2586.552 2.993169853708192 0.0
0.0 2.0 Car -1.0 -1.0 -1.0 -1.0 -1.0 -1.0 -1.0 2.164 1.703 4.097 1956.398 1.646 2606.504 -0.12119566318768205 0.0
0.0 4.0 Car -1.0 -1.0 -1.0 -1.0 -1.0 -1.0 -1.0 1.815 1.507 4.22 2087.228 1.164 2594.666 -1.7116443976854028 0.0
0.0 6.0 Car -1.0 -1.0 -1.0 -1.0 -1.0 -1.0 -1.0 1.953 1.648 4.527 2139.086 1.663 2581.866 -0.13302463226709646 0.0
1.0 0.0 Car -1.0 -1.0 -1.0 -1.0 -1.0 -1.0 -1.0 1.827 1.632 4.058 2068.051 1.026 2587.368 2.993169853708192 1.0
1.0 2.0 Car -1.0 -1.0 -1.0 -1.0 -1.0 -1.0 -1.0 2.164 1.703 4.097 1962.294 1.526 2605.717 -0.1295445249331841 1.0
1.0 4.0 Car -1.0 -1.0 -1.0 -1.0 -1.0 -1.0 -1.0 1.815 1.507 4.22 2087.192 1.046 2594.41 -1.7116443976854028 1.0
1.0 6.0 Car -1.0 -1.0 -1.0 -1.0 -1.0 -1.0 -1.0 1.953 1.648 4.527 2141.772 1.407 2581.264 -0.13302463226709646 1.0
2.0 0.0 Car -1.0 -1.0 -1.0 -1.0 -1.0 -1.0 -1.0 1.827 1.632 4.058 2063.217 1.05 2588.036 2.993169853708192 1.0
2.0 2.0 Car -1.0 -1.0 -1.0 -1.0 -1.0 -1.0 -1.0 2.164 1.703 4.097 1968.723 1.394 2604.859 -0.13864895570762537 1.0
2.0 4.0 Car -1.0 -1.0 -1.0 -1.0 -1.0 -1.0 -1.0 1.815 1.507 4.22 2087.152 0.916 2594.131 -1.7116443976854028 1.0
2.0 6.0 Car -1.0 -1.0 -1.0 -1.0 -1.0 -1.0 -1.0 1.953 1.648 4.527 2144.744 1.388 2580.931 -0.13302463226709646 1.0
3.0 0.0 Car -1.0 -1.0 -1.0 -1.0 -1.0 -1.0 -1.0 1.827 1.632 4.058 2059.056 1.1 2588.622 2.993169853708192 1.0
3.0 2.0 Car -1.0 -1.0 -1.0 -1.0 -1.0 -1.0 -1.0 2.164 1.703 4.097 1974.068 1.145 2604.066 -0.13864895570762537 1.0
3.0 4.0 Car -1.0 -1.0 -1.0 -1.0 -1.0 -1.0 -1.0 1.815 1.507 4.22 2087.137 1.095 2594.022 -1.7116443976854028 1.0
3.0 6.0 Car -1.0 -1.0 -1.0 -1.0 -1.0 -1.0 -1.0 1.953 1.648 4.527 2147.206 1.811 2580.549 -0.13302463226709646 1.0
4.0 0.0 Car -1.0 -1.0 -1.0 -1.0 -1.0 -1.0 -1.0 1.827 1.632 4.058 2055.295 1.05 2589.205 2.993169853708192 1.0
4.0 2.0 Car -1.0 -1.0 -1.0 -1.0 -1.0 -1.0 -1.0 2.164 1.703 4.097 1979.408 0.896 2603.273 -0.13864895570762537 1.0
4.0 4.0 Car -1.0 -1.0 -1.0 -1.0 -1.0 -1.0 -1.0 1.815 1.507 4.22 2087.145 1.195 2594.079 -1.7290976902053452 1.0
4.0 6.0 Car -1.0 -1.0 -1.0 -1.0 -1.0 -1.0 -1.0 1.953 1.648 4.527 2149.683 2.134 2580.292 -0.13302463226709646 1.0
5.0 0.0 Car -1.0 -1.0 -1.0 -1.0 -1.0 -1.0 -1.0 1.827 1.632 4.058 2051.884 1.15 2589.692 3.010623146228135 1.0
5.0 2.0 Car -1.0 -1.0 -1.0 -1.0 -1.0 -1.0 -1.0 2.164 1.703 4.097 1983.685 0.841 2602.721 -0.13864895570762537 1.0
5.0 4.0 Car -1.0 -1.0 -1.0 -1.0 -1.0 -1.0 -1.0 1.815 1.507 4.22 2087.145 1.095 2594.079 -1.7290976902053452 1.0
5.0 6.0 Car -1.0 -1.0 -1.0 -1.0 -1.0 -1.0 -1.0 1.953 1.648 4.527 2152.156 1.954 2579.993 -0.13302463226709646 1.0
6.0 0.0 Car -1.0 -1.0 -1.0 -1.0 -1.0 -1.0 -1.0 1.827 1.632 4.058 2048.756 1.05 2590.147 3.010623146228135 0.0
6.0 2.0 Car -1.0 -1.0 -1.0 -1.0 -1.0 -1.0 -1.0 2.164 1.703 4.097 1987.966 0.787 2602.168 -0.13864895570762537 1.0
6.0 4.0 Car -1.0 -1.0 -1.0 -1.0 -1.0 -1.0 -1.0 1.815 1.507 4.22 2087.179 1.108 2593.973 -1.7814575677651752 1.0
6.0 6.0 Car -1.0 -1.0 -1.0 -1.0 -1.0 -1.0 -1.0 1.953 1.648 4.527 2154.632 2.274 2579.694 -0.13302463226709646 1.0
7.0 0.0 Car -1.0 -1.0 -1.0 -1.0 -1.0 -1.0 -1.0 1.827 1.632 4.058 2045.712 0.9 2590.572 2.993169853708192 0.0
7.0 2.0 Car -1.0 -1.0 -1.0 -1.0 -1.0 -1.0 -1.0 2.164 1.703 4.097 1992.248 0.732 2601.615 -0.13864895570762537 1.0
7.0 4.0 Car -1.0 -1.0 -1.0 -1.0 -1.0 -1.0 -1.0 1.815 1.507 4.22 2087.135 0.871 2593.38 -1.746550982725289 1.0
7.0 6.0 Car -1.0 -1.0 -1.0 -1.0 -1.0 -1.0 -1.0 1.953 1.648 4.527 2157.092 2.02 2579.271 -0.13302463226709646 1.0
8.0 0.0 Car -1.0 -1.0 -1.0 -1.0 -1.0 -1.0 -1.0 1.827 1.632 4.058 2042.492 0.851 2591.113 2.975716561188249 0.0
8.0 2.0 Car -1.0 -1.0 -1.0 -1.0 -1.0 -1.0 -1.0 2.164 1.703 4.097 1996.525 0.144 2601.062 -0.13864895570762537 1.0
8.0 4.0 Car -1.0 -1.0 -1.0 -1.0 -1.0 -1.0 -1.0 1.815 1.507 4.22 2086.716 1.183 2592.417 -1.8338174453250036 1.0
8.0 6.0 Car -1.0 -1.0 -1.0 -1.0 -1.0 -1.0 -1.0 1.953 1.648 4.527 2159.565 3.015 2578.972 -0.13302463226709646 1.0
9.0 0.0 Car -1.0 -1.0 -1.0 -1.0 -1.0 -1.0 -1.0 1.827 1.632 4.058 2038.974 0.901 2591.557 2.993169853708192 0.0
9.0 2.0 Car -1.0 -1.0 -1.0 -1.0 -1.0 -1.0 -1.0 2.164 1.703 4.097 2000.821 0.748 2600.649 -0.13864895570762537 1.0
9.0 4.0 Car -1.0 -1.0 -1.0 -1.0 -1.0 -1.0 -1.0 1.815 1.507 4.22 2086.081 0.596 2591.123 -1.9908970780044923 1.0
9.0 6.0 Car -1.0 -1.0 -1.0 -1.0 -1.0 -1.0 -1.0 1.953 1.648 4.527 2162.627 1.469 2578.489 -0.13302463226709646 1.0
10.0 0.0 Car -1.0 -1.0 -1.0 -1.0 -1.0 -1.0 -1.0 1.827 1.632 4.058 2035.349 0.901 2592.214 2.975716561188249 0.0
10.0 2.0 Car -1.0 -1.0 -1.0 -1.0 -1.0 -1.0 -1.0 2.164 1.703 4.097 2005.088 0.602 2600.027 -0.13864895570762537 1.0
10.0 4.0 Car -1.0 -1.0 -1.0 -1.0 -1.0 -1.0 -1.0 1.815 1.507 4.22 2085.087 0.858 2589.839 -2.1828832957238657 1.0
10.0 6.0 Car -1.0 -1.0 -1.0 -1.0 -1.0 -1.0 -1.0 1.953 1.648 4.527 2165.705 2.224 2578.129 -0.13302463226709646 1.0
11.0 0.0 Car -1.0 -1.0 -1.0 -1.0 -1.0 -1.0 -1.0 1.827 1.632 4.058 2031.377 0.651 2592.816 2.9582632686683055 0.0
11.0 2.0 Car -1.0 -1.0 -1.0 -1.0 -1.0 -1.0 -1.0 2.164 1.703 4.097 2009.355 0.455 2599.405 -0.13864895570762537 1.0
11.0 4.0 Car -1.0 -1.0 -1.0 -1.0 -1.0 -1.0 -1.0 1.815 1.507 4.22 2083.865 0.871 2588.755 -2.3923228059631834 1.0
11.0 6.0 Car -1.0 -1.0 -1.0 -1.0 -1.0 -1.0 -1.0 1.953 1.648 4.527 2167.991 2.47 2577.777 -0.13302463226709646 1.0
11.0 3.0 Car -1.0 -1.0 -1.0 -1.0 -1.0 -1.0 -1.0 2.0 1.763 4.257 2088.002 1.028 2599.442 -1.6515212953596452 0.0
12.0 0.0 Car -1.0 -1.0 -1.0 -1.0 -1.0 -1.0 -1.0 1.827 1.632 4.058 2027.313 0.601 2593.549 2.9582632686683055 0.0
12.0 2.0 Car -1.0 -1.0 -1.0 -1.0 -1.0 -1.0 -1.0 2.164 1.703 4.097 2013.616 0.505 2598.734 -0.13864895570762537 1.0
12.0 4.0 Car -1.0 -1.0 -1.0 -1.0 -1.0 -1.0 -1.0 1.815 1.507 4.22 2082.221 0.834 2587.93 -2.584309023682557 1.0
12.0 6.0 Car -1.0 -1.0 -1.0 -1.0 -1.0 -1.0 -1.0 1.953 1.648 4.527 2170.277 2.517 2577.424 -0.13302463226709646 1.0
12.0 3.0 Car -1.0 -1.0 -1.0 -1.0 -1.0 -1.0 -1.0 2.0 1.763 4.257 2087.954 0.964 2598.598 -1.6515212953596452 1.0
13.0 0.0 Car -1.0 -1.0 -1.0 -1.0 -1.0 -1.0 -1.0 1.827 1.632 4.058 2023.839 0.732 2594.149 2.9582632686683055 0.0
13.0 2.0 Car -1.0 -1.0 -1.0 -1.0 -1.0 -1.0 -1.0 2.164 1.703 4.097 2017.023 0.544 2598.198 -0.13864895570762537 1.0
13.0 4.0 Car -1.0 -1.0 -1.0 -1.0 -1.0 -1.0 -1.0 1.815 1.507 4.22 2080.899 0.794 2587.517 -2.7762952414019324 1.0
13.0 6.0 Car -1.0 -1.0 -1.0 -1.0 -1.0 -1.0 -1.0 1.953 1.648 4.527 2172.123 2.494 2577.272 -0.13302463226709646 1.0
13.0 3.0 Car -1.0 -1.0 -1.0 -1.0 -1.0 -1.0 -1.0 2.0 1.763 4.257 2087.915 0.913 2597.924 -1.6515212953596452 0.0
14.0 0.0 Car -1.0 -1.0 -1.0 -1.0 -1.0 -1.0 -1.0 1.827 1.632 4.058 2019.426 0.794 2594.86 2.9582632686683055 0.0
14.0 2.0 Car -1.0 -1.0 -1.0 -1.0 -1.0 -1.0 -1.0 2.164 1.703 4.097 2021.304 0.674 2597.639 -0.13864895570762537 1.0
14.0 4.0 Car -1.0 -1.0 -1.0 -1.0 -1.0 -1.0 -1.0 1.815 1.507 4.22 2079.103 0.794 2587.257 -2.9682814591213083 1.0
14.0 6.0 Car -1.0 -1.0 -1.0 -1.0 -1.0 -1.0 -1.0 1.953 1.648 4.527 2174.419 2.519 2576.978 -0.13302463226709646 1.0
14.0 3.0 Car -1.0 -1.0 -1.0 -1.0 -1.0 -1.0 -1.0 2.0 1.763 4.257 2087.874 0.962 2596.823 -1.6020711740748228 0.0
15.0 0.0 Car -1.0 -1.0 -1.0 -1.0 -1.0 -1.0 -1.0 1.827 1.632 4.058 2015.013 0.757 2595.57 2.9582632686683055 0.0
15.0 2.0 Car -1.0 -1.0 -1.0 -1.0 -1.0 -1.0 -1.0 2.164 1.703 4.097 2025.585 0.804 2597.08 -0.13864895570762537 1.0
15.0 4.0 Car -1.0 -1.0 -1.0 -1.0 -1.0 -1.0 -1.0 1.815 1.507 4.22 2077.387 0.794 2587.151 -3.073001214240969 1.0
15.0 6.0 Car -1.0 -1.0 -1.0 -1.0 -1.0 -1.0 -1.0 1.953 1.648 4.527 2176.719 2.744 2576.714 -0.13302463226709646 1.0
15.0 3.0 Car -1.0 -1.0 -1.0 -1.0 -1.0 -1.0 -1.0 2.0 1.763 4.257 2087.825 0.941 2595.722 -1.615458260847735 0.0
16.0 0.0 Car -1.0 -1.0 -1.0 -1.0 -1.0 -1.0 -1.0 1.827 1.632 4.058 2010.601 0.92 2596.281 2.9582632686683055 0.0
16.0 2.0 Car -1.0 -1.0 -1.0 -1.0 -1.0 -1.0 -1.0 2.164 1.703 4.097 2029.865 0.933 2596.522 -0.13864895570762537 1.0
16.0 4.0 Car -1.0 -1.0 -1.0 -1.0 -1.0 -1.0 -1.0 1.815 1.507 4.22 2075.41 0.744 2587.172 3.105464337818958 1.0
16.0 6.0 Car -1.0 -1.0 -1.0 -1.0 -1.0 -1.0 -1.0 1.953 1.648 4.527 2179.007 2.718 2576.358 -0.13302463226709646 1.0
16.0 3.0 Car -1.0 -1.0 -1.0 -1.0 -1.0 -1.0 -1.0 2.0 1.763 4.257 2087.846 0.894 2595.307 -1.6201133479505487 0.0
17.0 0.0 Car -1.0 -1.0 -1.0 -1.0 -1.0 -1.0 -1.0 1.827 1.632 4.058 2006.192 1.283 2596.992 2.9582632686683055 0.0
17.0 2.0 Car -1.0 -1.0 -1.0 -1.0 -1.0 -1.0 -1.0 2.164 1.703 4.097 2034.142 1.063 2595.963 -0.13864895570762537 1.0
17.0 4.0 Car -1.0 -1.0 -1.0 -1.0 -1.0 -1.0 -1.0 1.815 1.507 4.22 2073.292 0.744 2587.33 3.053104460259128 1.0
17.0 6.0 Car -1.0 -1.0 -1.0 -1.0 -1.0 -1.0 -1.0 1.953 1.648 4.527 2181.293 2.393 2576.002 -0.13302463226709646 1.0
17.0 3.0 Car -1.0 -1.0 -1.0 -1.0 -1.0 -1.0 -1.0 2.0 1.763 4.257 2087.867 0.848 2594.891 -1.624763867475836 0.0
18.0 2.0 Car -1.0 -1.0 -1.0 -1.0 -1.0 -1.0 -1.0 2.164 1.703 4.097 2038.418 0.816 2595.37 -0.13864895570762537 1.0
18.0 4.0 Car -1.0 -1.0 -1.0 -1.0 -1.0 -1.0 -1.0 1.815 1.507 4.22 2070.956 0.744 2587.532 3.053104460259128 0.0
18.0 6.0 Car -1.0 -1.0 -1.0 -1.0 -1.0 -1.0 -1.0 1.953 1.648 4.527 2183.447 2.963 2575.902 -0.13302463226709646 1.0
18.0 3.0 Car -1.0 -1.0 -1.0 -1.0 -1.0 -1.0 -1.0 2.0 1.763 4.257 2087.801 0.802 2594.79 -1.6381496969865845 0.0
19.0 2.0 Car -1.0 -1.0 -1.0 -1.0 -1.0 -1.0 -1.0 2.164 1.703 4.097 2042.068 0.945 2594.94 -0.13864895570762537 1.0
19.0 4.0 Car -1.0 -1.0 -1.0 -1.0 -1.0 -1.0 -1.0 1.815 1.507 4.22 2068.218 0.844 2587.822 3.0181978752192413 0.0
19.0 1.0 Car -1.0 -1.0 -1.0 -1.0 -1.0 -1.0 -1.0 1.833 1.525 4.488 2221.648 4.184 2565.96 2.993169853708192 0.0
19.0 6.0 Car -1.0 -1.0 -1.0 -1.0 -1.0 -1.0 -1.0 1.953 1.648 4.527 2185.579 2.833 2575.631 -0.12429809075327604 1.0
19.0 3.0 Car -1.0 -1.0 -1.0 -1.0 -1.0 -1.0 -1.0 2.0 1.763 4.257 2087.783 0.806 2594.833 -1.6689745878795874 0.0
20.0 5.0 Car -1.0 -1.0 -1.0 -1.0 -1.0 -1.0 -1.0 2.029 1.826 4.512 2199.766 3.052 2573.224 -0.1267349681466214 0.0
20.0 2.0 Car -1.0 -1.0 -1.0 -1.0 -1.0 -1.0 -1.0 2.164 1.703 4.097 2045.718 1.074 2594.511 -0.13864895570762537 1.0
20.0 4.0 Car -1.0 -1.0 -1.0 -1.0 -1.0 -1.0 -1.0 1.815 1.507 4.22 2065.653 0.894 2588.182 3.0181978752192413 0.0
20.0 1.0 Car -1.0 -1.0 -1.0 -1.0 -1.0 -1.0 -1.0 1.833 1.525 4.488 2217.899 3.936 2566.79 2.993169853708192 1.0
20.0 6.0 Car -1.0 -1.0 -1.0 -1.0 -1.0 -1.0 -1.0 1.953 1.648 4.527 2187.726 2.753 2575.484 -0.11557133974715317 0.0
20.0 3.0 Car -1.0 -1.0 -1.0 -1.0 -1.0 -1.0 -1.0 2.0 1.763 4.257 2087.85 0.767 2594.834 -1.6600227212657945 0.0
21.0 5.0 Car -1.0 -1.0 -1.0 -1.0 -1.0 -1.0 -1.0 2.029 1.826 4.512 2202.458 3.028 2573.021 -0.14418826066656476 1.0
21.0 2.0 Car -1.0 -1.0 -1.0 -1.0 -1.0 -1.0 -1.0 2.164 1.703 4.097 2049.0 1.19 2594.125 -0.13864895570762537 1.0
21.0 4.0 Car -1.0 -1.0 -1.0 -1.0 -1.0 -1.0 -1.0 1.815 1.507 4.22 2063.374 0.984 2588.473 3.000744582699298 0.0
21.0 1.0 Car -1.0 -1.0 -1.0 -1.0 -1.0 -1.0 -1.0 1.833 1.525 4.488 2214.528 3.714 2567.537 2.993169853708192 1.0
21.0 6.0 Car -1.0 -1.0 -1.0 -1.0 -1.0 -1.0 -1.0 1.953 1.648 4.527 2189.752 2.745 2575.28 -0.11557133974715317 0.0
21.0 3.0 Car -1.0 -1.0 -1.0 -1.0 -1.0 -1.0 -1.0 2.0 1.763 4.257 2087.911 0.893 2594.835 -1.6519718793315372 0.0
22.0 5.0 Car -1.0 -1.0 -1.0 -1.0 -1.0 -1.0 -1.0 2.029 1.826 4.512 2204.241 3.157 2572.743 -0.14418826066656476 1.0
22.0 2.0 Car -1.0 -1.0 -1.0 -1.0 -1.0 -1.0 -1.0 2.164 1.703 4.097 2052.65 1.32 2593.695 -0.13864895570762537 1.0
22.0 4.0 Car -1.0 -1.0 -1.0 -1.0 -1.0 -1.0 -1.0 1.815 1.507 4.22 2060.561 1.084 2588.894 3.000744582699298 0.0
22.0 1.0 Car -1.0 -1.0 -1.0 -1.0 -1.0 -1.0 -1.0 1.833 1.525 4.488 2210.78 3.466 2568.367 2.993169853708192 1.0
22.0 6.0 Car -1.0 -1.0 -1.0 -1.0 -1.0 -1.0 -1.0 1.953 1.648 4.527 2192.004 2.736 2575.053 -0.11557133974715317 0.0
22.0 3.0 Car -1.0 -1.0 -1.0 -1.0 -1.0 -1.0 -1.0 2.0 1.763 4.257 2087.803 0.922 2594.847 -1.6430201201659305 0.0
23.0 5.0 Car -1.0 -1.0 -1.0 -1.0 -1.0 -1.0 -1.0 2.029 1.826 4.512 2206.024 3.286 2572.465 -0.14418826066656476 1.0
23.0 2.0 Car -1.0 -1.0 -1.0 -1.0 -1.0 -1.0 -1.0 2.164 1.703 4.097 2056.294 1.249 2593.219 -0.13864895570762537 1.0
23.0 4.0 Car -1.0 -1.0 -1.0 -1.0 -1.0 -1.0 -1.0 1.815 1.507 4.22 2057.316 1.084 2589.377 2.9832912901793547 0.0
23.0 1.0 Car -1.0 -1.0 -1.0 -1.0 -1.0 -1.0 -1.0 1.833 1.525 4.488 2207.047 3.487 2569.299 2.993169853708192 1.0
23.0 6.0 Car -1.0 -1.0 -1.0 -1.0 -1.0 -1.0 -1.0 1.953 1.648 4.527 2194.257 2.956 2574.826 -0.11557133974715317 0.0
23.0 3.0 Car -1.0 -1.0 -1.0 -1.0 -1.0 -1.0 -1.0 2.0 1.763 4.257 2088.046 0.851 2594.837 -1.6340680028397012 0.0
24.0 5.0 Car -1.0 -1.0 -1.0 -1.0 -1.0 -1.0 -1.0 2.029 1.826 4.512 2207.806 3.415 2572.187 -0.14418826066656476 1.0
24.0 2.0 Car -1.0 -1.0 -1.0 -1.0 -1.0 -1.0 -1.0 2.164 1.703 4.097 2059.937 1.179 2592.743 -0.13864895570762537 1.0
24.0 4.0 Car -1.0 -1.0 -1.0 -1.0 -1.0 -1.0 -1.0 1.815 1.507 4.22 2054.907 1.241 2589.741 2.9749830985596555 0.0
24.0 1.0 Car -1.0 -1.0 -1.0 -1.0 -1.0 -1.0 -1.0 1.833 1.525 4.488 2203.287 3.109 2570.049 2.993169853708192 1.0
24.0 6.0 Car -1.0 -1.0 -1.0 -1.0 -1.0 -1.0 -1.0 1.953 1.648 4.527 2196.482 2.791 2574.367 -0.11557133974715317 0.0
24.0 3.0 Car -1.0 -1.0 -1.0 -1.0 -1.0 -1.0 -1.0 2.0 1.763 4.257 2087.87 0.975 2594.733 -1.6340680028397012 0.0
25.0 5.0 Car -1.0 -1.0 -1.0 -1.0 -1.0 -1.0 -1.0 2.029 1.826 4.512 2210.635 3.6 2571.792 -0.14418826066656476 1.0
25.0 2.0 Car -1.0 -1.0 -1.0 -1.0 -1.0 -1.0 -1.0 2.164 1.703 4.097 2063.948 1.102 2592.219 -0.13864895570762537 1.0
25.0 4.0 Car -1.0 -1.0 -1.0 -1.0 -1.0 -1.0 -1.0 1.815 1.507 4.22 2052.256 1.154 2590.141 2.9658379976594116 0.0
25.0 1.0 Car -1.0 -1.0 -1.0 -1.0 -1.0 -1.0 -1.0 1.833 1.525 4.488 2199.178 3.05 2571.075 2.993169853708192 1.0
25.0 6.0 Car -1.0 -1.0 -1.0 -1.0 -1.0 -1.0 -1.0 1.953 1.648 4.527 2198.955 2.901 2574.06 -0.11557133974715317 0.0
26.0 5.0 Car -1.0 -1.0 -1.0 -1.0 -1.0 -1.0 -1.0 2.029 1.826 4.512 2213.179 3.81 2571.371 -0.16164155318650808 1.0
26.0 2.0 Car -1.0 -1.0 -1.0 -1.0 -1.0 -1.0 -1.0 2.164 1.703 4.097 2069.141 1.111 2591.504 -0.13864895570762537 1.0
26.0 4.0 Car -1.0 -1.0 -1.0 -1.0 -1.0 -1.0 -1.0 1.815 1.507 4.22 2049.479 1.131 2590.695 2.948384705139468 0.0
26.0 1.0 Car -1.0 -1.0 -1.0 -1.0 -1.0 -1.0 -1.0 1.833 1.525 4.488 2195.392 3.092 2571.658 2.993169853708192 1.0
26.0 6.0 Car -1.0 -1.0 -1.0 -1.0 -1.0 -1.0 -1.0 1.953 1.648 4.527 2201.191 3.251 2573.693 -0.11557133974715317 0.0
27.0 5.0 Car -1.0 -1.0 -1.0 -1.0 -1.0 -1.0 -1.0 2.029 1.826 4.512 2215.716 3.57 2570.951 -0.1441976328175416 0.0
27.0 2.0 Car -1.0 -1.0 -1.0 -1.0 -1.0 -1.0 -1.0 2.164 1.703 4.097 2074.334 1.119 2590.79 -0.13864895570762537 0.0
27.0 4.0 Car -1.0 -1.0 -1.0 -1.0 -1.0 -1.0 -1.0 1.815 1.507 4.22 2046.702 1.209 2591.249 2.948384705139468 0.0
27.0 1.0 Car -1.0 -1.0 -1.0 -1.0 -1.0 -1.0 -1.0 1.833 1.525 4.488 2192.225 2.715 2572.059 2.993169853708192 0.0
27.0 6.0 Car -1.0 -1.0 -1.0 -1.0 -1.0 -1.0 -1.0 1.953 1.648 4.527 2203.427 3.101 2573.326 -0.11557133974715317 0.0
28.0 5.0 Car -1.0 -1.0 -1.0 -1.0 -1.0 -1.0 -1.0 2.029 1.826 4.512 2218.264 3.463 2570.548 -0.14997755429020332 0.0
28.0 2.0 Car -1.0 -1.0 -1.0 -1.0 -1.0 -1.0 -1.0 2.164 1.703 4.097 2079.533 1.128 2590.074 -0.13864895570762537 0.0
28.0 4.0 Car -1.0 -1.0 -1.0 -1.0 -1.0 -1.0 -1.0 1.815 1.507 4.22 2043.922 1.086 2591.804 2.948384705139468 0.0
28.0 1.0 Car -1.0 -1.0 -1.0 -1.0 -1.0 -1.0 -1.0 1.833 1.525 4.488 2187.881 2.514 2572.652 2.993169853708192 0.0
28.0 6.0 Car -1.0 -1.0 -1.0 -1.0 -1.0 -1.0 -1.0 1.953 1.648 4.527 2205.635 3.051 2572.695 -0.22029109486681306 0.0
29.0 5.0 Car -1.0 -1.0 -1.0 -1.0 -1.0 -1.0 -1.0 2.029 1.826 4.512 2220.768 3.356 2569.769 -0.07726791923955802 0.0
29.0 2.0 Car -1.0 -1.0 -1.0 -1.0 -1.0 -1.0 -1.0 2.164 1.703 4.097 2084.732 0.971 2589.396 -0.13864895570762537 0.0
29.0 4.0 Car -1.0 -1.0 -1.0 -1.0 -1.0 -1.0 -1.0 1.815 1.507 4.22 2041.151 1.064 2592.387 2.948384705139468 0.0
29.0 1.0 Car -1.0 -1.0 -1.0 -1.0 -1.0 -1.0 -1.0 1.833 1.525 4.488 2184.087 2.114 2573.13 2.993169853708192 0.0
29.0 6.0 Car -1.0 -1.0 -1.0 -1.0 -1.0 -1.0 -1.0 1.953 1.648 4.527 2207.725 3.001 2571.776 -0.3948240200662463 0.0
30.0 5.0 Car -1.0 -1.0 -1.0 -1.0 -1.0 -1.0 -1.0 2.029 1.826 4.512 2223.322 3.249 2569.173 -0.004561920507018202 0.0
30.0 2.0 Car -1.0 -1.0 -1.0 -1.0 -1.0 -1.0 -1.0 2.164 1.703 4.097 2089.93 0.814 2588.718 -0.13864895570762537 0.0
30.0 1.0 Car -1.0 -1.0 -1.0 -1.0 -1.0 -1.0 -1.0 1.833 1.525 4.488 2179.434 1.914 2573.835 2.993169853708192 0.0
30.0 6.0 Car -1.0 -1.0 -1.0 -1.0 -1.0 -1.0 -1.0 1.953 1.648 4.527 2209.059 2.968 2570.531 -0.6399816178060544 0.0
31.0 5.0 Car -1.0 -1.0 -1.0 -1.0 -1.0 -1.0 -1.0 2.029 1.826 4.512 2225.06 3.349 2569.457 0.10015783461264172 0.0
31.0 2.0 Car -1.0 -1.0 -1.0 -1.0 -1.0 -1.0 -1.0 2.164 1.703 4.097 2095.129 0.657 2588.04 -0.13864895570762537 0.0
31.0 1.0 Car -1.0 -1.0 -1.0 -1.0 -1.0 -1.0 -1.0 1.833 1.525 4.488 2174.776 1.664 2574.506 3.010623146228135 0.0
31.0 6.0 Car -1.0 -1.0 -1.0 -1.0 -1.0 -1.0 -1.0 1.953 1.648 4.527 2209.851 2.985 2569.19 -0.8851490245963061 0.0
32.0 5.0 Car -1.0 -1.0 -1.0 -1.0 -1.0 -1.0 -1.0 2.029 1.826 4.512 2226.814 3.299 2569.958 0.20487758973230163 0.0
32.0 2.0 Car -1.0 -1.0 -1.0 -1.0 -1.0 -1.0 -1.0 2.164 1.703 4.097 2100.327 0.499 2587.362 -0.13864895570762537 0.0
32.0 1.0 Car -1.0 -1.0 -1.0 -1.0 -1.0 -1.0 -1.0 1.833 1.525 4.488 2170.021 1.414 2575.192 3.010623146228135 0.0
33.0 5.0 Car -1.0 -1.0 -1.0 -1.0 -1.0 -1.0 -1.0 2.029 1.826 4.512 2228.606 2.999 2570.499 0.27469075981207486 0.0
33.0 2.0 Car -1.0 -1.0 -1.0 -1.0 -1.0 -1.0 -1.0 2.164 1.703 4.097 2105.533 0.505 2586.737 -0.13864895570762537 0.0
33.0 1.0 Car -1.0 -1.0 -1.0 -1.0 -1.0 -1.0 -1.0 1.833 1.525 4.488 2165.067 1.114 2575.868 3.010623146228135 0.0
34.0 5.0 Car -1.0 -1.0 -1.0 -1.0 -1.0 -1.0 -1.0 2.029 1.826 4.512 2231.426 2.999 2571.449 0.30959734485196155 0.0
34.0 2.0 Car -1.0 -1.0 -1.0 -1.0 -1.0 -1.0 -1.0 2.164 1.703 4.097 2110.716 0.16 2585.945 -0.13864895570762537 0.0
34.0 1.0 Car -1.0 -1.0 -1.0 -1.0 -1.0 -1.0 -1.0 1.833 1.525 4.488 2160.089 0.764 2576.615 2.993169853708192 0.0
35.0 5.0 Car -1.0 -1.0 -1.0 -1.0 -1.0 -1.0 -1.0 2.029 1.826 4.512 2234.239 2.829 2572.397 0.30959734485196155 0.0
35.0 2.0 Car -1.0 -1.0 -1.0 -1.0 -1.0 -1.0 -1.0 2.164 1.703 4.097 2115.945 0.19 2585.488 -0.13864895570762537 0.0
35.0 1.0 Car -1.0 -1.0 -1.0 -1.0 -1.0 -1.0 -1.0 1.833 1.525 4.488 2155.107 0.714 2577.326 2.993169853708192 0.0
36.0 5.0 Car -1.0 -1.0 -1.0 -1.0 -1.0 -1.0 -1.0 2.029 1.826 4.512 2237.053 2.659 2573.345 0.30959734485196155 0.0
36.0 2.0 Car -1.0 -1.0 -1.0 -1.0 -1.0 -1.0 -1.0 2.164 1.703 4.097 2121.62 0.064 2584.715 -0.13864895570762537 0.0
36.0 1.0 Car -1.0 -1.0 -1.0 -1.0 -1.0 -1.0 -1.0 1.833 1.525 4.488 2150.217 0.464 2577.988 3.010623146228135 0.0
37.0 5.0 Car -1.0 -1.0 -1.0 -1.0 -1.0 -1.0 -1.0 2.029 1.826 4.512 2239.87 2.489 2574.295 0.30959734485196155 0.0
37.0 2.0 Car -1.0 -1.0 -1.0 -1.0 -1.0 -1.0 -1.0 2.164 1.703 4.097 2127.317 0.038 2584.052 -0.13864895570762537 0.0
37.0 1.0 Car -1.0 -1.0 -1.0 -1.0 -1.0 -1.0 -1.0 1.833 1.525 4.488 2145.386 0.264 2578.644 3.010623146228135 0.0
38.0 5.0 Car -1.0 -1.0 -1.0 -1.0 -1.0 -1.0 -1.0 2.029 1.826 4.512 2242.68 2.319 2575.242 0.30959734485196155 0.0
38.0 2.0 Car -1.0 -1.0 -1.0 -1.0 -1.0 -1.0 -1.0 2.164 1.703 4.097 2133.001 0.012 2583.391 -0.13864895570762537 0.0
38.0 1.0 Car -1.0 -1.0 -1.0 -1.0 -1.0 -1.0 -1.0 1.833 1.525 4.488 2140.829 0.114 2579.297 3.010623146228135 0.0
