0.0 2.0 Truck -1.0 -1.0 -1.0 -1.0 -1.0 -1.0 -1.0 2.817 4.482 10.091 1352.512 2.282 1453.864 2.6600388596711286 0.0
0.0 0.0 Car -1.0 -1.0 -1.0 -1.0 -1.0 -1.0 -1.0 1.95 1.707 4.446 1317.593 0.994 1461.539 -0.4855331446316882 0.0
0.0 1.0 Truck -1.0 -1.0 -1.0 -1.0 -1.0 -1.0 -1.0 2.654 3.821 10.786 1364.1 1.85 1451.863 2.683914963821986 0.0
1.0 2.0 Truck -1.0 -1.0 -1.0 -1.0 -1.0 -1.0 -1.0 2.817 4.482 10.091 1352.477 2.305 1453.865 2.6600388596711286 1.0
1.0 0.0 Car -1.0 -1.0 -1.0 -1.0 -1.0 -1.0 -1.0 1.95 1.707 4.446 1317.607 1.002 1461.51 -0.4855331446316882 1.0
1.0 1.0 Truck -1.0 -1.0 -1.0 -1.0 -1.0 -1.0 -1.0 2.654 3.821 10.786 1364.081 1.806 1451.866 2.6822197878317064 1.0
2.0 2.0 Truck -1.0 -1.0 -1.0 -1.0 -1.0 -1.0 -1.0 2.817 4.482 10.091 1352.442 2.328 1453.866 2.6600388596711286 1.0
2.0 0.0 Car -1.0 -1.0 -1.0 -1.0 -1.0 -1.0 -1.0 1.95 1.707 4.446 1317.622 1.01 1461.48 -0.4855331446316882 1.0
2.0 1.0 Truck -1.0 -1.0 -1.0 -1.0 -1.0 -1.0 -1.0 2.654 3.821 10.786 1364.062 1.762 1451.869 2.6805246796628444 1.0
3.0 2.0 Truck -1.0 -1.0 -1.0 -1.0 -1.0 -1.0 -1.0 2.817 4.482 10.091 1352.308 2.353 1453.917 2.6600388596711286 1.0
3.0 0.0 Car -1.0 -1.0 -1.0 -1.0 -1.0 -1.0 -1.0 1.95 1.707 4.446 1319.016 0.916 1460.721 -0.4855331446316882 1.0
3.0 1.0 Truck -1.0 -1.0 -1.0 -1.0 -1.0 -1.0 -1.0 2.654 3.821 10.786 1364.161 1.713 1451.812 2.678660855544112 1.0
4.0 2.0 Truck -1.0 -1.0 -1.0 -1.0 -1.0 -1.0 -1.0 2.817 4.482 10.091 1351.787 2.375 1454.171 2.6600388596711286 1.0
4.0 3.0 Car -1.0 -1.0 -1.0 -1.0 -1.0 -1.0 -1.0 2.037 1.562 4.4 1401.189 0.661 1426.949 2.646634730979791 0.0
4.0 0.0 Car -1.0 -1.0 -1.0 -1.0 -1.0 -1.0 -1.0 1.95 1.707 4.446 1320.385 0.925 1459.976 -0.4855331446316882 0.0
4.0 1.0 Truck -1.0 -1.0 -1.0 -1.0 -1.0 -1.0 -1.0 2.654 3.821 10.786 1364.252 1.669 1451.761 2.6769676429838762 1.0
5.0 2.0 Truck -1.0 -1.0 -1.0 -1.0 -1.0 -1.0 -1.0 2.817 4.482 10.091 1351.266 2.398 1454.426 2.6600388596711286 1.0
5.0 3.0 Car -1.0 -1.0 -1.0 -1.0 -1.0 -1.0 -1.0 2.037 1.562 4.4 1397.776 0.673 1428.814 2.646634730979791 1.0
5.0 0.0 Car -1.0 -1.0 -1.0 -1.0 -1.0 -1.0 -1.0 1.95 1.707 4.446 1322.182 0.958 1459.007 -0.4855331446316882 0.0
5.0 1.0 Truck -1.0 -1.0 -1.0 -1.0 -1.0 -1.0 -1.0 2.654 3.821 10.786 1364.342 1.625 1451.71 2.6752724669935963 1.0
6.0 2.0 Truck -1.0 -1.0 -1.0 -1.0 -1.0 -1.0 -1.0 2.817 4.482 10.091 1350.199 2.381 1455.011 2.655681581722826 1.0
6.0 3.0 Car -1.0 -1.0 -1.0 -1.0 -1.0 -1.0 -1.0 2.037 1.562 4.4 1394.367 0.685 1430.677 2.646634730979791 1.0
6.0 0.0 Car -1.0 -1.0 -1.0 -1.0 -1.0 -1.0 -1.0 1.95 1.707 4.446 1324.905 0.891 1457.548 -0.4855331446316882 0.0
6.0 1.0 Truck -1.0 -1.0 -1.0 -1.0 -1.0 -1.0 -1.0 2.654 3.821 10.786 1364.019 1.66 1451.866 2.6769986832860804 1.0
7.0 2.0 Truck -1.0 -1.0 -1.0 -1.0 -1.0 -1.0 -1.0 2.817 4.482 10.091 1349.129 2.365 1455.598 2.651314399362816 1.0
7.0 3.0 Car -1.0 -1.0 -1.0 -1.0 -1.0 -1.0 -1.0 2.037 1.562 4.4 1390.958 0.697 1432.54 2.646634730979791 1.0
7.0 0.0 Car -1.0 -1.0 -1.0 -1.0 -1.0 -1.0 -1.0 1.95 1.707 4.446 1327.635 0.891 1456.086 -0.4855331446316882 0.0
7.0 1.0 Truck -1.0 -1.0 -1.0 -1.0 -1.0 -1.0 -1.0 2.654 3.821 10.786 1363.695 1.695 1452.023 2.678728823394547 1.0
8.0 2.0 Truck -1.0 -1.0 -1.0 -1.0 -1.0 -1.0 -1.0 2.817 4.482 10.091 1347.815 2.348 1456.314 2.6469524789942236 1.0
8.0 3.0 Car -1.0 -1.0 -1.0 -1.0 -1.0 -1.0 -1.0 2.037 1.562 4.4 1387.553 0.71 1434.4 2.646634730979791 1.0
8.0 0.0 Car -1.0 -1.0 -1.0 -1.0 -1.0 -1.0 -1.0 1.95 1.707 4.446 1330.362 0.891 1454.625 -0.4855331446316882 0.0
8.0 1.0 Truck -1.0 -1.0 -1.0 -1.0 -1.0 -1.0 -1.0 2.654 3.821 10.786 1363.372 1.73 1452.18 2.6804568788677385 1.0
9.0 2.0 Truck -1.0 -1.0 -1.0 -1.0 -1.0 -1.0 -1.0 2.817 4.482 10.091 1346.5 2.332 1457.031 2.642585567151185 1.0
9.0 3.0 Car -1.0 -1.0 -1.0 -1.0 -1.0 -1.0 -1.0 2.037 1.562 4.4 1384.091 0.722 1436.292 2.646634730979791 1.0
9.0 0.0 Car -1.0 -1.0 -1.0 -1.0 -1.0 -1.0 -1.0 1.95 1.707 4.446 1333.091 0.89 1453.163 -0.4855331446316882 0.0
9.0 1.0 Truck -1.0 -1.0 -1.0 -1.0 -1.0 -1.0 -1.0 2.654 3.821 10.786 1362.827 1.765 1452.448 2.682186911805901 1.0
10.0 2.0 Truck -1.0 -1.0 -1.0 -1.0 -1.0 -1.0 -1.0 2.817 4.482 10.091 1344.83 2.315 1457.964 2.642585567151185 1.0
10.0 3.0 Car -1.0 -1.0 -1.0 -1.0 -1.0 -1.0 -1.0 2.037 1.562 4.4 1380.634 0.734 1438.181 2.646634730979791 1.0
10.0 0.0 Car -1.0 -1.0 -1.0 -1.0 -1.0 -1.0 -1.0 1.95 1.707 4.446 1336.365 0.69 1451.436 -0.4855331446316882 0.0
10.0 1.0 Truck -1.0 -1.0 -1.0 -1.0 -1.0 -1.0 -1.0 2.654 3.821 10.786 1362.282 1.8 1452.715 2.683914963821986 1.0
11.0 2.0 Truck -1.0 -1.0 -1.0 -1.0 -1.0 -1.0 -1.0 2.817 4.482 10.091 1342.977 2.299 1458.996 2.642585567151185 1.0
11.0 3.0 Car -1.0 -1.0 -1.0 -1.0 -1.0 -1.0 -1.0 2.037 1.562 4.4 1377.176 0.747 1440.071 2.646634730979791 1.0
11.0 0.0 Car -1.0 -1.0 -1.0 -1.0 -1.0 -1.0 -1.0 1.95 1.707 4.446 1339.639 0.49 1449.708 -0.4855331446316882 0.0
11.0 1.0 Truck -1.0 -1.0 -1.0 -1.0 -1.0 -1.0 -1.0 2.654 3.821 10.786 1361.348 1.795 1453.136 2.675191618719534 1.0
12.0 2.0 Truck -1.0 -1.0 -1.0 -1.0 -1.0 -1.0 -1.0 2.817 4.482 10.091 1341.121 2.282 1460.029 2.642585567151185 1.0
12.0 3.0 Car -1.0 -1.0 -1.0 -1.0 -1.0 -1.0 -1.0 2.037 1.562 4.4 1373.714 0.759 1441.963 2.646634730979791 1.0
12.0 0.0 Car -1.0 -1.0 -1.0 -1.0 -1.0 -1.0 -1.0 1.95 1.707 4.446 1342.916 0.29 1447.979 -0.4855331446316882 0.0
12.0 1.0 Truck -1.0 -1.0 -1.0 -1.0 -1.0 -1.0 -1.0 2.654 3.821 10.786 1360.413 1.79 1453.558 2.6664585882826843 1.0
13.0 2.0 Truck -1.0 -1.0 -1.0 -1.0 -1.0 -1.0 -1.0 2.817 4.482 10.091 1339.102 2.274 1461.142 2.6382234482502143 1.0
13.0 3.0 Car -1.0 -1.0 -1.0 -1.0 -1.0 -1.0 -1.0 2.037 1.562 4.4 1370.255 0.771 1443.852 2.646634730979791 1.0
13.0 0.0 Car -1.0 -1.0 -1.0 -1.0 -1.0 -1.0 -1.0 1.95 1.707 4.446 1344.837 0.09 1446.965 -0.4855331446316882 0.0
13.0 1.0 Truck -1.0 -1.0 -1.0 -1.0 -1.0 -1.0 -1.0 2.654 3.821 10.786 1359.479 1.785 1453.979 2.6577351210228617 1.0
14.0 2.0 Truck -1.0 -1.0 -1.0 -1.0 -1.0 -1.0 -1.0 2.817 4.482 10.091 1337.082 2.266 1462.256 2.6338613293492434 1.0
14.0 3.0 Car -1.0 -1.0 -1.0 -1.0 -1.0 -1.0 -1.0 2.037 1.562 4.4 1366.727 0.783 1445.779 2.646634730979791 1.0
14.0 0.0 Car -1.0 -1.0 -1.0 -1.0 -1.0 -1.0 -1.0 1.95 1.707 4.446 1346.758 -0.11 1445.952 -0.4855331446316882 0.0
14.0 1.0 Truck -1.0 -1.0 -1.0 -1.0 -1.0 -1.0 -1.0 2.654 3.821 10.786 1358.431 1.823 1454.555 2.649011653763039 1.0
15.0 2.0 Truck -1.0 -1.0 -1.0 -1.0 -1.0 -1.0 -1.0 2.817 4.482 10.091 1335.045 2.213 1463.38 2.6299335269866155 1.0
15.0 3.0 Car -1.0 -1.0 -1.0 -1.0 -1.0 -1.0 -1.0 2.037 1.562 4.4 1363.551 0.794 1447.515 2.646634730979791 1.0
15.0 0.0 Car -1.0 -1.0 -1.0 -1.0 -1.0 -1.0 -1.0 1.95 1.707 4.446 1348.488 -0.29 1445.039 -0.4855331446316882 0.0
15.0 1.0 Truck -1.0 -1.0 -1.0 -1.0 -1.0 -1.0 -1.0 2.654 3.821 10.786 1357.351 1.799 1455.032 2.641156742860494 1.0
16.0 2.0 Truck -1.0 -1.0 -1.0 -1.0 -1.0 -1.0 -1.0 2.817 4.482 10.091 1332.555 2.149 1464.754 2.625132274631242 1.0
16.0 3.0 Car -1.0 -1.0 -1.0 -1.0 -1.0 -1.0 -1.0 2.037 1.562 4.4 1359.667 0.808 1449.636 2.646634730979791 1.0
16.0 1.0 Truck -1.0 -1.0 -1.0 -1.0 -1.0 -1.0 -1.0 2.654 3.821 10.786 1356.031 1.77 1455.616 2.6315550862621553 1.0
17.0 2.0 Truck -1.0 -1.0 -1.0 -1.0 -1.0 -1.0 -1.0 2.817 4.482 10.091 1330.067 2.141 1466.173 2.629495532366639 1.0
17.0 3.0 Car -1.0 -1.0 -1.0 -1.0 -1.0 -1.0 -1.0 2.037 1.562 4.4 1356.136 0.82 1451.565 2.646634730979791 1.0
17.0 1.0 Truck -1.0 -1.0 -1.0 -1.0 -1.0 -1.0 -1.0 2.654 3.821 10.786 1354.366 1.765 1456.463 2.6315550862621553 1.0
18.0 2.0 Truck -1.0 -1.0 -1.0 -1.0 -1.0 -1.0 -1.0 2.817 4.482 10.091 1327.578 2.132 1467.592 2.633858833698429 1.0
18.0 3.0 Car -1.0 -1.0 -1.0 -1.0 -1.0 -1.0 -1.0 2.037 1.562 4.4 1352.604 0.833 1453.495 2.646634730979791 1.0
18.0 1.0 Truck -1.0 -1.0 -1.0 -1.0 -1.0 -1.0 -1.0 2.654 3.821 10.786 1352.701 1.761 1457.309 2.6315550862621553 1.0
19.0 2.0 Truck -1.0 -1.0 -1.0 -1.0 -1.0 -1.0 -1.0 2.817 4.482 10.091 1324.968 1.924 1469.079 2.6382223181350666 1.0
19.0 3.0 Car -1.0 -1.0 -1.0 -1.0 -1.0 -1.0 -1.0 2.037 1.562 4.4 1349.072 0.845 1455.424 2.646634730979791 1.0
19.0 1.0 Truck -1.0 -1.0 -1.0 -1.0 -1.0 -1.0 -1.0 2.654 3.821 10.786 1350.873 1.756 1458.246 2.6315550862621553 1.0
20.0 2.0 Truck -1.0 -1.0 -1.0 -1.0 -1.0 -1.0 -1.0 2.817 4.482 10.091 1322.359 1.716 1470.565 2.642585567151185 1.0
20.0 3.0 Car -1.0 -1.0 -1.0 -1.0 -1.0 -1.0 -1.0 2.037 1.562 4.4 1345.602 0.877 1457.437 2.646634730979791 1.0
20.0 1.0 Truck -1.0 -1.0 -1.0 -1.0 -1.0 -1.0 -1.0 2.654 3.821 10.786 1349.046 1.751 1459.183 2.6315550862621553 1.0
21.0 2.0 Truck -1.0 -1.0 -1.0 -1.0 -1.0 -1.0 -1.0 2.817 4.482 10.091 1319.528 1.857 1472.112 2.638222167644447 1.0
21.0 3.0 Car -1.0 -1.0 -1.0 -1.0 -1.0 -1.0 -1.0 2.037 1.562 4.4 1342.137 0.908 1459.447 2.646634730979791 1.0
21.0 1.0 Truck -1.0 -1.0 -1.0 -1.0 -1.0 -1.0 -1.0 2.654 3.821 10.786 1347.221 1.746 1460.12 2.6315550862621553 1.0
22.0 2.0 Truck -1.0 -1.0 -1.0 -1.0 -1.0 -1.0 -1.0 2.817 4.482 10.091 1316.697 1.999 1473.658 2.6338587768664805 1.0
22.0 3.0 Car -1.0 -1.0 -1.0 -1.0 -1.0 -1.0 -1.0 2.037 1.562 4.4 1338.644 0.94 1461.473 2.646634730979791 1.0
22.0 1.0 Truck -1.0 -1.0 -1.0 -1.0 -1.0 -1.0 -1.0 2.654 3.821 10.786 1345.153 1.741 1461.293 2.6315550862621553 1.0
23.0 2.0 Truck -1.0 -1.0 -1.0 -1.0 -1.0 -1.0 -1.0 2.817 4.482 10.091 1313.745 1.891 1475.272 2.629495508291318 1.0
23.0 3.0 Car -1.0 -1.0 -1.0 -1.0 -1.0 -1.0 -1.0 2.037 1.562 4.4 1335.152 0.972 1463.498 2.646634730979791 1.0
23.0 1.0 Truck -1.0 -1.0 -1.0 -1.0 -1.0 -1.0 -1.0 2.654 3.821 10.786 1343.086 1.736 1462.467 2.6315550862621553 1.0
24.0 2.0 Truck -1.0 -1.0 -1.0 -1.0 -1.0 -1.0 -1.0 2.817 4.482 10.091 1310.792 1.782 1476.886 2.625132274631242 1.0
24.0 3.0 Car -1.0 -1.0 -1.0 -1.0 -1.0 -1.0 -1.0 2.037 1.562 4.4 1331.84 0.979 1465.348 2.646634730979791 1.0
24.0 1.0 Truck -1.0 -1.0 -1.0 -1.0 -1.0 -1.0 -1.0 2.654 3.821 10.786 1341.019 1.731 1463.64 2.6315550862621553 1.0
25.0 2.0 Truck -1.0 -1.0 -1.0 -1.0 -1.0 -1.0 -1.0 2.817 4.482 10.091 1307.664 1.799 1478.621 2.6309439451724534 1.0
25.0 3.0 Car -1.0 -1.0 -1.0 -1.0 -1.0 -1.0 -1.0 2.037 1.562 4.4 1328.535 0.986 1467.194 2.646634730979791 1.0
25.0 1.0 Truck -1.0 -1.0 -1.0 -1.0 -1.0 -1.0 -1.0 2.654 3.821 10.786 1338.957 1.726 1464.811 2.6315550862621553 1.0
26.0 2.0 Truck -1.0 -1.0 -1.0 -1.0 -1.0 -1.0 -1.0 2.817 4.482 10.091 1304.533 1.816 1480.357 2.6367613481553374 1.0
26.0 3.0 Car -1.0 -1.0 -1.0 -1.0 -1.0 -1.0 -1.0 2.037 1.562 4.4 1325.228 0.992 1469.042 2.646634730979791 1.0
26.0 1.0 Truck -1.0 -1.0 -1.0 -1.0 -1.0 -1.0 -1.0 2.654 3.821 10.786 1336.892 1.721 1465.983 2.6315550862621553 1.0
27.0 2.0 Truck -1.0 -1.0 -1.0 -1.0 -1.0 -1.0 -1.0 2.817 4.482 10.091 1301.398 1.832 1482.096 2.642585567151185 0.0
27.0 3.0 Car -1.0 -1.0 -1.0 -1.0 -1.0 -1.0 -1.0 2.037 1.562 4.4 1321.916 0.999 1470.892 2.646634730979791 0.0
27.0 1.0 Truck -1.0 -1.0 -1.0 -1.0 -1.0 -1.0 -1.0 2.654 3.821 10.786 1334.674 1.701 1467.27 2.6271923566093975 0.0
28.0 2.0 Truck -1.0 -1.0 -1.0 -1.0 -1.0 -1.0 -1.0 2.817 4.482 10.091 1298.031 1.866 1483.935 2.6484015668132654 0.0
28.0 3.0 Car -1.0 -1.0 -1.0 -1.0 -1.0 -1.0 -1.0 2.037 1.562 4.4 1318.551 1.006 1472.771 2.646634730979791 0.0
28.0 1.0 Truck -1.0 -1.0 -1.0 -1.0 -1.0 -1.0 -1.0 2.654 3.821 10.786 1332.457 1.681 1468.556 2.6228293564008447 0.0
29.0 2.0 Truck -1.0 -1.0 -1.0 -1.0 -1.0 -1.0 -1.0 2.817 4.482 10.091 1294.66 1.899 1485.776 2.654223174130829 0.0
29.0 3.0 Car -1.0 -1.0 -1.0 -1.0 -1.0 -1.0 -1.0 2.037 1.562 4.4 1315.182 1.013 1474.651 2.646634730979791 0.0
29.0 1.0 Truck -1.0 -1.0 -1.0 -1.0 -1.0 -1.0 -1.0 2.654 3.821 10.786 1330.108 1.704 1469.918 2.6184621494860565 0.0
30.0 2.0 Truck -1.0 -1.0 -1.0 -1.0 -1.0 -1.0 -1.0 2.817 4.482 10.091 1291.293 1.932 1487.615 2.6600388596711286 0.0
30.0 3.0 Car -1.0 -1.0 -1.0 -1.0 -1.0 -1.0 -1.0 2.037 1.562 4.4 1311.817 1.02 1476.53 2.646634730979791 0.0
30.0 1.0 Truck -1.0 -1.0 -1.0 -1.0 -1.0 -1.0 -1.0 2.654 3.821 10.786 1327.761 1.726 1471.278 2.6140993849228735 0.0
31.0 2.0 Truck -1.0 -1.0 -1.0 -1.0 -1.0 -1.0 -1.0 2.817 4.482 10.091 1288.18 1.932 1489.313 2.6548066857956587 0.0
31.0 3.0 Car -1.0 -1.0 -1.0 -1.0 -1.0 -1.0 -1.0 2.037 1.562 4.4 1308.615 1.026 1478.315 2.646634730979791 0.0
31.0 1.0 Truck -1.0 -1.0 -1.0 -1.0 -1.0 -1.0 -1.0 2.654 3.821 10.786 1325.565 1.746 1472.59 2.61017576732572 0.0
32.0 2.0 Truck -1.0 -1.0 -1.0 -1.0 -1.0 -1.0 -1.0 2.817 4.482 10.091 1284.263 1.932 1491.447 2.6484034748638945 0.0
32.0 3.0 Car -1.0 -1.0 -1.0 -1.0 -1.0 -1.0 -1.0 2.037 1.562 4.4 1304.697 1.033 1480.499 2.646634730979791 0.0
32.0 1.0 Truck -1.0 -1.0 -1.0 -1.0 -1.0 -1.0 -1.0 2.654 3.821 10.786 1322.877 1.771 1474.197 2.6053739867106023 0.0
33.0 2.0 Truck -1.0 -1.0 -1.0 -1.0 -1.0 -1.0 -1.0 2.817 4.482 10.091 1280.704 1.932 1493.386 2.642585567151185 0.0
33.0 3.0 Car -1.0 -1.0 -1.0 -1.0 -1.0 -1.0 -1.0 2.037 1.562 4.4 1301.136 1.04 1482.483 2.646634730979791 0.0
33.0 1.0 Truck -1.0 -1.0 -1.0 -1.0 -1.0 -1.0 -1.0 2.654 3.821 10.786 1320.39 1.751 1475.64 2.6184648900171306 0.0
34.0 2.0 Truck -1.0 -1.0 -1.0 -1.0 -1.0 -1.0 -1.0 2.817 4.482 10.091 1277.088 1.949 1495.436 2.642585567151185 0.0
34.0 3.0 Car -1.0 -1.0 -1.0 -1.0 -1.0 -1.0 -1.0 2.037 1.562 4.4 1297.576 1.047 1484.467 2.646634730979791 0.0
34.0 1.0 Truck -1.0 -1.0 -1.0 -1.0 -1.0 -1.0 -1.0 2.654 3.821 10.786 1317.902 1.731 1477.083 2.6315550862621544 0.0
35.0 2.0 Truck -1.0 -1.0 -1.0 -1.0 -1.0 -1.0 -1.0 2.817 4.482 10.091 1273.467 1.966 1497.488 2.642585567151185 0.0
35.0 3.0 Car -1.0 -1.0 -1.0 -1.0 -1.0 -1.0 -1.0 2.037 1.562 4.4 1293.89 1.097 1486.457 2.646634730979791 0.0
35.0 1.0 Truck -1.0 -1.0 -1.0 -1.0 -1.0 -1.0 -1.0 2.654 3.821 10.786 1315.185 1.731 1478.604 2.6350474754128124 0.0
36.0 2.0 Truck -1.0 -1.0 -1.0 -1.0 -1.0 -1.0 -1.0 2.817 4.482 10.091 1269.846 1.982 1499.54 2.642585567151185 0.0
36.0 3.0 Car -1.0 -1.0 -1.0 -1.0 -1.0 -1.0 -1.0 2.037 1.562 4.4 1290.098 1.047 1488.504 2.646634730979791 0.0
36.0 1.0 Truck -1.0 -1.0 -1.0 -1.0 -1.0 -1.0 -1.0 2.654 3.821 10.786 1312.467 1.732 1480.124 2.638539641254222 0.0
37.0 2.0 Truck -1.0 -1.0 -1.0 -1.0 -1.0 -1.0 -1.0 2.817 4.482 10.091 1266.145 1.999 1501.635 2.6367635254382193 0.0
37.0 3.0 Car -1.0 -1.0 -1.0 -1.0 -1.0 -1.0 -1.0 2.037 1.562 4.4 1286.2 1.047 1490.608 2.646634730979791 0.0
37.0 1.0 Truck -1.0 -1.0 -1.0 -1.0 -1.0 -1.0 -1.0 2.654 3.821 10.786 1309.749 1.732 1481.645 2.6420317861603904 0.0
38.0 2.0 Truck -1.0 -1.0 -1.0 -1.0 -1.0 -1.0 -1.0 2.817 4.482 10.091 1262.537 2.016 1503.679 2.6309478476804378 0.0
38.0 3.0 Car -1.0 -1.0 -1.0 -1.0 -1.0 -1.0 -1.0 2.037 1.562 4.4 1282.625 1.047 1492.537 2.646634730979791 0.0
38.0 1.0 Truck -1.0 -1.0 -1.0 -1.0 -1.0 -1.0 -1.0 2.654 3.821 10.786 1307.089 1.732 1483.134 2.645520113874107 0.0
