0.0 0.0 Truck -1.0 -1.0 -1.0 -1.0 -1.0 -1.0 -1.0 2.632 3.868 5.604 2007.281 2.842 1000.951 2.6646290751377832 0.0
0.0 1.0 Car -1.0 -1.0 -1.0 -1.0 -1.0 -1.0 -1.0 1.967 1.671 4.567 1915.076 0.968 1053.351 -0.5835508357832158 0.0
1.0 0.0 Truck -1.0 -1.0 -1.0 -1.0 -1.0 -1.0 -1.0 2.632 3.868 5.604 2001.406 2.737 1004.377 2.6262368834304914 1.0
1.0 1.0 Car -1.0 -1.0 -1.0 -1.0 -1.0 -1.0 -1.0 1.967 1.671 4.567 1919.583 0.971 1050.485 -0.5835508357832158 1.0
2.0 0.0 Truck -1.0 -1.0 -1.0 -1.0 -1.0 -1.0 -1.0 2.632 3.868 5.604 1998.336 2.583 1006.628 2.6140215840778342 0.0
2.0 1.0 Car -1.0 -1.0 -1.0 -1.0 -1.0 -1.0 -1.0 1.967 1.671 4.567 1924.011 0.973 1047.671 -0.5835508357832158 1.0
3.0 0.0 Truck -1.0 -1.0 -1.0 -1.0 -1.0 -1.0 -1.0 2.632 3.868 5.604 1995.19 2.495 1008.507 2.6017930157520643 0.0
3.0 1.0 Car -1.0 -1.0 -1.0 -1.0 -1.0 -1.0 -1.0 1.967 1.671 4.567 1928.444 0.975 1044.854 -0.5835508357832158 1.0
4.0 0.0 Truck -1.0 -1.0 -1.0 -1.0 -1.0 -1.0 -1.0 2.632 3.868 5.604 1992.127 2.407 1010.507 2.5895914007915675 0.0
4.0 1.0 Car -1.0 -1.0 -1.0 -1.0 -1.0 -1.0 -1.0 1.967 1.671 4.567 1932.85 0.961 1042.055 -0.5835508357832158 1.0
5.0 0.0 Truck -1.0 -1.0 -1.0 -1.0 -1.0 -1.0 -1.0 2.632 3.868 5.604 1989.057 2.319 1012.511 2.5773626125380664 0.0
5.0 1.0 Car -1.0 -1.0 -1.0 -1.0 -1.0 -1.0 -1.0 1.967 1.671 4.567 1937.266 0.947 1039.25 -0.5835508357832158 1.0
6.0 0.0 Truck -1.0 -1.0 -1.0 -1.0 -1.0 -1.0 -1.0 2.632 3.868 5.604 1985.84 2.254 1014.471 2.5717230569379224 0.0
6.0 1.0 Car -1.0 -1.0 -1.0 -1.0 -1.0 -1.0 -1.0 1.967 1.671 4.567 1941.584 0.932 1036.509 -0.5835508357832158 1.0
7.0 2.0 Car -1.0 -1.0 -1.0 -1.0 -1.0 -1.0 -1.0 1.765 1.902 4.327 2026.824 1.589 990.207 2.5948159050580077 0.0
7.0 0.0 Truck -1.0 -1.0 -1.0 -1.0 -1.0 -1.0 -1.0 2.632 3.868 5.604 1982.364 2.184 1016.702 2.5829893695395567 0.0
7.0 1.0 Car -1.0 -1.0 -1.0 -1.0 -1.0 -1.0 -1.0 1.967 1.671 4.567 1946.322 0.917 1033.502 -0.5835508357832158 1.0
8.0 2.0 Car -1.0 -1.0 -1.0 -1.0 -1.0 -1.0 -1.0 1.765 1.902 4.327 2023.552 1.497 992.126 2.5948159050580077 1.0
8.0 0.0 Truck -1.0 -1.0 -1.0 -1.0 -1.0 -1.0 -1.0 2.632 3.868 5.604 1979.265 2.119 1018.83 2.5599093200181233 0.0
8.0 1.0 Car -1.0 -1.0 -1.0 -1.0 -1.0 -1.0 -1.0 1.967 1.671 4.567 1950.655 0.915 1030.766 -0.5791899314084197 1.0
9.0 2.0 Car -1.0 -1.0 -1.0 -1.0 -1.0 -1.0 -1.0 1.765 1.902 4.327 2020.124 1.405 994.14 2.5948159050580077 0.0
9.0 0.0 Truck -1.0 -1.0 -1.0 -1.0 -1.0 -1.0 -1.0 2.632 3.868 5.604 1975.696 1.943 1021.248 2.5599093200181233 0.0
9.0 1.0 Car -1.0 -1.0 -1.0 -1.0 -1.0 -1.0 -1.0 1.967 1.671 4.567 1954.993 0.913 1028.028 -0.574824063023875 1.0
10.0 2.0 Car -1.0 -1.0 -1.0 -1.0 -1.0 -1.0 -1.0 1.765 1.902 4.327 2016.649 1.339 996.305 2.5948159050580077 0.0
10.0 0.0 Truck -1.0 -1.0 -1.0 -1.0 -1.0 -1.0 -1.0 2.632 3.868 5.604 1971.126 2.071 1024.231 2.5599093200181233 0.0
10.0 1.0 Car -1.0 -1.0 -1.0 -1.0 -1.0 -1.0 -1.0 1.967 1.671 4.567 1959.33 0.911 1025.29 -0.5704584301898804 1.0
11.0 2.0 Car -1.0 -1.0 -1.0 -1.0 -1.0 -1.0 -1.0 1.765 1.902 4.327 2013.808 1.272 998.015 2.5948159050580077 0.0
11.0 0.0 Truck -1.0 -1.0 -1.0 -1.0 -1.0 -1.0 -1.0 2.632 3.868 5.604 1969.475 1.998 1025.296 2.5599093200181233 0.0
11.0 1.0 Car -1.0 -1.0 -1.0 -1.0 -1.0 -1.0 -1.0 1.967 1.671 4.567 1963.686 0.91 1022.59 -0.5660975432632736 1.0
12.0 2.0 Car -1.0 -1.0 -1.0 -1.0 -1.0 -1.0 -1.0 1.765 1.902 4.327 2010.64 1.205 999.941 2.5948159050580077 0.0
12.0 0.0 Truck -1.0 -1.0 -1.0 -1.0 -1.0 -1.0 -1.0 2.632 3.868 5.604 1967.534 2.011 1026.428 2.5599093200181233 0.0
12.0 1.0 Car -1.0 -1.0 -1.0 -1.0 -1.0 -1.0 -1.0 1.967 1.671 4.567 1967.971 0.908 1019.841 -0.5660975432632736 1.0
13.0 2.0 Car -1.0 -1.0 -1.0 -1.0 -1.0 -1.0 -1.0 1.765 1.902 4.327 2007.476 1.139 1001.864 2.5948159050580077 0.0
13.0 0.0 Truck -1.0 -1.0 -1.0 -1.0 -1.0 -1.0 -1.0 2.632 3.868 5.604 1961.895 1.996 1029.833 2.5773626125380664 0.0
13.0 1.0 Car -1.0 -1.0 -1.0 -1.0 -1.0 -1.0 -1.0 1.967 1.671 4.567 1972.251 0.906 1017.096 -0.5660975432632736 1.0
14.0 2.0 Car -1.0 -1.0 -1.0 -1.0 -1.0 -1.0 -1.0 1.765 1.902 4.327 2004.311 1.072 1003.788 2.5948159050580077 0.0
14.0 1.0 Car -1.0 -1.0 -1.0 -1.0 -1.0 -1.0 -1.0 1.967 1.671 4.567 1976.531 0.904 1014.351 -0.5660975432632736 1.0
15.0 2.0 Car -1.0 -1.0 -1.0 -1.0 -1.0 -1.0 -1.0 1.765 1.902 4.327 2001.274 1.072 1005.646 2.5948159050580077 0.0
15.0 1.0 Car -1.0 -1.0 -1.0 -1.0 -1.0 -1.0 -1.0 1.967 1.671 4.567 1980.807 0.903 1011.609 -0.5660975432632736 1.0
16.0 2.0 Car -1.0 -1.0 -1.0 -1.0 -1.0 -1.0 -1.0 1.765 1.902 4.327 1998.231 0.972 1007.507 2.5948159050580077 0.0
16.0 1.0 Car -1.0 -1.0 -1.0 -1.0 -1.0 -1.0 -1.0 1.967 1.671 4.567 1985.029 0.886 1008.926 -0.5626030972036217 1.0
17.0 2.0 Car -1.0 -1.0 -1.0 -1.0 -1.0 -1.0 -1.0 1.765 1.902 4.327 1994.986 1.005 1009.509 2.5948159050580077 0.0
17.0 1.0 Car -1.0 -1.0 -1.0 -1.0 -1.0 -1.0 -1.0 1.967 1.671 4.567 1989.248 0.869 1006.247 -0.5591124847871468 1.0
18.0 2.0 Car -1.0 -1.0 -1.0 -1.0 -1.0 -1.0 -1.0 1.765 1.902 4.327 1991.749 1.039 1011.523 2.5948159050580077 0.0
18.0 1.0 Car -1.0 -1.0 -1.0 -1.0 -1.0 -1.0 -1.0 1.967 1.671 4.567 1993.513 0.894 1003.643 -0.5556218863365849 1.0
19.0 2.0 Car -1.0 -1.0 -1.0 -1.0 -1.0 -1.0 -1.0 1.765 1.902 4.327 1988.512 1.072 1013.538 2.5948159050580077 0.0
19.0 1.0 Car -1.0 -1.0 -1.0 -1.0 -1.0 -1.0 -1.0 1.967 1.671 4.567 1997.779 0.919 1001.038 -0.5521304708801001 1.0
20.0 2.0 Car -1.0 -1.0 -1.0 -1.0 -1.0 -1.0 -1.0 1.765 1.902 4.327 1984.979 1.039 1015.715 2.5948159050580077 0.0
20.0 1.0 Car -1.0 -1.0 -1.0 -1.0 -1.0 -1.0 -1.0 1.967 1.671 4.567 2002.039 0.944 998.437 -0.5486442507433306 1.0
21.0 1.0 Car -1.0 -1.0 -1.0 -1.0 -1.0 -1.0 -1.0 1.967 1.671 4.567 2006.252 0.927 995.852 -0.5442821798733082 1.0
22.0 1.0 Car -1.0 -1.0 -1.0 -1.0 -1.0 -1.0 -1.0 1.967 1.671 4.567 2010.47 0.91 993.265 -0.5399151435961835 1.0
23.0 1.0 Car -1.0 -1.0 -1.0 -1.0 -1.0 -1.0 -1.0 1.967 1.671 4.567 2014.694 0.943 990.71 -0.5355579334146605 1.0
24.0 1.0 Car -1.0 -1.0 -1.0 -1.0 -1.0 -1.0 -1.0 1.967 1.671 4.567 2018.928 0.977 988.15 -0.5311909582233874 1.0
25.0 1.0 Car -1.0 -1.0 -1.0 -1.0 -1.0 -1.0 -1.0 1.967 1.671 4.567 2023.296 0.972 985.584 -0.5311909582233874 1.0
26.0 1.0 Car -1.0 -1.0 -1.0 -1.0 -1.0 -1.0 -1.0 1.967 1.671 4.567 2027.658 0.968 983.021 -0.5311909582233874 1.0
27.0 1.0 Car -1.0 -1.0 -1.0 -1.0 -1.0 -1.0 -1.0 1.967 1.671 4.567 2032.042 0.964 980.482 -0.5311909582233874 0.0
28.0 1.0 Car -1.0 -1.0 -1.0 -1.0 -1.0 -1.0 -1.0 1.967 1.671 4.567 2036.425 0.959 977.943 -0.5311909582233874 0.0
29.0 1.0 Car -1.0 -1.0 -1.0 -1.0 -1.0 -1.0 -1.0 1.967 1.671 4.567 2040.289 0.956 975.649 -0.5311909582233874 0.0
30.0 1.0 Car -1.0 -1.0 -1.0 -1.0 -1.0 -1.0 -1.0 1.967 1.671 4.567 2045.013 0.951 972.843 -0.5311909582233874 0.0
31.0 1.0 Car -1.0 -1.0 -1.0 -1.0 -1.0 -1.0 -1.0 1.967 1.671 4.567 2049.287 0.947 970.232 -0.5311909582233874 0.0
32.0 1.0 Car -1.0 -1.0 -1.0 -1.0 -1.0 -1.0 -1.0 1.967 1.671 4.567 2053.551 0.942 967.626 -0.5311909582233874 0.0
33.0 1.0 Car -1.0 -1.0 -1.0 -1.0 -1.0 -1.0 -1.0 1.967 1.671 4.567 2057.675 0.938 965.085 -0.5311909582233874 0.0
34.0 1.0 Car -1.0 -1.0 -1.0 -1.0 -1.0 -1.0 -1.0 1.967 1.671 4.567 2061.799 0.934 962.544 -0.5311909582233874 0.0
35.0 1.0 Car -1.0 -1.0 -1.0 -1.0 -1.0 -1.0 -1.0 1.967 1.671 4.567 2065.874 0.93 959.922 -0.5311909582233874 0.0
36.0 1.0 Car -1.0 -1.0 -1.0 -1.0 -1.0 -1.0 -1.0 1.967 1.671 4.567 2069.946 0.925 957.375 -0.5311909582233874 0.0
37.0 1.0 Car -1.0 -1.0 -1.0 -1.0 -1.0 -1.0 -1.0 1.967 1.671 4.567 2073.895 0.921 954.838 -0.5311909582233874 0.0
38.0 1.0 Car -1.0 -1.0 -1.0 -1.0 -1.0 -1.0 -1.0 1.967 1.671 4.567 2077.841 0.917 952.305 -0.5311909582233874 0.0
