0.0 3.0 Bus -1.0 -1.0 -1.0 -1.0 -1.0 -1.0 -1.0 3.148 3.908 12.457 1757.004 3.282 1520.662 2.586176525801216 0.0
0.0 9.0 Bus -1.0 -1.0 -1.0 -1.0 -1.0 -1.0 -1.0 3.158 3.414 12.113 1741.93 4.114 1526.645 0.6592108588666612 0.0
0.0 12.0 Car -1.0 -1.0 -1.0 -1.0 -1.0 -1.0 -1.0 1.715 1.538 4.244 1825.208 0.938 1505.166 -2.4042957642725646 0.0
0.0 5.0 Car -1.0 -1.0 -1.0 -1.0 -1.0 -1.0 -1.0 2.003 1.9 4.679 1795.234 0.479 1485.621 2.9323800362676327 0.0
0.0 15.0 Car -1.0 -1.0 -1.0 -1.0 -1.0 -1.0 -1.0 1.835 1.722 4.531 1807.66 0.765 1491.166 -2.6781728305449604 0.0
0.0 0.0 Car -1.0 -1.0 -1.0 -1.0 -1.0 -1.0 -1.0 1.839 1.762 4.566 1780.313 0.993 1493.852 2.274478174694713 0.0
0.0 1.0 Bus -1.0 -1.0 -1.0 -1.0 -1.0 -1.0 -1.0 3.148 3.908 12.457 1776.441 2.323 1502.087 2.4465501856416694 0.0
1.0 3.0 Bus -1.0 -1.0 -1.0 -1.0 -1.0 -1.0 -1.0 3.148 3.908 12.457 1755.944 3.382 1521.208 2.6502199226951504 1.0
1.0 9.0 Bus -1.0 -1.0 -1.0 -1.0 -1.0 -1.0 -1.0 3.158 3.414 12.113 1742.583 4.043 1527.074 0.6592108588666612 1.0
1.0 12.0 Car -1.0 -1.0 -1.0 -1.0 -1.0 -1.0 -1.0 1.715 1.538 4.244 1822.797 0.913 1502.977 -2.3868324739453652 1.0
1.0 5.0 Car -1.0 -1.0 -1.0 -1.0 -1.0 -1.0 -1.0 2.003 1.9 4.679 1792.514 0.479 1486.598 2.7578471110682 1.0
1.0 15.0 Car -1.0 -1.0 -1.0 -1.0 -1.0 -1.0 -1.0 1.835 1.722 4.531 1805.812 0.765 1490.524 -2.7829525725081585 1.0
1.0 0.0 Car -1.0 -1.0 -1.0 -1.0 -1.0 -1.0 -1.0 1.839 1.762 4.566 1779.436 1.082 1494.883 2.2861224286754283 1.0
1.0 1.0 Bus -1.0 -1.0 -1.0 -1.0 -1.0 -1.0 -1.0 3.148 3.908 12.457 1775.303 2.323 1503.259 2.4290968931217263 1.0
2.0 3.0 Bus -1.0 -1.0 -1.0 -1.0 -1.0 -1.0 -1.0 3.148 3.908 12.457 1754.852 3.482 1521.684 2.714189989360222 0.0
2.0 9.0 Bus -1.0 -1.0 -1.0 -1.0 -1.0 -1.0 -1.0 3.158 3.414 12.113 1743.35 4.221 1527.591 0.6504844701072581 1.0
2.0 12.0 Car -1.0 -1.0 -1.0 -1.0 -1.0 -1.0 -1.0 1.715 1.538 4.244 1820.389 0.888 1500.789 -2.3693891792326784 1.0
2.0 5.0 Car -1.0 -1.0 -1.0 -1.0 -1.0 -1.0 -1.0 2.003 1.9 4.679 1791.171 0.579 1487.208 2.688036000992975 1.0
2.0 15.0 Car -1.0 -1.0 -1.0 -1.0 -1.0 -1.0 -1.0 1.835 1.722 4.531 1803.909 0.765 1490.08 -2.8876123407842798 1.0
2.0 0.0 Car -1.0 -1.0 -1.0 -1.0 -1.0 -1.0 -1.0 1.839 1.762 4.566 1778.561 1.171 1495.914 2.2977533498872598 1.0
2.0 1.0 Bus -1.0 -1.0 -1.0 -1.0 -1.0 -1.0 -1.0 3.148 3.908 12.457 1774.231 2.44 1504.331 2.411644147607637 1.0
3.0 3.0 Bus -1.0 -1.0 -1.0 -1.0 -1.0 -1.0 -1.0 3.148 3.908 12.457 1753.732 3.582 1522.09 2.7781627435205927 0.0
3.0 9.0 Bus -1.0 -1.0 -1.0 -1.0 -1.0 -1.0 -1.0 3.158 3.414 12.113 1744.117 4.399 1528.108 0.6417577147368762 1.0
3.0 12.0 Car -1.0 -1.0 -1.0 -1.0 -1.0 -1.0 -1.0 1.715 1.538 4.244 1818.535 0.863 1499.099 -2.3938293037652643 1.0
3.0 5.0 Car -1.0 -1.0 -1.0 -1.0 -1.0 -1.0 -1.0 2.003 1.9 4.679 1789.873 0.679 1487.91 2.6182219580299186 1.0
3.0 15.0 Car -1.0 -1.0 -1.0 -1.0 -1.0 -1.0 -1.0 1.835 1.722 4.531 1801.678 0.785 1489.795 -3.0028300707236153 1.0
3.0 0.0 Car -1.0 -1.0 -1.0 -1.0 -1.0 -1.0 -1.0 1.839 1.762 4.566 1777.686 1.259 1496.945 2.3093847597346 1.0
3.0 1.0 Bus -1.0 -1.0 -1.0 -1.0 -1.0 -1.0 -1.0 3.148 3.908 12.457 1773.16 2.557 1505.402 2.394190668872935 1.0
3.0 7.0 Car -1.0 -1.0 -1.0 -1.0 -1.0 -1.0 -1.0 1.935 1.727 4.648 1782.943 0.619 1492.92 2.3682721686473003 0.0
4.0 3.0 Bus -1.0 -1.0 -1.0 -1.0 -1.0 -1.0 -1.0 3.148 3.908 12.457 1752.393 3.807 1522.424 2.8567036596839235 0.0
4.0 9.0 Bus -1.0 -1.0 -1.0 -1.0 -1.0 -1.0 -1.0 3.158 3.414 12.113 1744.884 4.578 1528.625 0.6330308720781657 1.0
4.0 12.0 Car -1.0 -1.0 -1.0 -1.0 -1.0 -1.0 -1.0 1.715 1.538 4.244 1816.641 0.838 1497.455 -2.418269672757277 1.0
4.0 5.0 Car -1.0 -1.0 -1.0 -1.0 -1.0 -1.0 -1.0 2.003 1.9 4.679 1788.628 0.779 1488.701 2.5484072167602356 1.0
4.0 15.0 Car -1.0 -1.0 -1.0 -1.0 -1.0 -1.0 -1.0 1.835 1.722 4.531 1799.43 0.805 1489.768 -3.1180489531145335 1.0
4.0 0.0 Car -1.0 -1.0 -1.0 -1.0 -1.0 -1.0 -1.0 1.839 1.762 4.566 1776.844 1.448 1497.824 2.3093847597346 1.0
4.0 1.0 Bus -1.0 -1.0 -1.0 -1.0 -1.0 -1.0 -1.0 3.148 3.908 12.457 1772.088 2.673 1506.474 2.376737015561896 1.0
4.0 7.0 Car -1.0 -1.0 -1.0 -1.0 -1.0 -1.0 -1.0 1.935 1.727 4.648 1782.447 0.819 1493.413 2.3682721686473003 1.0
5.0 3.0 Bus -1.0 -1.0 -1.0 -1.0 -1.0 -1.0 -1.0 3.148 3.908 12.457 1751.031 4.032 1522.652 2.9352423762000823 0.0
5.0 9.0 Bus -1.0 -1.0 -1.0 -1.0 -1.0 -1.0 -1.0 3.158 3.414 12.113 1745.651 4.756 1529.143 0.6243042738267746 1.0
5.0 12.0 Car -1.0 -1.0 -1.0 -1.0 -1.0 -1.0 -1.0 1.715 1.538 4.244 1814.707 0.813 1495.858 -2.4427093572628946 1.0
5.0 5.0 Car -1.0 -1.0 -1.0 -1.0 -1.0 -1.0 -1.0 2.003 1.9 4.679 1787.441 0.879 1489.577 2.478594430749107 1.0
5.0 15.0 Car -1.0 -1.0 -1.0 -1.0 -1.0 -1.0 -1.0 1.835 1.722 4.531 1797.193 0.825 1490.0 3.0499206985385667 1.0
5.0 0.0 Car -1.0 -1.0 -1.0 -1.0 -1.0 -1.0 -1.0 1.839 1.762 4.566 1776.001 1.636 1498.703 2.3093847597346 1.0
5.0 1.0 Bus -1.0 -1.0 -1.0 -1.0 -1.0 -1.0 -1.0 3.148 3.908 12.457 1771.054 2.733 1507.509 2.376737015561896 1.0
5.0 7.0 Car -1.0 -1.0 -1.0 -1.0 -1.0 -1.0 -1.0 1.935 1.727 4.648 1781.951 1.019 1493.907 2.359540858673892 1.0
6.0 3.0 Bus -1.0 -1.0 -1.0 -1.0 -1.0 -1.0 -1.0 3.148 3.908 12.457 1749.181 4.115 1522.498 3.086392346341565 0.0
6.0 9.0 Bus -1.0 -1.0 -1.0 -1.0 -1.0 -1.0 -1.0 3.158 3.414 12.113 1746.471 4.722 1529.525 0.5502076884374341 1.0
6.0 12.0 Car -1.0 -1.0 -1.0 -1.0 -1.0 -1.0 -1.0 1.715 1.538 4.244 1812.717 0.788 1494.334 -2.467122933501744 1.0
6.0 5.0 Car -1.0 -1.0 -1.0 -1.0 -1.0 -1.0 -1.0 2.003 1.9 4.679 1786.847 0.979 1490.088 2.461159852874836 1.0
6.0 15.0 Car -1.0 -1.0 -1.0 -1.0 -1.0 -1.0 -1.0 1.835 1.722 4.531 1795.0 0.845 1490.487 2.9348281248411316 1.0
6.0 0.0 Car -1.0 -1.0 -1.0 -1.0 -1.0 -1.0 -1.0 1.839 1.762 4.566 1775.16 1.825 1499.581 2.3093847597346 1.0
6.0 1.0 Bus -1.0 -1.0 -1.0 -1.0 -1.0 -1.0 -1.0 3.148 3.908 12.457 1770.02 2.793 1508.544 2.376737015561896 1.0
6.0 7.0 Car -1.0 -1.0 -1.0 -1.0 -1.0 -1.0 -1.0 1.935 1.727 4.648 1781.456 1.219 1494.4 2.3508188761273567 1.0
6.0 2.0 Truck -1.0 -1.0 -1.0 -1.0 -1.0 -1.0 -1.0 1.866 2.086 5.158 1761.444 0.601 1448.992 0.8881282432399012 0.0
7.0 3.0 Bus -1.0 -1.0 -1.0 -1.0 -1.0 -1.0 -1.0 3.148 3.908 12.457 1747.374 4.199 1522.067 -3.045483770119907 0.0
7.0 9.0 Bus -1.0 -1.0 -1.0 -1.0 -1.0 -1.0 -1.0 3.158 3.414 12.113 1747.318 4.688 1529.846 0.47603305009815816 1.0
7.0 12.0 Car -1.0 -1.0 -1.0 -1.0 -1.0 -1.0 -1.0 1.715 1.538 4.244 1810.726 0.763 1492.808 -2.49156222687228 0.0
7.0 5.0 Car -1.0 -1.0 -1.0 -1.0 -1.0 -1.0 -1.0 2.003 1.9 4.679 1786.252 1.079 1490.6 2.4437069095087294 1.0
7.0 15.0 Car -1.0 -1.0 -1.0 -1.0 -1.0 -1.0 -1.0 1.835 1.722 4.531 1792.876 0.865 1491.224 2.819614313237178 1.0
7.0 0.0 Car -1.0 -1.0 -1.0 -1.0 -1.0 -1.0 -1.0 1.839 1.762 4.566 1774.317 1.888 1500.46 2.3093847597346 1.0
7.0 1.0 Bus -1.0 -1.0 -1.0 -1.0 -1.0 -1.0 -1.0 3.148 3.908 12.457 1768.986 2.853 1509.58 2.376737015561896 1.0
7.0 7.0 Car -1.0 -1.0 -1.0 -1.0 -1.0 -1.0 -1.0 1.935 1.727 4.648 1780.544 1.319 1495.307 2.3682711735956907 1.0
7.0 2.0 Truck -1.0 -1.0 -1.0 -1.0 -1.0 -1.0 -1.0 1.866 2.086 5.158 1764.83 0.711 1453.254 0.8706816520337385 0.0
8.0 3.0 Bus -1.0 -1.0 -1.0 -1.0 -1.0 -1.0 -1.0 3.148 3.908 12.457 1745.652 4.282 1521.368 -2.8941573254609785 0.0
8.0 9.0 Bus -1.0 -1.0 -1.0 -1.0 -1.0 -1.0 -1.0 3.158 3.414 12.113 1748.187 4.653 1530.103 0.40184995354947883 1.0
8.0 12.0 Car -1.0 -1.0 -1.0 -1.0 -1.0 -1.0 -1.0 1.715 1.538 4.244 1809.691 0.798 1492.202 -2.5090055472147115 0.0
8.0 5.0 Car -1.0 -1.0 -1.0 -1.0 -1.0 -1.0 -1.0 2.003 1.9 4.679 1785.303 1.179 1491.44 2.4262519759657515 1.0
8.0 15.0 Car -1.0 -1.0 -1.0 -1.0 -1.0 -1.0 -1.0 1.835 1.722 4.531 1791.314 0.935 1491.943 2.7568183600044245 1.0
8.0 0.0 Car -1.0 -1.0 -1.0 -1.0 -1.0 -1.0 -1.0 1.839 1.762 4.566 1773.475 1.952 1501.339 2.3093847597346 1.0
8.0 1.0 Bus -1.0 -1.0 -1.0 -1.0 -1.0 -1.0 -1.0 3.148 3.908 12.457 1767.951 2.913 1510.616 2.376737015561896 1.0
8.0 7.0 Car -1.0 -1.0 -1.0 -1.0 -1.0 -1.0 -1.0 1.935 1.727 4.648 1779.633 1.419 1496.214 2.385725461167244 1.0
8.0 2.0 Truck -1.0 -1.0 -1.0 -1.0 -1.0 -1.0 -1.0 1.866 2.086 5.158 1768.217 0.821 1457.516 0.853233071375047 0.0
9.0 3.0 Bus -1.0 -1.0 -1.0 -1.0 -1.0 -1.0 -1.0 3.148 3.908 12.457 1742.916 4.082 1520.151 -2.8068642879388874 0.0
9.0 9.0 Bus -1.0 -1.0 -1.0 -1.0 -1.0 -1.0 -1.0 3.158 3.414 12.113 1749.073 4.619 1530.295 0.3275983009877383 1.0
9.0 12.0 Car -1.0 -1.0 -1.0 -1.0 -1.0 -1.0 -1.0 1.715 1.538 4.244 1808.937 0.833 1491.802 -2.526464987732126 0.0
9.0 5.0 Car -1.0 -1.0 -1.0 -1.0 -1.0 -1.0 -1.0 2.003 1.9 4.679 1784.376 1.279 1492.306 2.4087809115154966 1.0
9.0 15.0 Car -1.0 -1.0 -1.0 -1.0 -1.0 -1.0 -1.0 1.835 1.722 4.531 1789.799 1.005 1492.76 2.6939643741417285 1.0
9.0 0.0 Car -1.0 -1.0 -1.0 -1.0 -1.0 -1.0 -1.0 1.839 1.762 4.566 1772.631 2.016 1502.218 2.3093847597346 1.0
9.0 1.0 Bus -1.0 -1.0 -1.0 -1.0 -1.0 -1.0 -1.0 3.148 3.908 12.457 1766.916 2.973 1511.652 2.376737015561896 1.0
9.0 7.0 Car -1.0 -1.0 -1.0 -1.0 -1.0 -1.0 -1.0 1.935 1.727 4.648 1778.722 1.531 1497.11 2.376996987691726 1.0
9.0 2.0 Truck -1.0 -1.0 -1.0 -1.0 -1.0 -1.0 -1.0 1.866 2.086 5.158 1771.727 0.931 1461.677 0.8357683656800713 1.0
10.0 3.0 Bus -1.0 -1.0 -1.0 -1.0 -1.0 -1.0 -1.0 3.148 3.908 12.457 1740.3 3.882 1518.702 -2.719661791235477 0.0
10.0 9.0 Bus -1.0 -1.0 -1.0 -1.0 -1.0 -1.0 -1.0 3.158 3.414 12.113 1751.099 4.348 1530.327 0.17645113399773193 1.0
10.0 12.0 Car -1.0 -1.0 -1.0 -1.0 -1.0 -1.0 -1.0 1.715 1.538 4.244 1808.469 0.868 1491.456 -2.5439063192218 0.0
10.0 5.0 Car -1.0 -1.0 -1.0 -1.0 -1.0 -1.0 -1.0 2.003 1.9 4.679 1783.45 1.379 1493.171 2.3913279681493904 1.0
10.0 15.0 Car -1.0 -1.0 -1.0 -1.0 -1.0 -1.0 -1.0 1.835 1.722 4.531 1788.339 1.075 1493.669 2.631175580778903 1.0
10.0 0.0 Car -1.0 -1.0 -1.0 -1.0 -1.0 -1.0 -1.0 1.839 1.762 4.566 1771.789 2.079 1503.097 2.3093847597346 1.0
10.0 1.0 Bus -1.0 -1.0 -1.0 -1.0 -1.0 -1.0 -1.0 3.148 3.908 12.457 1765.813 2.953 1512.988 2.369758981914021 1.0
10.0 7.0 Car -1.0 -1.0 -1.0 -1.0 -1.0 -1.0 -1.0 1.935 1.727 4.648 1777.812 1.644 1498.005 2.368277567436909 1.0
10.0 2.0 Truck -1.0 -1.0 -1.0 -1.0 -1.0 -1.0 -1.0 1.866 2.086 5.158 1775.466 0.951 1465.656 0.8253013152082581 1.0
11.0 3.0 Bus -1.0 -1.0 -1.0 -1.0 -1.0 -1.0 -1.0 3.148 3.908 12.457 1737.817 3.682 1517.028 -2.6323579376618294 0.0
11.0 9.0 Bus -1.0 -1.0 -1.0 -1.0 -1.0 -1.0 -1.0 3.158 3.414 12.113 1753.11 4.076 1530.053 0.02512828621450725 1.0
11.0 12.0 Car -1.0 -1.0 -1.0 -1.0 -1.0 -1.0 -1.0 1.715 1.538 4.244 1808.243 0.903 1491.275 -2.5613679230527415 0.0
11.0 5.0 Car -1.0 -1.0 -1.0 -1.0 -1.0 -1.0 -1.0 2.003 1.9 4.679 1782.493 1.419 1494.109 2.3913279681493904 1.0
11.0 8.0 Car -1.0 -1.0 -1.0 -1.0 -1.0 -1.0 -1.0 1.94 1.9 4.504 1765.007 0.994 1453.675 0.9162105910618998 0.0
11.0 15.0 Car -1.0 -1.0 -1.0 -1.0 -1.0 -1.0 -1.0 1.835 1.722 4.531 1786.938 1.145 1494.669 2.568313806987513 1.0
11.0 0.0 Car -1.0 -1.0 -1.0 -1.0 -1.0 -1.0 -1.0 1.839 1.762 4.566 1770.946 2.143 1503.977 2.3093847597346 1.0
11.0 1.0 Bus -1.0 -1.0 -1.0 -1.0 -1.0 -1.0 -1.0 3.148 3.908 12.457 1764.709 2.933 1514.325 2.3627728375849415 1.0
11.0 7.0 Car -1.0 -1.0 -1.0 -1.0 -1.0 -1.0 -1.0 1.935 1.727 4.648 1776.901 1.757 1498.902 2.359548012459111 1.0
11.0 2.0 Truck -1.0 -1.0 -1.0 -1.0 -1.0 -1.0 -1.0 1.866 2.086 5.158 1779.312 0.971 1469.54 0.8148220987146387 1.0
12.0 11.0 Car -1.0 -1.0 -1.0 -1.0 -1.0 -1.0 -1.0 1.927 2.12 4.732 1760.21 0.585 1449.031 0.9162105910618991 0.0
12.0 3.0 Bus -1.0 -1.0 -1.0 -1.0 -1.0 -1.0 -1.0 3.148 3.908 12.457 1734.765 3.282 1515.205 -2.609070189944718 0.0
12.0 9.0 Bus -1.0 -1.0 -1.0 -1.0 -1.0 -1.0 -1.0 3.158 3.414 12.113 1755.057 3.804 1529.479 -0.12618730453078753 1.0
12.0 12.0 Car -1.0 -1.0 -1.0 -1.0 -1.0 -1.0 -1.0 1.715 1.538 4.244 1808.008 0.938 1491.169 -2.5788286894719956 0.0
12.0 5.0 Car -1.0 -1.0 -1.0 -1.0 -1.0 -1.0 -1.0 2.003 1.9 4.679 1781.535 1.459 1495.046 2.3913279681493904 1.0
12.0 8.0 Car -1.0 -1.0 -1.0 -1.0 -1.0 -1.0 -1.0 1.94 1.9 4.504 1768.569 0.514 1457.634 0.8813040060220133 0.0
12.0 15.0 Car -1.0 -1.0 -1.0 -1.0 -1.0 -1.0 -1.0 1.835 1.722 4.531 1785.603 1.215 1495.755 2.5054550478781987 1.0
12.0 0.0 Car -1.0 -1.0 -1.0 -1.0 -1.0 -1.0 -1.0 1.839 1.762 4.566 1770.102 2.207 1504.857 2.3093847597346 1.0
12.0 1.0 Bus -1.0 -1.0 -1.0 -1.0 -1.0 -1.0 -1.0 3.148 3.908 12.457 1763.604 2.913 1515.662 2.3557870282926068 1.0
12.0 7.0 Car -1.0 -1.0 -1.0 -1.0 -1.0 -1.0 -1.0 1.935 1.727 4.648 1775.99 1.869 1499.798 2.3508188761273567 1.0
12.0 2.0 Truck -1.0 -1.0 -1.0 -1.0 -1.0 -1.0 -1.0 1.866 2.086 5.158 1783.158 0.991 1473.423 0.8043433847761371 1.0
13.0 11.0 Car -1.0 -1.0 -1.0 -1.0 -1.0 -1.0 -1.0 1.927 2.12 4.732 1763.485 0.447 1453.551 0.9162105910618991 0.0
13.0 3.0 Bus -1.0 -1.0 -1.0 -1.0 -1.0 -1.0 -1.0 3.148 3.908 12.457 1731.713 2.881 1513.382 -2.585781883791865 0.0
13.0 9.0 Bus -1.0 -1.0 -1.0 -1.0 -1.0 -1.0 -1.0 3.158 3.414 12.113 1757.765 3.457 1528.628 -0.3009122608832297 1.0
13.0 12.0 Car -1.0 -1.0 -1.0 -1.0 -1.0 -1.0 -1.0 1.715 1.538 4.244 1807.979 0.973 1491.148 -2.583198056756749 1.0
13.0 5.0 Car -1.0 -1.0 -1.0 -1.0 -1.0 -1.0 -1.0 2.003 1.9 4.679 1780.578 1.499 1495.983 2.3913279681493904 1.0
13.0 8.0 Car -1.0 -1.0 -1.0 -1.0 -1.0 -1.0 -1.0 1.94 1.9 4.504 1772.376 0.534 1462.347 0.8545032770490048 1.0
13.0 15.0 Car -1.0 -1.0 -1.0 -1.0 -1.0 -1.0 -1.0 1.835 1.722 4.531 1784.839 1.205 1496.376 2.494969138173336 1.0
13.0 0.0 Car -1.0 -1.0 -1.0 -1.0 -1.0 -1.0 -1.0 1.839 1.762 4.566 1768.835 2.106 1506.239 2.3093847597346 1.0
13.0 1.0 Bus -1.0 -1.0 -1.0 -1.0 -1.0 -1.0 -1.0 3.148 3.908 12.457 1762.5 2.893 1516.998 2.3488010514819 1.0
13.0 7.0 Car -1.0 -1.0 -1.0 -1.0 -1.0 -1.0 -1.0 1.935 1.727 4.648 1774.9 1.806 1500.991 2.3464495088426034 1.0
13.0 2.0 Truck -1.0 -1.0 -1.0 -1.0 -1.0 -1.0 -1.0 1.866 2.086 5.158 1787.004 1.011 1477.307 0.7938644195600765 0.0
14.0 11.0 Car -1.0 -1.0 -1.0 -1.0 -1.0 -1.0 -1.0 1.927 2.12 4.732 1767.081 0.426 1458.061 0.9103948883973805 0.0
14.0 9.0 Bus -1.0 -1.0 -1.0 -1.0 -1.0 -1.0 -1.0 3.158 3.414 12.113 1760.278 3.11 1527.323 -0.4752531549296535 1.0
14.0 12.0 Car -1.0 -1.0 -1.0 -1.0 -1.0 -1.0 -1.0 1.715 1.538 4.244 1807.949 1.008 1491.127 -2.5875578197507916 1.0
14.0 5.0 Car -1.0 -1.0 -1.0 -1.0 -1.0 -1.0 -1.0 2.003 1.9 4.679 1779.623 1.539 1496.919 2.3913279681493904 1.0
14.0 8.0 Car -1.0 -1.0 -1.0 -1.0 -1.0 -1.0 -1.0 1.94 1.9 4.504 1776.1 0.504 1466.586 0.8277614586631684 1.0
14.0 15.0 Car -1.0 -1.0 -1.0 -1.0 -1.0 -1.0 -1.0 1.835 1.722 4.531 1784.076 1.195 1496.996 2.4845062775093547 1.0
14.0 0.0 Car -1.0 -1.0 -1.0 -1.0 -1.0 -1.0 -1.0 1.839 1.762 4.566 1767.57 2.006 1507.618 2.3093847597346 1.0
14.0 1.0 Bus -1.0 -1.0 -1.0 -1.0 -1.0 -1.0 -1.0 3.148 3.908 12.457 1761.398 2.874 1518.332 2.34183043052201 1.0
14.0 7.0 Car -1.0 -1.0 -1.0 -1.0 -1.0 -1.0 -1.0 1.935 1.727 4.648 1773.812 1.744 1502.181 2.3420897458485603 1.0
14.0 2.0 Truck -1.0 -1.0 -1.0 -1.0 -1.0 -1.0 -1.0 1.866 2.086 5.158 1790.842 1.031 1481.182 0.7834084881202412 0.0
15.0 11.0 Car -1.0 -1.0 -1.0 -1.0 -1.0 -1.0 -1.0 1.927 2.12 4.732 1770.677 0.406 1462.571 0.9045793487900549 1.0
15.0 9.0 Bus -1.0 -1.0 -1.0 -1.0 -1.0 -1.0 -1.0 3.158 3.414 12.113 1762.313 2.972 1525.863 -0.5566411637595827 1.0
15.0 12.0 Car -1.0 -1.0 -1.0 -1.0 -1.0 -1.0 -1.0 1.715 1.538 4.244 1807.92 1.043 1491.107 -2.5919174605084074 1.0
15.0 5.0 Car -1.0 -1.0 -1.0 -1.0 -1.0 -1.0 -1.0 2.003 1.9 4.679 1778.55 1.579 1497.964 2.3913279681493904 1.0
15.0 8.0 Car -1.0 -1.0 -1.0 -1.0 -1.0 -1.0 -1.0 1.94 1.9 4.504 1779.937 0.474 1470.724 0.8010203900484415 0.0
15.0 15.0 Car -1.0 -1.0 -1.0 -1.0 -1.0 -1.0 -1.0 1.835 1.722 4.531 1783.314 1.185 1497.615 2.474043710196803 1.0
15.0 0.0 Car -1.0 -1.0 -1.0 -1.0 -1.0 -1.0 -1.0 1.839 1.762 4.566 1766.317 1.956 1509.008 2.312871524495249 1.0
15.0 1.0 Bus -1.0 -1.0 -1.0 -1.0 -1.0 -1.0 -1.0 3.148 3.908 12.457 1759.717 2.839 1519.709 2.3975895532358926 1.0
15.0 7.0 Car -1.0 -1.0 -1.0 -1.0 -1.0 -1.0 -1.0 1.935 1.727 4.648 1772.724 1.681 1503.371 2.337730105090945 1.0
15.0 2.0 Truck -1.0 -1.0 -1.0 -1.0 -1.0 -1.0 -1.0 1.866 2.086 5.158 1794.896 1.031 1485.159 0.7659551956002979 0.0
16.0 11.0 Car -1.0 -1.0 -1.0 -1.0 -1.0 -1.0 -1.0 1.927 2.12 4.732 1774.277 0.385 1467.085 0.8987572985419556 1.0
16.0 9.0 Bus -1.0 -1.0 -1.0 -1.0 -1.0 -1.0 -1.0 3.158 3.414 12.113 1764.223 2.834 1524.24 -0.6381202884832313 1.0
16.0 12.0 Car -1.0 -1.0 -1.0 -1.0 -1.0 -1.0 -1.0 1.715 1.538 4.244 1807.891 1.078 1491.086 -2.5962819819919387 1.0
16.0 5.0 Car -1.0 -1.0 -1.0 -1.0 -1.0 -1.0 -1.0 2.003 1.9 4.679 1777.281 1.577 1499.252 2.3767861007397544 1.0
16.0 8.0 Car -1.0 -1.0 -1.0 -1.0 -1.0 -1.0 -1.0 1.94 1.9 4.504 1783.939 0.569 1474.843 0.8062556182318467 0.0
16.0 15.0 Car -1.0 -1.0 -1.0 -1.0 -1.0 -1.0 -1.0 1.835 1.722 4.531 1782.55 1.175 1498.235 2.4635694297807493 1.0
16.0 0.0 Car -1.0 -1.0 -1.0 -1.0 -1.0 -1.0 -1.0 1.839 1.762 4.566 1765.062 1.906 1510.399 2.316362192775494 1.0
16.0 1.0 Bus -1.0 -1.0 -1.0 -1.0 -1.0 -1.0 -1.0 3.148 3.908 12.457 1757.96 2.804 1520.992 2.453411099670076 1.0
16.0 7.0 Car -1.0 -1.0 -1.0 -1.0 -1.0 -1.0 -1.0 1.935 1.727 4.648 1771.635 1.619 1504.562 2.3333655836074136 1.0
16.0 2.0 Truck -1.0 -1.0 -1.0 -1.0 -1.0 -1.0 -1.0 1.866 2.086 5.158 1799.056 1.072 1489.012 0.762319728747889 0.0
17.0 11.0 Car -1.0 -1.0 -1.0 -1.0 -1.0 -1.0 -1.0 1.927 2.12 4.732 1778.286 0.464 1471.807 0.8696792392046745 0.0
17.0 9.0 Bus -1.0 -1.0 -1.0 -1.0 -1.0 -1.0 -1.0 3.158 3.414 12.113 1765.996 2.695 1522.467 -0.7195992502088586 1.0
17.0 12.0 Car -1.0 -1.0 -1.0 -1.0 -1.0 -1.0 -1.0 1.715 1.538 4.244 1807.891 1.028 1491.086 -2.5962819819919387 1.0
17.0 5.0 Car -1.0 -1.0 -1.0 -1.0 -1.0 -1.0 -1.0 2.003 1.9 4.679 1775.885 1.576 1500.701 2.362244262420951 1.0
17.0 8.0 Car -1.0 -1.0 -1.0 -1.0 -1.0 -1.0 -1.0 1.94 1.9 4.504 1787.941 0.664 1478.961 0.8114908359422398 0.0
17.0 15.0 Car -1.0 -1.0 -1.0 -1.0 -1.0 -1.0 -1.0 1.835 1.722 4.531 1782.003 1.165 1498.689 2.4530951703183685 1.0
17.0 0.0 Car -1.0 -1.0 -1.0 -1.0 -1.0 -1.0 -1.0 1.839 1.762 4.566 1763.808 1.855 1511.79 2.319852854072699 1.0
17.0 1.0 Bus -1.0 -1.0 -1.0 -1.0 -1.0 -1.0 -1.0 3.148 3.908 12.457 1756.311 2.844 1521.841 2.5965152710881636 1.0
17.0 7.0 Car -1.0 -1.0 -1.0 -1.0 -1.0 -1.0 -1.0 1.935 1.727 4.648 1770.442 1.607 1505.888 2.3333655836074136 1.0
17.0 2.0 Truck -1.0 -1.0 -1.0 -1.0 -1.0 -1.0 -1.0 1.866 2.086 5.158 1803.216 1.114 1492.865 0.7586842691681882 0.0
18.0 11.0 Car -1.0 -1.0 -1.0 -1.0 -1.0 -1.0 -1.0 1.927 2.12 4.732 1782.429 0.543 1476.409 0.8406015288899649 0.0
18.0 9.0 Bus -1.0 -1.0 -1.0 -1.0 -1.0 -1.0 -1.0 3.158 3.414 12.113 1767.186 2.624 1521.329 -0.7195992502088586 1.0
18.0 12.0 Car -1.0 -1.0 -1.0 -1.0 -1.0 -1.0 -1.0 1.715 1.538 4.244 1807.891 0.978 1491.086 -2.5962819819919387 1.0
18.0 5.0 Car -1.0 -1.0 -1.0 -1.0 -1.0 -1.0 -1.0 2.003 1.9 4.679 1774.53 1.574 1502.188 2.3477025986471456 1.0
18.0 8.0 Car -1.0 -1.0 -1.0 -1.0 -1.0 -1.0 -1.0 1.94 1.9 4.504 1792.152 0.664 1483.17 0.7765842509023533 0.0
18.0 15.0 Car -1.0 -1.0 -1.0 -1.0 -1.0 -1.0 -1.0 1.835 1.722 4.531 1781.327 1.155 1499.265 2.447966721066065 1.0
18.0 0.0 Car -1.0 -1.0 -1.0 -1.0 -1.0 -1.0 -1.0 1.839 1.762 4.566 1762.553 1.805 1513.181 2.3233434734716614 1.0
18.0 1.0 Bus -1.0 -1.0 -1.0 -1.0 -1.0 -1.0 -1.0 3.148 3.908 12.457 1754.558 2.884 1522.447 2.739617724833646 1.0
18.0 7.0 Car -1.0 -1.0 -1.0 -1.0 -1.0 -1.0 -1.0 1.935 1.727 4.648 1769.249 1.596 1507.213 2.3333655836074136 1.0
18.0 2.0 Truck -1.0 -1.0 -1.0 -1.0 -1.0 -1.0 -1.0 1.866 2.086 5.158 1807.377 1.156 1496.719 0.7550488532247368 0.0
19.0 11.0 Car -1.0 -1.0 -1.0 -1.0 -1.0 -1.0 -1.0 1.927 2.12 4.732 1786.71 0.622 1480.895 0.811490835942239 0.0
19.0 9.0 Bus -1.0 -1.0 -1.0 -1.0 -1.0 -1.0 -1.0 3.158 3.414 12.113 1768.377 2.552 1520.19 -0.7195992502088586 1.0
19.0 12.0 Car -1.0 -1.0 -1.0 -1.0 -1.0 -1.0 -1.0 1.715 1.538 4.244 1807.891 0.928 1491.086 -2.5962819819919387 1.0
19.0 5.0 Car -1.0 -1.0 -1.0 -1.0 -1.0 -1.0 -1.0 2.003 1.9 4.679 1773.173 1.572 1503.676 2.333144440371039 1.0
19.0 8.0 Car -1.0 -1.0 -1.0 -1.0 -1.0 -1.0 -1.0 1.94 1.9 4.504 1796.633 0.864 1487.467 0.7776240521825307 0.0
19.0 15.0 Car -1.0 -1.0 -1.0 -1.0 -1.0 -1.0 -1.0 1.835 1.722 4.531 1780.595 1.145 1499.886 2.442832454651482 1.0
19.0 0.0 Car -1.0 -1.0 -1.0 -1.0 -1.0 -1.0 -1.0 1.839 1.762 4.566 1761.297 1.755 1514.574 2.3268380522545433 1.0
19.0 1.0 Bus -1.0 -1.0 -1.0 -1.0 -1.0 -1.0 -1.0 3.148 3.908 12.457 1752.734 2.924 1522.796 2.882882498640252 1.0
19.0 7.0 Car -1.0 -1.0 -1.0 -1.0 -1.0 -1.0 -1.0 1.935 1.727 4.648 1768.055 1.585 1508.54 2.3333655836074136 1.0
19.0 2.0 Truck -1.0 -1.0 -1.0 -1.0 -1.0 -1.0 -1.0 1.866 2.086 5.158 1811.542 1.197 1500.576 0.7514093136557101 0.0
20.0 11.0 Car -1.0 -1.0 -1.0 -1.0 -1.0 -1.0 -1.0 1.927 2.12 4.732 1790.447 0.722 1484.616 0.7765842509023524 0.0
20.0 9.0 Bus -1.0 -1.0 -1.0 -1.0 -1.0 -1.0 -1.0 3.158 3.414 12.113 1769.021 2.428 1519.642 -0.7195992502088586 1.0
20.0 12.0 Car -1.0 -1.0 -1.0 -1.0 -1.0 -1.0 -1.0 1.715 1.538 4.244 1807.587 0.888 1490.913 -2.6020914556364136 1.0
20.0 5.0 Car -1.0 -1.0 -1.0 -1.0 -1.0 -1.0 -1.0 2.003 1.9 4.679 1772.089 1.571 1504.865 2.321514798069617 1.0
20.0 8.0 Car -1.0 -1.0 -1.0 -1.0 -1.0 -1.0 -1.0 1.94 1.9 4.504 1800.421 0.964 1491.104 0.7784546872617545 0.0
20.0 15.0 Car -1.0 -1.0 -1.0 -1.0 -1.0 -1.0 -1.0 1.835 1.722 4.531 1779.924 1.137 1500.454 2.4387309961600043 1.0
20.0 0.0 Car -1.0 -1.0 -1.0 -1.0 -1.0 -1.0 -1.0 1.839 1.762 4.566 1760.389 1.739 1515.507 2.345194409405024 1.0
20.0 1.0 Bus -1.0 -1.0 -1.0 -1.0 -1.0 -1.0 -1.0 3.148 3.908 12.457 1751.051 2.864 1522.87 2.972929340129613 1.0
20.0 7.0 Car -1.0 -1.0 -1.0 -1.0 -1.0 -1.0 -1.0 1.935 1.727 4.648 1767.101 1.576 1509.599 2.3333655836074136 1.0
20.0 2.0 Truck -1.0 -1.0 -1.0 -1.0 -1.0 -1.0 -1.0 1.866 2.086 5.158 1814.869 1.231 1503.658 0.7485019030803546 0.0
21.0 11.0 Car -1.0 -1.0 -1.0 -1.0 -1.0 -1.0 -1.0 1.927 2.12 4.732 1795.35 0.768 1489.289 0.7672743145256048 0.0
21.0 9.0 Bus -1.0 -1.0 -1.0 -1.0 -1.0 -1.0 -1.0 3.158 3.414 12.113 1769.829 2.273 1518.957 -0.7195992502088586 0.0
21.0 12.0 Car -1.0 -1.0 -1.0 -1.0 -1.0 -1.0 -1.0 1.715 1.538 4.244 1807.206 0.838 1490.697 -2.609363884283172 1.0
21.0 5.0 Car -1.0 -1.0 -1.0 -1.0 -1.0 -1.0 -1.0 2.003 1.9 4.679 1770.945 1.528 1506.098 2.321514798069617 1.0
21.0 8.0 Car -1.0 -1.0 -1.0 -1.0 -1.0 -1.0 -1.0 1.94 1.9 4.504 1805.312 0.964 1495.805 0.7794944947752791 0.0
21.0 15.0 Car -1.0 -1.0 -1.0 -1.0 -1.0 -1.0 -1.0 1.835 1.722 4.531 1778.885 1.127 1501.335 2.4335966989667845 1.0
21.0 0.0 Car -1.0 -1.0 -1.0 -1.0 -1.0 -1.0 -1.0 1.839 1.762 4.566 1759.252 1.718 1516.675 2.368173306592766 1.0
21.0 1.0 Bus -1.0 -1.0 -1.0 -1.0 -1.0 -1.0 -1.0 3.148 3.908 12.457 1748.945 2.789 1522.75 3.085651984154371 1.0
21.0 7.0 Car -1.0 -1.0 -1.0 -1.0 -1.0 -1.0 -1.0 1.935 1.727 4.648 1765.894 1.526 1510.914 2.3333655836074136 0.0
21.0 2.0 Truck -1.0 -1.0 -1.0 -1.0 -1.0 -1.0 -1.0 1.866 2.086 5.158 1819.039 1.211 1507.51 0.7485019030803546 0.0
22.0 11.0 Car -1.0 -1.0 -1.0 -1.0 -1.0 -1.0 -1.0 1.927 2.12 4.732 1800.248 0.814 1493.958 0.7579746286577957 0.0
22.0 9.0 Bus -1.0 -1.0 -1.0 -1.0 -1.0 -1.0 -1.0 3.158 3.414 12.113 1770.635 2.118 1518.272 -0.7195992502088586 0.0
22.0 12.0 Car -1.0 -1.0 -1.0 -1.0 -1.0 -1.0 -1.0 1.715 1.538 4.244 1806.826 0.788 1490.481 -2.6166283057758717 1.0
22.0 5.0 Car -1.0 -1.0 -1.0 -1.0 -1.0 -1.0 -1.0 2.003 1.9 4.679 1769.802 1.484 1507.329 2.321514798069617 1.0
22.0 8.0 Car -1.0 -1.0 -1.0 -1.0 -1.0 -1.0 -1.0 1.94 1.9 4.504 1810.529 0.964 1501.034 0.7954843008499906 0.0
22.0 15.0 Car -1.0 -1.0 -1.0 -1.0 -1.0 -1.0 -1.0 1.835 1.722 4.531 1777.765 1.117 1502.336 2.4284680547831172 1.0
22.0 0.0 Car -1.0 -1.0 -1.0 -1.0 -1.0 -1.0 -1.0 1.839 1.762 4.566 1758.116 1.698 1517.841 2.3911269033507865 1.0
22.0 13.0 Car -1.0 -1.0 -1.0 -1.0 -1.0 -1.0 -1.0 2.071 1.592 4.994 1786.741 0.737 1504.264 -0.5290267492485627 0.0
22.0 1.0 Bus -1.0 -1.0 -1.0 -1.0 -1.0 -1.0 -1.0 3.148 3.908 12.457 1746.869 2.715 1522.394 -3.08493478988837 1.0
22.0 7.0 Car -1.0 -1.0 -1.0 -1.0 -1.0 -1.0 -1.0 1.935 1.727 4.648 1764.688 1.476 1512.227 2.3333655836074136 0.0
22.0 2.0 Truck -1.0 -1.0 -1.0 -1.0 -1.0 -1.0 -1.0 1.866 2.086 5.158 1823.204 1.191 1511.359 0.7485019030803546 0.0
23.0 11.0 Car -1.0 -1.0 -1.0 -1.0 -1.0 -1.0 -1.0 1.927 2.12 4.732 1805.151 0.86 1498.631 0.7486652131780541 0.0
23.0 10.0 Car -1.0 -1.0 -1.0 -1.0 -1.0 -1.0 -1.0 1.882 1.528 4.458 1780.405 1.054 1509.044 -0.7299490527115111 0.0
23.0 9.0 Bus -1.0 -1.0 -1.0 -1.0 -1.0 -1.0 -1.0 3.158 3.414 12.113 1771.442 1.963 1517.586 -0.7195992502088586 0.0
23.0 12.0 Car -1.0 -1.0 -1.0 -1.0 -1.0 -1.0 -1.0 1.715 1.538 4.244 1806.445 0.738 1490.264 -2.623900327525509 1.0
23.0 5.0 Car -1.0 -1.0 -1.0 -1.0 -1.0 -1.0 -1.0 2.003 1.9 4.679 1768.658 1.441 1508.562 2.321514798069617 1.0
23.0 8.0 Car -1.0 -1.0 -1.0 -1.0 -1.0 -1.0 -1.0 1.94 1.9 4.504 1815.752 0.964 1506.269 0.8114908359422398 0.0
23.0 15.0 Car -1.0 -1.0 -1.0 -1.0 -1.0 -1.0 -1.0 1.835 1.722 4.531 1776.517 1.107 1503.406 2.42333404485717 1.0
23.0 0.0 Car -1.0 -1.0 -1.0 -1.0 -1.0 -1.0 -1.0 1.839 1.762 4.566 1756.978 1.678 1519.008 2.4141045148542597 1.0
23.0 13.0 Car -1.0 -1.0 -1.0 -1.0 -1.0 -1.0 -1.0 2.071 1.592 4.994 1786.768 0.677 1504.232 -0.5290267492485627 0.0
23.0 1.0 Bus -1.0 -1.0 -1.0 -1.0 -1.0 -1.0 -1.0 3.148 3.908 12.457 1744.844 2.64 1521.806 -2.972218452768987 1.0
23.0 4.0 Car -1.0 -1.0 -1.0 -1.0 -1.0 -1.0 -1.0 1.79 1.501 4.03 1783.4 0.786 1501.864 -0.6722569395299982 0.0
23.0 7.0 Car -1.0 -1.0 -1.0 -1.0 -1.0 -1.0 -1.0 1.935 1.727 4.648 1763.482 1.426 1513.542 2.3333655836074136 0.0
23.0 2.0 Truck -1.0 -1.0 -1.0 -1.0 -1.0 -1.0 -1.0 1.866 2.086 5.158 1827.373 1.171 1515.211 0.7485019030803546 0.0
24.0 11.0 Car -1.0 -1.0 -1.0 -1.0 -1.0 -1.0 -1.0 1.927 2.12 4.732 1810.007 0.798 1503.272 0.7539036895290923 0.0
24.0 10.0 Car -1.0 -1.0 -1.0 -1.0 -1.0 -1.0 -1.0 1.882 1.528 4.458 1780.405 0.955 1509.044 -0.7299490527115111 0.0
24.0 9.0 Bus -1.0 -1.0 -1.0 -1.0 -1.0 -1.0 -1.0 3.158 3.414 12.113 1772.251 1.807 1516.899 -0.7195992502088586 0.0
24.0 12.0 Car -1.0 -1.0 -1.0 -1.0 -1.0 -1.0 -1.0 1.715 1.538 4.244 1806.064 0.688 1490.048 -2.631188567031825 1.0
24.0 5.0 Car -1.0 -1.0 -1.0 -1.0 -1.0 -1.0 -1.0 2.003 1.9 4.679 1767.512 1.398 1509.798 2.321514798069617 1.0
24.0 8.0 Car -1.0 -1.0 -1.0 -1.0 -1.0 -1.0 -1.0 1.94 1.9 4.504 1821.223 0.888 1511.664 0.8114908359422398 0.0
24.0 15.0 Car -1.0 -1.0 -1.0 -1.0 -1.0 -1.0 -1.0 1.835 1.722 4.531 1775.307 1.097 1504.526 2.418188585278482 1.0
24.0 0.0 Car -1.0 -1.0 -1.0 -1.0 -1.0 -1.0 -1.0 1.839 1.762 4.566 1755.562 1.644 1520.121 2.5015626825778092 1.0
24.0 13.0 Car -1.0 -1.0 -1.0 -1.0 -1.0 -1.0 -1.0 2.071 1.592 4.994 1786.794 0.617 1504.201 -0.5290267492485627 0.0
24.0 1.0 Bus -1.0 -1.0 -1.0 -1.0 -1.0 -1.0 -1.0 3.148 3.908 12.457 1742.894 2.566 1520.992 -2.8592507404210923 1.0
24.0 4.0 Car -1.0 -1.0 -1.0 -1.0 -1.0 -1.0 -1.0 1.79 1.501 4.03 1783.391 0.75 1501.878 -0.6711419166228686 0.0
24.0 7.0 Car -1.0 -1.0 -1.0 -1.0 -1.0 -1.0 -1.0 1.935 1.727 4.648 1762.272 1.375 1514.86 2.3333655836074136 0.0
24.0 2.0 Truck -1.0 -1.0 -1.0 -1.0 -1.0 -1.0 -1.0 1.866 2.086 5.158 1831.552 1.151 1519.072 0.7485019030803546 0.0
25.0 11.0 Car -1.0 -1.0 -1.0 -1.0 -1.0 -1.0 -1.0 1.927 2.12 4.732 1814.853 0.735 1507.904 0.7591309583824092 0.0
25.0 10.0 Car -1.0 -1.0 -1.0 -1.0 -1.0 -1.0 -1.0 1.882 1.528 4.458 1780.405 0.857 1509.044 -0.7299490527115111 0.0
25.0 9.0 Bus -1.0 -1.0 -1.0 -1.0 -1.0 -1.0 -1.0 3.158 3.414 12.113 1772.321 1.986 1516.883 -0.7195992502088586 0.0
25.0 12.0 Car -1.0 -1.0 -1.0 -1.0 -1.0 -1.0 -1.0 1.715 1.538 4.244 1804.202 0.556 1489.348 -2.770313430568843 1.0
25.0 5.0 Car -1.0 -1.0 -1.0 -1.0 -1.0 -1.0 -1.0 2.003 1.9 4.679 1766.639 1.375 1510.864 2.3179474938763605 1.0
25.0 14.0 Car -1.0 -1.0 -1.0 -1.0 -1.0 -1.0 -1.0 1.909 1.648 4.816 1753.157 1.155 1530.01 -0.5523792547663522 0.0
25.0 8.0 Car -1.0 -1.0 -1.0 -1.0 -1.0 -1.0 -1.0 1.94 1.9 4.504 1826.681 0.813 1517.047 0.8114908359422398 0.0
25.0 15.0 Car -1.0 -1.0 -1.0 -1.0 -1.0 -1.0 -1.0 1.835 1.722 4.531 1774.325 1.066 1505.438 2.4074866726987114 1.0
25.0 0.0 Car -1.0 -1.0 -1.0 -1.0 -1.0 -1.0 -1.0 1.839 1.762 4.566 1754.056 1.611 1521.104 2.5888337372650883 0.0
25.0 13.0 Car -1.0 -1.0 -1.0 -1.0 -1.0 -1.0 -1.0 2.071 1.592 4.994 1786.821 0.557 1504.169 -0.5290267492485627 1.0
25.0 1.0 Bus -1.0 -1.0 -1.0 -1.0 -1.0 -1.0 -1.0 3.148 3.908 12.457 1740.234 2.279 1519.881 -2.8164430901020103 1.0
25.0 6.0 Car -1.0 -1.0 -1.0 -1.0 -1.0 -1.0 -1.0 1.848 1.641 4.585 1743.275 1.387 1526.335 0.5925567347306535 0.0
25.0 4.0 Car -1.0 -1.0 -1.0 -1.0 -1.0 -1.0 -1.0 1.79 1.501 4.03 1783.381 0.714 1501.891 -0.6700292792599041 0.0
25.0 7.0 Car -1.0 -1.0 -1.0 -1.0 -1.0 -1.0 -1.0 1.935 1.727 4.648 1761.044 1.354 1516.169 2.345022984605259 0.0
26.0 11.0 Car -1.0 -1.0 -1.0 -1.0 -1.0 -1.0 -1.0 1.927 2.12 4.732 1819.728 0.823 1512.317 0.7591309583824092 0.0
26.0 10.0 Car -1.0 -1.0 -1.0 -1.0 -1.0 -1.0 -1.0 1.882 1.528 4.458 1780.405 0.758 1509.044 -0.7299490527115111 1.0
26.0 9.0 Bus -1.0 -1.0 -1.0 -1.0 -1.0 -1.0 -1.0 3.158 3.414 12.113 1772.379 1.947 1516.876 -0.7195992502088586 1.0
26.0 12.0 Car -1.0 -1.0 -1.0 -1.0 -1.0 -1.0 -1.0 1.715 1.538 4.244 1802.266 0.425 1488.914 -2.909118042489746 1.0
26.0 5.0 Car -1.0 -1.0 -1.0 -1.0 -1.0 -1.0 -1.0 2.003 1.9 4.679 1765.736 1.352 1511.962 2.314388401263004 1.0
26.0 14.0 Car -1.0 -1.0 -1.0 -1.0 -1.0 -1.0 -1.0 1.909 1.648 4.816 1754.896 1.255 1528.945 -0.5523792547663522 1.0
26.0 8.0 Car -1.0 -1.0 -1.0 -1.0 -1.0 -1.0 -1.0 1.94 1.9 4.504 1832.127 0.738 1522.417 0.8114908359422398 0.0
26.0 15.0 Car -1.0 -1.0 -1.0 -1.0 -1.0 -1.0 -1.0 1.835 1.722 4.531 1773.371 1.036 1506.373 2.396809394858642 1.0
26.0 0.0 Car -1.0 -1.0 -1.0 -1.0 -1.0 -1.0 -1.0 1.839 1.762 4.566 1752.474 1.578 1521.95 2.6759039026534093 0.0
26.0 13.0 Car -1.0 -1.0 -1.0 -1.0 -1.0 -1.0 -1.0 2.071 1.592 4.994 1786.848 0.497 1504.138 -0.5290267492485627 1.0
26.0 1.0 Bus -1.0 -1.0 -1.0 -1.0 -1.0 -1.0 -1.0 3.148 3.908 12.457 1737.63 1.992 1518.661 -2.773733978741732 1.0
26.0 6.0 Car -1.0 -1.0 -1.0 -1.0 -1.0 -1.0 -1.0 1.848 1.641 4.585 1744.15 1.412 1526.901 0.5838256031566272 1.0
26.0 4.0 Car -1.0 -1.0 -1.0 -1.0 -1.0 -1.0 -1.0 1.79 1.501 4.03 1783.372 0.679 1501.905 -0.668919203077627 1.0
26.0 7.0 Car -1.0 -1.0 -1.0 -1.0 -1.0 -1.0 -1.0 1.935 1.727 4.648 1759.819 1.333 1517.475 2.356653551423976 0.0
27.0 11.0 Car -1.0 -1.0 -1.0 -1.0 -1.0 -1.0 -1.0 1.927 2.12 4.732 1824.598 0.91 1516.725 0.7591309583824092 0.0
27.0 10.0 Car -1.0 -1.0 -1.0 -1.0 -1.0 -1.0 -1.0 1.882 1.528 4.458 1780.405 0.758 1509.044 -0.7299490527115111 1.0
27.0 9.0 Bus -1.0 -1.0 -1.0 -1.0 -1.0 -1.0 -1.0 3.158 3.414 12.113 1772.438 1.909 1516.869 -0.7195992502088586 1.0
27.0 12.0 Car -1.0 -1.0 -1.0 -1.0 -1.0 -1.0 -1.0 1.715 1.538 4.244 1800.29 0.293 1488.752 -3.0477800423628474 1.0
27.0 5.0 Car -1.0 -1.0 -1.0 -1.0 -1.0 -1.0 -1.0 2.003 1.9 4.679 1764.834 1.329 1513.06 2.3108329653688218 1.0
27.0 14.0 Car -1.0 -1.0 -1.0 -1.0 -1.0 -1.0 -1.0 1.909 1.648 4.816 1756.582 1.355 1527.797 -0.6059897530375807 1.0
27.0 15.0 Car -1.0 -1.0 -1.0 -1.0 -1.0 -1.0 -1.0 1.835 1.722 4.531 1772.417 1.005 1507.306 2.3861430871760954 1.0
27.0 0.0 Car -1.0 -1.0 -1.0 -1.0 -1.0 -1.0 -1.0 1.839 1.762 4.566 1750.632 1.528 1522.376 2.911271841297963 0.0
27.0 13.0 Car -1.0 -1.0 -1.0 -1.0 -1.0 -1.0 -1.0 2.071 1.592 4.994 1786.874 0.437 1504.106 -0.5290267492485627 1.0
27.0 1.0 Bus -1.0 -1.0 -1.0 -1.0 -1.0 -1.0 -1.0 3.148 3.908 12.457 1735.083 1.706 1517.333 -2.7310687480115474 1.0
27.0 6.0 Car -1.0 -1.0 -1.0 -1.0 -1.0 -1.0 -1.0 1.848 1.641 4.585 1745.023 1.437 1527.467 0.5751034422107102 1.0
27.0 4.0 Car -1.0 -1.0 -1.0 -1.0 -1.0 -1.0 -1.0 1.79 1.501 4.03 1783.363 0.643 1501.918 -0.6678102674211246 1.0
27.0 7.0 Car -1.0 -1.0 -1.0 -1.0 -1.0 -1.0 -1.0 1.935 1.727 4.648 1758.595 1.313 1518.78 2.3682721686473003 0.0
28.0 11.0 Car -1.0 -1.0 -1.0 -1.0 -1.0 -1.0 -1.0 1.927 2.12 4.732 1829.358 0.841 1521.115 0.7591309583824092 0.0
28.0 10.0 Car -1.0 -1.0 -1.0 -1.0 -1.0 -1.0 -1.0 1.882 1.528 4.458 1780.405 0.758 1509.044 -0.7299490527115111 0.0
28.0 9.0 Bus -1.0 -1.0 -1.0 -1.0 -1.0 -1.0 -1.0 3.158 3.414 12.113 1772.497 1.871 1516.862 -0.7195992502088586 0.0
28.0 12.0 Car -1.0 -1.0 -1.0 -1.0 -1.0 -1.0 -1.0 1.715 1.538 4.244 1798.306 0.162 1488.865 3.0964469210002536 0.0
28.0 5.0 Car -1.0 -1.0 -1.0 -1.0 -1.0 -1.0 -1.0 2.003 1.9 4.679 1763.829 1.307 1514.271 2.3072699309119886 0.0
28.0 14.0 Car -1.0 -1.0 -1.0 -1.0 -1.0 -1.0 -1.0 1.909 1.648 4.816 1758.487 1.253 1526.186 -0.6597148259325643 0.0
28.0 15.0 Car -1.0 -1.0 -1.0 -1.0 -1.0 -1.0 -1.0 1.835 1.722 4.531 1771.461 0.975 1508.242 2.3754539838055964 0.0
28.0 0.0 Car -1.0 -1.0 -1.0 -1.0 -1.0 -1.0 -1.0 1.839 1.762 4.566 1748.738 1.478 1522.36 -3.1360425064877084 0.0
28.0 13.0 Car -1.0 -1.0 -1.0 -1.0 -1.0 -1.0 -1.0 2.071 1.592 4.994 1786.88 0.408 1504.093 -0.5325890402632596 0.0
28.0 1.0 Bus -1.0 -1.0 -1.0 -1.0 -1.0 -1.0 -1.0 3.148 3.908 12.457 1732.59 1.419 1515.894 -2.688312334529552 0.0
28.0 6.0 Car -1.0 -1.0 -1.0 -1.0 -1.0 -1.0 -1.0 1.848 1.641 4.585 1745.079 1.437 1527.503 0.5751034422107102 0.0
28.0 4.0 Car -1.0 -1.0 -1.0 -1.0 -1.0 -1.0 -1.0 1.79 1.501 4.03 1783.353 0.607 1501.932 -0.6666989617831874 0.0
28.0 7.0 Car -1.0 -1.0 -1.0 -1.0 -1.0 -1.0 -1.0 1.935 1.727 4.648 1756.991 1.327 1520.157 2.458532583031828 0.0
29.0 10.0 Car -1.0 -1.0 -1.0 -1.0 -1.0 -1.0 -1.0 1.882 1.528 4.458 1780.405 0.758 1509.044 -0.7299490527115111 0.0
29.0 9.0 Bus -1.0 -1.0 -1.0 -1.0 -1.0 -1.0 -1.0 3.158 3.414 12.113 1772.546 1.84 1516.819 -0.7195992502088586 0.0
29.0 12.0 Car -1.0 -1.0 -1.0 -1.0 -1.0 -1.0 -1.0 1.715 1.538 4.244 1796.549 0.043 1489.201 2.9713183318699734 0.0
29.0 5.0 Car -1.0 -1.0 -1.0 -1.0 -1.0 -1.0 -1.0 2.003 1.9 4.679 1762.924 1.286 1515.361 2.304061505549674 0.0
29.0 14.0 Car -1.0 -1.0 -1.0 -1.0 -1.0 -1.0 -1.0 1.909 1.648 4.816 1760.127 1.161 1524.649 -0.7080929397444904 0.0
29.0 15.0 Car -1.0 -1.0 -1.0 -1.0 -1.0 -1.0 -1.0 1.835 1.722 4.531 1770.6 0.948 1509.085 2.365828707718652 0.0
29.0 0.0 Car -1.0 -1.0 -1.0 -1.0 -1.0 -1.0 -1.0 1.839 1.762 4.566 1746.389 1.282 1521.993 -3.015131349238922 0.0
29.0 13.0 Car -1.0 -1.0 -1.0 -1.0 -1.0 -1.0 -1.0 2.071 1.592 4.994 1786.886 0.381 1504.08 -0.5357967961741186 0.0
29.0 1.0 Bus -1.0 -1.0 -1.0 -1.0 -1.0 -1.0 -1.0 3.148 3.908 12.457 1730.399 1.161 1514.508 -2.6498112301817733 0.0
29.0 6.0 Car -1.0 -1.0 -1.0 -1.0 -1.0 -1.0 -1.0 1.848 1.641 4.585 1745.129 1.437 1527.536 0.5751034422107102 0.0
29.0 4.0 Car -1.0 -1.0 -1.0 -1.0 -1.0 -1.0 -1.0 1.79 1.501 4.03 1783.345 0.574 1501.944 -0.6656982582432027 0.0
29.0 7.0 Car -1.0 -1.0 -1.0 -1.0 -1.0 -1.0 -1.0 1.935 1.727 4.648 1755.444 1.339 1521.269 2.5398098780546148 0.0
30.0 10.0 Car -1.0 -1.0 -1.0 -1.0 -1.0 -1.0 -1.0 1.882 1.528 4.458 1780.405 0.758 1509.044 -0.7299490527115111 0.0
30.0 9.0 Bus -1.0 -1.0 -1.0 -1.0 -1.0 -1.0 -1.0 3.158 3.414 12.113 1772.6 1.805 1516.772 -0.7195992502088586 0.0
30.0 12.0 Car -1.0 -1.0 -1.0 -1.0 -1.0 -1.0 -1.0 1.715 1.538 4.244 1793.895 0.025 1489.898 2.8418002599570595 0.0
30.0 5.0 Car -1.0 -1.0 -1.0 -1.0 -1.0 -1.0 -1.0 2.003 1.9 4.679 1761.8 1.312 1516.67 2.285267981236549 0.0
30.0 14.0 Car -1.0 -1.0 -1.0 -1.0 -1.0 -1.0 -1.0 1.909 1.648 4.816 1761.858 1.06 1522.852 -0.7618187650056711 0.0
30.0 15.0 Car -1.0 -1.0 -1.0 -1.0 -1.0 -1.0 -1.0 1.835 1.722 4.531 1769.508 0.956 1510.179 2.365828707718652 0.0
30.0 0.0 Car -1.0 -1.0 -1.0 -1.0 -1.0 -1.0 -1.0 1.839 1.762 4.566 1743.854 1.066 1521.257 -2.8808546857929396 0.0
30.0 13.0 Car -1.0 -1.0 -1.0 -1.0 -1.0 -1.0 -1.0 2.071 1.592 4.994 1786.892 0.351 1504.067 -0.5393591370751571 0.0
30.0 1.0 Bus -1.0 -1.0 -1.0 -1.0 -1.0 -1.0 -1.0 3.148 3.908 12.457 1727.479 0.791 1513.052 -2.6566560892931688 0.0
30.0 6.0 Car -1.0 -1.0 -1.0 -1.0 -1.0 -1.0 -1.0 1.848 1.641 4.585 1745.171 1.435 1527.571 0.48269784420686834 0.0
30.0 4.0 Car -1.0 -1.0 -1.0 -1.0 -1.0 -1.0 -1.0 1.79 1.501 4.03 1783.336 0.538 1501.957 -0.6645869370425359 0.0
30.0 7.0 Car -1.0 -1.0 -1.0 -1.0 -1.0 -1.0 -1.0 1.935 1.727 4.648 1753.628 1.354 1522.352 2.63007155644645 0.0
31.0 10.0 Car -1.0 -1.0 -1.0 -1.0 -1.0 -1.0 -1.0 1.882 1.528 4.458 1780.405 0.758 1509.044 -0.7299490527115111 0.0
31.0 9.0 Bus -1.0 -1.0 -1.0 -1.0 -1.0 -1.0 -1.0 3.158 3.414 12.113 1772.654 1.771 1516.724 -0.7195992502088586 0.0
31.0 12.0 Car -1.0 -1.0 -1.0 -1.0 -1.0 -1.0 -1.0 1.715 1.538 4.244 1791.351 0.007 1490.932 2.7122098972969346 0.0
31.0 5.0 Car -1.0 -1.0 -1.0 -1.0 -1.0 -1.0 -1.0 2.003 1.9 4.679 1760.675 1.339 1517.979 2.266463967283676 0.0
31.0 14.0 Car -1.0 -1.0 -1.0 -1.0 -1.0 -1.0 -1.0 1.909 1.648 4.816 1763.498 1.01 1521.196 -0.7792813798957678 0.0
31.0 15.0 Car -1.0 -1.0 -1.0 -1.0 -1.0 -1.0 -1.0 1.835 1.722 4.531 1768.415 0.965 1511.273 2.365828707718652 0.0
31.0 0.0 Car -1.0 -1.0 -1.0 -1.0 -1.0 -1.0 -1.0 1.839 1.762 4.566 1741.438 0.849 1520.188 -2.7465030755832354 0.0
31.0 13.0 Car -1.0 -1.0 -1.0 -1.0 -1.0 -1.0 -1.0 2.071 1.592 4.994 1786.899 0.322 1504.053 -0.5429234663032437 0.0
31.0 1.0 Bus -1.0 -1.0 -1.0 -1.0 -1.0 -1.0 -1.0 3.148 3.908 12.457 1724.557 0.421 1511.596 -2.6635047688751166 0.0
31.0 6.0 Car -1.0 -1.0 -1.0 -1.0 -1.0 -1.0 -1.0 1.848 1.641 4.585 1746.635 1.433 1528.265 0.39024066985057254 0.0
31.0 4.0 Car -1.0 -1.0 -1.0 -1.0 -1.0 -1.0 -1.0 1.79 1.501 4.03 1783.326 0.503 1501.971 -0.6634749955559212 0.0
31.0 7.0 Car -1.0 -1.0 -1.0 -1.0 -1.0 -1.0 -1.0 1.935 1.727 4.648 1751.583 1.335 1523.017 2.86290642164774 0.0
32.0 10.0 Car -1.0 -1.0 -1.0 -1.0 -1.0 -1.0 -1.0 1.882 1.528 4.458 1780.347 0.709 1509.095 -0.7212344117728874 0.0
32.0 9.0 Bus -1.0 -1.0 -1.0 -1.0 -1.0 -1.0 -1.0 3.158 3.414 12.113 1772.815 1.722 1516.583 -0.7195992502088586 0.0
32.0 12.0 Car -1.0 -1.0 -1.0 -1.0 -1.0 -1.0 -1.0 1.715 1.538 4.244 1788.922 0.062 1492.254 2.638249509401929 0.0
32.0 5.0 Car -1.0 -1.0 -1.0 -1.0 -1.0 -1.0 -1.0 2.003 1.9 4.679 1759.117 1.365 1519.361 2.3910275457812435 0.0
32.0 14.0 Car -1.0 -1.0 -1.0 -1.0 -1.0 -1.0 -1.0 1.909 1.648 4.816 1765.089 0.96 1519.502 -0.79670600700037 0.0
32.0 15.0 Car -1.0 -1.0 -1.0 -1.0 -1.0 -1.0 -1.0 1.835 1.722 4.531 1767.325 0.974 1512.365 2.365828707718652 0.0
32.0 0.0 Car -1.0 -1.0 -1.0 -1.0 -1.0 -1.0 -1.0 1.839 1.762 4.566 1739.193 0.632 1518.808 -2.6124437308894097 0.0
32.0 13.0 Car -1.0 -1.0 -1.0 -1.0 -1.0 -1.0 -1.0 2.071 1.592 4.994 1786.905 0.292 1504.04 -0.546480041768506 0.0
32.0 1.0 Bus -1.0 -1.0 -1.0 -1.0 -1.0 -1.0 -1.0 3.148 3.908 12.457 1721.641 0.052 1510.143 -2.670338549991255 0.0
32.0 6.0 Car -1.0 -1.0 -1.0 -1.0 -1.0 -1.0 -1.0 1.848 1.641 4.585 1748.154 1.432 1528.819 0.2979846247826996 0.0
32.0 4.0 Car -1.0 -1.0 -1.0 -1.0 -1.0 -1.0 -1.0 1.79 1.501 4.03 1783.317 0.467 1501.984 -0.6623654729621777 0.0
32.0 7.0 Car -1.0 -1.0 -1.0 -1.0 -1.0 -1.0 -1.0 1.935 1.727 4.648 1749.445 1.317 1523.191 3.0952347830424407 0.0
33.0 10.0 Car -1.0 -1.0 -1.0 -1.0 -1.0 -1.0 -1.0 1.882 1.528 4.458 1780.381 0.658 1509.064 -0.7124957601915672 0.0
33.0 9.0 Bus -1.0 -1.0 -1.0 -1.0 -1.0 -1.0 -1.0 3.158 3.414 12.113 1772.978 1.673 1516.441 -0.7195992502088586 0.0
33.0 12.0 Car -1.0 -1.0 -1.0 -1.0 -1.0 -1.0 -1.0 1.715 1.538 4.244 1786.591 0.117 1493.756 2.5640853453031873 0.0
33.0 5.0 Car -1.0 -1.0 -1.0 -1.0 -1.0 -1.0 -1.0 2.003 1.9 4.679 1757.434 1.391 1520.66 2.515934322764818 0.0
33.0 14.0 Car -1.0 -1.0 -1.0 -1.0 -1.0 -1.0 -1.0 1.909 1.648 4.816 1766.685 0.91 1517.804 -0.8141786425655004 0.0
33.0 15.0 Car -1.0 -1.0 -1.0 -1.0 -1.0 -1.0 -1.0 1.835 1.722 4.531 1766.232 0.983 1513.459 2.365828707718652 0.0
33.0 0.0 Car -1.0 -1.0 -1.0 -1.0 -1.0 -1.0 -1.0 1.839 1.762 4.566 1736.612 0.327 1517.264 -2.6055955969024636 0.0
33.0 13.0 Car -1.0 -1.0 -1.0 -1.0 -1.0 -1.0 -1.0 2.071 1.592 4.994 1787.388 0.291 1503.691 -0.5533281757554523 0.0
33.0 1.0 Bus -1.0 -1.0 -1.0 -1.0 -1.0 -1.0 -1.0 3.148 3.908 12.457 1718.717 -0.319 1508.686 -2.677191159591298 0.0
33.0 6.0 Car -1.0 -1.0 -1.0 -1.0 -1.0 -1.0 -1.0 1.848 1.641 4.585 1749.722 1.43 1529.232 0.20547439518212318 0.0
33.0 4.0 Car -1.0 -1.0 -1.0 -1.0 -1.0 -1.0 -1.0 1.79 1.501 4.03 1783.308 0.431 1501.998 -0.6612528934036384 0.0
34.0 10.0 Car -1.0 -1.0 -1.0 -1.0 -1.0 -1.0 -1.0 1.882 1.528 4.458 1780.531 0.603 1508.971 -0.697452327810204 0.0
34.0 9.0 Bus -1.0 -1.0 -1.0 -1.0 -1.0 -1.0 -1.0 3.158 3.414 12.113 1773.156 1.62 1516.285 -0.7195992502088586 0.0
34.0 12.0 Car -1.0 -1.0 -1.0 -1.0 -1.0 -1.0 -1.0 1.715 1.538 4.244 1784.166 0.178 1495.599 2.4826261413115605 0.0
34.0 5.0 Car -1.0 -1.0 -1.0 -1.0 -1.0 -1.0 -1.0 2.003 1.9 4.679 1755.278 1.42 1521.997 2.6531273559485395 0.0
34.0 14.0 Car -1.0 -1.0 -1.0 -1.0 -1.0 -1.0 -1.0 1.909 1.648 4.816 1768.051 0.855 1516.395 -0.804821096462621 0.0
34.0 15.0 Car -1.0 -1.0 -1.0 -1.0 -1.0 -1.0 -1.0 1.835 1.722 4.531 1765.031 0.992 1514.662 2.365828707718652 0.0
34.0 0.0 Car -1.0 -1.0 -1.0 -1.0 -1.0 -1.0 -1.0 1.839 1.762 4.566 1733.778 -0.008 1515.567 -2.5980738571217525 0.0
34.0 13.0 Car -1.0 -1.0 -1.0 -1.0 -1.0 -1.0 -1.0 2.071 1.592 4.994 1787.919 0.29 1503.308 -0.5608499155361636 0.0
34.0 1.0 Bus -1.0 -1.0 -1.0 -1.0 -1.0 -1.0 -1.0 3.148 3.908 12.457 1715.506 -0.725 1507.086 -2.6847178152216595 0.0
34.0 6.0 Car -1.0 -1.0 -1.0 -1.0 -1.0 -1.0 -1.0 1.848 1.641 4.585 1751.479 1.427 1529.516 0.10386454417224121 0.0
34.0 4.0 Car -1.0 -1.0 -1.0 -1.0 -1.0 -1.0 -1.0 1.79 1.501 4.03 1783.376 0.381 1501.892 -0.6860102995027653 0.0
35.0 10.0 Car -1.0 -1.0 -1.0 -1.0 -1.0 -1.0 -1.0 1.882 1.528 4.458 1780.871 0.442 1508.715 -0.683754679607718 0.0
35.0 9.0 Bus -1.0 -1.0 -1.0 -1.0 -1.0 -1.0 -1.0 3.158 3.414 12.113 1773.318 1.571 1516.143 -0.7195992502088586 0.0
35.0 12.0 Car -1.0 -1.0 -1.0 -1.0 -1.0 -1.0 -1.0 1.715 1.538 4.244 1782.237 0.279 1497.194 2.453521066796198 0.0
35.0 5.0 Car -1.0 -1.0 -1.0 -1.0 -1.0 -1.0 -1.0 2.003 1.9 4.679 1752.844 1.284 1522.833 2.827726739447285 0.0
35.0 14.0 Car -1.0 -1.0 -1.0 -1.0 -1.0 -1.0 -1.0 1.909 1.648 4.816 1769.03 0.805 1515.386 -0.7963006756366808 0.0
35.0 15.0 Car -1.0 -1.0 -1.0 -1.0 -1.0 -1.0 -1.0 1.835 1.722 4.531 1763.73 1.001 1515.937 2.393769205404712 0.0
35.0 0.0 Car -1.0 -1.0 -1.0 -1.0 -1.0 -1.0 -1.0 1.839 1.762 4.566 1731.197 -0.314 1514.022 -2.591225011540843 0.0
35.0 13.0 Car -1.0 -1.0 -1.0 -1.0 -1.0 -1.0 -1.0 2.071 1.592 4.994 1788.403 0.289 1502.96 -0.5676987611170737 0.0
35.0 1.0 Bus -1.0 -1.0 -1.0 -1.0 -1.0 -1.0 -1.0 3.148 3.908 12.457 1712.84 -1.135 1505.78 -2.6847178152216595 0.0
35.0 6.0 Car -1.0 -1.0 -1.0 -1.0 -1.0 -1.0 -1.0 1.848 1.641 4.585 1753.782 1.327 1529.026 -0.18135063810287844 0.0
35.0 4.0 Car -1.0 -1.0 -1.0 -1.0 -1.0 -1.0 -1.0 1.79 1.501 4.03 1783.606 0.331 1501.698 -0.7085529101620223 0.0
36.0 10.0 Car -1.0 -1.0 -1.0 -1.0 -1.0 -1.0 -1.0 1.882 1.528 4.458 1781.48 0.503 1508.244 -0.6700749306741857 0.0
36.0 9.0 Bus -1.0 -1.0 -1.0 -1.0 -1.0 -1.0 -1.0 3.158 3.414 12.113 1773.892 1.471 1515.639 -0.7195992502088586 0.0
36.0 12.0 Car -1.0 -1.0 -1.0 -1.0 -1.0 -1.0 -1.0 1.715 1.538 4.244 1780.356 0.381 1498.842 2.424454025054708 0.0
36.0 5.0 Car -1.0 -1.0 -1.0 -1.0 -1.0 -1.0 -1.0 2.003 1.9 4.679 1750.305 1.281 1523.233 3.0020979668948478 0.0
36.0 14.0 Car -1.0 -1.0 -1.0 -1.0 -1.0 -1.0 -1.0 1.909 1.648 4.816 1769.966 0.755 1514.42 -0.7877913887880269 0.0
36.0 15.0 Car -1.0 -1.0 -1.0 -1.0 -1.0 -1.0 -1.0 1.835 1.722 4.531 1762.396 1.01 1517.174 2.421673192116378 0.0
36.0 0.0 Car -1.0 -1.0 -1.0 -1.0 -1.0 -1.0 -1.0 1.839 1.762 4.566 1728.619 -0.618 1512.479 -2.5843851156224775 0.0
36.0 13.0 Car -1.0 -1.0 -1.0 -1.0 -1.0 -1.0 -1.0 2.071 1.592 4.994 1788.885 0.288 1502.612 -0.5745386570354389 0.0
36.0 1.0 Bus -1.0 -1.0 -1.0 -1.0 -1.0 -1.0 -1.0 3.148 3.908 12.457 1710.178 -1.544 1504.476 -2.6847178152216595 0.0
36.0 6.0 Car -1.0 -1.0 -1.0 -1.0 -1.0 -1.0 -1.0 1.848 1.641 4.585 1756.012 1.227 1528.362 -0.4923451026086285 0.0
36.0 4.0 Car -1.0 -1.0 -1.0 -1.0 -1.0 -1.0 -1.0 1.79 1.501 4.03 1784.277 0.281 1501.164 -0.6612528934036384 0.0
37.0 10.0 Car -1.0 -1.0 -1.0 -1.0 -1.0 -1.0 -1.0 1.882 1.528 4.458 1782.431 0.453 1507.53 -0.656379034082117 0.0
37.0 9.0 Bus -1.0 -1.0 -1.0 -1.0 -1.0 -1.0 -1.0 3.158 3.414 12.113 1774.468 1.371 1515.135 -0.7195992502088586 0.0
37.0 12.0 Car -1.0 -1.0 -1.0 -1.0 -1.0 -1.0 -1.0 1.715 1.538 4.244 1778.523 0.482 1500.546 2.3953526724010086 0.0
37.0 5.0 Car -1.0 -1.0 -1.0 -1.0 -1.0 -1.0 -1.0 2.003 1.9 4.679 1747.732 1.278 1523.186 -3.106510283983663 0.0
37.0 14.0 Car -1.0 -1.0 -1.0 -1.0 -1.0 -1.0 -1.0 1.909 1.648 4.816 1770.902 0.704 1513.452 -0.7792720575256133 0.0
37.0 15.0 Car -1.0 -1.0 -1.0 -1.0 -1.0 -1.0 -1.0 1.835 1.722 4.531 1761.027 1.019 1518.374 2.449610116863048 0.0
37.0 13.0 Car -1.0 -1.0 -1.0 -1.0 -1.0 -1.0 -1.0 2.071 1.592 4.994 1789.369 0.287 1502.263 -0.5813866268083938 0.0
37.0 1.0 Bus -1.0 -1.0 -1.0 -1.0 -1.0 -1.0 -1.0 3.148 3.908 12.457 1707.513 -1.953 1503.17 -2.6847178152216595 0.0
37.0 6.0 Car -1.0 -1.0 -1.0 -1.0 -1.0 -1.0 -1.0 1.848 1.641 4.585 1757.933 1.127 1527.046 -0.8037066668648097 0.0
37.0 4.0 Car -1.0 -1.0 -1.0 -1.0 -1.0 -1.0 -1.0 1.79 1.501 4.03 1785.452 0.281 1500.292 -0.6437996008836953 0.0
38.0 10.0 Car -1.0 -1.0 -1.0 -1.0 -1.0 -1.0 -1.0 1.882 1.528 4.458 1783.381 0.403 1506.815 -0.6426825901117931 0.0
38.0 9.0 Bus -1.0 -1.0 -1.0 -1.0 -1.0 -1.0 -1.0 3.158 3.414 12.113 1775.043 1.271 1514.63 -0.7195992502088586 0.0
38.0 12.0 Car -1.0 -1.0 -1.0 -1.0 -1.0 -1.0 -1.0 1.715 1.538 4.244 1777.089 0.5 1501.989 2.383711004020144 0.0
38.0 5.0 Car -1.0 -1.0 -1.0 -1.0 -1.0 -1.0 -1.0 2.003 1.9 4.679 1745.206 1.275 1522.692 -2.9319262504333152 0.0
38.0 14.0 Car -1.0 -1.0 -1.0 -1.0 -1.0 -1.0 -1.0 1.909 1.648 4.816 1771.937 0.654 1512.43 -0.7792720575256133 0.0
38.0 15.0 Car -1.0 -1.0 -1.0 -1.0 -1.0 -1.0 -1.0 1.835 1.722 4.531 1759.624 1.027 1519.536 2.4775481581532777 0.0
38.0 13.0 Car -1.0 -1.0 -1.0 -1.0 -1.0 -1.0 -1.0 2.071 1.592 4.994 1790.015 0.244 1501.841 -0.5639206185294232 0.0
38.0 1.0 Bus -1.0 -1.0 -1.0 -1.0 -1.0 -1.0 -1.0 3.148 3.908 12.457 1704.847 -2.363 1501.864 -2.6847178152216595 0.0
38.0 6.0 Car -1.0 -1.0 -1.0 -1.0 -1.0 -1.0 -1.0 1.848 1.641 4.585 1759.74 1.027 1525.065 -0.8095286696244673 0.0
38.0 4.0 Car -1.0 -1.0 -1.0 -1.0 -1.0 -1.0 -1.0 1.79 1.501 4.03 1787.097 0.214 1498.995 -0.6669858858501003 0.0
39.0 10.0 Car -1.0 -1.0 -1.0 -1.0 -1.0 -1.0 -1.0 1.882 1.528 4.458 1784.333 0.353 1506.102 -0.6426825901117931 0.0
39.0 9.0 Bus -1.0 -1.0 -1.0 -1.0 -1.0 -1.0 -1.0 3.158 3.414 12.113 1775.827 1.413 1513.944 -0.7195992502088586 0.0
39.0 12.0 Car -1.0 -1.0 -1.0 -1.0 -1.0 -1.0 -1.0 1.715 1.538 4.244 1775.657 0.518 1503.43 2.3720823163700726 0.0
39.0 5.0 Car -1.0 -1.0 -1.0 -1.0 -1.0 -1.0 -1.0 2.003 1.9 4.679 1742.258 1.113 1521.599 -2.7748502313695322 0.0
39.0 14.0 Car -1.0 -1.0 -1.0 -1.0 -1.0 -1.0 -1.0 1.909 1.648 4.816 1772.97 0.604 1511.409 -0.7792720575256133 0.0
39.0 15.0 Car -1.0 -1.0 -1.0 -1.0 -1.0 -1.0 -1.0 1.835 1.722 4.531 1758.191 1.036 1520.657 2.5054550478781983 0.0
39.0 13.0 Car -1.0 -1.0 -1.0 -1.0 -1.0 -1.0 -1.0 2.071 1.592 4.994 1790.671 0.201 1501.437 -0.5464740852555869 0.0
39.0 1.0 Bus -1.0 -1.0 -1.0 -1.0 -1.0 -1.0 -1.0 3.148 3.908 12.457 1704.193 -2.559 1501.427 -2.6847178152216595 0.0
39.0 6.0 Car -1.0 -1.0 -1.0 -1.0 -1.0 -1.0 -1.0 1.848 1.641 4.585 1761.545 0.927 1523.085 -0.8153441807157464 0.0
39.0 4.0 Car -1.0 -1.0 -1.0 -1.0 -1.0 -1.0 -1.0 1.79 1.501 4.03 1789.149 0.172 1497.516 -0.4983169910032652 0.0
