0.0 6.0 Car -1.0 -1.0 -1.0 -1.0 -1.0 -1.0 -1.0 1.965 1.816 4.688 302.73 0.214 694.177 -2.2541276355436177 0.0
0.0 4.0 Car -1.0 -1.0 -1.0 -1.0 -1.0 -1.0 -1.0 1.849 1.625 4.2 295.11 0.468 684.161 -2.1732839845783714 0.0
0.0 1.0 Car -1.0 -1.0 -1.0 -1.0 -1.0 -1.0 -1.0 2.071 1.723 4.625 310.429 -0.296 703.06 -2.27919056359992 0.0
1.0 6.0 Car -1.0 -1.0 -1.0 -1.0 -1.0 -1.0 -1.0 1.965 1.816 4.688 301.76 0.264 692.886 -2.2541276355436177 1.0
1.0 4.0 Car -1.0 -1.0 -1.0 -1.0 -1.0 -1.0 -1.0 1.849 1.625 4.2 293.972 0.468 682.558 -2.1732839845783714 1.0
1.0 1.0 Car -1.0 -1.0 -1.0 -1.0 -1.0 -1.0 -1.0 2.071 1.723 4.625 309.014 -0.296 701.457 -2.27919056359992 1.0
2.0 6.0 Car -1.0 -1.0 -1.0 -1.0 -1.0 -1.0 -1.0 1.965 1.816 4.688 300.832 0.364 691.648 -2.2541276355436177 1.0
2.0 4.0 Car -1.0 -1.0 -1.0 -1.0 -1.0 -1.0 -1.0 1.849 1.625 4.2 292.672 0.468 680.718 -2.1732839845783714 1.0
2.0 1.0 Car -1.0 -1.0 -1.0 -1.0 -1.0 -1.0 -1.0 2.071 1.723 4.625 307.874 -0.196 700.031 -2.27919056359992 1.0
3.0 6.0 Car -1.0 -1.0 -1.0 -1.0 -1.0 -1.0 -1.0 1.965 1.816 4.688 299.717 0.364 690.228 -2.2541276355436177 1.0
3.0 4.0 Car -1.0 -1.0 -1.0 -1.0 -1.0 -1.0 -1.0 1.849 1.625 4.2 291.436 0.618 678.972 -2.190737277098315 1.0
3.0 1.0 Car -1.0 -1.0 -1.0 -1.0 -1.0 -1.0 -1.0 2.071 1.723 4.625 306.754 -0.095 698.628 -2.27919056359992 1.0
4.0 6.0 Car -1.0 -1.0 -1.0 -1.0 -1.0 -1.0 -1.0 1.965 1.816 4.688 298.38 0.464 688.586 -2.2541276355436177 1.0
4.0 4.0 Car -1.0 -1.0 -1.0 -1.0 -1.0 -1.0 -1.0 1.849 1.625 4.2 290.087 0.718 677.162 -2.190737277098315 1.0
4.0 1.0 Car -1.0 -1.0 -1.0 -1.0 -1.0 -1.0 -1.0 2.071 1.723 4.625 305.771 -0.095 697.435 -2.261737271079977 1.0
5.0 6.0 Car -1.0 -1.0 -1.0 -1.0 -1.0 -1.0 -1.0 1.965 1.816 4.688 296.923 0.514 686.796 -2.2541276355436177 1.0
5.0 4.0 Car -1.0 -1.0 -1.0 -1.0 -1.0 -1.0 -1.0 1.849 1.625 4.2 288.875 0.769 675.494 -2.208190569618258 1.0
5.0 2.0 Truck -1.0 -1.0 -1.0 -1.0 -1.0 -1.0 -1.0 2.052 1.772 5.223 312.769 -0.334 705.841 -2.255436632485547 0.0
5.0 1.0 Car -1.0 -1.0 -1.0 -1.0 -1.0 -1.0 -1.0 2.071 1.723 4.625 304.583 0.111 695.994 -2.261737271079977 1.0
6.0 6.0 Car -1.0 -1.0 -1.0 -1.0 -1.0 -1.0 -1.0 1.965 1.816 4.688 295.697 0.514 685.29 -2.2541276355436177 1.0
6.0 4.0 Car -1.0 -1.0 -1.0 -1.0 -1.0 -1.0 -1.0 1.849 1.625 4.2 287.722 0.759 674.518 -2.208190569618258 0.0
6.0 2.0 Truck -1.0 -1.0 -1.0 -1.0 -1.0 -1.0 -1.0 2.052 1.772 5.223 311.855 -0.325 704.755 -2.2728899250054906 1.0
6.0 1.0 Car -1.0 -1.0 -1.0 -1.0 -1.0 -1.0 -1.0 2.071 1.723 4.625 303.928 -0.005 695.198 -2.261737271079977 1.0
7.0 6.0 Car -1.0 -1.0 -1.0 -1.0 -1.0 -1.0 -1.0 1.965 1.816 4.688 294.317 0.614 683.596 -2.2541276355436177 1.0
7.0 4.0 Car -1.0 -1.0 -1.0 -1.0 -1.0 -1.0 -1.0 1.849 1.625 4.2 286.982 0.798 673.146 -2.2256438621382006 0.0
7.0 2.0 Truck -1.0 -1.0 -1.0 -1.0 -1.0 -1.0 -1.0 2.052 1.772 5.223 310.837 -0.272 703.762 -2.2903432175254332 1.0
7.0 1.0 Car -1.0 -1.0 -1.0 -1.0 -1.0 -1.0 -1.0 2.071 1.723 4.625 303.225 -0.06 694.343 -2.261737271079977 1.0
8.0 6.0 Car -1.0 -1.0 -1.0 -1.0 -1.0 -1.0 -1.0 1.965 1.816 4.688 292.916 0.669 681.875 -2.2541276355436177 1.0
8.0 4.0 Car -1.0 -1.0 -1.0 -1.0 -1.0 -1.0 -1.0 1.849 1.625 4.2 285.866 0.841 671.954 -2.2256438621382006 0.0
8.0 2.0 Truck -1.0 -1.0 -1.0 -1.0 -1.0 -1.0 -1.0 2.052 1.772 5.223 309.765 -0.276 702.471 -2.2903432175254332 1.0
8.0 1.0 Car -1.0 -1.0 -1.0 -1.0 -1.0 -1.0 -1.0 2.071 1.723 4.625 301.05 0.19 691.613 -2.261737271079977 1.0
9.0 6.0 Car -1.0 -1.0 -1.0 -1.0 -1.0 -1.0 -1.0 1.965 1.816 4.688 291.676 0.675 680.353 -2.2541276355436177 0.0
9.0 4.0 Car -1.0 -1.0 -1.0 -1.0 -1.0 -1.0 -1.0 1.849 1.625 4.2 285.001 0.884 670.9 -2.2256438621382006 0.0
9.0 2.0 Truck -1.0 -1.0 -1.0 -1.0 -1.0 -1.0 -1.0 2.052 1.772 5.223 308.637 -0.231 701.085 -2.2728899250054906 1.0
9.0 1.0 Car -1.0 -1.0 -1.0 -1.0 -1.0 -1.0 -1.0 2.071 1.723 4.625 300.003 0.29 690.244 -2.261737271079977 1.0
10.0 6.0 Car -1.0 -1.0 -1.0 -1.0 -1.0 -1.0 -1.0 1.965 1.816 4.688 290.601 0.78 678.769 -2.2192210505037315 0.0
10.0 4.0 Car -1.0 -1.0 -1.0 -1.0 -1.0 -1.0 -1.0 1.849 1.625 4.2 284.114 0.878 670.003 -2.243097154658144 0.0
10.0 2.0 Truck -1.0 -1.0 -1.0 -1.0 -1.0 -1.0 -1.0 2.052 1.772 5.223 307.155 -0.111 699.41 -2.2787162952872126 1.0
10.0 1.0 Car -1.0 -1.0 -1.0 -1.0 -1.0 -1.0 -1.0 2.071 1.723 4.625 298.003 0.389 687.771 -2.261737271079977 1.0
11.0 6.0 Car -1.0 -1.0 -1.0 -1.0 -1.0 -1.0 -1.0 1.965 1.816 4.688 289.484 0.836 677.356 -2.236674343023674 0.0
11.0 4.0 Car -1.0 -1.0 -1.0 -1.0 -1.0 -1.0 -1.0 1.849 1.625 4.2 283.502 0.921 669.082 -2.243097154658144 0.0
11.0 2.0 Truck -1.0 -1.0 -1.0 -1.0 -1.0 -1.0 -1.0 2.052 1.772 5.223 305.676 0.01 697.738 -2.284530000633724 1.0
11.0 1.0 Car -1.0 -1.0 -1.0 -1.0 -1.0 -1.0 -1.0 2.071 1.723 4.625 296.598 0.489 686.019 -2.261737271079977 1.0
12.0 6.0 Car -1.0 -1.0 -1.0 -1.0 -1.0 -1.0 -1.0 1.965 1.816 4.688 288.556 0.841 676.069 -2.2192210505037315 0.0
12.0 4.0 Car -1.0 -1.0 -1.0 -1.0 -1.0 -1.0 -1.0 1.849 1.625 4.2 282.75 0.914 668.309 -2.243097154658144 0.0
12.0 2.0 Truck -1.0 -1.0 -1.0 -1.0 -1.0 -1.0 -1.0 2.052 1.772 5.223 304.057 0.055 695.903 -2.2903432175254332 1.0
12.0 1.0 Car -1.0 -1.0 -1.0 -1.0 -1.0 -1.0 -1.0 2.071 1.723 4.625 295.193 0.538 684.265 -2.2442839785600337 1.0
13.0 6.0 Car -1.0 -1.0 -1.0 -1.0 -1.0 -1.0 -1.0 1.965 1.816 4.688 287.819 0.846 675.058 -2.201767757983788 0.0
13.0 4.0 Car -1.0 -1.0 -1.0 -1.0 -1.0 -1.0 -1.0 1.849 1.625 4.2 282.238 0.908 667.606 -2.243097154658144 0.0
13.0 2.0 Truck -1.0 -1.0 -1.0 -1.0 -1.0 -1.0 -1.0 2.052 1.772 5.223 303.003 0.151 694.645 -2.281629802679984 1.0
13.0 1.0 Car -1.0 -1.0 -1.0 -1.0 -1.0 -1.0 -1.0 2.071 1.723 4.625 294.007 0.538 682.78 -2.261737271079977 0.0
14.0 6.0 Car -1.0 -1.0 -1.0 -1.0 -1.0 -1.0 -1.0 1.965 1.816 4.688 287.127 0.902 674.215 -2.201767757983788 0.0
14.0 4.0 Car -1.0 -1.0 -1.0 -1.0 -1.0 -1.0 -1.0 1.849 1.625 4.2 281.959 0.951 667.196 -2.243097154658144 0.0
14.0 2.0 Truck -1.0 -1.0 -1.0 -1.0 -1.0 -1.0 -1.0 2.052 1.772 5.223 301.376 0.196 692.554 -2.2728899250054906 1.0
14.0 1.0 Car -1.0 -1.0 -1.0 -1.0 -1.0 -1.0 -1.0 2.071 1.723 4.625 293.047 0.587 681.42 -2.2442839785600337 0.0
15.0 6.0 Car -1.0 -1.0 -1.0 -1.0 -1.0 -1.0 -1.0 1.965 1.816 4.688 286.491 0.907 673.34 -2.2192210505037315 0.0
15.0 4.0 Car -1.0 -1.0 -1.0 -1.0 -1.0 -1.0 -1.0 1.849 1.625 4.2 281.653 0.995 666.844 -2.243097154658144 0.0
15.0 2.0 Truck -1.0 -1.0 -1.0 -1.0 -1.0 -1.0 -1.0 2.052 1.772 5.223 300.194 0.291 690.933 -2.237983339965604 1.0
15.0 1.0 Car -1.0 -1.0 -1.0 -1.0 -1.0 -1.0 -1.0 2.071 1.723 4.625 292.377 0.637 680.619 -2.2442839785600337 0.0
16.0 6.0 Car -1.0 -1.0 -1.0 -1.0 -1.0 -1.0 -1.0 1.965 1.816 4.688 285.875 0.913 672.559 -2.201767757983788 0.0
16.0 4.0 Car -1.0 -1.0 -1.0 -1.0 -1.0 -1.0 -1.0 1.849 1.625 4.2 281.314 0.987 666.422 -2.243097154658144 0.0
16.0 2.0 Truck -1.0 -1.0 -1.0 -1.0 -1.0 -1.0 -1.0 2.052 1.772 5.223 298.692 0.342 689.313 -2.237983339965604 0.0
16.0 1.0 Car -1.0 -1.0 -1.0 -1.0 -1.0 -1.0 -1.0 2.071 1.723 4.625 292.052 0.641 680.205 -2.2442839785600337 0.0
17.0 6.0 Car -1.0 -1.0 -1.0 -1.0 -1.0 -1.0 -1.0 1.965 1.816 4.688 285.619 0.968 672.081 -2.2192210505037315 0.0
17.0 4.0 Car -1.0 -1.0 -1.0 -1.0 -1.0 -1.0 -1.0 1.849 1.625 4.2 280.801 0.981 665.932 -2.243097154658144 0.0
17.0 2.0 Truck -1.0 -1.0 -1.0 -1.0 -1.0 -1.0 -1.0 2.052 1.772 5.223 297.758 0.423 688.055 -2.237983339965604 0.0
17.0 1.0 Car -1.0 -1.0 -1.0 -1.0 -1.0 -1.0 -1.0 2.071 1.723 4.625 291.903 0.645 680.012 -2.2442839785600337 0.0
18.0 6.0 Car -1.0 -1.0 -1.0 -1.0 -1.0 -1.0 -1.0 1.965 1.816 4.688 285.181 0.973 671.593 -2.236674343023674 0.0
18.0 2.0 Truck -1.0 -1.0 -1.0 -1.0 -1.0 -1.0 -1.0 2.052 1.772 5.223 296.975 0.523 687.018 -2.220530047445661 0.0
18.0 1.0 Car -1.0 -1.0 -1.0 -1.0 -1.0 -1.0 -1.0 2.071 1.723 4.625 291.827 0.649 679.91 -2.2442839785600337 0.0
19.0 6.0 Car -1.0 -1.0 -1.0 -1.0 -1.0 -1.0 -1.0 1.965 1.816 4.688 284.758 0.929 671.052 -2.2192210505037315 0.0
19.0 2.0 Truck -1.0 -1.0 -1.0 -1.0 -1.0 -1.0 -1.0 2.052 1.772 5.223 296.458 0.523 686.338 -2.220530047445661 0.0
19.0 0.0 Car -1.0 -1.0 -1.0 -1.0 -1.0 -1.0 -1.0 2.117 2.451 5.829 284.525 1.311 665.487 0.8839219996628646 0.0
19.0 5.0 Car -1.0 -1.0 -1.0 -1.0 -1.0 -1.0 -1.0 1.977 1.72 4.257 315.899 -0.334 708.616 -2.294479647856756 0.0
19.0 1.0 Car -1.0 -1.0 -1.0 -1.0 -1.0 -1.0 -1.0 2.071 1.723 4.625 291.807 0.649 679.885 -2.2442839785600337 1.0
20.0 6.0 Car -1.0 -1.0 -1.0 -1.0 -1.0 -1.0 -1.0 1.965 1.816 4.688 284.286 0.984 670.36 -2.2192210505037315 0.0
20.0 2.0 Truck -1.0 -1.0 -1.0 -1.0 -1.0 -1.0 -1.0 2.052 1.772 5.223 296.15 0.523 685.932 -2.220530047445661 0.0
20.0 0.0 Car -1.0 -1.0 -1.0 -1.0 -1.0 -1.0 -1.0 2.117 2.451 5.829 285.474 1.206 666.39 0.8839219996628646 1.0
20.0 5.0 Car -1.0 -1.0 -1.0 -1.0 -1.0 -1.0 -1.0 1.977 1.72 4.257 315.04 -0.289 707.625 -2.294479647856756 1.0
20.0 1.0 Car -1.0 -1.0 -1.0 -1.0 -1.0 -1.0 -1.0 2.071 1.723 4.625 291.807 0.649 679.885 -2.2442839785600337 1.0
20.0 3.0 Car -1.0 -1.0 -1.0 -1.0 -1.0 -1.0 -1.0 2.071 1.432 4.702 305.388 -0.11 696.437 -2.3368911486772963 0.0
21.0 2.0 Truck -1.0 -1.0 -1.0 -1.0 -1.0 -1.0 -1.0 2.052 1.772 5.223 295.976 0.523 685.703 -2.220530047445661 0.0
21.0 0.0 Car -1.0 -1.0 -1.0 -1.0 -1.0 -1.0 -1.0 2.117 2.451 5.829 286.289 1.256 667.438 0.9362818772226947 1.0
21.0 5.0 Car -1.0 -1.0 -1.0 -1.0 -1.0 -1.0 -1.0 1.977 1.72 4.257 313.626 -0.239 706.004 -2.294479647856756 1.0
21.0 1.0 Car -1.0 -1.0 -1.0 -1.0 -1.0 -1.0 -1.0 2.071 1.723 4.625 291.807 0.649 679.885 -2.2442839785600337 1.0
21.0 3.0 Car -1.0 -1.0 -1.0 -1.0 -1.0 -1.0 -1.0 2.071 1.432 4.702 304.284 -0.069 695.354 -2.3368911486772963 1.0
22.0 2.0 Truck -1.0 -1.0 -1.0 -1.0 -1.0 -1.0 -1.0 2.052 1.772 5.223 295.976 0.523 685.703 -2.220530047445661 1.0
22.0 0.0 Car -1.0 -1.0 -1.0 -1.0 -1.0 -1.0 -1.0 2.117 2.451 5.829 286.744 1.256 668.486 0.9362818772226947 1.0
22.0 5.0 Car -1.0 -1.0 -1.0 -1.0 -1.0 -1.0 -1.0 1.977 1.72 4.257 312.152 -0.189 704.317 -2.294479647856756 1.0
22.0 1.0 Car -1.0 -1.0 -1.0 -1.0 -1.0 -1.0 -1.0 2.071 1.723 4.625 291.807 0.649 679.885 -2.2442839785600337 1.0
22.0 3.0 Car -1.0 -1.0 -1.0 -1.0 -1.0 -1.0 -1.0 2.071 1.432 4.702 303.438 -0.047 694.358 -2.3198628723017274 1.0
23.0 2.0 Truck -1.0 -1.0 -1.0 -1.0 -1.0 -1.0 -1.0 2.052 1.772 5.223 295.976 0.523 685.703 -2.220530047445661 1.0
23.0 0.0 Car -1.0 -1.0 -1.0 -1.0 -1.0 -1.0 -1.0 2.117 2.451 5.829 287.154 1.306 669.694 1.0933615099021843 1.0
23.0 5.0 Car -1.0 -1.0 -1.0 -1.0 -1.0 -1.0 -1.0 1.977 1.72 4.257 310.529 -0.134 702.457 -2.294479647856756 0.0
23.0 1.0 Car -1.0 -1.0 -1.0 -1.0 -1.0 -1.0 -1.0 2.071 1.723 4.625 291.807 0.649 679.885 -2.2442839785600337 0.0
23.0 3.0 Car -1.0 -1.0 -1.0 -1.0 -1.0 -1.0 -1.0 2.071 1.432 4.702 302.898 -0.023 693.684 -2.3010979854557405 1.0
24.0 2.0 Truck -1.0 -1.0 -1.0 -1.0 -1.0 -1.0 -1.0 2.052 1.772 5.223 295.976 0.523 685.703 -2.220530047445661 1.0
24.0 0.0 Car -1.0 -1.0 -1.0 -1.0 -1.0 -1.0 -1.0 2.117 2.451 5.829 287.328 1.256 670.946 1.250441142581674 1.0
24.0 5.0 Car -1.0 -1.0 -1.0 -1.0 -1.0 -1.0 -1.0 1.977 1.72 4.257 309.405 -0.084 701.164 -2.294479647856756 0.0
24.0 1.0 Car -1.0 -1.0 -1.0 -1.0 -1.0 -1.0 -1.0 2.071 1.723 4.625 291.807 0.649 679.885 -2.2442839785600337 0.0
24.0 3.0 Car -1.0 -1.0 -1.0 -1.0 -1.0 -1.0 -1.0 2.071 1.432 4.702 302.463 0.0 693.122 -2.284130720985207 1.0
25.0 2.0 Truck -1.0 -1.0 -1.0 -1.0 -1.0 -1.0 -1.0 2.052 1.772 5.223 295.976 0.523 685.703 -2.220530047445661 1.0
25.0 0.0 Car -1.0 -1.0 -1.0 -1.0 -1.0 -1.0 -1.0 2.117 2.451 5.829 287.361 1.306 672.338 1.4261453549349294 1.0
25.0 5.0 Car -1.0 -1.0 -1.0 -1.0 -1.0 -1.0 -1.0 1.977 1.72 4.257 308.469 -0.034 700.084 -2.294479647856756 0.0
25.0 1.0 Car -1.0 -1.0 -1.0 -1.0 -1.0 -1.0 -1.0 2.071 1.723 4.625 291.807 0.649 679.885 -2.2442839785600337 0.0
25.0 3.0 Car -1.0 -1.0 -1.0 -1.0 -1.0 -1.0 -1.0 2.071 1.432 4.702 302.071 0.022 692.613 -2.267077978597524 1.0
26.0 2.0 Truck -1.0 -1.0 -1.0 -1.0 -1.0 -1.0 -1.0 2.052 1.772 5.223 295.998 0.573 685.732 -2.220530047445661 1.0
26.0 0.0 Car -1.0 -1.0 -1.0 -1.0 -1.0 -1.0 -1.0 2.117 2.451 5.829 287.071 1.306 673.766 1.6181315726543057 1.0
26.0 5.0 Car -1.0 -1.0 -1.0 -1.0 -1.0 -1.0 -1.0 1.977 1.72 4.257 307.818 0.016 699.327 -2.294479647856756 0.0
26.0 1.0 Car -1.0 -1.0 -1.0 -1.0 -1.0 -1.0 -1.0 2.071 1.723 4.625 291.767 0.649 679.835 -2.2442839785600337 0.0
26.0 3.0 Car -1.0 -1.0 -1.0 -1.0 -1.0 -1.0 -1.0 2.071 1.432 4.702 301.74 0.072 692.368 -2.2845312711174666 1.0
27.0 2.0 Truck -1.0 -1.0 -1.0 -1.0 -1.0 -1.0 -1.0 2.052 1.772 5.223 296.019 0.573 685.76 -2.220530047445661 0.0
27.0 0.0 Car -1.0 -1.0 -1.0 -1.0 -1.0 -1.0 -1.0 2.117 2.451 5.829 286.373 1.256 675.16 1.8973842529733984 0.0
27.0 5.0 Car -1.0 -1.0 -1.0 -1.0 -1.0 -1.0 -1.0 1.977 1.72 4.257 307.409 0.047 698.86 -2.2919475663011477 0.0
27.0 1.0 Car -1.0 -1.0 -1.0 -1.0 -1.0 -1.0 -1.0 2.071 1.723 4.625 291.768 0.649 679.834 -2.2268306860400906 0.0
27.0 3.0 Car -1.0 -1.0 -1.0 -1.0 -1.0 -1.0 -1.0 2.071 1.432 4.702 301.637 0.072 692.189 -2.267077978597524 0.0
28.0 2.0 Truck -1.0 -1.0 -1.0 -1.0 -1.0 -1.0 -1.0 2.052 1.772 5.223 296.085 0.573 685.846 -2.220530047445661 0.0
28.0 0.0 Car -1.0 -1.0 -1.0 -1.0 -1.0 -1.0 -1.0 2.117 2.451 5.829 285.488 1.206 676.396 2.1068237632127182 0.0
28.0 5.0 Car -1.0 -1.0 -1.0 -1.0 -1.0 -1.0 -1.0 1.977 1.72 4.257 307.001 0.079 698.393 -2.289415181155019 0.0
28.0 1.0 Car -1.0 -1.0 -1.0 -1.0 -1.0 -1.0 -1.0 2.071 1.723 4.625 291.588 0.649 679.611 -2.2442839785600337 0.0
28.0 3.0 Car -1.0 -1.0 -1.0 -1.0 -1.0 -1.0 -1.0 2.071 1.432 4.702 301.412 0.172 691.91 -2.2845312711174666 0.0
29.0 2.0 Truck -1.0 -1.0 -1.0 -1.0 -1.0 -1.0 -1.0 2.052 1.772 5.223 296.019 0.573 685.76 -2.220530047445661 0.0
29.0 0.0 Car -1.0 -1.0 -1.0 -1.0 -1.0 -1.0 -1.0 2.117 2.451 5.829 284.371 1.206 677.66 2.281356688412151 0.0
29.0 5.0 Car -1.0 -1.0 -1.0 -1.0 -1.0 -1.0 -1.0 1.977 1.72 4.257 306.593 0.111 697.926 -2.286886115265246 0.0
29.0 1.0 Car -1.0 -1.0 -1.0 -1.0 -1.0 -1.0 -1.0 2.071 1.723 4.625 291.251 0.649 679.189 -2.2442839785600337 0.0
29.0 3.0 Car -1.0 -1.0 -1.0 -1.0 -1.0 -1.0 -1.0 2.071 1.432 4.702 301.269 0.172 691.758 -2.275805078772921 0.0
30.0 2.0 Truck -1.0 -1.0 -1.0 -1.0 -1.0 -1.0 -1.0 2.052 1.772 5.223 295.954 0.573 685.674 -2.220530047445661 0.0
30.0 0.0 Car -1.0 -1.0 -1.0 -1.0 -1.0 -1.0 -1.0 2.117 2.451 5.829 282.944 1.206 678.882 2.4384363210916407 0.0
30.0 5.0 Car -1.0 -1.0 -1.0 -1.0 -1.0 -1.0 -1.0 1.977 1.72 4.257 306.396 0.113 697.7 -2.284356786263689 0.0
30.0 1.0 Car -1.0 -1.0 -1.0 -1.0 -1.0 -1.0 -1.0 2.071 1.723 4.625 290.636 0.699 678.418 -2.2442839785600337 0.0
30.0 3.0 Car -1.0 -1.0 -1.0 -1.0 -1.0 -1.0 -1.0 2.071 1.432 4.702 301.127 0.172 691.607 -2.267077978597524 0.0
31.0 2.0 Truck -1.0 -1.0 -1.0 -1.0 -1.0 -1.0 -1.0 2.052 1.772 5.223 295.844 0.562 685.528 -2.220530047445661 0.0
31.0 0.0 Car -1.0 -1.0 -1.0 -1.0 -1.0 -1.0 -1.0 2.117 2.451 5.829 281.066 1.306 679.89 2.6129692462910734 0.0
31.0 5.0 Car -1.0 -1.0 -1.0 -1.0 -1.0 -1.0 -1.0 1.977 1.72 4.257 306.198 0.116 697.474 -2.281827366184976 0.0
31.0 1.0 Car -1.0 -1.0 -1.0 -1.0 -1.0 -1.0 -1.0 2.071 1.723 4.625 289.678 0.749 677.065 -2.2268306860400906 0.0
31.0 3.0 Car -1.0 -1.0 -1.0 -1.0 -1.0 -1.0 -1.0 2.071 1.432 4.702 301.039 0.172 691.602 -2.267077978597524 0.0
32.0 2.0 Truck -1.0 -1.0 -1.0 -1.0 -1.0 -1.0 -1.0 2.052 1.772 5.223 295.517 0.551 685.095 -2.220530047445661 0.0
32.0 0.0 Car -1.0 -1.0 -1.0 -1.0 -1.0 -1.0 -1.0 2.117 2.451 5.829 279.173 1.406 680.922 2.6827824163708467 0.0
32.0 5.0 Car -1.0 -1.0 -1.0 -1.0 -1.0 -1.0 -1.0 1.977 1.72 4.257 306.001 0.118 697.248 -2.2793009820114656 0.0
32.0 1.0 Car -1.0 -1.0 -1.0 -1.0 -1.0 -1.0 -1.0 2.071 1.723 4.625 288.302 0.799 675.274 -2.2268306860400906 0.0
32.0 3.0 Car -1.0 -1.0 -1.0 -1.0 -1.0 -1.0 -1.0 2.071 1.432 4.702 300.99 0.172 691.425 -2.267077978597524 0.0
33.0 2.0 Truck -1.0 -1.0 -1.0 -1.0 -1.0 -1.0 -1.0 2.052 1.772 5.223 294.992 0.519 684.376 -2.220530047445661 0.0
33.0 0.0 Car -1.0 -1.0 -1.0 -1.0 -1.0 -1.0 -1.0 2.117 2.451 5.829 277.17 1.436 681.663 2.75259558645062 0.0
33.0 5.0 Car -1.0 -1.0 -1.0 -1.0 -1.0 -1.0 -1.0 1.977 1.72 4.257 305.823 0.12 697.045 -2.277026355336814 0.0
33.0 1.0 Car -1.0 -1.0 -1.0 -1.0 -1.0 -1.0 -1.0 2.071 1.723 4.625 286.758 0.844 673.206 -2.209377393520147 0.0
33.0 3.0 Car -1.0 -1.0 -1.0 -1.0 -1.0 -1.0 -1.0 2.071 1.432 4.702 300.813 0.172 691.337 -2.267077978597524 0.0
34.0 2.0 Truck -1.0 -1.0 -1.0 -1.0 -1.0 -1.0 -1.0 2.052 1.772 5.223 294.165 0.601 683.254 -2.220530047445661 0.0
34.0 0.0 Car -1.0 -1.0 -1.0 -1.0 -1.0 -1.0 -1.0 2.117 2.451 5.829 274.355 1.461 682.691 2.80495546401045 0.0
34.0 5.0 Car -1.0 -1.0 -1.0 -1.0 -1.0 -1.0 -1.0 1.977 1.72 4.257 305.595 0.117 696.778 -2.277026355336814 0.0
34.0 1.0 Car -1.0 -1.0 -1.0 -1.0 -1.0 -1.0 -1.0 2.071 1.723 4.625 284.776 0.899 670.425 -2.1919241010002044 0.0
34.0 3.0 Car -1.0 -1.0 -1.0 -1.0 -1.0 -1.0 -1.0 2.071 1.432 4.702 300.578 0.172 690.989 -2.2845312711174666 0.0
35.0 2.0 Truck -1.0 -1.0 -1.0 -1.0 -1.0 -1.0 -1.0 2.052 1.772 5.223 292.934 0.692 681.596 -2.220530047445661 0.0
35.0 0.0 Car -1.0 -1.0 -1.0 -1.0 -1.0 -1.0 -1.0 2.117 2.451 5.829 270.861 1.435 683.833 2.8224087565303932 0.0
35.0 3.0 Car -1.0 -1.0 -1.0 -1.0 -1.0 -1.0 -1.0 2.071 1.432 4.702 300.209 0.172 690.469 -2.267077978597524 0.0
36.0 2.0 Truck -1.0 -1.0 -1.0 -1.0 -1.0 -1.0 -1.0 2.052 1.772 5.223 291.763 0.642 680.023 -2.220530047445661 0.0
36.0 0.0 Car -1.0 -1.0 -1.0 -1.0 -1.0 -1.0 -1.0 2.117 2.451 5.829 267.951 1.396 684.788 2.8224087565303932 0.0
36.0 3.0 Car -1.0 -1.0 -1.0 -1.0 -1.0 -1.0 -1.0 2.071 1.432 4.702 299.976 0.172 690.284 -2.267077978597524 0.0
37.0 2.0 Truck -1.0 -1.0 -1.0 -1.0 -1.0 -1.0 -1.0 2.052 1.772 5.223 290.292 0.742 678.055 -2.220530047445661 0.0
37.0 0.0 Car -1.0 -1.0 -1.0 -1.0 -1.0 -1.0 -1.0 2.117 2.451 5.829 264.656 1.307 685.842 2.839862049050337 0.0
37.0 3.0 Car -1.0 -1.0 -1.0 -1.0 -1.0 -1.0 -1.0 2.071 1.432 4.702 299.056 0.222 689.143 -2.267077978597524 0.0
38.0 2.0 Truck -1.0 -1.0 -1.0 -1.0 -1.0 -1.0 -1.0 2.052 1.772 5.223 288.637 0.842 675.966 -2.255436632485547 0.0
38.0 0.0 Car -1.0 -1.0 -1.0 -1.0 -1.0 -1.0 -1.0 2.117 2.451 5.829 261.19 1.356 686.921 2.839862049050337 0.0
38.0 3.0 Car -1.0 -1.0 -1.0 -1.0 -1.0 -1.0 -1.0 2.071 1.432 4.702 298.094 0.272 688.054 -2.267077978597524 0.0
