0.0 1.0 Bus -1.0 -1.0 -1.0 -1.0 -1.0 -1.0 -1.0 3.558 3.592 11.287 1435.398 1.595 1255.068 2.510237249207382 0.0
0.0 2.0 Car -1.0 -1.0 -1.0 -1.0 -1.0 -1.0 -1.0 1.864 1.591 4.126 1298.444 2.474 1320.452 -0.513214066500657 0.0
0.0 6.0 Car -1.0 -1.0 -1.0 -1.0 -1.0 -1.0 -1.0 1.836 1.531 4.842 1302.158 2.196 1314.675 -0.513214066500657 0.0
1.0 1.0 Bus -1.0 -1.0 -1.0 -1.0 -1.0 -1.0 -1.0 3.558 3.592 11.287 1432.611 1.594 1257.107 2.5342331615651323 1.0
1.0 2.0 Car -1.0 -1.0 -1.0 -1.0 -1.0 -1.0 -1.0 1.864 1.591 4.126 1303.3 2.455 1317.836 -0.513214066500657 1.0
1.0 6.0 Car -1.0 -1.0 -1.0 -1.0 -1.0 -1.0 -1.0 1.836 1.531 4.842 1308.099 2.166 1311.458 -0.513214066500657 1.0
2.0 1.0 Bus -1.0 -1.0 -1.0 -1.0 -1.0 -1.0 -1.0 3.558 3.592 11.287 1429.698 1.593 1258.958 2.5581743289761065 1.0
2.0 2.0 Car -1.0 -1.0 -1.0 -1.0 -1.0 -1.0 -1.0 1.864 1.591 4.126 1308.146 2.435 1315.227 -0.513214066500657 1.0
2.0 6.0 Car -1.0 -1.0 -1.0 -1.0 -1.0 -1.0 -1.0 1.836 1.531 4.842 1314.026 2.137 1308.248 -0.513214066500657 1.0
3.0 1.0 Bus -1.0 -1.0 -1.0 -1.0 -1.0 -1.0 -1.0 3.558 3.592 11.287 1426.749 1.592 1260.758 2.582143036495914 1.0
3.0 2.0 Car -1.0 -1.0 -1.0 -1.0 -1.0 -1.0 -1.0 1.864 1.591 4.126 1312.996 2.416 1312.614 -0.513214066500657 1.0
3.0 6.0 Car -1.0 -1.0 -1.0 -1.0 -1.0 -1.0 -1.0 1.836 1.531 4.842 1319.96 2.107 1305.034 -0.513214066500657 1.0
4.0 1.0 Bus -1.0 -1.0 -1.0 -1.0 -1.0 -1.0 -1.0 3.558 3.592 11.287 1423.787 1.591 1262.528 2.6060849702403512 1.0
4.0 5.0 Car -1.0 -1.0 -1.0 -1.0 -1.0 -1.0 -1.0 2.155 2.0 4.693 1448.274 0.826 1272.021 -2.127189839583982 0.0
4.0 2.0 Car -1.0 -1.0 -1.0 -1.0 -1.0 -1.0 -1.0 1.864 1.591 4.126 1317.842 2.396 1310.005 -0.513214066500657 1.0
4.0 6.0 Car -1.0 -1.0 -1.0 -1.0 -1.0 -1.0 -1.0 1.836 1.531 4.842 1325.888 2.078 1301.824 -0.513214066500657 1.0
5.0 1.0 Bus -1.0 -1.0 -1.0 -1.0 -1.0 -1.0 -1.0 3.558 3.592 11.287 1420.481 1.59 1264.391 2.6324102968469854 1.0
5.0 5.0 Car -1.0 -1.0 -1.0 -1.0 -1.0 -1.0 -1.0 2.155 2.0 4.693 1448.238 0.84 1272.021 -2.127189839583982 0.0
5.0 2.0 Car -1.0 -1.0 -1.0 -1.0 -1.0 -1.0 -1.0 1.864 1.591 4.126 1323.17 2.374 1307.135 -0.513214066500657 1.0
5.0 6.0 Car -1.0 -1.0 -1.0 -1.0 -1.0 -1.0 -1.0 1.836 1.531 4.842 1332.405 2.045 1298.294 -0.513214066500657 1.0
6.0 1.0 Bus -1.0 -1.0 -1.0 -1.0 -1.0 -1.0 -1.0 3.558 3.592 11.287 1417.343 1.63 1266.214 2.6324102968469854 1.0
6.0 5.0 Car -1.0 -1.0 -1.0 -1.0 -1.0 -1.0 -1.0 2.155 2.0 4.693 1448.158 0.804 1271.707 -2.127189839583982 0.0
6.0 2.0 Car -1.0 -1.0 -1.0 -1.0 -1.0 -1.0 -1.0 1.864 1.591 4.126 1328.095 2.358 1304.474 -0.513214066500657 1.0
6.0 6.0 Car -1.0 -1.0 -1.0 -1.0 -1.0 -1.0 -1.0 1.836 1.531 4.842 1338.305 2.016 1295.115 -0.5481206515405431 1.0
6.0 0.0 Car -1.0 -1.0 -1.0 -1.0 -1.0 -1.0 -1.0 2.066 1.535 4.672 1452.698 0.63 1277.775 -2.074829962024152 0.0
7.0 1.0 Bus -1.0 -1.0 -1.0 -1.0 -1.0 -1.0 -1.0 3.558 3.592 11.287 1414.204 1.671 1268.037 2.6324102968469854 1.0
7.0 5.0 Car -1.0 -1.0 -1.0 -1.0 -1.0 -1.0 -1.0 2.155 2.0 4.693 1448.078 0.768 1271.392 -2.127189839583982 1.0
7.0 2.0 Car -1.0 -1.0 -1.0 -1.0 -1.0 -1.0 -1.0 1.864 1.591 4.126 1333.02 2.341 1301.814 -0.513214066500657 1.0
7.0 6.0 Car -1.0 -1.0 -1.0 -1.0 -1.0 -1.0 -1.0 1.836 1.531 4.842 1344.117 1.936 1291.793 -0.5481206515405431 1.0
7.0 0.0 Car -1.0 -1.0 -1.0 -1.0 -1.0 -1.0 -1.0 2.066 1.535 4.672 1452.719 0.636 1277.76 -2.074829962024152 0.0
8.0 1.0 Bus -1.0 -1.0 -1.0 -1.0 -1.0 -1.0 -1.0 3.558 3.592 11.287 1411.065 1.711 1269.86 2.6324102968469854 1.0
8.0 5.0 Car -1.0 -1.0 -1.0 -1.0 -1.0 -1.0 -1.0 2.155 2.0 4.693 1447.998 0.857 1271.078 -2.127189839583982 1.0
8.0 2.0 Car -1.0 -1.0 -1.0 -1.0 -1.0 -1.0 -1.0 1.864 1.591 4.126 1337.945 2.324 1299.153 -0.513214066500657 1.0
8.0 6.0 Car -1.0 -1.0 -1.0 -1.0 -1.0 -1.0 -1.0 1.836 1.531 4.842 1349.137 1.907 1288.994 -0.5306673590206001 1.0
8.0 0.0 Car -1.0 -1.0 -1.0 -1.0 -1.0 -1.0 -1.0 2.066 1.535 4.672 1452.718 0.643 1277.73 -2.078707629404784 0.0
9.0 1.0 Bus -1.0 -1.0 -1.0 -1.0 -1.0 -1.0 -1.0 3.558 3.592 11.287 1407.926 1.752 1271.683 2.6324102968469854 1.0
9.0 5.0 Car -1.0 -1.0 -1.0 -1.0 -1.0 -1.0 -1.0 2.155 2.0 4.693 1448.184 0.835 1271.232 -2.127189839583982 1.0
9.0 2.0 Car -1.0 -1.0 -1.0 -1.0 -1.0 -1.0 -1.0 1.864 1.591 4.126 1342.87 2.157 1296.492 -0.513214066500657 1.0
9.0 7.0 Car -1.0 -1.0 -1.0 -1.0 -1.0 -1.0 -1.0 1.892 1.778 4.9 1449.602 0.757 1267.099 -2.109736547064039 0.0
9.0 6.0 Car -1.0 -1.0 -1.0 -1.0 -1.0 -1.0 -1.0 1.836 1.531 4.842 1354.105 1.727 1286.111 -0.5481206515405431 1.0
9.0 0.0 Car -1.0 -1.0 -1.0 -1.0 -1.0 -1.0 -1.0 2.066 1.535 4.672 1452.716 0.649 1277.7 -2.0825850873457203 1.0
10.0 1.0 Bus -1.0 -1.0 -1.0 -1.0 -1.0 -1.0 -1.0 3.558 3.592 11.287 1404.784 1.942 1273.508 2.6324102968469854 1.0
10.0 5.0 Car -1.0 -1.0 -1.0 -1.0 -1.0 -1.0 -1.0 2.155 2.0 4.693 1448.371 0.812 1271.387 -2.127189839583982 1.0
10.0 2.0 Car -1.0 -1.0 -1.0 -1.0 -1.0 -1.0 -1.0 1.864 1.591 4.126 1347.801 2.091 1293.828 -0.513214066500657 1.0
10.0 7.0 Car -1.0 -1.0 -1.0 -1.0 -1.0 -1.0 -1.0 1.892 1.778 4.9 1449.559 0.745 1267.204 -2.109736547064039 1.0
10.0 6.0 Car -1.0 -1.0 -1.0 -1.0 -1.0 -1.0 -1.0 1.836 1.531 4.842 1359.139 1.623 1283.323 -0.5481206515405431 1.0
10.0 0.0 Car -1.0 -1.0 -1.0 -1.0 -1.0 -1.0 -1.0 2.066 1.535 4.672 1452.715 0.655 1277.669 -2.0864668892210987 1.0
11.0 1.0 Bus -1.0 -1.0 -1.0 -1.0 -1.0 -1.0 -1.0 3.558 3.592 11.287 1401.372 2.053 1275.447 2.6324102968469854 1.0
11.0 5.0 Car -1.0 -1.0 -1.0 -1.0 -1.0 -1.0 -1.0 2.155 2.0 4.693 1448.557 0.79 1271.541 -2.127189839583982 1.0
11.0 2.0 Car -1.0 -1.0 -1.0 -1.0 -1.0 -1.0 -1.0 1.864 1.591 4.126 1352.726 1.924 1291.167 -0.513214066500657 1.0
11.0 7.0 Car -1.0 -1.0 -1.0 -1.0 -1.0 -1.0 -1.0 1.892 1.778 4.9 1449.686 0.733 1267.114 -2.109736547064039 1.0
11.0 6.0 Car -1.0 -1.0 -1.0 -1.0 -1.0 -1.0 -1.0 1.836 1.531 4.842 1363.967 1.468 1280.466 -0.5481206515405431 1.0
11.0 0.0 Car -1.0 -1.0 -1.0 -1.0 -1.0 -1.0 -1.0 2.066 1.535 4.672 1452.714 0.662 1277.639 -2.090344517816602 1.0
12.0 1.0 Bus -1.0 -1.0 -1.0 -1.0 -1.0 -1.0 -1.0 3.558 3.592 11.287 1397.961 2.113 1277.387 2.6324102968469854 1.0
12.0 5.0 Car -1.0 -1.0 -1.0 -1.0 -1.0 -1.0 -1.0 2.155 2.0 4.693 1448.743 0.767 1271.695 -2.127189839583982 1.0
12.0 2.0 Car -1.0 -1.0 -1.0 -1.0 -1.0 -1.0 -1.0 1.864 1.591 4.126 1357.651 1.891 1288.506 -0.513214066500657 1.0
12.0 7.0 Car -1.0 -1.0 -1.0 -1.0 -1.0 -1.0 -1.0 1.892 1.778 4.9 1449.681 0.771 1267.13 -2.109736547064039 1.0
12.0 6.0 Car -1.0 -1.0 -1.0 -1.0 -1.0 -1.0 -1.0 1.836 1.531 4.842 1368.86 1.364 1277.589 -0.5481206515405431 1.0
12.0 0.0 Car -1.0 -1.0 -1.0 -1.0 -1.0 -1.0 -1.0 2.066 1.535 4.672 1452.713 0.668 1277.609 -2.0942220533277953 1.0
13.0 1.0 Bus -1.0 -1.0 -1.0 -1.0 -1.0 -1.0 -1.0 3.558 3.592 11.287 1394.549 2.173 1279.327 2.6324102968469854 1.0
13.0 5.0 Car -1.0 -1.0 -1.0 -1.0 -1.0 -1.0 -1.0 2.155 2.0 4.693 1448.929 0.744 1271.849 -2.127189839583982 1.0
13.0 2.0 Car -1.0 -1.0 -1.0 -1.0 -1.0 -1.0 -1.0 1.864 1.591 4.126 1362.576 1.758 1285.845 -0.513214066500657 1.0
13.0 7.0 Car -1.0 -1.0 -1.0 -1.0 -1.0 -1.0 -1.0 1.892 1.778 4.9 1449.516 0.809 1267.077 -2.109736547064039 1.0
13.0 6.0 Car -1.0 -1.0 -1.0 -1.0 -1.0 -1.0 -1.0 1.836 1.531 4.842 1373.256 1.309 1274.898 -0.5481206515405431 1.0
13.0 0.0 Car -1.0 -1.0 -1.0 -1.0 -1.0 -1.0 -1.0 2.066 1.535 4.672 1452.712 0.674 1277.579 -2.0980996043530404 1.0
14.0 1.0 Bus -1.0 -1.0 -1.0 -1.0 -1.0 -1.0 -1.0 3.558 3.592 11.287 1391.138 2.234 1281.266 2.6324102968469854 0.0
14.0 5.0 Car -1.0 -1.0 -1.0 -1.0 -1.0 -1.0 -1.0 2.155 2.0 4.693 1449.115 0.722 1272.003 -2.127189839583982 1.0
14.0 2.0 Car -1.0 -1.0 -1.0 -1.0 -1.0 -1.0 -1.0 1.864 1.591 4.126 1367.501 1.724 1283.185 -0.513214066500657 1.0
14.0 7.0 Car -1.0 -1.0 -1.0 -1.0 -1.0 -1.0 -1.0 1.892 1.778 4.9 1449.456 0.747 1266.804 -2.109736547064039 1.0
14.0 6.0 Car -1.0 -1.0 -1.0 -1.0 -1.0 -1.0 -1.0 1.836 1.531 4.842 1377.608 1.205 1272.391 -0.5481206515405431 1.0
14.0 0.0 Car -1.0 -1.0 -1.0 -1.0 -1.0 -1.0 -1.0 2.066 1.535 4.672 1452.711 0.681 1277.548 -2.101977170892337 1.0
15.0 1.0 Bus -1.0 -1.0 -1.0 -1.0 -1.0 -1.0 -1.0 3.558 3.592 11.287 1387.722 2.294 1283.208 2.6324102968469854 0.0
15.0 5.0 Car -1.0 -1.0 -1.0 -1.0 -1.0 -1.0 -1.0 2.155 2.0 4.693 1449.302 0.699 1272.158 -2.127189839583982 1.0
15.0 2.0 Car -1.0 -1.0 -1.0 -1.0 -1.0 -1.0 -1.0 1.864 1.591 4.126 1371.905 1.633 1280.839 -0.513214066500657 1.0
15.0 7.0 Car -1.0 -1.0 -1.0 -1.0 -1.0 -1.0 -1.0 1.892 1.778 4.9 1448.225 0.755 1264.63 -2.109736547064039 1.0
15.0 6.0 Car -1.0 -1.0 -1.0 -1.0 -1.0 -1.0 -1.0 1.836 1.531 4.842 1381.849 1.2 1269.755 -0.5481206515405431 1.0
15.0 0.0 Car -1.0 -1.0 -1.0 -1.0 -1.0 -1.0 -1.0 2.066 1.535 4.672 1452.709 0.687 1277.518 -2.105859228749568 1.0
16.0 1.0 Bus -1.0 -1.0 -1.0 -1.0 -1.0 -1.0 -1.0 3.558 3.592 11.287 1384.097 2.324 1285.122 2.6324102968469854 0.0
16.0 5.0 Car -1.0 -1.0 -1.0 -1.0 -1.0 -1.0 -1.0 2.155 2.0 4.693 1448.942 0.705 1271.539 -2.127189839583982 1.0
16.0 2.0 Car -1.0 -1.0 -1.0 -1.0 -1.0 -1.0 -1.0 1.864 1.591 4.126 1376.303 1.541 1278.497 -0.513214066500657 1.0
16.0 7.0 Car -1.0 -1.0 -1.0 -1.0 -1.0 -1.0 -1.0 1.892 1.778 4.9 1446.996 0.764 1262.459 -2.109736547064039 0.0
16.0 6.0 Car -1.0 -1.0 -1.0 -1.0 -1.0 -1.0 -1.0 1.836 1.531 4.842 1386.077 1.096 1267.323 -0.5481206515405431 1.0
16.0 0.0 Car -1.0 -1.0 -1.0 -1.0 -1.0 -1.0 -1.0 2.066 1.535 4.672 1452.708 0.693 1277.488 -2.109736547064039 1.0
17.0 1.0 Bus -1.0 -1.0 -1.0 -1.0 -1.0 -1.0 -1.0 3.558 3.592 11.287 1380.467 2.355 1287.038 2.6324102968469854 0.0
17.0 5.0 Car -1.0 -1.0 -1.0 -1.0 -1.0 -1.0 -1.0 2.155 2.0 4.693 1448.582 0.711 1270.92 -2.127189839583982 1.0
17.0 2.0 Car -1.0 -1.0 -1.0 -1.0 -1.0 -1.0 -1.0 1.864 1.591 4.126 1380.706 1.474 1276.152 -0.513214066500657 1.0
17.0 7.0 Car -1.0 -1.0 -1.0 -1.0 -1.0 -1.0 -1.0 1.892 1.778 4.9 1445.766 0.773 1260.285 -2.109736547064039 0.0
17.0 6.0 Car -1.0 -1.0 -1.0 -1.0 -1.0 -1.0 -1.0 1.836 1.531 4.842 1389.867 1.091 1264.996 -0.5481206515405431 1.0
17.0 0.0 Car -1.0 -1.0 -1.0 -1.0 -1.0 -1.0 -1.0 2.066 1.535 4.672 1452.534 0.687 1277.225 -2.097693014368564 1.0
18.0 1.0 Bus -1.0 -1.0 -1.0 -1.0 -1.0 -1.0 -1.0 3.558 3.592 11.287 1377.203 2.382 1288.761 2.6324102968469854 0.0
18.0 5.0 Car -1.0 -1.0 -1.0 -1.0 -1.0 -1.0 -1.0 2.155 2.0 4.693 1447.759 0.74 1269.584 -2.118920523740892 1.0
18.0 2.0 Car -1.0 -1.0 -1.0 -1.0 -1.0 -1.0 -1.0 1.864 1.591 4.126 1384.134 1.403 1274.325 -0.513214066500657 1.0
18.0 7.0 Car -1.0 -1.0 -1.0 -1.0 -1.0 -1.0 -1.0 1.892 1.778 4.9 1444.659 0.781 1258.33 -2.109736547064039 0.0
18.0 6.0 Car -1.0 -1.0 -1.0 -1.0 -1.0 -1.0 -1.0 1.836 1.531 4.842 1393.042 0.987 1263.127 -0.5481206515405431 1.0
18.0 0.0 Car -1.0 -1.0 -1.0 -1.0 -1.0 -1.0 -1.0 2.066 1.535 4.672 1452.377 0.681 1276.988 -2.086860571105668 1.0
19.0 1.0 Bus -1.0 -1.0 -1.0 -1.0 -1.0 -1.0 -1.0 3.558 3.592 11.287 1373.577 2.412 1290.675 2.6324102968469854 0.0
19.0 5.0 Car -1.0 -1.0 -1.0 -1.0 -1.0 -1.0 -1.0 2.155 2.0 4.693 1446.845 0.772 1268.099 -2.109736547064039 1.0
19.0 2.0 Car -1.0 -1.0 -1.0 -1.0 -1.0 -1.0 -1.0 1.864 1.591 4.126 1387.941 1.324 1272.295 -0.513214066500657 1.0
19.0 7.0 Car -1.0 -1.0 -1.0 -1.0 -1.0 -1.0 -1.0 1.892 1.778 4.9 1442.603 1.033 1254.796 -2.1446431321039245 0.0
19.0 6.0 Car -1.0 -1.0 -1.0 -1.0 -1.0 -1.0 -1.0 1.836 1.531 4.842 1396.235 0.933 1261.126 -0.5481206515405431 1.0
19.0 0.0 Car -1.0 -1.0 -1.0 -1.0 -1.0 -1.0 -1.0 2.066 1.535 4.672 1452.202 0.675 1276.725 -2.074829962024152 1.0
20.0 1.0 Bus -1.0 -1.0 -1.0 -1.0 -1.0 -1.0 -1.0 3.558 3.592 11.287 1369.948 2.442 1292.591 2.6324102968469854 0.0
20.0 5.0 Car -1.0 -1.0 -1.0 -1.0 -1.0 -1.0 -1.0 2.155 2.0 4.693 1445.694 0.792 1266.285 -2.109736547064039 1.0
20.0 2.0 Car -1.0 -1.0 -1.0 -1.0 -1.0 -1.0 -1.0 1.864 1.591 4.126 1391.752 1.224 1270.264 -0.513214066500657 1.0
20.0 7.0 Car -1.0 -1.0 -1.0 -1.0 -1.0 -1.0 -1.0 1.892 1.778 4.9 1440.314 1.071 1251.066 -2.1446431321039245 0.0
20.0 4.0 Car -1.0 -1.0 -1.0 -1.0 -1.0 -1.0 -1.0 2.395 1.808 4.905 1484.321 1.383 1229.422 2.6738967739492563 0.0
20.0 6.0 Car -1.0 -1.0 -1.0 -1.0 -1.0 -1.0 -1.0 1.836 1.531 4.842 1399.234 0.878 1259.243 -0.5481206515405431 1.0
20.0 0.0 Car -1.0 -1.0 -1.0 -1.0 -1.0 -1.0 -1.0 2.066 1.535 4.672 1451.533 0.684 1275.564 -2.0806461610440987 1.0
21.0 1.0 Bus -1.0 -1.0 -1.0 -1.0 -1.0 -1.0 -1.0 3.558 3.592 11.287 1366.504 2.433 1294.457 2.6324102968469854 0.0
21.0 5.0 Car -1.0 -1.0 -1.0 -1.0 -1.0 -1.0 -1.0 2.155 2.0 4.693 1444.543 0.812 1264.471 -2.109736547064039 1.0
21.0 2.0 Car -1.0 -1.0 -1.0 -1.0 -1.0 -1.0 -1.0 1.864 1.591 4.126 1394.947 1.174 1268.513 -0.513214066500657 1.0
21.0 7.0 Car -1.0 -1.0 -1.0 -1.0 -1.0 -1.0 -1.0 1.892 1.778 4.9 1437.894 1.014 1247.134 -2.1446431321039245 0.0
21.0 4.0 Car -1.0 -1.0 -1.0 -1.0 -1.0 -1.0 -1.0 2.395 1.808 4.905 1485.268 1.383 1228.861 2.6738967739492563 0.0
21.0 6.0 Car -1.0 -1.0 -1.0 -1.0 -1.0 -1.0 -1.0 1.836 1.531 4.842 1401.948 0.824 1257.534 -0.5481206515405431 1.0
21.0 0.0 Car -1.0 -1.0 -1.0 -1.0 -1.0 -1.0 -1.0 2.066 1.535 4.672 1450.864 0.693 1274.403 -2.0864624995331575 1.0
22.0 1.0 Bus -1.0 -1.0 -1.0 -1.0 -1.0 -1.0 -1.0 3.558 3.592 11.287 1363.057 2.423 1296.324 2.6324102968469854 0.0
22.0 5.0 Car -1.0 -1.0 -1.0 -1.0 -1.0 -1.0 -1.0 2.155 2.0 4.693 1443.391 0.832 1262.655 -2.109736547064039 1.0
22.0 2.0 Car -1.0 -1.0 -1.0 -1.0 -1.0 -1.0 -1.0 1.864 1.591 4.126 1398.144 1.125 1266.761 -0.513214066500657 1.0
22.0 7.0 Car -1.0 -1.0 -1.0 -1.0 -1.0 -1.0 -1.0 1.892 1.778 4.9 1435.426 1.147 1243.127 -2.1446431321039245 0.0
22.0 4.0 Car -1.0 -1.0 -1.0 -1.0 -1.0 -1.0 -1.0 2.395 1.808 4.905 1486.217 1.383 1228.299 2.6738967739492563 0.0
22.0 6.0 Car -1.0 -1.0 -1.0 -1.0 -1.0 -1.0 -1.0 1.836 1.531 4.842 1404.285 0.819 1256.054 -0.5481206515405431 1.0
22.0 0.0 Car -1.0 -1.0 -1.0 -1.0 -1.0 -1.0 -1.0 2.066 1.535 4.672 1450.194 0.702 1273.241 -2.0922832545440953 1.0
23.0 1.0 Bus -1.0 -1.0 -1.0 -1.0 -1.0 -1.0 -1.0 3.558 3.592 11.287 1359.628 2.414 1298.182 2.6324102968469854 0.0
23.0 5.0 Car -1.0 -1.0 -1.0 -1.0 -1.0 -1.0 -1.0 2.155 2.0 4.693 1442.245 0.851 1260.849 -2.109736547064039 1.0
23.0 2.0 Car -1.0 -1.0 -1.0 -1.0 -1.0 -1.0 -1.0 1.864 1.591 4.126 1401.326 1.074 1265.017 -0.513214066500657 1.0
23.0 3.0 Car -1.0 -1.0 -1.0 -1.0 -1.0 -1.0 -1.0 2.159 1.698 4.79 1453.549 0.86 1280.061 -2.0723690473693708 0.0
23.0 7.0 Car -1.0 -1.0 -1.0 -1.0 -1.0 -1.0 -1.0 1.892 1.778 4.9 1432.695 1.161 1239.038 -2.1562552203736645 0.0
23.0 4.0 Car -1.0 -1.0 -1.0 -1.0 -1.0 -1.0 -1.0 2.395 1.808 4.905 1486.726 1.383 1228.11 2.6738967739492563 1.0
23.0 6.0 Car -1.0 -1.0 -1.0 -1.0 -1.0 -1.0 -1.0 1.836 1.531 4.842 1406.486 0.815 1254.693 -0.5481206515405431 0.0
23.0 0.0 Car -1.0 -1.0 -1.0 -1.0 -1.0 -1.0 -1.0 2.066 1.535 4.672 1448.926 0.7 1271.124 -2.086477210409227 1.0
24.0 1.0 Bus -1.0 -1.0 -1.0 -1.0 -1.0 -1.0 -1.0 3.558 3.592 11.287 1356.192 2.404 1300.044 2.6324102968469854 0.0
24.0 5.0 Car -1.0 -1.0 -1.0 -1.0 -1.0 -1.0 -1.0 2.155 2.0 4.693 1440.688 0.884 1258.376 -2.109736547064039 1.0
24.0 2.0 Car -1.0 -1.0 -1.0 -1.0 -1.0 -1.0 -1.0 1.864 1.591 4.126 1403.6 1.016 1263.779 -0.513214066500657 1.0
24.0 3.0 Car -1.0 -1.0 -1.0 -1.0 -1.0 -1.0 -1.0 2.159 1.698 4.79 1452.101 0.81 1277.603 -2.0723690473693708 1.0
24.0 7.0 Car -1.0 -1.0 -1.0 -1.0 -1.0 -1.0 -1.0 1.892 1.778 4.9 1429.89 1.174 1235.027 -2.167889607006806 0.0
24.0 4.0 Car -1.0 -1.0 -1.0 -1.0 -1.0 -1.0 -1.0 2.395 1.808 4.905 1487.237 1.383 1227.921 2.6738967739492563 1.0
24.0 6.0 Car -1.0 -1.0 -1.0 -1.0 -1.0 -1.0 -1.0 1.836 1.531 4.842 1408.35 0.81 1253.538 -0.5481206515405431 0.0
24.0 0.0 Car -1.0 -1.0 -1.0 -1.0 -1.0 -1.0 -1.0 2.066 1.535 4.672 1447.654 0.698 1269.002 -2.080660017092655 1.0
25.0 1.0 Bus -1.0 -1.0 -1.0 -1.0 -1.0 -1.0 -1.0 3.558 3.592 11.287 1352.748 2.394 1301.91 2.6324102968469854 0.0
25.0 5.0 Car -1.0 -1.0 -1.0 -1.0 -1.0 -1.0 -1.0 2.155 2.0 4.693 1439.128 0.916 1255.897 -2.109736547064039 0.0
25.0 2.0 Car -1.0 -1.0 -1.0 -1.0 -1.0 -1.0 -1.0 1.864 1.591 4.126 1405.879 0.958 1262.538 -0.513214066500657 1.0
25.0 3.0 Car -1.0 -1.0 -1.0 -1.0 -1.0 -1.0 -1.0 2.159 1.698 4.79 1450.649 0.822 1275.14 -2.0723690473693708 1.0
25.0 7.0 Car -1.0 -1.0 -1.0 -1.0 -1.0 -1.0 -1.0 1.892 1.778 4.9 1427.08 1.188 1231.008 -2.179549717143811 0.0
25.0 4.0 Car -1.0 -1.0 -1.0 -1.0 -1.0 -1.0 -1.0 2.395 1.808 4.905 1486.921 1.383 1228.118 2.6738967739492563 1.0
25.0 6.0 Car -1.0 -1.0 -1.0 -1.0 -1.0 -1.0 -1.0 1.836 1.531 4.842 1409.534 0.806 1252.798 -0.5481206515405431 0.0
25.0 0.0 Car -1.0 -1.0 -1.0 -1.0 -1.0 -1.0 -1.0 2.066 1.535 4.672 1446.38 0.696 1266.875 -2.074829962024152 1.0
26.0 5.0 Car -1.0 -1.0 -1.0 -1.0 -1.0 -1.0 -1.0 2.155 2.0 4.693 1437.421 0.948 1253.175 -2.109736547064039 0.0
26.0 2.0 Car -1.0 -1.0 -1.0 -1.0 -1.0 -1.0 -1.0 1.864 1.591 4.126 1407.455 1.041 1261.628 -0.513214066500657 1.0
26.0 3.0 Car -1.0 -1.0 -1.0 -1.0 -1.0 -1.0 -1.0 2.159 1.698 4.79 1449.199 0.834 1272.68 -2.0723690473693708 1.0
26.0 7.0 Car -1.0 -1.0 -1.0 -1.0 -1.0 -1.0 -1.0 1.892 1.778 4.9 1424.494 1.266 1227.252 -2.179549717143811 0.0
26.0 4.0 Car -1.0 -1.0 -1.0 -1.0 -1.0 -1.0 -1.0 2.395 1.808 4.905 1486.696 1.383 1228.24 2.6738967739492563 0.0
26.0 6.0 Car -1.0 -1.0 -1.0 -1.0 -1.0 -1.0 -1.0 1.836 1.531 4.842 1410.489 0.801 1252.197 -0.5481206515405431 0.0
26.0 0.0 Car -1.0 -1.0 -1.0 -1.0 -1.0 -1.0 -1.0 2.066 1.535 4.672 1444.894 0.705 1264.274 -2.0790873817542472 1.0
27.0 5.0 Car -1.0 -1.0 -1.0 -1.0 -1.0 -1.0 -1.0 2.155 2.0 4.693 1435.717 0.98 1250.455 -2.109736547064039 0.0
27.0 2.0 Car -1.0 -1.0 -1.0 -1.0 -1.0 -1.0 -1.0 1.864 1.591 4.126 1409.03 1.024 1260.719 -0.513214066500657 1.0
27.0 3.0 Car -1.0 -1.0 -1.0 -1.0 -1.0 -1.0 -1.0 2.159 1.698 4.79 1447.75 0.846 1270.223 -2.0723690473693708 1.0
27.0 7.0 Car -1.0 -1.0 -1.0 -1.0 -1.0 -1.0 -1.0 1.892 1.778 4.9 1421.912 1.344 1223.5 -2.179549717143811 0.0
27.0 4.0 Car -1.0 -1.0 -1.0 -1.0 -1.0 -1.0 -1.0 2.395 1.808 4.905 1486.472 1.383 1228.361 2.6738967739492563 0.0
27.0 6.0 Car -1.0 -1.0 -1.0 -1.0 -1.0 -1.0 -1.0 1.836 1.531 4.842 1410.738 0.797 1252.028 -0.5481206515405431 0.0
27.0 0.0 Car -1.0 -1.0 -1.0 -1.0 -1.0 -1.0 -1.0 2.066 1.535 4.672 1443.408 0.713 1261.676 -2.083340202358046 1.0
28.0 5.0 Car -1.0 -1.0 -1.0 -1.0 -1.0 -1.0 -1.0 2.155 2.0 4.693 1433.839 1.016 1247.458 -2.109736547064039 0.0
28.0 2.0 Car -1.0 -1.0 -1.0 -1.0 -1.0 -1.0 -1.0 1.864 1.591 4.126 1410.111 0.972 1260.121 -0.513214066500657 0.0
28.0 3.0 Car -1.0 -1.0 -1.0 -1.0 -1.0 -1.0 -1.0 2.159 1.698 4.79 1446.154 0.859 1267.515 -2.0723690473693708 0.0
28.0 4.0 Car -1.0 -1.0 -1.0 -1.0 -1.0 -1.0 -1.0 2.395 1.808 4.905 1486.225 1.383 1228.495 2.6738967739492563 0.0
28.0 6.0 Car -1.0 -1.0 -1.0 -1.0 -1.0 -1.0 -1.0 1.836 1.531 4.842 1410.833 0.792 1251.951 -0.5481206515405431 0.0
28.0 0.0 Car -1.0 -1.0 -1.0 -1.0 -1.0 -1.0 -1.0 2.066 1.535 4.672 1441.772 0.723 1258.813 -2.088026030702713 0.0
29.0 5.0 Car -1.0 -1.0 -1.0 -1.0 -1.0 -1.0 -1.0 2.155 2.0 4.693 1432.127 1.016 1244.385 -2.109736547064039 0.0
29.0 2.0 Car -1.0 -1.0 -1.0 -1.0 -1.0 -1.0 -1.0 1.864 1.591 4.126 1411.094 0.924 1259.578 -0.513214066500657 0.0
29.0 3.0 Car -1.0 -1.0 -1.0 -1.0 -1.0 -1.0 -1.0 2.159 1.698 4.79 1444.587 0.876 1264.864 -2.0898223398893134 0.0
29.0 4.0 Car -1.0 -1.0 -1.0 -1.0 -1.0 -1.0 -1.0 2.395 1.808 4.905 1486.0 1.383 1228.616 2.6738967739492563 0.0
29.0 6.0 Car -1.0 -1.0 -1.0 -1.0 -1.0 -1.0 -1.0 1.836 1.531 4.842 1410.802 0.787 1251.952 -0.5481206515405431 0.0
29.0 0.0 Car -1.0 -1.0 -1.0 -1.0 -1.0 -1.0 -1.0 2.066 1.535 4.672 1440.285 0.731 1256.212 -2.0922832545440953 0.0
30.0 5.0 Car -1.0 -1.0 -1.0 -1.0 -1.0 -1.0 -1.0 2.155 2.0 4.693 1430.345 1.016 1241.196 -2.109736547064039 0.0
30.0 2.0 Car -1.0 -1.0 -1.0 -1.0 -1.0 -1.0 -1.0 1.864 1.591 4.126 1411.612 0.933 1259.296 -0.513214066500657 0.0
30.0 3.0 Car -1.0 -1.0 -1.0 -1.0 -1.0 -1.0 -1.0 2.159 1.698 4.79 1443.02 0.876 1262.183 -2.0840003564152867 0.0
30.0 4.0 Car -1.0 -1.0 -1.0 -1.0 -1.0 -1.0 -1.0 2.395 1.808 4.905 1485.776 1.383 1228.738 2.6738967739492563 0.0
30.0 6.0 Car -1.0 -1.0 -1.0 -1.0 -1.0 -1.0 -1.0 1.836 1.531 4.842 1410.827 0.783 1251.919 -0.5481206515405431 0.0
30.0 0.0 Car -1.0 -1.0 -1.0 -1.0 -1.0 -1.0 -1.0 2.066 1.535 4.672 1438.514 0.823 1253.131 -2.086461271070068 0.0
31.0 5.0 Car -1.0 -1.0 -1.0 -1.0 -1.0 -1.0 -1.0 2.155 2.0 4.693 1428.565 1.016 1238.01 -2.109736547064039 0.0
31.0 2.0 Car -1.0 -1.0 -1.0 -1.0 -1.0 -1.0 -1.0 1.864 1.591 4.126 1412.129 0.941 1259.015 -0.513214066500657 0.0
31.0 3.0 Car -1.0 -1.0 -1.0 -1.0 -1.0 -1.0 -1.0 2.159 1.698 4.79 1441.455 0.876 1259.506 -2.0781844343079996 0.0
31.0 4.0 Car -1.0 -1.0 -1.0 -1.0 -1.0 -1.0 -1.0 2.395 1.808 4.905 1485.385 1.383 1228.93 2.6738967739492563 0.0
31.0 6.0 Car -1.0 -1.0 -1.0 -1.0 -1.0 -1.0 -1.0 1.836 1.531 4.842 1410.819 0.783 1251.929 -0.5481206515405431 0.0
31.0 0.0 Car -1.0 -1.0 -1.0 -1.0 -1.0 -1.0 -1.0 2.066 1.535 4.672 1436.746 0.915 1250.052 -2.080645348962782 0.0
32.0 5.0 Car -1.0 -1.0 -1.0 -1.0 -1.0 -1.0 -1.0 2.155 2.0 4.693 1426.697 1.091 1234.696 -2.0998483988895438 0.0
32.0 2.0 Car -1.0 -1.0 -1.0 -1.0 -1.0 -1.0 -1.0 1.864 1.591 4.126 1412.405 0.936 1258.901 -0.513214066500657 0.0
32.0 3.0 Car -1.0 -1.0 -1.0 -1.0 -1.0 -1.0 -1.0 2.159 1.698 4.79 1439.89 0.876 1256.828 -2.0723690473693708 0.0
32.0 4.0 Car -1.0 -1.0 -1.0 -1.0 -1.0 -1.0 -1.0 2.395 1.808 4.905 1484.995 1.383 1229.123 2.6738967739492563 0.0
32.0 6.0 Car -1.0 -1.0 -1.0 -1.0 -1.0 -1.0 -1.0 1.836 1.531 4.842 1410.868 0.783 1251.903 -0.5481206515405431 0.0
32.0 0.0 Car -1.0 -1.0 -1.0 -1.0 -1.0 -1.0 -1.0 2.066 1.535 4.672 1434.977 1.007 1246.975 -2.074829962024152 0.0
33.0 5.0 Car -1.0 -1.0 -1.0 -1.0 -1.0 -1.0 -1.0 2.155 2.0 4.693 1424.827 1.166 1231.378 -2.0899490739110456 0.0
33.0 2.0 Car -1.0 -1.0 -1.0 -1.0 -1.0 -1.0 -1.0 1.864 1.591 4.126 1412.624 0.93 1258.772 -0.513214066500657 0.0
33.0 3.0 Car -1.0 -1.0 -1.0 -1.0 -1.0 -1.0 -1.0 2.159 1.698 4.79 1438.055 0.947 1253.643 -2.0723690473693708 0.0
33.0 4.0 Car -1.0 -1.0 -1.0 -1.0 -1.0 -1.0 -1.0 2.395 1.808 4.905 1484.605 1.383 1229.316 2.6738967739492563 0.0
33.0 6.0 Car -1.0 -1.0 -1.0 -1.0 -1.0 -1.0 -1.0 1.836 1.531 4.842 1410.859 0.783 1251.913 -0.5481206515405431 0.0
33.0 0.0 Car -1.0 -1.0 -1.0 -1.0 -1.0 -1.0 -1.0 2.066 1.535 4.672 1433.052 1.022 1243.634 -2.074829962024152 0.0
34.0 5.0 Car -1.0 -1.0 -1.0 -1.0 -1.0 -1.0 -1.0 2.155 2.0 4.693 1422.96 1.241 1228.064 -2.0800604311877007 0.0
34.0 2.0 Car -1.0 -1.0 -1.0 -1.0 -1.0 -1.0 -1.0 1.864 1.591 4.126 1412.842 0.924 1258.642 -0.513214066500657 0.0
34.0 3.0 Car -1.0 -1.0 -1.0 -1.0 -1.0 -1.0 -1.0 2.159 1.698 4.79 1436.221 1.017 1250.461 -2.0723690473693708 0.0
34.0 4.0 Car -1.0 -1.0 -1.0 -1.0 -1.0 -1.0 -1.0 2.395 1.808 4.905 1484.349 1.383 1229.327 2.6738967739492563 0.0
34.0 6.0 Car -1.0 -1.0 -1.0 -1.0 -1.0 -1.0 -1.0 1.836 1.531 4.842 1410.851 0.783 1251.922 -0.5481206515405431 0.0
34.0 0.0 Car -1.0 -1.0 -1.0 -1.0 -1.0 -1.0 -1.0 2.066 1.535 4.672 1431.129 1.036 1240.297 -2.074829962024152 0.0
35.0 5.0 Car -1.0 -1.0 -1.0 -1.0 -1.0 -1.0 -1.0 2.155 2.0 4.693 1421.089 1.316 1224.746 -2.070160631442306 0.0
35.0 2.0 Car -1.0 -1.0 -1.0 -1.0 -1.0 -1.0 -1.0 1.864 1.591 4.126 1412.854 0.924 1258.662 -0.513214066500657 0.0
35.0 3.0 Car -1.0 -1.0 -1.0 -1.0 -1.0 -1.0 -1.0 2.159 1.698 4.79 1434.386 1.088 1247.275 -2.0723690473693708 0.0
35.0 4.0 Car -1.0 -1.0 -1.0 -1.0 -1.0 -1.0 -1.0 2.395 1.808 4.905 1483.492 1.383 1229.793 2.6738967739492563 0.0
35.0 0.0 Car -1.0 -1.0 -1.0 -1.0 -1.0 -1.0 -1.0 2.066 1.535 4.672 1429.204 1.05 1236.956 -2.074829962024152 0.0
36.0 5.0 Car -1.0 -1.0 -1.0 -1.0 -1.0 -1.0 -1.0 2.155 2.0 4.693 1419.145 1.391 1221.292 -2.070160631442306 0.0
36.0 2.0 Car -1.0 -1.0 -1.0 -1.0 -1.0 -1.0 -1.0 1.864 1.591 4.126 1412.866 0.924 1258.681 -0.513214066500657 0.0
36.0 3.0 Car -1.0 -1.0 -1.0 -1.0 -1.0 -1.0 -1.0 2.159 1.698 4.79 1432.423 1.11 1243.666 -2.068008036120951 0.0
36.0 4.0 Car -1.0 -1.0 -1.0 -1.0 -1.0 -1.0 -1.0 2.395 1.808 4.905 1482.877 1.383 1230.137 2.6738967739492563 0.0
36.0 0.0 Car -1.0 -1.0 -1.0 -1.0 -1.0 -1.0 -1.0 2.066 1.535 4.672 1427.281 1.065 1233.619 -2.074829962024152 0.0
37.0 2.0 Car -1.0 -1.0 -1.0 -1.0 -1.0 -1.0 -1.0 1.864 1.591 4.126 1412.866 0.924 1258.68 -0.513214066500657 0.0
37.0 3.0 Car -1.0 -1.0 -1.0 -1.0 -1.0 -1.0 -1.0 2.159 1.698 4.79 1430.457 1.132 1240.053 -2.063642479626131 0.0
37.0 4.0 Car -1.0 -1.0 -1.0 -1.0 -1.0 -1.0 -1.0 2.395 1.808 4.905 1482.08 1.383 1230.648 2.6913500664692 0.0
37.0 0.0 Car -1.0 -1.0 -1.0 -1.0 -1.0 -1.0 -1.0 2.066 1.535 4.672 1425.276 1.131 1230.034 -2.074829962024152 0.0
38.0 2.0 Car -1.0 -1.0 -1.0 -1.0 -1.0 -1.0 -1.0 1.864 1.591 4.126 1412.867 0.924 1258.678 -0.513214066500657 0.0
38.0 3.0 Car -1.0 -1.0 -1.0 -1.0 -1.0 -1.0 -1.0 2.159 1.698 4.79 1428.338 1.154 1236.154 -2.0592810408977233 0.0
38.0 0.0 Car -1.0 -1.0 -1.0 -1.0 -1.0 -1.0 -1.0 2.066 1.535 4.672 1423.272 1.198 1226.453 -2.074829962024152 0.0
39.0 2.0 Car -1.0 -1.0 -1.0 -1.0 -1.0 -1.0 -1.0 1.864 1.591 4.126 1412.867 0.924 1258.677 -0.513214066500657 0.0
39.0 3.0 Car -1.0 -1.0 -1.0 -1.0 -1.0 -1.0 -1.0 2.159 1.698 4.79 1426.217 1.176 1232.251 -2.054915754849427 0.0
39.0 0.0 Car -1.0 -1.0 -1.0 -1.0 -1.0 -1.0 -1.0 2.066 1.535 4.672 1421.266 1.265 1222.868 -2.074829962024152 0.0
