0.0 6.0 Car -1.0 -1.0 -1.0 -1.0 -1.0 -1.0 -1.0 1.885 1.739 4.571 659.158 -0.367 1607.591 2.4014683308209 0.0
0.0 3.0 Car -1.0 -1.0 -1.0 -1.0 -1.0 -1.0 -1.0 1.908 1.517 4.587 636.623 -0.185 1620.948 -0.6781127744292511 0.0
0.0 1.0 Car -1.0 -1.0 -1.0 -1.0 -1.0 -1.0 -1.0 1.97 2.081 4.983 644.548 -0.362 1619.344 2.4120101195228405 0.0
0.0 0.0 Car -1.0 -1.0 -1.0 -1.0 -1.0 -1.0 -1.0 1.863 1.539 4.544 638.287 -0.417 1624.508 2.445712427370365 0.0
0.0 4.0 Car -1.0 -1.0 -1.0 -1.0 -1.0 -1.0 -1.0 1.772 1.529 4.161 649.644 -0.56 1609.256 -0.7081324375924414 0.0
1.0 7.0 Car -1.0 -1.0 -1.0 -1.0 -1.0 -1.0 -1.0 1.798 1.879 4.778 669.261 -0.017 1598.081 2.426723245092604 0.0
1.0 6.0 Car -1.0 -1.0 -1.0 -1.0 -1.0 -1.0 -1.0 1.885 1.739 4.571 657.079 -0.255 1609.478 2.418917172880314 1.0
1.0 3.0 Car -1.0 -1.0 -1.0 -1.0 -1.0 -1.0 -1.0 1.908 1.517 4.587 638.684 -0.181 1619.25 -0.6903520961051459 1.0
1.0 1.0 Car -1.0 -1.0 -1.0 -1.0 -1.0 -1.0 -1.0 1.97 2.081 4.983 642.88 -0.238 1620.901 2.4032856984931334 1.0
1.0 0.0 Car -1.0 -1.0 -1.0 -1.0 -1.0 -1.0 -1.0 1.863 1.539 4.544 635.919 -0.289 1626.5 2.439894504137868 1.0
1.0 4.0 Car -1.0 -1.0 -1.0 -1.0 -1.0 -1.0 -1.0 1.772 1.529 4.161 652.108 -0.448 1607.128 -0.7081324375924414 1.0
2.0 7.0 Car -1.0 -1.0 -1.0 -1.0 -1.0 -1.0 -1.0 1.798 1.879 4.778 667.048 0.047 1599.997 2.426723245092604 1.0
2.0 6.0 Car -1.0 -1.0 -1.0 -1.0 -1.0 -1.0 -1.0 1.885 1.739 4.571 654.969 -0.143 1611.327 2.436345769707517 1.0
2.0 3.0 Car -1.0 -1.0 -1.0 -1.0 -1.0 -1.0 -1.0 1.908 1.517 4.587 640.743 -0.177 1617.554 -0.7025772169585104 1.0
2.0 1.0 Car -1.0 -1.0 -1.0 -1.0 -1.0 -1.0 -1.0 1.97 2.081 4.983 641.215 -0.114 1622.457 2.394571400079532 1.0
2.0 0.0 Car -1.0 -1.0 -1.0 -1.0 -1.0 -1.0 -1.0 1.863 1.539 4.544 633.554 -0.161 1628.489 2.434083331221893 0.0
2.0 4.0 Car -1.0 -1.0 -1.0 -1.0 -1.0 -1.0 -1.0 1.772 1.529 4.161 654.57 -0.335 1605.002 -0.7081324375924414 1.0
3.0 7.0 Car -1.0 -1.0 -1.0 -1.0 -1.0 -1.0 -1.0 1.798 1.879 4.778 664.831 0.112 1601.917 2.426723245092604 1.0
3.0 6.0 Car -1.0 -1.0 -1.0 -1.0 -1.0 -1.0 -1.0 1.885 1.739 4.571 652.808 -0.031 1613.124 2.4538134258706585 1.0
3.0 3.0 Car -1.0 -1.0 -1.0 -1.0 -1.0 -1.0 -1.0 1.908 1.517 4.587 642.796 -0.148 1615.842 -0.706088608894972 1.0
3.0 1.0 Car -1.0 -1.0 -1.0 -1.0 -1.0 -1.0 -1.0 1.97 2.081 4.983 639.546 0.01 1624.017 2.3858375719979614 1.0
3.0 0.0 Car -1.0 -1.0 -1.0 -1.0 -1.0 -1.0 -1.0 1.863 1.539 4.544 631.183 -0.033 1630.482 2.428259134850422 0.0
3.0 4.0 Car -1.0 -1.0 -1.0 -1.0 -1.0 -1.0 -1.0 1.772 1.529 4.161 657.037 -0.222 1602.871 -0.7081324375924414 1.0
4.0 7.0 Car -1.0 -1.0 -1.0 -1.0 -1.0 -1.0 -1.0 1.798 1.879 4.778 662.23 0.301 1604.149 2.43254537592027 1.0
4.0 6.0 Car -1.0 -1.0 -1.0 -1.0 -1.0 -1.0 -1.0 1.885 1.739 4.571 650.646 0.081 1614.921 2.4712815009006732 1.0
4.0 3.0 Car -1.0 -1.0 -1.0 -1.0 -1.0 -1.0 -1.0 1.908 1.517 4.587 644.947 0.016 1613.971 -0.7041572682972225 1.0
4.0 1.0 Car -1.0 -1.0 -1.0 -1.0 -1.0 -1.0 -1.0 1.97 2.081 4.983 637.877 0.134 1625.576 2.377103534482954 1.0
4.0 0.0 Car -1.0 -1.0 -1.0 -1.0 -1.0 -1.0 -1.0 1.863 1.539 4.544 628.524 0.229 1632.681 2.4457122006790923 0.0
4.0 4.0 Car -1.0 -1.0 -1.0 -1.0 -1.0 -1.0 -1.0 1.772 1.529 4.161 659.505 0.016 1600.74 -0.7081324375924414 1.0
5.0 7.0 Car -1.0 -1.0 -1.0 -1.0 -1.0 -1.0 -1.0 1.798 1.879 4.778 659.629 0.49 1606.381 2.4383676579908498 1.0
5.0 6.0 Car -1.0 -1.0 -1.0 -1.0 -1.0 -1.0 -1.0 1.885 1.739 4.571 648.442 0.243 1616.663 2.466682968040066 1.0
5.0 3.0 Car -1.0 -1.0 -1.0 -1.0 -1.0 -1.0 -1.0 1.908 1.517 4.587 647.098 0.18 1612.1 -0.702225877528567 1.0
5.0 1.0 Car -1.0 -1.0 -1.0 -1.0 -1.0 -1.0 -1.0 1.97 2.081 4.983 635.934 0.326 1627.456 2.3854244697111886 1.0
5.0 0.0 Car -1.0 -1.0 -1.0 -1.0 -1.0 -1.0 -1.0 1.863 1.539 4.544 625.865 0.49 1634.879 2.463165719890311 0.0
5.0 4.0 Car -1.0 -1.0 -1.0 -1.0 -1.0 -1.0 -1.0 1.772 1.529 4.161 661.972 0.155 1598.609 -0.7081324375924414 1.0
6.0 7.0 Car -1.0 -1.0 -1.0 -1.0 -1.0 -1.0 -1.0 1.798 1.879 4.778 657.034 0.679 1608.607 2.444176537612547 1.0
6.0 6.0 Car -1.0 -1.0 -1.0 -1.0 -1.0 -1.0 -1.0 1.885 1.739 4.571 646.243 0.405 1618.401 2.4620950206510734 1.0
6.0 3.0 Car -1.0 -1.0 -1.0 -1.0 -1.0 -1.0 -1.0 1.908 1.517 4.587 649.463 0.396 1610.028 -0.7090056039451831 1.0
6.0 1.0 Car -1.0 -1.0 -1.0 -1.0 -1.0 -1.0 -1.0 1.97 2.081 4.983 633.995 0.517 1629.332 2.3937262507817074 0.0
6.0 0.0 Car -1.0 -1.0 -1.0 -1.0 -1.0 -1.0 -1.0 1.863 1.539 4.544 622.98 0.801 1637.024 2.4880824946782516 0.0
6.0 4.0 Car -1.0 -1.0 -1.0 -1.0 -1.0 -1.0 -1.0 1.772 1.529 4.161 664.433 0.568 1596.484 -0.7081324375924414 1.0
7.0 7.0 Car -1.0 -1.0 -1.0 -1.0 -1.0 -1.0 -1.0 1.798 1.879 4.778 654.433 0.74 1610.797 2.426723245092604 1.0
7.0 6.0 Car -1.0 -1.0 -1.0 -1.0 -1.0 -1.0 -1.0 1.885 1.739 4.571 644.483 0.534 1619.793 2.4584211544646517 0.0
7.0 3.0 Car -1.0 -1.0 -1.0 -1.0 -1.0 -1.0 -1.0 1.908 1.517 4.587 651.356 0.57 1608.368 -0.7144345693459105 1.0
7.0 1.0 Car -1.0 -1.0 -1.0 -1.0 -1.0 -1.0 -1.0 1.97 2.081 4.983 632.443 0.67 1630.834 2.400374023778241 0.0
7.0 8.0 Car -1.0 -1.0 -1.0 -1.0 -1.0 -1.0 -1.0 1.826 2.018 4.937 669.116 0.47 1598.685 2.4092699525726604 0.0
7.0 0.0 Car -1.0 -1.0 -1.0 -1.0 -1.0 -1.0 -1.0 1.863 1.539 4.544 620.67 1.051 1638.741 2.508034967670365 0.0
7.0 4.0 Car -1.0 -1.0 -1.0 -1.0 -1.0 -1.0 -1.0 1.772 1.529 4.161 666.405 0.691 1594.781 -0.7081324375924414 1.0
8.0 7.0 Car -1.0 -1.0 -1.0 -1.0 -1.0 -1.0 -1.0 1.798 1.879 4.778 652.115 0.773 1612.78 2.426723245092604 0.0
8.0 6.0 Car -1.0 -1.0 -1.0 -1.0 -1.0 -1.0 -1.0 1.885 1.739 4.571 642.282 0.696 1621.532 2.45382820838073 0.0
8.0 3.0 Car -1.0 -1.0 -1.0 -1.0 -1.0 -1.0 -1.0 1.908 1.517 4.587 653.717 0.628 1606.328 -0.7060989465613186 1.0
8.0 1.0 Car -1.0 -1.0 -1.0 -1.0 -1.0 -1.0 -1.0 1.97 2.081 4.983 630.328 0.952 1632.696 2.4236444097849805 0.0
8.0 8.0 Car -1.0 -1.0 -1.0 -1.0 -1.0 -1.0 -1.0 1.826 2.018 4.937 666.549 0.53 1600.919 2.4092699525726604 1.0
8.0 0.0 Car -1.0 -1.0 -1.0 -1.0 -1.0 -1.0 -1.0 1.863 1.539 4.544 617.782 1.362 1640.889 2.532978889970087 0.0
8.0 4.0 Car -1.0 -1.0 -1.0 -1.0 -1.0 -1.0 -1.0 1.772 1.529 4.161 668.869 0.846 1592.653 -0.7081324375924414 1.0
9.0 7.0 Car -1.0 -1.0 -1.0 -1.0 -1.0 -1.0 -1.0 1.798 1.879 4.778 649.796 0.806 1614.763 2.426723245092604 0.0
9.0 6.0 Car -1.0 -1.0 -1.0 -1.0 -1.0 -1.0 -1.0 1.885 1.739 4.571 639.548 0.745 1623.759 2.45382820838073 0.0
9.0 3.0 Car -1.0 -1.0 -1.0 -1.0 -1.0 -1.0 -1.0 1.908 1.517 4.587 656.079 0.687 1604.289 -0.6977626400409648 1.0
9.0 1.0 Car -1.0 -1.0 -1.0 -1.0 -1.0 -1.0 -1.0 1.97 2.081 4.983 627.813 1.103 1634.907 2.446916704562727 0.0
9.0 8.0 Car -1.0 -1.0 -1.0 -1.0 -1.0 -1.0 -1.0 1.826 2.018 4.937 663.983 0.59 1603.153 2.4092699525726604 1.0
9.0 0.0 Car -1.0 -1.0 -1.0 -1.0 -1.0 -1.0 -1.0 1.863 1.539 4.544 614.37 1.581 1643.136 2.559159221546104 0.0
9.0 4.0 Car -1.0 -1.0 -1.0 -1.0 -1.0 -1.0 -1.0 1.772 1.529 4.161 671.333 0.838 1590.525 -0.7081324375924414 1.0
9.0 9.0 Truck -1.0 -1.0 -1.0 -1.0 -1.0 -1.0 -1.0 2.124 1.909 5.865 676.105 1.146 1592.123 2.444176537612547 0.0
10.0 7.0 Car -1.0 -1.0 -1.0 -1.0 -1.0 -1.0 -1.0 1.798 1.879 4.778 647.477 0.84 1616.746 2.426723245092604 0.0
10.0 6.0 Car -1.0 -1.0 -1.0 -1.0 -1.0 -1.0 -1.0 1.885 1.739 4.571 636.814 0.794 1625.986 2.45382820838073 0.0
10.0 3.0 Car -1.0 -1.0 -1.0 -1.0 -1.0 -1.0 -1.0 1.908 1.517 4.587 658.746 0.745 1602.024 -0.7068797801748007 1.0
10.0 2.0 Car -1.0 -1.0 -1.0 -1.0 -1.0 -1.0 -1.0 1.759 1.724 4.608 687.883 1.146 1582.333 2.455015032265093 0.0
10.0 1.0 Car -1.0 -1.0 -1.0 -1.0 -1.0 -1.0 -1.0 1.97 2.081 4.983 625.031 1.253 1637.092 2.473081568431427 0.0
10.0 8.0 Car -1.0 -1.0 -1.0 -1.0 -1.0 -1.0 -1.0 1.826 2.018 4.937 661.417 0.65 1605.387 2.4092699525726604 0.0
10.0 0.0 Car -1.0 -1.0 -1.0 -1.0 -1.0 -1.0 -1.0 1.863 1.539 4.544 610.901 1.799 1645.294 2.5853387675299166 0.0
10.0 10.0 Car -1.0 -1.0 -1.0 -1.0 -1.0 -1.0 -1.0 1.754 1.695 4.299 730.588 1.719 1546.684 2.402655154705263 0.0
10.0 4.0 Car -1.0 -1.0 -1.0 -1.0 -1.0 -1.0 -1.0 1.772 1.529 4.161 673.798 0.831 1588.396 -0.7081324375924414 1.0
10.0 9.0 Truck -1.0 -1.0 -1.0 -1.0 -1.0 -1.0 -1.0 2.124 1.909 5.865 673.595 1.133 1594.384 2.444176537612547 1.0
11.0 7.0 Car -1.0 -1.0 -1.0 -1.0 -1.0 -1.0 -1.0 1.798 1.879 4.778 645.148 0.84 1618.716 2.435445067133307 0.0
11.0 6.0 Car -1.0 -1.0 -1.0 -1.0 -1.0 -1.0 -1.0 1.885 1.739 4.571 633.7 0.911 1628.503 2.45382820838073 0.0
11.0 3.0 Car -1.0 -1.0 -1.0 -1.0 -1.0 -1.0 -1.0 1.908 1.517 4.587 661.414 0.804 1599.76 -0.7159973215679324 1.0
11.0 2.0 Car -1.0 -1.0 -1.0 -1.0 -1.0 -1.0 -1.0 1.759 1.724 4.608 685.752 1.141 1584.094 2.455015032265093 1.0
11.0 1.0 Car -1.0 -1.0 -1.0 -1.0 -1.0 -1.0 -1.0 1.97 2.081 4.983 621.999 1.485 1639.353 2.4992475838558446 0.0
11.0 8.0 Car -1.0 -1.0 -1.0 -1.0 -1.0 -1.0 -1.0 1.826 2.018 4.937 658.837 0.71 1607.572 2.4092699525726604 0.0
11.0 0.0 Car -1.0 -1.0 -1.0 -1.0 -1.0 -1.0 -1.0 1.863 1.539 4.544 607.424 1.993 1647.424 2.5853387675299166 0.0
11.0 10.0 Car -1.0 -1.0 -1.0 -1.0 -1.0 -1.0 -1.0 1.754 1.695 4.299 727.936 1.657 1549.028 2.402655154705263 1.0
11.0 4.0 Car -1.0 -1.0 -1.0 -1.0 -1.0 -1.0 -1.0 1.772 1.529 4.161 676.262 0.824 1586.268 -0.7081324375924414 1.0
11.0 9.0 Truck -1.0 -1.0 -1.0 -1.0 -1.0 -1.0 -1.0 2.124 1.909 5.865 671.085 1.12 1596.645 2.444176537612547 1.0
12.0 7.0 Car -1.0 -1.0 -1.0 -1.0 -1.0 -1.0 -1.0 1.798 1.879 4.778 642.816 0.84 1620.689 2.444176537612547 0.0
12.0 6.0 Car -1.0 -1.0 -1.0 -1.0 -1.0 -1.0 -1.0 1.885 1.739 4.571 630.584 1.028 1631.023 2.45382820838073 0.0
12.0 3.0 Car -1.0 -1.0 -1.0 -1.0 -1.0 -1.0 -1.0 1.908 1.517 4.587 664.135 0.839 1597.386 -0.7195088398068941 1.0
12.0 2.0 Car -1.0 -1.0 -1.0 -1.0 -1.0 -1.0 -1.0 1.759 1.724 4.608 683.618 1.135 1585.858 2.455015032265093 1.0
12.0 1.0 Car -1.0 -1.0 -1.0 -1.0 -1.0 -1.0 -1.0 1.97 2.081 4.983 618.576 1.677 1641.837 2.525442545203533 0.0
12.0 8.0 Car -1.0 -1.0 -1.0 -1.0 -1.0 -1.0 -1.0 1.826 2.018 4.937 656.254 0.771 1609.759 2.4092699525726604 0.0
12.0 0.0 Car -1.0 -1.0 -1.0 -1.0 -1.0 -1.0 -1.0 1.863 1.539 4.544 603.308 2.062 1649.805 2.602792408812984 0.0
12.0 10.0 Car -1.0 -1.0 -1.0 -1.0 -1.0 -1.0 -1.0 1.754 1.695 4.299 725.471 1.596 1551.141 2.4113819753467967 1.0
12.0 4.0 Car -1.0 -1.0 -1.0 -1.0 -1.0 -1.0 -1.0 1.772 1.529 4.161 678.73 0.816 1584.137 -0.7081324375924414 1.0
12.0 9.0 Truck -1.0 -1.0 -1.0 -1.0 -1.0 -1.0 -1.0 2.124 1.909 5.865 668.571 1.107 1598.908 2.444176537612547 1.0
13.0 7.0 Car -1.0 -1.0 -1.0 -1.0 -1.0 -1.0 -1.0 1.798 1.879 4.778 640.285 0.923 1622.74 2.4529103962905854 0.0
13.0 6.0 Car -1.0 -1.0 -1.0 -1.0 -1.0 -1.0 -1.0 1.885 1.739 4.571 627.269 1.193 1633.666 2.471291603639406 0.0
13.0 3.0 Car -1.0 -1.0 -1.0 -1.0 -1.0 -1.0 -1.0 1.908 1.517 4.587 666.857 0.874 1595.013 -0.7230202177097445 1.0
13.0 2.0 Car -1.0 -1.0 -1.0 -1.0 -1.0 -1.0 -1.0 1.759 1.724 4.608 681.485 1.129 1587.621 2.455015032265093 1.0
13.0 1.0 Car -1.0 -1.0 -1.0 -1.0 -1.0 -1.0 -1.0 1.97 2.081 4.983 614.941 1.868 1644.318 2.551636459682387 0.0
13.0 8.0 Car -1.0 -1.0 -1.0 -1.0 -1.0 -1.0 -1.0 1.826 2.018 4.937 653.672 0.831 1611.947 2.4092699525726604 0.0
13.0 0.0 Car -1.0 -1.0 -1.0 -1.0 -1.0 -1.0 -1.0 1.863 1.539 4.544 599.192 2.331 1652.185 2.6202453525698033 0.0
13.0 10.0 Car -1.0 -1.0 -1.0 -1.0 -1.0 -1.0 -1.0 1.754 1.695 4.299 723.005 1.534 1553.255 2.4201084472252066 1.0
13.0 4.0 Car -1.0 -1.0 -1.0 -1.0 -1.0 -1.0 -1.0 1.772 1.529 4.161 681.197 0.809 1582.007 -0.7081324375924414 1.0
13.0 9.0 Truck -1.0 -1.0 -1.0 -1.0 -1.0 -1.0 -1.0 2.124 1.909 5.865 665.895 1.069 1601.186 2.444176537612547 1.0
14.0 7.0 Car -1.0 -1.0 -1.0 -1.0 -1.0 -1.0 -1.0 1.798 1.879 4.778 637.756 1.006 1624.788 2.4616341497295178 0.0
14.0 6.0 Car -1.0 -1.0 -1.0 -1.0 -1.0 -1.0 -1.0 1.885 1.739 4.571 623.958 1.357 1636.305 2.4887347934206168 0.0
14.0 3.0 Car -1.0 -1.0 -1.0 -1.0 -1.0 -1.0 -1.0 1.908 1.517 4.587 669.575 0.909 1592.643 -0.7265275328821789 1.0
14.0 2.0 Car -1.0 -1.0 -1.0 -1.0 -1.0 -1.0 -1.0 1.759 1.724 4.608 679.228 1.057 1589.475 2.455015032265093 1.0
14.0 1.0 Car -1.0 -1.0 -1.0 -1.0 -1.0 -1.0 -1.0 1.97 2.081 4.983 610.607 2.091 1646.842 2.5625420811652955 0.0
14.0 8.0 Car -1.0 -1.0 -1.0 -1.0 -1.0 -1.0 -1.0 1.826 2.018 4.937 651.203 0.891 1614.105 2.435447901211535 0.0
14.0 10.0 Car -1.0 -1.0 -1.0 -1.0 -1.0 -1.0 -1.0 1.754 1.695 4.299 720.784 1.473 1555.193 2.4201084472252066 1.0
14.0 4.0 Car -1.0 -1.0 -1.0 -1.0 -1.0 -1.0 -1.0 1.772 1.529 4.161 683.661 0.801 1579.878 -0.7081324375924414 1.0
14.0 9.0 Truck -1.0 -1.0 -1.0 -1.0 -1.0 -1.0 -1.0 2.124 1.909 5.865 663.221 1.031 1603.461 2.444176537612547 1.0
15.0 7.0 Car -1.0 -1.0 -1.0 -1.0 -1.0 -1.0 -1.0 1.798 1.879 4.778 634.907 1.111 1627.004 2.479086469396222 0.0
15.0 6.0 Car -1.0 -1.0 -1.0 -1.0 -1.0 -1.0 -1.0 1.885 1.739 4.571 620.359 1.667 1638.971 2.506646515611286 0.0
15.0 3.0 Car -1.0 -1.0 -1.0 -1.0 -1.0 -1.0 -1.0 1.908 1.517 4.587 672.293 0.944 1590.273 -0.730035381331835 1.0
15.0 2.0 Car -1.0 -1.0 -1.0 -1.0 -1.0 -1.0 -1.0 1.759 1.724 4.608 676.947 1.035 1591.454 2.4462877924590334 1.0
15.0 1.0 Car -1.0 -1.0 -1.0 -1.0 -1.0 -1.0 -1.0 1.97 2.081 4.983 606.27 2.313 1649.361 2.5734493608167015 0.0
15.0 8.0 Car -1.0 -1.0 -1.0 -1.0 -1.0 -1.0 -1.0 1.826 2.018 4.937 648.679 0.951 1616.198 2.46162983013249 0.0
15.0 10.0 Car -1.0 -1.0 -1.0 -1.0 -1.0 -1.0 -1.0 1.754 1.695 4.299 718.583 1.411 1557.152 2.4201084472252066 1.0
15.0 4.0 Car -1.0 -1.0 -1.0 -1.0 -1.0 -1.0 -1.0 1.772 1.529 4.161 686.126 0.794 1577.75 -0.7081324375924414 1.0
15.0 9.0 Truck -1.0 -1.0 -1.0 -1.0 -1.0 -1.0 -1.0 2.124 1.909 5.865 660.735 0.968 1605.552 2.444176537612547 1.0
16.0 7.0 Car -1.0 -1.0 -1.0 -1.0 -1.0 -1.0 -1.0 1.798 1.879 4.778 632.059 1.216 1629.219 2.4965364151723772 0.0
16.0 6.0 Car -1.0 -1.0 -1.0 -1.0 -1.0 -1.0 -1.0 1.885 1.739 4.571 616.76 1.978 1641.636 2.52455580142279 0.0
16.0 3.0 Car -1.0 -1.0 -1.0 -1.0 -1.0 -1.0 -1.0 1.908 1.517 4.587 674.921 0.953 1587.94 -0.7316779012931645 1.0
16.0 2.0 Car -1.0 -1.0 -1.0 -1.0 -1.0 -1.0 -1.0 1.759 1.724 4.608 674.667 1.013 1593.432 2.4375617397451474 1.0
16.0 1.0 Car -1.0 -1.0 -1.0 -1.0 -1.0 -1.0 -1.0 1.97 2.081 4.983 601.931 2.536 1651.876 2.584355156843662 0.0
16.0 8.0 Car -1.0 -1.0 -1.0 -1.0 -1.0 -1.0 -1.0 1.826 2.018 4.937 646.743 0.99 1617.804 2.46162983013249 0.0
16.0 10.0 Car -1.0 -1.0 -1.0 -1.0 -1.0 -1.0 -1.0 1.754 1.695 4.299 716.362 1.35 1559.09 2.402655154705263 1.0
16.0 4.0 Car -1.0 -1.0 -1.0 -1.0 -1.0 -1.0 -1.0 1.772 1.529 4.161 688.59 0.786 1575.622 -0.7081324375924414 1.0
16.0 9.0 Truck -1.0 -1.0 -1.0 -1.0 -1.0 -1.0 -1.0 2.124 1.909 5.865 658.249 0.905 1607.644 2.444176537612547 1.0
17.0 7.0 Car -1.0 -1.0 -1.0 -1.0 -1.0 -1.0 -1.0 1.798 1.879 4.778 628.657 1.398 1631.73 2.5014547845846624 0.0
17.0 6.0 Car -1.0 -1.0 -1.0 -1.0 -1.0 -1.0 -1.0 1.885 1.739 4.571 612.884 2.233 1644.22 2.5531214274426235 0.0
17.0 3.0 Car -1.0 -1.0 -1.0 -1.0 -1.0 -1.0 -1.0 1.908 1.517 4.587 677.15 0.989 1585.988 -0.7333204475425421 1.0
17.0 2.0 Car -1.0 -1.0 -1.0 -1.0 -1.0 -1.0 -1.0 1.759 1.724 4.608 672.326 1.013 1595.461 2.4375617397451474 1.0
17.0 1.0 Car -1.0 -1.0 -1.0 -1.0 -1.0 -1.0 -1.0 1.97 2.081 4.983 597.591 2.759 1654.388 2.595261127414675 0.0
17.0 8.0 Car -1.0 -1.0 -1.0 -1.0 -1.0 -1.0 -1.0 1.826 2.018 4.937 644.808 1.028 1619.41 2.46162983013249 0.0
17.0 10.0 Car -1.0 -1.0 -1.0 -1.0 -1.0 -1.0 -1.0 1.754 1.695 4.299 714.141 1.338 1561.027 2.402655154705263 1.0
17.0 5.0 Car -1.0 -1.0 -1.0 -1.0 -1.0 -1.0 -1.0 1.951 1.589 4.623 674.096 0.417 1637.805 -2.0834867945597555 0.0
17.0 4.0 Car -1.0 -1.0 -1.0 -1.0 -1.0 -1.0 -1.0 1.772 1.529 4.161 691.054 0.779 1573.493 -0.7081324375924414 1.0
17.0 9.0 Truck -1.0 -1.0 -1.0 -1.0 -1.0 -1.0 -1.0 2.124 1.909 5.865 656.024 0.942 1609.543 2.444176537612547 1.0
18.0 7.0 Car -1.0 -1.0 -1.0 -1.0 -1.0 -1.0 -1.0 1.798 1.879 4.778 625.932 1.545 1633.742 2.505394185351052 0.0
18.0 6.0 Car -1.0 -1.0 -1.0 -1.0 -1.0 -1.0 -1.0 1.885 1.739 4.571 609.727 2.437 1646.21 2.5760012560203336 0.0
18.0 3.0 Car -1.0 -1.0 -1.0 -1.0 -1.0 -1.0 -1.0 1.908 1.517 4.587 678.935 1.017 1584.424 -0.7346360559101175 1.0
18.0 2.0 Car -1.0 -1.0 -1.0 -1.0 -1.0 -1.0 -1.0 1.759 1.724 4.608 670.452 1.013 1597.086 2.4375617397451474 1.0
18.0 8.0 Car -1.0 -1.0 -1.0 -1.0 -1.0 -1.0 -1.0 1.826 2.018 4.937 643.258 1.059 1620.696 2.46162983013249 0.0
18.0 10.0 Car -1.0 -1.0 -1.0 -1.0 -1.0 -1.0 -1.0 1.754 1.695 4.299 712.362 1.249 1562.579 2.4201084472252066 1.0
18.0 5.0 Car -1.0 -1.0 -1.0 -1.0 -1.0 -1.0 -1.0 1.951 1.589 4.623 672.301 0.508 1634.618 -2.0834867945597555 1.0
18.0 4.0 Car -1.0 -1.0 -1.0 -1.0 -1.0 -1.0 -1.0 1.772 1.529 4.161 693.028 0.773 1571.789 -0.7081324375924414 1.0
18.0 9.0 Truck -1.0 -1.0 -1.0 -1.0 -1.0 -1.0 -1.0 2.124 1.909 5.865 654.241 0.971 1611.064 2.444176537612547 0.0
19.0 7.0 Car -1.0 -1.0 -1.0 -1.0 -1.0 -1.0 -1.0 1.798 1.879 4.778 622.53 1.727 1636.253 2.510312436689647 0.0
19.0 3.0 Car -1.0 -1.0 -1.0 -1.0 -1.0 -1.0 -1.0 1.908 1.517 4.587 680.795 1.0 1582.76 -0.7362785627274233 1.0
19.0 2.0 Car -1.0 -1.0 -1.0 -1.0 -1.0 -1.0 -1.0 1.759 1.724 4.608 667.936 0.94 1599.264 2.4375617397451474 1.0
19.0 8.0 Car -1.0 -1.0 -1.0 -1.0 -1.0 -1.0 -1.0 1.826 2.018 4.937 642.033 1.098 1621.641 2.46162983013249 0.0
19.0 10.0 Car -1.0 -1.0 -1.0 -1.0 -1.0 -1.0 -1.0 1.754 1.695 4.299 710.191 1.262 1564.572 2.43756173974515 1.0
19.0 5.0 Car -1.0 -1.0 -1.0 -1.0 -1.0 -1.0 -1.0 1.951 1.589 4.623 670.061 0.621 1630.639 -2.0834867945597555 1.0
19.0 4.0 Car -1.0 -1.0 -1.0 -1.0 -1.0 -1.0 -1.0 1.772 1.529 4.161 695.493 0.766 1569.66 -0.7081324375924414 1.0
19.0 9.0 Truck -1.0 -1.0 -1.0 -1.0 -1.0 -1.0 -1.0 2.124 1.909 5.865 652.402 1.062 1612.627 2.444176537612547 0.0
20.0 3.0 Car -1.0 -1.0 -1.0 -1.0 -1.0 -1.0 -1.0 1.908 1.517 4.587 682.656 0.984 1581.096 -0.737921187840945 1.0
20.0 2.0 Car -1.0 -1.0 -1.0 -1.0 -1.0 -1.0 -1.0 1.759 1.724 4.608 665.421 0.868 1601.441 2.4375617397451474 1.0
20.0 8.0 Car -1.0 -1.0 -1.0 -1.0 -1.0 -1.0 -1.0 1.826 2.018 4.937 640.808 1.136 1622.585 2.46162983013249 0.0
20.0 10.0 Car -1.0 -1.0 -1.0 -1.0 -1.0 -1.0 -1.0 1.754 1.695 4.299 707.965 1.226 1566.495 2.4201084472252066 1.0
20.0 5.0 Car -1.0 -1.0 -1.0 -1.0 -1.0 -1.0 -1.0 1.951 1.589 4.623 668.136 0.621 1627.053 -2.0834867945597555 1.0
20.0 4.0 Car -1.0 -1.0 -1.0 -1.0 -1.0 -1.0 -1.0 1.772 1.529 4.161 697.267 0.737 1568.149 -0.7081324375924414 1.0
20.0 9.0 Truck -1.0 -1.0 -1.0 -1.0 -1.0 -1.0 -1.0 2.124 1.909 5.865 650.562 1.153 1614.19 2.444176537612547 0.0
21.0 3.0 Car -1.0 -1.0 -1.0 -1.0 -1.0 -1.0 -1.0 1.908 1.517 4.587 684.125 0.95 1579.739 -0.7375098044707271 1.0
21.0 2.0 Car -1.0 -1.0 -1.0 -1.0 -1.0 -1.0 -1.0 1.759 1.724 4.608 662.977 0.859 1603.555 2.4375617397451474 1.0
21.0 8.0 Car -1.0 -1.0 -1.0 -1.0 -1.0 -1.0 -1.0 1.826 2.018 4.937 640.166 1.125 1623.145 2.46162983013249 0.0
21.0 10.0 Car -1.0 -1.0 -1.0 -1.0 -1.0 -1.0 -1.0 1.754 1.695 4.299 705.756 0.939 1568.441 2.4201084472252066 1.0
21.0 5.0 Car -1.0 -1.0 -1.0 -1.0 -1.0 -1.0 -1.0 1.951 1.589 4.623 666.836 0.621 1624.575 -2.0834867945597555 1.0
21.0 4.0 Car -1.0 -1.0 -1.0 -1.0 -1.0 -1.0 -1.0 1.772 1.529 4.161 699.041 0.709 1566.638 -0.7081324375924414 1.0
21.0 9.0 Truck -1.0 -1.0 -1.0 -1.0 -1.0 -1.0 -1.0 2.124 1.909 5.865 648.723 1.244 1615.753 2.444176537612547 0.0
22.0 3.0 Car -1.0 -1.0 -1.0 -1.0 -1.0 -1.0 -1.0 1.908 1.517 4.587 685.595 0.917 1578.38 -0.737097953648398 1.0
22.0 2.0 Car -1.0 -1.0 -1.0 -1.0 -1.0 -1.0 -1.0 1.759 1.724 4.608 660.53 0.849 1605.671 2.4375617397451474 1.0
22.0 10.0 Car -1.0 -1.0 -1.0 -1.0 -1.0 -1.0 -1.0 1.754 1.695 4.299 703.544 0.802 1570.39 2.43756173974515 1.0
22.0 5.0 Car -1.0 -1.0 -1.0 -1.0 -1.0 -1.0 -1.0 1.951 1.589 4.623 665.603 0.646 1622.425 -2.0834867945597555 1.0
22.0 4.0 Car -1.0 -1.0 -1.0 -1.0 -1.0 -1.0 -1.0 1.772 1.529 4.161 700.817 0.681 1565.125 -0.7081324375924414 1.0
22.0 9.0 Truck -1.0 -1.0 -1.0 -1.0 -1.0 -1.0 -1.0 2.124 1.909 5.865 647.897 1.24 1616.466 2.444176537612547 0.0
23.0 3.0 Car -1.0 -1.0 -1.0 -1.0 -1.0 -1.0 -1.0 1.908 1.517 4.587 687.064 0.883 1577.022 -0.7366865505266822 1.0
23.0 2.0 Car -1.0 -1.0 -1.0 -1.0 -1.0 -1.0 -1.0 1.759 1.724 4.608 658.467 0.914 1607.427 2.4375617397451474 1.0
23.0 10.0 Car -1.0 -1.0 -1.0 -1.0 -1.0 -1.0 -1.0 1.754 1.695 4.299 701.571 0.815 1572.061 2.455015032265093 1.0
23.0 5.0 Car -1.0 -1.0 -1.0 -1.0 -1.0 -1.0 -1.0 1.951 1.589 4.623 664.372 0.671 1620.277 -2.0834867945597555 1.0
23.0 4.0 Car -1.0 -1.0 -1.0 -1.0 -1.0 -1.0 -1.0 1.772 1.529 4.161 702.475 0.719 1563.625 -0.7255861141739222 1.0
23.0 9.0 Truck -1.0 -1.0 -1.0 -1.0 -1.0 -1.0 -1.0 2.124 1.909 5.865 647.072 1.236 1617.179 2.444176537612547 0.0
24.0 3.0 Car -1.0 -1.0 -1.0 -1.0 -1.0 -1.0 -1.0 1.908 1.517 4.587 688.533 0.85 1575.665 -0.7362751655105062 1.0
24.0 2.0 Car -1.0 -1.0 -1.0 -1.0 -1.0 -1.0 -1.0 1.759 1.724 4.608 656.404 0.979 1609.182 2.4375617397451474 1.0
24.0 10.0 Car -1.0 -1.0 -1.0 -1.0 -1.0 -1.0 -1.0 1.754 1.695 4.299 699.689 0.828 1573.659 2.4724683247850363 1.0
24.0 5.0 Car -1.0 -1.0 -1.0 -1.0 -1.0 -1.0 -1.0 1.951 1.589 4.623 663.74 0.654 1619.232 -2.0893024723133657 1.0
24.0 4.0 Car -1.0 -1.0 -1.0 -1.0 -1.0 -1.0 -1.0 1.772 1.529 4.161 704.133 0.758 1562.125 -0.7430390226323275 1.0
24.0 9.0 Truck -1.0 -1.0 -1.0 -1.0 -1.0 -1.0 -1.0 2.124 1.909 5.865 646.247 1.232 1617.892 2.444176537612547 0.0
25.0 3.0 Car -1.0 -1.0 -1.0 -1.0 -1.0 -1.0 -1.0 1.908 1.517 4.587 689.949 0.818 1574.368 -0.7348584976342756 1.0
25.0 2.0 Car -1.0 -1.0 -1.0 -1.0 -1.0 -1.0 -1.0 1.759 1.724 4.608 655.001 0.993 1610.377 2.4375617397451474 1.0
25.0 10.0 Car -1.0 -1.0 -1.0 -1.0 -1.0 -1.0 -1.0 1.754 1.695 4.299 697.359 0.842 1575.459 2.463506834811563 1.0
25.0 5.0 Car -1.0 -1.0 -1.0 -1.0 -1.0 -1.0 -1.0 1.951 1.589 4.623 663.107 0.637 1618.185 -2.095124316251605 1.0
25.0 4.0 Car -1.0 -1.0 -1.0 -1.0 -1.0 -1.0 -1.0 1.772 1.529 4.161 706.099 0.796 1560.088 -0.8303510253921154 1.0
25.0 9.0 Truck -1.0 -1.0 -1.0 -1.0 -1.0 -1.0 -1.0 2.124 1.909 5.865 645.421 1.229 1618.606 2.444176537612547 0.0
26.0 3.0 Car -1.0 -1.0 -1.0 -1.0 -1.0 -1.0 -1.0 1.908 1.517 4.587 691.365 0.786 1573.071 -0.7334433075681925 1.0
26.0 2.0 Car -1.0 -1.0 -1.0 -1.0 -1.0 -1.0 -1.0 1.759 1.724 4.608 653.599 1.008 1611.571 2.4375617397451474 0.0
26.0 10.0 Car -1.0 -1.0 -1.0 -1.0 -1.0 -1.0 -1.0 1.754 1.695 4.299 695.032 0.855 1577.258 2.454554693098924 1.0
26.0 5.0 Car -1.0 -1.0 -1.0 -1.0 -1.0 -1.0 -1.0 1.951 1.589 4.623 662.475 0.621 1617.14 -2.100940087079699 1.0
26.0 4.0 Car -1.0 -1.0 -1.0 -1.0 -1.0 -1.0 -1.0 1.772 1.529 4.161 707.878 0.835 1557.891 -0.9175719478317602 1.0
26.0 9.0 Truck -1.0 -1.0 -1.0 -1.0 -1.0 -1.0 -1.0 2.124 1.909 5.865 645.22 1.314 1618.848 2.444176537612547 0.0
27.0 3.0 Car -1.0 -1.0 -1.0 -1.0 -1.0 -1.0 -1.0 1.908 1.517 4.587 693.011 0.822 1571.639 -0.7233283325883719 1.0
27.0 2.0 Car -1.0 -1.0 -1.0 -1.0 -1.0 -1.0 -1.0 1.759 1.724 4.608 652.2 1.023 1612.763 2.4375617397451474 0.0
27.0 10.0 Car -1.0 -1.0 -1.0 -1.0 -1.0 -1.0 -1.0 1.754 1.695 4.299 692.71 0.868 1579.053 2.445622250786509 1.0
27.0 5.0 Car -1.0 -1.0 -1.0 -1.0 -1.0 -1.0 -1.0 1.951 1.589 4.623 661.864 0.616 1616.058 -2.0800513584431077 1.0
27.0 4.0 Car -1.0 -1.0 -1.0 -1.0 -1.0 -1.0 -1.0 1.772 1.529 4.161 709.263 0.9 1556.051 -0.9267463700378591 1.0
27.0 9.0 Truck -1.0 -1.0 -1.0 -1.0 -1.0 -1.0 -1.0 2.124 1.909 5.865 645.113 1.291 1618.929 2.444176537612547 0.0
28.0 3.0 Car -1.0 -1.0 -1.0 -1.0 -1.0 -1.0 -1.0 1.908 1.517 4.587 694.495 0.853 1570.347 -0.7142007206031673 0.0
28.0 2.0 Car -1.0 -1.0 -1.0 -1.0 -1.0 -1.0 -1.0 1.759 1.724 4.608 651.607 1.027 1613.255 2.4375617397451474 0.0
28.0 10.0 Car -1.0 -1.0 -1.0 -1.0 -1.0 -1.0 -1.0 1.754 1.695 4.299 690.614 0.88 1580.673 2.4375617397451474 0.0
28.0 5.0 Car -1.0 -1.0 -1.0 -1.0 -1.0 -1.0 -1.0 1.951 1.589 4.623 661.312 0.612 1615.081 -2.06120166180625 0.0
28.0 4.0 Car -1.0 -1.0 -1.0 -1.0 -1.0 -1.0 -1.0 1.772 1.529 4.161 710.513 0.958 1554.391 -0.9350252403517034 0.0
28.0 9.0 Truck -1.0 -1.0 -1.0 -1.0 -1.0 -1.0 -1.0 2.124 1.909 5.865 645.016 1.27 1619.002 2.444176537612547 0.0
29.0 3.0 Car -1.0 -1.0 -1.0 -1.0 -1.0 -1.0 -1.0 1.908 1.517 4.587 696.146 0.889 1568.911 -0.7040521223928775 0.0
29.0 2.0 Car -1.0 -1.0 -1.0 -1.0 -1.0 -1.0 -1.0 1.759 1.724 4.608 650.949 1.032 1613.802 2.4375617397451474 0.0
29.0 10.0 Car -1.0 -1.0 -1.0 -1.0 -1.0 -1.0 -1.0 1.754 1.695 4.299 688.492 0.881 1582.507 2.4375617397451474 0.0
29.0 5.0 Car -1.0 -1.0 -1.0 -1.0 -1.0 -1.0 -1.0 1.951 1.589 4.623 660.699 0.608 1613.995 -2.0402434968597754 0.0
29.0 4.0 Car -1.0 -1.0 -1.0 -1.0 -1.0 -1.0 -1.0 1.772 1.529 4.161 711.365 0.971 1553.274 -0.9175812547485983 0.0
29.0 9.0 Truck -1.0 -1.0 -1.0 -1.0 -1.0 -1.0 -1.0 2.124 1.909 5.865 644.908 1.247 1619.084 2.444176537612547 0.0
30.0 3.0 Car -1.0 -1.0 -1.0 -1.0 -1.0 -1.0 -1.0 1.908 1.517 4.587 698.376 0.907 1567.035 -0.6849612368770589 0.0
30.0 2.0 Car -1.0 -1.0 -1.0 -1.0 -1.0 -1.0 -1.0 1.759 1.724 4.608 650.765 1.117 1614.0 2.431924573409697 0.0
30.0 10.0 Car -1.0 -1.0 -1.0 -1.0 -1.0 -1.0 -1.0 1.754 1.695 4.299 686.368 0.883 1584.343 2.4375617397451474 0.0
30.0 5.0 Car -1.0 -1.0 -1.0 -1.0 -1.0 -1.0 -1.0 1.951 1.589 4.623 660.039 0.685 1612.727 -2.019262968228454 0.0
30.0 4.0 Car -1.0 -1.0 -1.0 -1.0 -1.0 -1.0 -1.0 1.772 1.529 4.161 712.218 0.985 1552.156 -0.9001186553118156 0.0
31.0 3.0 Car -1.0 -1.0 -1.0 -1.0 -1.0 -1.0 -1.0 1.908 1.517 4.587 701.045 0.926 1564.923 -0.6639939705744244 0.0
31.0 2.0 Car -1.0 -1.0 -1.0 -1.0 -1.0 -1.0 -1.0 1.759 1.724 4.608 650.563 1.211 1614.217 2.425733348406032 0.0
31.0 10.0 Car -1.0 -1.0 -1.0 -1.0 -1.0 -1.0 -1.0 1.754 1.695 4.299 684.036 0.885 1586.36 2.4375617397451474 0.0
31.0 5.0 Car -1.0 -1.0 -1.0 -1.0 -1.0 -1.0 -1.0 1.951 1.589 4.623 659.314 0.771 1611.334 -1.9962203319600402 0.0
31.0 4.0 Car -1.0 -1.0 -1.0 -1.0 -1.0 -1.0 -1.0 1.772 1.529 4.161 712.882 0.974 1551.436 -0.8635390659071126 0.0
32.0 3.0 Car -1.0 -1.0 -1.0 -1.0 -1.0 -1.0 -1.0 1.908 1.517 4.587 703.47 0.943 1563.003 -0.6449446223574467 0.0
32.0 2.0 Car -1.0 -1.0 -1.0 -1.0 -1.0 -1.0 -1.0 1.759 1.724 4.608 650.379 1.296 1614.414 2.4201084472252017 0.0
32.0 10.0 Car -1.0 -1.0 -1.0 -1.0 -1.0 -1.0 -1.0 1.754 1.695 4.299 682.287 0.908 1587.855 2.4375617397451474 0.0
32.0 5.0 Car -1.0 -1.0 -1.0 -1.0 -1.0 -1.0 -1.0 1.951 1.589 4.623 658.989 0.837 1609.722 -1.8566611791829613 0.0
32.0 4.0 Car -1.0 -1.0 -1.0 -1.0 -1.0 -1.0 -1.0 1.772 1.529 4.161 713.507 0.963 1550.803 -0.830305485232043 0.0
33.0 3.0 Car -1.0 -1.0 -1.0 -1.0 -1.0 -1.0 -1.0 1.908 1.517 4.587 706.192 0.965 1561.006 -0.6377161832080708 0.0
33.0 2.0 Car -1.0 -1.0 -1.0 -1.0 -1.0 -1.0 -1.0 1.759 1.724 4.608 650.176 1.282 1614.588 2.4201084472252017 0.0
33.0 10.0 Car -1.0 -1.0 -1.0 -1.0 -1.0 -1.0 -1.0 1.754 1.695 4.299 680.537 0.932 1589.351 2.4375617397451474 0.0
33.0 5.0 Car -1.0 -1.0 -1.0 -1.0 -1.0 -1.0 -1.0 1.951 1.589 4.623 658.747 0.904 1607.854 -1.6383159320986584 0.0
33.0 4.0 Car -1.0 -1.0 -1.0 -1.0 -1.0 -1.0 -1.0 1.772 1.529 4.161 714.148 0.96 1550.126 -0.795356233081121 0.0
34.0 3.0 Car -1.0 -1.0 -1.0 -1.0 -1.0 -1.0 -1.0 1.908 1.517 4.587 708.91 0.987 1559.011 -0.6304973775676186 0.0
34.0 2.0 Car -1.0 -1.0 -1.0 -1.0 -1.0 -1.0 -1.0 1.759 1.724 4.608 649.076 1.267 1615.668 2.4026464378850734 0.0
34.0 10.0 Car -1.0 -1.0 -1.0 -1.0 -1.0 -1.0 -1.0 1.754 1.695 4.299 679.767 0.943 1589.998 2.4375617397451474 0.0
34.0 5.0 Car -1.0 -1.0 -1.0 -1.0 -1.0 -1.0 -1.0 1.951 1.589 4.623 658.925 0.971 1605.729 -1.4202616788019178 0.0
34.0 4.0 Car -1.0 -1.0 -1.0 -1.0 -1.0 -1.0 -1.0 1.772 1.529 4.161 714.812 0.957 1549.472 -0.7604535586111498 0.0
35.0 3.0 Car -1.0 -1.0 -1.0 -1.0 -1.0 -1.0 -1.0 1.908 1.517 4.587 711.713 0.968 1556.875 -0.6466093718938332 0.0
35.0 2.0 Car -1.0 -1.0 -1.0 -1.0 -1.0 -1.0 -1.0 1.759 1.724 4.608 647.978 1.252 1616.747 2.385201862185315 0.0
35.0 10.0 Car -1.0 -1.0 -1.0 -1.0 -1.0 -1.0 -1.0 1.754 1.695 4.299 678.998 0.954 1590.644 2.4375617397451474 0.0
35.0 5.0 Car -1.0 -1.0 -1.0 -1.0 -1.0 -1.0 -1.0 1.951 1.589 4.623 659.778 0.983 1603.132 -1.1892081124851974 0.0
35.0 4.0 Car -1.0 -1.0 -1.0 -1.0 -1.0 -1.0 -1.0 1.772 1.529 4.161 715.497 0.954 1548.843 -0.7255857301123845 0.0
36.0 3.0 Car -1.0 -1.0 -1.0 -1.0 -1.0 -1.0 -1.0 1.908 1.517 4.587 714.519 0.948 1554.737 -0.662740533605295 0.0
36.0 2.0 Car -1.0 -1.0 -1.0 -1.0 -1.0 -1.0 -1.0 1.759 1.724 4.608 646.872 1.254 1617.82 2.385201862185315 0.0
36.0 10.0 Car -1.0 -1.0 -1.0 -1.0 -1.0 -1.0 -1.0 1.754 1.695 4.299 678.228 0.965 1591.29 2.4375617397451474 0.0
36.0 5.0 Car -1.0 -1.0 -1.0 -1.0 -1.0 -1.0 -1.0 1.951 1.589 4.623 661.389 0.996 1600.119 -1.05101310843395 0.0
36.0 4.0 Car -1.0 -1.0 -1.0 -1.0 -1.0 -1.0 -1.0 1.772 1.529 4.161 715.992 0.89 1548.418 -0.7222285768539277 0.0
37.0 3.0 Car -1.0 -1.0 -1.0 -1.0 -1.0 -1.0 -1.0 1.908 1.517 4.587 717.381 0.929 1552.435 -0.6788882812359769 0.0
37.0 2.0 Car -1.0 -1.0 -1.0 -1.0 -1.0 -1.0 -1.0 1.759 1.724 4.608 645.764 1.256 1618.894 2.385201862185315 0.0
37.0 10.0 Car -1.0 -1.0 -1.0 -1.0 -1.0 -1.0 -1.0 1.754 1.695 4.299 677.458 0.976 1591.938 2.4375617397451474 0.0
37.0 5.0 Car -1.0 -1.0 -1.0 -1.0 -1.0 -1.0 -1.0 1.951 1.589 4.623 663.402 1.008 1597.353 -0.9126760134896319 0.0
37.0 4.0 Car -1.0 -1.0 -1.0 -1.0 -1.0 -1.0 -1.0 1.772 1.529 4.161 716.487 0.827 1547.992 -0.7188679717998872 0.0
38.0 3.0 Car -1.0 -1.0 -1.0 -1.0 -1.0 -1.0 -1.0 1.908 1.517 4.587 720.354 0.926 1549.912 -0.7081219925887794 0.0
38.0 10.0 Car -1.0 -1.0 -1.0 -1.0 -1.0 -1.0 -1.0 1.754 1.695 4.299 677.017 0.968 1592.286 2.4375617397451474 0.0
38.0 5.0 Car -1.0 -1.0 -1.0 -1.0 -1.0 -1.0 -1.0 1.951 1.589 4.623 665.774 1.021 1594.895 -0.774489855564023 0.0
38.0 4.0 Car -1.0 -1.0 -1.0 -1.0 -1.0 -1.0 -1.0 1.772 1.529 4.161 716.981 0.804 1547.567 -0.7155110334392097 0.0
39.0 3.0 Car -1.0 -1.0 -1.0 -1.0 -1.0 -1.0 -1.0 1.908 1.517 4.587 723.227 0.923 1547.277 -0.7548083426800258 0.0
39.0 10.0 Car -1.0 -1.0 -1.0 -1.0 -1.0 -1.0 -1.0 1.754 1.695 4.299 676.575 0.96 1592.634 2.4375617397451474 0.0
39.0 5.0 Car -1.0 -1.0 -1.0 -1.0 -1.0 -1.0 -1.0 1.951 1.589 4.623 668.635 0.975 1592.103 -0.774489855564023 0.0
39.0 4.0 Car -1.0 -1.0 -1.0 -1.0 -1.0 -1.0 -1.0 1.772 1.529 4.161 717.476 0.781 1547.142 -0.7121541420874221 0.0
