0.0 1.0 Car -1.0 -1.0 -1.0 -1.0 -1.0 -1.0 -1.0 1.884 2.081 4.855 300.935 1.023 942.815 1.1846422298460104 0.0
0.0 2.0 Car -1.0 -1.0 -1.0 -1.0 -1.0 -1.0 -1.0 1.971 1.809 4.78 276.443 1.059 911.889 -0.039200094929426 0.0
0.0 3.0 Car -1.0 -1.0 -1.0 -1.0 -1.0 -1.0 -1.0 2.135 1.74 4.993 332.139 0.54 980.826 2.618604743411095 0.0
1.0 1.0 Car -1.0 -1.0 -1.0 -1.0 -1.0 -1.0 -1.0 1.884 2.081 4.855 302.346 1.023 946.46 1.1933688761059822 1.0
1.0 2.0 Car -1.0 -1.0 -1.0 -1.0 -1.0 -1.0 -1.0 1.971 1.809 4.78 278.211 1.022 912.39 0.0480663676702906 1.0
1.0 3.0 Car -1.0 -1.0 -1.0 -1.0 -1.0 -1.0 -1.0 2.135 1.74 4.993 330.355 0.54 982.24 2.461525110731605 1.0
2.0 1.0 Car -1.0 -1.0 -1.0 -1.0 -1.0 -1.0 -1.0 1.884 2.081 4.855 303.757 1.023 950.105 1.202095522365954 1.0
2.0 2.0 Car -1.0 -1.0 -1.0 -1.0 -1.0 -1.0 -1.0 1.971 1.809 4.78 280.8 0.984 913.124 0.13533283027000695 1.0
2.0 3.0 Car -1.0 -1.0 -1.0 -1.0 -1.0 -1.0 -1.0 2.135 1.74 4.993 328.683 0.665 984.075 2.3044454780521155 1.0
3.0 1.0 Car -1.0 -1.0 -1.0 -1.0 -1.0 -1.0 -1.0 1.884 2.081 4.855 305.107 0.973 953.554 1.2091145714794291 1.0
3.0 2.0 Car -1.0 -1.0 -1.0 -1.0 -1.0 -1.0 -1.0 1.971 1.809 4.78 283.315 0.947 914.08 0.22259929286972338 1.0
3.0 3.0 Car -1.0 -1.0 -1.0 -1.0 -1.0 -1.0 -1.0 2.135 1.74 4.993 327.193 0.69 986.312 2.147365845372626 1.0
4.0 1.0 Car -1.0 -1.0 -1.0 -1.0 -1.0 -1.0 -1.0 1.884 2.081 4.855 306.459 0.973 956.893 1.1928625638996468 1.0
4.0 2.0 Car -1.0 -1.0 -1.0 -1.0 -1.0 -1.0 -1.0 1.971 1.809 4.78 285.737 0.909 915.252 0.3098657554694399 1.0
4.0 3.0 Car -1.0 -1.0 -1.0 -1.0 -1.0 -1.0 -1.0 2.135 1.74 4.993 326.199 0.79 988.922 1.9553796276532494 1.0
5.0 1.0 Car -1.0 -1.0 -1.0 -1.0 -1.0 -1.0 -1.0 1.884 2.081 4.855 307.67 0.923 960.056 1.1940638488398079 1.0
5.0 2.0 Car -1.0 -1.0 -1.0 -1.0 -1.0 -1.0 -1.0 1.971 1.809 4.78 286.988 1.009 916.386 0.3098657554694399 1.0
5.0 3.0 Car -1.0 -1.0 -1.0 -1.0 -1.0 -1.0 -1.0 2.135 1.74 4.993 325.722 0.74 991.674 1.7633934099338728 1.0
6.0 1.0 Car -1.0 -1.0 -1.0 -1.0 -1.0 -1.0 -1.0 1.884 2.081 4.855 308.949 0.923 963.12 1.1778118412600256 1.0
6.0 2.0 Car -1.0 -1.0 -1.0 -1.0 -1.0 -1.0 -1.0 1.971 1.809 4.78 288.743 0.909 917.681 0.6414783133483626 1.0
6.0 3.0 Car -1.0 -1.0 -1.0 -1.0 -1.0 -1.0 -1.0 2.135 1.74 4.993 325.572 0.765 994.911 1.6237670697743265 0.0
7.0 1.0 Car -1.0 -1.0 -1.0 -1.0 -1.0 -1.0 -1.0 1.884 2.081 4.855 310.232 0.923 966.136 1.1481789760816201 1.0
7.0 2.0 Car -1.0 -1.0 -1.0 -1.0 -1.0 -1.0 -1.0 1.971 1.809 4.78 290.679 0.959 919.826 0.82182900272111 1.0
7.0 3.0 Car -1.0 -1.0 -1.0 -1.0 -1.0 -1.0 -1.0 2.135 1.74 4.993 325.875 0.79 998.137 1.4841407296147802 0.0
8.0 1.0 Car -1.0 -1.0 -1.0 -1.0 -1.0 -1.0 -1.0 1.884 2.081 4.855 311.467 0.973 969.118 1.1534526959431013 1.0
8.0 2.0 Car -1.0 -1.0 -1.0 -1.0 -1.0 -1.0 -1.0 1.971 1.809 4.78 292.199 1.009 922.283 1.0021796920938575 1.0
8.0 3.0 Car -1.0 -1.0 -1.0 -1.0 -1.0 -1.0 -1.0 2.135 1.74 4.993 326.876 0.748 1001.638 1.2921545118954043 0.0
9.0 1.0 Car -1.0 -1.0 -1.0 -1.0 -1.0 -1.0 -1.0 1.884 2.081 4.855 312.722 0.923 972.044 1.1819974724978402 1.0
9.0 2.0 Car -1.0 -1.0 -1.0 -1.0 -1.0 -1.0 -1.0 1.971 1.809 4.78 293.254 1.059 924.973 1.1825303814666048 1.0
9.0 3.0 Car -1.0 -1.0 -1.0 -1.0 -1.0 -1.0 -1.0 2.135 1.74 4.993 328.217 0.756 1005.488 1.2397946343355741 0.0
10.0 1.0 Car -1.0 -1.0 -1.0 -1.0 -1.0 -1.0 -1.0 1.884 2.081 4.855 314.056 0.923 975.446 1.2192688953125506 1.0
10.0 2.0 Car -1.0 -1.0 -1.0 -1.0 -1.0 -1.0 -1.0 1.971 1.809 4.78 295.043 1.018 929.642 1.1755490644586275 1.0
10.0 3.0 Car -1.0 -1.0 -1.0 -1.0 -1.0 -1.0 -1.0 2.135 1.74 4.993 329.804 0.665 1009.613 1.222341341815631 0.0
11.0 1.0 Car -1.0 -1.0 -1.0 -1.0 -1.0 -1.0 -1.0 1.884 2.081 4.855 315.35 0.873 978.934 1.1867271480474877 0.0
11.0 2.0 Car -1.0 -1.0 -1.0 -1.0 -1.0 -1.0 -1.0 1.971 1.809 4.78 296.833 0.976 934.312 1.1685677474506502 1.0
11.0 3.0 Car -1.0 -1.0 -1.0 -1.0 -1.0 -1.0 -1.0 2.135 1.74 4.993 331.413 0.671 1013.711 1.222341341815631 0.0
12.0 1.0 Car -1.0 -1.0 -1.0 -1.0 -1.0 -1.0 -1.0 1.884 2.081 4.855 316.907 0.873 982.713 1.189867687712087 0.0
12.0 0.0 Truck -1.0 -1.0 -1.0 -1.0 -1.0 -1.0 -1.0 3.282 3.26 7.256 276.703 2.256 886.7 1.1965628285145393 0.0
12.0 2.0 Car -1.0 -1.0 -1.0 -1.0 -1.0 -1.0 -1.0 1.971 1.809 4.78 298.623 0.934 938.981 1.1615864304426728 1.0
12.0 3.0 Car -1.0 -1.0 -1.0 -1.0 -1.0 -1.0 -1.0 2.135 1.74 4.993 332.969 0.835 1017.779 1.222341341815631 0.0
13.0 1.0 Car -1.0 -1.0 -1.0 -1.0 -1.0 -1.0 -1.0 1.884 2.081 4.855 318.813 0.923 986.83 1.1697371706834283 0.0
13.0 0.0 Truck -1.0 -1.0 -1.0 -1.0 -1.0 -1.0 -1.0 3.282 3.26 7.256 278.069 2.153 890.694 1.205289474774511 1.0
13.0 2.0 Car -1.0 -1.0 -1.0 -1.0 -1.0 -1.0 -1.0 1.971 1.809 4.78 300.412 0.893 943.65 1.1546051134346955 0.0
13.0 3.0 Car -1.0 -1.0 -1.0 -1.0 -1.0 -1.0 -1.0 2.135 1.74 4.993 334.969 0.929 1022.527 1.1699814642558013 0.0
14.0 1.0 Car -1.0 -1.0 -1.0 -1.0 -1.0 -1.0 -1.0 1.884 2.081 4.855 320.723 0.973 990.867 1.1496066536547698 0.0
14.0 0.0 Truck -1.0 -1.0 -1.0 -1.0 -1.0 -1.0 -1.0 3.282 3.26 7.256 279.261 2.051 894.01 1.1442029509547094 1.0
14.0 2.0 Car -1.0 -1.0 -1.0 -1.0 -1.0 -1.0 -1.0 1.971 1.809 4.78 302.371 0.851 948.244 1.15635044268669 0.0
14.0 3.0 Car -1.0 -1.0 -1.0 -1.0 -1.0 -1.0 -1.0 2.135 1.74 4.993 337.129 1.111 1027.335 1.1525281717358578 0.0
15.0 1.0 Car -1.0 -1.0 -1.0 -1.0 -1.0 -1.0 -1.0 1.884 2.081 4.855 322.688 1.073 995.026 1.1294761366261112 0.0
15.0 0.0 Truck -1.0 -1.0 -1.0 -1.0 -1.0 -1.0 -1.0 3.282 3.26 7.256 281.033 1.948 898.544 1.1791095359945962 1.0
15.0 2.0 Car -1.0 -1.0 -1.0 -1.0 -1.0 -1.0 -1.0 1.971 1.809 4.78 305.03 0.809 954.106 1.199983673986548 0.0
15.0 3.0 Car -1.0 -1.0 -1.0 -1.0 -1.0 -1.0 -1.0 2.135 1.74 4.993 339.367 1.109 1032.008 1.1757992284291157 0.0
16.0 1.0 Car -1.0 -1.0 -1.0 -1.0 -1.0 -1.0 -1.0 1.884 2.081 4.855 324.722 1.173 999.248 1.1339592372537828 0.0
16.0 0.0 Truck -1.0 -1.0 -1.0 -1.0 -1.0 -1.0 -1.0 3.282 3.26 7.256 282.646 1.845 903.136 1.2140161210344829 1.0
16.0 2.0 Car -1.0 -1.0 -1.0 -1.0 -1.0 -1.0 -1.0 1.971 1.809 4.78 307.357 0.813 959.877 1.1746348443742496 0.0
16.0 3.0 Car -1.0 -1.0 -1.0 -1.0 -1.0 -1.0 -1.0 2.135 1.74 4.993 341.44 1.108 1036.756 1.1990702851223733 0.0
17.0 1.0 Car -1.0 -1.0 -1.0 -1.0 -1.0 -1.0 -1.0 1.884 2.081 4.855 326.812 1.173 1003.592 1.1384423378814548 0.0
17.0 0.0 Truck -1.0 -1.0 -1.0 -1.0 -1.0 -1.0 -1.0 3.282 3.26 7.256 283.858 2.093 906.269 1.2103417436618635 1.0
17.0 2.0 Car -1.0 -1.0 -1.0 -1.0 -1.0 -1.0 -1.0 1.971 1.809 4.78 309.933 0.818 965.828 1.1492860147619508 0.0
17.0 3.0 Car -1.0 -1.0 -1.0 -1.0 -1.0 -1.0 -1.0 2.135 1.74 4.993 343.513 1.106 1041.503 1.222341341815631 0.0
18.0 1.0 Car -1.0 -1.0 -1.0 -1.0 -1.0 -1.0 -1.0 1.884 2.081 4.855 328.849 1.373 1008.028 1.1528156376037608 0.0
18.0 0.0 Truck -1.0 -1.0 -1.0 -1.0 -1.0 -1.0 -1.0 3.282 3.26 7.256 285.269 2.129 909.889 1.2066673662892435 1.0
18.0 2.0 Car -1.0 -1.0 -1.0 -1.0 -1.0 -1.0 -1.0 1.971 1.809 4.78 312.594 0.972 971.554 1.1762970627094822 0.0
19.0 1.0 Car -1.0 -1.0 -1.0 -1.0 -1.0 -1.0 -1.0 1.884 2.081 4.855 330.762 1.473 1012.582 1.1497356448061236 0.0
19.0 0.0 Truck -1.0 -1.0 -1.0 -1.0 -1.0 -1.0 -1.0 3.282 3.26 7.256 286.693 2.165 913.504 1.2029929889166238 1.0
19.0 2.0 Car -1.0 -1.0 -1.0 -1.0 -1.0 -1.0 -1.0 1.971 1.809 4.78 315.352 1.026 977.936 1.168401525617127 0.0
20.0 1.0 Car -1.0 -1.0 -1.0 -1.0 -1.0 -1.0 -1.0 1.884 2.081 4.855 332.822 1.573 1017.267 1.1817333477593532 0.0
20.0 0.0 Truck -1.0 -1.0 -1.0 -1.0 -1.0 -1.0 -1.0 3.282 3.26 7.256 288.13 2.202 917.114 1.199318611544004 1.0
20.0 2.0 Car -1.0 -1.0 -1.0 -1.0 -1.0 -1.0 -1.0 1.971 1.809 4.78 318.093 1.081 984.272 1.1605059885247715 0.0
21.0 1.0 Car -1.0 -1.0 -1.0 -1.0 -1.0 -1.0 -1.0 1.884 2.081 4.855 334.847 1.723 1022.04 1.178824465672696 0.0
21.0 0.0 Truck -1.0 -1.0 -1.0 -1.0 -1.0 -1.0 -1.0 3.282 3.26 7.256 289.58 2.238 920.719 1.1956442341713847 1.0
21.0 2.0 Car -1.0 -1.0 -1.0 -1.0 -1.0 -1.0 -1.0 1.971 1.809 4.78 320.895 1.195 990.74 1.152610451432416 0.0
22.0 1.0 Car -1.0 -1.0 -1.0 -1.0 -1.0 -1.0 -1.0 1.884 2.081 4.855 336.884 1.773 1026.88 1.1671889373260673 0.0
22.0 0.0 Truck -1.0 -1.0 -1.0 -1.0 -1.0 -1.0 -1.0 3.282 3.26 7.256 291.044 2.274 924.319 1.191969856798765 1.0
22.0 2.0 Car -1.0 -1.0 -1.0 -1.0 -1.0 -1.0 -1.0 1.971 1.809 4.78 323.469 1.318 996.877 1.1650770889466615 0.0
23.0 0.0 Truck -1.0 -1.0 -1.0 -1.0 -1.0 -1.0 -1.0 3.282 3.26 7.256 292.599 2.31 927.879 1.1882954794261449 1.0
23.0 2.0 Car -1.0 -1.0 -1.0 -1.0 -1.0 -1.0 -1.0 1.971 1.809 4.78 326.144 1.457 1003.125 1.1738037352066335 0.0
24.0 0.0 Truck -1.0 -1.0 -1.0 -1.0 -1.0 -1.0 -1.0 3.282 3.26 7.256 294.155 2.347 931.439 1.1846211020535258 1.0
24.0 2.0 Car -1.0 -1.0 -1.0 -1.0 -1.0 -1.0 -1.0 1.971 1.809 4.78 328.82 1.596 1009.372 1.1825303814666048 0.0
25.0 0.0 Truck -1.0 -1.0 -1.0 -1.0 -1.0 -1.0 -1.0 3.282 3.26 7.256 295.71 2.383 934.999 1.1809467246809058 1.0
26.0 0.0 Truck -1.0 -1.0 -1.0 -1.0 -1.0 -1.0 -1.0 3.282 3.26 7.256 297.266 2.419 938.56 1.1772723473082864 1.0
27.0 0.0 Truck -1.0 -1.0 -1.0 -1.0 -1.0 -1.0 -1.0 3.282 3.26 7.256 298.821 2.455 942.12 1.1735979699356667 1.0
28.0 0.0 Truck -1.0 -1.0 -1.0 -1.0 -1.0 -1.0 -1.0 3.282 3.26 7.256 300.377 2.492 945.68 1.169923592563047 0.0
29.0 0.0 Truck -1.0 -1.0 -1.0 -1.0 -1.0 -1.0 -1.0 3.282 3.26 7.256 301.933 2.528 949.24 1.1662492151904273 0.0
30.0 0.0 Truck -1.0 -1.0 -1.0 -1.0 -1.0 -1.0 -1.0 3.282 3.26 7.256 303.488 2.564 952.8 1.1625748378178078 0.0
31.0 0.0 Truck -1.0 -1.0 -1.0 -1.0 -1.0 -1.0 -1.0 3.282 3.26 7.256 305.044 2.6 956.361 1.1589004604451882 0.0
32.0 0.0 Truck -1.0 -1.0 -1.0 -1.0 -1.0 -1.0 -1.0 3.282 3.26 7.256 306.599 2.637 959.921 1.1552260830725687 0.0
33.0 0.0 Truck -1.0 -1.0 -1.0 -1.0 -1.0 -1.0 -1.0 3.282 3.26 7.256 308.155 2.673 963.481 1.151551705699949 0.0
34.0 0.0 Truck -1.0 -1.0 -1.0 -1.0 -1.0 -1.0 -1.0 3.282 3.26 7.256 309.71 2.709 967.041 1.1478773283273291 0.0
35.0 0.0 Truck -1.0 -1.0 -1.0 -1.0 -1.0 -1.0 -1.0 3.282 3.26 7.256 311.266 2.745 970.602 1.1442029509547094 0.0
36.0 0.0 Truck -1.0 -1.0 -1.0 -1.0 -1.0 -1.0 -1.0 3.282 3.26 7.256 312.761 2.995 973.869 1.1442029509547094 0.0
37.0 0.0 Truck -1.0 -1.0 -1.0 -1.0 -1.0 -1.0 -1.0 3.282 3.26 7.256 314.224 2.945 977.425 1.150020715128024 0.0
38.0 0.0 Truck -1.0 -1.0 -1.0 -1.0 -1.0 -1.0 -1.0 3.282 3.26 7.256 315.595 2.895 981.02 1.173291771821282 0.0
39.0 0.0 Truck -1.0 -1.0 -1.0 -1.0 -1.0 -1.0 -1.0 3.282 3.26 7.256 317.149 2.845 984.537 1.161656243474653 0.0
