0.0 2.0 Truck -1.0 -1.0 -1.0 -1.0 -1.0 -1.0 -1.0 1.96 2.0 6.303 1151.002 -0.172 883.962 0.8539372431258991 0.0
0.0 3.0 Truck -1.0 -1.0 -1.0 -1.0 -1.0 -1.0 -1.0 2.275 2.0 5.094 1164.845 0.222 906.934 -2.2963471501420445 0.0
1.0 2.0 Truck -1.0 -1.0 -1.0 -1.0 -1.0 -1.0 -1.0 1.96 2.0 6.303 1155.699 0.327 888.823 0.8539372431258991 1.0
1.0 3.0 Truck -1.0 -1.0 -1.0 -1.0 -1.0 -1.0 -1.0 2.275 2.0 5.094 1160.153 0.222 901.271 -2.2963471501420445 1.0
2.0 2.0 Truck -1.0 -1.0 -1.0 -1.0 -1.0 -1.0 -1.0 1.96 2.0 6.303 1159.716 0.446 894.224 0.8539372431258991 1.0
2.0 3.0 Truck -1.0 -1.0 -1.0 -1.0 -1.0 -1.0 -1.0 2.275 2.0 5.094 1155.281 0.222 895.721 -2.2963471501420445 1.0
3.0 2.0 Truck -1.0 -1.0 -1.0 -1.0 -1.0 -1.0 -1.0 1.96 2.0 6.303 1164.475 0.565 899.554 0.8539372431258991 0.0
3.0 3.0 Truck -1.0 -1.0 -1.0 -1.0 -1.0 -1.0 -1.0 2.275 2.0 5.094 1148.655 0.222 887.931 -2.2963471501420445 1.0
4.0 2.0 Truck -1.0 -1.0 -1.0 -1.0 -1.0 -1.0 -1.0 1.96 2.0 6.303 1168.795 0.874 904.444 0.8539372431258991 0.0
4.0 3.0 Truck -1.0 -1.0 -1.0 -1.0 -1.0 -1.0 -1.0 2.275 2.0 5.094 1145.382 0.222 883.796 -2.2963471501420445 1.0
5.0 2.0 Truck -1.0 -1.0 -1.0 -1.0 -1.0 -1.0 -1.0 1.96 2.0 6.303 1172.581 0.874 908.854 0.8539372431258991 0.0
5.0 3.0 Truck -1.0 -1.0 -1.0 -1.0 -1.0 -1.0 -1.0 2.275 2.0 5.094 1140.943 0.222 878.822 -2.2963471501420445 1.0
6.0 2.0 Truck -1.0 -1.0 -1.0 -1.0 -1.0 -1.0 -1.0 1.96 2.0 6.303 1176.79 0.874 913.815 0.8539372431258991 0.0
6.0 3.0 Truck -1.0 -1.0 -1.0 -1.0 -1.0 -1.0 -1.0 2.275 2.0 5.094 1135.151 0.222 872.376 -2.2963471501420445 1.0
7.0 2.0 Truck -1.0 -1.0 -1.0 -1.0 -1.0 -1.0 -1.0 1.96 2.0 6.303 1181.116 1.182 918.648 0.8539372431258991 0.0
7.0 3.0 Truck -1.0 -1.0 -1.0 -1.0 -1.0 -1.0 -1.0 2.275 2.0 5.094 1129.925 0.222 866.038 -2.2963471501420445 1.0
8.0 2.0 Truck -1.0 -1.0 -1.0 -1.0 -1.0 -1.0 -1.0 1.96 2.0 6.303 1185.24 1.277 923.247 0.8539372431258991 0.0
8.0 3.0 Truck -1.0 -1.0 -1.0 -1.0 -1.0 -1.0 -1.0 2.275 2.0 5.094 1125.099 0.222 860.47 -2.2963471501420445 1.0
9.0 2.0 Truck -1.0 -1.0 -1.0 -1.0 -1.0 -1.0 -1.0 1.96 2.0 6.303 1189.349 1.658 927.829 0.8539372431258991 0.0
9.0 3.0 Truck -1.0 -1.0 -1.0 -1.0 -1.0 -1.0 -1.0 2.275 2.0 5.094 1119.967 0.702 855.191 -2.2963471501420445 1.0
10.0 2.0 Truck -1.0 -1.0 -1.0 -1.0 -1.0 -1.0 -1.0 1.96 2.0 6.303 1193.168 2.038 932.145 0.8539372431258991 0.0
10.0 3.0 Truck -1.0 -1.0 -1.0 -1.0 -1.0 -1.0 -1.0 2.275 2.0 5.094 1115.318 0.64 849.927 -2.2963471501420445 0.0
11.0 2.0 Truck -1.0 -1.0 -1.0 -1.0 -1.0 -1.0 -1.0 1.96 2.0 6.303 1196.955 2.228 936.425 0.8539372431258991 0.0
11.0 3.0 Truck -1.0 -1.0 -1.0 -1.0 -1.0 -1.0 -1.0 2.275 2.0 5.094 1110.678 0.577 844.674 -2.2963471501420445 0.0
12.0 2.0 Truck -1.0 -1.0 -1.0 -1.0 -1.0 -1.0 -1.0 1.96 2.0 6.303 1200.921 2.418 940.81 0.8539372431258991 0.0
12.0 3.0 Truck -1.0 -1.0 -1.0 -1.0 -1.0 -1.0 -1.0 2.275 2.0 5.094 1105.631 0.723 838.855 -2.2963471501420445 0.0
13.0 2.0 Truck -1.0 -1.0 -1.0 -1.0 -1.0 -1.0 -1.0 1.96 2.0 6.303 1204.886 2.608 945.195 0.8539372431258991 0.0
13.0 3.0 Truck -1.0 -1.0 -1.0 -1.0 -1.0 -1.0 -1.0 2.275 2.0 5.094 1100.939 0.869 833.57 -2.2963471501420445 0.0
14.0 2.0 Truck -1.0 -1.0 -1.0 -1.0 -1.0 -1.0 -1.0 1.96 2.0 6.303 1208.72 2.798 949.463 0.8539372431258991 0.0
14.0 3.0 Truck -1.0 -1.0 -1.0 -1.0 -1.0 -1.0 -1.0 2.275 2.0 5.094 1096.241 1.015 828.278 -2.2963471501420445 0.0
15.0 3.0 Truck -1.0 -1.0 -1.0 -1.0 -1.0 -1.0 -1.0 2.275 2.0 5.094 1091.279 1.161 822.477 -2.2963471501420445 0.0
16.0 3.0 Truck -1.0 -1.0 -1.0 -1.0 -1.0 -1.0 -1.0 2.275 2.0 5.094 1086.887 1.171 817.529 -2.2963471501420445 0.0
17.0 3.0 Truck -1.0 -1.0 -1.0 -1.0 -1.0 -1.0 -1.0 2.275 2.0 5.094 1082.057 1.182 812.089 -2.2963471501420445 0.0
18.0 3.0 Truck -1.0 -1.0 -1.0 -1.0 -1.0 -1.0 -1.0 2.275 2.0 5.094 1077.398 1.224 806.84 -2.2963471501420445 0.0
19.0 0.0 Truck -1.0 -1.0 -1.0 -1.0 -1.0 -1.0 -1.0 3.217 3.836 6.223 1065.725 2.414 782.85 0.9002059215939285 0.0
19.0 3.0 Truck -1.0 -1.0 -1.0 -1.0 -1.0 -1.0 -1.0 2.275 2.0 5.094 1072.738 1.265 801.591 -2.2963471501420445 0.0
20.0 0.0 Truck -1.0 -1.0 -1.0 -1.0 -1.0 -1.0 -1.0 3.217 3.836 6.223 1068.373 2.254 786.166 0.9002059215939285 1.0
20.0 3.0 Truck -1.0 -1.0 -1.0 -1.0 -1.0 -1.0 -1.0 2.275 2.0 5.094 1068.578 1.311 796.89 -2.2963471501420445 0.0
21.0 0.0 Truck -1.0 -1.0 -1.0 -1.0 -1.0 -1.0 -1.0 3.217 3.836 6.223 1071.023 2.168 789.483 0.9002059215939285 1.0
21.0 3.0 Truck -1.0 -1.0 -1.0 -1.0 -1.0 -1.0 -1.0 2.275 2.0 5.094 1064.418 1.356 792.189 -2.2963471501420445 0.0
22.0 0.0 Truck -1.0 -1.0 -1.0 -1.0 -1.0 -1.0 -1.0 3.217 3.836 6.223 1073.67 2.032 792.797 0.9002059215939285 1.0
23.0 0.0 Truck -1.0 -1.0 -1.0 -1.0 -1.0 -1.0 -1.0 3.217 3.836 6.223 1076.605 1.819 796.474 0.9002059215939285 1.0
23.0 1.0 Truck -1.0 -1.0 -1.0 -1.0 -1.0 -1.0 -1.0 2.529 2.79 6.531 1107.039 1.232 826.401 0.826218499274173 0.0
24.0 0.0 Truck -1.0 -1.0 -1.0 -1.0 -1.0 -1.0 -1.0 3.217 3.836 6.223 1079.246 1.508 799.782 0.9002059215939285 1.0
24.0 1.0 Truck -1.0 -1.0 -1.0 -1.0 -1.0 -1.0 -1.0 2.529 2.79 6.531 1107.016 1.205 826.377 0.826218499274173 0.0
25.0 4.0 Car -1.0 -1.0 -1.0 -1.0 -1.0 -1.0 -1.0 2.111 1.794 4.342 1096.843 0.846 799.626 2.310117797922689 0.0
25.0 0.0 Truck -1.0 -1.0 -1.0 -1.0 -1.0 -1.0 -1.0 3.217 3.836 6.223 1082.178 1.453 803.455 0.9002059215939285 0.0
25.0 1.0 Truck -1.0 -1.0 -1.0 -1.0 -1.0 -1.0 -1.0 2.529 2.79 6.531 1106.991 1.175 826.349 0.826218499274173 0.0
26.0 4.0 Car -1.0 -1.0 -1.0 -1.0 -1.0 -1.0 -1.0 2.111 1.794 4.342 1096.154 0.746 800.147 2.310117797922689 1.0
26.0 0.0 Truck -1.0 -1.0 -1.0 -1.0 -1.0 -1.0 -1.0 3.217 3.836 6.223 1085.358 1.31 807.464 0.9002059215939285 0.0
26.0 1.0 Truck -1.0 -1.0 -1.0 -1.0 -1.0 -1.0 -1.0 2.529 2.79 6.531 1106.963 1.142 826.319 0.826218499274173 1.0
27.0 4.0 Car -1.0 -1.0 -1.0 -1.0 -1.0 -1.0 -1.0 2.111 1.794 4.342 1095.527 0.654 800.621 2.310117797922689 0.0
27.0 0.0 Truck -1.0 -1.0 -1.0 -1.0 -1.0 -1.0 -1.0 3.217 3.836 6.223 1088.412 1.513 811.314 0.9002059215939285 0.0
27.0 1.0 Truck -1.0 -1.0 -1.0 -1.0 -1.0 -1.0 -1.0 2.529 2.79 6.531 1106.938 1.112 826.292 0.826218499274173 0.0
28.0 4.0 Car -1.0 -1.0 -1.0 -1.0 -1.0 -1.0 -1.0 2.111 1.794 4.342 1094.89 0.667 801.097 2.310117797922689 0.0
28.0 0.0 Truck -1.0 -1.0 -1.0 -1.0 -1.0 -1.0 -1.0 3.217 3.836 6.223 1091.618 1.616 815.355 0.9002059215939285 0.0
28.0 1.0 Truck -1.0 -1.0 -1.0 -1.0 -1.0 -1.0 -1.0 2.529 2.79 6.531 1106.954 1.191 826.267 0.832036152884207 0.0
29.0 4.0 Car -1.0 -1.0 -1.0 -1.0 -1.0 -1.0 -1.0 2.111 1.794 4.342 1094.252 0.681 801.572 2.310117797922689 0.0
29.0 0.0 Truck -1.0 -1.0 -1.0 -1.0 -1.0 -1.0 -1.0 3.217 3.836 6.223 1094.67 1.818 819.203 0.9002059215939285 0.0
29.0 1.0 Truck -1.0 -1.0 -1.0 -1.0 -1.0 -1.0 -1.0 2.529 2.79 6.531 1106.971 1.27 826.242 0.837854027620802 0.0
30.0 4.0 Car -1.0 -1.0 -1.0 -1.0 -1.0 -1.0 -1.0 2.111 1.794 4.342 1093.615 0.694 802.048 2.310117797922689 0.0
30.0 0.0 Truck -1.0 -1.0 -1.0 -1.0 -1.0 -1.0 -1.0 3.217 3.836 6.223 1098.222 1.859 823.68 0.9002059215939285 0.0
30.0 1.0 Truck -1.0 -1.0 -1.0 -1.0 -1.0 -1.0 -1.0 2.529 2.79 6.531 1107.047 1.191 826.283 0.8436720245619441 0.0
31.0 4.0 Car -1.0 -1.0 -1.0 -1.0 -1.0 -1.0 -1.0 2.111 1.794 4.342 1093.012 0.707 802.586 2.310117797922689 0.0
31.0 0.0 Truck -1.0 -1.0 -1.0 -1.0 -1.0 -1.0 -1.0 3.217 3.836 6.223 1101.548 1.851 827.874 0.9002059215939285 0.0
31.0 1.0 Truck -1.0 -1.0 -1.0 -1.0 -1.0 -1.0 -1.0 2.529 2.79 6.531 1107.124 1.112 826.325 0.8494895559674309 0.0
32.0 4.0 Car -1.0 -1.0 -1.0 -1.0 -1.0 -1.0 -1.0 2.111 1.794 4.342 1092.271 0.674 803.56 2.310117797922689 0.0
32.0 0.0 Truck -1.0 -1.0 -1.0 -1.0 -1.0 -1.0 -1.0 3.217 3.836 6.223 1104.798 1.878 831.972 0.9002059215939285 0.0
32.0 1.0 Truck -1.0 -1.0 -1.0 -1.0 -1.0 -1.0 -1.0 2.529 2.79 6.531 1107.281 1.112 826.46 0.8553073201407454 0.0
33.0 4.0 Car -1.0 -1.0 -1.0 -1.0 -1.0 -1.0 -1.0 2.111 1.794 4.342 1091.877 0.733 803.984 2.0832249951634254 0.0
33.0 0.0 Truck -1.0 -1.0 -1.0 -1.0 -1.0 -1.0 -1.0 3.217 3.836 6.223 1108.067 1.876 836.093 0.9002059215939285 0.0
33.0 1.0 Truck -1.0 -1.0 -1.0 -1.0 -1.0 -1.0 -1.0 2.529 2.79 6.531 1107.334 1.112 826.722 0.8611250843140597 0.0
34.0 4.0 Car -1.0 -1.0 -1.0 -1.0 -1.0 -1.0 -1.0 2.111 1.794 4.342 1091.531 0.746 804.939 2.0832249951634254 0.0
34.0 0.0 Truck -1.0 -1.0 -1.0 -1.0 -1.0 -1.0 -1.0 3.217 3.836 6.223 1111.496 1.724 840.163 0.9002059215939285 0.0
34.0 1.0 Truck -1.0 -1.0 -1.0 -1.0 -1.0 -1.0 -1.0 2.529 2.79 6.531 1107.524 1.112 827.014 0.8900726149719163 0.0
35.0 4.0 Car -1.0 -1.0 -1.0 -1.0 -1.0 -1.0 -1.0 2.111 1.794 4.342 1091.262 0.76 805.552 1.9785052400437655 0.0
35.0 0.0 Truck -1.0 -1.0 -1.0 -1.0 -1.0 -1.0 -1.0 3.217 3.836 6.223 1114.921 1.572 844.229 0.9002059215939285 0.0
35.0 1.0 Truck -1.0 -1.0 -1.0 -1.0 -1.0 -1.0 -1.0 2.529 2.79 6.531 1107.789 1.362 827.418 0.9190036614128443 0.0
36.0 4.0 Car -1.0 -1.0 -1.0 -1.0 -1.0 -1.0 -1.0 2.111 1.794 4.342 1090.93 0.715 806.777 1.8737854849241053 0.0
36.0 0.0 Truck -1.0 -1.0 -1.0 -1.0 -1.0 -1.0 -1.0 3.217 3.836 6.223 1118.35 1.42 848.299 0.9002059215939285 0.0
36.0 1.0 Truck -1.0 -1.0 -1.0 -1.0 -1.0 -1.0 -1.0 2.529 2.79 6.531 1108.043 1.362 827.83 0.9479676762876291 0.0
37.0 4.0 Car -1.0 -1.0 -1.0 -1.0 -1.0 -1.0 -1.0 2.111 1.794 4.342 1090.982 0.72 808.123 1.6701637388581005 0.0
37.0 1.0 Truck -1.0 -1.0 -1.0 -1.0 -1.0 -1.0 -1.0 2.529 2.79 6.531 1108.394 1.462 828.409 0.9769152069454857 0.0
38.0 4.0 Car -1.0 -1.0 -1.0 -1.0 -1.0 -1.0 -1.0 2.111 1.794 4.342 1091.253 0.824 809.962 1.4927194494766327 0.0
38.0 1.0 Truck -1.0 -1.0 -1.0 -1.0 -1.0 -1.0 -1.0 2.529 2.79 6.531 1108.843 1.462 829.178 1.005862737603342 0.0
