0.0 2.0 Car -1.0 -1.0 -1.0 -1.0 -1.0 -1.0 -1.0 1.958 1.906 4.175 678.774 1.14 1583.716 -0.7169638034267134 0.0
0.0 1.0 Truck -1.0 -1.0 -1.0 -1.0 -1.0 -1.0 -1.0 2.485 3.0 10.014 634.842 1.859 1622.416 -0.6873281127282008 0.0
1.0 2.0 Car -1.0 -1.0 -1.0 -1.0 -1.0 -1.0 -1.0 1.958 1.906 4.175 682.196 1.124 1580.821 -0.7169638034267134 1.0
1.0 1.0 Truck -1.0 -1.0 -1.0 -1.0 -1.0 -1.0 -1.0 2.485 3.0 10.014 637.423 1.835 1620.139 -0.6873281127282008 1.0
2.0 2.0 Car -1.0 -1.0 -1.0 -1.0 -1.0 -1.0 -1.0 1.958 1.906 4.175 685.615 1.107 1577.93 -0.7169638034267134 1.0
2.0 1.0 Truck -1.0 -1.0 -1.0 -1.0 -1.0 -1.0 -1.0 2.485 3.0 10.014 640.05 1.811 1618.004 -0.7004125661219538 1.0
3.0 2.0 Car -1.0 -1.0 -1.0 -1.0 -1.0 -1.0 -1.0 1.958 1.906 4.175 689.038 1.091 1575.035 -0.7169638034267134 1.0
3.0 1.0 Truck -1.0 -1.0 -1.0 -1.0 -1.0 -1.0 -1.0 2.485 3.0 10.014 642.679 1.788 1615.867 -0.7135116778267184 1.0
4.0 2.0 Car -1.0 -1.0 -1.0 -1.0 -1.0 -1.0 -1.0 1.958 1.906 4.175 692.465 1.074 1572.137 -0.7169638034267134 1.0
4.0 1.0 Truck -1.0 -1.0 -1.0 -1.0 -1.0 -1.0 -1.0 2.485 3.0 10.014 645.216 1.714 1613.612 -0.7004307829608702 1.0
5.0 2.0 Car -1.0 -1.0 -1.0 -1.0 -1.0 -1.0 -1.0 1.958 1.906 4.175 695.871 1.079 1569.224 -0.7125981331292905 1.0
5.0 1.0 Truck -1.0 -1.0 -1.0 -1.0 -1.0 -1.0 -1.0 2.485 3.0 10.014 647.761 1.704 1611.345 -0.7059671594646256 1.0
6.0 2.0 Car -1.0 -1.0 -1.0 -1.0 -1.0 -1.0 -1.0 1.958 1.906 4.175 699.277 1.085 1566.312 -0.7082323754954049 1.0
6.0 1.0 Truck -1.0 -1.0 -1.0 -1.0 -1.0 -1.0 -1.0 2.485 3.0 10.014 650.307 1.695 1609.078 -0.7115036467251511 1.0
7.0 2.0 Car -1.0 -1.0 -1.0 -1.0 -1.0 -1.0 -1.0 1.958 1.906 4.175 702.68 1.09 1563.402 -0.7038713951660331 1.0
7.0 1.0 Truck -1.0 -1.0 -1.0 -1.0 -1.0 -1.0 -1.0 2.485 3.0 10.014 652.85 1.685 1606.814 -0.7170340755903655 1.0
8.0 2.0 Car -1.0 -1.0 -1.0 -1.0 -1.0 -1.0 -1.0 1.958 1.906 4.175 706.082 1.095 1560.493 -0.6995105109067703 1.0
8.0 1.0 Truck -1.0 -1.0 -1.0 -1.0 -1.0 -1.0 -1.0 2.485 3.0 10.014 655.392 1.675 1604.549 -0.7225643826231325 1.0
9.0 2.0 Car -1.0 -1.0 -1.0 -1.0 -1.0 -1.0 -1.0 1.958 1.906 4.175 709.612 1.094 1557.423 -0.7039851944638249 1.0
9.0 1.0 Truck -1.0 -1.0 -1.0 -1.0 -1.0 -1.0 -1.0 2.485 3.0 10.014 657.923 1.656 1602.162 -0.7186267027523789 1.0
10.0 2.0 Car -1.0 -1.0 -1.0 -1.0 -1.0 -1.0 -1.0 1.958 1.906 4.175 713.141 1.093 1554.353 -0.7084603435052714 1.0
10.0 1.0 Truck -1.0 -1.0 -1.0 -1.0 -1.0 -1.0 -1.0 2.485 3.0 10.014 660.454 1.638 1599.774 -0.7146886132596939 1.0
11.0 2.0 Car -1.0 -1.0 -1.0 -1.0 -1.0 -1.0 -1.0 1.958 1.906 4.175 716.315 1.091 1551.592 -0.7124843038965261 1.0
11.0 1.0 Truck -1.0 -1.0 -1.0 -1.0 -1.0 -1.0 -1.0 2.485 3.0 10.014 662.73 1.621 1597.627 -0.7111475655785968 1.0
12.0 2.0 Car -1.0 -1.0 -1.0 -1.0 -1.0 -1.0 -1.0 1.958 1.906 4.175 719.848 1.09 1548.519 -0.7169638034267134 1.0
12.0 1.0 Truck -1.0 -1.0 -1.0 -1.0 -1.0 -1.0 -1.0 2.485 3.0 10.014 665.264 1.602 1595.237 -0.7072056476963233 1.0
13.0 2.0 Car -1.0 -1.0 -1.0 -1.0 -1.0 -1.0 -1.0 1.958 1.906 4.175 723.024 1.075 1545.824 -0.7123718798814999 1.0
13.0 1.0 Truck -1.0 -1.0 -1.0 -1.0 -1.0 -1.0 -1.0 2.485 3.0 10.014 667.934 1.592 1592.782 -0.7038888547114337 1.0
14.0 2.0 Car -1.0 -1.0 -1.0 -1.0 -1.0 -1.0 -1.0 1.958 1.906 4.175 726.201 1.059 1543.128 -0.7077798920343099 1.0
14.0 1.0 Truck -1.0 -1.0 -1.0 -1.0 -1.0 -1.0 -1.0 2.485 3.0 10.014 670.604 1.581 1590.327 -0.7005720152805739 1.0
15.0 2.0 Car -1.0 -1.0 -1.0 -1.0 -1.0 -1.0 -1.0 1.958 1.906 4.175 728.746 1.047 1540.97 -0.7041023977079975 1.0
15.0 1.0 Truck -1.0 -1.0 -1.0 -1.0 -1.0 -1.0 -1.0 2.485 3.0 10.014 672.742 1.572 1588.361 -0.6979157238019846 1.0
16.0 2.0 Car -1.0 -1.0 -1.0 -1.0 -1.0 -1.0 -1.0 1.958 1.906 4.175 731.922 1.031 1538.275 -0.6995105109067703 1.0
16.0 1.0 Truck -1.0 -1.0 -1.0 -1.0 -1.0 -1.0 -1.0 2.485 3.0 10.014 675.412 1.561 1585.906 -0.6945989573576496 1.0
17.0 2.0 Car -1.0 -1.0 -1.0 -1.0 -1.0 -1.0 -1.0 1.958 1.906 4.175 735.014 1.024 1535.701 -0.6995105109067703 1.0
17.0 1.0 Truck -1.0 -1.0 -1.0 -1.0 -1.0 -1.0 -1.0 2.485 3.0 10.014 678.698 1.567 1583.078 -0.6949616159604811 1.0
18.0 0.0 Car -1.0 -1.0 -1.0 -1.0 -1.0 -1.0 -1.0 1.733 1.53 4.176 733.68 0.445 1561.103 -2.0781635403496472 0.0
18.0 2.0 Car -1.0 -1.0 -1.0 -1.0 -1.0 -1.0 -1.0 1.958 1.906 4.175 738.098 1.016 1533.134 -0.6995105109067703 1.0
18.0 1.0 Truck -1.0 -1.0 -1.0 -1.0 -1.0 -1.0 -1.0 2.485 3.0 10.014 681.977 1.572 1580.257 -0.6953234708809126 1.0
19.0 0.0 Car -1.0 -1.0 -1.0 -1.0 -1.0 -1.0 -1.0 1.733 1.53 4.176 732.894 0.449 1559.726 -2.0781635403496472 1.0
19.0 2.0 Car -1.0 -1.0 -1.0 -1.0 -1.0 -1.0 -1.0 1.958 1.906 4.175 741.186 1.008 1530.563 -0.6995105109067703 1.0
19.0 1.0 Truck -1.0 -1.0 -1.0 -1.0 -1.0 -1.0 -1.0 2.485 3.0 10.014 685.26 1.577 1577.432 -0.6956857185839054 1.0
20.0 0.0 Car -1.0 -1.0 -1.0 -1.0 -1.0 -1.0 -1.0 1.733 1.53 4.176 732.109 0.452 1558.35 -2.0781635403496472 1.0
20.0 2.0 Car -1.0 -1.0 -1.0 -1.0 -1.0 -1.0 -1.0 1.958 1.906 4.175 744.27 1.0 1527.996 -0.6995105109067703 1.0
20.0 1.0 Truck -1.0 -1.0 -1.0 -1.0 -1.0 -1.0 -1.0 2.485 3.0 10.014 688.539 1.583 1574.611 -0.696047581475939 1.0
21.0 0.0 Car -1.0 -1.0 -1.0 -1.0 -1.0 -1.0 -1.0 1.733 1.53 4.176 731.322 0.455 1556.971 -2.0781635403496472 1.0
21.0 2.0 Car -1.0 -1.0 -1.0 -1.0 -1.0 -1.0 -1.0 1.958 1.906 4.175 746.66 0.993 1525.937 -0.7016921830161857 1.0
21.0 1.0 Truck -1.0 -1.0 -1.0 -1.0 -1.0 -1.0 -1.0 2.485 3.0 10.014 691.962 1.591 1571.723 -0.6967756067675562 1.0
22.0 0.0 Car -1.0 -1.0 -1.0 -1.0 -1.0 -1.0 -1.0 1.733 1.53 4.176 730.895 0.461 1556.102 -2.0781635403496472 1.0
22.0 2.0 Car -1.0 -1.0 -1.0 -1.0 -1.0 -1.0 -1.0 1.958 1.906 4.175 749.05 0.985 1523.879 -0.7038738289677697 1.0
22.0 1.0 Truck -1.0 -1.0 -1.0 -1.0 -1.0 -1.0 -1.0 2.485 3.0 10.014 695.385 1.599 1568.836 -0.6975036233302893 1.0
23.0 0.0 Car -1.0 -1.0 -1.0 -1.0 -1.0 -1.0 -1.0 1.733 1.53 4.176 730.469 0.467 1555.234 -2.0781635403496472 1.0
23.0 2.0 Car -1.0 -1.0 -1.0 -1.0 -1.0 -1.0 -1.0 1.958 1.906 4.175 751.434 0.978 1521.825 -0.7060507098344448 1.0
23.0 1.0 Truck -1.0 -1.0 -1.0 -1.0 -1.0 -1.0 -1.0 2.485 3.0 10.014 698.801 1.608 1565.956 -0.69823004978133 1.0
24.0 0.0 Car -1.0 -1.0 -1.0 -1.0 -1.0 -1.0 -1.0 1.733 1.53 4.176 730.042 0.473 1554.366 -2.0781635403496472 1.0
24.0 2.0 Car -1.0 -1.0 -1.0 -1.0 -1.0 -1.0 -1.0 1.958 1.906 4.175 753.821 0.971 1519.769 -0.7082300538968873 1.0
24.0 1.0 Truck -1.0 -1.0 -1.0 -1.0 -1.0 -1.0 -1.0 2.485 3.0 10.014 702.22 1.616 1563.072 -0.6989572982022759 1.0
25.0 0.0 Car -1.0 -1.0 -1.0 -1.0 -1.0 -1.0 -1.0 1.733 1.53 4.176 729.615 0.479 1553.496 -2.0781635403496472 1.0
25.0 2.0 Car -1.0 -1.0 -1.0 -1.0 -1.0 -1.0 -1.0 1.958 1.906 4.175 755.253 0.957 1518.545 -0.7076773275598862 1.0
25.0 1.0 Truck -1.0 -1.0 -1.0 -1.0 -1.0 -1.0 -1.0 2.485 3.0 10.014 705.641 1.612 1560.126 -0.6966625963144041 1.0
26.0 0.0 Car -1.0 -1.0 -1.0 -1.0 -1.0 -1.0 -1.0 1.733 1.53 4.176 729.374 0.502 1552.982 -2.0514292947089783 1.0
26.0 2.0 Car -1.0 -1.0 -1.0 -1.0 -1.0 -1.0 -1.0 1.958 1.906 4.175 756.684 0.943 1517.321 -0.7071246089544663 0.0
26.0 1.0 Truck -1.0 -1.0 -1.0 -1.0 -1.0 -1.0 -1.0 2.485 3.0 10.014 709.061 1.608 1557.181 -0.6943679265250107 1.0
27.0 0.0 Car -1.0 -1.0 -1.0 -1.0 -1.0 -1.0 -1.0 1.733 1.53 4.176 729.147 0.526 1552.461 -2.024694407983643 1.0
27.0 2.0 Car -1.0 -1.0 -1.0 -1.0 -1.0 -1.0 -1.0 1.958 1.906 4.175 758.115 0.929 1516.098 -0.7065718770949068 0.0
27.0 1.0 Truck -1.0 -1.0 -1.0 -1.0 -1.0 -1.0 -1.0 2.485 3.0 10.014 712.482 1.604 1554.235 -0.692073201709654 1.0
28.0 0.0 Car -1.0 -1.0 -1.0 -1.0 -1.0 -1.0 -1.0 1.733 1.53 4.176 728.966 0.545 1552.045 -2.003331490220621 0.0
28.0 2.0 Car -1.0 -1.0 -1.0 -1.0 -1.0 -1.0 -1.0 1.958 1.906 4.175 759.259 0.917 1515.12 -0.7061302082977999 0.0
28.0 1.0 Truck -1.0 -1.0 -1.0 -1.0 -1.0 -1.0 -1.0 2.485 3.0 10.014 715.215 1.6 1551.882 -0.690239566952834 0.0
29.0 0.0 Car -1.0 -1.0 -1.0 -1.0 -1.0 -1.0 -1.0 1.733 1.53 4.176 728.862 0.568 1551.713 -1.987649664067383 0.0
29.0 2.0 Car -1.0 -1.0 -1.0 -1.0 -1.0 -1.0 -1.0 1.958 1.906 4.175 759.51 0.906 1514.881 -0.7131973419150978 0.0
29.0 1.0 Truck -1.0 -1.0 -1.0 -1.0 -1.0 -1.0 -1.0 2.485 3.0 10.014 718.317 1.614 1549.194 -0.6938726677573421 0.0
30.0 0.0 Car -1.0 -1.0 -1.0 -1.0 -1.0 -1.0 -1.0 1.733 1.53 4.176 728.757 0.59 1551.381 -1.9719492636480551 0.0
30.0 2.0 Car -1.0 -1.0 -1.0 -1.0 -1.0 -1.0 -1.0 1.958 1.906 4.175 759.761 0.894 1514.641 -0.7202728461659564 0.0
30.0 1.0 Truck -1.0 -1.0 -1.0 -1.0 -1.0 -1.0 -1.0 2.485 3.0 10.014 721.422 1.628 1546.504 -0.6975100717712093 0.0
31.0 0.0 Car -1.0 -1.0 -1.0 -1.0 -1.0 -1.0 -1.0 1.733 1.53 4.176 728.653 0.613 1551.049 -1.9562482984706373 0.0
31.0 2.0 Car -1.0 -1.0 -1.0 -1.0 -1.0 -1.0 -1.0 1.958 1.906 4.175 760.012 0.882 1514.402 -0.7273486049293217 0.0
31.0 1.0 Truck -1.0 -1.0 -1.0 -1.0 -1.0 -1.0 -1.0 2.485 3.0 10.014 724.528 1.641 1543.814 -0.7011476066259014 0.0
32.0 0.0 Car -1.0 -1.0 -1.0 -1.0 -1.0 -1.0 -1.0 1.733 1.53 4.176 728.535 0.644 1550.614 -1.9300812362546207 0.0
32.0 2.0 Car -1.0 -1.0 -1.0 -1.0 -1.0 -1.0 -1.0 1.958 1.906 4.175 760.263 0.87 1514.163 -0.7344170959466564 0.0
32.0 1.0 Truck -1.0 -1.0 -1.0 -1.0 -1.0 -1.0 -1.0 2.485 3.0 10.014 727.631 1.655 1541.126 -0.7047814052481431 0.0
33.0 0.0 Car -1.0 -1.0 -1.0 -1.0 -1.0 -1.0 -1.0 1.733 1.53 4.176 728.428 0.675 1550.175 -1.903888420910809 0.0
33.0 2.0 Car -1.0 -1.0 -1.0 -1.0 -1.0 -1.0 -1.0 1.958 1.906 4.175 760.257 0.881 1514.154 -0.7373282309326529 0.0
33.0 1.0 Truck -1.0 -1.0 -1.0 -1.0 -1.0 -1.0 -1.0 2.485 3.0 10.014 730.109 1.664 1538.933 -0.7178743312740736 0.0
34.0 0.0 Car -1.0 -1.0 -1.0 -1.0 -1.0 -1.0 -1.0 1.733 1.53 4.176 728.231 0.731 1548.975 -1.674535589033875 0.0
34.0 2.0 Car -1.0 -1.0 -1.0 -1.0 -1.0 -1.0 -1.0 1.958 1.906 4.175 760.25 0.893 1514.145 -0.7402395753528209 0.0
34.0 1.0 Truck -1.0 -1.0 -1.0 -1.0 -1.0 -1.0 -1.0 2.485 3.0 10.014 732.529 1.674 1536.675 -0.7309681992371284 0.0
35.0 0.0 Car -1.0 -1.0 -1.0 -1.0 -1.0 -1.0 -1.0 1.733 1.53 4.176 728.131 0.787 1547.303 -1.480093028773852 0.0
35.0 2.0 Car -1.0 -1.0 -1.0 -1.0 -1.0 -1.0 -1.0 1.958 1.906 4.175 760.244 0.904 1514.136 -0.7431508906849094 0.0
35.0 1.0 Truck -1.0 -1.0 -1.0 -1.0 -1.0 -1.0 -1.0 2.485 3.0 10.014 734.949 1.683 1534.418 -0.7440619363755828 0.0
36.0 0.0 Car -1.0 -1.0 -1.0 -1.0 -1.0 -1.0 -1.0 1.733 1.53 4.176 728.626 0.826 1544.943 -1.3201020311177247 0.0
36.0 2.0 Car -1.0 -1.0 -1.0 -1.0 -1.0 -1.0 -1.0 1.958 1.906 4.175 760.238 0.915 1514.127 -0.7460590063282645 0.0
36.0 1.0 Truck -1.0 -1.0 -1.0 -1.0 -1.0 -1.0 -1.0 2.485 3.0 10.014 737.366 1.693 1532.163 -0.7571412828079734 0.0
37.0 0.0 Car -1.0 -1.0 -1.0 -1.0 -1.0 -1.0 -1.0 1.733 1.53 4.176 729.491 0.865 1542.692 -1.1601174346249803 0.0
37.0 2.0 Car -1.0 -1.0 -1.0 -1.0 -1.0 -1.0 -1.0 1.958 1.906 4.175 760.234 0.952 1514.118 -0.7471492227317426 0.0
37.0 1.0 Truck -1.0 -1.0 -1.0 -1.0 -1.0 -1.0 -1.0 2.485 3.0 10.014 739.065 1.668 1530.46 -0.765870155549456 0.0
38.0 0.0 Car -1.0 -1.0 -1.0 -1.0 -1.0 -1.0 -1.0 1.733 1.53 4.176 730.734 0.904 1540.093 -1.0786673008151606 0.0
38.0 1.0 Truck -1.0 -1.0 -1.0 -1.0 -1.0 -1.0 -1.0 2.485 3.0 10.014 740.764 1.642 1528.757 -0.7745998490331424 0.0
39.0 0.0 Car -1.0 -1.0 -1.0 -1.0 -1.0 -1.0 -1.0 1.733 1.53 4.176 732.37 0.91 1537.394 -0.991400838215445 0.0
39.0 1.0 Truck -1.0 -1.0 -1.0 -1.0 -1.0 -1.0 -1.0 2.485 3.0 10.014 742.463 1.617 1527.055 -0.783328529686024 0.0
