0.0 1.0 Car -1.0 -1.0 -1.0 -1.0 -1.0 -1.0 -1.0 1.906 1.468 4.809 396.711 0.749 863.693 -2.0436932876177374 0.0
0.0 2.0 Car -1.0 -1.0 -1.0 -1.0 -1.0 -1.0 -1.0 2.102 1.824 4.796 366.119 0.994 789.435 1.2274726095962867 0.0
0.0 0.0 Car -1.0 -1.0 -1.0 -1.0 -1.0 -1.0 -1.0 1.94 1.466 4.824 384.483 0.638 842.611 -2.0024337040967866 0.0
1.0 1.0 Car -1.0 -1.0 -1.0 -1.0 -1.0 -1.0 -1.0 1.906 1.468 4.809 394.621 0.724 859.796 -2.0436932876177374 1.0
1.0 2.0 Car -1.0 -1.0 -1.0 -1.0 -1.0 -1.0 -1.0 2.102 1.824 4.796 367.444 1.004 792.637 1.220489524078447 1.0
1.0 0.0 Car -1.0 -1.0 -1.0 -1.0 -1.0 -1.0 -1.0 1.94 1.466 4.824 382.753 0.622 839.211 -1.984980411576844 1.0
2.0 1.0 Car -1.0 -1.0 -1.0 -1.0 -1.0 -1.0 -1.0 1.906 1.468 4.809 392.863 0.699 856.546 -2.0436932876177374 1.0
2.0 2.0 Car -1.0 -1.0 -1.0 -1.0 -1.0 -1.0 -1.0 2.102 1.824 4.796 368.648 1.014 795.603 1.2135067319153237 1.0
2.0 0.0 Car -1.0 -1.0 -1.0 -1.0 -1.0 -1.0 -1.0 1.94 1.466 4.824 380.636 0.605 835.033 -1.984980411576844 1.0
3.0 1.0 Car -1.0 -1.0 -1.0 -1.0 -1.0 -1.0 -1.0 1.906 1.468 4.809 391.105 0.674 853.297 -2.0436932876177374 1.0
3.0 2.0 Car -1.0 -1.0 -1.0 -1.0 -1.0 -1.0 -1.0 2.102 1.824 4.796 369.757 1.024 798.317 1.206523897844384 1.0
3.0 0.0 Car -1.0 -1.0 -1.0 -1.0 -1.0 -1.0 -1.0 1.94 1.466 4.824 378.619 0.589 830.727 -2.0024337040967866 1.0
4.0 1.0 Car -1.0 -1.0 -1.0 -1.0 -1.0 -1.0 -1.0 1.906 1.468 4.809 389.349 0.65 850.051 -2.0436932876177374 1.0
4.0 2.0 Car -1.0 -1.0 -1.0 -1.0 -1.0 -1.0 -1.0 2.102 1.824 4.796 370.818 1.034 800.905 1.2170019835160164 1.0
4.0 0.0 Car -1.0 -1.0 -1.0 -1.0 -1.0 -1.0 -1.0 1.94 1.466 4.824 376.758 0.672 826.524 -1.9733489907898183 1.0
5.0 1.0 Car -1.0 -1.0 -1.0 -1.0 -1.0 -1.0 -1.0 1.906 1.468 4.809 387.591 0.625 846.802 -2.0436932876177374 1.0
5.0 2.0 Car -1.0 -1.0 -1.0 -1.0 -1.0 -1.0 -1.0 2.102 1.824 4.796 371.904 1.044 803.557 1.2100193170763431 1.0
5.0 0.0 Car -1.0 -1.0 -1.0 -1.0 -1.0 -1.0 -1.0 1.94 1.466 4.824 374.732 0.655 822.121 -2.005333654625183 1.0
6.0 1.0 Car -1.0 -1.0 -1.0 -1.0 -1.0 -1.0 -1.0 1.906 1.468 4.809 385.908 0.637 843.518 -2.0611465801376814 1.0
6.0 2.0 Car -1.0 -1.0 -1.0 -1.0 -1.0 -1.0 -1.0 2.102 1.824 4.796 372.983 1.042 806.095 1.1925660245563998 1.0
6.0 0.0 Car -1.0 -1.0 -1.0 -1.0 -1.0 -1.0 -1.0 1.94 1.466 4.824 372.846 0.739 818.028 -1.984980411576844 1.0
7.0 1.0 Car -1.0 -1.0 -1.0 -1.0 -1.0 -1.0 -1.0 1.906 1.468 4.809 383.632 0.652 839.394 -2.0960531651775676 1.0
7.0 2.0 Car -1.0 -1.0 -1.0 -1.0 -1.0 -1.0 -1.0 2.102 1.824 4.796 374.144 1.04 808.804 1.1925660245563998 1.0
7.0 0.0 Car -1.0 -1.0 -1.0 -1.0 -1.0 -1.0 -1.0 1.94 1.466 4.824 370.499 0.839 812.851 -1.9675271190569001 0.0
8.0 1.0 Car -1.0 -1.0 -1.0 -1.0 -1.0 -1.0 -1.0 1.906 1.468 4.809 381.953 0.657 836.211 -2.0960531651775676 0.0
8.0 2.0 Car -1.0 -1.0 -1.0 -1.0 -1.0 -1.0 -1.0 2.102 1.824 4.796 375.084 1.038 810.981 1.2012830605396447 1.0
8.0 0.0 Car -1.0 -1.0 -1.0 -1.0 -1.0 -1.0 -1.0 1.94 1.466 4.824 368.951 0.872 808.976 -2.0315054695301193 0.0
9.0 1.0 Car -1.0 -1.0 -1.0 -1.0 -1.0 -1.0 -1.0 1.906 1.468 4.809 380.271 0.661 833.022 -2.0262399950977947 0.0
9.0 2.0 Car -1.0 -1.0 -1.0 -1.0 -1.0 -1.0 -1.0 2.102 1.824 4.796 376.026 1.036 813.163 1.2100193170763431 1.0
9.0 0.0 Car -1.0 -1.0 -1.0 -1.0 -1.0 -1.0 -1.0 1.94 1.466 4.824 367.214 0.905 805.168 -2.0169695432434924 0.0
10.0 1.0 Car -1.0 -1.0 -1.0 -1.0 -1.0 -1.0 -1.0 1.906 1.468 4.809 378.756 0.715 829.929 -2.008786702577851 0.0
10.0 2.0 Car -1.0 -1.0 -1.0 -1.0 -1.0 -1.0 -1.0 2.102 1.824 4.796 377.004 1.034 815.422 1.1908229258839589 1.0
10.0 0.0 Car -1.0 -1.0 -1.0 -1.0 -1.0 -1.0 -1.0 1.94 1.466 4.824 365.477 0.939 801.359 -2.0024337040967866 0.0
11.0 1.0 Car -1.0 -1.0 -1.0 -1.0 -1.0 -1.0 -1.0 1.906 1.468 4.809 377.22 0.77 826.48 -2.008786702577851 0.0
11.0 2.0 Car -1.0 -1.0 -1.0 -1.0 -1.0 -1.0 -1.0 2.102 1.824 4.796 377.982 1.031 817.682 1.1716264963318586 1.0
11.0 0.0 Car -1.0 -1.0 -1.0 -1.0 -1.0 -1.0 -1.0 1.94 1.466 4.824 364.016 0.972 797.811 -2.0024290754571537 0.0
12.0 1.0 Car -1.0 -1.0 -1.0 -1.0 -1.0 -1.0 -1.0 1.906 1.468 4.809 375.715 0.824 823.019 -1.9564268250180228 0.0
12.0 2.0 Car -1.0 -1.0 -1.0 -1.0 -1.0 -1.0 -1.0 2.102 1.824 4.796 378.908 1.029 819.724 1.1669724630389184 1.0
12.0 0.0 Car -1.0 -1.0 -1.0 -1.0 -1.0 -1.0 -1.0 1.94 1.466 4.824 362.431 1.006 794.312 -1.9675178617961342 0.0
13.0 1.0 Car -1.0 -1.0 -1.0 -1.0 -1.0 -1.0 -1.0 1.906 1.468 4.809 374.289 0.879 819.487 -1.9389735324980786 0.0
13.0 2.0 Car -1.0 -1.0 -1.0 -1.0 -1.0 -1.0 -1.0 2.102 1.824 4.796 379.758 1.027 821.586 1.162313472809453 1.0
13.0 0.0 Car -1.0 -1.0 -1.0 -1.0 -1.0 -1.0 -1.0 1.94 1.466 4.824 360.906 1.039 790.785 -1.9849850750744988 0.0
14.0 1.0 Car -1.0 -1.0 -1.0 -1.0 -1.0 -1.0 -1.0 1.906 1.468 4.809 372.853 0.933 815.929 -1.9215202399781364 0.0
14.0 2.0 Car -1.0 -1.0 -1.0 -1.0 -1.0 -1.0 -1.0 2.102 1.824 4.796 380.567 1.025 823.356 1.1576594395165132 1.0
14.0 0.0 Car -1.0 -1.0 -1.0 -1.0 -1.0 -1.0 -1.0 1.94 1.466 4.824 359.383 1.073 787.262 -2.0024337040967866 0.0
15.0 1.0 Car -1.0 -1.0 -1.0 -1.0 -1.0 -1.0 -1.0 1.906 1.468 4.809 371.417 0.987 812.37 -1.9040669474581924 0.0
15.0 2.0 Car -1.0 -1.0 -1.0 -1.0 -1.0 -1.0 -1.0 2.102 1.824 4.796 381.414 1.023 825.063 1.1709626568662581 1.0
15.0 0.0 Car -1.0 -1.0 -1.0 -1.0 -1.0 -1.0 -1.0 1.94 1.466 4.824 358.132 1.039 784.403 -2.005322356763785 0.0
16.0 1.0 Car -1.0 -1.0 -1.0 -1.0 -1.0 -1.0 -1.0 1.906 1.468 4.809 369.953 1.042 808.83 -1.9127986648080662 0.0
16.0 2.0 Car -1.0 -1.0 -1.0 -1.0 -1.0 -1.0 -1.0 2.102 1.824 4.796 382.259 1.021 826.766 1.1493683285661123 1.0
16.0 0.0 Car -1.0 -1.0 -1.0 -1.0 -1.0 -1.0 -1.0 1.94 1.466 4.824 356.883 1.006 781.55 -2.0082427330633386 0.0
17.0 1.0 Car -1.0 -1.0 -1.0 -1.0 -1.0 -1.0 -1.0 1.906 1.468 4.809 368.491 1.096 805.294 -1.9215202399781364 0.0
17.0 2.0 Car -1.0 -1.0 -1.0 -1.0 -1.0 -1.0 -1.0 2.102 1.824 4.796 383.156 1.019 828.388 1.0754582115991032 1.0
17.0 0.0 Car -1.0 -1.0 -1.0 -1.0 -1.0 -1.0 -1.0 1.94 1.466 4.824 355.636 0.973 778.7 -2.01988699661673 0.0
18.0 1.0 Car -1.0 -1.0 -1.0 -1.0 -1.0 -1.0 -1.0 1.906 1.468 4.809 366.902 1.15 801.8 -1.9215202399781364 0.0
18.0 2.0 Car -1.0 -1.0 -1.0 -1.0 -1.0 -1.0 -1.0 2.102 1.824 4.796 384.236 1.017 829.949 0.984082252825893 1.0
18.0 0.0 Car -1.0 -1.0 -1.0 -1.0 -1.0 -1.0 -1.0 1.94 1.466 4.824 354.211 1.256 776.087 -2.01988699661673 0.0
19.0 1.0 Car -1.0 -1.0 -1.0 -1.0 -1.0 -1.0 -1.0 1.906 1.468 4.809 365.314 1.204 798.306 -1.9215202399781364 0.0
19.0 2.0 Car -1.0 -1.0 -1.0 -1.0 -1.0 -1.0 -1.0 2.102 1.824 4.796 385.479 1.015 831.383 0.8578031962426493 1.0
20.0 2.0 Car -1.0 -1.0 -1.0 -1.0 -1.0 -1.0 -1.0 2.102 1.824 4.796 386.961 0.993 832.566 0.7049567785013409 1.0
21.0 2.0 Car -1.0 -1.0 -1.0 -1.0 -1.0 -1.0 -1.0 2.102 1.824 4.796 388.609 0.971 833.507 0.5693998884957112 1.0
22.0 2.0 Car -1.0 -1.0 -1.0 -1.0 -1.0 -1.0 -1.0 2.102 1.824 4.796 390.271 0.949 834.185 0.3989269242757796 1.0
23.0 2.0 Car -1.0 -1.0 -1.0 -1.0 -1.0 -1.0 -1.0 2.102 1.824 4.796 392.169 0.927 834.539 0.26336391222214006 1.0
24.0 2.0 Car -1.0 -1.0 -1.0 -1.0 -1.0 -1.0 -1.0 2.102 1.824 4.796 394.1 0.905 834.6 0.11017986353308618 1.0
25.0 2.0 Car -1.0 -1.0 -1.0 -1.0 -1.0 -1.0 -1.0 2.102 1.824 4.796 396.543 0.881 834.326 -0.06827956973075654 1.0
26.0 2.0 Car -1.0 -1.0 -1.0 -1.0 -1.0 -1.0 -1.0 2.102 1.824 4.796 399.034 0.859 833.831 -0.20584412088201764 1.0
27.0 2.0 Car -1.0 -1.0 -1.0 -1.0 -1.0 -1.0 -1.0 2.102 1.824 4.796 401.741 0.837 833.118 -0.3434081216517886 0.0
28.0 2.0 Car -1.0 -1.0 -1.0 -1.0 -1.0 -1.0 -1.0 2.102 1.824 4.796 404.548 0.815 832.031 -0.3717049013160631 0.0
29.0 2.0 Car -1.0 -1.0 -1.0 -1.0 -1.0 -1.0 -1.0 2.102 1.824 4.796 407.323 0.793 830.866 -0.40000292502101753 0.0
30.0 2.0 Car -1.0 -1.0 -1.0 -1.0 -1.0 -1.0 -1.0 2.102 1.824 4.796 410.047 0.815 829.655 -0.3877921219994833 0.0
31.0 2.0 Car -1.0 -1.0 -1.0 -1.0 -1.0 -1.0 -1.0 2.102 1.824 4.796 412.652 0.838 828.494 -0.3755675569174164 0.0
32.0 2.0 Car -1.0 -1.0 -1.0 -1.0 -1.0 -1.0 -1.0 2.102 1.824 4.796 415.16 0.82 827.432 -0.37789658752740607 0.0
33.0 2.0 Car -1.0 -1.0 -1.0 -1.0 -1.0 -1.0 -1.0 2.102 1.824 4.796 417.668 0.826 826.37 -0.38022569252102967 0.0
34.0 2.0 Car -1.0 -1.0 -1.0 -1.0 -1.0 -1.0 -1.0 2.102 1.824 4.796 420.171 0.832 825.311 -0.38254963250107427 0.0
35.0 2.0 Car -1.0 -1.0 -1.0 -1.0 -1.0 -1.0 -1.0 2.102 1.824 4.796 422.653 0.874 824.253 -0.39476813149527673 0.0
36.0 2.0 Car -1.0 -1.0 -1.0 -1.0 -1.0 -1.0 -1.0 2.102 1.824 4.796 425.156 0.915 823.259 -0.38953935946337803 0.0
37.0 2.0 Car -1.0 -1.0 -1.0 -1.0 -1.0 -1.0 -1.0 2.102 1.824 4.796 427.693 1.006 822.214 -0.39302462865709137 0.0
38.0 2.0 Car -1.0 -1.0 -1.0 -1.0 -1.0 -1.0 -1.0 2.102 1.824 4.796 430.233 1.023 821.169 -0.39651384329602185 0.0
