0.0 5.0 Car -1.0 -1.0 -1.0 -1.0 -1.0 -1.0 -1.0 2.02 1.794 5.104 1177.095 1.282 1669.047 -0.5258560185922017 0.0
0.0 3.0 Truck -1.0 -1.0 -1.0 -1.0 -1.0 -1.0 -1.0 2.5 2.245 7.099 1149.536 1.176 1601.195 -2.0976763217134664 0.0
0.0 0.0 Car -1.0 -1.0 -1.0 -1.0 -1.0 -1.0 -1.0 1.888 1.529 4.478 1138.815 0.859 1569.865 0.9982934255631399 0.0
0.0 1.0 Car -1.0 -1.0 -1.0 -1.0 -1.0 -1.0 -1.0 1.982 1.717 4.988 1147.214 1.098 1582.421 1.0557496635599897 0.0
0.0 4.0 Car -1.0 -1.0 -1.0 -1.0 -1.0 -1.0 -1.0 2.027 1.766 4.595 1131.923 0.752 1559.809 0.9845576843480428 0.0
1.0 5.0 Car -1.0 -1.0 -1.0 -1.0 -1.0 -1.0 -1.0 2.02 1.794 5.104 1177.931 1.273 1668.427 -0.5608006088181824 1.0
1.0 2.0 Truck -1.0 -1.0 -1.0 -1.0 -1.0 -1.0 -1.0 2.815 3.977 12.738 1164.812 2.568 1677.347 -0.39647134445887877 0.0
1.0 3.0 Truck -1.0 -1.0 -1.0 -1.0 -1.0 -1.0 -1.0 2.5 2.245 7.099 1149.536 1.206 1601.196 -2.0976763217134664 1.0
1.0 0.0 Car -1.0 -1.0 -1.0 -1.0 -1.0 -1.0 -1.0 1.888 1.529 4.478 1140.189 0.925 1572.03 1.0041153935390432 1.0
1.0 1.0 Car -1.0 -1.0 -1.0 -1.0 -1.0 -1.0 -1.0 1.982 1.717 4.988 1148.557 1.098 1584.89 1.0627401527553966 1.0
1.0 4.0 Car -1.0 -1.0 -1.0 -1.0 -1.0 -1.0 -1.0 2.027 1.766 4.595 1133.773 0.845 1562.554 0.986740843155553 1.0
2.0 5.0 Car -1.0 -1.0 -1.0 -1.0 -1.0 -1.0 -1.0 2.02 1.794 5.104 1178.713 1.264 1667.923 -0.5957070018245152 1.0
2.0 2.0 Truck -1.0 -1.0 -1.0 -1.0 -1.0 -1.0 -1.0 2.815 3.977 12.738 1165.804 2.613 1676.899 -0.39647134445887877 1.0
2.0 3.0 Truck -1.0 -1.0 -1.0 -1.0 -1.0 -1.0 -1.0 2.5 2.245 7.099 1149.536 1.236 1601.196 -2.0976763217134664 1.0
2.0 0.0 Car -1.0 -1.0 -1.0 -1.0 -1.0 -1.0 -1.0 1.888 1.529 4.478 1141.561 0.992 1574.192 1.0099309976403632 1.0
2.0 1.0 Car -1.0 -1.0 -1.0 -1.0 -1.0 -1.0 -1.0 1.982 1.717 4.988 1149.899 1.098 1587.356 1.0697230007894816 1.0
2.0 4.0 Car -1.0 -1.0 -1.0 -1.0 -1.0 -1.0 -1.0 2.027 1.766 4.595 1135.622 0.938 1565.295 0.9889216155966482 1.0
3.0 5.0 Car -1.0 -1.0 -1.0 -1.0 -1.0 -1.0 -1.0 2.02 1.794 5.104 1179.507 1.155 1667.282 -0.6306140931346803 1.0
3.0 2.0 Truck -1.0 -1.0 -1.0 -1.0 -1.0 -1.0 -1.0 2.815 3.977 12.738 1166.579 2.558 1676.162 -0.39647134445887877 1.0
3.0 3.0 Truck -1.0 -1.0 -1.0 -1.0 -1.0 -1.0 -1.0 2.5 2.245 7.099 1149.536 1.266 1601.196 -2.0976763217134664 1.0
3.0 0.0 Car -1.0 -1.0 -1.0 -1.0 -1.0 -1.0 -1.0 1.888 1.529 4.478 1142.933 1.059 1576.355 1.0157467180830833 1.0
3.0 1.0 Car -1.0 -1.0 -1.0 -1.0 -1.0 -1.0 -1.0 1.982 1.717 4.988 1151.308 1.098 1590.065 1.07670598851573 1.0
3.0 4.0 Car -1.0 -1.0 -1.0 -1.0 -1.0 -1.0 -1.0 2.027 1.766 4.595 1137.444 1.007 1568.054 0.9998339337658817 1.0
4.0 5.0 Car -1.0 -1.0 -1.0 -1.0 -1.0 -1.0 -1.0 2.02 1.794 5.104 1179.984 1.246 1666.75 -0.6654823587517482 1.0
4.0 2.0 Truck -1.0 -1.0 -1.0 -1.0 -1.0 -1.0 -1.0 2.815 3.977 12.738 1167.765 2.504 1675.728 -0.39647134445887877 1.0
4.0 3.0 Truck -1.0 -1.0 -1.0 -1.0 -1.0 -1.0 -1.0 2.5 2.245 7.099 1149.536 1.296 1601.196 -2.0976763217134664 1.0
4.0 0.0 Car -1.0 -1.0 -1.0 -1.0 -1.0 -1.0 -1.0 1.888 1.529 4.478 1144.555 1.142 1579.071 1.0215602714601448 1.0
4.0 1.0 Car -1.0 -1.0 -1.0 -1.0 -1.0 -1.0 -1.0 1.982 1.717 4.988 1152.717 1.098 1592.771 1.0836812093577093 1.0
4.0 4.0 Car -1.0 -1.0 -1.0 -1.0 -1.0 -1.0 -1.0 2.027 1.766 4.595 1139.264 1.075 1570.81 1.0107341146214541 1.0
5.0 5.0 Car -1.0 -1.0 -1.0 -1.0 -1.0 -1.0 -1.0 2.02 1.794 5.104 1180.593 1.237 1666.079 -0.7702021138714069 1.0
5.0 2.0 Truck -1.0 -1.0 -1.0 -1.0 -1.0 -1.0 -1.0 2.815 3.977 12.738 1168.95 2.449 1675.294 -0.39647134445887877 1.0
5.0 3.0 Truck -1.0 -1.0 -1.0 -1.0 -1.0 -1.0 -1.0 2.5 2.245 7.099 1149.536 1.326 1601.196 -2.0976763217134664 1.0
5.0 0.0 Car -1.0 -1.0 -1.0 -1.0 -1.0 -1.0 -1.0 1.888 1.529 4.478 1146.129 1.225 1581.708 1.0273736734813963 1.0
5.0 1.0 Car -1.0 -1.0 -1.0 -1.0 -1.0 -1.0 -1.0 1.982 1.717 4.988 1154.125 1.098 1595.477 1.0906562485998763 1.0
5.0 4.0 Car -1.0 -1.0 -1.0 -1.0 -1.0 -1.0 -1.0 2.027 1.766 4.595 1140.863 1.168 1573.32 1.0288898670490099 1.0
6.0 5.0 Car -1.0 -1.0 -1.0 -1.0 -1.0 -1.0 -1.0 2.02 1.794 5.104 1181.347 1.228 1665.072 -0.9272817465508948 1.0
6.0 2.0 Truck -1.0 -1.0 -1.0 -1.0 -1.0 -1.0 -1.0 2.815 3.977 12.738 1170.138 2.395 1674.859 -0.39647134445887877 1.0
6.0 3.0 Truck -1.0 -1.0 -1.0 -1.0 -1.0 -1.0 -1.0 2.5 2.245 7.099 1149.526 1.357 1601.189 -2.0968410259436183 1.0
6.0 0.0 Car -1.0 -1.0 -1.0 -1.0 -1.0 -1.0 -1.0 1.888 1.529 4.478 1147.706 1.309 1584.351 1.0332000106030266 1.0
6.0 1.0 Car -1.0 -1.0 -1.0 -1.0 -1.0 -1.0 -1.0 1.982 1.717 4.988 1155.607 1.083 1598.41 1.102386172324148 1.0
6.0 4.0 Car -1.0 -1.0 -1.0 -1.0 -1.0 -1.0 -1.0 2.027 1.766 4.595 1142.397 1.261 1575.879 1.0470860169029335 1.0
7.0 5.0 Car -1.0 -1.0 -1.0 -1.0 -1.0 -1.0 -1.0 2.02 1.794 5.104 1181.6 1.269 1664.139 -1.0669080867104392 1.0
7.0 2.0 Truck -1.0 -1.0 -1.0 -1.0 -1.0 -1.0 -1.0 2.815 3.977 12.738 1171.326 2.34 1674.424 -0.39647134445887877 1.0
7.0 3.0 Truck -1.0 -1.0 -1.0 -1.0 -1.0 -1.0 -1.0 2.5 2.245 7.099 1149.516 1.387 1601.181 -2.096005882068186 1.0
7.0 0.0 Car -1.0 -1.0 -1.0 -1.0 -1.0 -1.0 -1.0 1.888 1.529 4.478 1149.341 1.223 1587.16 1.0360836041903754 1.0
7.0 1.0 Car -1.0 -1.0 -1.0 -1.0 -1.0 -1.0 -1.0 1.982 1.717 4.988 1157.089 1.067 1601.342 1.114113963019642 1.0
7.0 4.0 Car -1.0 -1.0 -1.0 -1.0 -1.0 -1.0 -1.0 2.027 1.766 4.595 1143.93 1.354 1578.437 1.06527885787675 1.0
8.0 5.0 Car -1.0 -1.0 -1.0 -1.0 -1.0 -1.0 -1.0 2.02 1.794 5.104 1181.889 1.26 1662.585 -1.4334272296292465 1.0
8.0 2.0 Truck -1.0 -1.0 -1.0 -1.0 -1.0 -1.0 -1.0 2.815 3.977 12.738 1172.552 2.286 1674.031 -0.4358643328892593 1.0
8.0 3.0 Truck -1.0 -1.0 -1.0 -1.0 -1.0 -1.0 -1.0 2.5 2.245 7.099 1149.506 1.417 1601.174 -2.095171352447096 1.0
8.0 0.0 Car -1.0 -1.0 -1.0 -1.0 -1.0 -1.0 -1.0 1.888 1.529 4.478 1150.975 1.136 1589.966 1.0389650768738496 1.0
8.0 1.0 Car -1.0 -1.0 -1.0 -1.0 -1.0 -1.0 -1.0 1.982 1.717 4.988 1158.653 1.052 1604.451 1.108192223499232 1.0
8.0 4.0 Car -1.0 -1.0 -1.0 -1.0 -1.0 -1.0 -1.0 2.027 1.766 4.595 1145.401 1.327 1581.192 1.0681682568700819 1.0
9.0 5.0 Car -1.0 -1.0 -1.0 -1.0 -1.0 -1.0 -1.0 2.02 1.794 5.104 1181.863 1.14 1660.575 -1.538146984748905 1.0
9.0 2.0 Truck -1.0 -1.0 -1.0 -1.0 -1.0 -1.0 -1.0 2.815 3.977 12.738 1173.881 2.226 1673.543 -0.47921492335311333 1.0
9.0 3.0 Truck -1.0 -1.0 -1.0 -1.0 -1.0 -1.0 -1.0 2.5 2.245 7.099 1149.495 1.45 1601.166 -2.094252982115843 0.0
9.0 0.0 Car -1.0 -1.0 -1.0 -1.0 -1.0 -1.0 -1.0 1.888 1.529 4.478 1152.773 1.042 1593.054 1.0421360356462421 1.0
9.0 1.0 Car -1.0 -1.0 -1.0 -1.0 -1.0 -1.0 -1.0 1.982 1.717 4.988 1160.374 1.034 1607.872 1.1016755586050058 1.0
9.0 4.0 Car -1.0 -1.0 -1.0 -1.0 -1.0 -1.0 -1.0 2.027 1.766 4.595 1147.02 1.298 1584.224 1.0713479382661244 1.0
10.0 5.0 Car -1.0 -1.0 -1.0 -1.0 -1.0 -1.0 -1.0 2.02 1.794 5.104 1181.305 1.09 1658.025 -1.8437195101227566 1.0
10.0 2.0 Truck -1.0 -1.0 -1.0 -1.0 -1.0 -1.0 -1.0 2.815 3.977 12.738 1175.071 2.171 1673.05 -0.518644392098481 1.0
10.0 3.0 Truck -1.0 -1.0 -1.0 -1.0 -1.0 -1.0 -1.0 2.5 2.245 7.099 1149.438 1.431 1601.026 -2.0976763217134664 0.0
10.0 0.0 Car -1.0 -1.0 -1.0 -1.0 -1.0 -1.0 -1.0 1.888 1.529 4.478 1154.024 0.956 1595.285 1.0681065956429132 1.0
10.0 1.0 Car -1.0 -1.0 -1.0 -1.0 -1.0 -1.0 -1.0 1.982 1.717 4.988 1161.937 0.994 1611.059 1.1048943283125938 1.0
10.0 4.0 Car -1.0 -1.0 -1.0 -1.0 -1.0 -1.0 -1.0 2.027 1.766 4.595 1148.492 1.271 1586.981 1.0742400130195244 1.0
11.0 5.0 Car -1.0 -1.0 -1.0 -1.0 -1.0 -1.0 -1.0 2.02 1.794 5.104 1180.259 0.99 1655.656 -1.9395727127076017 1.0
11.0 2.0 Truck -1.0 -1.0 -1.0 -1.0 -1.0 -1.0 -1.0 2.815 3.977 12.738 1175.993 2.116 1672.298 -0.5710042696583102 1.0
11.0 3.0 Truck -1.0 -1.0 -1.0 -1.0 -1.0 -1.0 -1.0 2.5 2.245 7.099 1148.677 1.422 1599.943 -2.155875230679758 0.0
11.0 0.0 Car -1.0 -1.0 -1.0 -1.0 -1.0 -1.0 -1.0 1.888 1.529 4.478 1155.612 0.959 1598.244 1.0711871557174792 1.0
11.0 1.0 Car -1.0 -1.0 -1.0 -1.0 -1.0 -1.0 -1.0 1.982 1.717 4.988 1163.498 0.953 1614.242 1.1081095411198196 1.0
11.0 4.0 Car -1.0 -1.0 -1.0 -1.0 -1.0 -1.0 -1.0 2.027 1.766 4.595 1149.962 1.244 1589.736 1.0771288918867092 1.0
12.0 5.0 Car -1.0 -1.0 -1.0 -1.0 -1.0 -1.0 -1.0 2.02 1.794 5.104 1178.976 0.915 1652.931 -2.044325899974268 1.0
12.0 2.0 Truck -1.0 -1.0 -1.0 -1.0 -1.0 -1.0 -1.0 2.815 3.977 12.738 1177.012 2.062 1671.318 -0.6845231073564584 1.0
12.0 3.0 Truck -1.0 -1.0 -1.0 -1.0 -1.0 -1.0 -1.0 2.5 2.245 7.099 1147.853 1.414 1598.906 -2.214079378836699 0.0
12.0 0.0 Car -1.0 -1.0 -1.0 -1.0 -1.0 -1.0 -1.0 1.888 1.529 4.478 1157.2 0.962 1601.204 1.074267993110672 1.0
12.0 1.0 Car -1.0 -1.0 -1.0 -1.0 -1.0 -1.0 -1.0 1.982 1.717 4.988 1165.038 0.913 1617.326 1.111021864379351 1.0
12.0 4.0 Car -1.0 -1.0 -1.0 -1.0 -1.0 -1.0 -1.0 2.027 1.766 4.595 1151.433 1.217 1592.49 1.0800180308169676 1.0
13.0 5.0 Car -1.0 -1.0 -1.0 -1.0 -1.0 -1.0 -1.0 2.02 1.794 5.104 1177.512 0.94 1649.912 -2.04429246782726 0.0
13.0 2.0 Truck -1.0 -1.0 -1.0 -1.0 -1.0 -1.0 -1.0 2.815 3.977 12.738 1177.913 2.007 1670.23 -0.7978970724175722 1.0
13.0 3.0 Truck -1.0 -1.0 -1.0 -1.0 -1.0 -1.0 -1.0 2.5 2.245 7.099 1146.866 1.447 1598.069 -2.3129522407708127 0.0
13.0 0.0 Car -1.0 -1.0 -1.0 -1.0 -1.0 -1.0 -1.0 1.888 1.529 4.478 1158.786 0.965 1604.159 1.0773448987419962 1.0
13.0 1.0 Car -1.0 -1.0 -1.0 -1.0 -1.0 -1.0 -1.0 1.982 1.717 4.988 1166.576 0.872 1620.405 1.1139304709345976 1.0
13.0 4.0 Car -1.0 -1.0 -1.0 -1.0 -1.0 -1.0 -1.0 2.027 1.766 4.595 1152.902 1.191 1595.241 1.0829034826307606 1.0
14.0 5.0 Car -1.0 -1.0 -1.0 -1.0 -1.0 -1.0 -1.0 2.02 1.794 5.104 1175.926 0.89 1646.816 -2.04429246782726 0.0
14.0 2.0 Truck -1.0 -1.0 -1.0 -1.0 -1.0 -1.0 -1.0 2.815 3.977 12.738 1178.932 1.953 1668.836 -0.9199820192742232 1.0
14.0 3.0 Truck -1.0 -1.0 -1.0 -1.0 -1.0 -1.0 -1.0 2.5 2.245 7.099 1145.152 1.481 1596.889 -2.4467421721123284 0.0
14.0 0.0 Car -1.0 -1.0 -1.0 -1.0 -1.0 -1.0 -1.0 1.888 1.529 4.478 1160.372 0.968 1607.115 1.0804220816919479 1.0
14.0 1.0 Car -1.0 -1.0 -1.0 -1.0 -1.0 -1.0 -1.0 1.982 1.717 4.988 1168.115 0.832 1623.485 1.1168393396398326 1.0
14.0 4.0 Car -1.0 -1.0 -1.0 -1.0 -1.0 -1.0 -1.0 2.027 1.766 4.595 1154.37 1.181 1597.993 1.0842045899779176 1.0
15.0 5.0 Car -1.0 -1.0 -1.0 -1.0 -1.0 -1.0 -1.0 2.02 1.794 5.104 1174.34 0.899 1643.644 -2.04429246782726 0.0
15.0 2.0 Truck -1.0 -1.0 -1.0 -1.0 -1.0 -1.0 -1.0 2.815 3.977 12.738 1179.628 1.898 1667.229 -1.042197528068237 1.0
15.0 3.0 Truck -1.0 -1.0 -1.0 -1.0 -1.0 -1.0 -1.0 2.5 2.245 7.099 1143.032 1.431 1595.64 -2.5863685122718736 0.0
15.0 0.0 Car -1.0 -1.0 -1.0 -1.0 -1.0 -1.0 -1.0 1.888 1.529 4.478 1161.96 0.971 1610.074 1.0835025554896074 1.0
15.0 1.0 Car -1.0 -1.0 -1.0 -1.0 -1.0 -1.0 -1.0 1.982 1.717 4.988 1169.654 0.873 1626.495 1.1072864758264647 1.0
15.0 4.0 Car -1.0 -1.0 -1.0 -1.0 -1.0 -1.0 -1.0 2.027 1.766 4.595 1155.841 1.172 1600.747 1.0855070887750469 1.0
16.0 5.0 Car -1.0 -1.0 -1.0 -1.0 -1.0 -1.0 -1.0 2.02 1.794 5.104 1172.546 0.958 1640.066 -2.04429246782726 0.0
16.0 2.0 Truck -1.0 -1.0 -1.0 -1.0 -1.0 -1.0 -1.0 2.815 3.977 12.738 1179.965 1.844 1665.475 -1.1644162153363808 1.0
16.0 3.0 Truck -1.0 -1.0 -1.0 -1.0 -1.0 -1.0 -1.0 2.5 2.245 7.099 1140.696 1.381 1595.37 -2.883074485110908 0.0
16.0 0.0 Car -1.0 -1.0 -1.0 -1.0 -1.0 -1.0 -1.0 1.888 1.529 4.478 1163.308 0.968 1612.765 1.0896465069692605 1.0
16.0 1.0 Car -1.0 -1.0 -1.0 -1.0 -1.0 -1.0 -1.0 1.982 1.717 4.988 1171.193 0.914 1629.505 1.0977333635705642 1.0
16.0 4.0 Car -1.0 -1.0 -1.0 -1.0 -1.0 -1.0 -1.0 2.027 1.766 4.595 1157.311 1.162 1603.501 1.0868096214464267 1.0
17.0 5.0 Car -1.0 -1.0 -1.0 -1.0 -1.0 -1.0 -1.0 2.02 1.794 5.104 1170.753 1.017 1636.488 -2.04429246782726 0.0
17.0 2.0 Truck -1.0 -1.0 -1.0 -1.0 -1.0 -1.0 -1.0 2.815 3.977 12.738 1180.385 1.906 1663.822 -1.3156766717365669 1.0
17.0 3.0 Truck -1.0 -1.0 -1.0 -1.0 -1.0 -1.0 -1.0 2.5 2.245 7.099 1138.161 1.506 1595.265 -3.101236713739539 0.0
17.0 0.0 Car -1.0 -1.0 -1.0 -1.0 -1.0 -1.0 -1.0 1.888 1.529 4.478 1164.656 0.964 1615.456 1.0957904953217668 1.0
17.0 1.0 Car -1.0 -1.0 -1.0 -1.0 -1.0 -1.0 -1.0 1.982 1.717 4.988 1172.732 0.954 1632.515 1.0881801939817721 1.0
17.0 4.0 Car -1.0 -1.0 -1.0 -1.0 -1.0 -1.0 -1.0 2.027 1.766 4.595 1158.782 1.152 1606.256 1.0881121619349412 1.0
18.0 5.0 Car -1.0 -1.0 -1.0 -1.0 -1.0 -1.0 -1.0 2.02 1.794 5.104 1168.977 1.05 1633.137 -2.04429246782726 0.0
18.0 2.0 Truck -1.0 -1.0 -1.0 -1.0 -1.0 -1.0 -1.0 2.815 3.977 12.738 1180.551 1.968 1662.124 -1.4669425748312828 1.0
18.0 3.0 Truck -1.0 -1.0 -1.0 -1.0 -1.0 -1.0 -1.0 2.5 2.245 7.099 1135.738 1.531 1595.705 3.024837264607325 0.0
18.0 0.0 Car -1.0 -1.0 -1.0 -1.0 -1.0 -1.0 -1.0 1.888 1.529 4.478 1166.004 0.961 1618.147 1.101934704911393 1.0
18.0 1.0 Car -1.0 -1.0 -1.0 -1.0 -1.0 -1.0 -1.0 1.982 1.717 4.988 1174.265 0.996 1635.39 1.0750357321488078 1.0
18.0 4.0 Car -1.0 -1.0 -1.0 -1.0 -1.0 -1.0 -1.0 2.027 1.766 4.595 1160.252 1.143 1609.01 1.0894147493262638 1.0
19.0 5.0 Car -1.0 -1.0 -1.0 -1.0 -1.0 -1.0 -1.0 2.02 1.794 5.104 1167.201 1.084 1629.787 -2.04429246782726 0.0
19.0 2.0 Truck -1.0 -1.0 -1.0 -1.0 -1.0 -1.0 -1.0 2.815 3.977 12.738 1180.585 1.98 1660.337 -1.618201820854907 1.0
19.0 3.0 Truck -1.0 -1.0 -1.0 -1.0 -1.0 -1.0 -1.0 2.5 2.245 7.099 1132.842 1.556 1596.539 2.8982455149762236 0.0
19.0 0.0 Car -1.0 -1.0 -1.0 -1.0 -1.0 -1.0 -1.0 1.888 1.529 4.478 1167.352 0.957 1620.838 1.1080786441000952 1.0
19.0 1.0 Car -1.0 -1.0 -1.0 -1.0 -1.0 -1.0 -1.0 1.982 1.717 4.988 1175.828 1.034 1638.179 1.0681526072677543 1.0
19.0 4.0 Car -1.0 -1.0 -1.0 -1.0 -1.0 -1.0 -1.0 2.027 1.766 4.595 1161.723 1.133 1611.765 1.0907172793919313 1.0
20.0 5.0 Car -1.0 -1.0 -1.0 -1.0 -1.0 -1.0 -1.0 2.02 1.794 5.104 1165.427 1.093 1626.44 -2.04429246782726 0.0
20.0 2.0 Truck -1.0 -1.0 -1.0 -1.0 -1.0 -1.0 -1.0 2.815 3.977 12.738 1179.963 2.035 1658.331 -1.714090750208989 1.0
20.0 3.0 Truck -1.0 -1.0 -1.0 -1.0 -1.0 -1.0 -1.0 2.5 2.245 7.099 1130.134 1.543 1597.884 2.721650591294032 0.0
20.0 0.0 Car -1.0 -1.0 -1.0 -1.0 -1.0 -1.0 -1.0 1.888 1.529 4.478 1168.698 0.953 1623.527 1.114215860138537 1.0
20.0 1.0 Car -1.0 -1.0 -1.0 -1.0 -1.0 -1.0 -1.0 1.982 1.717 4.988 1177.291 1.072 1640.785 1.0612770144083261 1.0
20.0 4.0 Car -1.0 -1.0 -1.0 -1.0 -1.0 -1.0 -1.0 2.027 1.766 4.595 1163.192 1.124 1614.516 1.0920183841333768 1.0
21.0 5.0 Car -1.0 -1.0 -1.0 -1.0 -1.0 -1.0 -1.0 2.02 1.794 5.104 1163.649 1.151 1623.086 -2.04429246782726 0.0
21.0 2.0 Truck -1.0 -1.0 -1.0 -1.0 -1.0 -1.0 -1.0 2.815 3.977 12.738 1179.288 2.04 1656.185 -1.810188038574281 1.0
21.0 0.0 Car -1.0 -1.0 -1.0 -1.0 -1.0 -1.0 -1.0 1.888 1.529 4.478 1169.985 0.962 1626.128 1.112508066054807 1.0
21.0 1.0 Car -1.0 -1.0 -1.0 -1.0 -1.0 -1.0 -1.0 1.982 1.717 4.988 1178.583 1.057 1643.157 1.0585142855392982 1.0
21.0 4.0 Car -1.0 -1.0 -1.0 -1.0 -1.0 -1.0 -1.0 2.027 1.766 4.595 1164.664 1.114 1617.273 1.0933223160718641 1.0
22.0 5.0 Car -1.0 -1.0 -1.0 -1.0 -1.0 -1.0 -1.0 2.02 1.794 5.104 1162.009 1.16 1620.001 -2.04429246782726 0.0
22.0 2.0 Truck -1.0 -1.0 -1.0 -1.0 -1.0 -1.0 -1.0 2.815 3.977 12.738 1178.527 2.044 1654.055 -1.8974545011739965 1.0
22.0 0.0 Car -1.0 -1.0 -1.0 -1.0 -1.0 -1.0 -1.0 1.888 1.529 4.478 1171.27 0.971 1628.727 1.110802121691994 1.0
22.0 1.0 Car -1.0 -1.0 -1.0 -1.0 -1.0 -1.0 -1.0 1.982 1.717 4.988 1179.78 1.042 1645.42 1.0819344965055244 1.0
22.0 4.0 Car -1.0 -1.0 -1.0 -1.0 -1.0 -1.0 -1.0 2.027 1.766 4.595 1166.134 1.105 1620.028 1.0946248357146857 1.0
23.0 5.0 Car -1.0 -1.0 -1.0 -1.0 -1.0 -1.0 -1.0 2.02 1.794 5.104 1160.367 1.169 1616.913 -2.04429246782726 0.0
23.0 2.0 Truck -1.0 -1.0 -1.0 -1.0 -1.0 -1.0 -1.0 2.815 3.977 12.738 1177.549 2.049 1651.756 -1.9628800111416211 1.0
23.0 0.0 Car -1.0 -1.0 -1.0 -1.0 -1.0 -1.0 -1.0 1.888 1.529 4.478 1172.556 0.98 1631.329 1.1090942627656488 1.0
23.0 1.0 Car -1.0 -1.0 -1.0 -1.0 -1.0 -1.0 -1.0 1.982 1.717 4.988 1180.898 1.015 1647.655 1.0964718819944912 1.0
23.0 4.0 Car -1.0 -1.0 -1.0 -1.0 -1.0 -1.0 -1.0 2.027 1.766 4.595 1167.606 1.095 1622.785 1.0959288171616923 1.0
24.0 5.0 Car -1.0 -1.0 -1.0 -1.0 -1.0 -1.0 -1.0 2.02 1.794 5.104 1159.105 1.128 1614.257 -2.04429246782726 0.0
24.0 2.0 Truck -1.0 -1.0 -1.0 -1.0 -1.0 -1.0 -1.0 2.815 3.977 12.738 1176.232 2.054 1649.148 -2.0087327101022905 1.0
24.0 0.0 Car -1.0 -1.0 -1.0 -1.0 -1.0 -1.0 -1.0 1.888 1.529 4.478 1173.844 0.989 1633.933 1.1073844961013093 1.0
24.0 1.0 Car -1.0 -1.0 -1.0 -1.0 -1.0 -1.0 -1.0 1.982 1.717 4.988 1182.017 0.988 1649.892 1.11102550625014 1.0
24.0 4.0 Car -1.0 -1.0 -1.0 -1.0 -1.0 -1.0 -1.0 2.027 1.766 4.595 1169.08 1.086 1625.546 1.0972342552014607 1.0
25.0 2.0 Truck -1.0 -1.0 -1.0 -1.0 -1.0 -1.0 -1.0 2.815 3.977 12.738 1174.798 2.059 1646.606 -2.0545340641004413 1.0
25.0 0.0 Car -1.0 -1.0 -1.0 -1.0 -1.0 -1.0 -1.0 1.888 1.529 4.478 1175.093 0.958 1636.435 1.115437008453206 1.0
25.0 1.0 Car -1.0 -1.0 -1.0 -1.0 -1.0 -1.0 -1.0 1.982 1.717 4.988 1183.135 0.961 1652.127 1.125562833639763 1.0
25.0 4.0 Car -1.0 -1.0 -1.0 -1.0 -1.0 -1.0 -1.0 2.027 1.766 4.595 1170.595 0.989 1628.43 1.0998990455917208 1.0
26.0 2.0 Truck -1.0 -1.0 -1.0 -1.0 -1.0 -1.0 -1.0 2.815 3.977 12.738 1173.161 2.063 1643.578 -2.054534133853484 1.0
26.0 0.0 Car -1.0 -1.0 -1.0 -1.0 -1.0 -1.0 -1.0 1.888 1.529 4.478 1176.314 0.914 1638.852 1.106036007609593 1.0
26.0 1.0 Car -1.0 -1.0 -1.0 -1.0 -1.0 -1.0 -1.0 1.982 1.717 4.988 1184.094 0.931 1654.325 1.1633706074579255 1.0
26.0 4.0 Car -1.0 -1.0 -1.0 -1.0 -1.0 -1.0 -1.0 2.027 1.766 4.595 1171.81 0.911 1630.772 1.093852726793243 1.0
27.0 2.0 Truck -1.0 -1.0 -1.0 -1.0 -1.0 -1.0 -1.0 2.815 3.977 12.738 1171.511 2.143 1640.722 -2.072011648172054 0.0
27.0 0.0 Car -1.0 -1.0 -1.0 -1.0 -1.0 -1.0 -1.0 1.888 1.529 4.478 1177.535 0.87 1641.271 1.0966249000212998 0.0
27.0 1.0 Car -1.0 -1.0 -1.0 -1.0 -1.0 -1.0 -1.0 1.982 1.717 4.988 1184.938 0.901 1656.573 1.2012190273225325 0.0
27.0 4.0 Car -1.0 -1.0 -1.0 -1.0 -1.0 -1.0 -1.0 2.027 1.766 4.595 1173.026 1.208 1633.118 1.087799907771931 0.0
28.0 2.0 Truck -1.0 -1.0 -1.0 -1.0 -1.0 -1.0 -1.0 2.815 3.977 12.738 1169.702 2.223 1637.76 -2.0894506119719853 0.0
28.0 0.0 Car -1.0 -1.0 -1.0 -1.0 -1.0 -1.0 -1.0 1.888 1.529 4.478 1178.711 1.05 1643.569 1.0959562504303841 0.0
28.0 1.0 Car -1.0 -1.0 -1.0 -1.0 -1.0 -1.0 -1.0 1.982 1.717 4.988 1185.554 0.945 1658.895 1.2913147006468448 0.0
28.0 4.0 Car -1.0 -1.0 -1.0 -1.0 -1.0 -1.0 -1.0 2.027 1.766 4.595 1174.239 1.205 1635.458 1.0817604395800464 0.0
29.0 2.0 Truck -1.0 -1.0 -1.0 -1.0 -1.0 -1.0 -1.0 2.815 3.977 12.738 1167.989 2.277 1634.477 -2.0773989472840286 0.0
29.0 0.0 Car -1.0 -1.0 -1.0 -1.0 -1.0 -1.0 -1.0 1.888 1.529 4.478 1179.889 1.031 1645.87 1.09528684238605 0.0
29.0 1.0 Car -1.0 -1.0 -1.0 -1.0 -1.0 -1.0 -1.0 1.982 1.717 4.988 1185.944 0.967 1661.187 1.4222688064787992 0.0
29.0 4.0 Car -1.0 -1.0 -1.0 -1.0 -1.0 -1.0 -1.0 2.027 1.766 4.595 1175.43 1.241 1637.706 1.089747757919814 0.0
30.0 2.0 Truck -1.0 -1.0 -1.0 -1.0 -1.0 -1.0 -1.0 2.815 3.977 12.738 1166.277 2.332 1631.198 -2.065360624313304 0.0
30.0 0.0 Car -1.0 -1.0 -1.0 -1.0 -1.0 -1.0 -1.0 1.888 1.529 4.478 1181.029 1.014 1648.169 1.1135262270675628 0.0
30.0 1.0 Car -1.0 -1.0 -1.0 -1.0 -1.0 -1.0 -1.0 1.982 1.717 4.988 1185.969 0.968 1663.469 1.5565473706618769 0.0
30.0 4.0 Car -1.0 -1.0 -1.0 -1.0 -1.0 -1.0 -1.0 2.027 1.766 4.595 1176.619 1.277 1639.952 1.0977262339506162 0.0
31.0 2.0 Truck -1.0 -1.0 -1.0 -1.0 -1.0 -1.0 -1.0 2.815 3.977 12.738 1164.953 2.287 1628.719 -2.0602342804648135 0.0
31.0 0.0 Car -1.0 -1.0 -1.0 -1.0 -1.0 -1.0 -1.0 1.888 1.529 4.478 1182.053 0.998 1650.238 1.1299295520761683 0.0
31.0 1.0 Car -1.0 -1.0 -1.0 -1.0 -1.0 -1.0 -1.0 1.982 1.717 4.988 1185.729 0.969 1665.508 1.6773088419749091 0.0
31.0 4.0 Car -1.0 -1.0 -1.0 -1.0 -1.0 -1.0 -1.0 2.027 1.766 4.595 1177.48 1.265 1641.664 1.0892138888058942 0.0
32.0 2.0 Truck -1.0 -1.0 -1.0 -1.0 -1.0 -1.0 -1.0 2.815 3.977 12.738 1163.628 2.107 1626.271 -2.057384224263659 0.0
32.0 0.0 Car -1.0 -1.0 -1.0 -1.0 -1.0 -1.0 -1.0 1.888 1.529 4.478 1183.149 0.756 1652.756 1.193514518354311 0.0
32.0 1.0 Car -1.0 -1.0 -1.0 -1.0 -1.0 -1.0 -1.0 1.982 1.717 4.988 1185.177 0.97 1667.722 1.8115874061579869 0.0
32.0 4.0 Car -1.0 -1.0 -1.0 -1.0 -1.0 -1.0 -1.0 2.027 1.766 4.595 1178.677 1.16 1644.033 1.0972898996352087 0.0
33.0 2.0 Truck -1.0 -1.0 -1.0 -1.0 -1.0 -1.0 -1.0 2.815 3.977 12.738 1162.385 1.927 1623.978 -2.054534133853484 0.0
33.0 0.0 Car -1.0 -1.0 -1.0 -1.0 -1.0 -1.0 -1.0 1.888 1.529 4.478 1184.083 0.664 1655.339 1.2571002478382711 0.0
33.0 1.0 Car -1.0 -1.0 -1.0 -1.0 -1.0 -1.0 -1.0 1.982 1.717 4.988 1184.278 0.92 1670.018 1.9633208745970414 0.0
33.0 4.0 Car -1.0 -1.0 -1.0 -1.0 -1.0 -1.0 -1.0 2.027 1.766 4.595 1179.875 1.056 1646.403 1.105366007400305 0.0
34.0 2.0 Truck -1.0 -1.0 -1.0 -1.0 -1.0 -1.0 -1.0 2.815 3.977 12.738 1161.289 1.619 1621.994 -2.054534133853484 0.0
34.0 0.0 Car -1.0 -1.0 -1.0 -1.0 -1.0 -1.0 -1.0 1.888 1.529 4.478 1184.747 0.684 1657.619 1.3206132183676242 0.0
34.0 1.0 Car -1.0 -1.0 -1.0 -1.0 -1.0 -1.0 -1.0 1.982 1.717 4.988 1182.948 0.931 1672.165 2.1012462181075455 0.0
34.0 4.0 Car -1.0 -1.0 -1.0 -1.0 -1.0 -1.0 -1.0 2.027 1.766 4.595 1181.164 0.919 1649.034 1.1202817016326299 0.0
35.0 2.0 Truck -1.0 -1.0 -1.0 -1.0 -1.0 -1.0 -1.0 2.815 3.977 12.738 1160.451 1.211 1620.613 -2.054534133853484 0.0
35.0 0.0 Car -1.0 -1.0 -1.0 -1.0 -1.0 -1.0 -1.0 1.888 1.529 4.478 1185.052 0.705 1660.2 1.4602052764417368 0.0
35.0 1.0 Car -1.0 -1.0 -1.0 -1.0 -1.0 -1.0 -1.0 1.982 1.717 4.988 1181.045 0.942 1674.363 2.2996219805147726 0.0
35.0 4.0 Car -1.0 -1.0 -1.0 -1.0 -1.0 -1.0 -1.0 2.027 1.766 4.595 1182.582 0.767 1651.931 1.1367015057607548 0.0
36.0 2.0 Truck -1.0 -1.0 -1.0 -1.0 -1.0 -1.0 -1.0 2.815 3.977 12.738 1160.287 1.145 1620.22 -2.054534133853484 0.0
36.0 0.0 Car -1.0 -1.0 -1.0 -1.0 -1.0 -1.0 -1.0 1.888 1.529 4.478 1185.015 0.724 1662.561 1.5870107352141436 0.0
36.0 1.0 Car -1.0 -1.0 -1.0 -1.0 -1.0 -1.0 -1.0 1.982 1.717 4.988 1178.807 0.952 1676.435 2.4164074911473503 0.0
36.0 4.0 Car -1.0 -1.0 -1.0 -1.0 -1.0 -1.0 -1.0 2.027 1.766 4.595 1183.872 0.815 1654.902 1.2073510170915822 0.0
37.0 2.0 Truck -1.0 -1.0 -1.0 -1.0 -1.0 -1.0 -1.0 2.815 3.977 12.738 1160.091 1.065 1619.749 -2.054534133853484 0.0
37.0 0.0 Car -1.0 -1.0 -1.0 -1.0 -1.0 -1.0 -1.0 1.888 1.529 4.478 1184.577 0.747 1665.364 1.7393756787850743 0.0
37.0 1.0 Car -1.0 -1.0 -1.0 -1.0 -1.0 -1.0 -1.0 1.982 1.717 4.988 1175.822 0.964 1678.558 2.556732820275114 0.0
37.0 4.0 Car -1.0 -1.0 -1.0 -1.0 -1.0 -1.0 -1.0 2.027 1.766 4.595 1184.964 0.862 1658.054 1.2922409651383433 0.0
38.0 2.0 Truck -1.0 -1.0 -1.0 -1.0 -1.0 -1.0 -1.0 2.815 3.977 12.738 1159.928 0.999 1619.356 -2.054534133853484 0.0
38.0 0.0 Car -1.0 -1.0 -1.0 -1.0 -1.0 -1.0 -1.0 1.888 1.529 4.478 1183.891 0.766 1667.626 1.8663210691592056 0.0
38.0 1.0 Car -1.0 -1.0 -1.0 -1.0 -1.0 -1.0 -1.0 1.982 1.717 4.988 1172.903 0.988 1680.455 2.556732820275114 0.0
38.0 4.0 Car -1.0 -1.0 -1.0 -1.0 -1.0 -1.0 -1.0 2.027 1.766 4.595 1185.406 0.891 1660.621 1.417718902865501 0.0
