0.0 4.0 Car -1.0 -1.0 -1.0 -1.0 -1.0 -1.0 -1.0 1.839 1.713 4.463 802.674 0.908 1486.336 2.395638931314755 0.0
0.0 2.0 Car -1.0 -1.0 -1.0 -1.0 -1.0 -1.0 -1.0 1.746 1.558 4.718 755.434 0.697 1523.98 2.4446826832656683 0.0
0.0 7.0 Car -1.0 -1.0 -1.0 -1.0 -1.0 -1.0 -1.0 1.811 1.706 4.211 739.557 0.989 1537.862 2.423913265179967 0.0
1.0 4.0 Car -1.0 -1.0 -1.0 -1.0 -1.0 -1.0 -1.0 1.839 1.713 4.463 801.952 0.902 1487.006 2.395638931314755 1.0
1.0 2.0 Car -1.0 -1.0 -1.0 -1.0 -1.0 -1.0 -1.0 1.746 1.558 4.718 752.763 0.747 1526.237 2.4446826832656683 1.0
1.0 7.0 Car -1.0 -1.0 -1.0 -1.0 -1.0 -1.0 -1.0 1.811 1.706 4.211 739.29 0.989 1538.095 2.423913265179967 1.0
2.0 4.0 Car -1.0 -1.0 -1.0 -1.0 -1.0 -1.0 -1.0 1.839 1.713 4.463 801.232 0.896 1487.674 2.395638931314755 1.0
2.0 2.0 Car -1.0 -1.0 -1.0 -1.0 -1.0 -1.0 -1.0 1.746 1.558 4.718 750.728 0.772 1527.959 2.462136237653347 1.0
2.0 0.0 Car -1.0 -1.0 -1.0 -1.0 -1.0 -1.0 -1.0 1.854 1.544 4.729 793.043 0.745 1495.117 2.469640891587977 0.0
2.0 7.0 Car -1.0 -1.0 -1.0 -1.0 -1.0 -1.0 -1.0 1.811 1.706 4.211 739.024 0.989 1538.327 2.423913265179967 1.0
3.0 4.0 Car -1.0 -1.0 -1.0 -1.0 -1.0 -1.0 -1.0 1.839 1.713 4.463 800.511 0.89 1488.343 2.395638931314755 1.0
3.0 2.0 Car -1.0 -1.0 -1.0 -1.0 -1.0 -1.0 -1.0 1.746 1.558 4.718 748.693 0.797 1529.681 2.4795892683055545 1.0
3.0 0.0 Car -1.0 -1.0 -1.0 -1.0 -1.0 -1.0 -1.0 1.854 1.544 4.729 789.539 0.797 1497.77 2.4783671625147066 1.0
3.0 7.0 Car -1.0 -1.0 -1.0 -1.0 -1.0 -1.0 -1.0 1.811 1.706 4.211 738.758 0.989 1538.56 2.423913265179967 1.0
4.0 4.0 Car -1.0 -1.0 -1.0 -1.0 -1.0 -1.0 -1.0 1.839 1.713 4.463 799.262 0.883 1489.444 2.4189109966558204 1.0
4.0 2.0 Car -1.0 -1.0 -1.0 -1.0 -1.0 -1.0 -1.0 1.746 1.558 4.718 747.153 0.822 1530.957 2.4490450028714754 1.0
4.0 0.0 Car -1.0 -1.0 -1.0 -1.0 -1.0 -1.0 -1.0 1.854 1.544 4.729 786.036 0.749 1500.423 2.48709418410792 1.0
4.0 7.0 Car -1.0 -1.0 -1.0 -1.0 -1.0 -1.0 -1.0 1.811 1.706 4.211 738.491 0.989 1538.792 2.423913265179967 1.0
5.0 4.0 Car -1.0 -1.0 -1.0 -1.0 -1.0 -1.0 -1.0 1.839 1.713 4.463 798.012 0.875 1490.546 2.442181199877856 0.0
5.0 2.0 Car -1.0 -1.0 -1.0 -1.0 -1.0 -1.0 -1.0 1.746 1.558 4.718 745.735 0.847 1532.126 2.453406973425394 0.0
5.0 0.0 Car -1.0 -1.0 -1.0 -1.0 -1.0 -1.0 -1.0 1.854 1.544 4.729 782.862 0.719 1502.953 2.469640891587977 0.0
5.0 7.0 Car -1.0 -1.0 -1.0 -1.0 -1.0 -1.0 -1.0 1.811 1.706 4.211 738.225 0.989 1539.025 2.423913265179967 0.0
6.0 4.0 Car -1.0 -1.0 -1.0 -1.0 -1.0 -1.0 -1.0 1.839 1.713 4.463 796.762 0.868 1491.648 2.4654521013945283 1.0
6.0 2.0 Car -1.0 -1.0 -1.0 -1.0 -1.0 -1.0 -1.0 1.746 1.558 4.718 744.492 0.872 1533.15 2.4577690748737706 1.0
6.0 0.0 Car -1.0 -1.0 -1.0 -1.0 -1.0 -1.0 -1.0 1.854 1.544 4.729 779.389 0.724 1505.686 2.469640891587977 1.0
6.0 7.0 Car -1.0 -1.0 -1.0 -1.0 -1.0 -1.0 -1.0 1.811 1.706 4.211 738.116 0.989 1539.12 2.423913265179967 0.0
7.0 4.0 Car -1.0 -1.0 -1.0 -1.0 -1.0 -1.0 -1.0 1.839 1.713 4.463 795.732 0.876 1492.644 2.4654521013945283 1.0
7.0 2.0 Car -1.0 -1.0 -1.0 -1.0 -1.0 -1.0 -1.0 1.746 1.558 4.718 743.65 0.897 1533.846 2.462135975785612 1.0
7.0 0.0 Car -1.0 -1.0 -1.0 -1.0 -1.0 -1.0 -1.0 1.854 1.544 4.729 775.913 0.728 1508.423 2.469640891587977 1.0
7.0 7.0 Car -1.0 -1.0 -1.0 -1.0 -1.0 -1.0 -1.0 1.811 1.706 4.211 738.006 0.989 1539.216 2.423913265179967 0.0
7.0 11.0 Car -1.0 -1.0 -1.0 -1.0 -1.0 -1.0 -1.0 1.978 1.727 4.713 803.588 0.95 1485.735 2.4829053939144714 0.0
8.0 4.0 Car -1.0 -1.0 -1.0 -1.0 -1.0 -1.0 -1.0 1.839 1.713 4.463 794.497 0.885 1493.836 2.4654521013945283 1.0
8.0 2.0 Car -1.0 -1.0 -1.0 -1.0 -1.0 -1.0 -1.0 1.746 1.558 4.718 743.543 0.904 1533.921 2.462135975785612 1.0
8.0 0.0 Car -1.0 -1.0 -1.0 -1.0 -1.0 -1.0 -1.0 1.854 1.544 4.729 771.75 0.733 1511.7 2.469640891587977 1.0
8.0 7.0 Car -1.0 -1.0 -1.0 -1.0 -1.0 -1.0 -1.0 1.811 1.706 4.211 737.875 0.989 1539.33 2.423913265179967 0.0
8.0 11.0 Car -1.0 -1.0 -1.0 -1.0 -1.0 -1.0 -1.0 1.978 1.727 4.713 801.756 0.917 1487.299 2.4829053939144714 1.0
9.0 4.0 Car -1.0 -1.0 -1.0 -1.0 -1.0 -1.0 -1.0 1.839 1.713 4.463 792.309 0.833 1495.528 2.4741838729780152 1.0
9.0 2.0 Car -1.0 -1.0 -1.0 -1.0 -1.0 -1.0 -1.0 1.746 1.558 4.718 743.454 0.91 1533.983 2.462135975785612 1.0
9.0 0.0 Car -1.0 -1.0 -1.0 -1.0 -1.0 -1.0 -1.0 1.854 1.544 4.729 768.404 0.67 1514.439 2.469640891587977 1.0
9.0 7.0 Car -1.0 -1.0 -1.0 -1.0 -1.0 -1.0 -1.0 1.811 1.706 4.211 737.372 0.989 1539.769 2.423913265179967 0.0
9.0 11.0 Car -1.0 -1.0 -1.0 -1.0 -1.0 -1.0 -1.0 1.978 1.727 4.713 799.919 0.873 1488.871 2.4850889305491393 1.0
10.0 8.0 Car -1.0 -1.0 -1.0 -1.0 -1.0 -1.0 -1.0 1.929 2.0 4.61 760.2 0.983 1514.303 -0.7054620836247479 0.0
10.0 4.0 Car -1.0 -1.0 -1.0 -1.0 -1.0 -1.0 -1.0 1.839 1.713 4.463 790.126 0.83 1497.216 2.4828960331108423 1.0
10.0 2.0 Car -1.0 -1.0 -1.0 -1.0 -1.0 -1.0 -1.0 1.746 1.558 4.718 743.364 0.916 1534.045 2.462135975785612 1.0
10.0 0.0 Car -1.0 -1.0 -1.0 -1.0 -1.0 -1.0 -1.0 1.854 1.544 4.729 765.036 0.682 1517.132 2.469640891587977 1.0
10.0 7.0 Car -1.0 -1.0 -1.0 -1.0 -1.0 -1.0 -1.0 1.811 1.706 4.211 736.871 0.989 1540.207 2.423913265179967 0.0
10.0 11.0 Car -1.0 -1.0 -1.0 -1.0 -1.0 -1.0 -1.0 1.978 1.727 4.713 798.059 0.913 1490.405 2.487267562987612 1.0
11.0 8.0 Car -1.0 -1.0 -1.0 -1.0 -1.0 -1.0 -1.0 1.929 2.0 4.61 760.2 0.99 1514.304 -0.7054620836247479 0.0
11.0 4.0 Car -1.0 -1.0 -1.0 -1.0 -1.0 -1.0 -1.0 1.839 1.713 4.463 787.92 0.828 1498.883 2.4916274033924033 1.0
11.0 2.0 Car -1.0 -1.0 -1.0 -1.0 -1.0 -1.0 -1.0 1.746 1.558 4.718 743.275 0.921 1534.107 2.462135975785612 1.0
11.0 0.0 Car -1.0 -1.0 -1.0 -1.0 -1.0 -1.0 -1.0 1.854 1.544 4.729 761.66 0.693 1519.832 2.469640891587977 1.0
11.0 7.0 Car -1.0 -1.0 -1.0 -1.0 -1.0 -1.0 -1.0 1.811 1.706 4.211 736.368 0.989 1540.646 2.423913265179967 0.0
11.0 10.0 Bus -1.0 -1.0 -1.0 -1.0 -1.0 -1.0 -1.0 2.554 3.288 6.769 757.149 1.463 1511.316 -0.7941248096531179 0.0
11.0 11.0 Car -1.0 -1.0 -1.0 -1.0 -1.0 -1.0 -1.0 1.978 1.727 4.713 796.195 0.902 1491.943 2.4894509992695113 1.0
12.0 8.0 Car -1.0 -1.0 -1.0 -1.0 -1.0 -1.0 -1.0 1.929 2.0 4.61 760.201 0.997 1514.305 -0.7054620836247479 0.0
12.0 4.0 Car -1.0 -1.0 -1.0 -1.0 -1.0 -1.0 -1.0 1.839 1.713 4.463 785.713 0.825 1500.551 2.5003586864344145 1.0
12.0 2.0 Car -1.0 -1.0 -1.0 -1.0 -1.0 -1.0 -1.0 1.746 1.558 4.718 743.186 0.927 1534.169 2.462135975785612 1.0
12.0 0.0 Car -1.0 -1.0 -1.0 -1.0 -1.0 -1.0 -1.0 1.854 1.544 4.729 758.46 0.688 1522.439 2.4521882093992318 1.0
12.0 7.0 Car -1.0 -1.0 -1.0 -1.0 -1.0 -1.0 -1.0 1.811 1.706 4.211 734.482 0.989 1542.292 2.423913265179967 0.0
12.0 10.0 Bus -1.0 -1.0 -1.0 -1.0 -1.0 -1.0 -1.0 2.554 3.288 6.769 757.152 1.464 1511.313 -0.7941248096531179 0.0
12.0 11.0 Car -1.0 -1.0 -1.0 -1.0 -1.0 -1.0 -1.0 1.978 1.727 4.713 794.331 0.892 1493.481 2.491634413735591 1.0
13.0 8.0 Car -1.0 -1.0 -1.0 -1.0 -1.0 -1.0 -1.0 1.929 2.0 4.61 760.202 1.003 1514.306 -0.7054620836247479 1.0
13.0 4.0 Car -1.0 -1.0 -1.0 -1.0 -1.0 -1.0 -1.0 1.839 1.713 4.463 783.317 0.818 1502.309 2.5003586864344145 1.0
13.0 2.0 Car -1.0 -1.0 -1.0 -1.0 -1.0 -1.0 -1.0 1.746 1.558 4.718 742.998 0.932 1534.325 2.459224270943397 0.0
13.0 0.0 Car -1.0 -1.0 -1.0 -1.0 -1.0 -1.0 -1.0 1.854 1.544 4.729 755.99 0.683 1524.448 2.43473430654809 1.0
13.0 7.0 Car -1.0 -1.0 -1.0 -1.0 -1.0 -1.0 -1.0 1.811 1.706 4.211 732.597 0.989 1543.938 2.423913265179967 0.0
13.0 10.0 Bus -1.0 -1.0 -1.0 -1.0 -1.0 -1.0 -1.0 2.554 3.288 6.769 757.155 1.465 1511.309 -0.7941248096531179 0.0
13.0 11.0 Car -1.0 -1.0 -1.0 -1.0 -1.0 -1.0 -1.0 1.978 1.727 4.713 792.448 0.898 1494.995 2.493817980912406 1.0
14.0 8.0 Car -1.0 -1.0 -1.0 -1.0 -1.0 -1.0 -1.0 1.929 2.0 4.61 760.203 1.01 1514.307 -0.7054620836247479 1.0
14.0 4.0 Car -1.0 -1.0 -1.0 -1.0 -1.0 -1.0 -1.0 1.839 1.713 4.463 780.923 0.812 1504.065 2.5003586864344145 1.0
14.0 2.0 Car -1.0 -1.0 -1.0 -1.0 -1.0 -1.0 -1.0 1.746 1.558 4.718 742.81 0.936 1534.48 2.4563158533362697 0.0
14.0 0.0 Car -1.0 -1.0 -1.0 -1.0 -1.0 -1.0 -1.0 1.854 1.544 4.729 753.847 0.678 1526.336 2.4260023850469787 1.0
14.0 7.0 Car -1.0 -1.0 -1.0 -1.0 -1.0 -1.0 -1.0 1.811 1.706 4.211 730.713 0.989 1545.582 2.423913265179967 0.0
14.0 10.0 Bus -1.0 -1.0 -1.0 -1.0 -1.0 -1.0 -1.0 2.554 3.288 6.769 757.158 1.466 1511.306 -0.7941248096531179 1.0
14.0 6.0 Car -1.0 -1.0 -1.0 -1.0 -1.0 -1.0 -1.0 1.8 1.481 4.522 752.834 0.745 1517.34 -0.7257079029842252 0.0
14.0 11.0 Car -1.0 -1.0 -1.0 -1.0 -1.0 -1.0 -1.0 1.978 1.727 4.713 790.567 0.904 1496.508 2.4959990829016316 1.0
15.0 8.0 Car -1.0 -1.0 -1.0 -1.0 -1.0 -1.0 -1.0 1.929 2.0 4.61 760.204 1.017 1514.308 -0.7054620836247479 1.0
15.0 4.0 Car -1.0 -1.0 -1.0 -1.0 -1.0 -1.0 -1.0 1.839 1.713 4.463 778.532 0.805 1505.819 2.5003586864344145 1.0
15.0 2.0 Car -1.0 -1.0 -1.0 -1.0 -1.0 -1.0 -1.0 1.746 1.558 4.718 742.396 0.941 1534.82 2.4534109498707233 0.0
15.0 0.0 Car -1.0 -1.0 -1.0 -1.0 -1.0 -1.0 -1.0 1.854 1.544 4.729 751.706 0.673 1528.222 2.4172810140281467 1.0
15.0 7.0 Car -1.0 -1.0 -1.0 -1.0 -1.0 -1.0 -1.0 1.811 1.706 4.211 728.387 0.989 1547.613 2.423913265179967 0.0
15.0 10.0 Bus -1.0 -1.0 -1.0 -1.0 -1.0 -1.0 -1.0 2.554 3.288 6.769 757.162 1.468 1511.303 -0.7941248096531179 1.0
15.0 6.0 Car -1.0 -1.0 -1.0 -1.0 -1.0 -1.0 -1.0 1.8 1.481 4.522 752.835 0.742 1517.339 -0.7257079029842252 0.0
15.0 11.0 Car -1.0 -1.0 -1.0 -1.0 -1.0 -1.0 -1.0 1.978 1.727 4.713 788.689 0.91 1498.019 2.4981775495398777 1.0
16.0 8.0 Car -1.0 -1.0 -1.0 -1.0 -1.0 -1.0 -1.0 1.929 2.0 4.61 760.205 1.023 1514.309 -0.7054620836247479 1.0
16.0 4.0 Car -1.0 -1.0 -1.0 -1.0 -1.0 -1.0 -1.0 1.839 1.713 4.463 775.934 0.815 1507.779 2.4945428380046613 1.0
16.0 2.0 Car -1.0 -1.0 -1.0 -1.0 -1.0 -1.0 -1.0 1.746 1.558 4.718 741.676 0.945 1535.411 2.4505024857186744 0.0
16.0 0.0 Car -1.0 -1.0 -1.0 -1.0 -1.0 -1.0 -1.0 1.854 1.544 4.729 750.4 0.693 1529.343 2.425589579385073 1.0
16.0 7.0 Car -1.0 -1.0 -1.0 -1.0 -1.0 -1.0 -1.0 1.811 1.706 4.211 725.832 0.989 1549.843 2.423913265179967 0.0
16.0 3.0 Car -1.0 -1.0 -1.0 -1.0 -1.0 -1.0 -1.0 1.835 1.818 4.768 747.0 0.946 1521.489 -0.7257079029842252 0.0
16.0 10.0 Bus -1.0 -1.0 -1.0 -1.0 -1.0 -1.0 -1.0 2.554 3.288 6.769 757.165 1.469 1511.3 -0.7941248096531179 1.0
16.0 6.0 Car -1.0 -1.0 -1.0 -1.0 -1.0 -1.0 -1.0 1.8 1.481 4.522 752.836 0.738 1517.338 -0.7257079029842252 0.0
16.0 11.0 Car -1.0 -1.0 -1.0 -1.0 -1.0 -1.0 -1.0 1.978 1.727 4.713 786.809 0.916 1499.532 2.5003586864344145 1.0
17.0 8.0 Car -1.0 -1.0 -1.0 -1.0 -1.0 -1.0 -1.0 1.929 2.0 4.61 760.206 1.031 1514.311 -0.7054620836247479 1.0
17.0 4.0 Car -1.0 -1.0 -1.0 -1.0 -1.0 -1.0 -1.0 1.839 1.713 4.463 773.074 0.826 1509.936 2.488141691136722 1.0
17.0 2.0 Car -1.0 -1.0 -1.0 -1.0 -1.0 -1.0 -1.0 1.746 1.558 4.718 740.463 0.95 1536.408 2.4473013180090493 0.0
17.0 0.0 Car -1.0 -1.0 -1.0 -1.0 -1.0 -1.0 -1.0 1.854 1.544 4.729 748.962 0.715 1530.576 2.43473430654809 0.0
17.0 3.0 Car -1.0 -1.0 -1.0 -1.0 -1.0 -1.0 -1.0 1.835 1.818 4.768 747.0 0.946 1521.489 -0.7257079029842252 0.0
17.0 10.0 Bus -1.0 -1.0 -1.0 -1.0 -1.0 -1.0 -1.0 2.554 3.288 6.769 757.168 1.471 1511.296 -0.7941248096531179 1.0
17.0 6.0 Car -1.0 -1.0 -1.0 -1.0 -1.0 -1.0 -1.0 1.8 1.481 4.522 752.837 0.735 1517.337 -0.7257079029842252 1.0
17.0 11.0 Car -1.0 -1.0 -1.0 -1.0 -1.0 -1.0 -1.0 1.978 1.727 4.713 784.309 0.866 1501.47 2.4907585467574007 1.0
18.0 8.0 Car -1.0 -1.0 -1.0 -1.0 -1.0 -1.0 -1.0 1.929 2.0 4.61 760.207 1.037 1514.312 -0.7054620836247479 1.0
18.0 4.0 Car -1.0 -1.0 -1.0 -1.0 -1.0 -1.0 -1.0 1.839 1.713 4.463 770.734 0.835 1511.701 2.4829053939144714 1.0
18.0 2.0 Car -1.0 -1.0 -1.0 -1.0 -1.0 -1.0 -1.0 1.746 1.558 4.718 739.349 0.954 1537.327 2.4446826832656683 0.0
18.0 0.0 Car -1.0 -1.0 -1.0 -1.0 -1.0 -1.0 -1.0 1.854 1.544 4.729 747.704 0.733 1531.688 2.425307492352057 0.0
18.0 3.0 Car -1.0 -1.0 -1.0 -1.0 -1.0 -1.0 -1.0 1.835 1.818 4.768 747.0 0.946 1521.489 -0.7257079029842252 0.0
18.0 10.0 Bus -1.0 -1.0 -1.0 -1.0 -1.0 -1.0 -1.0 2.554 3.288 6.769 757.171 1.472 1511.293 -0.7941248096531179 1.0
18.0 1.0 Truck -1.0 -1.0 -1.0 -1.0 -1.0 -1.0 -1.0 2.117 1.935 5.395 747.435 1.104 1525.53 -0.7082546104642818 0.0
18.0 6.0 Car -1.0 -1.0 -1.0 -1.0 -1.0 -1.0 -1.0 1.8 1.481 4.522 752.838 0.732 1517.336 -0.7257079029842252 1.0
18.0 11.0 Car -1.0 -1.0 -1.0 -1.0 -1.0 -1.0 -1.0 1.978 1.727 4.713 782.225 0.866 1503.0 2.4829053939144714 1.0
19.0 8.0 Car -1.0 -1.0 -1.0 -1.0 -1.0 -1.0 -1.0 1.929 2.0 4.61 760.208 1.044 1514.313 -0.7054620836247479 1.0
19.0 4.0 Car -1.0 -1.0 -1.0 -1.0 -1.0 -1.0 -1.0 1.839 1.713 4.463 768.007 0.829 1513.852 2.46600078439817 1.0
19.0 2.0 Car -1.0 -1.0 -1.0 -1.0 -1.0 -1.0 -1.0 1.746 1.558 4.718 737.934 0.959 1538.61 2.4276395329621763 0.0
19.0 0.0 Car -1.0 -1.0 -1.0 -1.0 -1.0 -1.0 -1.0 1.854 1.544 4.729 746.309 0.753 1532.927 2.4148264520116394 0.0
19.0 3.0 Car -1.0 -1.0 -1.0 -1.0 -1.0 -1.0 -1.0 1.835 1.818 4.768 747.0 0.946 1521.489 -0.7257079029842252 1.0
19.0 10.0 Bus -1.0 -1.0 -1.0 -1.0 -1.0 -1.0 -1.0 2.554 3.288 6.769 757.174 1.473 1511.29 -0.7941248096531179 1.0
19.0 1.0 Truck -1.0 -1.0 -1.0 -1.0 -1.0 -1.0 -1.0 2.117 1.935 5.395 747.435 1.104 1525.53 -0.7082546104642818 0.0
19.0 6.0 Car -1.0 -1.0 -1.0 -1.0 -1.0 -1.0 -1.0 1.8 1.481 4.522 752.839 0.728 1517.335 -0.7257079029842252 1.0
19.0 11.0 Car -1.0 -1.0 -1.0 -1.0 -1.0 -1.0 -1.0 1.978 1.727 4.713 779.815 0.866 1504.868 2.4829053939144714 1.0
20.0 8.0 Car -1.0 -1.0 -1.0 -1.0 -1.0 -1.0 -1.0 1.929 2.0 4.61 760.209 1.051 1514.314 -0.7054620836247479 1.0
20.0 4.0 Car -1.0 -1.0 -1.0 -1.0 -1.0 -1.0 -1.0 1.839 1.713 4.463 765.011 0.822 1516.215 2.447432593508255 1.0
20.0 2.0 Car -1.0 -1.0 -1.0 -1.0 -1.0 -1.0 -1.0 1.746 1.558 4.718 736.173 0.964 1540.199 2.408919167496438 0.0
20.0 0.0 Car -1.0 -1.0 -1.0 -1.0 -1.0 -1.0 -1.0 1.854 1.544 4.729 744.778 0.775 1534.289 2.4033139732656434 0.0
20.0 3.0 Car -1.0 -1.0 -1.0 -1.0 -1.0 -1.0 -1.0 1.835 1.818 4.768 747.0 0.946 1521.489 -0.7257079029842252 1.0
20.0 10.0 Bus -1.0 -1.0 -1.0 -1.0 -1.0 -1.0 -1.0 2.554 3.288 6.769 757.178 1.474 1511.287 -0.7941248096531179 1.0
20.0 1.0 Truck -1.0 -1.0 -1.0 -1.0 -1.0 -1.0 -1.0 2.117 1.935 5.395 747.435 1.104 1525.53 -0.7082546104642818 0.0
20.0 6.0 Car -1.0 -1.0 -1.0 -1.0 -1.0 -1.0 -1.0 1.8 1.481 4.522 752.84 0.725 1517.334 -0.7257079029842252 1.0
20.0 11.0 Car -1.0 -1.0 -1.0 -1.0 -1.0 -1.0 -1.0 1.978 1.727 4.713 777.168 0.866 1506.921 2.4829053939144714 1.0
21.0 8.0 Car -1.0 -1.0 -1.0 -1.0 -1.0 -1.0 -1.0 1.929 2.0 4.61 760.21 1.058 1514.315 -0.7054620836247479 1.0
21.0 4.0 Car -1.0 -1.0 -1.0 -1.0 -1.0 -1.0 -1.0 1.839 1.713 4.463 762.287 0.816 1518.365 2.4305455163546412 1.0
21.0 2.0 Car -1.0 -1.0 -1.0 -1.0 -1.0 -1.0 -1.0 1.746 1.558 4.718 734.223 0.968 1542.071 2.3918936932411365 0.0
21.0 9.0 Car -1.0 -1.0 -1.0 -1.0 -1.0 -1.0 -1.0 1.96 1.813 4.962 739.128 1.045 1528.96 -0.6813765399813754 0.0
21.0 0.0 Car -1.0 -1.0 -1.0 -1.0 -1.0 -1.0 -1.0 1.854 1.544 4.729 743.387 0.795 1535.53 2.392843803179307 0.0
21.0 3.0 Car -1.0 -1.0 -1.0 -1.0 -1.0 -1.0 -1.0 1.835 1.818 4.768 747.0 0.946 1521.489 -0.7257079029842252 1.0
21.0 10.0 Bus -1.0 -1.0 -1.0 -1.0 -1.0 -1.0 -1.0 2.554 3.288 6.769 757.179 1.448 1511.285 -0.7941248096531179 1.0
21.0 1.0 Truck -1.0 -1.0 -1.0 -1.0 -1.0 -1.0 -1.0 2.117 1.935 5.395 747.435 1.104 1525.53 -0.7082546104642818 1.0
21.0 6.0 Car -1.0 -1.0 -1.0 -1.0 -1.0 -1.0 -1.0 1.8 1.481 4.522 752.841 0.721 1517.334 -0.7257079029842252 1.0
21.0 11.0 Car -1.0 -1.0 -1.0 -1.0 -1.0 -1.0 -1.0 1.978 1.727 4.713 774.76 0.866 1508.788 2.4829053939144714 1.0
22.0 8.0 Car -1.0 -1.0 -1.0 -1.0 -1.0 -1.0 -1.0 1.929 2.0 4.61 760.211 1.064 1514.316 -0.7054620836247479 1.0
22.0 4.0 Car -1.0 -1.0 -1.0 -1.0 -1.0 -1.0 -1.0 1.839 1.713 4.463 760.094 0.826 1520.326 2.4305455163546412 1.0
22.0 2.0 Car -1.0 -1.0 -1.0 -1.0 -1.0 -1.0 -1.0 1.746 1.558 4.718 732.272 0.973 1543.943 2.3748695131858955 0.0
22.0 9.0 Car -1.0 -1.0 -1.0 -1.0 -1.0 -1.0 -1.0 1.96 1.813 4.962 739.128 1.045 1528.96 -0.6813765399813754 0.0
22.0 0.0 Car -1.0 -1.0 -1.0 -1.0 -1.0 -1.0 -1.0 1.854 1.544 4.729 741.995 0.815 1536.77 2.3823744289882605 0.0
22.0 3.0 Car -1.0 -1.0 -1.0 -1.0 -1.0 -1.0 -1.0 1.835 1.818 4.768 747.0 0.946 1521.489 -0.7257079029842252 1.0
22.0 10.0 Bus -1.0 -1.0 -1.0 -1.0 -1.0 -1.0 -1.0 2.554 3.288 6.769 757.388 1.448 1511.092 -0.7883094149473648 1.0
22.0 1.0 Truck -1.0 -1.0 -1.0 -1.0 -1.0 -1.0 -1.0 2.117 1.935 5.395 747.435 1.104 1525.53 -0.7082546104642818 1.0
22.0 6.0 Car -1.0 -1.0 -1.0 -1.0 -1.0 -1.0 -1.0 1.8 1.481 4.522 752.842 0.718 1517.333 -0.7257079029842252 1.0
22.0 11.0 Car -1.0 -1.0 -1.0 -1.0 -1.0 -1.0 -1.0 1.978 1.727 4.713 772.353 0.866 1510.654 2.4829053939144714 1.0
23.0 8.0 Car -1.0 -1.0 -1.0 -1.0 -1.0 -1.0 -1.0 1.929 2.0 4.61 760.509 1.065 1514.047 -0.7054620836247479 1.0
23.0 4.0 Car -1.0 -1.0 -1.0 -1.0 -1.0 -1.0 -1.0 1.839 1.713 4.463 757.497 0.836 1522.535 2.4305455163546412 1.0
23.0 2.0 Car -1.0 -1.0 -1.0 -1.0 -1.0 -1.0 -1.0 1.746 1.558 4.718 729.831 0.977 1546.071 2.392316011327314 0.0
23.0 9.0 Car -1.0 -1.0 -1.0 -1.0 -1.0 -1.0 -1.0 1.96 1.813 4.962 739.128 1.045 1528.96 -0.6813765399813754 0.0
23.0 0.0 Car -1.0 -1.0 -1.0 -1.0 -1.0 -1.0 -1.0 1.854 1.544 4.729 740.438 0.835 1538.304 2.3579510768480447 0.0
23.0 3.0 Car -1.0 -1.0 -1.0 -1.0 -1.0 -1.0 -1.0 1.835 1.818 4.768 747.0 0.946 1521.489 -0.7257079029842252 1.0
23.0 10.0 Bus -1.0 -1.0 -1.0 -1.0 -1.0 -1.0 -1.0 2.554 3.288 6.769 757.597 1.448 1510.899 -0.7824939969735177 1.0
23.0 1.0 Truck -1.0 -1.0 -1.0 -1.0 -1.0 -1.0 -1.0 2.117 1.935 5.395 747.435 1.104 1525.53 -0.7082546104642818 1.0
23.0 6.0 Car -1.0 -1.0 -1.0 -1.0 -1.0 -1.0 -1.0 1.8 1.481 4.522 752.843 0.715 1517.332 -0.7257079029842252 1.0
23.0 11.0 Car -1.0 -1.0 -1.0 -1.0 -1.0 -1.0 -1.0 1.978 1.727 4.713 769.877 0.872 1512.666 2.4794163436087264 1.0
23.0 5.0 Car -1.0 -1.0 -1.0 -1.0 -1.0 -1.0 -1.0 1.859 1.803 4.479 812.9 0.863 1476.512 2.379581902186533 0.0
24.0 8.0 Car -1.0 -1.0 -1.0 -1.0 -1.0 -1.0 -1.0 1.929 2.0 4.61 761.291 0.964 1513.366 -0.7054620836247479 1.0
24.0 4.0 Car -1.0 -1.0 -1.0 -1.0 -1.0 -1.0 -1.0 1.839 1.713 4.463 755.478 0.796 1524.245 2.4305455163546412 1.0
24.0 2.0 Car -1.0 -1.0 -1.0 -1.0 -1.0 -1.0 -1.0 1.746 1.558 4.718 727.382 0.982 1548.197 2.409783695364783 0.0
24.0 12.0 Car -1.0 -1.0 -1.0 -1.0 -1.0 -1.0 -1.0 1.858 1.633 4.945 795.857 0.9 1488.261 2.4422392223012235 0.0
24.0 9.0 Car -1.0 -1.0 -1.0 -1.0 -1.0 -1.0 -1.0 1.96 1.813 4.962 739.128 1.045 1528.96 -0.6813765399813754 1.0
24.0 0.0 Car -1.0 -1.0 -1.0 -1.0 -1.0 -1.0 -1.0 1.854 1.544 4.729 738.898 0.855 1539.86 2.3334980665726857 0.0
24.0 3.0 Car -1.0 -1.0 -1.0 -1.0 -1.0 -1.0 -1.0 1.835 1.818 4.768 747.033 0.946 1521.46 -0.7257079029842252 1.0
24.0 10.0 Bus -1.0 -1.0 -1.0 -1.0 -1.0 -1.0 -1.0 2.554 3.288 6.769 758.252 1.448 1510.262 -0.776671517133175 1.0
24.0 1.0 Truck -1.0 -1.0 -1.0 -1.0 -1.0 -1.0 -1.0 2.117 1.935 5.395 747.435 1.104 1525.53 -0.7082546104642818 1.0
24.0 6.0 Car -1.0 -1.0 -1.0 -1.0 -1.0 -1.0 -1.0 1.8 1.481 4.522 752.919 0.715 1517.265 -0.7257079029842252 1.0
24.0 11.0 Car -1.0 -1.0 -1.0 -1.0 -1.0 -1.0 -1.0 1.978 1.727 4.713 767.398 0.878 1514.681 2.475923056426532 1.0
24.0 5.0 Car -1.0 -1.0 -1.0 -1.0 -1.0 -1.0 -1.0 1.859 1.803 4.479 808.994 0.875 1479.848 2.379581902186533 1.0
25.0 8.0 Car -1.0 -1.0 -1.0 -1.0 -1.0 -1.0 -1.0 1.929 2.0 4.61 762.845 0.914 1512.027 -0.7054620836247479 1.0
25.0 4.0 Car -1.0 -1.0 -1.0 -1.0 -1.0 -1.0 -1.0 1.839 1.713 4.463 753.311 0.806 1526.083 2.4305455163546412 1.0
25.0 12.0 Car -1.0 -1.0 -1.0 -1.0 -1.0 -1.0 -1.0 1.858 1.633 4.945 792.781 0.878 1490.761 2.4422392223012235 1.0
25.0 9.0 Car -1.0 -1.0 -1.0 -1.0 -1.0 -1.0 -1.0 1.96 1.813 4.962 739.128 1.045 1528.96 -0.6813765399813754 1.0
25.0 0.0 Car -1.0 -1.0 -1.0 -1.0 -1.0 -1.0 -1.0 1.854 1.544 4.729 737.376 0.875 1541.43 2.3090758382168333 0.0
25.0 3.0 Car -1.0 -1.0 -1.0 -1.0 -1.0 -1.0 -1.0 1.835 1.818 4.768 747.066 0.946 1521.431 -0.7257079029842252 1.0
25.0 10.0 Bus -1.0 -1.0 -1.0 -1.0 -1.0 -1.0 -1.0 2.554 3.288 6.769 759.053 1.448 1509.467 -0.7941176660625869 1.0
25.0 1.0 Truck -1.0 -1.0 -1.0 -1.0 -1.0 -1.0 -1.0 2.117 1.935 5.395 747.435 1.104 1525.53 -0.7082546104642818 1.0
25.0 6.0 Car -1.0 -1.0 -1.0 -1.0 -1.0 -1.0 -1.0 1.8 1.481 4.522 753.041 0.715 1517.156 -0.7257079029842252 1.0
25.0 11.0 Car -1.0 -1.0 -1.0 -1.0 -1.0 -1.0 -1.0 1.978 1.727 4.713 764.921 0.884 1516.692 2.4724341666614107 1.0
25.0 5.0 Car -1.0 -1.0 -1.0 -1.0 -1.0 -1.0 -1.0 1.859 1.803 4.479 805.136 0.888 1483.224 2.379581902186533 1.0
26.0 8.0 Car -1.0 -1.0 -1.0 -1.0 -1.0 -1.0 -1.0 1.929 2.0 4.61 765.086 0.964 1510.173 -0.7112798749544353 1.0
26.0 4.0 Car -1.0 -1.0 -1.0 -1.0 -1.0 -1.0 -1.0 1.839 1.713 4.463 751.469 0.866 1527.64 2.4305455163546412 0.0
26.0 12.0 Car -1.0 -1.0 -1.0 -1.0 -1.0 -1.0 -1.0 1.858 1.633 4.945 789.704 0.855 1493.262 2.4422392223012235 1.0
26.0 9.0 Car -1.0 -1.0 -1.0 -1.0 -1.0 -1.0 -1.0 1.96 1.813 4.962 739.041 1.045 1529.034 -0.6813765399813754 1.0
26.0 0.0 Car -1.0 -1.0 -1.0 -1.0 -1.0 -1.0 -1.0 1.854 1.544 4.729 735.863 0.895 1543.007 2.2846517531737724 0.0
26.0 3.0 Car -1.0 -1.0 -1.0 -1.0 -1.0 -1.0 -1.0 1.835 1.818 4.768 747.098 0.946 1521.402 -0.7257079029842252 1.0
26.0 10.0 Bus -1.0 -1.0 -1.0 -1.0 -1.0 -1.0 -1.0 2.554 3.288 6.769 759.854 1.448 1508.671 -0.8115651413263971 1.0
26.0 1.0 Truck -1.0 -1.0 -1.0 -1.0 -1.0 -1.0 -1.0 2.117 1.935 5.395 747.322 1.104 1525.626 -0.7082546104642818 1.0
26.0 6.0 Car -1.0 -1.0 -1.0 -1.0 -1.0 -1.0 -1.0 1.8 1.481 4.522 753.21 0.715 1517.007 -0.7257079029842252 1.0
26.0 11.0 Car -1.0 -1.0 -1.0 -1.0 -1.0 -1.0 -1.0 1.978 1.727 4.713 762.445 0.89 1518.704 2.4689450116552587 1.0
26.0 5.0 Car -1.0 -1.0 -1.0 -1.0 -1.0 -1.0 -1.0 1.859 1.803 4.479 801.253 0.888 1486.708 2.379581902186533 1.0
27.0 8.0 Car -1.0 -1.0 -1.0 -1.0 -1.0 -1.0 -1.0 1.929 2.0 4.61 767.298 0.964 1508.281 -0.7171039277679188 0.0
27.0 4.0 Car -1.0 -1.0 -1.0 -1.0 -1.0 -1.0 -1.0 1.839 1.713 4.463 749.425 0.906 1529.449 2.43403915455505 0.0
27.0 12.0 Car -1.0 -1.0 -1.0 -1.0 -1.0 -1.0 -1.0 1.858 1.633 4.945 789.184 0.808 1493.748 2.4422392223012235 0.0
27.0 9.0 Car -1.0 -1.0 -1.0 -1.0 -1.0 -1.0 -1.0 1.96 1.813 4.962 738.954 1.045 1529.107 -0.6813765399813754 0.0
27.0 0.0 Car -1.0 -1.0 -1.0 -1.0 -1.0 -1.0 -1.0 1.854 1.544 4.729 734.347 0.915 1544.586 2.260201381348657 0.0
27.0 3.0 Car -1.0 -1.0 -1.0 -1.0 -1.0 -1.0 -1.0 1.835 1.818 4.768 747.141 0.946 1521.364 -0.7257079029842252 0.0
27.0 10.0 Bus -1.0 -1.0 -1.0 -1.0 -1.0 -1.0 -1.0 2.554 3.288 6.769 760.646 1.398 1507.864 -0.8290313946930041 0.0
27.0 1.0 Truck -1.0 -1.0 -1.0 -1.0 -1.0 -1.0 -1.0 2.117 1.935 5.395 747.209 1.104 1525.723 -0.7082546104642818 0.0
27.0 6.0 Car -1.0 -1.0 -1.0 -1.0 -1.0 -1.0 -1.0 1.8 1.481 4.522 753.891 0.715 1516.403 -0.7257079029842252 0.0
27.0 11.0 Car -1.0 -1.0 -1.0 -1.0 -1.0 -1.0 -1.0 1.978 1.727 4.713 759.966 0.883 1520.718 2.4654521013945283 0.0
27.0 5.0 Car -1.0 -1.0 -1.0 -1.0 -1.0 -1.0 -1.0 1.859 1.803 4.479 797.366 0.888 1490.197 2.379581902186533 0.0
28.0 8.0 Car -1.0 -1.0 -1.0 -1.0 -1.0 -1.0 -1.0 1.929 2.0 4.61 769.444 1.064 1506.321 -0.7229153761446909 0.0
28.0 4.0 Car -1.0 -1.0 -1.0 -1.0 -1.0 -1.0 -1.0 1.839 1.713 4.463 747.385 0.946 1531.254 2.4375252318107004 0.0
28.0 12.0 Car -1.0 -1.0 -1.0 -1.0 -1.0 -1.0 -1.0 1.858 1.633 4.945 788.665 0.812 1494.233 2.4422392223012235 0.0
28.0 9.0 Car -1.0 -1.0 -1.0 -1.0 -1.0 -1.0 -1.0 1.96 1.813 4.962 738.867 1.045 1529.18 -0.6813765399813754 0.0
28.0 0.0 Car -1.0 -1.0 -1.0 -1.0 -1.0 -1.0 -1.0 1.854 1.544 4.729 733.315 0.935 1545.89 2.260201381348657 0.0
28.0 3.0 Car -1.0 -1.0 -1.0 -1.0 -1.0 -1.0 -1.0 1.835 1.818 4.768 747.184 0.946 1521.326 -0.7257079029842252 0.0
28.0 10.0 Bus -1.0 -1.0 -1.0 -1.0 -1.0 -1.0 -1.0 2.554 3.288 6.769 761.471 1.398 1506.636 -0.9337511498126645 0.0
28.0 1.0 Truck -1.0 -1.0 -1.0 -1.0 -1.0 -1.0 -1.0 2.117 1.935 5.395 747.215 1.104 1525.708 -0.7082546104642818 0.0
28.0 6.0 Car -1.0 -1.0 -1.0 -1.0 -1.0 -1.0 -1.0 1.8 1.481 4.522 754.936 0.715 1515.502 -0.7198969544743248 0.0
28.0 11.0 Car -1.0 -1.0 -1.0 -1.0 -1.0 -1.0 -1.0 1.978 1.727 4.713 757.689 0.893 1522.664 2.461965280731168 0.0
28.0 5.0 Car -1.0 -1.0 -1.0 -1.0 -1.0 -1.0 -1.0 1.859 1.803 4.479 793.487 0.888 1493.677 2.379581902186533 0.0
29.0 8.0 Car -1.0 -1.0 -1.0 -1.0 -1.0 -1.0 -1.0 1.929 2.0 4.61 772.568 1.038 1503.524 -0.7229153761446909 0.0
29.0 4.0 Car -1.0 -1.0 -1.0 -1.0 -1.0 -1.0 -1.0 1.839 1.713 4.463 745.341 0.986 1533.064 2.4410188839740723 0.0
29.0 12.0 Car -1.0 -1.0 -1.0 -1.0 -1.0 -1.0 -1.0 1.858 1.633 4.945 787.622 0.813 1495.284 2.4422392223012235 0.0
29.0 9.0 Car -1.0 -1.0 -1.0 -1.0 -1.0 -1.0 -1.0 1.96 1.813 4.962 738.911 1.045 1529.143 -0.6813765399813754 0.0
29.0 3.0 Car -1.0 -1.0 -1.0 -1.0 -1.0 -1.0 -1.0 1.835 1.818 4.768 747.424 0.946 1521.113 -0.7257079029842252 0.0
29.0 10.0 Bus -1.0 -1.0 -1.0 -1.0 -1.0 -1.0 -1.0 2.554 3.288 6.769 762.238 1.423 1505.436 -1.038514135990913 0.0
29.0 1.0 Truck -1.0 -1.0 -1.0 -1.0 -1.0 -1.0 -1.0 2.117 1.935 5.395 747.476 1.129 1525.475 -0.7082546104642818 0.0
29.0 6.0 Car -1.0 -1.0 -1.0 -1.0 -1.0 -1.0 -1.0 1.8 1.481 4.522 756.37 0.715 1514.26 -0.714073379336984 0.0
29.0 11.0 Car -1.0 -1.0 -1.0 -1.0 -1.0 -1.0 -1.0 1.978 1.727 4.713 755.509 0.853 1524.532 2.458470883544733 0.0
29.0 5.0 Car -1.0 -1.0 -1.0 -1.0 -1.0 -1.0 -1.0 1.859 1.803 4.479 789.77 0.888 1497.344 2.379581902186533 0.0
30.0 8.0 Car -1.0 -1.0 -1.0 -1.0 -1.0 -1.0 -1.0 1.929 2.0 4.61 775.669 1.011 1500.705 -0.7229153761446909 0.0
30.0 4.0 Car -1.0 -1.0 -1.0 -1.0 -1.0 -1.0 -1.0 1.839 1.713 4.463 743.298 1.026 1534.871 2.4445096527854733 0.0
30.0 12.0 Car -1.0 -1.0 -1.0 -1.0 -1.0 -1.0 -1.0 1.858 1.633 4.945 786.581 0.736 1496.336 2.4422392223012235 0.0
30.0 9.0 Car -1.0 -1.0 -1.0 -1.0 -1.0 -1.0 -1.0 1.96 1.813 4.962 738.954 1.045 1529.107 -0.6813765399813754 0.0
30.0 3.0 Car -1.0 -1.0 -1.0 -1.0 -1.0 -1.0 -1.0 1.835 1.818 4.768 748.203 0.946 1520.422 -0.7257079029842252 0.0
30.0 10.0 Bus -1.0 -1.0 -1.0 -1.0 -1.0 -1.0 -1.0 2.554 3.288 6.769 762.875 1.398 1504.163 -1.1431906600519834 0.0
30.0 1.0 Truck -1.0 -1.0 -1.0 -1.0 -1.0 -1.0 -1.0 2.117 1.935 5.395 747.736 1.154 1525.242 -0.7082546104642818 0.0
30.0 6.0 Car -1.0 -1.0 -1.0 -1.0 -1.0 -1.0 -1.0 1.8 1.481 4.522 757.803 0.715 1513.019 -0.7082546104642818 0.0
30.0 11.0 Car -1.0 -1.0 -1.0 -1.0 -1.0 -1.0 -1.0 1.978 1.727 4.713 753.573 0.88 1526.2 2.454979370325146 0.0
30.0 5.0 Car -1.0 -1.0 -1.0 -1.0 -1.0 -1.0 -1.0 1.859 1.803 4.479 786.116 0.813 1500.793 2.4232252150110014 0.0
31.0 8.0 Car -1.0 -1.0 -1.0 -1.0 -1.0 -1.0 -1.0 1.929 2.0 4.61 778.726 0.984 1497.84 -0.7229153761446909 0.0
31.0 4.0 Car -1.0 -1.0 -1.0 -1.0 -1.0 -1.0 -1.0 1.839 1.713 4.463 741.257 1.066 1536.678 2.4479988088745848 0.0
31.0 12.0 Car -1.0 -1.0 -1.0 -1.0 -1.0 -1.0 -1.0 1.858 1.633 4.945 785.441 0.71 1497.27 2.4422392223012235 0.0
31.0 9.0 Car -1.0 -1.0 -1.0 -1.0 -1.0 -1.0 -1.0 1.96 1.813 4.962 738.998 1.045 1529.07 -0.6813765399813754 0.0
31.0 3.0 Car -1.0 -1.0 -1.0 -1.0 -1.0 -1.0 -1.0 1.835 1.818 4.768 749.448 0.946 1519.247 -0.7518849871659765 0.0
31.0 10.0 Bus -1.0 -1.0 -1.0 -1.0 -1.0 -1.0 -1.0 2.554 3.288 6.769 762.985 1.348 1502.585 -1.3700834628112455 0.0
31.0 1.0 Truck -1.0 -1.0 -1.0 -1.0 -1.0 -1.0 -1.0 2.117 1.935 5.395 748.617 1.154 1524.478 -0.7082546104642818 0.0
31.0 6.0 Car -1.0 -1.0 -1.0 -1.0 -1.0 -1.0 -1.0 1.8 1.481 4.522 759.998 0.715 1511.164 -0.7038931832351659 0.0
31.0 11.0 Car -1.0 -1.0 -1.0 -1.0 -1.0 -1.0 -1.0 1.978 1.727 4.713 751.463 0.906 1528.012 2.4514894701717616 0.0
31.0 5.0 Car -1.0 -1.0 -1.0 -1.0 -1.0 -1.0 -1.0 1.859 1.803 4.479 782.199 0.738 1503.935 2.4668483647862494 0.0
32.0 8.0 Car -1.0 -1.0 -1.0 -1.0 -1.0 -1.0 -1.0 1.929 2.0 4.61 781.882 0.999 1495.086 -0.7229153761446909 0.0
32.0 4.0 Car -1.0 -1.0 -1.0 -1.0 -1.0 -1.0 -1.0 1.839 1.713 4.463 739.512 1.126 1538.101 2.443636615819298 0.0
32.0 12.0 Car -1.0 -1.0 -1.0 -1.0 -1.0 -1.0 -1.0 1.858 1.633 4.945 784.302 0.684 1498.204 2.4422392223012235 0.0
32.0 9.0 Car -1.0 -1.0 -1.0 -1.0 -1.0 -1.0 -1.0 1.96 1.813 4.962 739.041 1.045 1529.034 -0.6813765399813754 0.0
32.0 3.0 Car -1.0 -1.0 -1.0 -1.0 -1.0 -1.0 -1.0 1.835 1.818 4.768 750.759 0.946 1517.949 -0.7780677805440543 0.0
32.0 10.0 Bus -1.0 -1.0 -1.0 -1.0 -1.0 -1.0 -1.0 2.554 3.288 6.769 762.955 1.398 1501.004 -1.5620696805306213 0.0
32.0 1.0 Truck -1.0 -1.0 -1.0 -1.0 -1.0 -1.0 -1.0 2.117 1.935 5.395 749.497 1.154 1523.714 -0.7082546104642818 0.0
32.0 6.0 Car -1.0 -1.0 -1.0 -1.0 -1.0 -1.0 -1.0 1.8 1.481 4.522 762.194 0.715 1509.309 -0.699530804783059 0.0
32.0 11.0 Car -1.0 -1.0 -1.0 -1.0 -1.0 -1.0 -1.0 1.978 1.727 4.713 749.703 0.933 1529.535 2.4479988088745848 0.0
32.0 5.0 Car -1.0 -1.0 -1.0 -1.0 -1.0 -1.0 -1.0 1.859 1.803 4.479 778.174 0.754 1506.879 2.4784796893555088 0.0
33.0 8.0 Car -1.0 -1.0 -1.0 -1.0 -1.0 -1.0 -1.0 1.929 2.0 4.61 785.08 1.014 1492.379 -0.7229153761446909 0.0
33.0 4.0 Car -1.0 -1.0 -1.0 -1.0 -1.0 -1.0 -1.0 1.839 1.713 4.463 737.768 1.186 1539.525 2.4392745711135855 0.0
33.0 12.0 Car -1.0 -1.0 -1.0 -1.0 -1.0 -1.0 -1.0 1.858 1.633 4.945 783.136 0.624 1499.108 2.4422392223012235 0.0
33.0 9.0 Car -1.0 -1.0 -1.0 -1.0 -1.0 -1.0 -1.0 1.96 1.813 4.962 739.725 1.045 1528.445 -0.6988296439568886 0.0
33.0 3.0 Car -1.0 -1.0 -1.0 -1.0 -1.0 -1.0 -1.0 1.835 1.818 4.768 752.487 0.929 1516.19 -0.7838833380867505 0.0
33.0 10.0 Bus -1.0 -1.0 -1.0 -1.0 -1.0 -1.0 -1.0 2.554 3.288 6.769 762.756 1.298 1499.546 -1.7366026057300563 0.0
33.0 1.0 Truck -1.0 -1.0 -1.0 -1.0 -1.0 -1.0 -1.0 2.117 1.935 5.395 750.666 1.141 1522.693 -0.7082546104642818 0.0
33.0 6.0 Car -1.0 -1.0 -1.0 -1.0 -1.0 -1.0 -1.0 1.8 1.481 4.522 764.389 0.715 1507.453 -0.6951685746868317 0.0
33.0 11.0 Car -1.0 -1.0 -1.0 -1.0 -1.0 -1.0 -1.0 1.978 1.727 4.713 747.872 0.963 1531.114 2.4479988088745848 0.0
33.0 5.0 Car -1.0 -1.0 -1.0 -1.0 -1.0 -1.0 -1.0 1.859 1.803 4.479 774.148 0.771 1509.824 2.4901106183663817 0.0
34.0 8.0 Car -1.0 -1.0 -1.0 -1.0 -1.0 -1.0 -1.0 1.929 2.0 4.61 789.193 1.071 1489.105 -0.7170910440347886 0.0
34.0 4.0 Car -1.0 -1.0 -1.0 -1.0 -1.0 -1.0 -1.0 1.839 1.713 4.463 735.882 1.196 1540.786 2.434907499975235 0.0
34.0 12.0 Car -1.0 -1.0 -1.0 -1.0 -1.0 -1.0 -1.0 1.858 1.633 4.945 781.97 0.64 1500.013 2.4422392223012235 0.0
34.0 9.0 Car -1.0 -1.0 -1.0 -1.0 -1.0 -1.0 -1.0 1.96 1.813 4.962 740.398 1.045 1527.843 -0.7163028593382612 0.0
34.0 3.0 Car -1.0 -1.0 -1.0 -1.0 -1.0 -1.0 -1.0 1.835 1.818 4.768 754.277 0.912 1514.371 -0.7897055969610953 0.0
34.0 10.0 Bus -1.0 -1.0 -1.0 -1.0 -1.0 -1.0 -1.0 2.554 3.288 6.769 762.307 1.348 1498.067 -1.8587756533696593 0.0
34.0 1.0 Truck -1.0 -1.0 -1.0 -1.0 -1.0 -1.0 -1.0 2.117 1.935 5.395 752.217 1.129 1521.345 -0.7082546104642818 0.0
34.0 6.0 Car -1.0 -1.0 -1.0 -1.0 -1.0 -1.0 -1.0 1.8 1.481 4.522 766.588 0.715 1505.596 -0.6908013179443389 0.0
34.0 11.0 Car -1.0 -1.0 -1.0 -1.0 -1.0 -1.0 -1.0 1.978 1.727 4.713 746.039 0.993 1532.695 2.4479988088745848 0.0
34.0 5.0 Car -1.0 -1.0 -1.0 -1.0 -1.0 -1.0 -1.0 1.859 1.803 4.479 770.118 0.788 1512.772 2.501754949826136 0.0
35.0 8.0 Car -1.0 -1.0 -1.0 -1.0 -1.0 -1.0 -1.0 1.929 2.0 4.61 793.146 1.103 1485.655 -0.7112734971115917 0.0
35.0 4.0 Car -1.0 -1.0 -1.0 -1.0 -1.0 -1.0 -1.0 1.839 1.713 4.463 734.118 1.106 1542.185 2.4305455163546412 0.0
35.0 12.0 Car -1.0 -1.0 -1.0 -1.0 -1.0 -1.0 -1.0 1.858 1.633 4.945 780.804 0.655 1500.917 2.4422392223012235 0.0
35.0 9.0 Car -1.0 -1.0 -1.0 -1.0 -1.0 -1.0 -1.0 1.96 1.813 4.962 741.061 1.045 1527.23 -0.7337557189043281 0.0
35.0 3.0 Car -1.0 -1.0 -1.0 -1.0 -1.0 -1.0 -1.0 1.835 1.818 4.768 756.133 0.896 1512.485 -0.7955210730639973 0.0
35.0 10.0 Bus -1.0 -1.0 -1.0 -1.0 -1.0 -1.0 -1.0 2.554 3.288 6.769 761.72 1.398 1496.457 -1.9460881427228627 0.0
35.0 1.0 Truck -1.0 -1.0 -1.0 -1.0 -1.0 -1.0 -1.0 2.117 1.935 5.395 753.767 1.116 1519.998 -0.7082546104642818 0.0
35.0 6.0 Car -1.0 -1.0 -1.0 -1.0 -1.0 -1.0 -1.0 1.8 1.481 4.522 769.474 0.75 1503.175 -0.7082541775104062 0.0
35.0 11.0 Car -1.0 -1.0 -1.0 -1.0 -1.0 -1.0 -1.0 1.978 1.727 4.713 744.209 1.023 1534.274 2.4479988088745848 0.0
35.0 5.0 Car -1.0 -1.0 -1.0 -1.0 -1.0 -1.0 -1.0 1.859 1.803 4.479 766.272 0.821 1515.781 2.4842955098374353 0.0
36.0 8.0 Car -1.0 -1.0 -1.0 -1.0 -1.0 -1.0 -1.0 1.929 2.0 4.61 797.218 1.134 1482.353 -0.7054620836247479 0.0
36.0 4.0 Car -1.0 -1.0 -1.0 -1.0 -1.0 -1.0 -1.0 1.839 1.713 4.463 732.329 1.166 1543.542 2.4305455163546412 0.0
36.0 12.0 Car -1.0 -1.0 -1.0 -1.0 -1.0 -1.0 -1.0 1.858 1.633 4.945 780.55 0.629 1501.143 2.4422392223012235 0.0
36.0 9.0 Car -1.0 -1.0 -1.0 -1.0 -1.0 -1.0 -1.0 1.96 1.813 4.962 741.706 1.045 1526.601 -0.7511901779306589 0.0
36.0 3.0 Car -1.0 -1.0 -1.0 -1.0 -1.0 -1.0 -1.0 1.835 1.818 4.768 757.917 0.862 1510.566 -0.815863808716445 0.0
36.0 10.0 Bus -1.0 -1.0 -1.0 -1.0 -1.0 -1.0 -1.0 2.554 3.288 6.769 760.995 1.448 1494.905 -2.0333085785690925 0.0
36.0 1.0 Truck -1.0 -1.0 -1.0 -1.0 -1.0 -1.0 -1.0 2.117 1.935 5.395 755.526 1.104 1518.472 -0.7082546104642818 0.0
36.0 6.0 Car -1.0 -1.0 -1.0 -1.0 -1.0 -1.0 -1.0 1.8 1.481 4.522 772.358 0.785 1500.757 -0.7256886365367374 0.0
36.0 11.0 Car -1.0 -1.0 -1.0 -1.0 -1.0 -1.0 -1.0 1.978 1.727 4.713 742.38 1.053 1535.851 2.4479988088745848 0.0
36.0 5.0 Car -1.0 -1.0 -1.0 -1.0 -1.0 -1.0 -1.0 1.859 1.803 4.479 762.61 0.854 1518.694 2.4668544773262067 0.0
37.0 8.0 Car -1.0 -1.0 -1.0 -1.0 -1.0 -1.0 -1.0 1.929 2.0 4.61 801.447 1.125 1478.884 -0.7054620836247479 0.0
37.0 4.0 Car -1.0 -1.0 -1.0 -1.0 -1.0 -1.0 -1.0 1.839 1.713 4.463 730.609 1.201 1544.981 2.4305455163546412 0.0
37.0 12.0 Car -1.0 -1.0 -1.0 -1.0 -1.0 -1.0 -1.0 1.858 1.633 4.945 780.399 0.653 1501.281 2.4422392223012235 0.0
37.0 9.0 Car -1.0 -1.0 -1.0 -1.0 -1.0 -1.0 -1.0 1.96 1.813 4.962 742.353 1.045 1525.972 -0.7686430025810909 0.0
37.0 3.0 Car -1.0 -1.0 -1.0 -1.0 -1.0 -1.0 -1.0 1.835 1.818 4.768 759.702 0.829 1508.645 -0.8362279735991094 0.0
37.0 10.0 Bus -1.0 -1.0 -1.0 -1.0 -1.0 -1.0 -1.0 2.554 3.288 6.769 760.168 1.473 1493.257 -2.059488045983783 0.0
37.0 1.0 Truck -1.0 -1.0 -1.0 -1.0 -1.0 -1.0 -1.0 2.117 1.935 5.395 757.428 1.104 1516.824 -0.7082546104642818 0.0
37.0 6.0 Car -1.0 -1.0 -1.0 -1.0 -1.0 -1.0 -1.0 1.8 1.481 4.522 775.068 0.728 1498.141 -0.74314146118717 0.0
37.0 11.0 Car -1.0 -1.0 -1.0 -1.0 -1.0 -1.0 -1.0 1.978 1.727 4.713 740.68 1.087 1537.307 2.4479988088745848 0.0
37.0 5.0 Car -1.0 -1.0 -1.0 -1.0 -1.0 -1.0 -1.0 1.859 1.803 4.479 759.215 0.888 1521.405 2.449395072266306 0.0
38.0 8.0 Car -1.0 -1.0 -1.0 -1.0 -1.0 -1.0 -1.0 1.929 2.0 4.61 805.676 1.115 1475.415 -0.7054620836247479 0.0
38.0 12.0 Car -1.0 -1.0 -1.0 -1.0 -1.0 -1.0 -1.0 1.858 1.633 4.945 780.174 0.614 1501.452 2.4422392223012235 0.0
38.0 9.0 Car -1.0 -1.0 -1.0 -1.0 -1.0 -1.0 -1.0 1.96 1.813 4.962 743.614 1.07 1524.651 -0.7686430025810909 0.0
38.0 3.0 Car -1.0 -1.0 -1.0 -1.0 -1.0 -1.0 -1.0 1.835 1.818 4.768 761.254 0.796 1506.65 -0.935147413223544 0.0
38.0 10.0 Bus -1.0 -1.0 -1.0 -1.0 -1.0 -1.0 -1.0 2.554 3.288 6.769 759.298 1.498 1491.631 -2.0856684561289214 0.0
38.0 1.0 Truck -1.0 -1.0 -1.0 -1.0 -1.0 -1.0 -1.0 2.117 1.935 5.395 759.593 1.104 1514.901 -0.7082546104642818 0.0
38.0 6.0 Car -1.0 -1.0 -1.0 -1.0 -1.0 -1.0 -1.0 1.8 1.481 4.522 777.774 0.696 1495.519 -0.760594914319035 0.0
38.0 11.0 Car -1.0 -1.0 -1.0 -1.0 -1.0 -1.0 -1.0 1.978 1.727 4.713 738.979 1.121 1538.764 2.4479988088745848 0.0
38.0 5.0 Car -1.0 -1.0 -1.0 -1.0 -1.0 -1.0 -1.0 1.859 1.803 4.479 755.703 0.921 1524.361 2.449395072266306 0.0
