0.0 3.0 Truck -1.0 -1.0 -1.0 -1.0 -1.0 -1.0 -1.0 2.799 3.529 6.788 1546.092 2.07 827.455 -0.5154306344726516 0.0
0.0 10.0 Truck -1.0 -1.0 -1.0 -1.0 -1.0 -1.0 -1.0 3.172 3.813 10.747 1539.351 2.464 846.824 2.3886750676624837 0.0
0.0 1.0 Car -1.0 -1.0 -1.0 -1.0 -1.0 -1.0 -1.0 2.368 1.752 5.184 1522.673 1.259 838.956 -0.6903300791081906 0.0
1.0 3.0 Truck -1.0 -1.0 -1.0 -1.0 -1.0 -1.0 -1.0 2.799 3.529 6.788 1548.331 2.028 826.559 -0.37579284241088984 1.0
1.0 10.0 Truck -1.0 -1.0 -1.0 -1.0 -1.0 -1.0 -1.0 3.172 3.813 10.747 1536.165 2.331 849.85 2.394493456430302 1.0
1.0 1.0 Car -1.0 -1.0 -1.0 -1.0 -1.0 -1.0 -1.0 2.368 1.752 5.184 1527.869 1.259 834.545 -0.6903300791081906 1.0
2.0 3.0 Truck -1.0 -1.0 -1.0 -1.0 -1.0 -1.0 -1.0 2.799 3.529 6.788 1550.673 1.985 825.984 -0.2361779541535587 1.0
2.0 10.0 Truck -1.0 -1.0 -1.0 -1.0 -1.0 -1.0 -1.0 3.172 3.813 10.747 1532.978 2.197 852.876 2.400310890848754 1.0
2.0 1.0 Car -1.0 -1.0 -1.0 -1.0 -1.0 -1.0 -1.0 2.368 1.752 5.184 1533.147 1.235 830.067 -0.7077833192524912 1.0
3.0 2.0 Car -1.0 -1.0 -1.0 -1.0 -1.0 -1.0 -1.0 2.167 2.0 5.035 1570.907 0.914 847.109 -2.3760039769486627 0.0
3.0 3.0 Truck -1.0 -1.0 -1.0 -1.0 -1.0 -1.0 -1.0 2.799 3.529 6.788 1553.119 1.902 825.824 -0.10819593305905717 1.0
3.0 10.0 Truck -1.0 -1.0 -1.0 -1.0 -1.0 -1.0 -1.0 3.172 3.813 10.747 1529.792 2.064 855.901 2.406128360182427 1.0
3.0 1.0 Car -1.0 -1.0 -1.0 -1.0 -1.0 -1.0 -1.0 2.368 1.752 5.184 1538.425 1.211 825.589 -0.7252366641480767 1.0
4.0 2.0 Car -1.0 -1.0 -1.0 -1.0 -1.0 -1.0 -1.0 2.167 2.0 5.035 1570.952 0.914 847.154 -2.3760039769486627 0.0
4.0 3.0 Truck -1.0 -1.0 -1.0 -1.0 -1.0 -1.0 -1.0 2.799 3.529 6.788 1555.565 1.819 825.978 0.019791208842288684 1.0
4.0 10.0 Truck -1.0 -1.0 -1.0 -1.0 -1.0 -1.0 -1.0 3.172 3.813 10.747 1526.58 2.081 858.966 2.400310669718875 1.0
4.0 1.0 Car -1.0 -1.0 -1.0 -1.0 -1.0 -1.0 -1.0 2.368 1.752 5.184 1543.704 1.109 821.11 -0.7252366641480767 1.0
5.0 2.0 Car -1.0 -1.0 -1.0 -1.0 -1.0 -1.0 -1.0 2.167 2.0 5.035 1570.997 0.914 847.199 -2.3760039769486627 0.0
5.0 3.0 Truck -1.0 -1.0 -1.0 -1.0 -1.0 -1.0 -1.0 2.799 3.529 6.788 1557.972 1.735 826.443 0.1477944812851939 1.0
5.0 10.0 Truck -1.0 -1.0 -1.0 -1.0 -1.0 -1.0 -1.0 3.172 3.813 10.747 1523.368 2.097 862.031 2.394492246037155 1.0
5.0 1.0 Car -1.0 -1.0 -1.0 -1.0 -1.0 -1.0 -1.0 2.368 1.752 5.184 1548.956 1.109 816.654 -0.7252366641480767 1.0
6.0 2.0 Car -1.0 -1.0 -1.0 -1.0 -1.0 -1.0 -1.0 2.167 2.0 5.035 1571.042 0.914 847.244 -2.3760039769486627 1.0
6.0 3.0 Truck -1.0 -1.0 -1.0 -1.0 -1.0 -1.0 -1.0 2.799 3.529 6.788 1560.438 1.745 827.134 0.27429170432257477 1.0
6.0 10.0 Truck -1.0 -1.0 -1.0 -1.0 -1.0 -1.0 -1.0 3.172 3.813 10.747 1520.157 2.114 865.095 2.3886750676624837 1.0
6.0 1.0 Car -1.0 -1.0 -1.0 -1.0 -1.0 -1.0 -1.0 2.368 1.752 5.184 1554.287 1.196 812.129 -0.7252366641480767 1.0
7.0 2.0 Car -1.0 -1.0 -1.0 -1.0 -1.0 -1.0 -1.0 2.167 2.0 5.035 1570.997 0.95 847.199 -2.3760039769486627 1.0
7.0 3.0 Truck -1.0 -1.0 -1.0 -1.0 -1.0 -1.0 -1.0 2.799 3.529 6.788 1562.798 1.755 828.131 0.40079980988649117 1.0
7.0 10.0 Truck -1.0 -1.0 -1.0 -1.0 -1.0 -1.0 -1.0 3.172 3.813 10.747 1517.047 2.064 867.908 2.3974016266341707 1.0
7.0 1.0 Car -1.0 -1.0 -1.0 -1.0 -1.0 -1.0 -1.0 2.368 1.752 5.184 1559.618 1.284 807.603 -0.7252366641480767 1.0
8.0 2.0 Car -1.0 -1.0 -1.0 -1.0 -1.0 -1.0 -1.0 2.167 2.0 5.035 1570.952 0.987 847.155 -2.3760039769486627 1.0
8.0 3.0 Truck -1.0 -1.0 -1.0 -1.0 -1.0 -1.0 -1.0 2.799 3.529 6.788 1565.249 1.787 829.462 0.4924124448669874 0.0
8.0 10.0 Truck -1.0 -1.0 -1.0 -1.0 -1.0 -1.0 -1.0 3.172 3.813 10.747 1513.937 2.014 870.72 2.406128360182427 1.0
8.0 1.0 Car -1.0 -1.0 -1.0 -1.0 -1.0 -1.0 -1.0 2.368 1.752 5.184 1564.95 1.371 803.077 -0.7252366641480767 0.0
9.0 2.0 Car -1.0 -1.0 -1.0 -1.0 -1.0 -1.0 -1.0 2.167 2.0 5.035 1570.908 1.024 847.11 -2.3760039769486627 1.0
9.0 3.0 Truck -1.0 -1.0 -1.0 -1.0 -1.0 -1.0 -1.0 2.799 3.529 6.788 1567.571 1.769 831.014 0.5841267942837763 0.0
9.0 10.0 Truck -1.0 -1.0 -1.0 -1.0 -1.0 -1.0 -1.0 3.172 3.813 10.747 1510.709 1.914 873.689 2.397401696484299 1.0
9.0 1.0 Car -1.0 -1.0 -1.0 -1.0 -1.0 -1.0 -1.0 2.368 1.752 5.184 1570.288 1.459 798.546 -0.7252366641480767 0.0
10.0 2.0 Car -1.0 -1.0 -1.0 -1.0 -1.0 -1.0 -1.0 2.167 2.0 5.035 1570.863 1.061 847.066 -2.3760039769486627 1.0
10.0 3.0 Truck -1.0 -1.0 -1.0 -1.0 -1.0 -1.0 -1.0 2.799 3.529 6.788 1569.961 1.888 832.761 0.6342320277383937 0.0
10.0 10.0 Truck -1.0 -1.0 -1.0 -1.0 -1.0 -1.0 -1.0 3.172 3.813 10.747 1507.481 1.814 876.659 2.3886750676624837 1.0
10.0 1.0 Car -1.0 -1.0 -1.0 -1.0 -1.0 -1.0 -1.0 2.368 1.752 5.184 1576.126 1.609 793.571 -0.7252366641480767 0.0
11.0 2.0 Car -1.0 -1.0 -1.0 -1.0 -1.0 -1.0 -1.0 2.167 2.0 5.035 1570.818 1.098 847.022 -2.3760039769486627 1.0
11.0 7.0 Car -1.0 -1.0 -1.0 -1.0 -1.0 -1.0 -1.0 2.429 2.099 6.136 1451.176 1.57 901.905 -0.6491926685117307 0.0
11.0 3.0 Truck -1.0 -1.0 -1.0 -1.0 -1.0 -1.0 -1.0 2.799 3.529 6.788 1572.258 2.008 834.624 0.6842798902786837 0.0
11.0 10.0 Truck -1.0 -1.0 -1.0 -1.0 -1.0 -1.0 -1.0 3.172 3.813 10.747 1504.406 1.87 879.536 2.3886750676624837 1.0
11.0 1.0 Car -1.0 -1.0 -1.0 -1.0 -1.0 -1.0 -1.0 2.368 1.752 5.184 1581.426 1.885 788.994 -0.7252366641480767 0.0
12.0 2.0 Car -1.0 -1.0 -1.0 -1.0 -1.0 -1.0 -1.0 2.167 2.0 5.035 1570.783 1.127 846.986 -2.3760039769486627 1.0
12.0 7.0 Car -1.0 -1.0 -1.0 -1.0 -1.0 -1.0 -1.0 2.429 2.099 6.136 1455.9 1.906 897.764 -0.6491926685117307 1.0
12.0 3.0 Truck -1.0 -1.0 -1.0 -1.0 -1.0 -1.0 -1.0 2.799 3.529 6.788 1574.211 2.083 836.269 0.7096123095193878 0.0
12.0 5.0 Truck -1.0 -1.0 -1.0 -1.0 -1.0 -1.0 -1.0 2.698 3.014 6.147 1624.195 2.391 768.374 2.3860919802807605 0.0
12.0 10.0 Truck -1.0 -1.0 -1.0 -1.0 -1.0 -1.0 -1.0 3.172 3.813 10.747 1501.943 1.914 881.84 2.3886750676624837 1.0
12.0 1.0 Car -1.0 -1.0 -1.0 -1.0 -1.0 -1.0 -1.0 2.368 1.752 5.184 1585.67 1.919 785.328 -0.7252366641480767 0.0
13.0 2.0 Car -1.0 -1.0 -1.0 -1.0 -1.0 -1.0 -1.0 2.167 2.0 5.035 1570.738 1.164 846.942 -2.3760039769486627 1.0
13.0 7.0 Car -1.0 -1.0 -1.0 -1.0 -1.0 -1.0 -1.0 2.429 2.099 6.136 1461.447 1.876 892.145 -0.6491926685117307 1.0
13.0 3.0 Truck -1.0 -1.0 -1.0 -1.0 -1.0 -1.0 -1.0 2.799 3.529 6.788 1576.836 2.128 838.612 0.7412064269632662 0.0
13.0 5.0 Truck -1.0 -1.0 -1.0 -1.0 -1.0 -1.0 -1.0 2.698 3.014 6.147 1619.587 2.127 773.286 2.3860919802807605 1.0
13.0 10.0 Truck -1.0 -1.0 -1.0 -1.0 -1.0 -1.0 -1.0 3.172 3.813 10.747 1498.547 2.047 884.575 2.4003017630157073 1.0
13.0 6.0 Car -1.0 -1.0 -1.0 -1.0 -1.0 -1.0 -1.0 2.03 1.684 5.066 1446.678 2.174 909.859 -0.6774670022770107 0.0
13.0 1.0 Car -1.0 -1.0 -1.0 -1.0 -1.0 -1.0 -1.0 2.368 1.752 5.184 1591.151 1.518 780.59 -0.7252366641480767 0.0
14.0 2.0 Car -1.0 -1.0 -1.0 -1.0 -1.0 -1.0 -1.0 2.167 2.0 5.035 1570.415 1.2 846.653 -2.3760039769486627 0.0
14.0 7.0 Car -1.0 -1.0 -1.0 -1.0 -1.0 -1.0 -1.0 2.429 2.099 6.136 1467.083 1.851 886.629 -0.6491926685117307 1.0
14.0 3.0 Truck -1.0 -1.0 -1.0 -1.0 -1.0 -1.0 -1.0 2.799 3.529 6.788 1579.502 2.222 840.873 0.7004658324540325 0.0
14.0 5.0 Truck -1.0 -1.0 -1.0 -1.0 -1.0 -1.0 -1.0 2.698 3.014 6.147 1614.896 2.133 778.121 2.3860919802807605 1.0
14.0 10.0 Truck -1.0 -1.0 -1.0 -1.0 -1.0 -1.0 -1.0 3.172 3.813 10.747 1495.147 2.181 887.314 2.4119421269993233 1.0
14.0 8.0 Car -1.0 -1.0 -1.0 -1.0 -1.0 -1.0 -1.0 2.002 1.694 4.58 1424.211 2.727 924.069 -0.677467002277009 0.0
14.0 6.0 Car -1.0 -1.0 -1.0 -1.0 -1.0 -1.0 -1.0 2.03 1.684 5.066 1451.836 2.364 904.456 -0.6716399550773916 1.0
14.0 1.0 Car -1.0 -1.0 -1.0 -1.0 -1.0 -1.0 -1.0 2.368 1.752 5.184 1596.816 1.417 775.832 -0.7252366641480767 0.0
15.0 2.0 Car -1.0 -1.0 -1.0 -1.0 -1.0 -1.0 -1.0 2.167 2.0 5.035 1570.093 1.237 846.364 -2.3760039769486627 0.0
15.0 7.0 Car -1.0 -1.0 -1.0 -1.0 -1.0 -1.0 -1.0 2.429 2.099 6.136 1473.463 1.676 881.396 -0.6491926685117307 1.0
15.0 3.0 Truck -1.0 -1.0 -1.0 -1.0 -1.0 -1.0 -1.0 2.799 3.529 6.788 1582.257 2.316 843.024 0.6597281718778616 0.0
15.0 5.0 Truck -1.0 -1.0 -1.0 -1.0 -1.0 -1.0 -1.0 2.698 3.014 6.147 1609.72 2.061 782.441 2.3860919802807605 1.0
15.0 10.0 Truck -1.0 -1.0 -1.0 -1.0 -1.0 -1.0 -1.0 3.172 3.813 10.747 1491.747 2.314 890.052 2.42358165270237 1.0
15.0 8.0 Car -1.0 -1.0 -1.0 -1.0 -1.0 -1.0 -1.0 2.002 1.694 4.58 1429.672 2.531 919.195 -0.677467002277009 1.0
15.0 6.0 Car -1.0 -1.0 -1.0 -1.0 -1.0 -1.0 -1.0 2.03 1.684 5.066 1457.835 2.104 900.121 -0.674536636752292 1.0
15.0 1.0 Car -1.0 -1.0 -1.0 -1.0 -1.0 -1.0 -1.0 2.368 1.752 5.184 1602.481 1.516 771.074 -0.7252366641480767 0.0
16.0 2.0 Car -1.0 -1.0 -1.0 -1.0 -1.0 -1.0 -1.0 2.167 2.0 5.035 1569.77 1.274 846.076 -2.3760039769486627 0.0
16.0 7.0 Car -1.0 -1.0 -1.0 -1.0 -1.0 -1.0 -1.0 2.429 2.099 6.136 1479.582 1.551 875.832 -0.6491926685117307 1.0
16.0 3.0 Truck -1.0 -1.0 -1.0 -1.0 -1.0 -1.0 -1.0 2.799 3.529 6.788 1585.095 2.411 845.059 0.6190333793236629 0.0
16.0 5.0 Truck -1.0 -1.0 -1.0 -1.0 -1.0 -1.0 -1.0 2.698 3.014 6.147 1604.956 2.089 787.188 2.3860919802807605 1.0
16.0 10.0 Truck -1.0 -1.0 -1.0 -1.0 -1.0 -1.0 -1.0 3.172 3.813 10.747 1488.652 2.339 892.528 2.4279377699284344 1.0
16.0 8.0 Car -1.0 -1.0 -1.0 -1.0 -1.0 -1.0 -1.0 2.002 1.694 4.58 1435.127 2.336 914.326 -0.677467002277009 1.0
16.0 6.0 Car -1.0 -1.0 -1.0 -1.0 -1.0 -1.0 -1.0 2.03 1.684 5.066 1463.234 1.844 895.008 -0.6076538321972382 1.0
16.0 1.0 Car -1.0 -1.0 -1.0 -1.0 -1.0 -1.0 -1.0 2.368 1.752 5.184 1608.14 1.616 766.322 -0.7252366641480767 0.0
17.0 2.0 Car -1.0 -1.0 -1.0 -1.0 -1.0 -1.0 -1.0 2.167 2.0 5.035 1569.219 1.311 845.551 -2.393457914655245 0.0
17.0 7.0 Car -1.0 -1.0 -1.0 -1.0 -1.0 -1.0 -1.0 2.429 2.099 6.136 1485.714 1.426 870.256 -0.6491926685117307 1.0
17.0 3.0 Truck -1.0 -1.0 -1.0 -1.0 -1.0 -1.0 -1.0 2.799 3.529 6.788 1588.244 2.405 847.065 0.5317669167239463 0.0
17.0 5.0 Truck -1.0 -1.0 -1.0 -1.0 -1.0 -1.0 -1.0 2.698 3.014 6.147 1600.122 2.067 791.883 2.3860919802807605 1.0
17.0 10.0 Truck -1.0 -1.0 -1.0 -1.0 -1.0 -1.0 -1.0 3.172 3.813 10.747 1485.55 2.364 895.009 2.4323038149010636 1.0
17.0 8.0 Car -1.0 -1.0 -1.0 -1.0 -1.0 -1.0 -1.0 2.002 1.694 4.58 1440.594 2.14 909.445 -0.677467002277009 1.0
17.0 6.0 Car -1.0 -1.0 -1.0 -1.0 -1.0 -1.0 -1.0 2.03 1.684 5.066 1468.609 1.734 890.454 -0.6006703523522274 1.0
17.0 1.0 Car -1.0 -1.0 -1.0 -1.0 -1.0 -1.0 -1.0 2.368 1.752 5.184 1614.048 1.765 761.825 -0.7252366641480767 0.0
18.0 2.0 Car -1.0 -1.0 -1.0 -1.0 -1.0 -1.0 -1.0 2.167 2.0 5.035 1568.667 1.348 845.027 -2.4109105619885494 0.0
18.0 7.0 Car -1.0 -1.0 -1.0 -1.0 -1.0 -1.0 -1.0 2.429 2.099 6.136 1492.102 1.401 865.017 -0.6491926685117307 1.0
18.0 3.0 Truck -1.0 -1.0 -1.0 -1.0 -1.0 -1.0 -1.0 2.799 3.529 6.788 1591.592 2.4 848.912 0.47940669039936606 0.0
18.0 5.0 Truck -1.0 -1.0 -1.0 -1.0 -1.0 -1.0 -1.0 2.698 3.014 6.147 1595.071 2.045 796.346 2.3860919802807605 1.0
18.0 10.0 Truck -1.0 -1.0 -1.0 -1.0 -1.0 -1.0 -1.0 3.172 3.813 10.747 1482.449 2.389 897.491 2.436669537091072 1.0
18.0 8.0 Car -1.0 -1.0 -1.0 -1.0 -1.0 -1.0 -1.0 2.002 1.694 4.58 1446.061 1.945 904.565 -0.677467002277009 1.0
18.0 6.0 Car -1.0 -1.0 -1.0 -1.0 -1.0 -1.0 -1.0 2.03 1.684 5.066 1473.983 1.623 885.901 -0.5936873887973468 1.0
18.0 1.0 Car -1.0 -1.0 -1.0 -1.0 -1.0 -1.0 -1.0 2.368 1.752 5.184 1619.956 1.914 757.329 -0.7252366641480767 0.0
19.0 2.0 Car -1.0 -1.0 -1.0 -1.0 -1.0 -1.0 -1.0 2.167 2.0 5.035 1567.396 1.309 843.932 -2.4196417317502883 0.0
19.0 7.0 Car -1.0 -1.0 -1.0 -1.0 -1.0 -1.0 -1.0 2.429 2.099 6.136 1498.477 1.326 859.759 -0.6840992535516168 1.0
19.0 3.0 Truck -1.0 -1.0 -1.0 -1.0 -1.0 -1.0 -1.0 2.799 3.529 6.788 1595.031 2.394 850.581 0.42705023073408793 0.0
19.0 5.0 Truck -1.0 -1.0 -1.0 -1.0 -1.0 -1.0 -1.0 2.698 3.014 6.147 1590.021 2.023 800.81 2.3860919802807605 1.0
19.0 10.0 Truck -1.0 -1.0 -1.0 -1.0 -1.0 -1.0 -1.0 3.172 3.813 10.747 1479.348 2.414 899.972 2.4410349452223135 1.0
19.0 8.0 Car -1.0 -1.0 -1.0 -1.0 -1.0 -1.0 -1.0 2.002 1.694 4.58 1451.773 1.749 899.488 -0.677467002277009 1.0
19.0 6.0 Car -1.0 -1.0 -1.0 -1.0 -1.0 -1.0 -1.0 2.03 1.684 5.066 1479.576 1.488 881.677 -0.5867049275788099 1.0
19.0 1.0 Car -1.0 -1.0 -1.0 -1.0 -1.0 -1.0 -1.0 2.368 1.752 5.184 1625.709 2.063 752.66 -0.7252366641480767 0.0
20.0 2.0 Car -1.0 -1.0 -1.0 -1.0 -1.0 -1.0 -1.0 2.167 2.0 5.035 1566.124 1.271 842.837 -2.4283739833138 0.0
20.0 7.0 Car -1.0 -1.0 -1.0 -1.0 -1.0 -1.0 -1.0 2.429 2.099 6.136 1504.741 1.226 854.424 -0.7015525460715599 1.0
20.0 5.0 Truck -1.0 -1.0 -1.0 -1.0 -1.0 -1.0 -1.0 2.698 3.014 6.147 1585.451 2.001 804.92 2.3860919802807605 1.0
20.0 10.0 Truck -1.0 -1.0 -1.0 -1.0 -1.0 -1.0 -1.0 3.172 3.813 10.747 1476.478 2.351 902.484 2.432302689293894 1.0
20.0 8.0 Car -1.0 -1.0 -1.0 -1.0 -1.0 -1.0 -1.0 2.002 1.694 4.58 1457.486 1.554 894.41 -0.677467002277009 1.0
20.0 6.0 Car -1.0 -1.0 -1.0 -1.0 -1.0 -1.0 -1.0 2.03 1.684 5.066 1485.17 1.353 877.452 -0.5797216012254592 1.0
21.0 2.0 Car -1.0 -1.0 -1.0 -1.0 -1.0 -1.0 -1.0 2.167 2.0 5.035 1564.855 1.233 841.743 -2.4370950155460247 0.0
21.0 7.0 Car -1.0 -1.0 -1.0 -1.0 -1.0 -1.0 -1.0 2.429 2.099 6.136 1510.831 1.298 849.077 -0.7015525460715599 0.0
21.0 5.0 Truck -1.0 -1.0 -1.0 -1.0 -1.0 -1.0 -1.0 2.698 3.014 6.147 1580.886 1.979 809.025 2.3860919802807605 1.0
21.0 10.0 Truck -1.0 -1.0 -1.0 -1.0 -1.0 -1.0 -1.0 3.172 3.813 10.747 1473.611 2.289 904.992 2.42358165270237 1.0
21.0 9.0 Car -1.0 -1.0 -1.0 -1.0 -1.0 -1.0 -1.0 2.464 1.847 5.411 1455.895 0.977 848.014 0.0597251669020118 0.0
21.0 8.0 Car -1.0 -1.0 -1.0 -1.0 -1.0 -1.0 -1.0 2.002 1.694 4.58 1463.192 1.358 889.339 -0.677467002277009 1.0
21.0 6.0 Car -1.0 -1.0 -1.0 -1.0 -1.0 -1.0 -1.0 2.03 1.684 5.066 1490.586 1.293 872.97 -0.572747247157352 1.0
22.0 2.0 Car -1.0 -1.0 -1.0 -1.0 -1.0 -1.0 -1.0 2.167 2.0 5.035 1563.585 1.195 840.649 -2.4458171470284373 0.0
22.0 7.0 Car -1.0 -1.0 -1.0 -1.0 -1.0 -1.0 -1.0 2.429 2.099 6.136 1517.748 1.251 843.03 -0.7015525460715599 0.0
22.0 5.0 Truck -1.0 -1.0 -1.0 -1.0 -1.0 -1.0 -1.0 2.698 3.014 6.147 1576.35 1.957 813.161 2.3860919802807605 1.0
22.0 10.0 Truck -1.0 -1.0 -1.0 -1.0 -1.0 -1.0 -1.0 3.172 3.813 10.747 1470.8 2.335 907.661 2.417761750175933 1.0
22.0 9.0 Car -1.0 -1.0 -1.0 -1.0 -1.0 -1.0 -1.0 2.464 1.847 5.411 1460.316 0.954 848.149 0.06429909733923589 1.0
22.0 8.0 Car -1.0 -1.0 -1.0 -1.0 -1.0 -1.0 -1.0 2.002 1.694 4.58 1469.056 1.163 884.463 -0.677467002277009 1.0
22.0 6.0 Car -1.0 -1.0 -1.0 -1.0 -1.0 -1.0 -1.0 2.03 1.684 5.066 1496.209 1.143 868.828 -0.555293954637409 1.0
23.0 2.0 Car -1.0 -1.0 -1.0 -1.0 -1.0 -1.0 -1.0 2.167 2.0 5.035 1563.417 1.207 840.521 -2.4458171470284373 0.0
23.0 7.0 Car -1.0 -1.0 -1.0 -1.0 -1.0 -1.0 -1.0 2.429 2.099 6.136 1523.768 1.376 837.742 -0.7015525460715599 0.0
23.0 5.0 Truck -1.0 -1.0 -1.0 -1.0 -1.0 -1.0 -1.0 2.698 3.014 6.147 1571.818 1.936 817.293 2.3860919802807605 1.0
23.0 10.0 Truck -1.0 -1.0 -1.0 -1.0 -1.0 -1.0 -1.0 3.172 3.813 10.747 1467.991 2.381 910.327 2.411948297636592 1.0
23.0 9.0 Car -1.0 -1.0 -1.0 -1.0 -1.0 -1.0 -1.0 2.464 1.847 5.411 1464.731 0.93 848.285 0.06886795865508442 1.0
23.0 8.0 Car -1.0 -1.0 -1.0 -1.0 -1.0 -1.0 -1.0 2.002 1.694 4.58 1475.036 1.068 879.494 -0.677467002277009 1.0
23.0 6.0 Car -1.0 -1.0 -1.0 -1.0 -1.0 -1.0 -1.0 2.03 1.684 5.066 1501.632 1.11 865.073 -0.6076246447165152 1.0
23.0 4.0 Car -1.0 -1.0 -1.0 -1.0 -1.0 -1.0 -1.0 2.282 1.7 4.518 1460.315 1.48 893.179 -0.6600137097570675 0.0
24.0 2.0 Car -1.0 -1.0 -1.0 -1.0 -1.0 -1.0 -1.0 2.167 2.0 5.035 1563.249 1.218 840.393 -2.4458171470284373 0.0
24.0 7.0 Car -1.0 -1.0 -1.0 -1.0 -1.0 -1.0 -1.0 2.429 2.099 6.136 1529.618 1.305 832.597 -0.7015525460715599 0.0
24.0 5.0 Truck -1.0 -1.0 -1.0 -1.0 -1.0 -1.0 -1.0 2.698 3.014 6.147 1567.413 1.914 821.567 2.3860919802807605 1.0
24.0 10.0 Truck -1.0 -1.0 -1.0 -1.0 -1.0 -1.0 -1.0 3.172 3.813 10.747 1465.18 2.426 912.995 2.406128360182427 1.0
24.0 9.0 Car -1.0 -1.0 -1.0 -1.0 -1.0 -1.0 -1.0 2.464 1.847 5.411 1469.705 0.951 848.389 0.04090032867721627 1.0
24.0 11.0 Car -1.0 -1.0 -1.0 -1.0 -1.0 -1.0 -1.0 1.918 1.697 4.672 1485.703 1.136 878.338 -0.6949202947969528 0.0
24.0 8.0 Car -1.0 -1.0 -1.0 -1.0 -1.0 -1.0 -1.0 2.002 1.694 4.58 1481.023 0.972 874.52 -0.677467002277009 1.0
24.0 6.0 Car -1.0 -1.0 -1.0 -1.0 -1.0 -1.0 -1.0 2.03 1.684 5.066 1506.716 1.077 860.833 -0.6600137097570675 1.0
24.0 4.0 Car -1.0 -1.0 -1.0 -1.0 -1.0 -1.0 -1.0 2.282 1.7 4.518 1465.763 1.227 888.015 -0.6600137097570675 1.0
25.0 2.0 Car -1.0 -1.0 -1.0 -1.0 -1.0 -1.0 -1.0 2.167 2.0 5.035 1563.048 1.233 840.239 -2.4458171470284373 0.0
25.0 7.0 Car -1.0 -1.0 -1.0 -1.0 -1.0 -1.0 -1.0 2.429 2.099 6.136 1536.773 1.391 826.308 -0.7015525460715599 0.0
25.0 5.0 Truck -1.0 -1.0 -1.0 -1.0 -1.0 -1.0 -1.0 2.698 3.014 6.147 1562.172 1.887 826.737 2.3944669215933203 1.0
25.0 10.0 Truck -1.0 -1.0 -1.0 -1.0 -1.0 -1.0 -1.0 3.172 3.813 10.747 1462.033 2.466 915.774 2.4061319165118076 1.0
25.0 9.0 Car -1.0 -1.0 -1.0 -1.0 -1.0 -1.0 -1.0 2.464 1.847 5.411 1475.669 0.977 848.33 0.0073652893421818355 1.0
25.0 11.0 Car -1.0 -1.0 -1.0 -1.0 -1.0 -1.0 -1.0 1.918 1.697 4.672 1491.461 1.036 873.477 -0.6949202947969528 1.0
25.0 8.0 Car -1.0 -1.0 -1.0 -1.0 -1.0 -1.0 -1.0 2.002 1.694 4.58 1488.202 0.938 868.555 -0.677467002277009 0.0
25.0 6.0 Car -1.0 -1.0 -1.0 -1.0 -1.0 -1.0 -1.0 2.03 1.684 5.066 1512.887 1.207 855.952 -0.6704836939608131 1.0
25.0 4.0 Car -1.0 -1.0 -1.0 -1.0 -1.0 -1.0 -1.0 2.282 1.7 4.518 1472.39 1.143 881.945 -0.6600137097570675 1.0
25.0 0.0 Car -1.0 -1.0 -1.0 -1.0 -1.0 -1.0 -1.0 2.705 2.182 6.206 1422.169 2.534 927.724 -0.7298268798368381 0.0
26.0 7.0 Car -1.0 -1.0 -1.0 -1.0 -1.0 -1.0 -1.0 2.429 2.099 6.136 1541.594 1.403 822.164 -0.7015525460715599 0.0
26.0 5.0 Truck -1.0 -1.0 -1.0 -1.0 -1.0 -1.0 -1.0 2.698 3.014 6.147 1558.676 1.87 830.186 2.4000528705477358 1.0
26.0 10.0 Truck -1.0 -1.0 -1.0 -1.0 -1.0 -1.0 -1.0 3.172 3.813 10.747 1459.934 2.493 917.628 2.4061342885253714 1.0
26.0 9.0 Car -1.0 -1.0 -1.0 -1.0 -1.0 -1.0 -1.0 2.464 1.847 5.411 1478.748 0.977 848.343 -0.010088003177761484 0.0
26.0 11.0 Car -1.0 -1.0 -1.0 -1.0 -1.0 -1.0 -1.0 1.918 1.697 4.672 1495.123 1.08 870.384 -0.6949202947969528 1.0
26.0 8.0 Car -1.0 -1.0 -1.0 -1.0 -1.0 -1.0 -1.0 2.002 1.694 4.58 1492.976 0.982 864.558 -0.677467002277009 0.0
26.0 6.0 Car -1.0 -1.0 -1.0 -1.0 -1.0 -1.0 -1.0 2.03 1.684 5.066 1516.275 1.293 853.273 -0.6774670022770107 1.0
26.0 4.0 Car -1.0 -1.0 -1.0 -1.0 -1.0 -1.0 -1.0 2.282 1.7 4.518 1476.782 0.893 877.677 -0.6949202947969528 1.0
26.0 0.0 Car -1.0 -1.0 -1.0 -1.0 -1.0 -1.0 -1.0 2.705 2.182 6.206 1426.776 2.369 923.442 -0.7348143867369776 1.0
27.0 7.0 Car -1.0 -1.0 -1.0 -1.0 -1.0 -1.0 -1.0 2.429 2.099 6.136 1547.681 1.694 816.931 -0.7015525460715599 0.0
27.0 5.0 Truck -1.0 -1.0 -1.0 -1.0 -1.0 -1.0 -1.0 2.698 3.014 6.147 1554.167 1.848 834.337 2.4070300601242343 0.0
27.0 10.0 Truck -1.0 -1.0 -1.0 -1.0 -1.0 -1.0 -1.0 3.172 3.813 10.747 1457.312 2.526 919.943 2.406137251314406 0.0
27.0 9.0 Car -1.0 -1.0 -1.0 -1.0 -1.0 -1.0 -1.0 2.464 1.847 5.411 1482.412 1.002 848.3 -0.010088003177761484 0.0
27.0 11.0 Car -1.0 -1.0 -1.0 -1.0 -1.0 -1.0 -1.0 1.918 1.697 4.672 1499.698 1.134 866.521 -0.6949202947969528 0.0
27.0 8.0 Car -1.0 -1.0 -1.0 -1.0 -1.0 -1.0 -1.0 2.002 1.694 4.58 1499.562 0.988 859.062 -0.6949202947969519 0.0
27.0 6.0 Car -1.0 -1.0 -1.0 -1.0 -1.0 -1.0 -1.0 2.03 1.684 5.066 1520.159 1.293 850.043 -0.6949113517892956 0.0
27.0 4.0 Car -1.0 -1.0 -1.0 -1.0 -1.0 -1.0 -1.0 2.282 1.7 4.518 1482.972 0.893 872.517 -0.6949202947969528 0.0
27.0 0.0 Car -1.0 -1.0 -1.0 -1.0 -1.0 -1.0 -1.0 2.705 2.182 6.206 1432.531 2.164 918.094 -0.7410440858338267 0.0
28.0 7.0 Car -1.0 -1.0 -1.0 -1.0 -1.0 -1.0 -1.0 2.429 2.099 6.136 1553.819 1.76 811.655 -0.7015525460715599 0.0
28.0 5.0 Truck -1.0 -1.0 -1.0 -1.0 -1.0 -1.0 -1.0 2.698 3.014 6.147 1549.653 1.826 838.492 2.4140144035427 0.0
28.0 10.0 Truck -1.0 -1.0 -1.0 -1.0 -1.0 -1.0 -1.0 3.172 3.813 10.747 1455.842 2.668 921.695 2.3246848830718196 0.0
28.0 9.0 Car -1.0 -1.0 -1.0 -1.0 -1.0 -1.0 -1.0 2.464 1.847 5.411 1486.078 0.827 848.256 -0.010088003177761484 0.0
28.0 11.0 Car -1.0 -1.0 -1.0 -1.0 -1.0 -1.0 -1.0 1.918 1.697 4.672 1504.37 1.185 862.576 -0.6949202947969528 0.0
28.0 8.0 Car -1.0 -1.0 -1.0 -1.0 -1.0 -1.0 -1.0 2.002 1.694 4.58 1505.34 1.188 854.201 -0.6949202947969519 0.0
28.0 6.0 Car -1.0 -1.0 -1.0 -1.0 -1.0 -1.0 -1.0 2.03 1.684 5.066 1524.047 1.293 846.809 -0.7123735873168967 0.0
28.0 4.0 Car -1.0 -1.0 -1.0 -1.0 -1.0 -1.0 -1.0 2.282 1.7 4.518 1489.199 0.993 867.326 -0.6949202947969528 0.0
28.0 0.0 Car -1.0 -1.0 -1.0 -1.0 -1.0 -1.0 -1.0 2.705 2.182 6.206 1438.292 2.114 912.74 -0.7472801723567812 0.0
29.0 7.0 Car -1.0 -1.0 -1.0 -1.0 -1.0 -1.0 -1.0 2.429 2.099 6.136 1559.78 1.825 806.528 -0.7015525460715599 0.0
29.0 5.0 Truck -1.0 -1.0 -1.0 -1.0 -1.0 -1.0 -1.0 2.698 3.014 6.147 1545.14 1.804 842.648 2.420998565320647 0.0
29.0 10.0 Truck -1.0 -1.0 -1.0 -1.0 -1.0 -1.0 -1.0 3.172 3.813 10.747 1454.52 2.81 923.56 2.2432346331458066 0.0
29.0 9.0 Car -1.0 -1.0 -1.0 -1.0 -1.0 -1.0 -1.0 2.464 1.847 5.411 1488.755 0.906 848.291 -0.005935060204716347 0.0
29.0 11.0 Car -1.0 -1.0 -1.0 -1.0 -1.0 -1.0 -1.0 1.918 1.697 4.672 1508.054 1.236 859.454 -0.6949202947969528 0.0
29.0 8.0 Car -1.0 -1.0 -1.0 -1.0 -1.0 -1.0 -1.0 2.002 1.694 4.58 1511.258 1.088 849.222 -0.6949202947969519 0.0
29.0 6.0 Car -1.0 -1.0 -1.0 -1.0 -1.0 -1.0 -1.0 2.03 1.684 5.066 1527.444 1.401 843.65 -0.7356265944783318 0.0
29.0 4.0 Car -1.0 -1.0 -1.0 -1.0 -1.0 -1.0 -1.0 2.282 1.7 4.518 1495.898 1.043 861.741 -0.6949202947969528 0.0
29.0 0.0 Car -1.0 -1.0 -1.0 -1.0 -1.0 -1.0 -1.0 2.705 2.182 6.206 1444.115 1.964 907.453 -0.7472801723567812 0.0
30.0 7.0 Car -1.0 -1.0 -1.0 -1.0 -1.0 -1.0 -1.0 2.429 2.099 6.136 1565.74 1.941 801.402 -0.7015525460715599 0.0
30.0 5.0 Truck -1.0 -1.0 -1.0 -1.0 -1.0 -1.0 -1.0 2.698 3.014 6.147 1540.548 1.792 846.714 2.420998565320647 0.0
30.0 10.0 Truck -1.0 -1.0 -1.0 -1.0 -1.0 -1.0 -1.0 3.172 3.813 10.747 1453.353 2.951 925.527 2.161782264903221 0.0
30.0 9.0 Car -1.0 -1.0 -1.0 -1.0 -1.0 -1.0 -1.0 2.464 1.847 5.411 1491.432 0.985 848.325 -0.0017820092240476981 0.0
30.0 11.0 Car -1.0 -1.0 -1.0 -1.0 -1.0 -1.0 -1.0 1.918 1.697 4.672 1511.831 1.186 856.254 -0.6949202947969528 0.0
30.0 8.0 Car -1.0 -1.0 -1.0 -1.0 -1.0 -1.0 -1.0 2.002 1.694 4.58 1517.0 1.165 844.191 -0.6949202947969519 0.0
30.0 6.0 Car -1.0 -1.0 -1.0 -1.0 -1.0 -1.0 -1.0 2.03 1.684 5.066 1530.813 1.51 840.462 -0.7588802063921215 0.0
30.0 4.0 Car -1.0 -1.0 -1.0 -1.0 -1.0 -1.0 -1.0 2.282 1.7 4.518 1502.091 1.143 856.579 -0.6949202947969528 0.0
30.0 0.0 Car -1.0 -1.0 -1.0 -1.0 -1.0 -1.0 -1.0 2.705 2.182 6.206 1449.937 1.814 902.166 -0.7472801723567812 0.0
31.0 7.0 Car -1.0 -1.0 -1.0 -1.0 -1.0 -1.0 -1.0 2.429 2.099 6.136 1571.715 2.207 796.264 -0.7015525460715599 0.0
31.0 5.0 Truck -1.0 -1.0 -1.0 -1.0 -1.0 -1.0 -1.0 2.698 3.014 6.147 1535.946 1.78 850.789 2.420998565320647 0.0
31.0 10.0 Truck -1.0 -1.0 -1.0 -1.0 -1.0 -1.0 -1.0 3.172 3.813 10.747 1452.418 2.848 927.595 2.025225919261712 0.0
31.0 9.0 Car -1.0 -1.0 -1.0 -1.0 -1.0 -1.0 -1.0 2.464 1.847 5.411 1493.556 1.089 848.36 0.002380496577816249 0.0
31.0 11.0 Car -1.0 -1.0 -1.0 -1.0 -1.0 -1.0 -1.0 1.918 1.697 4.672 1515.428 1.277 853.206 -0.6949202947969528 0.0
31.0 8.0 Car -1.0 -1.0 -1.0 -1.0 -1.0 -1.0 -1.0 2.002 1.694 4.58 1522.756 1.243 839.148 -0.6949202947969519 0.0
31.0 6.0 Car -1.0 -1.0 -1.0 -1.0 -1.0 -1.0 -1.0 2.03 1.684 5.066 1534.19 1.618 837.266 -0.7821867573966693 0.0
31.0 4.0 Car -1.0 -1.0 -1.0 -1.0 -1.0 -1.0 -1.0 2.282 1.7 4.518 1507.819 1.243 851.803 -0.6949202947969528 0.0
31.0 0.0 Car -1.0 -1.0 -1.0 -1.0 -1.0 -1.0 -1.0 2.705 2.182 6.206 1456.181 1.614 896.488 -0.7313958255521186 0.0
32.0 7.0 Car -1.0 -1.0 -1.0 -1.0 -1.0 -1.0 -1.0 2.429 2.099 6.136 1579.142 2.376 790.433 -0.7015525460715599 0.0
32.0 5.0 Truck -1.0 -1.0 -1.0 -1.0 -1.0 -1.0 -1.0 2.698 3.014 6.147 1530.435 1.766 855.67 2.420998565320647 0.0
32.0 10.0 Truck -1.0 -1.0 -1.0 -1.0 -1.0 -1.0 -1.0 3.172 3.813 10.747 1451.68 2.725 930.211 1.8616933943635636 0.0
32.0 9.0 Car -1.0 -1.0 -1.0 -1.0 -1.0 -1.0 -1.0 2.464 1.847 5.411 1495.26 1.177 848.345 0.0073652893421818355 0.0
32.0 11.0 Car -1.0 -1.0 -1.0 -1.0 -1.0 -1.0 -1.0 1.918 1.697 4.672 1519.735 1.386 849.555 -0.6949202947969528 0.0
32.0 8.0 Car -1.0 -1.0 -1.0 -1.0 -1.0 -1.0 -1.0 2.002 1.694 4.58 1529.649 1.336 833.11 -0.6949202947969519 0.0
32.0 6.0 Car -1.0 -1.0 -1.0 -1.0 -1.0 -1.0 -1.0 2.03 1.684 5.066 1536.955 1.71 834.962 -0.7690996100216352 0.0
32.0 4.0 Car -1.0 -1.0 -1.0 -1.0 -1.0 -1.0 -1.0 2.282 1.7 4.518 1515.04 1.203 845.784 -0.6949202947969528 0.0
32.0 0.0 Car -1.0 -1.0 -1.0 -1.0 -1.0 -1.0 -1.0 2.705 2.182 6.206 1463.729 1.417 889.627 -0.7298268798368381 0.0
33.0 5.0 Truck -1.0 -1.0 -1.0 -1.0 -1.0 -1.0 -1.0 2.698 3.014 6.147 1525.844 1.754 859.736 2.420998565320647 0.0
33.0 10.0 Truck -1.0 -1.0 -1.0 -1.0 -1.0 -1.0 -1.0 3.172 3.813 10.747 1451.397 2.622 932.458 1.7254499519046385 0.0
33.0 9.0 Car -1.0 -1.0 -1.0 -1.0 -1.0 -1.0 -1.0 2.464 1.847 5.411 1495.889 1.249 848.354 0.018992048639428605 0.0
33.0 11.0 Car -1.0 -1.0 -1.0 -1.0 -1.0 -1.0 -1.0 1.918 1.697 4.672 1523.347 1.5 846.516 -0.6949202947969528 0.0
33.0 8.0 Car -1.0 -1.0 -1.0 -1.0 -1.0 -1.0 -1.0 2.002 1.694 4.58 1535.392 1.413 828.079 -0.6949202947969519 0.0
33.0 6.0 Car -1.0 -1.0 -1.0 -1.0 -1.0 -1.0 -1.0 2.03 1.684 5.066 1539.259 1.786 833.043 -0.7581963477412269 0.0
33.0 4.0 Car -1.0 -1.0 -1.0 -1.0 -1.0 -1.0 -1.0 2.282 1.7 4.518 1520.876 1.336 840.891 -0.7123604337428224 0.0
33.0 0.0 Car -1.0 -1.0 -1.0 -1.0 -1.0 -1.0 -1.0 2.705 2.182 6.206 1469.946 1.344 884.257 -0.712373587316895 0.0
34.0 5.0 Truck -1.0 -1.0 -1.0 -1.0 -1.0 -1.0 -1.0 2.698 3.014 6.147 1521.247 1.742 863.807 2.420998565320647 0.0
34.0 10.0 Truck -1.0 -1.0 -1.0 -1.0 -1.0 -1.0 -1.0 3.172 3.813 10.747 1451.508 2.703 935.074 1.5953306026246465 0.0
34.0 9.0 Car -1.0 -1.0 -1.0 -1.0 -1.0 -1.0 -1.0 2.464 1.847 5.411 1496.518 1.02 848.363 0.030632577902813818 0.0
34.0 11.0 Car -1.0 -1.0 -1.0 -1.0 -1.0 -1.0 -1.0 1.918 1.697 4.672 1526.964 1.613 843.473 -0.6949202947969528 0.0
34.0 8.0 Car -1.0 -1.0 -1.0 -1.0 -1.0 -1.0 -1.0 2.002 1.694 4.58 1541.141 1.49 823.042 -0.6949202947969519 0.0
34.0 6.0 Car -1.0 -1.0 -1.0 -1.0 -1.0 -1.0 -1.0 2.03 1.684 5.066 1541.566 1.862 831.122 -0.7472801723567831 0.0
34.0 4.0 Car -1.0 -1.0 -1.0 -1.0 -1.0 -1.0 -1.0 2.282 1.7 4.518 1526.589 1.47 835.841 -0.7298212276379 0.0
34.0 0.0 Car -1.0 -1.0 -1.0 -1.0 -1.0 -1.0 -1.0 2.705 2.182 6.206 1477.012 1.294 878.154 -0.712373587316895 0.0
35.0 5.0 Truck -1.0 -1.0 -1.0 -1.0 -1.0 -1.0 -1.0 2.698 3.014 6.147 1517.131 1.682 867.314 2.420998565320647 0.0
35.0 10.0 Truck -1.0 -1.0 -1.0 -1.0 -1.0 -1.0 -1.0 3.172 3.813 10.747 1451.958 2.783 937.654 1.465225033565919 0.0
35.0 9.0 Car -1.0 -1.0 -1.0 -1.0 -1.0 -1.0 -1.0 2.464 1.847 5.411 1497.147 0.942 848.372 0.042271874382068475 0.0
35.0 11.0 Car -1.0 -1.0 -1.0 -1.0 -1.0 -1.0 -1.0 1.918 1.697 4.672 1530.02 1.552 840.898 -0.6949202947969528 0.0
35.0 8.0 Car -1.0 -1.0 -1.0 -1.0 -1.0 -1.0 -1.0 2.002 1.694 4.58 1546.89 1.568 818.005 -0.6949202947969519 0.0
35.0 6.0 Car -1.0 -1.0 -1.0 -1.0 -1.0 -1.0 -1.0 2.03 1.684 5.066 1542.37 1.838 830.402 -0.7472801723567831 0.0
35.0 4.0 Car -1.0 -1.0 -1.0 -1.0 -1.0 -1.0 -1.0 2.282 1.7 4.518 1532.301 1.603 830.792 -0.7472801723567812 0.0
35.0 0.0 Car -1.0 -1.0 -1.0 -1.0 -1.0 -1.0 -1.0 2.705 2.182 6.206 1483.479 1.319 872.569 -0.712373587316895 0.0
36.0 5.0 Truck -1.0 -1.0 -1.0 -1.0 -1.0 -1.0 -1.0 2.698 3.014 6.147 1513.02 1.622 870.819 2.420998565320647 0.0
36.0 10.0 Truck -1.0 -1.0 -1.0 -1.0 -1.0 -1.0 -1.0 3.172 3.813 10.747 1452.737 2.863 940.151 1.335253626661385 0.0
36.0 9.0 Car -1.0 -1.0 -1.0 -1.0 -1.0 -1.0 -1.0 2.464 1.847 5.411 1497.636 0.913 848.401 0.042271874382068475 0.0
36.0 11.0 Car -1.0 -1.0 -1.0 -1.0 -1.0 -1.0 -1.0 1.918 1.697 4.672 1533.072 1.491 838.326 -0.6949202947969528 0.0
36.0 8.0 Car -1.0 -1.0 -1.0 -1.0 -1.0 -1.0 -1.0 2.002 1.694 4.58 1552.633 1.645 812.974 -0.6949202947969519 0.0
36.0 6.0 Car -1.0 -1.0 -1.0 -1.0 -1.0 -1.0 -1.0 2.03 1.684 5.066 1543.062 1.848 829.564 -0.7472801723567831 0.0
36.0 4.0 Car -1.0 -1.0 -1.0 -1.0 -1.0 -1.0 -1.0 2.282 1.7 4.518 1537.998 1.611 825.742 -0.7472801723567812 0.0
36.0 0.0 Car -1.0 -1.0 -1.0 -1.0 -1.0 -1.0 -1.0 2.705 2.182 6.206 1489.81 1.244 867.101 -0.712373587316895 0.0
37.0 5.0 Truck -1.0 -1.0 -1.0 -1.0 -1.0 -1.0 -1.0 2.698 3.014 6.147 1508.908 1.562 874.323 2.420998565320647 0.0
37.0 10.0 Truck -1.0 -1.0 -1.0 -1.0 -1.0 -1.0 -1.0 3.172 3.813 10.747 1453.833 2.943 942.526 1.2052884598570466 0.0
37.0 9.0 Car -1.0 -1.0 -1.0 -1.0 -1.0 -1.0 -1.0 2.464 1.847 5.411 1498.125 0.885 848.43 0.042271874382068475 0.0
37.0 11.0 Car -1.0 -1.0 -1.0 -1.0 -1.0 -1.0 -1.0 1.918 1.697 4.672 1535.189 1.529 836.533 -0.6949202947969528 0.0
37.0 6.0 Car -1.0 -1.0 -1.0 -1.0 -1.0 -1.0 -1.0 2.03 1.684 5.066 1543.968 1.807 828.956 -0.7472801723567831 0.0
37.0 4.0 Car -1.0 -1.0 -1.0 -1.0 -1.0 -1.0 -1.0 2.282 1.7 4.518 1543.694 1.619 820.692 -0.7472801723567812 0.0
37.0 0.0 Car -1.0 -1.0 -1.0 -1.0 -1.0 -1.0 -1.0 2.705 2.182 6.206 1495.998 1.294 861.729 -0.712373587316895 0.0
38.0 5.0 Truck -1.0 -1.0 -1.0 -1.0 -1.0 -1.0 -1.0 2.698 3.014 6.147 1504.797 1.502 877.827 2.420998565320647 0.0
38.0 10.0 Truck -1.0 -1.0 -1.0 -1.0 -1.0 -1.0 -1.0 3.172 3.813 10.747 1455.228 3.023 944.739 1.0753154929274642 0.0
38.0 11.0 Car -1.0 -1.0 -1.0 -1.0 -1.0 -1.0 -1.0 1.918 1.697 4.672 1537.306 1.568 834.74 -0.6949202947969528 0.0
38.0 6.0 Car -1.0 -1.0 -1.0 -1.0 -1.0 -1.0 -1.0 2.03 1.684 5.066 1544.732 1.717 828.194 -0.7472801723567831 0.0
38.0 4.0 Car -1.0 -1.0 -1.0 -1.0 -1.0 -1.0 -1.0 2.282 1.7 4.518 1549.497 1.878 815.755 -0.7472801723567812 0.0
38.0 0.0 Car -1.0 -1.0 -1.0 -1.0 -1.0 -1.0 -1.0 2.705 2.182 6.206 1502.186 1.344 856.356 -0.712373587316895 0.0
