0.0 0.0 Car -1.0 -1.0 -1.0 -1.0 -1.0 -1.0 -1.0 1.742 1.444 4.084 1767.231 1.003 1226.774 2.659358181354089 0.0
1.0 0.0 Car -1.0 -1.0 -1.0 -1.0 -1.0 -1.0 -1.0 1.742 1.444 4.084 1761.54 1.035 1229.881 2.659358181354089 1.0
2.0 0.0 Car -1.0 -1.0 -1.0 -1.0 -1.0 -1.0 -1.0 1.742 1.444 4.084 1756.691 0.967 1232.293 2.659358181354089 1.0
3.0 0.0 Car -1.0 -1.0 -1.0 -1.0 -1.0 -1.0 -1.0 1.742 1.444 4.084 1751.881 0.898 1234.78 2.659358181354089 1.0
4.0 0.0 Car -1.0 -1.0 -1.0 -1.0 -1.0 -1.0 -1.0 1.742 1.444 4.084 1747.071 0.83 1237.267 2.659358181354089 1.0
5.0 0.0 Car -1.0 -1.0 -1.0 -1.0 -1.0 -1.0 -1.0 1.742 1.444 4.084 1742.222 0.81 1239.457 2.659358181354089 1.0
6.0 0.0 Car -1.0 -1.0 -1.0 -1.0 -1.0 -1.0 -1.0 1.742 1.444 4.084 1737.861 0.792 1241.538 2.659358181354089 1.0
7.0 0.0 Car -1.0 -1.0 -1.0 -1.0 -1.0 -1.0 -1.0 1.742 1.444 4.084 1733.529 0.823 1243.605 2.659358181354089 1.0
8.0 0.0 Car -1.0 -1.0 -1.0 -1.0 -1.0 -1.0 -1.0 1.742 1.444 4.084 1729.193 0.855 1245.737 2.659358181354089 1.0
9.0 0.0 Car -1.0 -1.0 -1.0 -1.0 -1.0 -1.0 -1.0 1.742 1.444 4.084 1725.293 0.883 1247.654 2.659358181354089 1.0
10.0 0.0 Car -1.0 -1.0 -1.0 -1.0 -1.0 -1.0 -1.0 1.742 1.444 4.084 1721.103 0.915 1249.843 2.659358181354089 1.0
11.0 0.0 Car -1.0 -1.0 -1.0 -1.0 -1.0 -1.0 -1.0 1.742 1.444 4.084 1716.914 0.947 1252.031 2.659358181354089 1.0
12.0 0.0 Car -1.0 -1.0 -1.0 -1.0 -1.0 -1.0 -1.0 1.742 1.444 4.084 1713.059 0.979 1254.138 2.659358181354089 1.0
13.0 0.0 Car -1.0 -1.0 -1.0 -1.0 -1.0 -1.0 -1.0 1.742 1.444 4.084 1708.816 1.013 1256.457 2.659358181354089 1.0
14.0 0.0 Car -1.0 -1.0 -1.0 -1.0 -1.0 -1.0 -1.0 1.742 1.444 4.084 1704.653 1.033 1258.764 2.659358181354089 1.0
15.0 0.0 Car -1.0 -1.0 -1.0 -1.0 -1.0 -1.0 -1.0 1.742 1.444 4.084 1700.464 1.052 1261.022 2.659358181354089 1.0
16.0 0.0 Car -1.0 -1.0 -1.0 -1.0 -1.0 -1.0 -1.0 1.742 1.444 4.084 1696.169 1.022 1263.43 2.659358181354089 1.0
17.0 0.0 Car -1.0 -1.0 -1.0 -1.0 -1.0 -1.0 -1.0 1.742 1.444 4.084 1691.874 0.991 1265.838 2.659358181354089 1.0
18.0 0.0 Car -1.0 -1.0 -1.0 -1.0 -1.0 -1.0 -1.0 1.742 1.444 4.084 1687.451 0.936 1268.376 2.659358181354089 1.0
18.0 1.0 Car -1.0 -1.0 -1.0 -1.0 -1.0 -1.0 -1.0 1.819 1.342 4.01 1584.311 1.218 1325.966 2.6576303054464034 0.0
19.0 0.0 Car -1.0 -1.0 -1.0 -1.0 -1.0 -1.0 -1.0 1.742 1.444 4.084 1683.19 0.93 1270.799 2.659358181354089 1.0
19.0 1.0 Car -1.0 -1.0 -1.0 -1.0 -1.0 -1.0 -1.0 1.819 1.342 4.01 1583.131 1.193 1326.477 2.6576303054464034 1.0
20.0 0.0 Car -1.0 -1.0 -1.0 -1.0 -1.0 -1.0 -1.0 1.742 1.444 4.084 1679.035 0.875 1273.134 2.659358181354089 1.0
20.0 1.0 Car -1.0 -1.0 -1.0 -1.0 -1.0 -1.0 -1.0 1.819 1.342 4.01 1581.95 1.168 1326.989 2.6576303054464034 1.0
21.0 0.0 Car -1.0 -1.0 -1.0 -1.0 -1.0 -1.0 -1.0 1.742 1.444 4.084 1675.094 0.869 1275.262 2.641904888834146 1.0
21.0 1.0 Car -1.0 -1.0 -1.0 -1.0 -1.0 -1.0 -1.0 1.819 1.342 4.01 1581.103 1.193 1327.482 2.6576303054464034 1.0
22.0 0.0 Car -1.0 -1.0 -1.0 -1.0 -1.0 -1.0 -1.0 1.742 1.444 4.084 1671.172 0.813 1277.604 2.659358181354089 1.0
22.0 1.0 Car -1.0 -1.0 -1.0 -1.0 -1.0 -1.0 -1.0 1.819 1.342 4.01 1580.175 1.118 1327.704 2.6576303054464034 0.0
23.0 0.0 Car -1.0 -1.0 -1.0 -1.0 -1.0 -1.0 -1.0 1.742 1.444 4.084 1667.185 0.858 1279.821 2.659358181354089 1.0
23.0 1.0 Car -1.0 -1.0 -1.0 -1.0 -1.0 -1.0 -1.0 1.819 1.342 4.01 1579.656 1.093 1327.961 2.6576303054464034 0.0
24.0 0.0 Car -1.0 -1.0 -1.0 -1.0 -1.0 -1.0 -1.0 1.742 1.444 4.084 1663.468 0.902 1281.96 2.659358181354089 1.0
24.0 1.0 Car -1.0 -1.0 -1.0 -1.0 -1.0 -1.0 -1.0 1.819 1.342 4.01 1578.864 1.068 1328.175 2.6576303054464034 0.0
25.0 0.0 Car -1.0 -1.0 -1.0 -1.0 -1.0 -1.0 -1.0 1.742 1.444 4.084 1659.978 0.897 1283.918 2.659358181354089 1.0
25.0 1.0 Car -1.0 -1.0 -1.0 -1.0 -1.0 -1.0 -1.0 1.819 1.342 4.01 1578.816 1.018 1328.201 2.6576303054464034 0.0
26.0 0.0 Car -1.0 -1.0 -1.0 -1.0 -1.0 -1.0 -1.0 1.742 1.444 4.084 1656.26 0.891 1285.994 2.659358181354089 1.0
26.0 1.0 Car -1.0 -1.0 -1.0 -1.0 -1.0 -1.0 -1.0 1.819 1.342 4.01 1578.375 0.968 1328.432 2.6576303054464034 0.0
27.0 0.0 Car -1.0 -1.0 -1.0 -1.0 -1.0 -1.0 -1.0 1.742 1.444 4.084 1652.571 0.885 1288.055 2.659358181354089 0.0
27.0 1.0 Car -1.0 -1.0 -1.0 -1.0 -1.0 -1.0 -1.0 1.819 1.342 4.01 1577.741 0.968 1328.766 2.6576303054464034 0.0
28.0 0.0 Car -1.0 -1.0 -1.0 -1.0 -1.0 -1.0 -1.0 1.742 1.444 4.084 1648.853 0.88 1290.132 2.659358181354089 0.0
28.0 1.0 Car -1.0 -1.0 -1.0 -1.0 -1.0 -1.0 -1.0 1.819 1.342 4.01 1577.472 0.968 1328.907 2.6576303054464034 0.0
29.0 0.0 Car -1.0 -1.0 -1.0 -1.0 -1.0 -1.0 -1.0 1.742 1.444 4.084 1645.176 0.874 1292.155 2.659358181354089 0.0
29.0 1.0 Car -1.0 -1.0 -1.0 -1.0 -1.0 -1.0 -1.0 1.819 1.342 4.01 1577.436 0.918 1328.957 2.6576303054464034 0.0
30.0 0.0 Car -1.0 -1.0 -1.0 -1.0 -1.0 -1.0 -1.0 1.742 1.444 4.084 1641.894 0.869 1293.99 2.659358181354089 0.0
30.0 1.0 Car -1.0 -1.0 -1.0 -1.0 -1.0 -1.0 -1.0 1.819 1.342 4.01 1577.385 0.918 1328.859 2.6576303054464034 0.0
31.0 0.0 Car -1.0 -1.0 -1.0 -1.0 -1.0 -1.0 -1.0 1.742 1.444 4.084 1638.237 0.919 1296.0 2.659358181354089 0.0
31.0 1.0 Car -1.0 -1.0 -1.0 -1.0 -1.0 -1.0 -1.0 1.819 1.342 4.01 1577.36 0.918 1328.872 2.6576303054464034 0.0
32.0 0.0 Car -1.0 -1.0 -1.0 -1.0 -1.0 -1.0 -1.0 1.742 1.444 4.084 1634.782 0.919 1297.904 2.659358181354089 0.0
32.0 1.0 Car -1.0 -1.0 -1.0 -1.0 -1.0 -1.0 -1.0 1.819 1.342 4.01 1577.335 0.918 1328.823 2.6227237204065164 0.0
33.0 0.0 Car -1.0 -1.0 -1.0 -1.0 -1.0 -1.0 -1.0 1.742 1.444 4.084 1631.355 0.869 1299.792 2.659358181354089 0.0
33.0 1.0 Car -1.0 -1.0 -1.0 -1.0 -1.0 -1.0 -1.0 1.819 1.342 4.01 1577.376 0.768 1328.895 2.6576303054464034 0.0
34.0 0.0 Car -1.0 -1.0 -1.0 -1.0 -1.0 -1.0 -1.0 1.742 1.444 4.084 1627.975 0.869 1301.657 2.659358181354089 0.0
35.0 0.0 Car -1.0 -1.0 -1.0 -1.0 -1.0 -1.0 -1.0 1.742 1.444 4.084 1624.856 0.819 1303.353 2.659358181354089 0.0
36.0 0.0 Car -1.0 -1.0 -1.0 -1.0 -1.0 -1.0 -1.0 1.742 1.444 4.084 1621.751 0.819 1305.048 2.659358181354089 0.0
37.0 0.0 Car -1.0 -1.0 -1.0 -1.0 -1.0 -1.0 -1.0 1.742 1.444 4.084 1619.315 0.819 1306.386 2.659358181354089 0.0
38.0 0.0 Car -1.0 -1.0 -1.0 -1.0 -1.0 -1.0 -1.0 1.742 1.444 4.084 1617.004 0.819 1307.66 2.659358181354089 0.0
