0.0 1.0 Car -1.0 -1.0 -1.0 -1.0 -1.0 -1.0 -1.0 1.879 1.746 4.754 1153.022 0.644 1387.389 -0.13699443799642075 0.0
0.0 2.0 Car -1.0 -1.0 -1.0 -1.0 -1.0 -1.0 -1.0 1.907 1.677 4.989 1141.696 0.969 1388.128 0.008499753463981017 0.0
1.0 1.0 Car -1.0 -1.0 -1.0 -1.0 -1.0 -1.0 -1.0 1.879 1.746 4.754 1156.513 0.643 1386.776 -0.16204980338291564 0.0
1.0 2.0 Car -1.0 -1.0 -1.0 -1.0 -1.0 -1.0 -1.0 1.907 1.677 4.989 1142.181 0.978 1388.147 0.008499753463981017 0.0
2.0 1.0 Car -1.0 -1.0 -1.0 -1.0 -1.0 -1.0 -1.0 1.879 1.746 4.754 1159.984 0.642 1386.077 -0.18707773195897204 0.0
2.0 2.0 Car -1.0 -1.0 -1.0 -1.0 -1.0 -1.0 -1.0 1.907 1.677 4.989 1144.205 0.975 1388.091 -0.023965675053049477 0.0
3.0 1.0 Car -1.0 -1.0 -1.0 -1.0 -1.0 -1.0 -1.0 1.879 1.746 4.754 1164.126 0.641 1385.123 -0.2171150313284682 1.0
3.0 2.0 Car -1.0 -1.0 -1.0 -1.0 -1.0 -1.0 -1.0 1.907 1.677 4.989 1146.63 0.972 1387.936 -0.06292909915591126 1.0
3.0 0.0 Car -1.0 -1.0 -1.0 -1.0 -1.0 -1.0 -1.0 2.165 1.933 5.113 1218.173 0.763 1380.693 2.395132785808576 0.0
4.0 1.0 Car -1.0 -1.0 -1.0 -1.0 -1.0 -1.0 -1.0 1.879 1.746 4.754 1167.553 0.641 1384.233 -0.242142409165629 1.0
4.0 2.0 Car -1.0 -1.0 -1.0 -1.0 -1.0 -1.0 -1.0 1.907 1.677 4.989 1148.645 0.97 1387.735 -0.09539381327205976 1.0
4.0 0.0 Car -1.0 -1.0 -1.0 -1.0 -1.0 -1.0 -1.0 2.165 1.933 5.113 1215.642 0.716 1382.827 2.4616004722277864 1.0
5.0 1.0 Car -1.0 -1.0 -1.0 -1.0 -1.0 -1.0 -1.0 1.879 1.746 4.754 1171.299 0.64 1383.155 -0.2696891671145893 1.0
5.0 2.0 Car -1.0 -1.0 -1.0 -1.0 -1.0 -1.0 -1.0 1.907 1.677 4.989 1150.854 0.967 1387.439 -0.13112658669556554 1.0
5.0 0.0 Car -1.0 -1.0 -1.0 -1.0 -1.0 -1.0 -1.0 2.165 1.933 5.113 1212.7 0.663 1384.976 2.5347591259681224 1.0
6.0 1.0 Car -1.0 -1.0 -1.0 -1.0 -1.0 -1.0 -1.0 1.879 1.746 4.754 1176.198 0.632 1381.541 -0.3055906055874764 1.0
6.0 2.0 Car -1.0 -1.0 -1.0 -1.0 -1.0 -1.0 -1.0 1.907 1.677 4.989 1154.297 0.965 1386.939 -0.15860496935096413 1.0
6.0 0.0 Car -1.0 -1.0 -1.0 -1.0 -1.0 -1.0 -1.0 2.165 1.933 5.113 1210.74 0.638 1386.316 2.630695714612247 1.0
7.0 1.0 Car -1.0 -1.0 -1.0 -1.0 -1.0 -1.0 -1.0 1.879 1.746 4.754 1181.042 0.624 1379.75 -0.3415343461073759 1.0
7.0 2.0 Car -1.0 -1.0 -1.0 -1.0 -1.0 -1.0 -1.0 1.907 1.677 4.989 1157.728 0.963 1386.344 -0.186115729311684 1.0
7.0 0.0 Car -1.0 -1.0 -1.0 -1.0 -1.0 -1.0 -1.0 2.165 1.933 5.113 1208.658 0.613 1387.464 2.726745343687498 0.0
8.0 1.0 Car -1.0 -1.0 -1.0 -1.0 -1.0 -1.0 -1.0 1.879 1.746 4.754 1185.813 0.616 1377.788 -0.37743370179696356 1.0
8.0 2.0 Car -1.0 -1.0 -1.0 -1.0 -1.0 -1.0 -1.0 1.907 1.677 4.989 1161.138 0.96 1385.656 -0.21359251783829758 1.0
8.0 0.0 Car -1.0 -1.0 -1.0 -1.0 -1.0 -1.0 -1.0 2.165 1.933 5.113 1207.248 0.613 1388.085 2.726745343687498 0.0
9.0 1.0 Car -1.0 -1.0 -1.0 -1.0 -1.0 -1.0 -1.0 1.879 1.746 4.754 1190.51 0.608 1375.656 -0.41333614575144323 1.0
9.0 2.0 Car -1.0 -1.0 -1.0 -1.0 -1.0 -1.0 -1.0 1.907 1.677 4.989 1165.305 0.983 1384.56 -0.22944313608840505 1.0
9.0 0.0 Car -1.0 -1.0 -1.0 -1.0 -1.0 -1.0 -1.0 2.165 1.933 5.113 1206.377 0.613 1388.469 2.726745343687498 0.0
10.0 1.0 Car -1.0 -1.0 -1.0 -1.0 -1.0 -1.0 -1.0 1.879 1.746 4.754 1195.959 0.584 1373.017 -0.4227957586042265 1.0
10.0 2.0 Car -1.0 -1.0 -1.0 -1.0 -1.0 -1.0 -1.0 1.907 1.677 4.989 1169.476 1.006 1383.462 -0.24531011564514382 1.0
10.0 0.0 Car -1.0 -1.0 -1.0 -1.0 -1.0 -1.0 -1.0 2.165 1.933 5.113 1205.699 0.613 1388.767 2.726745343687498 0.0
11.0 1.0 Car -1.0 -1.0 -1.0 -1.0 -1.0 -1.0 -1.0 1.879 1.746 4.754 1201.402 0.56 1370.381 -0.43224501221590117 1.0
11.0 2.0 Car -1.0 -1.0 -1.0 -1.0 -1.0 -1.0 -1.0 1.907 1.677 4.989 1174.413 1.011 1381.959 -0.28400667329736295 1.0
11.0 0.0 Car -1.0 -1.0 -1.0 -1.0 -1.0 -1.0 -1.0 2.165 1.933 5.113 1205.408 0.613 1388.895 2.726745343687498 0.0
12.0 1.0 Car -1.0 -1.0 -1.0 -1.0 -1.0 -1.0 -1.0 1.879 1.746 4.754 1206.852 0.536 1367.742 -0.4417055135437429 1.0
12.0 2.0 Car -1.0 -1.0 -1.0 -1.0 -1.0 -1.0 -1.0 1.907 1.677 4.989 1179.294 1.016 1380.264 -0.3227492925661945 1.0
12.0 0.0 Car -1.0 -1.0 -1.0 -1.0 -1.0 -1.0 -1.0 2.165 1.933 5.113 1205.277 0.613 1388.953 2.726745343687498 0.0
13.0 1.0 Car -1.0 -1.0 -1.0 -1.0 -1.0 -1.0 -1.0 1.879 1.746 4.754 1212.295 0.513 1365.107 -0.451154407984649 1.0
13.0 2.0 Car -1.0 -1.0 -1.0 -1.0 -1.0 -1.0 -1.0 1.907 1.677 4.989 1184.1 1.021 1378.384 -0.36144437934326135 1.0
13.0 0.0 Car -1.0 -1.0 -1.0 -1.0 -1.0 -1.0 -1.0 2.165 1.933 5.113 1205.292 0.69 1388.946 2.726745343687498 0.0
14.0 1.0 Car -1.0 -1.0 -1.0 -1.0 -1.0 -1.0 -1.0 1.879 1.746 4.754 1218.142 0.522 1362.006 -0.4556811080551411 1.0
14.0 2.0 Car -1.0 -1.0 -1.0 -1.0 -1.0 -1.0 -1.0 1.907 1.677 4.989 1188.825 1.026 1376.321 -0.40010114595188595 1.0
14.0 0.0 Car -1.0 -1.0 -1.0 -1.0 -1.0 -1.0 -1.0 2.165 1.933 5.113 1205.307 0.766 1388.94 2.726745343687498 0.0
15.0 1.0 Car -1.0 -1.0 -1.0 -1.0 -1.0 -1.0 -1.0 1.879 1.746 4.754 1224.002 0.531 1358.899 -0.46021793397770194 1.0
15.0 2.0 Car -1.0 -1.0 -1.0 -1.0 -1.0 -1.0 -1.0 1.907 1.677 4.989 1193.477 1.031 1374.072 -0.43884438453657104 1.0
15.0 0.0 Car -1.0 -1.0 -1.0 -1.0 -1.0 -1.0 -1.0 2.165 1.933 5.113 1205.323 0.843 1388.933 2.726745343687498 0.0
16.0 1.0 Car -1.0 -1.0 -1.0 -1.0 -1.0 -1.0 -1.0 1.879 1.746 4.754 1229.861 0.54 1355.792 -0.46475394403035564 0.0
16.0 2.0 Car -1.0 -1.0 -1.0 -1.0 -1.0 -1.0 -1.0 1.907 1.677 4.989 1198.409 1.012 1371.554 -0.4501658066108032 0.0
16.0 0.0 Car -1.0 -1.0 -1.0 -1.0 -1.0 -1.0 -1.0 2.165 1.933 5.113 1205.364 0.853 1388.915 2.726745343687498 0.0
17.0 1.0 Car -1.0 -1.0 -1.0 -1.0 -1.0 -1.0 -1.0 1.879 1.746 4.754 1235.714 0.549 1352.689 -0.4692854033419725 0.0
17.0 2.0 Car -1.0 -1.0 -1.0 -1.0 -1.0 -1.0 -1.0 1.907 1.677 4.989 1203.335 0.993 1369.034 -0.46147587049591454 0.0
17.0 0.0 Car -1.0 -1.0 -1.0 -1.0 -1.0 -1.0 -1.0 2.165 1.933 5.113 1205.406 0.863 1388.896 2.726745343687498 0.0
18.0 1.0 Car -1.0 -1.0 -1.0 -1.0 -1.0 -1.0 -1.0 1.879 1.746 4.754 1242.739 0.56 1348.964 -0.47472432755553434 0.0
18.0 2.0 Car -1.0 -1.0 -1.0 -1.0 -1.0 -1.0 -1.0 1.907 1.677 4.989 1209.245 0.971 1366.005 -0.47505087494623943 0.0
18.0 0.0 Car -1.0 -1.0 -1.0 -1.0 -1.0 -1.0 -1.0 2.165 1.933 5.113 1205.406 0.931 1388.896 2.726745343687498 0.0
19.0 1.0 Car -1.0 -1.0 -1.0 -1.0 -1.0 -1.0 -1.0 1.879 1.746 4.754 1248.976 0.603 1345.636 -0.4776879865617736 0.0
19.0 2.0 Car -1.0 -1.0 -1.0 -1.0 -1.0 -1.0 -1.0 1.907 1.677 4.989 1214.162 0.952 1363.483 -0.48634890186598767 0.0
20.0 1.0 Car -1.0 -1.0 -1.0 -1.0 -1.0 -1.0 -1.0 1.879 1.746 4.754 1255.212 0.647 1342.308 -0.4806513310055651 0.0
20.0 2.0 Car -1.0 -1.0 -1.0 -1.0 -1.0 -1.0 -1.0 1.907 1.677 4.989 1219.08 0.933 1360.961 -0.49764572961437464 0.0
21.0 1.0 Car -1.0 -1.0 -1.0 -1.0 -1.0 -1.0 -1.0 1.879 1.746 4.754 1261.455 0.69 1338.977 -0.4836182187282514 0.0
21.0 2.0 Car -1.0 -1.0 -1.0 -1.0 -1.0 -1.0 -1.0 1.907 1.677 4.989 1223.797 0.931 1358.392 -0.5081178810989591 0.0
22.0 1.0 Car -1.0 -1.0 -1.0 -1.0 -1.0 -1.0 -1.0 1.879 1.746 4.754 1267.706 0.733 1335.642 -0.48658827581597963 0.0
22.0 2.0 Car -1.0 -1.0 -1.0 -1.0 -1.0 -1.0 -1.0 1.907 1.677 4.989 1228.516 0.929 1355.814 -0.5186012194143004 0.0
23.0 1.0 Car -1.0 -1.0 -1.0 -1.0 -1.0 -1.0 -1.0 1.879 1.746 4.754 1273.949 0.777 1332.311 -0.48955512792782313 0.0
23.0 2.0 Car -1.0 -1.0 -1.0 -1.0 -1.0 -1.0 -1.0 1.907 1.677 4.989 1233.227 0.927 1353.233 -0.5290732452041573 0.0
24.0 1.0 Car -1.0 -1.0 -1.0 -1.0 -1.0 -1.0 -1.0 1.879 1.746 4.754 1280.32 0.751 1329.003 -0.49304003730873 0.0
24.0 2.0 Car -1.0 -1.0 -1.0 -1.0 -1.0 -1.0 -1.0 1.907 1.677 4.989 1237.931 0.925 1350.653 -0.5395337489773171 0.0
25.0 1.0 Car -1.0 -1.0 -1.0 -1.0 -1.0 -1.0 -1.0 1.879 1.746 4.754 1286.658 0.725 1325.615 -0.49652872940781384 0.0
25.0 2.0 Car -1.0 -1.0 -1.0 -1.0 -1.0 -1.0 -1.0 1.907 1.677 4.989 1242.641 0.923 1348.07 -0.5500056071742039 0.0
26.0 1.0 Car -1.0 -1.0 -1.0 -1.0 -1.0 -1.0 -1.0 1.879 1.746 4.754 1292.901 0.699 1322.054 -0.5000174633820063 0.0
26.0 2.0 Car -1.0 -1.0 -1.0 -1.0 -1.0 -1.0 -1.0 1.907 1.677 4.989 1247.408 0.897 1345.369 -0.5500056071742039 0.0
27.0 1.0 Car -1.0 -1.0 -1.0 -1.0 -1.0 -1.0 -1.0 1.879 1.746 4.754 1299.152 0.673 1318.489 -0.5035100359078544 0.0
27.0 2.0 Car -1.0 -1.0 -1.0 -1.0 -1.0 -1.0 -1.0 1.907 1.677 4.989 1252.182 0.87 1342.665 -0.5500056071742039 0.0
