0.0 1.0 Car -1.0 -1.0 -1.0 -1.0 -1.0 -1.0 -1.0 2.118 1.75 4.509 609.257 1.339 562.58 2.3968781149696468 0.0
0.0 2.0 Car -1.0 -1.0 -1.0 -1.0 -1.0 -1.0 -1.0 1.927 1.658 4.552 636.252 0.813 531.864 -0.6883578569882548 0.0
0.0 0.0 Truck -1.0 -1.0 -1.0 -1.0 -1.0 -1.0 -1.0 3.35 3.445 12.671 557.834 2.729 608.398 2.397820592762212 0.0
0.0 3.0 Car -1.0 -1.0 -1.0 -1.0 -1.0 -1.0 -1.0 2.241 1.771 5.169 654.688 1.106 524.143 2.413546009346674 0.0
1.0 1.0 Car -1.0 -1.0 -1.0 -1.0 -1.0 -1.0 -1.0 2.118 1.75 4.509 607.307 1.337 564.424 2.386720303818858 1.0
1.0 2.0 Car -1.0 -1.0 -1.0 -1.0 -1.0 -1.0 -1.0 1.927 1.658 4.552 636.202 0.821 531.913 -0.6848679253669737 1.0
1.0 0.0 Truck -1.0 -1.0 -1.0 -1.0 -1.0 -1.0 -1.0 3.35 3.445 12.671 558.948 2.664 607.343 2.3943306611409314 1.0
1.0 3.0 Car -1.0 -1.0 -1.0 -1.0 -1.0 -1.0 -1.0 2.241 1.771 5.169 652.863 1.026 525.751 2.413546009346674 1.0
2.0 1.0 Car -1.0 -1.0 -1.0 -1.0 -1.0 -1.0 -1.0 2.118 1.75 4.509 605.354 1.336 566.271 2.376551365067175 1.0
2.0 2.0 Car -1.0 -1.0 -1.0 -1.0 -1.0 -1.0 -1.0 1.927 1.658 4.552 636.152 0.829 531.962 -0.6813741706222212 1.0
2.0 0.0 Truck -1.0 -1.0 -1.0 -1.0 -1.0 -1.0 -1.0 3.35 3.445 12.671 560.063 2.599 606.287 2.3908369063961787 1.0
2.0 3.0 Car -1.0 -1.0 -1.0 -1.0 -1.0 -1.0 -1.0 2.241 1.771 5.169 651.036 0.945 527.36 2.413546009346674 1.0
3.0 1.0 Car -1.0 -1.0 -1.0 -1.0 -1.0 -1.0 -1.0 2.118 1.75 4.509 603.425 1.334 568.105 2.3809331690701763 1.0
3.0 2.0 Car -1.0 -1.0 -1.0 -1.0 -1.0 -1.0 -1.0 1.927 1.658 4.552 635.847 0.836 532.218 -0.6953376293704787 1.0
3.0 0.0 Truck -1.0 -1.0 -1.0 -1.0 -1.0 -1.0 -1.0 3.35 3.445 12.671 561.177 2.534 605.232 2.3873470726244927 1.0
3.0 3.0 Car -1.0 -1.0 -1.0 -1.0 -1.0 -1.0 -1.0 2.241 1.771 5.169 649.25 0.958 528.931 2.417035057888226 1.0
4.0 1.0 Car -1.0 -1.0 -1.0 -1.0 -1.0 -1.0 -1.0 2.118 1.75 4.509 601.495 1.333 569.939 2.3853153855286435 1.0
4.0 2.0 Car -1.0 -1.0 -1.0 -1.0 -1.0 -1.0 -1.0 1.927 1.658 4.552 635.591 0.886 532.435 -0.700574803705543 1.0
4.0 0.0 Truck -1.0 -1.0 -1.0 -1.0 -1.0 -1.0 -1.0 3.35 3.445 12.671 562.291 2.469 604.176 2.383856910357737 1.0
4.0 3.0 Car -1.0 -1.0 -1.0 -1.0 -1.0 -1.0 -1.0 2.241 1.771 5.169 647.465 0.97 530.503 2.420524434850935 1.0
5.0 1.0 Car -1.0 -1.0 -1.0 -1.0 -1.0 -1.0 -1.0 2.118 1.75 4.509 599.565 1.331 571.773 2.389696908710903 1.0
5.0 2.0 Car -1.0 -1.0 -1.0 -1.0 -1.0 -1.0 -1.0 1.927 1.658 4.552 635.334 0.935 532.651 -0.7058111495081981 1.0
5.0 0.0 Truck -1.0 -1.0 -1.0 -1.0 -1.0 -1.0 -1.0 3.35 3.445 12.671 563.405 2.404 603.121 2.380367300242269 1.0
5.0 3.0 Car -1.0 -1.0 -1.0 -1.0 -1.0 -1.0 -1.0 2.241 1.771 5.169 645.88 0.982 531.898 2.424013259786593 1.0
6.0 1.0 Car -1.0 -1.0 -1.0 -1.0 -1.0 -1.0 -1.0 2.118 1.75 4.509 598.276 1.33 572.979 2.3869205651398975 1.0
6.0 2.0 Car -1.0 -1.0 -1.0 -1.0 -1.0 -1.0 -1.0 1.927 1.658 4.552 635.376 0.847 532.597 -0.7128471763942587 1.0
6.0 0.0 Truck -1.0 -1.0 -1.0 -1.0 -1.0 -1.0 -1.0 3.35 3.445 12.671 563.699 2.396 602.844 2.378607107784412 1.0
6.0 3.0 Car -1.0 -1.0 -1.0 -1.0 -1.0 -1.0 -1.0 2.241 1.771 5.169 644.429 0.995 533.177 2.427502476032566 1.0
7.0 1.0 Car -1.0 -1.0 -1.0 -1.0 -1.0 -1.0 -1.0 2.118 1.75 4.509 597.367 1.328 573.837 2.384138166675916 0.0
7.0 2.0 Car -1.0 -1.0 -1.0 -1.0 -1.0 -1.0 -1.0 1.927 1.658 4.552 635.524 0.845 532.538 -0.6907313531139749 1.0
7.0 0.0 Truck -1.0 -1.0 -1.0 -1.0 -1.0 -1.0 -1.0 3.35 3.445 12.671 563.994 2.387 602.566 2.3768430765448354 1.0
7.0 3.0 Car -1.0 -1.0 -1.0 -1.0 -1.0 -1.0 -1.0 2.241 1.771 5.169 642.975 1.007 534.458 2.430999301866617 1.0
8.0 1.0 Car -1.0 -1.0 -1.0 -1.0 -1.0 -1.0 -1.0 2.118 1.75 4.509 596.459 1.327 574.695 2.3813558293724695 0.0
8.0 2.0 Car -1.0 -1.0 -1.0 -1.0 -1.0 -1.0 -1.0 1.927 1.658 4.552 635.672 0.843 532.48 -0.6686160159666459 1.0
8.0 0.0 Truck -1.0 -1.0 -1.0 -1.0 -1.0 -1.0 -1.0 3.35 3.445 12.671 564.288 2.378 602.287 2.375079084080831 1.0
8.0 3.0 Car -1.0 -1.0 -1.0 -1.0 -1.0 -1.0 -1.0 2.241 1.771 5.169 641.731 0.978 535.507 2.4344898906168657 1.0
9.0 1.0 Car -1.0 -1.0 -1.0 -1.0 -1.0 -1.0 -1.0 2.118 1.75 4.509 595.549 1.325 575.553 2.3785701449197383 0.0
9.0 2.0 Car -1.0 -1.0 -1.0 -1.0 -1.0 -1.0 -1.0 1.927 1.658 4.552 635.82 0.841 532.422 -0.6464740740885273 1.0
9.0 0.0 Truck -1.0 -1.0 -1.0 -1.0 -1.0 -1.0 -1.0 3.35 3.445 12.671 564.583 2.369 602.009 2.373312969535472 1.0
9.0 3.0 Car -1.0 -1.0 -1.0 -1.0 -1.0 -1.0 -1.0 2.241 1.771 5.169 640.487 0.949 536.556 2.4379846785422563 1.0
10.0 1.0 Car -1.0 -1.0 -1.0 -1.0 -1.0 -1.0 -1.0 2.118 1.75 4.509 595.349 1.324 575.736 2.379280715920899 0.0
10.0 2.0 Car -1.0 -1.0 -1.0 -1.0 -1.0 -1.0 -1.0 1.927 1.658 4.552 636.434 0.745 532.215 -0.5312782243087671 1.0
10.0 0.0 Truck -1.0 -1.0 -1.0 -1.0 -1.0 -1.0 -1.0 3.35 3.445 12.671 564.877 2.36 601.731 2.371549061672718 1.0
10.0 3.0 Car -1.0 -1.0 -1.0 -1.0 -1.0 -1.0 -1.0 2.241 1.771 5.169 639.243 0.92 537.604 2.441475099883529 1.0
11.0 1.0 Car -1.0 -1.0 -1.0 -1.0 -1.0 -1.0 -1.0 2.118 1.75 4.509 595.15 1.322 575.918 2.379990584007854 0.0
11.0 2.0 Car -1.0 -1.0 -1.0 -1.0 -1.0 -1.0 -1.0 1.927 1.658 4.552 637.306 0.776 531.986 -0.3800860026960684 1.0
11.0 0.0 Truck -1.0 -1.0 -1.0 -1.0 -1.0 -1.0 -1.0 3.35 3.445 12.671 565.172 2.351 601.453 2.369786898710746 1.0
11.0 3.0 Car -1.0 -1.0 -1.0 -1.0 -1.0 -1.0 -1.0 2.241 1.771 5.169 638.382 0.933 538.331 2.4449620684146773 1.0
12.0 1.0 Car -1.0 -1.0 -1.0 -1.0 -1.0 -1.0 -1.0 2.118 1.75 4.509 594.95 1.321 576.1 2.3807011763094454 0.0
12.0 2.0 Car -1.0 -1.0 -1.0 -1.0 -1.0 -1.0 -1.0 1.927 1.658 4.552 638.282 0.807 531.718 -0.2636639243085681 1.0
12.0 0.0 Truck -1.0 -1.0 -1.0 -1.0 -1.0 -1.0 -1.0 3.35 3.445 12.671 565.466 2.342 601.174 2.368022937972211 1.0
12.0 3.0 Car -1.0 -1.0 -1.0 -1.0 -1.0 -1.0 -1.0 2.241 1.771 5.169 637.574 0.946 539.013 2.44845259438656 1.0
13.0 1.0 Car -1.0 -1.0 -1.0 -1.0 -1.0 -1.0 -1.0 2.118 1.75 4.509 594.75 1.319 576.282 2.3814110145757974 0.0
13.0 2.0 Car -1.0 -1.0 -1.0 -1.0 -1.0 -1.0 -1.0 1.927 1.658 4.552 639.513 0.785 531.391 -0.26080622908386 1.0
13.0 0.0 Truck -1.0 -1.0 -1.0 -1.0 -1.0 -1.0 -1.0 3.35 3.445 12.671 565.76 2.333 600.897 2.3662608490363324 1.0
13.0 3.0 Car -1.0 -1.0 -1.0 -1.0 -1.0 -1.0 -1.0 2.241 1.771 5.169 636.758 0.912 539.703 2.446707400604887 1.0
14.0 1.0 Car -1.0 -1.0 -1.0 -1.0 -1.0 -1.0 -1.0 2.118 1.75 4.509 594.551 1.318 576.464 2.382120847162035 0.0
14.0 2.0 Car -1.0 -1.0 -1.0 -1.0 -1.0 -1.0 -1.0 1.927 1.658 4.552 640.999 0.798 530.842 -0.33955923584266273 0.0
14.0 0.0 Truck -1.0 -1.0 -1.0 -1.0 -1.0 -1.0 -1.0 3.35 3.445 12.671 566.055 2.324 600.619 2.3644987742006625 1.0
14.0 3.0 Car -1.0 -1.0 -1.0 -1.0 -1.0 -1.0 -1.0 2.241 1.771 5.169 636.051 0.879 540.302 2.444962220788227 1.0
15.0 1.0 Car -1.0 -1.0 -1.0 -1.0 -1.0 -1.0 -1.0 2.118 1.75 4.509 594.55 1.316 576.451 2.383703065029183 0.0
15.0 2.0 Car -1.0 -1.0 -1.0 -1.0 -1.0 -1.0 -1.0 1.927 1.658 4.552 642.423 0.811 529.991 -0.5010719681692097 0.0
15.0 0.0 Truck -1.0 -1.0 -1.0 -1.0 -1.0 -1.0 -1.0 3.35 3.445 12.671 566.349 2.315 600.341 2.362736604188586 1.0
15.0 3.0 Car -1.0 -1.0 -1.0 -1.0 -1.0 -1.0 -1.0 2.241 1.771 5.169 635.338 0.882 540.854 2.454786009251312 1.0
16.0 1.0 Car -1.0 -1.0 -1.0 -1.0 -1.0 -1.0 -1.0 2.118 1.75 4.509 594.55 1.315 576.437 2.3852852164297547 0.0
16.0 2.0 Car -1.0 -1.0 -1.0 -1.0 -1.0 -1.0 -1.0 1.927 1.658 4.552 644.215 0.807 528.606 -0.6381443713734508 0.0
16.0 0.0 Truck -1.0 -1.0 -1.0 -1.0 -1.0 -1.0 -1.0 3.35 3.445 12.671 566.643 2.306 600.063 2.3609745082026037 1.0
16.0 3.0 Car -1.0 -1.0 -1.0 -1.0 -1.0 -1.0 -1.0 2.241 1.771 5.169 634.845 0.885 541.226 2.46460938503192 1.0
17.0 1.0 Car -1.0 -1.0 -1.0 -1.0 -1.0 -1.0 -1.0 2.118 1.75 4.509 594.549 1.313 576.424 2.386867370995401 0.0
17.0 2.0 Car -1.0 -1.0 -1.0 -1.0 -1.0 -1.0 -1.0 1.927 1.658 4.552 646.201 0.851 527.078 -0.6605261408744032 0.0
17.0 0.0 Truck -1.0 -1.0 -1.0 -1.0 -1.0 -1.0 -1.0 3.35 3.445 12.671 566.937 2.297 599.785 2.359212408691569 1.0
17.0 3.0 Car -1.0 -1.0 -1.0 -1.0 -1.0 -1.0 -1.0 2.241 1.771 5.169 634.659 0.889 541.353 2.474432780464074 1.0
18.0 1.0 Car -1.0 -1.0 -1.0 -1.0 -1.0 -1.0 -1.0 2.118 1.75 4.509 594.548 1.312 576.41 2.3884521019321627 0.0
18.0 2.0 Car -1.0 -1.0 -1.0 -1.0 -1.0 -1.0 -1.0 1.927 1.658 4.552 648.303 0.896 525.441 -0.6654910641961745 0.0
18.0 0.0 Truck -1.0 -1.0 -1.0 -1.0 -1.0 -1.0 -1.0 3.35 3.445 12.671 567.232 2.288 599.507 2.3574474397881375 1.0
18.0 3.0 Car -1.0 -1.0 -1.0 -1.0 -1.0 -1.0 -1.0 2.241 1.771 5.169 634.227 0.909 541.719 2.47381108909173 1.0
19.0 2.0 Car -1.0 -1.0 -1.0 -1.0 -1.0 -1.0 -1.0 1.927 1.658 4.552 650.32 0.931 523.857 -0.6756361614275019 0.0
19.0 0.0 Truck -1.0 -1.0 -1.0 -1.0 -1.0 -1.0 -1.0 3.35 3.445 12.671 567.467 2.281 599.284 2.3560390968790603 1.0
19.0 3.0 Car -1.0 -1.0 -1.0 -1.0 -1.0 -1.0 -1.0 2.241 1.771 5.169 633.876 0.925 542.016 2.4733150154021746 1.0
20.0 2.0 Car -1.0 -1.0 -1.0 -1.0 -1.0 -1.0 -1.0 1.927 1.658 4.552 652.754 1.013 521.837 -0.7214079034486424 0.0
20.0 0.0 Truck -1.0 -1.0 -1.0 -1.0 -1.0 -1.0 -1.0 3.35 3.445 12.671 567.762 2.272 599.006 2.3542730704600037 1.0
20.0 3.0 Car -1.0 -1.0 -1.0 -1.0 -1.0 -1.0 -1.0 2.241 1.771 5.169 633.372 0.946 542.439 2.47269295153129 1.0
21.0 2.0 Car -1.0 -1.0 -1.0 -1.0 -1.0 -1.0 -1.0 1.927 1.658 4.552 655.641 1.095 519.314 -0.7217799549913662 0.0
21.0 0.0 Truck -1.0 -1.0 -1.0 -1.0 -1.0 -1.0 -1.0 3.35 3.445 12.671 568.057 2.263 598.727 2.3525070687163114 1.0
21.0 3.0 Car -1.0 -1.0 -1.0 -1.0 -1.0 -1.0 -1.0 2.241 1.771 5.169 632.467 0.967 543.047 2.487504188689716 1.0
22.0 2.0 Car -1.0 -1.0 -1.0 -1.0 -1.0 -1.0 -1.0 1.927 1.658 4.552 658.236 1.169 517.046 -0.7221142530154734 0.0
22.0 0.0 Truck -1.0 -1.0 -1.0 -1.0 -1.0 -1.0 -1.0 3.35 3.445 12.671 568.322 2.255 598.477 2.3509202700454477 1.0
22.0 3.0 Car -1.0 -1.0 -1.0 -1.0 -1.0 -1.0 -1.0 2.241 1.771 5.169 631.44 0.985 543.758 2.5008124719463902 1.0
23.0 2.0 Car -1.0 -1.0 -1.0 -1.0 -1.0 -1.0 -1.0 1.927 1.658 4.552 661.403 1.26 514.278 -0.7225224042206464 0.0
23.0 0.0 Truck -1.0 -1.0 -1.0 -1.0 -1.0 -1.0 -1.0 3.35 3.445 12.671 568.645 2.246 598.172 2.3489829155199193 1.0
23.0 3.0 Car -1.0 -1.0 -1.0 -1.0 -1.0 -1.0 -1.0 2.241 1.771 5.169 629.895 0.958 544.976 2.4970478680154877 1.0
24.0 2.0 Car -1.0 -1.0 -1.0 -1.0 -1.0 -1.0 -1.0 1.927 1.658 4.552 664.284 1.342 511.76 -0.7228936292066059 0.0
24.0 0.0 Truck -1.0 -1.0 -1.0 -1.0 -1.0 -1.0 -1.0 3.35 3.445 12.671 568.939 2.237 597.894 2.347220837159197 1.0
24.0 3.0 Car -1.0 -1.0 -1.0 -1.0 -1.0 -1.0 -1.0 2.241 1.771 5.169 628.327 0.933 546.206 2.493623854993646 1.0
25.0 2.0 Car -1.0 -1.0 -1.0 -1.0 -1.0 -1.0 -1.0 1.927 1.658 4.552 667.749 1.424 508.727 -0.7232644420281412 0.0
25.0 0.0 Truck -1.0 -1.0 -1.0 -1.0 -1.0 -1.0 -1.0 3.35 3.445 12.671 569.233 2.228 597.616 2.345460715202382 1.0
25.0 3.0 Car -1.0 -1.0 -1.0 -1.0 -1.0 -1.0 -1.0 2.241 1.771 5.169 626.518 0.908 547.619 2.49020364359187 1.0
26.0 0.0 Truck -1.0 -1.0 -1.0 -1.0 -1.0 -1.0 -1.0 3.35 3.445 12.671 570.11 2.217 596.695 2.345460715202382 1.0
26.0 3.0 Car -1.0 -1.0 -1.0 -1.0 -1.0 -1.0 -1.0 2.241 1.771 5.169 624.594 0.884 549.12 2.486779726466751 1.0
27.0 0.0 Truck -1.0 -1.0 -1.0 -1.0 -1.0 -1.0 -1.0 3.35 3.445 12.671 570.986 2.206 595.775 2.345460715202382 1.0
27.0 3.0 Car -1.0 -1.0 -1.0 -1.0 -1.0 -1.0 -1.0 2.241 1.771 5.169 622.643 0.859 550.641 2.483359179426447 1.0
28.0 0.0 Truck -1.0 -1.0 -1.0 -1.0 -1.0 -1.0 -1.0 3.35 3.445 12.671 571.862 2.196 594.854 2.345460715202382 0.0
28.0 3.0 Car -1.0 -1.0 -1.0 -1.0 -1.0 -1.0 -1.0 2.241 1.771 5.169 620.966 0.872 552.039 2.469416233472601 0.0
29.0 0.0 Truck -1.0 -1.0 -1.0 -1.0 -1.0 -1.0 -1.0 3.35 3.445 12.671 572.738 2.185 593.933 2.345460715202382 0.0
29.0 3.0 Car -1.0 -1.0 -1.0 -1.0 -1.0 -1.0 -1.0 2.241 1.771 5.169 619.455 0.884 553.305 2.4554566155002036 0.0
30.0 0.0 Truck -1.0 -1.0 -1.0 -1.0 -1.0 -1.0 -1.0 3.35 3.445 12.671 573.615 2.174 593.012 2.345460715202382 0.0
30.0 3.0 Car -1.0 -1.0 -1.0 -1.0 -1.0 -1.0 -1.0 2.241 1.771 5.169 618.19 0.897 554.368 2.4414962993695752 0.0
31.0 0.0 Truck -1.0 -1.0 -1.0 -1.0 -1.0 -1.0 -1.0 3.35 3.445 12.671 576.91 2.09 589.549 2.345460715202382 0.0
31.0 3.0 Car -1.0 -1.0 -1.0 -1.0 -1.0 -1.0 -1.0 2.241 1.771 5.169 617.049 0.91 555.376 2.427536876881482 0.0
32.0 0.0 Truck -1.0 -1.0 -1.0 -1.0 -1.0 -1.0 -1.0 3.35 3.445 12.671 576.937 2.006 589.554 2.3454607152023823 0.0
32.0 3.0 Car -1.0 -1.0 -1.0 -1.0 -1.0 -1.0 -1.0 2.241 1.771 5.169 616.175 0.922 556.153 2.413546009346674 0.0
33.0 0.0 Truck -1.0 -1.0 -1.0 -1.0 -1.0 -1.0 -1.0 3.35 3.445 12.671 576.964 1.922 589.559 2.3454607152023823 0.0
33.0 3.0 Car -1.0 -1.0 -1.0 -1.0 -1.0 -1.0 -1.0 2.241 1.771 5.169 615.588 0.917 556.705 2.409184660287773 0.0
34.0 0.0 Truck -1.0 -1.0 -1.0 -1.0 -1.0 -1.0 -1.0 3.35 3.445 12.671 576.781 1.869 589.735 2.3454607152023823 0.0
34.0 3.0 Car -1.0 -1.0 -1.0 -1.0 -1.0 -1.0 -1.0 2.241 1.771 5.169 615.159 0.912 557.116 2.4048179975966475 0.0
35.0 0.0 Truck -1.0 -1.0 -1.0 -1.0 -1.0 -1.0 -1.0 3.35 3.445 12.671 576.599 1.815 589.911 2.3454607152023823 0.0
35.0 3.0 Car -1.0 -1.0 -1.0 -1.0 -1.0 -1.0 -1.0 2.241 1.771 5.169 614.81 0.907 557.454 2.4004565961866904 0.0
36.0 0.0 Truck -1.0 -1.0 -1.0 -1.0 -1.0 -1.0 -1.0 3.35 3.445 12.671 575.994 1.815 590.523 2.3454607152023823 0.0
36.0 3.0 Car -1.0 -1.0 -1.0 -1.0 -1.0 -1.0 -1.0 2.241 1.771 5.169 614.46 0.902 557.792 2.3960952907536703 0.0
37.0 0.0 Truck -1.0 -1.0 -1.0 -1.0 -1.0 -1.0 -1.0 3.35 3.445 12.671 575.389 1.816 591.135 2.3454607152023823 0.0
37.0 3.0 Car -1.0 -1.0 -1.0 -1.0 -1.0 -1.0 -1.0 2.241 1.771 5.169 614.371 0.897 557.888 2.391733461810086 0.0
38.0 0.0 Truck -1.0 -1.0 -1.0 -1.0 -1.0 -1.0 -1.0 3.35 3.445 12.671 574.782 1.816 591.749 2.3454607152023823 0.0
38.0 3.0 Car -1.0 -1.0 -1.0 -1.0 -1.0 -1.0 -1.0 2.241 1.771 5.169 614.282 0.892 557.985 2.3873597317263453 0.0
39.0 0.0 Truck -1.0 -1.0 -1.0 -1.0 -1.0 -1.0 -1.0 3.35 3.445 12.671 574.177 1.817 592.36 2.3454607152023823 0.0
39.0 3.0 Car -1.0 -1.0 -1.0 -1.0 -1.0 -1.0 -1.0 2.241 1.771 5.169 614.245 0.887 558.033 2.383001139823082 0.0
