0.0 7.0 Truck -1.0 -1.0 -1.0 -1.0 -1.0 -1.0 -1.0 3.154 4.041 14.015 1415.757 2.174 1178.568 0.8722457469933624 0.0
0.0 4.0 Car -1.0 -1.0 -1.0 -1.0 -1.0 -1.0 -1.0 1.93 1.906 4.789 1452.57 0.869 1230.826 1.2971461533742414 0.0
0.0 6.0 Car -1.0 -1.0 -1.0 -1.0 -1.0 -1.0 -1.0 1.822 1.881 4.479 1416.741 1.044 1190.64 0.886260741083201 0.0
0.0 1.0 Car -1.0 -1.0 -1.0 -1.0 -1.0 -1.0 -1.0 1.839 1.752 4.822 1438.302 0.571 1205.562 0.8345815417218745 0.0
0.0 3.0 Truck -1.0 -1.0 -1.0 -1.0 -1.0 -1.0 -1.0 2.339 2.064 5.729 1445.279 0.932 1224.732 0.9474868910397428 0.0
0.0 0.0 Bus -1.0 -1.0 -1.0 -1.0 -1.0 -1.0 -1.0 3.025 3.713 14.527 1433.032 1.7 1209.182 0.8512145292332652 0.0
1.0 7.0 Truck -1.0 -1.0 -1.0 -1.0 -1.0 -1.0 -1.0 3.154 4.041 14.015 1417.812 2.199 1181.043 0.8722457469933624 1.0
1.0 4.0 Car -1.0 -1.0 -1.0 -1.0 -1.0 -1.0 -1.0 1.93 1.906 4.789 1453.152 0.956 1233.397 1.3844126159739578 1.0
1.0 6.0 Car -1.0 -1.0 -1.0 -1.0 -1.0 -1.0 -1.0 1.822 1.881 4.479 1419.039 1.044 1193.477 0.886260741083201 1.0
1.0 1.0 Car -1.0 -1.0 -1.0 -1.0 -1.0 -1.0 -1.0 1.839 1.752 4.822 1440.603 0.496 1208.088 0.8433133059113699 1.0
1.0 3.0 Truck -1.0 -1.0 -1.0 -1.0 -1.0 -1.0 -1.0 2.339 2.064 5.729 1446.146 0.878 1226.109 0.964940183559686 1.0
1.0 0.0 Bus -1.0 -1.0 -1.0 -1.0 -1.0 -1.0 -1.0 3.025 3.713 14.527 1434.184 1.7 1210.497 0.8512145292332652 1.0
2.0 7.0 Truck -1.0 -1.0 -1.0 -1.0 -1.0 -1.0 -1.0 3.154 4.041 14.015 1419.868 2.224 1183.521 0.8722457469933624 1.0
2.0 4.0 Car -1.0 -1.0 -1.0 -1.0 -1.0 -1.0 -1.0 1.93 1.906 4.789 1453.1 1.106 1236.375 1.6462120037731074 1.0
2.0 6.0 Car -1.0 -1.0 -1.0 -1.0 -1.0 -1.0 -1.0 1.822 1.881 4.479 1421.283 1.044 1196.203 0.886260741083201 1.0
2.0 1.0 Car -1.0 -1.0 -1.0 -1.0 -1.0 -1.0 -1.0 1.839 1.752 4.822 1442.918 0.496 1210.607 0.8345815417218745 1.0
2.0 3.0 Truck -1.0 -1.0 -1.0 -1.0 -1.0 -1.0 -1.0 2.339 2.064 5.729 1447.243 0.895 1227.905 1.0231192606896495 1.0
2.0 0.0 Bus -1.0 -1.0 -1.0 -1.0 -1.0 -1.0 -1.0 3.025 3.713 14.527 1435.337 1.7 1211.813 0.8512145292332652 1.0
3.0 7.0 Truck -1.0 -1.0 -1.0 -1.0 -1.0 -1.0 -1.0 3.154 4.041 14.015 1421.506 2.199 1185.423 0.8722457469933624 1.0
3.0 4.0 Car -1.0 -1.0 -1.0 -1.0 -1.0 -1.0 -1.0 1.93 1.906 4.789 1452.406 1.058 1239.527 1.8050897023841623 0.0
3.0 6.0 Car -1.0 -1.0 -1.0 -1.0 -1.0 -1.0 -1.0 1.822 1.881 4.479 1423.395 1.044 1198.699 0.8688074485632576 1.0
3.0 1.0 Car -1.0 -1.0 -1.0 -1.0 -1.0 -1.0 -1.0 1.839 1.752 4.822 1445.252 0.546 1213.198 0.8345815417218745 1.0
3.0 3.0 Truck -1.0 -1.0 -1.0 -1.0 -1.0 -1.0 -1.0 2.339 2.064 5.729 1448.234 0.912 1229.762 1.0812950790808884 1.0
3.0 0.0 Bus -1.0 -1.0 -1.0 -1.0 -1.0 -1.0 -1.0 3.025 3.713 14.527 1436.458 1.7 1213.093 0.8599410096446666 1.0
4.0 7.0 Truck -1.0 -1.0 -1.0 -1.0 -1.0 -1.0 -1.0 3.154 4.041 14.015 1423.144 2.174 1187.325 0.8722457469933624 1.0
4.0 4.0 Car -1.0 -1.0 -1.0 -1.0 -1.0 -1.0 -1.0 1.93 1.906 4.789 1451.222 1.01 1242.53 1.9639734400024527 0.0
4.0 6.0 Car -1.0 -1.0 -1.0 -1.0 -1.0 -1.0 -1.0 1.822 1.881 4.479 1425.371 1.044 1200.988 0.8688074485632576 1.0
4.0 1.0 Car -1.0 -1.0 -1.0 -1.0 -1.0 -1.0 -1.0 1.839 1.752 4.822 1447.489 0.596 1215.63 0.8345815417218745 1.0
4.0 3.0 Truck -1.0 -1.0 -1.0 -1.0 -1.0 -1.0 -1.0 2.339 2.064 5.729 1449.115 0.928 1231.673 1.1394731087591192 0.0
4.0 0.0 Bus -1.0 -1.0 -1.0 -1.0 -1.0 -1.0 -1.0 3.025 3.713 14.527 1437.58 1.7 1214.372 0.8686678217532084 1.0
5.0 7.0 Truck -1.0 -1.0 -1.0 -1.0 -1.0 -1.0 -1.0 3.154 4.041 14.015 1424.493 2.174 1188.959 0.8639330248047676 1.0
5.0 4.0 Car -1.0 -1.0 -1.0 -1.0 -1.0 -1.0 -1.0 1.93 1.906 4.789 1449.578 0.963 1245.307 2.122853045668424 0.0
5.0 6.0 Car -1.0 -1.0 -1.0 -1.0 -1.0 -1.0 -1.0 1.822 1.881 4.479 1426.959 1.044 1202.843 0.8688074485632576 1.0
5.0 1.0 Car -1.0 -1.0 -1.0 -1.0 -1.0 -1.0 -1.0 1.839 1.752 4.822 1449.778 0.596 1217.923 0.8171282492019313 1.0
5.0 3.0 Truck -1.0 -1.0 -1.0 -1.0 -1.0 -1.0 -1.0 2.339 2.064 5.729 1449.961 0.928 1233.926 1.2616461563987227 0.0
5.0 0.0 Bus -1.0 -1.0 -1.0 -1.0 -1.0 -1.0 -1.0 3.025 3.713 14.527 1438.789 1.7 1215.825 0.8686678217532084 1.0
6.0 7.0 Truck -1.0 -1.0 -1.0 -1.0 -1.0 -1.0 -1.0 3.154 4.041 14.015 1425.977 2.174 1190.755 0.854792454473419 1.0
6.0 4.0 Car -1.0 -1.0 -1.0 -1.0 -1.0 -1.0 -1.0 1.93 1.906 4.789 1447.289 0.91 1248.018 2.297555168133112 0.0
6.0 6.0 Car -1.0 -1.0 -1.0 -1.0 -1.0 -1.0 -1.0 1.822 1.881 4.479 1428.705 1.044 1204.883 0.8688074485632576 1.0
6.0 1.0 Car -1.0 -1.0 -1.0 -1.0 -1.0 -1.0 -1.0 1.839 1.752 4.822 1452.341 0.646 1220.46 0.7647683716421012 0.0
6.0 3.0 Truck -1.0 -1.0 -1.0 -1.0 -1.0 -1.0 -1.0 2.339 2.064 5.729 1450.249 0.928 1237.717 1.5750261645395487 0.0
6.0 0.0 Bus -1.0 -1.0 -1.0 -1.0 -1.0 -1.0 -1.0 3.025 3.713 14.527 1440.119 1.7 1217.422 0.8686678217532084 1.0
7.0 7.0 Truck -1.0 -1.0 -1.0 -1.0 -1.0 -1.0 -1.0 3.154 4.041 14.015 1427.322 2.174 1192.29 0.8635096129239052 1.0
7.0 4.0 Car -1.0 -1.0 -1.0 -1.0 -1.0 -1.0 -1.0 1.93 1.906 4.789 1445.086 0.862 1250.291 2.355682265899888 0.0
7.0 6.0 Car -1.0 -1.0 -1.0 -1.0 -1.0 -1.0 -1.0 1.822 1.881 4.479 1430.265 1.044 1206.658 0.8688074485632576 1.0
7.0 1.0 Car -1.0 -1.0 -1.0 -1.0 -1.0 -1.0 -1.0 1.839 1.752 4.822 1454.859 0.746 1222.504 0.637069651129305 0.0
7.0 3.0 Truck -1.0 -1.0 -1.0 -1.0 -1.0 -1.0 -1.0 2.339 2.064 5.729 1449.485 0.928 1241.088 1.8597301772479158 0.0
7.0 0.0 Bus -1.0 -1.0 -1.0 -1.0 -1.0 -1.0 -1.0 3.025 3.713 14.527 1441.495 1.7 1218.991 0.8773849802036945 1.0
8.0 7.0 Truck -1.0 -1.0 -1.0 -1.0 -1.0 -1.0 -1.0 3.154 4.041 14.015 1428.671 2.174 1193.828 0.8722457469933624 1.0
8.0 4.0 Car -1.0 -1.0 -1.0 -1.0 -1.0 -1.0 -1.0 1.93 1.906 4.789 1442.75 0.815 1252.437 2.4139358954562815 0.0
8.0 6.0 Car -1.0 -1.0 -1.0 -1.0 -1.0 -1.0 -1.0 1.822 1.881 4.479 1431.829 1.044 1208.436 0.8688074485632576 1.0
8.0 1.0 Car -1.0 -1.0 -1.0 -1.0 -1.0 -1.0 -1.0 1.839 1.752 4.822 1457.632 0.796 1224.051 0.4566570918044694 0.0
8.0 3.0 Truck -1.0 -1.0 -1.0 -1.0 -1.0 -1.0 -1.0 2.339 2.064 5.729 1447.8 0.928 1244.115 2.1450539371933415 0.0
8.0 0.0 Bus -1.0 -1.0 -1.0 -1.0 -1.0 -1.0 -1.0 3.025 3.713 14.527 1442.873 1.7 1220.564 0.8861211142731518 1.0
9.0 7.0 Truck -1.0 -1.0 -1.0 -1.0 -1.0 -1.0 -1.0 3.154 4.041 14.015 1429.886 2.174 1195.287 0.8722457469933624 1.0
9.0 4.0 Car -1.0 -1.0 -1.0 -1.0 -1.0 -1.0 -1.0 1.93 1.906 4.789 1440.29 0.767 1254.446 2.472249706185841 0.0
9.0 6.0 Car -1.0 -1.0 -1.0 -1.0 -1.0 -1.0 -1.0 1.822 1.881 4.479 1433.32 1.044 1210.178 0.8600712719224273 1.0
9.0 1.0 Car -1.0 -1.0 -1.0 -1.0 -1.0 -1.0 -1.0 1.839 1.752 4.822 1460.234 0.896 1224.949 0.2935294736036323 0.0
9.0 3.0 Truck -1.0 -1.0 -1.0 -1.0 -1.0 -1.0 -1.0 2.339 2.064 5.729 1445.328 0.928 1246.547 2.43067246192401 0.0
9.0 0.0 Bus -1.0 -1.0 -1.0 -1.0 -1.0 -1.0 -1.0 3.025 3.713 14.527 1444.201 1.7 1222.307 0.8948572909139821 1.0
10.0 7.0 Truck -1.0 -1.0 -1.0 -1.0 -1.0 -1.0 -1.0 3.154 4.041 14.015 1431.098 2.174 1196.742 0.8722457469933624 1.0
10.0 4.0 Car -1.0 -1.0 -1.0 -1.0 -1.0 -1.0 -1.0 1.93 1.906 4.789 1437.724 0.719 1256.304 2.5304362866982424 0.0
10.0 6.0 Car -1.0 -1.0 -1.0 -1.0 -1.0 -1.0 -1.0 1.822 1.881 4.479 1434.808 1.044 1211.917 0.8513541560433142 1.0
10.0 1.0 Car -1.0 -1.0 -1.0 -1.0 -1.0 -1.0 -1.0 1.839 1.752 4.822 1463.476 0.996 1225.526 0.11331362209403695 0.0
10.0 3.0 Truck -1.0 -1.0 -1.0 -1.0 -1.0 -1.0 -1.0 2.339 2.064 5.729 1442.833 0.903 1248.543 2.4656357257318633 0.0
10.0 0.0 Bus -1.0 -1.0 -1.0 -1.0 -1.0 -1.0 -1.0 3.025 3.713 14.527 1445.527 1.7 1224.046 0.9035744067930951 1.0
11.0 7.0 Truck -1.0 -1.0 -1.0 -1.0 -1.0 -1.0 -1.0 3.154 4.041 14.015 1432.288 2.149 1198.171 0.8722457469933624 1.0
11.0 4.0 Car -1.0 -1.0 -1.0 -1.0 -1.0 -1.0 -1.0 1.93 1.906 4.789 1435.05 0.671 1258.011 2.5886897998500453 0.0
11.0 6.0 Car -1.0 -1.0 -1.0 -1.0 -1.0 -1.0 -1.0 1.822 1.881 4.479 1436.184 1.044 1213.552 0.8600810464413757 1.0
11.0 1.0 Car -1.0 -1.0 -1.0 -1.0 -1.0 -1.0 -1.0 1.839 1.752 4.822 1466.739 1.046 1225.478 -0.10201611865681537 0.0
11.0 3.0 Truck -1.0 -1.0 -1.0 -1.0 -1.0 -1.0 -1.0 2.339 2.064 5.729 1440.267 0.878 1250.452 2.500639208152121 0.0
11.0 0.0 Bus -1.0 -1.0 -1.0 -1.0 -1.0 -1.0 -1.0 3.025 3.713 14.527 1446.796 1.7 1225.885 0.9472088587834016 1.0
12.0 7.0 Truck -1.0 -1.0 -1.0 -1.0 -1.0 -1.0 -1.0 3.154 4.041 14.015 1433.477 2.124 1199.599 0.8722457469933624 1.0
12.0 4.0 Car -1.0 -1.0 -1.0 -1.0 -1.0 -1.0 -1.0 1.93 1.906 4.789 1431.914 0.674 1259.811 2.6017866132339513 0.0
12.0 6.0 Car -1.0 -1.0 -1.0 -1.0 -1.0 -1.0 -1.0 1.822 1.881 4.479 1437.56 1.044 1215.187 0.8688074485632576 1.0
12.0 1.0 Car -1.0 -1.0 -1.0 -1.0 -1.0 -1.0 -1.0 1.839 1.752 4.822 1470.094 1.096 1224.737 -0.24752259451461023 0.0
12.0 3.0 Truck -1.0 -1.0 -1.0 -1.0 -1.0 -1.0 -1.0 2.339 2.064 5.729 1437.636 0.853 1252.271 2.535640732100818 0.0
12.0 0.0 Bus -1.0 -1.0 -1.0 -1.0 -1.0 -1.0 -1.0 3.025 3.713 14.527 1447.984 1.7 1227.777 0.9908408693928118 1.0
13.0 7.0 Truck -1.0 -1.0 -1.0 -1.0 -1.0 -1.0 -1.0 3.154 4.041 14.015 1434.739 2.124 1201.113 0.8722457469933624 1.0
13.0 4.0 Car -1.0 -1.0 -1.0 -1.0 -1.0 -1.0 -1.0 1.93 1.906 4.789 1428.555 0.676 1261.709 2.6148837406825898 0.0
13.0 6.0 Car -1.0 -1.0 -1.0 -1.0 -1.0 -1.0 -1.0 1.822 1.881 4.479 1438.767 1.044 1216.622 0.8688074485632576 0.0
13.0 5.0 Car -1.0 -1.0 -1.0 -1.0 -1.0 -1.0 -1.0 1.952 1.788 4.397 1425.513 1.145 1196.348 0.8729438786572226 0.0
13.0 1.0 Car -1.0 -1.0 -1.0 -1.0 -1.0 -1.0 -1.0 1.839 1.752 4.822 1473.929 1.096 1223.551 -0.3451430335433323 0.0
13.0 3.0 Truck -1.0 -1.0 -1.0 -1.0 -1.0 -1.0 -1.0 2.339 2.064 5.729 1434.942 0.828 1253.996 2.5706430953944697 0.0
13.0 0.0 Bus -1.0 -1.0 -1.0 -1.0 -1.0 -1.0 -1.0 3.025 3.713 14.527 1448.979 1.7 1229.697 1.0519591477894983 1.0
14.0 7.0 Truck -1.0 -1.0 -1.0 -1.0 -1.0 -1.0 -1.0 3.154 4.041 14.015 1435.999 2.124 1202.626 0.8722457469933624 1.0
14.0 4.0 Car -1.0 -1.0 -1.0 -1.0 -1.0 -1.0 -1.0 1.93 1.906 4.789 1424.772 0.678 1263.852 2.6279672586595133 0.0
14.0 6.0 Car -1.0 -1.0 -1.0 -1.0 -1.0 -1.0 -1.0 1.822 1.881 4.479 1439.834 1.044 1217.89 0.8688074485632576 0.0
14.0 5.0 Car -1.0 -1.0 -1.0 -1.0 -1.0 -1.0 -1.0 1.952 1.788 4.397 1428.249 1.114 1199.626 0.8729438786572226 1.0
14.0 1.0 Car -1.0 -1.0 -1.0 -1.0 -1.0 -1.0 -1.0 1.839 1.752 4.822 1477.694 1.196 1222.045 -0.4077917203857595 0.0
14.0 3.0 Truck -1.0 -1.0 -1.0 -1.0 -1.0 -1.0 -1.0 2.339 2.064 5.729 1431.562 0.811 1256.122 2.5766630941000033 0.0
14.0 0.0 Bus -1.0 -1.0 -1.0 -1.0 -1.0 -1.0 -1.0 3.025 3.713 14.527 1449.854 1.7 1231.671 1.1130139170324151 1.0
15.0 7.0 Truck -1.0 -1.0 -1.0 -1.0 -1.0 -1.0 -1.0 3.154 4.041 14.015 1437.184 2.098 1204.048 0.8722457469933624 1.0
15.0 6.0 Car -1.0 -1.0 -1.0 -1.0 -1.0 -1.0 -1.0 1.822 1.881 4.479 1440.631 1.044 1218.84 0.8688074485632576 0.0
15.0 5.0 Car -1.0 -1.0 -1.0 -1.0 -1.0 -1.0 -1.0 1.952 1.788 4.397 1430.882 1.083 1202.831 0.8729438786572226 1.0
15.0 1.0 Car -1.0 -1.0 -1.0 -1.0 -1.0 -1.0 -1.0 1.839 1.752 4.822 1481.559 1.196 1220.122 -0.4878884362478426 0.0
15.0 3.0 Truck -1.0 -1.0 -1.0 -1.0 -1.0 -1.0 -1.0 2.339 2.064 5.729 1428.182 0.794 1258.248 2.582682587028536 0.0
15.0 0.0 Bus -1.0 -1.0 -1.0 -1.0 -1.0 -1.0 -1.0 3.025 3.713 14.527 1450.405 1.7 1233.646 1.232470273522014 1.0
16.0 7.0 Truck -1.0 -1.0 -1.0 -1.0 -1.0 -1.0 -1.0 3.154 4.041 14.015 1438.249 2.074 1205.327 0.8722457469933624 1.0
16.0 6.0 Car -1.0 -1.0 -1.0 -1.0 -1.0 -1.0 -1.0 1.822 1.881 4.479 1441.157 1.044 1219.469 0.8688074485632576 0.0
16.0 5.0 Car -1.0 -1.0 -1.0 -1.0 -1.0 -1.0 -1.0 1.952 1.788 4.397 1433.098 1.055 1205.543 0.8729438786572226 1.0
16.0 1.0 Car -1.0 -1.0 -1.0 -1.0 -1.0 -1.0 -1.0 1.839 1.752 4.822 1485.237 1.221 1218.087 -0.49804284480186345 0.0
16.0 0.0 Bus -1.0 -1.0 -1.0 -1.0 -1.0 -1.0 -1.0 3.025 3.713 14.527 1450.697 1.7 1235.467 1.339906719791678 1.0
17.0 7.0 Truck -1.0 -1.0 -1.0 -1.0 -1.0 -1.0 -1.0 3.154 4.041 14.015 1439.24 2.049 1206.519 0.8722457469933624 0.0
17.0 6.0 Car -1.0 -1.0 -1.0 -1.0 -1.0 -1.0 -1.0 1.822 1.881 4.479 1441.527 1.044 1219.89 0.8688074485632576 0.0
17.0 5.0 Car -1.0 -1.0 -1.0 -1.0 -1.0 -1.0 -1.0 1.952 1.788 4.397 1435.52 1.024 1208.413 0.8554905861372791 1.0
17.0 1.0 Car -1.0 -1.0 -1.0 -1.0 -1.0 -1.0 -1.0 1.839 1.752 4.822 1489.323 1.146 1215.826 -0.50932198231376 0.0
17.0 0.0 Bus -1.0 -1.0 -1.0 -1.0 -1.0 -1.0 -1.0 3.025 3.713 14.527 1450.535 1.7 1237.729 1.488190814209624 1.0
18.0 7.0 Truck -1.0 -1.0 -1.0 -1.0 -1.0 -1.0 -1.0 3.154 4.041 14.015 1440.231 2.024 1207.712 0.8722457469933624 0.0
18.0 6.0 Car -1.0 -1.0 -1.0 -1.0 -1.0 -1.0 -1.0 1.822 1.881 4.479 1441.718 1.044 1220.099 0.8688074485632576 0.0
18.0 5.0 Car -1.0 -1.0 -1.0 -1.0 -1.0 -1.0 -1.0 1.952 1.788 4.397 1437.693 0.993 1210.858 0.8380372936173359 1.0
18.0 0.0 Bus -1.0 -1.0 -1.0 -1.0 -1.0 -1.0 -1.0 3.025 3.713 14.527 1450.04 1.7 1239.944 1.6366126926307139 1.0
19.0 7.0 Truck -1.0 -1.0 -1.0 -1.0 -1.0 -1.0 -1.0 3.154 4.041 14.015 1440.745 1.999 1208.278 0.8722457469933624 0.0
19.0 8.0 Car -1.0 -1.0 -1.0 -1.0 -1.0 -1.0 -1.0 1.833 1.699 4.834 1446.749 0.381 1268.645 -2.0627303436188393 0.0
19.0 6.0 Car -1.0 -1.0 -1.0 -1.0 -1.0 -1.0 -1.0 1.822 1.881 4.479 1441.72 1.044 1220.085 0.8688074485632576 0.0
19.0 5.0 Car -1.0 -1.0 -1.0 -1.0 -1.0 -1.0 -1.0 1.952 1.788 4.397 1439.588 0.979 1212.939 0.8322259771386492 1.0
19.0 0.0 Bus -1.0 -1.0 -1.0 -1.0 -1.0 -1.0 -1.0 3.025 3.713 14.527 1449.289 1.7 1242.159 1.8110490233639662 1.0
20.0 7.0 Truck -1.0 -1.0 -1.0 -1.0 -1.0 -1.0 -1.0 3.154 4.041 14.015 1441.26 1.974 1208.844 0.8722457469933624 0.0
20.0 8.0 Car -1.0 -1.0 -1.0 -1.0 -1.0 -1.0 -1.0 1.833 1.699 4.834 1446.749 0.386 1268.639 -2.0637567372108574 0.0
20.0 6.0 Car -1.0 -1.0 -1.0 -1.0 -1.0 -1.0 -1.0 1.822 1.881 4.479 1441.722 1.044 1220.071 0.8688074485632576 0.0
20.0 5.0 Car -1.0 -1.0 -1.0 -1.0 -1.0 -1.0 -1.0 1.952 1.788 4.397 1441.28 0.965 1214.799 0.8264082246037727 1.0
20.0 0.0 Bus -1.0 -1.0 -1.0 -1.0 -1.0 -1.0 -1.0 3.025 3.713 14.527 1448.164 1.7 1244.212 1.98567854302958 1.0
21.0 7.0 Truck -1.0 -1.0 -1.0 -1.0 -1.0 -1.0 -1.0 3.154 4.041 14.015 1441.266 1.977 1208.854 0.8722457469933624 0.0
21.0 8.0 Car -1.0 -1.0 -1.0 -1.0 -1.0 -1.0 -1.0 1.833 1.699 4.834 1446.749 0.392 1268.634 -2.064784272440242 0.0
21.0 6.0 Car -1.0 -1.0 -1.0 -1.0 -1.0 -1.0 -1.0 1.822 1.881 4.479 1441.732 1.044 1220.083 0.8688074485632576 0.0
21.0 5.0 Car -1.0 -1.0 -1.0 -1.0 -1.0 -1.0 -1.0 1.952 1.788 4.397 1442.646 0.95 1216.306 0.8205840010973926 1.0
21.0 0.0 Bus -1.0 -1.0 -1.0 -1.0 -1.0 -1.0 -1.0 3.025 3.713 14.527 1446.515 1.7 1246.489 2.116505167685522 1.0
22.0 7.0 Truck -1.0 -1.0 -1.0 -1.0 -1.0 -1.0 -1.0 3.154 4.041 14.015 1441.272 1.98 1208.863 0.8722457469933624 0.0
22.0 8.0 Car -1.0 -1.0 -1.0 -1.0 -1.0 -1.0 -1.0 1.833 1.699 4.834 1446.748 0.398 1268.629 -2.0658129554669067 1.0
22.0 6.0 Car -1.0 -1.0 -1.0 -1.0 -1.0 -1.0 -1.0 1.822 1.881 4.479 1441.742 1.044 1220.094 0.8688074485632576 0.0
22.0 2.0 Car -1.0 -1.0 -1.0 -1.0 -1.0 -1.0 -1.0 1.789 1.903 4.491 1453.814 0.679 1274.257 -2.0998579829299193 0.0
22.0 5.0 Car -1.0 -1.0 -1.0 -1.0 -1.0 -1.0 -1.0 1.952 1.788 4.397 1443.738 0.919 1217.477 0.8205840010973926 0.0
22.0 0.0 Bus -1.0 -1.0 -1.0 -1.0 -1.0 -1.0 -1.0 3.025 3.713 14.527 1444.582 1.7 1248.533 2.24747793082873 0.0
23.0 7.0 Truck -1.0 -1.0 -1.0 -1.0 -1.0 -1.0 -1.0 3.154 4.041 14.015 1441.277 1.982 1208.872 0.8722457469933624 0.0
23.0 8.0 Car -1.0 -1.0 -1.0 -1.0 -1.0 -1.0 -1.0 1.833 1.699 4.834 1446.748 0.403 1268.624 -2.0668405071227283 1.0
23.0 6.0 Car -1.0 -1.0 -1.0 -1.0 -1.0 -1.0 -1.0 1.822 1.881 4.479 1441.741 1.044 1220.09 0.8688074485632576 0.0
23.0 2.0 Car -1.0 -1.0 -1.0 -1.0 -1.0 -1.0 -1.0 1.789 1.903 4.491 1453.814 0.679 1274.257 -2.0998579829299193 1.0
23.0 5.0 Car -1.0 -1.0 -1.0 -1.0 -1.0 -1.0 -1.0 1.952 1.788 4.397 1444.503 0.9 1218.297 0.8205840010973926 0.0
23.0 0.0 Bus -1.0 -1.0 -1.0 -1.0 -1.0 -1.0 -1.0 3.025 3.713 14.527 1442.203 1.7 1250.821 2.3609885229724057 0.0
24.0 7.0 Truck -1.0 -1.0 -1.0 -1.0 -1.0 -1.0 -1.0 3.154 4.041 14.015 1441.283 1.985 1208.882 0.8722457469933624 0.0
24.0 8.0 Car -1.0 -1.0 -1.0 -1.0 -1.0 -1.0 -1.0 1.833 1.699 4.834 1446.748 0.409 1268.619 -2.067866896608136 1.0
24.0 6.0 Car -1.0 -1.0 -1.0 -1.0 -1.0 -1.0 -1.0 1.822 1.881 4.479 1441.739 1.044 1220.085 0.8688074485632576 0.0
24.0 2.0 Car -1.0 -1.0 -1.0 -1.0 -1.0 -1.0 -1.0 1.789 1.903 4.491 1453.839 0.679 1274.303 -2.0998579829299193 1.0
24.0 5.0 Car -1.0 -1.0 -1.0 -1.0 -1.0 -1.0 -1.0 1.952 1.788 4.397 1445.06 0.881 1218.918 0.8205840010973926 0.0
24.0 0.0 Bus -1.0 -1.0 -1.0 -1.0 -1.0 -1.0 -1.0 3.025 3.713 14.527 1439.584 1.7 1252.823 2.474370733587993 0.0
25.0 7.0 Truck -1.0 -1.0 -1.0 -1.0 -1.0 -1.0 -1.0 3.154 4.041 14.015 1441.289 1.988 1208.891 0.8722457469933624 0.0
25.0 8.0 Car -1.0 -1.0 -1.0 -1.0 -1.0 -1.0 -1.0 1.833 1.699 4.834 1446.748 0.414 1268.613 -2.0688956289141123 1.0
25.0 2.0 Car -1.0 -1.0 -1.0 -1.0 -1.0 -1.0 -1.0 1.789 1.903 4.491 1453.646 0.679 1273.975 -2.0998579829299193 1.0
25.0 5.0 Car -1.0 -1.0 -1.0 -1.0 -1.0 -1.0 -1.0 1.952 1.788 4.397 1445.618 0.862 1219.539 0.8205840010973926 0.0
25.0 0.0 Bus -1.0 -1.0 -1.0 -1.0 -1.0 -1.0 -1.0 3.025 3.713 14.527 1436.488 1.7 1254.979 2.518078335674195 0.0
26.0 7.0 Truck -1.0 -1.0 -1.0 -1.0 -1.0 -1.0 -1.0 3.154 4.041 14.015 1441.294 1.99 1208.901 0.8722457469933624 0.0
26.0 8.0 Car -1.0 -1.0 -1.0 -1.0 -1.0 -1.0 -1.0 1.833 1.699 4.834 1446.747 0.42 1268.608 -2.0699208603357175 1.0
26.0 2.0 Car -1.0 -1.0 -1.0 -1.0 -1.0 -1.0 -1.0 1.789 1.903 4.491 1453.639 0.679 1273.966 -2.0998579829299193 1.0
26.0 5.0 Car -1.0 -1.0 -1.0 -1.0 -1.0 -1.0 -1.0 1.952 1.788 4.397 1445.856 0.843 1219.816 0.8205840010973926 0.0
26.0 0.0 Bus -1.0 -1.0 -1.0 -1.0 -1.0 -1.0 -1.0 3.025 3.713 14.527 1433.311 1.7 1256.991 2.56163719618771 0.0
27.0 7.0 Truck -1.0 -1.0 -1.0 -1.0 -1.0 -1.0 -1.0 3.154 4.041 14.015 1441.3 1.993 1208.91 0.8722457469933624 0.0
27.0 8.0 Car -1.0 -1.0 -1.0 -1.0 -1.0 -1.0 -1.0 1.833 1.699 4.834 1446.747 0.426 1268.603 -2.0709483339659625 0.0
27.0 2.0 Car -1.0 -1.0 -1.0 -1.0 -1.0 -1.0 -1.0 1.789 1.903 4.491 1453.632 0.679 1273.956 -2.0998579829299193 0.0
27.0 5.0 Car -1.0 -1.0 -1.0 -1.0 -1.0 -1.0 -1.0 1.952 1.788 4.397 1446.094 0.825 1220.093 0.8205840010973926 0.0
27.0 0.0 Bus -1.0 -1.0 -1.0 -1.0 -1.0 -1.0 -1.0 3.025 3.713 14.527 1429.755 1.7 1259.152 2.587831058963425 0.0
28.0 7.0 Truck -1.0 -1.0 -1.0 -1.0 -1.0 -1.0 -1.0 3.154 4.041 14.015 1441.306 1.995 1208.92 0.8722457469933624 0.0
28.0 8.0 Car -1.0 -1.0 -1.0 -1.0 -1.0 -1.0 -1.0 1.833 1.699 4.834 1446.747 0.431 1268.598 -2.0719747152381527 0.0
28.0 2.0 Car -1.0 -1.0 -1.0 -1.0 -1.0 -1.0 -1.0 1.789 1.903 4.491 1453.431 0.679 1273.613 -2.0998579829299193 0.0
28.0 5.0 Car -1.0 -1.0 -1.0 -1.0 -1.0 -1.0 -1.0 1.952 1.788 4.397 1446.167 0.806 1220.172 0.8205840010973926 0.0
28.0 0.0 Bus -1.0 -1.0 -1.0 -1.0 -1.0 -1.0 -1.0 3.025 3.713 14.527 1426.147 1.7 1261.217 2.6139970737475395 0.0
29.0 8.0 Car -1.0 -1.0 -1.0 -1.0 -1.0 -1.0 -1.0 1.833 1.699 4.834 1446.747 0.437 1268.593 -2.0730022730538877 0.0
29.0 2.0 Car -1.0 -1.0 -1.0 -1.0 -1.0 -1.0 -1.0 1.789 1.903 4.491 1453.228 0.679 1273.27 -2.0998579829299193 0.0
29.0 5.0 Car -1.0 -1.0 -1.0 -1.0 -1.0 -1.0 -1.0 1.952 1.788 4.397 1446.24 0.787 1220.25 0.8205840010973926 0.0
29.0 0.0 Bus -1.0 -1.0 -1.0 -1.0 -1.0 -1.0 -1.0 3.025 3.713 14.527 1422.488 1.7 1263.209 2.6306326187087388 0.0
30.0 8.0 Car -1.0 -1.0 -1.0 -1.0 -1.0 -1.0 -1.0 1.833 1.699 4.834 1446.746 0.443 1268.587 -2.074130853456769 0.0
30.0 2.0 Car -1.0 -1.0 -1.0 -1.0 -1.0 -1.0 -1.0 1.789 1.903 4.491 1453.006 0.679 1272.893 -2.0998579829299193 0.0
30.0 5.0 Car -1.0 -1.0 -1.0 -1.0 -1.0 -1.0 -1.0 1.952 1.788 4.397 1446.235 0.766 1220.244 0.8205840010973926 0.0
30.0 0.0 Bus -1.0 -1.0 -1.0 -1.0 -1.0 -1.0 -1.0 3.025 3.713 14.527 1418.469 1.7 1265.397 2.648903658787426 0.0
31.0 8.0 Car -1.0 -1.0 -1.0 -1.0 -1.0 -1.0 -1.0 1.833 1.699 4.834 1446.377 0.449 1267.909 -2.075157281954965 0.0
31.0 2.0 Car -1.0 -1.0 -1.0 -1.0 -1.0 -1.0 -1.0 1.789 1.903 4.491 1452.805 0.679 1272.55 -2.0998579829299193 0.0
31.0 5.0 Car -1.0 -1.0 -1.0 -1.0 -1.0 -1.0 -1.0 1.952 1.788 4.397 1446.229 0.747 1220.239 0.8205840010973926 0.0
31.0 0.0 Bus -1.0 -1.0 -1.0 -1.0 -1.0 -1.0 -1.0 3.025 3.713 14.527 1414.858 1.7 1267.363 2.648903658787426 0.0
32.0 8.0 Car -1.0 -1.0 -1.0 -1.0 -1.0 -1.0 -1.0 1.833 1.699 4.834 1445.912 0.454 1267.057 -2.076182505163351 0.0
32.0 2.0 Car -1.0 -1.0 -1.0 -1.0 -1.0 -1.0 -1.0 1.789 1.903 4.491 1451.923 0.679 1270.996 -2.0927397511886396 0.0
32.0 5.0 Car -1.0 -1.0 -1.0 -1.0 -1.0 -1.0 -1.0 1.952 1.788 4.397 1446.229 0.747 1220.239 0.8205840010973926 0.0
32.0 0.0 Bus -1.0 -1.0 -1.0 -1.0 -1.0 -1.0 -1.0 3.025 3.713 14.527 1411.251 1.7 1269.327 2.648903658787426 0.0
33.0 8.0 Car -1.0 -1.0 -1.0 -1.0 -1.0 -1.0 -1.0 1.833 1.699 4.834 1445.543 0.459 1266.379 -2.077105578520356 0.0
33.0 2.0 Car -1.0 -1.0 -1.0 -1.0 -1.0 -1.0 -1.0 1.789 1.903 4.491 1451.129 0.679 1269.598 -2.0863307565271683 0.0
33.0 5.0 Car -1.0 -1.0 -1.0 -1.0 -1.0 -1.0 -1.0 1.952 1.788 4.397 1446.229 0.747 1220.239 0.8205840010973926 0.0
33.0 0.0 Bus -1.0 -1.0 -1.0 -1.0 -1.0 -1.0 -1.0 3.025 3.713 14.527 1408.045 1.7 1271.073 2.648903658787426 0.0
34.0 8.0 Car -1.0 -1.0 -1.0 -1.0 -1.0 -1.0 -1.0 1.833 1.699 4.834 1444.521 0.465 1264.52 -2.0781319864855057 0.0
34.0 2.0 Car -1.0 -1.0 -1.0 -1.0 -1.0 -1.0 -1.0 1.789 1.903 4.491 1450.057 0.679 1267.717 -2.07920429889602 0.0
35.0 8.0 Car -1.0 -1.0 -1.0 -1.0 -1.0 -1.0 -1.0 1.833 1.699 4.834 1443.32 0.47 1262.341 -2.0791583780242178 0.0
35.0 2.0 Car -1.0 -1.0 -1.0 -1.0 -1.0 -1.0 -1.0 1.789 1.903 4.491 1448.685 0.679 1265.297 -2.0720779553153386 0.0
36.0 8.0 Car -1.0 -1.0 -1.0 -1.0 -1.0 -1.0 -1.0 1.833 1.699 4.834 1441.966 0.488 1259.894 -2.0791583780242178 0.0
36.0 2.0 Car -1.0 -1.0 -1.0 -1.0 -1.0 -1.0 -1.0 1.789 1.903 4.491 1447.262 0.679 1262.781 -2.064951397890033 0.0
37.0 8.0 Car -1.0 -1.0 -1.0 -1.0 -1.0 -1.0 -1.0 1.833 1.699 4.834 1440.613 0.505 1257.448 -2.0791583780242178 0.0
37.0 2.0 Car -1.0 -1.0 -1.0 -1.0 -1.0 -1.0 -1.0 1.789 1.903 4.491 1445.66 0.679 1259.675 -2.04749810537009 0.0
38.0 8.0 Car -1.0 -1.0 -1.0 -1.0 -1.0 -1.0 -1.0 1.833 1.699 4.834 1438.997 0.523 1254.551 -2.0791583780242178 0.0
38.0 2.0 Car -1.0 -1.0 -1.0 -1.0 -1.0 -1.0 -1.0 1.789 1.903 4.491 1443.931 0.679 1256.28 -2.030044812850147 0.0
