0.0 1.0 Truck -1.0 -1.0 -1.0 -1.0 -1.0 -1.0 -1.0 2.693 3.364 6.618 1835.264 1.439 1131.162 -1.0009114194370294 0.0
1.0 1.0 Truck -1.0 -1.0 -1.0 -1.0 -1.0 -1.0 -1.0 2.693 3.364 6.618 1838.338 1.654 1127.071 -0.9734668293061972 0.0
2.0 1.0 Truck -1.0 -1.0 -1.0 -1.0 -1.0 -1.0 -1.0 2.693 3.364 6.618 1841.293 1.951 1122.83 -0.9809066735346206 0.0
3.0 1.0 Truck -1.0 -1.0 -1.0 -1.0 -1.0 -1.0 -1.0 2.693 3.364 6.618 1844.869 2.013 1118.14 -0.952042200381189 1.0
4.0 1.0 Truck -1.0 -1.0 -1.0 -1.0 -1.0 -1.0 -1.0 2.693 3.364 6.618 1847.936 1.518 1113.817 -0.9450727881253842 1.0
5.0 1.0 Truck -1.0 -1.0 -1.0 -1.0 -1.0 -1.0 -1.0 2.693 3.364 6.618 1850.975 1.574 1109.458 -0.9380866681402188 1.0
6.0 1.0 Truck -1.0 -1.0 -1.0 -1.0 -1.0 -1.0 -1.0 2.693 3.364 6.618 1854.025 1.579 1105.16 -0.9485515418772001 1.0
7.0 1.0 Truck -1.0 -1.0 -1.0 -1.0 -1.0 -1.0 -1.0 2.693 3.364 6.618 1856.975 1.692 1101.238 -0.9093756856843003 1.0
8.0 1.0 Truck -1.0 -1.0 -1.0 -1.0 -1.0 -1.0 -1.0 2.693 3.364 6.618 1860.246 1.817 1096.99 -0.8854426151448265 1.0
8.0 0.0 Truck -1.0 -1.0 -1.0 -1.0 -1.0 -1.0 -1.0 3.116 3.193 9.531 1970.912 1.484 1025.197 2.5964216084142433 0.0
9.0 1.0 Truck -1.0 -1.0 -1.0 -1.0 -1.0 -1.0 -1.0 2.693 3.364 6.618 1863.449 1.83 1093.318 -0.8636954984929329 1.0
9.0 0.0 Truck -1.0 -1.0 -1.0 -1.0 -1.0 -1.0 -1.0 3.116 3.193 9.531 1967.613 1.472 1027.211 2.590600579530621 1.0
10.0 1.0 Truck -1.0 -1.0 -1.0 -1.0 -1.0 -1.0 -1.0 2.693 3.364 6.618 1866.585 1.794 1089.59 -0.841948381841039 1.0
10.0 0.0 Truck -1.0 -1.0 -1.0 -1.0 -1.0 -1.0 -1.0 3.116 3.193 9.531 1964.313 1.461 1029.225 2.5847795506469993 1.0
11.0 1.0 Truck -1.0 -1.0 -1.0 -1.0 -1.0 -1.0 -1.0 2.693 3.364 6.618 1869.954 1.959 1085.964 -0.8198335095426197 1.0
11.0 0.0 Truck -1.0 -1.0 -1.0 -1.0 -1.0 -1.0 -1.0 3.116 3.193 9.531 1961.014 1.449 1031.239 2.5789585682913154 1.0
12.0 1.0 Truck -1.0 -1.0 -1.0 -1.0 -1.0 -1.0 -1.0 2.693 3.364 6.618 1874.493 1.996 1081.972 -0.7490549127341826 1.0
12.0 0.0 Truck -1.0 -1.0 -1.0 -1.0 -1.0 -1.0 -1.0 3.116 3.193 9.531 1957.055 1.435 1033.655 2.5719732940822215 1.0
13.0 2.0 Car -1.0 -1.0 -1.0 -1.0 -1.0 -1.0 -1.0 1.988 1.905 4.701 1956.643 1.021 1046.679 -2.3127958257201344 0.0
13.0 1.0 Truck -1.0 -1.0 -1.0 -1.0 -1.0 -1.0 -1.0 2.693 3.364 6.618 1877.663 1.971 1079.053 -0.7020029151482725 1.0
13.0 0.0 Truck -1.0 -1.0 -1.0 -1.0 -1.0 -1.0 -1.0 3.116 3.193 9.531 1954.423 1.426 1035.262 2.5673296430345363 1.0
14.0 2.0 Car -1.0 -1.0 -1.0 -1.0 -1.0 -1.0 -1.0 1.988 1.905 4.701 1956.63 1.003 1046.761 -2.2937653884656606 1.0
14.0 1.0 Truck -1.0 -1.0 -1.0 -1.0 -1.0 -1.0 -1.0 2.693 3.364 6.618 1881.69 2.027 1075.812 -0.6256327342996643 1.0
14.0 0.0 Truck -1.0 -1.0 -1.0 -1.0 -1.0 -1.0 -1.0 3.116 3.193 9.531 1951.154 1.429 1037.428 2.565390699508678 0.0
15.0 2.0 Car -1.0 -1.0 -1.0 -1.0 -1.0 -1.0 -1.0 1.988 1.905 4.701 1956.615 0.985 1046.842 -2.274756422611661 0.0
15.0 1.0 Truck -1.0 -1.0 -1.0 -1.0 -1.0 -1.0 -1.0 2.693 3.364 6.618 1885.901 1.983 1072.814 -0.5842140605233873 1.0
15.0 0.0 Truck -1.0 -1.0 -1.0 -1.0 -1.0 -1.0 -1.0 3.116 3.193 9.531 1947.889 1.431 1039.591 2.5634539436274006 0.0
16.0 2.0 Car -1.0 -1.0 -1.0 -1.0 -1.0 -1.0 -1.0 1.988 1.905 4.701 1956.6 0.967 1046.923 -2.255726213776342 0.0
16.0 3.0 Car -1.0 -1.0 -1.0 -1.0 -1.0 -1.0 -1.0 2.032 2.385 5.938 1963.657 0.793 1032.278 2.5227172723931823 0.0
16.0 1.0 Truck -1.0 -1.0 -1.0 -1.0 -1.0 -1.0 -1.0 2.693 3.364 6.618 1890.583 2.008 1069.681 -0.5904959355571338 1.0
16.0 0.0 Truck -1.0 -1.0 -1.0 -1.0 -1.0 -1.0 -1.0 3.116 3.193 9.531 1944.62 1.434 1041.757 2.5615150233743567 0.0
17.0 2.0 Car -1.0 -1.0 -1.0 -1.0 -1.0 -1.0 -1.0 1.988 1.905 4.701 1956.043 0.958 1046.38 -2.3132302610365714 0.0
17.0 3.0 Car -1.0 -1.0 -1.0 -1.0 -1.0 -1.0 -1.0 2.032 2.385 5.938 1962.295 0.843 1033.364 2.4354508097934655 1.0
17.0 1.0 Truck -1.0 -1.0 -1.0 -1.0 -1.0 -1.0 -1.0 2.693 3.364 6.618 1894.895 1.984 1067.004 -0.580436439238603 1.0
17.0 0.0 Truck -1.0 -1.0 -1.0 -1.0 -1.0 -1.0 -1.0 3.116 3.193 9.531 1941.281 1.534 1043.867 2.5615150233743567 0.0
18.0 2.0 Car -1.0 -1.0 -1.0 -1.0 -1.0 -1.0 -1.0 1.988 1.905 4.701 1955.389 0.947 1045.817 -2.3770198411728893 0.0
18.0 3.0 Car -1.0 -1.0 -1.0 -1.0 -1.0 -1.0 -1.0 2.032 2.385 5.938 1961.267 0.893 1034.962 2.330731054673806 0.0
18.0 1.0 Truck -1.0 -1.0 -1.0 -1.0 -1.0 -1.0 -1.0 2.693 3.364 6.618 1899.623 1.99 1063.949 -0.5692773804050919 1.0
18.0 0.0 Truck -1.0 -1.0 -1.0 -1.0 -1.0 -1.0 -1.0 3.116 3.193 9.531 1937.32 1.549 1046.462 2.5615150233743567 0.0
19.0 2.0 Car -1.0 -1.0 -1.0 -1.0 -1.0 -1.0 -1.0 1.988 1.905 4.701 1954.701 0.937 1045.297 -2.440808016035705 0.0
19.0 3.0 Car -1.0 -1.0 -1.0 -1.0 -1.0 -1.0 -1.0 2.032 2.385 5.938 1960.357 0.943 1036.621 2.1561981294743724 0.0
19.0 1.0 Truck -1.0 -1.0 -1.0 -1.0 -1.0 -1.0 -1.0 2.693 3.364 6.618 1904.351 1.996 1060.895 -0.5755718599236745 1.0
19.0 0.0 Truck -1.0 -1.0 -1.0 -1.0 -1.0 -1.0 -1.0 3.116 3.193 9.531 1933.961 1.734 1048.277 2.5964216084142433 0.0
20.0 2.0 Car -1.0 -1.0 -1.0 -1.0 -1.0 -1.0 -1.0 1.988 1.905 4.701 1953.016 0.81 1044.211 -2.608042570215887 0.0
20.0 3.0 Car -1.0 -1.0 -1.0 -1.0 -1.0 -1.0 -1.0 2.032 2.385 5.938 1959.851 1.043 1038.269 1.9816652042749396 0.0
20.0 1.0 Truck -1.0 -1.0 -1.0 -1.0 -1.0 -1.0 -1.0 2.693 3.364 6.618 1909.047 2.051 1057.947 -0.5645791064384521 1.0
20.0 0.0 Truck -1.0 -1.0 -1.0 -1.0 -1.0 -1.0 -1.0 3.116 3.193 9.531 1930.1 1.895 1051.037 2.5964216084142433 0.0
21.0 2.0 Car -1.0 -1.0 -1.0 -1.0 -1.0 -1.0 -1.0 1.988 1.905 4.701 1950.933 0.831 1043.586 -2.767727340226521 0.0
21.0 3.0 Car -1.0 -1.0 -1.0 -1.0 -1.0 -1.0 -1.0 2.032 2.385 5.938 1959.594 1.143 1039.984 1.8011623347576267 0.0
21.0 1.0 Truck -1.0 -1.0 -1.0 -1.0 -1.0 -1.0 -1.0 2.693 3.364 6.618 1913.723 2.098 1054.969 -0.5505730907486801 1.0
21.0 0.0 Truck -1.0 -1.0 -1.0 -1.0 -1.0 -1.0 -1.0 3.116 3.193 9.531 1925.845 2.057 1053.664 2.63132819345413 0.0
22.0 2.0 Car -1.0 -1.0 -1.0 -1.0 -1.0 -1.0 -1.0 1.988 1.905 4.701 1948.571 0.85 1043.206 -2.998326369557307 0.0
22.0 3.0 Car -1.0 -1.0 -1.0 -1.0 -1.0 -1.0 -1.0 2.032 2.385 5.938 1959.644 1.243 1041.541 1.6178700151764986 0.0
22.0 1.0 Truck -1.0 -1.0 -1.0 -1.0 -1.0 -1.0 -1.0 2.693 3.364 6.618 1918.451 2.045 1052.065 -0.5540240086095447 1.0
22.0 0.0 Truck -1.0 -1.0 -1.0 -1.0 -1.0 -1.0 -1.0 3.116 3.193 9.531 1921.645 1.976 1056.249 2.5789683158942998 0.0
23.0 2.0 Car -1.0 -1.0 -1.0 -1.0 -1.0 -1.0 -1.0 1.988 1.905 4.701 1946.191 0.901 1043.487 3.054158132284286 0.0
23.0 3.0 Car -1.0 -1.0 -1.0 -1.0 -1.0 -1.0 -1.0 2.032 2.385 5.938 1960.214 1.341 1043.32 1.4306012677471847 0.0
23.0 1.0 Truck -1.0 -1.0 -1.0 -1.0 -1.0 -1.0 -1.0 2.693 3.364 6.618 1923.133 1.993 1049.082 -0.5574746920100995 1.0
23.0 0.0 Truck -1.0 -1.0 -1.0 -1.0 -1.0 -1.0 -1.0 3.116 3.193 9.531 1917.169 2.379 1059.011 2.5789683158942998 0.0
24.0 2.0 Car -1.0 -1.0 -1.0 -1.0 -1.0 -1.0 -1.0 1.988 1.905 4.701 1943.284 0.952 1044.037 2.9632363890980717 0.0
24.0 3.0 Car -1.0 -1.0 -1.0 -1.0 -1.0 -1.0 -1.0 2.032 2.385 5.938 1961.06 1.443 1045.026 1.23006561734801 0.0
24.0 1.0 Truck -1.0 -1.0 -1.0 -1.0 -1.0 -1.0 -1.0 2.693 3.364 6.618 1927.834 1.941 1046.142 -0.5434688073422658 1.0
24.0 0.0 Truck -1.0 -1.0 -1.0 -1.0 -1.0 -1.0 -1.0 3.116 3.193 9.531 1913.358 2.541 1061.354 2.5789683158942998 0.0
25.0 2.0 Car -1.0 -1.0 -1.0 -1.0 -1.0 -1.0 -1.0 1.988 1.905 4.701 1939.767 1.065 1045.339 2.8178731701766777 0.0
25.0 3.0 Car -1.0 -1.0 -1.0 -1.0 -1.0 -1.0 -1.0 2.032 2.385 5.938 1962.09 1.443 1047.135 1.1115756581898721 0.0
25.0 1.0 Truck -1.0 -1.0 -1.0 -1.0 -1.0 -1.0 -1.0 2.693 3.364 6.618 1932.844 1.886 1043.062 -0.5645791064384511 1.0
25.0 0.0 Truck -1.0 -1.0 -1.0 -1.0 -1.0 -1.0 -1.0 3.116 3.193 9.531 1907.939 2.702 1064.712 2.5789683158942998 0.0
26.0 2.0 Car -1.0 -1.0 -1.0 -1.0 -1.0 -1.0 -1.0 1.988 1.905 4.701 1936.361 1.121 1046.628 2.756640556750283 0.0
26.0 3.0 Car -1.0 -1.0 -1.0 -1.0 -1.0 -1.0 -1.0 2.032 2.385 5.938 1963.212 1.443 1049.245 1.0766690731499855 0.0
26.0 1.0 Truck -1.0 -1.0 -1.0 -1.0 -1.0 -1.0 -1.0 2.693 3.364 6.618 1937.685 1.873 1040.227 -0.5645791064384521 1.0
27.0 3.0 Car -1.0 -1.0 -1.0 -1.0 -1.0 -1.0 -1.0 2.032 2.385 5.938 1964.73 1.443 1051.744 1.0766690731499855 0.0
27.0 1.0 Truck -1.0 -1.0 -1.0 -1.0 -1.0 -1.0 -1.0 2.693 3.364 6.618 1942.517 1.862 1037.153 -0.5820323989583942 0.0
28.0 3.0 Car -1.0 -1.0 -1.0 -1.0 -1.0 -1.0 -1.0 2.032 2.385 5.938 1966.179 1.443 1054.373 1.0766690731499855 0.0
28.0 1.0 Truck -1.0 -1.0 -1.0 -1.0 -1.0 -1.0 -1.0 2.693 3.364 6.618 1947.421 1.851 1034.195 -0.5820323989583942 0.0
29.0 3.0 Car -1.0 -1.0 -1.0 -1.0 -1.0 -1.0 -1.0 2.032 2.385 5.938 1967.809 1.443 1056.952 1.0766690731499855 0.0
29.0 1.0 Truck -1.0 -1.0 -1.0 -1.0 -1.0 -1.0 -1.0 2.693 3.364 6.618 1952.25 1.79 1031.122 -0.5820323989583942 0.0
30.0 1.0 Truck -1.0 -1.0 -1.0 -1.0 -1.0 -1.0 -1.0 2.693 3.364 6.618 1957.153 1.829 1028.165 -0.5645791064384511 0.0
31.0 1.0 Truck -1.0 -1.0 -1.0 -1.0 -1.0 -1.0 -1.0 2.693 3.364 6.618 1961.956 1.768 1025.055 -0.5994856914783382 0.0
32.0 1.0 Truck -1.0 -1.0 -1.0 -1.0 -1.0 -1.0 -1.0 2.693 3.364 6.618 1966.615 1.772 1022.081 -0.5820323989583942 0.0
33.0 1.0 Truck -1.0 -1.0 -1.0 -1.0 -1.0 -1.0 -1.0 2.693 3.364 6.618 1971.32 1.775 1019.186 -0.5820323989583942 0.0
34.0 1.0 Truck -1.0 -1.0 -1.0 -1.0 -1.0 -1.0 -1.0 2.693 3.364 6.618 1976.01 1.729 1016.246 -0.5820323989583942 0.0
35.0 1.0 Truck -1.0 -1.0 -1.0 -1.0 -1.0 -1.0 -1.0 2.693 3.364 6.618 1980.223 1.783 1013.605 -0.5820323989583942 0.0
36.0 1.0 Truck -1.0 -1.0 -1.0 -1.0 -1.0 -1.0 -1.0 2.693 3.364 6.618 1985.176 1.687 1010.446 -0.582032398958395 0.0
37.0 1.0 Truck -1.0 -1.0 -1.0 -1.0 -1.0 -1.0 -1.0 2.693 3.364 6.618 1989.654 1.782 1007.674 -0.5762176067382945 0.0
38.0 1.0 Truck -1.0 -1.0 -1.0 -1.0 -1.0 -1.0 -1.0 2.693 3.364 6.618 1994.137 1.727 1004.9 -0.5703968706117646 0.0
