0.0 4.0 Truck -1.0 -1.0 -1.0 -1.0 -1.0 -1.0 -1.0 2.579 3.188 7.205 891.014 1.936 1411.847 2.6902679623162085 0.0
0.0 2.0 Bus -1.0 -1.0 -1.0 -1.0 -1.0 -1.0 -1.0 2.853 3.029 12.731 840.177 1.612 1440.967 -0.7329684726671051 0.0
1.0 4.0 Truck -1.0 -1.0 -1.0 -1.0 -1.0 -1.0 -1.0 2.579 3.188 7.205 890.151 1.759 1412.224 2.690267962316208 1.0
1.0 2.0 Bus -1.0 -1.0 -1.0 -1.0 -1.0 -1.0 -1.0 2.853 3.029 12.731 842.023 1.517 1439.322 -0.715515180147162 1.0
2.0 4.0 Truck -1.0 -1.0 -1.0 -1.0 -1.0 -1.0 -1.0 2.579 3.188 7.205 889.363 1.662 1412.623 2.7251745473560947 1.0
2.0 2.0 Bus -1.0 -1.0 -1.0 -1.0 -1.0 -1.0 -1.0 2.853 3.029 12.731 843.683 1.469 1437.953 -0.715515180147162 1.0
3.0 4.0 Truck -1.0 -1.0 -1.0 -1.0 -1.0 -1.0 -1.0 2.579 3.188 7.205 888.69 1.662 1412.916 2.7077212548361516 1.0
3.0 2.0 Bus -1.0 -1.0 -1.0 -1.0 -1.0 -1.0 -1.0 2.853 3.029 12.731 845.638 1.469 1436.327 -0.715515180147162 1.0
4.0 4.0 Truck -1.0 -1.0 -1.0 -1.0 -1.0 -1.0 -1.0 2.579 3.188 7.205 887.837 1.612 1413.072 2.742627839876038 1.0
4.0 2.0 Bus -1.0 -1.0 -1.0 -1.0 -1.0 -1.0 -1.0 2.853 3.029 12.731 847.636 1.519 1434.664 -0.715515180147162 1.0
4.0 5.0 Car -1.0 -1.0 -1.0 -1.0 -1.0 -1.0 -1.0 1.805 1.376 5.101 912.0 0.808 1409.466 2.7141964263609033 0.0
5.0 4.0 Truck -1.0 -1.0 -1.0 -1.0 -1.0 -1.0 -1.0 2.579 3.188 7.205 887.351 1.562 1413.228 2.7251745473560947 1.0
5.0 2.0 Bus -1.0 -1.0 -1.0 -1.0 -1.0 -1.0 -1.0 2.853 3.029 12.731 849.881 1.469 1432.786 -0.715515180147162 1.0
5.0 5.0 Car -1.0 -1.0 -1.0 -1.0 -1.0 -1.0 -1.0 1.805 1.376 5.101 910.168 0.758 1410.184 2.7316497188808464 1.0
6.0 4.0 Truck -1.0 -1.0 -1.0 -1.0 -1.0 -1.0 -1.0 2.579 3.188 7.205 886.94 1.562 1413.458 2.7251745473560947 1.0
6.0 2.0 Bus -1.0 -1.0 -1.0 -1.0 -1.0 -1.0 -1.0 2.853 3.029 12.731 852.222 1.469 1430.732 -0.715515180147162 1.0
6.0 5.0 Car -1.0 -1.0 -1.0 -1.0 -1.0 -1.0 -1.0 1.805 1.376 5.101 907.376 0.72 1411.428 2.727286395750861 1.0
7.0 4.0 Truck -1.0 -1.0 -1.0 -1.0 -1.0 -1.0 -1.0 2.579 3.188 7.205 886.398 1.67 1413.749 2.7077212548361516 1.0
7.0 2.0 Bus -1.0 -1.0 -1.0 -1.0 -1.0 -1.0 -1.0 2.853 3.029 12.731 855.023 1.469 1428.279 -0.715515180147162 1.0
7.0 5.0 Car -1.0 -1.0 -1.0 -1.0 -1.0 -1.0 -1.0 1.805 1.376 5.101 904.585 0.683 1412.671 2.7229230726208753 1.0
8.0 4.0 Truck -1.0 -1.0 -1.0 -1.0 -1.0 -1.0 -1.0 2.579 3.188 7.205 885.909 1.562 1413.961 2.7251745473560947 0.0
8.0 2.0 Bus -1.0 -1.0 -1.0 -1.0 -1.0 -1.0 -1.0 2.853 3.029 12.731 857.954 1.469 1425.712 -0.715515180147162 1.0
8.0 5.0 Car -1.0 -1.0 -1.0 -1.0 -1.0 -1.0 -1.0 1.805 1.376 5.101 901.793 0.645 1413.914 2.7185597494908893 0.0
8.0 1.0 Car -1.0 -1.0 -1.0 -1.0 -1.0 -1.0 -1.0 1.689 1.428 4.773 925.867 0.871 1404.367 2.8057126022922256 0.0
9.0 4.0 Truck -1.0 -1.0 -1.0 -1.0 -1.0 -1.0 -1.0 2.579 3.188 7.205 885.7 1.562 1414.049 2.7251745473560947 0.0
9.0 2.0 Bus -1.0 -1.0 -1.0 -1.0 -1.0 -1.0 -1.0 2.853 3.029 12.731 861.031 1.469 1423.135 -0.715515180147162 1.0
9.0 5.0 Car -1.0 -1.0 -1.0 -1.0 -1.0 -1.0 -1.0 1.805 1.376 5.101 899.001 0.608 1415.158 2.7141964263609033 0.0
9.0 1.0 Car -1.0 -1.0 -1.0 -1.0 -1.0 -1.0 -1.0 1.689 1.428 4.773 924.16 0.871 1404.907 2.7882593097722825 1.0
10.0 4.0 Truck -1.0 -1.0 -1.0 -1.0 -1.0 -1.0 -1.0 2.579 3.188 7.205 885.356 1.562 1414.197 2.7251745473560947 0.0
10.0 2.0 Bus -1.0 -1.0 -1.0 -1.0 -1.0 -1.0 -1.0 2.853 3.029 12.731 863.952 1.469 1420.578 -0.715515180147162 1.0
10.0 5.0 Car -1.0 -1.0 -1.0 -1.0 -1.0 -1.0 -1.0 1.805 1.376 5.101 895.448 0.458 1416.714 2.69674313384096 0.0
10.0 1.0 Car -1.0 -1.0 -1.0 -1.0 -1.0 -1.0 -1.0 1.689 1.428 4.773 922.294 0.771 1405.687 2.770806017252339 1.0
11.0 0.0 Truck -1.0 -1.0 -1.0 -1.0 -1.0 -1.0 -1.0 3.002 4.453 11.42 996.635 3.072 1376.479 -0.14130185623833724 0.0
11.0 4.0 Truck -1.0 -1.0 -1.0 -1.0 -1.0 -1.0 -1.0 2.579 3.188 7.205 884.47 1.562 1414.555 2.753099815388004 0.0
11.0 2.0 Bus -1.0 -1.0 -1.0 -1.0 -1.0 -1.0 -1.0 2.853 3.029 12.731 867.075 1.469 1417.974 -0.7050432046351959 1.0
11.0 5.0 Car -1.0 -1.0 -1.0 -1.0 -1.0 -1.0 -1.0 1.805 1.376 5.101 891.907 0.544 1418.379 2.679289841321017 0.0
11.0 1.0 Car -1.0 -1.0 -1.0 -1.0 -1.0 -1.0 -1.0 1.689 1.428 4.773 920.227 0.721 1406.403 2.770806017252339 0.0
12.0 0.0 Truck -1.0 -1.0 -1.0 -1.0 -1.0 -1.0 -1.0 3.002 4.453 11.42 996.649 3.013 1376.39 -0.13432053923035991 1.0
12.0 4.0 Truck -1.0 -1.0 -1.0 -1.0 -1.0 -1.0 -1.0 2.579 3.188 7.205 883.356 1.593 1414.971 2.7810250834199133 0.0
12.0 2.0 Bus -1.0 -1.0 -1.0 -1.0 -1.0 -1.0 -1.0 2.853 3.029 12.731 870.476 1.469 1415.294 -0.6945712291232299 1.0
12.0 5.0 Car -1.0 -1.0 -1.0 -1.0 -1.0 -1.0 -1.0 1.805 1.376 5.101 888.332 0.508 1420.127 2.661836548801074 0.0
12.0 1.0 Car -1.0 -1.0 -1.0 -1.0 -1.0 -1.0 -1.0 1.689 1.428 4.773 917.992 0.671 1407.287 2.75917048890571 0.0
13.0 0.0 Truck -1.0 -1.0 -1.0 -1.0 -1.0 -1.0 -1.0 3.002 4.453 11.42 996.664 2.953 1376.301 -0.1273392222223826 1.0
13.0 4.0 Truck -1.0 -1.0 -1.0 -1.0 -1.0 -1.0 -1.0 2.579 3.188 7.205 881.817 1.562 1415.413 2.8613102290116528 0.0
13.0 2.0 Bus -1.0 -1.0 -1.0 -1.0 -1.0 -1.0 -1.0 2.853 3.029 12.731 873.793 1.469 1412.728 -0.6840992536112642 1.0
13.0 5.0 Car -1.0 -1.0 -1.0 -1.0 -1.0 -1.0 -1.0 1.805 1.376 5.101 884.578 0.458 1422.115 2.661836548801074 0.0
13.0 1.0 Car -1.0 -1.0 -1.0 -1.0 -1.0 -1.0 -1.0 1.689 1.428 4.773 915.426 0.671 1408.3 2.747534960559081 0.0
14.0 0.0 Truck -1.0 -1.0 -1.0 -1.0 -1.0 -1.0 -1.0 3.002 4.453 11.42 996.679 2.894 1376.212 -0.12035790521440526 1.0
14.0 4.0 Truck -1.0 -1.0 -1.0 -1.0 -1.0 -1.0 -1.0 2.579 3.188 7.205 880.181 1.562 1415.625 2.9765019596432785 0.0
14.0 2.0 Bus -1.0 -1.0 -1.0 -1.0 -1.0 -1.0 -1.0 2.853 3.029 12.731 877.18 1.519 1410.344 -0.6387206930594124 1.0
14.0 5.0 Car -1.0 -1.0 -1.0 -1.0 -1.0 -1.0 -1.0 1.805 1.376 5.101 881.025 0.508 1423.999 2.661836548801074 0.0
14.0 1.0 Car -1.0 -1.0 -1.0 -1.0 -1.0 -1.0 -1.0 1.689 1.428 4.773 912.556 0.607 1409.441 2.7358994322124524 0.0
15.0 0.0 Truck -1.0 -1.0 -1.0 -1.0 -1.0 -1.0 -1.0 3.002 4.453 11.42 996.694 2.834 1376.123 -0.11337658820642793 1.0
15.0 4.0 Truck -1.0 -1.0 -1.0 -1.0 -1.0 -1.0 -1.0 2.579 3.188 7.205 878.408 1.593 1415.574 3.126600275314791 0.0
15.0 2.0 Bus -1.0 -1.0 -1.0 -1.0 -1.0 -1.0 -1.0 2.853 3.029 12.731 881.098 1.469 1407.854 -0.5933421325075603 1.0
15.0 5.0 Car -1.0 -1.0 -1.0 -1.0 -1.0 -1.0 -1.0 1.805 1.376 5.101 877.488 0.508 1425.874 2.661836548801074 0.0
15.0 1.0 Car -1.0 -1.0 -1.0 -1.0 -1.0 -1.0 -1.0 1.689 1.428 4.773 909.362 0.467 1410.866 2.7358994322124524 0.0
16.0 0.0 Truck -1.0 -1.0 -1.0 -1.0 -1.0 -1.0 -1.0 3.002 4.453 11.42 996.709 2.775 1376.034 -0.10639527119845059 1.0
16.0 4.0 Truck -1.0 -1.0 -1.0 -1.0 -1.0 -1.0 -1.0 2.579 3.188 7.205 876.521 1.562 1415.164 -2.9544177268421206 0.0
16.0 2.0 Bus -1.0 -1.0 -1.0 -1.0 -1.0 -1.0 -1.0 2.853 3.029 12.731 885.107 1.449 1405.472 -0.547963571955708 1.0
16.0 5.0 Car -1.0 -1.0 -1.0 -1.0 -1.0 -1.0 -1.0 1.805 1.376 5.101 874.471 0.508 1427.518 2.626929963761187 0.0
16.0 1.0 Car -1.0 -1.0 -1.0 -1.0 -1.0 -1.0 -1.0 1.689 1.428 4.773 906.214 0.471 1412.236 2.7358994322124524 0.0
17.0 0.0 Truck -1.0 -1.0 -1.0 -1.0 -1.0 -1.0 -1.0 3.002 4.453 11.42 997.013 2.744 1376.02 -0.09825040135581031 1.0
17.0 4.0 Truck -1.0 -1.0 -1.0 -1.0 -1.0 -1.0 -1.0 2.579 3.188 7.205 874.308 1.562 1414.11 -2.717343836779558 0.0
17.0 2.0 Bus -1.0 -1.0 -1.0 -1.0 -1.0 -1.0 -1.0 2.853 3.029 12.731 889.452 1.429 1403.144 -0.520038303923799 1.0
17.0 5.0 Car -1.0 -1.0 -1.0 -1.0 -1.0 -1.0 -1.0 1.805 1.376 5.101 871.513 0.508 1429.266 2.5920233787213007 0.0
17.0 1.0 Car -1.0 -1.0 -1.0 -1.0 -1.0 -1.0 -1.0 1.689 1.428 4.773 902.938 0.421 1413.626 2.7184461396925093 0.0
18.0 0.0 Truck -1.0 -1.0 -1.0 -1.0 -1.0 -1.0 -1.0 3.002 4.453 11.42 997.317 2.713 1376.005 -0.09010553151317025 1.0
18.0 4.0 Truck -1.0 -1.0 -1.0 -1.0 -1.0 -1.0 -1.0 2.579 3.188 7.205 872.09 1.562 1412.593 -2.4802699467169966 0.0
18.0 2.0 Bus -1.0 -1.0 -1.0 -1.0 -1.0 -1.0 -1.0 2.853 3.029 12.731 893.899 1.409 1400.918 -0.49211303589189015 1.0
18.0 5.0 Car -1.0 -1.0 -1.0 -1.0 -1.0 -1.0 -1.0 1.805 1.376 5.101 868.5 0.508 1431.153 2.5920233787213007 0.0
18.0 1.0 Car -1.0 -1.0 -1.0 -1.0 -1.0 -1.0 -1.0 1.689 1.428 4.773 899.564 0.421 1415.201 2.7184461396925093 0.0
19.0 0.0 Truck -1.0 -1.0 -1.0 -1.0 -1.0 -1.0 -1.0 3.002 4.453 11.42 997.621 2.683 1375.99 -0.08196066167052996 1.0
19.0 4.0 Truck -1.0 -1.0 -1.0 -1.0 -1.0 -1.0 -1.0 2.579 3.188 7.205 869.711 1.562 1410.45 -2.3711868684673507 0.0
19.0 2.0 Bus -1.0 -1.0 -1.0 -1.0 -1.0 -1.0 -1.0 2.853 3.029 12.731 898.535 1.389 1398.752 -0.4641877678599813 1.0
19.0 5.0 Car -1.0 -1.0 -1.0 -1.0 -1.0 -1.0 -1.0 1.805 1.376 5.101 865.215 0.458 1433.252 2.609476671241244 0.0
19.0 1.0 Car -1.0 -1.0 -1.0 -1.0 -1.0 -1.0 -1.0 1.689 1.428 4.773 896.304 0.471 1416.69 2.7009928471725657 0.0
20.0 0.0 Truck -1.0 -1.0 -1.0 -1.0 -1.0 -1.0 -1.0 3.002 4.453 11.42 998.061 2.652 1376.027 -0.07381579182788967 1.0
20.0 2.0 Bus -1.0 -1.0 -1.0 -1.0 -1.0 -1.0 -1.0 2.853 3.029 12.731 902.39 1.369 1397.125 -0.41880920730812904 1.0
20.0 1.0 Car -1.0 -1.0 -1.0 -1.0 -1.0 -1.0 -1.0 1.689 1.428 4.773 893.034 0.471 1418.363 2.648632969612736 0.0
21.0 0.0 Truck -1.0 -1.0 -1.0 -1.0 -1.0 -1.0 -1.0 3.002 4.453 11.42 999.285 2.621 1376.005 -0.0656709219852496 1.0
21.0 2.0 Bus -1.0 -1.0 -1.0 -1.0 -1.0 -1.0 -1.0 2.853 3.029 12.731 907.285 1.387 1395.174 -0.4013559147881857 1.0
21.0 1.0 Car -1.0 -1.0 -1.0 -1.0 -1.0 -1.0 -1.0 1.689 1.428 4.773 889.715 0.471 1420.106 2.6311796770927924 0.0
22.0 0.0 Truck -1.0 -1.0 -1.0 -1.0 -1.0 -1.0 -1.0 3.002 4.453 11.42 1000.615 2.622 1375.688 -0.05723516393394368 1.0
22.0 2.0 Bus -1.0 -1.0 -1.0 -1.0 -1.0 -1.0 -1.0 2.853 3.029 12.731 912.252 1.405 1393.38 -0.36644932974829914 1.0
22.0 1.0 Car -1.0 -1.0 -1.0 -1.0 -1.0 -1.0 -1.0 1.689 1.428 4.773 886.231 0.521 1422.036 2.613726384572849 0.0
22.0 6.0 Car -1.0 -1.0 -1.0 -1.0 -1.0 -1.0 -1.0 2.156 2.12 6.032 1030.849 1.206 1383.455 3.1359203335205885 0.0
23.0 0.0 Truck -1.0 -1.0 -1.0 -1.0 -1.0 -1.0 -1.0 3.002 4.453 11.42 1001.945 2.624 1375.37 -0.04879940588263776 1.0
23.0 2.0 Bus -1.0 -1.0 -1.0 -1.0 -1.0 -1.0 -1.0 2.853 3.029 12.731 917.277 1.423 1391.729 -0.3489960372283558 1.0
23.0 6.0 Car -1.0 -1.0 -1.0 -1.0 -1.0 -1.0 -1.0 2.156 2.12 6.032 1026.406 1.441 1383.282 3.1359203335205885 1.0
24.0 0.0 Truck -1.0 -1.0 -1.0 -1.0 -1.0 -1.0 -1.0 3.002 4.453 11.42 1004.104 2.645 1375.143 -0.033673219032020134 1.0
24.0 2.0 Bus -1.0 -1.0 -1.0 -1.0 -1.0 -1.0 -1.0 2.853 3.029 12.731 921.963 1.441 1390.2 -0.36644932974829914 1.0
24.0 6.0 Car -1.0 -1.0 -1.0 -1.0 -1.0 -1.0 -1.0 2.156 2.12 6.032 1021.963 1.677 1383.11 3.1359203335205885 1.0
25.0 0.0 Truck -1.0 -1.0 -1.0 -1.0 -1.0 -1.0 -1.0 3.002 4.453 11.42 1006.267 2.665 1374.947 -0.018547032181402526 1.0
25.0 2.0 Bus -1.0 -1.0 -1.0 -1.0 -1.0 -1.0 -1.0 2.853 3.029 12.731 926.963 1.529 1388.631 -0.3315427447084125 1.0
25.0 3.0 Car -1.0 -1.0 -1.0 -1.0 -1.0 -1.0 -1.0 2.192 2.175 5.776 1016.862 1.477 1353.83 0.945881188119839 0.0
25.0 6.0 Car -1.0 -1.0 -1.0 -1.0 -1.0 -1.0 -1.0 2.156 2.12 6.032 1016.979 1.512 1383.148 3.1359203335205885 1.0
26.0 0.0 Truck -1.0 -1.0 -1.0 -1.0 -1.0 -1.0 -1.0 3.002 4.453 11.42 1008.433 2.686 1374.785 -0.003420845330784905 1.0
26.0 2.0 Bus -1.0 -1.0 -1.0 -1.0 -1.0 -1.0 -1.0 2.853 3.029 12.731 931.647 1.477 1387.113 -0.29787972754785463 1.0
26.0 3.0 Car -1.0 -1.0 -1.0 -1.0 -1.0 -1.0 -1.0 2.192 2.175 5.776 1018.205 1.396 1355.71 0.945881188119839 1.0
26.0 6.0 Car -1.0 -1.0 -1.0 -1.0 -1.0 -1.0 -1.0 2.156 2.12 6.032 1012.505 1.582 1383.182 3.1184670410006454 1.0
27.0 0.0 Truck -1.0 -1.0 -1.0 -1.0 -1.0 -1.0 -1.0 3.002 4.453 11.42 1010.602 2.707 1374.688 0.011705341519832713 0.0
27.0 2.0 Bus -1.0 -1.0 -1.0 -1.0 -1.0 -1.0 -1.0 2.853 3.029 12.731 935.819 1.495 1386.014 -0.2816700029072401 0.0
27.0 3.0 Car -1.0 -1.0 -1.0 -1.0 -1.0 -1.0 -1.0 2.192 2.175 5.776 1019.068 1.316 1356.925 0.945881188119839 0.0
27.0 6.0 Car -1.0 -1.0 -1.0 -1.0 -1.0 -1.0 -1.0 2.156 2.12 6.032 1007.143 1.394 1383.281 3.1010137484807023 0.0
28.0 0.0 Truck -1.0 -1.0 -1.0 -1.0 -1.0 -1.0 -1.0 3.002 4.453 11.42 1012.771 2.728 1374.591 0.02683152837045011 0.0
28.0 2.0 Bus -1.0 -1.0 -1.0 -1.0 -1.0 -1.0 -1.0 2.853 3.029 12.731 940.266 1.514 1384.779 -0.2654602782666256 0.0
28.0 3.0 Car -1.0 -1.0 -1.0 -1.0 -1.0 -1.0 -1.0 2.192 2.175 5.776 1019.864 1.396 1358.046 0.945881188119839 0.0
28.0 6.0 Car -1.0 -1.0 -1.0 -1.0 -1.0 -1.0 -1.0 2.156 2.12 6.032 1001.849 1.394 1383.709 3.048653870920872 0.0
29.0 0.0 Truck -1.0 -1.0 -1.0 -1.0 -1.0 -1.0 -1.0 3.002 4.453 11.42 1014.94 2.749 1374.494 0.04195771522106772 0.0
29.0 2.0 Bus -1.0 -1.0 -1.0 -1.0 -1.0 -1.0 -1.0 2.853 3.029 12.731 944.24 1.532 1383.652 -0.249250553626011 0.0
29.0 3.0 Car -1.0 -1.0 -1.0 -1.0 -1.0 -1.0 -1.0 2.192 2.175 5.776 1020.395 1.355 1358.801 0.945881188119839 0.0
29.0 6.0 Car -1.0 -1.0 -1.0 -1.0 -1.0 -1.0 -1.0 2.156 2.12 6.032 996.561 1.111 1384.304 3.0137472858809855 0.0
30.0 0.0 Truck -1.0 -1.0 -1.0 -1.0 -1.0 -1.0 -1.0 3.002 4.453 11.42 1017.739 2.79 1374.712 0.06377433087099682 0.0
30.0 2.0 Bus -1.0 -1.0 -1.0 -1.0 -1.0 -1.0 -1.0 2.853 3.029 12.731 948.681 1.55 1382.571 -0.24613079837535398 0.0
30.0 3.0 Car -1.0 -1.0 -1.0 -1.0 -1.0 -1.0 -1.0 2.192 2.175 5.776 1020.638 1.43 1359.156 0.945881188119839 0.0
30.0 6.0 Car -1.0 -1.0 -1.0 -1.0 -1.0 -1.0 -1.0 2.156 2.12 6.032 991.333 0.97 1385.058 3.0137472858809855 0.0
31.0 0.0 Truck -1.0 -1.0 -1.0 -1.0 -1.0 -1.0 -1.0 3.002 4.453 11.42 1020.538 2.83 1374.93 0.08559094652092615 0.0
31.0 2.0 Bus -1.0 -1.0 -1.0 -1.0 -1.0 -1.0 -1.0 2.853 3.029 12.731 952.762 1.548 1381.423 -0.2257686237687535 0.0
31.0 3.0 Car -1.0 -1.0 -1.0 -1.0 -1.0 -1.0 -1.0 2.192 2.175 5.776 1021.085 1.343 1359.794 0.945881188119839 0.0
31.0 6.0 Car -1.0 -1.0 -1.0 -1.0 -1.0 -1.0 -1.0 2.156 2.12 6.032 986.064 0.899 1385.818 3.0137472858809855 0.0
32.0 0.0 Truck -1.0 -1.0 -1.0 -1.0 -1.0 -1.0 -1.0 3.002 4.453 11.42 1023.936 2.76 1375.4 0.09169959890290635 0.0
32.0 2.0 Bus -1.0 -1.0 -1.0 -1.0 -1.0 -1.0 -1.0 2.853 3.029 12.731 956.815 1.546 1380.634 -0.20540644916215298 0.0
32.0 3.0 Car -1.0 -1.0 -1.0 -1.0 -1.0 -1.0 -1.0 2.192 2.175 5.776 1021.501 1.181 1360.421 0.945881188119839 0.0
32.0 6.0 Car -1.0 -1.0 -1.0 -1.0 -1.0 -1.0 -1.0 2.156 2.12 6.032 980.533 0.899 1386.485 2.9613874083211558 0.0
33.0 0.0 Truck -1.0 -1.0 -1.0 -1.0 -1.0 -1.0 -1.0 3.002 4.453 11.42 1027.333 2.69 1375.87 0.09780825128488635 0.0
33.0 2.0 Bus -1.0 -1.0 -1.0 -1.0 -1.0 -1.0 -1.0 2.853 3.029 12.731 960.876 1.494 1379.843 -0.19377092081552405 0.0
33.0 3.0 Car -1.0 -1.0 -1.0 -1.0 -1.0 -1.0 -1.0 2.192 2.175 5.776 1022.823 1.259 1362.303 0.9546078343798106 0.0
33.0 6.0 Car -1.0 -1.0 -1.0 -1.0 -1.0 -1.0 -1.0 2.156 2.12 6.032 974.894 0.899 1387.552 2.9613874083211558 0.0
34.0 0.0 Truck -1.0 -1.0 -1.0 -1.0 -1.0 -1.0 -1.0 3.002 4.453 11.42 1030.731 2.62 1376.34 0.10391690366686657 0.0
34.0 2.0 Bus -1.0 -1.0 -1.0 -1.0 -1.0 -1.0 -1.0 2.853 3.029 12.731 965.267 1.494 1378.945 -0.19377092081552405 0.0
34.0 3.0 Car -1.0 -1.0 -1.0 -1.0 -1.0 -1.0 -1.0 2.192 2.175 5.776 1024.145 1.336 1364.185 0.9633344806397823 0.0
34.0 6.0 Car -1.0 -1.0 -1.0 -1.0 -1.0 -1.0 -1.0 2.156 2.12 6.032 968.931 0.899 1388.63 2.9526607620611838 0.0
35.0 0.0 Truck -1.0 -1.0 -1.0 -1.0 -1.0 -1.0 -1.0 3.002 4.453 11.42 1034.129 2.55 1376.81 0.1100255560488468 0.0
35.0 2.0 Bus -1.0 -1.0 -1.0 -1.0 -1.0 -1.0 -1.0 2.853 3.029 12.731 968.978 1.54 1378.233 -0.17631762829558076 0.0
35.0 3.0 Car -1.0 -1.0 -1.0 -1.0 -1.0 -1.0 -1.0 2.192 2.175 5.776 1025.425 1.345 1366.011 0.945881188119839 0.0
35.0 6.0 Car -1.0 -1.0 -1.0 -1.0 -1.0 -1.0 -1.0 2.156 2.12 6.032 963.626 0.899 1389.665 2.9439341158012122 0.0
36.0 0.0 Truck -1.0 -1.0 -1.0 -1.0 -1.0 -1.0 -1.0 3.002 4.453 11.42 1037.527 2.48 1377.28 0.11613420843082678 0.0
36.0 2.0 Bus -1.0 -1.0 -1.0 -1.0 -1.0 -1.0 -1.0 2.853 3.029 12.731 972.781 1.526 1377.639 -0.1588643357756374 0.0
36.0 3.0 Car -1.0 -1.0 -1.0 -1.0 -1.0 -1.0 -1.0 2.192 2.175 5.776 1027.013 1.257 1367.873 0.9022479568199808 0.0
36.0 6.0 Car -1.0 -1.0 -1.0 -1.0 -1.0 -1.0 -1.0 2.156 2.12 6.032 958.03 0.899 1390.755 2.9352074695412407 0.0
37.0 0.0 Truck -1.0 -1.0 -1.0 -1.0 -1.0 -1.0 -1.0 3.002 4.453 11.42 1041.218 2.48 1377.843 0.11177088530084099 0.0
37.0 2.0 Bus -1.0 -1.0 -1.0 -1.0 -1.0 -1.0 -1.0 2.853 3.029 12.731 976.536 1.511 1377.229 -0.1414110432556941 0.0
37.0 3.0 Car -1.0 -1.0 -1.0 -1.0 -1.0 -1.0 -1.0 2.192 2.175 5.776 1028.908 1.17 1369.907 0.7771660270937204 0.0
37.0 6.0 Car -1.0 -1.0 -1.0 -1.0 -1.0 -1.0 -1.0 2.156 2.12 6.032 952.408 0.899 1391.849 2.9264808232812687 0.0
38.0 0.0 Truck -1.0 -1.0 -1.0 -1.0 -1.0 -1.0 -1.0 3.002 4.453 11.42 1044.909 2.48 1378.406 0.10740756217085547 0.0
38.0 2.0 Bus -1.0 -1.0 -1.0 -1.0 -1.0 -1.0 -1.0 2.853 3.029 12.731 980.279 1.497 1376.733 -0.1414110432556941 0.0
38.0 3.0 Car -1.0 -1.0 -1.0 -1.0 -1.0 -1.0 -1.0 2.192 2.175 5.776 1031.203 1.152 1371.59 0.5997242198076298 0.0
38.0 6.0 Car -1.0 -1.0 -1.0 -1.0 -1.0 -1.0 -1.0 2.156 2.12 6.032 946.919 0.899 1392.914 2.9264808232812687 0.0
