0.0 1.0 Car -1.0 -1.0 -1.0 -1.0 -1.0 -1.0 -1.0 1.82 1.592 4.579 596.719 0.608 1398.156 1.288594039961885 0.0
0.0 0.0 Car -1.0 -1.0 -1.0 -1.0 -1.0 -1.0 -1.0 1.952 2.0 4.819 619.235 1.4 1468.583 -2.5466099115088543 0.0
1.0 1.0 Car -1.0 -1.0 -1.0 -1.0 -1.0 -1.0 -1.0 1.82 1.592 4.579 598.138 0.607 1402.809 1.2790921572290035 1.0
1.0 0.0 Car -1.0 -1.0 -1.0 -1.0 -1.0 -1.0 -1.0 1.952 2.0 4.819 616.585 1.487 1467.252 -2.721081853053869 1.0
2.0 1.0 Car -1.0 -1.0 -1.0 -1.0 -1.0 -1.0 -1.0 1.82 1.592 4.579 599.494 0.606 1407.928 1.2686331116628657 1.0
2.0 0.0 Car -1.0 -1.0 -1.0 -1.0 -1.0 -1.0 -1.0 1.952 2.0 4.819 613.452 1.583 1466.343 -2.9131290544276625 1.0
3.0 1.0 Car -1.0 -1.0 -1.0 -1.0 -1.0 -1.0 -1.0 1.82 1.592 4.579 600.802 0.655 1412.228 1.2591309057696696 1.0
3.0 0.0 Car -1.0 -1.0 -1.0 -1.0 -1.0 -1.0 -1.0 1.952 2.0 4.819 610.369 1.67 1466.036 -3.0788695552402117 1.0
4.0 1.0 Car -1.0 -1.0 -1.0 -1.0 -1.0 -1.0 -1.0 1.82 1.592 4.579 602.202 0.654 1416.723 1.2551648893176528 1.0
4.0 0.0 Car -1.0 -1.0 -1.0 -1.0 -1.0 -1.0 -1.0 1.952 2.0 4.819 607.269 1.757 1465.947 -3.1400218571869254 1.0
5.0 1.0 Car -1.0 -1.0 -1.0 -1.0 -1.0 -1.0 -1.0 1.82 1.592 4.579 603.51 0.702 1420.84 1.2686612552827725 1.0
5.0 0.0 Car -1.0 -1.0 -1.0 -1.0 -1.0 -1.0 -1.0 1.952 2.0 4.819 603.8 1.87 1465.941 -3.1400218571869254 1.0
6.0 1.0 Car -1.0 -1.0 -1.0 -1.0 -1.0 -1.0 -1.0 1.82 1.592 4.579 604.721 0.701 1424.561 1.2472463684229602 1.0
6.0 0.0 Car -1.0 -1.0 -1.0 -1.0 -1.0 -1.0 -1.0 1.952 2.0 4.819 600.327 1.983 1465.936 -3.1400218571869254 1.0
7.0 1.0 Car -1.0 -1.0 -1.0 -1.0 -1.0 -1.0 -1.0 1.82 1.592 4.579 605.812 0.698 1427.972 1.2718276021189705 1.0
7.0 0.0 Car -1.0 -1.0 -1.0 -1.0 -1.0 -1.0 -1.0 1.952 2.0 4.819 596.85 2.096 1465.93 -3.1400218571869254 1.0
8.0 1.0 Car -1.0 -1.0 -1.0 -1.0 -1.0 -1.0 -1.0 1.82 1.592 4.579 606.592 0.695 1430.53 1.2607774195798662 1.0
8.0 0.0 Car -1.0 -1.0 -1.0 -1.0 -1.0 -1.0 -1.0 1.952 2.0 4.819 593.727 2.197 1465.925 -3.1400218571869254 1.0
9.0 1.0 Car -1.0 -1.0 -1.0 -1.0 -1.0 -1.0 -1.0 1.82 1.592 4.579 607.424 0.692 1433.04 1.2679058592741164 1.0
9.0 0.0 Car -1.0 -1.0 -1.0 -1.0 -1.0 -1.0 -1.0 1.952 2.0 4.819 589.748 2.297 1465.919 -3.1400218571869254 1.0
10.0 1.0 Car -1.0 -1.0 -1.0 -1.0 -1.0 -1.0 -1.0 1.82 1.592 4.579 608.084 0.639 1435.209 1.2750328319005704 1.0
10.0 0.0 Car -1.0 -1.0 -1.0 -1.0 -1.0 -1.0 -1.0 1.952 2.0 4.819 586.193 2.404 1465.914 -3.1400218571869254 1.0
11.0 1.0 Car -1.0 -1.0 -1.0 -1.0 -1.0 -1.0 -1.0 1.82 1.592 4.579 608.703 0.642 1437.404 1.2787990431281484 1.0
11.0 0.0 Car -1.0 -1.0 -1.0 -1.0 -1.0 -1.0 -1.0 1.952 2.0 4.819 582.283 2.521 1465.907 -3.1400218571869254 1.0
12.0 1.0 Car -1.0 -1.0 -1.0 -1.0 -1.0 -1.0 -1.0 1.82 1.592 4.579 609.225 0.695 1439.061 1.2822207295977839 1.0
12.0 0.0 Car -1.0 -1.0 -1.0 -1.0 -1.0 -1.0 -1.0 1.952 2.0 4.819 578.731 2.383 1465.913 -3.1400218571869254 1.0
13.0 1.0 Car -1.0 -1.0 -1.0 -1.0 -1.0 -1.0 -1.0 1.82 1.592 4.579 609.624 0.648 1440.525 1.285646358891138 1.0
13.0 0.0 Car -1.0 -1.0 -1.0 -1.0 -1.0 -1.0 -1.0 1.952 2.0 4.819 575.175 2.245 1465.918 -3.1400218571869254 1.0
14.0 1.0 Car -1.0 -1.0 -1.0 -1.0 -1.0 -1.0 -1.0 1.82 1.592 4.579 610.03 0.651 1441.789 1.2716147117697496 1.0
14.0 0.0 Car -1.0 -1.0 -1.0 -1.0 -1.0 -1.0 -1.0 1.952 2.0 4.819 571.623 2.257 1465.924 -3.1400218571869254 1.0
15.0 1.0 Car -1.0 -1.0 -1.0 -1.0 -1.0 -1.0 -1.0 1.82 1.592 4.579 610.354 0.671 1442.981 1.2750328319005704 0.0
15.0 0.0 Car -1.0 -1.0 -1.0 -1.0 -1.0 -1.0 -1.0 1.952 2.0 4.819 568.162 2.33 1465.901 -3.1400218571869254 1.0
16.0 1.0 Car -1.0 -1.0 -1.0 -1.0 -1.0 -1.0 -1.0 1.82 1.592 4.579 610.655 0.71 1443.838 1.2575795393806268 0.0
16.0 0.0 Car -1.0 -1.0 -1.0 -1.0 -1.0 -1.0 -1.0 1.952 2.0 4.819 565.042 2.396 1465.88 -3.1400218571869254 1.0
17.0 1.0 Car -1.0 -1.0 -1.0 -1.0 -1.0 -1.0 -1.0 1.82 1.592 4.579 610.875 0.667 1444.672 1.2750328319005704 0.0
17.0 0.0 Car -1.0 -1.0 -1.0 -1.0 -1.0 -1.0 -1.0 1.952 2.0 4.819 561.876 2.446 1465.875 -3.1400218571869254 1.0
18.0 1.0 Car -1.0 -1.0 -1.0 -1.0 -1.0 -1.0 -1.0 1.82 1.592 4.579 611.104 0.675 1445.28 1.2575795393806268 0.0
18.0 0.0 Car -1.0 -1.0 -1.0 -1.0 -1.0 -1.0 -1.0 1.952 2.0 4.819 558.709 2.496 1465.87 -3.1400218571869254 1.0
19.0 1.0 Car -1.0 -1.0 -1.0 -1.0 -1.0 -1.0 -1.0 1.82 1.592 4.579 611.228 0.682 1445.636 1.2575795393806268 0.0
19.0 0.0 Car -1.0 -1.0 -1.0 -1.0 -1.0 -1.0 -1.0 1.952 2.0 4.819 555.543 2.546 1465.865 -3.1400218571869254 1.0
20.0 1.0 Car -1.0 -1.0 -1.0 -1.0 -1.0 -1.0 -1.0 1.82 1.592 4.579 611.206 0.689 1445.711 1.2575795393806268 0.0
20.0 0.0 Car -1.0 -1.0 -1.0 -1.0 -1.0 -1.0 -1.0 1.952 2.0 4.819 552.376 2.596 1465.861 -3.1400218571869254 0.0
21.0 1.0 Car -1.0 -1.0 -1.0 -1.0 -1.0 -1.0 -1.0 1.82 1.592 4.579 611.208 0.723 1445.555 1.2469759892471037 0.0
21.0 0.0 Car -1.0 -1.0 -1.0 -1.0 -1.0 -1.0 -1.0 1.952 2.0 4.819 549.206 2.646 1465.856 -3.1400218571869254 0.0
22.0 1.0 Car -1.0 -1.0 -1.0 -1.0 -1.0 -1.0 -1.0 1.82 1.592 4.579 611.192 0.715 1445.531 1.253818244603939 0.0
22.0 0.0 Car -1.0 -1.0 -1.0 -1.0 -1.0 -1.0 -1.0 1.952 2.0 4.819 546.04 2.649 1465.851 -3.1400218571869254 0.0
23.0 1.0 Car -1.0 -1.0 -1.0 -1.0 -1.0 -1.0 -1.0 1.82 1.592 4.579 611.23 0.707 1445.612 1.2432066188809183 1.0
23.0 0.0 Car -1.0 -1.0 -1.0 -1.0 -1.0 -1.0 -1.0 1.952 2.0 4.819 542.874 2.652 1465.846 -3.1400218571869254 0.0
24.0 1.0 Car -1.0 -1.0 -1.0 -1.0 -1.0 -1.0 -1.0 1.82 1.592 4.579 611.226 0.697 1445.678 1.2507375577725885 1.0
24.0 0.0 Car -1.0 -1.0 -1.0 -1.0 -1.0 -1.0 -1.0 1.952 2.0 4.819 539.388 2.655 1465.84 -3.1400218571869254 0.0
25.0 1.0 Car -1.0 -1.0 -1.0 -1.0 -1.0 -1.0 -1.0 1.82 1.592 4.579 611.314 0.689 1445.836 1.2575795393806268 1.0
25.0 0.0 Car -1.0 -1.0 -1.0 -1.0 -1.0 -1.0 -1.0 1.952 2.0 4.819 536.272 2.69 1465.835 -3.1400218571869254 0.0
26.0 1.0 Car -1.0 -1.0 -1.0 -1.0 -1.0 -1.0 -1.0 1.82 1.592 4.579 611.357 0.689 1446.054 1.2575795393806268 1.0
26.0 0.0 Car -1.0 -1.0 -1.0 -1.0 -1.0 -1.0 -1.0 1.952 2.0 4.819 533.155 2.725 1465.83 -3.1400218571869254 0.0
27.0 1.0 Car -1.0 -1.0 -1.0 -1.0 -1.0 -1.0 -1.0 1.82 1.592 4.579 611.424 0.702 1446.314 1.2575795393806268 0.0
27.0 0.0 Car -1.0 -1.0 -1.0 -1.0 -1.0 -1.0 -1.0 1.952 2.0 4.819 530.042 2.76 1465.825 -3.1400218571869254 0.0
28.0 1.0 Car -1.0 -1.0 -1.0 -1.0 -1.0 -1.0 -1.0 1.82 1.592 4.579 611.492 0.715 1446.574 1.2575795393806268 0.0
28.0 0.0 Car -1.0 -1.0 -1.0 -1.0 -1.0 -1.0 -1.0 1.952 2.0 4.819 526.925 2.795 1465.821 -3.1400218571869254 0.0
29.0 1.0 Car -1.0 -1.0 -1.0 -1.0 -1.0 -1.0 -1.0 1.82 1.592 4.579 611.552 0.726 1446.809 1.2575795393806268 0.0
29.0 0.0 Car -1.0 -1.0 -1.0 -1.0 -1.0 -1.0 -1.0 1.952 2.0 4.819 524.115 2.826 1465.816 -3.1400218571869254 0.0
30.0 1.0 Car -1.0 -1.0 -1.0 -1.0 -1.0 -1.0 -1.0 1.82 1.592 4.579 611.62 0.739 1447.069 1.2575795393806268 0.0
30.0 0.0 Car -1.0 -1.0 -1.0 -1.0 -1.0 -1.0 -1.0 1.952 2.0 4.819 520.999 2.861 1465.811 -3.1400218571869254 0.0
31.0 1.0 Car -1.0 -1.0 -1.0 -1.0 -1.0 -1.0 -1.0 1.82 1.592 4.579 611.719 0.739 1447.395 1.2575795393806268 0.0
31.0 0.0 Car -1.0 -1.0 -1.0 -1.0 -1.0 -1.0 -1.0 1.952 2.0 4.819 517.882 2.896 1465.806 -3.1400218571869254 0.0
32.0 1.0 Car -1.0 -1.0 -1.0 -1.0 -1.0 -1.0 -1.0 1.82 1.592 4.579 611.818 0.739 1447.72 1.2575795393806268 0.0
33.0 1.0 Car -1.0 -1.0 -1.0 -1.0 -1.0 -1.0 -1.0 1.82 1.592 4.579 611.917 0.739 1448.045 1.2575795393806268 0.0
34.0 1.0 Car -1.0 -1.0 -1.0 -1.0 -1.0 -1.0 -1.0 1.82 1.592 4.579 612.001 0.739 1448.352 1.2667246813772561 0.0
35.0 1.0 Car -1.0 -1.0 -1.0 -1.0 -1.0 -1.0 -1.0 1.82 1.592 4.579 612.078 0.689 1448.631 1.2750328319005704 0.0
36.0 1.0 Car -1.0 -1.0 -1.0 -1.0 -1.0 -1.0 -1.0 1.82 1.592 4.579 612.159 0.69 1448.857 1.2658488098139702 0.0
37.0 1.0 Car -1.0 -1.0 -1.0 -1.0 -1.0 -1.0 -1.0 1.82 1.592 4.579 612.231 0.691 1449.061 1.2575795393806268 0.0
38.0 1.0 Car -1.0 -1.0 -1.0 -1.0 -1.0 -1.0 -1.0 1.82 1.592 4.579 612.33 0.708 1449.363 1.2658878624895387 0.0
