0.0 5.0 Car -1.0 -1.0 -1.0 -1.0 -1.0 -1.0 -1.0 2.082 1.846 4.256 898.968 0.703 2452.512 0.9656137170912913 0.0
0.0 6.0 Car -1.0 -1.0 -1.0 -1.0 -1.0 -1.0 -1.0 1.906 1.846 4.256 932.638 1.128 2500.755 0.9597914621159864 0.0
1.0 3.0 Truck -1.0 -1.0 -1.0 -1.0 -1.0 -1.0 -1.0 2.003 2.178 5.227 969.558 2.455 2547.718 -2.168082903047836 0.0
1.0 5.0 Car -1.0 -1.0 -1.0 -1.0 -1.0 -1.0 -1.0 2.082 1.846 4.256 903.133 0.553 2458.608 0.9656137170912913 1.0
1.0 6.0 Car -1.0 -1.0 -1.0 -1.0 -1.0 -1.0 -1.0 1.906 1.846 4.256 936.379 1.115 2506.198 0.9597914621159864 1.0
2.0 3.0 Truck -1.0 -1.0 -1.0 -1.0 -1.0 -1.0 -1.0 2.003 2.178 5.227 967.263 2.155 2544.171 -2.168082903047836 1.0
2.0 5.0 Car -1.0 -1.0 -1.0 -1.0 -1.0 -1.0 -1.0 2.082 1.846 4.256 907.304 0.403 2464.71 0.9656137170912913 1.0
2.0 6.0 Car -1.0 -1.0 -1.0 -1.0 -1.0 -1.0 -1.0 1.906 1.846 4.256 940.124 1.103 2511.649 0.9597914621159864 1.0
3.0 3.0 Truck -1.0 -1.0 -1.0 -1.0 -1.0 -1.0 -1.0 2.003 2.178 5.227 964.971 1.855 2540.628 -2.168082903047836 0.0
3.0 5.0 Car -1.0 -1.0 -1.0 -1.0 -1.0 -1.0 -1.0 2.082 1.846 4.256 911.528 0.428 2470.658 0.9656137170912913 1.0
3.0 6.0 Car -1.0 -1.0 -1.0 -1.0 -1.0 -1.0 -1.0 1.906 1.846 4.256 943.866 1.09 2517.092 0.9597914621159864 1.0
4.0 3.0 Truck -1.0 -1.0 -1.0 -1.0 -1.0 -1.0 -1.0 2.003 2.178 5.227 962.039 1.705 2536.656 -2.168082903047836 0.0
4.0 5.0 Car -1.0 -1.0 -1.0 -1.0 -1.0 -1.0 -1.0 2.082 1.846 4.256 915.748 0.453 2476.6 0.9656137170912913 1.0
4.0 6.0 Car -1.0 -1.0 -1.0 -1.0 -1.0 -1.0 -1.0 1.906 1.846 4.256 947.603 1.078 2522.53 0.9597914621159864 1.0
5.0 3.0 Truck -1.0 -1.0 -1.0 -1.0 -1.0 -1.0 -1.0 2.003 2.178 5.227 959.134 1.455 2532.659 -2.1855361955677792 0.0
5.0 5.0 Car -1.0 -1.0 -1.0 -1.0 -1.0 -1.0 -1.0 2.082 1.846 4.256 919.891 0.453 2482.534 0.9656137170912913 1.0
5.0 6.0 Car -1.0 -1.0 -1.0 -1.0 -1.0 -1.0 -1.0 1.906 1.846 4.256 951.212 1.065 2528.067 0.9714227323446658 1.0
6.0 3.0 Truck -1.0 -1.0 -1.0 -1.0 -1.0 -1.0 -1.0 2.003 2.178 5.227 956.438 1.355 2528.424 -2.168082903047836 0.0
6.0 5.0 Car -1.0 -1.0 -1.0 -1.0 -1.0 -1.0 -1.0 2.082 1.846 4.256 924.038 0.453 2488.474 0.9656137170912913 1.0
6.0 6.0 Car -1.0 -1.0 -1.0 -1.0 -1.0 -1.0 -1.0 1.906 1.846 4.256 954.826 1.053 2533.609 0.9830670096112346 1.0
7.0 3.0 Truck -1.0 -1.0 -1.0 -1.0 -1.0 -1.0 -1.0 2.003 2.178 5.227 953.52 1.155 2524.213 -2.150629610527893 0.0
7.0 5.0 Car -1.0 -1.0 -1.0 -1.0 -1.0 -1.0 -1.0 2.082 1.846 4.256 927.989 0.478 2494.13 0.9656137170912913 1.0
7.0 6.0 Car -1.0 -1.0 -1.0 -1.0 -1.0 -1.0 -1.0 1.906 1.846 4.256 958.435 1.04 2539.145 0.9946980471558731 1.0
8.0 3.0 Truck -1.0 -1.0 -1.0 -1.0 -1.0 -1.0 -1.0 2.003 2.178 5.227 950.807 0.953 2520.065 -2.1589385002947403 0.0
8.0 5.0 Car -1.0 -1.0 -1.0 -1.0 -1.0 -1.0 -1.0 2.082 1.846 4.256 931.94 0.503 2499.787 0.9656137170912913 1.0
8.0 6.0 Car -1.0 -1.0 -1.0 -1.0 -1.0 -1.0 -1.0 1.906 1.846 4.256 962.247 1.028 2544.827 0.989068956066984 1.0
9.0 3.0 Truck -1.0 -1.0 -1.0 -1.0 -1.0 -1.0 -1.0 2.003 2.178 5.227 947.816 0.78 2515.644 -2.168082903047836 0.0
9.0 5.0 Car -1.0 -1.0 -1.0 -1.0 -1.0 -1.0 -1.0 2.082 1.846 4.256 936.235 0.555 2505.863 0.9473248767513359 1.0
9.0 6.0 Car -1.0 -1.0 -1.0 -1.0 -1.0 -1.0 -1.0 1.906 1.846 4.256 966.443 1.014 2551.081 0.9828738232038602 1.0
10.0 3.0 Truck -1.0 -1.0 -1.0 -1.0 -1.0 -1.0 -1.0 2.003 2.178 5.227 945.084 0.821 2511.594 -2.1535865709636917 0.0
10.0 5.0 Car -1.0 -1.0 -1.0 -1.0 -1.0 -1.0 -1.0 2.082 1.846 4.256 940.137 0.603 2511.384 0.9307071320514047 1.0
10.0 1.0 Car -1.0 -1.0 -1.0 -1.0 -1.0 -1.0 -1.0 1.906 1.846 4.256 989.478 0.979 2588.195 1.0015437643715663 0.0
10.0 6.0 Car -1.0 -1.0 -1.0 -1.0 -1.0 -1.0 -1.0 1.906 1.846 4.256 970.256 1.001 2556.763 0.9772447546359297 1.0
11.0 3.0 Truck -1.0 -1.0 -1.0 -1.0 -1.0 -1.0 -1.0 2.003 2.178 5.227 942.469 0.713 2507.863 -2.165265348008278 0.0
11.0 5.0 Car -1.0 -1.0 -1.0 -1.0 -1.0 -1.0 -1.0 2.082 1.846 4.256 943.918 0.653 2516.811 0.9394290847086715 1.0
11.0 1.0 Car -1.0 -1.0 -1.0 -1.0 -1.0 -1.0 -1.0 1.906 1.846 4.256 993.322 0.879 2594.054 0.9981227467388138 0.0
11.0 6.0 Car -1.0 -1.0 -1.0 -1.0 -1.0 -1.0 -1.0 1.906 1.846 4.256 974.231 0.989 2562.537 0.9683029771589758 1.0
12.0 2.0 Car -1.0 -1.0 -1.0 -1.0 -1.0 -1.0 -1.0 1.938 1.526 4.304 1018.15 1.065 2618.285 -2.2156605788944677 0.0
12.0 3.0 Truck -1.0 -1.0 -1.0 -1.0 -1.0 -1.0 -1.0 2.003 2.178 5.227 939.662 0.811 2504.142 -2.1695759496626703 0.0
12.0 5.0 Car -1.0 -1.0 -1.0 -1.0 -1.0 -1.0 -1.0 2.082 1.846 4.256 947.702 0.703 2522.244 0.9481604245713481 1.0
12.0 1.0 Car -1.0 -1.0 -1.0 -1.0 -1.0 -1.0 -1.0 1.906 1.846 4.256 997.171 0.779 2599.92 0.9946980471558731 0.0
12.0 6.0 Car -1.0 -1.0 -1.0 -1.0 -1.0 -1.0 -1.0 1.906 1.846 4.256 978.21 0.976 2568.318 0.9593515758850121 1.0
13.0 2.0 Car -1.0 -1.0 -1.0 -1.0 -1.0 -1.0 -1.0 1.938 1.526 4.304 1015.177 0.948 2614.302 -2.163300701334638 1.0
13.0 3.0 Truck -1.0 -1.0 -1.0 -1.0 -1.0 -1.0 -1.0 2.003 2.178 5.227 937.052 0.671 2500.252 -2.169060233688628 0.0
13.0 5.0 Car -1.0 -1.0 -1.0 -1.0 -1.0 -1.0 -1.0 2.082 1.846 4.256 951.445 0.737 2527.605 0.9541889984033679 1.0
13.0 1.0 Car -1.0 -1.0 -1.0 -1.0 -1.0 -1.0 -1.0 1.906 1.846 4.256 1001.27 0.679 2605.632 0.9597914621159864 1.0
13.0 6.0 Car -1.0 -1.0 -1.0 -1.0 -1.0 -1.0 -1.0 1.906 1.846 4.256 982.194 0.964 2574.106 0.9503897279615067 1.0
14.0 2.0 Car -1.0 -1.0 -1.0 -1.0 -1.0 -1.0 -1.0 1.938 1.526 4.304 1012.65 0.853 2610.709 -2.1550264480315886 1.0
14.0 3.0 Truck -1.0 -1.0 -1.0 -1.0 -1.0 -1.0 -1.0 2.003 2.178 5.227 934.698 0.663 2496.762 -2.168596900980859 0.0
14.0 5.0 Car -1.0 -1.0 -1.0 -1.0 -1.0 -1.0 -1.0 2.082 1.846 4.256 954.808 0.768 2532.421 0.9596052266727298 1.0
14.0 1.0 Car -1.0 -1.0 -1.0 -1.0 -1.0 -1.0 -1.0 1.906 1.846 4.256 1004.734 0.589 2610.453 0.9597914621159864 1.0
14.0 6.0 Car -1.0 -1.0 -1.0 -1.0 -1.0 -1.0 -1.0 1.906 1.846 4.256 985.773 0.953 2579.305 0.942338169596043 1.0
15.0 0.0 Car -1.0 -1.0 -1.0 -1.0 -1.0 -1.0 -1.0 1.905 1.593 4.979 1025.835 0.811 2629.828 -2.2156605788944677 0.0
15.0 2.0 Car -1.0 -1.0 -1.0 -1.0 -1.0 -1.0 -1.0 1.938 1.526 4.304 1009.846 0.748 2606.724 -2.1458474088146953 0.0
15.0 5.0 Car -1.0 -1.0 -1.0 -1.0 -1.0 -1.0 -1.0 2.082 1.846 4.256 958.538 0.803 2537.764 0.9656137170912913 1.0
15.0 1.0 Car -1.0 -1.0 -1.0 -1.0 -1.0 -1.0 -1.0 1.906 1.846 4.256 1008.391 0.489 2615.485 0.9597914621159864 1.0
15.0 6.0 Car -1.0 -1.0 -1.0 -1.0 -1.0 -1.0 -1.0 1.906 1.846 4.256 989.623 0.94 2584.959 0.942338169596043 1.0
16.0 0.0 Car -1.0 -1.0 -1.0 -1.0 -1.0 -1.0 -1.0 1.905 1.593 4.979 1022.233 0.811 2625.545 -2.198207286374524 1.0
16.0 2.0 Car -1.0 -1.0 -1.0 -1.0 -1.0 -1.0 -1.0 1.938 1.526 4.304 1007.05 0.748 2602.748 -2.1458474088146953 0.0
16.0 5.0 Car -1.0 -1.0 -1.0 -1.0 -1.0 -1.0 -1.0 2.082 1.846 4.256 962.226 0.828 2543.312 0.9656137170912913 1.0
16.0 1.0 Car -1.0 -1.0 -1.0 -1.0 -1.0 -1.0 -1.0 1.906 1.846 4.256 1012.052 0.389 2620.522 0.9597914621159864 1.0
16.0 6.0 Car -1.0 -1.0 -1.0 -1.0 -1.0 -1.0 -1.0 1.906 1.846 4.256 993.477 0.928 2590.619 0.942338169596043 1.0
17.0 0.0 Car -1.0 -1.0 -1.0 -1.0 -1.0 -1.0 -1.0 1.905 1.593 4.979 1019.255 0.811 2620.894 -2.198207286374524 0.0
17.0 2.0 Car -1.0 -1.0 -1.0 -1.0 -1.0 -1.0 -1.0 1.938 1.526 4.304 1004.055 0.748 2598.193 -2.163300701334638 0.0
17.0 5.0 Car -1.0 -1.0 -1.0 -1.0 -1.0 -1.0 -1.0 2.082 1.846 4.256 965.914 0.853 2548.86 0.9656137170912913 1.0
17.0 1.0 Car -1.0 -1.0 -1.0 -1.0 -1.0 -1.0 -1.0 1.906 1.846 4.256 1015.713 0.289 2625.559 0.9597914621159864 1.0
17.0 6.0 Car -1.0 -1.0 -1.0 -1.0 -1.0 -1.0 -1.0 1.906 1.846 4.256 997.312 0.915 2596.252 0.942338169596043 1.0
18.0 0.0 Car -1.0 -1.0 -1.0 -1.0 -1.0 -1.0 -1.0 1.905 1.593 4.979 1016.485 0.711 2616.473 -2.198207286374524 0.0
18.0 2.0 Car -1.0 -1.0 -1.0 -1.0 -1.0 -1.0 -1.0 1.938 1.526 4.304 1000.938 0.748 2593.722 -2.163300701334638 0.0
18.0 5.0 Car -1.0 -1.0 -1.0 -1.0 -1.0 -1.0 -1.0 2.082 1.846 4.256 969.473 0.886 2554.334 0.9597978027745989 1.0
18.0 1.0 Car -1.0 -1.0 -1.0 -1.0 -1.0 -1.0 -1.0 1.906 1.846 4.256 1019.374 0.189 2630.596 0.9597914621159864 1.0
18.0 6.0 Car -1.0 -1.0 -1.0 -1.0 -1.0 -1.0 -1.0 1.906 1.846 4.256 1001.147 0.903 2601.886 0.942338169596043 1.0
19.0 0.0 Car -1.0 -1.0 -1.0 -1.0 -1.0 -1.0 -1.0 1.905 1.593 4.979 1013.382 0.612 2612.293 -2.163300701334638 0.0
19.0 2.0 Car -1.0 -1.0 -1.0 -1.0 -1.0 -1.0 -1.0 1.938 1.526 4.304 997.904 0.748 2589.374 -2.163300701334638 0.0
19.0 5.0 Car -1.0 -1.0 -1.0 -1.0 -1.0 -1.0 -1.0 2.082 1.846 4.256 973.033 0.919 2559.807 0.9539823421963232 1.0
19.0 1.0 Car -1.0 -1.0 -1.0 -1.0 -1.0 -1.0 -1.0 1.906 1.846 4.256 1023.094 0.264 2635.717 0.9597914621159864 1.0
19.0 4.0 Car -1.0 -1.0 -1.0 -1.0 -1.0 -1.0 -1.0 2.082 1.846 4.256 943.891 1.153 2516.253 1.009246961484281 0.0
19.0 6.0 Car -1.0 -1.0 -1.0 -1.0 -1.0 -1.0 -1.0 1.906 1.846 4.256 1005.046 0.873 2607.31 0.942338169596043 1.0
20.0 0.0 Car -1.0 -1.0 -1.0 -1.0 -1.0 -1.0 -1.0 1.905 1.593 4.979 1010.263 0.512 2607.537 -2.163300701334638 0.0
20.0 2.0 Car -1.0 -1.0 -1.0 -1.0 -1.0 -1.0 -1.0 1.938 1.526 4.304 994.842 0.748 2585.037 -2.163300701334638 0.0
20.0 5.0 Car -1.0 -1.0 -1.0 -1.0 -1.0 -1.0 -1.0 2.082 1.846 4.256 976.597 0.953 2565.287 0.9481604245713481 1.0
20.0 1.0 Car -1.0 -1.0 -1.0 -1.0 -1.0 -1.0 -1.0 1.906 1.846 4.256 1026.818 0.339 2640.843 0.9597914621159864 1.0
20.0 4.0 Car -1.0 -1.0 -1.0 -1.0 -1.0 -1.0 -1.0 2.082 1.846 4.256 947.588 1.153 2522.112 1.009246961484281 1.0
20.0 6.0 Car -1.0 -1.0 -1.0 -1.0 -1.0 -1.0 -1.0 1.906 1.846 4.256 1008.949 0.844 2612.741 0.942338169596043 1.0
21.0 0.0 Car -1.0 -1.0 -1.0 -1.0 -1.0 -1.0 -1.0 1.905 1.593 4.979 1007.148 0.661 2602.787 -2.163300701334638 0.0
21.0 2.0 Car -1.0 -1.0 -1.0 -1.0 -1.0 -1.0 -1.0 1.938 1.526 4.304 991.882 0.898 2580.853 -2.163300701334638 0.0
21.0 5.0 Car -1.0 -1.0 -1.0 -1.0 -1.0 -1.0 -1.0 2.082 1.846 4.256 980.271 0.982 2570.695 0.9550039687663635 1.0
21.0 1.0 Car -1.0 -1.0 -1.0 -1.0 -1.0 -1.0 -1.0 1.906 1.846 4.256 1030.588 0.414 2646.036 0.9597914621159864 1.0
21.0 4.0 Car -1.0 -1.0 -1.0 -1.0 -1.0 -1.0 -1.0 2.082 1.846 4.256 951.312 1.153 2528.291 1.009246961484281 1.0
21.0 6.0 Car -1.0 -1.0 -1.0 -1.0 -1.0 -1.0 -1.0 1.906 1.846 4.256 1012.848 0.815 2618.166 0.942338169596043 1.0
22.0 0.0 Car -1.0 -1.0 -1.0 -1.0 -1.0 -1.0 -1.0 1.905 1.593 4.979 1004.02 0.811 2598.202 -2.163300701334638 0.0
22.0 2.0 Car -1.0 -1.0 -1.0 -1.0 -1.0 -1.0 -1.0 1.938 1.526 4.304 988.927 1.048 2576.623 -2.163300701334638 0.0
22.0 5.0 Car -1.0 -1.0 -1.0 -1.0 -1.0 -1.0 -1.0 2.082 1.846 4.256 983.95 1.011 2576.108 0.9618552343941462 1.0
22.0 1.0 Car -1.0 -1.0 -1.0 -1.0 -1.0 -1.0 -1.0 1.906 1.846 4.256 1034.363 0.489 2651.235 0.9597914621159864 1.0
22.0 4.0 Car -1.0 -1.0 -1.0 -1.0 -1.0 -1.0 -1.0 2.082 1.846 4.256 955.041 1.153 2534.477 1.009246961484281 1.0
22.0 6.0 Car -1.0 -1.0 -1.0 -1.0 -1.0 -1.0 -1.0 1.906 1.846 4.256 1016.577 0.807 2623.485 0.9457637540429952 1.0
23.0 0.0 Car -1.0 -1.0 -1.0 -1.0 -1.0 -1.0 -1.0 1.905 1.593 4.979 1000.832 0.911 2593.59 -2.163300701334638 0.0
23.0 2.0 Car -1.0 -1.0 -1.0 -1.0 -1.0 -1.0 -1.0 1.938 1.526 4.304 985.954 1.048 2572.419 -2.163300701334638 0.0
23.0 5.0 Car -1.0 -1.0 -1.0 -1.0 -1.0 -1.0 -1.0 2.082 1.846 4.256 987.62 1.041 2581.51 0.9686911529897797 1.0
23.0 1.0 Car -1.0 -1.0 -1.0 -1.0 -1.0 -1.0 -1.0 1.906 1.846 4.256 1037.654 0.564 2656.14 0.9597914621159864 1.0
23.0 4.0 Car -1.0 -1.0 -1.0 -1.0 -1.0 -1.0 -1.0 2.082 1.846 4.256 958.762 1.153 2540.65 1.009246961484281 1.0
23.0 6.0 Car -1.0 -1.0 -1.0 -1.0 -1.0 -1.0 -1.0 1.906 1.846 4.256 1020.297 0.8 2628.793 0.949181665082216 1.0
24.0 0.0 Car -1.0 -1.0 -1.0 -1.0 -1.0 -1.0 -1.0 1.905 1.593 4.979 997.6 1.011 2588.91 -2.163300701334638 0.0
24.0 2.0 Car -1.0 -1.0 -1.0 -1.0 -1.0 -1.0 -1.0 1.938 1.526 4.304 982.644 1.298 2567.714 -2.163300701334638 0.0
24.0 5.0 Car -1.0 -1.0 -1.0 -1.0 -1.0 -1.0 -1.0 2.082 1.846 4.256 991.298 1.07 2586.924 0.9755421584983737 1.0
24.0 1.0 Car -1.0 -1.0 -1.0 -1.0 -1.0 -1.0 -1.0 1.906 1.846 4.256 1040.954 0.639 2661.055 0.9597914621159864 1.0
24.0 4.0 Car -1.0 -1.0 -1.0 -1.0 -1.0 -1.0 -1.0 2.082 1.846 4.256 962.355 1.153 2546.803 0.984294166041376 1.0
24.0 6.0 Car -1.0 -1.0 -1.0 -1.0 -1.0 -1.0 -1.0 1.906 1.846 4.256 1024.025 0.792 2634.112 0.9526071194714099 1.0
25.0 0.0 Car -1.0 -1.0 -1.0 -1.0 -1.0 -1.0 -1.0 1.905 1.593 4.979 994.058 1.121 2583.723 -2.163300701334638 0.0
25.0 2.0 Car -1.0 -1.0 -1.0 -1.0 -1.0 -1.0 -1.0 1.938 1.526 4.304 979.389 1.472 2563.111 -2.163300701334638 0.0
25.0 5.0 Car -1.0 -1.0 -1.0 -1.0 -1.0 -1.0 -1.0 2.082 1.846 4.256 995.339 1.103 2592.87 0.9830670096112346 1.0
25.0 1.0 Car -1.0 -1.0 -1.0 -1.0 -1.0 -1.0 -1.0 1.906 1.846 4.256 1044.577 0.721 2666.455 0.9597914621159864 1.0
25.0 4.0 Car -1.0 -1.0 -1.0 -1.0 -1.0 -1.0 -1.0 2.082 1.846 4.256 966.477 1.153 2553.456 0.9568870839244509 1.0
25.0 6.0 Car -1.0 -1.0 -1.0 -1.0 -1.0 -1.0 -1.0 1.906 1.846 4.256 1028.12 0.784 2639.955 0.956369491905682 1.0
26.0 0.0 Car -1.0 -1.0 -1.0 -1.0 -1.0 -1.0 -1.0 1.905 1.593 4.979 990.78 1.27 2579.044 -2.163300701334638 0.0
26.0 2.0 Car -1.0 -1.0 -1.0 -1.0 -1.0 -1.0 -1.0 1.938 1.526 4.304 976.56 1.631 2559.015 -2.163300701334638 0.0
26.0 5.0 Car -1.0 -1.0 -1.0 -1.0 -1.0 -1.0 -1.0 2.082 1.846 4.256 999.214 1.128 2598.492 0.978703400614547 1.0
26.0 1.0 Car -1.0 -1.0 -1.0 -1.0 -1.0 -1.0 -1.0 1.906 1.846 4.256 1047.837 0.796 2671.442 0.9772459242907547 0.0
26.0 4.0 Car -1.0 -1.0 -1.0 -1.0 -1.0 -1.0 -1.0 2.082 1.846 4.256 970.329 1.153 2559.422 0.9481598528370667 1.0
26.0 6.0 Car -1.0 -1.0 -1.0 -1.0 -1.0 -1.0 -1.0 1.906 1.846 4.256 1031.844 0.776 2645.269 0.9597914621159864 1.0
27.0 0.0 Car -1.0 -1.0 -1.0 -1.0 -1.0 -1.0 -1.0 1.905 1.593 4.979 987.895 1.32 2574.886 -2.163300701334638 0.0
27.0 5.0 Car -1.0 -1.0 -1.0 -1.0 -1.0 -1.0 -1.0 2.082 1.846 4.256 1003.089 1.153 2604.114 0.9743403764443942 0.0
27.0 1.0 Car -1.0 -1.0 -1.0 -1.0 -1.0 -1.0 -1.0 1.906 1.846 4.256 1051.097 0.871 2676.429 0.9946980471558731 0.0
27.0 4.0 Car -1.0 -1.0 -1.0 -1.0 -1.0 -1.0 -1.0 2.082 1.846 4.256 974.18 1.153 2565.386 0.9394337914045077 0.0
27.0 6.0 Car -1.0 -1.0 -1.0 -1.0 -1.0 -1.0 -1.0 1.906 1.846 4.256 1035.382 0.765 2650.619 0.9714264473282672 0.0
28.0 0.0 Car -1.0 -1.0 -1.0 -1.0 -1.0 -1.0 -1.0 1.905 1.593 4.979 984.528 1.47 2570.135 -2.163300701334638 0.0
28.0 5.0 Car -1.0 -1.0 -1.0 -1.0 -1.0 -1.0 -1.0 2.082 1.846 4.256 1006.968 1.178 2609.742 0.9699719666328669 0.0
28.0 1.0 Car -1.0 -1.0 -1.0 -1.0 -1.0 -1.0 -1.0 1.906 1.846 4.256 1054.122 0.946 2681.593 0.9859612406411937 0.0
28.0 4.0 Car -1.0 -1.0 -1.0 -1.0 -1.0 -1.0 -1.0 2.082 1.846 4.256 979.084 1.153 2571.501 0.9394337914045077 0.0
28.0 6.0 Car -1.0 -1.0 -1.0 -1.0 -1.0 -1.0 -1.0 1.906 1.846 4.256 1038.924 0.753 2655.975 0.983075794564527 0.0
29.0 5.0 Car -1.0 -1.0 -1.0 -1.0 -1.0 -1.0 -1.0 2.082 1.846 4.256 1010.839 1.203 2615.358 0.9656137170912913 0.0
29.0 1.0 Car -1.0 -1.0 -1.0 -1.0 -1.0 -1.0 -1.0 1.906 1.846 4.256 1057.14 1.021 2686.744 0.9772447546359297 0.0
29.0 4.0 Car -1.0 -1.0 -1.0 -1.0 -1.0 -1.0 -1.0 2.082 1.846 4.256 983.976 1.153 2577.6 0.9394337914045077 0.0
29.0 6.0 Car -1.0 -1.0 -1.0 -1.0 -1.0 -1.0 -1.0 1.906 1.846 4.256 1042.459 0.742 2661.32 0.9946980471558731 0.0
30.0 5.0 Car -1.0 -1.0 -1.0 -1.0 -1.0 -1.0 -1.0 2.082 1.846 4.256 1014.666 1.228 2620.838 0.9568871581196043 0.0
30.0 1.0 Car -1.0 -1.0 -1.0 -1.0 -1.0 -1.0 -1.0 1.906 1.846 4.256 1060.307 1.096 2691.925 0.9888758930249508 0.0
30.0 4.0 Car -1.0 -1.0 -1.0 -1.0 -1.0 -1.0 -1.0 2.082 1.846 4.256 988.702 1.153 2583.471 0.9394337914045077 0.0
30.0 6.0 Car -1.0 -1.0 -1.0 -1.0 -1.0 -1.0 -1.0 1.906 1.846 4.256 1045.702 0.747 2666.38 1.0005136163503836 0.0
31.0 5.0 Car -1.0 -1.0 -1.0 -1.0 -1.0 -1.0 -1.0 2.082 1.846 4.256 1018.493 1.253 2626.317 0.9481604245713481 0.0
31.0 1.0 Car -1.0 -1.0 -1.0 -1.0 -1.0 -1.0 -1.0 1.906 1.846 4.256 1063.474 1.171 2697.107 1.0005072640972372 0.0
31.0 4.0 Car -1.0 -1.0 -1.0 -1.0 -1.0 -1.0 -1.0 2.082 1.846 4.256 992.241 1.153 2588.215 0.9394337914045077 0.0
31.0 6.0 Car -1.0 -1.0 -1.0 -1.0 -1.0 -1.0 -1.0 1.906 1.846 4.256 1048.946 0.752 2671.44 1.006329301886527 0.0
32.0 5.0 Car -1.0 -1.0 -1.0 -1.0 -1.0 -1.0 -1.0 2.082 1.846 4.256 1022.577 1.236 2632.246 0.9597956739097079 0.0
32.0 1.0 Car -1.0 -1.0 -1.0 -1.0 -1.0 -1.0 -1.0 1.906 1.846 4.256 1066.645 1.246 2702.294 1.0121513396758162 0.0
32.0 4.0 Car -1.0 -1.0 -1.0 -1.0 -1.0 -1.0 -1.0 2.082 1.846 4.256 995.784 1.153 2592.964 0.9394337914045077 0.0
32.0 6.0 Car -1.0 -1.0 -1.0 -1.0 -1.0 -1.0 -1.0 1.906 1.846 4.256 1052.193 0.757 2676.505 1.0121513396758162 0.0
33.0 5.0 Car -1.0 -1.0 -1.0 -1.0 -1.0 -1.0 -1.0 2.082 1.846 4.256 1026.662 1.219 2638.174 0.9714309232480675 0.0
33.0 1.0 Car -1.0 -1.0 -1.0 -1.0 -1.0 -1.0 -1.0 1.906 1.846 4.256 1069.462 1.321 2706.804 1.0121513396758162 0.0
33.0 4.0 Car -1.0 -1.0 -1.0 -1.0 -1.0 -1.0 -1.0 2.082 1.846 4.256 999.836 1.153 2599.154 0.9394337914045077 0.0
33.0 6.0 Car -1.0 -1.0 -1.0 -1.0 -1.0 -1.0 -1.0 1.906 1.846 4.256 1055.091 0.762 2681.016 1.0121513396758162 0.0
34.0 5.0 Car -1.0 -1.0 -1.0 -1.0 -1.0 -1.0 -1.0 2.082 1.846 4.256 1030.746 1.203 2644.103 0.9830670096112344 0.0
34.0 1.0 Car -1.0 -1.0 -1.0 -1.0 -1.0 -1.0 -1.0 1.906 1.846 4.256 1072.278 1.396 2711.314 1.0121513396758162 0.0
34.0 4.0 Car -1.0 -1.0 -1.0 -1.0 -1.0 -1.0 -1.0 2.082 1.846 4.256 1003.889 1.153 2605.345 0.9394337914045077 0.0
34.0 6.0 Car -1.0 -1.0 -1.0 -1.0 -1.0 -1.0 -1.0 1.906 1.846 4.256 1057.99 0.768 2685.527 1.0121513396758162 0.0
35.0 5.0 Car -1.0 -1.0 -1.0 -1.0 -1.0 -1.0 -1.0 2.082 1.846 4.256 1034.492 1.173 2649.675 0.9830670096112344 0.0
35.0 1.0 Car -1.0 -1.0 -1.0 -1.0 -1.0 -1.0 -1.0 1.906 1.846 4.256 1074.781 1.471 2715.322 1.0063316233837156 0.0
35.0 4.0 Car -1.0 -1.0 -1.0 -1.0 -1.0 -1.0 -1.0 2.082 1.846 4.256 1008.023 1.153 2611.646 0.9394337914045077 0.0
35.0 6.0 Car -1.0 -1.0 -1.0 -1.0 -1.0 -1.0 -1.0 1.906 1.846 4.256 1060.885 0.773 2690.032 1.0121513396758162 0.0
36.0 5.0 Car -1.0 -1.0 -1.0 -1.0 -1.0 -1.0 -1.0 2.082 1.846 4.256 1038.238 1.143 2655.247 0.9830670096112344 0.0
36.0 1.0 Car -1.0 -1.0 -1.0 -1.0 -1.0 -1.0 -1.0 1.906 1.846 4.256 1077.285 1.546 2719.332 1.0005104168061008 0.0
36.0 4.0 Car -1.0 -1.0 -1.0 -1.0 -1.0 -1.0 -1.0 2.082 1.846 4.256 1012.159 1.153 2617.949 0.9394337914045077 0.0
36.0 6.0 Car -1.0 -1.0 -1.0 -1.0 -1.0 -1.0 -1.0 1.906 1.846 4.256 1063.502 0.778 2694.196 1.0121513396758162 0.0
37.0 5.0 Car -1.0 -1.0 -1.0 -1.0 -1.0 -1.0 -1.0 2.082 1.846 4.256 1041.979 1.113 2660.812 0.9830670096112344 0.0
37.0 1.0 Car -1.0 -1.0 -1.0 -1.0 -1.0 -1.0 -1.0 1.906 1.846 4.256 1079.784 1.621 2723.335 0.9946980471558731 0.0
37.0 4.0 Car -1.0 -1.0 -1.0 -1.0 -1.0 -1.0 -1.0 2.082 1.846 4.256 1015.942 1.153 2623.77 0.9394337914045077 0.0
37.0 6.0 Car -1.0 -1.0 -1.0 -1.0 -1.0 -1.0 -1.0 1.906 1.846 4.256 1066.116 0.783 2698.354 1.0121513396758162 0.0
38.0 5.0 Car -1.0 -1.0 -1.0 -1.0 -1.0 -1.0 -1.0 2.082 1.846 4.256 1045.724 1.083 2666.384 0.9830670096112344 0.0
38.0 4.0 Car -1.0 -1.0 -1.0 -1.0 -1.0 -1.0 -1.0 2.082 1.846 4.256 1019.731 1.153 2629.599 0.9394337914045077 0.0
38.0 6.0 Car -1.0 -1.0 -1.0 -1.0 -1.0 -1.0 -1.0 1.906 1.846 4.256 1068.732 0.788 2702.517 1.0121513396758162 0.0
