0.0 0.0 Bus -1.0 -1.0 -1.0 -1.0 -1.0 -1.0 -1.0 2.593 3.159 12.231 633.751 1.335 1813.413 2.973726886041254 0.0
1.0 0.0 Bus -1.0 -1.0 -1.0 -1.0 -1.0 -1.0 -1.0 2.593 3.159 12.231 630.955 1.533 1814.405 2.8806426592682226 0.0
2.0 0.0 Bus -1.0 -1.0 -1.0 -1.0 -1.0 -1.0 -1.0 2.593 3.159 12.231 629.253 1.582 1814.983 2.8311916637950496 1.0
3.0 0.0 Bus -1.0 -1.0 -1.0 -1.0 -1.0 -1.0 -1.0 2.593 3.159 12.231 627.9 1.631 1815.534 2.79919396084182 1.0
4.0 0.0 Bus -1.0 -1.0 -1.0 -1.0 -1.0 -1.0 -1.0 2.593 3.159 12.231 627.096 1.646 1815.911 2.793376196668506 1.0
5.0 0.0 Bus -1.0 -1.0 -1.0 -1.0 -1.0 -1.0 -1.0 2.593 3.159 12.231 626.647 1.662 1816.159 2.7875584324951914 1.0
6.0 0.0 Bus -1.0 -1.0 -1.0 -1.0 -1.0 -1.0 -1.0 2.593 3.159 12.231 626.198 1.677 1816.407 2.781740668321877 1.0
7.0 0.0 Bus -1.0 -1.0 -1.0 -1.0 -1.0 -1.0 -1.0 2.593 3.159 12.231 625.803 1.643 1816.513 2.77883178623522 1.0
8.0 0.0 Bus -1.0 -1.0 -1.0 -1.0 -1.0 -1.0 -1.0 2.593 3.159 12.231 625.251 1.608 1816.68 2.7759229041485627 1.0
9.0 0.0 Bus -1.0 -1.0 -1.0 -1.0 -1.0 -1.0 -1.0 2.593 3.159 12.231 624.541 1.608 1816.904 2.7730140220619055 1.0
10.0 0.0 Bus -1.0 -1.0 -1.0 -1.0 -1.0 -1.0 -1.0 2.593 3.159 12.231 623.831 1.608 1817.129 2.7701051399752483 1.0
11.0 0.0 Bus -1.0 -1.0 -1.0 -1.0 -1.0 -1.0 -1.0 2.593 3.159 12.231 622.887 1.608 1817.449 2.793376196668506 1.0
12.0 0.0 Bus -1.0 -1.0 -1.0 -1.0 -1.0 -1.0 -1.0 2.593 3.159 12.231 621.784 1.608 1817.826 2.8166472533617637 1.0
13.0 0.0 Bus -1.0 -1.0 -1.0 -1.0 -1.0 -1.0 -1.0 2.593 3.159 12.231 620.712 1.646 1818.154 2.8515538384016503 1.0
14.0 0.0 Bus -1.0 -1.0 -1.0 -1.0 -1.0 -1.0 -1.0 2.593 3.159 12.231 619.75 1.685 1818.41 2.886460423441537 1.0
15.0 0.0 Bus -1.0 -1.0 -1.0 -1.0 -1.0 -1.0 -1.0 2.593 3.159 12.231 618.78 1.723 1818.633 2.9213670084814236 1.0
16.0 0.0 Bus -1.0 -1.0 -1.0 -1.0 -1.0 -1.0 -1.0 2.593 3.159 12.231 617.677 1.762 1818.686 2.973726886041254 1.0
17.0 0.0 Bus -1.0 -1.0 -1.0 -1.0 -1.0 -1.0 -1.0 2.593 3.159 12.231 616.573 1.8 1818.68 3.0260867636010835 1.0
18.0 0.0 Bus -1.0 -1.0 -1.0 -1.0 -1.0 -1.0 -1.0 2.593 3.159 12.231 615.47 1.839 1818.617 3.0784466411609133 1.0
19.0 0.0 Bus -1.0 -1.0 -1.0 -1.0 -1.0 -1.0 -1.0 2.593 3.159 12.231 614.382 1.952 1818.502 -3.100018910899013 1.0
20.0 0.0 Bus -1.0 -1.0 -1.0 -1.0 -1.0 -1.0 -1.0 2.593 3.159 12.231 613.312 2.065 1818.273 -2.9952991557793536 1.0
21.0 0.0 Bus -1.0 -1.0 -1.0 -1.0 -1.0 -1.0 -1.0 2.593 3.159 12.231 611.856 2.179 1817.608 -2.864399461879778 1.0
22.0 0.0 Bus -1.0 -1.0 -1.0 -1.0 -1.0 -1.0 -1.0 2.593 3.159 12.231 610.182 2.292 1816.646 -2.7334997679802036 1.0
23.0 0.0 Bus -1.0 -1.0 -1.0 -1.0 -1.0 -1.0 -1.0 2.593 3.159 12.231 608.942 2.406 1815.637 -2.5938734278206588 1.0
24.0 0.0 Bus -1.0 -1.0 -1.0 -1.0 -1.0 -1.0 -1.0 2.593 3.159 12.231 607.854 2.519 1814.466 -2.4542470876611135 1.0
25.0 0.0 Bus -1.0 -1.0 -1.0 -1.0 -1.0 -1.0 -1.0 2.593 3.159 12.231 606.832 2.582 1813.041 -2.3408006862814834 1.0
26.0 0.0 Bus -1.0 -1.0 -1.0 -1.0 -1.0 -1.0 -1.0 2.593 3.159 12.231 605.977 2.646 1811.511 -2.2273542849018537 1.0
27.0 0.0 Bus -1.0 -1.0 -1.0 -1.0 -1.0 -1.0 -1.0 2.593 3.159 12.231 605.278 2.722 1810.05 -2.151723350648766 1.0
28.0 0.0 Bus -1.0 -1.0 -1.0 -1.0 -1.0 -1.0 -1.0 2.593 3.159 12.231 604.692 2.798 1808.542 -2.0760924163956798 0.0
29.0 0.0 Bus -1.0 -1.0 -1.0 -1.0 -1.0 -1.0 -1.0 2.593 3.159 12.231 604.221 2.874 1806.993 -2.0004614821425926 0.0
30.0 0.0 Bus -1.0 -1.0 -1.0 -1.0 -1.0 -1.0 -1.0 2.593 3.159 12.231 602.504 2.95 1803.832 -2.0179147746625365 0.0
31.0 0.0 Bus -1.0 -1.0 -1.0 -1.0 -1.0 -1.0 -1.0 2.593 3.159 12.231 601.856 2.925 1801.775 -1.9960981590126068 0.0
32.0 0.0 Bus -1.0 -1.0 -1.0 -1.0 -1.0 -1.0 -1.0 2.593 3.159 12.231 600.643 2.826 1799.431 -2.009188128402564 0.0
33.0 0.0 Bus -1.0 -1.0 -1.0 -1.0 -1.0 -1.0 -1.0 2.593 3.159 12.231 599.431 2.727 1797.087 -2.022278097792522 0.0
34.0 0.0 Bus -1.0 -1.0 -1.0 -1.0 -1.0 -1.0 -1.0 2.593 3.159 12.231 598.024 2.653 1794.882 -2.0702746522223645 0.0
35.0 0.0 Bus -1.0 -1.0 -1.0 -1.0 -1.0 -1.0 -1.0 2.593 3.159 12.231 596.94 2.629 1792.59 -2.0819101805689932 0.0
36.0 0.0 Bus -1.0 -1.0 -1.0 -1.0 -1.0 -1.0 -1.0 2.593 3.159 12.231 595.561 2.605 1790.46 -2.0935457089156224 0.0
37.0 0.0 Bus -1.0 -1.0 -1.0 -1.0 -1.0 -1.0 -1.0 2.593 3.159 12.231 594.201 2.531 1788.367 -2.105181237262251 0.0
38.0 0.0 Bus -1.0 -1.0 -1.0 -1.0 -1.0 -1.0 -1.0 2.593 3.159 12.231 593.058 2.474 1786.729 -2.105181237262251 0.0
39.0 0.0 Bus -1.0 -1.0 -1.0 -1.0 -1.0 -1.0 -1.0 2.593 3.159 12.231 592.074 2.366 1785.19 -2.1400878223021373 0.0
