0.0 4.0 Car -1.0 -1.0 -1.0 -1.0 -1.0 -1.0 -1.0 1.924 1.751 4.399 784.164 0.831 1500.08 2.5717060886089036 0.0
0.0 5.0 Car -1.0 -1.0 -1.0 -1.0 -1.0 -1.0 -1.0 2.053 1.835 5.012 754.372 0.907 1519.791 -0.6964038248841913 0.0
0.0 3.0 Truck -1.0 -1.0 -1.0 -1.0 -1.0 -1.0 -1.0 2.991 3.852 8.942 739.419 1.921 1529.067 -0.6238504878322724 0.0
0.0 0.0 Car -1.0 -1.0 -1.0 -1.0 -1.0 -1.0 -1.0 1.869 1.661 4.468 750.19 0.921 1519.408 -0.7023030376947812 0.0
0.0 2.0 Bus -1.0 -1.0 -1.0 -1.0 -1.0 -1.0 -1.0 2.637 2.896 7.427 716.256 1.793 1551.546 -0.6661921754869669 0.0
0.0 6.0 Car -1.0 -1.0 -1.0 -1.0 -1.0 -1.0 -1.0 1.782 1.619 4.967 846.625 1.133 1444.664 2.4342510167327376 0.0
0.0 7.0 Car -1.0 -1.0 -1.0 -1.0 -1.0 -1.0 -1.0 2.104 1.817 5.47 778.257 0.848 1506.354 2.465207755271944 0.0
0.0 1.0 Truck -1.0 -1.0 -1.0 -1.0 -1.0 -1.0 -1.0 2.811 2.857 7.254 758.551 1.254 1511.182 -0.597845082030216 0.0
1.0 4.0 Car -1.0 -1.0 -1.0 -1.0 -1.0 -1.0 -1.0 1.924 1.751 4.399 781.958 0.831 1501.508 2.530986007538542 1.0
1.0 5.0 Car -1.0 -1.0 -1.0 -1.0 -1.0 -1.0 -1.0 2.053 1.835 5.012 754.361 0.928 1519.8 -0.6964038248841913 1.0
1.0 3.0 Truck -1.0 -1.0 -1.0 -1.0 -1.0 -1.0 -1.0 2.991 3.852 8.942 739.435 1.921 1529.039 -0.620899804396405 1.0
1.0 0.0 Car -1.0 -1.0 -1.0 -1.0 -1.0 -1.0 -1.0 1.869 1.661 4.468 750.205 0.921 1519.388 -0.705926050107069 1.0
1.0 2.0 Bus -1.0 -1.0 -1.0 -1.0 -1.0 -1.0 -1.0 2.637 2.896 7.427 716.256 1.793 1551.546 -0.6680563884833092 1.0
1.0 6.0 Car -1.0 -1.0 -1.0 -1.0 -1.0 -1.0 -1.0 1.782 1.619 4.967 842.669 1.415 1448.103 2.425101744183036 1.0
1.0 7.0 Car -1.0 -1.0 -1.0 -1.0 -1.0 -1.0 -1.0 2.104 1.817 5.47 776.192 0.848 1507.893 2.465207755271944 1.0
1.0 1.0 Truck -1.0 -1.0 -1.0 -1.0 -1.0 -1.0 -1.0 2.811 2.857 7.254 758.645 1.254 1511.118 -0.597845082030216 1.0
2.0 4.0 Car -1.0 -1.0 -1.0 -1.0 -1.0 -1.0 -1.0 1.924 1.751 4.399 780.008 0.831 1502.881 2.4940278379615335 1.0
2.0 5.0 Car -1.0 -1.0 -1.0 -1.0 -1.0 -1.0 -1.0 2.053 1.835 5.012 754.351 0.947 1519.808 -0.6964038248841913 1.0
2.0 3.0 Truck -1.0 -1.0 -1.0 -1.0 -1.0 -1.0 -1.0 2.991 3.852 8.942 739.451 1.921 1529.013 -0.6182217188935194 1.0
2.0 0.0 Car -1.0 -1.0 -1.0 -1.0 -1.0 -1.0 -1.0 1.869 1.661 4.468 750.219 0.921 1519.37 -0.7092143516917728 1.0
2.0 2.0 Bus -1.0 -1.0 -1.0 -1.0 -1.0 -1.0 -1.0 2.637 2.896 7.427 716.256 1.793 1551.545 -0.6697483767661279 1.0
2.0 6.0 Car -1.0 -1.0 -1.0 -1.0 -1.0 -1.0 -1.0 1.782 1.619 4.967 839.079 1.671 1451.224 2.4167977242127945 1.0
2.0 7.0 Car -1.0 -1.0 -1.0 -1.0 -1.0 -1.0 -1.0 2.104 1.817 5.47 773.504 0.848 1510.027 2.465207755271944 1.0
2.0 1.0 Truck -1.0 -1.0 -1.0 -1.0 -1.0 -1.0 -1.0 2.811 2.857 7.254 758.731 1.254 1511.059 -0.597845082030216 1.0
3.0 4.0 Car -1.0 -1.0 -1.0 -1.0 -1.0 -1.0 -1.0 1.924 1.751 4.399 777.73 0.831 1504.628 2.4495330409693006 1.0
3.0 5.0 Car -1.0 -1.0 -1.0 -1.0 -1.0 -1.0 -1.0 2.053 1.835 5.012 754.339 0.97 1519.818 -0.6964038248841913 1.0
3.0 3.0 Truck -1.0 -1.0 -1.0 -1.0 -1.0 -1.0 -1.0 2.991 3.852 8.942 739.469 1.921 1528.982 -0.6149975096823344 1.0
3.0 0.0 Car -1.0 -1.0 -1.0 -1.0 -1.0 -1.0 -1.0 1.869 1.661 4.468 750.235 0.921 1519.348 -0.7131732141878105 1.0
3.0 2.0 Bus -1.0 -1.0 -1.0 -1.0 -1.0 -1.0 -1.0 2.637 2.896 7.427 716.256 1.793 1551.545 -0.671785400677726 0.0
3.0 6.0 Car -1.0 -1.0 -1.0 -1.0 -1.0 -1.0 -1.0 1.782 1.619 4.967 834.948 1.522 1455.208 2.397736816497963 1.0
3.0 7.0 Car -1.0 -1.0 -1.0 -1.0 -1.0 -1.0 -1.0 2.104 1.817 5.47 770.269 0.848 1512.596 2.465207755271944 0.0
3.0 1.0 Truck -1.0 -1.0 -1.0 -1.0 -1.0 -1.0 -1.0 2.811 2.857 7.254 758.834 1.254 1510.989 -0.597845082030216 1.0
4.0 4.0 Car -1.0 -1.0 -1.0 -1.0 -1.0 -1.0 -1.0 1.924 1.751 4.399 775.219 0.831 1506.678 2.4495330409693006 1.0
4.0 5.0 Car -1.0 -1.0 -1.0 -1.0 -1.0 -1.0 -1.0 2.053 1.835 5.012 754.329 0.988 1519.827 -0.6964038248841913 1.0
4.0 3.0 Truck -1.0 -1.0 -1.0 -1.0 -1.0 -1.0 -1.0 2.991 3.852 8.942 739.484 1.921 1528.956 -0.6123171662509899 1.0
4.0 0.0 Car -1.0 -1.0 -1.0 -1.0 -1.0 -1.0 -1.0 1.869 1.661 4.468 750.248 0.921 1519.33 -0.7164642881820291 1.0
4.0 2.0 Bus -1.0 -1.0 -1.0 -1.0 -1.0 -1.0 -1.0 2.637 2.896 7.427 716.256 1.793 1551.545 -0.6734788154977077 0.0
4.0 6.0 Car -1.0 -1.0 -1.0 -1.0 -1.0 -1.0 -1.0 1.782 1.619 4.967 831.513 1.397 1458.52 2.3818911391729074 1.0
4.0 7.0 Car -1.0 -1.0 -1.0 -1.0 -1.0 -1.0 -1.0 2.104 1.817 5.47 767.579 0.848 1514.732 2.465207755271944 0.0
4.0 1.0 Truck -1.0 -1.0 -1.0 -1.0 -1.0 -1.0 -1.0 2.811 2.857 7.254 758.919 1.254 1510.931 -0.597845082030216 1.0
5.0 4.0 Car -1.0 -1.0 -1.0 -1.0 -1.0 -1.0 -1.0 1.924 1.751 4.399 772.708 0.831 1508.728 2.4495330409693006 0.0
5.0 5.0 Car -1.0 -1.0 -1.0 -1.0 -1.0 -1.0 -1.0 2.053 1.835 5.012 754.319 1.007 1519.835 -0.6964038248841913 1.0
5.0 3.0 Truck -1.0 -1.0 -1.0 -1.0 -1.0 -1.0 -1.0 2.991 3.852 8.942 739.499 1.921 1528.93 -0.6096360344218223 1.0
5.0 0.0 Car -1.0 -1.0 -1.0 -1.0 -1.0 -1.0 -1.0 1.869 1.661 4.468 750.262 0.921 1519.312 -0.7197563302147242 1.0
5.0 2.0 Bus -1.0 -1.0 -1.0 -1.0 -1.0 -1.0 -1.0 2.637 2.896 7.427 716.256 1.793 1551.545 -0.6751727284197395 0.0
5.0 6.0 Car -1.0 -1.0 -1.0 -1.0 -1.0 -1.0 -1.0 1.782 1.619 4.967 828.098 1.272 1461.855 2.3644367991998347 1.0
5.0 7.0 Car -1.0 -1.0 -1.0 -1.0 -1.0 -1.0 -1.0 2.104 1.817 5.47 764.888 0.848 1516.869 2.465207755271944 0.0
5.0 1.0 Truck -1.0 -1.0 -1.0 -1.0 -1.0 -1.0 -1.0 2.811 2.857 7.254 759.005 1.254 1510.873 -0.597845082030216 1.0
6.0 4.0 Car -1.0 -1.0 -1.0 -1.0 -1.0 -1.0 -1.0 1.924 1.751 4.399 770.196 0.831 1510.778 2.4495330409693006 0.0
6.0 5.0 Car -1.0 -1.0 -1.0 -1.0 -1.0 -1.0 -1.0 2.053 1.835 5.012 754.522 1.007 1519.683 -0.6964038248841913 1.0
6.0 3.0 Truck -1.0 -1.0 -1.0 -1.0 -1.0 -1.0 -1.0 2.991 3.852 8.942 739.514 1.921 1528.904 -0.6069552243876846 1.0
6.0 0.0 Car -1.0 -1.0 -1.0 -1.0 -1.0 -1.0 -1.0 1.869 1.661 4.468 750.709 0.911 1518.921 -0.7197563302147242 1.0
6.0 2.0 Bus -1.0 -1.0 -1.0 -1.0 -1.0 -1.0 -1.0 2.637 2.896 7.427 716.256 1.793 1551.545 -0.676866438034812 0.0
6.0 6.0 Car -1.0 -1.0 -1.0 -1.0 -1.0 -1.0 -1.0 1.782 1.619 4.967 824.684 1.147 1465.191 2.346984554133021 1.0
6.0 7.0 Car -1.0 -1.0 -1.0 -1.0 -1.0 -1.0 -1.0 2.104 1.817 5.47 761.787 0.848 1519.461 2.456486343450335 0.0
6.0 1.0 Truck -1.0 -1.0 -1.0 -1.0 -1.0 -1.0 -1.0 2.811 2.857 7.254 759.635 1.305 1510.48 -0.597845082030216 1.0
7.0 4.0 Car -1.0 -1.0 -1.0 -1.0 -1.0 -1.0 -1.0 1.924 1.751 4.399 767.682 0.831 1512.83 2.4495330409693006 0.0
7.0 5.0 Car -1.0 -1.0 -1.0 -1.0 -1.0 -1.0 -1.0 2.053 1.835 5.012 755.083 1.007 1519.232 -0.6964038248841913 1.0
7.0 3.0 Truck -1.0 -1.0 -1.0 -1.0 -1.0 -1.0 -1.0 2.991 3.852 8.942 739.79 1.921 1528.566 -0.6265280609032499 1.0
7.0 0.0 Car -1.0 -1.0 -1.0 -1.0 -1.0 -1.0 -1.0 1.869 1.661 4.468 751.156 0.901 1518.528 -0.7197563302147242 1.0
7.0 2.0 Bus -1.0 -1.0 -1.0 -1.0 -1.0 -1.0 -1.0 2.637 2.896 7.427 716.256 1.793 1551.545 -0.6785621027851416 0.0
7.0 6.0 Car -1.0 -1.0 -1.0 -1.0 -1.0 -1.0 -1.0 1.782 1.619 4.967 821.34 0.872 1468.672 2.355711156797036 1.0
7.0 7.0 Car -1.0 -1.0 -1.0 -1.0 -1.0 -1.0 -1.0 2.104 1.817 5.47 758.681 0.848 1522.057 2.447754864058942 0.0
7.0 1.0 Truck -1.0 -1.0 -1.0 -1.0 -1.0 -1.0 -1.0 2.811 2.857 7.254 760.266 1.357 1510.086 -0.597845082030216 1.0
8.0 4.0 Car -1.0 -1.0 -1.0 -1.0 -1.0 -1.0 -1.0 1.924 1.751 4.399 764.953 0.867 1515.34 2.4215799891354965 0.0
8.0 5.0 Car -1.0 -1.0 -1.0 -1.0 -1.0 -1.0 -1.0 2.053 1.835 5.012 755.644 1.007 1518.781 -0.6964038248841913 1.0
8.0 3.0 Truck -1.0 -1.0 -1.0 -1.0 -1.0 -1.0 -1.0 2.991 3.852 8.942 740.056 1.921 1528.219 -0.6461010929809525 1.0
8.0 0.0 Car -1.0 -1.0 -1.0 -1.0 -1.0 -1.0 -1.0 1.869 1.661 4.468 751.603 0.891 1518.136 -0.7197563302147242 1.0
8.0 2.0 Bus -1.0 -1.0 -1.0 -1.0 -1.0 -1.0 -1.0 2.637 2.896 7.427 716.256 1.793 1551.545 -0.6802577844777175 0.0
8.0 6.0 Car -1.0 -1.0 -1.0 -1.0 -1.0 -1.0 -1.0 1.782 1.619 4.967 817.996 0.597 1472.154 2.3644378466529643 0.0
8.0 7.0 Car -1.0 -1.0 -1.0 -1.0 -1.0 -1.0 -1.0 2.104 1.817 5.47 755.576 0.848 1524.653 2.43902329742691 0.0
8.0 1.0 Truck -1.0 -1.0 -1.0 -1.0 -1.0 -1.0 -1.0 2.811 2.857 7.254 760.897 1.409 1509.693 -0.597845082030216 1.0
9.0 4.0 Car -1.0 -1.0 -1.0 -1.0 -1.0 -1.0 -1.0 1.924 1.751 4.399 761.844 0.858 1518.067 2.419841324977364 0.0
9.0 5.0 Car -1.0 -1.0 -1.0 -1.0 -1.0 -1.0 -1.0 2.053 1.835 5.012 756.508 1.007 1518.076 -0.6964038248841913 1.0
9.0 3.0 Truck -1.0 -1.0 -1.0 -1.0 -1.0 -1.0 -1.0 2.991 3.852 8.942 740.321 1.921 1527.873 -0.6656529652353953 1.0
9.0 0.0 Car -1.0 -1.0 -1.0 -1.0 -1.0 -1.0 -1.0 1.869 1.661 4.468 752.141 0.881 1517.665 -0.7197563302147242 1.0
9.0 2.0 Bus -1.0 -1.0 -1.0 -1.0 -1.0 -1.0 -1.0 2.637 2.896 7.427 716.256 1.793 1551.545 -0.6819516330192124 0.0
9.0 6.0 Car -1.0 -1.0 -1.0 -1.0 -1.0 -1.0 -1.0 1.782 1.619 4.967 814.549 0.597 1475.395 2.3906178901763067 0.0
9.0 7.0 Car -1.0 -1.0 -1.0 -1.0 -1.0 -1.0 -1.0 2.104 1.817 5.47 752.474 0.848 1527.246 2.430301170232058 0.0
9.0 1.0 Truck -1.0 -1.0 -1.0 -1.0 -1.0 -1.0 -1.0 2.811 2.857 7.254 761.527 1.461 1509.3 -0.597845082030216 1.0
10.0 4.0 Car -1.0 -1.0 -1.0 -1.0 -1.0 -1.0 -1.0 1.924 1.751 4.399 758.734 0.849 1520.794 2.4181026747316334 0.0
10.0 5.0 Car -1.0 -1.0 -1.0 -1.0 -1.0 -1.0 -1.0 2.053 1.835 5.012 757.22 1.007 1517.499 -0.6964038248841913 1.0
10.0 3.0 Truck -1.0 -1.0 -1.0 -1.0 -1.0 -1.0 -1.0 2.991 3.852 8.942 741.113 1.921 1527.139 -0.673577595899249 1.0
10.0 0.0 Car -1.0 -1.0 -1.0 -1.0 -1.0 -1.0 -1.0 1.869 1.661 4.468 752.679 0.871 1517.193 -0.7197563302147242 1.0
10.0 2.0 Bus -1.0 -1.0 -1.0 -1.0 -1.0 -1.0 -1.0 2.637 2.896 7.427 716.256 1.793 1551.545 -0.68364546800691 0.0
10.0 6.0 Car -1.0 -1.0 -1.0 -1.0 -1.0 -1.0 -1.0 1.782 1.619 4.967 811.017 0.597 1478.544 2.4167977242127945 0.0
10.0 7.0 Car -1.0 -1.0 -1.0 -1.0 -1.0 -1.0 -1.0 2.104 1.817 5.47 749.371 0.848 1529.839 2.430301170232058 0.0
10.0 1.0 Truck -1.0 -1.0 -1.0 -1.0 -1.0 -1.0 -1.0 2.811 2.857 7.254 762.158 1.512 1508.907 -0.597845082030216 1.0
11.0 4.0 Car -1.0 -1.0 -1.0 -1.0 -1.0 -1.0 -1.0 1.924 1.751 4.399 755.629 0.84 1523.518 2.416366045262267 0.0
11.0 5.0 Car -1.0 -1.0 -1.0 -1.0 -1.0 -1.0 -1.0 2.053 1.835 5.012 758.116 1.017 1516.732 -0.6964038248841913 1.0
11.0 3.0 Truck -1.0 -1.0 -1.0 -1.0 -1.0 -1.0 -1.0 2.991 3.852 8.942 741.903 1.921 1526.405 -0.6814930160238473 1.0
11.0 0.0 Car -1.0 -1.0 -1.0 -1.0 -1.0 -1.0 -1.0 1.869 1.661 4.468 753.487 0.861 1516.531 -0.7197563302147242 1.0
11.0 2.0 Bus -1.0 -1.0 -1.0 -1.0 -1.0 -1.0 -1.0 2.637 2.896 7.427 716.917 1.793 1550.978 -0.6661921754869669 0.0
11.0 6.0 Car -1.0 -1.0 -1.0 -1.0 -1.0 -1.0 -1.0 1.782 1.619 4.967 807.455 0.597 1481.67 2.4255169400769545 0.0
11.0 7.0 Car -1.0 -1.0 -1.0 -1.0 -1.0 -1.0 -1.0 2.104 1.817 5.47 746.273 0.848 1532.429 2.430301170232058 0.0
11.0 1.0 Truck -1.0 -1.0 -1.0 -1.0 -1.0 -1.0 -1.0 2.811 2.857 7.254 763.33 1.534 1508.205 -0.5891258661660559 1.0
12.0 4.0 Car -1.0 -1.0 -1.0 -1.0 -1.0 -1.0 -1.0 1.924 1.751 4.399 752.518 0.831 1526.247 2.414626455929414 0.0
12.0 5.0 Car -1.0 -1.0 -1.0 -1.0 -1.0 -1.0 -1.0 2.053 1.835 5.012 759.013 1.027 1515.964 -0.6964038248841913 1.0
12.0 3.0 Truck -1.0 -1.0 -1.0 -1.0 -1.0 -1.0 -1.0 2.991 3.852 8.942 742.695 1.921 1525.67 -0.6894219269727252 1.0
12.0 0.0 Car -1.0 -1.0 -1.0 -1.0 -1.0 -1.0 -1.0 1.869 1.661 4.468 754.296 0.851 1515.868 -0.7197563302147242 1.0
12.0 2.0 Bus -1.0 -1.0 -1.0 -1.0 -1.0 -1.0 -1.0 2.637 2.896 7.427 717.903 1.793 1550.203 -0.6661921754869669 0.0
12.0 6.0 Car -1.0 -1.0 -1.0 -1.0 -1.0 -1.0 -1.0 1.782 1.619 4.967 803.886 0.597 1484.801 2.4342510167327376 0.0
12.0 7.0 Car -1.0 -1.0 -1.0 -1.0 -1.0 -1.0 -1.0 2.104 1.817 5.47 743.169 0.848 1535.023 2.430301170232058 0.0
12.0 1.0 Truck -1.0 -1.0 -1.0 -1.0 -1.0 -1.0 -1.0 2.811 2.857 7.254 764.505 1.556 1507.501 -0.5803917895102728 1.0
13.0 4.0 Car -1.0 -1.0 -1.0 -1.0 -1.0 -1.0 -1.0 1.924 1.751 4.399 749.41 0.822 1528.972 2.414626455929414 0.0
13.0 5.0 Car -1.0 -1.0 -1.0 -1.0 -1.0 -1.0 -1.0 2.053 1.835 5.012 759.949 1.037 1515.164 -0.6964038248841913 1.0
13.0 3.0 Truck -1.0 -1.0 -1.0 -1.0 -1.0 -1.0 -1.0 2.991 3.852 8.942 743.486 1.921 1524.936 -0.6973425627038897 1.0
13.0 0.0 Car -1.0 -1.0 -1.0 -1.0 -1.0 -1.0 -1.0 1.869 1.661 4.468 755.624 0.841 1514.737 -0.7197563302147242 1.0
13.0 2.0 Bus -1.0 -1.0 -1.0 -1.0 -1.0 -1.0 -1.0 2.637 2.896 7.427 718.889 1.793 1549.429 -0.6661921754869669 0.0
13.0 6.0 Car -1.0 -1.0 -1.0 -1.0 -1.0 -1.0 -1.0 1.782 1.619 4.967 800.498 0.597 1487.615 2.4429756810391576 0.0
13.0 7.0 Car -1.0 -1.0 -1.0 -1.0 -1.0 -1.0 -1.0 2.104 1.817 5.47 740.069 0.848 1537.615 2.430301170232058 0.0
13.0 1.0 Truck -1.0 -1.0 -1.0 -1.0 -1.0 -1.0 -1.0 2.811 2.857 7.254 766.263 1.578 1506.401 -0.5862056051424823 1.0
14.0 4.0 Car -1.0 -1.0 -1.0 -1.0 -1.0 -1.0 -1.0 1.924 1.751 4.399 746.301 0.813 1531.699 2.414626455929414 0.0
14.0 5.0 Car -1.0 -1.0 -1.0 -1.0 -1.0 -1.0 -1.0 2.053 1.835 5.012 761.141 1.047 1514.149 -0.6964038248841913 1.0
14.0 3.0 Truck -1.0 -1.0 -1.0 -1.0 -1.0 -1.0 -1.0 2.991 3.852 8.942 744.277 1.921 1524.202 -0.7052667970450557 1.0
14.0 0.0 Car -1.0 -1.0 -1.0 -1.0 -1.0 -1.0 -1.0 1.869 1.661 4.468 756.953 0.831 1513.606 -0.7197563302147242 1.0
14.0 2.0 Bus -1.0 -1.0 -1.0 -1.0 -1.0 -1.0 -1.0 2.637 2.896 7.427 719.875 1.793 1548.655 -0.6661921754869669 0.0
14.0 6.0 Car -1.0 -1.0 -1.0 -1.0 -1.0 -1.0 -1.0 1.782 1.619 4.967 797.108 0.597 1490.431 2.4517043092526807 0.0
14.0 7.0 Car -1.0 -1.0 -1.0 -1.0 -1.0 -1.0 -1.0 2.104 1.817 5.47 736.967 0.848 1540.208 2.430301170232058 0.0
14.0 1.0 Truck -1.0 -1.0 -1.0 -1.0 -1.0 -1.0 -1.0 2.811 2.857 7.254 768.021 1.6 1505.3 -0.5920220621857846 1.0
15.0 4.0 Car -1.0 -1.0 -1.0 -1.0 -1.0 -1.0 -1.0 1.924 1.751 4.399 743.188 0.804 1534.43 2.414626455929414 0.0
15.0 5.0 Car -1.0 -1.0 -1.0 -1.0 -1.0 -1.0 -1.0 2.053 1.835 5.012 762.387 1.057 1513.089 -0.6964038248841913 1.0
15.0 3.0 Truck -1.0 -1.0 -1.0 -1.0 -1.0 -1.0 -1.0 2.991 3.852 8.942 745.834 1.921 1522.923 -0.7023001998711558 1.0
15.0 0.0 Car -1.0 -1.0 -1.0 -1.0 -1.0 -1.0 -1.0 1.869 1.661 4.468 758.283 0.821 1512.473 -0.7197563302147242 1.0
15.0 6.0 Car -1.0 -1.0 -1.0 -1.0 -1.0 -1.0 -1.0 1.782 1.619 4.967 793.717 0.597 1493.225 2.4604358061115983 0.0
15.0 1.0 Truck -1.0 -1.0 -1.0 -1.0 -1.0 -1.0 -1.0 2.811 2.857 7.254 769.782 1.621 1504.198 -0.597845082030216 1.0
16.0 4.0 Car -1.0 -1.0 -1.0 -1.0 -1.0 -1.0 -1.0 1.924 1.751 4.399 740.079 0.795 1537.157 2.414626455929414 0.0
16.0 5.0 Car -1.0 -1.0 -1.0 -1.0 -1.0 -1.0 -1.0 2.053 1.835 5.012 763.882 1.067 1511.82 -0.6964038248841913 1.0
16.0 3.0 Truck -1.0 -1.0 -1.0 -1.0 -1.0 -1.0 -1.0 2.991 3.852 8.942 747.39 1.921 1521.646 -0.6993368987582537 1.0
16.0 0.0 Car -1.0 -1.0 -1.0 -1.0 -1.0 -1.0 -1.0 1.869 1.661 4.468 760.029 0.863 1510.817 -0.7168494902481974 1.0
16.0 6.0 Car -1.0 -1.0 -1.0 -1.0 -1.0 -1.0 -1.0 1.782 1.619 4.967 790.329 0.597 1496.017 2.4691576017726238 0.0
16.0 1.0 Truck -1.0 -1.0 -1.0 -1.0 -1.0 -1.0 -1.0 2.811 2.857 7.254 771.856 1.612 1502.757 -0.5615000005033702 1.0
17.0 5.0 Car -1.0 -1.0 -1.0 -1.0 -1.0 -1.0 -1.0 2.053 1.835 5.012 765.713 1.077 1510.272 -0.6964038248841913 1.0
17.0 3.0 Truck -1.0 -1.0 -1.0 -1.0 -1.0 -1.0 -1.0 2.991 3.852 8.942 748.945 1.921 1520.369 -0.6963735442918462 1.0
17.0 0.0 Car -1.0 -1.0 -1.0 -1.0 -1.0 -1.0 -1.0 1.869 1.661 4.468 761.776 0.905 1509.161 -0.713942597944734 1.0
17.0 6.0 Car -1.0 -1.0 -1.0 -1.0 -1.0 -1.0 -1.0 1.782 1.619 4.967 786.906 0.597 1498.764 2.4691576017726238 0.0
17.0 1.0 Truck -1.0 -1.0 -1.0 -1.0 -1.0 -1.0 -1.0 2.811 2.857 7.254 773.982 1.602 1501.393 -0.5251542645922997 1.0
18.0 5.0 Car -1.0 -1.0 -1.0 -1.0 -1.0 -1.0 -1.0 2.053 1.835 5.012 767.545 1.087 1508.722 -0.6964038248841913 1.0
18.0 3.0 Truck -1.0 -1.0 -1.0 -1.0 -1.0 -1.0 -1.0 2.991 3.852 8.942 750.502 1.921 1519.091 -0.69340698268695 1.0
18.0 0.0 Car -1.0 -1.0 -1.0 -1.0 -1.0 -1.0 -1.0 1.869 1.661 4.468 763.524 0.947 1507.504 -0.7110325596098743 1.0
18.0 6.0 Car -1.0 -1.0 -1.0 -1.0 -1.0 -1.0 -1.0 1.782 1.619 4.967 783.479 0.597 1501.514 2.4691576017726238 0.0
18.0 1.0 Truck -1.0 -1.0 -1.0 -1.0 -1.0 -1.0 -1.0 2.811 2.857 7.254 776.158 1.593 1500.105 -0.4887691929183755 0.0
19.0 5.0 Car -1.0 -1.0 -1.0 -1.0 -1.0 -1.0 -1.0 2.053 1.835 5.012 769.375 1.097 1507.174 -0.6964038248841913 1.0
19.0 3.0 Truck -1.0 -1.0 -1.0 -1.0 -1.0 -1.0 -1.0 2.991 3.852 8.942 752.057 1.921 1517.814 -0.6904436222923752 1.0
19.0 0.0 Car -1.0 -1.0 -1.0 -1.0 -1.0 -1.0 -1.0 1.869 1.661 4.468 766.078 0.989 1505.27 -0.7061853872990285 1.0
19.0 6.0 Car -1.0 -1.0 -1.0 -1.0 -1.0 -1.0 -1.0 1.782 1.619 4.967 780.056 0.597 1504.262 2.4691576017726238 0.0
19.0 1.0 Truck -1.0 -1.0 -1.0 -1.0 -1.0 -1.0 -1.0 2.811 2.857 7.254 778.377 1.583 1498.898 -0.4524233842979468 0.0
20.0 5.0 Car -1.0 -1.0 -1.0 -1.0 -1.0 -1.0 -1.0 2.053 1.835 5.012 770.84 1.105 1505.934 -0.6964038248841913 1.0
20.0 3.0 Truck -1.0 -1.0 -1.0 -1.0 -1.0 -1.0 -1.0 2.991 3.852 8.942 753.303 1.921 1516.791 -0.6880701145403655 1.0
20.0 0.0 Car -1.0 -1.0 -1.0 -1.0 -1.0 -1.0 -1.0 1.869 1.661 4.468 768.124 1.023 1503.481 -0.7023030376947812 1.0
20.0 1.0 Truck -1.0 -1.0 -1.0 -1.0 -1.0 -1.0 -1.0 2.811 2.857 7.254 780.185 1.576 1497.991 -0.42331215683078477 0.0
21.0 5.0 Car -1.0 -1.0 -1.0 -1.0 -1.0 -1.0 -1.0 2.053 1.835 5.012 773.235 1.115 1503.833 -0.6964038248841913 1.0
21.0 3.0 Truck -1.0 -1.0 -1.0 -1.0 -1.0 -1.0 -1.0 2.991 3.852 8.942 754.859 1.921 1515.514 -0.6851069794161466 1.0
21.0 0.0 Car -1.0 -1.0 -1.0 -1.0 -1.0 -1.0 -1.0 1.869 1.661 4.468 771.399 1.015 1500.588 -0.6964899448675355 1.0
21.0 1.0 Truck -1.0 -1.0 -1.0 -1.0 -1.0 -1.0 -1.0 2.811 2.857 7.254 782.488 1.616 1497.317 -0.3012086307337465 0.0
22.0 5.0 Car -1.0 -1.0 -1.0 -1.0 -1.0 -1.0 -1.0 2.053 1.835 5.012 775.633 1.125 1501.729 -0.6964038248841913 1.0
22.0 3.0 Truck -1.0 -1.0 -1.0 -1.0 -1.0 -1.0 -1.0 2.991 3.852 8.942 756.416 1.921 1514.236 -0.6821400976902185 1.0
22.0 0.0 Car -1.0 -1.0 -1.0 -1.0 -1.0 -1.0 -1.0 1.869 1.661 4.468 774.679 1.007 1497.692 -0.6906695019389235 1.0
22.0 1.0 Truck -1.0 -1.0 -1.0 -1.0 -1.0 -1.0 -1.0 2.811 2.857 7.254 784.744 1.594 1496.983 -0.15710923447671155 0.0
23.0 5.0 Car -1.0 -1.0 -1.0 -1.0 -1.0 -1.0 -1.0 2.053 1.835 5.012 778.031 1.135 1499.625 -0.6964038248841913 1.0
23.0 3.0 Truck -1.0 -1.0 -1.0 -1.0 -1.0 -1.0 -1.0 2.991 3.852 8.942 757.973 1.921 1512.958 -0.6791735657261584 1.0
23.0 0.0 Car -1.0 -1.0 -1.0 -1.0 -1.0 -1.0 -1.0 1.869 1.661 4.468 777.958 0.999 1494.796 -0.6848497451748381 1.0
23.0 1.0 Truck -1.0 -1.0 -1.0 -1.0 -1.0 -1.0 -1.0 2.811 2.857 7.254 787.025 1.572 1496.977 -0.013026825912053177 0.0
24.0 5.0 Car -1.0 -1.0 -1.0 -1.0 -1.0 -1.0 -1.0 2.053 1.835 5.012 780.426 1.145 1497.523 -0.6964038248841913 1.0
24.0 3.0 Truck -1.0 -1.0 -1.0 -1.0 -1.0 -1.0 -1.0 2.991 3.852 8.942 759.528 1.921 1511.681 -0.6762103653920999 1.0
24.0 0.0 Car -1.0 -1.0 -1.0 -1.0 -1.0 -1.0 -1.0 1.869 1.661 4.468 781.391 0.991 1491.844 -0.667396452654895 1.0
24.0 1.0 Truck -1.0 -1.0 -1.0 -1.0 -1.0 -1.0 -1.0 2.811 2.857 7.254 789.28 1.55 1497.298 0.13089376768454208 0.0
25.0 5.0 Car -1.0 -1.0 -1.0 -1.0 -1.0 -1.0 -1.0 2.053 1.835 5.012 783.151 1.155 1495.145 -0.6964038248841913 1.0
25.0 3.0 Truck -1.0 -1.0 -1.0 -1.0 -1.0 -1.0 -1.0 2.991 3.852 8.942 761.693 1.921 1509.852 -0.6797017265420453 1.0
25.0 0.0 Car -1.0 -1.0 -1.0 -1.0 -1.0 -1.0 -1.0 1.869 1.661 4.468 785.381 0.983 1488.664 -0.686592253303071 1.0
25.0 1.0 Truck -1.0 -1.0 -1.0 -1.0 -1.0 -1.0 -1.0 2.811 2.857 7.254 791.466 1.528 1497.938 0.2748195439669472 0.0
26.0 5.0 Car -1.0 -1.0 -1.0 -1.0 -1.0 -1.0 -1.0 2.053 1.835 5.012 786.449 1.17 1492.291 -0.6964038248841913 1.0
26.0 3.0 Truck -1.0 -1.0 -1.0 -1.0 -1.0 -1.0 -1.0 2.991 3.852 8.942 763.86 1.921 1508.021 -0.6831970339640132 1.0
26.0 0.0 Car -1.0 -1.0 -1.0 -1.0 -1.0 -1.0 -1.0 1.869 1.661 4.468 789.376 0.975 1485.481 -0.7058097508905776 1.0
26.0 1.0 Truck -1.0 -1.0 -1.0 -1.0 -1.0 -1.0 -1.0 2.811 2.857 7.254 793.317 1.519 1498.791 0.4204235768486422 0.0
27.0 5.0 Car -1.0 -1.0 -1.0 -1.0 -1.0 -1.0 -1.0 2.053 1.835 5.012 789.739 1.185 1489.442 -0.6964038248841913 0.0
27.0 3.0 Truck -1.0 -1.0 -1.0 -1.0 -1.0 -1.0 -1.0 2.991 3.852 8.942 766.022 1.921 1506.194 -0.6866853149264149 0.0
27.0 0.0 Car -1.0 -1.0 -1.0 -1.0 -1.0 -1.0 -1.0 1.869 1.661 4.468 793.228 0.967 1481.997 -0.6988213012578401 0.0
27.0 1.0 Truck -1.0 -1.0 -1.0 -1.0 -1.0 -1.0 -1.0 2.811 2.857 7.254 795.022 1.51 1499.901 0.5657349084808638 0.0
28.0 5.0 Car -1.0 -1.0 -1.0 -1.0 -1.0 -1.0 -1.0 2.053 1.835 5.012 793.542 1.125 1486.233 -0.6964038248841913 0.0
28.0 3.0 Truck -1.0 -1.0 -1.0 -1.0 -1.0 -1.0 -1.0 2.991 3.852 8.942 768.186 1.921 1504.365 -0.6901761312812845 0.0
28.0 0.0 Car -1.0 -1.0 -1.0 -1.0 -1.0 -1.0 -1.0 1.869 1.661 4.468 797.424 0.959 1478.504 -0.7092937503224488 0.0
28.0 1.0 Truck -1.0 -1.0 -1.0 -1.0 -1.0 -1.0 -1.0 2.811 2.857 7.254 796.549 1.5 1501.246 0.7111518569655297 0.0
29.0 5.0 Car -1.0 -1.0 -1.0 -1.0 -1.0 -1.0 -1.0 2.053 1.835 5.012 797.254 1.115 1482.994 -0.6964038248841913 0.0
29.0 3.0 Truck -1.0 -1.0 -1.0 -1.0 -1.0 -1.0 -1.0 2.991 3.852 8.942 770.348 1.921 1502.539 -0.6936636579120431 0.0
29.0 0.0 Car -1.0 -1.0 -1.0 -1.0 -1.0 -1.0 -1.0 1.869 1.661 4.468 801.673 0.951 1474.867 -0.7197563302147242 0.0
29.0 1.0 Truck -1.0 -1.0 -1.0 -1.0 -1.0 -1.0 -1.0 2.811 2.857 7.254 797.741 1.491 1502.633 0.8333249046051331 0.0
30.0 5.0 Car -1.0 -1.0 -1.0 -1.0 -1.0 -1.0 -1.0 2.053 1.835 5.012 801.641 1.105 1479.236 -0.6964038248841913 0.0
30.0 3.0 Truck -1.0 -1.0 -1.0 -1.0 -1.0 -1.0 -1.0 2.991 3.852 8.942 772.986 1.921 1500.317 -0.6936636579120431 0.0
30.0 0.0 Car -1.0 -1.0 -1.0 -1.0 -1.0 -1.0 -1.0 1.869 1.661 4.468 806.177 0.964 1470.999 -0.7005548837054585 0.0
31.0 5.0 Car -1.0 -1.0 -1.0 -1.0 -1.0 -1.0 -1.0 2.053 1.835 5.012 806.21 1.125 1475.263 -0.6964038248841913 0.0
31.0 3.0 Truck -1.0 -1.0 -1.0 -1.0 -1.0 -1.0 -1.0 2.991 3.852 8.942 775.668 1.921 1498.057 -0.6936636579120431 0.0
31.0 0.0 Car -1.0 -1.0 -1.0 -1.0 -1.0 -1.0 -1.0 1.869 1.661 4.468 810.656 0.976 1467.111 -0.7104303619206602 0.0
32.0 5.0 Car -1.0 -1.0 -1.0 -1.0 -1.0 -1.0 -1.0 2.053 1.835 5.012 810.784 1.145 1471.285 -0.6964038248841913 0.0
32.0 3.0 Truck -1.0 -1.0 -1.0 -1.0 -1.0 -1.0 -1.0 2.991 3.852 8.942 778.526 1.921 1495.652 -0.6936636579120431 0.0
32.0 0.0 Car -1.0 -1.0 -1.0 -1.0 -1.0 -1.0 -1.0 1.869 1.661 4.468 815.139 0.988 1463.218 -0.7203164996521538 0.0
33.0 5.0 Car -1.0 -1.0 -1.0 -1.0 -1.0 -1.0 -1.0 2.053 1.835 5.012 815.437 1.165 1467.242 -0.6964038248841913 0.0
33.0 3.0 Truck -1.0 -1.0 -1.0 -1.0 -1.0 -1.0 -1.0 2.991 3.852 8.942 781.384 1.921 1493.246 -0.6936636579120431 0.0
33.0 0.0 Car -1.0 -1.0 -1.0 -1.0 -1.0 -1.0 -1.0 1.869 1.661 4.468 819.622 1.0 1459.326 -0.7302013914661587 0.0
34.0 5.0 Car -1.0 -1.0 -1.0 -1.0 -1.0 -1.0 -1.0 2.053 1.835 5.012 820.078 1.185 1463.209 -0.6964038248841913 0.0
34.0 3.0 Truck -1.0 -1.0 -1.0 -1.0 -1.0 -1.0 -1.0 2.991 3.852 8.942 784.246 1.921 1490.838 -0.6936636579120431 0.0
34.0 0.0 Car -1.0 -1.0 -1.0 -1.0 -1.0 -1.0 -1.0 1.869 1.661 4.468 823.973 1.012 1455.355 -0.7197563302147242 0.0
35.0 5.0 Car -1.0 -1.0 -1.0 -1.0 -1.0 -1.0 -1.0 2.053 1.835 5.012 824.163 1.205 1459.64 -0.6964038248841913 0.0
35.0 3.0 Truck -1.0 -1.0 -1.0 -1.0 -1.0 -1.0 -1.0 2.991 3.852 8.942 787.581 1.921 1488.036 -0.6936636579120431 0.0
35.0 0.0 Car -1.0 -1.0 -1.0 -1.0 -1.0 -1.0 -1.0 1.869 1.661 4.468 828.12 1.014 1451.68 -0.7106683440260478 0.0
36.0 5.0 Car -1.0 -1.0 -1.0 -1.0 -1.0 -1.0 -1.0 2.053 1.835 5.012 827.977 1.174 1456.279 -0.7008771917123653 0.0
36.0 3.0 Truck -1.0 -1.0 -1.0 -1.0 -1.0 -1.0 -1.0 2.991 3.852 8.942 790.912 1.921 1485.237 -0.6936636579120431 0.0
36.0 0.0 Car -1.0 -1.0 -1.0 -1.0 -1.0 -1.0 -1.0 1.869 1.661 4.468 832.262 1.016 1448.01 -0.7015905094349502 0.0
37.0 5.0 Car -1.0 -1.0 -1.0 -1.0 -1.0 -1.0 -1.0 2.053 1.835 5.012 831.369 1.143 1453.274 -0.705350621183586 0.0
37.0 3.0 Truck -1.0 -1.0 -1.0 -1.0 -1.0 -1.0 -1.0 2.991 3.852 8.942 794.716 1.921 1482.045 -0.6936636579120431 0.0
37.0 0.0 Car -1.0 -1.0 -1.0 -1.0 -1.0 -1.0 -1.0 1.869 1.661 4.468 835.968 1.018 1444.786 -0.7018360767049253 0.0
38.0 5.0 Car -1.0 -1.0 -1.0 -1.0 -1.0 -1.0 -1.0 2.053 1.835 5.012 834.424 1.111 1450.557 -0.7098289815575005 0.0
38.0 3.0 Truck -1.0 -1.0 -1.0 -1.0 -1.0 -1.0 -1.0 2.991 3.852 8.942 798.997 1.921 1478.455 -0.6936636579120431 0.0
38.0 0.0 Car -1.0 -1.0 -1.0 -1.0 -1.0 -1.0 -1.0 1.869 1.661 4.468 839.678 1.02 1441.56 -0.702081914654995 0.0
