0.0 0.0 Car -1.0 -1.0 -1.0 -1.0 -1.0 -1.0 -1.0 1.877 1.453 4.056 1962.71 1.016 869.736 -0.00848230009692763 0.0
0.0 1.0 Car -1.0 -1.0 -1.0 -1.0 -1.0 -1.0 -1.0 2.073 1.835 4.138 1934.005 1.031 888.025 -1.7778970957687668 0.0
1.0 0.0 Car -1.0 -1.0 -1.0 -1.0 -1.0 -1.0 -1.0 1.877 1.453 4.056 1962.711 1.076 869.769 -0.011972958600916517 1.0
1.0 1.0 Car -1.0 -1.0 -1.0 -1.0 -1.0 -1.0 -1.0 2.073 1.835 4.138 1933.695 0.981 886.548 -1.7778970957687668 1.0
2.0 0.0 Car -1.0 -1.0 -1.0 -1.0 -1.0 -1.0 -1.0 1.877 1.453 4.056 1962.711 1.136 869.803 -0.015463617104905404 1.0
2.0 1.0 Car -1.0 -1.0 -1.0 -1.0 -1.0 -1.0 -1.0 2.073 1.835 4.138 1933.431 0.981 885.294 -1.7778970957687668 1.0
3.0 0.0 Car -1.0 -1.0 -1.0 -1.0 -1.0 -1.0 -1.0 1.877 1.453 4.056 1962.711 1.196 869.836 -0.01895427560889429 1.0
3.0 1.0 Car -1.0 -1.0 -1.0 -1.0 -1.0 -1.0 -1.0 2.073 1.835 4.138 1933.174 0.981 884.068 -1.7778970957687668 1.0
4.0 0.0 Car -1.0 -1.0 -1.0 -1.0 -1.0 -1.0 -1.0 1.877 1.453 4.056 1962.712 1.256 869.87 -0.022444934112883175 1.0
4.0 1.0 Car -1.0 -1.0 -1.0 -1.0 -1.0 -1.0 -1.0 2.073 1.835 4.138 1932.956 0.981 882.892 -1.7778970957687668 1.0
5.0 0.0 Car -1.0 -1.0 -1.0 -1.0 -1.0 -1.0 -1.0 1.877 1.453 4.056 1962.712 1.316 869.903 -0.02593559261687206 1.0
5.0 1.0 Car -1.0 -1.0 -1.0 -1.0 -1.0 -1.0 -1.0 2.073 1.835 4.138 1932.806 0.981 881.905 -1.7255372182089372 1.0
6.0 0.0 Car -1.0 -1.0 -1.0 -1.0 -1.0 -1.0 -1.0 1.877 1.453 4.056 1962.933 1.316 869.814 -0.02593559261687206 1.0
6.0 1.0 Car -1.0 -1.0 -1.0 -1.0 -1.0 -1.0 -1.0 2.073 1.835 4.138 1932.809 0.981 881.266 -1.7604438032488237 1.0
7.0 0.0 Car -1.0 -1.0 -1.0 -1.0 -1.0 -1.0 -1.0 1.877 1.453 4.056 1963.468 1.316 869.973 -0.008482300096928963 0.0
7.0 1.0 Car -1.0 -1.0 -1.0 -1.0 -1.0 -1.0 -1.0 2.073 1.835 4.138 1932.645 0.981 880.66 -1.7080839256889944 1.0
8.0 0.0 Car -1.0 -1.0 -1.0 -1.0 -1.0 -1.0 -1.0 1.877 1.453 4.056 1964.533 1.366 869.932 -0.008482300096928963 0.0
8.0 1.0 Car -1.0 -1.0 -1.0 -1.0 -1.0 -1.0 -1.0 2.073 1.835 4.138 1932.557 0.981 880.188 -1.7080839256889944 1.0
9.0 0.0 Car -1.0 -1.0 -1.0 -1.0 -1.0 -1.0 -1.0 1.877 1.453 4.056 1965.96 1.416 869.888 -0.008482300096928963 0.0
9.0 1.0 Car -1.0 -1.0 -1.0 -1.0 -1.0 -1.0 -1.0 2.073 1.835 4.138 1932.564 1.231 879.788 -1.7255372182089372 1.0
10.0 0.0 Car -1.0 -1.0 -1.0 -1.0 -1.0 -1.0 -1.0 1.877 1.453 4.056 1967.722 1.466 869.841 -0.008482300096928963 0.0
10.0 1.0 Car -1.0 -1.0 -1.0 -1.0 -1.0 -1.0 -1.0 2.073 1.835 4.138 1932.497 1.181 879.484 -1.7604438032488237 1.0
11.0 0.0 Car -1.0 -1.0 -1.0 -1.0 -1.0 -1.0 -1.0 1.877 1.453 4.056 1969.512 1.516 869.794 -0.008482300096928963 0.0
11.0 1.0 Car -1.0 -1.0 -1.0 -1.0 -1.0 -1.0 -1.0 2.073 1.835 4.138 1932.399 1.131 879.157 -1.7953503882887099 1.0
12.0 0.0 Car -1.0 -1.0 -1.0 -1.0 -1.0 -1.0 -1.0 1.877 1.453 4.056 1972.265 1.566 869.879 0.008970992423014357 0.0
12.0 1.0 Car -1.0 -1.0 -1.0 -1.0 -1.0 -1.0 -1.0 2.073 1.835 4.138 1932.32 1.131 878.761 -1.8477102658485391 1.0
13.0 0.0 Car -1.0 -1.0 -1.0 -1.0 -1.0 -1.0 -1.0 1.877 1.453 4.056 1975.019 1.616 869.963 0.02642428494295768 0.0
13.0 1.0 Car -1.0 -1.0 -1.0 -1.0 -1.0 -1.0 -1.0 2.073 1.835 4.138 1932.131 1.131 878.308 -1.8826168508884256 1.0
14.0 0.0 Car -1.0 -1.0 -1.0 -1.0 -1.0 -1.0 -1.0 1.877 1.453 4.056 1977.801 1.666 870.047 0.02642428494295768 0.0
14.0 1.0 Car -1.0 -1.0 -1.0 -1.0 -1.0 -1.0 -1.0 2.073 1.835 4.138 1931.808 1.131 877.645 -2.0920563611277423 1.0
15.0 0.0 Car -1.0 -1.0 -1.0 -1.0 -1.0 -1.0 -1.0 1.877 1.453 4.056 1980.613 1.716 870.159 0.02642428494295768 0.0
15.0 1.0 Car -1.0 -1.0 -1.0 -1.0 -1.0 -1.0 -1.0 2.073 1.835 4.138 1931.129 1.131 876.721 -2.126962946167629 1.0
16.0 0.0 Car -1.0 -1.0 -1.0 -1.0 -1.0 -1.0 -1.0 1.877 1.453 4.056 1983.4 1.916 870.355 0.061330869982844316 0.0
16.0 1.0 Car -1.0 -1.0 -1.0 -1.0 -1.0 -1.0 -1.0 2.073 1.835 4.138 1930.158 1.131 875.707 -2.318949163887003 1.0
17.0 0.0 Car -1.0 -1.0 -1.0 -1.0 -1.0 -1.0 -1.0 1.877 1.453 4.056 1985.916 2.016 870.581 0.07878416250278764 0.0
17.0 1.0 Car -1.0 -1.0 -1.0 -1.0 -1.0 -1.0 -1.0 2.073 1.835 4.138 1928.909 1.081 874.788 -2.510935381606377 1.0
18.0 0.0 Car -1.0 -1.0 -1.0 -1.0 -1.0 -1.0 -1.0 1.877 1.453 4.056 1988.405 2.116 870.891 0.08751080876275942 0.0
18.0 1.0 Car -1.0 -1.0 -1.0 -1.0 -1.0 -1.0 -1.0 2.073 1.835 4.138 1927.156 1.081 874.049 -2.6243817829860085 1.0
19.0 1.0 Car -1.0 -1.0 -1.0 -1.0 -1.0 -1.0 -1.0 2.073 1.835 4.138 1925.33 1.081 873.513 -2.7378281843656396 1.0
20.0 1.0 Car -1.0 -1.0 -1.0 -1.0 -1.0 -1.0 -1.0 2.073 1.835 4.138 1923.398 1.181 873.439 -3.1043473272844504 1.0
21.0 1.0 Car -1.0 -1.0 -1.0 -1.0 -1.0 -1.0 -1.0 2.073 1.835 4.138 1920.65 1.181 873.105 -3.139253912324337 1.0
22.0 1.0 Car -1.0 -1.0 -1.0 -1.0 -1.0 -1.0 -1.0 2.073 1.835 4.138 1917.844 1.181 872.886 -3.139253912324337 1.0
23.0 1.0 Car -1.0 -1.0 -1.0 -1.0 -1.0 -1.0 -1.0 2.073 1.835 4.138 1915.01 1.231 872.752 -3.139253912324337 1.0
24.0 1.0 Car -1.0 -1.0 -1.0 -1.0 -1.0 -1.0 -1.0 2.073 1.835 4.138 1912.147 1.281 872.618 -3.139253912324337 1.0
25.0 1.0 Car -1.0 -1.0 -1.0 -1.0 -1.0 -1.0 -1.0 2.073 1.835 4.138 1908.458 1.281 872.653 -3.139253912324337 1.0
26.0 1.0 Car -1.0 -1.0 -1.0 -1.0 -1.0 -1.0 -1.0 2.073 1.835 4.138 1904.77 1.281 872.602 -3.139253912324337 1.0
27.0 1.0 Car -1.0 -1.0 -1.0 -1.0 -1.0 -1.0 -1.0 2.073 1.835 4.138 1901.081 1.281 872.466 -3.139253912324337 1.0
28.0 1.0 Car -1.0 -1.0 -1.0 -1.0 -1.0 -1.0 -1.0 2.073 1.835 4.138 1897.393 1.281 872.33 -3.139253912324337 0.0
29.0 1.0 Car -1.0 -1.0 -1.0 -1.0 -1.0 -1.0 -1.0 2.073 1.835 4.138 1893.69 1.256 872.251 -3.139253912324337 0.0
30.0 1.0 Car -1.0 -1.0 -1.0 -1.0 -1.0 -1.0 -1.0 2.073 1.835 4.138 1889.987 1.231 872.172 -3.139253912324337 0.0
31.0 1.0 Car -1.0 -1.0 -1.0 -1.0 -1.0 -1.0 -1.0 2.073 1.835 4.138 1885.715 1.256 872.091 -3.139253912324337 0.0
32.0 1.0 Car -1.0 -1.0 -1.0 -1.0 -1.0 -1.0 -1.0 2.073 1.835 4.138 1881.414 1.331 872.011 -3.139253912324337 0.0
33.0 1.0 Car -1.0 -1.0 -1.0 -1.0 -1.0 -1.0 -1.0 2.073 1.835 4.138 1877.085 1.306 871.844 -3.139253912324337 0.0
34.0 1.0 Car -1.0 -1.0 -1.0 -1.0 -1.0 -1.0 -1.0 2.073 1.835 4.138 1872.756 1.281 871.707 -3.139253912324337 0.0
35.0 1.0 Car -1.0 -1.0 -1.0 -1.0 -1.0 -1.0 -1.0 2.073 1.835 4.138 1868.399 1.256 871.569 -3.139253912324337 0.0
36.0 1.0 Car -1.0 -1.0 -1.0 -1.0 -1.0 -1.0 -1.0 2.073 1.835 4.138 1863.871 1.231 871.431 -3.139253912324337 0.0
37.0 1.0 Car -1.0 -1.0 -1.0 -1.0 -1.0 -1.0 -1.0 2.073 1.835 4.138 1859.314 1.206 871.35 -3.139253912324337 0.0
38.0 1.0 Car -1.0 -1.0 -1.0 -1.0 -1.0 -1.0 -1.0 2.073 1.835 4.138 1854.728 1.181 871.269 -3.139253912324337 0.0
39.0 1.0 Car -1.0 -1.0 -1.0 -1.0 -1.0 -1.0 -1.0 2.073 1.835 4.138 1850.058 1.156 871.045 -3.139253912324337 0.0
