0.0 4.0 Truck -1.0 -1.0 -1.0 -1.0 -1.0 -1.0 -1.0 2.121 2.038 5.888 1752.883 1.129 864.428 -0.012915435603101379 0.0
1.0 4.0 Truck -1.0 -1.0 -1.0 -1.0 -1.0 -1.0 -1.0 2.121 2.038 5.888 1754.109 1.144 864.413 -0.012915435603101379 1.0
2.0 4.0 Truck -1.0 -1.0 -1.0 -1.0 -1.0 -1.0 -1.0 2.121 2.038 5.888 1755.336 1.159 864.398 -0.012915435603101379 1.0
2.0 1.0 Truck -1.0 -1.0 -1.0 -1.0 -1.0 -1.0 -1.0 3.608 3.341 7.695 1742.676 1.544 907.497 -2.248333142746793 0.0
3.0 4.0 Truck -1.0 -1.0 -1.0 -1.0 -1.0 -1.0 -1.0 2.121 2.038 5.888 1756.423 1.159 864.39 -0.012915435603101379 1.0
3.0 1.0 Truck -1.0 -1.0 -1.0 -1.0 -1.0 -1.0 -1.0 3.608 3.341 7.695 1740.855 1.56 905.139 -2.2250620860535357 1.0
4.0 4.0 Truck -1.0 -1.0 -1.0 -1.0 -1.0 -1.0 -1.0 2.121 2.038 5.888 1757.511 1.159 864.383 -0.012915435603101379 1.0
4.0 1.0 Truck -1.0 -1.0 -1.0 -1.0 -1.0 -1.0 -1.0 3.608 3.341 7.695 1739.118 1.577 902.719 -2.201791029360278 1.0
5.0 4.0 Truck -1.0 -1.0 -1.0 -1.0 -1.0 -1.0 -1.0 2.121 2.038 5.888 1758.719 1.159 864.374 -0.012915435603101379 1.0
5.0 1.0 Truck -1.0 -1.0 -1.0 -1.0 -1.0 -1.0 -1.0 3.608 3.341 7.695 1737.38 1.594 900.3 -2.178519972667021 1.0
6.0 4.0 Truck -1.0 -1.0 -1.0 -1.0 -1.0 -1.0 -1.0 2.121 2.038 5.888 1759.563 1.159 864.37 -0.012915435603101379 0.0
6.0 1.0 Truck -1.0 -1.0 -1.0 -1.0 -1.0 -1.0 -1.0 3.608 3.341 7.695 1736.063 1.606 898.312 -2.1741566495370352 1.0
7.0 4.0 Truck -1.0 -1.0 -1.0 -1.0 -1.0 -1.0 -1.0 2.121 2.038 5.888 1760.408 1.159 864.366 -0.012915435603101379 0.0
7.0 1.0 Truck -1.0 -1.0 -1.0 -1.0 -1.0 -1.0 -1.0 3.608 3.341 7.695 1734.746 1.619 896.325 -2.1697933264070497 1.0
8.0 4.0 Truck -1.0 -1.0 -1.0 -1.0 -1.0 -1.0 -1.0 2.121 2.038 5.888 1761.252 1.159 864.361 -0.012915435603101379 0.0
8.0 1.0 Truck -1.0 -1.0 -1.0 -1.0 -1.0 -1.0 -1.0 3.608 3.341 7.695 1733.429 1.631 894.337 -2.1654300032770637 1.0
9.0 4.0 Truck -1.0 -1.0 -1.0 -1.0 -1.0 -1.0 -1.0 2.121 2.038 5.888 1762.096 1.159 864.357 -0.012915435603101379 0.0
9.0 1.0 Truck -1.0 -1.0 -1.0 -1.0 -1.0 -1.0 -1.0 3.608 3.341 7.695 1732.112 1.644 892.35 -2.1610666801470786 1.0
10.0 4.0 Truck -1.0 -1.0 -1.0 -1.0 -1.0 -1.0 -1.0 2.121 2.038 5.888 1762.463 1.159 864.359 -0.012915435603101379 0.0
10.0 1.0 Truck -1.0 -1.0 -1.0 -1.0 -1.0 -1.0 -1.0 3.608 3.341 7.695 1730.9 1.652 890.437 -2.1610666801470786 1.0
11.0 4.0 Truck -1.0 -1.0 -1.0 -1.0 -1.0 -1.0 -1.0 2.121 2.038 5.888 1762.829 1.159 864.361 -0.012915435603101379 0.0
11.0 1.0 Truck -1.0 -1.0 -1.0 -1.0 -1.0 -1.0 -1.0 3.608 3.341 7.695 1729.688 1.66 888.524 -2.1610666801470786 1.0
12.0 4.0 Truck -1.0 -1.0 -1.0 -1.0 -1.0 -1.0 -1.0 2.121 2.038 5.888 1762.906 1.159 864.37 -0.012915435603101379 0.0
12.0 1.0 Truck -1.0 -1.0 -1.0 -1.0 -1.0 -1.0 -1.0 3.608 3.341 7.695 1728.476 1.669 886.612 -2.1610666801470786 1.0
13.0 4.0 Truck -1.0 -1.0 -1.0 -1.0 -1.0 -1.0 -1.0 2.121 2.038 5.888 1762.982 1.159 864.379 -0.012915435603101379 0.0
13.0 1.0 Truck -1.0 -1.0 -1.0 -1.0 -1.0 -1.0 -1.0 3.608 3.341 7.695 1727.263 1.677 884.699 -2.1610666801470786 1.0
14.0 4.0 Truck -1.0 -1.0 -1.0 -1.0 -1.0 -1.0 -1.0 2.121 2.038 5.888 1763.059 1.159 864.388 -0.012915435603101379 0.0
14.0 1.0 Truck -1.0 -1.0 -1.0 -1.0 -1.0 -1.0 -1.0 3.608 3.341 7.695 1726.051 1.685 882.786 -2.1610666801470786 1.0
15.0 4.0 Truck -1.0 -1.0 -1.0 -1.0 -1.0 -1.0 -1.0 2.121 2.038 5.888 1763.135 1.159 864.397 -0.012915435603101379 0.0
15.0 1.0 Truck -1.0 -1.0 -1.0 -1.0 -1.0 -1.0 -1.0 3.608 3.341 7.695 1724.839 1.694 880.874 -2.1610666801470786 1.0
16.0 4.0 Truck -1.0 -1.0 -1.0 -1.0 -1.0 -1.0 -1.0 2.121 2.038 5.888 1763.145 1.159 864.404 -0.012915435603101379 0.0
16.0 1.0 Truck -1.0 -1.0 -1.0 -1.0 -1.0 -1.0 -1.0 3.608 3.341 7.695 1724.006 1.704 879.595 -2.1331414121151693 1.0
17.0 4.0 Truck -1.0 -1.0 -1.0 -1.0 -1.0 -1.0 -1.0 2.121 2.038 5.888 1763.155 1.159 864.41 -0.012915435603101379 0.0
17.0 1.0 Truck -1.0 -1.0 -1.0 -1.0 -1.0 -1.0 -1.0 3.608 3.341 7.695 1723.209 1.714 878.294 -2.10521614408326 1.0
18.0 3.0 Car -1.0 -1.0 -1.0 -1.0 -1.0 -1.0 -1.0 1.927 1.643 5.165 1820.537 0.776 871.738 -3.123912467092078 0.0
18.0 1.0 Truck -1.0 -1.0 -1.0 -1.0 -1.0 -1.0 -1.0 3.608 3.341 7.695 1722.448 1.724 876.972 -2.077290876051351 1.0
19.0 3.0 Car -1.0 -1.0 -1.0 -1.0 -1.0 -1.0 -1.0 1.927 1.643 5.165 1815.603 0.768 871.569 -3.1268213491787353 1.0
19.0 1.0 Truck -1.0 -1.0 -1.0 -1.0 -1.0 -1.0 -1.0 3.608 3.341 7.695 1721.725 1.734 875.628 -2.0493656080194422 1.0
20.0 3.0 Car -1.0 -1.0 -1.0 -1.0 -1.0 -1.0 -1.0 1.927 1.643 5.165 1810.669 0.76 871.4 -3.1297302312653925 1.0
20.0 1.0 Truck -1.0 -1.0 -1.0 -1.0 -1.0 -1.0 -1.0 3.608 3.341 7.695 1721.039 1.744 874.265 -2.0214403399875334 1.0
21.0 3.0 Car -1.0 -1.0 -1.0 -1.0 -1.0 -1.0 -1.0 1.927 1.643 5.165 1805.735 0.751 871.23 -3.1326391133520497 1.0
21.0 1.0 Truck -1.0 -1.0 -1.0 -1.0 -1.0 -1.0 -1.0 3.608 3.341 7.695 1720.904 1.742 873.248 -1.89054064608796 1.0
21.0 5.0 Truck -1.0 -1.0 -1.0 -1.0 -1.0 -1.0 -1.0 2.677 3.325 6.574 1650.884 2.149 860.275 0.010437069617713844 0.0
22.0 3.0 Car -1.0 -1.0 -1.0 -1.0 -1.0 -1.0 -1.0 1.927 1.643 5.165 1800.802 0.743 871.061 -3.135547995438707 1.0
22.0 1.0 Truck -1.0 -1.0 -1.0 -1.0 -1.0 -1.0 -1.0 3.608 3.341 7.695 1720.903 1.741 872.222 -1.7596409521883862 1.0
22.0 5.0 Truck -1.0 -1.0 -1.0 -1.0 -1.0 -1.0 -1.0 2.677 3.325 6.574 1655.999 2.149 860.334 0.010437069617713844 1.0
23.0 3.0 Car -1.0 -1.0 -1.0 -1.0 -1.0 -1.0 -1.0 1.927 1.643 5.165 1795.868 0.735 870.892 -3.138456877525364 1.0
23.0 1.0 Truck -1.0 -1.0 -1.0 -1.0 -1.0 -1.0 -1.0 3.608 3.341 7.695 1721.036 1.74 871.205 -1.6287412582888134 0.0
23.0 0.0 Car -1.0 -1.0 -1.0 -1.0 -1.0 -1.0 -1.0 2.021 1.583 4.447 1683.185 1.046 860.628 0.006440265520049949 0.0
23.0 5.0 Truck -1.0 -1.0 -1.0 -1.0 -1.0 -1.0 -1.0 2.677 3.325 6.574 1661.114 2.149 860.393 0.010437069617713844 1.0
24.0 3.0 Car -1.0 -1.0 -1.0 -1.0 -1.0 -1.0 -1.0 1.927 1.643 5.165 1790.934 0.726 870.722 -3.1413657596120212 1.0
24.0 1.0 Truck -1.0 -1.0 -1.0 -1.0 -1.0 -1.0 -1.0 3.608 3.341 7.695 1721.301 1.738 870.213 -1.4978415643892402 0.0
24.0 0.0 Car -1.0 -1.0 -1.0 -1.0 -1.0 -1.0 -1.0 2.021 1.583 4.447 1687.017 1.046 860.713 0.006440265520049949 1.0
24.0 5.0 Truck -1.0 -1.0 -1.0 -1.0 -1.0 -1.0 -1.0 2.677 3.325 6.574 1666.229 2.149 860.452 0.010437069617713844 1.0
25.0 3.0 Car -1.0 -1.0 -1.0 -1.0 -1.0 -1.0 -1.0 1.927 1.643 5.165 1785.927 0.726 870.648 -3.1413657596120212 1.0
25.0 2.0 Car -1.0 -1.0 -1.0 -1.0 -1.0 -1.0 -1.0 1.95 1.897 4.686 1820.116 1.2 872.052 -3.1237902943007385 0.0
25.0 1.0 Truck -1.0 -1.0 -1.0 -1.0 -1.0 -1.0 -1.0 3.608 3.341 7.695 1721.589 1.737 869.726 -1.3669418704896668 0.0
25.0 0.0 Car -1.0 -1.0 -1.0 -1.0 -1.0 -1.0 -1.0 2.021 1.583 4.447 1690.849 1.046 860.797 0.006440265520049949 1.0
25.0 5.0 Truck -1.0 -1.0 -1.0 -1.0 -1.0 -1.0 -1.0 2.677 3.325 6.574 1671.343 2.149 860.511 0.010437069617713844 1.0
26.0 3.0 Car -1.0 -1.0 -1.0 -1.0 -1.0 -1.0 -1.0 1.927 1.643 5.165 1780.954 0.726 870.573 -3.1413657596120212 1.0
26.0 2.0 Car -1.0 -1.0 -1.0 -1.0 -1.0 -1.0 -1.0 1.95 1.897 4.686 1816.058 1.2 872.006 -3.117972530127424 1.0
26.0 1.0 Truck -1.0 -1.0 -1.0 -1.0 -1.0 -1.0 -1.0 3.608 3.341 7.695 1721.939 1.736 869.28 -1.2360421765900933 0.0
26.0 0.0 Car -1.0 -1.0 -1.0 -1.0 -1.0 -1.0 -1.0 2.021 1.583 4.447 1694.681 1.046 860.881 0.006440265520049949 1.0
26.0 5.0 Truck -1.0 -1.0 -1.0 -1.0 -1.0 -1.0 -1.0 2.677 3.325 6.574 1675.553 2.149 860.52 0.010437069617713844 1.0
27.0 3.0 Car -1.0 -1.0 -1.0 -1.0 -1.0 -1.0 -1.0 1.927 1.643 5.165 1776.124 0.701 870.499 -3.1413657596120212 1.0
27.0 2.0 Car -1.0 -1.0 -1.0 -1.0 -1.0 -1.0 -1.0 1.95 1.897 4.686 1811.999 1.2 871.959 -3.11215476595411 1.0
27.0 1.0 Truck -1.0 -1.0 -1.0 -1.0 -1.0 -1.0 -1.0 3.608 3.341 7.695 1722.2 1.753 868.593 -1.2068563929872997 0.0
27.0 0.0 Car -1.0 -1.0 -1.0 -1.0 -1.0 -1.0 -1.0 2.021 1.583 4.447 1697.463 1.046 860.824 0.006440265520049949 1.0
27.0 5.0 Truck -1.0 -1.0 -1.0 -1.0 -1.0 -1.0 -1.0 2.677 3.325 6.574 1678.787 2.149 860.603 0.010437069617713844 1.0
28.0 3.0 Car -1.0 -1.0 -1.0 -1.0 -1.0 -1.0 -1.0 1.927 1.643 5.165 1771.294 0.676 870.424 -3.1413657596120212 0.0
28.0 2.0 Car -1.0 -1.0 -1.0 -1.0 -1.0 -1.0 -1.0 1.95 1.897 4.686 1807.94 1.2 871.913 -3.1063370017807954 0.0
28.0 1.0 Truck -1.0 -1.0 -1.0 -1.0 -1.0 -1.0 -1.0 3.608 3.341 7.695 1722.482 1.77 867.913 -1.177670609384506 0.0
28.0 0.0 Car -1.0 -1.0 -1.0 -1.0 -1.0 -1.0 -1.0 2.021 1.583 4.447 1700.245 1.046 860.767 0.006440265520049949 0.0
28.0 5.0 Truck -1.0 -1.0 -1.0 -1.0 -1.0 -1.0 -1.0 2.677 3.325 6.574 1682.02 2.149 860.685 0.010437069617713844 0.0
29.0 3.0 Car -1.0 -1.0 -1.0 -1.0 -1.0 -1.0 -1.0 1.927 1.643 5.165 1767.566 0.676 870.35 -3.1413657596120212 0.0
29.0 2.0 Car -1.0 -1.0 -1.0 -1.0 -1.0 -1.0 -1.0 1.95 1.897 4.686 1804.491 1.184 871.823 -3.1063370017807954 0.0
29.0 1.0 Truck -1.0 -1.0 -1.0 -1.0 -1.0 -1.0 -1.0 3.608 3.341 7.695 1722.616 1.787 867.603 -1.1746647645616268 0.0
29.0 0.0 Car -1.0 -1.0 -1.0 -1.0 -1.0 -1.0 -1.0 2.021 1.583 4.447 1703.028 1.046 860.71 0.006440265520049949 0.0
29.0 5.0 Truck -1.0 -1.0 -1.0 -1.0 -1.0 -1.0 -1.0 2.677 3.325 6.574 1685.254 2.149 860.768 0.010437069617713844 0.0
30.0 3.0 Car -1.0 -1.0 -1.0 -1.0 -1.0 -1.0 -1.0 1.927 1.643 5.165 1763.57 0.651 870.321 -3.1151858208321066 0.0
30.0 2.0 Car -1.0 -1.0 -1.0 -1.0 -1.0 -1.0 -1.0 1.95 1.897 4.686 1801.042 1.167 871.734 -3.1063370017807954 0.0
30.0 1.0 Truck -1.0 -1.0 -1.0 -1.0 -1.0 -1.0 -1.0 3.608 3.341 7.695 1722.608 1.804 867.635 -1.1542056272188044 0.0
30.0 0.0 Car -1.0 -1.0 -1.0 -1.0 -1.0 -1.0 -1.0 2.021 1.583 4.447 1704.964 1.062 860.689 0.01807579386667868 0.0
30.0 5.0 Truck -1.0 -1.0 -1.0 -1.0 -1.0 -1.0 -1.0 2.677 3.325 6.574 1688.024 2.145 860.876 0.023527039007671387 0.0
31.0 3.0 Car -1.0 -1.0 -1.0 -1.0 -1.0 -1.0 -1.0 1.927 1.643 5.165 1760.002 0.676 870.205 -3.0890058820521915 0.0
31.0 2.0 Car -1.0 -1.0 -1.0 -1.0 -1.0 -1.0 -1.0 1.95 1.897 4.686 1798.414 1.15 871.674 -3.1063370017807954 0.0
31.0 1.0 Truck -1.0 -1.0 -1.0 -1.0 -1.0 -1.0 -1.0 3.608 3.341 7.695 1722.599 1.821 867.666 -1.1337464898759828 0.0
31.0 0.0 Car -1.0 -1.0 -1.0 -1.0 -1.0 -1.0 -1.0 2.021 1.583 4.447 1706.9 1.079 860.669 0.029711322213307412 0.0
31.0 5.0 Truck -1.0 -1.0 -1.0 -1.0 -1.0 -1.0 -1.0 2.677 3.325 6.574 1690.794 2.14 860.985 0.03661700839762893 0.0
32.0 3.0 Car -1.0 -1.0 -1.0 -1.0 -1.0 -1.0 -1.0 1.927 1.643 5.165 1756.533 0.714 869.928 -3.0890058820521915 0.0
32.0 2.0 Car -1.0 -1.0 -1.0 -1.0 -1.0 -1.0 -1.0 1.95 1.897 4.686 1794.726 1.1 871.479 -3.1063370017807954 0.0
32.0 1.0 Truck -1.0 -1.0 -1.0 -1.0 -1.0 -1.0 -1.0 3.608 3.341 7.695 1722.59 1.838 867.697 -1.1132873525331608 0.0
32.0 0.0 Car -1.0 -1.0 -1.0 -1.0 -1.0 -1.0 -1.0 2.021 1.583 4.447 1708.836 1.096 860.649 0.041346850559936366 0.0
32.0 5.0 Truck -1.0 -1.0 -1.0 -1.0 -1.0 -1.0 -1.0 2.677 3.325 6.574 1693.563 2.135 861.094 0.04970697778758648 0.0
33.0 3.0 Car -1.0 -1.0 -1.0 -1.0 -1.0 -1.0 -1.0 1.927 1.643 5.165 1753.589 0.752 869.821 -3.0890058820521915 0.0
33.0 2.0 Car -1.0 -1.0 -1.0 -1.0 -1.0 -1.0 -1.0 1.95 1.897 4.686 1791.039 1.05 871.284 -3.1063370017807954 0.0
33.0 1.0 Truck -1.0 -1.0 -1.0 -1.0 -1.0 -1.0 -1.0 3.608 3.341 7.695 1722.474 1.838 868.03 -1.1057242591078522 0.0
33.0 0.0 Car -1.0 -1.0 -1.0 -1.0 -1.0 -1.0 -1.0 2.021 1.583 4.447 1710.567 1.108 860.766 0.050073496819908137 0.0
33.0 5.0 Truck -1.0 -1.0 -1.0 -1.0 -1.0 -1.0 -1.0 2.677 3.325 6.574 1696.334 2.131 861.247 0.03952589048428612 0.0
34.0 3.0 Car -1.0 -1.0 -1.0 -1.0 -1.0 -1.0 -1.0 1.927 1.643 5.165 1751.107 0.791 869.739 -3.106459174572135 0.0
34.0 2.0 Car -1.0 -1.0 -1.0 -1.0 -1.0 -1.0 -1.0 1.95 1.897 4.686 1787.976 1.017 871.198 -3.1063370017807954 0.0
34.0 1.0 Truck -1.0 -1.0 -1.0 -1.0 -1.0 -1.0 -1.0 3.608 3.341 7.695 1722.357 1.838 868.363 -1.0981611656825434 0.0
34.0 0.0 Car -1.0 -1.0 -1.0 -1.0 -1.0 -1.0 -1.0 2.021 1.583 4.447 1712.298 1.121 860.883 0.058800143079879685 0.0
34.0 5.0 Truck -1.0 -1.0 -1.0 -1.0 -1.0 -1.0 -1.0 2.677 3.325 6.574 1697.214 2.112 861.331 0.0424347725709433 0.0
35.0 3.0 Car -1.0 -1.0 -1.0 -1.0 -1.0 -1.0 -1.0 1.927 1.643 5.165 1749.352 0.829 869.695 -3.1151858208321066 0.0
35.0 2.0 Car -1.0 -1.0 -1.0 -1.0 -1.0 -1.0 -1.0 1.95 1.897 4.686 1784.914 0.984 871.111 -3.1063370017807954 0.0
35.0 0.0 Car -1.0 -1.0 -1.0 -1.0 -1.0 -1.0 -1.0 2.021 1.583 4.447 1714.028 1.133 861.001 0.06752678933985123 0.0
35.0 5.0 Truck -1.0 -1.0 -1.0 -1.0 -1.0 -1.0 -1.0 2.677 3.325 6.574 1698.094 2.094 861.414 0.045343654657600485 0.0
36.0 3.0 Car -1.0 -1.0 -1.0 -1.0 -1.0 -1.0 -1.0 1.927 1.643 5.165 1747.597 0.867 869.651 -3.123912467092078 0.0
36.0 2.0 Car -1.0 -1.0 -1.0 -1.0 -1.0 -1.0 -1.0 1.95 1.897 4.686 1781.852 0.95 871.025 -3.1063370017807954 0.0
36.0 0.0 Car -1.0 -1.0 -1.0 -1.0 -1.0 -1.0 -1.0 2.021 1.583 4.447 1715.759 1.146 861.118 0.076253435599823 0.0
36.0 5.0 Truck -1.0 -1.0 -1.0 -1.0 -1.0 -1.0 -1.0 2.677 3.325 6.574 1699.848 2.146 861.489 0.045343654657600485 0.0
37.0 3.0 Car -1.0 -1.0 -1.0 -1.0 -1.0 -1.0 -1.0 1.927 1.643 5.165 1746.199 0.905 869.555 -3.123912467092078 0.0
37.0 2.0 Car -1.0 -1.0 -1.0 -1.0 -1.0 -1.0 -1.0 1.95 1.897 4.686 1778.968 0.925 870.923 -3.1063370017807954 0.0
37.0 0.0 Car -1.0 -1.0 -1.0 -1.0 -1.0 -1.0 -1.0 2.021 1.583 4.447 1718.638 1.16 861.41 0.08061675872980878 0.0
37.0 5.0 Truck -1.0 -1.0 -1.0 -1.0 -1.0 -1.0 -1.0 2.677 3.325 6.574 1701.601 2.198 861.564 0.045343654657600485 0.0
38.0 3.0 Car -1.0 -1.0 -1.0 -1.0 -1.0 -1.0 -1.0 1.927 1.643 5.165 1745.461 0.943 869.552 -3.123912467092078 0.0
38.0 2.0 Car -1.0 -1.0 -1.0 -1.0 -1.0 -1.0 -1.0 1.95 1.897 4.686 1776.083 0.9 870.822 -3.1063370017807954 0.0
38.0 0.0 Car -1.0 -1.0 -1.0 -1.0 -1.0 -1.0 -1.0 2.021 1.583 4.447 1721.516 1.174 861.702 0.08498008185979455 0.0
38.0 5.0 Truck -1.0 -1.0 -1.0 -1.0 -1.0 -1.0 -1.0 2.677 3.325 6.574 1703.355 2.25 861.639 0.045343654657600485 0.0
39.0 3.0 Car -1.0 -1.0 -1.0 -1.0 -1.0 -1.0 -1.0 1.927 1.643 5.165 1744.723 0.981 869.55 -3.123912467092078 0.0
39.0 2.0 Car -1.0 -1.0 -1.0 -1.0 -1.0 -1.0 -1.0 1.95 1.897 4.686 1773.344 0.9 870.725 -3.1063370017807954 0.0
39.0 0.0 Car -1.0 -1.0 -1.0 -1.0 -1.0 -1.0 -1.0 2.021 1.583 4.447 1724.395 1.189 861.995 0.08934340498978033 0.0
39.0 5.0 Truck -1.0 -1.0 -1.0 -1.0 -1.0 -1.0 -1.0 2.677 3.325 6.574 1705.109 2.302 861.713 0.045343654657600485 0.0
