0.0 0.0 Truck -1.0 -1.0 -1.0 -1.0 -1.0 -1.0 -1.0 1.922 2.0 4.951 1005.17 0.943 878.007 0.24411920248346572 0.0
1.0 0.0 Truck -1.0 -1.0 -1.0 -1.0 -1.0 -1.0 -1.0 1.922 2.0 4.951 1006.879 0.943 878.26 0.08703956980397587 1.0
2.0 0.0 Truck -1.0 -1.0 -1.0 -1.0 -1.0 -1.0 -1.0 1.922 2.0 4.951 1008.986 0.943 878.206 -0.08749335539545733 1.0
3.0 0.0 Truck -1.0 -1.0 -1.0 -1.0 -1.0 -1.0 -1.0 1.922 2.0 4.951 1011.08 0.993 877.671 -0.2620262805948906 1.0
4.0 0.0 Truck -1.0 -1.0 -1.0 -1.0 -1.0 -1.0 -1.0 1.922 2.0 4.951 1012.591 0.993 876.944 -0.4016526207544371 1.0
5.0 0.0 Truck -1.0 -1.0 -1.0 -1.0 -1.0 -1.0 -1.0 1.922 2.0 4.951 1014.246 0.993 875.912 -0.5587322534339254 1.0
6.0 0.0 Truck -1.0 -1.0 -1.0 -1.0 -1.0 -1.0 -1.0 1.922 2.0 4.951 1015.9 0.993 874.23 -0.7681717636732427 1.0
7.0 0.0 Truck -1.0 -1.0 -1.0 -1.0 -1.0 -1.0 -1.0 1.922 2.0 4.951 1017.571 0.893 872.549 -0.9950645664325027 1.0
8.0 0.0 Truck -1.0 -1.0 -1.0 -1.0 -1.0 -1.0 -1.0 1.922 2.0 4.951 1018.826 0.743 870.477 -0.9950645664325027 1.0
9.0 0.0 Truck -1.0 -1.0 -1.0 -1.0 -1.0 -1.0 -1.0 1.922 2.0 4.951 1020.117 0.693 868.347 -0.9776112739125598 1.0
10.0 0.0 Truck -1.0 -1.0 -1.0 -1.0 -1.0 -1.0 -1.0 1.922 2.0 4.951 1021.534 0.793 866.094 -0.9776112739125598 1.0
11.0 0.0 Truck -1.0 -1.0 -1.0 -1.0 -1.0 -1.0 -1.0 1.922 2.0 4.951 1022.808 0.943 864.114 -0.9776112739125598 1.0
12.0 0.0 Truck -1.0 -1.0 -1.0 -1.0 -1.0 -1.0 -1.0 1.922 2.0 4.951 1024.394 1.093 862.098 -0.9427046888726736 1.0
13.0 0.0 Truck -1.0 -1.0 -1.0 -1.0 -1.0 -1.0 -1.0 1.922 2.0 4.951 1026.184 1.243 859.77 -0.9077981038327874 1.0
14.0 0.0 Truck -1.0 -1.0 -1.0 -1.0 -1.0 -1.0 -1.0 1.922 2.0 4.951 1027.99 1.343 857.495 -0.8903448113128442 1.0
15.0 0.0 Truck -1.0 -1.0 -1.0 -1.0 -1.0 -1.0 -1.0 1.922 2.0 4.951 1030.074 1.443 855.005 -0.837984933753015 1.0
16.0 0.0 Truck -1.0 -1.0 -1.0 -1.0 -1.0 -1.0 -1.0 1.922 2.0 4.951 1031.959 1.543 852.926 -0.8205316412330719 1.0
17.0 0.0 Truck -1.0 -1.0 -1.0 -1.0 -1.0 -1.0 -1.0 1.922 2.0 4.951 1034.079 1.593 850.645 -0.8205316412330719 1.0
18.0 0.0 Truck -1.0 -1.0 -1.0 -1.0 -1.0 -1.0 -1.0 1.922 2.0 4.951 1036.501 1.593 848.041 -0.8205316412330719 1.0
19.0 0.0 Truck -1.0 -1.0 -1.0 -1.0 -1.0 -1.0 -1.0 1.922 2.0 4.951 1039.023 1.743 845.529 -0.7507184711532996 1.0
20.0 0.0 Truck -1.0 -1.0 -1.0 -1.0 -1.0 -1.0 -1.0 1.922 2.0 4.951 1041.472 1.743 843.193 -0.7681717636732427 1.0
21.0 0.0 Truck -1.0 -1.0 -1.0 -1.0 -1.0 -1.0 -1.0 1.922 2.0 4.951 1044.047 1.793 840.76 -0.7681717636732427 1.0
22.0 0.0 Truck -1.0 -1.0 -1.0 -1.0 -1.0 -1.0 -1.0 1.922 2.0 4.951 1046.79 1.743 838.079 -0.7681717636732427 1.0
23.0 0.0 Truck -1.0 -1.0 -1.0 -1.0 -1.0 -1.0 -1.0 1.922 2.0 4.951 1049.349 1.743 835.613 -0.7681717636732427 1.0
24.0 0.0 Truck -1.0 -1.0 -1.0 -1.0 -1.0 -1.0 -1.0 1.922 2.0 4.951 1051.746 1.843 833.42 -0.7332651786333563 1.0
25.0 0.0 Truck -1.0 -1.0 -1.0 -1.0 -1.0 -1.0 -1.0 1.922 2.0 4.951 1054.567 1.893 830.804 -0.7507184711532996 1.0
26.0 0.0 Truck -1.0 -1.0 -1.0 -1.0 -1.0 -1.0 -1.0 1.922 2.0 4.951 1057.098 1.843 828.475 -0.7507184711532996 1.0
27.0 0.0 Truck -1.0 -1.0 -1.0 -1.0 -1.0 -1.0 -1.0 1.922 2.0 4.951 1059.786 1.843 825.969 -0.7507184711532996 0.0
28.0 0.0 Truck -1.0 -1.0 -1.0 -1.0 -1.0 -1.0 -1.0 1.922 2.0 4.951 1062.458 1.793 823.446 -0.7681717636732427 0.0
29.0 0.0 Truck -1.0 -1.0 -1.0 -1.0 -1.0 -1.0 -1.0 1.922 2.0 4.951 1064.839 1.893 821.167 -0.7681717636732427 0.0
30.0 0.0 Truck -1.0 -1.0 -1.0 -1.0 -1.0 -1.0 -1.0 1.922 2.0 4.951 1067.381 1.893 818.754 -0.7507184711532996 0.0
31.0 0.0 Truck -1.0 -1.0 -1.0 -1.0 -1.0 -1.0 -1.0 1.922 2.0 4.951 1069.768 1.943 816.524 -0.7507184711532996 0.0
32.0 0.0 Truck -1.0 -1.0 -1.0 -1.0 -1.0 -1.0 -1.0 1.922 2.0 4.951 1072.312 1.893 814.104 -0.7681717636732427 0.0
33.0 0.0 Truck -1.0 -1.0 -1.0 -1.0 -1.0 -1.0 -1.0 1.922 2.0 4.951 1074.41 1.443 812.16 -0.7507184711532996 0.0
34.0 0.0 Truck -1.0 -1.0 -1.0 -1.0 -1.0 -1.0 -1.0 1.922 2.0 4.951 1076.934 1.293 809.734 -0.7594451174132709 0.0
35.0 0.0 Truck -1.0 -1.0 -1.0 -1.0 -1.0 -1.0 -1.0 1.922 2.0 4.951 1079.203 1.143 807.636 -0.7507184711532996 0.0
36.0 0.0 Truck -1.0 -1.0 -1.0 -1.0 -1.0 -1.0 -1.0 1.922 2.0 4.951 1081.518 1.043 805.479 -0.7332651786333563 0.0
37.0 0.0 Truck -1.0 -1.0 -1.0 -1.0 -1.0 -1.0 -1.0 1.922 2.0 4.951 1083.734 0.993 803.461 -0.7158118861134133 0.0
38.0 0.0 Truck -1.0 -1.0 -1.0 -1.0 -1.0 -1.0 -1.0 1.922 2.0 4.951 1086.33 1.143 801.203 -0.6983585935934703 0.0
