0.0 2.0 Car -1.0 -1.0 -1.0 -1.0 -1.0 -1.0 -1.0 1.747 1.503 4.388 761.208 0.778 1485.842 1.045975820759701 0.0
0.0 5.0 Car -1.0 -1.0 -1.0 -1.0 -1.0 -1.0 -1.0 2.051 1.773 5.002 798.038 1.081 1476.727 -0.6324026011787454 0.0
0.0 4.0 Car -1.0 -1.0 -1.0 -1.0 -1.0 -1.0 -1.0 2.049 1.647 5.052 637.749 1.743 1618.988 -0.7108376979397999 0.0
0.0 10.0 Truck -1.0 -1.0 -1.0 -1.0 -1.0 -1.0 -1.0 1.907 2.069 4.58 726.816 1.377 1540.587 -0.7679274181417745 0.0
0.0 1.0 Car -1.0 -1.0 -1.0 -1.0 -1.0 -1.0 -1.0 2.076 2.0 4.943 840.383 1.443 1443.884 -0.700400628689275 0.0
0.0 13.0 Car -1.0 -1.0 -1.0 -1.0 -1.0 -1.0 -1.0 1.93 1.828 5.1 774.604 0.907 1507.821 2.432290845292565 0.0
0.0 8.0 Truck -1.0 -1.0 -1.0 -1.0 -1.0 -1.0 -1.0 1.941 1.657 5.141 764.868 0.752 1492.483 1.0571110212823873 0.0
1.0 2.0 Car -1.0 -1.0 -1.0 -1.0 -1.0 -1.0 -1.0 1.747 1.503 4.388 761.202 0.778 1485.845 1.0424851482896704 0.0
1.0 5.0 Car -1.0 -1.0 -1.0 -1.0 -1.0 -1.0 -1.0 2.051 1.773 5.002 799.56 1.156 1475.638 -0.6324026011787454 1.0
1.0 4.0 Car -1.0 -1.0 -1.0 -1.0 -1.0 -1.0 -1.0 2.049 1.647 5.052 641.137 1.735 1616.059 -0.7108376979397999 1.0
1.0 10.0 Truck -1.0 -1.0 -1.0 -1.0 -1.0 -1.0 -1.0 1.907 2.069 4.58 728.117 1.347 1539.256 -0.7865241593398733 1.0
1.0 1.0 Car -1.0 -1.0 -1.0 -1.0 -1.0 -1.0 -1.0 2.076 2.0 4.943 841.173 1.443 1443.213 -0.700400628689275 1.0
1.0 13.0 Car -1.0 -1.0 -1.0 -1.0 -1.0 -1.0 -1.0 1.93 1.828 5.1 772.983 0.907 1509.154 2.4357815177625954 1.0
1.0 8.0 Truck -1.0 -1.0 -1.0 -1.0 -1.0 -1.0 -1.0 1.941 1.657 5.141 764.871 0.752 1492.489 1.0571110212823873 1.0
2.0 2.0 Car -1.0 -1.0 -1.0 -1.0 -1.0 -1.0 -1.0 1.747 1.503 4.388 761.197 0.778 1485.848 1.0389944897856818 1.0
2.0 5.0 Car -1.0 -1.0 -1.0 -1.0 -1.0 -1.0 -1.0 2.051 1.773 5.002 800.773 1.181 1474.673 -0.6542192386506364 1.0
2.0 4.0 Car -1.0 -1.0 -1.0 -1.0 -1.0 -1.0 -1.0 2.049 1.647 5.052 644.526 1.727 1613.13 -0.7108376979397999 1.0
2.0 10.0 Truck -1.0 -1.0 -1.0 -1.0 -1.0 -1.0 -1.0 1.907 2.069 4.58 729.38 1.317 1537.89 -0.8051208261331504 1.0
2.0 1.0 Car -1.0 -1.0 -1.0 -1.0 -1.0 -1.0 -1.0 2.076 2.0 4.943 841.963 1.443 1442.543 -0.700400628689275 1.0
2.0 9.0 Car -1.0 -1.0 -1.0 -1.0 -1.0 -1.0 -1.0 1.996 1.646 4.44 757.848 0.966 1471.795 1.1759503020009625 0.0
2.0 13.0 Car -1.0 -1.0 -1.0 -1.0 -1.0 -1.0 -1.0 1.93 1.828 5.1 771.362 0.907 1510.486 2.4392721762665843 1.0
2.0 8.0 Truck -1.0 -1.0 -1.0 -1.0 -1.0 -1.0 -1.0 1.941 1.657 5.141 764.875 0.752 1492.495 1.0571110212823873 1.0
3.0 2.0 Car -1.0 -1.0 -1.0 -1.0 -1.0 -1.0 -1.0 1.747 1.503 4.388 761.191 0.778 1485.85 1.0354965759230144 1.0
3.0 5.0 Car -1.0 -1.0 -1.0 -1.0 -1.0 -1.0 -1.0 2.051 1.773 5.002 801.967 1.206 1473.68 -0.6760812221596271 1.0
3.0 4.0 Car -1.0 -1.0 -1.0 -1.0 -1.0 -1.0 -1.0 2.049 1.647 5.052 647.922 1.718 1610.195 -0.7108376979397999 1.0
3.0 10.0 Truck -1.0 -1.0 -1.0 -1.0 -1.0 -1.0 -1.0 1.907 2.069 4.58 730.646 1.287 1536.52 -0.8237561462314305 1.0
3.0 1.0 Car -1.0 -1.0 -1.0 -1.0 -1.0 -1.0 -1.0 2.076 2.0 4.943 842.754 1.443 1441.87 -0.700400628689275 1.0
3.0 9.0 Car -1.0 -1.0 -1.0 -1.0 -1.0 -1.0 -1.0 1.996 1.646 4.44 758.986 0.966 1474.417 1.1584605437521356 0.0
3.0 13.0 Car -1.0 -1.0 -1.0 -1.0 -1.0 -1.0 -1.0 1.93 1.828 5.1 769.738 0.907 1511.822 2.442770090129252 1.0
3.0 8.0 Truck -1.0 -1.0 -1.0 -1.0 -1.0 -1.0 -1.0 1.941 1.657 5.141 764.878 0.752 1492.501 1.0571110212823873 1.0
4.0 2.0 Car -1.0 -1.0 -1.0 -1.0 -1.0 -1.0 -1.0 1.747 1.503 4.388 761.186 0.778 1485.853 1.0320093321162287 1.0
4.0 5.0 Car -1.0 -1.0 -1.0 -1.0 -1.0 -1.0 -1.0 2.051 1.773 5.002 803.147 1.231 1472.677 -0.6978765177526518 1.0
4.0 4.0 Car -1.0 -1.0 -1.0 -1.0 -1.0 -1.0 -1.0 2.049 1.647 5.052 651.682 1.71 1606.942 -0.7108376979397999 1.0
4.0 10.0 Truck -1.0 -1.0 -1.0 -1.0 -1.0 -1.0 -1.0 1.907 2.069 4.58 731.726 1.257 1535.333 -0.830747707331017 0.0
4.0 1.0 Car -1.0 -1.0 -1.0 -1.0 -1.0 -1.0 -1.0 2.076 2.0 4.943 843.543 1.443 1441.2 -0.700400628689275 1.0
4.0 9.0 Car -1.0 -1.0 -1.0 -1.0 -1.0 -1.0 -1.0 1.996 1.646 4.44 760.149 0.966 1477.018 1.1410241363590479 0.0
4.0 13.0 Car -1.0 -1.0 -1.0 -1.0 -1.0 -1.0 -1.0 1.93 1.828 5.1 767.806 0.907 1513.416 2.446257333936037 1.0
4.0 8.0 Truck -1.0 -1.0 -1.0 -1.0 -1.0 -1.0 -1.0 1.941 1.657 5.141 764.881 0.752 1492.507 1.0571110212823873 1.0
5.0 2.0 Car -1.0 -1.0 -1.0 -1.0 -1.0 -1.0 -1.0 1.747 1.503 4.388 761.18 0.778 1485.856 1.0285225282397574 1.0
5.0 5.0 Car -1.0 -1.0 -1.0 -1.0 -1.0 -1.0 -1.0 2.051 1.773 5.002 804.327 1.256 1471.674 -0.7196690637784608 1.0
5.0 4.0 Car -1.0 -1.0 -1.0 -1.0 -1.0 -1.0 -1.0 2.049 1.647 5.052 655.442 1.702 1603.689 -0.7108376979397999 1.0
5.0 10.0 Truck -1.0 -1.0 -1.0 -1.0 -1.0 -1.0 -1.0 1.907 2.069 4.58 732.769 1.227 1534.259 -0.8202872957016037 0.0
5.0 1.0 Car -1.0 -1.0 -1.0 -1.0 -1.0 -1.0 -1.0 2.076 2.0 4.943 844.332 1.443 1440.53 -0.700400628689275 1.0
5.0 9.0 Car -1.0 -1.0 -1.0 -1.0 -1.0 -1.0 -1.0 1.996 1.646 4.44 761.328 0.966 1479.611 1.1235899286412947 1.0
5.0 13.0 Car -1.0 -1.0 -1.0 -1.0 -1.0 -1.0 -1.0 1.93 1.828 5.1 765.874 0.907 1515.011 2.4497441378125084 1.0
5.0 8.0 Truck -1.0 -1.0 -1.0 -1.0 -1.0 -1.0 -1.0 1.941 1.657 5.141 764.885 0.752 1492.513 1.0571110212823873 1.0
6.0 2.0 Car -1.0 -1.0 -1.0 -1.0 -1.0 -1.0 -1.0 1.747 1.503 4.388 761.198 0.778 1485.867 1.0343357722557973 1.0
6.0 5.0 Car -1.0 -1.0 -1.0 -1.0 -1.0 -1.0 -1.0 2.051 1.773 5.002 805.068 1.261 1471.007 -0.7231572965498617 1.0
6.0 4.0 Car -1.0 -1.0 -1.0 -1.0 -1.0 -1.0 -1.0 2.049 1.647 5.052 659.206 1.693 1600.433 -0.7108376979397999 1.0
6.0 10.0 Truck -1.0 -1.0 -1.0 -1.0 -1.0 -1.0 -1.0 1.907 2.069 4.58 733.583 1.217 1533.457 -0.7958575376388595 0.0
6.0 1.0 Car -1.0 -1.0 -1.0 -1.0 -1.0 -1.0 -1.0 2.076 2.0 4.943 845.122 1.443 1439.859 -0.700400628689275 1.0
6.0 9.0 Car -1.0 -1.0 -1.0 -1.0 -1.0 -1.0 -1.0 1.996 1.646 4.44 762.507 0.966 1482.208 1.1061373204647893 1.0
6.0 13.0 Car -1.0 -1.0 -1.0 -1.0 -1.0 -1.0 -1.0 1.93 1.828 5.1 763.693 0.914 1516.811 2.450616253648427 1.0
6.0 8.0 Truck -1.0 -1.0 -1.0 -1.0 -1.0 -1.0 -1.0 1.941 1.657 5.141 764.831 0.762 1492.416 1.0571110212823873 1.0
7.0 2.0 Car -1.0 -1.0 -1.0 -1.0 -1.0 -1.0 -1.0 1.747 1.503 4.388 761.216 0.778 1485.879 1.0401496791765488 1.0
7.0 5.0 Car -1.0 -1.0 -1.0 -1.0 -1.0 -1.0 -1.0 2.051 1.773 5.002 805.809 1.266 1470.34 -0.7266459270967442 1.0
7.0 3.0 Car -1.0 -1.0 -1.0 -1.0 -1.0 -1.0 -1.0 2.038 1.898 4.919 638.613 1.492 1618.37 -0.754575648818347 0.0
7.0 4.0 Car -1.0 -1.0 -1.0 -1.0 -1.0 -1.0 -1.0 2.049 1.647 5.052 662.578 1.685 1597.484 -0.7050238181373804 1.0
7.0 10.0 Truck -1.0 -1.0 -1.0 -1.0 -1.0 -1.0 -1.0 1.907 2.069 4.58 734.213 1.207 1532.851 -0.7888802765450946 0.0
7.0 1.0 Car -1.0 -1.0 -1.0 -1.0 -1.0 -1.0 -1.0 2.076 2.0 4.943 845.911 1.443 1439.188 -0.700400628689275 1.0
7.0 9.0 Car -1.0 -1.0 -1.0 -1.0 -1.0 -1.0 -1.0 1.996 1.646 4.44 763.345 0.966 1483.926 1.1061608242645353 1.0
7.0 13.0 Car -1.0 -1.0 -1.0 -1.0 -1.0 -1.0 -1.0 1.93 1.828 5.1 761.621 0.922 1518.523 2.451488468934789 1.0
7.0 8.0 Truck -1.0 -1.0 -1.0 -1.0 -1.0 -1.0 -1.0 1.941 1.657 5.141 764.872 0.772 1492.488 1.0571110212823873 1.0
8.0 2.0 Car -1.0 -1.0 -1.0 -1.0 -1.0 -1.0 -1.0 1.747 1.503 4.388 761.235 0.778 1485.891 1.045975820759701 1.0
8.0 5.0 Car -1.0 -1.0 -1.0 -1.0 -1.0 -1.0 -1.0 2.051 1.773 5.002 806.552 1.271 1469.672 -0.7301418990437495 1.0
8.0 3.0 Car -1.0 -1.0 -1.0 -1.0 -1.0 -1.0 -1.0 2.038 1.898 4.919 641.98 1.492 1615.264 -0.7458393936926848 1.0
8.0 4.0 Car -1.0 -1.0 -1.0 -1.0 -1.0 -1.0 -1.0 2.049 1.647 5.052 665.956 1.677 1594.529 -0.6991977037296273 1.0
8.0 10.0 Truck -1.0 -1.0 -1.0 -1.0 -1.0 -1.0 -1.0 1.907 2.069 4.58 734.598 1.197 1532.45 -0.7818883326510844 0.0
8.0 1.0 Car -1.0 -1.0 -1.0 -1.0 -1.0 -1.0 -1.0 2.076 2.0 4.943 846.703 1.443 1438.516 -0.700400628689275 1.0
8.0 9.0 Car -1.0 -1.0 -1.0 -1.0 -1.0 -1.0 -1.0 1.996 1.646 4.44 764.203 0.966 1485.634 1.0712043358081664 1.0
8.0 13.0 Car -1.0 -1.0 -1.0 -1.0 -1.0 -1.0 -1.0 1.93 1.828 5.1 759.272 0.929 1520.461 2.4523625196924987 1.0
8.0 8.0 Truck -1.0 -1.0 -1.0 -1.0 -1.0 -1.0 -1.0 1.941 1.657 5.141 764.983 0.782 1492.684 1.0571110212823873 1.0
9.0 2.0 Car -1.0 -1.0 -1.0 -1.0 -1.0 -1.0 -1.0 1.747 1.503 4.388 761.23 0.778 1485.913 1.037254042615006 1.0
9.0 5.0 Car -1.0 -1.0 -1.0 -1.0 -1.0 -1.0 -1.0 2.051 1.773 5.002 807.293 1.276 1469.005 -0.7336301806647704 1.0
9.0 3.0 Car -1.0 -1.0 -1.0 -1.0 -1.0 -1.0 -1.0 2.038 1.898 4.919 645.34 1.492 1612.165 -0.737122356298404 1.0
9.0 4.0 Car -1.0 -1.0 -1.0 -1.0 -1.0 -1.0 -1.0 2.049 1.647 5.052 669.327 1.669 1591.581 -0.6933844054198568 1.0
9.0 10.0 Truck -1.0 -1.0 -1.0 -1.0 -1.0 -1.0 -1.0 1.907 2.069 4.58 734.763 1.187 1532.267 -0.7923650619289854 0.0
9.0 1.0 Car -1.0 -1.0 -1.0 -1.0 -1.0 -1.0 -1.0 2.076 2.0 4.943 847.493 1.443 1437.845 -0.700400628689275 1.0
9.0 9.0 Car -1.0 -1.0 -1.0 -1.0 -1.0 -1.0 -1.0 1.996 1.646 4.44 765.118 0.966 1487.306 1.0363247435041585 1.0
9.0 13.0 Car -1.0 -1.0 -1.0 -1.0 -1.0 -1.0 -1.0 1.93 1.828 5.1 756.93 0.937 1522.396 2.45323464774163 1.0
9.0 8.0 Truck -1.0 -1.0 -1.0 -1.0 -1.0 -1.0 -1.0 1.941 1.657 5.141 765.294 0.792 1493.234 1.0571110212823873 1.0
10.0 2.0 Car -1.0 -1.0 -1.0 -1.0 -1.0 -1.0 -1.0 1.747 1.503 4.388 761.225 0.778 1485.936 1.0285225282397574 1.0
10.0 5.0 Car -1.0 -1.0 -1.0 -1.0 -1.0 -1.0 -1.0 2.051 1.773 5.002 808.035 1.281 1468.337 -0.737122356298404 1.0
10.0 3.0 Car -1.0 -1.0 -1.0 -1.0 -1.0 -1.0 -1.0 2.038 1.898 4.919 648.961 1.492 1609.107 -0.7196631907692352 1.0
10.0 4.0 Car -1.0 -1.0 -1.0 -1.0 -1.0 -1.0 -1.0 2.049 1.647 5.052 673.085 1.66 1588.492 -0.6933844054198568 1.0
10.0 10.0 Truck -1.0 -1.0 -1.0 -1.0 -1.0 -1.0 -1.0 1.907 2.069 4.58 734.865 1.177 1532.197 -0.7853807106617174 0.0
10.0 1.0 Car -1.0 -1.0 -1.0 -1.0 -1.0 -1.0 -1.0 2.076 2.0 4.943 848.283 1.443 1437.174 -0.700400628689275 1.0
10.0 9.0 Car -1.0 -1.0 -1.0 -1.0 -1.0 -1.0 -1.0 1.996 1.646 4.44 766.093 0.966 1488.948 1.0014062146729117 1.0
10.0 13.0 Car -1.0 -1.0 -1.0 -1.0 -1.0 -1.0 -1.0 1.93 1.828 5.1 754.612 0.957 1524.375 2.4497420554556064 1.0
10.0 8.0 Truck -1.0 -1.0 -1.0 -1.0 -1.0 -1.0 -1.0 1.941 1.657 5.141 765.744 0.802 1494.03 1.0571110212823873 1.0
11.0 2.0 Car -1.0 -1.0 -1.0 -1.0 -1.0 -1.0 -1.0 1.747 1.503 4.388 761.444 0.778 1486.291 1.042481963363797 1.0
11.0 5.0 Car -1.0 -1.0 -1.0 -1.0 -1.0 -1.0 -1.0 2.051 1.773 5.002 808.453 1.286 1467.929 -0.7476039284861146 1.0
11.0 3.0 Car -1.0 -1.0 -1.0 -1.0 -1.0 -1.0 -1.0 2.038 1.898 4.919 652.588 1.492 1606.054 -0.7022029087868273 1.0
11.0 4.0 Car -1.0 -1.0 -1.0 -1.0 -1.0 -1.0 -1.0 2.049 1.647 5.052 676.844 1.652 1585.402 -0.6933844054198568 1.0
11.0 10.0 Truck -1.0 -1.0 -1.0 -1.0 -1.0 -1.0 -1.0 1.907 2.069 4.58 734.859 1.182 1532.203 -0.7836341824581846 0.0
11.0 1.0 Car -1.0 -1.0 -1.0 -1.0 -1.0 -1.0 -1.0 2.076 2.0 4.943 849.074 1.443 1436.502 -0.700400628689275 1.0
11.0 9.0 Car -1.0 -1.0 -1.0 -1.0 -1.0 -1.0 -1.0 1.996 1.646 4.44 767.124 0.966 1490.555 0.9664854529225398 1.0
11.0 13.0 Car -1.0 -1.0 -1.0 -1.0 -1.0 -1.0 -1.0 1.93 1.828 5.1 752.295 0.977 1526.353 2.4462492398303883 1.0
11.0 8.0 Truck -1.0 -1.0 -1.0 -1.0 -1.0 -1.0 -1.0 1.941 1.657 5.141 766.539 0.772 1495.515 1.069085811392997 1.0
12.0 2.0 Car -1.0 -1.0 -1.0 -1.0 -1.0 -1.0 -1.0 1.747 1.503 4.388 761.769 0.778 1486.9 1.0564453709223625 1.0
12.0 5.0 Car -1.0 -1.0 -1.0 -1.0 -1.0 -1.0 -1.0 2.051 1.773 5.002 808.87 1.291 1467.521 -0.7580735833702484 1.0
12.0 3.0 Car -1.0 -1.0 -1.0 -1.0 -1.0 -1.0 -1.0 2.038 1.898 4.919 656.21 1.492 1603.005 -0.6847624787385748 1.0
12.0 4.0 Car -1.0 -1.0 -1.0 -1.0 -1.0 -1.0 -1.0 2.049 1.647 5.052 680.597 1.644 1582.316 -0.6933844054198568 1.0
12.0 10.0 Truck -1.0 -1.0 -1.0 -1.0 -1.0 -1.0 -1.0 1.907 2.069 4.58 734.852 1.187 1532.209 -0.781889640016562 0.0
12.0 1.0 Car -1.0 -1.0 -1.0 -1.0 -1.0 -1.0 -1.0 2.076 2.0 4.943 849.863 1.443 1435.831 -0.700400628689275 1.0
12.0 9.0 Car -1.0 -1.0 -1.0 -1.0 -1.0 -1.0 -1.0 1.996 1.646 4.44 768.209 0.966 1492.123 0.9316043952653562 1.0
12.0 13.0 Car -1.0 -1.0 -1.0 -1.0 -1.0 -1.0 -1.0 1.93 1.828 5.1 749.98 0.997 1528.33 2.4427603954552266 1.0
12.0 8.0 Truck -1.0 -1.0 -1.0 -1.0 -1.0 -1.0 -1.0 1.941 1.657 5.141 767.494 0.792 1497.51 1.1159535714858992 1.0
13.0 2.0 Car -1.0 -1.0 -1.0 -1.0 -1.0 -1.0 -1.0 1.747 1.503 4.388 762.481 0.778 1488.069 1.052950571033206 1.0
13.0 5.0 Car -1.0 -1.0 -1.0 -1.0 -1.0 -1.0 -1.0 2.051 1.773 5.002 809.286 1.296 1467.112 -0.7685579830377178 0.0
13.0 3.0 Car -1.0 -1.0 -1.0 -1.0 -1.0 -1.0 -1.0 2.038 1.898 4.919 659.914 1.492 1600.036 -0.6803917646370516 1.0
13.0 4.0 Car -1.0 -1.0 -1.0 -1.0 -1.0 -1.0 -1.0 2.049 1.647 5.052 683.071 1.635 1580.272 -0.6875583896105391 1.0
13.0 10.0 Truck -1.0 -1.0 -1.0 -1.0 -1.0 -1.0 -1.0 1.907 2.069 4.58 734.846 1.192 1532.215 -0.7801426406744388 0.0
13.0 1.0 Car -1.0 -1.0 -1.0 -1.0 -1.0 -1.0 -1.0 2.076 2.0 4.943 850.654 1.443 1435.16 -0.700400628689275 0.0
13.0 9.0 Car -1.0 -1.0 -1.0 -1.0 -1.0 -1.0 -1.0 1.996 1.646 4.44 770.017 0.966 1494.243 0.809431347625753 1.0
13.0 13.0 Car -1.0 -1.0 -1.0 -1.0 -1.0 -1.0 -1.0 1.93 1.828 5.1 747.898 1.017 1530.098 2.445091611375388 1.0
13.0 8.0 Truck -1.0 -1.0 -1.0 -1.0 -1.0 -1.0 -1.0 1.941 1.657 5.141 768.353 0.812 1499.704 1.2064933659229635 1.0
14.0 6.0 Car -1.0 -1.0 -1.0 -1.0 -1.0 -1.0 -1.0 1.838 1.656 4.554 696.844 1.419 1562.333 -0.2262750209856599 0.0
14.0 2.0 Car -1.0 -1.0 -1.0 -1.0 -1.0 -1.0 -1.0 1.747 1.503 4.388 763.391 0.778 1489.645 1.0669151584536956 1.0
14.0 5.0 Car -1.0 -1.0 -1.0 -1.0 -1.0 -1.0 -1.0 2.051 1.773 5.002 809.702 1.301 1466.703 -0.7790240983360799 0.0
14.0 3.0 Car -1.0 -1.0 -1.0 -1.0 -1.0 -1.0 -1.0 2.038 1.898 4.919 663.61 1.492 1597.072 -0.6760286728842023 1.0
14.0 4.0 Car -1.0 -1.0 -1.0 -1.0 -1.0 -1.0 -1.0 2.049 1.647 5.052 685.54 1.627 1578.231 -0.6817425341372312 1.0
14.0 10.0 Truck -1.0 -1.0 -1.0 -1.0 -1.0 -1.0 -1.0 1.907 2.069 4.58 734.84 1.197 1532.221 -0.7783986880285325 0.0
14.0 1.0 Car -1.0 -1.0 -1.0 -1.0 -1.0 -1.0 -1.0 2.076 2.0 4.943 851.444 1.443 1434.489 -0.700400628689275 0.0
14.0 9.0 Car -1.0 -1.0 -1.0 -1.0 -1.0 -1.0 -1.0 1.996 1.646 4.44 771.221 0.976 1494.992 0.5336186574157309 1.0
14.0 13.0 Car -1.0 -1.0 -1.0 -1.0 -1.0 -1.0 -1.0 1.93 1.828 5.1 745.82 1.037 1531.863 2.447418761749242 1.0
14.0 8.0 Truck -1.0 -1.0 -1.0 -1.0 -1.0 -1.0 -1.0 1.941 1.657 5.141 768.885 0.832 1502.07 1.3609274843676502 1.0
15.0 6.0 Car -1.0 -1.0 -1.0 -1.0 -1.0 -1.0 -1.0 1.838 1.656 4.554 699.131 1.35 1561.45 -0.29608819106543316 1.0
15.0 2.0 Car -1.0 -1.0 -1.0 -1.0 -1.0 -1.0 -1.0 1.747 1.503 4.388 764.558 0.778 1491.677 1.063429113279644 1.0
15.0 5.0 Car -1.0 -1.0 -1.0 -1.0 -1.0 -1.0 -1.0 2.051 1.773 5.002 810.118 1.306 1466.294 -0.7894822338582331 0.0
15.0 3.0 Car -1.0 -1.0 -1.0 -1.0 -1.0 -1.0 -1.0 2.038 1.898 4.919 667.304 1.492 1594.11 -0.6716689077233853 1.0
15.0 4.0 Car -1.0 -1.0 -1.0 -1.0 -1.0 -1.0 -1.0 2.049 1.647 5.052 688.007 1.619 1576.192 -0.6759311128999137 1.0
15.0 10.0 Truck -1.0 -1.0 -1.0 -1.0 -1.0 -1.0 -1.0 1.907 2.069 4.58 734.833 1.202 1532.228 -0.7766560650404255 0.0
15.0 1.0 Car -1.0 -1.0 -1.0 -1.0 -1.0 -1.0 -1.0 2.076 2.0 4.943 852.233 1.443 1433.819 -0.700400628689275 0.0
15.0 9.0 Car -1.0 -1.0 -1.0 -1.0 -1.0 -1.0 -1.0 1.996 1.646 4.44 773.029 0.986 1495.571 0.25801625760291774 1.0
15.0 13.0 Car -1.0 -1.0 -1.0 -1.0 -1.0 -1.0 -1.0 1.93 1.828 5.1 743.743 1.057 1533.627 2.4497441378125084 1.0
15.0 8.0 Truck -1.0 -1.0 -1.0 -1.0 -1.0 -1.0 -1.0 1.941 1.657 5.141 768.964 0.852 1504.776 1.5283499193208565 1.0
16.0 6.0 Car -1.0 -1.0 -1.0 -1.0 -1.0 -1.0 -1.0 1.838 1.656 4.554 701.229 1.38 1560.7 -0.36379897413294593 0.0
16.0 2.0 Car -1.0 -1.0 -1.0 -1.0 -1.0 -1.0 -1.0 1.747 1.503 4.388 765.867 0.778 1494.102 1.0982829906520144 0.0
16.0 5.0 Car -1.0 -1.0 -1.0 -1.0 -1.0 -1.0 -1.0 2.051 1.773 5.002 810.534 1.311 1465.887 -0.8069355263781762 0.0
16.0 3.0 Car -1.0 -1.0 -1.0 -1.0 -1.0 -1.0 -1.0 2.038 1.898 4.919 670.998 1.492 1591.149 -0.6673091862186316 0.0
16.0 4.0 Car -1.0 -1.0 -1.0 -1.0 -1.0 -1.0 -1.0 2.049 1.647 5.052 690.439 1.594 1574.112 -0.6898815489522522 0.0
16.0 1.0 Car -1.0 -1.0 -1.0 -1.0 -1.0 -1.0 -1.0 2.076 2.0 4.943 853.021 1.443 1433.149 -0.700400628689275 0.0
16.0 9.0 Car -1.0 -1.0 -1.0 -1.0 -1.0 -1.0 -1.0 1.996 1.646 4.44 775.138 0.996 1495.628 -0.017583382493396638 0.0
16.0 13.0 Car -1.0 -1.0 -1.0 -1.0 -1.0 -1.0 -1.0 1.93 1.828 5.1 742.448 1.077 1534.762 2.4381169923107158 0.0
16.0 8.0 Truck -1.0 -1.0 -1.0 -1.0 -1.0 -1.0 -1.0 1.941 1.657 5.141 768.575 0.842 1507.65 1.706223532177795 0.0
17.0 6.0 Car -1.0 -1.0 -1.0 -1.0 -1.0 -1.0 -1.0 1.838 1.656 4.554 703.272 1.411 1559.809 -0.43158501762071033 0.0
17.0 2.0 Car -1.0 -1.0 -1.0 -1.0 -1.0 -1.0 -1.0 1.747 1.503 4.388 767.093 0.778 1496.573 1.1331756080498219 0.0
17.0 5.0 Car -1.0 -1.0 -1.0 -1.0 -1.0 -1.0 -1.0 2.051 1.773 5.002 810.95 1.316 1465.478 -0.8069355263781762 0.0
17.0 3.0 Car -1.0 -1.0 -1.0 -1.0 -1.0 -1.0 -1.0 2.038 1.898 4.919 674.245 1.492 1588.568 -0.6673091862186316 0.0
17.0 4.0 Car -1.0 -1.0 -1.0 -1.0 -1.0 -1.0 -1.0 2.049 1.647 5.052 692.855 1.569 1572.01 -0.7038474908905434 0.0
17.0 1.0 Car -1.0 -1.0 -1.0 -1.0 -1.0 -1.0 -1.0 2.076 2.0 4.943 853.811 1.443 1432.478 -0.700400628689275 0.0
17.0 9.0 Car -1.0 -1.0 -1.0 -1.0 -1.0 -1.0 -1.0 1.996 1.646 4.44 777.665 1.006 1494.99 -0.2934893511210783 0.0
17.0 13.0 Car -1.0 -1.0 -1.0 -1.0 -1.0 -1.0 -1.0 1.93 1.828 5.1 741.152 1.097 1535.897 2.4264769232564674 0.0
17.0 8.0 Truck -1.0 -1.0 -1.0 -1.0 -1.0 -1.0 -1.0 1.941 1.657 5.141 767.682 0.832 1510.413 1.8842948512529871 0.0
18.0 6.0 Car -1.0 -1.0 -1.0 -1.0 -1.0 -1.0 -1.0 1.838 1.656 4.554 705.495 1.381 1558.479 -0.47090491504826465 0.0
18.0 2.0 Car -1.0 -1.0 -1.0 -1.0 -1.0 -1.0 -1.0 1.747 1.503 4.388 768.029 0.778 1499.321 1.2757279530355834 0.0
18.0 5.0 Car -1.0 -1.0 -1.0 -1.0 -1.0 -1.0 -1.0 2.051 1.773 5.002 811.563 1.321 1464.847 -0.8047813601676452 0.0
18.0 3.0 Car -1.0 -1.0 -1.0 -1.0 -1.0 -1.0 -1.0 2.038 1.898 4.919 677.491 1.492 1585.988 -0.6673091862186316 0.0
18.0 4.0 Car -1.0 -1.0 -1.0 -1.0 -1.0 -1.0 -1.0 2.049 1.647 5.052 695.257 1.544 1569.891 -0.7178125946728372 0.0
18.0 1.0 Car -1.0 -1.0 -1.0 -1.0 -1.0 -1.0 -1.0 2.076 2.0 4.943 854.601 1.443 1431.807 -0.700400628689275 0.0
18.0 9.0 Car -1.0 -1.0 -1.0 -1.0 -1.0 -1.0 -1.0 1.996 1.646 4.44 780.013 1.016 1493.554 -0.5693787614497672 0.0
18.0 13.0 Car -1.0 -1.0 -1.0 -1.0 -1.0 -1.0 -1.0 1.93 1.828 5.1 739.856 1.117 1537.033 2.414837552772622 0.0
18.0 8.0 Truck -1.0 -1.0 -1.0 -1.0 -1.0 -1.0 -1.0 1.941 1.657 5.141 766.232 0.822 1513.126 2.033258427632754 0.0
19.0 6.0 Car -1.0 -1.0 -1.0 -1.0 -1.0 -1.0 -1.0 1.838 1.656 4.554 707.663 1.351 1557.062 -0.510227015046441 0.0
19.0 2.0 Car -1.0 -1.0 -1.0 -1.0 -1.0 -1.0 -1.0 1.747 1.503 4.388 768.566 0.778 1502.175 1.4182882833322867 0.0
19.0 5.0 Car -1.0 -1.0 -1.0 -1.0 -1.0 -1.0 -1.0 2.051 1.773 5.002 812.177 1.326 1464.216 -0.8026270732878471 0.0
19.0 3.0 Car -1.0 -1.0 -1.0 -1.0 -1.0 -1.0 -1.0 2.038 1.898 4.919 680.688 1.492 1583.361 -0.7196690637784608 0.0
19.0 4.0 Car -1.0 -1.0 -1.0 -1.0 -1.0 -1.0 -1.0 2.049 1.647 5.052 697.652 1.519 1567.765 -0.7317784807340613 0.0
19.0 0.0 Car -1.0 -1.0 -1.0 -1.0 -1.0 -1.0 -1.0 1.851 1.418 4.804 760.571 0.782 1485.583 1.0619106767765738 0.0
19.0 1.0 Car -1.0 -1.0 -1.0 -1.0 -1.0 -1.0 -1.0 2.076 2.0 4.943 855.391 1.443 1431.136 -0.700400628689275 0.0
19.0 9.0 Car -1.0 -1.0 -1.0 -1.0 -1.0 -1.0 -1.0 1.996 1.646 4.44 782.614 1.026 1491.817 -0.6035966072599521 0.0
19.0 13.0 Car -1.0 -1.0 -1.0 -1.0 -1.0 -1.0 -1.0 1.93 1.828 5.1 738.188 1.127 1538.569 2.406110880326296 0.0
19.0 8.0 Truck -1.0 -1.0 -1.0 -1.0 -1.0 -1.0 -1.0 1.941 1.657 5.141 764.395 0.812 1515.593 2.182230348459443 0.0
20.0 6.0 Car -1.0 -1.0 -1.0 -1.0 -1.0 -1.0 -1.0 1.838 1.656 4.554 709.774 1.321 1555.561 -0.5495488790549076 0.0
20.0 2.0 Car -1.0 -1.0 -1.0 -1.0 -1.0 -1.0 -1.0 1.747 1.503 4.388 768.609 0.778 1505.082 1.5695745963580001 0.0
20.0 5.0 Car -1.0 -1.0 -1.0 -1.0 -1.0 -1.0 -1.0 2.051 1.773 5.002 812.79 1.331 1463.584 -0.800472799336899 0.0
20.0 3.0 Car -1.0 -1.0 -1.0 -1.0 -1.0 -1.0 -1.0 2.038 1.898 4.919 683.887 1.492 1580.574 -0.7196690637784608 0.0
20.0 4.0 Car -1.0 -1.0 -1.0 -1.0 -1.0 -1.0 -1.0 2.049 1.647 5.052 700.048 1.494 1565.639 -0.745744282979686 0.0
20.0 0.0 Car -1.0 -1.0 -1.0 -1.0 -1.0 -1.0 -1.0 1.851 1.418 4.804 761.61 0.743 1487.44 1.0444573842566303 0.0
20.0 11.0 Car -1.0 -1.0 -1.0 -1.0 -1.0 -1.0 -1.0 1.833 1.7 4.629 758.525 0.99 1475.393 1.2302302300679981 0.0
20.0 1.0 Car -1.0 -1.0 -1.0 -1.0 -1.0 -1.0 -1.0 2.076 2.0 4.943 856.18 1.443 1430.466 -0.700400628689275 0.0
20.0 9.0 Car -1.0 -1.0 -1.0 -1.0 -1.0 -1.0 -1.0 1.996 1.646 4.44 785.155 1.036 1489.993 -0.6378142477133659 0.0
20.0 13.0 Car -1.0 -1.0 -1.0 -1.0 -1.0 -1.0 -1.0 1.93 1.828 5.1 736.519 1.137 1540.106 2.3973842602526787 0.0
20.0 8.0 Truck -1.0 -1.0 -1.0 -1.0 -1.0 -1.0 -1.0 1.941 1.657 5.141 762.213 0.802 1517.761 2.331201375238248 0.0
21.0 6.0 Car -1.0 -1.0 -1.0 -1.0 -1.0 -1.0 -1.0 1.838 1.656 4.554 711.825 1.291 1553.978 -0.5888748335516727 0.0
21.0 2.0 Car -1.0 -1.0 -1.0 -1.0 -1.0 -1.0 -1.0 1.747 1.503 4.388 768.081 0.772 1508.309 1.757879158897276 0.0
21.0 5.0 Car -1.0 -1.0 -1.0 -1.0 -1.0 -1.0 -1.0 2.051 1.773 5.002 813.404 1.336 1462.953 -0.7983183012858834 0.0
21.0 3.0 Car -1.0 -1.0 -1.0 -1.0 -1.0 -1.0 -1.0 2.038 1.898 4.919 687.087 1.492 1577.787 -0.7196690637784608 0.0
21.0 4.0 Car -1.0 -1.0 -1.0 -1.0 -1.0 -1.0 -1.0 2.049 1.647 5.052 702.392 1.469 1563.451 -0.7513737554670921 0.0
21.0 0.0 Car -1.0 -1.0 -1.0 -1.0 -1.0 -1.0 -1.0 1.851 1.418 4.804 762.648 0.705 1489.298 1.0500868567440365 0.0
21.0 11.0 Car -1.0 -1.0 -1.0 -1.0 -1.0 -1.0 -1.0 1.833 1.7 4.629 760.644 0.957 1480.524 1.1420127905358455 0.0
21.0 12.0 Car -1.0 -1.0 -1.0 -1.0 -1.0 -1.0 -1.0 1.862 1.493 4.958 757.134 0.855 1479.617 1.0472150039323276 0.0
21.0 1.0 Car -1.0 -1.0 -1.0 -1.0 -1.0 -1.0 -1.0 2.076 2.0 4.943 856.97 1.443 1429.795 -0.700400628689275 0.0
21.0 9.0 Car -1.0 -1.0 -1.0 -1.0 -1.0 -1.0 -1.0 1.996 1.646 4.44 788.229 1.046 1487.623 -0.6720354476841472 0.0
21.0 13.0 Car -1.0 -1.0 -1.0 -1.0 -1.0 -1.0 -1.0 1.93 1.828 5.1 734.487 1.147 1541.927 2.4030137327400847 0.0
21.0 8.0 Truck -1.0 -1.0 -1.0 -1.0 -1.0 -1.0 -1.0 1.941 1.657 5.141 759.663 0.821 1520.25 2.4035247580813017 0.0
22.0 6.0 Car -1.0 -1.0 -1.0 -1.0 -1.0 -1.0 -1.0 1.838 1.656 4.554 713.811 1.261 1552.316 -0.6281922924188956 1.0
22.0 2.0 Car -1.0 -1.0 -1.0 -1.0 -1.0 -1.0 -1.0 1.747 1.503 4.388 767.046 0.767 1511.389 1.9461468122473042 1.0
22.0 5.0 Car -1.0 -1.0 -1.0 -1.0 -1.0 -1.0 -1.0 2.051 1.773 5.002 814.017 1.341 1462.321 -0.7961642686734698 0.0
22.0 3.0 Car -1.0 -1.0 -1.0 -1.0 -1.0 -1.0 -1.0 2.038 1.898 4.919 689.116 1.492 1575.975 -0.7196690637784608 0.0
22.0 4.0 Car -1.0 -1.0 -1.0 -1.0 -1.0 -1.0 -1.0 2.049 1.647 5.052 704.736 1.444 1561.264 -0.7570020118133164 1.0
22.0 0.0 Car -1.0 -1.0 -1.0 -1.0 -1.0 -1.0 -1.0 1.851 1.418 4.804 763.687 0.666 1491.156 1.055715113090261 1.0
22.0 11.0 Car -1.0 -1.0 -1.0 -1.0 -1.0 -1.0 -1.0 1.833 1.7 4.629 762.313 0.923 1483.642 1.0363648866491282 1.0
22.0 12.0 Car -1.0 -1.0 -1.0 -1.0 -1.0 -1.0 -1.0 1.862 1.493 4.958 758.407 0.805 1481.822 1.0472150039323276 1.0
22.0 1.0 Car -1.0 -1.0 -1.0 -1.0 -1.0 -1.0 -1.0 2.076 2.0 4.943 857.76 1.443 1429.124 -0.700400628689275 0.0
22.0 9.0 Car -1.0 -1.0 -1.0 -1.0 -1.0 -1.0 -1.0 1.996 1.646 4.44 791.22 1.056 1485.15 -0.7062492548111656 1.0
22.0 13.0 Car -1.0 -1.0 -1.0 -1.0 -1.0 -1.0 -1.0 1.93 1.828 5.1 732.455 1.157 1543.747 2.408641989086309 1.0
22.0 8.0 Truck -1.0 -1.0 -1.0 -1.0 -1.0 -1.0 -1.0 1.941 1.657 5.141 757.048 0.841 1522.59 2.4243175898188505 1.0
23.0 6.0 Car -1.0 -1.0 -1.0 -1.0 -1.0 -1.0 -1.0 1.838 1.656 4.554 715.92 1.227 1550.398 -0.6714728051409677 1.0
23.0 2.0 Car -1.0 -1.0 -1.0 -1.0 -1.0 -1.0 -1.0 1.747 1.503 4.388 765.131 0.761 1514.629 2.1341786263578095 1.0
23.0 5.0 Car -1.0 -1.0 -1.0 -1.0 -1.0 -1.0 -1.0 2.051 1.773 5.002 814.693 1.347 1461.626 -0.7937931175723736 0.0
23.0 3.0 Car -1.0 -1.0 -1.0 -1.0 -1.0 -1.0 -1.0 2.038 1.898 4.919 691.349 1.492 1573.98 -0.7196690637784608 0.0
23.0 4.0 Car -1.0 -1.0 -1.0 -1.0 -1.0 -1.0 -1.0 2.049 1.647 5.052 707.316 1.416 1558.856 -0.7631975754996292 1.0
23.0 0.0 Car -1.0 -1.0 -1.0 -1.0 -1.0 -1.0 -1.0 1.851 1.418 4.804 764.83 0.624 1493.2 1.0619106767765738 1.0
23.0 11.0 Car -1.0 -1.0 -1.0 -1.0 -1.0 -1.0 -1.0 1.833 1.7 4.629 764.518 0.887 1486.849 0.9200680663568794 1.0
23.0 12.0 Car -1.0 -1.0 -1.0 -1.0 -1.0 -1.0 -1.0 1.862 1.493 4.958 759.836 0.778 1484.296 1.0472150039323276 1.0
23.0 1.0 Car -1.0 -1.0 -1.0 -1.0 -1.0 -1.0 -1.0 2.076 2.0 4.943 859.751 1.443 1427.43 -0.7095407308424475 0.0
23.0 9.0 Car -1.0 -1.0 -1.0 -1.0 -1.0 -1.0 -1.0 1.996 1.646 4.44 794.412 1.067 1482.311 -0.7439116866491982 1.0
23.0 13.0 Car -1.0 -1.0 -1.0 -1.0 -1.0 -1.0 -1.0 1.93 1.828 5.1 730.218 1.169 1545.752 2.414837552772622 1.0
23.0 8.0 Truck -1.0 -1.0 -1.0 -1.0 -1.0 -1.0 -1.0 1.941 1.657 5.141 754.002 0.862 1525.311 2.447206261784757 1.0
24.0 6.0 Car -1.0 -1.0 -1.0 -1.0 -1.0 -1.0 -1.0 1.838 1.656 4.554 717.765 1.197 1548.576 -0.7108376979397999 1.0
24.0 2.0 Car -1.0 -1.0 -1.0 -1.0 -1.0 -1.0 -1.0 1.747 1.503 4.388 762.773 0.769 1517.467 2.2533680762794868 1.0
24.0 5.0 Car -1.0 -1.0 -1.0 -1.0 -1.0 -1.0 -1.0 2.051 1.773 5.002 815.307 1.352 1460.994 -0.791636486261098 0.0
24.0 3.0 Car -1.0 -1.0 -1.0 -1.0 -1.0 -1.0 -1.0 2.038 1.898 4.919 693.38 1.492 1572.166 -0.7196690637784608 0.0
24.0 4.0 Car -1.0 -1.0 -1.0 -1.0 -1.0 -1.0 -1.0 2.049 1.647 5.052 708.821 1.391 1557.404 -0.7631975754996292 1.0
24.0 0.0 Car -1.0 -1.0 -1.0 -1.0 -1.0 -1.0 -1.0 1.851 1.418 4.804 765.903 0.654 1495.268 1.0867513845474874 1.0
24.0 11.0 Car -1.0 -1.0 -1.0 -1.0 -1.0 -1.0 -1.0 1.833 1.7 4.629 766.836 0.853 1489.526 0.8142927052134625 1.0
24.0 12.0 Car -1.0 -1.0 -1.0 -1.0 -1.0 -1.0 -1.0 1.862 1.493 4.958 761.135 0.755 1486.547 1.0472150039323276 1.0
24.0 1.0 Car -1.0 -1.0 -1.0 -1.0 -1.0 -1.0 -1.0 2.076 2.0 4.943 861.563 1.443 1425.89 -0.7178539212092181 0.0
24.0 9.0 Car -1.0 -1.0 -1.0 -1.0 -1.0 -1.0 -1.0 1.996 1.646 4.44 797.148 1.077 1479.946 -0.7271227414760374 1.0
24.0 13.0 Car -1.0 -1.0 -1.0 -1.0 -1.0 -1.0 -1.0 1.93 1.828 5.1 727.652 1.176 1547.976 2.419203200826135 1.0
24.0 8.0 Truck -1.0 -1.0 -1.0 -1.0 -1.0 -1.0 -1.0 1.941 1.657 5.141 751.069 0.881 1527.781 2.44156058229051 1.0
25.0 6.0 Car -1.0 -1.0 -1.0 -1.0 -1.0 -1.0 -1.0 1.838 1.656 4.554 718.5 1.187 1547.946 -0.7141924963400119 1.0
25.0 2.0 Car -1.0 -1.0 -1.0 -1.0 -1.0 -1.0 -1.0 1.747 1.503 4.388 760.098 0.778 1520.002 2.372426052275391 1.0
25.0 3.0 Car -1.0 -1.0 -1.0 -1.0 -1.0 -1.0 -1.0 2.038 1.898 4.919 695.396 1.492 1570.338 -0.7283907984346274 0.0
25.0 4.0 Car -1.0 -1.0 -1.0 -1.0 -1.0 -1.0 -1.0 2.049 1.647 5.052 710.325 1.366 1555.952 -0.7631975754996292 1.0
25.0 0.0 Car -1.0 -1.0 -1.0 -1.0 -1.0 -1.0 -1.0 1.851 1.418 4.804 766.944 0.684 1497.274 1.1115646913582347 1.0
25.0 11.0 Car -1.0 -1.0 -1.0 -1.0 -1.0 -1.0 -1.0 1.833 1.7 4.629 768.828 0.849 1491.464 0.7493334769719922 1.0
25.0 12.0 Car -1.0 -1.0 -1.0 -1.0 -1.0 -1.0 -1.0 1.862 1.493 4.958 762.454 0.755 1488.909 1.055267261277222 1.0
25.0 9.0 Car -1.0 -1.0 -1.0 -1.0 -1.0 -1.0 -1.0 1.996 1.646 4.44 799.91 1.087 1477.619 -0.7103523156309963 1.0
25.0 13.0 Car -1.0 -1.0 -1.0 -1.0 -1.0 -1.0 -1.0 1.93 1.828 5.1 725.088 1.184 1550.198 2.4235640332781956 1.0
25.0 8.0 Truck -1.0 -1.0 -1.0 -1.0 -1.0 -1.0 -1.0 1.941 1.657 5.141 748.139 0.901 1530.248 2.435921130357908 1.0
25.0 7.0 Truck -1.0 -1.0 -1.0 -1.0 -1.0 -1.0 -1.0 2.588 2.968 7.052 756.164 1.646 1478.293 1.045975820759701 0.0
26.0 6.0 Car -1.0 -1.0 -1.0 -1.0 -1.0 -1.0 -1.0 1.838 1.656 4.554 719.237 1.177 1547.317 -0.71755107321807 1.0
26.0 2.0 Car -1.0 -1.0 -1.0 -1.0 -1.0 -1.0 -1.0 1.747 1.503 4.388 757.292 0.731 1522.544 2.4283182145508007 1.0
26.0 3.0 Car -1.0 -1.0 -1.0 -1.0 -1.0 -1.0 -1.0 2.038 1.898 4.919 697.413 1.492 1568.507 -0.737122356298404 0.0
26.0 4.0 Car -1.0 -1.0 -1.0 -1.0 -1.0 -1.0 -1.0 2.049 1.647 5.052 711.83 1.341 1554.5 -0.7631975754996292 1.0
26.0 0.0 Car -1.0 -1.0 -1.0 -1.0 -1.0 -1.0 -1.0 1.851 1.418 4.804 767.763 0.714 1499.352 1.2062578494533431 1.0
26.0 11.0 Car -1.0 -1.0 -1.0 -1.0 -1.0 -1.0 -1.0 1.833 1.7 4.629 770.897 0.844 1493.229 0.6843010857634763 1.0
26.0 12.0 Car -1.0 -1.0 -1.0 -1.0 -1.0 -1.0 -1.0 1.862 1.493 4.958 763.674 0.755 1491.095 1.0633285878037357 1.0
26.0 9.0 Car -1.0 -1.0 -1.0 -1.0 -1.0 -1.0 -1.0 1.996 1.646 4.44 802.703 1.097 1475.323 -0.6935630014132536 0.0
26.0 13.0 Car -1.0 -1.0 -1.0 -1.0 -1.0 -1.0 -1.0 1.93 1.828 5.1 722.521 1.191 1552.423 2.427929777294781 0.0
26.0 8.0 Truck -1.0 -1.0 -1.0 -1.0 -1.0 -1.0 -1.0 1.941 1.657 5.141 745.2 0.939 1532.734 2.435921130357908 1.0
26.0 7.0 Truck -1.0 -1.0 -1.0 -1.0 -1.0 -1.0 -1.0 2.588 2.968 7.052 757.352 1.623 1480.382 1.0372444985697427 0.0
27.0 6.0 Car -1.0 -1.0 -1.0 -1.0 -1.0 -1.0 -1.0 1.838 1.656 4.554 719.972 1.166 1546.688 -0.7209060528241471 1.0
27.0 2.0 Car -1.0 -1.0 -1.0 -1.0 -1.0 -1.0 -1.0 1.747 1.503 4.388 754.29 0.707 1525.145 2.433423645163551 1.0
27.0 3.0 Car -1.0 -1.0 -1.0 -1.0 -1.0 -1.0 -1.0 2.038 1.898 4.919 699.465 1.492 1566.724 -0.7291935215013856 0.0
27.0 4.0 Car -1.0 -1.0 -1.0 -1.0 -1.0 -1.0 -1.0 2.049 1.647 5.052 713.334 1.316 1553.049 -0.7631975754996292 1.0
27.0 0.0 Car -1.0 -1.0 -1.0 -1.0 -1.0 -1.0 -1.0 1.851 1.418 4.804 768.382 0.744 1501.496 1.300849584518164 1.0
27.0 11.0 Car -1.0 -1.0 -1.0 -1.0 -1.0 -1.0 -1.0 1.833 1.7 4.629 773.12 0.84 1494.858 0.46228535919049274 1.0
27.0 12.0 Car -1.0 -1.0 -1.0 -1.0 -1.0 -1.0 -1.0 1.862 1.493 4.958 764.854 0.755 1493.169 1.062650193314177 1.0
27.0 9.0 Car -1.0 -1.0 -1.0 -1.0 -1.0 -1.0 -1.0 1.996 1.646 4.44 805.507 1.107 1473.047 -0.6767916697315114 0.0
27.0 13.0 Car -1.0 -1.0 -1.0 -1.0 -1.0 -1.0 -1.0 1.93 1.828 5.1 719.957 1.199 1554.645 2.432290845292565 0.0
27.0 8.0 Truck -1.0 -1.0 -1.0 -1.0 -1.0 -1.0 -1.0 1.941 1.657 5.141 742.265 0.977 1535.217 2.435921130357908 1.0
27.0 7.0 Truck -1.0 -1.0 -1.0 -1.0 -1.0 -1.0 -1.0 2.588 2.968 7.052 758.539 1.599 1482.469 1.0285225282397574 1.0
28.0 6.0 Car -1.0 -1.0 -1.0 -1.0 -1.0 -1.0 -1.0 1.838 1.656 4.554 720.856 1.154 1545.932 -0.7249361987708594 0.0
28.0 2.0 Car -1.0 -1.0 -1.0 -1.0 -1.0 -1.0 -1.0 1.747 1.503 4.388 750.633 0.789 1528.313 2.439556508222667 0.0
28.0 4.0 Car -1.0 -1.0 -1.0 -1.0 -1.0 -1.0 -1.0 2.049 1.647 5.052 714.26 1.316 1552.211 -0.7250987751701641 0.0
28.0 0.0 Car -1.0 -1.0 -1.0 -1.0 -1.0 -1.0 -1.0 1.851 1.418 4.804 768.733 0.781 1504.195 1.4633364047352697 0.0
28.0 11.0 Car -1.0 -1.0 -1.0 -1.0 -1.0 -1.0 -1.0 1.833 1.7 4.629 776.167 0.883 1495.114 0.07863829161940884 0.0
28.0 12.0 Car -1.0 -1.0 -1.0 -1.0 -1.0 -1.0 -1.0 1.862 1.493 4.958 766.042 0.755 1495.446 1.0923256231301046 0.0
28.0 9.0 Car -1.0 -1.0 -1.0 -1.0 -1.0 -1.0 -1.0 1.996 1.646 4.44 808.876 1.119 1470.314 -0.6566452240494828 0.0
28.0 13.0 Car -1.0 -1.0 -1.0 -1.0 -1.0 -1.0 -1.0 1.93 1.828 5.1 716.447 1.308 1557.729 2.414837552772622 0.0
28.0 8.0 Truck -1.0 -1.0 -1.0 -1.0 -1.0 -1.0 -1.0 1.941 1.657 5.141 738.634 1.023 1538.289 2.435921130357908 0.0
28.0 7.0 Truck -1.0 -1.0 -1.0 -1.0 -1.0 -1.0 -1.0 2.588 2.968 7.052 759.974 1.568 1484.838 1.0475719284044902 0.0
29.0 6.0 Car -1.0 -1.0 -1.0 -1.0 -1.0 -1.0 -1.0 1.838 1.656 4.554 721.592 1.143 1545.303 -0.728290990459743 0.0
29.0 2.0 Car -1.0 -1.0 -1.0 -1.0 -1.0 -1.0 -1.0 1.747 1.503 4.388 747.633 0.833 1530.97 2.4321755380194503 0.0
29.0 4.0 Car -1.0 -1.0 -1.0 -1.0 -1.0 -1.0 -1.0 2.049 1.647 5.052 715.054 1.316 1551.542 -0.6933844054198568 0.0
29.0 0.0 Car -1.0 -1.0 -1.0 -1.0 -1.0 -1.0 -1.0 1.851 1.418 4.804 768.652 0.734 1506.501 1.6378693299347025 0.0
29.0 11.0 Car -1.0 -1.0 -1.0 -1.0 -1.0 -1.0 -1.0 1.833 1.7 4.629 778.552 0.918 1494.314 -0.2697759677393008 0.0
29.0 12.0 Car -1.0 -1.0 -1.0 -1.0 -1.0 -1.0 -1.0 1.862 1.493 4.958 766.979 0.755 1497.368 1.1170281740121009 0.0
29.0 9.0 Car -1.0 -1.0 -1.0 -1.0 -1.0 -1.0 -1.0 1.996 1.646 4.44 811.358 1.149 1468.417 -0.6566452240494828 0.0
29.0 13.0 Car -1.0 -1.0 -1.0 -1.0 -1.0 -1.0 -1.0 1.93 1.828 5.1 713.369 1.398 1560.437 2.414837552772622 0.0
29.0 8.0 Truck -1.0 -1.0 -1.0 -1.0 -1.0 -1.0 -1.0 1.941 1.657 5.141 735.612 1.061 1540.847 2.435921130357908 0.0
29.0 7.0 Truck -1.0 -1.0 -1.0 -1.0 -1.0 -1.0 -1.0 2.588 2.968 7.052 761.169 1.542 1486.81 1.063429113279644 0.0
30.0 6.0 Car -1.0 -1.0 -1.0 -1.0 -1.0 -1.0 -1.0 1.838 1.656 4.554 721.963 1.133 1544.968 -0.728290990459743 0.0
30.0 2.0 Car -1.0 -1.0 -1.0 -1.0 -1.0 -1.0 -1.0 1.747 1.503 4.388 744.63 0.878 1533.63 2.4247859298352212 0.0
30.0 4.0 Car -1.0 -1.0 -1.0 -1.0 -1.0 -1.0 -1.0 2.049 1.647 5.052 715.607 1.316 1551.081 -0.6890196803065521 0.0
30.0 0.0 Car -1.0 -1.0 -1.0 -1.0 -1.0 -1.0 -1.0 1.851 1.418 4.804 768.117 0.737 1508.911 1.7914178651539832 0.0
30.0 11.0 Car -1.0 -1.0 -1.0 -1.0 -1.0 -1.0 -1.0 1.833 1.7 4.629 781.563 0.954 1492.909 -0.47098233675850265 0.0
30.0 12.0 Car -1.0 -1.0 -1.0 -1.0 -1.0 -1.0 -1.0 1.862 1.493 4.958 767.714 0.769 1499.359 1.2007511787354992 0.0
30.0 9.0 Car -1.0 -1.0 -1.0 -1.0 -1.0 -1.0 -1.0 1.996 1.646 4.44 813.842 1.179 1466.519 -0.6566452240494828 0.0
30.0 13.0 Car -1.0 -1.0 -1.0 -1.0 -1.0 -1.0 -1.0 1.93 1.828 5.1 710.286 1.489 1563.148 2.414837552772622 0.0
30.0 8.0 Truck -1.0 -1.0 -1.0 -1.0 -1.0 -1.0 -1.0 1.941 1.657 5.141 732.586 1.099 1543.407 2.435921130357908 0.0
30.0 7.0 Truck -1.0 -1.0 -1.0 -1.0 -1.0 -1.0 -1.0 2.588 2.968 7.052 762.349 1.494 1488.877 1.0568917270323013 0.0
31.0 6.0 Car -1.0 -1.0 -1.0 -1.0 -1.0 -1.0 -1.0 1.838 1.656 4.554 722.335 1.122 1544.634 -0.728290990459743 0.0
31.0 2.0 Car -1.0 -1.0 -1.0 -1.0 -1.0 -1.0 -1.0 1.747 1.503 4.388 741.725 0.897 1536.114 2.4422392223551643 0.0
31.0 4.0 Car -1.0 -1.0 -1.0 -1.0 -1.0 -1.0 -1.0 2.049 1.647 5.052 716.159 1.316 1550.621 -0.6846551732310885 0.0
31.0 0.0 Car -1.0 -1.0 -1.0 -1.0 -1.0 -1.0 -1.0 1.851 1.418 4.804 767.22 0.74 1511.212 1.9449587299266096 0.0
31.0 11.0 Car -1.0 -1.0 -1.0 -1.0 -1.0 -1.0 -1.0 1.833 1.7 4.629 784.231 0.99 1490.931 -0.6721786546058205 0.0
31.0 12.0 Car -1.0 -1.0 -1.0 -1.0 -1.0 -1.0 -1.0 1.862 1.493 4.958 768.28 0.782 1501.406 1.2844700011145944 0.0
31.0 9.0 Car -1.0 -1.0 -1.0 -1.0 -1.0 -1.0 -1.0 1.996 1.646 4.44 816.327 1.209 1464.62 -0.6566452240494828 0.0
31.0 13.0 Car -1.0 -1.0 -1.0 -1.0 -1.0 -1.0 -1.0 1.93 1.828 5.1 707.732 1.58 1565.343 2.414837552772622 0.0
31.0 8.0 Truck -1.0 -1.0 -1.0 -1.0 -1.0 -1.0 -1.0 1.941 1.657 5.141 729.51 1.146 1546.033 2.432281635321497 0.0
31.0 7.0 Truck -1.0 -1.0 -1.0 -1.0 -1.0 -1.0 -1.0 2.588 2.968 7.052 763.528 1.445 1490.944 1.0503546673570898 0.0
32.0 6.0 Car -1.0 -1.0 -1.0 -1.0 -1.0 -1.0 -1.0 1.838 1.656 4.554 722.707 1.112 1544.299 -0.728290990459743 0.0
32.0 2.0 Car -1.0 -1.0 -1.0 -1.0 -1.0 -1.0 -1.0 1.747 1.503 4.388 738.8 0.916 1538.575 2.4422392223551643 0.0
32.0 4.0 Car -1.0 -1.0 -1.0 -1.0 -1.0 -1.0 -1.0 2.049 1.647 5.052 716.712 1.316 1550.161 -0.6802908580289252 0.0
32.0 0.0 Car -1.0 -1.0 -1.0 -1.0 -1.0 -1.0 -1.0 1.851 1.418 4.804 765.982 0.744 1513.347 2.09849284470618 0.0
32.0 11.0 Car -1.0 -1.0 -1.0 -1.0 -1.0 -1.0 -1.0 1.833 1.7 4.629 787.716 1.032 1488.159 -0.6627531591006611 0.0
32.0 12.0 Car -1.0 -1.0 -1.0 -1.0 -1.0 -1.0 -1.0 1.862 1.493 4.958 768.591 0.796 1503.68 1.4305368534335843 0.0
32.0 9.0 Car -1.0 -1.0 -1.0 -1.0 -1.0 -1.0 -1.0 1.996 1.646 4.44 818.811 1.239 1462.722 -0.6566452240494828 0.0
32.0 13.0 Car -1.0 -1.0 -1.0 -1.0 -1.0 -1.0 -1.0 1.93 1.828 5.1 705.124 1.671 1567.585 2.414837552772622 0.0
32.0 8.0 Truck -1.0 -1.0 -1.0 -1.0 -1.0 -1.0 -1.0 1.941 1.657 5.141 726.434 1.192 1548.659 2.4286423002852673 0.0
32.0 7.0 Truck -1.0 -1.0 -1.0 -1.0 -1.0 -1.0 -1.0 2.588 2.968 7.052 764.613 1.546 1492.932 1.047566465587842 0.0
33.0 6.0 Car -1.0 -1.0 -1.0 -1.0 -1.0 -1.0 -1.0 1.838 1.656 4.554 723.078 1.102 1543.965 -0.728290990459743 0.0
33.0 2.0 Car -1.0 -1.0 -1.0 -1.0 -1.0 -1.0 -1.0 1.747 1.503 4.388 735.878 0.935 1541.033 2.4422392223551643 0.0
33.0 4.0 Car -1.0 -1.0 -1.0 -1.0 -1.0 -1.0 -1.0 2.049 1.647 5.052 717.264 1.316 1549.701 -0.6759311128999137 0.0
33.0 0.0 Car -1.0 -1.0 -1.0 -1.0 -1.0 -1.0 -1.0 1.851 1.418 4.804 764.412 0.747 1515.475 2.220836417705101 0.0
33.0 11.0 Car -1.0 -1.0 -1.0 -1.0 -1.0 -1.0 -1.0 1.833 1.7 4.629 791.479 1.038 1485.039 -0.6911604295877597 0.0
33.0 12.0 Car -1.0 -1.0 -1.0 -1.0 -1.0 -1.0 -1.0 1.862 1.493 4.958 768.571 0.81 1506.026 1.576450752501197 0.0
33.0 9.0 Car -1.0 -1.0 -1.0 -1.0 -1.0 -1.0 -1.0 1.996 1.646 4.44 821.292 1.269 1460.825 -0.6566452240494828 0.0
33.0 13.0 Car -1.0 -1.0 -1.0 -1.0 -1.0 -1.0 -1.0 1.93 1.828 5.1 702.543 1.762 1569.851 2.432290845292565 0.0
33.0 8.0 Truck -1.0 -1.0 -1.0 -1.0 -1.0 -1.0 -1.0 1.941 1.657 5.141 723.522 1.239 1551.143 2.42500677616245 0.0
33.0 7.0 Truck -1.0 -1.0 -1.0 -1.0 -1.0 -1.0 -1.0 2.588 2.968 7.052 765.697 1.498 1494.917 1.0796694923742651 0.0
34.0 6.0 Car -1.0 -1.0 -1.0 -1.0 -1.0 -1.0 -1.0 1.838 1.656 4.554 723.374 1.093 1543.698 -0.728290990459743 0.0
34.0 2.0 Car -1.0 -1.0 -1.0 -1.0 -1.0 -1.0 -1.0 1.747 1.503 4.388 733.548 0.951 1543.001 2.4422392223551643 0.0
34.0 4.0 Car -1.0 -1.0 -1.0 -1.0 -1.0 -1.0 -1.0 2.049 1.647 5.052 717.264 1.316 1549.701 -0.6759311128999137 0.0
34.0 0.0 Car -1.0 -1.0 -1.0 -1.0 -1.0 -1.0 -1.0 1.851 1.418 4.804 762.978 0.75 1517.027 2.318547738212491 0.0
34.0 11.0 Car -1.0 -1.0 -1.0 -1.0 -1.0 -1.0 -1.0 1.833 1.7 4.629 794.42 1.042 1482.47 -0.7138482736915894 0.0
34.0 12.0 Car -1.0 -1.0 -1.0 -1.0 -1.0 -1.0 -1.0 1.862 1.493 4.958 768.31 0.821 1507.882 1.6929868271702295 0.0
34.0 9.0 Car -1.0 -1.0 -1.0 -1.0 -1.0 -1.0 -1.0 1.996 1.646 4.44 823.217 1.293 1459.247 -0.6786560558398422 0.0
34.0 13.0 Car -1.0 -1.0 -1.0 -1.0 -1.0 -1.0 -1.0 1.93 1.828 5.1 700.428 1.834 1571.706 2.432290845292565 0.0
34.0 8.0 Truck -1.0 -1.0 -1.0 -1.0 -1.0 -1.0 -1.0 1.941 1.657 5.141 721.196 1.277 1553.128 2.422103216506071 0.0
34.0 7.0 Truck -1.0 -1.0 -1.0 -1.0 -1.0 -1.0 -1.0 2.588 2.968 7.052 766.317 1.459 1496.476 1.1157889908394742 0.0
35.0 6.0 Car -1.0 -1.0 -1.0 -1.0 -1.0 -1.0 -1.0 1.838 1.656 4.554 724.27 1.093 1542.875 -0.7317808097829093 0.0
35.0 2.0 Car -1.0 -1.0 -1.0 -1.0 -1.0 -1.0 -1.0 1.747 1.503 4.388 730.631 0.97 1545.464 2.4422392223551643 0.0
35.0 4.0 Car -1.0 -1.0 -1.0 -1.0 -1.0 -1.0 -1.0 2.049 1.647 5.052 717.264 1.316 1549.7 -0.6759311128999137 0.0
35.0 0.0 Car -1.0 -1.0 -1.0 -1.0 -1.0 -1.0 -1.0 1.851 1.418 4.804 760.943 0.726 1518.951 2.385438196309655 0.0
35.0 11.0 Car -1.0 -1.0 -1.0 -1.0 -1.0 -1.0 -1.0 1.833 1.7 4.629 798.019 1.048 1479.162 -0.7422544076241877 0.0
35.0 12.0 Car -1.0 -1.0 -1.0 -1.0 -1.0 -1.0 -1.0 1.862 1.493 4.958 767.62 0.783 1510.391 1.848285666783124 0.0
35.0 9.0 Car -1.0 -1.0 -1.0 -1.0 -1.0 -1.0 -1.0 1.996 1.646 4.44 825.622 1.323 1457.266 -0.7062145419147406 0.0
35.0 13.0 Car -1.0 -1.0 -1.0 -1.0 -1.0 -1.0 -1.0 1.93 1.828 5.1 697.593 1.925 1574.189 2.432290845292565 0.0
35.0 8.0 Truck -1.0 -1.0 -1.0 -1.0 -1.0 -1.0 -1.0 1.941 1.657 5.141 718.284 1.323 1555.612 2.4184678378379645 0.0
35.0 7.0 Truck -1.0 -1.0 -1.0 -1.0 -1.0 -1.0 -1.0 2.588 2.968 7.052 767.224 1.449 1498.539 1.2100169784896861 0.0
36.0 6.0 Car -1.0 -1.0 -1.0 -1.0 -1.0 -1.0 -1.0 1.838 1.656 4.554 725.166 1.093 1542.052 -0.7352708036445162 0.0
36.0 2.0 Car -1.0 -1.0 -1.0 -1.0 -1.0 -1.0 -1.0 1.747 1.503 4.388 727.372 1.039 1548.271 2.436423765491962 0.0
36.0 4.0 Car -1.0 -1.0 -1.0 -1.0 -1.0 -1.0 -1.0 2.049 1.647 5.052 717.265 1.316 1549.7 -0.6759311128999137 0.0
36.0 0.0 Car -1.0 -1.0 -1.0 -1.0 -1.0 -1.0 -1.0 1.851 1.418 4.804 758.761 0.703 1520.912 2.4174245418977396 0.0
36.0 11.0 Car -1.0 -1.0 -1.0 -1.0 -1.0 -1.0 -1.0 1.833 1.7 4.629 801.627 1.14 1475.855 -0.776898409725479 0.0
36.0 12.0 Car -1.0 -1.0 -1.0 -1.0 -1.0 -1.0 -1.0 1.862 1.493 4.958 766.621 0.745 1512.571 2.0035922734506384 0.0
36.0 9.0 Car -1.0 -1.0 -1.0 -1.0 -1.0 -1.0 -1.0 1.996 1.646 4.44 827.969 1.353 1455.215 -0.7337744062888402 0.0
36.0 13.0 Car -1.0 -1.0 -1.0 -1.0 -1.0 -1.0 -1.0 1.93 1.828 5.1 694.759 2.016 1576.672 2.432290845292565 0.0
36.0 8.0 Truck -1.0 -1.0 -1.0 -1.0 -1.0 -1.0 -1.0 1.941 1.657 5.141 715.294 1.368 1558.139 2.4228300679866566 0.0
36.0 7.0 Truck -1.0 -1.0 -1.0 -1.0 -1.0 -1.0 -1.0 2.588 2.968 7.052 767.818 1.489 1500.793 1.2867963863011862 0.0
37.0 6.0 Car -1.0 -1.0 -1.0 -1.0 -1.0 -1.0 -1.0 1.838 1.656 4.554 726.063 1.093 1541.228 -0.7387646862225798 0.0
37.0 2.0 Car -1.0 -1.0 -1.0 -1.0 -1.0 -1.0 -1.0 1.747 1.503 4.388 724.663 1.058 1550.613 2.4306018287712856 0.0
37.0 4.0 Car -1.0 -1.0 -1.0 -1.0 -1.0 -1.0 -1.0 2.049 1.647 5.052 717.272 1.316 1549.709 -0.6642865098575403 0.0
37.0 0.0 Car -1.0 -1.0 -1.0 -1.0 -1.0 -1.0 -1.0 1.851 1.418 4.804 756.555 0.68 1522.902 2.4407293871064475 0.0
37.0 11.0 Car -1.0 -1.0 -1.0 -1.0 -1.0 -1.0 -1.0 1.833 1.7 4.629 805.819 1.157 1472.033 -0.7652538066831056 0.0
37.0 12.0 Car -1.0 -1.0 -1.0 -1.0 -1.0 -1.0 -1.0 1.862 1.493 4.958 765.002 0.748 1514.927 2.1881598538300056 0.0
37.0 9.0 Car -1.0 -1.0 -1.0 -1.0 -1.0 -1.0 -1.0 1.996 1.646 4.44 830.261 1.383 1453.099 -0.7613649791691411 0.0
37.0 13.0 Car -1.0 -1.0 -1.0 -1.0 -1.0 -1.0 -1.0 1.93 1.828 5.1 691.921 2.107 1579.158 2.432290845292565 0.0
37.0 8.0 Truck -1.0 -1.0 -1.0 -1.0 -1.0 -1.0 -1.0 1.941 1.657 5.141 712.3 1.413 1560.669 2.427197158738788 0.0
37.0 7.0 Truck -1.0 -1.0 -1.0 -1.0 -1.0 -1.0 -1.0 2.588 2.968 7.052 768.198 1.529 1503.095 1.3985873776904174 0.0
38.0 6.0 Car -1.0 -1.0 -1.0 -1.0 -1.0 -1.0 -1.0 1.838 1.656 4.554 726.959 1.093 1540.405 -0.742254945382616 0.0
38.0 2.0 Car -1.0 -1.0 -1.0 -1.0 -1.0 -1.0 -1.0 1.747 1.503 4.388 721.958 1.077 1552.953 2.4247859298352212 0.0
38.0 4.0 Car -1.0 -1.0 -1.0 -1.0 -1.0 -1.0 -1.0 2.049 1.647 5.052 717.28 1.316 1549.718 -0.6526539831410426 0.0
38.0 0.0 Car -1.0 -1.0 -1.0 -1.0 -1.0 -1.0 -1.0 1.851 1.418 4.804 754.161 0.715 1524.903 2.4407250859114304 0.0
38.0 11.0 Car -1.0 -1.0 -1.0 -1.0 -1.0 -1.0 -1.0 1.833 1.7 4.629 810.007 1.173 1468.215 -0.7536212799666081 0.0
38.0 12.0 Car -1.0 -1.0 -1.0 -1.0 -1.0 -1.0 -1.0 1.862 1.493 4.958 762.839 0.751 1517.186 2.337647539131242 0.0
38.0 8.0 Truck -1.0 -1.0 -1.0 -1.0 -1.0 -1.0 -1.0 1.941 1.657 5.141 709.309 1.458 1563.196 2.4315597204905868 0.0
38.0 7.0 Truck -1.0 -1.0 -1.0 -1.0 -1.0 -1.0 -1.0 2.588 2.968 7.052 768.255 1.519 1505.407 1.5364590663043871 0.0
39.0 6.0 Car -1.0 -1.0 -1.0 -1.0 -1.0 -1.0 -1.0 1.838 1.656 4.554 727.855 1.093 1539.582 -0.745744282979686 0.0
39.0 2.0 Car -1.0 -1.0 -1.0 -1.0 -1.0 -1.0 -1.0 1.747 1.503 4.388 719.084 1.097 1555.464 2.4247859298352212 0.0
39.0 4.0 Car -1.0 -1.0 -1.0 -1.0 -1.0 -1.0 -1.0 2.049 1.647 5.052 717.287 1.316 1549.726 -0.6410245278600274 0.0
39.0 0.0 Car -1.0 -1.0 -1.0 -1.0 -1.0 -1.0 -1.0 1.851 1.418 4.804 751.852 0.75 1527.005 2.4407207858520943 0.0
39.0 11.0 Car -1.0 -1.0 -1.0 -1.0 -1.0 -1.0 -1.0 1.833 1.7 4.629 814.194 1.19 1464.398 -0.7419918246855928 0.0
39.0 12.0 Car -1.0 -1.0 -1.0 -1.0 -1.0 -1.0 -1.0 1.862 1.493 4.958 760.371 0.755 1519.412 2.426025113007848 0.0
39.0 8.0 Truck -1.0 -1.0 -1.0 -1.0 -1.0 -1.0 -1.0 1.941 1.657 5.141 706.319 1.502 1565.723 2.435921130357908 0.0
39.0 7.0 Truck -1.0 -1.0 -1.0 -1.0 -1.0 -1.0 -1.0 2.588 2.968 7.052 767.994 1.509 1507.704 1.6742943514776596 0.0
