0.0 2.0 Truck -1.0 -1.0 -1.0 -1.0 -1.0 -1.0 -1.0 2.529 4.169 10.255 1314.059 4.033 1061.615 0.8506385704978926 0.0
1.0 2.0 Truck -1.0 -1.0 -1.0 -1.0 -1.0 -1.0 -1.0 2.529 4.169 10.255 1317.396 4.291 1065.538 0.8506385704978926 0.0
2.0 2.0 Truck -1.0 -1.0 -1.0 -1.0 -1.0 -1.0 -1.0 2.529 4.169 10.255 1320.121 4.549 1068.121 0.8506385704978926 1.0
3.0 2.0 Truck -1.0 -1.0 -1.0 -1.0 -1.0 -1.0 -1.0 2.529 4.169 10.255 1322.846 4.807 1070.704 0.8506385704978926 1.0
4.0 2.0 Truck -1.0 -1.0 -1.0 -1.0 -1.0 -1.0 -1.0 2.529 4.169 10.255 1325.305 5.165 1073.519 0.8506385704978926 1.0
5.0 2.0 Truck -1.0 -1.0 -1.0 -1.0 -1.0 -1.0 -1.0 2.529 4.169 10.255 1327.77 5.523 1076.34 0.8506385704978926 1.0
6.0 3.0 Bus -1.0 -1.0 -1.0 -1.0 -1.0 -1.0 -1.0 3.366 3.305 7.91 1382.079 -0.395 1202.364 -0.4954291614161006 0.0
6.0 0.0 Bus -1.0 -1.0 -1.0 -1.0 -1.0 -1.0 -1.0 3.367 3.298 10.619 1390.259 -0.262 1197.991 -0.4954291614161006 0.0
6.0 2.0 Truck -1.0 -1.0 -1.0 -1.0 -1.0 -1.0 -1.0 2.529 4.169 10.255 1330.153 5.706 1079.228 0.8506385704978926 1.0
7.0 3.0 Bus -1.0 -1.0 -1.0 -1.0 -1.0 -1.0 -1.0 3.366 3.305 7.91 1382.121 -0.186 1202.441 -0.4954291614161006 0.0
7.0 5.0 Car -1.0 -1.0 -1.0 -1.0 -1.0 -1.0 -1.0 1.921 1.698 5.391 1340.849 4.618 1096.725 0.8631700348054598 0.0
7.0 0.0 Bus -1.0 -1.0 -1.0 -1.0 -1.0 -1.0 -1.0 3.367 3.298 10.619 1390.293 -0.062 1198.049 -0.4954291614161006 0.0
7.0 2.0 Truck -1.0 -1.0 -1.0 -1.0 -1.0 -1.0 -1.0 2.529 4.169 10.255 1332.533 5.889 1082.114 0.8506385704978926 1.0
8.0 3.0 Bus -1.0 -1.0 -1.0 -1.0 -1.0 -1.0 -1.0 3.366 3.305 7.91 1382.163 0.024 1202.519 -0.4954291614161006 0.0
8.0 5.0 Car -1.0 -1.0 -1.0 -1.0 -1.0 -1.0 -1.0 1.921 1.698 5.391 1344.345 4.59 1100.992 0.8631700348054598 1.0
8.0 0.0 Bus -1.0 -1.0 -1.0 -1.0 -1.0 -1.0 -1.0 3.367 3.298 10.619 1390.327 0.137 1198.108 -0.4954291614161006 0.0
8.0 2.0 Truck -1.0 -1.0 -1.0 -1.0 -1.0 -1.0 -1.0 2.529 4.169 10.255 1335.011 6.114 1085.271 0.8506385704978926 1.0
9.0 3.0 Bus -1.0 -1.0 -1.0 -1.0 -1.0 -1.0 -1.0 3.366 3.305 7.91 1382.209 0.255 1202.604 -0.4954291614161006 1.0
9.0 5.0 Car -1.0 -1.0 -1.0 -1.0 -1.0 -1.0 -1.0 1.921 1.698 5.391 1348.19 4.559 1105.684 0.8631700348054598 1.0
9.0 0.0 Bus -1.0 -1.0 -1.0 -1.0 -1.0 -1.0 -1.0 3.367 3.298 10.619 1390.365 0.357 1198.173 -0.4954291614161006 1.0
9.0 2.0 Truck -1.0 -1.0 -1.0 -1.0 -1.0 -1.0 -1.0 2.529 4.169 10.255 1337.736 6.361 1088.743 0.8506385704978926 1.0
10.0 3.0 Bus -1.0 -1.0 -1.0 -1.0 -1.0 -1.0 -1.0 3.366 3.305 7.91 1382.221 0.381 1202.626 -0.4954291614161006 1.0
10.0 5.0 Car -1.0 -1.0 -1.0 -1.0 -1.0 -1.0 -1.0 1.921 1.698 5.391 1352.01 4.506 1110.067 0.8631700348054598 1.0
10.0 0.0 Bus -1.0 -1.0 -1.0 -1.0 -1.0 -1.0 -1.0 3.367 3.298 10.619 1390.377 0.478 1198.191 -0.4954291614161006 1.0
10.0 2.0 Truck -1.0 -1.0 -1.0 -1.0 -1.0 -1.0 -1.0 2.529 4.169 10.255 1340.193 6.395 1091.623 0.8506385704978926 1.0
11.0 3.0 Bus -1.0 -1.0 -1.0 -1.0 -1.0 -1.0 -1.0 3.366 3.305 7.91 1382.233 0.507 1202.648 -0.4954291614161006 1.0
11.0 5.0 Car -1.0 -1.0 -1.0 -1.0 -1.0 -1.0 -1.0 1.921 1.698 5.391 1355.834 4.453 1114.454 0.8631700348054598 1.0
11.0 0.0 Bus -1.0 -1.0 -1.0 -1.0 -1.0 -1.0 -1.0 3.367 3.298 10.619 1390.389 0.6 1198.209 -0.4954291614161006 1.0
11.0 2.0 Truck -1.0 -1.0 -1.0 -1.0 -1.0 -1.0 -1.0 2.529 4.169 10.255 1342.654 6.429 1094.505 0.8506385704978926 1.0
12.0 3.0 Bus -1.0 -1.0 -1.0 -1.0 -1.0 -1.0 -1.0 3.366 3.305 7.91 1382.247 0.658 1202.675 -0.4954291614161006 1.0
12.0 5.0 Car -1.0 -1.0 -1.0 -1.0 -1.0 -1.0 -1.0 1.921 1.698 5.391 1359.328 4.266 1118.567 0.8726927895925713 1.0
12.0 0.0 Bus -1.0 -1.0 -1.0 -1.0 -1.0 -1.0 -1.0 3.367 3.298 10.619 1390.404 0.745 1198.231 -0.4954291614161006 1.0
12.0 2.0 Truck -1.0 -1.0 -1.0 -1.0 -1.0 -1.0 -1.0 2.529 4.169 10.255 1345.883 6.41 1098.28 0.8506385704978926 1.0
13.0 3.0 Bus -1.0 -1.0 -1.0 -1.0 -1.0 -1.0 -1.0 3.366 3.305 7.91 1382.284 0.693 1202.742 -0.5016596172110317 1.0
13.0 5.0 Car -1.0 -1.0 -1.0 -1.0 -1.0 -1.0 -1.0 1.921 1.698 5.391 1362.237 4.111 1121.993 0.8806233273254033 1.0
13.0 0.0 Bus -1.0 -1.0 -1.0 -1.0 -1.0 -1.0 -1.0 3.367 3.298 10.619 1390.437 0.795 1198.288 -0.4954291614161006 1.0
13.0 2.0 Truck -1.0 -1.0 -1.0 -1.0 -1.0 -1.0 -1.0 2.529 4.169 10.255 1348.573 6.394 1101.424 0.8506385704978926 1.0
14.0 3.0 Bus -1.0 -1.0 -1.0 -1.0 -1.0 -1.0 -1.0 3.366 3.305 7.91 1382.313 0.72 1202.796 -0.5066506517029064 1.0
14.0 5.0 Car -1.0 -1.0 -1.0 -1.0 -1.0 -1.0 -1.0 1.921 1.698 5.391 1364.558 3.932 1124.745 0.8806233273254033 1.0
14.0 0.0 Bus -1.0 -1.0 -1.0 -1.0 -1.0 -1.0 -1.0 3.367 3.298 10.619 1390.464 0.835 1198.334 -0.4954291614161006 1.0
14.0 2.0 Truck -1.0 -1.0 -1.0 -1.0 -1.0 -1.0 -1.0 2.529 4.169 10.255 1350.662 6.272 1103.829 0.8506385704978926 1.0
15.0 3.0 Bus -1.0 -1.0 -1.0 -1.0 -1.0 -1.0 -1.0 3.366 3.305 7.91 1382.349 0.755 1202.863 -0.5128824539360437 1.0
15.0 5.0 Car -1.0 -1.0 -1.0 -1.0 -1.0 -1.0 -1.0 1.921 1.698 5.391 1367.455 3.709 1128.182 0.8806233273254033 1.0
15.0 0.0 Bus -1.0 -1.0 -1.0 -1.0 -1.0 -1.0 -1.0 3.367 3.298 10.619 1390.497 0.885 1198.39 -0.4954291614161006 1.0
15.0 2.0 Truck -1.0 -1.0 -1.0 -1.0 -1.0 -1.0 -1.0 2.529 4.169 10.255 1353.271 6.12 1106.831 0.8506385704978926 1.0
16.0 3.0 Bus -1.0 -1.0 -1.0 -1.0 -1.0 -1.0 -1.0 3.366 3.305 7.91 1382.427 0.772 1202.885 -0.5128824539360437 1.0
16.0 5.0 Car -1.0 -1.0 -1.0 -1.0 -1.0 -1.0 -1.0 1.921 1.698 5.391 1370.305 3.457 1131.659 0.8806233273254033 1.0
16.0 0.0 Bus -1.0 -1.0 -1.0 -1.0 -1.0 -1.0 -1.0 3.367 3.298 10.619 1390.549 0.902 1198.384 -0.5012492696546289 1.0
16.0 2.0 Truck -1.0 -1.0 -1.0 -1.0 -1.0 -1.0 -1.0 2.529 4.169 10.255 1355.207 5.912 1109.068 0.8506385704978926 1.0
17.0 3.0 Bus -1.0 -1.0 -1.0 -1.0 -1.0 -1.0 -1.0 3.366 3.305 7.91 1382.504 0.788 1202.907 -0.5128824539360437 1.0
17.0 5.0 Car -1.0 -1.0 -1.0 -1.0 -1.0 -1.0 -1.0 1.921 1.698 5.391 1373.155 3.206 1135.135 0.8806233273254033 1.0
17.0 0.0 Bus -1.0 -1.0 -1.0 -1.0 -1.0 -1.0 -1.0 3.367 3.298 10.619 1390.602 0.918 1198.378 -0.507069203252537 1.0
17.0 2.0 Truck -1.0 -1.0 -1.0 -1.0 -1.0 -1.0 -1.0 2.529 4.169 10.255 1357.144 5.704 1111.305 0.8506385704978926 1.0
18.0 3.0 Bus -1.0 -1.0 -1.0 -1.0 -1.0 -1.0 -1.0 3.366 3.305 7.91 1382.582 0.805 1202.929 -0.5128824539360437 1.0
18.0 5.0 Car -1.0 -1.0 -1.0 -1.0 -1.0 -1.0 -1.0 1.921 1.698 5.391 1376.725 2.955 1139.572 0.8980665236239458 1.0
18.0 0.0 Bus -1.0 -1.0 -1.0 -1.0 -1.0 -1.0 -1.0 3.367 3.298 10.619 1390.655 0.935 1198.371 -0.5128824539360437 1.0
18.0 2.0 Truck -1.0 -1.0 -1.0 -1.0 -1.0 -1.0 -1.0 2.529 4.169 10.255 1360.161 5.497 1114.934 0.8506385704978926 1.0
19.0 3.0 Bus -1.0 -1.0 -1.0 -1.0 -1.0 -1.0 -1.0 3.366 3.305 7.91 1383.424 0.822 1202.458 -0.5128824539360437 1.0
19.0 5.0 Car -1.0 -1.0 -1.0 -1.0 -1.0 -1.0 -1.0 1.921 1.698 5.391 1380.299 2.704 1144.013 0.9155299123652899 1.0
19.0 1.0 Car -1.0 -1.0 -1.0 -1.0 -1.0 -1.0 -1.0 1.906 1.744 4.739 1355.885 4.647 1114.408 0.860202974838613 0.0
19.0 0.0 Bus -1.0 -1.0 -1.0 -1.0 -1.0 -1.0 -1.0 3.367 3.298 10.619 1391.521 0.918 1197.905 -0.5128824539360437 1.0
19.0 2.0 Truck -1.0 -1.0 -1.0 -1.0 -1.0 -1.0 -1.0 2.529 4.169 10.255 1363.182 5.289 1118.567 0.8506385704978926 1.0
20.0 3.0 Bus -1.0 -1.0 -1.0 -1.0 -1.0 -1.0 -1.0 3.366 3.305 7.91 1384.266 0.838 1201.987 -0.5128824539360437 1.0
20.0 5.0 Car -1.0 -1.0 -1.0 -1.0 -1.0 -1.0 -1.0 1.921 1.698 5.391 1382.065 2.502 1146.507 0.9155299123652899 1.0
20.0 1.0 Car -1.0 -1.0 -1.0 -1.0 -1.0 -1.0 -1.0 1.906 1.744 4.739 1358.387 4.472 1117.413 0.860202974838613 1.0
20.0 0.0 Bus -1.0 -1.0 -1.0 -1.0 -1.0 -1.0 -1.0 3.367 3.298 10.619 1392.388 0.901 1197.439 -0.5128824539360437 1.0
20.0 2.0 Truck -1.0 -1.0 -1.0 -1.0 -1.0 -1.0 -1.0 2.529 4.169 10.255 1365.832 5.081 1121.778 0.8506385704978926 1.0
21.0 3.0 Bus -1.0 -1.0 -1.0 -1.0 -1.0 -1.0 -1.0 3.366 3.305 7.91 1385.108 0.855 1201.516 -0.5128824539360437 1.0
21.0 5.0 Car -1.0 -1.0 -1.0 -1.0 -1.0 -1.0 -1.0 1.921 1.698 5.391 1383.829 2.301 1148.998 0.9155299123652899 1.0
21.0 1.0 Car -1.0 -1.0 -1.0 -1.0 -1.0 -1.0 -1.0 1.906 1.744 4.739 1360.886 4.298 1120.415 0.860202974838613 1.0
21.0 0.0 Bus -1.0 -1.0 -1.0 -1.0 -1.0 -1.0 -1.0 3.367 3.298 10.619 1393.254 0.885 1196.973 -0.5128824539360437 1.0
21.0 2.0 Truck -1.0 -1.0 -1.0 -1.0 -1.0 -1.0 -1.0 2.529 4.169 10.255 1368.48 4.873 1124.986 0.8506385704978926 1.0
22.0 3.0 Bus -1.0 -1.0 -1.0 -1.0 -1.0 -1.0 -1.0 3.366 3.305 7.91 1386.83 0.872 1200.571 -0.5128824539360437 1.0
22.0 5.0 Car -1.0 -1.0 -1.0 -1.0 -1.0 -1.0 -1.0 1.921 1.698 5.391 1385.594 2.1 1151.492 0.906803327138804 1.0
22.0 1.0 Car -1.0 -1.0 -1.0 -1.0 -1.0 -1.0 -1.0 1.906 1.744 4.739 1363.411 4.123 1123.422 0.8514763896121269 1.0
22.0 0.0 Bus -1.0 -1.0 -1.0 -1.0 -1.0 -1.0 -1.0 3.367 3.298 10.619 1394.957 0.885 1196.035 -0.5128824539360437 1.0
22.0 2.0 Truck -1.0 -1.0 -1.0 -1.0 -1.0 -1.0 -1.0 2.529 4.169 10.255 1370.858 4.641 1127.779 0.8506385704978926 1.0
23.0 3.0 Bus -1.0 -1.0 -1.0 -1.0 -1.0 -1.0 -1.0 3.366 3.305 7.91 1388.551 0.888 1199.625 -0.5128824539360437 1.0
23.0 5.0 Car -1.0 -1.0 -1.0 -1.0 -1.0 -1.0 -1.0 1.921 1.698 5.391 1387.36 1.898 1153.986 0.8980766198453466 1.0
23.0 1.0 Car -1.0 -1.0 -1.0 -1.0 -1.0 -1.0 -1.0 1.906 1.744 4.739 1365.935 3.948 1126.428 0.8427496823186695 1.0
23.0 0.0 Bus -1.0 -1.0 -1.0 -1.0 -1.0 -1.0 -1.0 3.367 3.298 10.619 1396.66 0.884 1195.098 -0.5128824539360437 1.0
23.0 2.0 Truck -1.0 -1.0 -1.0 -1.0 -1.0 -1.0 -1.0 2.529 4.169 10.255 1373.236 4.408 1130.572 0.8506385704978926 1.0
24.0 3.0 Bus -1.0 -1.0 -1.0 -1.0 -1.0 -1.0 -1.0 3.366 3.305 7.91 1390.271 0.905 1198.681 -0.5128824539360437 1.0
24.0 4.0 Bus -1.0 -1.0 -1.0 -1.0 -1.0 -1.0 -1.0 2.518 3.119 7.623 1361.307 5.156 1116.736 0.8646012045796789 0.0
24.0 5.0 Car -1.0 -1.0 -1.0 -1.0 -1.0 -1.0 -1.0 1.921 1.698 5.391 1389.126 1.772 1156.452 0.8980766198453466 1.0
24.0 1.0 Car -1.0 -1.0 -1.0 -1.0 -1.0 -1.0 -1.0 1.906 1.744 4.739 1368.543 3.723 1129.427 0.8602029922961125 1.0
24.0 0.0 Bus -1.0 -1.0 -1.0 -1.0 -1.0 -1.0 -1.0 3.367 3.298 10.619 1398.362 0.884 1194.162 -0.5128824539360437 1.0
24.0 2.0 Truck -1.0 -1.0 -1.0 -1.0 -1.0 -1.0 -1.0 2.529 4.169 10.255 1375.664 4.2 1133.316 0.8506385704978926 1.0
25.0 3.0 Bus -1.0 -1.0 -1.0 -1.0 -1.0 -1.0 -1.0 3.366 3.305 7.91 1392.638 0.922 1197.372 -0.5128824539360437 1.0
25.0 4.0 Bus -1.0 -1.0 -1.0 -1.0 -1.0 -1.0 -1.0 2.518 3.119 7.623 1364.087 4.918 1120.044 0.8646012045796789 1.0
25.0 5.0 Car -1.0 -1.0 -1.0 -1.0 -1.0 -1.0 -1.0 1.921 1.698 5.391 1390.893 1.645 1158.917 0.8980766198453466 1.0
25.0 1.0 Car -1.0 -1.0 -1.0 -1.0 -1.0 -1.0 -1.0 1.906 1.744 4.739 1371.151 3.498 1132.426 0.8776562673585562 1.0
25.0 0.0 Bus -1.0 -1.0 -1.0 -1.0 -1.0 -1.0 -1.0 3.367 3.298 10.619 1400.735 0.901 1192.847 -0.5128824539360437 0.0
25.0 2.0 Truck -1.0 -1.0 -1.0 -1.0 -1.0 -1.0 -1.0 2.529 4.169 10.255 1378.092 3.992 1136.06 0.8506385704978926 1.0
26.0 3.0 Bus -1.0 -1.0 -1.0 -1.0 -1.0 -1.0 -1.0 3.366 3.305 7.91 1395.005 0.938 1196.062 -0.5128824539360437 1.0
26.0 4.0 Bus -1.0 -1.0 -1.0 -1.0 -1.0 -1.0 -1.0 2.518 3.119 7.623 1366.787 4.681 1123.42 0.847157822596368 1.0
26.0 5.0 Car -1.0 -1.0 -1.0 -1.0 -1.0 -1.0 -1.0 1.921 1.698 5.391 1392.446 1.519 1161.055 0.8980766198453466 1.0
26.0 1.0 Car -1.0 -1.0 -1.0 -1.0 -1.0 -1.0 -1.0 1.906 1.744 4.739 1373.61 3.29 1135.401 0.8602128853752453 1.0
26.0 0.0 Bus -1.0 -1.0 -1.0 -1.0 -1.0 -1.0 -1.0 3.367 3.298 10.619 1403.109 0.918 1191.532 -0.5128824539360437 0.0
26.0 2.0 Truck -1.0 -1.0 -1.0 -1.0 -1.0 -1.0 -1.0 2.529 4.169 10.255 1380.52 3.784 1138.803 0.8506385704978926 1.0
27.0 3.0 Bus -1.0 -1.0 -1.0 -1.0 -1.0 -1.0 -1.0 3.366 3.305 7.91 1397.375 0.955 1194.752 -0.5128824539360437 0.0
27.0 4.0 Bus -1.0 -1.0 -1.0 -1.0 -1.0 -1.0 -1.0 2.518 3.119 7.623 1369.49 4.443 1126.8 0.8296946195397922 0.0
27.0 5.0 Car -1.0 -1.0 -1.0 -1.0 -1.0 -1.0 -1.0 1.921 1.698 5.391 1394.001 1.393 1163.195 0.8980766198453466 0.0
27.0 1.0 Car -1.0 -1.0 -1.0 -1.0 -1.0 -1.0 -1.0 1.906 1.744 4.739 1376.072 3.083 1138.379 0.8427496823186695 0.0
27.0 0.0 Bus -1.0 -1.0 -1.0 -1.0 -1.0 -1.0 -1.0 3.367 3.298 10.619 1405.485 0.934 1190.216 -0.5128824539360437 0.0
27.0 2.0 Truck -1.0 -1.0 -1.0 -1.0 -1.0 -1.0 -1.0 2.529 4.169 10.255 1382.951 3.576 1141.55 0.8506385704978926 0.0
28.0 3.0 Bus -1.0 -1.0 -1.0 -1.0 -1.0 -1.0 -1.0 3.366 3.305 7.91 1400.47 0.955 1193.033 -0.5012469876608772 0.0
28.0 4.0 Bus -1.0 -1.0 -1.0 -1.0 -1.0 -1.0 -1.0 2.518 3.119 7.623 1371.834 4.247 1129.392 0.8296946195397922 0.0
28.0 5.0 Car -1.0 -1.0 -1.0 -1.0 -1.0 -1.0 -1.0 1.921 1.698 5.391 1395.225 1.266 1164.86 0.8893499997718343 0.0
28.0 1.0 Car -1.0 -1.0 -1.0 -1.0 -1.0 -1.0 -1.0 1.906 1.744 4.739 1378.342 2.911 1141.048 0.8427496823186695 0.0
28.0 0.0 Bus -1.0 -1.0 -1.0 -1.0 -1.0 -1.0 -1.0 3.367 3.298 10.619 1408.653 0.951 1188.454 -0.5128824539360437 0.0
28.0 2.0 Truck -1.0 -1.0 -1.0 -1.0 -1.0 -1.0 -1.0 2.529 4.169 10.255 1385.09 3.444 1144.125 0.8506385704978926 0.0
29.0 3.0 Bus -1.0 -1.0 -1.0 -1.0 -1.0 -1.0 -1.0 3.366 3.305 7.91 1403.564 0.955 1191.315 -0.48961145155531577 0.0
29.0 4.0 Bus -1.0 -1.0 -1.0 -1.0 -1.0 -1.0 -1.0 2.518 3.119 7.623 1374.178 4.051 1131.983 0.8296946195397922 0.0
29.0 5.0 Car -1.0 -1.0 -1.0 -1.0 -1.0 -1.0 -1.0 1.921 1.698 5.391 1396.449 1.14 1166.525 0.8806233273254033 0.0
29.0 1.0 Car -1.0 -1.0 -1.0 -1.0 -1.0 -1.0 -1.0 1.906 1.744 4.739 1380.612 2.739 1143.718 0.8427496823186695 0.0
29.0 0.0 Bus -1.0 -1.0 -1.0 -1.0 -1.0 -1.0 -1.0 3.367 3.298 10.619 1411.821 0.967 1186.691 -0.5128824539360437 0.0
29.0 2.0 Truck -1.0 -1.0 -1.0 -1.0 -1.0 -1.0 -1.0 2.529 4.169 10.255 1387.23 3.311 1146.7 0.8506385704978926 0.0
30.0 3.0 Bus -1.0 -1.0 -1.0 -1.0 -1.0 -1.0 -1.0 3.366 3.305 7.91 1406.658 0.955 1189.596 -0.47797586889615756 0.0
30.0 4.0 Bus -1.0 -1.0 -1.0 -1.0 -1.0 -1.0 -1.0 2.518 3.119 7.623 1376.478 3.839 1134.562 0.8384213530882231 0.0
30.0 5.0 Car -1.0 -1.0 -1.0 -1.0 -1.0 -1.0 -1.0 1.921 1.698 5.391 1397.534 1.064 1167.847 0.8806233273254033 0.0
30.0 1.0 Car -1.0 -1.0 -1.0 -1.0 -1.0 -1.0 -1.0 1.906 1.744 4.739 1382.713 2.543 1146.13 0.8514764158671003 0.0
30.0 0.0 Bus -1.0 -1.0 -1.0 -1.0 -1.0 -1.0 -1.0 3.367 3.298 10.619 1414.99 0.984 1184.929 -0.5128824539360437 0.0
30.0 2.0 Truck -1.0 -1.0 -1.0 -1.0 -1.0 -1.0 -1.0 2.529 4.169 10.255 1389.262 3.178 1148.993 0.8506385704978926 0.0
31.0 3.0 Bus -1.0 -1.0 -1.0 -1.0 -1.0 -1.0 -1.0 3.366 3.305 7.91 1410.291 0.955 1187.69 -0.4960416931212231 0.0
31.0 4.0 Bus -1.0 -1.0 -1.0 -1.0 -1.0 -1.0 -1.0 2.518 3.119 7.623 1378.778 3.626 1137.142 0.8471479120597355 0.0
31.0 5.0 Car -1.0 -1.0 -1.0 -1.0 -1.0 -1.0 -1.0 1.921 1.698 5.391 1398.62 0.987 1169.169 0.8806233273254033 0.0
31.0 1.0 Car -1.0 -1.0 -1.0 -1.0 -1.0 -1.0 -1.0 1.906 1.744 4.739 1384.814 2.348 1148.543 0.860202974838613 0.0
31.0 0.0 Bus -1.0 -1.0 -1.0 -1.0 -1.0 -1.0 -1.0 3.367 3.298 10.619 1418.509 1.0 1182.968 -0.5128824539360437 0.0
31.0 2.0 Truck -1.0 -1.0 -1.0 -1.0 -1.0 -1.0 -1.0 2.529 4.169 10.255 1391.295 3.045 1151.286 0.8506385704978926 0.0
32.0 3.0 Bus -1.0 -1.0 -1.0 -1.0 -1.0 -1.0 -1.0 3.366 3.305 7.91 1413.869 0.955 1185.691 -0.5140878204372932 0.0
32.0 4.0 Bus -1.0 -1.0 -1.0 -1.0 -1.0 -1.0 -1.0 2.518 3.119 7.623 1380.767 3.509 1139.417 0.8379636859834253 0.0
32.0 5.0 Car -1.0 -1.0 -1.0 -1.0 -1.0 -1.0 -1.0 1.921 1.698 5.391 1399.384 0.961 1170.102 0.8806233273254033 0.0
32.0 1.0 Car -1.0 -1.0 -1.0 -1.0 -1.0 -1.0 -1.0 1.906 1.744 4.739 1386.532 2.19 1150.594 0.8510187487623027 0.0
32.0 0.0 Bus -1.0 -1.0 -1.0 -1.0 -1.0 -1.0 -1.0 3.367 3.298 10.619 1422.025 1.017 1181.01 -0.5128824539360437 0.0
32.0 2.0 Truck -1.0 -1.0 -1.0 -1.0 -1.0 -1.0 -1.0 2.529 4.169 10.255 1393.163 2.913 1153.391 0.8506385704978926 0.0
33.0 3.0 Bus -1.0 -1.0 -1.0 -1.0 -1.0 -1.0 -1.0 3.366 3.305 7.91 1417.09 0.955 1183.891 -0.5303357464559867 0.0
33.0 4.0 Bus -1.0 -1.0 -1.0 -1.0 -1.0 -1.0 -1.0 2.518 3.119 7.623 1382.558 3.404 1141.465 0.8296946195397922 0.0
33.0 5.0 Car -1.0 -1.0 -1.0 -1.0 -1.0 -1.0 -1.0 1.921 1.698 5.391 1400.072 0.937 1170.942 0.8806233273254033 0.0
33.0 1.0 Car -1.0 -1.0 -1.0 -1.0 -1.0 -1.0 -1.0 1.906 1.744 4.739 1388.079 2.048 1152.44 0.8427496823186695 0.0
33.0 0.0 Bus -1.0 -1.0 -1.0 -1.0 -1.0 -1.0 -1.0 3.367 3.298 10.619 1425.191 1.032 1179.247 -0.5128824539360437 0.0
33.0 2.0 Truck -1.0 -1.0 -1.0 -1.0 -1.0 -1.0 -1.0 2.529 4.169 10.255 1394.845 2.793 1155.286 0.8506385704978926 0.0
34.0 3.0 Bus -1.0 -1.0 -1.0 -1.0 -1.0 -1.0 -1.0 3.366 3.305 7.91 1421.459 0.936 1181.247 -0.5427230060332136 0.0
34.0 4.0 Bus -1.0 -1.0 -1.0 -1.0 -1.0 -1.0 -1.0 2.518 3.119 7.623 1384.509 3.201 1143.686 0.8296946195397922 0.0
34.0 5.0 Car -1.0 -1.0 -1.0 -1.0 -1.0 -1.0 -1.0 1.921 1.698 5.391 1400.66 0.911 1171.653 0.8806233273254033 0.0
34.0 1.0 Car -1.0 -1.0 -1.0 -1.0 -1.0 -1.0 -1.0 1.906 1.744 4.739 1389.895 1.918 1154.51 0.8518899169013973 0.0
34.0 0.0 Bus -1.0 -1.0 -1.0 -1.0 -1.0 -1.0 -1.0 3.367 3.298 10.619 1429.524 0.979 1176.562 -0.5314633433018834 0.0
34.0 2.0 Truck -1.0 -1.0 -1.0 -1.0 -1.0 -1.0 -1.0 2.529 4.169 10.255 1396.901 2.647 1157.603 0.8506385704978926 0.0
35.0 3.0 Bus -1.0 -1.0 -1.0 -1.0 -1.0 -1.0 -1.0 3.366 3.305 7.91 1425.433 0.919 1178.843 -0.5539892383839025 0.0
35.0 4.0 Bus -1.0 -1.0 -1.0 -1.0 -1.0 -1.0 -1.0 2.518 3.119 7.623 1386.283 3.016 1145.705 0.8296946195397922 0.0
35.0 5.0 Car -1.0 -1.0 -1.0 -1.0 -1.0 -1.0 -1.0 1.921 1.698 5.391 1401.194 0.887 1172.3 0.8806233273254033 0.0
35.0 1.0 Car -1.0 -1.0 -1.0 -1.0 -1.0 -1.0 -1.0 1.906 1.744 4.739 1391.546 1.8 1156.392 0.860202974838613 0.0
35.0 0.0 Bus -1.0 -1.0 -1.0 -1.0 -1.0 -1.0 -1.0 3.367 3.298 10.619 1433.4 0.931 1174.018 -0.5483626918279166 0.0
35.0 2.0 Truck -1.0 -1.0 -1.0 -1.0 -1.0 -1.0 -1.0 2.529 4.169 10.255 1398.771 2.514 1159.71 0.8506385704978926 0.0
36.0 3.0 Bus -1.0 -1.0 -1.0 -1.0 -1.0 -1.0 -1.0 3.366 3.305 7.91 1429.402 0.902 1176.442 -0.5652423314958731 0.0
36.0 4.0 Bus -1.0 -1.0 -1.0 -1.0 -1.0 -1.0 -1.0 2.518 3.119 7.623 1388.044 2.932 1147.616 0.821268678424515 0.0
36.0 5.0 Car -1.0 -1.0 -1.0 -1.0 -1.0 -1.0 -1.0 1.921 1.698 5.391 1401.375 0.887 1172.546 0.8806233273254033 0.0
36.0 1.0 Car -1.0 -1.0 -1.0 -1.0 -1.0 -1.0 -1.0 1.906 1.744 4.739 1392.87 1.725 1157.988 0.8514812369689025 0.0
36.0 0.0 Bus -1.0 -1.0 -1.0 -1.0 -1.0 -1.0 -1.0 3.367 3.298 10.619 1437.271 0.883 1171.477 -0.5652423314958731 0.0
36.0 2.0 Truck -1.0 -1.0 -1.0 -1.0 -1.0 -1.0 -1.0 2.529 4.169 10.255 1400.588 2.334 1161.859 0.8419168326281822 0.0
37.0 3.0 Bus -1.0 -1.0 -1.0 -1.0 -1.0 -1.0 -1.0 3.366 3.305 7.91 1433.579 0.885 1173.669 -0.57125740448381 0.0
37.0 4.0 Bus -1.0 -1.0 -1.0 -1.0 -1.0 -1.0 -1.0 2.518 3.119 7.623 1389.806 2.848 1149.528 0.8128332534637177 0.0
37.0 5.0 Car -1.0 -1.0 -1.0 -1.0 -1.0 -1.0 -1.0 1.921 1.698 5.391 1401.556 0.887 1172.792 0.8806233273254033 0.0
37.0 1.0 Car -1.0 -1.0 -1.0 -1.0 -1.0 -1.0 -1.0 1.906 1.744 4.739 1394.196 1.649 1159.586 0.8427496823186695 0.0
37.0 2.0 Truck -1.0 -1.0 -1.0 -1.0 -1.0 -1.0 -1.0 2.529 4.169 10.255 1402.407 2.154 1164.011 0.8331852779779492 0.0
38.0 3.0 Bus -1.0 -1.0 -1.0 -1.0 -1.0 -1.0 -1.0 3.366 3.305 7.91 1437.76 0.867 1170.893 -0.5772791920121243 0.0
38.0 4.0 Bus -1.0 -1.0 -1.0 -1.0 -1.0 -1.0 -1.0 2.518 3.119 7.623 1391.714 2.657 1151.645 0.8217101213768694 0.0
38.0 5.0 Car -1.0 -1.0 -1.0 -1.0 -1.0 -1.0 -1.0 1.921 1.698 5.391 1401.764 0.887 1173.043 0.8806233273254033 0.0
38.0 1.0 Car -1.0 -1.0 -1.0 -1.0 -1.0 -1.0 -1.0 1.906 1.744 4.739 1395.488 1.571 1161.103 0.8519381769904607 0.0
38.0 2.0 Truck -1.0 -1.0 -1.0 -1.0 -1.0 -1.0 -1.0 2.529 4.169 10.255 1404.301 2.202 1166.099 0.8423737726497404 0.0
