0.0 2.0 Truck -1.0 -1.0 -1.0 -1.0 -1.0 -1.0 -1.0 3.197 3.909 11.568 1148.475 2.114 1146.286 -0.6284756103030578 0.0
0.0 0.0 Car -1.0 -1.0 -1.0 -1.0 -1.0 -1.0 -1.0 1.948 1.728 4.476 1161.845 1.02 1148.022 2.4879843019841394 0.0
0.0 3.0 Car -1.0 -1.0 -1.0 -1.0 -1.0 -1.0 -1.0 2.07 1.778 4.737 1174.321 1.011 1138.485 2.4807760922129756 0.0
0.0 5.0 Car -1.0 -1.0 -1.0 -1.0 -1.0 -1.0 -1.0 2.099 1.857 5.113 1186.336 0.768 1133.704 2.568042554812692 0.0
0.0 4.0 Car -1.0 -1.0 -1.0 -1.0 -1.0 -1.0 -1.0 2.035 1.828 4.398 1191.021 0.702 1126.351 2.5176723526229576 0.0
0.0 7.0 Car -1.0 -1.0 -1.0 -1.0 -1.0 -1.0 -1.0 2.028 1.695 4.867 1198.585 0.354 1120.694 2.4879843019841394 0.0
1.0 2.0 Truck -1.0 -1.0 -1.0 -1.0 -1.0 -1.0 -1.0 3.197 3.909 11.568 1151.034 2.128 1144.482 -0.6284756103030578 1.0
1.0 0.0 Car -1.0 -1.0 -1.0 -1.0 -1.0 -1.0 -1.0 1.948 1.728 4.476 1158.309 1.088 1150.736 2.4879843019841394 1.0
1.0 3.0 Car -1.0 -1.0 -1.0 -1.0 -1.0 -1.0 -1.0 2.07 1.778 4.737 1171.603 1.033 1140.537 2.4807760922129756 1.0
1.0 5.0 Car -1.0 -1.0 -1.0 -1.0 -1.0 -1.0 -1.0 2.099 1.857 5.113 1184.193 0.811 1135.14 2.5447714981194345 1.0
1.0 4.0 Car -1.0 -1.0 -1.0 -1.0 -1.0 -1.0 -1.0 2.035 1.828 4.398 1189.377 0.702 1127.494 2.5176723526229576 1.0
1.0 7.0 Car -1.0 -1.0 -1.0 -1.0 -1.0 -1.0 -1.0 2.028 1.695 4.867 1196.716 0.389 1122.072 2.4879843019841394 1.0
2.0 2.0 Truck -1.0 -1.0 -1.0 -1.0 -1.0 -1.0 -1.0 3.197 3.909 11.568 1153.592 2.13 1142.677 -0.6284756103030578 1.0
2.0 0.0 Car -1.0 -1.0 -1.0 -1.0 -1.0 -1.0 -1.0 1.948 1.728 4.476 1154.515 1.144 1153.57 2.4879843019841394 1.0
2.0 3.0 Car -1.0 -1.0 -1.0 -1.0 -1.0 -1.0 -1.0 2.07 1.778 4.737 1169.117 1.005 1142.409 2.4807760922129756 1.0
2.0 5.0 Car -1.0 -1.0 -1.0 -1.0 -1.0 -1.0 -1.0 2.099 1.857 5.113 1182.106 0.804 1136.647 2.53895373394612 1.0
2.0 4.0 Car -1.0 -1.0 -1.0 -1.0 -1.0 -1.0 -1.0 2.035 1.828 4.398 1187.693 0.701 1128.592 2.5176723526229576 1.0
2.0 7.0 Car -1.0 -1.0 -1.0 -1.0 -1.0 -1.0 -1.0 2.028 1.695 4.867 1194.845 0.424 1123.451 2.4879843019841394 1.0
3.0 2.0 Truck -1.0 -1.0 -1.0 -1.0 -1.0 -1.0 -1.0 3.197 3.909 11.568 1155.765 2.116 1141.153 -0.6284756103030578 1.0
3.0 0.0 Car -1.0 -1.0 -1.0 -1.0 -1.0 -1.0 -1.0 1.948 1.728 4.476 1150.34 1.133 1156.463 2.4879843019841394 1.0
3.0 3.0 Car -1.0 -1.0 -1.0 -1.0 -1.0 -1.0 -1.0 2.07 1.778 4.737 1166.116 1.077 1144.68 2.4807760922129756 1.0
3.0 5.0 Car -1.0 -1.0 -1.0 -1.0 -1.0 -1.0 -1.0 2.099 1.857 5.113 1180.02 0.798 1138.153 2.4982293847329187 1.0
3.0 4.0 Car -1.0 -1.0 -1.0 -1.0 -1.0 -1.0 -1.0 2.035 1.828 4.398 1185.834 0.7 1130.009 2.5700322301827874 1.0
3.0 7.0 Car -1.0 -1.0 -1.0 -1.0 -1.0 -1.0 -1.0 2.028 1.695 4.867 1192.976 0.459 1124.828 2.4879843019841394 1.0
4.0 2.0 Truck -1.0 -1.0 -1.0 -1.0 -1.0 -1.0 -1.0 3.197 3.909 11.568 1158.517 2.004 1139.208 -0.6284756103030578 1.0
4.0 0.0 Car -1.0 -1.0 -1.0 -1.0 -1.0 -1.0 -1.0 1.948 1.728 4.476 1146.064 1.072 1159.529 2.4879843019841394 1.0
4.0 3.0 Car -1.0 -1.0 -1.0 -1.0 -1.0 -1.0 -1.0 2.07 1.778 4.737 1162.92 1.053 1147.087 2.4807760922129756 1.0
4.0 5.0 Car -1.0 -1.0 -1.0 -1.0 -1.0 -1.0 -1.0 2.099 1.857 5.113 1177.351 0.792 1140.087 2.4982293847329187 1.0
4.0 4.0 Car -1.0 -1.0 -1.0 -1.0 -1.0 -1.0 -1.0 2.035 1.828 4.398 1183.411 0.7 1131.645 2.5700322301827874 1.0
4.0 7.0 Car -1.0 -1.0 -1.0 -1.0 -1.0 -1.0 -1.0 2.028 1.695 4.867 1191.194 0.493 1126.142 2.4879843019841394 1.0
5.0 2.0 Truck -1.0 -1.0 -1.0 -1.0 -1.0 -1.0 -1.0 3.197 3.909 11.568 1161.269 1.936 1137.262 -0.6284756103030578 1.0
5.0 0.0 Car -1.0 -1.0 -1.0 -1.0 -1.0 -1.0 -1.0 1.948 1.728 4.476 1141.128 1.111 1162.948 2.4879843019841394 1.0
5.0 3.0 Car -1.0 -1.0 -1.0 -1.0 -1.0 -1.0 -1.0 2.07 1.778 4.737 1159.015 1.078 1149.962 2.4982293847329187 1.0
5.0 5.0 Car -1.0 -1.0 -1.0 -1.0 -1.0 -1.0 -1.0 2.099 1.857 5.113 1174.264 0.785 1142.336 2.4982293847329187 1.0
5.0 4.0 Car -1.0 -1.0 -1.0 -1.0 -1.0 -1.0 -1.0 2.035 1.828 4.398 1181.014 0.699 1133.076 2.587485522702731 1.0
5.0 7.0 Car -1.0 -1.0 -1.0 -1.0 -1.0 -1.0 -1.0 2.028 1.695 4.867 1189.188 0.53 1127.62 2.4879843019841394 1.0
6.0 2.0 Truck -1.0 -1.0 -1.0 -1.0 -1.0 -1.0 -1.0 3.197 3.909 11.568 1164.179 1.901 1135.045 -0.6284756103030578 0.0
6.0 0.0 Car -1.0 -1.0 -1.0 -1.0 -1.0 -1.0 -1.0 1.948 1.728 4.476 1136.379 1.139 1166.418 2.4984562774961057 1.0
6.0 3.0 Car -1.0 -1.0 -1.0 -1.0 -1.0 -1.0 -1.0 2.07 1.778 4.737 1155.213 1.055 1152.684 2.489502738472947 1.0
6.0 5.0 Car -1.0 -1.0 -1.0 -1.0 -1.0 -1.0 -1.0 2.099 1.857 5.113 1171.261 0.779 1144.523 2.515682677252862 1.0
6.0 4.0 Car -1.0 -1.0 -1.0 -1.0 -1.0 -1.0 -1.0 2.035 1.828 4.398 1178.381 0.698 1134.901 2.5351256451429007 1.0
6.0 7.0 Car -1.0 -1.0 -1.0 -1.0 -1.0 -1.0 -1.0 2.028 1.695 4.867 1187.343 0.565 1128.98 2.4879843019841394 1.0
7.0 2.0 Truck -1.0 -1.0 -1.0 -1.0 -1.0 -1.0 -1.0 3.197 3.909 11.568 1167.197 1.866 1132.872 -0.6284756103030578 0.0
7.0 0.0 Car -1.0 -1.0 -1.0 -1.0 -1.0 -1.0 -1.0 1.948 1.728 4.476 1131.503 1.167 1169.71 2.5089282530080714 1.0
7.0 3.0 Car -1.0 -1.0 -1.0 -1.0 -1.0 -1.0 -1.0 2.07 1.778 4.737 1151.308 1.032 1155.486 2.4807760922129756 1.0
7.0 5.0 Car -1.0 -1.0 -1.0 -1.0 -1.0 -1.0 -1.0 2.099 1.857 5.113 1168.075 0.805 1146.804 2.53080886410348 1.0
7.0 4.0 Car -1.0 -1.0 -1.0 -1.0 -1.0 -1.0 -1.0 2.035 1.828 4.398 1175.689 0.698 1136.926 2.5176723526229576 1.0
7.0 7.0 Car -1.0 -1.0 -1.0 -1.0 -1.0 -1.0 -1.0 2.028 1.695 4.867 1185.486 0.6 1130.349 2.4879843019841394 1.0
8.0 2.0 Truck -1.0 -1.0 -1.0 -1.0 -1.0 -1.0 -1.0 3.197 3.909 11.568 1170.36 1.83 1130.495 -0.6284756103030578 0.0
8.0 0.0 Car -1.0 -1.0 -1.0 -1.0 -1.0 -1.0 -1.0 1.948 1.728 4.476 1126.414 1.195 1173.338 2.5194002285200376 1.0
8.0 3.0 Car -1.0 -1.0 -1.0 -1.0 -1.0 -1.0 -1.0 2.07 1.778 4.737 1147.101 1.018 1158.512 2.4982293847329187 1.0
8.0 5.0 Car -1.0 -1.0 -1.0 -1.0 -1.0 -1.0 -1.0 2.099 1.857 5.113 1164.803 0.832 1149.145 2.545935050954097 1.0
8.0 4.0 Car -1.0 -1.0 -1.0 -1.0 -1.0 -1.0 -1.0 2.035 1.828 4.398 1172.491 0.772 1139.165 2.526408548144859 1.0
8.0 7.0 Car -1.0 -1.0 -1.0 -1.0 -1.0 -1.0 -1.0 2.028 1.695 4.867 1183.619 0.635 1131.725 2.4879843019841394 1.0
9.0 2.0 Truck -1.0 -1.0 -1.0 -1.0 -1.0 -1.0 -1.0 3.197 3.909 11.568 1173.69 1.795 1128.145 -0.6284756103030578 0.0
9.0 0.0 Car -1.0 -1.0 -1.0 -1.0 -1.0 -1.0 -1.0 1.948 1.728 4.476 1121.055 1.223 1177.011 2.5298722040320034 1.0
9.0 3.0 Car -1.0 -1.0 -1.0 -1.0 -1.0 -1.0 -1.0 2.07 1.778 4.737 1142.698 1.004 1161.604 2.515682677252862 1.0
9.0 5.0 Car -1.0 -1.0 -1.0 -1.0 -1.0 -1.0 -1.0 2.099 1.857 5.113 1161.486 0.859 1151.41 2.561061237804715 1.0
9.0 4.0 Car -1.0 -1.0 -1.0 -1.0 -1.0 -1.0 -1.0 2.035 1.828 4.398 1169.299 0.846 1141.4 2.5351256451429007 1.0
9.0 7.0 Car -1.0 -1.0 -1.0 -1.0 -1.0 -1.0 -1.0 2.028 1.695 4.867 1181.754 0.67 1133.1 2.4879843019841394 1.0
10.0 2.0 Truck -1.0 -1.0 -1.0 -1.0 -1.0 -1.0 -1.0 3.197 3.909 11.568 1177.021 1.759 1125.794 -0.6284756103030578 0.0
10.0 0.0 Car -1.0 -1.0 -1.0 -1.0 -1.0 -1.0 -1.0 1.948 1.728 4.476 1115.527 1.251 1180.765 2.5403441795439696 1.0
10.0 3.0 Car -1.0 -1.0 -1.0 -1.0 -1.0 -1.0 -1.0 2.07 1.778 4.737 1138.155 0.99 1164.835 2.4807760922129756 1.0
10.0 6.0 Car -1.0 -1.0 -1.0 -1.0 -1.0 -1.0 -1.0 2.078 2.537 6.016 1075.485 2.189 1197.525 -0.6284756103030578 0.0
10.0 5.0 Car -1.0 -1.0 -1.0 -1.0 -1.0 -1.0 -1.0 2.099 1.857 5.113 1157.764 0.803 1153.74 2.5820051888286466 1.0
10.0 4.0 Car -1.0 -1.0 -1.0 -1.0 -1.0 -1.0 -1.0 2.035 1.828 4.398 1166.294 0.816 1143.47 2.5176723526229576 1.0
10.0 7.0 Car -1.0 -1.0 -1.0 -1.0 -1.0 -1.0 -1.0 2.028 1.695 4.867 1179.887 0.705 1134.476 2.4879843019841394 1.0
11.0 2.0 Truck -1.0 -1.0 -1.0 -1.0 -1.0 -1.0 -1.0 3.197 3.909 11.568 1180.477 1.724 1123.298 -0.6284756103030578 0.0
11.0 0.0 Car -1.0 -1.0 -1.0 -1.0 -1.0 -1.0 -1.0 1.948 1.728 4.476 1109.833 1.279 1184.819 2.5403441795439696 1.0
11.0 3.0 Car -1.0 -1.0 -1.0 -1.0 -1.0 -1.0 -1.0 2.07 1.778 4.737 1133.291 1.094 1168.271 2.5331359697728058 1.0
11.0 6.0 Car -1.0 -1.0 -1.0 -1.0 -1.0 -1.0 -1.0 2.078 2.537 6.016 1079.476 2.225 1194.453 -0.6284756103030578 1.0
11.0 5.0 Car -1.0 -1.0 -1.0 -1.0 -1.0 -1.0 -1.0 2.099 1.857 5.113 1154.084 0.797 1156.113 2.568042554812692 1.0
11.0 4.0 Car -1.0 -1.0 -1.0 -1.0 -1.0 -1.0 -1.0 2.035 1.828 4.398 1163.11 0.785 1145.793 2.5176723526229576 1.0
11.0 7.0 Car -1.0 -1.0 -1.0 -1.0 -1.0 -1.0 -1.0 2.028 1.695 4.867 1178.015 0.74 1135.856 2.4879843019841394 1.0
12.0 2.0 Truck -1.0 -1.0 -1.0 -1.0 -1.0 -1.0 -1.0 3.197 3.909 11.568 1183.933 1.689 1120.802 -0.6284756103030578 0.0
12.0 0.0 Car -1.0 -1.0 -1.0 -1.0 -1.0 -1.0 -1.0 1.948 1.728 4.476 1104.186 1.318 1188.961 2.5403441795439696 1.0
12.0 3.0 Car -1.0 -1.0 -1.0 -1.0 -1.0 -1.0 -1.0 2.07 1.778 4.737 1128.395 0.997 1171.774 2.515682677252862 1.0
12.0 6.0 Car -1.0 -1.0 -1.0 -1.0 -1.0 -1.0 -1.0 2.078 2.537 6.016 1084.474 2.056 1191.135 -0.6284756103030578 1.0
12.0 5.0 Car -1.0 -1.0 -1.0 -1.0 -1.0 -1.0 -1.0 2.099 1.857 5.113 1150.008 0.866 1158.63 2.5959678228446013 1.0
12.0 4.0 Car -1.0 -1.0 -1.0 -1.0 -1.0 -1.0 -1.0 2.035 1.828 4.398 1159.933 0.754 1148.111 2.5176723526229576 1.0
12.0 7.0 Car -1.0 -1.0 -1.0 -1.0 -1.0 -1.0 -1.0 2.028 1.695 4.867 1176.147 0.775 1137.233 2.4879843019841394 1.0
13.0 2.0 Truck -1.0 -1.0 -1.0 -1.0 -1.0 -1.0 -1.0 3.197 3.909 11.568 1187.388 1.653 1118.306 -0.6284756103030578 0.0
13.0 1.0 Car -1.0 -1.0 -1.0 -1.0 -1.0 -1.0 -1.0 2.487 2.309 5.693 1054.026 2.115 1209.34 -0.6284756103030578 0.0
13.0 0.0 Car -1.0 -1.0 -1.0 -1.0 -1.0 -1.0 -1.0 1.948 1.728 4.476 1098.235 1.36 1193.326 2.5403441795439696 0.0
13.0 3.0 Car -1.0 -1.0 -1.0 -1.0 -1.0 -1.0 -1.0 2.07 1.778 4.737 1123.466 1.201 1175.261 2.515682677252862 1.0
13.0 6.0 Car -1.0 -1.0 -1.0 -1.0 -1.0 -1.0 -1.0 2.078 2.537 6.016 1089.492 1.887 1187.804 -0.6284756103030578 0.0
13.0 5.0 Car -1.0 -1.0 -1.0 -1.0 -1.0 -1.0 -1.0 2.099 1.857 5.113 1145.888 0.91 1161.134 2.571533213316681 1.0
13.0 4.0 Car -1.0 -1.0 -1.0 -1.0 -1.0 -1.0 -1.0 2.035 1.828 4.398 1156.584 0.722 1150.555 2.5176723526229576 1.0
13.0 7.0 Car -1.0 -1.0 -1.0 -1.0 -1.0 -1.0 -1.0 2.028 1.695 4.867 1174.278 0.81 1138.611 2.4879843019841394 1.0
14.0 2.0 Truck -1.0 -1.0 -1.0 -1.0 -1.0 -1.0 -1.0 3.197 3.909 11.568 1190.659 1.62 1115.944 -0.6284756103030578 0.0
14.0 1.0 Car -1.0 -1.0 -1.0 -1.0 -1.0 -1.0 -1.0 2.487 2.309 5.693 1057.791 1.978 1206.692 -0.6284756103030578 1.0
14.0 0.0 Car -1.0 -1.0 -1.0 -1.0 -1.0 -1.0 -1.0 1.948 1.728 4.476 1093.03 1.396 1197.145 2.5403441795439696 0.0
14.0 3.0 Car -1.0 -1.0 -1.0 -1.0 -1.0 -1.0 -1.0 2.07 1.778 4.737 1118.859 1.254 1178.581 2.515682677252862 1.0
14.0 6.0 Car -1.0 -1.0 -1.0 -1.0 -1.0 -1.0 -1.0 2.078 2.537 6.016 1094.005 1.734 1184.81 -0.6284756103030578 0.0
14.0 5.0 Car -1.0 -1.0 -1.0 -1.0 -1.0 -1.0 -1.0 2.099 1.857 5.113 1141.81 0.855 1163.576 2.59945848134859 1.0
14.0 4.0 Car -1.0 -1.0 -1.0 -1.0 -1.0 -1.0 -1.0 2.035 1.828 4.398 1153.573 0.693 1152.752 2.5176723526229576 1.0
14.0 7.0 Car -1.0 -1.0 -1.0 -1.0 -1.0 -1.0 -1.0 2.028 1.695 4.867 1170.794 0.824 1141.097 2.4879843019841394 1.0
15.0 2.0 Truck -1.0 -1.0 -1.0 -1.0 -1.0 -1.0 -1.0 3.197 3.909 11.568 1194.3 1.582 1113.314 -0.6284756103030578 0.0
15.0 1.0 Car -1.0 -1.0 -1.0 -1.0 -1.0 -1.0 -1.0 2.487 2.309 5.693 1061.905 1.829 1203.798 -0.6284756103030578 1.0
15.0 0.0 Car -1.0 -1.0 -1.0 -1.0 -1.0 -1.0 -1.0 1.948 1.728 4.476 1087.578 1.434 1201.144 2.5403441795439696 0.0
15.0 3.0 Car -1.0 -1.0 -1.0 -1.0 -1.0 -1.0 -1.0 2.07 1.778 4.737 1113.666 1.008 1182.315 2.515682677252862 1.0
15.0 6.0 Car -1.0 -1.0 -1.0 -1.0 -1.0 -1.0 -1.0 2.078 2.537 6.016 1099.057 1.509 1181.239 -0.6284756103030578 0.0
15.0 5.0 Car -1.0 -1.0 -1.0 -1.0 -1.0 -1.0 -1.0 2.099 1.857 5.113 1137.189 0.911 1166.415 2.592477164340613 1.0
15.0 4.0 Car -1.0 -1.0 -1.0 -1.0 -1.0 -1.0 -1.0 2.035 1.828 4.398 1149.673 0.805 1155.654 2.5176723526229576 1.0
15.0 7.0 Car -1.0 -1.0 -1.0 -1.0 -1.0 -1.0 -1.0 2.028 1.695 4.867 1167.192 0.838 1143.668 2.4879843019841394 1.0
16.0 2.0 Truck -1.0 -1.0 -1.0 -1.0 -1.0 -1.0 -1.0 3.197 3.909 11.568 1198.786 1.547 1110.069 -0.6284756103030578 0.0
16.0 1.0 Car -1.0 -1.0 -1.0 -1.0 -1.0 -1.0 -1.0 2.487 2.309 5.693 1066.427 1.665 1200.617 -0.6284756103030578 0.0
16.0 0.0 Car -1.0 -1.0 -1.0 -1.0 -1.0 -1.0 -1.0 1.948 1.728 4.476 1081.478 1.476 1205.618 2.5403441795439696 0.0
16.0 3.0 Car -1.0 -1.0 -1.0 -1.0 -1.0 -1.0 -1.0 2.07 1.778 4.737 1108.046 1.261 1186.314 2.5331359697728058 1.0
16.0 6.0 Car -1.0 -1.0 -1.0 -1.0 -1.0 -1.0 -1.0 2.078 2.537 6.016 1104.52 1.334 1177.318 -0.6284756103030578 0.0
16.0 5.0 Car -1.0 -1.0 -1.0 -1.0 -1.0 -1.0 -1.0 2.099 1.857 5.113 1131.953 0.927 1169.792 2.5854958473326355 1.0
16.0 4.0 Car -1.0 -1.0 -1.0 -1.0 -1.0 -1.0 -1.0 2.035 1.828 4.398 1145.774 0.818 1158.555 2.5176723526229576 1.0
16.0 7.0 Car -1.0 -1.0 -1.0 -1.0 -1.0 -1.0 -1.0 2.028 1.695 4.867 1163.233 0.854 1146.493 2.4879843019841394 1.0
17.0 2.0 Truck -1.0 -1.0 -1.0 -1.0 -1.0 -1.0 -1.0 3.197 3.909 11.568 1203.272 1.462 1106.824 -0.6284756103030578 0.0
17.0 1.0 Car -1.0 -1.0 -1.0 -1.0 -1.0 -1.0 -1.0 2.487 2.309 5.693 1070.561 1.565 1197.71 -0.6284756103030578 0.0
17.0 0.0 Car -1.0 -1.0 -1.0 -1.0 -1.0 -1.0 -1.0 1.948 1.728 4.476 1075.885 1.515 1209.721 2.5403441795439696 0.0
17.0 3.0 Car -1.0 -1.0 -1.0 -1.0 -1.0 -1.0 -1.0 2.07 1.778 4.737 1102.9 1.265 1190.192 2.4982293847329187 1.0
17.0 6.0 Car -1.0 -1.0 -1.0 -1.0 -1.0 -1.0 -1.0 2.078 2.537 6.016 1109.462 1.239 1173.737 -0.6284756103030578 0.0
17.0 5.0 Car -1.0 -1.0 -1.0 -1.0 -1.0 -1.0 -1.0 2.099 1.857 5.113 1127.117 0.942 1172.99 2.5715410858490158 1.0
17.0 4.0 Car -1.0 -1.0 -1.0 -1.0 -1.0 -1.0 -1.0 2.035 1.828 4.398 1142.059 0.73 1161.25 2.5176723526229576 1.0
17.0 7.0 Car -1.0 -1.0 -1.0 -1.0 -1.0 -1.0 -1.0 2.028 1.695 4.867 1159.118 0.879 1149.543 2.4879843019841394 1.0
18.0 1.0 Car -1.0 -1.0 -1.0 -1.0 -1.0 -1.0 -1.0 2.487 2.309 5.693 1074.695 1.465 1194.802 -0.6284756103030578 0.0
18.0 0.0 Car -1.0 -1.0 -1.0 -1.0 -1.0 -1.0 -1.0 1.948 1.728 4.476 1069.966 1.556 1214.062 2.5403441795439696 0.0
18.0 3.0 Car -1.0 -1.0 -1.0 -1.0 -1.0 -1.0 -1.0 2.07 1.778 4.737 1097.555 1.335 1194.129 2.4924116205596043 1.0
18.0 6.0 Car -1.0 -1.0 -1.0 -1.0 -1.0 -1.0 -1.0 2.078 2.537 6.016 1114.897 1.043 1169.696 -0.6284756103030578 0.0
18.0 5.0 Car -1.0 -1.0 -1.0 -1.0 -1.0 -1.0 -1.0 2.099 1.857 5.113 1122.276 0.957 1176.191 2.557570579300726 1.0
18.0 4.0 Car -1.0 -1.0 -1.0 -1.0 -1.0 -1.0 -1.0 2.035 1.828 4.398 1138.467 0.743 1163.858 2.5176723526229576 1.0
18.0 7.0 Car -1.0 -1.0 -1.0 -1.0 -1.0 -1.0 -1.0 2.028 1.695 4.867 1154.789 0.879 1152.752 2.4879843019841394 1.0
19.0 1.0 Car -1.0 -1.0 -1.0 -1.0 -1.0 -1.0 -1.0 2.487 2.309 5.693 1078.828 1.115 1191.895 -0.6284756103030578 0.0
19.0 0.0 Car -1.0 -1.0 -1.0 -1.0 -1.0 -1.0 -1.0 1.948 1.728 4.476 1065.022 1.59 1217.689 2.5403441795439696 0.0
19.0 3.0 Car -1.0 -1.0 -1.0 -1.0 -1.0 -1.0 -1.0 2.07 1.778 4.737 1092.581 1.305 1197.554 2.5215004414261766 1.0
19.0 6.0 Car -1.0 -1.0 -1.0 -1.0 -1.0 -1.0 -1.0 2.078 2.537 6.016 1119.295 1.114 1166.408 -0.6284756103030578 0.0
19.0 5.0 Car -1.0 -1.0 -1.0 -1.0 -1.0 -1.0 -1.0 2.099 1.857 5.113 1117.824 0.942 1179.304 2.526154652764828 1.0
19.0 4.0 Car -1.0 -1.0 -1.0 -1.0 -1.0 -1.0 -1.0 2.035 1.828 4.398 1135.313 0.755 1166.149 2.5176723526229576 1.0
19.0 7.0 Car -1.0 -1.0 -1.0 -1.0 -1.0 -1.0 -1.0 2.028 1.695 4.867 1151.18 0.879 1155.426 2.4879843019841394 1.0
20.0 1.0 Car -1.0 -1.0 -1.0 -1.0 -1.0 -1.0 -1.0 2.487 2.309 5.693 1083.567 1.115 1188.354 -0.6284756103030578 0.0
20.0 0.0 Car -1.0 -1.0 -1.0 -1.0 -1.0 -1.0 -1.0 1.948 1.728 4.476 1058.986 1.632 1222.116 2.5403441795439696 0.0
20.0 3.0 Car -1.0 -1.0 -1.0 -1.0 -1.0 -1.0 -1.0 2.07 1.778 4.737 1086.764 1.325 1201.709 2.4982293847329187 1.0
20.0 6.0 Car -1.0 -1.0 -1.0 -1.0 -1.0 -1.0 -1.0 2.078 2.537 6.016 1125.012 0.924 1162.265 -0.6284756103030578 0.0
20.0 8.0 Car -1.0 -1.0 -1.0 -1.0 -1.0 -1.0 -1.0 1.908 1.823 4.846 1022.68 1.679 1232.962 -0.6284756103030578 0.0
20.0 5.0 Car -1.0 -1.0 -1.0 -1.0 -1.0 -1.0 -1.0 2.099 1.857 5.113 1112.634 0.928 1183.022 2.5121920187488733 1.0
20.0 4.0 Car -1.0 -1.0 -1.0 -1.0 -1.0 -1.0 -1.0 2.035 1.828 4.398 1131.018 0.768 1169.223 2.5176723526229576 1.0
20.0 7.0 Car -1.0 -1.0 -1.0 -1.0 -1.0 -1.0 -1.0 2.028 1.695 4.867 1146.719 0.879 1158.733 2.4879843019841394 1.0
21.0 1.0 Car -1.0 -1.0 -1.0 -1.0 -1.0 -1.0 -1.0 2.487 2.309 5.693 1088.228 1.115 1184.773 -0.6284756103030578 0.0
21.0 0.0 Car -1.0 -1.0 -1.0 -1.0 -1.0 -1.0 -1.0 1.948 1.728 4.476 1053.365 1.646 1226.166 2.5403441795439696 0.0
21.0 3.0 Car -1.0 -1.0 -1.0 -1.0 -1.0 -1.0 -1.0 2.07 1.778 4.737 1081.369 1.329 1205.6 2.5331359697728058 1.0
21.0 6.0 Car -1.0 -1.0 -1.0 -1.0 -1.0 -1.0 -1.0 2.078 2.537 6.016 1130.135 0.884 1158.501 -0.6284756103030578 0.0
21.0 8.0 Car -1.0 -1.0 -1.0 -1.0 -1.0 -1.0 -1.0 1.908 1.823 4.846 1026.328 1.573 1230.296 -0.6284756103030578 1.0
21.0 5.0 Car -1.0 -1.0 -1.0 -1.0 -1.0 -1.0 -1.0 2.099 1.857 5.113 1107.794 0.913 1186.45 2.4982293847329187 1.0
21.0 4.0 Car -1.0 -1.0 -1.0 -1.0 -1.0 -1.0 -1.0 2.035 1.828 4.398 1127.138 0.78 1172.149 2.5176723526229576 1.0
21.0 7.0 Car -1.0 -1.0 -1.0 -1.0 -1.0 -1.0 -1.0 2.028 1.695 4.867 1142.661 0.879 1161.741 2.4879843019841394 1.0
22.0 1.0 Car -1.0 -1.0 -1.0 -1.0 -1.0 -1.0 -1.0 2.487 2.309 5.693 1093.23 1.027 1181.149 -0.6284756103030578 0.0
22.0 0.0 Car -1.0 -1.0 -1.0 -1.0 -1.0 -1.0 -1.0 1.948 1.728 4.476 1047.757 1.661 1230.207 2.5403441795439696 0.0
22.0 3.0 Car -1.0 -1.0 -1.0 -1.0 -1.0 -1.0 -1.0 2.07 1.778 4.737 1075.967 1.282 1209.496 2.515682677252862 1.0
22.0 6.0 Car -1.0 -1.0 -1.0 -1.0 -1.0 -1.0 -1.0 2.078 2.537 6.016 1135.151 0.934 1154.75 -0.6284756103030578 0.0
22.0 8.0 Car -1.0 -1.0 -1.0 -1.0 -1.0 -1.0 -1.0 1.908 1.823 4.846 1029.967 1.468 1227.635 -0.6284756103030578 1.0
22.0 5.0 Car -1.0 -1.0 -1.0 -1.0 -1.0 -1.0 -1.0 2.099 1.857 5.113 1103.03 0.926 1189.882 2.4982293847329187 1.0
22.0 4.0 Car -1.0 -1.0 -1.0 -1.0 -1.0 -1.0 -1.0 2.035 1.828 4.398 1123.253 0.793 1174.967 2.5176723526229576 1.0
22.0 7.0 Car -1.0 -1.0 -1.0 -1.0 -1.0 -1.0 -1.0 2.028 1.695 4.867 1138.519 0.904 1164.727 2.4879843019841394 1.0
23.0 1.0 Car -1.0 -1.0 -1.0 -1.0 -1.0 -1.0 -1.0 2.487 2.309 5.693 1098.238 0.94 1177.521 -0.6284756103030578 0.0
23.0 0.0 Car -1.0 -1.0 -1.0 -1.0 -1.0 -1.0 -1.0 1.948 1.728 4.476 1042.139 1.675 1234.255 2.5403441795439696 0.0
23.0 3.0 Car -1.0 -1.0 -1.0 -1.0 -1.0 -1.0 -1.0 2.07 1.778 4.737 1070.525 1.336 1213.424 2.515682677252862 1.0
23.0 6.0 Car -1.0 -1.0 -1.0 -1.0 -1.0 -1.0 -1.0 2.078 2.537 6.016 1140.329 0.984 1150.88 -0.6284756103030578 0.0
23.0 8.0 Car -1.0 -1.0 -1.0 -1.0 -1.0 -1.0 -1.0 1.908 1.823 4.846 1033.61 1.362 1224.972 -0.6284756103030578 0.0
23.0 5.0 Car -1.0 -1.0 -1.0 -1.0 -1.0 -1.0 -1.0 2.099 1.857 5.113 1098.328 0.979 1193.248 2.4982293847329187 1.0
23.0 4.0 Car -1.0 -1.0 -1.0 -1.0 -1.0 -1.0 -1.0 2.035 1.828 4.398 1119.367 0.805 1177.785 2.5176723526229576 1.0
23.0 7.0 Car -1.0 -1.0 -1.0 -1.0 -1.0 -1.0 -1.0 2.028 1.695 4.867 1134.377 0.929 1167.713 2.522890887024026 1.0
24.0 1.0 Car -1.0 -1.0 -1.0 -1.0 -1.0 -1.0 -1.0 2.487 2.309 5.693 1103.24 0.852 1173.897 -0.6284756103030578 0.0
24.0 0.0 Car -1.0 -1.0 -1.0 -1.0 -1.0 -1.0 -1.0 1.948 1.728 4.476 1036.528 1.689 1238.298 2.5403441795439696 0.0
24.0 3.0 Car -1.0 -1.0 -1.0 -1.0 -1.0 -1.0 -1.0 2.07 1.778 4.737 1065.064 1.339 1217.325 2.515682677252862 1.0
24.0 6.0 Car -1.0 -1.0 -1.0 -1.0 -1.0 -1.0 -1.0 2.078 2.537 6.016 1145.767 1.084 1146.822 -0.6284756103030578 0.0
24.0 8.0 Car -1.0 -1.0 -1.0 -1.0 -1.0 -1.0 -1.0 1.908 1.823 4.846 1037.25 1.257 1222.312 -0.6284756103030578 0.0
24.0 5.0 Car -1.0 -1.0 -1.0 -1.0 -1.0 -1.0 -1.0 2.099 1.857 5.113 1093.641 0.998 1196.67 2.4982293847329187 1.0
24.0 4.0 Car -1.0 -1.0 -1.0 -1.0 -1.0 -1.0 -1.0 2.035 1.828 4.398 1115.154 0.868 1180.764 2.5176723526229576 1.0
24.0 7.0 Car -1.0 -1.0 -1.0 -1.0 -1.0 -1.0 -1.0 2.028 1.695 4.867 1130.227 0.954 1170.684 2.514168921991432 1.0
25.0 1.0 Car -1.0 -1.0 -1.0 -1.0 -1.0 -1.0 -1.0 2.487 2.309 5.693 1108.244 0.765 1170.271 -0.6284756103030578 0.0
25.0 3.0 Car -1.0 -1.0 -1.0 -1.0 -1.0 -1.0 -1.0 2.07 1.778 4.737 1059.578 1.343 1221.204 2.4807760922129756 1.0
25.0 8.0 Car -1.0 -1.0 -1.0 -1.0 -1.0 -1.0 -1.0 1.908 1.823 4.846 1040.893 1.152 1219.648 -0.6284756103030578 0.0
25.0 5.0 Car -1.0 -1.0 -1.0 -1.0 -1.0 -1.0 -1.0 2.099 1.857 5.113 1088.836 0.988 1200.18 2.4982293847329187 1.0
25.0 4.0 Car -1.0 -1.0 -1.0 -1.0 -1.0 -1.0 -1.0 2.035 1.828 4.398 1110.94 0.83 1183.744 2.5176723526229576 1.0
25.0 7.0 Car -1.0 -1.0 -1.0 -1.0 -1.0 -1.0 -1.0 2.028 1.695 4.867 1126.073 0.979 1173.659 2.505437594504083 1.0
26.0 1.0 Car -1.0 -1.0 -1.0 -1.0 -1.0 -1.0 -1.0 2.487 2.309 5.693 1113.343 0.71 1166.577 -0.6284756103030578 0.0
26.0 3.0 Car -1.0 -1.0 -1.0 -1.0 -1.0 -1.0 -1.0 2.07 1.778 4.737 1053.867 1.346 1225.383 2.5331359697728058 1.0
26.0 8.0 Car -1.0 -1.0 -1.0 -1.0 -1.0 -1.0 -1.0 1.908 1.823 4.846 1044.537 1.046 1216.985 -0.6284756103030578 0.0
26.0 5.0 Car -1.0 -1.0 -1.0 -1.0 -1.0 -1.0 -1.0 2.099 1.857 5.113 1084.03 0.978 1203.691 2.4982293847329187 1.0
26.0 4.0 Car -1.0 -1.0 -1.0 -1.0 -1.0 -1.0 -1.0 2.035 1.828 4.398 1106.471 0.893 1187.038 2.5176723526229576 1.0
26.0 7.0 Car -1.0 -1.0 -1.0 -1.0 -1.0 -1.0 -1.0 2.028 1.695 4.867 1122.502 1.014 1176.211 2.5112576328863634 1.0
27.0 1.0 Car -1.0 -1.0 -1.0 -1.0 -1.0 -1.0 -1.0 2.487 2.309 5.693 1118.443 0.656 1162.882 -0.6284756103030578 0.0
27.0 3.0 Car -1.0 -1.0 -1.0 -1.0 -1.0 -1.0 -1.0 2.07 1.778 4.737 1048.226 1.5 1229.508 2.550589262292749 0.0
27.0 8.0 Car -1.0 -1.0 -1.0 -1.0 -1.0 -1.0 -1.0 1.908 1.823 4.846 1048.299 0.816 1214.222 -0.6284756103030578 0.0
27.0 5.0 Car -1.0 -1.0 -1.0 -1.0 -1.0 -1.0 -1.0 2.099 1.857 5.113 1079.823 0.983 1206.756 2.515682677252862 0.0
27.0 4.0 Car -1.0 -1.0 -1.0 -1.0 -1.0 -1.0 -1.0 2.035 1.828 4.398 1102.003 0.855 1190.331 2.5176723526229576 0.0
27.0 7.0 Car -1.0 -1.0 -1.0 -1.0 -1.0 -1.0 -1.0 2.028 1.695 4.867 1118.931 1.049 1178.764 2.517077461699899 0.0
28.0 3.0 Car -1.0 -1.0 -1.0 -1.0 -1.0 -1.0 -1.0 2.07 1.778 4.737 1042.419 1.453 1233.432 2.550589262292749 0.0
28.0 8.0 Car -1.0 -1.0 -1.0 -1.0 -1.0 -1.0 -1.0 1.908 1.823 4.846 1052.056 0.753 1211.462 -0.6284756103030578 0.0
28.0 5.0 Car -1.0 -1.0 -1.0 -1.0 -1.0 -1.0 -1.0 2.099 1.857 5.113 1075.019 0.968 1210.215 2.5069560309928907 0.0
28.0 4.0 Car -1.0 -1.0 -1.0 -1.0 -1.0 -1.0 -1.0 2.035 1.828 4.398 1097.464 0.868 1193.656 2.5176723526229576 0.0
28.0 7.0 Car -1.0 -1.0 -1.0 -1.0 -1.0 -1.0 -1.0 2.028 1.695 4.867 1115.364 1.084 1181.314 2.522890887024026 0.0
29.0 3.0 Car -1.0 -1.0 -1.0 -1.0 -1.0 -1.0 -1.0 2.07 1.778 4.737 1036.605 1.557 1237.549 2.550589262292749 0.0
29.0 8.0 Car -1.0 -1.0 -1.0 -1.0 -1.0 -1.0 -1.0 1.908 1.823 4.846 1055.816 0.689 1208.7 -0.6284756103030578 0.0
29.0 5.0 Car -1.0 -1.0 -1.0 -1.0 -1.0 -1.0 -1.0 2.099 1.857 5.113 1070.26 0.994 1213.617 2.4982293847329187 0.0
29.0 4.0 Car -1.0 -1.0 -1.0 -1.0 -1.0 -1.0 -1.0 2.035 1.828 4.398 1092.909 0.88 1196.882 2.5176723526229576 0.0
29.0 7.0 Car -1.0 -1.0 -1.0 -1.0 -1.0 -1.0 -1.0 2.028 1.695 4.867 1111.794 1.119 1183.866 2.5403441795439696 0.0
30.0 3.0 Car -1.0 -1.0 -1.0 -1.0 -1.0 -1.0 -1.0 2.07 1.778 4.737 1030.776 1.51 1241.635 2.5854958473326355 0.0
30.0 8.0 Car -1.0 -1.0 -1.0 -1.0 -1.0 -1.0 -1.0 1.908 1.823 4.846 1059.585 0.625 1205.932 -0.6284756103030578 0.0
30.0 5.0 Car -1.0 -1.0 -1.0 -1.0 -1.0 -1.0 -1.0 2.099 1.857 5.113 1065.437 0.999 1217.1 2.4982293847329187 0.0
30.0 4.0 Car -1.0 -1.0 -1.0 -1.0 -1.0 -1.0 -1.0 2.035 1.828 4.398 1088.354 0.893 1200.107 2.5176723526229576 0.0
30.0 7.0 Car -1.0 -1.0 -1.0 -1.0 -1.0 -1.0 -1.0 2.028 1.695 4.867 1108.206 1.154 1186.39 2.522890887024026 0.0
31.0 3.0 Car -1.0 -1.0 -1.0 -1.0 -1.0 -1.0 -1.0 2.07 1.778 4.737 1024.711 1.489 1245.761 2.5645518963087035 0.0
31.0 8.0 Car -1.0 -1.0 -1.0 -1.0 -1.0 -1.0 -1.0 1.908 1.823 4.846 1063.832 0.645 1202.816 -0.6284756103030578 0.0
31.0 5.0 Car -1.0 -1.0 -1.0 -1.0 -1.0 -1.0 -1.0 2.099 1.857 5.113 1060.614 1.004 1220.583 2.4982293847329187 0.0
31.0 4.0 Car -1.0 -1.0 -1.0 -1.0 -1.0 -1.0 -1.0 2.035 1.828 4.398 1083.675 0.905 1203.453 2.5176723526229576 0.0
31.0 7.0 Car -1.0 -1.0 -1.0 -1.0 -1.0 -1.0 -1.0 2.028 1.695 4.867 1104.635 1.129 1188.943 2.5403441795439696 0.0
32.0 3.0 Car -1.0 -1.0 -1.0 -1.0 -1.0 -1.0 -1.0 2.07 1.778 4.737 1019.186 1.517 1249.375 2.578514530324658 0.0
32.0 8.0 Car -1.0 -1.0 -1.0 -1.0 -1.0 -1.0 -1.0 1.908 1.823 4.846 1067.731 0.62 1200.044 -0.6284756103030578 0.0
32.0 5.0 Car -1.0 -1.0 -1.0 -1.0 -1.0 -1.0 -1.0 2.099 1.857 5.113 1056.302 1.009 1223.684 2.4982293847329187 0.0
32.0 4.0 Car -1.0 -1.0 -1.0 -1.0 -1.0 -1.0 -1.0 2.035 1.828 4.398 1079.388 0.918 1206.517 2.5176723526229576 0.0
32.0 7.0 Car -1.0 -1.0 -1.0 -1.0 -1.0 -1.0 -1.0 2.028 1.695 4.867 1101.178 1.154 1191.38 2.5403441795439696 0.0
33.0 3.0 Car -1.0 -1.0 -1.0 -1.0 -1.0 -1.0 -1.0 2.07 1.778 4.737 1012.892 1.571 1253.378 2.569206107647355 0.0
33.0 8.0 Car -1.0 -1.0 -1.0 -1.0 -1.0 -1.0 -1.0 1.908 1.823 4.846 1072.056 0.595 1197.292 -0.6284756103030578 0.0
33.0 5.0 Car -1.0 -1.0 -1.0 -1.0 -1.0 -1.0 -1.0 2.099 1.857 5.113 1051.361 1.014 1227.256 2.4982293847329187 0.0
33.0 4.0 Car -1.0 -1.0 -1.0 -1.0 -1.0 -1.0 -1.0 2.035 1.828 4.398 1074.679 0.93 1209.915 2.5176723526229576 0.0
33.0 7.0 Car -1.0 -1.0 -1.0 -1.0 -1.0 -1.0 -1.0 2.028 1.695 4.867 1097.203 1.129 1194.157 2.5316317795522285 0.0
34.0 3.0 Car -1.0 -1.0 -1.0 -1.0 -1.0 -1.0 -1.0 2.07 1.778 4.737 1006.6 1.524 1257.38 2.5948042700099387 0.0
34.0 8.0 Car -1.0 -1.0 -1.0 -1.0 -1.0 -1.0 -1.0 1.908 1.823 4.846 1076.586 0.595 1194.227 -0.6284756103030578 0.0
34.0 5.0 Car -1.0 -1.0 -1.0 -1.0 -1.0 -1.0 -1.0 2.099 1.857 5.113 1046.448 1.019 1230.806 2.4982293847329187 0.0
34.0 4.0 Car -1.0 -1.0 -1.0 -1.0 -1.0 -1.0 -1.0 2.035 1.828 4.398 1070.019 0.943 1213.278 2.5176723526229576 0.0
34.0 7.0 Car -1.0 -1.0 -1.0 -1.0 -1.0 -1.0 -1.0 2.028 1.695 4.867 1093.216 1.104 1196.943 2.522890887024026 0.0
35.0 3.0 Car -1.0 -1.0 -1.0 -1.0 -1.0 -1.0 -1.0 2.07 1.778 4.737 1000.342 1.528 1261.438 2.5854958473326355 0.0
35.0 5.0 Car -1.0 -1.0 -1.0 -1.0 -1.0 -1.0 -1.0 2.099 1.857 5.113 1041.614 1.075 1234.298 2.4982293847329187 0.0
35.0 4.0 Car -1.0 -1.0 -1.0 -1.0 -1.0 -1.0 -1.0 2.035 1.828 4.398 1065.506 0.955 1216.535 2.5176723526229576 0.0
35.0 7.0 Car -1.0 -1.0 -1.0 -1.0 -1.0 -1.0 -1.0 2.028 1.695 4.867 1089.175 1.079 1199.812 2.522890887024026 0.0
36.0 3.0 Car -1.0 -1.0 -1.0 -1.0 -1.0 -1.0 -1.0 2.07 1.778 4.737 994.209 1.606 1265.331 2.5593159085527204 0.0
36.0 5.0 Car -1.0 -1.0 -1.0 -1.0 -1.0 -1.0 -1.0 2.099 1.857 5.113 1036.724 1.03 1237.831 2.4982293847329187 0.0
36.0 4.0 Car -1.0 -1.0 -1.0 -1.0 -1.0 -1.0 -1.0 2.035 1.828 4.398 1060.967 0.968 1219.857 2.526398998882929 0.0
36.0 7.0 Car -1.0 -1.0 -1.0 -1.0 -1.0 -1.0 -1.0 2.028 1.695 4.867 1085.077 1.054 1202.753 2.522890887024026 0.0
37.0 3.0 Car -1.0 -1.0 -1.0 -1.0 -1.0 -1.0 -1.0 2.07 1.778 4.737 988.042 1.535 1269.161 2.5854958473326355 0.0
37.0 5.0 Car -1.0 -1.0 -1.0 -1.0 -1.0 -1.0 -1.0 2.099 1.857 5.113 1031.792 1.085 1241.193 2.4982293847329187 0.0
37.0 4.0 Car -1.0 -1.0 -1.0 -1.0 -1.0 -1.0 -1.0 2.035 1.828 4.398 1056.577 0.98 1223.073 2.5351256451429007 0.0
37.0 7.0 Car -1.0 -1.0 -1.0 -1.0 -1.0 -1.0 -1.0 2.028 1.695 4.867 1080.893 1.029 1205.644 2.5403441795439696 0.0
38.0 3.0 Car -1.0 -1.0 -1.0 -1.0 -1.0 -1.0 -1.0 2.07 1.778 4.737 981.768 1.613 1273.181 2.568042554812692 0.0
38.0 5.0 Car -1.0 -1.0 -1.0 -1.0 -1.0 -1.0 -1.0 2.099 1.857 5.113 1026.777 1.115 1244.617 2.4982293847329187 0.0
38.0 4.0 Car -1.0 -1.0 -1.0 -1.0 -1.0 -1.0 -1.0 2.035 1.828 4.398 1051.975 0.993 1226.437 2.5438522914028723 0.0
38.0 7.0 Car -1.0 -1.0 -1.0 -1.0 -1.0 -1.0 -1.0 2.028 1.695 4.867 1076.444 1.004 1208.78 2.5403441795439696 0.0
