0.0 0.0 Truck -1.0 -1.0 -1.0 -1.0 -1.0 -1.0 -1.0 3.002 4.193 9.91 1532.638 2.162 1316.503 0.8882504159032376 0.0
0.0 3.0 Car -1.0 -1.0 -1.0 -1.0 -1.0 -1.0 -1.0 1.999 1.786 4.543 1526.485 1.037 1309.33 0.8595048431290353 0.0
0.0 4.0 Car -1.0 -1.0 -1.0 -1.0 -1.0 -1.0 -1.0 1.902 1.493 4.598 1535.146 0.812 1314.021 0.8814959916514995 0.0
0.0 2.0 Car -1.0 -1.0 -1.0 -1.0 -1.0 -1.0 -1.0 1.871 1.761 4.534 1539.875 0.928 1324.581 0.8944114281689219 0.0
1.0 0.0 Truck -1.0 -1.0 -1.0 -1.0 -1.0 -1.0 -1.0 3.002 4.193 9.91 1532.745 2.162 1316.635 0.8857193110284076 1.0
1.0 3.0 Car -1.0 -1.0 -1.0 -1.0 -1.0 -1.0 -1.0 1.999 1.786 4.543 1526.475 1.045 1309.318 0.8595048431290353 0.0
1.0 4.0 Car -1.0 -1.0 -1.0 -1.0 -1.0 -1.0 -1.0 1.902 1.493 4.598 1535.136 0.812 1314.014 0.8770749032997379 0.0
1.0 2.0 Car -1.0 -1.0 -1.0 -1.0 -1.0 -1.0 -1.0 1.871 1.761 4.534 1539.861 0.903 1324.583 0.8900441258394511 1.0
2.0 0.0 Truck -1.0 -1.0 -1.0 -1.0 -1.0 -1.0 -1.0 3.002 4.193 9.91 1532.721 2.162 1316.606 0.8831914125484837 1.0
2.0 3.0 Car -1.0 -1.0 -1.0 -1.0 -1.0 -1.0 -1.0 1.999 1.786 4.543 1526.464 1.054 1309.306 0.8595048431290353 1.0
2.0 4.0 Car -1.0 -1.0 -1.0 -1.0 -1.0 -1.0 -1.0 1.902 1.493 4.598 1535.134 0.812 1314.017 0.8726594155674177 1.0
2.0 2.0 Car -1.0 -1.0 -1.0 -1.0 -1.0 -1.0 -1.0 1.871 1.761 4.534 1539.846 0.878 1324.586 0.8856823559934748 1.0
3.0 0.0 Truck -1.0 -1.0 -1.0 -1.0 -1.0 -1.0 -1.0 3.002 4.193 9.91 1532.699 2.162 1316.58 0.8809175930491415 1.0
3.0 3.0 Car -1.0 -1.0 -1.0 -1.0 -1.0 -1.0 -1.0 1.999 1.786 4.543 1526.455 1.061 1309.295 0.8595048431290353 1.0
3.0 4.0 Car -1.0 -1.0 -1.0 -1.0 -1.0 -1.0 -1.0 1.902 1.493 4.598 1535.133 0.812 1314.02 0.8686877283400265 1.0
3.0 2.0 Car -1.0 -1.0 -1.0 -1.0 -1.0 -1.0 -1.0 1.871 1.761 4.534 1539.867 0.9 1324.63 0.8817589874697029 1.0
4.0 0.0 Truck -1.0 -1.0 -1.0 -1.0 -1.0 -1.0 -1.0 3.002 4.193 9.91 1532.647 2.162 1316.516 0.8781352211110293 1.0
4.0 3.0 Car -1.0 -1.0 -1.0 -1.0 -1.0 -1.0 -1.0 1.999 1.786 4.543 1526.497 1.071 1309.344 0.8595048431290353 1.0
4.0 4.0 Car -1.0 -1.0 -1.0 -1.0 -1.0 -1.0 -1.0 1.902 1.493 4.598 1535.115 0.812 1314.003 0.8638277510675786 1.0
4.0 2.0 Car -1.0 -1.0 -1.0 -1.0 -1.0 -1.0 -1.0 1.871 1.761 4.534 1540.025 0.928 1324.845 0.8769581356489785 1.0
5.0 0.0 Truck -1.0 -1.0 -1.0 -1.0 -1.0 -1.0 -1.0 3.002 4.193 9.91 1532.604 2.162 1316.464 0.8758588729090798 1.0
5.0 3.0 Car -1.0 -1.0 -1.0 -1.0 -1.0 -1.0 -1.0 1.999 1.786 4.543 1526.414 1.078 1309.248 0.8595048431290353 1.0
5.0 4.0 Car -1.0 -1.0 -1.0 -1.0 -1.0 -1.0 -1.0 1.902 1.493 4.598 1535.1 0.812 1313.99 0.8598516469478831 1.0
5.0 2.0 Car -1.0 -1.0 -1.0 -1.0 -1.0 -1.0 -1.0 1.871 1.761 4.534 1540.407 0.928 1325.304 0.8835787237703553 1.0
6.0 0.0 Truck -1.0 -1.0 -1.0 -1.0 -1.0 -1.0 -1.0 3.002 4.193 9.91 1532.512 2.162 1316.355 0.8733278944693801 1.0
6.0 3.0 Car -1.0 -1.0 -1.0 -1.0 -1.0 -1.0 -1.0 1.999 1.786 4.543 1526.322 1.087 1309.141 0.8595048431290353 1.0
6.0 4.0 Car -1.0 -1.0 -1.0 -1.0 -1.0 -1.0 -1.0 1.902 1.493 4.598 1535.001 0.812 1313.878 0.8554307794407366 1.0
6.0 2.0 Car -1.0 -1.0 -1.0 -1.0 -1.0 -1.0 -1.0 1.871 1.761 4.534 1540.97 0.928 1325.984 0.8909398848523832 1.0
6.0 1.0 Car -1.0 -1.0 -1.0 -1.0 -1.0 -1.0 -1.0 2.146 2.0 4.965 1493.184 1.949 1270.097 0.8605694943132989 0.0
7.0 0.0 Truck -1.0 -1.0 -1.0 -1.0 -1.0 -1.0 -1.0 3.002 4.193 9.91 1532.508 2.162 1316.349 0.8707971233832942 1.0
7.0 3.0 Car -1.0 -1.0 -1.0 -1.0 -1.0 -1.0 -1.0 1.999 1.786 4.543 1526.344 1.095 1309.167 0.8595048431290353 1.0
7.0 4.0 Car -1.0 -1.0 -1.0 -1.0 -1.0 -1.0 -1.0 1.902 1.493 4.598 1534.901 0.812 1313.767 0.8510102741187592 1.0
7.0 2.0 Car -1.0 -1.0 -1.0 -1.0 -1.0 -1.0 -1.0 1.871 1.761 4.534 1541.776 0.928 1327.04 0.8983004428619678 1.0
7.0 1.0 Car -1.0 -1.0 -1.0 -1.0 -1.0 -1.0 -1.0 2.146 2.0 4.965 1495.914 1.899 1273.439 0.8780227868332423 1.0
8.0 0.0 Truck -1.0 -1.0 -1.0 -1.0 -1.0 -1.0 -1.0 3.002 4.193 9.91 1532.74 2.162 1316.624 0.8707971233832942 1.0
8.0 3.0 Car -1.0 -1.0 -1.0 -1.0 -1.0 -1.0 -1.0 1.999 1.786 4.543 1526.366 1.104 1309.192 0.8595048431290353 1.0
8.0 4.0 Car -1.0 -1.0 -1.0 -1.0 -1.0 -1.0 -1.0 1.902 1.493 4.598 1534.898 0.812 1313.819 0.8437113850631034 1.0
8.0 2.0 Car -1.0 -1.0 -1.0 -1.0 -1.0 -1.0 -1.0 1.871 1.761 4.534 1542.863 0.928 1328.54 0.9327478500076186 1.0
8.0 1.0 Car -1.0 -1.0 -1.0 -1.0 -1.0 -1.0 -1.0 2.146 2.0 4.965 1498.637 1.798 1276.712 0.8780227868332423 1.0
9.0 0.0 Truck -1.0 -1.0 -1.0 -1.0 -1.0 -1.0 -1.0 3.002 4.193 9.91 1533.234 2.162 1317.211 0.8707971233832942 1.0
9.0 3.0 Car -1.0 -1.0 -1.0 -1.0 -1.0 -1.0 -1.0 1.999 1.786 4.543 1526.429 1.112 1309.266 0.8595048431290353 1.0
9.0 4.0 Car -1.0 -1.0 -1.0 -1.0 -1.0 -1.0 -1.0 1.902 1.493 4.598 1534.937 0.812 1313.919 0.8364210863674311 1.0
9.0 2.0 Car -1.0 -1.0 -1.0 -1.0 -1.0 -1.0 -1.0 1.871 1.761 4.534 1543.914 0.928 1330.419 1.036926801693234 0.0
9.0 1.0 Car -1.0 -1.0 -1.0 -1.0 -1.0 -1.0 -1.0 2.146 2.0 4.965 1501.394 1.698 1280.026 0.8605694943132989 1.0
10.0 0.0 Truck -1.0 -1.0 -1.0 -1.0 -1.0 -1.0 -1.0 3.002 4.193 9.91 1533.92 2.162 1318.134 0.8882512657807445 1.0
10.0 3.0 Car -1.0 -1.0 -1.0 -1.0 -1.0 -1.0 -1.0 1.999 1.786 4.543 1526.492 1.121 1309.339 0.8595048431290353 1.0
10.0 4.0 Car -1.0 -1.0 -1.0 -1.0 -1.0 -1.0 -1.0 1.902 1.493 4.598 1535.018 0.812 1314.066 0.8291309043489742 1.0
10.0 2.0 Car -1.0 -1.0 -1.0 -1.0 -1.0 -1.0 -1.0 1.871 1.761 4.534 1544.836 0.928 1332.649 1.1561333899921646 0.0
10.0 1.0 Car -1.0 -1.0 -1.0 -1.0 -1.0 -1.0 -1.0 2.146 2.0 4.965 1504.097 1.648 1283.231 0.8605694943132989 1.0
11.0 0.0 Truck -1.0 -1.0 -1.0 -1.0 -1.0 -1.0 -1.0 3.002 4.193 9.91 1534.974 2.162 1319.283 0.870798824131257 1.0
11.0 3.0 Car -1.0 -1.0 -1.0 -1.0 -1.0 -1.0 -1.0 1.999 1.786 4.543 1526.845 1.121 1309.772 0.8595048431290353 1.0
11.0 4.0 Car -1.0 -1.0 -1.0 -1.0 -1.0 -1.0 -1.0 1.902 1.493 4.598 1535.251 0.812 1314.218 0.8553281841893575 1.0
11.0 2.0 Car -1.0 -1.0 -1.0 -1.0 -1.0 -1.0 -1.0 1.871 1.761 4.534 1545.265 0.928 1335.147 1.3832122747583588 0.0
11.0 1.0 Car -1.0 -1.0 -1.0 -1.0 -1.0 -1.0 -1.0 2.146 2.0 4.965 1506.788 1.598 1286.378 0.8605694943132989 1.0
12.0 0.0 Truck -1.0 -1.0 -1.0 -1.0 -1.0 -1.0 -1.0 3.002 4.193 9.91 1536.184 2.162 1320.725 0.8708000991166005 1.0
12.0 3.0 Car -1.0 -1.0 -1.0 -1.0 -1.0 -1.0 -1.0 1.999 1.786 4.543 1527.197 1.121 1310.204 0.8595048431290353 1.0
12.0 4.0 Car -1.0 -1.0 -1.0 -1.0 -1.0 -1.0 -1.0 1.902 1.493 4.598 1535.726 0.812 1314.666 0.8814959916514995 1.0
12.0 2.0 Car -1.0 -1.0 -1.0 -1.0 -1.0 -1.0 -1.0 1.871 1.761 4.534 1545.251 0.928 1337.738 1.592543128966654 0.0
12.0 1.0 Car -1.0 -1.0 -1.0 -1.0 -1.0 -1.0 -1.0 2.146 2.0 4.965 1508.967 1.548 1288.841 0.8431162017933554 1.0
13.0 0.0 Truck -1.0 -1.0 -1.0 -1.0 -1.0 -1.0 -1.0 3.002 4.193 9.91 1537.395 2.162 1322.167 0.8708013741070451 1.0
13.0 3.0 Car -1.0 -1.0 -1.0 -1.0 -1.0 -1.0 -1.0 1.999 1.786 4.543 1527.931 1.121 1311.008 0.8595048431290353 1.0
13.0 4.0 Car -1.0 -1.0 -1.0 -1.0 -1.0 -1.0 -1.0 1.902 1.493 4.598 1536.422 0.812 1315.481 0.8698562874953791 1.0
13.0 2.0 Car -1.0 -1.0 -1.0 -1.0 -1.0 -1.0 -1.0 1.871 1.761 4.534 1544.637 0.961 1340.353 1.8195048325825252 0.0
13.0 1.0 Car -1.0 -1.0 -1.0 -1.0 -1.0 -1.0 -1.0 2.146 2.0 4.965 1511.169 1.448 1291.285 0.8431162017933554 1.0
14.0 0.0 Truck -1.0 -1.0 -1.0 -1.0 -1.0 -1.0 -1.0 3.002 4.193 9.91 1538.803 2.162 1323.844 0.8708026491102429 1.0
14.0 3.0 Car -1.0 -1.0 -1.0 -1.0 -1.0 -1.0 -1.0 1.999 1.786 4.543 1529.024 1.102 1312.309 0.8608942119584901 1.0
14.0 4.0 Car -1.0 -1.0 -1.0 -1.0 -1.0 -1.0 -1.0 1.902 1.493 4.598 1537.451 0.827 1316.737 0.858213796642929 1.0
14.0 2.0 Car -1.0 -1.0 -1.0 -1.0 -1.0 -1.0 -1.0 1.871 1.761 4.534 1543.698 0.995 1343.109 1.9853675755144415 0.0
14.0 1.0 Car -1.0 -1.0 -1.0 -1.0 -1.0 -1.0 -1.0 2.146 2.0 4.965 1513.565 1.547 1293.947 0.8431162017933554 1.0
15.0 0.0 Truck -1.0 -1.0 -1.0 -1.0 -1.0 -1.0 -1.0 3.002 4.193 9.91 1540.21 2.162 1325.519 0.8708039227157044 1.0
15.0 3.0 Car -1.0 -1.0 -1.0 -1.0 -1.0 -1.0 -1.0 1.999 1.786 4.543 1530.359 1.184 1313.892 0.8622820576772077 1.0
15.0 4.0 Car -1.0 -1.0 -1.0 -1.0 -1.0 -1.0 -1.0 1.902 1.493 4.598 1538.48 0.842 1317.992 0.8465840689980964 1.0
15.0 2.0 Car -1.0 -1.0 -1.0 -1.0 -1.0 -1.0 -1.0 1.871 1.761 4.534 1542.318 1.028 1345.67 2.1510484896048396 0.0
15.0 1.0 Car -1.0 -1.0 -1.0 -1.0 -1.0 -1.0 -1.0 2.146 2.0 4.965 1515.978 1.647 1296.628 0.8431162017933554 1.0
16.0 0.0 Truck -1.0 -1.0 -1.0 -1.0 -1.0 -1.0 -1.0 3.002 4.193 9.91 1541.616 2.162 1327.354 0.923130428426506 1.0
16.0 3.0 Car -1.0 -1.0 -1.0 -1.0 -1.0 -1.0 -1.0 1.999 1.786 4.543 1531.736 1.147 1315.555 0.8650591387410134 1.0
16.0 4.0 Car -1.0 -1.0 -1.0 -1.0 -1.0 -1.0 -1.0 1.902 1.493 4.598 1539.883 0.815 1319.472 0.83495490032586 1.0
16.0 2.0 Car -1.0 -1.0 -1.0 -1.0 -1.0 -1.0 -1.0 1.871 1.761 4.534 1540.143 1.065 1348.359 2.3254857055012055 0.0
16.0 1.0 Car -1.0 -1.0 -1.0 -1.0 -1.0 -1.0 -1.0 2.146 2.0 4.965 1517.572 1.597 1298.434 0.8431162017933554 1.0
17.0 0.0 Truck -1.0 -1.0 -1.0 -1.0 -1.0 -1.0 -1.0 3.002 4.193 9.91 1542.926 2.162 1329.262 0.975516878502954 1.0
17.0 3.0 Car -1.0 -1.0 -1.0 -1.0 -1.0 -1.0 -1.0 1.999 1.786 4.543 1533.388 1.161 1317.542 0.8678394011822197 1.0
17.0 4.0 Car -1.0 -1.0 -1.0 -1.0 -1.0 -1.0 -1.0 1.902 1.493 4.598 1541.287 0.788 1320.953 0.8233124094734097 1.0
17.0 2.0 Car -1.0 -1.0 -1.0 -1.0 -1.0 -1.0 -1.0 1.871 1.761 4.534 1537.794 1.203 1350.553 2.4651961745023425 0.0
17.0 1.0 Car -1.0 -1.0 -1.0 -1.0 -1.0 -1.0 -1.0 2.146 2.0 4.965 1519.204 1.546 1300.227 0.8431162017933554 1.0
18.0 0.0 Truck -1.0 -1.0 -1.0 -1.0 -1.0 -1.0 -1.0 3.002 4.193 9.91 1543.887 2.162 1331.232 1.0975827416988406 1.0
18.0 3.0 Car -1.0 -1.0 -1.0 -1.0 -1.0 -1.0 -1.0 1.999 1.786 4.543 1535.142 1.116 1319.664 0.8822714274523552 1.0
18.0 4.0 Car -1.0 -1.0 -1.0 -1.0 -1.0 -1.0 -1.0 1.902 1.493 4.598 1542.937 0.762 1322.7 0.8116828215717262 1.0
18.0 2.0 Car -1.0 -1.0 -1.0 -1.0 -1.0 -1.0 -1.0 1.871 1.761 4.534 1535.062 1.065 1352.613 2.517529666220002 0.0
18.0 1.0 Car -1.0 -1.0 -1.0 -1.0 -1.0 -1.0 -1.0 2.146 2.0 4.965 1522.022 1.246 1303.281 0.7907563242335256 1.0
19.0 0.0 Truck -1.0 -1.0 -1.0 -1.0 -1.0 -1.0 -1.0 3.002 4.193 9.91 1544.711 2.162 1333.556 1.2197987038078686 0.0
19.0 3.0 Car -1.0 -1.0 -1.0 -1.0 -1.0 -1.0 -1.0 1.999 1.786 4.543 1536.894 1.071 1321.791 0.8967212001374254 0.0
19.0 4.0 Car -1.0 -1.0 -1.0 -1.0 -1.0 -1.0 -1.0 1.902 1.493 4.598 1544.602 0.795 1324.471 0.82043612360948 1.0
19.0 2.0 Car -1.0 -1.0 -1.0 -1.0 -1.0 -1.0 -1.0 1.871 1.761 4.534 1532.223 0.928 1354.529 2.5699275100834784 0.0
19.0 1.0 Car -1.0 -1.0 -1.0 -1.0 -1.0 -1.0 -1.0 2.146 2.0 4.965 1524.345 1.228 1305.483 0.7819642712645352 1.0
20.0 0.0 Truck -1.0 -1.0 -1.0 -1.0 -1.0 -1.0 -1.0 3.002 4.193 9.91 1544.958 2.162 1336.02 1.4205287113946778 0.0
20.0 3.0 Car -1.0 -1.0 -1.0 -1.0 -1.0 -1.0 -1.0 1.999 1.786 4.543 1538.644 1.026 1323.919 0.9111668975057106 0.0
20.0 4.0 Car -1.0 -1.0 -1.0 -1.0 -1.0 -1.0 -1.0 1.902 1.493 4.598 1546.366 0.762 1326.185 0.8117533540421463 1.0
20.0 2.0 Car -1.0 -1.0 -1.0 -1.0 -1.0 -1.0 -1.0 1.871 1.761 4.534 1529.109 0.94 1356.385 2.5961030405889582 0.0
20.0 1.0 Car -1.0 -1.0 -1.0 -1.0 -1.0 -1.0 -1.0 2.146 2.0 4.965 1526.666 1.209 1307.684 0.7731746979470808 1.0
21.0 0.0 Truck -1.0 -1.0 -1.0 -1.0 -1.0 -1.0 -1.0 3.002 4.193 9.91 1544.846 2.162 1338.655 1.5615185466204184 0.0
21.0 3.0 Car -1.0 -1.0 -1.0 -1.0 -1.0 -1.0 -1.0 1.999 1.786 4.543 1540.394 0.98 1326.047 0.9256155140725438 0.0
21.0 4.0 Car -1.0 -1.0 -1.0 -1.0 -1.0 -1.0 -1.0 1.902 1.493 4.598 1548.347 0.728 1327.821 0.6896786163784271 1.0
21.0 1.0 Car -1.0 -1.0 -1.0 -1.0 -1.0 -1.0 -1.0 2.146 2.0 4.965 1528.988 1.19 1309.886 0.7643833484253347 1.0
22.0 0.0 Truck -1.0 -1.0 -1.0 -1.0 -1.0 -1.0 -1.0 3.002 4.193 9.91 1544.286 2.162 1341.168 1.772706489511115 0.0
22.0 3.0 Car -1.0 -1.0 -1.0 -1.0 -1.0 -1.0 -1.0 1.999 1.786 4.543 1542.043 0.96 1328.431 0.9868618949155401 0.0
22.0 4.0 Car -1.0 -1.0 -1.0 -1.0 -1.0 -1.0 -1.0 1.902 1.493 4.598 1550.259 0.695 1329.024 0.5673367262925201 1.0
22.0 1.0 Car -1.0 -1.0 -1.0 -1.0 -1.0 -1.0 -1.0 2.146 2.0 4.965 1531.315 1.171 1312.092 0.755572759621457 1.0
23.0 0.0 Truck -1.0 -1.0 -1.0 -1.0 -1.0 -1.0 -1.0 3.002 4.193 9.91 1542.858 2.162 1344.026 1.9762498691991721 0.0
23.0 3.0 Car -1.0 -1.0 -1.0 -1.0 -1.0 -1.0 -1.0 1.999 1.786 4.543 1543.492 0.94 1330.9 1.0829043125726954 0.0
23.0 4.0 Car -1.0 -1.0 -1.0 -1.0 -1.0 -1.0 -1.0 1.902 1.493 4.598 1552.372 0.678 1329.808 0.4015307786872957 1.0
23.0 1.0 Car -1.0 -1.0 -1.0 -1.0 -1.0 -1.0 -1.0 2.146 2.0 4.965 1533.64 1.153 1314.296 0.7467723004578971 1.0
24.0 0.0 Truck -1.0 -1.0 -1.0 -1.0 -1.0 -1.0 -1.0 3.002 4.193 9.91 1541.091 2.162 1346.734 2.1797940623790417 0.0
24.0 3.0 Car -1.0 -1.0 -1.0 -1.0 -1.0 -1.0 -1.0 1.999 1.786 4.543 1544.618 0.92 1333.328 1.1439908974276902 0.0
24.0 4.0 Car -1.0 -1.0 -1.0 -1.0 -1.0 -1.0 -1.0 1.902 1.493 4.598 1554.586 0.662 1330.231 0.2357241684135973 1.0
24.0 1.0 Car -1.0 -1.0 -1.0 -1.0 -1.0 -1.0 -1.0 2.146 2.0 4.965 1535.973 1.134 1316.507 0.7816504426742277 1.0
25.0 0.0 Truck -1.0 -1.0 -1.0 -1.0 -1.0 -1.0 -1.0 3.002 4.193 9.91 1538.67 2.14 1349.546 2.336955147865527 0.0
25.0 3.0 Car -1.0 -1.0 -1.0 -1.0 -1.0 -1.0 -1.0 1.999 1.786 4.543 1545.349 0.9 1336.047 1.3796102854117316 0.0
25.0 4.0 Car -1.0 -1.0 -1.0 -1.0 -1.0 -1.0 -1.0 1.902 1.493 4.598 1557.189 0.67 1330.273 0.03501110388964235 1.0
25.0 1.0 Car -1.0 -1.0 -1.0 -1.0 -1.0 -1.0 -1.0 2.146 2.0 4.965 1538.229 1.115 1318.799 0.8165285151929589 0.0
26.0 0.0 Truck -1.0 -1.0 -1.0 -1.0 -1.0 -1.0 -1.0 3.002 4.193 9.91 1535.407 2.067 1352.055 2.494115919293651 0.0
26.0 3.0 Car -1.0 -1.0 -1.0 -1.0 -1.0 -1.0 -1.0 1.999 1.786 4.543 1545.607 0.947 1338.381 1.5543945083703161 0.0
26.0 4.0 Car -1.0 -1.0 -1.0 -1.0 -1.0 -1.0 -1.0 1.902 1.493 4.598 1559.906 0.678 1329.788 -0.16570155954509858 1.0
26.0 1.0 Car -1.0 -1.0 -1.0 -1.0 -1.0 -1.0 -1.0 2.146 2.0 4.965 1540.331 1.096 1321.259 0.9343340412004739 0.0
27.0 0.0 Truck -1.0 -1.0 -1.0 -1.0 -1.0 -1.0 -1.0 3.002 4.193 9.91 1531.87 2.095 1354.435 2.598748163821578 0.0
27.0 3.0 Car -1.0 -1.0 -1.0 -1.0 -1.0 -1.0 -1.0 1.999 1.786 4.543 1545.16 0.994 1341.008 1.9033368040375993 0.0
27.0 4.0 Car -1.0 -1.0 -1.0 -1.0 -1.0 -1.0 -1.0 1.902 1.493 4.598 1562.867 0.736 1328.946 -0.2587855380355921 0.0
27.0 1.0 Car -1.0 -1.0 -1.0 -1.0 -1.0 -1.0 -1.0 2.146 2.0 4.965 1542.127 1.077 1323.946 1.0520131500106682 0.0
28.0 0.0 Truck -1.0 -1.0 -1.0 -1.0 -1.0 -1.0 -1.0 3.002 4.193 9.91 1527.927 2.129 1356.663 2.6278034344739027 0.0
28.0 3.0 Car -1.0 -1.0 -1.0 -1.0 -1.0 -1.0 -1.0 1.999 1.786 4.543 1543.673 1.04 1343.615 2.182461741329123 0.0
28.0 4.0 Car -1.0 -1.0 -1.0 -1.0 -1.0 -1.0 -1.0 1.902 1.493 4.598 1566.279 0.795 1327.661 -0.35186839925466784 0.0
28.0 1.0 Car -1.0 -1.0 -1.0 -1.0 -1.0 -1.0 -1.0 2.146 2.0 4.965 1543.596 1.059 1326.826 1.169690846338211 0.0
29.0 0.0 Truck -1.0 -1.0 -1.0 -1.0 -1.0 -1.0 -1.0 3.002 4.193 9.91 1523.921 2.162 1358.775 2.656859635125528 0.0
29.0 3.0 Car -1.0 -1.0 -1.0 -1.0 -1.0 -1.0 -1.0 1.999 1.786 4.543 1541.169 1.187 1346.607 2.3046856186120146 0.0
29.0 4.0 Car -1.0 -1.0 -1.0 -1.0 -1.0 -1.0 -1.0 1.902 1.493 4.598 1569.435 0.853 1326.306 -0.4449542398641912 0.0
29.0 1.0 Car -1.0 -1.0 -1.0 -1.0 -1.0 -1.0 -1.0 2.146 2.0 4.965 1544.717 1.04 1329.859 1.2873723092861578 0.0
30.0 0.0 Truck -1.0 -1.0 -1.0 -1.0 -1.0 -1.0 -1.0 3.002 4.193 9.91 1519.497 2.162 1361.13 2.668486252937454 0.0
30.0 3.0 Car -1.0 -1.0 -1.0 -1.0 -1.0 -1.0 -1.0 1.999 1.786 4.543 1538.616 1.183 1348.88 2.4442840277061366 0.0
30.0 4.0 Car -1.0 -1.0 -1.0 -1.0 -1.0 -1.0 -1.0 1.902 1.493 4.598 1572.852 0.861 1324.536 -0.5002226091893274 0.0
30.0 1.0 Car -1.0 -1.0 -1.0 -1.0 -1.0 -1.0 -1.0 2.146 2.0 4.965 1545.247 1.071 1332.426 1.4095453569257614 0.0
31.0 4.0 Car -1.0 -1.0 -1.0 -1.0 -1.0 -1.0 -1.0 1.902 1.493 4.598 1576.224 0.87 1322.682 -0.5031318349918394 0.0
31.0 1.0 Car -1.0 -1.0 -1.0 -1.0 -1.0 -1.0 -1.0 2.146 2.0 4.965 1545.483 1.102 1334.909 1.4793585270055343 0.0
32.0 4.0 Car -1.0 -1.0 -1.0 -1.0 -1.0 -1.0 -1.0 1.902 1.493 4.598 1579.596 0.878 1320.829 -0.4798608249040792 0.0
32.0 1.0 Car -1.0 -1.0 -1.0 -1.0 -1.0 -1.0 -1.0 2.146 2.0 4.965 1545.541 1.134 1337.19 1.5664117172926726 0.0
33.0 4.0 Car -1.0 -1.0 -1.0 -1.0 -1.0 -1.0 -1.0 1.902 1.493 4.598 1583.123 0.911 1318.937 -0.5060545822973506 0.0
33.0 1.0 Car -1.0 -1.0 -1.0 -1.0 -1.0 -1.0 -1.0 2.146 2.0 4.965 1545.396 1.181 1340.177 1.7833547012562905 0.0
34.0 4.0 Car -1.0 -1.0 -1.0 -1.0 -1.0 -1.0 -1.0 1.902 1.493 4.598 1586.596 0.944 1316.956 -0.5322207024639085 0.0
34.0 1.0 Car -1.0 -1.0 -1.0 -1.0 -1.0 -1.0 -1.0 2.146 2.0 4.965 1544.568 1.227 1343.041 1.930310862290084 0.0
35.0 4.0 Car -1.0 -1.0 -1.0 -1.0 -1.0 -1.0 -1.0 1.902 1.493 4.598 1590.247 0.977 1314.847 -0.5264049238584297 0.0
35.0 1.0 Car -1.0 -1.0 -1.0 -1.0 -1.0 -1.0 -1.0 2.146 2.0 4.965 1543.18 1.29 1345.961 2.1353335525559585 0.0
36.0 4.0 Car -1.0 -1.0 -1.0 -1.0 -1.0 -1.0 -1.0 1.902 1.493 4.598 1593.897 1.011 1312.738 -0.5205891568871377 0.0
36.0 1.0 Car -1.0 -1.0 -1.0 -1.0 -1.0 -1.0 -1.0 2.146 2.0 4.965 1541.417 1.353 1348.661 2.1832762349187465 0.0
37.0 4.0 Car -1.0 -1.0 -1.0 -1.0 -1.0 -1.0 -1.0 1.902 1.493 4.598 1597.552 1.044 1310.627 -0.5147674099439653 0.0
38.0 4.0 Car -1.0 -1.0 -1.0 -1.0 -1.0 -1.0 -1.0 1.902 1.493 4.598 1601.228 1.002 1308.668 -0.5060346918204749 0.0
