0.0 0.0 Car -1.0 -1.0 -1.0 -1.0 -1.0 -1.0 -1.0 2.139 2.0 5.17 1763.206 0.992 931.087 0.9389871374422079 0.0
1.0 0.0 Car -1.0 -1.0 -1.0 -1.0 -1.0 -1.0 -1.0 2.139 2.0 5.17 1765.87 0.993 934.719 0.9389871374422079 1.0
2.0 0.0 Car -1.0 -1.0 -1.0 -1.0 -1.0 -1.0 -1.0 2.139 2.0 5.17 1768.533 0.993 938.35 0.9389871374422079 1.0
3.0 0.0 Car -1.0 -1.0 -1.0 -1.0 -1.0 -1.0 -1.0 2.139 2.0 5.17 1771.2 0.993 941.986 0.9389871374422079 1.0
4.0 0.0 Car -1.0 -1.0 -1.0 -1.0 -1.0 -1.0 -1.0 2.139 2.0 5.17 1773.824 0.993 945.503 0.9389871374422079 1.0
5.0 0.0 Car -1.0 -1.0 -1.0 -1.0 -1.0 -1.0 -1.0 2.139 2.0 5.17 1776.448 0.993 949.02 0.9389871374422079 1.0
6.0 0.0 Car -1.0 -1.0 -1.0 -1.0 -1.0 -1.0 -1.0 2.139 2.0 5.17 1779.074 0.993 952.54 0.9389871374422079 1.0
7.0 0.0 Car -1.0 -1.0 -1.0 -1.0 -1.0 -1.0 -1.0 2.139 2.0 5.17 1781.433 0.993 955.639 0.8923777257937496 1.0
8.0 0.0 Car -1.0 -1.0 -1.0 -1.0 -1.0 -1.0 -1.0 2.139 2.0 5.17 1783.928 0.993 958.619 0.8458700988898517 1.0
9.0 0.0 Car -1.0 -1.0 -1.0 -1.0 -1.0 -1.0 -1.0 2.139 2.0 5.17 1786.559 0.993 961.479 0.7993607972826614 1.0
10.0 0.0 Car -1.0 -1.0 -1.0 -1.0 -1.0 -1.0 -1.0 2.139 2.0 5.17 1789.171 1.001 964.011 0.7489796302648735 1.0
11.0 0.0 Car -1.0 -1.0 -1.0 -1.0 -1.0 -1.0 -1.0 2.139 2.0 5.17 1791.909 1.009 966.412 0.6985441406153522 0.0
12.0 0.0 Car -1.0 -1.0 -1.0 -1.0 -1.0 -1.0 -1.0 2.139 2.0 5.17 1794.598 0.993 968.538 0.64810744155659 0.0
13.0 0.0 Car -1.0 -1.0 -1.0 -1.0 -1.0 -1.0 -1.0 2.139 2.0 5.17 1797.113 0.993 970.428 0.6627057511577279 0.0
14.0 0.0 Car -1.0 -1.0 -1.0 -1.0 -1.0 -1.0 -1.0 2.139 2.0 5.17 1799.608 0.993 972.303 0.6771877496430581 0.0
15.0 0.0 Car -1.0 -1.0 -1.0 -1.0 -1.0 -1.0 -1.0 2.139 2.0 5.17 1801.825 0.993 974.187 0.7313455192600679 0.0
16.0 0.0 Car -1.0 -1.0 -1.0 -1.0 -1.0 -1.0 -1.0 2.139 2.0 5.17 1803.936 0.993 976.188 0.7855064306560711 0.0
17.0 0.0 Car -1.0 -1.0 -1.0 -1.0 -1.0 -1.0 -1.0 2.139 2.0 5.17 1805.742 0.993 978.086 0.8342673823225479 0.0
18.0 0.0 Car -1.0 -1.0 -1.0 -1.0 -1.0 -1.0 -1.0 2.139 2.0 5.17 1807.555 0.993 980.143 0.8633244500108559 0.0
19.0 0.0 Car -1.0 -1.0 -1.0 -1.0 -1.0 -1.0 -1.0 2.139 2.0 5.17 1809.31 0.993 982.255 0.8924239393246152 0.0
20.0 0.0 Car -1.0 -1.0 -1.0 -1.0 -1.0 -1.0 -1.0 2.139 2.0 5.17 1811.003 0.993 984.418 0.9215338449222644 0.0
21.0 0.0 Car -1.0 -1.0 -1.0 -1.0 -1.0 -1.0 -1.0 2.139 2.0 5.17 1812.363 1.008 986.24 0.9322810849389902 1.0
22.0 0.0 Car -1.0 -1.0 -1.0 -1.0 -1.0 -1.0 -1.0 2.139 2.0 5.17 1813.726 1.023 988.065 0.9430473748672686 1.0
23.0 0.0 Car -1.0 -1.0 -1.0 -1.0 -1.0 -1.0 -1.0 2.139 2.0 5.17 1815.421 1.043 990.335 0.9564404299621512 1.0
24.0 0.0 Car -1.0 -1.0 -1.0 -1.0 -1.0 -1.0 -1.0 2.139 2.0 5.17 1817.429 1.042 993.199 0.9563979244676205 1.0
25.0 0.0 Car -1.0 -1.0 -1.0 -1.0 -1.0 -1.0 -1.0 2.139 2.0 5.17 1819.435 1.041 996.06 0.9563554646666897 0.0
26.0 0.0 Car -1.0 -1.0 -1.0 -1.0 -1.0 -1.0 -1.0 2.139 2.0 5.17 1821.239 1.041 998.633 0.9563172808694351 0.0
27.0 0.0 Car -1.0 -1.0 -1.0 -1.0 -1.0 -1.0 -1.0 2.139 2.0 5.17 1823.255 1.05 1001.487 0.9622921690494427 0.0
28.0 0.0 Car -1.0 -1.0 -1.0 -1.0 -1.0 -1.0 -1.0 2.139 2.0 5.17 1825.27 1.059 1004.341 0.9682669138043094 0.0
29.0 0.0 Car -1.0 -1.0 -1.0 -1.0 -1.0 -1.0 -1.0 2.139 2.0 5.17 1827.397 1.05 1007.477 0.9712136198411554 0.0
30.0 0.0 Car -1.0 -1.0 -1.0 -1.0 -1.0 -1.0 -1.0 2.139 2.0 5.17 1829.331 1.043 1010.33 0.9738937224820945 0.0
31.0 0.0 Car -1.0 -1.0 -1.0 -1.0 -1.0 -1.0 -1.0 2.139 2.0 5.17 1831.332 1.049 1013.286 0.9680780918443082 0.0
32.0 0.0 Car -1.0 -1.0 -1.0 -1.0 -1.0 -1.0 -1.0 2.139 2.0 5.17 1833.334 1.055 1016.243 0.9622603818806077 0.0
33.0 0.0 Car -1.0 -1.0 -1.0 -1.0 -1.0 -1.0 -1.0 2.139 2.0 5.17 1835.336 1.061 1019.202 0.9564404299621512 0.0
34.0 0.0 Car -1.0 -1.0 -1.0 -1.0 -1.0 -1.0 -1.0 2.139 2.0 5.17 1837.301 1.067 1021.961 0.9564404299621512 0.0
35.0 0.0 Car -1.0 -1.0 -1.0 -1.0 -1.0 -1.0 -1.0 2.139 2.0 5.17 1839.267 1.073 1024.724 0.9564404299621512 0.0
36.0 0.0 Car -1.0 -1.0 -1.0 -1.0 -1.0 -1.0 -1.0 2.139 2.0 5.17 1841.181 1.079 1027.445 0.9643725887095712 0.0
