0.0 1.0 Car -1.0 -1.0 -1.0 -1.0 -1.0 -1.0 -1.0 1.804 1.865 4.174 481.574 0.934 898.698 2.6336320278141905 0.0
1.0 1.0 Car -1.0 -1.0 -1.0 -1.0 -1.0 -1.0 -1.0 1.804 1.865 4.174 479.096 0.918 899.885 2.681628582244034 1.0
2.0 1.0 Car -1.0 -1.0 -1.0 -1.0 -1.0 -1.0 -1.0 1.804 1.865 4.174 476.563 0.901 900.951 2.7296251366738784 1.0
3.0 1.0 Car -1.0 -1.0 -1.0 -1.0 -1.0 -1.0 -1.0 1.804 1.865 4.174 473.976 0.884 901.889 2.7514417523238075 1.0
4.0 1.0 Car -1.0 -1.0 -1.0 -1.0 -1.0 -1.0 -1.0 1.804 1.865 4.174 471.39 0.868 902.826 2.773258367973737 1.0
5.0 1.0 Car -1.0 -1.0 -1.0 -1.0 -1.0 -1.0 -1.0 1.804 1.865 4.174 468.572 0.851 903.919 2.7558050754537935 1.0
6.0 1.0 Car -1.0 -1.0 -1.0 -1.0 -1.0 -1.0 -1.0 1.804 1.865 4.174 465.754 0.834 905.012 2.73835178293385 1.0
7.0 2.0 Car -1.0 -1.0 -1.0 -1.0 -1.0 -1.0 -1.0 1.889 1.49 4.503 495.458 0.728 888.398 2.571393586761365 0.0
7.0 1.0 Car -1.0 -1.0 -1.0 -1.0 -1.0 -1.0 -1.0 1.804 1.865 4.174 463.008 0.822 906.306 2.6772652591140487 0.0
8.0 2.0 Car -1.0 -1.0 -1.0 -1.0 -1.0 -1.0 -1.0 1.889 1.49 4.503 493.362 0.728 889.779 2.571393586761365 1.0
8.0 1.0 Car -1.0 -1.0 -1.0 -1.0 -1.0 -1.0 -1.0 1.804 1.865 4.174 460.346 0.809 907.766 2.616178735294247 0.0
9.0 2.0 Car -1.0 -1.0 -1.0 -1.0 -1.0 -1.0 -1.0 1.889 1.49 4.503 491.005 0.728 891.327 2.571393586761365 1.0
9.0 1.0 Car -1.0 -1.0 -1.0 -1.0 -1.0 -1.0 -1.0 1.804 1.865 4.174 457.346 0.797 909.665 2.589998796514332 0.0
10.0 2.0 Car -1.0 -1.0 -1.0 -1.0 -1.0 -1.0 -1.0 1.889 1.49 4.503 489.092 0.728 892.591 2.571393586761365 0.0
10.0 1.0 Car -1.0 -1.0 -1.0 -1.0 -1.0 -1.0 -1.0 1.804 1.865 4.174 454.396 0.784 911.642 2.563818857734417 0.0
11.0 2.0 Car -1.0 -1.0 -1.0 -1.0 -1.0 -1.0 -1.0 1.889 1.49 4.503 486.527 0.728 894.272 2.571393586761365 0.0
11.0 1.0 Car -1.0 -1.0 -1.0 -1.0 -1.0 -1.0 -1.0 1.804 1.865 4.174 451.087 0.818 913.926 2.552183329387788 0.0
12.0 2.0 Car -1.0 -1.0 -1.0 -1.0 -1.0 -1.0 -1.0 1.889 1.49 4.503 483.874 0.728 896.047 2.571393586761365 0.0
12.0 1.0 Car -1.0 -1.0 -1.0 -1.0 -1.0 -1.0 -1.0 1.804 1.865 4.174 447.778 0.851 916.21 2.5405478010411593 0.0
13.0 2.0 Car -1.0 -1.0 -1.0 -1.0 -1.0 -1.0 -1.0 1.889 1.49 4.503 481.377 0.728 897.722 2.571393586761365 0.0
13.0 1.0 Car -1.0 -1.0 -1.0 -1.0 -1.0 -1.0 -1.0 1.804 1.865 4.174 444.16 0.884 918.704 2.52891227269453 0.0
14.0 2.0 Car -1.0 -1.0 -1.0 -1.0 -1.0 -1.0 -1.0 1.889 1.49 4.503 478.482 0.728 899.578 2.571393586761365 0.0
14.0 0.0 Car -1.0 -1.0 -1.0 -1.0 -1.0 -1.0 -1.0 1.781 1.629 4.521 487.993 0.715 893.247 2.571393586761365 0.0
14.0 1.0 Car -1.0 -1.0 -1.0 -1.0 -1.0 -1.0 -1.0 1.804 1.865 4.174 440.466 0.934 921.24 2.5318211547811877 0.0
15.0 2.0 Car -1.0 -1.0 -1.0 -1.0 -1.0 -1.0 -1.0 1.889 1.49 4.503 475.43 0.728 901.535 2.571393586761365 0.0
15.0 0.0 Car -1.0 -1.0 -1.0 -1.0 -1.0 -1.0 -1.0 1.781 1.629 4.521 485.58 0.765 894.898 2.571393586761365 1.0
15.0 1.0 Car -1.0 -1.0 -1.0 -1.0 -1.0 -1.0 -1.0 1.804 1.865 4.174 436.47 0.984 923.945 2.5347300368678445 0.0
16.0 2.0 Car -1.0 -1.0 -1.0 -1.0 -1.0 -1.0 -1.0 1.889 1.49 4.503 472.274 0.728 903.559 2.571393586761365 0.0
16.0 0.0 Car -1.0 -1.0 -1.0 -1.0 -1.0 -1.0 -1.0 1.781 1.629 4.521 483.036 0.815 896.634 2.571393586761365 1.0
16.0 1.0 Car -1.0 -1.0 -1.0 -1.0 -1.0 -1.0 -1.0 1.804 1.865 4.174 432.473 1.034 926.65 2.537638918954502 0.0
17.0 2.0 Car -1.0 -1.0 -1.0 -1.0 -1.0 -1.0 -1.0 1.889 1.49 4.503 469.197 0.728 905.532 2.571393586761365 0.0
17.0 0.0 Car -1.0 -1.0 -1.0 -1.0 -1.0 -1.0 -1.0 1.781 1.629 4.521 480.361 0.815 898.453 2.5539402942414213 1.0
17.0 1.0 Car -1.0 -1.0 -1.0 -1.0 -1.0 -1.0 -1.0 1.804 1.865 4.174 428.477 1.084 929.356 2.5405478010411593 0.0
18.0 2.0 Car -1.0 -1.0 -1.0 -1.0 -1.0 -1.0 -1.0 1.889 1.49 4.503 465.806 0.778 907.707 2.571393586761365 0.0
18.0 0.0 Car -1.0 -1.0 -1.0 -1.0 -1.0 -1.0 -1.0 1.781 1.629 4.521 477.617 0.815 900.281 2.5539402942414213 0.0
18.0 1.0 Car -1.0 -1.0 -1.0 -1.0 -1.0 -1.0 -1.0 1.804 1.865 4.174 424.481 1.134 932.061 2.5434566831278165 0.0
19.0 2.0 Car -1.0 -1.0 -1.0 -1.0 -1.0 -1.0 -1.0 1.889 1.49 4.503 462.155 0.828 910.048 2.571393586761365 0.0
19.0 0.0 Car -1.0 -1.0 -1.0 -1.0 -1.0 -1.0 -1.0 1.781 1.629 4.521 474.614 0.815 902.282 2.5539402942414213 0.0
20.0 2.0 Car -1.0 -1.0 -1.0 -1.0 -1.0 -1.0 -1.0 1.889 1.49 4.503 458.321 0.828 912.507 2.571393586761365 0.0
20.0 0.0 Car -1.0 -1.0 -1.0 -1.0 -1.0 -1.0 -1.0 1.781 1.629 4.521 471.421 0.815 904.446 2.5539402942414213 0.0
21.0 2.0 Car -1.0 -1.0 -1.0 -1.0 -1.0 -1.0 -1.0 1.889 1.49 4.503 454.747 0.828 914.798 2.571393586761365 0.0
21.0 0.0 Car -1.0 -1.0 -1.0 -1.0 -1.0 -1.0 -1.0 1.781 1.629 4.521 467.969 0.815 906.783 2.5539402942414213 0.0
22.0 0.0 Car -1.0 -1.0 -1.0 -1.0 -1.0 -1.0 -1.0 1.781 1.629 4.521 464.345 0.815 909.197 2.5539402942414213 0.0
23.0 0.0 Car -1.0 -1.0 -1.0 -1.0 -1.0 -1.0 -1.0 1.781 1.629 4.521 461.212 0.815 911.284 2.5539402942414213 0.0
24.0 0.0 Car -1.0 -1.0 -1.0 -1.0 -1.0 -1.0 -1.0 1.781 1.629 4.521 457.892 0.815 913.645 2.484127124161648 0.0
25.0 0.0 Car -1.0 -1.0 -1.0 -1.0 -1.0 -1.0 -1.0 1.781 1.629 4.521 452.451 0.815 917.43 2.5015804166815916 0.0
26.0 0.0 Car -1.0 -1.0 -1.0 -1.0 -1.0 -1.0 -1.0 1.781 1.629 4.521 448.014 0.815 920.429 2.5015804166815916 0.0
27.0 0.0 Car -1.0 -1.0 -1.0 -1.0 -1.0 -1.0 -1.0 1.781 1.629 4.521 444.376 0.815 922.833 2.5015804166815916 0.0
28.0 0.0 Car -1.0 -1.0 -1.0 -1.0 -1.0 -1.0 -1.0 1.781 1.629 4.521 440.327 0.815 925.621 2.5015804166815916 0.0
29.0 0.0 Car -1.0 -1.0 -1.0 -1.0 -1.0 -1.0 -1.0 1.781 1.629 4.521 435.832 0.815 929.167 2.5015804166815916 0.0
