0.0 2.0 Car -1.0 -1.0 -1.0 -1.0 -1.0 -1.0 -1.0 2.156 1.758 4.681 1905.056 0.96 873.199 -3.1162155655056325 0.0
1.0 2.0 Car -1.0 -1.0 -1.0 -1.0 -1.0 -1.0 -1.0 2.156 1.758 4.681 1901.041 0.962 873.146 -3.1162155655056325 1.0
2.0 2.0 Car -1.0 -1.0 -1.0 -1.0 -1.0 -1.0 -1.0 2.156 1.758 4.681 1897.381 0.965 873.101 -3.1162155655056325 1.0
3.0 2.0 Car -1.0 -1.0 -1.0 -1.0 -1.0 -1.0 -1.0 2.156 1.758 4.681 1892.809 0.967 873.039 -3.1162155655056325 1.0
4.0 2.0 Car -1.0 -1.0 -1.0 -1.0 -1.0 -1.0 -1.0 2.156 1.758 4.681 1888.737 0.994 872.95 -3.1162155655056325 1.0
5.0 2.0 Car -1.0 -1.0 -1.0 -1.0 -1.0 -1.0 -1.0 2.156 1.758 4.681 1884.89 1.021 872.867 -3.1162155655056325 1.0
6.0 2.0 Car -1.0 -1.0 -1.0 -1.0 -1.0 -1.0 -1.0 2.156 1.758 4.681 1881.059 1.007 872.785 -3.1162155655056325 1.0
7.0 2.0 Car -1.0 -1.0 -1.0 -1.0 -1.0 -1.0 -1.0 2.156 1.758 4.681 1876.837 0.992 872.693 -3.1162155655056325 1.0
8.0 2.0 Car -1.0 -1.0 -1.0 -1.0 -1.0 -1.0 -1.0 2.156 1.758 4.681 1872.813 0.978 872.605 -3.1162155655056325 1.0
9.0 2.0 Car -1.0 -1.0 -1.0 -1.0 -1.0 -1.0 -1.0 2.156 1.758 4.681 1868.615 0.968 872.498 -3.110400035090177 1.0
10.0 2.0 Car -1.0 -1.0 -1.0 -1.0 -1.0 -1.0 -1.0 2.156 1.758 4.681 1864.468 0.958 872.391 -3.105163094496857 1.0
10.0 4.0 Car -1.0 -1.0 -1.0 -1.0 -1.0 -1.0 -1.0 2.046 1.572 4.949 1718.508 1.227 871.711 -2.389722265138374 0.0
11.0 2.0 Car -1.0 -1.0 -1.0 -1.0 -1.0 -1.0 -1.0 2.156 1.758 4.681 1859.89 0.947 872.275 -3.098762272985689 1.0
11.0 1.0 Truck -1.0 -1.0 -1.0 -1.0 -1.0 -1.0 -1.0 2.785 4.054 10.474 1717.215 2.356 861.161 0.14432127584792243 0.0
11.0 4.0 Car -1.0 -1.0 -1.0 -1.0 -1.0 -1.0 -1.0 2.046 1.572 4.949 1716.722 1.235 870.275 -2.5056459779865907 1.0
12.0 2.0 Car -1.0 -1.0 -1.0 -1.0 -1.0 -1.0 -1.0 2.156 1.758 4.681 1855.26 0.937 872.261 -3.107951347232457 1.0
12.0 1.0 Truck -1.0 -1.0 -1.0 -1.0 -1.0 -1.0 -1.0 2.785 4.054 10.474 1722.646 2.287 861.867 0.13513220160115447 1.0
12.0 4.0 Car -1.0 -1.0 -1.0 -1.0 -1.0 -1.0 -1.0 2.046 1.572 4.949 1714.965 1.241 869.158 -2.610973208910239 1.0
13.0 2.0 Car -1.0 -1.0 -1.0 -1.0 -1.0 -1.0 -1.0 2.156 1.758 4.681 1851.097 0.928 872.249 -3.1162155655056325 1.0
13.0 1.0 Truck -1.0 -1.0 -1.0 -1.0 -1.0 -1.0 -1.0 2.785 4.054 10.474 1727.53 2.225 862.502 0.1268679833279791 1.0
13.0 4.0 Car -1.0 -1.0 -1.0 -1.0 -1.0 -1.0 -1.0 2.046 1.572 4.949 1713.292 1.247 868.315 -2.7056995331390725 1.0
14.0 2.0 Car -1.0 -1.0 -1.0 -1.0 -1.0 -1.0 -1.0 2.156 1.758 4.681 1846.946 0.894 872.17 -3.114630100543635 1.0
14.0 1.0 Truck -1.0 -1.0 -1.0 -1.0 -1.0 -1.0 -1.0 2.785 4.054 10.474 1732.448 2.128 863.098 0.1168964655380813 1.0
14.0 4.0 Car -1.0 -1.0 -1.0 -1.0 -1.0 -1.0 -1.0 2.046 1.572 4.949 1711.743 1.252 867.702 -2.7899380983693702 1.0
15.0 2.0 Car -1.0 -1.0 -1.0 -1.0 -1.0 -1.0 -1.0 2.156 1.758 4.681 1841.968 0.921 872.061 -3.112647544614035 1.0
15.0 1.0 Truck -1.0 -1.0 -1.0 -1.0 -1.0 -1.0 -1.0 2.785 4.054 10.474 1738.598 2.007 863.843 0.10442751025030805 1.0
15.0 4.0 Car -1.0 -1.0 -1.0 -1.0 -1.0 -1.0 -1.0 2.046 1.572 4.949 1709.743 1.259 867.122 -2.895274810943544 1.0
16.0 2.0 Car -1.0 -1.0 -1.0 -1.0 -1.0 -1.0 -1.0 2.156 1.758 4.681 1836.991 0.948 871.952 -3.110665440771384 1.0
16.0 1.0 Truck -1.0 -1.0 -1.0 -1.0 -1.0 -1.0 -1.0 2.785 4.054 10.474 1744.747 1.886 864.588 0.09196139828809269 1.0
16.0 4.0 Car -1.0 -1.0 -1.0 -1.0 -1.0 -1.0 -1.0 2.046 1.572 4.949 1707.694 1.265 866.756 -3.000587503336386 1.0
17.0 2.0 Car -1.0 -1.0 -1.0 -1.0 -1.0 -1.0 -1.0 2.156 1.758 4.681 1832.014 0.974 871.843 -3.108683122782283 1.0
17.0 1.0 Truck -1.0 -1.0 -1.0 -1.0 -1.0 -1.0 -1.0 2.785 4.054 10.474 1750.837 1.918 864.951 0.06869890443603688 1.0
17.0 4.0 Car -1.0 -1.0 -1.0 -1.0 -1.0 -1.0 -1.0 2.046 1.572 4.949 1704.898 1.194 866.512 -3.0354812441144694 1.0
18.0 2.0 Car -1.0 -1.0 -1.0 -1.0 -1.0 -1.0 -1.0 2.156 1.758 4.681 1826.73 1.001 871.723 -3.1066985800495157 1.0
18.0 1.0 Truck -1.0 -1.0 -1.0 -1.0 -1.0 -1.0 -1.0 2.785 4.054 10.474 1756.935 1.951 865.3 0.045410303225751125 1.0
18.0 4.0 Car -1.0 -1.0 -1.0 -1.0 -1.0 -1.0 -1.0 2.046 1.572 4.949 1702.092 1.123 866.366 -3.070414145929898 1.0
19.0 2.0 Car -1.0 -1.0 -1.0 -1.0 -1.0 -1.0 -1.0 2.156 1.758 4.681 1821.731 1.128 871.71 -3.1047162977514895 1.0
19.0 1.0 Truck -1.0 -1.0 -1.0 -1.0 -1.0 -1.0 -1.0 2.785 4.054 10.474 1763.026 1.983 865.65 0.02214822820831941 1.0
19.0 4.0 Car -1.0 -1.0 -1.0 -1.0 -1.0 -1.0 -1.0 2.046 1.572 4.949 1699.287 1.052 866.318 -3.1053072584560457 1.0
20.0 2.0 Car -1.0 -1.0 -1.0 -1.0 -1.0 -1.0 -1.0 2.156 1.758 4.681 1816.911 1.121 871.619 -3.1027317470873723 1.0
20.0 1.0 Truck -1.0 -1.0 -1.0 -1.0 -1.0 -1.0 -1.0 2.785 4.054 10.474 1769.26 1.954 865.829 0.02214822820831941 1.0
20.0 4.0 Car -1.0 -1.0 -1.0 -1.0 -1.0 -1.0 -1.0 2.046 1.572 4.949 1695.231 1.048 866.16 -3.1053072584560457 1.0
20.0 0.0 Car -1.0 -1.0 -1.0 -1.0 -1.0 -1.0 -1.0 2.17 1.865 4.679 1733.064 1.033 862.028 0.1435009719691278 0.0
21.0 2.0 Car -1.0 -1.0 -1.0 -1.0 -1.0 -1.0 -1.0 2.156 1.758 4.681 1811.962 1.115 871.523 -3.1007471210754303 1.0
21.0 1.0 Truck -1.0 -1.0 -1.0 -1.0 -1.0 -1.0 -1.0 2.785 4.054 10.474 1775.495 1.925 866.008 0.02214822820831941 0.0
21.0 4.0 Car -1.0 -1.0 -1.0 -1.0 -1.0 -1.0 -1.0 2.046 1.572 4.949 1691.167 1.043 866.206 -3.1053072584560457 1.0
21.0 0.0 Car -1.0 -1.0 -1.0 -1.0 -1.0 -1.0 -1.0 2.17 1.865 4.679 1736.965 1.0 862.576 0.12604051548361794 1.0
22.0 2.0 Car -1.0 -1.0 -1.0 -1.0 -1.0 -1.0 -1.0 2.156 1.758 4.681 1807.045 1.108 871.428 -3.098762272985689 1.0
22.0 1.0 Truck -1.0 -1.0 -1.0 -1.0 -1.0 -1.0 -1.0 2.785 4.054 10.474 1781.73 1.896 866.188 0.02214822820831941 0.0
22.0 4.0 Car -1.0 -1.0 -1.0 -1.0 -1.0 -1.0 -1.0 2.046 1.572 4.949 1687.103 1.039 866.252 -3.1053072584560457 1.0
22.0 0.0 Car -1.0 -1.0 -1.0 -1.0 -1.0 -1.0 -1.0 2.17 1.865 4.679 1740.865 0.967 863.125 0.10857810518931732 1.0
23.0 2.0 Car -1.0 -1.0 -1.0 -1.0 -1.0 -1.0 -1.0 2.156 1.758 4.681 1802.24 1.05 871.312 -3.098762272985689 1.0
23.0 1.0 Truck -1.0 -1.0 -1.0 -1.0 -1.0 -1.0 -1.0 2.785 4.054 10.474 1787.956 1.867 866.367 0.02214822820831941 0.0
23.0 4.0 Car -1.0 -1.0 -1.0 -1.0 -1.0 -1.0 -1.0 2.046 1.572 4.949 1683.045 1.034 866.298 -3.1053072584560457 1.0
23.0 3.0 Truck -1.0 -1.0 -1.0 -1.0 -1.0 -1.0 -1.0 3.586 4.247 13.063 1708.432 2.165 903.443 -0.5857499497006202 0.0
23.0 0.0 Car -1.0 -1.0 -1.0 -1.0 -1.0 -1.0 -1.0 2.17 1.865 4.679 1744.76 0.933 863.673 0.09114109440929785 1.0
24.0 2.0 Car -1.0 -1.0 -1.0 -1.0 -1.0 -1.0 -1.0 2.156 1.758 4.681 1797.338 0.991 871.191 -3.098762272985689 1.0
24.0 1.0 Truck -1.0 -1.0 -1.0 -1.0 -1.0 -1.0 -1.0 2.785 4.054 10.474 1793.888 1.882 866.642 0.0308745427840893 0.0
24.0 5.0 Car -1.0 -1.0 -1.0 -1.0 -1.0 -1.0 -1.0 2.01 1.571 4.46 1719.546 0.872 870.243 0.9587268120514146 0.0
24.0 4.0 Car -1.0 -1.0 -1.0 -1.0 -1.0 -1.0 -1.0 2.046 1.572 4.949 1678.987 1.03 866.344 -3.1053072584560457 1.0
24.0 3.0 Truck -1.0 -1.0 -1.0 -1.0 -1.0 -1.0 -1.0 3.586 4.247 13.063 1709.371 2.165 902.977 -0.5857499497006202 1.0
24.0 0.0 Car -1.0 -1.0 -1.0 -1.0 -1.0 -1.0 -1.0 2.17 1.865 4.679 1748.694 0.933 864.073 0.09114109440929785 1.0
25.0 2.0 Car -1.0 -1.0 -1.0 -1.0 -1.0 -1.0 -1.0 2.156 1.758 4.681 1792.323 0.933 871.066 -3.098762272985689 1.0
25.0 1.0 Truck -1.0 -1.0 -1.0 -1.0 -1.0 -1.0 -1.0 2.785 4.054 10.474 1799.821 1.896 866.918 0.03960152072826273 0.0
25.0 5.0 Car -1.0 -1.0 -1.0 -1.0 -1.0 -1.0 -1.0 2.01 1.571 4.46 1721.862 0.832 873.528 0.9587268120514146 1.0
25.0 4.0 Car -1.0 -1.0 -1.0 -1.0 -1.0 -1.0 -1.0 2.046 1.572 4.949 1674.55 1.083 866.37 -3.1015154546012815 1.0
25.0 3.0 Truck -1.0 -1.0 -1.0 -1.0 -1.0 -1.0 -1.0 3.586 4.247 13.063 1710.31 2.165 902.511 -0.5857499497006202 1.0
25.0 0.0 Car -1.0 -1.0 -1.0 -1.0 -1.0 -1.0 -1.0 2.17 1.865 4.679 1752.628 0.933 864.473 0.09114109440929785 1.0
26.0 2.0 Car -1.0 -1.0 -1.0 -1.0 -1.0 -1.0 -1.0 2.156 1.758 4.681 1787.433 0.928 871.043 -3.098762272985689 1.0
26.0 1.0 Truck -1.0 -1.0 -1.0 -1.0 -1.0 -1.0 -1.0 2.785 4.054 10.474 1805.733 2.0 867.124 0.030879934567015432 0.0
26.0 5.0 Car -1.0 -1.0 -1.0 -1.0 -1.0 -1.0 -1.0 2.01 1.571 4.46 1724.359 0.776 877.072 0.9517489738833784 1.0
26.0 4.0 Car -1.0 -1.0 -1.0 -1.0 -1.0 -1.0 -1.0 2.046 1.572 4.949 1670.114 1.136 866.396 -3.0977241589386915 1.0
26.0 3.0 Truck -1.0 -1.0 -1.0 -1.0 -1.0 -1.0 -1.0 3.586 4.247 13.063 1711.329 2.165 901.904 -0.5857499497006202 1.0
26.0 0.0 Car -1.0 -1.0 -1.0 -1.0 -1.0 -1.0 -1.0 2.17 1.865 4.679 1756.735 0.933 864.743 0.08241950824805055 1.0
27.0 2.0 Car -1.0 -1.0 -1.0 -1.0 -1.0 -1.0 -1.0 2.156 1.758 4.681 1782.317 0.923 870.9 -3.098762272985689 1.0
27.0 1.0 Truck -1.0 -1.0 -1.0 -1.0 -1.0 -1.0 -1.0 2.785 4.054 10.474 1811.652 2.104 867.331 0.02214822820831941 0.0
27.0 5.0 Car -1.0 -1.0 -1.0 -1.0 -1.0 -1.0 -1.0 2.01 1.571 4.46 1726.858 0.721 880.62 0.9447630388968599 1.0
27.0 4.0 Car -1.0 -1.0 -1.0 -1.0 -1.0 -1.0 -1.0 2.046 1.572 4.949 1665.672 1.189 866.422 -3.0939284640005593 0.0
27.0 3.0 Truck -1.0 -1.0 -1.0 -1.0 -1.0 -1.0 -1.0 3.586 4.247 13.063 1712.348 2.165 901.296 -0.5857499497006202 1.0
27.0 0.0 Car -1.0 -1.0 -1.0 -1.0 -1.0 -1.0 -1.0 2.17 1.865 4.679 1760.846 0.933 865.013 0.07368780188935453 1.0
28.0 2.0 Car -1.0 -1.0 -1.0 -1.0 -1.0 -1.0 -1.0 2.156 1.758 4.681 1777.287 0.918 870.761 -3.098762272985689 0.0
28.0 1.0 Truck -1.0 -1.0 -1.0 -1.0 -1.0 -1.0 -1.0 2.785 4.054 10.474 1817.535 2.175 867.573 0.02214822820831941 0.0
28.0 5.0 Car -1.0 -1.0 -1.0 -1.0 -1.0 -1.0 -1.0 2.01 1.571 4.46 1729.303 0.69 884.094 0.9377846562875808 0.0
28.0 4.0 Car -1.0 -1.0 -1.0 -1.0 -1.0 -1.0 -1.0 2.046 1.572 4.949 1661.236 1.241 866.448 -3.090136872524614 0.0
28.0 3.0 Truck -1.0 -1.0 -1.0 -1.0 -1.0 -1.0 -1.0 3.586 4.247 13.063 1713.366 2.165 900.688 -0.5857499497006202 0.0
28.0 0.0 Car -1.0 -1.0 -1.0 -1.0 -1.0 -1.0 -1.0 2.17 1.865 4.679 1764.988 0.933 865.254 0.07368780188935453 0.0
29.0 2.0 Car -1.0 -1.0 -1.0 -1.0 -1.0 -1.0 -1.0 2.156 1.758 4.681 1772.251 0.913 870.622 -3.098762272985689 0.0
29.0 1.0 Truck -1.0 -1.0 -1.0 -1.0 -1.0 -1.0 -1.0 2.785 4.054 10.474 1823.424 2.196 867.815 0.02214822820831941 0.0
29.0 5.0 Car -1.0 -1.0 -1.0 -1.0 -1.0 -1.0 -1.0 2.01 1.571 4.46 1731.895 0.685 887.767 0.9307983164601379 0.0
29.0 4.0 Car -1.0 -1.0 -1.0 -1.0 -1.0 -1.0 -1.0 2.046 1.572 4.949 1656.794 1.294 866.474 -3.086340957622705 0.0
29.0 3.0 Truck -1.0 -1.0 -1.0 -1.0 -1.0 -1.0 -1.0 3.586 4.247 13.063 1714.386 2.165 900.08 -0.5857499497006202 0.0
29.0 0.0 Car -1.0 -1.0 -1.0 -1.0 -1.0 -1.0 -1.0 2.17 1.865 4.679 1769.135 0.933 865.495 0.07368780188935453 0.0
30.0 2.0 Car -1.0 -1.0 -1.0 -1.0 -1.0 -1.0 -1.0 2.156 1.758 4.681 1767.335 0.908 870.444 -3.098762272985689 0.0
30.0 1.0 Truck -1.0 -1.0 -1.0 -1.0 -1.0 -1.0 -1.0 2.785 4.054 10.474 1829.318 2.267 867.557 0.02214822820831941 0.0
30.0 5.0 Car -1.0 -1.0 -1.0 -1.0 -1.0 -1.0 -1.0 2.01 1.571 4.46 1734.485 0.679 891.436 0.9238202270115281 0.0
30.0 4.0 Car -1.0 -1.0 -1.0 -1.0 -1.0 -1.0 -1.0 2.046 1.572 4.949 1652.358 1.347 866.5 -3.082549525430874 0.0
30.0 3.0 Truck -1.0 -1.0 -1.0 -1.0 -1.0 -1.0 -1.0 3.586 4.247 13.063 1715.404 2.165 899.473 -0.5857499497006202 0.0
30.0 0.0 Car -1.0 -1.0 -1.0 -1.0 -1.0 -1.0 -1.0 2.17 1.865 4.679 1773.28 0.933 865.606 0.06204821408603478 0.0
31.0 2.0 Car -1.0 -1.0 -1.0 -1.0 -1.0 -1.0 -1.0 2.156 1.758 4.681 1762.721 0.908 870.298 -3.0961983056610656 0.0
31.0 1.0 Truck -1.0 -1.0 -1.0 -1.0 -1.0 -1.0 -1.0 2.785 4.054 10.474 1835.193 2.338 867.869 0.02214822820831941 0.0
31.0 5.0 Car -1.0 -1.0 -1.0 -1.0 -1.0 -1.0 -1.0 2.01 1.571 4.46 1737.273 0.979 895.184 0.9238202270115281 0.0
31.0 4.0 Car -1.0 -1.0 -1.0 -1.0 -1.0 -1.0 -1.0 2.046 1.572 4.949 1647.926 1.4 866.526 -3.0787620980967785 0.0
31.0 3.0 Truck -1.0 -1.0 -1.0 -1.0 -1.0 -1.0 -1.0 3.586 4.247 13.063 1716.32 2.165 898.905 -0.5821159391321387 0.0
31.0 0.0 Car -1.0 -1.0 -1.0 -1.0 -1.0 -1.0 -1.0 2.17 1.865 4.679 1777.42 0.933 865.717 0.05042092108079976 0.0
32.0 2.0 Car -1.0 -1.0 -1.0 -1.0 -1.0 -1.0 -1.0 2.156 1.758 4.681 1758.326 0.908 870.192 -3.0936316015018104 0.0
32.0 1.0 Truck -1.0 -1.0 -1.0 -1.0 -1.0 -1.0 -1.0 2.785 4.054 10.474 1841.075 2.409 868.18 0.02214822820831941 0.0
32.0 5.0 Car -1.0 -1.0 -1.0 -1.0 -1.0 -1.0 -1.0 2.01 1.571 4.46 1739.944 1.019 899.054 0.9425076406919873 0.0
32.0 4.0 Car -1.0 -1.0 -1.0 -1.0 -1.0 -1.0 -1.0 2.046 1.572 4.949 1643.489 1.453 866.552 -3.074970627980159 0.0
32.0 3.0 Truck -1.0 -1.0 -1.0 -1.0 -1.0 -1.0 -1.0 3.586 4.247 13.063 1717.236 2.165 898.337 -0.5784780495415336 0.0
32.0 0.0 Car -1.0 -1.0 -1.0 -1.0 -1.0 -1.0 -1.0 2.17 1.865 4.679 1781.565 0.933 865.828 0.03878121684946789 0.0
33.0 2.0 Car -1.0 -1.0 -1.0 -1.0 -1.0 -1.0 -1.0 2.156 1.758 4.681 1754.5 0.958 870.074 -3.0910648768034585 0.0
33.0 5.0 Car -1.0 -1.0 -1.0 -1.0 -1.0 -1.0 -1.0 2.01 1.571 4.46 1742.61 1.058 902.926 0.9611952039115331 0.0
33.0 4.0 Car -1.0 -1.0 -1.0 -1.0 -1.0 -1.0 -1.0 2.046 1.572 4.949 1639.053 1.506 866.578 -3.0711791275237075 0.0
33.0 3.0 Truck -1.0 -1.0 -1.0 -1.0 -1.0 -1.0 -1.0 3.586 4.247 13.063 1718.153 2.165 897.769 -0.5748401308400682 0.0
33.0 0.0 Car -1.0 -1.0 -1.0 -1.0 -1.0 -1.0 -1.0 2.17 1.865 4.679 1785.806 1.016 865.89 0.03878121684946789 0.0
34.0 2.0 Car -1.0 -1.0 -1.0 -1.0 -1.0 -1.0 -1.0 2.156 1.758 4.681 1751.696 0.947 869.991 -3.0890067104082974 0.0
34.0 5.0 Car -1.0 -1.0 -1.0 -1.0 -1.0 -1.0 -1.0 2.01 1.571 4.46 1744.747 1.089 906.032 0.9761801045713581 0.0
34.0 4.0 Car -1.0 -1.0 -1.0 -1.0 -1.0 -1.0 -1.0 2.046 1.572 4.949 1635.496 1.548 866.598 -3.068138856460856 0.0
34.0 3.0 Truck -1.0 -1.0 -1.0 -1.0 -1.0 -1.0 -1.0 3.586 4.247 13.063 1718.888 2.165 897.313 -0.571923011592923 0.0
34.0 0.0 Car -1.0 -1.0 -1.0 -1.0 -1.0 -1.0 -1.0 2.17 1.865 4.679 1789.206 1.083 865.94 0.03878121684946789 0.0
35.0 2.0 Car -1.0 -1.0 -1.0 -1.0 -1.0 -1.0 -1.0 2.156 1.758 4.681 1748.34 0.934 869.895 -3.086448144866099 0.0
35.0 5.0 Car -1.0 -1.0 -1.0 -1.0 -1.0 -1.0 -1.0 2.01 1.571 4.46 1747.406 1.196 909.889 0.9761801045713581 0.0
35.0 4.0 Car -1.0 -1.0 -1.0 -1.0 -1.0 -1.0 -1.0 2.046 1.572 4.949 1631.073 1.601 866.624 -3.0643594085024 0.0
35.0 3.0 Truck -1.0 -1.0 -1.0 -1.0 -1.0 -1.0 -1.0 3.586 4.247 13.063 1719.802 2.165 896.747 -0.5682966571806771 0.0
35.0 0.0 Car -1.0 -1.0 -1.0 -1.0 -1.0 -1.0 -1.0 2.17 1.865 4.679 1793.031 1.095 866.046 0.03167773202578572 0.0
36.0 2.0 Car -1.0 -1.0 -1.0 -1.0 -1.0 -1.0 -1.0 2.156 1.758 4.681 1745.211 0.921 869.812 -3.083878483076923 0.0
36.0 5.0 Car -1.0 -1.0 -1.0 -1.0 -1.0 -1.0 -1.0 2.01 1.571 4.46 1750.318 1.242 914.04 0.9761801045713581 0.0
36.0 4.0 Car -1.0 -1.0 -1.0 -1.0 -1.0 -1.0 -1.0 2.046 1.572 4.949 1626.657 1.654 866.189 -3.0300813992877087 0.0
36.0 3.0 Truck -1.0 -1.0 -1.0 -1.0 -1.0 -1.0 -1.0 3.586 4.247 13.063 1720.592 2.165 896.143 -0.5825526709310109 0.0
36.0 0.0 Car -1.0 -1.0 -1.0 -1.0 -1.0 -1.0 -1.0 2.17 1.865 4.679 1796.872 1.107 866.151 0.024543440087449575 0.0
37.0 2.0 Car -1.0 -1.0 -1.0 -1.0 -1.0 -1.0 -1.0 2.156 1.758 4.681 1742.275 0.908 869.739 -3.0813089804657454 0.0
37.0 5.0 Car -1.0 -1.0 -1.0 -1.0 -1.0 -1.0 -1.0 2.01 1.571 4.46 1753.23 1.289 918.19 0.9761801045713581 0.0
37.0 4.0 Car -1.0 -1.0 -1.0 -1.0 -1.0 -1.0 -1.0 2.046 1.572 4.949 1622.259 1.706 865.603 -2.9958055134282966 0.0
37.0 3.0 Truck -1.0 -1.0 -1.0 -1.0 -1.0 -1.0 -1.0 3.586 4.247 13.063 1721.381 2.165 895.536 -0.5968078015909102 0.0
37.0 0.0 Car -1.0 -1.0 -1.0 -1.0 -1.0 -1.0 -1.0 2.17 1.865 4.679 1800.712 1.119 866.257 0.01740959008365972 0.0
38.0 2.0 Car -1.0 -1.0 -1.0 -1.0 -1.0 -1.0 -1.0 2.156 1.758 4.681 1739.526 0.908 869.646 -3.0921338869461024 0.0
38.0 5.0 Car -1.0 -1.0 -1.0 -1.0 -1.0 -1.0 -1.0 2.01 1.571 4.46 1755.846 1.331 921.919 0.9761801045713581 0.0
38.0 4.0 Car -1.0 -1.0 -1.0 -1.0 -1.0 -1.0 -1.0 2.046 1.572 4.949 1618.327 1.754 864.948 -2.965008710945096 0.0
38.0 3.0 Truck -1.0 -1.0 -1.0 -1.0 -1.0 -1.0 -1.0 3.586 4.247 13.063 1722.088 2.165 894.99 -0.6096160028174462 0.0
38.0 0.0 Car -1.0 -1.0 -1.0 -1.0 -1.0 -1.0 -1.0 2.17 1.865 4.679 1804.163 1.129 866.352 0.01099984270579113 0.0
39.0 2.0 Car -1.0 -1.0 -1.0 -1.0 -1.0 -1.0 -1.0 2.156 1.758 4.681 1736.646 0.908 869.552 -3.1041670821810037 0.0
39.0 5.0 Car -1.0 -1.0 -1.0 -1.0 -1.0 -1.0 -1.0 2.01 1.571 4.46 1758.754 1.378 926.064 0.9761801045713581 0.0
39.0 3.0 Truck -1.0 -1.0 -1.0 -1.0 -1.0 -1.0 -1.0 3.586 4.247 13.063 1722.874 2.165 894.381 -0.6238538704836922 0.0
39.0 0.0 Car -1.0 -1.0 -1.0 -1.0 -1.0 -1.0 -1.0 2.17 1.865 4.679 1807.999 1.141 866.458 0.0038746318095812526 0.0
