0.0 4.0 Bus -1.0 -1.0 -1.0 -1.0 -1.0 -1.0 -1.0 3.441 3.701 12.366 414.145 3.305 2001.126 3.0719889230203328 0.0
0.0 0.0 Car -1.0 -1.0 -1.0 -1.0 -1.0 -1.0 -1.0 2.066 1.968 4.803 385.587 0.842 1977.521 1.462142600750241 0.0
0.0 2.0 Car -1.0 -1.0 -1.0 -1.0 -1.0 -1.0 -1.0 1.835 1.647 4.236 389.514 0.937 1999.34 1.1727111604815197 0.0
0.0 3.0 Car -1.0 -1.0 -1.0 -1.0 -1.0 -1.0 -1.0 1.84 1.595 4.413 397.027 1.959 2011.605 0.5922931903089141 0.0
1.0 4.0 Bus -1.0 -1.0 -1.0 -1.0 -1.0 -1.0 -1.0 3.441 3.701 12.366 411.283 3.138 2001.315 3.0804049268752456 0.0
1.0 0.0 Car -1.0 -1.0 -1.0 -1.0 -1.0 -1.0 -1.0 2.066 1.968 4.803 385.744 0.935 1979.917 1.462142600750241 0.0
1.0 2.0 Car -1.0 -1.0 -1.0 -1.0 -1.0 -1.0 -1.0 1.835 1.647 4.236 390.76 1.042 2001.906 1.0959514500899437 0.0
1.0 3.0 Car -1.0 -1.0 -1.0 -1.0 -1.0 -1.0 -1.0 1.84 1.595 4.413 399.587 2.095 2012.933 0.48213845500824704 0.0
2.0 4.0 Bus -1.0 -1.0 -1.0 -1.0 -1.0 -1.0 -1.0 3.441 3.701 12.366 409.247 3.001 2001.317 3.1141404788218585 1.0
2.0 0.0 Car -1.0 -1.0 -1.0 -1.0 -1.0 -1.0 -1.0 2.066 1.968 4.803 385.873 1.01 1981.88 1.462142600750241 1.0
2.0 2.0 Car -1.0 -1.0 -1.0 -1.0 -1.0 -1.0 -1.0 1.835 1.647 4.236 391.926 1.127 2003.932 1.0330848203219731 1.0
2.0 3.0 Car -1.0 -1.0 -1.0 -1.0 -1.0 -1.0 -1.0 1.84 1.595 4.413 401.782 2.206 2013.806 0.39192111408800523 1.0
3.0 4.0 Bus -1.0 -1.0 -1.0 -1.0 -1.0 -1.0 -1.0 3.441 3.701 12.366 406.48 2.833 2001.084 -3.106476629039594 0.0
3.0 0.0 Car -1.0 -1.0 -1.0 -1.0 -1.0 -1.0 -1.0 2.066 1.968 4.803 386.087 1.075 1984.262 1.468635891080984 0.0
3.0 2.0 Car -1.0 -1.0 -1.0 -1.0 -1.0 -1.0 -1.0 1.835 1.647 4.236 393.681 1.232 2006.342 0.8906402008743772 0.0
3.0 3.0 Car -1.0 -1.0 -1.0 -1.0 -1.0 -1.0 -1.0 1.84 1.595 4.413 404.709 2.362 2014.54 0.2591664718596776 0.0
4.0 4.0 Bus -1.0 -1.0 -1.0 -1.0 -1.0 -1.0 -1.0 3.441 3.701 12.366 404.035 2.664 2000.821 -2.972398364237464 0.0
4.0 0.0 Car -1.0 -1.0 -1.0 -1.0 -1.0 -1.0 -1.0 2.066 1.968 4.803 386.282 1.134 1986.429 1.474542079557457 0.0
4.0 2.0 Car -1.0 -1.0 -1.0 -1.0 -1.0 -1.0 -1.0 1.835 1.647 4.236 395.559 1.327 2008.298 0.7610749532011272 0.0
4.0 3.0 Car -1.0 -1.0 -1.0 -1.0 -1.0 -1.0 -1.0 1.84 1.595 4.413 407.435 2.504 2014.865 0.1384150656865939 0.0
5.0 4.0 Bus -1.0 -1.0 -1.0 -1.0 -1.0 -1.0 -1.0 3.441 3.701 12.366 401.797 2.495 1999.79 -2.90826773640226 0.0
5.0 0.0 Car -1.0 -1.0 -1.0 -1.0 -1.0 -1.0 -1.0 2.066 1.968 4.803 386.504 1.088 1988.81 1.4647168172170206 0.0
5.0 2.0 Car -1.0 -1.0 -1.0 -1.0 -1.0 -1.0 -1.0 1.835 1.647 4.236 397.673 1.422 2009.993 0.6316590923632767 0.0
5.0 3.0 Car -1.0 -1.0 -1.0 -1.0 -1.0 -1.0 -1.0 1.84 1.595 4.413 410.519 2.441 2014.961 0.06120038918891768 0.0
6.0 4.0 Bus -1.0 -1.0 -1.0 -1.0 -1.0 -1.0 -1.0 3.441 3.701 12.366 399.167 2.292 1998.613 -2.716218669307833 0.0
6.0 0.0 Car -1.0 -1.0 -1.0 -1.0 -1.0 -1.0 -1.0 2.066 1.968 4.803 386.77 1.033 1991.665 1.4529348876198733 0.0
6.0 2.0 Car -1.0 -1.0 -1.0 -1.0 -1.0 -1.0 -1.0 1.835 1.647 4.236 400.47 1.458 2011.637 0.4646043195908849 0.0
6.0 3.0 Car -1.0 -1.0 -1.0 -1.0 -1.0 -1.0 -1.0 1.84 1.595 4.413 414.214 2.364 2014.763 -0.03139132499035857 0.0
7.0 4.0 Bus -1.0 -1.0 -1.0 -1.0 -1.0 -1.0 -1.0 3.441 3.701 12.366 397.202 2.202 1997.088 -2.5495987941528573 0.0
7.0 0.0 Car -1.0 -1.0 -1.0 -1.0 -1.0 -1.0 -1.0 2.066 1.968 4.803 387.184 1.033 1994.217 1.3964833891352626 0.0
7.0 2.0 Car -1.0 -1.0 -1.0 -1.0 -1.0 -1.0 -1.0 1.835 1.647 4.236 402.986 1.489 2012.637 0.3252884722167373 0.0
7.0 3.0 Car -1.0 -1.0 -1.0 -1.0 -1.0 -1.0 -1.0 1.84 1.595 4.413 417.27 2.301 2014.336 -0.10860847303488642 0.0
8.0 4.0 Bus -1.0 -1.0 -1.0 -1.0 -1.0 -1.0 -1.0 3.441 3.701 12.366 395.516 2.113 1995.257 -2.3827949261294354 0.0
8.0 0.0 Car -1.0 -1.0 -1.0 -1.0 -1.0 -1.0 -1.0 2.066 1.968 4.803 387.741 1.033 1996.744 1.33996955311064 0.0
8.0 2.0 Car -1.0 -1.0 -1.0 -1.0 -1.0 -1.0 -1.0 1.835 1.647 4.236 405.827 1.435 2013.253 0.2143659889739402 0.0
8.0 3.0 Car -1.0 -1.0 -1.0 -1.0 -1.0 -1.0 -1.0 1.84 1.595 4.413 420.757 2.234 2014.009 -0.09390894621763257 0.0
9.0 4.0 Bus -1.0 -1.0 -1.0 -1.0 -1.0 -1.0 -1.0 3.441 3.701 12.366 394.16 2.024 1993.175 -2.2163587105224907 0.0
9.0 0.0 Car -1.0 -1.0 -1.0 -1.0 -1.0 -1.0 -1.0 2.066 1.968 4.803 388.599 1.028 1999.325 1.2172446124776797 0.0
9.0 2.0 Car -1.0 -1.0 -1.0 -1.0 -1.0 -1.0 -1.0 1.835 1.647 4.236 408.712 1.38 2013.55 0.10368798998375107 0.0
9.0 3.0 Car -1.0 -1.0 -1.0 -1.0 -1.0 -1.0 -1.0 1.84 1.595 4.413 424.237 2.168 2013.681 -0.07924181862840296 0.0
10.0 4.0 Bus -1.0 -1.0 -1.0 -1.0 -1.0 -1.0 -1.0 3.441 3.701 12.366 393.052 1.94 1991.28 -2.11472510051061 0.0
10.0 0.0 Car -1.0 -1.0 -1.0 -1.0 -1.0 -1.0 -1.0 2.066 1.968 4.803 389.511 1.024 2001.307 1.1188447849955636 0.0
10.0 2.0 Car -1.0 -1.0 -1.0 -1.0 -1.0 -1.0 -1.0 1.835 1.647 4.236 411.038 1.337 2013.557 0.014947299211923504 0.0
10.0 3.0 Car -1.0 -1.0 -1.0 -1.0 -1.0 -1.0 -1.0 1.84 1.595 4.413 427.26 2.008 2013.499 -0.0814603032918042 0.0
11.0 4.0 Bus -1.0 -1.0 -1.0 -1.0 -1.0 -1.0 -1.0 3.441 3.701 12.366 392.044 1.847 1989.03 -2.000606273036303 0.0
11.0 0.0 Car -1.0 -1.0 -1.0 -1.0 -1.0 -1.0 -1.0 2.066 1.968 4.803 390.736 1.039 2003.382 1.0288742754155527 1.0
11.0 2.0 Car -1.0 -1.0 -1.0 -1.0 -1.0 -1.0 -1.0 1.835 1.647 4.236 414.041 1.266 2013.503 -0.0017843717994161514 1.0
11.0 3.0 Car -1.0 -1.0 -1.0 -1.0 -1.0 -1.0 -1.0 1.84 1.595 4.413 430.654 1.828 2013.295 -0.0839513185034797 1.0
12.0 4.0 Bus -1.0 -1.0 -1.0 -1.0 -1.0 -1.0 -1.0 3.441 3.701 12.366 391.368 1.764 1986.942 -1.8989744400266224 0.0
12.0 1.0 Car -1.0 -1.0 -1.0 -1.0 -1.0 -1.0 -1.0 1.796 1.839 4.451 477.121 2.131 2002.502 -3.034935583000928 0.0
12.0 0.0 Car -1.0 -1.0 -1.0 -1.0 -1.0 -1.0 -1.0 2.066 1.968 4.803 391.981 1.053 2005.131 0.948748427579531 1.0
12.0 2.0 Car -1.0 -1.0 -1.0 -1.0 -1.0 -1.0 -1.0 1.835 1.647 4.236 416.715 1.204 2013.454 -0.016685246894546646 1.0
12.0 3.0 Car -1.0 -1.0 -1.0 -1.0 -1.0 -1.0 -1.0 1.84 1.595 4.413 433.903 1.64 2013.094 -0.06870469324134754 1.0
13.0 4.0 Bus -1.0 -1.0 -1.0 -1.0 -1.0 -1.0 -1.0 3.441 3.701 12.366 390.725 1.681 1984.353 -1.873452207469419 0.0
13.0 1.0 Car -1.0 -1.0 -1.0 -1.0 -1.0 -1.0 -1.0 1.796 1.839 4.451 473.033 1.722 2002.131 -3.0302841157809035 1.0
13.0 0.0 Car -1.0 -1.0 -1.0 -1.0 -1.0 -1.0 -1.0 2.066 1.968 4.803 393.346 1.051 2006.742 0.8589510746893069 1.0
13.0 2.0 Car -1.0 -1.0 -1.0 -1.0 -1.0 -1.0 -1.0 1.835 1.647 4.236 419.386 1.141 2013.406 -0.031566023394569376 1.0
13.0 3.0 Car -1.0 -1.0 -1.0 -1.0 -1.0 -1.0 -1.0 1.84 1.595 4.413 437.147 1.452 2012.892 -0.053478632928988024 1.0
14.0 4.0 Bus -1.0 -1.0 -1.0 -1.0 -1.0 -1.0 -1.0 3.441 3.701 12.366 390.014 1.576 1981.091 -1.8415077000100126 0.0
14.0 1.0 Car -1.0 -1.0 -1.0 -1.0 -1.0 -1.0 -1.0 1.796 1.839 4.451 467.916 1.211 2001.666 -3.024462178809903 1.0
14.0 0.0 Car -1.0 -1.0 -1.0 -1.0 -1.0 -1.0 -1.0 2.066 1.968 4.803 395.249 1.048 2008.576 0.7465576074325739 1.0
14.0 2.0 Car -1.0 -1.0 -1.0 -1.0 -1.0 -1.0 -1.0 1.835 1.647 4.236 423.131 1.042 2013.214 -0.031566023394569376 1.0
14.0 3.0 Car -1.0 -1.0 -1.0 -1.0 -1.0 -1.0 -1.0 1.84 1.595 4.413 441.207 1.216 2012.641 -0.053478632928988024 1.0
15.0 1.0 Car -1.0 -1.0 -1.0 -1.0 -1.0 -1.0 -1.0 1.796 1.839 4.451 461.782 0.598 2001.109 -3.017482290480985 1.0
15.0 0.0 Car -1.0 -1.0 -1.0 -1.0 -1.0 -1.0 -1.0 2.066 1.968 4.803 397.788 1.025 2010.345 0.5847054780028453 1.0
15.0 2.0 Car -1.0 -1.0 -1.0 -1.0 -1.0 -1.0 -1.0 1.835 1.647 4.236 427.62 0.923 2012.984 -0.031566023394569376 1.0
15.0 3.0 Car -1.0 -1.0 -1.0 -1.0 -1.0 -1.0 -1.0 1.84 1.595 4.413 446.075 0.934 2012.339 -0.053478632928988024 1.0
16.0 1.0 Car -1.0 -1.0 -1.0 -1.0 -1.0 -1.0 -1.0 1.796 1.839 4.451 456.299 0.287 2000.479 -3.0611077727979272 1.0
16.0 0.0 Car -1.0 -1.0 -1.0 -1.0 -1.0 -1.0 -1.0 2.066 1.968 4.803 400.099 1.006 2011.492 0.449851634593541 1.0
16.0 2.0 Car -1.0 -1.0 -1.0 -1.0 -1.0 -1.0 -1.0 1.835 1.647 4.236 431.361 0.824 2012.792 -0.031566023394569376 1.0
16.0 3.0 Car -1.0 -1.0 -1.0 -1.0 -1.0 -1.0 -1.0 1.84 1.595 4.413 450.131 0.699 2012.087 -0.053478632928988024 1.0
17.0 1.0 Car -1.0 -1.0 -1.0 -1.0 -1.0 -1.0 -1.0 1.796 1.839 4.451 451.6 0.375 2000.089 -3.104734459348702 1.0
17.0 0.0 Car -1.0 -1.0 -1.0 -1.0 -1.0 -1.0 -1.0 2.066 1.968 4.803 402.506 1.082 2012.362 0.31894775087306576 1.0
17.0 2.0 Car -1.0 -1.0 -1.0 -1.0 -1.0 -1.0 -1.0 1.835 1.647 4.236 435.462 0.819 2012.515 -0.031566023394569376 1.0
17.0 3.0 Car -1.0 -1.0 -1.0 -1.0 -1.0 -1.0 -1.0 1.84 1.595 4.413 455.724 0.852 2012.082 -0.03510234607465734 1.0
18.0 1.0 Car -1.0 -1.0 -1.0 -1.0 -1.0 -1.0 -1.0 1.796 1.839 4.451 446.707 0.264 1999.878 -3.1309061779237672 1.0
18.0 0.0 Car -1.0 -1.0 -1.0 -1.0 -1.0 -1.0 -1.0 2.066 1.968 4.803 405.007 1.157 2012.911 0.18805224679439195 1.0
18.0 2.0 Car -1.0 -1.0 -1.0 -1.0 -1.0 -1.0 -1.0 1.835 1.647 4.236 439.563 0.814 2012.237 -0.031566023394569376 1.0
18.0 3.0 Car -1.0 -1.0 -1.0 -1.0 -1.0 -1.0 -1.0 1.84 1.595 4.413 461.317 1.004 2012.077 -0.016727235554421016 1.0
19.0 1.0 Car -1.0 -1.0 -1.0 -1.0 -1.0 -1.0 -1.0 1.796 1.839 4.451 442.118 0.22 1999.781 3.1260766765390553 1.0
19.0 0.0 Car -1.0 -1.0 -1.0 -1.0 -1.0 -1.0 -1.0 2.066 1.968 4.803 407.721 1.157 2013.219 0.06200273267863788 1.0
19.0 2.0 Car -1.0 -1.0 -1.0 -1.0 -1.0 -1.0 -1.0 1.835 1.647 4.236 443.668 0.81 2011.959 -0.031566023394569376 1.0
19.0 3.0 Car -1.0 -1.0 -1.0 -1.0 -1.0 -1.0 -1.0 1.84 1.595 4.413 466.048 1.039 2012.097 0.018179349485465627 1.0
20.0 1.0 Car -1.0 -1.0 -1.0 -1.0 -1.0 -1.0 -1.0 1.796 1.839 4.451 438.67 0.264 1999.892 3.1184497730550107 1.0
20.0 0.0 Car -1.0 -1.0 -1.0 -1.0 -1.0 -1.0 -1.0 2.066 1.968 4.803 409.906 1.157 2013.217 -0.03884055596487101 1.0
20.0 2.0 Car -1.0 -1.0 -1.0 -1.0 -1.0 -1.0 -1.0 1.835 1.647 4.236 447.179 0.81 2011.806 -0.031566023394569376 1.0
20.0 3.0 Car -1.0 -1.0 -1.0 -1.0 -1.0 -1.0 -1.0 1.84 1.595 4.413 469.884 1.043 2012.306 0.04922925177932847 1.0
21.0 1.0 Car -1.0 -1.0 -1.0 -1.0 -1.0 -1.0 -1.0 1.796 1.839 4.451 434.682 0.32 1999.94 3.108928206792699 1.0
21.0 0.0 Car -1.0 -1.0 -1.0 -1.0 -1.0 -1.0 -1.0 2.066 1.968 4.803 412.959 1.157 2013.045 -0.05720744729837678 1.0
21.0 2.0 Car -1.0 -1.0 -1.0 -1.0 -1.0 -1.0 -1.0 1.835 1.647 4.236 451.562 0.811 2011.615 -0.031566023394569376 1.0
21.0 3.0 Car -1.0 -1.0 -1.0 -1.0 -1.0 -1.0 -1.0 1.84 1.595 4.413 474.661 1.049 2012.735 0.0879925195652389 1.0
22.0 1.0 Car -1.0 -1.0 -1.0 -1.0 -1.0 -1.0 -1.0 1.796 1.839 4.451 431.208 0.37 2000.038 3.1003538766720453 1.0
22.0 0.0 Car -1.0 -1.0 -1.0 -1.0 -1.0 -1.0 -1.0 2.066 1.968 4.803 415.707 1.157 2012.889 -0.0737471410047581 1.0
22.0 2.0 Car -1.0 -1.0 -1.0 -1.0 -1.0 -1.0 -1.0 1.835 1.647 4.236 455.655 0.811 2011.575 -0.031566023394569376 1.0
22.0 3.0 Car -1.0 -1.0 -1.0 -1.0 -1.0 -1.0 -1.0 1.84 1.595 4.413 478.977 1.048 2013.186 0.10453153425937267 1.0
23.0 1.0 Car -1.0 -1.0 -1.0 -1.0 -1.0 -1.0 -1.0 1.796 1.839 4.451 427.692 0.394 2000.163 3.129325091564458 1.0
23.0 0.0 Car -1.0 -1.0 -1.0 -1.0 -1.0 -1.0 -1.0 2.066 1.968 4.803 418.951 1.11 2012.65 -0.08205550367424963 1.0
23.0 2.0 Car -1.0 -1.0 -1.0 -1.0 -1.0 -1.0 -1.0 1.835 1.647 4.236 460.2 0.811 2011.53 -0.031566023394569376 1.0
23.0 3.0 Car -1.0 -1.0 -1.0 -1.0 -1.0 -1.0 -1.0 1.84 1.595 4.413 483.77 1.048 2013.687 0.12289910460512554 1.0
24.0 1.0 Car -1.0 -1.0 -1.0 -1.0 -1.0 -1.0 -1.0 1.796 1.839 4.451 424.295 0.421 2000.328 3.0870491471115034 1.0
24.0 0.0 Car -1.0 -1.0 -1.0 -1.0 -1.0 -1.0 -1.0 2.066 1.968 4.803 422.521 1.057 2012.386 -0.0912004335247012 1.0
24.0 2.0 Car -1.0 -1.0 -1.0 -1.0 -1.0 -1.0 -1.0 1.835 1.647 4.236 465.204 0.812 2011.48 -0.031566023394569376 1.0
24.0 3.0 Car -1.0 -1.0 -1.0 -1.0 -1.0 -1.0 -1.0 1.84 1.595 4.413 488.87 1.106 2014.473 0.1869128820252086 1.0
25.0 1.0 Car -1.0 -1.0 -1.0 -1.0 -1.0 -1.0 -1.0 1.796 1.839 4.451 421.443 0.445 2000.469 3.0819499926501788 1.0
25.0 0.0 Car -1.0 -1.0 -1.0 -1.0 -1.0 -1.0 -1.0 2.066 1.968 4.803 425.961 1.069 2012.239 -0.08246878286788317 1.0
25.0 2.0 Car -1.0 -1.0 -1.0 -1.0 -1.0 -1.0 -1.0 1.835 1.647 4.236 469.921 0.865 2011.588 0.022862784206081344 1.0
25.0 3.0 Car -1.0 -1.0 -1.0 -1.0 -1.0 -1.0 -1.0 1.84 1.595 4.413 493.451 1.158 2015.469 0.24507215224472878 1.0
26.0 1.0 Car -1.0 -1.0 -1.0 -1.0 -1.0 -1.0 -1.0 1.796 1.839 4.451 418.863 0.436 2000.573 3.0859390935998854 1.0
26.0 0.0 Car -1.0 -1.0 -1.0 -1.0 -1.0 -1.0 -1.0 2.066 1.968 4.803 429.397 1.081 2012.091 -0.0737471410047581 1.0
26.0 2.0 Car -1.0 -1.0 -1.0 -1.0 -1.0 -1.0 -1.0 1.835 1.647 4.236 474.621 0.918 2011.952 0.07722920191876749 1.0
26.0 3.0 Car -1.0 -1.0 -1.0 -1.0 -1.0 -1.0 -1.0 1.84 1.595 4.413 497.929 1.21 2016.723 0.3084878794573749 1.0
27.0 1.0 Car -1.0 -1.0 -1.0 -1.0 -1.0 -1.0 -1.0 1.796 1.839 4.451 415.863 0.424 2000.743 3.0907330436473988 0.0
27.0 0.0 Car -1.0 -1.0 -1.0 -1.0 -1.0 -1.0 -1.0 2.066 1.968 4.803 433.315 1.084 2011.773 -0.08325970968289487 1.0
27.0 2.0 Car -1.0 -1.0 -1.0 -1.0 -1.0 -1.0 -1.0 1.835 1.647 4.236 480.356 0.982 2012.547 0.12257079163661343 1.0
27.0 3.0 Car -1.0 -1.0 -1.0 -1.0 -1.0 -1.0 -1.0 1.84 1.595 4.413 503.192 1.273 2018.603 0.38469849240427534 1.0
28.0 1.0 Car -1.0 -1.0 -1.0 -1.0 -1.0 -1.0 -1.0 1.796 1.839 4.451 413.864 0.415 2000.86 3.0947348474426466 0.0
28.0 0.0 Car -1.0 -1.0 -1.0 -1.0 -1.0 -1.0 -1.0 2.066 1.968 4.803 436.585 1.087 2011.506 -0.0912004335247012 0.0
28.0 2.0 Car -1.0 -1.0 -1.0 -1.0 -1.0 -1.0 -1.0 1.835 1.647 4.236 485.119 1.035 2013.243 0.16042019432480714 0.0
28.0 3.0 Car -1.0 -1.0 -1.0 -1.0 -1.0 -1.0 -1.0 1.84 1.595 4.413 506.979 1.325 2020.172 0.45264368216810263 0.0
29.0 1.0 Car -1.0 -1.0 -1.0 -1.0 -1.0 -1.0 -1.0 1.796 1.839 4.451 412.755 0.401 2000.93 3.0936790337956017 0.0
29.0 0.0 Car -1.0 -1.0 -1.0 -1.0 -1.0 -1.0 -1.0 2.066 1.968 4.803 439.441 1.082 2011.34 -0.0912004335247012 0.0
29.0 2.0 Car -1.0 -1.0 -1.0 -1.0 -1.0 -1.0 -1.0 1.835 1.647 4.236 488.869 1.055 2013.92 0.18368620074644948 0.0
29.0 3.0 Car -1.0 -1.0 -1.0 -1.0 -1.0 -1.0 -1.0 1.84 1.595 4.413 509.919 1.367 2021.608 0.5068715400438786 0.0
30.0 1.0 Car -1.0 -1.0 -1.0 -1.0 -1.0 -1.0 -1.0 1.796 1.839 4.451 411.398 0.385 2001.017 3.0923587510777004 0.0
30.0 0.0 Car -1.0 -1.0 -1.0 -1.0 -1.0 -1.0 -1.0 2.066 1.968 4.803 443.012 1.075 2011.133 -0.0912004335247012 0.0
30.0 2.0 Car -1.0 -1.0 -1.0 -1.0 -1.0 -1.0 -1.0 1.835 1.647 4.236 493.534 1.081 2014.889 0.21278007188463707 0.0
30.0 3.0 Car -1.0 -1.0 -1.0 -1.0 -1.0 -1.0 -1.0 1.84 1.595 4.413 513.122 1.447 2023.461 0.5527938406829114 0.0
31.0 1.0 Car -1.0 -1.0 -1.0 -1.0 -1.0 -1.0 -1.0 1.796 1.839 4.451 410.741 0.37 2001.037 3.091170091499169 0.0
31.0 0.0 Car -1.0 -1.0 -1.0 -1.0 -1.0 -1.0 -1.0 2.066 1.968 4.803 446.411 1.048 2010.989 -0.0912004335247012 0.0
31.0 2.0 Car -1.0 -1.0 -1.0 -1.0 -1.0 -1.0 -1.0 1.835 1.647 4.236 497.401 1.081 2015.882 0.2599246494258092 0.0
31.0 3.0 Car -1.0 -1.0 -1.0 -1.0 -1.0 -1.0 -1.0 1.84 1.595 4.413 515.931 1.52 2025.255 0.5941380026435951 0.0
32.0 1.0 Car -1.0 -1.0 -1.0 -1.0 -1.0 -1.0 -1.0 1.796 1.839 4.451 409.942 0.364 2001.072 3.091170091499169 0.0
32.0 0.0 Car -1.0 -1.0 -1.0 -1.0 -1.0 -1.0 -1.0 2.066 1.968 4.803 450.562 1.016 2010.814 -0.0912004335247012 0.0
32.0 2.0 Car -1.0 -1.0 -1.0 -1.0 -1.0 -1.0 -1.0 1.835 1.647 4.236 502.053 1.081 2017.34 0.317499827004297 0.0
32.0 3.0 Car -1.0 -1.0 -1.0 -1.0 -1.0 -1.0 -1.0 1.84 1.595 4.413 518.856 1.608 2027.303 0.6032786830411476 0.0
33.0 1.0 Car -1.0 -1.0 -1.0 -1.0 -1.0 -1.0 -1.0 1.796 1.839 4.451 409.583 0.359 2001.114 3.091170091499169 0.0
33.0 0.0 Car -1.0 -1.0 -1.0 -1.0 -1.0 -1.0 -1.0 2.066 1.968 4.803 454.292 1.011 2010.658 -0.0912004335247012 0.0
33.0 2.0 Car -1.0 -1.0 -1.0 -1.0 -1.0 -1.0 -1.0 1.835 1.647 4.236 505.536 1.055 2018.819 0.4001525183872836 0.0
33.0 3.0 Car -1.0 -1.0 -1.0 -1.0 -1.0 -1.0 -1.0 1.84 1.595 4.413 521.516 1.688 2029.166 0.6115912951635384 0.0
34.0 1.0 Car -1.0 -1.0 -1.0 -1.0 -1.0 -1.0 -1.0 1.796 1.839 4.451 409.259 0.355 2001.151 3.091170091499169 0.0
34.0 0.0 Car -1.0 -1.0 -1.0 -1.0 -1.0 -1.0 -1.0 2.066 1.968 4.803 457.65 1.006 2010.518 -0.0912004335247012 0.0
34.0 2.0 Car -1.0 -1.0 -1.0 -1.0 -1.0 -1.0 -1.0 1.835 1.647 4.236 508.558 1.032 2020.392 0.4745794596837869 0.0
34.0 3.0 Car -1.0 -1.0 -1.0 -1.0 -1.0 -1.0 -1.0 1.84 1.595 4.413 523.77 1.771 2030.845 0.6281301453867578 0.0
35.0 1.0 Car -1.0 -1.0 -1.0 -1.0 -1.0 -1.0 -1.0 1.796 1.839 4.451 409.231 0.338 2001.16 3.091170091499169 0.0
35.0 0.0 Car -1.0 -1.0 -1.0 -1.0 -1.0 -1.0 -1.0 2.066 1.968 4.803 461.444 1.026 2010.459 -0.030079613173666475 0.0
35.0 2.0 Car -1.0 -1.0 -1.0 -1.0 -1.0 -1.0 -1.0 1.835 1.647 4.236 511.295 1.081 2021.937 0.5182371885059543 0.0
35.0 3.0 Car -1.0 -1.0 -1.0 -1.0 -1.0 -1.0 -1.0 1.84 1.595 4.413 526.273 1.865 2032.71 0.6464978802034251 0.0
36.0 1.0 Car -1.0 -1.0 -1.0 -1.0 -1.0 -1.0 -1.0 1.796 1.839 4.451 409.203 0.321 2001.168 3.091170091499169 0.0
36.0 0.0 Car -1.0 -1.0 -1.0 -1.0 -1.0 -1.0 -1.0 2.066 1.968 4.803 465.23 1.047 2010.63 0.030972614114902264 0.0
36.0 2.0 Car -1.0 -1.0 -1.0 -1.0 -1.0 -1.0 -1.0 1.835 1.647 4.236 513.958 1.13 2023.597 0.5618459222835036 0.0
36.0 3.0 Car -1.0 -1.0 -1.0 -1.0 -1.0 -1.0 -1.0 1.84 1.595 4.413 528.741 2.005 2034.591 0.6726488569622403 0.0
37.0 1.0 Car -1.0 -1.0 -1.0 -1.0 -1.0 -1.0 -1.0 1.796 1.839 4.451 409.174 0.305 2001.177 3.091170091499169 0.0
37.0 0.0 Car -1.0 -1.0 -1.0 -1.0 -1.0 -1.0 -1.0 2.066 1.968 4.803 469.132 1.044 2010.976 0.030972614114902264 0.0
37.0 2.0 Car -1.0 -1.0 -1.0 -1.0 -1.0 -1.0 -1.0 1.835 1.647 4.236 516.213 1.179 2025.035 0.6034132942685306 0.0
37.0 3.0 Car -1.0 -1.0 -1.0 -1.0 -1.0 -1.0 -1.0 1.84 1.595 4.413 531.163 2.146 2036.541 0.698857757763255 0.0
38.0 1.0 Car -1.0 -1.0 -1.0 -1.0 -1.0 -1.0 -1.0 1.796 1.839 4.451 409.143 0.286 2001.186 3.091170091499169 0.0
38.0 0.0 Car -1.0 -1.0 -1.0 -1.0 -1.0 -1.0 -1.0 2.066 1.968 4.803 473.422 1.041 2011.357 0.030972614114902264 0.0
38.0 2.0 Car -1.0 -1.0 -1.0 -1.0 -1.0 -1.0 -1.0 1.835 1.647 4.236 518.622 1.233 2026.722 0.64911238488322 0.0
38.0 3.0 Car -1.0 -1.0 -1.0 -1.0 -1.0 -1.0 -1.0 1.84 1.595 4.413 533.715 2.264 2038.766 0.698857757763255 0.0
39.0 0.0 Car -1.0 -1.0 -1.0 -1.0 -1.0 -1.0 -1.0 2.066 1.968 4.803 477.291 1.037 2011.677 0.05718400264358059 0.0
39.0 2.0 Car -1.0 -1.0 -1.0 -1.0 -1.0 -1.0 -1.0 1.835 1.647 4.236 520.539 1.282 2028.2 0.6403752553736606 0.0
39.0 3.0 Car -1.0 -1.0 -1.0 -1.0 -1.0 -1.0 -1.0 1.84 1.595 4.413 536.036 2.371 2040.79 0.698857757763255 0.0
