0.0 7.0 Car -1.0 -1.0 -1.0 -1.0 -1.0 -1.0 -1.0 1.916 1.749 4.483 331.686 0.306 728.025 -2.208330195961848 0.0
0.0 6.0 Car -1.0 -1.0 -1.0 -1.0 -1.0 -1.0 -1.0 2.069 1.811 4.95 303.565 1.542 688.576 0.9898983918566238 0.0
0.0 8.0 Car -1.0 -1.0 -1.0 -1.0 -1.0 -1.0 -1.0 1.814 1.713 4.354 312.702 0.948 700.688 0.8598015494108067 0.0
1.0 7.0 Car -1.0 -1.0 -1.0 -1.0 -1.0 -1.0 -1.0 1.916 1.749 4.483 331.217 0.422 727.367 -2.208330195961848 1.0
1.0 6.0 Car -1.0 -1.0 -1.0 -1.0 -1.0 -1.0 -1.0 2.069 1.811 4.95 305.458 1.536 691.212 0.9743992013669373 1.0
1.0 8.0 Car -1.0 -1.0 -1.0 -1.0 -1.0 -1.0 -1.0 1.814 1.713 4.354 314.842 0.964 703.127 0.8598015494108067 1.0
1.0 2.0 Car -1.0 -1.0 -1.0 -1.0 -1.0 -1.0 -1.0 1.936 1.777 4.04 337.247 0.343 735.204 -2.5539926543237086 0.0
2.0 7.0 Car -1.0 -1.0 -1.0 -1.0 -1.0 -1.0 -1.0 1.916 1.749 4.483 330.747 0.539 726.708 -2.208330195961848 0.0
2.0 6.0 Car -1.0 -1.0 -1.0 -1.0 -1.0 -1.0 -1.0 2.069 1.811 4.95 307.393 1.531 693.818 0.9589003833532153 1.0
2.0 1.0 Car -1.0 -1.0 -1.0 -1.0 -1.0 -1.0 -1.0 1.919 1.694 4.609 341.509 0.441 743.166 -2.091829468395615 0.0
2.0 8.0 Car -1.0 -1.0 -1.0 -1.0 -1.0 -1.0 -1.0 1.814 1.713 4.354 316.982 0.98 705.565 0.8598015494108067 1.0
2.0 2.0 Car -1.0 -1.0 -1.0 -1.0 -1.0 -1.0 -1.0 1.936 1.777 4.04 336.029 0.424 734.174 -2.3794579814111447 1.0
3.0 7.0 Car -1.0 -1.0 -1.0 -1.0 -1.0 -1.0 -1.0 1.916 1.749 4.483 330.278 0.655 726.049 -2.208330195961848 0.0
3.0 6.0 Car -1.0 -1.0 -1.0 -1.0 -1.0 -1.0 -1.0 2.069 1.811 4.95 309.368 1.525 696.393 0.9434018757361309 1.0
3.0 1.0 Car -1.0 -1.0 -1.0 -1.0 -1.0 -1.0 -1.0 1.919 1.694 4.609 341.076 0.494 742.433 -2.091829468395615 1.0
3.0 8.0 Car -1.0 -1.0 -1.0 -1.0 -1.0 -1.0 -1.0 1.814 1.713 4.354 319.122 0.995 708.004 0.8598015494108067 1.0
3.0 2.0 Car -1.0 -1.0 -1.0 -1.0 -1.0 -1.0 -1.0 1.936 1.777 4.04 335.008 0.506 732.949 -2.2049268039248466 0.0
4.0 7.0 Car -1.0 -1.0 -1.0 -1.0 -1.0 -1.0 -1.0 1.916 1.749 4.483 329.916 0.705 725.586 -2.208330195961848 0.0
4.0 6.0 Car -1.0 -1.0 -1.0 -1.0 -1.0 -1.0 -1.0 2.069 1.811 4.95 311.384 1.52 698.941 0.9278865135816399 1.0
4.0 1.0 Car -1.0 -1.0 -1.0 -1.0 -1.0 -1.0 -1.0 1.919 1.694 4.609 340.642 0.547 741.699 -2.091829468395615 1.0
4.0 8.0 Car -1.0 -1.0 -1.0 -1.0 -1.0 -1.0 -1.0 1.814 1.713 4.354 321.285 1.007 710.492 0.8598015494108067 1.0
4.0 2.0 Car -1.0 -1.0 -1.0 -1.0 -1.0 -1.0 -1.0 1.936 1.777 4.04 334.48 0.588 732.187 -2.1962004282604526 0.0
5.0 7.0 Car -1.0 -1.0 -1.0 -1.0 -1.0 -1.0 -1.0 1.916 1.749 4.483 329.554 0.755 725.124 -2.208330195961848 0.0
5.0 6.0 Car -1.0 -1.0 -1.0 -1.0 -1.0 -1.0 -1.0 2.069 1.811 4.95 313.44 1.514 701.457 0.9123701891975728 1.0
5.0 1.0 Car -1.0 -1.0 -1.0 -1.0 -1.0 -1.0 -1.0 1.919 1.694 4.609 339.996 0.701 741.105 -2.091829468395615 1.0
5.0 8.0 Car -1.0 -1.0 -1.0 -1.0 -1.0 -1.0 -1.0 1.814 1.713 4.354 323.448 1.019 712.98 0.8598015494108067 1.0
5.0 2.0 Car -1.0 -1.0 -1.0 -1.0 -1.0 -1.0 -1.0 1.936 1.777 4.04 333.842 0.67 731.366 -2.187473511404903 0.0
6.0 7.0 Car -1.0 -1.0 -1.0 -1.0 -1.0 -1.0 -1.0 1.916 1.749 4.483 329.386 0.906 724.872 -2.208330195961848 0.0
6.0 6.0 Car -1.0 -1.0 -1.0 -1.0 -1.0 -1.0 -1.0 2.069 1.811 4.95 315.537 1.509 703.943 0.8968369171571084 1.0
6.0 1.0 Car -1.0 -1.0 -1.0 -1.0 -1.0 -1.0 -1.0 1.919 1.694 4.609 339.569 0.754 740.318 -2.091829468395615 1.0
6.0 8.0 Car -1.0 -1.0 -1.0 -1.0 -1.0 -1.0 -1.0 1.814 1.713 4.354 325.567 0.948 715.306 0.8772549349349311 1.0
6.0 2.0 Car -1.0 -1.0 -1.0 -1.0 -1.0 -1.0 -1.0 1.936 1.777 4.04 333.485 0.716 730.802 -2.2049268039248466 0.0
7.0 7.0 Car -1.0 -1.0 -1.0 -1.0 -1.0 -1.0 -1.0 1.916 1.749 4.483 329.391 0.956 724.852 -2.208330195961848 0.0
7.0 6.0 Car -1.0 -1.0 -1.0 -1.0 -1.0 -1.0 -1.0 2.069 1.811 4.95 317.71 1.503 706.363 0.8813041417512638 1.0
7.0 1.0 Car -1.0 -1.0 -1.0 -1.0 -1.0 -1.0 -1.0 1.919 1.694 4.609 339.229 0.757 739.557 -2.091829468395615 1.0
7.0 8.0 Car -1.0 -1.0 -1.0 -1.0 -1.0 -1.0 -1.0 1.814 1.713 4.354 327.624 0.876 717.686 0.8947077624339687 1.0
7.0 2.0 Car -1.0 -1.0 -1.0 -1.0 -1.0 -1.0 -1.0 1.936 1.777 4.04 333.323 0.712 730.472 -2.2049268039248466 0.0
8.0 7.0 Car -1.0 -1.0 -1.0 -1.0 -1.0 -1.0 -1.0 1.916 1.749 4.483 329.278 0.956 724.699 -2.208330195961848 0.0
8.0 6.0 Car -1.0 -1.0 -1.0 -1.0 -1.0 -1.0 -1.0 2.069 1.811 4.95 319.883 1.497 708.783 0.8657706213934893 1.0
8.0 5.0 Car -1.0 -1.0 -1.0 -1.0 -1.0 -1.0 -1.0 1.993 1.829 4.706 343.298 0.84 747.362 -2.0176878817779174 0.0
8.0 1.0 Car -1.0 -1.0 -1.0 -1.0 -1.0 -1.0 -1.0 1.919 1.694 4.609 338.981 0.752 738.894 -2.1092827609155567 1.0
8.0 8.0 Car -1.0 -1.0 -1.0 -1.0 -1.0 -1.0 -1.0 1.814 1.713 4.354 329.68 0.805 720.066 0.9121614269706366 1.0
8.0 2.0 Car -1.0 -1.0 -1.0 -1.0 -1.0 -1.0 -1.0 1.936 1.777 4.04 333.204 0.77 730.269 -2.170000561681225 0.0
9.0 7.0 Car -1.0 -1.0 -1.0 -1.0 -1.0 -1.0 -1.0 1.916 1.749 4.483 329.146 1.056 724.52 -2.208330195961848 0.0
9.0 6.0 Car -1.0 -1.0 -1.0 -1.0 -1.0 -1.0 -1.0 2.069 1.811 4.95 322.051 1.492 711.198 0.8502720516970773 1.0
9.0 5.0 Car -1.0 -1.0 -1.0 -1.0 -1.0 -1.0 -1.0 1.993 1.829 4.706 342.894 0.837 746.521 -2.0176878817779174 1.0
9.0 1.0 Car -1.0 -1.0 -1.0 -1.0 -1.0 -1.0 -1.0 1.919 1.694 4.609 338.61 0.814 738.268 -2.091829468395615 1.0
9.0 8.0 Car -1.0 -1.0 -1.0 -1.0 -1.0 -1.0 -1.0 1.814 1.713 4.354 331.44 0.767 722.206 0.8947081344506933 1.0
9.0 2.0 Car -1.0 -1.0 -1.0 -1.0 -1.0 -1.0 -1.0 1.936 1.777 4.04 333.309 0.827 730.379 -2.1700202188849604 0.0
10.0 7.0 Car -1.0 -1.0 -1.0 -1.0 -1.0 -1.0 -1.0 1.916 1.749 4.483 329.088 1.031 724.442 -2.208330195961848 0.0
10.0 6.0 Car -1.0 -1.0 -1.0 -1.0 -1.0 -1.0 -1.0 2.069 1.811 4.95 323.435 1.425 712.735 0.8444541362246748 1.0
10.0 5.0 Car -1.0 -1.0 -1.0 -1.0 -1.0 -1.0 -1.0 1.993 1.829 4.706 342.49 0.835 745.678 -2.0176878817779174 0.0
10.0 0.0 Truck -1.0 -1.0 -1.0 -1.0 -1.0 -1.0 -1.0 1.985 2.079 5.722 347.094 0.857 755.53 -1.982781296738031 0.0
10.0 1.0 Car -1.0 -1.0 -1.0 -1.0 -1.0 -1.0 -1.0 1.919 1.694 4.609 338.186 0.867 737.67 -2.091829468395615 0.0
10.0 8.0 Car -1.0 -1.0 -1.0 -1.0 -1.0 -1.0 -1.0 1.814 1.713 4.354 333.068 0.729 724.225 0.8947081344506933 1.0
10.0 2.0 Car -1.0 -1.0 -1.0 -1.0 -1.0 -1.0 -1.0 1.936 1.777 4.04 333.241 0.827 730.28 -2.1700202188849604 0.0
11.0 7.0 Car -1.0 -1.0 -1.0 -1.0 -1.0 -1.0 -1.0 1.916 1.749 4.483 329.03 1.006 724.364 -2.208330195961848 1.0
11.0 6.0 Car -1.0 -1.0 -1.0 -1.0 -1.0 -1.0 -1.0 2.069 1.811 4.95 324.82 1.359 714.273 0.8386300640432265 1.0
11.0 5.0 Car -1.0 -1.0 -1.0 -1.0 -1.0 -1.0 -1.0 1.993 1.829 4.706 342.086 0.832 744.834 -2.0176878817779174 0.0
11.0 0.0 Truck -1.0 -1.0 -1.0 -1.0 -1.0 -1.0 -1.0 1.985 2.079 5.722 346.595 0.814 754.697 -1.982781296738031 1.0
11.0 1.0 Car -1.0 -1.0 -1.0 -1.0 -1.0 -1.0 -1.0 1.919 1.694 4.609 337.809 0.921 736.975 -2.091829468395615 0.0
11.0 8.0 Car -1.0 -1.0 -1.0 -1.0 -1.0 -1.0 -1.0 1.814 1.713 4.354 334.79 0.791 726.147 0.9296147194905799 1.0
11.0 2.0 Car -1.0 -1.0 -1.0 -1.0 -1.0 -1.0 -1.0 1.936 1.777 4.04 333.137 0.885 730.102 -2.1700202188849604 0.0
11.0 9.0 Car -1.0 -1.0 -1.0 -1.0 -1.0 -1.0 -1.0 1.862 1.73 4.638 351.966 0.827 766.758 -1.9488171894907111 0.0
12.0 7.0 Car -1.0 -1.0 -1.0 -1.0 -1.0 -1.0 -1.0 1.916 1.749 4.483 329.085 0.956 724.438 -2.208330195961848 1.0
12.0 6.0 Car -1.0 -1.0 -1.0 -1.0 -1.0 -1.0 -1.0 2.069 1.811 4.95 326.202 1.292 715.808 0.832818759177134 1.0
12.0 5.0 Car -1.0 -1.0 -1.0 -1.0 -1.0 -1.0 -1.0 1.993 1.829 4.706 341.881 0.846 744.407 -2.0176878817779174 0.0
12.0 0.0 Truck -1.0 -1.0 -1.0 -1.0 -1.0 -1.0 -1.0 1.985 2.079 5.722 346.239 0.77 753.804 -1.982781296738031 1.0
12.0 1.0 Car -1.0 -1.0 -1.0 -1.0 -1.0 -1.0 -1.0 1.919 1.694 4.609 337.432 0.974 736.281 -2.091829468395615 0.0
12.0 8.0 Car -1.0 -1.0 -1.0 -1.0 -1.0 -1.0 -1.0 1.814 1.713 4.354 336.257 0.753 727.841 0.9296147194905799 1.0
12.0 2.0 Car -1.0 -1.0 -1.0 -1.0 -1.0 -1.0 -1.0 1.936 1.777 4.04 333.033 0.943 729.925 -2.1700202188849604 0.0
12.0 9.0 Car -1.0 -1.0 -1.0 -1.0 -1.0 -1.0 -1.0 1.862 1.73 4.638 351.706 0.841 766.235 -1.9488171894907111 1.0
13.0 7.0 Car -1.0 -1.0 -1.0 -1.0 -1.0 -1.0 -1.0 1.916 1.749 4.483 328.973 1.081 724.157 -2.208330195961848 1.0
13.0 6.0 Car -1.0 -1.0 -1.0 -1.0 -1.0 -1.0 -1.0 2.069 1.811 4.95 327.849 1.225 717.764 0.832818759177134 1.0
13.0 5.0 Car -1.0 -1.0 -1.0 -1.0 -1.0 -1.0 -1.0 1.993 1.829 4.706 341.705 0.859 744.038 -2.0176878817779174 0.0
13.0 0.0 Truck -1.0 -1.0 -1.0 -1.0 -1.0 -1.0 -1.0 1.985 2.079 5.722 345.69 0.818 752.908 -1.982781296738031 1.0
13.0 1.0 Car -1.0 -1.0 -1.0 -1.0 -1.0 -1.0 -1.0 1.919 1.694 4.609 337.204 0.922 735.863 -2.091829468395615 0.0
13.0 8.0 Car -1.0 -1.0 -1.0 -1.0 -1.0 -1.0 -1.0 1.814 1.713 4.354 337.594 0.765 729.434 0.98197459705041 1.0
13.0 2.0 Car -1.0 -1.0 -1.0 -1.0 -1.0 -1.0 -1.0 1.936 1.777 4.04 333.209 0.927 730.047 -2.082753756285245 0.0
13.0 9.0 Car -1.0 -1.0 -1.0 -1.0 -1.0 -1.0 -1.0 1.862 1.73 4.638 351.34 0.855 765.444 -1.9488171894907111 1.0
14.0 7.0 Car -1.0 -1.0 -1.0 -1.0 -1.0 -1.0 -1.0 1.916 1.749 4.483 328.86 1.206 723.876 -2.208330195961848 0.0
14.0 6.0 Car -1.0 -1.0 -1.0 -1.0 -1.0 -1.0 -1.0 2.069 1.811 4.95 329.497 1.159 719.721 0.832818759177134 1.0
14.0 5.0 Car -1.0 -1.0 -1.0 -1.0 -1.0 -1.0 -1.0 1.993 1.829 4.706 341.563 0.897 743.742 -2.0176878817779174 0.0
14.0 4.0 Car -1.0 -1.0 -1.0 -1.0 -1.0 -1.0 -1.0 1.633 1.548 4.153 355.766 0.716 775.444 -1.9837237745305978 0.0
14.0 0.0 Truck -1.0 -1.0 -1.0 -1.0 -1.0 -1.0 -1.0 1.985 2.079 5.722 345.356 0.867 751.917 -1.982781296738031 0.0
14.0 1.0 Car -1.0 -1.0 -1.0 -1.0 -1.0 -1.0 -1.0 1.919 1.694 4.609 337.024 0.944 735.606 -2.091829468395615 0.0
14.0 8.0 Car -1.0 -1.0 -1.0 -1.0 -1.0 -1.0 -1.0 1.814 1.713 4.354 338.774 0.777 731.233 0.98197459705041 1.0
14.0 2.0 Car -1.0 -1.0 -1.0 -1.0 -1.0 -1.0 -1.0 1.936 1.777 4.04 333.031 0.991 729.926 -2.1351136338450742 0.0
14.0 9.0 Car -1.0 -1.0 -1.0 -1.0 -1.0 -1.0 -1.0 1.862 1.73 4.638 350.973 0.769 764.652 -1.9488171894907111 1.0
15.0 7.0 Car -1.0 -1.0 -1.0 -1.0 -1.0 -1.0 -1.0 1.916 1.749 4.483 328.703 1.131 723.896 -2.208330195961848 0.0
15.0 6.0 Car -1.0 -1.0 -1.0 -1.0 -1.0 -1.0 -1.0 2.069 1.811 4.95 331.017 1.159 721.487 0.832818759177134 1.0
15.0 5.0 Car -1.0 -1.0 -1.0 -1.0 -1.0 -1.0 -1.0 1.993 1.829 4.706 341.421 0.936 743.446 -2.0176878817779174 0.0
15.0 4.0 Car -1.0 -1.0 -1.0 -1.0 -1.0 -1.0 -1.0 1.633 1.548 4.153 355.464 0.584 774.784 -1.9821062111248176 1.0
15.0 0.0 Truck -1.0 -1.0 -1.0 -1.0 -1.0 -1.0 -1.0 1.985 2.079 5.722 345.158 0.865 751.482 -1.9814166765945878 0.0
15.0 1.0 Car -1.0 -1.0 -1.0 -1.0 -1.0 -1.0 -1.0 1.919 1.694 4.609 336.845 0.966 735.35 -2.091829468395615 0.0
15.0 8.0 Car -1.0 -1.0 -1.0 -1.0 -1.0 -1.0 -1.0 1.814 1.713 4.354 339.953 0.789 733.032 0.98197459705041 1.0
15.0 9.0 Car -1.0 -1.0 -1.0 -1.0 -1.0 -1.0 -1.0 1.862 1.73 4.638 350.676 0.782 763.832 -1.9750262210194063 1.0
16.0 7.0 Car -1.0 -1.0 -1.0 -1.0 -1.0 -1.0 -1.0 1.916 1.749 4.483 328.773 1.206 723.499 -2.208330195961848 0.0
16.0 6.0 Car -1.0 -1.0 -1.0 -1.0 -1.0 -1.0 -1.0 2.069 1.811 4.95 332.533 1.159 723.249 0.832818759177134 1.0
16.0 3.0 Car -1.0 -1.0 -1.0 -1.0 -1.0 -1.0 -1.0 2.02 1.86 4.593 358.639 0.888 783.144 -1.9129681266582585 0.0
16.0 5.0 Car -1.0 -1.0 -1.0 -1.0 -1.0 -1.0 -1.0 1.993 1.829 4.706 341.349 0.974 743.296 -2.0176878817779174 0.0
16.0 4.0 Car -1.0 -1.0 -1.0 -1.0 -1.0 -1.0 -1.0 1.633 1.548 4.153 355.163 0.619 774.124 -1.980492238799137 1.0
16.0 0.0 Truck -1.0 -1.0 -1.0 -1.0 -1.0 -1.0 -1.0 1.985 2.079 5.722 344.961 0.863 751.047 -1.9800550859832324 0.0
16.0 1.0 Car -1.0 -1.0 -1.0 -1.0 -1.0 -1.0 -1.0 1.919 1.694 4.609 336.666 0.987 735.094 -2.091829468395615 0.0
16.0 8.0 Car -1.0 -1.0 -1.0 -1.0 -1.0 -1.0 -1.0 1.814 1.713 4.354 341.132 0.798 734.902 1.0168811820902965 1.0
16.0 9.0 Car -1.0 -1.0 -1.0 -1.0 -1.0 -1.0 -1.0 1.862 1.73 4.638 350.359 0.796 763.023 -2.0011770670505404 1.0
17.0 7.0 Car -1.0 -1.0 -1.0 -1.0 -1.0 -1.0 -1.0 1.916 1.749 4.483 328.404 1.231 723.388 -2.208330195961848 0.0
17.0 6.0 Car -1.0 -1.0 -1.0 -1.0 -1.0 -1.0 -1.0 2.069 1.811 4.95 334.053 1.159 725.015 0.832818759177134 1.0
17.0 3.0 Car -1.0 -1.0 -1.0 -1.0 -1.0 -1.0 -1.0 2.02 1.86 4.593 358.425 0.831 782.751 -1.9129681266582585 1.0
17.0 5.0 Car -1.0 -1.0 -1.0 -1.0 -1.0 -1.0 -1.0 1.993 1.829 4.706 341.207 0.974 743.149 -2.0176878817779174 0.0
17.0 4.0 Car -1.0 -1.0 -1.0 -1.0 -1.0 -1.0 -1.0 1.633 1.548 4.153 354.861 0.655 773.463 -1.9788747497361492 1.0
17.0 0.0 Truck -1.0 -1.0 -1.0 -1.0 -1.0 -1.0 -1.0 1.985 2.079 5.722 344.763 0.861 750.612 -1.9786905285573746 0.0
17.0 1.0 Car -1.0 -1.0 -1.0 -1.0 -1.0 -1.0 -1.0 1.919 1.694 4.609 336.585 1.003 734.978 -2.091829468395615 0.0
17.0 8.0 Car -1.0 -1.0 -1.0 -1.0 -1.0 -1.0 -1.0 1.814 1.713 4.354 342.452 0.807 737.129 1.0517877671301834 1.0
17.0 9.0 Car -1.0 -1.0 -1.0 -1.0 -1.0 -1.0 -1.0 1.862 1.73 4.638 349.931 0.81 762.379 -1.99856980436285 1.0
18.0 7.0 Car -1.0 -1.0 -1.0 -1.0 -1.0 -1.0 -1.0 1.916 1.749 4.483 328.326 1.206 723.046 -2.208330195961848 0.0
18.0 6.0 Car -1.0 -1.0 -1.0 -1.0 -1.0 -1.0 -1.0 2.069 1.811 4.95 335.25 1.159 726.534 0.8422504325644117 1.0
18.0 3.0 Car -1.0 -1.0 -1.0 -1.0 -1.0 -1.0 -1.0 2.02 1.86 4.593 358.211 0.775 782.359 -1.9129681266582585 1.0
18.0 5.0 Car -1.0 -1.0 -1.0 -1.0 -1.0 -1.0 -1.0 1.993 1.829 4.706 341.121 0.974 743.046 -2.0176878817779174 0.0
18.0 4.0 Car -1.0 -1.0 -1.0 -1.0 -1.0 -1.0 -1.0 1.633 1.548 4.153 354.541 0.622 772.811 -1.9772588509624591 1.0
18.0 0.0 Truck -1.0 -1.0 -1.0 -1.0 -1.0 -1.0 -1.0 1.985 2.079 5.722 344.628 0.9 750.347 -1.9773273127424873 0.0
18.0 1.0 Car -1.0 -1.0 -1.0 -1.0 -1.0 -1.0 -1.0 1.919 1.694 4.609 336.585 1.003 734.978 -2.091829468395615 0.0
18.0 8.0 Car -1.0 -1.0 -1.0 -1.0 -1.0 -1.0 -1.0 1.814 1.713 4.354 343.921 0.798 739.877 1.0866785093333127 1.0
18.0 9.0 Car -1.0 -1.0 -1.0 -1.0 -1.0 -1.0 -1.0 1.862 1.73 4.638 349.462 0.774 761.755 -1.9959651050940073 1.0
19.0 7.0 Car -1.0 -1.0 -1.0 -1.0 -1.0 -1.0 -1.0 1.916 1.749 4.483 328.096 1.303 722.854 -2.208330195961848 0.0
19.0 6.0 Car -1.0 -1.0 -1.0 -1.0 -1.0 -1.0 -1.0 2.069 1.811 4.95 336.448 1.159 728.055 0.8516906712301779 0.0
19.0 3.0 Car -1.0 -1.0 -1.0 -1.0 -1.0 -1.0 -1.0 2.02 1.86 4.593 357.998 0.719 781.965 -1.9129681266582585 0.0
19.0 5.0 Car -1.0 -1.0 -1.0 -1.0 -1.0 -1.0 -1.0 1.993 1.829 4.706 341.051 0.974 742.9 -2.0176878817779174 0.0
19.0 4.0 Car -1.0 -1.0 -1.0 -1.0 -1.0 -1.0 -1.0 1.633 1.548 4.153 354.221 0.588 772.158 -1.9756414847266923 0.0
19.0 0.0 Truck -1.0 -1.0 -1.0 -1.0 -1.0 -1.0 -1.0 1.985 2.079 5.722 344.493 0.939 750.081 -1.9759628589369884 0.0
19.0 1.0 Car -1.0 -1.0 -1.0 -1.0 -1.0 -1.0 -1.0 1.919 1.694 4.609 336.544 1.003 734.967 -2.091829468395615 0.0
19.0 8.0 Car -1.0 -1.0 -1.0 -1.0 -1.0 -1.0 -1.0 1.814 1.713 4.354 345.294 0.789 742.678 1.1216009372099565 0.0
19.0 9.0 Car -1.0 -1.0 -1.0 -1.0 -1.0 -1.0 -1.0 1.862 1.73 4.638 349.144 0.747 760.942 -1.993358040393952 0.0
20.0 7.0 Car -1.0 -1.0 -1.0 -1.0 -1.0 -1.0 -1.0 1.916 1.749 4.483 328.014 1.371 722.518 -2.208330195961848 0.0
20.0 6.0 Car -1.0 -1.0 -1.0 -1.0 -1.0 -1.0 -1.0 2.069 1.811 4.95 337.405 1.159 729.27 0.8592332856531856 1.0
20.0 3.0 Car -1.0 -1.0 -1.0 -1.0 -1.0 -1.0 -1.0 2.02 1.86 4.593 357.827 0.674 781.651 -1.9129681266582585 1.0
20.0 5.0 Car -1.0 -1.0 -1.0 -1.0 -1.0 -1.0 -1.0 1.993 1.829 4.706 340.733 0.974 742.909 -2.0176878817779174 0.0
20.0 4.0 Car -1.0 -1.0 -1.0 -1.0 -1.0 -1.0 -1.0 1.633 1.548 4.153 353.965 0.562 771.637 -1.974349232451184 1.0
20.0 0.0 Truck -1.0 -1.0 -1.0 -1.0 -1.0 -1.0 -1.0 1.985 2.079 5.722 344.385 0.97 749.869 -1.9748726800424452 0.0
20.0 1.0 Car -1.0 -1.0 -1.0 -1.0 -1.0 -1.0 -1.0 1.919 1.694 4.609 336.467 1.053 734.767 -2.0743761758756705 0.0
20.0 8.0 Car -1.0 -1.0 -1.0 -1.0 -1.0 -1.0 -1.0 1.814 1.713 4.354 346.429 0.782 745.181 1.1216009372099565 1.0
20.0 9.0 Car -1.0 -1.0 -1.0 -1.0 -1.0 -1.0 -1.0 1.862 1.73 4.638 348.782 0.728 760.555 -1.9912750333318883 0.0
21.0 7.0 Car -1.0 -1.0 -1.0 -1.0 -1.0 -1.0 -1.0 1.916 1.749 4.483 327.936 1.384 722.126 -2.208330195961848 0.0
21.0 6.0 Car -1.0 -1.0 -1.0 -1.0 -1.0 -1.0 -1.0 2.069 1.811 4.95 338.482 1.159 730.638 0.8677253442170206 1.0
21.0 3.0 Car -1.0 -1.0 -1.0 -1.0 -1.0 -1.0 -1.0 2.02 1.86 4.593 357.515 0.723 781.34 -1.9129681266582585 1.0
21.0 5.0 Car -1.0 -1.0 -1.0 -1.0 -1.0 -1.0 -1.0 1.993 1.829 4.706 340.873 0.974 742.537 -2.0176878817779174 0.0
21.0 4.0 Car -1.0 -1.0 -1.0 -1.0 -1.0 -1.0 -1.0 1.633 1.548 4.153 353.703 0.571 771.038 -1.972894314913653 1.0
21.0 0.0 Truck -1.0 -1.0 -1.0 -1.0 -1.0 -1.0 -1.0 1.985 2.079 5.722 344.264 1.005 749.63 -1.9736452723428963 0.0
21.0 1.0 Car -1.0 -1.0 -1.0 -1.0 -1.0 -1.0 -1.0 1.919 1.694 4.609 336.379 1.071 734.544 -2.0743761758756705 0.0
21.0 8.0 Car -1.0 -1.0 -1.0 -1.0 -1.0 -1.0 -1.0 1.814 1.713 4.354 347.583 0.724 747.897 1.1565075222498433 1.0
21.0 9.0 Car -1.0 -1.0 -1.0 -1.0 -1.0 -1.0 -1.0 1.862 1.73 4.638 348.471 0.778 759.343 -1.988929822909099 0.0
22.0 7.0 Car -1.0 -1.0 -1.0 -1.0 -1.0 -1.0 -1.0 1.916 1.749 4.483 327.628 1.398 721.855 -2.208330195961848 0.0
22.0 6.0 Car -1.0 -1.0 -1.0 -1.0 -1.0 -1.0 -1.0 2.069 1.811 4.95 339.749 1.159 732.396 0.912788924246342 1.0
22.0 3.0 Car -1.0 -1.0 -1.0 -1.0 -1.0 -1.0 -1.0 2.02 1.86 4.593 357.368 0.667 780.924 -1.9478747116981447 1.0
22.0 4.0 Car -1.0 -1.0 -1.0 -1.0 -1.0 -1.0 -1.0 1.633 1.548 4.153 353.412 0.582 770.374 -1.9712785583609567 1.0
22.0 0.0 Truck -1.0 -1.0 -1.0 -1.0 -1.0 -1.0 -1.0 1.985 2.079 5.722 344.129 0.953 749.288 -1.9722821765094776 0.0
22.0 8.0 Car -1.0 -1.0 -1.0 -1.0 -1.0 -1.0 -1.0 1.814 1.713 4.354 349.027 0.716 751.274 1.1739608147697864 1.0
22.0 9.0 Car -1.0 -1.0 -1.0 -1.0 -1.0 -1.0 -1.0 1.862 1.73 4.638 348.26 0.833 758.902 -1.9863253528890967 0.0
23.0 7.0 Car -1.0 -1.0 -1.0 -1.0 -1.0 -1.0 -1.0 1.916 1.749 4.483 327.294 1.413 721.603 -2.208330195961848 0.0
23.0 6.0 Car -1.0 -1.0 -1.0 -1.0 -1.0 -1.0 -1.0 2.069 1.811 4.95 340.934 1.159 734.207 0.9578024715939217 1.0
23.0 3.0 Car -1.0 -1.0 -1.0 -1.0 -1.0 -1.0 -1.0 2.02 1.86 4.593 357.339 0.711 780.464 -1.9478747116981447 1.0
23.0 4.0 Car -1.0 -1.0 -1.0 -1.0 -1.0 -1.0 -1.0 1.633 1.548 4.153 353.121 0.593 769.71 -1.9696645957321632 1.0
23.0 0.0 Truck -1.0 -1.0 -1.0 -1.0 -1.0 -1.0 -1.0 1.985 2.079 5.722 344.092 0.989 749.174 -1.9709205940786776 0.0
23.0 8.0 Car -1.0 -1.0 -1.0 -1.0 -1.0 -1.0 -1.0 1.814 1.713 4.354 350.83 0.707 755.581 1.1739608147697864 1.0
23.0 9.0 Car -1.0 -1.0 -1.0 -1.0 -1.0 -1.0 -1.0 1.862 1.73 4.638 348.049 0.888 758.462 -1.9837237745305978 0.0
24.0 7.0 Car -1.0 -1.0 -1.0 -1.0 -1.0 -1.0 -1.0 1.916 1.749 4.483 326.891 1.528 721.277 -2.208330195961848 0.0
24.0 6.0 Car -1.0 -1.0 -1.0 -1.0 -1.0 -1.0 -1.0 2.069 1.811 4.95 342.143 1.159 736.26 1.0073516843765673 1.0
24.0 3.0 Car -1.0 -1.0 -1.0 -1.0 -1.0 -1.0 -1.0 2.02 1.86 4.593 357.114 0.698 779.472 -1.9478747116981447 1.0
24.0 4.0 Car -1.0 -1.0 -1.0 -1.0 -1.0 -1.0 -1.0 1.633 1.548 4.153 352.801 0.605 768.979 -1.967888006628892 0.0
24.0 0.0 Truck -1.0 -1.0 -1.0 -1.0 -1.0 -1.0 -1.0 1.985 2.079 5.722 343.959 0.999 748.831 -1.9694218155650918 0.0
24.0 8.0 Car -1.0 -1.0 -1.0 -1.0 -1.0 -1.0 -1.0 1.814 1.713 4.354 352.838 0.648 760.38 1.1739608147697864 1.0
24.0 9.0 Car -1.0 -1.0 -1.0 -1.0 -1.0 -1.0 -1.0 1.862 1.73 4.638 347.928 0.799 758.229 -1.9837237745305978 0.0
25.0 7.0 Car -1.0 -1.0 -1.0 -1.0 -1.0 -1.0 -1.0 1.916 1.749 4.483 326.877 1.634 721.129 -2.208330195961848 0.0
25.0 6.0 Car -1.0 -1.0 -1.0 -1.0 -1.0 -1.0 -1.0 2.069 1.811 4.95 343.459 1.146 738.292 1.056599621542352 0.0
25.0 3.0 Car -1.0 -1.0 -1.0 -1.0 -1.0 -1.0 -1.0 2.02 1.86 4.593 356.629 0.642 777.938 -2.0002345892579747 0.0
25.0 4.0 Car -1.0 -1.0 -1.0 -1.0 -1.0 -1.0 -1.0 1.633 1.548 4.153 352.51 0.616 768.314 -1.9662704820106545 0.0
25.0 0.0 Truck -1.0 -1.0 -1.0 -1.0 -1.0 -1.0 -1.0 1.985 2.079 5.722 343.974 1.041 748.843 -1.9680572281438666 0.0
25.0 8.0 Car -1.0 -1.0 -1.0 -1.0 -1.0 -1.0 -1.0 1.814 1.713 4.354 354.633 0.652 764.829 1.1739608147697864 0.0
25.0 9.0 Car -1.0 -1.0 -1.0 -1.0 -1.0 -1.0 -1.0 1.862 1.73 4.638 347.645 0.817 757.625 -1.9837237745305978 0.0
26.0 6.0 Car -1.0 -1.0 -1.0 -1.0 -1.0 -1.0 -1.0 2.069 1.811 4.95 344.674 1.133 740.387 1.105849723772737 0.0
26.0 3.0 Car -1.0 -1.0 -1.0 -1.0 -1.0 -1.0 -1.0 2.02 1.86 4.593 356.285 0.71 777.62 -1.9653270974357773 0.0
26.0 4.0 Car -1.0 -1.0 -1.0 -1.0 -1.0 -1.0 -1.0 1.633 1.548 4.153 352.129 0.616 767.524 -1.9837237745305978 0.0
26.0 8.0 Car -1.0 -1.0 -1.0 -1.0 -1.0 -1.0 -1.0 1.814 1.713 4.354 356.443 0.657 769.473 1.1739608147697864 0.0
26.0 9.0 Car -1.0 -1.0 -1.0 -1.0 -1.0 -1.0 -1.0 1.862 1.73 4.638 347.659 0.853 757.528 -1.9837237745305978 0.0
27.0 6.0 Car -1.0 -1.0 -1.0 -1.0 -1.0 -1.0 -1.0 2.069 1.811 4.95 345.784 1.12 742.538 1.1550972672904125 0.0
27.0 3.0 Car -1.0 -1.0 -1.0 -1.0 -1.0 -1.0 -1.0 2.02 1.86 4.593 355.953 0.779 777.289 -1.9304214191782025 0.0
27.0 4.0 Car -1.0 -1.0 -1.0 -1.0 -1.0 -1.0 -1.0 1.633 1.548 4.153 351.91 0.616 766.867 -1.9837237745305978 0.0
27.0 8.0 Car -1.0 -1.0 -1.0 -1.0 -1.0 -1.0 -1.0 1.814 1.713 4.354 358.372 0.662 773.994 1.1831548305086648 0.0
27.0 9.0 Car -1.0 -1.0 -1.0 -1.0 -1.0 -1.0 -1.0 1.862 1.73 4.638 347.672 0.889 757.432 -1.9837237745305978 0.0
28.0 6.0 Car -1.0 -1.0 -1.0 -1.0 -1.0 -1.0 -1.0 2.069 1.811 4.95 346.69 1.109 744.516 1.1993379020959434 0.0
28.0 3.0 Car -1.0 -1.0 -1.0 -1.0 -1.0 -1.0 -1.0 2.02 1.86 4.593 355.617 0.768 776.414 -1.982781296738031 0.0
28.0 4.0 Car -1.0 -1.0 -1.0 -1.0 -1.0 -1.0 -1.0 1.633 1.548 4.153 351.744 0.616 766.415 -1.9837237745305978 0.0
28.0 8.0 Car -1.0 -1.0 -1.0 -1.0 -1.0 -1.0 -1.0 1.814 1.713 4.354 360.106 0.666 778.055 1.1914141072897297 0.0
28.0 9.0 Car -1.0 -1.0 -1.0 -1.0 -1.0 -1.0 -1.0 1.862 1.73 4.638 347.684 0.921 757.345 -1.9837237745305978 0.0
29.0 6.0 Car -1.0 -1.0 -1.0 -1.0 -1.0 -1.0 -1.0 2.069 1.811 4.95 347.818 1.096 747.127 1.1947472315556205 0.0
29.0 3.0 Car -1.0 -1.0 -1.0 -1.0 -1.0 -1.0 -1.0 2.02 1.86 4.593 355.329 0.787 775.702 -2.0002345892579747 0.0
29.0 4.0 Car -1.0 -1.0 -1.0 -1.0 -1.0 -1.0 -1.0 1.633 1.548 4.153 351.559 0.616 765.912 -1.9837237745305978 0.0
29.0 8.0 Car -1.0 -1.0 -1.0 -1.0 -1.0 -1.0 -1.0 1.814 1.713 4.354 362.176 0.621 782.831 1.2263206923296164 0.0
29.0 9.0 Car -1.0 -1.0 -1.0 -1.0 -1.0 -1.0 -1.0 1.862 1.73 4.638 347.787 0.921 757.579 -1.9837237745305978 0.0
30.0 6.0 Car -1.0 -1.0 -1.0 -1.0 -1.0 -1.0 -1.0 2.069 1.811 4.95 348.947 1.083 749.741 1.19015154685984 0.0
30.0 3.0 Car -1.0 -1.0 -1.0 -1.0 -1.0 -1.0 -1.0 2.02 1.86 4.593 355.304 0.755 775.044 -2.0002345892579747 0.0
30.0 4.0 Car -1.0 -1.0 -1.0 -1.0 -1.0 -1.0 -1.0 1.633 1.548 4.153 351.48 0.616 765.646 -1.9662704820106545 0.0
30.0 8.0 Car -1.0 -1.0 -1.0 -1.0 -1.0 -1.0 -1.0 1.814 1.713 4.354 364.369 0.625 787.425 1.1739608147697864 0.0
30.0 9.0 Car -1.0 -1.0 -1.0 -1.0 -1.0 -1.0 -1.0 1.862 1.73 4.638 347.827 0.934 757.739 -1.979128068071626 0.0
31.0 6.0 Car -1.0 -1.0 -1.0 -1.0 -1.0 -1.0 -1.0 2.069 1.811 4.95 349.849 1.073 751.829 1.1864802759049113 0.0
31.0 3.0 Car -1.0 -1.0 -1.0 -1.0 -1.0 -1.0 -1.0 2.02 1.86 4.593 355.121 0.705 774.645 -2.0002345892579747 0.0
31.0 4.0 Car -1.0 -1.0 -1.0 -1.0 -1.0 -1.0 -1.0 1.633 1.548 4.153 351.575 0.644 765.818 -1.9662704820106545 0.0
31.0 8.0 Car -1.0 -1.0 -1.0 -1.0 -1.0 -1.0 -1.0 1.814 1.713 4.354 365.964 0.609 790.952 1.1739608147697864 0.0
32.0 6.0 Car -1.0 -1.0 -1.0 -1.0 -1.0 -1.0 -1.0 2.069 1.811 4.95 350.978 1.06 754.442 1.1818846095760005 0.0
32.0 3.0 Car -1.0 -1.0 -1.0 -1.0 -1.0 -1.0 -1.0 2.02 1.86 4.593 354.811 0.735 773.964 -1.982781296738031 0.0
32.0 4.0 Car -1.0 -1.0 -1.0 -1.0 -1.0 -1.0 -1.0 1.633 1.548 4.153 351.559 0.68 765.709 -1.9662704820106545 0.0
32.0 8.0 Car -1.0 -1.0 -1.0 -1.0 -1.0 -1.0 -1.0 1.814 1.713 4.354 367.751 0.664 795.248 1.1739608147697864 0.0
33.0 6.0 Car -1.0 -1.0 -1.0 -1.0 -1.0 -1.0 -1.0 2.069 1.811 4.95 352.125 1.047 757.007 1.1818846095760005 0.0
33.0 3.0 Car -1.0 -1.0 -1.0 -1.0 -1.0 -1.0 -1.0 2.02 1.86 4.593 354.596 0.792 773.413 -1.982781296738031 0.0
33.0 4.0 Car -1.0 -1.0 -1.0 -1.0 -1.0 -1.0 -1.0 1.633 1.548 4.153 351.543 0.716 765.6 -1.9662704820106545 0.0
33.0 8.0 Car -1.0 -1.0 -1.0 -1.0 -1.0 -1.0 -1.0 1.814 1.713 4.354 369.618 0.719 799.139 1.1739608147697864 0.0
34.0 6.0 Car -1.0 -1.0 -1.0 -1.0 -1.0 -1.0 -1.0 2.069 1.811 4.95 353.044 1.037 759.06 1.1818846095760005 0.0
34.0 3.0 Car -1.0 -1.0 -1.0 -1.0 -1.0 -1.0 -1.0 2.02 1.86 4.593 354.534 0.839 773.224 -1.982781296738031 0.0
34.0 4.0 Car -1.0 -1.0 -1.0 -1.0 -1.0 -1.0 -1.0 1.633 1.548 4.153 351.546 0.707 765.659 -1.9662704820106545 0.0
34.0 8.0 Car -1.0 -1.0 -1.0 -1.0 -1.0 -1.0 -1.0 1.814 1.713 4.354 371.127 0.724 802.473 1.1739608147697864 0.0
35.0 6.0 Car -1.0 -1.0 -1.0 -1.0 -1.0 -1.0 -1.0 2.069 1.811 4.95 354.19 1.024 761.621 1.1818846095760005 0.0
35.0 3.0 Car -1.0 -1.0 -1.0 -1.0 -1.0 -1.0 -1.0 2.02 1.86 4.593 354.488 0.846 773.059 -1.982781296738031 0.0
35.0 4.0 Car -1.0 -1.0 -1.0 -1.0 -1.0 -1.0 -1.0 1.633 1.548 4.153 351.549 0.696 765.733 -1.9662704820106545 0.0
35.0 8.0 Car -1.0 -1.0 -1.0 -1.0 -1.0 -1.0 -1.0 1.814 1.713 4.354 372.634 0.807 806.151 1.1739608147697864 0.0
36.0 6.0 Car -1.0 -1.0 -1.0 -1.0 -1.0 -1.0 -1.0 2.069 1.811 4.95 355.339 1.011 764.188 1.1818846095760005 0.0
36.0 3.0 Car -1.0 -1.0 -1.0 -1.0 -1.0 -1.0 -1.0 2.02 1.86 4.593 354.474 0.879 773.049 -1.9740547899849816 0.0
36.0 8.0 Car -1.0 -1.0 -1.0 -1.0 -1.0 -1.0 -1.0 1.814 1.713 4.354 374.245 0.812 809.785 1.1739608147697864 0.0
