0.0 1.0 Car -1.0 -1.0 -1.0 -1.0 -1.0 -1.0 -1.0 2.311 2.269 5.783 776.426 1.301 450.697 0.8532740182927041 0.0
1.0 1.0 Car -1.0 -1.0 -1.0 -1.0 -1.0 -1.0 -1.0 2.311 2.269 5.783 779.132 1.265 453.707 0.8532740182927041 1.0
2.0 1.0 Car -1.0 -1.0 -1.0 -1.0 -1.0 -1.0 -1.0 2.311 2.269 5.783 781.591 1.233 456.444 0.8532740182927041 1.0
3.0 1.0 Car -1.0 -1.0 -1.0 -1.0 -1.0 -1.0 -1.0 2.311 2.269 5.783 784.054 1.201 459.184 0.8532740182927041 1.0
4.0 1.0 Car -1.0 -1.0 -1.0 -1.0 -1.0 -1.0 -1.0 2.311 2.269 5.783 786.395 1.167 462.025 0.8532740182927041 1.0
5.0 1.0 Car -1.0 -1.0 -1.0 -1.0 -1.0 -1.0 -1.0 2.311 2.269 5.783 788.739 1.134 464.87 0.8532740182927041 1.0
5.0 0.0 Car -1.0 -1.0 -1.0 -1.0 -1.0 -1.0 -1.0 1.982 1.896 5.036 769.097 1.235 442.183 0.9902519208689995 0.0
6.0 1.0 Car -1.0 -1.0 -1.0 -1.0 -1.0 -1.0 -1.0 2.311 2.269 5.783 791.085 1.101 467.717 0.8532740182927041 1.0
6.0 0.0 Car -1.0 -1.0 -1.0 -1.0 -1.0 -1.0 -1.0 1.982 1.896 5.036 771.415 1.168 445.599 0.9465942193281509 1.0
7.0 1.0 Car -1.0 -1.0 -1.0 -1.0 -1.0 -1.0 -1.0 2.311 2.269 5.783 793.11 1.101 470.134 0.8592916507381788 1.0
7.0 0.0 Car -1.0 -1.0 -1.0 -1.0 -1.0 -1.0 -1.0 1.982 1.896 5.036 773.878 1.102 448.906 0.9029854582692831 1.0
8.0 1.0 Car -1.0 -1.0 -1.0 -1.0 -1.0 -1.0 -1.0 2.311 2.269 5.783 794.933 1.101 472.311 0.8647102321189357 1.0
8.0 0.0 Car -1.0 -1.0 -1.0 -1.0 -1.0 -1.0 -1.0 1.982 1.896 5.036 776.503 1.087 451.919 0.8913494129029541 1.0
9.0 1.0 Car -1.0 -1.0 -1.0 -1.0 -1.0 -1.0 -1.0 2.311 2.269 5.783 796.958 1.101 474.727 0.8707273108126474 1.0
9.0 0.0 Car -1.0 -1.0 -1.0 -1.0 -1.0 -1.0 -1.0 1.982 1.896 5.036 779.419 1.07 455.265 0.8784281341155871 1.0
10.0 1.0 Car -1.0 -1.0 -1.0 -1.0 -1.0 -1.0 -1.0 2.311 2.269 5.783 798.441 1.087 476.491 0.8707273108126474 1.0
10.0 0.0 Car -1.0 -1.0 -1.0 -1.0 -1.0 -1.0 -1.0 1.982 1.896 5.036 781.755 1.057 457.945 0.8680788732293964 1.0
11.0 1.0 Car -1.0 -1.0 -1.0 -1.0 -1.0 -1.0 -1.0 2.311 2.269 5.783 800.665 1.067 479.135 0.8707273108126474 1.0
11.0 0.0 Car -1.0 -1.0 -1.0 -1.0 -1.0 -1.0 -1.0 1.982 1.896 5.036 784.85 1.018 461.492 0.8615354099885156 1.0
12.0 1.0 Car -1.0 -1.0 -1.0 -1.0 -1.0 -1.0 -1.0 2.311 2.269 5.783 802.518 1.051 481.337 0.8707273108126474 1.0
12.0 0.0 Car -1.0 -1.0 -1.0 -1.0 -1.0 -1.0 -1.0 1.982 1.896 5.036 787.428 0.986 464.447 0.856083478271535 1.0
13.0 1.0 Car -1.0 -1.0 -1.0 -1.0 -1.0 -1.0 -1.0 2.311 2.269 5.783 804.377 1.026 483.537 0.8532644917291697 1.0
13.0 0.0 Car -1.0 -1.0 -1.0 -1.0 -1.0 -1.0 -1.0 1.982 1.896 5.036 790.01 0.954 467.406 0.850625580709453 1.0
14.0 1.0 Car -1.0 -1.0 -1.0 -1.0 -1.0 -1.0 -1.0 2.311 2.269 5.783 806.234 1.001 485.735 0.8358207257727607 1.0
14.0 0.0 Car -1.0 -1.0 -1.0 -1.0 -1.0 -1.0 -1.0 1.982 1.896 5.036 792.537 0.927 470.636 0.8541146924709843 1.0
15.0 1.0 Car -1.0 -1.0 -1.0 -1.0 -1.0 -1.0 -1.0 2.311 2.269 5.783 807.833 1.033 487.634 0.8358207257727607 1.0
15.0 0.0 Car -1.0 -1.0 -1.0 -1.0 -1.0 -1.0 -1.0 1.982 1.896 5.036 795.067 0.901 473.87 0.857607594309927 1.0
16.0 1.0 Car -1.0 -1.0 -1.0 -1.0 -1.0 -1.0 -1.0 2.311 2.269 5.783 809.589 1.068 489.721 0.8358207257727607 1.0
16.0 0.0 Car -1.0 -1.0 -1.0 -1.0 -1.0 -1.0 -1.0 1.982 1.896 5.036 797.694 0.871 476.906 0.8614441158744047 1.0
17.0 1.0 Car -1.0 -1.0 -1.0 -1.0 -1.0 -1.0 -1.0 2.311 2.269 5.783 811.188 1.101 491.62 0.8358207257727607 0.0
17.0 0.0 Car -1.0 -1.0 -1.0 -1.0 -1.0 -1.0 -1.0 1.982 1.896 5.036 800.247 0.845 479.858 0.8649370246932322 0.0
18.0 1.0 Car -1.0 -1.0 -1.0 -1.0 -1.0 -1.0 -1.0 2.311 2.269 5.783 812.288 1.116 492.886 0.8358207257727607 0.0
18.0 0.0 Car -1.0 -1.0 -1.0 -1.0 -1.0 -1.0 -1.0 1.982 1.896 5.036 802.544 0.821 482.514 0.8680788732293964 0.0
19.0 1.0 Car -1.0 -1.0 -1.0 -1.0 -1.0 -1.0 -1.0 2.311 2.269 5.783 813.632 1.134 494.432 0.8358207257727607 0.0
19.0 0.0 Car -1.0 -1.0 -1.0 -1.0 -1.0 -1.0 -1.0 1.982 1.896 5.036 804.761 0.871 484.964 0.8552850201285634 0.0
20.0 1.0 Car -1.0 -1.0 -1.0 -1.0 -1.0 -1.0 -1.0 2.311 2.269 5.783 814.854 1.151 495.838 0.8358207257727607 0.0
20.0 0.0 Car -1.0 -1.0 -1.0 -1.0 -1.0 -1.0 -1.0 1.982 1.896 5.036 806.777 0.916 487.193 0.8436492590089844 0.0
21.0 1.0 Car -1.0 -1.0 -1.0 -1.0 -1.0 -1.0 -1.0 2.311 2.269 5.783 815.691 1.151 496.812 0.8532740182927041 0.0
21.0 0.0 Car -1.0 -1.0 -1.0 -1.0 -1.0 -1.0 -1.0 1.982 1.896 5.036 808.268 0.871 488.76 0.8331722881895097 0.0
22.0 1.0 Car -1.0 -1.0 -1.0 -1.0 -1.0 -1.0 -1.0 2.311 2.269 5.783 816.617 1.151 497.957 0.8532740182927041 0.0
22.0 0.0 Car -1.0 -1.0 -1.0 -1.0 -1.0 -1.0 -1.0 1.982 1.896 5.036 809.469 0.854 490.3 0.8448121040181316 0.0
23.0 1.0 Car -1.0 -1.0 -1.0 -1.0 -1.0 -1.0 -1.0 2.311 2.269 5.783 817.255 1.151 498.771 0.8881806033325909 0.0
23.0 0.0 Car -1.0 -1.0 -1.0 -1.0 -1.0 -1.0 -1.0 1.982 1.896 5.036 810.347 0.838 491.475 0.8564394993292983 0.0
24.0 1.0 Car -1.0 -1.0 -1.0 -1.0 -1.0 -1.0 -1.0 2.311 2.269 5.783 817.984 1.151 499.509 0.9230871883724774 0.0
24.0 0.0 Car -1.0 -1.0 -1.0 -1.0 -1.0 -1.0 -1.0 1.982 1.896 5.036 811.429 0.821 492.247 0.8680788732293964 0.0
25.0 1.0 Car -1.0 -1.0 -1.0 -1.0 -1.0 -1.0 -1.0 2.311 2.269 5.783 818.345 1.151 500.553 0.9754470659323075 0.0
25.0 0.0 Car -1.0 -1.0 -1.0 -1.0 -1.0 -1.0 -1.0 1.982 1.896 5.036 811.795 0.871 493.352 0.8275084496388364 0.0
26.0 1.0 Car -1.0 -1.0 -1.0 -1.0 -1.0 -1.0 -1.0 2.311 2.269 5.783 819.032 1.151 502.008 1.062713528532024 0.0
26.0 0.0 Car -1.0 -1.0 -1.0 -1.0 -1.0 -1.0 -1.0 1.982 1.896 5.036 812.68 0.926 494.228 0.8562585313259047 0.0
27.0 1.0 Car -1.0 -1.0 -1.0 -1.0 -1.0 -1.0 -1.0 2.311 2.269 5.783 819.408 1.151 503.331 1.1848865761716274 0.0
27.0 0.0 Car -1.0 -1.0 -1.0 -1.0 -1.0 -1.0 -1.0 1.982 1.896 5.036 813.163 0.971 494.937 0.8510311535248044 0.0
28.0 1.0 Car -1.0 -1.0 -1.0 -1.0 -1.0 -1.0 -1.0 2.311 2.269 5.783 819.825 1.151 504.802 1.3070596238112302 0.0
28.0 0.0 Car -1.0 -1.0 -1.0 -1.0 -1.0 -1.0 -1.0 1.982 1.896 5.036 813.824 1.021 495.616 0.8452172392839862 0.0
