0.0 1.0 Truck -1.0 -1.0 -1.0 -1.0 -1.0 -1.0 -1.0 3.223 3.383 12.069 1613.703 2.258 864.067 -2.923374136794266 0.0
0.0 2.0 Truck -1.0 -1.0 -1.0 -1.0 -1.0 -1.0 -1.0 2.324 2.0 5.913 1705.309 0.991 851.99 1.4282029283508595 0.0
0.0 3.0 Car -1.0 -1.0 -1.0 -1.0 -1.0 -1.0 -1.0 1.884 1.535 4.784 1687.79 0.739 865.792 3.127769646354629 0.0
0.0 0.0 Car -1.0 -1.0 -1.0 -1.0 -1.0 -1.0 -1.0 1.893 1.711 4.569 1637.831 1.097 868.082 -3.1348731344130716 0.0
1.0 1.0 Truck -1.0 -1.0 -1.0 -1.0 -1.0 -1.0 -1.0 3.223 3.383 12.069 1610.221 2.217 863.275 -2.923374136794266 1.0
1.0 2.0 Truck -1.0 -1.0 -1.0 -1.0 -1.0 -1.0 -1.0 2.324 2.0 5.913 1705.207 1.016 853.804 1.5591052379947719 1.0
1.0 3.0 Car -1.0 -1.0 -1.0 -1.0 -1.0 -1.0 -1.0 1.884 1.535 4.784 1684.323 0.739 865.807 3.127769646354629 1.0
1.0 0.0 Car -1.0 -1.0 -1.0 -1.0 -1.0 -1.0 -1.0 1.893 1.711 4.569 1634.285 1.097 867.853 -3.082513256853242 1.0
2.0 1.0 Truck -1.0 -1.0 -1.0 -1.0 -1.0 -1.0 -1.0 3.223 3.383 12.069 1606.739 2.175 862.482 -2.923374136794266 1.0
2.0 2.0 Truck -1.0 -1.0 -1.0 -1.0 -1.0 -1.0 -1.0 2.324 2.0 5.913 1704.869 1.041 855.588 1.6900023161500084 1.0
2.0 3.0 Car -1.0 -1.0 -1.0 -1.0 -1.0 -1.0 -1.0 1.884 1.535 4.784 1681.028 0.764 865.811 3.131261768923433 1.0
2.0 0.0 Car -1.0 -1.0 -1.0 -1.0 -1.0 -1.0 -1.0 1.893 1.711 4.569 1631.02 1.1 867.565 -3.0545762763028086 1.0
3.0 1.0 Truck -1.0 -1.0 -1.0 -1.0 -1.0 -1.0 -1.0 3.223 3.383 12.069 1603.26 2.133 861.691 -2.923374136794266 1.0
3.0 2.0 Truck -1.0 -1.0 -1.0 -1.0 -1.0 -1.0 -1.0 2.324 2.0 5.913 1704.351 1.066 857.391 1.8296294942687061 1.0
3.0 3.0 Car -1.0 -1.0 -1.0 -1.0 -1.0 -1.0 -1.0 1.884 1.535 4.784 1677.902 0.789 865.88 3.1347501441004075 1.0
3.0 0.0 Car -1.0 -1.0 -1.0 -1.0 -1.0 -1.0 -1.0 1.893 1.711 4.569 1627.767 1.103 867.187 -3.0266692748870136 1.0
4.0 1.0 Truck -1.0 -1.0 -1.0 -1.0 -1.0 -1.0 -1.0 3.223 3.383 12.069 1599.841 2.075 861.071 -2.9466439086045377 1.0
4.0 2.0 Truck -1.0 -1.0 -1.0 -1.0 -1.0 -1.0 -1.0 2.324 2.0 5.913 1703.587 1.091 859.104 1.9692549964691015 1.0
4.0 3.0 Car -1.0 -1.0 -1.0 -1.0 -1.0 -1.0 -1.0 1.884 1.535 4.784 1674.924 0.789 865.915 3.138238477407082 1.0
4.0 0.0 Car -1.0 -1.0 -1.0 -1.0 -1.0 -1.0 -1.0 1.893 1.711 4.569 1624.392 1.107 866.654 -2.998762608433618 1.0
5.0 1.0 Truck -1.0 -1.0 -1.0 -1.0 -1.0 -1.0 -1.0 3.223 3.383 12.069 1596.446 2.016 860.318 -2.9350137277928883 1.0
5.0 2.0 Truck -1.0 -1.0 -1.0 -1.0 -1.0 -1.0 -1.0 2.324 2.0 5.913 1702.328 1.066 860.899 2.1437919324324386 1.0
5.0 3.0 Car -1.0 -1.0 -1.0 -1.0 -1.0 -1.0 -1.0 1.884 1.535 4.784 1671.942 0.789 865.949 -3.1414545187873517 1.0
5.0 0.0 Car -1.0 -1.0 -1.0 -1.0 -1.0 -1.0 -1.0 1.893 1.711 4.569 1620.803 1.127 866.041 -2.9708241205523924 1.0
6.0 1.0 Truck -1.0 -1.0 -1.0 -1.0 -1.0 -1.0 -1.0 3.223 3.383 12.069 1593.099 1.958 859.365 -2.905920844274323 1.0
6.0 2.0 Truck -1.0 -1.0 -1.0 -1.0 -1.0 -1.0 -1.0 2.324 2.0 5.913 1700.777 1.041 862.449 2.3183208468679677 1.0
6.0 3.0 Car -1.0 -1.0 -1.0 -1.0 -1.0 -1.0 -1.0 1.884 1.535 4.784 1669.109 0.789 865.983 -3.1379623683050144 1.0
6.0 0.0 Car -1.0 -1.0 -1.0 -1.0 -1.0 -1.0 -1.0 1.893 1.711 4.569 1617.233 1.147 865.329 -2.9428869166936953 1.0
7.0 1.0 Truck -1.0 -1.0 -1.0 -1.0 -1.0 -1.0 -1.0 3.223 3.383 12.069 1590.08 1.883 858.22 -2.8099298478249306 1.0
7.0 2.0 Truck -1.0 -1.0 -1.0 -1.0 -1.0 -1.0 -1.0 2.324 2.0 5.913 1698.676 1.041 863.934 2.5089906131308366 1.0
7.0 3.0 Car -1.0 -1.0 -1.0 -1.0 -1.0 -1.0 -1.0 1.884 1.535 4.784 1666.218 0.789 866.037 -3.134328736066871 1.0
7.0 0.0 Car -1.0 -1.0 -1.0 -1.0 -1.0 -1.0 -1.0 1.893 1.711 4.569 1613.41 1.107 864.504 -2.925434008248351 1.0
8.0 1.0 Truck -1.0 -1.0 -1.0 -1.0 -1.0 -1.0 -1.0 3.223 3.383 12.069 1587.185 1.808 856.791 -2.713934626554946 1.0
8.0 2.0 Truck -1.0 -1.0 -1.0 -1.0 -1.0 -1.0 -1.0 2.324 2.0 5.913 1696.332 1.041 864.994 2.699668771280285 1.0
8.0 3.0 Car -1.0 -1.0 -1.0 -1.0 -1.0 -1.0 -1.0 1.884 1.535 4.784 1663.261 0.789 865.959 -3.1306949439028497 1.0
8.0 0.0 Car -1.0 -1.0 -1.0 -1.0 -1.0 -1.0 -1.0 1.893 1.711 4.569 1609.586 1.068 863.678 -2.907980331653808 1.0
9.0 1.0 Truck -1.0 -1.0 -1.0 -1.0 -1.0 -1.0 -1.0 3.223 3.383 12.069 1584.99 1.764 855.631 -2.6698449818291974 1.0
9.0 2.0 Truck -1.0 -1.0 -1.0 -1.0 -1.0 -1.0 -1.0 2.324 2.0 5.913 1694.435 1.027 865.608 2.811255092285198 1.0
9.0 3.0 Car -1.0 -1.0 -1.0 -1.0 -1.0 -1.0 -1.0 1.884 1.535 4.784 1660.582 0.789 865.867 -3.1277846273295373 1.0
9.0 0.0 Car -1.0 -1.0 -1.0 -1.0 -1.0 -1.0 -1.0 1.893 1.711 4.569 1606.855 0.997 863.072 -2.907980331653808 1.0
10.0 1.0 Truck -1.0 -1.0 -1.0 -1.0 -1.0 -1.0 -1.0 3.223 3.383 12.069 1582.325 1.709 854.049 -2.61479685444218 1.0
10.0 2.0 Truck -1.0 -1.0 -1.0 -1.0 -1.0 -1.0 -1.0 2.324 2.0 5.913 1691.989 1.009 866.073 2.950576197082847 1.0
10.0 3.0 Car -1.0 -1.0 -1.0 -1.0 -1.0 -1.0 -1.0 1.884 1.535 4.784 1657.016 0.789 865.709 -3.1154341404925985 1.0
10.0 0.0 Car -1.0 -1.0 -1.0 -1.0 -1.0 -1.0 -1.0 1.893 1.711 4.569 1603.617 0.972 862.245 -2.907980331653808 1.0
11.0 1.0 Truck -1.0 -1.0 -1.0 -1.0 -1.0 -1.0 -1.0 3.223 3.383 12.069 1579.634 1.654 852.437 -2.607585384842175 1.0
11.0 2.0 Truck -1.0 -1.0 -1.0 -1.0 -1.0 -1.0 -1.0 2.324 2.0 5.913 1689.199 0.991 866.408 3.0339058401856427 1.0
11.0 3.0 Car -1.0 -1.0 -1.0 -1.0 -1.0 -1.0 -1.0 1.884 1.535 4.784 1653.047 0.789 865.541 -3.1030557832651278 0.0
11.0 0.0 Car -1.0 -1.0 -1.0 -1.0 -1.0 -1.0 -1.0 1.893 1.711 4.569 1600.372 0.947 861.416 -2.907980331653808 1.0
12.0 1.0 Truck -1.0 -1.0 -1.0 -1.0 -1.0 -1.0 -1.0 3.223 3.383 12.069 1576.949 1.599 850.828 -2.600390051407407 1.0
12.0 2.0 Truck -1.0 -1.0 -1.0 -1.0 -1.0 -1.0 -1.0 2.324 2.0 5.913 1686.041 1.055 866.785 3.0606931612698425 1.0
12.0 3.0 Car -1.0 -1.0 -1.0 -1.0 -1.0 -1.0 -1.0 1.884 1.535 4.784 1648.589 0.784 865.364 -3.0969454604095206 0.0
12.0 0.0 Car -1.0 -1.0 -1.0 -1.0 -1.0 -1.0 -1.0 1.893 1.711 4.569 1597.006 0.901 860.577 -2.8660763677988017 1.0
13.0 1.0 Truck -1.0 -1.0 -1.0 -1.0 -1.0 -1.0 -1.0 3.223 3.383 12.069 1573.729 1.533 848.9 -2.591761578915341 1.0
13.0 2.0 Truck -1.0 -1.0 -1.0 -1.0 -1.0 -1.0 -1.0 2.324 2.0 5.913 1682.244 1.021 867.125 3.092815878751469 1.0
13.0 3.0 Car -1.0 -1.0 -1.0 -1.0 -1.0 -1.0 -1.0 1.884 1.535 4.784 1643.026 0.778 865.141 -3.0896181067635458 0.0
13.0 0.0 Car -1.0 -1.0 -1.0 -1.0 -1.0 -1.0 -1.0 1.893 1.711 4.569 1593.022 0.846 859.385 -2.8158261323219658 1.0
14.0 1.0 Truck -1.0 -1.0 -1.0 -1.0 -1.0 -1.0 -1.0 3.223 3.383 12.069 1569.514 1.518 846.485 -2.6027517569413363 1.0
14.0 2.0 Truck -1.0 -1.0 -1.0 -1.0 -1.0 -1.0 -1.0 2.324 2.0 5.913 1679.11 1.034 867.143 -3.1271064193543405 1.0
14.0 3.0 Car -1.0 -1.0 -1.0 -1.0 -1.0 -1.0 -1.0 1.884 1.535 4.784 1638.046 0.773 864.889 -3.0835142869952654 0.0
14.0 0.0 Car -1.0 -1.0 -1.0 -1.0 -1.0 -1.0 -1.0 1.893 1.711 4.569 1589.752 0.801 858.241 -2.7739667659690466 1.0
15.0 1.0 Truck -1.0 -1.0 -1.0 -1.0 -1.0 -1.0 -1.0 3.223 3.383 12.069 1568.628 1.402 845.79 -2.651955933743232 1.0
15.0 2.0 Truck -1.0 -1.0 -1.0 -1.0 -1.0 -1.0 -1.0 2.324 2.0 5.913 1676.437 1.145 867.059 -3.1271064193543405 1.0
15.0 3.0 Car -1.0 -1.0 -1.0 -1.0 -1.0 -1.0 -1.0 1.884 1.535 4.784 1634.297 0.769 864.685 -3.078627620255836 0.0
15.0 0.0 Car -1.0 -1.0 -1.0 -1.0 -1.0 -1.0 -1.0 1.893 1.711 4.569 1587.402 0.754 857.337 -2.740454509536868 1.0
16.0 1.0 Truck -1.0 -1.0 -1.0 -1.0 -1.0 -1.0 -1.0 3.223 3.383 12.069 1567.126 1.369 844.795 -2.674235726886497 1.0
16.0 2.0 Truck -1.0 -1.0 -1.0 -1.0 -1.0 -1.0 -1.0 2.324 2.0 5.913 1673.086 1.108 866.991 -3.1271064193543405 1.0
16.0 3.0 Car -1.0 -1.0 -1.0 -1.0 -1.0 -1.0 -1.0 1.884 1.535 4.784 1628.818 0.839 864.266 -3.050695905705298 0.0
16.0 0.0 Car -1.0 -1.0 -1.0 -1.0 -1.0 -1.0 -1.0 1.893 1.711 4.569 1584.451 0.697 856.225 -2.6985408214144884 1.0
17.0 1.0 Truck -1.0 -1.0 -1.0 -1.0 -1.0 -1.0 -1.0 3.223 3.383 12.069 1564.07 1.286 843.37 -2.7488412115948297 1.0
17.0 2.0 Truck -1.0 -1.0 -1.0 -1.0 -1.0 -1.0 -1.0 2.324 2.0 5.913 1669.736 1.072 866.924 -3.1271064193543405 1.0
17.0 3.0 Car -1.0 -1.0 -1.0 -1.0 -1.0 -1.0 -1.0 1.884 1.535 4.784 1623.227 0.834 863.614 -3.024519711948661 0.0
17.0 0.0 Car -1.0 -1.0 -1.0 -1.0 -1.0 -1.0 -1.0 1.893 1.711 4.569 1581.712 0.641 854.741 -2.6273389646600482 1.0
18.0 1.0 Truck -1.0 -1.0 -1.0 -1.0 -1.0 -1.0 -1.0 3.223 3.383 12.069 1562.506 1.234 842.014 -2.725050085984733 1.0
18.0 2.0 Truck -1.0 -1.0 -1.0 -1.0 -1.0 -1.0 -1.0 2.324 2.0 5.913 1666.386 1.035 866.856 -3.1271064193543405 1.0
18.0 3.0 Car -1.0 -1.0 -1.0 -1.0 -1.0 -1.0 -1.0 1.884 1.535 4.784 1617.653 0.829 862.815 -2.998336028145468 0.0
18.0 0.0 Car -1.0 -1.0 -1.0 -1.0 -1.0 -1.0 -1.0 1.893 1.711 4.569 1579.12 0.585 853.152 -2.5561167342322233 1.0
19.0 1.0 Truck -1.0 -1.0 -1.0 -1.0 -1.0 -1.0 -1.0 3.223 3.383 12.069 1560.249 1.187 840.487 -2.7542504038215467 1.0
19.0 2.0 Truck -1.0 -1.0 -1.0 -1.0 -1.0 -1.0 -1.0 2.324 2.0 5.913 1663.369 1.049 866.841 -3.1325225127571814 1.0
19.0 3.0 Car -1.0 -1.0 -1.0 -1.0 -1.0 -1.0 -1.0 1.884 1.535 4.784 1612.455 0.874 861.857 -2.9616283866370035 0.0
19.0 0.0 Car -1.0 -1.0 -1.0 -1.0 -1.0 -1.0 -1.0 1.893 1.711 4.569 1576.889 0.535 851.567 -2.491991808277426 1.0
20.0 1.0 Truck -1.0 -1.0 -1.0 -1.0 -1.0 -1.0 -1.0 3.223 3.383 12.069 1557.22 1.136 839.754 -2.8012010891546595 1.0
20.0 2.0 Truck -1.0 -1.0 -1.0 -1.0 -1.0 -1.0 -1.0 2.324 2.0 5.913 1660.015 1.064 866.824 -3.138544770504858 1.0
20.0 3.0 Car -1.0 -1.0 -1.0 -1.0 -1.0 -1.0 -1.0 1.884 1.535 4.784 1606.489 0.808 860.663 -2.918859101680177 0.0
20.0 0.0 Car -1.0 -1.0 -1.0 -1.0 -1.0 -1.0 -1.0 1.893 1.711 4.569 1574.714 0.412 850.082 -2.4206900777814297 1.0
21.0 1.0 Truck -1.0 -1.0 -1.0 -1.0 -1.0 -1.0 -1.0 3.223 3.383 12.069 1554.652 1.109 839.249 -2.927732096389303 1.0
21.0 2.0 Truck -1.0 -1.0 -1.0 -1.0 -1.0 -1.0 -1.0 2.324 2.0 5.913 1656.665 1.079 866.807 3.1386255953053026 1.0
21.0 3.0 Car -1.0 -1.0 -1.0 -1.0 -1.0 -1.0 -1.0 1.884 1.535 4.784 1600.67 0.692 859.16 -2.8761629805058644 0.0
21.0 0.0 Car -1.0 -1.0 -1.0 -1.0 -1.0 -1.0 -1.0 1.893 1.711 4.569 1572.517 0.377 848.165 -2.3873041589257538 1.0
22.0 1.0 Truck -1.0 -1.0 -1.0 -1.0 -1.0 -1.0 -1.0 3.223 3.383 12.069 1552.041 1.082 839.071 -3.054271204054739 1.0
22.0 2.0 Truck -1.0 -1.0 -1.0 -1.0 -1.0 -1.0 -1.0 2.324 2.0 5.913 1653.175 1.061 866.787 3.1386255953053026 1.0
22.0 3.0 Car -1.0 -1.0 -1.0 -1.0 -1.0 -1.0 -1.0 1.884 1.535 4.784 1594.831 0.676 857.109 -2.771443225386205 1.0
22.0 0.0 Car -1.0 -1.0 -1.0 -1.0 -1.0 -1.0 -1.0 1.893 1.711 4.569 1570.541 0.391 846.107 -2.3539161027257927 1.0
23.0 1.0 Truck -1.0 -1.0 -1.0 -1.0 -1.0 -1.0 -1.0 3.223 3.383 12.069 1549.461 1.08 839.265 3.102451810465472 1.0
23.0 2.0 Truck -1.0 -1.0 -1.0 -1.0 -1.0 -1.0 -1.0 2.324 2.0 5.913 1649.685 1.043 866.767 3.1386255953053026 1.0
23.0 3.0 Car -1.0 -1.0 -1.0 -1.0 -1.0 -1.0 -1.0 1.884 1.535 4.784 1589.502 0.61 854.982 -2.684176762786488 1.0
23.0 0.0 Car -1.0 -1.0 -1.0 -1.0 -1.0 -1.0 -1.0 1.893 1.711 4.569 1568.919 0.38 844.611 -2.432514449847846 1.0
24.0 1.0 Truck -1.0 -1.0 -1.0 -1.0 -1.0 -1.0 -1.0 3.223 3.383 12.069 1546.878 1.078 839.454 2.9758387349465707 1.0
24.0 2.0 Truck -1.0 -1.0 -1.0 -1.0 -1.0 -1.0 -1.0 2.324 2.0 5.913 1646.192 1.025 866.746 3.1386255953053026 1.0
24.0 3.0 Car -1.0 -1.0 -1.0 -1.0 -1.0 -1.0 -1.0 1.884 1.535 4.784 1584.624 0.593 852.648 -2.6492701777466023 1.0
24.0 0.0 Car -1.0 -1.0 -1.0 -1.0 -1.0 -1.0 -1.0 1.893 1.711 4.569 1567.182 0.369 843.245 -2.511206510940157 1.0
25.0 1.0 Truck -1.0 -1.0 -1.0 -1.0 -1.0 -1.0 -1.0 3.223 3.383 12.069 1544.274 1.294 840.053 2.937807535671978 1.0
25.0 2.0 Truck -1.0 -1.0 -1.0 -1.0 -1.0 -1.0 -1.0 2.324 2.0 5.913 1642.355 1.057 866.73 -3.135419769550268 1.0
25.0 3.0 Car -1.0 -1.0 -1.0 -1.0 -1.0 -1.0 -1.0 1.884 1.535 4.784 1580.301 0.576 849.835 -2.5578707545064416 1.0
25.0 0.0 Car -1.0 -1.0 -1.0 -1.0 -1.0 -1.0 -1.0 1.893 1.711 4.569 1564.984 0.357 841.603 -2.5627834614111116 1.0
26.0 1.0 Truck -1.0 -1.0 -1.0 -1.0 -1.0 -1.0 -1.0 3.223 3.383 12.069 1541.926 1.491 840.683 2.9032157771320977 0.0
26.0 2.0 Truck -1.0 -1.0 -1.0 -1.0 -1.0 -1.0 -1.0 2.324 2.0 5.913 1638.866 1.086 866.637 -3.1271064193543405 0.0
26.0 3.0 Car -1.0 -1.0 -1.0 -1.0 -1.0 -1.0 -1.0 1.884 1.535 4.784 1577.003 0.559 847.514 -2.509643837587054 0.0
26.0 0.0 Car -1.0 -1.0 -1.0 -1.0 -1.0 -1.0 -1.0 1.893 1.711 4.569 1562.804 0.346 840.376 -2.576367773774889 0.0
27.0 1.0 Truck -1.0 -1.0 -1.0 -1.0 -1.0 -1.0 -1.0 3.223 3.383 12.069 1539.15 1.506 841.926 2.78405088315262 0.0
27.0 2.0 Truck -1.0 -1.0 -1.0 -1.0 -1.0 -1.0 -1.0 2.324 2.0 5.913 1634.942 1.166 866.554 -3.065984780720835 0.0
27.0 3.0 Car -1.0 -1.0 -1.0 -1.0 -1.0 -1.0 -1.0 1.884 1.535 4.784 1573.984 0.542 845.097 -2.4397905362916195 0.0
27.0 0.0 Car -1.0 -1.0 -1.0 -1.0 -1.0 -1.0 -1.0 1.893 1.711 4.569 1560.887 0.31 839.586 -2.7313551935090294 0.0
28.0 1.0 Truck -1.0 -1.0 -1.0 -1.0 -1.0 -1.0 -1.0 3.223 3.383 12.069 1536.545 1.521 843.489 2.6650229113220147 0.0
28.0 2.0 Truck -1.0 -1.0 -1.0 -1.0 -1.0 -1.0 -1.0 2.324 2.0 5.913 1631.035 1.245 866.232 -3.0049333717147375 0.0
28.0 3.0 Car -1.0 -1.0 -1.0 -1.0 -1.0 -1.0 -1.0 1.884 1.535 4.784 1571.724 0.525 842.916 -2.3700174974275092 0.0
28.0 0.0 Car -1.0 -1.0 -1.0 -1.0 -1.0 -1.0 -1.0 1.893 1.711 4.569 1558.94 0.324 838.938 -2.8512980536255723 0.0
29.0 1.0 Truck -1.0 -1.0 -1.0 -1.0 -1.0 -1.0 -1.0 3.223 3.383 12.069 1534.373 1.534 845.151 2.5578364431768703 0.0
29.0 2.0 Truck -1.0 -1.0 -1.0 -1.0 -1.0 -1.0 -1.0 2.324 2.0 5.913 1627.863 1.317 865.785 -2.970026786674851 0.0
29.0 3.0 Car -1.0 -1.0 -1.0 -1.0 -1.0 -1.0 -1.0 1.884 1.535 4.784 1570.054 0.51 841.387 -2.353468396855841 0.0
29.0 0.0 Car -1.0 -1.0 -1.0 -1.0 -1.0 -1.0 -1.0 1.893 1.711 4.569 1556.753 0.292 838.662 -2.9957563397485214 0.0
30.0 1.0 Truck -1.0 -1.0 -1.0 -1.0 -1.0 -1.0 -1.0 3.223 3.383 12.069 1532.745 1.585 846.397 2.528230809930795 0.0
30.0 2.0 Truck -1.0 -1.0 -1.0 -1.0 -1.0 -1.0 -1.0 2.324 2.0 5.913 1624.09 1.348 865.176 -2.9808487431288158 0.0
30.0 3.0 Car -1.0 -1.0 -1.0 -1.0 -1.0 -1.0 -1.0 1.884 1.535 4.784 1568.79 0.494 840.086 -2.3351109123876226 0.0
30.0 0.0 Car -1.0 -1.0 -1.0 -1.0 -1.0 -1.0 -1.0 1.893 1.711 4.569 1554.187 0.312 838.637 3.0903713950718803 0.0
31.0 1.0 Truck -1.0 -1.0 -1.0 -1.0 -1.0 -1.0 -1.0 3.223 3.383 12.069 1530.995 1.642 847.824 2.495638364466456 0.0
31.0 2.0 Truck -1.0 -1.0 -1.0 -1.0 -1.0 -1.0 -1.0 2.324 2.0 5.913 1620.025 1.383 864.355 -2.9351202016349642 0.0
31.0 3.0 Car -1.0 -1.0 -1.0 -1.0 -1.0 -1.0 -1.0 1.884 1.535 4.784 1567.65 0.477 839.249 -2.3351109123876226 0.0
31.0 0.0 Car -1.0 -1.0 -1.0 -1.0 -1.0 -1.0 -1.0 1.893 1.711 4.569 1551.295 0.393 839.267 2.905670692329032 0.0
32.0 1.0 Truck -1.0 -1.0 -1.0 -1.0 -1.0 -1.0 -1.0 3.223 3.383 12.069 1529.446 1.693 849.17 2.466000891021842 0.0
32.0 2.0 Truck -1.0 -1.0 -1.0 -1.0 -1.0 -1.0 -1.0 2.324 2.0 5.913 1616.28 1.415 863.592 -2.9351202016349642 0.0
32.0 3.0 Car -1.0 -1.0 -1.0 -1.0 -1.0 -1.0 -1.0 1.884 1.535 4.784 1567.168 0.461 838.655 -2.3351109123876226 0.0
32.0 0.0 Car -1.0 -1.0 -1.0 -1.0 -1.0 -1.0 -1.0 1.893 1.711 4.569 1548.75 0.562 840.123 2.737715753853113 0.0
33.0 1.0 Truck -1.0 -1.0 -1.0 -1.0 -1.0 -1.0 -1.0 3.223 3.383 12.069 1527.937 1.744 850.561 2.436362883942615 0.0
33.0 2.0 Truck -1.0 -1.0 -1.0 -1.0 -1.0 -1.0 -1.0 2.324 2.0 5.913 1612.534 1.447 862.828 -2.9351202016349642 0.0
33.0 3.0 Car -1.0 -1.0 -1.0 -1.0 -1.0 -1.0 -1.0 1.884 1.535 4.784 1567.047 0.518 838.303 -2.3351109123876226 0.0
33.0 0.0 Car -1.0 -1.0 -1.0 -1.0 -1.0 -1.0 -1.0 1.893 1.711 4.569 1546.354 0.614 841.09 2.6456429309286857 0.0
34.0 1.0 Truck -1.0 -1.0 -1.0 -1.0 -1.0 -1.0 -1.0 3.223 3.383 12.069 1526.469 1.795 851.998 2.4066913171755426 0.0
34.0 2.0 Truck -1.0 -1.0 -1.0 -1.0 -1.0 -1.0 -1.0 2.324 2.0 5.913 1608.786 1.478 862.058 -2.9351202016349642 0.0
34.0 3.0 Car -1.0 -1.0 -1.0 -1.0 -1.0 -1.0 -1.0 1.884 1.535 4.784 1567.11 0.576 838.142 -2.3351109123876226 0.0
34.0 0.0 Car -1.0 -1.0 -1.0 -1.0 -1.0 -1.0 -1.0 1.893 1.711 4.569 1544.054 0.667 842.275 2.5534658521685625 0.0
35.0 1.0 Truck -1.0 -1.0 -1.0 -1.0 -1.0 -1.0 -1.0 3.223 3.383 12.069 1525.045 1.846 853.477 2.377051056972397 0.0
35.0 2.0 Truck -1.0 -1.0 -1.0 -1.0 -1.0 -1.0 -1.0 2.324 2.0 5.913 1605.042 1.51 861.289 -2.9351202016349642 0.0
35.0 3.0 Car -1.0 -1.0 -1.0 -1.0 -1.0 -1.0 -1.0 1.884 1.535 4.784 1567.306 0.601 838.192 -2.3351109123876226 0.0
35.0 0.0 Car -1.0 -1.0 -1.0 -1.0 -1.0 -1.0 -1.0 1.893 1.711 4.569 1541.415 0.745 843.81 2.4899315372695767 0.0
36.0 1.0 Truck -1.0 -1.0 -1.0 -1.0 -1.0 -1.0 -1.0 3.223 3.383 12.069 1524.657 1.915 853.803 2.371143676314381 0.0
36.0 2.0 Truck -1.0 -1.0 -1.0 -1.0 -1.0 -1.0 -1.0 2.324 2.0 5.913 1601.572 1.512 860.435 -2.8703773917372377 0.0
36.0 3.0 Car -1.0 -1.0 -1.0 -1.0 -1.0 -1.0 -1.0 1.884 1.535 4.784 1567.284 0.635 838.12 -2.321640712078367 0.0
36.0 0.0 Car -1.0 -1.0 -1.0 -1.0 -1.0 -1.0 -1.0 1.893 1.711 4.569 1539.426 0.815 845.704 2.432727179448837 0.0
37.0 1.0 Truck -1.0 -1.0 -1.0 -1.0 -1.0 -1.0 -1.0 3.223 3.383 12.069 1524.007 1.916 854.416 2.3712660083693744 0.0
37.0 2.0 Truck -1.0 -1.0 -1.0 -1.0 -1.0 -1.0 -1.0 2.324 2.0 5.913 1598.546 1.514 859.491 -2.812947153995361 0.0
37.0 3.0 Car -1.0 -1.0 -1.0 -1.0 -1.0 -1.0 -1.0 1.884 1.535 4.784 1567.307 0.666 838.102 -2.309691944216525 0.0
37.0 0.0 Car -1.0 -1.0 -1.0 -1.0 -1.0 -1.0 -1.0 1.893 1.711 4.569 1537.483 0.827 847.448 2.432727179448837 0.0
