0.0 0.0 Car -1.0 -1.0 -1.0 -1.0 -1.0 -1.0 -1.0 1.767 1.75 5.067 1480.293 1.453 3049.236 -0.9927432785407704 0.0
1.0 0.0 Car -1.0 -1.0 -1.0 -1.0 -1.0 -1.0 -1.0 1.767 1.75 5.067 1482.689 1.378 3045.643 -0.9927432785407704 1.0
2.0 0.0 Car -1.0 -1.0 -1.0 -1.0 -1.0 -1.0 -1.0 1.767 1.75 5.067 1485.101 1.353 3042.025 -0.9927432785407704 1.0
3.0 0.0 Car -1.0 -1.0 -1.0 -1.0 -1.0 -1.0 -1.0 1.767 1.75 5.067 1488.054 1.325 3037.726 -0.9927432785407704 1.0
4.0 0.0 Car -1.0 -1.0 -1.0 -1.0 -1.0 -1.0 -1.0 1.767 1.75 5.067 1490.919 1.391 3033.599 -0.9927432785407704 1.0
5.0 0.0 Car -1.0 -1.0 -1.0 -1.0 -1.0 -1.0 -1.0 1.767 1.75 5.067 1493.498 1.495 3029.77 -0.9927432785407704 1.0
6.0 0.0 Car -1.0 -1.0 -1.0 -1.0 -1.0 -1.0 -1.0 1.767 1.75 5.067 1496.481 1.5 3025.264 -0.9927432785407704 1.0
7.0 0.0 Car -1.0 -1.0 -1.0 -1.0 -1.0 -1.0 -1.0 1.767 1.75 5.067 1499.492 1.505 3020.651 -0.9927432785407704 1.0
8.0 0.0 Car -1.0 -1.0 -1.0 -1.0 -1.0 -1.0 -1.0 1.767 1.75 5.067 1502.575 1.51 3015.927 -0.9927432785407704 1.0
9.0 0.0 Car -1.0 -1.0 -1.0 -1.0 -1.0 -1.0 -1.0 1.767 1.75 5.067 1505.735 1.514 3011.086 -0.9927432785407704 1.0
10.0 0.0 Car -1.0 -1.0 -1.0 -1.0 -1.0 -1.0 -1.0 1.767 1.75 5.067 1508.9 1.569 3006.174 -0.9927432785407704 1.0
11.0 0.0 Car -1.0 -1.0 -1.0 -1.0 -1.0 -1.0 -1.0 1.767 1.75 5.067 1512.055 1.674 3001.213 -0.9927432785407704 1.0
12.0 0.0 Car -1.0 -1.0 -1.0 -1.0 -1.0 -1.0 -1.0 1.767 1.75 5.067 1515.369 1.628 2996.264 -0.9927432785407704 1.0
13.0 0.0 Car -1.0 -1.0 -1.0 -1.0 -1.0 -1.0 -1.0 1.767 1.75 5.067 1518.608 1.583 2991.301 -0.9927432785407704 1.0
14.0 0.0 Car -1.0 -1.0 -1.0 -1.0 -1.0 -1.0 -1.0 1.767 1.75 5.067 1521.902 1.538 2986.255 -0.9927432785407704 1.0
15.0 0.0 Car -1.0 -1.0 -1.0 -1.0 -1.0 -1.0 -1.0 1.767 1.75 5.067 1525.166 1.492 2981.191 -0.9927432785407704 1.0
16.0 0.0 Car -1.0 -1.0 -1.0 -1.0 -1.0 -1.0 -1.0 1.767 1.75 5.067 1528.488 1.497 2976.165 -0.9927432785407704 1.0
17.0 0.0 Car -1.0 -1.0 -1.0 -1.0 -1.0 -1.0 -1.0 1.767 1.75 5.067 1531.756 1.451 2971.095 -0.9927432785407704 1.0
18.0 0.0 Car -1.0 -1.0 -1.0 -1.0 -1.0 -1.0 -1.0 1.767 1.75 5.067 1535.213 1.401 2965.799 -0.9927432785407704 1.0
19.0 0.0 Car -1.0 -1.0 -1.0 -1.0 -1.0 -1.0 -1.0 1.767 1.75 5.067 1538.322 1.402 2960.921 -0.9927432785407704 1.0
20.0 0.0 Car -1.0 -1.0 -1.0 -1.0 -1.0 -1.0 -1.0 1.767 1.75 5.067 1541.294 1.402 2956.252 -0.9927432785407704 1.0
21.0 0.0 Car -1.0 -1.0 -1.0 -1.0 -1.0 -1.0 -1.0 1.767 1.75 5.067 1544.291 1.301 2951.544 -0.9927432785407704 1.0
22.0 2.0 Truck -1.0 -1.0 -1.0 -1.0 -1.0 -1.0 -1.0 2.133 2.779 4.998 1595.23 2.397 2855.654 1.9940735769893685 0.0
22.0 0.0 Car -1.0 -1.0 -1.0 -1.0 -1.0 -1.0 -1.0 1.767 1.75 5.067 1547.206 1.201 2946.962 -0.9927432785407704 1.0
23.0 2.0 Truck -1.0 -1.0 -1.0 -1.0 -1.0 -1.0 -1.0 2.133 2.779 4.998 1595.339 2.347 2855.665 1.9940735769893685 0.0
23.0 0.0 Car -1.0 -1.0 -1.0 -1.0 -1.0 -1.0 -1.0 1.767 1.75 5.067 1550.087 1.101 2942.434 -0.9927432785407704 1.0
24.0 2.0 Truck -1.0 -1.0 -1.0 -1.0 -1.0 -1.0 -1.0 2.133 2.779 4.998 1595.353 2.147 2855.633 1.9940735769893685 0.0
24.0 0.0 Car -1.0 -1.0 -1.0 -1.0 -1.0 -1.0 -1.0 1.767 1.75 5.067 1552.982 1.051 2937.882 -0.9927432785407704 1.0
24.0 1.0 Car -1.0 -1.0 -1.0 -1.0 -1.0 -1.0 -1.0 1.7 1.657 4.175 1607.566 2.144 2869.141 -2.5257532270245013 0.0
25.0 2.0 Truck -1.0 -1.0 -1.0 -1.0 -1.0 -1.0 -1.0 2.133 2.779 4.998 1595.353 2.047 2855.633 1.9940735769893685 1.0
25.0 0.0 Car -1.0 -1.0 -1.0 -1.0 -1.0 -1.0 -1.0 1.767 1.75 5.067 1555.898 1.001 2933.3 -0.9927432785407704 1.0
25.0 1.0 Car -1.0 -1.0 -1.0 -1.0 -1.0 -1.0 -1.0 1.7 1.657 4.175 1607.758 2.145 2869.218 -2.5257532270245013 1.0
26.0 2.0 Truck -1.0 -1.0 -1.0 -1.0 -1.0 -1.0 -1.0 2.133 2.779 4.998 1595.241 2.047 2855.546 1.9940735769893685 1.0
26.0 0.0 Car -1.0 -1.0 -1.0 -1.0 -1.0 -1.0 -1.0 1.767 1.75 5.067 1558.812 1.001 2928.719 -0.9927432785407704 1.0
26.0 1.0 Car -1.0 -1.0 -1.0 -1.0 -1.0 -1.0 -1.0 1.7 1.657 4.175 1607.95 2.145 2869.295 -2.5257532270245013 1.0
27.0 2.0 Truck -1.0 -1.0 -1.0 -1.0 -1.0 -1.0 -1.0 2.133 2.779 4.998 1595.21 1.997 2855.531 1.9940735769893685 0.0
27.0 0.0 Car -1.0 -1.0 -1.0 -1.0 -1.0 -1.0 -1.0 1.767 1.75 5.067 1561.543 1.001 2924.357 -0.9927432785407704 0.0
27.0 1.0 Car -1.0 -1.0 -1.0 -1.0 -1.0 -1.0 -1.0 1.7 1.657 4.175 1608.142 2.145 2869.372 -2.5257532270245013 0.0
28.0 2.0 Truck -1.0 -1.0 -1.0 -1.0 -1.0 -1.0 -1.0 2.133 2.779 4.998 1595.238 1.997 2855.469 1.9940735769893685 0.0
28.0 0.0 Car -1.0 -1.0 -1.0 -1.0 -1.0 -1.0 -1.0 1.767 1.75 5.067 1564.229 1.001 2920.126 -0.9927432785407704 0.0
28.0 1.0 Car -1.0 -1.0 -1.0 -1.0 -1.0 -1.0 -1.0 1.7 1.657 4.175 1607.978 2.145 2869.256 -2.5257532270245013 0.0
29.0 2.0 Truck -1.0 -1.0 -1.0 -1.0 -1.0 -1.0 -1.0 2.133 2.779 4.998 1595.238 1.997 2855.469 1.9940735769893685 0.0
29.0 0.0 Car -1.0 -1.0 -1.0 -1.0 -1.0 -1.0 -1.0 1.767 1.75 5.067 1566.765 1.001 2915.998 -0.9927432785407704 0.0
29.0 1.0 Car -1.0 -1.0 -1.0 -1.0 -1.0 -1.0 -1.0 1.7 1.657 4.175 1607.767 2.045 2869.107 -2.5257532270245013 0.0
30.0 2.0 Truck -1.0 -1.0 -1.0 -1.0 -1.0 -1.0 -1.0 2.133 2.779 4.998 1595.21 1.947 2855.531 1.9940735769893685 0.0
30.0 0.0 Car -1.0 -1.0 -1.0 -1.0 -1.0 -1.0 -1.0 1.767 1.75 5.067 1569.173 1.001 2912.257 -0.9927432785407704 0.0
30.0 1.0 Car -1.0 -1.0 -1.0 -1.0 -1.0 -1.0 -1.0 1.7 1.657 4.175 1607.8 2.045 2869.06 -2.5257532270245013 0.0
31.0 2.0 Truck -1.0 -1.0 -1.0 -1.0 -1.0 -1.0 -1.0 2.133 2.779 4.998 1595.224 1.897 2855.5 1.9940735769893685 0.0
31.0 0.0 Car -1.0 -1.0 -1.0 -1.0 -1.0 -1.0 -1.0 1.767 1.75 5.067 1571.419 1.001 2908.702 -0.9927432785407704 0.0
31.0 1.0 Car -1.0 -1.0 -1.0 -1.0 -1.0 -1.0 -1.0 1.7 1.657 4.175 1607.807 1.995 2869.1 -2.5257532270245013 0.0
32.0 2.0 Truck -1.0 -1.0 -1.0 -1.0 -1.0 -1.0 -1.0 2.133 2.779 4.998 1595.224 1.847 2855.5 1.9940735769893685 0.0
32.0 0.0 Car -1.0 -1.0 -1.0 -1.0 -1.0 -1.0 -1.0 1.767 1.75 5.067 1573.469 1.001 2905.382 -0.9927432785407704 0.0
32.0 1.0 Car -1.0 -1.0 -1.0 -1.0 -1.0 -1.0 -1.0 1.7 1.657 4.175 1607.831 1.945 2869.117 -2.5257532270245013 0.0
33.0 2.0 Truck -1.0 -1.0 -1.0 -1.0 -1.0 -1.0 -1.0 2.133 2.779 4.998 1595.223 1.847 2855.641 1.9766202844694254 0.0
33.0 0.0 Car -1.0 -1.0 -1.0 -1.0 -1.0 -1.0 -1.0 1.767 1.75 5.067 1575.347 1.001 2902.326 -0.9927432785407704 0.0
33.0 1.0 Car -1.0 -1.0 -1.0 -1.0 -1.0 -1.0 -1.0 1.7 1.657 4.175 1607.731 1.895 2869.053 -2.5257532270245013 0.0
34.0 2.0 Truck -1.0 -1.0 -1.0 -1.0 -1.0 -1.0 -1.0 2.133 2.779 4.998 1595.039 1.847 2856.188 1.924260406909595 0.0
34.0 0.0 Car -1.0 -1.0 -1.0 -1.0 -1.0 -1.0 -1.0 1.767 1.75 5.067 1577.09 1.001 2899.477 -0.9927432785407704 0.0
34.0 1.0 Car -1.0 -1.0 -1.0 -1.0 -1.0 -1.0 -1.0 1.7 1.657 4.175 1607.474 1.895 2868.913 -2.5257532270245013 0.0
35.0 2.0 Truck -1.0 -1.0 -1.0 -1.0 -1.0 -1.0 -1.0 2.133 2.779 4.998 1594.946 1.847 2856.961 1.8195406517899353 0.0
35.0 0.0 Car -1.0 -1.0 -1.0 -1.0 -1.0 -1.0 -1.0 1.767 1.75 5.067 1578.748 1.001 2896.822 -0.9927432785407704 0.0
35.0 1.0 Car -1.0 -1.0 -1.0 -1.0 -1.0 -1.0 -1.0 1.7 1.657 4.175 1606.868 1.845 2868.42 -2.5257532270245013 0.0
36.0 2.0 Truck -1.0 -1.0 -1.0 -1.0 -1.0 -1.0 -1.0 2.133 2.779 4.998 1594.863 1.847 2857.921 1.6973676041503323 0.0
36.0 0.0 Car -1.0 -1.0 -1.0 -1.0 -1.0 -1.0 -1.0 1.767 1.75 5.067 1580.061 1.001 2894.764 -0.9927432785407704 0.0
36.0 1.0 Car -1.0 -1.0 -1.0 -1.0 -1.0 -1.0 -1.0 1.7 1.657 4.175 1606.063 1.755 2867.762 -2.5257532270245013 0.0
37.0 2.0 Truck -1.0 -1.0 -1.0 -1.0 -1.0 -1.0 -1.0 2.133 2.779 4.998 1594.982 1.847 2859.398 1.5402879714708424 0.0
37.0 0.0 Car -1.0 -1.0 -1.0 -1.0 -1.0 -1.0 -1.0 1.767 1.75 5.067 1581.308 1.001 2892.661 -0.9927432785407704 0.0
37.0 1.0 Car -1.0 -1.0 -1.0 -1.0 -1.0 -1.0 -1.0 1.7 1.657 4.175 1604.796 1.655 2866.727 -2.473393349464672 0.0
38.0 2.0 Truck -1.0 -1.0 -1.0 -1.0 -1.0 -1.0 -1.0 2.133 2.779 4.998 1595.335 1.847 2861.214 1.383208338791353 0.0
38.0 0.0 Car -1.0 -1.0 -1.0 -1.0 -1.0 -1.0 -1.0 1.767 1.75 5.067 1582.344 1.001 2890.882 -0.9927432785407704 0.0
38.0 1.0 Car -1.0 -1.0 -1.0 -1.0 -1.0 -1.0 -1.0 1.7 1.657 4.175 1603.639 1.555 2865.406 -2.3163137167851837 0.0
