0.0 0.0 Car -1.0 -1.0 -1.0 -1.0 -1.0 -1.0 -1.0 2.432 1.854 5.476 640.045 0.793 536.557 2.4206814585779357 0.0
1.0 0.0 Car -1.0 -1.0 -1.0 -1.0 -1.0 -1.0 -1.0 2.432 1.854 5.476 638.724 0.754 537.719 2.4206814585779357 1.0
2.0 0.0 Car -1.0 -1.0 -1.0 -1.0 -1.0 -1.0 -1.0 2.432 1.854 5.476 637.148 0.754 539.105 2.4206814585779357 1.0
3.0 0.0 Car -1.0 -1.0 -1.0 -1.0 -1.0 -1.0 -1.0 2.432 1.854 5.476 635.541 0.754 540.517 2.4206814585779357 1.0
4.0 0.0 Car -1.0 -1.0 -1.0 -1.0 -1.0 -1.0 -1.0 2.432 1.854 5.476 633.591 0.754 541.931 2.438134751097879 1.0
5.0 0.0 Car -1.0 -1.0 -1.0 -1.0 -1.0 -1.0 -1.0 2.432 1.854 5.476 631.599 0.754 543.583 2.438134751097879 1.0
6.0 0.0 Car -1.0 -1.0 -1.0 -1.0 -1.0 -1.0 -1.0 2.432 1.854 5.476 629.85 0.754 545.02 2.455588043617822 1.0
7.0 0.0 Car -1.0 -1.0 -1.0 -1.0 -1.0 -1.0 -1.0 2.432 1.854 5.476 627.374 0.754 546.971 2.490494628657709 1.0
8.0 0.0 Car -1.0 -1.0 -1.0 -1.0 -1.0 -1.0 -1.0 2.432 1.854 5.476 624.49 0.742 549.157 2.4738871065179038 1.0
9.0 0.0 Car -1.0 -1.0 -1.0 -1.0 -1.0 -1.0 -1.0 2.432 1.854 5.476 621.64 0.73 551.393 2.4572614245571227 1.0
10.0 0.0 Car -1.0 -1.0 -1.0 -1.0 -1.0 -1.0 -1.0 2.432 1.854 5.476 618.854 0.718 553.702 2.4406547006512063 1.0
11.0 0.0 Car -1.0 -1.0 -1.0 -1.0 -1.0 -1.0 -1.0 2.432 1.854 5.476 615.504 0.704 556.478 2.4206814585779357 1.0
12.0 0.0 Car -1.0 -1.0 -1.0 -1.0 -1.0 -1.0 -1.0 2.432 1.854 5.476 612.419 0.654 559.275 2.403228166057992 1.0
13.0 0.0 Car -1.0 -1.0 -1.0 -1.0 -1.0 -1.0 -1.0 2.432 1.854 5.476 609.304 0.654 562.145 2.403228166057992 1.0
14.0 0.0 Car -1.0 -1.0 -1.0 -1.0 -1.0 -1.0 -1.0 2.432 1.854 5.476 605.987 0.654 565.144 2.403228166057992 1.0
15.0 0.0 Car -1.0 -1.0 -1.0 -1.0 -1.0 -1.0 -1.0 2.432 1.854 5.476 602.772 0.654 568.103 2.403228166057992 1.0
16.0 0.0 Car -1.0 -1.0 -1.0 -1.0 -1.0 -1.0 -1.0 2.432 1.854 5.476 600.149 0.654 570.534 2.403228166057992 1.0
17.0 0.0 Car -1.0 -1.0 -1.0 -1.0 -1.0 -1.0 -1.0 2.432 1.854 5.476 596.863 0.804 573.504 2.403228166057992 1.0
18.0 0.0 Car -1.0 -1.0 -1.0 -1.0 -1.0 -1.0 -1.0 2.432 1.854 5.476 593.494 0.804 576.548 2.4206814585779357 1.0
19.0 0.0 Car -1.0 -1.0 -1.0 -1.0 -1.0 -1.0 -1.0 2.432 1.854 5.476 590.455 0.774 579.242 2.4206814585779357 1.0
20.0 0.0 Car -1.0 -1.0 -1.0 -1.0 -1.0 -1.0 -1.0 2.432 1.854 5.476 587.067 0.762 582.201 2.4206814585779357 1.0
21.0 0.0 Car -1.0 -1.0 -1.0 -1.0 -1.0 -1.0 -1.0 2.432 1.854 5.476 583.307 0.769 585.522 2.4206814585779357 1.0
22.0 0.0 Car -1.0 -1.0 -1.0 -1.0 -1.0 -1.0 -1.0 2.432 1.854 5.476 579.985 0.762 588.424 2.4206814585779357 1.0
23.0 0.0 Car -1.0 -1.0 -1.0 -1.0 -1.0 -1.0 -1.0 2.432 1.854 5.476 576.551 0.755 591.421 2.4206814585779357 1.0
24.0 0.0 Car -1.0 -1.0 -1.0 -1.0 -1.0 -1.0 -1.0 2.432 1.854 5.476 573.546 0.748 594.103 2.4206814585779357 1.0
25.0 0.0 Car -1.0 -1.0 -1.0 -1.0 -1.0 -1.0 -1.0 2.432 1.854 5.476 570.367 0.74 596.886 2.4206814585779357 1.0
26.0 0.0 Car -1.0 -1.0 -1.0 -1.0 -1.0 -1.0 -1.0 2.432 1.854 5.476 567.203 0.733 599.706 2.403228166057992 1.0
27.0 0.0 Car -1.0 -1.0 -1.0 -1.0 -1.0 -1.0 -1.0 2.432 1.854 5.476 564.079 0.725 602.542 2.403228166057992 1.0
28.0 0.0 Car -1.0 -1.0 -1.0 -1.0 -1.0 -1.0 -1.0 2.432 1.854 5.476 561.164 0.717 605.181 2.4206814585779357 0.0
29.0 0.0 Car -1.0 -1.0 -1.0 -1.0 -1.0 -1.0 -1.0 2.432 1.854 5.476 558.006 0.76 607.939 2.4206814585779357 0.0
30.0 0.0 Car -1.0 -1.0 -1.0 -1.0 -1.0 -1.0 -1.0 2.432 1.854 5.476 554.981 0.752 610.628 2.4206814585779357 0.0
31.0 0.0 Car -1.0 -1.0 -1.0 -1.0 -1.0 -1.0 -1.0 2.432 1.854 5.476 552.343 0.75 612.967 2.4206814585779357 0.0
32.0 0.0 Car -1.0 -1.0 -1.0 -1.0 -1.0 -1.0 -1.0 2.432 1.854 5.476 549.271 0.725 615.638 2.438134751097879 0.0
33.0 0.0 Car -1.0 -1.0 -1.0 -1.0 -1.0 -1.0 -1.0 2.432 1.854 5.476 546.482 0.751 618.011 2.438134751097879 0.0
34.0 0.0 Car -1.0 -1.0 -1.0 -1.0 -1.0 -1.0 -1.0 2.432 1.854 5.476 543.529 0.724 620.528 2.438134751097879 0.0
35.0 0.0 Car -1.0 -1.0 -1.0 -1.0 -1.0 -1.0 -1.0 2.432 1.854 5.476 540.743 0.698 622.898 2.438134751097879 0.0
36.0 0.0 Car -1.0 -1.0 -1.0 -1.0 -1.0 -1.0 -1.0 2.432 1.854 5.476 537.926 0.721 625.347 2.4206814585779357 0.0
37.0 0.0 Car -1.0 -1.0 -1.0 -1.0 -1.0 -1.0 -1.0 2.432 1.854 5.476 534.912 0.722 628.015 2.4206814585779357 0.0
38.0 0.0 Car -1.0 -1.0 -1.0 -1.0 -1.0 -1.0 -1.0 2.432 1.854 5.476 532.535 0.745 630.126 2.4206814585779357 0.0
39.0 0.0 Car -1.0 -1.0 -1.0 -1.0 -1.0 -1.0 -1.0 2.432 1.854 5.476 530.046 0.718 632.336 2.4206814585779357 0.0
