0.0 0.0 Car -1.0 -1.0 -1.0 -1.0 -1.0 -1.0 -1.0 1.896 1.468 4.414 199.737 0.987 914.985 2.357887459357296 0.0
0.0 2.0 Car -1.0 -1.0 -1.0 -1.0 -1.0 -1.0 -1.0 1.891 1.516 4.281 175.239 0.847 918.678 -3.105289805265349 0.0
0.0 1.0 Car -1.0 -1.0 -1.0 -1.0 -1.0 -1.0 -1.0 1.615 1.389 3.778 132.963 0.989 978.917 1.7982476349147793 0.0
1.0 0.0 Car -1.0 -1.0 -1.0 -1.0 -1.0 -1.0 -1.0 1.896 1.468 4.414 197.208 0.979 917.036 2.5149670920367857 1.0
1.0 2.0 Car -1.0 -1.0 -1.0 -1.0 -1.0 -1.0 -1.0 1.891 1.516 4.281 173.574 0.821 918.603 -3.0869984685527463 1.0
1.0 1.0 Car -1.0 -1.0 -1.0 -1.0 -1.0 -1.0 -1.0 1.615 1.389 3.778 132.128 0.965 982.705 1.7982476349147793 1.0
2.0 0.0 Car -1.0 -1.0 -1.0 -1.0 -1.0 -1.0 -1.0 1.896 1.468 4.414 194.462 0.976 918.393 2.7243936131297266 1.0
2.0 2.0 Car -1.0 -1.0 -1.0 -1.0 -1.0 -1.0 -1.0 1.891 1.516 4.281 172.061 0.797 918.535 -3.0703832202254624 1.0
2.0 1.0 Car -1.0 -1.0 -1.0 -1.0 -1.0 -1.0 -1.0 1.615 1.389 3.778 131.369 0.989 986.146 1.7982476349147793 1.0
3.0 0.0 Car -1.0 -1.0 -1.0 -1.0 -1.0 -1.0 -1.0 1.896 1.468 4.414 191.494 0.974 919.15 2.9338461125154254 1.0
3.0 3.0 Truck -1.0 -1.0 -1.0 -1.0 -1.0 -1.0 -1.0 3.174 4.029 5.827 170.888 2.083 848.008 1.9367046044682785 0.0
3.0 2.0 Car -1.0 -1.0 -1.0 -1.0 -1.0 -1.0 -1.0 1.891 1.516 4.281 171.002 0.797 918.412 -3.044203131309855 1.0
3.0 1.0 Car -1.0 -1.0 -1.0 -1.0 -1.0 -1.0 -1.0 1.615 1.389 3.778 130.724 1.046 989.304 1.7938858838432459 1.0
4.0 0.0 Car -1.0 -1.0 -1.0 -1.0 -1.0 -1.0 -1.0 1.896 1.468 4.414 188.581 0.956 919.552 3.0128498125042076 1.0
4.0 3.0 Truck -1.0 -1.0 -1.0 -1.0 -1.0 -1.0 -1.0 3.174 4.029 5.827 169.229 2.097 852.445 1.9367046044682785 1.0
4.0 2.0 Car -1.0 -1.0 -1.0 -1.0 -1.0 -1.0 -1.0 1.891 1.516 4.281 169.946 0.797 918.261 -3.0180229376489636 1.0
4.0 1.0 Car -1.0 -1.0 -1.0 -1.0 -1.0 -1.0 -1.0 1.615 1.389 3.778 130.081 1.104 992.462 1.7895241153205554 1.0
5.0 0.0 Car -1.0 -1.0 -1.0 -1.0 -1.0 -1.0 -1.0 1.896 1.468 4.414 185.942 0.94 919.716 3.083901035261247 1.0
5.0 3.0 Truck -1.0 -1.0 -1.0 -1.0 -1.0 -1.0 -1.0 3.174 4.029 5.827 169.398 2.11 851.975 1.9367046044682785 1.0
5.0 2.0 Car -1.0 -1.0 -1.0 -1.0 -1.0 -1.0 -1.0 1.891 1.516 4.281 169.282 0.797 918.214 -3.0075585345232736 1.0
5.0 1.0 Car -1.0 -1.0 -1.0 -1.0 -1.0 -1.0 -1.0 1.615 1.389 3.778 129.505 1.155 995.303 1.7856014004734744 1.0
6.0 0.0 Car -1.0 -1.0 -1.0 -1.0 -1.0 -1.0 -1.0 1.896 1.468 4.414 184.592 0.884 919.758 3.097972894611238 1.0
6.0 3.0 Truck -1.0 -1.0 -1.0 -1.0 -1.0 -1.0 -1.0 3.174 4.029 5.827 168.698 2.125 853.765 1.9367046044682785 1.0
6.0 2.0 Car -1.0 -1.0 -1.0 -1.0 -1.0 -1.0 -1.0 1.891 1.516 4.281 168.793 0.797 918.177 -2.9947523526984785 1.0
6.0 1.0 Car -1.0 -1.0 -1.0 -1.0 -1.0 -1.0 -1.0 1.615 1.389 3.778 128.802 1.218 998.779 1.7808008400425388 1.0
7.0 0.0 Car -1.0 -1.0 -1.0 -1.0 -1.0 -1.0 -1.0 1.896 1.468 4.414 183.397 0.88 919.809 3.1107584742287253 1.0
7.0 3.0 Truck -1.0 -1.0 -1.0 -1.0 -1.0 -1.0 -1.0 3.174 4.029 5.827 168.063 2.139 855.391 1.9367046044682785 1.0
7.0 2.0 Car -1.0 -1.0 -1.0 -1.0 -1.0 -1.0 -1.0 1.891 1.516 4.281 168.523 0.797 918.112 -2.9831167576257456 1.0
7.0 1.0 Car -1.0 -1.0 -1.0 -1.0 -1.0 -1.0 -1.0 1.615 1.389 3.778 128.166 1.275 1001.939 1.7764390889710056 1.0
8.0 0.0 Car -1.0 -1.0 -1.0 -1.0 -1.0 -1.0 -1.0 1.896 1.468 4.414 182.199 0.875 919.846 3.1235721888174943 1.0
8.0 3.0 Truck -1.0 -1.0 -1.0 -1.0 -1.0 -1.0 -1.0 3.174 4.029 5.827 167.426 2.153 857.02 1.9367046044682785 1.0
8.0 2.0 Car -1.0 -1.0 -1.0 -1.0 -1.0 -1.0 -1.0 1.891 1.516 4.281 168.393 0.797 918.12 -2.9796223101879487 1.0
8.0 1.0 Car -1.0 -1.0 -1.0 -1.0 -1.0 -1.0 -1.0 1.615 1.389 3.778 127.53 1.332 1005.105 1.7720677397627584 0.0
9.0 0.0 Car -1.0 -1.0 -1.0 -1.0 -1.0 -1.0 -1.0 1.896 1.468 4.414 181.002 0.87 919.866 3.13637178476613 1.0
9.0 3.0 Truck -1.0 -1.0 -1.0 -1.0 -1.0 -1.0 -1.0 3.174 4.029 5.827 166.733 2.167 858.824 1.9367046044682785 1.0
9.0 2.0 Car -1.0 -1.0 -1.0 -1.0 -1.0 -1.0 -1.0 1.891 1.516 4.281 168.496 0.797 918.166 -2.976131713065804 1.0
9.0 1.0 Car -1.0 -1.0 -1.0 -1.0 -1.0 -1.0 -1.0 1.615 1.389 3.778 126.896 1.389 1008.269 1.7677012070740261 0.0
10.0 0.0 Car -1.0 -1.0 -1.0 -1.0 -1.0 -1.0 -1.0 1.896 1.468 4.414 179.804 0.865 919.872 -3.134012903374957 1.0
10.0 3.0 Truck -1.0 -1.0 -1.0 -1.0 -1.0 -1.0 -1.0 3.174 4.029 5.827 166.039 2.18 860.628 1.9367046044682785 1.0
10.0 2.0 Car -1.0 -1.0 -1.0 -1.0 -1.0 -1.0 -1.0 1.891 1.516 4.281 168.595 0.797 918.2 -2.972640836935278 1.0
10.0 1.0 Car -1.0 -1.0 -1.0 -1.0 -1.0 -1.0 -1.0 1.615 1.389 3.778 126.263 1.447 1011.433 1.7633343253621403 0.0
11.0 0.0 Car -1.0 -1.0 -1.0 -1.0 -1.0 -1.0 -1.0 1.896 1.468 4.414 178.607 0.861 919.862 -3.121214202629953 1.0
11.0 3.0 Truck -1.0 -1.0 -1.0 -1.0 -1.0 -1.0 -1.0 3.174 4.029 5.827 165.346 2.194 862.432 1.9367046044682785 1.0
11.0 2.0 Car -1.0 -1.0 -1.0 -1.0 -1.0 -1.0 -1.0 1.891 1.516 4.281 168.521 0.797 918.203 -2.969150483945466 1.0
11.0 1.0 Car -1.0 -1.0 -1.0 -1.0 -1.0 -1.0 -1.0 1.615 1.389 3.778 125.632 1.504 1014.597 1.758968098068667 0.0
12.0 0.0 Car -1.0 -1.0 -1.0 -1.0 -1.0 -1.0 -1.0 1.896 1.468 4.414 177.411 0.856 919.837 -3.108427727808834 1.0
12.0 3.0 Truck -1.0 -1.0 -1.0 -1.0 -1.0 -1.0 -1.0 3.174 4.029 5.827 164.422 2.208 864.974 1.9297212367990424 1.0
12.0 2.0 Car -1.0 -1.0 -1.0 -1.0 -1.0 -1.0 -1.0 1.891 1.516 4.281 167.844 0.797 918.057 -2.9656634651058025 1.0
12.0 1.0 Car -1.0 -1.0 -1.0 -1.0 -1.0 -1.0 -1.0 1.615 1.389 3.778 125.001 1.561 1017.758 1.7546060416018745 0.0
13.0 0.0 Car -1.0 -1.0 -1.0 -1.0 -1.0 -1.0 -1.0 1.896 1.468 4.414 176.217 0.851 919.781 -3.0956427108907714 1.0
13.0 3.0 Truck -1.0 -1.0 -1.0 -1.0 -1.0 -1.0 -1.0 3.174 4.029 5.827 163.498 2.222 867.516 1.9227386653674883 1.0
13.0 2.0 Car -1.0 -1.0 -1.0 -1.0 -1.0 -1.0 -1.0 1.891 1.516 4.281 166.311 0.797 917.767 -2.9525699572377864 1.0
13.0 1.0 Car -1.0 -1.0 -1.0 -1.0 -1.0 -1.0 -1.0 1.615 1.389 3.778 124.371 1.618 1020.918 1.750244482493076 0.0
14.0 0.0 Car -1.0 -1.0 -1.0 -1.0 -1.0 -1.0 -1.0 1.896 1.468 4.414 175.023 0.846 919.726 -3.082871863767337 1.0
14.0 3.0 Truck -1.0 -1.0 -1.0 -1.0 -1.0 -1.0 -1.0 3.174 4.029 5.827 162.575 2.236 870.056 1.9157638328074424 1.0
14.0 2.0 Car -1.0 -1.0 -1.0 -1.0 -1.0 -1.0 -1.0 1.891 1.516 4.281 164.78 0.797 917.477 -2.939490961068787 1.0
14.0 1.0 Car -1.0 -1.0 -1.0 -1.0 -1.0 -1.0 -1.0 1.615 1.389 3.778 123.742 1.675 1024.075 1.7458877573549494 0.0
15.0 0.0 Car -1.0 -1.0 -1.0 -1.0 -1.0 -1.0 -1.0 1.896 1.468 4.414 173.829 0.842 919.67 -3.070086514345069 1.0
15.0 3.0 Truck -1.0 -1.0 -1.0 -1.0 -1.0 -1.0 -1.0 3.174 4.029 5.827 161.651 2.25 872.598 1.9087810797778206 1.0
15.0 2.0 Car -1.0 -1.0 -1.0 -1.0 -1.0 -1.0 -1.0 1.891 1.516 4.281 162.863 0.897 917.019 -2.939488302431798 1.0
15.0 1.0 Car -1.0 -1.0 -1.0 -1.0 -1.0 -1.0 -1.0 1.615 1.389 3.778 122.92 1.682 1026.22 1.7633414339371984 0.0
16.0 0.0 Car -1.0 -1.0 -1.0 -1.0 -1.0 -1.0 -1.0 1.896 1.468 4.414 172.779 0.889 919.519 -3.098000903146962 1.0
16.0 3.0 Truck -1.0 -1.0 -1.0 -1.0 -1.0 -1.0 -1.0 3.174 4.029 5.827 160.727 2.264 875.14 1.9017980194283919 1.0
16.0 2.0 Car -1.0 -1.0 -1.0 -1.0 -1.0 -1.0 -1.0 1.891 1.516 4.281 161.049 0.897 916.643 -2.9394856436778 1.0
16.0 1.0 Car -1.0 -1.0 -1.0 -1.0 -1.0 -1.0 -1.0 1.615 1.389 3.778 122.053 1.739 1029.411 1.6760745872751763 0.0
17.0 0.0 Car -1.0 -1.0 -1.0 -1.0 -1.0 -1.0 -1.0 1.896 1.468 4.414 171.176 0.886 919.425 -3.038652349593057 1.0
17.0 3.0 Truck -1.0 -1.0 -1.0 -1.0 -1.0 -1.0 -1.0 3.174 4.029 5.827 160.118 2.278 877.111 1.9017980194283919 1.0
17.0 2.0 Car -1.0 -1.0 -1.0 -1.0 -1.0 -1.0 -1.0 1.891 1.516 4.281 159.54 0.847 916.344 -2.930756880065916 1.0
17.0 1.0 Car -1.0 -1.0 -1.0 -1.0 -1.0 -1.0 -1.0 1.615 1.389 3.778 121.737 1.696 1032.174 1.5888081246754597 0.0
18.0 0.0 Car -1.0 -1.0 -1.0 -1.0 -1.0 -1.0 -1.0 1.896 1.468 4.414 169.204 0.884 919.171 -3.0026135274845243 1.0
18.0 3.0 Truck -1.0 -1.0 -1.0 -1.0 -1.0 -1.0 -1.0 3.174 4.029 5.827 159.51 2.291 879.079 1.9017980194283919 1.0
18.0 2.0 Car -1.0 -1.0 -1.0 -1.0 -1.0 -1.0 -1.0 1.891 1.516 4.281 158.46 0.847 916.143 -2.9354698217247948 1.0
18.0 1.0 Car -1.0 -1.0 -1.0 -1.0 -1.0 -1.0 -1.0 1.615 1.389 3.778 121.881 1.654 1035.015 1.5771807384626373 0.0
19.0 0.0 Car -1.0 -1.0 -1.0 -1.0 -1.0 -1.0 -1.0 1.896 1.468 4.414 167.241 0.881 918.846 -2.9665366704034644 1.0
19.0 3.0 Truck -1.0 -1.0 -1.0 -1.0 -1.0 -1.0 -1.0 3.174 4.029 5.827 158.901 2.305 881.049 1.9017980194283919 1.0
19.0 2.0 Car -1.0 -1.0 -1.0 -1.0 -1.0 -1.0 -1.0 1.891 1.516 4.281 157.782 0.897 916.025 -2.940187737369948 1.0
19.0 1.0 Car -1.0 -1.0 -1.0 -1.0 -1.0 -1.0 -1.0 1.615 1.389 3.778 122.026 1.611 1037.858 1.5655410808355652 0.0
20.0 0.0 Car -1.0 -1.0 -1.0 -1.0 -1.0 -1.0 -1.0 1.896 1.468 4.414 165.29 0.878 918.451 -2.9304601741855225 1.0
20.0 3.0 Truck -1.0 -1.0 -1.0 -1.0 -1.0 -1.0 -1.0 3.174 4.029 5.827 158.292 2.319 883.02 1.9017980194283919 1.0
20.0 2.0 Car -1.0 -1.0 -1.0 -1.0 -1.0 -1.0 -1.0 1.891 1.516 4.281 157.292 0.897 915.945 -2.9449056058235805 1.0
21.0 0.0 Car -1.0 -1.0 -1.0 -1.0 -1.0 -1.0 -1.0 1.896 1.468 4.414 164.399 0.894 918.261 -2.9304601741855225 1.0
21.0 3.0 Truck -1.0 -1.0 -1.0 -1.0 -1.0 -1.0 -1.0 3.174 4.029 5.827 157.683 2.333 884.992 1.9017980194283919 1.0
21.0 2.0 Car -1.0 -1.0 -1.0 -1.0 -1.0 -1.0 -1.0 1.891 1.516 4.281 156.941 0.847 915.861 -2.9496289956851265 1.0
22.0 0.0 Car -1.0 -1.0 -1.0 -1.0 -1.0 -1.0 -1.0 1.896 1.468 4.414 163.598 0.909 918.09 -2.9304601741855225 1.0
22.0 3.0 Truck -1.0 -1.0 -1.0 -1.0 -1.0 -1.0 -1.0 3.174 4.029 5.827 157.165 2.346 886.701 1.9017980194283919 1.0
22.0 2.0 Car -1.0 -1.0 -1.0 -1.0 -1.0 -1.0 -1.0 1.891 1.516 4.281 156.099 0.847 915.76 -3.0180233426656327 1.0
23.0 0.0 Car -1.0 -1.0 -1.0 -1.0 -1.0 -1.0 -1.0 1.896 1.468 4.414 162.559 0.925 917.869 -2.9304601741855225 1.0
23.0 3.0 Truck -1.0 -1.0 -1.0 -1.0 -1.0 -1.0 -1.0 3.174 4.029 5.827 156.59 2.359 888.598 1.9017980194283919 1.0
23.0 2.0 Car -1.0 -1.0 -1.0 -1.0 -1.0 -1.0 -1.0 1.891 1.516 4.281 154.495 0.847 915.992 3.096140827295864 1.0
24.0 0.0 Car -1.0 -1.0 -1.0 -1.0 -1.0 -1.0 -1.0 1.896 1.468 4.414 161.728 0.938 917.692 -2.9304601741855225 1.0
24.0 3.0 Truck -1.0 -1.0 -1.0 -1.0 -1.0 -1.0 -1.0 3.174 4.029 5.827 155.915 2.371 890.22 1.9017980194283919 1.0
24.0 2.0 Car -1.0 -1.0 -1.0 -1.0 -1.0 -1.0 -1.0 1.891 1.516 4.281 152.919 0.897 916.524 2.870229193416504 1.0
25.0 0.0 Car -1.0 -1.0 -1.0 -1.0 -1.0 -1.0 -1.0 1.896 1.468 4.414 160.689 0.954 917.47 -2.9304601741855225 1.0
25.0 3.0 Truck -1.0 -1.0 -1.0 -1.0 -1.0 -1.0 -1.0 3.174 4.029 5.827 155.072 2.384 892.248 1.9017980194283919 1.0
25.0 2.0 Car -1.0 -1.0 -1.0 -1.0 -1.0 -1.0 -1.0 1.891 1.516 4.281 150.797 0.897 917.766 2.6313987082931467 1.0
26.0 0.0 Car -1.0 -1.0 -1.0 -1.0 -1.0 -1.0 -1.0 1.896 1.468 4.414 159.485 0.96 917.26 -2.950602468980937 1.0
26.0 3.0 Truck -1.0 -1.0 -1.0 -1.0 -1.0 -1.0 -1.0 3.174 4.029 5.827 154.395 2.396 893.877 1.9017980194283919 1.0
26.0 2.0 Car -1.0 -1.0 -1.0 -1.0 -1.0 -1.0 -1.0 1.891 1.516 4.281 149.152 0.897 919.298 2.4221501323545196 1.0
27.0 0.0 Car -1.0 -1.0 -1.0 -1.0 -1.0 -1.0 -1.0 1.896 1.468 4.414 157.837 0.969 917.099 -3.0149224801924794 1.0
27.0 3.0 Truck -1.0 -1.0 -1.0 -1.0 -1.0 -1.0 -1.0 3.174 4.029 5.827 153.55 2.409 895.907 1.9017980194283919 1.0
27.0 2.0 Car -1.0 -1.0 -1.0 -1.0 -1.0 -1.0 -1.0 1.891 1.516 4.281 147.485 0.897 921.496 2.1306979507176393 1.0
28.0 0.0 Car -1.0 -1.0 -1.0 -1.0 -1.0 -1.0 -1.0 1.896 1.468 4.414 156.397 0.977 917.239 3.1291595949643365 0.0
28.0 3.0 Truck -1.0 -1.0 -1.0 -1.0 -1.0 -1.0 -1.0 3.174 4.029 5.827 152.858 2.409 896.811 1.9017980194283919 0.0
28.0 2.0 Car -1.0 -1.0 -1.0 -1.0 -1.0 -1.0 -1.0 1.891 1.516 4.281 146.484 0.967 924.173 1.933816919878755 0.0
29.0 0.0 Car -1.0 -1.0 -1.0 -1.0 -1.0 -1.0 -1.0 1.896 1.468 4.414 154.54 0.985 917.823 2.937738557360263 0.0
29.0 3.0 Truck -1.0 -1.0 -1.0 -1.0 -1.0 -1.0 -1.0 3.174 4.029 5.827 152.252 2.359 899.44 1.9017980194283919 0.0
29.0 2.0 Car -1.0 -1.0 -1.0 -1.0 -1.0 -1.0 -1.0 1.891 1.516 4.281 145.46 0.887 927.525 1.841647543152756 0.0
30.0 0.0 Car -1.0 -1.0 -1.0 -1.0 -1.0 -1.0 -1.0 1.896 1.468 4.414 152.819 0.993 918.755 2.7452005102766077 0.0
30.0 3.0 Truck -1.0 -1.0 -1.0 -1.0 -1.0 -1.0 -1.0 3.174 4.029 5.827 151.381 2.389 902.013 1.9017980194283919 0.0
30.0 2.0 Car -1.0 -1.0 -1.0 -1.0 -1.0 -1.0 -1.0 1.891 1.516 4.281 145.129 0.908 929.701 1.8098751775965654 0.0
31.0 0.0 Car -1.0 -1.0 -1.0 -1.0 -1.0 -1.0 -1.0 1.896 1.468 4.414 151.065 1.002 919.751 2.6196358251499507 0.0
31.0 3.0 Truck -1.0 -1.0 -1.0 -1.0 -1.0 -1.0 -1.0 3.174 4.029 5.827 150.52 2.417 904.556 1.9017980194283919 0.0
31.0 2.0 Car -1.0 -1.0 -1.0 -1.0 -1.0 -1.0 -1.0 1.891 1.516 4.281 143.972 0.877 933.692 1.7851246945207926 0.0
32.0 0.0 Car -1.0 -1.0 -1.0 -1.0 -1.0 -1.0 -1.0 1.896 1.468 4.414 149.549 1.02 921.174 2.3737928329778026 0.0
32.0 3.0 Truck -1.0 -1.0 -1.0 -1.0 -1.0 -1.0 -1.0 3.174 4.029 5.827 149.655 2.446 907.114 1.9017980194283919 0.0
32.0 2.0 Car -1.0 -1.0 -1.0 -1.0 -1.0 -1.0 -1.0 1.891 1.516 4.281 143.333 0.947 936.757 1.799085392838717 0.0
33.0 0.0 Car -1.0 -1.0 -1.0 -1.0 -1.0 -1.0 -1.0 1.896 1.468 4.414 147.929 1.041 923.287 2.134438980562037 0.0
33.0 3.0 Truck -1.0 -1.0 -1.0 -1.0 -1.0 -1.0 -1.0 3.174 4.029 5.827 149.114 2.481 909.155 1.8732492768848785 0.0
33.0 2.0 Car -1.0 -1.0 -1.0 -1.0 -1.0 -1.0 -1.0 1.891 1.516 4.281 142.17 0.971 941.729 1.799085392838717 0.0
34.0 0.0 Car -1.0 -1.0 -1.0 -1.0 -1.0 -1.0 -1.0 1.896 1.468 4.414 146.648 1.059 926.319 1.958093502632401 0.0
34.0 3.0 Truck -1.0 -1.0 -1.0 -1.0 -1.0 -1.0 -1.0 3.174 4.029 5.827 148.708 2.51 910.869 1.8494381418685617 0.0
34.0 2.0 Car -1.0 -1.0 -1.0 -1.0 -1.0 -1.0 -1.0 1.891 1.516 4.281 141.2 0.991 945.875 1.799085392838717 0.0
35.0 0.0 Car -1.0 -1.0 -1.0 -1.0 -1.0 -1.0 -1.0 1.896 1.468 4.414 145.52 1.076 929.499 1.8928051833695072 0.0
35.0 3.0 Truck -1.0 -1.0 -1.0 -1.0 -1.0 -1.0 -1.0 3.174 4.029 5.827 148.555 2.539 912.388 1.8080974095043016 0.0
35.0 2.0 Car -1.0 -1.0 -1.0 -1.0 -1.0 -1.0 -1.0 1.891 1.516 4.281 140.231 1.011 950.018 1.799085392838717 0.0
36.0 0.0 Car -1.0 -1.0 -1.0 -1.0 -1.0 -1.0 -1.0 1.896 1.468 4.414 144.719 1.09 932.074 1.8685072835629035 0.0
36.0 3.0 Truck -1.0 -1.0 -1.0 -1.0 -1.0 -1.0 -1.0 3.174 4.029 5.827 148.479 2.562 913.608 1.7750350120274074 0.0
36.0 2.0 Car -1.0 -1.0 -1.0 -1.0 -1.0 -1.0 -1.0 1.891 1.516 4.281 139.467 1.011 953.528 1.799085392838717 0.0
37.0 0.0 Car -1.0 -1.0 -1.0 -1.0 -1.0 -1.0 -1.0 1.896 1.468 4.414 143.805 1.106 935.32 1.8381291351088602 0.0
37.0 3.0 Truck -1.0 -1.0 -1.0 -1.0 -1.0 -1.0 -1.0 3.174 4.029 5.827 148.689 2.591 915.181 1.7336991588551627 0.0
37.0 2.0 Car -1.0 -1.0 -1.0 -1.0 -1.0 -1.0 -1.0 1.891 1.516 4.281 138.512 1.01 957.916 1.799085392838717 0.0
38.0 0.0 Car -1.0 -1.0 -1.0 -1.0 -1.0 -1.0 -1.0 1.896 1.468 4.414 142.99 1.123 938.593 1.8077474616615978 0.0
38.0 3.0 Truck -1.0 -1.0 -1.0 -1.0 -1.0 -1.0 -1.0 3.174 4.029 5.827 148.965 2.62 916.744 1.6923585091890723 0.0
38.0 2.0 Car -1.0 -1.0 -1.0 -1.0 -1.0 -1.0 -1.0 1.891 1.516 4.281 137.556 1.009 962.304 1.799085392838717 0.0
39.0 0.0 Car -1.0 -1.0 -1.0 -1.0 -1.0 -1.0 -1.0 1.896 1.468 4.414 142.276 1.14 941.885 1.7774024967644042 0.0
39.0 3.0 Truck -1.0 -1.0 -1.0 -1.0 -1.0 -1.0 -1.0 3.174 4.029 5.827 149.752 2.499 917.641 1.6225859342957152 0.0
39.0 2.0 Car -1.0 -1.0 -1.0 -1.0 -1.0 -1.0 -1.0 1.891 1.516 4.281 136.473 1.008 966.643 1.8078069647003865 0.0
