0.0 1.0 Car -1.0 -1.0 -1.0 -1.0 -1.0 -1.0 -1.0 2.278 2.143 4.892 527.595 1.323 1508.664 -1.4174342452878599 0.0
0.0 0.0 Truck -1.0 -1.0 -1.0 -1.0 -1.0 -1.0 -1.0 2.25 2.0 5.027 567.801 0.773 1465.707 3.1259021435944687 0.0
0.0 4.0 Car -1.0 -1.0 -1.0 -1.0 -1.0 -1.0 -1.0 2.222 1.691 4.636 528.901 1.013 1499.581 -1.4642788820640895 0.0
0.0 2.0 Truck -1.0 -1.0 -1.0 -1.0 -1.0 -1.0 -1.0 2.904 2.855 6.692 525.634 1.55 1492.395 -1.510791907369977 0.0
1.0 1.0 Car -1.0 -1.0 -1.0 -1.0 -1.0 -1.0 -1.0 2.278 2.143 4.892 527.623 1.33 1508.606 -1.4174342452878599 1.0
1.0 0.0 Truck -1.0 -1.0 -1.0 -1.0 -1.0 -1.0 -1.0 2.25 2.0 5.027 564.008 0.773 1465.767 3.1259021435944687 1.0
1.0 4.0 Car -1.0 -1.0 -1.0 -1.0 -1.0 -1.0 -1.0 2.222 1.691 4.636 528.989 1.013 1498.883 -1.461369999977432 1.0
1.0 2.0 Truck -1.0 -1.0 -1.0 -1.0 -1.0 -1.0 -1.0 2.904 2.855 6.692 525.735 1.55 1491.44 -1.5020652611100056 1.0
2.0 1.0 Car -1.0 -1.0 -1.0 -1.0 -1.0 -1.0 -1.0 2.278 2.143 4.892 527.652 1.337 1508.548 -1.4174342452878599 1.0
2.0 0.0 Truck -1.0 -1.0 -1.0 -1.0 -1.0 -1.0 -1.0 2.25 2.0 5.027 560.699 0.773 1465.819 3.1259021435944687 1.0
2.0 4.0 Car -1.0 -1.0 -1.0 -1.0 -1.0 -1.0 -1.0 2.222 1.691 4.636 529.12 1.013 1497.779 -1.4584611178907754 1.0
2.0 2.0 Truck -1.0 -1.0 -1.0 -1.0 -1.0 -1.0 -1.0 2.904 2.855 6.692 525.836 1.55 1490.486 -1.4933386148500338 1.0
3.0 1.0 Car -1.0 -1.0 -1.0 -1.0 -1.0 -1.0 -1.0 2.278 2.143 4.892 527.743 1.394 1508.081 -1.4174342452878599 0.0
3.0 0.0 Truck -1.0 -1.0 -1.0 -1.0 -1.0 -1.0 -1.0 2.25 2.0 5.027 557.961 0.773 1465.862 3.1259021435944687 0.0
3.0 4.0 Car -1.0 -1.0 -1.0 -1.0 -1.0 -1.0 -1.0 2.222 1.691 4.636 529.293 1.013 1496.295 -1.455552235804118 0.0
3.0 2.0 Truck -1.0 -1.0 -1.0 -1.0 -1.0 -1.0 -1.0 2.904 2.855 6.692 525.919 1.55 1489.037 -1.5064285842399912 0.0
4.0 1.0 Car -1.0 -1.0 -1.0 -1.0 -1.0 -1.0 -1.0 2.278 2.143 4.892 527.835 1.451 1507.613 -1.4174342452878599 1.0
4.0 0.0 Truck -1.0 -1.0 -1.0 -1.0 -1.0 -1.0 -1.0 2.25 2.0 5.027 555.794 0.773 1465.896 3.1259021435944687 1.0
4.0 4.0 Car -1.0 -1.0 -1.0 -1.0 -1.0 -1.0 -1.0 2.222 1.691 4.636 529.495 1.013 1494.568 -1.4526433537174608 1.0
4.0 2.0 Truck -1.0 -1.0 -1.0 -1.0 -1.0 -1.0 -1.0 2.904 2.855 6.692 526.023 1.55 1487.223 -1.5195185536299487 1.0
5.0 1.0 Car -1.0 -1.0 -1.0 -1.0 -1.0 -1.0 -1.0 2.278 2.143 4.892 528.055 1.509 1506.314 -1.4174342452878599 1.0
5.0 0.0 Truck -1.0 -1.0 -1.0 -1.0 -1.0 -1.0 -1.0 2.25 2.0 5.027 554.041 0.773 1465.923 3.1259021435944687 0.0
5.0 4.0 Car -1.0 -1.0 -1.0 -1.0 -1.0 -1.0 -1.0 2.222 1.691 4.636 529.696 1.013 1492.841 -1.4497344716308036 0.0
5.0 2.0 Truck -1.0 -1.0 -1.0 -1.0 -1.0 -1.0 -1.0 2.904 2.855 6.692 526.113 1.55 1485.18 -1.5326085230199062 1.0
6.0 1.0 Car -1.0 -1.0 -1.0 -1.0 -1.0 -1.0 -1.0 2.278 2.143 4.892 528.275 1.566 1505.015 -1.4174342452878599 1.0
6.0 0.0 Truck -1.0 -1.0 -1.0 -1.0 -1.0 -1.0 -1.0 2.25 2.0 5.027 552.635 0.823 1465.945 3.1259021435944687 0.0
6.0 4.0 Car -1.0 -1.0 -1.0 -1.0 -1.0 -1.0 -1.0 2.222 1.691 4.636 529.932 1.013 1490.829 -1.4468255895441464 0.0
6.0 2.0 Truck -1.0 -1.0 -1.0 -1.0 -1.0 -1.0 -1.0 2.904 2.855 6.692 526.221 1.55 1482.68 -1.5456984924098633 1.0
7.0 1.0 Car -1.0 -1.0 -1.0 -1.0 -1.0 -1.0 -1.0 2.278 2.143 4.892 528.495 1.623 1503.716 -1.4174342452878599 1.0
7.0 0.0 Truck -1.0 -1.0 -1.0 -1.0 -1.0 -1.0 -1.0 2.25 2.0 5.027 551.643 0.873 1465.961 3.1259021435944687 0.0
7.0 4.0 Car -1.0 -1.0 -1.0 -1.0 -1.0 -1.0 -1.0 2.222 1.691 4.636 530.249 1.013 1488.956 -1.3822899626787366 0.0
7.0 2.0 Truck -1.0 -1.0 -1.0 -1.0 -1.0 -1.0 -1.0 2.904 2.855 6.692 526.271 1.55 1480.006 -1.558788461799821 1.0
8.0 1.0 Car -1.0 -1.0 -1.0 -1.0 -1.0 -1.0 -1.0 2.278 2.143 4.892 528.851 1.623 1501.118 -1.430524214677817 1.0
8.0 0.0 Truck -1.0 -1.0 -1.0 -1.0 -1.0 -1.0 -1.0 2.25 2.0 5.027 550.678 0.923 1465.976 3.1259021435944687 0.0
8.0 4.0 Car -1.0 -1.0 -1.0 -1.0 -1.0 -1.0 -1.0 2.222 1.691 4.636 530.798 1.013 1486.608 -1.3177543358133263 0.0
8.0 2.0 Truck -1.0 -1.0 -1.0 -1.0 -1.0 -1.0 -1.0 2.904 2.855 6.692 526.33 1.55 1476.51 -1.571878431189779 1.0
9.0 1.0 Car -1.0 -1.0 -1.0 -1.0 -1.0 -1.0 -1.0 2.278 2.143 4.892 529.206 1.623 1498.519 -1.4436141840677745 1.0
9.0 0.0 Truck -1.0 -1.0 -1.0 -1.0 -1.0 -1.0 -1.0 2.25 2.0 5.027 550.265 0.973 1465.982 3.1259021435944687 0.0
9.0 4.0 Car -1.0 -1.0 -1.0 -1.0 -1.0 -1.0 -1.0 2.222 1.691 4.636 531.501 1.063 1484.52 -1.2008588313880875 0.0
9.0 2.0 Truck -1.0 -1.0 -1.0 -1.0 -1.0 -1.0 -1.0 2.904 2.855 6.692 526.373 1.55 1473.471 -1.5675151080597924 1.0
10.0 1.0 Car -1.0 -1.0 -1.0 -1.0 -1.0 -1.0 -1.0 2.278 2.143 4.892 529.458 1.623 1496.483 -1.439250860937789 1.0
10.0 0.0 Truck -1.0 -1.0 -1.0 -1.0 -1.0 -1.0 -1.0 2.25 2.0 5.027 550.165 1.023 1465.984 3.1259021435944687 0.0
10.0 4.0 Car -1.0 -1.0 -1.0 -1.0 -1.0 -1.0 -1.0 2.222 1.691 4.636 532.597 1.113 1482.54 -1.0723277986162199 0.0
10.0 2.0 Truck -1.0 -1.0 -1.0 -1.0 -1.0 -1.0 -1.0 2.904 2.855 6.692 526.415 1.55 1470.431 -1.5631517849298067 1.0
11.0 1.0 Car -1.0 -1.0 -1.0 -1.0 -1.0 -1.0 -1.0 2.278 2.143 4.892 529.71 1.623 1494.448 -1.434887537807803 0.0
11.0 0.0 Truck -1.0 -1.0 -1.0 -1.0 -1.0 -1.0 -1.0 2.25 2.0 5.027 550.064 1.073 1465.985 3.1259021435944687 0.0
11.0 4.0 Car -1.0 -1.0 -1.0 -1.0 -1.0 -1.0 -1.0 2.222 1.691 4.636 533.908 1.213 1480.731 -0.9568867352343088 0.0
11.0 2.0 Truck -1.0 -1.0 -1.0 -1.0 -1.0 -1.0 -1.0 2.904 2.855 6.692 526.418 1.55 1467.538 -1.5736237604417733 1.0
12.0 1.0 Car -1.0 -1.0 -1.0 -1.0 -1.0 -1.0 -1.0 2.278 2.143 4.892 529.979 1.623 1492.48 -1.434887537807803 0.0
12.0 0.0 Truck -1.0 -1.0 -1.0 -1.0 -1.0 -1.0 -1.0 2.25 2.0 5.027 550.064 1.096 1465.985 3.1259021435944687 0.0
12.0 4.0 Car -1.0 -1.0 -1.0 -1.0 -1.0 -1.0 -1.0 2.222 1.691 4.636 535.267 1.263 1479.301 -0.7960671113005464 0.0
12.0 2.0 Truck -1.0 -1.0 -1.0 -1.0 -1.0 -1.0 -1.0 2.904 2.855 6.692 526.42 1.55 1464.645 -1.5840957359537386 1.0
13.0 1.0 Car -1.0 -1.0 -1.0 -1.0 -1.0 -1.0 -1.0 2.278 2.143 4.892 530.247 1.623 1490.512 -1.434887537807803 0.0
13.0 0.0 Truck -1.0 -1.0 -1.0 -1.0 -1.0 -1.0 -1.0 2.25 2.0 5.027 550.064 1.118 1465.985 3.1259021435944687 0.0
13.0 4.0 Car -1.0 -1.0 -1.0 -1.0 -1.0 -1.0 -1.0 2.222 1.691 4.636 537.209 1.213 1477.918 -0.5916142560669259 0.0
13.0 2.0 Truck -1.0 -1.0 -1.0 -1.0 -1.0 -1.0 -1.0 2.904 2.855 6.692 526.414 1.55 1461.136 -1.594567711465704 1.0
14.0 1.0 Car -1.0 -1.0 -1.0 -1.0 -1.0 -1.0 -1.0 2.278 2.143 4.892 530.516 1.623 1488.543 -1.434887537807803 0.0
14.0 0.0 Truck -1.0 -1.0 -1.0 -1.0 -1.0 -1.0 -1.0 2.25 2.0 5.027 550.064 1.141 1465.985 3.1259021435944687 0.0
14.0 4.0 Car -1.0 -1.0 -1.0 -1.0 -1.0 -1.0 -1.0 2.222 1.691 4.636 539.225 1.213 1477.026 -0.41708133086749277 0.0
14.0 2.0 Truck -1.0 -1.0 -1.0 -1.0 -1.0 -1.0 -1.0 2.904 2.855 6.692 526.371 1.55 1457.376 -1.6050396869776704 1.0
15.0 1.0 Car -1.0 -1.0 -1.0 -1.0 -1.0 -1.0 -1.0 2.278 2.143 4.892 531.058 1.623 1486.393 -1.2661723767816846 0.0
15.0 0.0 Truck -1.0 -1.0 -1.0 -1.0 -1.0 -1.0 -1.0 2.25 2.0 5.027 550.064 1.164 1465.985 3.1259021435944687 0.0
15.0 4.0 Car -1.0 -1.0 -1.0 -1.0 -1.0 -1.0 -1.0 2.222 1.691 4.636 541.513 1.179 1476.357 -0.2425484056680598 0.0
15.0 2.0 Truck -1.0 -1.0 -1.0 -1.0 -1.0 -1.0 -1.0 2.904 2.855 6.692 526.303 1.55 1452.885 -1.6155116624896362 1.0
16.0 1.0 Car -1.0 -1.0 -1.0 -1.0 -1.0 -1.0 -1.0 2.278 2.143 4.892 531.952 1.623 1484.364 -1.0974572157555662 0.0
16.0 0.0 Truck -1.0 -1.0 -1.0 -1.0 -1.0 -1.0 -1.0 2.25 2.0 5.027 550.064 1.186 1465.985 3.1259021435944687 0.0
16.0 4.0 Car -1.0 -1.0 -1.0 -1.0 -1.0 -1.0 -1.0 2.222 1.691 4.636 543.883 1.146 1476.096 -0.06801548046862682 0.0
16.0 2.0 Truck -1.0 -1.0 -1.0 -1.0 -1.0 -1.0 -1.0 2.904 2.855 6.692 526.014 1.55 1449.144 -1.6446004833562082 1.0
17.0 1.0 Car -1.0 -1.0 -1.0 -1.0 -1.0 -1.0 -1.0 2.278 2.143 4.892 533.175 1.623 1482.515 -0.9287420547294478 0.0
17.0 2.0 Truck -1.0 -1.0 -1.0 -1.0 -1.0 -1.0 -1.0 2.904 2.855 6.692 525.573 1.55 1444.922 -1.6736893042227807 1.0
18.0 1.0 Car -1.0 -1.0 -1.0 -1.0 -1.0 -1.0 -1.0 2.278 2.143 4.892 534.944 1.573 1480.601 -0.8123867712631591 0.0
18.0 2.0 Truck -1.0 -1.0 -1.0 -1.0 -1.0 -1.0 -1.0 2.904 2.855 6.692 524.938 1.55 1440.144 -1.7027781250893528 1.0
19.0 1.0 Car -1.0 -1.0 -1.0 -1.0 -1.0 -1.0 -1.0 2.278 2.143 4.892 536.924 1.523 1478.907 -0.6960314877968709 0.0
19.0 2.0 Truck -1.0 -1.0 -1.0 -1.0 -1.0 -1.0 -1.0 2.904 2.855 6.692 524.195 1.55 1435.351 -1.7341940516252514 1.0
20.0 3.0 Car -1.0 -1.0 -1.0 -1.0 -1.0 -1.0 -1.0 2.111 1.586 4.408 517.793 -0.55 1361.184 3.1376831162941303 0.0
20.0 1.0 Car -1.0 -1.0 -1.0 -1.0 -1.0 -1.0 -1.0 2.278 2.143 4.892 539.087 1.473 1477.453 -0.5796762043305823 0.0
20.0 2.0 Truck -1.0 -1.0 -1.0 -1.0 -1.0 -1.0 -1.0 2.904 2.855 6.692 523.302 1.55 1430.584 -1.7656099781611494 1.0
21.0 3.0 Car -1.0 -1.0 -1.0 -1.0 -1.0 -1.0 -1.0 2.111 1.586 4.408 514.565 -0.4 1361.067 -3.101868959585598 1.0
21.0 1.0 Car -1.0 -1.0 -1.0 -1.0 -1.0 -1.0 -1.0 2.278 2.143 4.892 541.368 1.423 1476.377 -0.4109610433044637 0.0
21.0 2.0 Truck -1.0 -1.0 -1.0 -1.0 -1.0 -1.0 -1.0 2.904 2.855 6.692 522.352 1.55 1426.278 -1.797025904697047 1.0
22.0 3.0 Car -1.0 -1.0 -1.0 -1.0 -1.0 -1.0 -1.0 2.111 1.586 4.408 511.345 -0.25 1360.809 -3.0582357282857395 1.0
22.0 1.0 Car -1.0 -1.0 -1.0 -1.0 -1.0 -1.0 -1.0 2.278 2.143 4.892 543.797 1.373 1475.699 -0.24224588227834512 0.0
22.0 2.0 Truck -1.0 -1.0 -1.0 -1.0 -1.0 -1.0 -1.0 2.904 2.855 6.692 521.268 1.55 1422.004 -1.8284418312329447 1.0
23.0 3.0 Car -1.0 -1.0 -1.0 -1.0 -1.0 -1.0 -1.0 2.111 1.586 4.408 508.608 -0.15 1360.452 -3.023329143245853 1.0
23.0 2.0 Truck -1.0 -1.0 -1.0 -1.0 -1.0 -1.0 -1.0 2.904 2.855 6.692 520.032 1.55 1417.701 -1.8598577577688435 1.0
24.0 3.0 Car -1.0 -1.0 -1.0 -1.0 -1.0 -1.0 -1.0 2.111 1.586 4.408 505.885 -0.05 1360.0 -2.9884225582059667 1.0
24.0 2.0 Truck -1.0 -1.0 -1.0 -1.0 -1.0 -1.0 -1.0 2.904 2.855 6.692 518.755 1.553 1413.805 -1.884043034546478 1.0
25.0 3.0 Car -1.0 -1.0 -1.0 -1.0 -1.0 -1.0 -1.0 2.111 1.586 4.408 503.273 0.025 1359.36 -2.927336034386165 0.0
25.0 2.0 Truck -1.0 -1.0 -1.0 -1.0 -1.0 -1.0 -1.0 2.904 2.855 6.692 517.479 1.557 1409.908 -1.9082283113241145 1.0
26.0 3.0 Car -1.0 -1.0 -1.0 -1.0 -1.0 -1.0 -1.0 2.111 1.586 4.408 500.704 0.1 1358.563 -2.8662495105663637 0.0
26.0 2.0 Truck -1.0 -1.0 -1.0 -1.0 -1.0 -1.0 -1.0 2.904 2.855 6.692 516.155 1.56 1406.339 -1.9201962833377897 0.0
27.0 3.0 Car -1.0 -1.0 -1.0 -1.0 -1.0 -1.0 -1.0 2.111 1.586 4.408 497.871 0.25 1357.393 -2.79643634048659 0.0
27.0 2.0 Truck -1.0 -1.0 -1.0 -1.0 -1.0 -1.0 -1.0 2.904 2.855 6.692 514.831 1.563 1402.769 -1.9321642553514649 0.0
28.0 3.0 Car -1.0 -1.0 -1.0 -1.0 -1.0 -1.0 -1.0 2.111 1.586 4.408 495.598 0.325 1355.689 -2.552090245207384 0.0
28.0 2.0 Truck -1.0 -1.0 -1.0 -1.0 -1.0 -1.0 -1.0 2.904 2.855 6.692 513.572 1.567 1399.524 -1.9441322273651402 0.0
29.0 3.0 Car -1.0 -1.0 -1.0 -1.0 -1.0 -1.0 -1.0 2.111 1.586 4.408 493.805 0.4 1353.485 -2.3077441499281783 0.0
29.0 2.0 Truck -1.0 -1.0 -1.0 -1.0 -1.0 -1.0 -1.0 2.904 2.855 6.692 512.329 1.57 1396.322 -1.956100199378815 0.0
30.0 3.0 Car -1.0 -1.0 -1.0 -1.0 -1.0 -1.0 -1.0 2.111 1.586 4.408 491.834 0.425 1350.671 -2.1768444560286024 0.0
30.0 2.0 Truck -1.0 -1.0 -1.0 -1.0 -1.0 -1.0 -1.0 2.904 2.855 6.692 511.154 1.573 1393.29 -1.9680681713924904 0.0
31.0 3.0 Car -1.0 -1.0 -1.0 -1.0 -1.0 -1.0 -1.0 2.111 1.586 4.408 489.99 0.45 1347.486 -2.0459447621290283 0.0
31.0 2.0 Truck -1.0 -1.0 -1.0 -1.0 -1.0 -1.0 -1.0 2.904 2.855 6.692 509.973 1.577 1390.602 -1.9829034700344421 0.0
32.0 3.0 Car -1.0 -1.0 -1.0 -1.0 -1.0 -1.0 -1.0 2.111 1.586 4.408 487.864 0.392 1343.679 -2.069215818822286 0.0
32.0 2.0 Truck -1.0 -1.0 -1.0 -1.0 -1.0 -1.0 -1.0 2.904 2.855 6.692 508.903 1.58 1388.168 -1.997738768676394 0.0
33.0 3.0 Car -1.0 -1.0 -1.0 -1.0 -1.0 -1.0 -1.0 2.111 1.586 4.408 485.737 0.334 1339.871 -2.092486875515543 0.0
33.0 2.0 Truck -1.0 -1.0 -1.0 -1.0 -1.0 -1.0 -1.0 2.904 2.855 6.692 507.949 1.583 1385.997 -2.0009385389717167 0.0
34.0 3.0 Car -1.0 -1.0 -1.0 -1.0 -1.0 -1.0 -1.0 2.111 1.586 4.408 483.23 0.125 1335.65 -2.1157579322088003 0.0
34.0 2.0 Truck -1.0 -1.0 -1.0 -1.0 -1.0 -1.0 -1.0 2.904 2.855 6.692 507.071 1.587 1383.993 -2.0041383092670397 0.0
35.0 3.0 Car -1.0 -1.0 -1.0 -1.0 -1.0 -1.0 -1.0 2.111 1.586 4.408 480.391 0.034 1330.779 -2.1157579322088003 0.0
35.0 2.0 Truck -1.0 -1.0 -1.0 -1.0 -1.0 -1.0 -1.0 2.904 2.855 6.692 506.39 1.59 1382.5 -2.0073380795623628 0.0
36.0 3.0 Car -1.0 -1.0 -1.0 -1.0 -1.0 -1.0 -1.0 2.111 1.586 4.408 477.611 0.017 1326.033 -2.1157579322088003 0.0
36.0 2.0 Truck -1.0 -1.0 -1.0 -1.0 -1.0 -1.0 -1.0 2.904 2.855 6.692 505.94 1.593 1381.505 -2.0105378498576862 0.0
37.0 2.0 Truck -1.0 -1.0 -1.0 -1.0 -1.0 -1.0 -1.0 2.904 2.855 6.692 505.549 1.597 1380.633 -2.013737620153009 0.0
