0.0 6.0 Car -1.0 -1.0 -1.0 -1.0 -1.0 -1.0 -1.0 1.717 1.56 4.333 1293.139 0.75 1476.037 -0.5166349118834269 0.0
0.0 1.0 Car -1.0 -1.0 -1.0 -1.0 -1.0 -1.0 -1.0 1.928 1.576 4.673 1298.936 0.832 1472.691 -0.5071577740473651 0.0
0.0 5.0 Car -1.0 -1.0 -1.0 -1.0 -1.0 -1.0 -1.0 1.81 1.684 4.928 1318.671 0.874 1466.017 -0.4909785718787436 0.0
0.0 4.0 Car -1.0 -1.0 -1.0 -1.0 -1.0 -1.0 -1.0 1.996 1.836 4.596 1300.25 0.981 1475.906 -0.5166349118834269 0.0
0.0 3.0 Car -1.0 -1.0 -1.0 -1.0 -1.0 -1.0 -1.0 1.806 1.786 4.386 1325.966 1.006 1457.556 -0.5084318643986867 0.0
0.0 2.0 Car -1.0 -1.0 -1.0 -1.0 -1.0 -1.0 -1.0 1.782 1.582 4.685 1304.521 0.826 1469.535 -0.5254662778995581 0.0
0.0 0.0 Car -1.0 -1.0 -1.0 -1.0 -1.0 -1.0 -1.0 1.648 1.475 4.145 1313.014 0.725 1465.12 -0.5141216377601804 0.0
1.0 6.0 Car -1.0 -1.0 -1.0 -1.0 -1.0 -1.0 -1.0 1.717 1.56 4.333 1293.276 0.75 1475.939 -0.5166349118834269 1.0
1.0 1.0 Car -1.0 -1.0 -1.0 -1.0 -1.0 -1.0 -1.0 1.928 1.576 4.673 1299.01 0.732 1472.627 -0.5071577740473651 1.0
1.0 5.0 Car -1.0 -1.0 -1.0 -1.0 -1.0 -1.0 -1.0 1.81 1.684 4.928 1320.686 0.946 1464.978 -0.4909785718787436 1.0
1.0 4.0 Car -1.0 -1.0 -1.0 -1.0 -1.0 -1.0 -1.0 1.996 1.836 4.596 1300.592 0.997 1475.725 -0.5132101863975609 1.0
1.0 3.0 Car -1.0 -1.0 -1.0 -1.0 -1.0 -1.0 -1.0 1.806 1.786 4.386 1329.039 1.081 1455.913 -0.5084318643986867 1.0
1.0 2.0 Car -1.0 -1.0 -1.0 -1.0 -1.0 -1.0 -1.0 1.782 1.582 4.685 1304.825 0.826 1469.376 -0.5254662778995581 1.0
1.0 0.0 Car -1.0 -1.0 -1.0 -1.0 -1.0 -1.0 -1.0 1.648 1.475 4.145 1314.794 0.717 1464.115 -0.5141216377601804 1.0
2.0 6.0 Car -1.0 -1.0 -1.0 -1.0 -1.0 -1.0 -1.0 1.717 1.56 4.333 1293.413 0.8 1475.84 -0.5166349118834269 1.0
2.0 1.0 Car -1.0 -1.0 -1.0 -1.0 -1.0 -1.0 -1.0 1.928 1.576 4.673 1299.084 0.732 1472.562 -0.5071577740473651 1.0
2.0 5.0 Car -1.0 -1.0 -1.0 -1.0 -1.0 -1.0 -1.0 1.81 1.684 4.928 1323.145 0.957 1463.644 -0.4909785718787436 1.0
2.0 4.0 Car -1.0 -1.0 -1.0 -1.0 -1.0 -1.0 -1.0 1.996 1.836 4.596 1301.265 0.962 1475.359 -0.5097892386806384 1.0
2.0 3.0 Car -1.0 -1.0 -1.0 -1.0 -1.0 -1.0 -1.0 1.806 1.786 4.386 1332.108 1.156 1454.273 -0.5084318643986867 1.0
2.0 2.0 Car -1.0 -1.0 -1.0 -1.0 -1.0 -1.0 -1.0 1.782 1.582 4.685 1305.346 0.809 1469.092 -0.5254662778995581 1.0
2.0 0.0 Car -1.0 -1.0 -1.0 -1.0 -1.0 -1.0 -1.0 1.648 1.475 4.145 1316.571 0.709 1463.111 -0.5141216377601804 1.0
3.0 6.0 Car -1.0 -1.0 -1.0 -1.0 -1.0 -1.0 -1.0 1.717 1.56 4.333 1293.671 0.8 1475.775 -0.5166349118834269 1.0
3.0 1.0 Car -1.0 -1.0 -1.0 -1.0 -1.0 -1.0 -1.0 1.928 1.576 4.673 1299.421 0.731 1472.41 -0.5071577740473651 1.0
3.0 5.0 Car -1.0 -1.0 -1.0 -1.0 -1.0 -1.0 -1.0 1.81 1.684 4.928 1325.884 0.969 1462.123 -0.4909785718787436 1.0
3.0 4.0 Car -1.0 -1.0 -1.0 -1.0 -1.0 -1.0 -1.0 1.996 1.836 4.596 1302.194 0.941 1474.85 -0.5063720208261695 1.0
3.0 3.0 Car -1.0 -1.0 -1.0 -1.0 -1.0 -1.0 -1.0 1.806 1.786 4.386 1335.727 1.13 1452.247 -0.5140543986389531 1.0
3.0 2.0 Car -1.0 -1.0 -1.0 -1.0 -1.0 -1.0 -1.0 1.782 1.582 4.685 1306.248 0.809 1468.587 -0.5254662778995581 1.0
3.0 0.0 Car -1.0 -1.0 -1.0 -1.0 -1.0 -1.0 -1.0 1.648 1.475 4.145 1318.832 0.701 1461.78 -0.5141216377601804 1.0
4.0 6.0 Car -1.0 -1.0 -1.0 -1.0 -1.0 -1.0 -1.0 1.717 1.56 4.333 1294.079 0.8 1475.558 -0.5166349118834269 1.0
4.0 1.0 Car -1.0 -1.0 -1.0 -1.0 -1.0 -1.0 -1.0 1.928 1.576 4.673 1299.862 0.75 1472.204 -0.5071577740473651 1.0
4.0 5.0 Car -1.0 -1.0 -1.0 -1.0 -1.0 -1.0 -1.0 1.81 1.684 4.928 1329.025 0.981 1460.423 -0.4909785718787436 1.0
4.0 4.0 Car -1.0 -1.0 -1.0 -1.0 -1.0 -1.0 -1.0 1.996 1.836 4.596 1303.528 0.895 1474.12 -0.5026103621507443 1.0
4.0 3.0 Car -1.0 -1.0 -1.0 -1.0 -1.0 -1.0 -1.0 1.806 1.786 4.386 1339.711 1.101 1450.018 -0.520243660080133 1.0
4.0 2.0 Car -1.0 -1.0 -1.0 -1.0 -1.0 -1.0 -1.0 1.782 1.582 4.685 1307.801 0.831 1467.706 -0.5254662778995581 1.0
4.0 0.0 Car -1.0 -1.0 -1.0 -1.0 -1.0 -1.0 -1.0 1.648 1.475 4.145 1321.869 0.692 1460.059 -0.5141216377601804 1.0
5.0 6.0 Car -1.0 -1.0 -1.0 -1.0 -1.0 -1.0 -1.0 1.717 1.56 4.333 1294.438 0.8 1475.367 -0.5166349118834269 1.0
5.0 1.0 Car -1.0 -1.0 -1.0 -1.0 -1.0 -1.0 -1.0 1.928 1.576 4.673 1300.733 0.775 1471.703 -0.5071577740473651 1.0
5.0 5.0 Car -1.0 -1.0 -1.0 -1.0 -1.0 -1.0 -1.0 1.81 1.684 4.928 1332.105 0.992 1458.757 -0.4909785718787436 1.0
5.0 4.0 Car -1.0 -1.0 -1.0 -1.0 -1.0 -1.0 -1.0 1.996 1.836 4.596 1305.07 0.905 1473.276 -0.49918161936348376 1.0
5.0 3.0 Car -1.0 -1.0 -1.0 -1.0 -1.0 -1.0 -1.0 1.806 1.786 4.386 1343.342 1.075 1447.985 -0.5258851569186297 1.0
5.0 2.0 Car -1.0 -1.0 -1.0 -1.0 -1.0 -1.0 -1.0 1.782 1.582 4.685 1309.488 0.833 1466.746 -0.5254662778995581 1.0
5.0 0.0 Car -1.0 -1.0 -1.0 -1.0 -1.0 -1.0 -1.0 1.648 1.475 4.145 1324.788 0.684 1458.47 -0.5141216377601804 1.0
6.0 6.0 Car -1.0 -1.0 -1.0 -1.0 -1.0 -1.0 -1.0 1.717 1.56 4.333 1294.941 0.8 1475.17 -0.5166349118834269 1.0
6.0 1.0 Car -1.0 -1.0 -1.0 -1.0 -1.0 -1.0 -1.0 1.928 1.576 4.673 1301.931 0.8 1471.02 -0.5071577740473651 1.0
6.0 5.0 Car -1.0 -1.0 -1.0 -1.0 -1.0 -1.0 -1.0 1.81 1.684 4.928 1335.323 1.003 1456.915 -0.49534293507106053 1.0
6.0 4.0 Car -1.0 -1.0 -1.0 -1.0 -1.0 -1.0 -1.0 1.996 1.836 4.596 1306.768 0.931 1472.329 -0.513070367164441 1.0
6.0 3.0 Car -1.0 -1.0 -1.0 -1.0 -1.0 -1.0 -1.0 1.806 1.786 4.386 1347.706 1.098 1445.497 -0.5215207937263128 1.0
6.0 2.0 Car -1.0 -1.0 -1.0 -1.0 -1.0 -1.0 -1.0 1.782 1.582 4.685 1311.553 0.824 1465.567 -0.5254662778995581 1.0
6.0 0.0 Car -1.0 -1.0 -1.0 -1.0 -1.0 -1.0 -1.0 1.648 1.475 4.145 1327.966 0.826 1456.756 -0.5141216377601804 1.0
7.0 6.0 Car -1.0 -1.0 -1.0 -1.0 -1.0 -1.0 -1.0 1.717 1.56 4.333 1295.82 0.8 1474.676 -0.5166349118834269 1.0
7.0 1.0 Car -1.0 -1.0 -1.0 -1.0 -1.0 -1.0 -1.0 1.928 1.576 4.673 1303.479 0.825 1470.196 -0.5071577740473651 1.0
7.0 5.0 Car -1.0 -1.0 -1.0 -1.0 -1.0 -1.0 -1.0 1.81 1.684 4.928 1338.808 1.014 1455.005 -0.49970274553770144 1.0
7.0 4.0 Car -1.0 -1.0 -1.0 -1.0 -1.0 -1.0 -1.0 1.996 1.836 4.596 1308.729 0.931 1471.235 -0.5095095408331214 1.0
7.0 3.0 Car -1.0 -1.0 -1.0 -1.0 -1.0 -1.0 -1.0 1.806 1.786 4.386 1352.065 1.122 1443.012 -0.517160983259672 1.0
7.0 2.0 Car -1.0 -1.0 -1.0 -1.0 -1.0 -1.0 -1.0 1.782 1.582 4.685 1313.942 0.829 1464.199 -0.5254662778995581 1.0
7.0 0.0 Car -1.0 -1.0 -1.0 -1.0 -1.0 -1.0 -1.0 1.648 1.475 4.145 1331.482 0.879 1454.765 -0.5141216377601804 1.0
8.0 6.0 Car -1.0 -1.0 -1.0 -1.0 -1.0 -1.0 -1.0 1.717 1.56 4.333 1296.956 0.8 1474.036 -0.5166349118834269 1.0
8.0 1.0 Car -1.0 -1.0 -1.0 -1.0 -1.0 -1.0 -1.0 1.928 1.576 4.673 1305.231 0.783 1469.223 -0.5071577740473651 1.0
8.0 5.0 Car -1.0 -1.0 -1.0 -1.0 -1.0 -1.0 -1.0 1.81 1.684 4.928 1342.385 1.025 1453.006 -0.5040674488761896 1.0
8.0 4.0 Car -1.0 -1.0 -1.0 -1.0 -1.0 -1.0 -1.0 1.996 1.836 4.596 1310.936 0.904 1470.002 -0.5059447183035628 1.0
8.0 3.0 Car -1.0 -1.0 -1.0 -1.0 -1.0 -1.0 -1.0 1.806 1.786 4.386 1356.43 1.146 1440.524 -0.5127962799211838 1.0
8.0 2.0 Car -1.0 -1.0 -1.0 -1.0 -1.0 -1.0 -1.0 1.782 1.582 4.685 1316.482 0.811 1462.744 -0.5254662778995581 1.0
8.0 0.0 Car -1.0 -1.0 -1.0 -1.0 -1.0 -1.0 -1.0 1.648 1.475 4.145 1335.002 0.848 1452.772 -0.5141216377601804 1.0
9.0 6.0 Car -1.0 -1.0 -1.0 -1.0 -1.0 -1.0 -1.0 1.717 1.56 4.333 1298.087 0.8 1473.398 -0.5166349118834269 1.0
9.0 1.0 Car -1.0 -1.0 -1.0 -1.0 -1.0 -1.0 -1.0 1.928 1.576 4.673 1307.023 0.791 1468.227 -0.5071577740473651 1.0
9.0 5.0 Car -1.0 -1.0 -1.0 -1.0 -1.0 -1.0 -1.0 1.81 1.684 4.928 1346.091 1.036 1450.936 -0.5084318643986867 1.0
9.0 4.0 Car -1.0 -1.0 -1.0 -1.0 -1.0 -1.0 -1.0 1.996 1.836 4.596 1313.143 0.878 1468.77 -0.5023801308444891 1.0
9.0 3.0 Car -1.0 -1.0 -1.0 -1.0 -1.0 -1.0 -1.0 1.806 1.786 4.386 1361.048 1.169 1438.078 -0.5084318643986867 1.0
9.0 2.0 Car -1.0 -1.0 -1.0 -1.0 -1.0 -1.0 -1.0 1.782 1.582 4.685 1319.287 0.822 1461.222 -0.5254662778995581 1.0
9.0 0.0 Car -1.0 -1.0 -1.0 -1.0 -1.0 -1.0 -1.0 1.648 1.475 4.145 1338.451 0.791 1450.947 -0.4966683452402374 1.0
10.0 6.0 Car -1.0 -1.0 -1.0 -1.0 -1.0 -1.0 -1.0 1.717 1.56 4.333 1299.689 0.8 1472.527 -0.5166349118834269 1.0
10.0 1.0 Car -1.0 -1.0 -1.0 -1.0 -1.0 -1.0 -1.0 1.928 1.576 4.673 1309.11 0.798 1467.068 -0.5071577740473651 1.0
10.0 5.0 Car -1.0 -1.0 -1.0 -1.0 -1.0 -1.0 -1.0 1.81 1.684 4.928 1349.553 1.046 1448.959 -0.5084318643986867 1.0
10.0 4.0 Car -1.0 -1.0 -1.0 -1.0 -1.0 -1.0 -1.0 1.996 1.836 4.596 1315.436 0.855 1467.492 -0.49918161936348376 1.0
10.0 3.0 Car -1.0 -1.0 -1.0 -1.0 -1.0 -1.0 -1.0 1.806 1.786 4.386 1365.522 1.191 1435.668 -0.5032049122721007 1.0
10.0 2.0 Car -1.0 -1.0 -1.0 -1.0 -1.0 -1.0 -1.0 1.782 1.582 4.685 1322.124 0.757 1459.673 -0.5254662778995581 1.0
10.0 0.0 Car -1.0 -1.0 -1.0 -1.0 -1.0 -1.0 -1.0 1.648 1.475 4.145 1341.721 0.744 1449.065 -0.4966683452402374 1.0
11.0 6.0 Car -1.0 -1.0 -1.0 -1.0 -1.0 -1.0 -1.0 1.717 1.56 4.333 1301.66 0.8 1471.378 -0.5166349118834269 1.0
11.0 1.0 Car -1.0 -1.0 -1.0 -1.0 -1.0 -1.0 -1.0 1.928 1.576 4.673 1311.769 0.877 1465.662 -0.5071577740473651 1.0
11.0 5.0 Car -1.0 -1.0 -1.0 -1.0 -1.0 -1.0 -1.0 1.81 1.684 4.928 1353.408 1.057 1446.759 -0.5084318643986867 1.0
11.0 4.0 Car -1.0 -1.0 -1.0 -1.0 -1.0 -1.0 -1.0 1.996 1.836 4.596 1318.151 0.869 1465.975 -0.5013904388948123 1.0
11.0 3.0 Car -1.0 -1.0 -1.0 -1.0 -1.0 -1.0 -1.0 1.806 1.786 4.386 1370.502 1.215 1432.985 -0.4973860460981214 1.0
11.0 2.0 Car -1.0 -1.0 -1.0 -1.0 -1.0 -1.0 -1.0 1.782 1.582 4.685 1325.43 0.763 1457.86 -0.5254662778995581 1.0
11.0 0.0 Car -1.0 -1.0 -1.0 -1.0 -1.0 -1.0 -1.0 1.648 1.475 4.145 1345.384 0.704 1447.04 -0.5022988778107096 1.0
12.0 6.0 Car -1.0 -1.0 -1.0 -1.0 -1.0 -1.0 -1.0 1.717 1.56 4.333 1304.465 0.713 1469.779 -0.5166349118834269 1.0
12.0 1.0 Car -1.0 -1.0 -1.0 -1.0 -1.0 -1.0 -1.0 1.928 1.576 4.673 1314.697 0.666 1463.856 -0.48970448152742213 1.0
12.0 5.0 Car -1.0 -1.0 -1.0 -1.0 -1.0 -1.0 -1.0 1.81 1.684 4.928 1357.652 1.07 1444.336 -0.5084318643986867 1.0
12.0 4.0 Car -1.0 -1.0 -1.0 -1.0 -1.0 -1.0 -1.0 1.996 1.836 4.596 1321.14 0.885 1464.304 -0.5038226918078514 1.0
12.0 3.0 Car -1.0 -1.0 -1.0 -1.0 -1.0 -1.0 -1.0 1.806 1.786 4.386 1376.154 1.241 1429.94 -0.4909785718787436 1.0
12.0 2.0 Car -1.0 -1.0 -1.0 -1.0 -1.0 -1.0 -1.0 1.782 1.582 4.685 1329.076 0.705 1455.714 -0.5254662778995581 1.0
12.0 0.0 Car -1.0 -1.0 -1.0 -1.0 -1.0 -1.0 -1.0 1.648 1.475 4.145 1349.641 0.809 1444.623 -0.5084989675202816 1.0
13.0 6.0 Car -1.0 -1.0 -1.0 -1.0 -1.0 -1.0 -1.0 1.717 1.56 4.333 1307.008 0.759 1468.328 -0.5166349118834269 1.0
13.0 1.0 Car -1.0 -1.0 -1.0 -1.0 -1.0 -1.0 -1.0 1.928 1.576 4.673 1317.675 0.674 1462.097 -0.5246110665673082 1.0
13.0 5.0 Car -1.0 -1.0 -1.0 -1.0 -1.0 -1.0 -1.0 1.81 1.684 4.928 1361.862 1.081 1442.041 -0.5084318643986867 1.0
13.0 4.0 Car -1.0 -1.0 -1.0 -1.0 -1.0 -1.0 -1.0 1.996 1.836 4.596 1324.176 0.9 1462.61 -0.5060284270005114 1.0
13.0 3.0 Car -1.0 -1.0 -1.0 -1.0 -1.0 -1.0 -1.0 1.806 1.786 4.386 1381.313 1.173 1427.173 -0.4909785718787436 1.0
13.0 2.0 Car -1.0 -1.0 -1.0 -1.0 -1.0 -1.0 -1.0 1.782 1.582 4.685 1332.635 0.852 1453.688 -0.5254662778995581 1.0
13.0 0.0 Car -1.0 -1.0 -1.0 -1.0 -1.0 -1.0 -1.0 1.648 1.475 4.145 1353.643 0.819 1442.411 -0.4966683452402374 1.0
14.0 6.0 Car -1.0 -1.0 -1.0 -1.0 -1.0 -1.0 -1.0 1.717 1.56 4.333 1309.56 0.805 1466.872 -0.5166349118834269 1.0
14.0 1.0 Car -1.0 -1.0 -1.0 -1.0 -1.0 -1.0 -1.0 1.928 1.576 4.673 1320.975 0.832 1460.294 -0.48970448152742213 1.0
14.0 5.0 Car -1.0 -1.0 -1.0 -1.0 -1.0 -1.0 -1.0 1.81 1.684 4.928 1365.943 1.075 1439.78 -0.5084318643986867 1.0
14.0 4.0 Car -1.0 -1.0 -1.0 -1.0 -1.0 -1.0 -1.0 1.996 1.836 4.596 1327.26 0.94 1460.889 -0.5025995675092929 1.0
14.0 3.0 Car -1.0 -1.0 -1.0 -1.0 -1.0 -1.0 -1.0 1.806 1.786 4.386 1386.489 1.105 1424.396 -0.4909785718787436 1.0
14.0 2.0 Car -1.0 -1.0 -1.0 -1.0 -1.0 -1.0 -1.0 1.782 1.582 4.685 1336.358 0.789 1451.663 -0.5254662778995581 1.0
14.0 0.0 Car -1.0 -1.0 -1.0 -1.0 -1.0 -1.0 -1.0 1.648 1.475 4.145 1357.802 0.844 1440.146 -0.48504295841830064 1.0
15.0 6.0 Car -1.0 -1.0 -1.0 -1.0 -1.0 -1.0 -1.0 1.717 1.56 4.333 1312.104 0.85 1465.421 -0.5166349118834269 1.0
15.0 1.0 Car -1.0 -1.0 -1.0 -1.0 -1.0 -1.0 -1.0 1.928 1.576 4.673 1324.471 0.84 1458.353 -0.5071577740473651 1.0
15.0 5.0 Car -1.0 -1.0 -1.0 -1.0 -1.0 -1.0 -1.0 1.81 1.684 4.928 1370.252 1.069 1437.332 -0.5084318643986867 1.0
15.0 4.0 Car -1.0 -1.0 -1.0 -1.0 -1.0 -1.0 -1.0 1.996 1.836 4.596 1330.284 0.955 1459.201 -0.49918161936348376 1.0
15.0 3.0 Car -1.0 -1.0 -1.0 -1.0 -1.0 -1.0 -1.0 1.806 1.786 4.386 1391.648 1.112 1421.629 -0.4909785718787436 1.0
15.0 2.0 Car -1.0 -1.0 -1.0 -1.0 -1.0 -1.0 -1.0 1.782 1.582 4.685 1340.233 0.761 1449.445 -0.5254662778995581 1.0
15.0 0.0 Car -1.0 -1.0 -1.0 -1.0 -1.0 -1.0 -1.0 1.648 1.475 4.145 1361.998 0.869 1437.864 -0.4995739604191614 1.0
16.0 6.0 Car -1.0 -1.0 -1.0 -1.0 -1.0 -1.0 -1.0 1.717 1.56 4.333 1314.948 0.825 1463.827 -0.5035494418350188 1.0
16.0 1.0 Car -1.0 -1.0 -1.0 -1.0 -1.0 -1.0 -1.0 1.928 1.576 4.673 1328.142 0.898 1456.311 -0.5071577740473651 1.0
16.0 5.0 Car -1.0 -1.0 -1.0 -1.0 -1.0 -1.0 -1.0 1.81 1.684 4.928 1374.566 1.064 1434.882 -0.5084318643986867 1.0
16.0 4.0 Car -1.0 -1.0 -1.0 -1.0 -1.0 -1.0 -1.0 1.996 1.836 4.596 1333.377 0.93 1457.492 -0.5044136881818799 1.0
16.0 3.0 Car -1.0 -1.0 -1.0 -1.0 -1.0 -1.0 -1.0 1.806 1.786 4.386 1397.331 1.085 1418.525 -0.4909785718787436 1.0
16.0 2.0 Car -1.0 -1.0 -1.0 -1.0 -1.0 -1.0 -1.0 1.782 1.582 4.685 1344.191 0.701 1447.346 -0.5254662778995581 1.0
16.0 0.0 Car -1.0 -1.0 -1.0 -1.0 -1.0 -1.0 -1.0 1.648 1.475 4.145 1366.515 0.795 1435.376 -0.4966683452402374 1.0
17.0 6.0 Car -1.0 -1.0 -1.0 -1.0 -1.0 -1.0 -1.0 1.717 1.56 4.333 1318.213 0.85 1462.0 -0.4904501766386566 1.0
17.0 1.0 Car -1.0 -1.0 -1.0 -1.0 -1.0 -1.0 -1.0 1.928 1.576 4.673 1331.937 0.807 1454.092 -0.5071577740473651 1.0
17.0 5.0 Car -1.0 -1.0 -1.0 -1.0 -1.0 -1.0 -1.0 1.81 1.684 4.928 1379.061 1.01 1432.468 -0.5127987261094207 1.0
17.0 4.0 Car -1.0 -1.0 -1.0 -1.0 -1.0 -1.0 -1.0 1.996 1.836 4.596 1336.529 0.904 1455.752 -0.509651272825324 1.0
17.0 3.0 Car -1.0 -1.0 -1.0 -1.0 -1.0 -1.0 -1.0 1.806 1.786 4.386 1403.02 1.059 1415.417 -0.4909785718787436 0.0
17.0 2.0 Car -1.0 -1.0 -1.0 -1.0 -1.0 -1.0 -1.0 1.782 1.582 4.685 1348.365 0.709 1445.069 -0.5254662778995581 1.0
17.0 0.0 Car -1.0 -1.0 -1.0 -1.0 -1.0 -1.0 -1.0 1.648 1.475 4.145 1370.874 0.746 1432.916 -0.5001619960121007 1.0
18.0 6.0 Car -1.0 -1.0 -1.0 -1.0 -1.0 -1.0 -1.0 1.717 1.56 4.333 1321.914 0.875 1459.861 -0.49481836222451214 1.0
18.0 1.0 Car -1.0 -1.0 -1.0 -1.0 -1.0 -1.0 -1.0 1.928 1.576 4.673 1335.893 0.815 1451.784 -0.5071577740473651 1.0
18.0 5.0 Car -1.0 -1.0 -1.0 -1.0 -1.0 -1.0 -1.0 1.81 1.684 4.928 1383.552 0.955 1430.056 -0.5171609540682995 1.0
18.0 4.0 Car -1.0 -1.0 -1.0 -1.0 -1.0 -1.0 -1.0 1.996 1.836 4.596 1339.887 0.904 1453.895 -0.5061613208501169 1.0
18.0 3.0 Car -1.0 -1.0 -1.0 -1.0 -1.0 -1.0 -1.0 1.806 1.786 4.386 1408.703 1.033 1412.312 -0.4909785718787436 0.0
18.0 2.0 Car -1.0 -1.0 -1.0 -1.0 -1.0 -1.0 -1.0 1.782 1.582 4.685 1352.724 0.734 1442.644 -0.5254662778995581 1.0
18.0 0.0 Car -1.0 -1.0 -1.0 -1.0 -1.0 -1.0 -1.0 1.648 1.475 4.145 1375.257 0.698 1430.504 -0.503651939611212 1.0
19.0 6.0 Car -1.0 -1.0 -1.0 -1.0 -1.0 -1.0 -1.0 1.717 1.56 4.333 1325.611 0.9 1457.725 -0.49918161936348376 1.0
19.0 1.0 Car -1.0 -1.0 -1.0 -1.0 -1.0 -1.0 -1.0 1.928 1.576 4.673 1340.09 0.723 1449.342 -0.5071577740473651 1.0
19.0 5.0 Car -1.0 -1.0 -1.0 -1.0 -1.0 -1.0 -1.0 1.81 1.684 4.928 1388.125 0.901 1427.596 -0.521518260302044 1.0
19.0 4.0 Car -1.0 -1.0 -1.0 -1.0 -1.0 -1.0 -1.0 1.996 1.836 4.596 1343.268 0.904 1452.024 -0.5026753064463789 1.0
19.0 3.0 Car -1.0 -1.0 -1.0 -1.0 -1.0 -1.0 -1.0 1.806 1.786 4.386 1414.238 0.973 1409.119 -0.5026012619958813 0.0
19.0 2.0 Car -1.0 -1.0 -1.0 -1.0 -1.0 -1.0 -1.0 1.782 1.582 4.685 1357.089 0.769 1440.277 -0.5254662778995581 1.0
19.0 0.0 Car -1.0 -1.0 -1.0 -1.0 -1.0 -1.0 -1.0 1.648 1.475 4.145 1379.687 0.65 1428.165 -0.5071379456483043 1.0
20.0 6.0 Car -1.0 -1.0 -1.0 -1.0 -1.0 -1.0 -1.0 1.717 1.56 4.333 1329.873 0.96 1455.444 -0.49568948841708727 1.0
20.0 1.0 Car -1.0 -1.0 -1.0 -1.0 -1.0 -1.0 -1.0 1.928 1.576 4.673 1344.275 0.731 1447.049 -0.5071577740473651 1.0
20.0 5.0 Car -1.0 -1.0 -1.0 -1.0 -1.0 -1.0 -1.0 1.81 1.684 4.928 1392.582 0.83 1425.047 -0.5258851569186297 1.0
20.0 4.0 Car -1.0 -1.0 -1.0 -1.0 -1.0 -1.0 -1.0 1.996 1.836 4.596 1346.677 0.904 1450.14 -0.49918161936348376 1.0
20.0 3.0 Car -1.0 -1.0 -1.0 -1.0 -1.0 -1.0 -1.0 1.806 1.786 4.386 1419.784 0.913 1405.918 -0.5142493195549922 0.0
20.0 2.0 Car -1.0 -1.0 -1.0 -1.0 -1.0 -1.0 -1.0 1.782 1.582 4.685 1361.496 0.749 1437.887 -0.5254662778995581 1.0
20.0 0.0 Car -1.0 -1.0 -1.0 -1.0 -1.0 -1.0 -1.0 1.648 1.475 4.145 1384.126 0.652 1425.697 -0.47572503930625354 1.0
21.0 6.0 Car -1.0 -1.0 -1.0 -1.0 -1.0 -1.0 -1.0 1.717 1.56 4.333 1334.131 0.958 1453.166 -0.4922010211307101 1.0
21.0 1.0 Car -1.0 -1.0 -1.0 -1.0 -1.0 -1.0 -1.0 1.928 1.576 4.673 1348.574 0.789 1444.586 -0.5071577740473651 1.0
21.0 5.0 Car -1.0 -1.0 -1.0 -1.0 -1.0 -1.0 -1.0 1.81 1.684 4.928 1397.271 0.842 1422.481 -0.5258851569186297 1.0
21.0 4.0 Car -1.0 -1.0 -1.0 -1.0 -1.0 -1.0 -1.0 1.996 1.836 4.596 1350.242 0.946 1448.165 -0.5035426633693603 1.0
21.0 3.0 Car -1.0 -1.0 -1.0 -1.0 -1.0 -1.0 -1.0 1.806 1.786 4.386 1425.325 0.854 1402.721 -0.5258851569186297 0.0
21.0 2.0 Car -1.0 -1.0 -1.0 -1.0 -1.0 -1.0 -1.0 1.782 1.582 4.685 1366.065 0.726 1435.385 -0.5254662778995581 1.0
21.0 0.0 Car -1.0 -1.0 -1.0 -1.0 -1.0 -1.0 -1.0 1.648 1.475 4.145 1388.531 0.654 1423.181 -0.4966683452402374 1.0
22.0 6.0 Car -1.0 -1.0 -1.0 -1.0 -1.0 -1.0 -1.0 1.717 1.56 4.333 1338.393 0.955 1450.886 -0.488708952989914 1.0
22.0 1.0 Car -1.0 -1.0 -1.0 -1.0 -1.0 -1.0 -1.0 1.928 1.576 4.673 1352.975 0.848 1442.102 -0.5071577740473651 1.0
22.0 5.0 Car -1.0 -1.0 -1.0 -1.0 -1.0 -1.0 -1.0 1.81 1.684 4.928 1401.964 0.855 1419.912 -0.5258851569186297 1.0
22.0 4.0 Car -1.0 -1.0 -1.0 -1.0 -1.0 -1.0 -1.0 1.996 1.836 4.596 1353.811 0.988 1446.189 -0.5079082089179748 1.0
22.0 3.0 Car -1.0 -1.0 -1.0 -1.0 -1.0 -1.0 -1.0 1.806 1.786 4.386 1430.957 0.878 1399.587 -0.5317057335565738 0.0
22.0 2.0 Car -1.0 -1.0 -1.0 -1.0 -1.0 -1.0 -1.0 1.782 1.582 4.685 1370.512 0.703 1432.955 -0.5254662778995581 1.0
22.0 0.0 Car -1.0 -1.0 -1.0 -1.0 -1.0 -1.0 -1.0 1.648 1.475 4.145 1392.972 0.621 1420.767 -0.4835794464289198 1.0
23.0 6.0 Car -1.0 -1.0 -1.0 -1.0 -1.0 -1.0 -1.0 1.717 1.56 4.333 1342.65 0.953 1448.608 -0.4852206043363378 1.0
23.0 1.0 Car -1.0 -1.0 -1.0 -1.0 -1.0 -1.0 -1.0 1.928 1.576 4.673 1356.973 0.806 1439.806 -0.5071577740473651 1.0
23.0 5.0 Car -1.0 -1.0 -1.0 -1.0 -1.0 -1.0 -1.0 1.81 1.684 4.928 1406.653 0.867 1417.346 -0.5258851569186297 1.0
23.0 4.0 Car -1.0 -1.0 -1.0 -1.0 -1.0 -1.0 -1.0 1.996 1.836 4.596 1357.375 1.031 1444.214 -0.5122691046172111 1.0
23.0 3.0 Car -1.0 -1.0 -1.0 -1.0 -1.0 -1.0 -1.0 1.806 1.786 4.386 1436.582 0.901 1396.456 -0.53751881793232 0.0
23.0 2.0 Car -1.0 -1.0 -1.0 -1.0 -1.0 -1.0 -1.0 1.782 1.582 4.685 1374.817 0.712 1430.628 -0.5254662778995581 1.0
23.0 0.0 Car -1.0 -1.0 -1.0 -1.0 -1.0 -1.0 -1.0 1.648 1.475 4.145 1397.416 0.638 1418.382 -0.4762993679046454 1.0
24.0 6.0 Car -1.0 -1.0 -1.0 -1.0 -1.0 -1.0 -1.0 1.717 1.56 4.333 1346.913 0.95 1446.327 -0.4817283268435406 1.0
24.0 1.0 Car -1.0 -1.0 -1.0 -1.0 -1.0 -1.0 -1.0 1.928 1.576 4.673 1361.192 0.864 1437.638 -0.5071577740473651 1.0
24.0 5.0 Car -1.0 -1.0 -1.0 -1.0 -1.0 -1.0 -1.0 1.81 1.684 4.928 1411.396 0.838 1414.592 -0.5258851569186297 1.0
24.0 4.0 Car -1.0 -1.0 -1.0 -1.0 -1.0 -1.0 -1.0 1.996 1.836 4.596 1360.99 1.073 1442.211 -0.5166349118834269 1.0
24.0 3.0 Car -1.0 -1.0 -1.0 -1.0 -1.0 -1.0 -1.0 1.806 1.786 4.386 1442.213 0.925 1393.322 -0.5433384494385729 0.0
24.0 2.0 Car -1.0 -1.0 -1.0 -1.0 -1.0 -1.0 -1.0 1.782 1.582 4.685 1378.815 0.726 1428.38 -0.5254662778995581 1.0
24.0 0.0 Car -1.0 -1.0 -1.0 -1.0 -1.0 -1.0 -1.0 1.648 1.475 4.145 1401.804 0.679 1415.98 -0.47775755041904633 1.0
25.0 6.0 Car -1.0 -1.0 -1.0 -1.0 -1.0 -1.0 -1.0 1.717 1.56 4.333 1350.943 0.967 1444.096 -0.4817283268435406 1.0
25.0 1.0 Car -1.0 -1.0 -1.0 -1.0 -1.0 -1.0 -1.0 1.928 1.576 4.673 1365.364 0.872 1435.388 -0.5071577740473651 1.0
25.0 5.0 Car -1.0 -1.0 -1.0 -1.0 -1.0 -1.0 -1.0 1.81 1.684 4.928 1416.139 0.808 1411.837 -0.5258851569186297 1.0
25.0 4.0 Car -1.0 -1.0 -1.0 -1.0 -1.0 -1.0 -1.0 1.996 1.836 4.596 1364.563 1.053 1440.231 -0.49918161936348376 1.0
25.0 3.0 Car -1.0 -1.0 -1.0 -1.0 -1.0 -1.0 -1.0 1.806 1.786 4.386 1447.446 0.932 1390.405 -0.5433384494385729 0.0
25.0 2.0 Car -1.0 -1.0 -1.0 -1.0 -1.0 -1.0 -1.0 1.782 1.582 4.685 1382.403 0.734 1426.371 -0.5254662778995581 1.0
25.0 0.0 Car -1.0 -1.0 -1.0 -1.0 -1.0 -1.0 -1.0 1.648 1.475 4.145 1406.173 0.671 1413.456 -0.4792150527202943 1.0
26.0 6.0 Car -1.0 -1.0 -1.0 -1.0 -1.0 -1.0 -1.0 1.717 1.56 4.333 1354.97 0.983 1441.867 -0.4817283268435406 1.0
26.0 1.0 Car -1.0 -1.0 -1.0 -1.0 -1.0 -1.0 -1.0 1.928 1.576 4.673 1369.566 0.83 1433.265 -0.5071577740473651 1.0
26.0 5.0 Car -1.0 -1.0 -1.0 -1.0 -1.0 -1.0 -1.0 1.81 1.684 4.928 1420.877 0.854 1409.086 -0.5258851569186297 1.0
26.0 4.0 Car -1.0 -1.0 -1.0 -1.0 -1.0 -1.0 -1.0 1.996 1.836 4.596 1368.086 1.061 1438.301 -0.49918161936348376 1.0
26.0 3.0 Car -1.0 -1.0 -1.0 -1.0 -1.0 -1.0 -1.0 1.806 1.786 4.386 1452.674 0.939 1387.491 -0.5433384494385729 0.0
26.0 2.0 Car -1.0 -1.0 -1.0 -1.0 -1.0 -1.0 -1.0 1.782 1.582 4.685 1385.73 0.714 1424.512 -0.5254662778995581 1.0
26.0 0.0 Car -1.0 -1.0 -1.0 -1.0 -1.0 -1.0 -1.0 1.648 1.475 4.145 1410.604 0.638 1411.111 -0.4792154542468054 1.0
27.0 6.0 Car -1.0 -1.0 -1.0 -1.0 -1.0 -1.0 -1.0 1.717 1.56 4.333 1358.996 1.0 1439.638 -0.4817283268435406 0.0
27.0 1.0 Car -1.0 -1.0 -1.0 -1.0 -1.0 -1.0 -1.0 1.928 1.576 4.673 1373.777 0.839 1431.03 -0.5071577740473651 0.0
27.0 5.0 Car -1.0 -1.0 -1.0 -1.0 -1.0 -1.0 -1.0 1.81 1.684 4.928 1425.55 0.809 1406.529 -0.5258851569186297 0.0
27.0 4.0 Car -1.0 -1.0 -1.0 -1.0 -1.0 -1.0 -1.0 1.996 1.836 4.596 1371.651 1.069 1436.348 -0.49918161936348376 0.0
27.0 3.0 Car -1.0 -1.0 -1.0 -1.0 -1.0 -1.0 -1.0 1.806 1.786 4.386 1459.017 0.946 1383.797 -0.5433384494385729 0.0
27.0 2.0 Car -1.0 -1.0 -1.0 -1.0 -1.0 -1.0 -1.0 1.782 1.582 4.685 1388.761 0.695 1422.825 -0.5254662778995581 0.0
27.0 0.0 Car -1.0 -1.0 -1.0 -1.0 -1.0 -1.0 -1.0 1.648 1.475 4.145 1414.974 0.605 1408.604 -0.4792150527202943 0.0
28.0 6.0 Car -1.0 -1.0 -1.0 -1.0 -1.0 -1.0 -1.0 1.717 1.56 4.333 1363.027 0.975 1437.406 -0.4817283268435406 0.0
28.0 1.0 Car -1.0 -1.0 -1.0 -1.0 -1.0 -1.0 -1.0 1.928 1.576 4.673 1377.512 0.847 1429.023 -0.5071577740473651 0.0
28.0 5.0 Car -1.0 -1.0 -1.0 -1.0 -1.0 -1.0 -1.0 1.81 1.684 4.928 1430.229 0.763 1403.968 -0.5258851569186297 0.0
28.0 4.0 Car -1.0 -1.0 -1.0 -1.0 -1.0 -1.0 -1.0 1.996 1.836 4.596 1375.201 1.078 1434.402 -0.49918161936348376 0.0
28.0 3.0 Car -1.0 -1.0 -1.0 -1.0 -1.0 -1.0 -1.0 1.806 1.786 4.386 1462.991 0.928 1381.57 -0.5433384494385729 0.0
28.0 2.0 Car -1.0 -1.0 -1.0 -1.0 -1.0 -1.0 -1.0 1.782 1.582 4.685 1391.387 0.713 1421.125 -0.5952794479793306 0.0
28.0 0.0 Car -1.0 -1.0 -1.0 -1.0 -1.0 -1.0 -1.0 1.648 1.475 4.145 1419.235 0.622 1406.281 -0.48794888950668724 0.0
29.0 6.0 Car -1.0 -1.0 -1.0 -1.0 -1.0 -1.0 -1.0 1.717 1.56 4.333 1367.053 0.95 1435.177 -0.4817283268435406 0.0
29.0 1.0 Car -1.0 -1.0 -1.0 -1.0 -1.0 -1.0 -1.0 1.928 1.576 4.673 1380.927 0.805 1427.158 -0.5071577740473651 0.0
29.0 5.0 Car -1.0 -1.0 -1.0 -1.0 -1.0 -1.0 -1.0 1.81 1.684 4.928 1434.959 0.718 1401.339 -0.5258851569186297 0.0
29.0 4.0 Car -1.0 -1.0 -1.0 -1.0 -1.0 -1.0 -1.0 1.996 1.836 4.596 1378.775 1.086 1432.444 -0.49918161936348376 0.0
29.0 2.0 Car -1.0 -1.0 -1.0 -1.0 -1.0 -1.0 -1.0 1.782 1.582 4.685 1393.804 0.731 1419.281 -0.665092618059103 0.0
29.0 0.0 Car -1.0 -1.0 -1.0 -1.0 -1.0 -1.0 -1.0 1.648 1.475 4.145 1423.492 0.622 1403.961 -0.47921973005301494 0.0
30.0 6.0 Car -1.0 -1.0 -1.0 -1.0 -1.0 -1.0 -1.0 1.717 1.56 4.333 1370.984 0.975 1433.133 -0.48931980862766045 0.0
30.0 1.0 Car -1.0 -1.0 -1.0 -1.0 -1.0 -1.0 -1.0 1.928 1.576 4.673 1384.51 0.963 1425.2 -0.5071577740473651 0.0
30.0 5.0 Car -1.0 -1.0 -1.0 -1.0 -1.0 -1.0 -1.0 1.81 1.684 4.928 1439.449 0.756 1398.791 -0.5258851569186297 0.0
30.0 4.0 Car -1.0 -1.0 -1.0 -1.0 -1.0 -1.0 -1.0 1.996 1.836 4.596 1382.381 1.094 1430.469 -0.49918161936348376 0.0
30.0 2.0 Car -1.0 -1.0 -1.0 -1.0 -1.0 -1.0 -1.0 1.782 1.582 4.685 1395.729 0.74 1417.319 -0.8310829854130509 0.0
30.0 0.0 Car -1.0 -1.0 -1.0 -1.0 -1.0 -1.0 -1.0 1.648 1.475 4.145 1427.754 0.547 1401.638 -0.4792367665179631 0.0
31.0 6.0 Car -1.0 -1.0 -1.0 -1.0 -1.0 -1.0 -1.0 1.717 1.56 4.333 1374.722 1.0 1431.157 -0.49689445203895716 0.0
31.0 1.0 Car -1.0 -1.0 -1.0 -1.0 -1.0 -1.0 -1.0 1.928 1.576 4.673 1388.167 0.821 1423.201 -0.5071577740473651 0.0
31.0 5.0 Car -1.0 -1.0 -1.0 -1.0 -1.0 -1.0 -1.0 1.81 1.684 4.928 1443.929 0.743 1396.248 -0.5258851569186297 0.0
31.0 4.0 Car -1.0 -1.0 -1.0 -1.0 -1.0 -1.0 -1.0 1.996 1.836 4.596 1385.895 1.113 1428.544 -0.5027416945095466 0.0
31.0 2.0 Car -1.0 -1.0 -1.0 -1.0 -1.0 -1.0 -1.0 1.782 1.582 4.685 1397.314 0.749 1415.06 -0.9967051759380219 0.0
31.0 0.0 Car -1.0 -1.0 -1.0 -1.0 -1.0 -1.0 -1.0 1.648 1.475 4.145 1432.006 0.623 1399.321 -0.4966683452402374 0.0
32.0 6.0 Car -1.0 -1.0 -1.0 -1.0 -1.0 -1.0 -1.0 1.717 1.56 4.333 1378.265 1.025 1428.948 -0.5044688679046754 0.0
32.0 1.0 Car -1.0 -1.0 -1.0 -1.0 -1.0 -1.0 -1.0 1.928 1.576 4.673 1391.905 0.83 1421.156 -0.5071577740473651 0.0
32.0 5.0 Car -1.0 -1.0 -1.0 -1.0 -1.0 -1.0 -1.0 1.81 1.684 4.928 1448.481 0.756 1393.819 -0.505523574106634 0.0
32.0 4.0 Car -1.0 -1.0 -1.0 -1.0 -1.0 -1.0 -1.0 1.996 1.836 4.596 1389.34 1.131 1426.657 -0.5063016627094057 0.0
32.0 2.0 Car -1.0 -1.0 -1.0 -1.0 -1.0 -1.0 -1.0 1.782 1.582 4.685 1398.241 0.758 1413.068 -1.161658049950117 0.0
32.0 0.0 Car -1.0 -1.0 -1.0 -1.0 -1.0 -1.0 -1.0 1.648 1.475 4.145 1436.162 0.626 1397.007 -0.48368724693433235 0.0
33.0 6.0 Car -1.0 -1.0 -1.0 -1.0 -1.0 -1.0 -1.0 1.717 1.56 4.333 1381.951 1.05 1427.015 -0.5032734069607456 0.0
33.0 1.0 Car -1.0 -1.0 -1.0 -1.0 -1.0 -1.0 -1.0 1.928 1.576 4.673 1396.059 0.838 1418.881 -0.5071577740473651 0.0
33.0 5.0 Car -1.0 -1.0 -1.0 -1.0 -1.0 -1.0 -1.0 1.81 1.684 4.928 1453.068 0.719 1391.371 -0.5200652388414589 0.0
33.0 4.0 Car -1.0 -1.0 -1.0 -1.0 -1.0 -1.0 -1.0 1.996 1.836 4.596 1392.92 1.149 1424.697 -0.5098657162542564 0.0
33.0 2.0 Car -1.0 -1.0 -1.0 -1.0 -1.0 -1.0 -1.0 1.782 1.582 4.685 1398.783 0.839 1411.084 -1.3268002204277667 0.0
33.0 0.0 Car -1.0 -1.0 -1.0 -1.0 -1.0 -1.0 -1.0 1.648 1.475 4.145 1440.411 0.612 1394.774 -0.49418440970293626 0.0
34.0 6.0 Car -1.0 -1.0 -1.0 -1.0 -1.0 -1.0 -1.0 1.717 1.56 4.333 1385.636 1.075 1425.082 -0.5020779675400631 0.0
34.0 1.0 Car -1.0 -1.0 -1.0 -1.0 -1.0 -1.0 -1.0 1.928 1.576 4.673 1400.431 0.896 1416.484 -0.5071577740473651 0.0
34.0 5.0 Car -1.0 -1.0 -1.0 -1.0 -1.0 -1.0 -1.0 1.81 1.684 4.928 1457.655 0.732 1388.923 -0.5433384494385729 0.0
34.0 4.0 Car -1.0 -1.0 -1.0 -1.0 -1.0 -1.0 -1.0 1.996 1.836 4.596 1396.529 1.168 1422.72 -0.5134297056313848 0.0
34.0 2.0 Car -1.0 -1.0 -1.0 -1.0 -1.0 -1.0 -1.0 1.782 1.582 4.685 1398.962 0.884 1409.26 -1.4919394176625023 0.0
34.0 0.0 Car -1.0 -1.0 -1.0 -1.0 -1.0 -1.0 -1.0 1.648 1.475 4.145 1444.66 0.672 1392.542 -0.46977479843925574 0.0
35.0 6.0 Car -1.0 -1.0 -1.0 -1.0 -1.0 -1.0 -1.0 1.717 1.56 4.333 1388.951 1.097 1423.344 -0.5010028717696611 0.0
35.0 1.0 Car -1.0 -1.0 -1.0 -1.0 -1.0 -1.0 -1.0 1.928 1.576 4.673 1404.473 0.853 1414.268 -0.5071577740473651 0.0
35.0 5.0 Car -1.0 -1.0 -1.0 -1.0 -1.0 -1.0 -1.0 1.81 1.684 4.928 1461.605 0.744 1386.769 -0.4909785718787436 0.0
35.0 4.0 Car -1.0 -1.0 -1.0 -1.0 -1.0 -1.0 -1.0 1.996 1.836 4.596 1399.825 1.184 1420.914 -0.5166349118834269 0.0
35.0 2.0 Car -1.0 -1.0 -1.0 -1.0 -1.0 -1.0 -1.0 1.782 1.582 4.685 1398.763 0.991 1407.633 -1.5991599445359237 0.0
35.0 0.0 Car -1.0 -1.0 -1.0 -1.0 -1.0 -1.0 -1.0 1.648 1.475 4.145 1448.443 0.741 1390.458 -0.4617617602003512 0.0
36.0 6.0 Car -1.0 -1.0 -1.0 -1.0 -1.0 -1.0 -1.0 1.717 1.56 4.333 1393.323 1.122 1420.869 -0.4823541302631477 0.0
36.0 1.0 Car -1.0 -1.0 -1.0 -1.0 -1.0 -1.0 -1.0 1.928 1.576 4.673 1409.156 0.862 1411.627 -0.5071577740473651 0.0
36.0 5.0 Car -1.0 -1.0 -1.0 -1.0 -1.0 -1.0 -1.0 1.81 1.684 4.928 1466.087 0.756 1384.453 -0.5258851569186297 0.0
36.0 4.0 Car -1.0 -1.0 -1.0 -1.0 -1.0 -1.0 -1.0 1.996 1.836 4.596 1403.5 1.203 1418.834 -0.512272816977931 0.0
36.0 2.0 Car -1.0 -1.0 -1.0 -1.0 -1.0 -1.0 -1.0 1.782 1.582 4.685 1398.373 1.155 1406.053 -1.7183834348696456 0.0
36.0 0.0 Car -1.0 -1.0 -1.0 -1.0 -1.0 -1.0 -1.0 1.648 1.475 4.145 1452.59 0.683 1388.342 -0.4617618183921528 0.0
37.0 6.0 Car -1.0 -1.0 -1.0 -1.0 -1.0 -1.0 -1.0 1.717 1.56 4.333 1397.41 1.147 1418.618 -0.49861198814535207 0.0
37.0 1.0 Car -1.0 -1.0 -1.0 -1.0 -1.0 -1.0 -1.0 1.928 1.576 4.673 1414.029 0.87 1408.88 -0.5071577740473651 0.0
37.0 5.0 Car -1.0 -1.0 -1.0 -1.0 -1.0 -1.0 -1.0 1.81 1.684 4.928 1470.369 0.769 1381.895 -0.5258851569186297 0.0
37.0 4.0 Car -1.0 -1.0 -1.0 -1.0 -1.0 -1.0 -1.0 1.996 1.836 4.596 1407.238 1.221 1416.863 -0.5079107744301394 0.0
37.0 2.0 Car -1.0 -1.0 -1.0 -1.0 -1.0 -1.0 -1.0 1.782 1.582 4.685 1397.803 1.162 1404.486 -1.8376054941780373 0.0
37.0 0.0 Car -1.0 -1.0 -1.0 -1.0 -1.0 -1.0 -1.0 1.648 1.475 4.145 1456.695 0.75 1385.969 -0.470488252251946 0.0
38.0 6.0 Car -1.0 -1.0 -1.0 -1.0 -1.0 -1.0 -1.0 1.717 1.56 4.333 1401.843 1.172 1415.788 -0.4974165367673096 0.0
38.0 1.0 Car -1.0 -1.0 -1.0 -1.0 -1.0 -1.0 -1.0 1.928 1.576 4.673 1418.849 0.878 1406.163 -0.5071577740473651 0.0
38.0 5.0 Car -1.0 -1.0 -1.0 -1.0 -1.0 -1.0 -1.0 1.81 1.684 4.928 1474.615 0.832 1379.513 -0.5258851569186297 0.0
38.0 4.0 Car -1.0 -1.0 -1.0 -1.0 -1.0 -1.0 -1.0 1.996 1.836 4.596 1411.027 1.239 1414.792 -0.5035486707983594 0.0
38.0 2.0 Car -1.0 -1.0 -1.0 -1.0 -1.0 -1.0 -1.0 1.782 1.582 4.685 1396.976 1.403 1402.868 -1.9667509582165974 0.0
38.0 0.0 Car -1.0 -1.0 -1.0 -1.0 -1.0 -1.0 -1.0 1.648 1.475 4.145 1460.612 0.766 1383.787 -0.4792150527202943 0.0
