0.0 3.0 Car -1.0 -1.0 -1.0 -1.0 -1.0 -1.0 -1.0 1.739 1.523 4.62 1342.825 1.0 1296.926 -0.5613327940509931 0.0
0.0 0.0 Car -1.0 -1.0 -1.0 -1.0 -1.0 -1.0 -1.0 2.221 1.861 4.655 1391.096 1.053 1270.127 -0.52225225408037 0.0
0.0 5.0 Car -1.0 -1.0 -1.0 -1.0 -1.0 -1.0 -1.0 1.88 1.711 4.903 1403.502 0.895 1263.413 -0.4110773987207799 0.0
1.0 3.0 Car -1.0 -1.0 -1.0 -1.0 -1.0 -1.0 -1.0 1.739 1.523 4.62 1345.91 1.05 1294.855 -0.5264262090111069 1.0
1.0 0.0 Car -1.0 -1.0 -1.0 -1.0 -1.0 -1.0 -1.0 2.221 1.861 4.655 1395.066 1.037 1267.887 -0.5135256078203985 1.0
1.0 5.0 Car -1.0 -1.0 -1.0 -1.0 -1.0 -1.0 -1.0 1.88 1.711 4.903 1407.192 0.895 1261.366 -0.4110773987207799 1.0
2.0 3.0 Car -1.0 -1.0 -1.0 -1.0 -1.0 -1.0 -1.0 1.739 1.523 4.62 1348.946 1.05 1293.4 -0.5264262090111069 1.0
2.0 0.0 Car -1.0 -1.0 -1.0 -1.0 -1.0 -1.0 -1.0 2.221 1.861 4.655 1399.037 1.022 1265.647 -0.5047989615604269 1.0
2.0 5.0 Car -1.0 -1.0 -1.0 -1.0 -1.0 -1.0 -1.0 1.88 1.711 4.903 1411.022 0.933 1259.197 -0.4110773987207799 1.0
3.0 3.0 Car -1.0 -1.0 -1.0 -1.0 -1.0 -1.0 -1.0 1.739 1.523 4.62 1353.321 1.0 1291.021 -0.5264262090111069 1.0
3.0 0.0 Car -1.0 -1.0 -1.0 -1.0 -1.0 -1.0 -1.0 2.221 1.861 4.655 1403.372 1.022 1263.204 -0.5047989615604269 1.0
3.0 5.0 Car -1.0 -1.0 -1.0 -1.0 -1.0 -1.0 -1.0 1.88 1.711 4.903 1415.175 0.972 1256.924 -0.4110773987207799 1.0
3.0 1.0 Car -1.0 -1.0 -1.0 -1.0 -1.0 -1.0 -1.0 1.781 1.87 5.532 1333.354 1.145 1298.465 -0.4707362432136733 0.0
4.0 4.0 Car -1.0 -1.0 -1.0 -1.0 -1.0 -1.0 -1.0 1.795 1.467 4.606 1415.687 0.569 1270.807 2.660928977801217 0.0
4.0 3.0 Car -1.0 -1.0 -1.0 -1.0 -1.0 -1.0 -1.0 1.739 1.523 4.62 1356.838 0.95 1289.065 -0.5264262090111069 1.0
4.0 0.0 Car -1.0 -1.0 -1.0 -1.0 -1.0 -1.0 -1.0 2.221 1.861 4.655 1407.707 1.022 1260.761 -0.5047989615604269 1.0
4.0 5.0 Car -1.0 -1.0 -1.0 -1.0 -1.0 -1.0 -1.0 1.88 1.711 4.903 1419.234 1.01 1255.281 -0.4110773987207799 1.0
4.0 1.0 Car -1.0 -1.0 -1.0 -1.0 -1.0 -1.0 -1.0 1.781 1.87 5.532 1337.697 1.209 1296.039 -0.4707362432136733 1.0
5.0 4.0 Car -1.0 -1.0 -1.0 -1.0 -1.0 -1.0 -1.0 1.795 1.467 4.606 1413.507 0.569 1271.836 2.660928977801217 1.0
5.0 3.0 Car -1.0 -1.0 -1.0 -1.0 -1.0 -1.0 -1.0 1.739 1.523 4.62 1360.784 0.9 1286.898 -0.5264262090111069 1.0
5.0 0.0 Car -1.0 -1.0 -1.0 -1.0 -1.0 -1.0 -1.0 2.221 1.861 4.655 1412.041 1.022 1258.318 -0.5047989615604269 1.0
5.0 5.0 Car -1.0 -1.0 -1.0 -1.0 -1.0 -1.0 -1.0 1.88 1.711 4.903 1422.736 1.048 1253.107 -0.4110773987207799 1.0
5.0 1.0 Car -1.0 -1.0 -1.0 -1.0 -1.0 -1.0 -1.0 1.781 1.87 5.532 1342.04 1.274 1293.614 -0.4707362432136733 1.0
6.0 4.0 Car -1.0 -1.0 -1.0 -1.0 -1.0 -1.0 -1.0 1.795 1.467 4.606 1411.328 0.569 1272.866 2.660928977801217 1.0
6.0 3.0 Car -1.0 -1.0 -1.0 -1.0 -1.0 -1.0 -1.0 1.739 1.523 4.62 1364.73 0.95 1284.73 -0.5264262090111069 1.0
6.0 0.0 Car -1.0 -1.0 -1.0 -1.0 -1.0 -1.0 -1.0 2.221 1.861 4.655 1415.804 1.072 1256.135 -0.5004356384304414 1.0
6.0 5.0 Car -1.0 -1.0 -1.0 -1.0 -1.0 -1.0 -1.0 1.88 1.711 4.903 1427.113 1.086 1250.405 -0.4110773987207799 1.0
6.0 1.0 Car -1.0 -1.0 -1.0 -1.0 -1.0 -1.0 -1.0 1.781 1.87 5.532 1346.383 1.338 1291.188 -0.4707362432136733 1.0
7.0 4.0 Car -1.0 -1.0 -1.0 -1.0 -1.0 -1.0 -1.0 1.795 1.467 4.606 1409.148 0.569 1273.895 2.660928977801217 0.0
7.0 3.0 Car -1.0 -1.0 -1.0 -1.0 -1.0 -1.0 -1.0 1.739 1.523 4.62 1368.691 0.9 1282.591 -0.5089729164911639 1.0
7.0 0.0 Car -1.0 -1.0 -1.0 -1.0 -1.0 -1.0 -1.0 2.221 1.861 4.655 1419.567 1.122 1253.951 -0.4960723153004554 1.0
7.0 5.0 Car -1.0 -1.0 -1.0 -1.0 -1.0 -1.0 -1.0 1.88 1.711 4.903 1431.318 1.124 1248.956 -0.4110773987207799 0.0
7.0 1.0 Car -1.0 -1.0 -1.0 -1.0 -1.0 -1.0 -1.0 1.781 1.87 5.532 1350.552 1.188 1288.99 -0.4707362432136733 1.0
8.0 4.0 Car -1.0 -1.0 -1.0 -1.0 -1.0 -1.0 -1.0 1.795 1.467 4.606 1407.151 0.569 1274.865 2.660928977801217 0.0
8.0 3.0 Car -1.0 -1.0 -1.0 -1.0 -1.0 -1.0 -1.0 1.739 1.523 4.62 1372.653 0.9 1280.451 -0.5089729164911639 1.0
8.0 0.0 Car -1.0 -1.0 -1.0 -1.0 -1.0 -1.0 -1.0 2.221 1.861 4.655 1423.33 1.172 1251.768 -0.4917089921704694 1.0
8.0 5.0 Car -1.0 -1.0 -1.0 -1.0 -1.0 -1.0 -1.0 1.88 1.711 4.903 1435.43 1.136 1246.838 -0.4110773987207799 0.0
8.0 1.0 Car -1.0 -1.0 -1.0 -1.0 -1.0 -1.0 -1.0 1.781 1.87 5.532 1354.721 1.188 1286.791 -0.4707362432136733 1.0
9.0 4.0 Car -1.0 -1.0 -1.0 -1.0 -1.0 -1.0 -1.0 1.795 1.467 4.606 1404.483 0.569 1276.328 2.660928977801217 0.0
9.0 3.0 Car -1.0 -1.0 -1.0 -1.0 -1.0 -1.0 -1.0 1.739 1.523 4.62 1376.678 0.9 1278.35 -0.4740663314512776 1.0
9.0 0.0 Car -1.0 -1.0 -1.0 -1.0 -1.0 -1.0 -1.0 2.221 1.861 4.655 1427.093 1.222 1249.585 -0.4873456690404838 1.0
9.0 5.0 Car -1.0 -1.0 -1.0 -1.0 -1.0 -1.0 -1.0 1.88 1.711 4.903 1439.542 1.148 1244.72 -0.4110773987207799 0.0
9.0 1.0 Car -1.0 -1.0 -1.0 -1.0 -1.0 -1.0 -1.0 1.781 1.87 5.532 1358.847 1.213 1284.508 -0.46200959695370164 1.0
10.0 4.0 Car -1.0 -1.0 -1.0 -1.0 -1.0 -1.0 -1.0 1.795 1.467 4.606 1402.353 0.621 1277.51 2.660928977801217 0.0
10.0 3.0 Car -1.0 -1.0 -1.0 -1.0 -1.0 -1.0 -1.0 1.739 1.523 4.62 1380.714 0.9 1276.243 -0.5264262090111069 1.0
10.0 0.0 Car -1.0 -1.0 -1.0 -1.0 -1.0 -1.0 -1.0 2.221 1.861 4.655 1430.766 1.289 1247.452 -0.4873456690404838 1.0
10.0 5.0 Car -1.0 -1.0 -1.0 -1.0 -1.0 -1.0 -1.0 1.88 1.711 4.903 1443.654 1.16 1242.603 -0.4110773987207799 0.0
10.0 1.0 Car -1.0 -1.0 -1.0 -1.0 -1.0 -1.0 -1.0 1.781 1.87 5.532 1362.973 1.238 1282.225 -0.4532829506937301 1.0
11.0 4.0 Car -1.0 -1.0 -1.0 -1.0 -1.0 -1.0 -1.0 1.795 1.467 4.606 1399.971 0.673 1278.824 2.660928977801217 0.0
11.0 3.0 Car -1.0 -1.0 -1.0 -1.0 -1.0 -1.0 -1.0 1.739 1.523 4.62 1384.723 0.9 1274.044 -0.5264262090111069 1.0
11.0 0.0 Car -1.0 -1.0 -1.0 -1.0 -1.0 -1.0 -1.0 2.221 1.861 4.655 1434.438 1.355 1245.32 -0.4873456690404838 1.0
11.0 5.0 Car -1.0 -1.0 -1.0 -1.0 -1.0 -1.0 -1.0 1.88 1.711 4.903 1447.767 1.172 1240.485 -0.4110773987207799 0.0
11.0 1.0 Car -1.0 -1.0 -1.0 -1.0 -1.0 -1.0 -1.0 1.781 1.87 5.532 1367.088 1.122 1279.919 -0.4532829506937301 1.0
12.0 4.0 Car -1.0 -1.0 -1.0 -1.0 -1.0 -1.0 -1.0 1.795 1.467 4.606 1397.588 0.725 1280.138 2.660928977801217 0.0
12.0 3.0 Car -1.0 -1.0 -1.0 -1.0 -1.0 -1.0 -1.0 1.739 1.523 4.62 1388.798 0.9 1271.738 -0.5613327940509931 1.0
12.0 0.0 Car -1.0 -1.0 -1.0 -1.0 -1.0 -1.0 -1.0 2.221 1.861 4.655 1438.111 1.422 1243.188 -0.4873456690404838 0.0
12.0 5.0 Car -1.0 -1.0 -1.0 -1.0 -1.0 -1.0 -1.0 1.88 1.711 4.903 1451.879 1.184 1238.367 -0.4110773987207799 0.0
12.0 2.0 Truck -1.0 -1.0 -1.0 -1.0 -1.0 -1.0 -1.0 2.627 2.86 4.66 1423.029 2.533 1220.391 -1.9368193191298204 0.0
12.0 1.0 Car -1.0 -1.0 -1.0 -1.0 -1.0 -1.0 -1.0 1.781 1.87 5.532 1371.203 1.08 1277.613 -0.4532829506937301 1.0
13.0 4.0 Car -1.0 -1.0 -1.0 -1.0 -1.0 -1.0 -1.0 1.795 1.467 4.606 1394.64 0.777 1281.532 2.660928977801217 0.0
13.0 3.0 Car -1.0 -1.0 -1.0 -1.0 -1.0 -1.0 -1.0 1.739 1.523 4.62 1392.864 0.9 1269.509 -0.54387950153105 1.0
13.0 0.0 Car -1.0 -1.0 -1.0 -1.0 -1.0 -1.0 -1.0 2.221 1.861 4.655 1441.878 1.445 1241.158 -0.4793462433021766 0.0
13.0 5.0 Car -1.0 -1.0 -1.0 -1.0 -1.0 -1.0 -1.0 1.88 1.711 4.903 1455.991 1.196 1236.249 -0.4110773987207799 0.0
13.0 2.0 Truck -1.0 -1.0 -1.0 -1.0 -1.0 -1.0 -1.0 2.627 2.86 4.66 1422.382 2.283 1219.45 -1.9368193191298204 1.0
13.0 1.0 Car -1.0 -1.0 -1.0 -1.0 -1.0 -1.0 -1.0 1.781 1.87 5.532 1375.318 1.088 1275.307 -0.4532829506937301 1.0
14.0 4.0 Car -1.0 -1.0 -1.0 -1.0 -1.0 -1.0 -1.0 1.795 1.467 4.606 1392.327 0.829 1282.622 2.660928977801217 0.0
14.0 3.0 Car -1.0 -1.0 -1.0 -1.0 -1.0 -1.0 -1.0 1.739 1.523 4.62 1396.441 0.8 1267.567 -0.5613327940509931 1.0
14.0 0.0 Car -1.0 -1.0 -1.0 -1.0 -1.0 -1.0 -1.0 2.221 1.861 4.655 1445.645 1.468 1239.128 -0.4713468175638696 0.0
14.0 5.0 Car -1.0 -1.0 -1.0 -1.0 -1.0 -1.0 -1.0 1.88 1.711 4.903 1460.103 1.208 1234.131 -0.4110773987207799 0.0
14.0 2.0 Truck -1.0 -1.0 -1.0 -1.0 -1.0 -1.0 -1.0 2.627 2.86 4.66 1421.735 2.433 1218.509 -2.0415390742494792 1.0
14.0 1.0 Car -1.0 -1.0 -1.0 -1.0 -1.0 -1.0 -1.0 1.781 1.87 5.532 1379.056 0.972 1273.27 -0.4591007148670445 1.0
15.0 4.0 Car -1.0 -1.0 -1.0 -1.0 -1.0 -1.0 -1.0 1.795 1.467 4.606 1390.015 0.881 1283.711 2.660928977801217 0.0
15.0 3.0 Car -1.0 -1.0 -1.0 -1.0 -1.0 -1.0 -1.0 1.739 1.523 4.62 1399.802 0.8 1265.485 -0.5787860865709362 1.0
15.0 0.0 Car -1.0 -1.0 -1.0 -1.0 -1.0 -1.0 -1.0 2.221 1.861 4.655 1449.411 1.491 1237.098 -0.463347391825562 0.0
15.0 5.0 Car -1.0 -1.0 -1.0 -1.0 -1.0 -1.0 -1.0 1.88 1.711 4.903 1464.215 1.22 1232.013 -0.4110773987207799 0.0
15.0 2.0 Truck -1.0 -1.0 -1.0 -1.0 -1.0 -1.0 -1.0 2.627 2.86 4.66 1420.561 2.258 1217.571 -2.250008658499127 1.0
15.0 1.0 Car -1.0 -1.0 -1.0 -1.0 -1.0 -1.0 -1.0 1.781 1.87 5.532 1382.768 1.03 1271.181 -0.4649184790403589 1.0
16.0 4.0 Car -1.0 -1.0 -1.0 -1.0 -1.0 -1.0 -1.0 1.795 1.467 4.606 1387.703 0.934 1284.8 2.660928977801217 0.0
16.0 3.0 Car -1.0 -1.0 -1.0 -1.0 -1.0 -1.0 -1.0 1.739 1.523 4.62 1403.06 0.75 1263.633 -0.54387950153105 1.0
16.0 0.0 Car -1.0 -1.0 -1.0 -1.0 -1.0 -1.0 -1.0 2.221 1.861 4.655 1453.234 1.53 1235.086 -0.4553479660872548 0.0
16.0 5.0 Car -1.0 -1.0 -1.0 -1.0 -1.0 -1.0 -1.0 1.88 1.711 4.903 1468.327 1.232 1229.895 -0.4110773987207799 0.0
16.0 2.0 Truck -1.0 -1.0 -1.0 -1.0 -1.0 -1.0 -1.0 2.627 2.86 4.66 1420.169 2.264 1216.683 -2.2063754271992693 1.0
16.0 1.0 Car -1.0 -1.0 -1.0 -1.0 -1.0 -1.0 -1.0 1.781 1.87 5.532 1386.481 1.088 1269.092 -0.4707362432136733 1.0
17.0 4.0 Car -1.0 -1.0 -1.0 -1.0 -1.0 -1.0 -1.0 1.795 1.467 4.606 1385.391 0.986 1285.89 2.660928977801217 0.0
17.0 3.0 Car -1.0 -1.0 -1.0 -1.0 -1.0 -1.0 -1.0 1.739 1.523 4.62 1406.076 0.8 1261.62 -0.6311459641307655 1.0
17.0 0.0 Car -1.0 -1.0 -1.0 -1.0 -1.0 -1.0 -1.0 2.221 1.861 4.655 1457.057 1.57 1233.074 -0.44734854034894767 0.0
17.0 5.0 Car -1.0 -1.0 -1.0 -1.0 -1.0 -1.0 -1.0 1.88 1.711 4.903 1472.44 1.244 1227.777 -0.4110773987207799 0.0
17.0 2.0 Truck -1.0 -1.0 -1.0 -1.0 -1.0 -1.0 -1.0 2.627 2.86 4.66 1419.815 2.271 1215.778 -2.162742195899411 0.0
17.0 1.0 Car -1.0 -1.0 -1.0 -1.0 -1.0 -1.0 -1.0 1.781 1.87 5.532 1390.541 0.963 1266.848 -0.4707362432136733 1.0
18.0 4.0 Car -1.0 -1.0 -1.0 -1.0 -1.0 -1.0 -1.0 1.795 1.467 4.606 1382.757 1.038 1287.183 2.660928977801217 0.0
18.0 3.0 Car -1.0 -1.0 -1.0 -1.0 -1.0 -1.0 -1.0 1.739 1.523 4.62 1408.68 0.65 1259.687 -0.5962393790908793 1.0
18.0 0.0 Car -1.0 -1.0 -1.0 -1.0 -1.0 -1.0 -1.0 2.221 1.861 4.655 1460.88 1.61 1231.062 -0.43934911461064013 0.0
18.0 5.0 Car -1.0 -1.0 -1.0 -1.0 -1.0 -1.0 -1.0 1.88 1.711 4.903 1476.552 1.256 1225.66 -0.4110773987207799 0.0
18.0 2.0 Truck -1.0 -1.0 -1.0 -1.0 -1.0 -1.0 -1.0 2.627 2.86 4.66 1419.501 2.277 1214.858 -2.119108964599553 0.0
18.0 1.0 Car -1.0 -1.0 -1.0 -1.0 -1.0 -1.0 -1.0 1.781 1.87 5.532 1394.601 0.838 1264.604 -0.4707362432136733 1.0
19.0 3.0 Car -1.0 -1.0 -1.0 -1.0 -1.0 -1.0 -1.0 1.739 1.523 4.62 1411.284 0.6 1257.823 -0.6661915547672076 1.0
19.0 0.0 Car -1.0 -1.0 -1.0 -1.0 -1.0 -1.0 -1.0 2.221 1.861 4.655 1464.046 1.597 1229.329 -0.4378946735673117 0.0
19.0 2.0 Truck -1.0 -1.0 -1.0 -1.0 -1.0 -1.0 -1.0 2.627 2.86 4.66 1419.227 2.283 1213.926 -2.075475733299696 0.0
19.0 1.0 Car -1.0 -1.0 -1.0 -1.0 -1.0 -1.0 -1.0 1.781 1.87 5.532 1397.966 0.813 1262.671 -0.4707362432136733 1.0
20.0 3.0 Car -1.0 -1.0 -1.0 -1.0 -1.0 -1.0 -1.0 1.739 1.523 4.62 1413.632 0.55 1255.691 -0.5701550469686446 0.0
20.0 0.0 Car -1.0 -1.0 -1.0 -1.0 -1.0 -1.0 -1.0 2.221 1.861 4.655 1467.212 1.585 1227.595 -0.43644023252398334 0.0
20.0 2.0 Truck -1.0 -1.0 -1.0 -1.0 -1.0 -1.0 -1.0 2.627 2.86 4.66 1418.818 1.983 1213.258 -2.075475733299696 0.0
20.0 1.0 Car -1.0 -1.0 -1.0 -1.0 -1.0 -1.0 -1.0 1.781 1.87 5.532 1401.33 0.788 1260.738 -0.4707362432136733 1.0
21.0 3.0 Car -1.0 -1.0 -1.0 -1.0 -1.0 -1.0 -1.0 1.739 1.523 4.62 1415.705 0.55 1253.996 -0.7859212433756868 0.0
21.0 0.0 Car -1.0 -1.0 -1.0 -1.0 -1.0 -1.0 -1.0 2.221 1.861 4.655 1470.378 1.572 1225.862 -0.4349857914806546 0.0
21.0 2.0 Truck -1.0 -1.0 -1.0 -1.0 -1.0 -1.0 -1.0 2.627 2.86 4.66 1418.463 2.263 1212.653 -2.075475733299696 0.0
21.0 1.0 Car -1.0 -1.0 -1.0 -1.0 -1.0 -1.0 -1.0 1.781 1.87 5.532 1403.668 0.743 1259.105 -0.4707362432136733 0.0
22.0 3.0 Car -1.0 -1.0 -1.0 -1.0 -1.0 -1.0 -1.0 1.739 1.523 4.62 1417.657 0.512 1252.063 -0.8563925879544824 0.0
22.0 0.0 Car -1.0 -1.0 -1.0 -1.0 -1.0 -1.0 -1.0 2.221 1.861 4.655 1474.114 1.56 1223.857 -0.4349857914806546 0.0
22.0 2.0 Truck -1.0 -1.0 -1.0 -1.0 -1.0 -1.0 -1.0 2.627 2.86 4.66 1418.108 2.544 1212.047 -2.075475733299696 0.0
22.0 1.0 Car -1.0 -1.0 -1.0 -1.0 -1.0 -1.0 -1.0 1.781 1.87 5.532 1406.007 0.698 1257.472 -0.4707362432136733 0.0
23.0 3.0 Car -1.0 -1.0 -1.0 -1.0 -1.0 -1.0 -1.0 1.739 1.523 4.62 1419.259 0.474 1250.068 -0.9321964253156215 0.0
23.0 0.0 Car -1.0 -1.0 -1.0 -1.0 -1.0 -1.0 -1.0 2.221 1.861 4.655 1477.849 1.547 1221.852 -0.4349857914806546 0.0
23.0 2.0 Truck -1.0 -1.0 -1.0 -1.0 -1.0 -1.0 -1.0 2.627 2.86 4.66 1417.753 2.824 1211.442 -2.075475733299696 0.0
23.0 1.0 Car -1.0 -1.0 -1.0 -1.0 -1.0 -1.0 -1.0 1.781 1.87 5.532 1408.345 0.653 1255.839 -0.4707362432136733 0.0
24.0 3.0 Car -1.0 -1.0 -1.0 -1.0 -1.0 -1.0 -1.0 1.739 1.523 4.62 1420.506 0.536 1247.957 -1.0670572415420665 0.0
24.0 2.0 Truck -1.0 -1.0 -1.0 -1.0 -1.0 -1.0 -1.0 2.627 2.86 4.66 1417.398 3.104 1210.837 -2.075475733299696 0.0
24.0 1.0 Car -1.0 -1.0 -1.0 -1.0 -1.0 -1.0 -1.0 1.781 1.87 5.532 1410.683 0.608 1254.206 -0.4707362432136733 0.0
25.0 3.0 Car -1.0 -1.0 -1.0 -1.0 -1.0 -1.0 -1.0 1.739 1.523 4.62 1421.258 0.548 1245.756 -1.0670572415420665 0.0
25.0 2.0 Truck -1.0 -1.0 -1.0 -1.0 -1.0 -1.0 -1.0 2.627 2.86 4.66 1417.043 3.384 1210.232 -2.075475733299696 0.0
25.0 1.0 Car -1.0 -1.0 -1.0 -1.0 -1.0 -1.0 -1.0 1.781 1.87 5.532 1413.021 0.563 1252.573 -0.4707362432136733 0.0
26.0 3.0 Car -1.0 -1.0 -1.0 -1.0 -1.0 -1.0 -1.0 1.739 1.523 4.62 1422.194 0.531 1243.286 -1.2883119026387506 0.0
26.0 2.0 Truck -1.0 -1.0 -1.0 -1.0 -1.0 -1.0 -1.0 2.627 2.86 4.66 1416.462 3.232 1209.168 -2.075475733299696 0.0
26.0 1.0 Car -1.0 -1.0 -1.0 -1.0 -1.0 -1.0 -1.0 1.781 1.87 5.532 1414.769 0.512 1251.321 -0.5754559983333323 0.0
27.0 3.0 Car -1.0 -1.0 -1.0 -1.0 -1.0 -1.0 -1.0 1.739 1.523 4.62 1422.566 0.514 1241.202 -1.4048468086157764 0.0
27.0 2.0 Truck -1.0 -1.0 -1.0 -1.0 -1.0 -1.0 -1.0 2.627 2.86 4.66 1415.882 3.08 1208.105 -2.075475733299696 0.0
27.0 1.0 Car -1.0 -1.0 -1.0 -1.0 -1.0 -1.0 -1.0 1.781 1.87 5.532 1416.376 0.46 1249.893 -0.6801757534529912 0.0
28.0 3.0 Car -1.0 -1.0 -1.0 -1.0 -1.0 -1.0 -1.0 1.739 1.523 4.62 1422.694 0.497 1239.089 -1.5213817145928017 0.0
28.0 2.0 Truck -1.0 -1.0 -1.0 -1.0 -1.0 -1.0 -1.0 2.627 2.86 4.66 1415.301 2.927 1207.042 -2.075475733299696 0.0
28.0 1.0 Car -1.0 -1.0 -1.0 -1.0 -1.0 -1.0 -1.0 1.781 1.87 5.532 1417.824 0.408 1248.305 -0.7848955085726504 0.0
29.0 3.0 Car -1.0 -1.0 -1.0 -1.0 -1.0 -1.0 -1.0 1.739 1.523 4.62 1423.575 0.547 1236.568 -1.6728232056097136 0.0
29.0 1.0 Car -1.0 -1.0 -1.0 -1.0 -1.0 -1.0 -1.0 1.781 1.87 5.532 1419.099 0.423 1246.574 -0.8896152636923089 0.0
30.0 3.0 Car -1.0 -1.0 -1.0 -1.0 -1.0 -1.0 -1.0 1.739 1.523 4.62 1422.81 0.546 1234.274 -1.6291899743098561 0.0
30.0 1.0 Car -1.0 -1.0 -1.0 -1.0 -1.0 -1.0 -1.0 1.781 1.87 5.532 1420.186 0.438 1244.72 -0.994335018811968 0.0
31.0 3.0 Car -1.0 -1.0 -1.0 -1.0 -1.0 -1.0 -1.0 1.739 1.523 4.62 1422.636 0.646 1232.032 -1.6902764981296567 0.0
31.0 1.0 Car -1.0 -1.0 -1.0 -1.0 -1.0 -1.0 -1.0 1.781 1.87 5.532 1421.619 0.603 1243.149 -0.994335018811968 0.0
32.0 1.0 Car -1.0 -1.0 -1.0 -1.0 -1.0 -1.0 -1.0 1.781 1.87 5.532 1421.565 0.668 1241.13 -1.0323417744694998 0.0
