0.0 1.0 Bus -1.0 -1.0 -1.0 -1.0 -1.0 -1.0 -1.0 2.892 3.479 8.487 305.486 0.964 666.567 2.808667625594139 0.0
1.0 1.0 Bus -1.0 -1.0 -1.0 -1.0 -1.0 -1.0 -1.0 2.892 3.479 8.487 305.484 0.964 666.567 2.808667625594139 0.0
2.0 1.0 Bus -1.0 -1.0 -1.0 -1.0 -1.0 -1.0 -1.0 2.892 3.479 8.487 305.482 0.964 666.568 2.808667625594139 0.0
3.0 1.0 Bus -1.0 -1.0 -1.0 -1.0 -1.0 -1.0 -1.0 2.892 3.479 8.487 305.48 0.964 666.569 2.808667625594139 1.0
3.0 3.0 Car -1.0 -1.0 -1.0 -1.0 -1.0 -1.0 -1.0 2.112 1.593 4.643 339.663 1.221 654.665 2.7739508949193867 0.0
4.0 1.0 Bus -1.0 -1.0 -1.0 -1.0 -1.0 -1.0 -1.0 2.892 3.479 8.487 305.479 0.964 666.569 2.808667625594139 1.0
4.0 3.0 Car -1.0 -1.0 -1.0 -1.0 -1.0 -1.0 -1.0 2.112 1.593 4.643 337.848 1.199 655.18 2.7739508949193867 1.0
5.0 1.0 Bus -1.0 -1.0 -1.0 -1.0 -1.0 -1.0 -1.0 2.892 3.479 8.487 305.477 0.964 666.57 2.808667625594139 1.0
5.0 2.0 Car -1.0 -1.0 -1.0 -1.0 -1.0 -1.0 -1.0 1.941 1.922 4.73 313.693 1.064 667.179 2.7101056563901222 0.0
5.0 3.0 Car -1.0 -1.0 -1.0 -1.0 -1.0 -1.0 -1.0 2.112 1.593 4.643 336.036 1.177 655.694 2.7739508949193867 1.0
6.0 1.0 Bus -1.0 -1.0 -1.0 -1.0 -1.0 -1.0 -1.0 2.892 3.479 8.487 305.475 0.964 666.571 2.808667625594139 1.0
6.0 2.0 Car -1.0 -1.0 -1.0 -1.0 -1.0 -1.0 -1.0 1.941 1.922 4.73 313.701 1.062 667.174 2.709891122445902 0.0
6.0 3.0 Car -1.0 -1.0 -1.0 -1.0 -1.0 -1.0 -1.0 2.112 1.593 4.643 333.812 1.155 656.348 2.7739508949193867 1.0
7.0 1.0 Bus -1.0 -1.0 -1.0 -1.0 -1.0 -1.0 -1.0 2.892 3.479 8.487 305.473 0.964 666.571 2.808667625594139 1.0
7.0 2.0 Car -1.0 -1.0 -1.0 -1.0 -1.0 -1.0 -1.0 1.941 1.922 4.73 313.709 1.06 667.169 2.709676607813445 0.0
7.0 3.0 Car -1.0 -1.0 -1.0 -1.0 -1.0 -1.0 -1.0 2.112 1.593 4.643 331.589 1.133 657.003 2.7739508949193867 1.0
8.0 1.0 Bus -1.0 -1.0 -1.0 -1.0 -1.0 -1.0 -1.0 2.892 3.479 8.487 305.384 0.964 666.602 2.808667625594139 1.0
8.0 2.0 Car -1.0 -1.0 -1.0 -1.0 -1.0 -1.0 -1.0 1.941 1.922 4.73 313.715 1.058 667.164 2.7095050382500374 1.0
8.0 3.0 Car -1.0 -1.0 -1.0 -1.0 -1.0 -1.0 -1.0 2.112 1.593 4.643 329.831 1.116 657.614 2.7739508949193867 1.0
9.0 1.0 Bus -1.0 -1.0 -1.0 -1.0 -1.0 -1.0 -1.0 2.892 3.479 8.487 305.274 0.964 666.64 2.808667625594139 1.0
9.0 2.0 Car -1.0 -1.0 -1.0 -1.0 -1.0 -1.0 -1.0 1.941 1.922 4.73 313.723 1.056 667.159 2.709290757933636 1.0
9.0 3.0 Car -1.0 -1.0 -1.0 -1.0 -1.0 -1.0 -1.0 2.112 1.593 4.643 327.636 1.094 658.378 2.7739508949193867 1.0
10.0 1.0 Bus -1.0 -1.0 -1.0 -1.0 -1.0 -1.0 -1.0 2.892 3.479 8.487 304.979 0.964 666.742 2.808667625594139 1.0
10.0 2.0 Car -1.0 -1.0 -1.0 -1.0 -1.0 -1.0 -1.0 1.941 1.922 4.73 313.73 1.054 667.154 2.709076229139219 1.0
10.0 3.0 Car -1.0 -1.0 -1.0 -1.0 -1.0 -1.0 -1.0 2.112 1.593 4.643 325.438 1.072 659.143 2.7739508949193867 1.0
11.0 1.0 Bus -1.0 -1.0 -1.0 -1.0 -1.0 -1.0 -1.0 2.892 3.479 8.487 304.713 0.964 666.834 2.808667625594139 1.0
11.0 2.0 Car -1.0 -1.0 -1.0 -1.0 -1.0 -1.0 -1.0 1.941 1.922 4.73 313.737 1.053 667.149 2.708883060441953 1.0
11.0 3.0 Car -1.0 -1.0 -1.0 -1.0 -1.0 -1.0 -1.0 2.112 1.593 4.643 323.415 1.052 659.93 2.7739508949193867 1.0
12.0 1.0 Bus -1.0 -1.0 -1.0 -1.0 -1.0 -1.0 -1.0 2.892 3.479 8.487 304.388 0.964 666.947 2.808667625594139 1.0
12.0 2.0 Car -1.0 -1.0 -1.0 -1.0 -1.0 -1.0 -1.0 1.941 1.922 4.73 313.746 1.05 667.143 2.708647182279144 1.0
12.0 3.0 Car -1.0 -1.0 -1.0 -1.0 -1.0 -1.0 -1.0 2.112 1.593 4.643 320.945 1.028 660.89 2.7739508949193867 1.0
13.0 1.0 Bus -1.0 -1.0 -1.0 -1.0 -1.0 -1.0 -1.0 2.892 3.479 8.487 303.597 1.035 667.205 2.822276633643618 1.0
13.0 2.0 Car -1.0 -1.0 -1.0 -1.0 -1.0 -1.0 -1.0 1.941 1.922 4.73 313.724 1.058 667.167 2.7084326646426344 1.0
13.0 4.0 Car -1.0 -1.0 -1.0 -1.0 -1.0 -1.0 -1.0 2.165 2.003 5.238 272.869 1.062 676.881 -0.24570745190953283 0.0
13.0 3.0 Car -1.0 -1.0 -1.0 -1.0 -1.0 -1.0 -1.0 2.112 1.593 4.643 319.087 1.006 661.586 2.7739508949193867 1.0
14.0 1.0 Bus -1.0 -1.0 -1.0 -1.0 -1.0 -1.0 -1.0 2.892 3.479 8.487 302.805 1.106 667.463 2.835886349551221 1.0
14.0 2.0 Car -1.0 -1.0 -1.0 -1.0 -1.0 -1.0 -1.0 1.941 1.922 4.73 313.703 1.065 667.19 2.7082181358482176 1.0
14.0 4.0 Car -1.0 -1.0 -1.0 -1.0 -1.0 -1.0 -1.0 2.165 2.003 5.238 273.258 1.112 676.669 -0.2806140369494192 1.0
14.0 3.0 Car -1.0 -1.0 -1.0 -1.0 -1.0 -1.0 -1.0 2.112 1.593 4.643 317.228 0.984 662.282 2.7739508949193867 1.0
15.0 1.0 Bus -1.0 -1.0 -1.0 -1.0 -1.0 -1.0 -1.0 2.892 3.479 8.487 301.305 1.178 667.902 2.849496310486637 1.0
15.0 2.0 Car -1.0 -1.0 -1.0 -1.0 -1.0 -1.0 -1.0 1.941 1.922 4.73 313.682 1.072 667.214 2.7080036031914485 1.0
15.0 4.0 Car -1.0 -1.0 -1.0 -1.0 -1.0 -1.0 -1.0 2.165 2.003 5.238 273.783 1.112 676.662 -0.21080086686964616 1.0
15.0 3.0 Car -1.0 -1.0 -1.0 -1.0 -1.0 -1.0 -1.0 2.112 1.593 4.643 315.37 0.962 662.978 2.7739508949193867 1.0
16.0 1.0 Bus -1.0 -1.0 -1.0 -1.0 -1.0 -1.0 -1.0 2.892 3.479 8.487 299.804 1.249 668.341 2.8631195301492323 1.0
16.0 2.0 Car -1.0 -1.0 -1.0 -1.0 -1.0 -1.0 -1.0 1.941 1.922 4.73 313.424 1.08 667.347 2.7077888615384906 1.0
16.0 4.0 Car -1.0 -1.0 -1.0 -1.0 -1.0 -1.0 -1.0 2.165 2.003 5.238 274.426 1.062 676.54 -0.19334757434970284 1.0
16.0 3.0 Car -1.0 -1.0 -1.0 -1.0 -1.0 -1.0 -1.0 2.112 1.593 4.643 313.45 0.94 663.64 2.7739508949193867 1.0
17.0 1.0 Bus -1.0 -1.0 -1.0 -1.0 -1.0 -1.0 -1.0 2.892 3.479 8.487 297.461 1.32 669.021 2.8767440838521385 1.0
17.0 2.0 Car -1.0 -1.0 -1.0 -1.0 -1.0 -1.0 -1.0 1.941 1.922 4.73 312.896 1.087 667.606 2.707574098857169 1.0
17.0 4.0 Car -1.0 -1.0 -1.0 -1.0 -1.0 -1.0 -1.0 2.165 2.003 5.238 275.101 1.112 676.379 -0.17589428182975952 1.0
17.0 3.0 Car -1.0 -1.0 -1.0 -1.0 -1.0 -1.0 -1.0 2.112 1.593 4.643 311.531 0.918 664.303 2.7739508949193867 1.0
18.0 1.0 Bus -1.0 -1.0 -1.0 -1.0 -1.0 -1.0 -1.0 2.892 3.479 8.487 294.947 1.391 669.472 2.981964107204671 1.0
18.0 2.0 Car -1.0 -1.0 -1.0 -1.0 -1.0 -1.0 -1.0 1.941 1.922 4.73 312.367 1.094 667.864 2.7073593434714014 1.0
18.0 4.0 Car -1.0 -1.0 -1.0 -1.0 -1.0 -1.0 -1.0 2.165 2.003 5.238 276.043 1.012 676.018 -0.05372123419015628 1.0
18.0 3.0 Car -1.0 -1.0 -1.0 -1.0 -1.0 -1.0 -1.0 2.112 1.593 4.643 309.611 0.896 664.965 2.7739508949193867 1.0
19.0 1.0 Bus -1.0 -1.0 -1.0 -1.0 -1.0 -1.0 -1.0 2.892 3.479 8.487 292.402 1.463 669.656 3.0870699575171963 1.0
19.0 2.0 Car -1.0 -1.0 -1.0 -1.0 -1.0 -1.0 -1.0 1.941 1.922 4.73 311.839 1.101 668.123 2.7071448211142393 1.0
19.0 4.0 Car -1.0 -1.0 -1.0 -1.0 -1.0 -1.0 -1.0 2.165 2.003 5.238 277.641 1.062 675.841 -0.05372123419015628 1.0
19.0 0.0 Car -1.0 -1.0 -1.0 -1.0 -1.0 -1.0 -1.0 1.883 2.0 4.52 329.575 1.403 661.141 2.7413537498014335 0.0
19.0 3.0 Car -1.0 -1.0 -1.0 -1.0 -1.0 -1.0 -1.0 2.112 1.593 4.643 307.217 0.874 665.81 2.7739508949193867 1.0
20.0 1.0 Bus -1.0 -1.0 -1.0 -1.0 -1.0 -1.0 -1.0 2.892 3.479 8.487 289.448 1.568 669.387 -3.0207830746929374 1.0
20.0 2.0 Car -1.0 -1.0 -1.0 -1.0 -1.0 -1.0 -1.0 1.941 1.922 4.73 311.014 1.09 668.484 2.683501101763836 1.0
20.0 4.0 Car -1.0 -1.0 -1.0 -1.0 -1.0 -1.0 -1.0 2.165 2.003 5.238 279.929 1.069 675.587 -0.05372123419015628 1.0
20.0 0.0 Car -1.0 -1.0 -1.0 -1.0 -1.0 -1.0 -1.0 1.883 2.0 4.52 329.213 1.403 661.104 2.7413537498014335 1.0
20.0 3.0 Car -1.0 -1.0 -1.0 -1.0 -1.0 -1.0 -1.0 2.112 1.593 4.643 304.712 0.852 666.797 2.7970299689164393 1.0
21.0 1.0 Bus -1.0 -1.0 -1.0 -1.0 -1.0 -1.0 -1.0 2.892 3.479 8.487 286.862 1.664 668.705 -2.8627540114567926 1.0
21.0 2.0 Car -1.0 -1.0 -1.0 -1.0 -1.0 -1.0 -1.0 1.941 1.922 4.73 310.277 1.08 668.827 2.662190736510129 1.0
21.0 4.0 Car -1.0 -1.0 -1.0 -1.0 -1.0 -1.0 -1.0 2.165 2.003 5.238 281.115 1.175 675.627 -0.05372123419015628 1.0
21.0 0.0 Car -1.0 -1.0 -1.0 -1.0 -1.0 -1.0 -1.0 1.883 2.0 4.52 328.371 1.403 661.289 2.7413537498014335 1.0
21.0 3.0 Car -1.0 -1.0 -1.0 -1.0 -1.0 -1.0 -1.0 2.112 1.593 4.643 302.436 0.833 667.637 2.8178314126024193 1.0
22.0 1.0 Bus -1.0 -1.0 -1.0 -1.0 -1.0 -1.0 -1.0 2.892 3.479 8.487 284.166 1.769 667.488 -2.6879427318270603 1.0
22.0 2.0 Car -1.0 -1.0 -1.0 -1.0 -1.0 -1.0 -1.0 1.941 1.922 4.73 309.471 1.069 669.224 2.638617273862877 1.0
22.0 4.0 Car -1.0 -1.0 -1.0 -1.0 -1.0 -1.0 -1.0 2.165 2.003 5.238 283.091 1.175 675.774 -0.042225423035713965 1.0
22.0 0.0 Car -1.0 -1.0 -1.0 -1.0 -1.0 -1.0 -1.0 1.883 2.0 4.52 327.137 1.387 661.659 2.7413537498014335 1.0
22.0 3.0 Car -1.0 -1.0 -1.0 -1.0 -1.0 -1.0 -1.0 2.112 1.593 4.643 299.889 0.811 668.482 2.8408419077254474 1.0
23.0 1.0 Bus -1.0 -1.0 -1.0 -1.0 -1.0 -1.0 -1.0 2.892 3.479 8.487 281.261 2.04 665.775 -2.575717717197447 1.0
23.0 2.0 Car -1.0 -1.0 -1.0 -1.0 -1.0 -1.0 -1.0 1.941 1.922 4.73 308.679 1.058 669.651 2.61499911529015 1.0
23.0 4.0 Car -1.0 -1.0 -1.0 -1.0 -1.0 -1.0 -1.0 2.165 2.003 5.238 285.282 1.208 676.063 0.14879203666312749 1.0
23.0 0.0 Car -1.0 -1.0 -1.0 -1.0 -1.0 -1.0 -1.0 1.883 2.0 4.52 325.899 1.371 662.031 2.7413537498014335 1.0
23.0 3.0 Car -1.0 -1.0 -1.0 -1.0 -1.0 -1.0 -1.0 2.112 1.593 4.643 297.336 0.789 669.328 2.863896031372233 1.0
24.0 1.0 Bus -1.0 -1.0 -1.0 -1.0 -1.0 -1.0 -1.0 2.892 3.479 8.487 279.034 2.393 664.067 -2.4520094194495403 1.0
24.0 2.0 Car -1.0 -1.0 -1.0 -1.0 -1.0 -1.0 -1.0 1.941 1.922 4.73 307.805 1.046 670.122 2.588964258421429 1.0
24.0 4.0 Car -1.0 -1.0 -1.0 -1.0 -1.0 -1.0 -1.0 2.165 2.003 5.238 287.585 1.244 676.856 0.3593551170731655 1.0
24.0 0.0 Car -1.0 -1.0 -1.0 -1.0 -1.0 -1.0 -1.0 1.883 2.0 4.52 324.536 1.353 662.44 2.7413537498014335 1.0
24.0 3.0 Car -1.0 -1.0 -1.0 -1.0 -1.0 -1.0 -1.0 2.112 1.593 4.643 294.149 0.923 669.929 2.973852187385859 1.0
25.0 1.0 Bus -1.0 -1.0 -1.0 -1.0 -1.0 -1.0 -1.0 2.892 3.479 8.487 277.054 2.383 662.213 -2.351267912440333 0.0
25.0 2.0 Car -1.0 -1.0 -1.0 -1.0 -1.0 -1.0 -1.0 1.941 1.922 4.73 307.049 1.028 670.676 2.5534763958386977 0.0
25.0 4.0 Car -1.0 -1.0 -1.0 -1.0 -1.0 -1.0 -1.0 2.165 2.003 5.238 290.084 1.263 678.141 0.4880516183511796 0.0
25.0 0.0 Car -1.0 -1.0 -1.0 -1.0 -1.0 -1.0 -1.0 1.883 2.0 4.52 323.429 1.203 662.781 2.7413537498014335 0.0
25.0 3.0 Car -1.0 -1.0 -1.0 -1.0 -1.0 -1.0 -1.0 2.112 1.593 4.643 291.325 1.032 669.976 3.1267273413002004 0.0
26.0 1.0 Bus -1.0 -1.0 -1.0 -1.0 -1.0 -1.0 -1.0 2.892 3.479 8.487 274.762 2.554 660.461 -2.377470443791327 0.0
26.0 2.0 Car -1.0 -1.0 -1.0 -1.0 -1.0 -1.0 -1.0 1.941 1.922 4.73 306.229 1.008 671.325 2.513906345204731 0.0
26.0 4.0 Car -1.0 -1.0 -1.0 -1.0 -1.0 -1.0 -1.0 2.165 2.003 5.238 292.662 1.118 680.233 0.6900767747547721 0.0
26.0 0.0 Car -1.0 -1.0 -1.0 -1.0 -1.0 -1.0 -1.0 1.883 2.0 4.52 322.275 1.203 663.354 2.7413537498014335 0.0
26.0 3.0 Car -1.0 -1.0 -1.0 -1.0 -1.0 -1.0 -1.0 2.112 1.593 4.643 287.887 1.154 669.803 -2.977251605385336 0.0
27.0 1.0 Bus -1.0 -1.0 -1.0 -1.0 -1.0 -1.0 -1.0 2.892 3.479 8.487 273.197 2.625 658.539 -2.235508694719522 0.0
27.0 2.0 Car -1.0 -1.0 -1.0 -1.0 -1.0 -1.0 -1.0 1.941 1.922 4.73 305.437 0.988 672.005 2.474412927532553 0.0
27.0 4.0 Car -1.0 -1.0 -1.0 -1.0 -1.0 -1.0 -1.0 2.165 2.003 5.238 295.993 1.015 683.313 0.7642981981257343 0.0
27.0 0.0 Car -1.0 -1.0 -1.0 -1.0 -1.0 -1.0 -1.0 1.883 2.0 4.52 321.324 1.528 663.84 2.7413537498014335 0.0
27.0 3.0 Car -1.0 -1.0 -1.0 -1.0 -1.0 -1.0 -1.0 2.112 1.593 4.643 284.822 1.276 668.447 -2.746032425623172 0.0
28.0 1.0 Bus -1.0 -1.0 -1.0 -1.0 -1.0 -1.0 -1.0 2.892 3.479 8.487 272.163 2.696 657.092 -2.252959456372851 0.0
28.0 2.0 Car -1.0 -1.0 -1.0 -1.0 -1.0 -1.0 -1.0 1.941 1.922 4.73 304.672 0.968 672.715 2.4348785440459206 0.0
28.0 4.0 Car -1.0 -1.0 -1.0 -1.0 -1.0 -1.0 -1.0 2.165 2.003 5.238 299.09 0.911 686.635 0.8385966100491596 0.0
28.0 0.0 Car -1.0 -1.0 -1.0 -1.0 -1.0 -1.0 -1.0 1.883 2.0 4.52 320.372 1.453 664.327 2.7413537498014335 0.0
28.0 3.0 Car -1.0 -1.0 -1.0 -1.0 -1.0 -1.0 -1.0 2.112 1.593 4.643 282.304 1.398 666.735 -2.5679547430317218 0.0
29.0 1.0 Bus -1.0 -1.0 -1.0 -1.0 -1.0 -1.0 -1.0 2.892 3.479 8.487 271.423 2.768 656.006 -2.270415279759409 0.0
29.0 2.0 Car -1.0 -1.0 -1.0 -1.0 -1.0 -1.0 -1.0 1.941 1.922 4.73 304.092 0.969 673.315 2.404986192901252 0.0
29.0 4.0 Car -1.0 -1.0 -1.0 -1.0 -1.0 -1.0 -1.0 2.165 2.003 5.238 303.201 0.801 690.364 0.7862248263553916 0.0
29.0 0.0 Car -1.0 -1.0 -1.0 -1.0 -1.0 -1.0 -1.0 1.883 2.0 4.52 319.38 1.528 664.68 2.7413537498014335 0.0
29.0 3.0 Car -1.0 -1.0 -1.0 -1.0 -1.0 -1.0 -1.0 2.112 1.593 4.643 280.112 1.519 664.589 -2.3374503426199458 0.0
30.0 1.0 Bus -1.0 -1.0 -1.0 -1.0 -1.0 -1.0 -1.0 2.892 3.479 8.487 270.838 2.814 655.309 -2.235514561513329 0.0
30.0 2.0 Car -1.0 -1.0 -1.0 -1.0 -1.0 -1.0 -1.0 1.941 1.922 4.73 303.531 0.97 673.931 2.3751142265054366 0.0
30.0 4.0 Car -1.0 -1.0 -1.0 -1.0 -1.0 -1.0 -1.0 2.165 2.003 5.238 306.99 0.591 694.517 0.7687834399693865 0.0
30.0 0.0 Car -1.0 -1.0 -1.0 -1.0 -1.0 -1.0 -1.0 1.883 2.0 4.52 318.388 1.553 665.032 2.7413537498014335 0.0
30.0 3.0 Car -1.0 -1.0 -1.0 -1.0 -1.0 -1.0 -1.0 2.112 1.593 4.643 278.851 1.574 663.387 -2.3374503426199458 0.0
31.0 1.0 Bus -1.0 -1.0 -1.0 -1.0 -1.0 -1.0 -1.0 2.892 3.479 8.487 270.277 2.86 654.592 -2.2006021096796364 0.0
31.0 2.0 Car -1.0 -1.0 -1.0 -1.0 -1.0 -1.0 -1.0 1.941 1.922 4.73 302.988 0.97 674.564 2.3452322171835 0.0
31.0 4.0 Car -1.0 -1.0 -1.0 -1.0 -1.0 -1.0 -1.0 2.165 2.003 5.238 311.302 0.445 699.065 0.7862367324893298 0.0
31.0 0.0 Car -1.0 -1.0 -1.0 -1.0 -1.0 -1.0 -1.0 1.883 2.0 4.52 317.255 1.603 665.41 2.7413537498014335 0.0
31.0 3.0 Car -1.0 -1.0 -1.0 -1.0 -1.0 -1.0 -1.0 2.112 1.593 4.643 277.59 1.629 662.184 -2.3374503426199458 0.0
32.0 1.0 Bus -1.0 -1.0 -1.0 -1.0 -1.0 -1.0 -1.0 2.892 3.479 8.487 269.863 2.931 653.849 -2.218055402199578 0.0
32.0 2.0 Car -1.0 -1.0 -1.0 -1.0 -1.0 -1.0 -1.0 1.941 1.922 4.73 302.465 0.971 675.213 2.3153505665374965 0.0
32.0 4.0 Car -1.0 -1.0 -1.0 -1.0 -1.0 -1.0 -1.0 2.165 2.003 5.238 315.277 0.32 703.281 0.8385966100491596 0.0
32.0 0.0 Car -1.0 -1.0 -1.0 -1.0 -1.0 -1.0 -1.0 1.883 2.0 4.52 316.122 1.553 665.788 2.7413537498014335 0.0
32.0 3.0 Car -1.0 -1.0 -1.0 -1.0 -1.0 -1.0 -1.0 2.112 1.593 4.643 276.329 1.685 660.982 -2.3374503426199458 0.0
33.0 1.0 Bus -1.0 -1.0 -1.0 -1.0 -1.0 -1.0 -1.0 2.892 3.479 8.487 269.274 2.702 653.25 -2.2093383275309653 0.0
33.0 2.0 Car -1.0 -1.0 -1.0 -1.0 -1.0 -1.0 -1.0 1.941 1.922 4.73 302.022 0.972 676.077 2.194214641919534 0.0
33.0 4.0 Car -1.0 -1.0 -1.0 -1.0 -1.0 -1.0 -1.0 2.165 2.003 5.238 319.144 0.355 707.573 0.8647720298181674 0.0
33.0 0.0 Car -1.0 -1.0 -1.0 -1.0 -1.0 -1.0 -1.0 1.883 2.0 4.52 314.614 1.503 666.476 2.7413537498014335 0.0
33.0 3.0 Car -1.0 -1.0 -1.0 -1.0 -1.0 -1.0 -1.0 2.112 1.593 4.643 275.951 1.456 660.812 -2.3374503426199458 0.0
34.0 1.0 Bus -1.0 -1.0 -1.0 -1.0 -1.0 -1.0 -1.0 2.892 3.479 8.487 268.901 2.674 652.491 -2.130762879178363 0.0
34.0 2.0 Car -1.0 -1.0 -1.0 -1.0 -1.0 -1.0 -1.0 1.941 1.922 4.73 301.584 0.973 677.086 2.1078959499816605 0.0
34.0 4.0 Car -1.0 -1.0 -1.0 -1.0 -1.0 -1.0 -1.0 2.165 2.003 5.238 323.407 0.3 712.406 0.8560499025691032 0.0
34.0 0.0 Car -1.0 -1.0 -1.0 -1.0 -1.0 -1.0 -1.0 1.883 2.0 4.52 313.104 1.453 667.166 2.7413537498014335 0.0
34.0 3.0 Car -1.0 -1.0 -1.0 -1.0 -1.0 -1.0 -1.0 2.112 1.593 4.643 275.574 1.428 660.642 -2.3374503426199458 0.0
35.0 1.0 Bus -1.0 -1.0 -1.0 -1.0 -1.0 -1.0 -1.0 2.892 3.479 8.487 268.616 2.595 651.164 -1.9737093069203735 0.0
35.0 2.0 Car -1.0 -1.0 -1.0 -1.0 -1.0 -1.0 -1.0 1.941 1.922 4.73 301.47 1.003 678.2 1.9864192284169573 0.0
35.0 4.0 Car -1.0 -1.0 -1.0 -1.0 -1.0 -1.0 -1.0 2.165 2.003 5.238 327.296 0.24 717.119 0.8473232213938875 0.0
35.0 0.0 Car -1.0 -1.0 -1.0 -1.0 -1.0 -1.0 -1.0 1.883 2.0 4.52 311.174 1.453 668.134 2.7413537498014335 0.0
35.0 3.0 Car -1.0 -1.0 -1.0 -1.0 -1.0 -1.0 -1.0 2.112 1.593 4.643 275.487 1.9 660.059 -2.3374503426199458 0.0
36.0 1.0 Bus -1.0 -1.0 -1.0 -1.0 -1.0 -1.0 -1.0 2.892 3.479 8.487 268.134 2.716 649.234 -1.8691095569951464 0.0
36.0 2.0 Car -1.0 -1.0 -1.0 -1.0 -1.0 -1.0 -1.0 1.941 1.922 4.73 301.293 1.033 679.484 1.864941534793523 0.0
36.0 4.0 Car -1.0 -1.0 -1.0 -1.0 -1.0 -1.0 -1.0 2.165 2.003 5.238 331.138 0.129 721.881 0.8560499025691032 0.0
36.0 0.0 Car -1.0 -1.0 -1.0 -1.0 -1.0 -1.0 -1.0 1.883 2.0 4.52 309.244 1.453 669.102 2.7413537498014335 0.0
36.0 3.0 Car -1.0 -1.0 -1.0 -1.0 -1.0 -1.0 -1.0 2.112 1.593 4.643 275.399 2.372 659.477 -2.3374503426199458 0.0
