0.0 3.0 Truck -1.0 -1.0 -1.0 -1.0 -1.0 -1.0 -1.0 3.787 4.254 11.279 1309.537 4.672 1074.924 -2.2822274364923305 0.0
0.0 7.0 Truck -1.0 -1.0 -1.0 -1.0 -1.0 -1.0 -1.0 3.2 4.516 11.599 1295.446 2.636 1036.256 -0.6765245246575651 0.0
1.0 3.0 Truck -1.0 -1.0 -1.0 -1.0 -1.0 -1.0 -1.0 3.787 4.254 11.279 1309.494 4.615 1074.874 -2.2822274364923305 1.0
1.0 7.0 Truck -1.0 -1.0 -1.0 -1.0 -1.0 -1.0 -1.0 3.2 4.516 11.599 1300.722 2.636 1032.346 -0.6765245246575651 1.0
2.0 3.0 Truck -1.0 -1.0 -1.0 -1.0 -1.0 -1.0 -1.0 3.787 4.254 11.279 1309.452 4.557 1074.825 -2.2822274364923305 1.0
2.0 7.0 Truck -1.0 -1.0 -1.0 -1.0 -1.0 -1.0 -1.0 3.2 4.516 11.599 1305.024 2.511 1029.219 -0.6765245246575651 1.0
3.0 3.0 Truck -1.0 -1.0 -1.0 -1.0 -1.0 -1.0 -1.0 3.787 4.254 11.279 1309.409 4.5 1074.776 -2.2822274364923305 1.0
3.0 7.0 Truck -1.0 -1.0 -1.0 -1.0 -1.0 -1.0 -1.0 3.2 4.516 11.599 1309.448 1.838 1025.994 -0.6765245246575651 1.0
4.0 3.0 Truck -1.0 -1.0 -1.0 -1.0 -1.0 -1.0 -1.0 3.787 4.254 11.279 1309.35 4.259 1074.707 -2.2822274364923305 1.0
4.0 7.0 Truck -1.0 -1.0 -1.0 -1.0 -1.0 -1.0 -1.0 3.2 4.516 11.599 1313.672 2.042 1022.521 -0.6765245246575651 1.0
5.0 3.0 Truck -1.0 -1.0 -1.0 -1.0 -1.0 -1.0 -1.0 3.787 4.254 11.279 1309.224 4.168 1074.561 -2.2822274364923305 1.0
5.0 7.0 Truck -1.0 -1.0 -1.0 -1.0 -1.0 -1.0 -1.0 3.2 4.516 11.599 1317.865 2.044 1019.174 -0.6765245246575651 1.0
6.0 3.0 Truck -1.0 -1.0 -1.0 -1.0 -1.0 -1.0 -1.0 3.787 4.254 11.279 1309.13 4.068 1074.452 -2.2996807290122736 1.0
6.0 7.0 Truck -1.0 -1.0 -1.0 -1.0 -1.0 -1.0 -1.0 3.2 4.516 11.599 1322.689 2.046 1015.117 -0.6939778171775082 1.0
6.0 4.0 Truck -1.0 -1.0 -1.0 -1.0 -1.0 -1.0 -1.0 3.328 3.76 8.245 1321.768 4.524 1100.272 -2.288912047530731 0.0
7.0 3.0 Truck -1.0 -1.0 -1.0 -1.0 -1.0 -1.0 -1.0 3.787 4.254 11.279 1309.699 3.916 1075.11 -2.2909581264204113 1.0
7.0 7.0 Truck -1.0 -1.0 -1.0 -1.0 -1.0 -1.0 -1.0 3.2 4.516 11.599 1327.049 2.169 1011.642 -0.6939778171775082 1.0
7.0 4.0 Truck -1.0 -1.0 -1.0 -1.0 -1.0 -1.0 -1.0 3.328 3.76 8.245 1320.639 4.492 1098.867 -2.288912047530731 1.0
8.0 3.0 Truck -1.0 -1.0 -1.0 -1.0 -1.0 -1.0 -1.0 3.787 4.254 11.279 1309.294 3.914 1074.661 -2.2822274364923305 1.0
8.0 7.0 Truck -1.0 -1.0 -1.0 -1.0 -1.0 -1.0 -1.0 3.2 4.516 11.599 1331.463 1.931 1007.499 -0.6939778171775082 0.0
8.0 4.0 Truck -1.0 -1.0 -1.0 -1.0 -1.0 -1.0 -1.0 3.328 3.76 8.245 1319.508 4.46 1097.46 -2.288912047530731 1.0
8.0 0.0 Car -1.0 -1.0 -1.0 -1.0 -1.0 -1.0 -1.0 2.047 1.538 4.754 1300.634 2.127 1064.75 -2.274965800153476 0.0
9.0 3.0 Truck -1.0 -1.0 -1.0 -1.0 -1.0 -1.0 -1.0 3.787 4.254 11.279 1309.089 3.75 1074.431 -2.2822274364923305 1.0
9.0 7.0 Truck -1.0 -1.0 -1.0 -1.0 -1.0 -1.0 -1.0 3.2 4.516 11.599 1336.361 2.04 1003.415 -0.6765245246575651 0.0
9.0 4.0 Truck -1.0 -1.0 -1.0 -1.0 -1.0 -1.0 -1.0 3.328 3.76 8.245 1318.378 4.428 1096.054 -2.288912047530731 1.0
9.0 0.0 Car -1.0 -1.0 -1.0 -1.0 -1.0 -1.0 -1.0 2.047 1.538 4.754 1299.699 2.012 1063.649 -2.2256865334188096 1.0
10.0 3.0 Truck -1.0 -1.0 -1.0 -1.0 -1.0 -1.0 -1.0 3.787 4.254 11.279 1308.163 3.7 1073.247 -2.2822274364923305 1.0
10.0 7.0 Truck -1.0 -1.0 -1.0 -1.0 -1.0 -1.0 -1.0 3.2 4.516 11.599 1341.155 2.102 999.313 -0.6765245246575651 0.0
10.0 4.0 Truck -1.0 -1.0 -1.0 -1.0 -1.0 -1.0 -1.0 3.328 3.76 8.245 1317.473 4.38 1094.906 -2.288912047530731 1.0
10.0 0.0 Car -1.0 -1.0 -1.0 -1.0 -1.0 -1.0 -1.0 2.047 1.538 4.754 1298.746 1.897 1062.412 -2.176467103082874 1.0
11.0 3.0 Truck -1.0 -1.0 -1.0 -1.0 -1.0 -1.0 -1.0 3.787 4.254 11.279 1307.12 3.7 1072.164 -2.2822274364923305 1.0
11.0 7.0 Truck -1.0 -1.0 -1.0 -1.0 -1.0 -1.0 -1.0 3.2 4.516 11.599 1345.805 2.167 995.327 -0.6765245246575651 0.0
11.0 4.0 Truck -1.0 -1.0 -1.0 -1.0 -1.0 -1.0 -1.0 3.328 3.76 8.245 1317.089 4.331 1094.353 -2.288912047530731 1.0
11.0 0.0 Car -1.0 -1.0 -1.0 -1.0 -1.0 -1.0 -1.0 2.047 1.538 4.754 1297.616 1.781 1060.773 -2.1271371676349484 1.0
12.0 2.0 Truck -1.0 -1.0 -1.0 -1.0 -1.0 -1.0 -1.0 2.892 3.587 7.708 1395.609 1.028 973.133 2.4273424932084287 0.0
12.0 3.0 Truck -1.0 -1.0 -1.0 -1.0 -1.0 -1.0 -1.0 3.787 4.254 11.279 1305.794 3.564 1070.636 -2.2822274364923305 1.0
12.0 7.0 Truck -1.0 -1.0 -1.0 -1.0 -1.0 -1.0 -1.0 3.2 4.516 11.599 1350.343 2.482 991.328 -0.6765245246575651 0.0
12.0 4.0 Truck -1.0 -1.0 -1.0 -1.0 -1.0 -1.0 -1.0 3.328 3.76 8.245 1316.134 4.182 1093.379 -2.288912047530731 1.0
12.0 0.0 Car -1.0 -1.0 -1.0 -1.0 -1.0 -1.0 -1.0 2.047 1.538 4.754 1296.502 1.666 1058.97 -2.0778606610636494 1.0
13.0 2.0 Truck -1.0 -1.0 -1.0 -1.0 -1.0 -1.0 -1.0 2.892 3.587 7.708 1390.398 1.071 977.686 2.4273424932084287 1.0
13.0 3.0 Truck -1.0 -1.0 -1.0 -1.0 -1.0 -1.0 -1.0 3.787 4.254 11.279 1304.469 3.428 1069.107 -2.2822274364923305 1.0
13.0 7.0 Truck -1.0 -1.0 -1.0 -1.0 -1.0 -1.0 -1.0 3.2 4.516 11.599 1355.14 2.377 987.122 -0.6765245246575651 0.0
13.0 4.0 Truck -1.0 -1.0 -1.0 -1.0 -1.0 -1.0 -1.0 3.328 3.76 8.245 1315.179 4.034 1092.404 -2.288912047530731 1.0
13.0 0.0 Car -1.0 -1.0 -1.0 -1.0 -1.0 -1.0 -1.0 2.047 1.538 4.754 1295.489 1.513 1056.6 -1.9371117069303276 1.0
14.0 2.0 Truck -1.0 -1.0 -1.0 -1.0 -1.0 -1.0 -1.0 2.892 3.587 7.708 1385.175 1.115 982.25 2.4273424932084287 1.0
14.0 3.0 Truck -1.0 -1.0 -1.0 -1.0 -1.0 -1.0 -1.0 3.787 4.254 11.279 1302.843 3.269 1067.135 -2.2773381326488327 1.0
14.0 7.0 Truck -1.0 -1.0 -1.0 -1.0 -1.0 -1.0 -1.0 3.2 4.516 11.599 1359.948 2.273 982.906 -0.6765245246575651 0.0
14.0 4.0 Truck -1.0 -1.0 -1.0 -1.0 -1.0 -1.0 -1.0 3.328 3.76 8.245 1314.303 3.885 1091.521 -2.288912047530731 1.0
14.0 0.0 Car -1.0 -1.0 -1.0 -1.0 -1.0 -1.0 -1.0 2.047 1.538 4.754 1294.862 1.378 1054.028 -1.7960485200593335 1.0
15.0 2.0 Truck -1.0 -1.0 -1.0 -1.0 -1.0 -1.0 -1.0 2.892 3.587 7.708 1380.123 1.157 986.665 2.4273424932084287 1.0
15.0 3.0 Truck -1.0 -1.0 -1.0 -1.0 -1.0 -1.0 -1.0 3.787 4.254 11.279 1301.193 3.11 1065.19 -2.272459671435124 1.0
15.0 7.0 Truck -1.0 -1.0 -1.0 -1.0 -1.0 -1.0 -1.0 3.2 4.516 11.599 1364.682 2.169 978.75 -0.6765245246575651 0.0
15.0 4.0 Truck -1.0 -1.0 -1.0 -1.0 -1.0 -1.0 -1.0 3.328 3.76 8.245 1313.429 3.737 1090.639 -2.288912047530731 1.0
15.0 0.0 Car -1.0 -1.0 -1.0 -1.0 -1.0 -1.0 -1.0 2.047 1.538 4.754 1294.482 1.21 1050.844 -1.6086294444855072 1.0
16.0 2.0 Truck -1.0 -1.0 -1.0 -1.0 -1.0 -1.0 -1.0 2.892 3.587 7.708 1373.775 1.209 992.211 2.4273424932084287 1.0
16.0 3.0 Truck -1.0 -1.0 -1.0 -1.0 -1.0 -1.0 -1.0 3.787 4.254 11.279 1299.082 2.92 1062.964 -2.2665988055027353 1.0
16.0 7.0 Truck -1.0 -1.0 -1.0 -1.0 -1.0 -1.0 -1.0 3.2 4.516 11.599 1370.308 2.044 973.807 -0.6765245246575651 0.0
16.0 4.0 Truck -1.0 -1.0 -1.0 -1.0 -1.0 -1.0 -1.0 3.328 3.76 8.245 1312.79 3.629 1089.819 -2.3079623184098987 1.0
16.0 0.0 Car -1.0 -1.0 -1.0 -1.0 -1.0 -1.0 -1.0 2.047 1.538 4.754 1295.227 1.073 1046.718 -1.3259977571694952 1.0
17.0 2.0 Truck -1.0 -1.0 -1.0 -1.0 -1.0 -1.0 -1.0 2.892 3.587 7.708 1368.492 1.253 996.827 2.4273424932084287 1.0
17.0 3.0 Truck -1.0 -1.0 -1.0 -1.0 -1.0 -1.0 -1.0 3.787 4.254 11.279 1297.574 2.788 1060.722 -2.213981607318425 1.0
17.0 5.0 Truck -1.0 -1.0 -1.0 -1.0 -1.0 -1.0 -1.0 3.383 4.194 9.591 1297.965 3.118 1067.421 -2.3012117430193637 0.0
17.0 7.0 Truck -1.0 -1.0 -1.0 -1.0 -1.0 -1.0 -1.0 3.2 4.516 11.599 1374.99 1.94 969.692 -0.6765245246575651 0.0
17.0 4.0 Truck -1.0 -1.0 -1.0 -1.0 -1.0 -1.0 -1.0 3.328 3.76 8.245 1312.258 3.539 1089.136 -2.3238186325706174 1.0
17.0 0.0 Car -1.0 -1.0 -1.0 -1.0 -1.0 -1.0 -1.0 2.047 1.538 4.754 1296.59 0.934 1042.948 -1.1899135682164086 1.0
18.0 2.0 Truck -1.0 -1.0 -1.0 -1.0 -1.0 -1.0 -1.0 2.892 3.587 7.708 1364.445 1.271 1000.365 2.4272506738995547 1.0
18.0 3.0 Truck -1.0 -1.0 -1.0 -1.0 -1.0 -1.0 -1.0 3.787 4.254 11.279 1296.245 2.657 1058.365 -2.1089038147462826 1.0
18.0 5.0 Truck -1.0 -1.0 -1.0 -1.0 -1.0 -1.0 -1.0 3.383 4.194 9.591 1296.464 2.955 1065.587 -2.3012117430193637 1.0
18.0 7.0 Truck -1.0 -1.0 -1.0 -1.0 -1.0 -1.0 -1.0 3.2 4.516 11.599 1379.678 1.836 965.573 -0.6765245246575651 0.0
18.0 4.0 Truck -1.0 -1.0 -1.0 -1.0 -1.0 -1.0 -1.0 3.328 3.76 8.245 1311.774 3.641 1088.541 -2.3238186325706174 1.0
18.0 6.0 Car -1.0 -1.0 -1.0 -1.0 -1.0 -1.0 -1.0 2.347 2.0 4.646 1312.191 2.632 1078.494 -2.3170077884565274 0.0
18.0 0.0 Car -1.0 -1.0 -1.0 -1.0 -1.0 -1.0 -1.0 2.047 1.538 4.754 1298.454 0.794 1039.393 -1.053672836422431 1.0
19.0 2.0 Truck -1.0 -1.0 -1.0 -1.0 -1.0 -1.0 -1.0 2.892 3.587 7.708 1360.397 1.289 1003.902 2.427158854957644 1.0
19.0 3.0 Truck -1.0 -1.0 -1.0 -1.0 -1.0 -1.0 -1.0 3.787 4.254 11.279 1295.17 2.525 1055.882 -2.003826442125833 1.0
19.0 5.0 Truck -1.0 -1.0 -1.0 -1.0 -1.0 -1.0 -1.0 3.383 4.194 9.591 1294.963 2.791 1063.754 -2.3012117430193637 1.0
19.0 7.0 Truck -1.0 -1.0 -1.0 -1.0 -1.0 -1.0 -1.0 3.2 4.516 11.599 1384.366 1.732 961.454 -0.6765245246575651 0.0
19.0 4.0 Truck -1.0 -1.0 -1.0 -1.0 -1.0 -1.0 -1.0 3.328 3.76 8.245 1311.29 3.742 1087.945 -2.3238186325706174 1.0
19.0 6.0 Car -1.0 -1.0 -1.0 -1.0 -1.0 -1.0 -1.0 2.347 2.0 4.646 1310.685 2.525 1076.549 -2.3170077884565274 1.0
19.0 0.0 Car -1.0 -1.0 -1.0 -1.0 -1.0 -1.0 -1.0 2.047 1.538 4.754 1300.784 0.654 1036.124 -0.9174326491252915 1.0
20.0 2.0 Truck -1.0 -1.0 -1.0 -1.0 -1.0 -1.0 -1.0 2.892 3.587 7.708 1356.35 1.307 1007.44 2.4270670343643994 1.0
20.0 3.0 Truck -1.0 -1.0 -1.0 -1.0 -1.0 -1.0 -1.0 3.787 4.254 11.279 1294.417 2.46 1053.292 -1.8579898400788033 1.0
20.0 5.0 Truck -1.0 -1.0 -1.0 -1.0 -1.0 -1.0 -1.0 3.383 4.194 9.591 1293.383 2.703 1061.928 -2.2971093276706136 1.0
20.0 4.0 Truck -1.0 -1.0 -1.0 -1.0 -1.0 -1.0 -1.0 3.328 3.76 8.245 1310.635 3.57 1087.139 -2.3063557438105855 1.0
20.0 6.0 Car -1.0 -1.0 -1.0 -1.0 -1.0 -1.0 -1.0 2.347 2.0 4.646 1309.18 2.419 1074.605 -2.3170077884565274 1.0
20.0 1.0 Car -1.0 -1.0 -1.0 -1.0 -1.0 -1.0 -1.0 2.206 1.897 5.001 1351.509 0.742 1003.545 2.424681210054646 0.0
20.0 0.0 Car -1.0 -1.0 -1.0 -1.0 -1.0 -1.0 -1.0 2.047 1.538 4.754 1304.411 0.427 1032.091 -0.7986975722971668 1.0
21.0 2.0 Truck -1.0 -1.0 -1.0 -1.0 -1.0 -1.0 -1.0 2.892 3.587 7.708 1352.307 1.325 1010.974 2.426975314686011 1.0
21.0 3.0 Truck -1.0 -1.0 -1.0 -1.0 -1.0 -1.0 -1.0 3.787 4.254 11.279 1294.049 2.395 1050.624 -1.712313518849712 1.0
21.0 5.0 Truck -1.0 -1.0 -1.0 -1.0 -1.0 -1.0 -1.0 3.383 4.194 9.591 1291.806 2.614 1060.104 -2.2930114210561485 1.0
21.0 4.0 Truck -1.0 -1.0 -1.0 -1.0 -1.0 -1.0 -1.0 3.328 3.76 8.245 1309.981 3.398 1086.334 -2.288912047530731 1.0
21.0 6.0 Car -1.0 -1.0 -1.0 -1.0 -1.0 -1.0 -1.0 2.347 2.0 4.646 1307.414 2.31 1072.592 -2.3170077884565274 1.0
21.0 1.0 Car -1.0 -1.0 -1.0 -1.0 -1.0 -1.0 -1.0 2.206 1.897 5.001 1347.676 0.73 1006.809 2.424681210054646 1.0
21.0 0.0 Car -1.0 -1.0 -1.0 -1.0 -1.0 -1.0 -1.0 2.047 1.538 4.754 1308.233 0.418 1028.244 -0.7695976909317612 1.0
22.0 2.0 Truck -1.0 -1.0 -1.0 -1.0 -1.0 -1.0 -1.0 2.892 3.587 7.708 1348.264 1.343 1014.507 2.426883598310291 0.0
22.0 3.0 Truck -1.0 -1.0 -1.0 -1.0 -1.0 -1.0 -1.0 3.787 4.254 11.279 1294.072 2.33 1047.93 -1.566642443174663 1.0
22.0 5.0 Truck -1.0 -1.0 -1.0 -1.0 -1.0 -1.0 -1.0 3.383 4.194 9.591 1290.758 2.551 1058.151 -2.2015959686347615 1.0
22.0 4.0 Truck -1.0 -1.0 -1.0 -1.0 -1.0 -1.0 -1.0 3.328 3.76 8.245 1309.329 3.311 1085.69 -2.291215728235953 1.0
22.0 6.0 Car -1.0 -1.0 -1.0 -1.0 -1.0 -1.0 -1.0 2.347 2.0 4.646 1305.439 2.151 1070.352 -2.3170077884565274 1.0
22.0 1.0 Car -1.0 -1.0 -1.0 -1.0 -1.0 -1.0 -1.0 2.206 1.897 5.001 1344.116 0.748 1009.836 2.424681210054646 1.0
22.0 0.0 Car -1.0 -1.0 -1.0 -1.0 -1.0 -1.0 -1.0 2.047 1.538 4.754 1312.164 0.41 1024.511 -0.7404988574030874 0.0
23.0 2.0 Truck -1.0 -1.0 -1.0 -1.0 -1.0 -1.0 -1.0 2.892 3.587 7.708 1344.226 1.36 1018.037 2.4267919799137228 0.0
23.0 3.0 Truck -1.0 -1.0 -1.0 -1.0 -1.0 -1.0 -1.0 3.787 4.254 11.279 1294.629 2.189 1045.136 -1.3569496584770304 1.0
23.0 5.0 Truck -1.0 -1.0 -1.0 -1.0 -1.0 -1.0 -1.0 3.383 4.194 9.591 1289.893 2.487 1056.113 -2.1102781738935024 1.0
23.0 4.0 Truck -1.0 -1.0 -1.0 -1.0 -1.0 -1.0 -1.0 3.328 3.76 8.245 1308.677 3.223 1085.047 -2.293516947955559 1.0
23.0 6.0 Car -1.0 -1.0 -1.0 -1.0 -1.0 -1.0 -1.0 2.347 2.0 4.646 1303.466 1.992 1068.115 -2.3170077884565274 1.0
23.0 1.0 Car -1.0 -1.0 -1.0 -1.0 -1.0 -1.0 -1.0 2.206 1.897 5.001 1340.559 0.767 1012.86 2.424681210054646 1.0
23.0 0.0 Car -1.0 -1.0 -1.0 -1.0 -1.0 -1.0 -1.0 2.047 1.538 4.754 1316.198 0.401 1020.897 -0.7114311096974514 0.0
24.0 2.0 Truck -1.0 -1.0 -1.0 -1.0 -1.0 -1.0 -1.0 2.892 3.587 7.708 1340.183 1.378 1021.571 2.4267002629875583 0.0
24.0 3.0 Truck -1.0 -1.0 -1.0 -1.0 -1.0 -1.0 -1.0 3.787 4.254 11.279 1295.855 2.049 1042.244 -1.200583274390125 1.0
24.0 5.0 Truck -1.0 -1.0 -1.0 -1.0 -1.0 -1.0 -1.0 3.383 4.194 9.591 1289.267 2.374 1053.684 -1.984008375443496 1.0
24.0 4.0 Truck -1.0 -1.0 -1.0 -1.0 -1.0 -1.0 -1.0 3.328 3.76 8.245 1308.025 3.136 1084.403 -2.2958206424865426 1.0
24.0 6.0 Car -1.0 -1.0 -1.0 -1.0 -1.0 -1.0 -1.0 2.347 2.0 4.646 1301.615 1.847 1065.962 -2.265022694308979 1.0
24.0 1.0 Car -1.0 -1.0 -1.0 -1.0 -1.0 -1.0 -1.0 2.206 1.897 5.001 1337.114 0.775 1015.863 2.424681210054646 1.0
24.0 0.0 Car -1.0 -1.0 -1.0 -1.0 -1.0 -1.0 -1.0 2.047 1.538 4.754 1320.532 0.344 1017.125 -0.7056112459473876 0.0
25.0 2.0 Truck -1.0 -1.0 -1.0 -1.0 -1.0 -1.0 -1.0 2.892 3.587 7.708 1336.668 1.464 1024.827 2.412930874789656 0.0
25.0 3.0 Truck -1.0 -1.0 -1.0 -1.0 -1.0 -1.0 -1.0 3.787 4.254 11.279 1297.516 1.908 1039.578 -1.0442084443225235 1.0
25.0 5.0 Truck -1.0 -1.0 -1.0 -1.0 -1.0 -1.0 -1.0 3.383 4.194 9.591 1288.951 2.26 1051.195 -1.8577317566510845 1.0
25.0 4.0 Truck -1.0 -1.0 -1.0 -1.0 -1.0 -1.0 -1.0 3.328 3.76 8.245 1307.187 3.111 1083.494 -2.3151031152406207 1.0
25.0 6.0 Car -1.0 -1.0 -1.0 -1.0 -1.0 -1.0 -1.0 2.347 2.0 4.646 1299.88 1.701 1063.716 -2.213034792236284 0.0
25.0 1.0 Car -1.0 -1.0 -1.0 -1.0 -1.0 -1.0 -1.0 2.206 1.897 5.001 1333.963 0.784 1018.609 2.424681210054646 1.0
25.0 0.0 Car -1.0 -1.0 -1.0 -1.0 -1.0 -1.0 -1.0 2.047 1.538 4.754 1324.865 0.287 1013.353 -0.6997910678429493 0.0
26.0 2.0 Truck -1.0 -1.0 -1.0 -1.0 -1.0 -1.0 -1.0 2.892 3.587 7.708 1333.306 1.551 1027.663 2.399177875539833 0.0
26.0 3.0 Truck -1.0 -1.0 -1.0 -1.0 -1.0 -1.0 -1.0 3.787 4.254 11.279 1299.57 1.767 1037.206 -0.8880197386443268 1.0
26.0 5.0 Truck -1.0 -1.0 -1.0 -1.0 -1.0 -1.0 -1.0 3.383 4.194 9.591 1289.165 2.176 1048.175 -1.6212073621806093 1.0
26.0 4.0 Truck -1.0 -1.0 -1.0 -1.0 -1.0 -1.0 -1.0 3.328 3.76 8.245 1306.332 3.087 1082.601 -2.3343626371242423 1.0
26.0 6.0 Car -1.0 -1.0 -1.0 -1.0 -1.0 -1.0 -1.0 2.347 2.0 4.646 1298.623 1.633 1061.893 -2.1635429014298113 0.0
26.0 1.0 Car -1.0 -1.0 -1.0 -1.0 -1.0 -1.0 -1.0 2.206 1.897 5.001 1330.816 0.792 1021.352 2.424681210054646 1.0
26.0 0.0 Car -1.0 -1.0 -1.0 -1.0 -1.0 -1.0 -1.0 2.047 1.538 4.754 1329.194 0.23 1009.585 -0.6939778171775082 0.0
27.0 2.0 Truck -1.0 -1.0 -1.0 -1.0 -1.0 -1.0 -1.0 2.892 3.587 7.708 1329.907 1.645 1031.114 2.384038453915894 0.0
27.0 3.0 Truck -1.0 -1.0 -1.0 -1.0 -1.0 -1.0 -1.0 3.787 4.254 11.279 1302.725 1.612 1034.305 -0.7637909872572806 0.0
27.0 5.0 Truck -1.0 -1.0 -1.0 -1.0 -1.0 -1.0 -1.0 3.383 4.194 9.591 1290.211 2.083 1045.012 -1.360839244129462 0.0
27.0 4.0 Truck -1.0 -1.0 -1.0 -1.0 -1.0 -1.0 -1.0 3.328 3.76 8.245 1305.363 3.06 1081.647 -2.355563686929823 0.0
27.0 6.0 Car -1.0 -1.0 -1.0 -1.0 -1.0 -1.0 -1.0 2.347 2.0 4.646 1297.345 1.559 1059.817 -2.109061796016041 0.0
27.0 1.0 Car -1.0 -1.0 -1.0 -1.0 -1.0 -1.0 -1.0 2.206 1.897 5.001 1327.686 0.78 1024.081 2.424681210054646 0.0
27.0 0.0 Car -1.0 -1.0 -1.0 -1.0 -1.0 -1.0 -1.0 2.047 1.538 4.754 1334.379 0.238 1005.226 -0.6939778171775082 0.0
28.0 2.0 Truck -1.0 -1.0 -1.0 -1.0 -1.0 -1.0 -1.0 2.892 3.587 7.708 1327.157 1.69 1034.196 2.30879441673962 0.0
28.0 3.0 Truck -1.0 -1.0 -1.0 -1.0 -1.0 -1.0 -1.0 3.787 4.254 11.279 1306.095 1.6 1031.248 -0.7637909872572806 0.0
28.0 5.0 Truck -1.0 -1.0 -1.0 -1.0 -1.0 -1.0 -1.0 3.383 4.194 9.591 1291.57 2.004 1042.369 -1.21875414001047 0.0
28.0 4.0 Truck -1.0 -1.0 -1.0 -1.0 -1.0 -1.0 -1.0 3.328 3.76 8.245 1304.481 3.036 1080.78 -2.3748452725073963 0.0
28.0 6.0 Car -1.0 -1.0 -1.0 -1.0 -1.0 -1.0 -1.0 2.347 2.0 4.646 1296.691 1.503 1058.55 -2.0372401340100272 0.0
28.0 1.0 Car -1.0 -1.0 -1.0 -1.0 -1.0 -1.0 -1.0 2.206 1.897 5.001 1325.406 0.809 1026.068 2.424681210054646 0.0
28.0 0.0 Car -1.0 -1.0 -1.0 -1.0 -1.0 -1.0 -1.0 2.047 1.538 4.754 1339.095 0.244 1001.262 -0.6939778171775082 0.0
29.0 2.0 Truck -1.0 -1.0 -1.0 -1.0 -1.0 -1.0 -1.0 2.892 3.587 7.708 1325.106 1.73 1036.953 2.241040854719017 0.0
29.0 3.0 Truck -1.0 -1.0 -1.0 -1.0 -1.0 -1.0 -1.0 3.787 4.254 11.279 1309.05 1.59 1028.566 -0.7637909872572806 0.0
29.0 5.0 Truck -1.0 -1.0 -1.0 -1.0 -1.0 -1.0 -1.0 3.383 4.194 9.591 1293.059 1.934 1040.229 -1.0941681640517804 0.0
29.0 4.0 Truck -1.0 -1.0 -1.0 -1.0 -1.0 -1.0 -1.0 3.328 3.76 8.245 1303.842 2.985 1080.095 -2.363249514473438 0.0
29.0 6.0 Car -1.0 -1.0 -1.0 -1.0 -1.0 -1.0 -1.0 2.347 2.0 4.646 1296.181 1.453 1057.372 -1.9725682528382686 0.0
29.0 1.0 Car -1.0 -1.0 -1.0 -1.0 -1.0 -1.0 -1.0 2.206 1.897 5.001 1323.659 0.817 1027.591 2.424681210054646 0.0
29.0 0.0 Car -1.0 -1.0 -1.0 -1.0 -1.0 -1.0 -1.0 2.047 1.538 4.754 1343.56 0.227 997.309 -0.6939778171775082 0.0
30.0 2.0 Truck -1.0 -1.0 -1.0 -1.0 -1.0 -1.0 -1.0 2.892 3.587 7.708 1323.116 1.853 1040.029 2.1668437196447967 0.0
30.0 3.0 Truck -1.0 -1.0 -1.0 -1.0 -1.0 -1.0 -1.0 3.787 4.254 11.279 1312.289 1.578 1025.628 -0.7637909872572806 0.0
30.0 5.0 Truck -1.0 -1.0 -1.0 -1.0 -1.0 -1.0 -1.0 3.383 4.194 9.591 1295.009 1.857 1038.091 -0.9558005952251841 0.0
30.0 4.0 Truck -1.0 -1.0 -1.0 -1.0 -1.0 -1.0 -1.0 3.328 3.76 8.245 1303.132 2.928 1079.335 -2.350371043718493 0.0
30.0 6.0 Car -1.0 -1.0 -1.0 -1.0 -1.0 -1.0 -1.0 2.347 2.0 4.646 1295.705 1.397 1056.028 -1.9007424241258486 0.0
30.0 1.0 Car -1.0 -1.0 -1.0 -1.0 -1.0 -1.0 -1.0 2.206 1.897 5.001 1322.166 0.822 1028.892 2.424681210054646 0.0
30.0 0.0 Car -1.0 -1.0 -1.0 -1.0 -1.0 -1.0 -1.0 2.047 1.538 4.754 1348.518 0.207 992.919 -0.6939778171775082 0.0
31.0 2.0 Truck -1.0 -1.0 -1.0 -1.0 -1.0 -1.0 -1.0 2.892 3.587 7.708 1321.511 1.986 1043.178 2.050289769372588 0.0
31.0 3.0 Truck -1.0 -1.0 -1.0 -1.0 -1.0 -1.0 -1.0 3.787 4.254 11.279 1315.535 1.567 1022.683 -0.7637909872572806 0.0
31.0 5.0 Truck -1.0 -1.0 -1.0 -1.0 -1.0 -1.0 -1.0 3.383 4.194 9.591 1296.778 1.773 1036.4 -0.8848515824413044 0.0
31.0 4.0 Truck -1.0 -1.0 -1.0 -1.0 -1.0 -1.0 -1.0 3.328 3.76 8.245 1302.421 2.871 1078.573 -2.337465342593681 0.0
31.0 6.0 Car -1.0 -1.0 -1.0 -1.0 -1.0 -1.0 -1.0 2.347 2.0 4.646 1295.348 1.357 1054.525 -1.8076390791729744 0.0
31.0 1.0 Car -1.0 -1.0 -1.0 -1.0 -1.0 -1.0 -1.0 2.206 1.897 5.001 1321.007 0.827 1029.902 2.424681210054646 0.0
31.0 0.0 Car -1.0 -1.0 -1.0 -1.0 -1.0 -1.0 -1.0 2.047 1.538 4.754 1353.488 0.188 988.519 -0.6939778171775082 0.0
32.0 2.0 Truck -1.0 -1.0 -1.0 -1.0 -1.0 -1.0 -1.0 2.892 3.587 7.708 1320.693 2.092 1045.917 1.9574042094054767 0.0
32.0 3.0 Truck -1.0 -1.0 -1.0 -1.0 -1.0 -1.0 -1.0 3.787 4.254 11.279 1318.842 1.522 1019.837 -0.7637909872572806 0.0
32.0 5.0 Truck -1.0 -1.0 -1.0 -1.0 -1.0 -1.0 -1.0 3.383 4.194 9.591 1298.271 1.706 1035.145 -0.8283100515352014 0.0
32.0 4.0 Truck -1.0 -1.0 -1.0 -1.0 -1.0 -1.0 -1.0 3.328 3.76 8.245 1301.854 2.826 1077.966 -2.327180377794575 0.0
32.0 6.0 Car -1.0 -1.0 -1.0 -1.0 -1.0 -1.0 -1.0 2.347 2.0 4.646 1295.165 1.325 1053.307 -1.7334420544426945 0.0
32.0 1.0 Car -1.0 -1.0 -1.0 -1.0 -1.0 -1.0 -1.0 2.206 1.897 5.001 1320.283 0.833 1030.533 2.424681210054646 0.0
32.0 0.0 Car -1.0 -1.0 -1.0 -1.0 -1.0 -1.0 -1.0 2.047 1.538 4.754 1357.448 0.172 985.013 -0.6939778171775082 0.0
33.0 2.0 Truck -1.0 -1.0 -1.0 -1.0 -1.0 -1.0 -1.0 2.892 3.587 7.708 1319.645 2.211 1049.459 1.8526816293129804 0.0
33.0 3.0 Truck -1.0 -1.0 -1.0 -1.0 -1.0 -1.0 -1.0 3.787 4.254 11.279 1322.448 1.567 1016.385 -0.7637909872572806 0.0
33.0 5.0 Truck -1.0 -1.0 -1.0 -1.0 -1.0 -1.0 -1.0 3.383 4.194 9.591 1300.695 1.63 1033.083 -0.764563060065663 0.0
33.0 4.0 Truck -1.0 -1.0 -1.0 -1.0 -1.0 -1.0 -1.0 3.328 3.76 8.245 1301.247 2.769 1077.287 -2.314287841020758 0.0
33.0 6.0 Car -1.0 -1.0 -1.0 -1.0 -1.0 -1.0 -1.0 2.347 2.0 4.646 1295.063 1.284 1051.768 -1.6404336787673481 0.0
33.0 1.0 Car -1.0 -1.0 -1.0 -1.0 -1.0 -1.0 -1.0 2.206 1.897 5.001 1319.663 0.838 1031.074 2.424681210054646 0.0
33.0 0.0 Car -1.0 -1.0 -1.0 -1.0 -1.0 -1.0 -1.0 2.047 1.538 4.754 1362.412 0.153 980.618 -0.6939778171775082 0.0
34.0 3.0 Truck -1.0 -1.0 -1.0 -1.0 -1.0 -1.0 -1.0 3.787 4.254 11.279 1326.708 1.658 1012.304 -0.7637909872572806 0.0
34.0 5.0 Truck -1.0 -1.0 -1.0 -1.0 -1.0 -1.0 -1.0 3.383 4.194 9.591 1303.245 1.554 1031.179 -0.7008195078452183 0.0
34.0 4.0 Truck -1.0 -1.0 -1.0 -1.0 -1.0 -1.0 -1.0 3.328 3.76 8.245 1300.64 2.712 1076.609 -2.3013959998193028 0.0
34.0 6.0 Car -1.0 -1.0 -1.0 -1.0 -1.0 -1.0 -1.0 2.347 2.0 4.646 1295.259 1.209 1049.63 -1.5149723210758417 0.0
34.0 1.0 Car -1.0 -1.0 -1.0 -1.0 -1.0 -1.0 -1.0 2.206 1.897 5.001 1319.184 0.838 1031.492 2.424681210054646 0.0
35.0 3.0 Truck -1.0 -1.0 -1.0 -1.0 -1.0 -1.0 -1.0 3.787 4.254 11.279 1331.077 1.748 1008.336 -0.7637909872572806 0.0
35.0 5.0 Truck -1.0 -1.0 -1.0 -1.0 -1.0 -1.0 -1.0 3.383 4.194 9.591 1305.995 1.583 1028.992 -0.6415123049385594 0.0
35.0 4.0 Truck -1.0 -1.0 -1.0 -1.0 -1.0 -1.0 -1.0 3.328 3.76 8.245 1300.117 2.691 1076.021 -2.28625113691102 0.0
35.0 6.0 Car -1.0 -1.0 -1.0 -1.0 -1.0 -1.0 -1.0 2.347 2.0 4.646 1295.72 1.134 1047.535 -1.3896486037865803 0.0
35.0 1.0 Car -1.0 -1.0 -1.0 -1.0 -1.0 -1.0 -1.0 2.206 1.897 5.001 1318.912 0.838 1031.729 2.424681210054646 0.0
36.0 3.0 Truck -1.0 -1.0 -1.0 -1.0 -1.0 -1.0 -1.0 3.787 4.254 11.279 1335.616 1.7 1004.403 -0.7550568843577037 0.0
36.0 5.0 Truck -1.0 -1.0 -1.0 -1.0 -1.0 -1.0 -1.0 3.383 4.194 9.591 1308.874 1.611 1026.97 -0.5821371187096052 0.0
36.0 4.0 Truck -1.0 -1.0 -1.0 -1.0 -1.0 -1.0 -1.0 3.328 3.76 8.245 1299.592 2.67 1075.432 -2.271088913580297 0.0
36.0 6.0 Car -1.0 -1.0 -1.0 -1.0 -1.0 -1.0 -1.0 2.347 2.0 4.646 1296.496 1.114 1045.008 -1.2278565884833785 0.0
36.0 1.0 Car -1.0 -1.0 -1.0 -1.0 -1.0 -1.0 -1.0 2.206 1.897 5.001 1318.696 0.838 1031.917 2.424681210054646 0.0
37.0 3.0 Truck -1.0 -1.0 -1.0 -1.0 -1.0 -1.0 -1.0 3.787 4.254 11.279 1340.151 1.651 1000.475 -0.7463331657777643 0.0
37.0 5.0 Truck -1.0 -1.0 -1.0 -1.0 -1.0 -1.0 -1.0 3.383 4.194 9.591 1312.3 1.657 1024.787 -0.6100609715112335 0.0
37.0 4.0 Truck -1.0 -1.0 -1.0 -1.0 -1.0 -1.0 -1.0 3.328 3.76 8.245 1299.069 2.649 1074.844 -2.255944717215283 0.0
37.0 1.0 Car -1.0 -1.0 -1.0 -1.0 -1.0 -1.0 -1.0 2.206 1.897 5.001 1318.512 0.838 1032.077 2.424681210054646 0.0
38.0 3.0 Truck -1.0 -1.0 -1.0 -1.0 -1.0 -1.0 -1.0 3.787 4.254 11.279 1344.69 1.602 996.543 -0.7375992199519303 0.0
38.0 5.0 Truck -1.0 -1.0 -1.0 -1.0 -1.0 -1.0 -1.0 3.383 4.194 9.591 1315.667 1.702 1022.506 -0.6380175608238258 0.0
38.0 4.0 Truck -1.0 -1.0 -1.0 -1.0 -1.0 -1.0 -1.0 3.328 3.76 8.245 1298.8 2.683 1074.513 -2.2375016013294173 0.0
38.0 1.0 Car -1.0 -1.0 -1.0 -1.0 -1.0 -1.0 -1.0 2.206 1.897 5.001 1318.431 0.838 1032.147 2.424681210054646 0.0
