0.0 0.0 Car -1.0 -1.0 -1.0 -1.0 -1.0 -1.0 -1.0 1.845 1.41 4.357 2694.94 0.605 1044.727 -2.5371153204557575 0.0
1.0 0.0 Car -1.0 -1.0 -1.0 -1.0 -1.0 -1.0 -1.0 1.845 1.41 4.357 2691.398 0.605 1042.391 -2.5439618954628958 1.0
2.0 0.0 Car -1.0 -1.0 -1.0 -1.0 -1.0 -1.0 -1.0 1.845 1.41 4.357 2687.856 0.605 1040.056 -2.550808607433584 1.0
3.0 0.0 Car -1.0 -1.0 -1.0 -1.0 -1.0 -1.0 -1.0 1.845 1.41 4.357 2684.318 0.605 1037.723 -2.55764717007307 1.0
4.0 0.0 Car -1.0 -1.0 -1.0 -1.0 -1.0 -1.0 -1.0 1.845 1.41 4.357 2680.679 0.605 1035.41 -2.564486444923015 1.0
5.0 0.0 Car -1.0 -1.0 -1.0 -1.0 -1.0 -1.0 -1.0 1.845 1.41 4.357 2676.669 0.605 1032.862 -2.5720219054956437 1.0
6.0 0.0 Car -1.0 -1.0 -1.0 -1.0 -1.0 -1.0 -1.0 1.845 1.41 4.357 2672.927 0.625 1030.568 -2.5859861316530957 1.0
7.0 0.0 Car -1.0 -1.0 -1.0 -1.0 -1.0 -1.0 -1.0 1.845 1.41 4.357 2669.185 0.645 1028.274 -2.599946838339869 1.0
8.0 0.0 Car -1.0 -1.0 -1.0 -1.0 -1.0 -1.0 -1.0 1.845 1.41 4.357 2665.259 0.665 1026.016 -2.6051833044266206 1.0
9.0 0.0 Car -1.0 -1.0 -1.0 -1.0 -1.0 -1.0 -1.0 1.845 1.41 4.357 2661.332 0.685 1023.758 -2.6104200428733417 1.0
10.0 0.0 Car -1.0 -1.0 -1.0 -1.0 -1.0 -1.0 -1.0 1.845 1.41 4.357 2657.223 0.705 1021.496 -2.650549917286484 1.0
11.0 0.0 Car -1.0 -1.0 -1.0 -1.0 -1.0 -1.0 -1.0 1.845 1.41 4.357 2653.036 0.725 1019.363 -2.6732551714396298 1.0
12.0 0.0 Car -1.0 -1.0 -1.0 -1.0 -1.0 -1.0 -1.0 1.845 1.41 4.357 2648.654 0.745 1017.252 -2.6828446482312573 1.0
13.0 0.0 Car -1.0 -1.0 -1.0 -1.0 -1.0 -1.0 -1.0 1.845 1.41 4.357 2644.233 0.765 1015.202 -2.709899197449056 1.0
14.0 0.0 Car -1.0 -1.0 -1.0 -1.0 -1.0 -1.0 -1.0 1.845 1.41 4.357 2639.761 0.785 1013.259 -2.719500281477276 1.0
15.0 0.0 Car -1.0 -1.0 -1.0 -1.0 -1.0 -1.0 -1.0 1.845 1.41 4.357 2635.289 0.805 1011.316 -2.7291015381751316 1.0
16.0 0.0 Car -1.0 -1.0 -1.0 -1.0 -1.0 -1.0 -1.0 1.845 1.41 4.357 2630.952 0.814 1009.6 -2.746919838140427 1.0
17.0 0.0 Car -1.0 -1.0 -1.0 -1.0 -1.0 -1.0 -1.0 1.845 1.41 4.357 2626.682 0.724 1007.839 -2.7647202270814875 1.0
18.0 0.0 Car -1.0 -1.0 -1.0 -1.0 -1.0 -1.0 -1.0 1.845 1.41 4.357 2622.36 0.719 1006.209 -2.7825202955469663 1.0
19.0 0.0 Car -1.0 -1.0 -1.0 -1.0 -1.0 -1.0 -1.0 1.845 1.41 4.357 2618.455 0.782 1004.764 -2.79856718453301 1.0
20.0 0.0 Car -1.0 -1.0 -1.0 -1.0 -1.0 -1.0 -1.0 1.845 1.41 4.357 2614.123 0.853 1003.16 -2.8163680007748484 1.0
21.0 0.0 Car -1.0 -1.0 -1.0 -1.0 -1.0 -1.0 -1.0 1.845 1.41 4.357 2609.555 0.863 1001.65 -2.8187020471893898 1.0
22.0 0.0 Car -1.0 -1.0 -1.0 -1.0 -1.0 -1.0 -1.0 1.845 1.41 4.357 2604.973 0.872 1000.198 -2.8210334024234016 1.0
23.0 0.0 Car -1.0 -1.0 -1.0 -1.0 -1.0 -1.0 -1.0 1.845 1.41 4.357 2600.372 0.832 998.803 -2.8233649209006004 1.0
24.0 0.0 Car -1.0 -1.0 -1.0 -1.0 -1.0 -1.0 -1.0 1.845 1.41 4.357 2595.575 0.867 997.385 -2.85475654309622 1.0
25.0 0.0 Car -1.0 -1.0 -1.0 -1.0 -1.0 -1.0 -1.0 1.845 1.41 4.357 2590.732 0.902 996.118 -2.8861811708546212 1.0
26.0 0.0 Car -1.0 -1.0 -1.0 -1.0 -1.0 -1.0 -1.0 1.845 1.41 4.357 2585.897 0.867 994.933 -2.9443511778464235 0.0
27.0 0.0 Car -1.0 -1.0 -1.0 -1.0 -1.0 -1.0 -1.0 1.845 1.41 4.357 2581.001 0.832 994.03 -3.002521301207564 0.0
28.0 0.0 Car -1.0 -1.0 -1.0 -1.0 -1.0 -1.0 -1.0 1.845 1.41 4.357 2576.108 0.838 993.439 -3.043239295742152 0.0
29.0 0.0 Car -1.0 -1.0 -1.0 -1.0 -1.0 -1.0 -1.0 1.845 1.41 4.357 2571.181 0.844 993.154 -3.109790054965308 0.0
30.0 0.0 Car -1.0 -1.0 -1.0 -1.0 -1.0 -1.0 -1.0 1.845 1.41 4.357 2565.76 0.851 993.22 3.1002981634859283 0.0
31.0 0.0 Car -1.0 -1.0 -1.0 -1.0 -1.0 -1.0 -1.0 1.845 1.41 4.357 2560.881 0.841 993.785 3.009561263618823 0.0
32.0 0.0 Car -1.0 -1.0 -1.0 -1.0 -1.0 -1.0 -1.0 1.845 1.41 4.357 2556.07 0.843 994.761 2.918819825772229 0.0
33.0 0.0 Car -1.0 -1.0 -1.0 -1.0 -1.0 -1.0 -1.0 1.845 1.41 4.357 2551.367 0.845 996.168 2.828086919327073 0.0
34.0 0.0 Car -1.0 -1.0 -1.0 -1.0 -1.0 -1.0 -1.0 1.845 1.41 4.357 2546.805 0.847 997.999 2.737244556816661 0.0
35.0 0.0 Car -1.0 -1.0 -1.0 -1.0 -1.0 -1.0 -1.0 1.845 1.41 4.357 2542.433 0.85 1000.232 2.6465125579674025 0.0
36.0 0.0 Car -1.0 -1.0 -1.0 -1.0 -1.0 -1.0 -1.0 1.845 1.41 4.357 2538.127 0.85 1002.914 2.5509868161955076 0.0
37.0 0.0 Car -1.0 -1.0 -1.0 -1.0 -1.0 -1.0 -1.0 1.845 1.41 4.357 2534.095 0.849 1005.994 2.4554643229420394 0.0
