0.0 0.0 Car -1.0 -1.0 -1.0 -1.0 -1.0 -1.0 -1.0 2.026 1.743 4.617 1748.91 1.102 865.361 0.05724798760459304 0.0
1.0 0.0 Car -1.0 -1.0 -1.0 -1.0 -1.0 -1.0 -1.0 2.026 1.743 4.617 1752.336 1.096 865.549 0.050915464197260674 0.0
2.0 0.0 Car -1.0 -1.0 -1.0 -1.0 -1.0 -1.0 -1.0 2.026 1.743 4.617 1756.141 1.089 865.758 0.04388298951016557 0.0
3.0 0.0 Car -1.0 -1.0 -1.0 -1.0 -1.0 -1.0 -1.0 2.026 1.743 4.617 1759.184 1.084 865.926 0.038258380007196065 1.0
4.0 0.0 Car -1.0 -1.0 -1.0 -1.0 -1.0 -1.0 -1.0 2.026 1.743 4.617 1762.18 1.077 866.031 0.04070604377588528 1.0
5.0 0.0 Car -1.0 -1.0 -1.0 -1.0 -1.0 -1.0 -1.0 2.026 1.743 4.617 1765.926 1.068 866.162 0.04376665360445963 1.0
6.0 0.0 Car -1.0 -1.0 -1.0 -1.0 -1.0 -1.0 -1.0 2.026 1.743 4.617 1769.672 1.059 866.294 0.0468271838399863 1.0
7.0 0.0 Car -1.0 -1.0 -1.0 -1.0 -1.0 -1.0 -1.0 2.026 1.743 4.617 1773.183 1.061 866.437 0.04411142390840573 1.0
8.0 0.0 Car -1.0 -1.0 -1.0 -1.0 -1.0 -1.0 -1.0 2.026 1.743 4.617 1777.087 1.064 866.597 0.041091994273505746 1.0
9.0 0.0 Car -1.0 -1.0 -1.0 -1.0 -1.0 -1.0 -1.0 2.026 1.743 4.617 1780.99 1.067 866.756 0.03807279390524987 1.0
10.0 0.0 Car -1.0 -1.0 -1.0 -1.0 -1.0 -1.0 -1.0 2.026 1.743 4.617 1784.894 1.07 866.916 0.03505334617035172 1.0
11.0 0.0 Car -1.0 -1.0 -1.0 -1.0 -1.0 -1.0 -1.0 2.026 1.743 4.617 1788.793 1.072 867.075 0.03203747620176678 1.0
12.0 0.0 Car -1.0 -1.0 -1.0 -1.0 -1.0 -1.0 -1.0 2.026 1.743 4.617 1792.692 1.122 867.224 0.02902131059987756 1.0
13.0 0.0 Car -1.0 -1.0 -1.0 -1.0 -1.0 -1.0 -1.0 2.026 1.743 4.617 1796.587 1.172 867.372 0.026008909797616386 1.0
14.0 0.0 Car -1.0 -1.0 -1.0 -1.0 -1.0 -1.0 -1.0 2.026 1.743 4.617 1800.482 1.222 867.521 0.0229962314620491 1.0
15.0 0.0 Car -1.0 -1.0 -1.0 -1.0 -1.0 -1.0 -1.0 2.026 1.743 4.617 1804.348 1.193 867.596 0.01998351692648548 1.0
16.0 0.0 Car -1.0 -1.0 -1.0 -1.0 -1.0 -1.0 -1.0 2.026 1.743 4.617 1808.276 1.214 867.672 0.016970941157574918 1.0
17.0 0.0 Car -1.0 -1.0 -1.0 -1.0 -1.0 -1.0 -1.0 2.026 1.743 4.617 1812.297 1.194 867.768 0.01790991456830637 1.0
18.0 0.0 Car -1.0 -1.0 -1.0 -1.0 -1.0 -1.0 -1.0 2.026 1.743 4.617 1816.717 1.173 867.874 0.018942293956846216 1.0
19.0 0.0 Car -1.0 -1.0 -1.0 -1.0 -1.0 -1.0 -1.0 2.026 1.743 4.617 1820.738 1.154 867.919 0.01988128802887701 1.0
20.0 0.0 Car -1.0 -1.0 -1.0 -1.0 -1.0 -1.0 -1.0 2.026 1.743 4.617 1824.763 1.134 867.964 0.020821226885778588 1.0
21.0 0.0 Car -1.0 -1.0 -1.0 -1.0 -1.0 -1.0 -1.0 2.026 1.743 4.617 1828.784 1.115 868.009 0.021760198418210083 1.0
22.0 0.0 Car -1.0 -1.0 -1.0 -1.0 -1.0 -1.0 -1.0 2.026 1.743 4.617 1832.844 1.119 868.066 0.016840408440181864 1.0
23.0 0.0 Car -1.0 -1.0 -1.0 -1.0 -1.0 -1.0 -1.0 2.026 1.743 4.617 1836.905 1.124 868.123 0.01192059880009966 1.0
24.0 0.0 Car -1.0 -1.0 -1.0 -1.0 -1.0 -1.0 -1.0 2.026 1.743 4.617 1841.197 1.129 868.214 0.017742786698599078 1.0
25.0 0.0 Car -1.0 -1.0 -1.0 -1.0 -1.0 -1.0 -1.0 2.026 1.743 4.617 1845.485 1.135 868.304 0.023558118210428303 1.0
26.0 0.0 Car -1.0 -1.0 -1.0 -1.0 -1.0 -1.0 -1.0 2.026 1.743 4.617 1849.773 1.14 868.394 0.029373891320042977 0.0
27.0 0.0 Car -1.0 -1.0 -1.0 -1.0 -1.0 -1.0 -1.0 2.026 1.743 4.617 1853.875 1.152 868.474 0.02587785258794151 0.0
28.0 0.0 Car -1.0 -1.0 -1.0 -1.0 -1.0 -1.0 -1.0 2.026 1.743 4.617 1857.972 1.164 868.553 0.022385610021979252 0.0
29.0 0.0 Car -1.0 -1.0 -1.0 -1.0 -1.0 -1.0 -1.0 2.026 1.743 4.617 1862.069 1.176 868.633 0.018893409325496657 0.0
30.0 0.0 Car -1.0 -1.0 -1.0 -1.0 -1.0 -1.0 -1.0 2.026 1.743 4.617 1866.168 1.189 868.712 0.015399854849177386 0.0
31.0 0.0 Car -1.0 -1.0 -1.0 -1.0 -1.0 -1.0 -1.0 2.026 1.743 4.617 1870.25 1.201 868.792 0.01192059880009966 0.0
32.0 0.0 Car -1.0 -1.0 -1.0 -1.0 -1.0 -1.0 -1.0 2.026 1.743 4.617 1874.647 1.209 868.857 0.01648507695533863 0.0
33.0 0.0 Car -1.0 -1.0 -1.0 -1.0 -1.0 -1.0 -1.0 2.026 1.743 4.617 1878.358 1.216 868.941 0.020594768295341574 0.0
34.0 0.0 Car -1.0 -1.0 -1.0 -1.0 -1.0 -1.0 -1.0 2.026 1.743 4.617 1882.481 1.224 869.034 0.02515944756233801 0.0
35.0 0.0 Car -1.0 -1.0 -1.0 -1.0 -1.0 -1.0 -1.0 2.026 1.743 4.617 1886.77 1.232 869.143 0.023561435722539548 0.0
36.0 0.0 Car -1.0 -1.0 -1.0 -1.0 -1.0 -1.0 -1.0 2.026 1.743 4.617 1890.674 1.24 869.242 0.022106759838105502 0.0
37.0 0.0 Car -1.0 -1.0 -1.0 -1.0 -1.0 -1.0 -1.0 2.026 1.743 4.617 1894.879 1.238 869.363 0.025747979350348338 0.0
