0.0 4.0 Car -1.0 -1.0 -1.0 -1.0 -1.0 -1.0 -1.0 1.742 1.553 4.373 1317.544 0.994 1613.276 -0.6309960295547685 0.0
0.0 1.0 Bus -1.0 -1.0 -1.0 -1.0 -1.0 -1.0 -1.0 3.181 3.142 11.016 1420.781 1.093 1548.406 2.6411170346119937 0.0
1.0 4.0 Car -1.0 -1.0 -1.0 -1.0 -1.0 -1.0 -1.0 1.742 1.553 4.373 1321.782 0.992 1610.203 -0.6309960295547685 1.0
1.0 1.0 Bus -1.0 -1.0 -1.0 -1.0 -1.0 -1.0 -1.0 3.181 3.142 11.016 1417.786 1.075 1549.937 2.673745119063888 1.0
1.0 2.0 Car -1.0 -1.0 -1.0 -1.0 -1.0 -1.0 -1.0 1.771 1.695 4.391 1303.08 1.064 1622.675 -0.5939460164179772 0.0
2.0 4.0 Car -1.0 -1.0 -1.0 -1.0 -1.0 -1.0 -1.0 1.742 1.553 4.373 1326.025 0.991 1607.128 -0.6309960295547685 1.0
2.0 1.0 Bus -1.0 -1.0 -1.0 -1.0 -1.0 -1.0 -1.0 3.181 3.142 11.016 1414.86 0.961 1551.381 2.7528839039816906 1.0
2.0 2.0 Car -1.0 -1.0 -1.0 -1.0 -1.0 -1.0 -1.0 1.771 1.695 4.391 1307.086 0.928 1620.044 -0.5939460164179772 1.0
3.0 4.0 Car -1.0 -1.0 -1.0 -1.0 -1.0 -1.0 -1.0 1.742 1.553 4.373 1330.778 0.99 1603.681 -0.6218608128615482 1.0
3.0 1.0 Bus -1.0 -1.0 -1.0 -1.0 -1.0 -1.0 -1.0 3.181 3.142 11.016 1411.522 0.835 1552.697 2.8048904421354752 1.0
3.0 2.0 Car -1.0 -1.0 -1.0 -1.0 -1.0 -1.0 -1.0 1.771 1.695 4.391 1311.486 1.198 1617.155 -0.5939460164179772 1.0
4.0 4.0 Car -1.0 -1.0 -1.0 -1.0 -1.0 -1.0 -1.0 1.742 1.553 4.373 1335.08 0.934 1600.654 -0.6218608128615482 1.0
4.0 1.0 Bus -1.0 -1.0 -1.0 -1.0 -1.0 -1.0 -1.0 3.181 3.142 11.016 1408.422 0.72 1553.718 2.8324161748350756 1.0
4.0 2.0 Car -1.0 -1.0 -1.0 -1.0 -1.0 -1.0 -1.0 1.771 1.695 4.391 1315.488 1.238 1614.527 -0.5939460164179772 1.0
5.0 4.0 Car -1.0 -1.0 -1.0 -1.0 -1.0 -1.0 -1.0 1.742 1.553 4.373 1339.382 0.879 1597.626 -0.6218608128615482 1.0
5.0 1.0 Bus -1.0 -1.0 -1.0 -1.0 -1.0 -1.0 -1.0 3.181 3.142 11.016 1405.54 0.816 1554.707 2.8647352427367947 1.0
5.0 2.0 Car -1.0 -1.0 -1.0 -1.0 -1.0 -1.0 -1.0 1.771 1.695 4.391 1319.49 1.278 1611.899 -0.5939460164179772 1.0
6.0 4.0 Car -1.0 -1.0 -1.0 -1.0 -1.0 -1.0 -1.0 1.742 1.553 4.373 1343.419 0.823 1594.807 -0.6218608128615482 0.0
6.0 1.0 Bus -1.0 -1.0 -1.0 -1.0 -1.0 -1.0 -1.0 3.181 3.142 11.016 1402.958 0.911 1555.39 2.861227033816169 1.0
6.0 2.0 Car -1.0 -1.0 -1.0 -1.0 -1.0 -1.0 -1.0 1.771 1.695 4.391 1323.473 1.219 1609.065 -0.5939460164179772 1.0
7.0 4.0 Car -1.0 -1.0 -1.0 -1.0 -1.0 -1.0 -1.0 1.742 1.553 4.373 1347.065 0.773 1592.17 -0.6218608128615482 0.0
7.0 1.0 Bus -1.0 -1.0 -1.0 -1.0 -1.0 -1.0 -1.0 3.181 3.142 11.016 1400.628 0.997 1556.006 2.8406112946682938 1.0
7.0 2.0 Car -1.0 -1.0 -1.0 -1.0 -1.0 -1.0 -1.0 1.771 1.695 4.391 1327.064 1.165 1606.51 -0.5939460164179772 1.0
8.0 4.0 Car -1.0 -1.0 -1.0 -1.0 -1.0 -1.0 -1.0 1.742 1.553 4.373 1350.999 0.678 1589.308 -0.6218608128615482 0.0
8.0 1.0 Bus -1.0 -1.0 -1.0 -1.0 -1.0 -1.0 -1.0 3.181 3.142 11.016 1398.589 0.994 1556.644 2.8475778585848888 1.0
8.0 2.0 Car -1.0 -1.0 -1.0 -1.0 -1.0 -1.0 -1.0 1.771 1.695 4.391 1331.048 1.055 1603.657 -0.610572988903241 1.0
9.0 4.0 Car -1.0 -1.0 -1.0 -1.0 -1.0 -1.0 -1.0 1.742 1.553 4.373 1355.325 0.573 1586.162 -0.6218608128615482 0.0
9.0 1.0 Bus -1.0 -1.0 -1.0 -1.0 -1.0 -1.0 -1.0 3.181 3.142 11.016 1395.361 0.9 1557.695 2.8221117431523526 1.0
9.0 2.0 Car -1.0 -1.0 -1.0 -1.0 -1.0 -1.0 -1.0 1.771 1.695 4.391 1335.427 0.934 1600.52 -0.6288526014578633 1.0
10.0 4.0 Car -1.0 -1.0 -1.0 -1.0 -1.0 -1.0 -1.0 1.742 1.553 4.373 1359.297 0.523 1583.234 -0.6393141053814912 0.0
10.0 1.0 Bus -1.0 -1.0 -1.0 -1.0 -1.0 -1.0 -1.0 3.181 3.142 11.016 1392.427 0.814 1558.666 2.77725253423963 1.0
10.0 2.0 Car -1.0 -1.0 -1.0 -1.0 -1.0 -1.0 -1.0 1.771 1.695 4.391 1339.352 0.862 1597.545 -0.6288526014578633 1.0
11.0 4.0 Car -1.0 -1.0 -1.0 -1.0 -1.0 -1.0 -1.0 1.742 1.553 4.373 1362.797 0.473 1580.748 -0.6305827481175745 0.0
11.0 1.0 Bus -1.0 -1.0 -1.0 -1.0 -1.0 -1.0 -1.0 3.181 3.142 11.016 1389.539 0.728 1559.767 2.7323952077646667 1.0
11.0 2.0 Car -1.0 -1.0 -1.0 -1.0 -1.0 -1.0 -1.0 1.771 1.695 4.391 1343.277 0.79 1594.571 -0.6288526014578633 1.0
12.0 0.0 Car -1.0 -1.0 -1.0 -1.0 -1.0 -1.0 -1.0 1.917 1.707 4.219 1261.789 1.394 1637.019 -0.18898425194605514 0.0
12.0 4.0 Car -1.0 -1.0 -1.0 -1.0 -1.0 -1.0 -1.0 1.742 1.553 4.373 1366.303 0.407 1578.216 -0.627675436365566 0.0
12.0 1.0 Bus -1.0 -1.0 -1.0 -1.0 -1.0 -1.0 -1.0 3.181 3.142 11.016 1386.707 0.643 1560.995 2.687586286832074 1.0
12.0 6.0 Car -1.0 -1.0 -1.0 -1.0 -1.0 -1.0 -1.0 1.855 1.68 4.471 1288.803 1.16 1629.796 -0.3466922032226787 0.0
12.0 2.0 Car -1.0 -1.0 -1.0 -1.0 -1.0 -1.0 -1.0 1.771 1.695 4.391 1347.16 0.64 1591.651 -0.6288526014578633 1.0
13.0 0.0 Car -1.0 -1.0 -1.0 -1.0 -1.0 -1.0 -1.0 1.917 1.707 4.219 1266.689 1.294 1636.133 -0.2238908369859418 1.0
13.0 4.0 Car -1.0 -1.0 -1.0 -1.0 -1.0 -1.0 -1.0 1.742 1.553 4.373 1369.407 0.34 1575.975 -0.6247681246135572 0.0
13.0 1.0 Bus -1.0 -1.0 -1.0 -1.0 -1.0 -1.0 -1.0 3.181 3.142 11.016 1385.435 0.738 1561.529 2.6590093468035576 1.0
13.0 6.0 Car -1.0 -1.0 -1.0 -1.0 -1.0 -1.0 -1.0 1.855 1.68 4.471 1293.768 1.06 1627.625 -0.3990520807825084 1.0
13.0 2.0 Car -1.0 -1.0 -1.0 -1.0 -1.0 -1.0 -1.0 1.771 1.695 4.391 1351.175 0.64 1588.784 -0.6288526014578633 1.0
14.0 0.0 Car -1.0 -1.0 -1.0 -1.0 -1.0 -1.0 -1.0 1.917 1.707 4.219 1271.565 1.094 1635.133 -0.24134412950588513 1.0
14.0 4.0 Car -1.0 -1.0 -1.0 -1.0 -1.0 -1.0 -1.0 1.742 1.553 4.373 1372.511 0.273 1573.734 -0.6218608128615482 0.0
14.0 3.0 Truck -1.0 -1.0 -1.0 -1.0 -1.0 -1.0 -1.0 1.963 2.144 5.103 1246.199 1.68 1639.051 -0.07155849993887808 0.0
14.0 1.0 Bus -1.0 -1.0 -1.0 -1.0 -1.0 -1.0 -1.0 3.181 3.142 11.016 1383.241 0.833 1562.608 2.612979114255098 1.0
14.0 6.0 Car -1.0 -1.0 -1.0 -1.0 -1.0 -1.0 -1.0 1.855 1.68 4.471 1298.244 1.01 1625.539 -0.46886532069276937 1.0
14.0 2.0 Car -1.0 -1.0 -1.0 -1.0 -1.0 -1.0 -1.0 1.771 1.695 4.391 1355.191 0.64 1585.918 -0.6288526014578633 0.0
15.0 0.0 Car -1.0 -1.0 -1.0 -1.0 -1.0 -1.0 -1.0 1.917 1.707 4.219 1276.414 1.044 1634.021 -0.29370400706571503 1.0
15.0 4.0 Car -1.0 -1.0 -1.0 -1.0 -1.0 -1.0 -1.0 1.742 1.553 4.373 1375.616 0.207 1571.493 -0.6218608128615482 0.0
15.0 3.0 Truck -1.0 -1.0 -1.0 -1.0 -1.0 -1.0 -1.0 1.963 2.144 5.103 1250.676 1.579 1638.669 -0.054105207418934764 1.0
15.0 1.0 Bus -1.0 -1.0 -1.0 -1.0 -1.0 -1.0 -1.0 3.181 3.142 11.016 1380.581 0.929 1564.309 2.6018555810824116 1.0
15.0 6.0 Car -1.0 -1.0 -1.0 -1.0 -1.0 -1.0 -1.0 1.855 1.68 4.471 1302.77 0.96 1623.131 -0.5037718359021679 1.0
15.0 2.0 Car -1.0 -1.0 -1.0 -1.0 -1.0 -1.0 -1.0 1.771 1.695 4.391 1359.081 0.59 1583.292 -0.6288526014578633 0.0
16.0 0.0 Car -1.0 -1.0 -1.0 -1.0 -1.0 -1.0 -1.0 1.917 1.707 4.219 1281.214 0.994 1632.711 -0.29370400706571503 1.0
16.0 4.0 Car -1.0 -1.0 -1.0 -1.0 -1.0 -1.0 -1.0 1.742 1.553 4.373 1378.724 0.14 1569.249 -0.6218608128615482 0.0
16.0 3.0 Truck -1.0 -1.0 -1.0 -1.0 -1.0 -1.0 -1.0 1.963 2.144 5.103 1255.162 1.479 1638.392 -0.08030145106684694 1.0
16.0 1.0 Bus -1.0 -1.0 -1.0 -1.0 -1.0 -1.0 -1.0 3.181 3.142 11.016 1377.829 1.024 1566.009 2.5732446261275896 1.0
16.0 6.0 Car -1.0 -1.0 -1.0 -1.0 -1.0 -1.0 -1.0 1.855 1.68 4.471 1307.108 0.86 1620.683 -0.521225128422111 1.0
16.0 2.0 Car -1.0 -1.0 -1.0 -1.0 -1.0 -1.0 -1.0 1.771 1.695 4.391 1362.976 0.54 1580.662 -0.6288526014578633 0.0
17.0 0.0 Car -1.0 -1.0 -1.0 -1.0 -1.0 -1.0 -1.0 1.917 1.707 4.219 1285.89 0.944 1631.015 -0.29370400706571503 1.0
17.0 4.0 Car -1.0 -1.0 -1.0 -1.0 -1.0 -1.0 -1.0 1.742 1.553 4.373 1381.828 0.073 1567.008 -0.6218608128615482 0.0
17.0 3.0 Truck -1.0 -1.0 -1.0 -1.0 -1.0 -1.0 -1.0 1.963 2.144 5.103 1260.057 1.378 1637.964 -0.1064650849787645 1.0
17.0 1.0 Bus -1.0 -1.0 -1.0 -1.0 -1.0 -1.0 -1.0 3.181 3.142 11.016 1374.809 1.106 1567.886 2.5510152139177564 1.0
17.0 6.0 Car -1.0 -1.0 -1.0 -1.0 -1.0 -1.0 -1.0 1.855 1.68 4.471 1311.44 0.81 1617.917 -0.556131713461999 0.0
17.0 2.0 Car -1.0 -1.0 -1.0 -1.0 -1.0 -1.0 -1.0 1.771 1.695 4.391 1366.551 0.49 1578.116 -0.6375839116459816 0.0
18.0 0.0 Car -1.0 -1.0 -1.0 -1.0 -1.0 -1.0 -1.0 1.917 1.707 4.219 1290.545 0.844 1629.264 -0.4071404316239331 0.0
18.0 3.0 Truck -1.0 -1.0 -1.0 -1.0 -1.0 -1.0 -1.0 1.963 2.144 5.103 1265.067 1.278 1637.29 -0.16752167833432496 1.0
18.0 1.0 Bus -1.0 -1.0 -1.0 -1.0 -1.0 -1.0 -1.0 3.181 3.142 11.016 1371.876 1.229 1569.844 2.553450199912531 1.0
18.0 6.0 Car -1.0 -1.0 -1.0 -1.0 -1.0 -1.0 -1.0 1.855 1.68 4.471 1315.352 0.76 1615.325 -0.6084915910218283 0.0
18.0 5.0 Car -1.0 -1.0 -1.0 -1.0 -1.0 -1.0 -1.0 1.756 1.541 4.326 1258.277 1.076 1636.443 -0.11033969241564412 0.0
18.0 2.0 Car -1.0 -1.0 -1.0 -1.0 -1.0 -1.0 -1.0 1.771 1.695 4.391 1370.122 0.44 1575.572 -0.6463058939778064 0.0
19.0 0.0 Car -1.0 -1.0 -1.0 -1.0 -1.0 -1.0 -1.0 1.917 1.707 4.219 1295.054 0.819 1627.158 -0.4726232330898812 0.0
19.0 3.0 Truck -1.0 -1.0 -1.0 -1.0 -1.0 -1.0 -1.0 1.963 2.144 5.103 1269.99 1.178 1636.426 -0.19373154757848066 1.0
19.0 1.0 Bus -1.0 -1.0 -1.0 -1.0 -1.0 -1.0 -1.0 3.181 3.142 11.016 1368.769 1.237 1571.976 2.5513293332980185 1.0
19.0 6.0 Car -1.0 -1.0 -1.0 -1.0 -1.0 -1.0 -1.0 1.855 1.68 4.471 1319.332 0.76 1612.498 -0.621591300515164 0.0
19.0 5.0 Car -1.0 -1.0 -1.0 -1.0 -1.0 -1.0 -1.0 1.756 1.541 4.326 1262.23 1.036 1636.147 -0.11033969241564412 1.0
19.0 2.0 Car -1.0 -1.0 -1.0 -1.0 -1.0 -1.0 -1.0 1.771 1.695 4.391 1373.315 0.385 1573.256 -0.6288418709128574 0.0
20.0 0.0 Car -1.0 -1.0 -1.0 -1.0 -1.0 -1.0 -1.0 1.917 1.707 4.219 1299.531 0.831 1624.866 -0.505334737132459 0.0
20.0 3.0 Truck -1.0 -1.0 -1.0 -1.0 -1.0 -1.0 -1.0 1.963 2.144 5.103 1274.889 1.203 1635.303 -0.24172735118996913 1.0
20.0 1.0 Bus -1.0 -1.0 -1.0 -1.0 -1.0 -1.0 -1.0 3.181 3.142 11.016 1365.63 1.315 1574.084 2.5426779566177116 1.0
20.0 6.0 Car -1.0 -1.0 -1.0 -1.0 -1.0 -1.0 -1.0 1.855 1.68 4.471 1323.237 0.749 1609.671 -0.6341771585117754 0.0
20.0 5.0 Car -1.0 -1.0 -1.0 -1.0 -1.0 -1.0 -1.0 1.756 1.541 4.326 1266.177 0.995 1635.853 -0.11033969241564412 1.0
20.0 2.0 Car -1.0 -1.0 -1.0 -1.0 -1.0 -1.0 -1.0 1.771 1.695 4.391 1376.504 0.33 1570.944 -0.61139930893792 0.0
21.0 0.0 Car -1.0 -1.0 -1.0 -1.0 -1.0 -1.0 -1.0 1.917 1.707 4.219 1303.952 0.844 1622.349 -0.5380501023449216 0.0
21.0 3.0 Truck -1.0 -1.0 -1.0 -1.0 -1.0 -1.0 -1.0 1.963 2.144 5.103 1279.654 1.078 1634.077 -0.2897288200851829 0.0
21.0 1.0 Bus -1.0 -1.0 -1.0 -1.0 -1.0 -1.0 -1.0 3.181 3.142 11.016 1362.277 1.389 1576.414 2.5318851172234766 1.0
21.0 6.0 Car -1.0 -1.0 -1.0 -1.0 -1.0 -1.0 -1.0 1.855 1.68 4.471 1327.091 0.737 1606.88 -0.6467645021061078 0.0
21.0 5.0 Car -1.0 -1.0 -1.0 -1.0 -1.0 -1.0 -1.0 1.756 1.541 4.326 1269.815 0.904 1635.457 -0.16269956997547408 0.0
21.0 2.0 Car -1.0 -1.0 -1.0 -1.0 -1.0 -1.0 -1.0 1.771 1.695 4.391 1379.753 0.26 1568.7 -0.5503095467259973 0.0
22.0 0.0 Car -1.0 -1.0 -1.0 -1.0 -1.0 -1.0 -1.0 1.917 1.707 4.219 1308.069 0.844 1619.734 -0.5816823734448348 0.0
22.0 3.0 Truck -1.0 -1.0 -1.0 -1.0 -1.0 -1.0 -1.0 1.963 2.144 5.103 1284.23 1.053 1632.521 -0.3464486907373765 0.0
22.0 1.0 Bus -1.0 -1.0 -1.0 -1.0 -1.0 -1.0 -1.0 3.181 3.142 11.016 1358.925 1.464 1578.745 2.521093422094494 1.0
22.0 6.0 Car -1.0 -1.0 -1.0 -1.0 -1.0 -1.0 -1.0 1.855 1.68 4.471 1330.742 0.814 1604.169 -0.6239463504268682 0.0
22.0 5.0 Car -1.0 -1.0 -1.0 -1.0 -1.0 -1.0 -1.0 1.756 1.541 4.326 1274.644 0.839 1634.386 -0.21505829529537035 0.0
22.0 2.0 Car -1.0 -1.0 -1.0 -1.0 -1.0 -1.0 -1.0 1.771 1.695 4.391 1383.132 0.19 1566.66 -0.4892262612983185 0.0
23.0 0.0 Car -1.0 -1.0 -1.0 -1.0 -1.0 -1.0 -1.0 1.917 1.707 4.219 1312.269 0.944 1616.861 -0.6034992727919701 0.0
23.0 3.0 Truck -1.0 -1.0 -1.0 -1.0 -1.0 -1.0 -1.0 1.963 2.144 5.103 1288.658 1.028 1630.767 -0.40317105781780027 0.0
23.0 1.0 Bus -1.0 -1.0 -1.0 -1.0 -1.0 -1.0 -1.0 3.181 3.142 11.016 1355.605 1.536 1581.131 2.5081607162487765 1.0
23.0 6.0 Car -1.0 -1.0 -1.0 -1.0 -1.0 -1.0 -1.0 1.855 1.68 4.471 1334.51 0.741 1601.41 -0.6185812551424585 0.0
23.0 5.0 Car -1.0 -1.0 -1.0 -1.0 -1.0 -1.0 -1.0 1.756 1.541 4.326 1279.412 0.773 1633.064 -0.2674193250951338 0.0
23.0 2.0 Car -1.0 -1.0 -1.0 -1.0 -1.0 -1.0 -1.0 1.771 1.695 4.391 1385.985 0.215 1565.278 -0.4543199904959425 0.0
24.0 0.0 Car -1.0 -1.0 -1.0 -1.0 -1.0 -1.0 -1.0 1.917 1.707 4.219 1316.387 0.894 1613.909 -0.6049539160563322 0.0
24.0 3.0 Truck -1.0 -1.0 -1.0 -1.0 -1.0 -1.0 -1.0 1.963 2.144 5.103 1292.89 1.028 1628.842 -0.44680424547399594 0.0
24.0 1.0 Bus -1.0 -1.0 -1.0 -1.0 -1.0 -1.0 -1.0 3.181 3.142 11.016 1352.176 1.581 1583.632 2.5083146530532794 1.0
24.0 6.0 Car -1.0 -1.0 -1.0 -1.0 -1.0 -1.0 -1.0 1.855 1.68 4.471 1338.327 0.773 1598.666 -0.6439433601829769 0.0
24.0 5.0 Car -1.0 -1.0 -1.0 -1.0 -1.0 -1.0 -1.0 1.756 1.541 4.326 1283.953 0.733 1631.604 -0.31105251275132995 0.0
24.0 2.0 Car -1.0 -1.0 -1.0 -1.0 -1.0 -1.0 -1.0 1.771 1.695 4.391 1388.885 0.24 1563.996 -0.4194130912185459 0.0
25.0 0.0 Car -1.0 -1.0 -1.0 -1.0 -1.0 -1.0 -1.0 1.917 1.707 4.219 1320.264 0.935 1611.077 -0.6175593643492054 0.0
25.0 3.0 Truck -1.0 -1.0 -1.0 -1.0 -1.0 -1.0 -1.0 1.963 2.144 5.103 1296.935 0.965 1626.832 -0.48267955848174227 0.0
25.0 1.0 Bus -1.0 -1.0 -1.0 -1.0 -1.0 -1.0 -1.0 3.181 3.142 11.016 1348.747 1.626 1586.134 2.50846859016573 1.0
25.0 6.0 Car -1.0 -1.0 -1.0 -1.0 -1.0 -1.0 -1.0 1.855 1.68 4.471 1341.947 0.804 1596.071 -0.6439433601829769 0.0
25.0 5.0 Car -1.0 -1.0 -1.0 -1.0 -1.0 -1.0 -1.0 1.756 1.541 4.326 1288.426 0.692 1629.947 -0.3546857876948504 0.0
25.0 2.0 Car -1.0 -1.0 -1.0 -1.0 -1.0 -1.0 -1.0 1.771 1.695 4.391 1391.5 0.115 1562.747 -0.4194130912185459 0.0
26.0 0.0 Car -1.0 -1.0 -1.0 -1.0 -1.0 -1.0 -1.0 1.917 1.707 4.219 1324.141 0.977 1608.246 -0.6301653674138392 0.0
26.0 3.0 Truck -1.0 -1.0 -1.0 -1.0 -1.0 -1.0 -1.0 1.963 2.144 5.103 1300.922 1.153 1624.631 -0.5360097428989796 0.0
26.0 1.0 Bus -1.0 -1.0 -1.0 -1.0 -1.0 -1.0 -1.0 3.181 3.142 11.016 1345.219 1.652 1588.735 2.491083239689055 1.0
26.0 6.0 Car -1.0 -1.0 -1.0 -1.0 -1.0 -1.0 -1.0 1.855 1.68 4.471 1345.492 0.785 1593.377 -0.6788499452228632 0.0
26.0 5.0 Car -1.0 -1.0 -1.0 -1.0 -1.0 -1.0 -1.0 1.756 1.541 4.326 1292.562 0.677 1628.253 -0.42450314762905106 0.0
27.0 0.0 Car -1.0 -1.0 -1.0 -1.0 -1.0 -1.0 -1.0 1.917 1.707 4.219 1328.017 0.944 1605.415 -0.64276985746458 0.0
27.0 3.0 Truck -1.0 -1.0 -1.0 -1.0 -1.0 -1.0 -1.0 1.963 2.144 5.103 1304.622 1.178 1622.414 -0.5466720054142256 0.0
27.0 1.0 Bus -1.0 -1.0 -1.0 -1.0 -1.0 -1.0 -1.0 3.181 3.142 11.016 1341.54 1.689 1591.566 2.4937264895742253 0.0
27.0 6.0 Car -1.0 -1.0 -1.0 -1.0 -1.0 -1.0 -1.0 1.855 1.68 4.471 1349.018 0.716 1590.66 -0.6788499452228632 0.0
27.0 5.0 Car -1.0 -1.0 -1.0 -1.0 -1.0 -1.0 -1.0 1.756 1.541 4.326 1296.623 0.761 1626.249 -0.49431212785439627 0.0
28.0 0.0 Car -1.0 -1.0 -1.0 -1.0 -1.0 -1.0 -1.0 1.917 1.707 4.219 1331.727 0.894 1602.655 -0.6369496820720357 0.0
28.0 3.0 Truck -1.0 -1.0 -1.0 -1.0 -1.0 -1.0 -1.0 1.963 2.144 5.103 1308.235 1.178 1620.245 -0.5486320406852715 0.0
28.0 1.0 Bus -1.0 -1.0 -1.0 -1.0 -1.0 -1.0 -1.0 3.181 3.142 11.016 1337.857 1.726 1594.401 2.496372996966111 0.0
28.0 6.0 Car -1.0 -1.0 -1.0 -1.0 -1.0 -1.0 -1.0 1.855 1.68 4.471 1352.548 0.798 1587.94 -0.6788499452228632 0.0
28.0 5.0 Car -1.0 -1.0 -1.0 -1.0 -1.0 -1.0 -1.0 1.756 1.541 4.326 1300.629 0.796 1624.049 -0.5205073768002118 0.0
29.0 0.0 Car -1.0 -1.0 -1.0 -1.0 -1.0 -1.0 -1.0 1.917 1.707 4.219 1335.451 0.844 1599.92 -0.6311363100392162 0.0
29.0 3.0 Truck -1.0 -1.0 -1.0 -1.0 -1.0 -1.0 -1.0 1.963 2.144 5.103 1311.908 1.178 1617.871 -0.5728458733601189 0.0
29.0 1.0 Bus -1.0 -1.0 -1.0 -1.0 -1.0 -1.0 -1.0 3.181 3.142 11.016 1334.178 1.763 1597.232 2.499016410784249 0.0
29.0 5.0 Car -1.0 -1.0 -1.0 -1.0 -1.0 -1.0 -1.0 1.756 1.541 4.326 1304.57 0.83 1621.748 -0.5466720054142256 0.0
30.0 3.0 Truck -1.0 -1.0 -1.0 -1.0 -1.0 -1.0 -1.0 1.963 2.144 5.103 1315.448 1.178 1615.48 -0.6145395436048737 0.0
30.0 1.0 Bus -1.0 -1.0 -1.0 -1.0 -1.0 -1.0 -1.0 3.181 3.142 11.016 1330.272 1.811 1600.189 2.4986827046222864 0.0
30.0 5.0 Car -1.0 -1.0 -1.0 -1.0 -1.0 -1.0 -1.0 1.756 1.541 4.326 1308.381 0.814 1619.369 -0.5728515779892009 0.0
31.0 3.0 Truck -1.0 -1.0 -1.0 -1.0 -1.0 -1.0 -1.0 1.963 2.144 5.103 1318.97 1.178 1613.019 -0.6135739608493931 0.0
31.0 1.0 Bus -1.0 -1.0 -1.0 -1.0 -1.0 -1.0 -1.0 3.181 3.142 11.016 1326.366 1.858 1603.146 2.4983489891244304 0.0
31.0 5.0 Car -1.0 -1.0 -1.0 -1.0 -1.0 -1.0 -1.0 1.756 1.541 4.326 1312.129 0.799 1616.892 -0.5990318829740549 0.0
32.0 3.0 Truck -1.0 -1.0 -1.0 -1.0 -1.0 -1.0 -1.0 1.963 2.144 5.103 1321.932 1.178 1610.867 -0.6126105680571197 0.0
32.0 1.0 Bus -1.0 -1.0 -1.0 -1.0 -1.0 -1.0 -1.0 3.181 3.142 11.016 1322.529 1.875 1605.992 2.5127112497062187 0.0
32.0 5.0 Car -1.0 -1.0 -1.0 -1.0 -1.0 -1.0 -1.0 1.756 1.541 4.326 1315.408 0.884 1614.804 -0.5990318829740549 0.0
33.0 1.0 Bus -1.0 -1.0 -1.0 -1.0 -1.0 -1.0 -1.0 3.181 3.142 11.016 1318.684 1.893 1608.845 2.527105755555114 0.0
34.0 1.0 Bus -1.0 -1.0 -1.0 -1.0 -1.0 -1.0 -1.0 3.181 3.142 11.016 1314.658 1.891 1611.687 2.5283680823181793 0.0
35.0 1.0 Bus -1.0 -1.0 -1.0 -1.0 -1.0 -1.0 -1.0 3.181 3.142 11.016 1310.628 1.889 1614.532 2.529631772705055 0.0
36.0 1.0 Bus -1.0 -1.0 -1.0 -1.0 -1.0 -1.0 -1.0 3.181 3.142 11.016 1306.427 1.887 1617.378 2.566674222371229 0.0
37.0 1.0 Bus -1.0 -1.0 -1.0 -1.0 -1.0 -1.0 -1.0 3.181 3.142 11.016 1302.552 1.885 1619.809 2.600067843857417 0.0
38.0 1.0 Bus -1.0 -1.0 -1.0 -1.0 -1.0 -1.0 -1.0 3.181 3.142 11.016 1297.793 1.702 1622.612 2.622628460369941 0.0
