0.0 5.0 Truck -1.0 -1.0 -1.0 -1.0 -1.0 -1.0 -1.0 2.939 4.105 12.085 842.67 1.747 539.812 -2.2829953816181026 0.0
1.0 5.0 Truck -1.0 -1.0 -1.0 -1.0 -1.0 -1.0 -1.0 2.939 4.105 12.085 842.555 1.744 539.668 -2.2829953816181026 1.0
2.0 5.0 Truck -1.0 -1.0 -1.0 -1.0 -1.0 -1.0 -1.0 2.939 4.105 12.085 842.441 1.741 539.523 -2.2829953816181026 1.0
3.0 5.0 Truck -1.0 -1.0 -1.0 -1.0 -1.0 -1.0 -1.0 2.939 4.105 12.085 842.349 1.738 539.407 -2.2829953816181026 1.0
4.0 5.0 Truck -1.0 -1.0 -1.0 -1.0 -1.0 -1.0 -1.0 2.939 4.105 12.085 842.234 1.735 539.263 -2.2829953816181026 1.0
5.0 5.0 Truck -1.0 -1.0 -1.0 -1.0 -1.0 -1.0 -1.0 2.939 4.105 12.085 842.12 1.732 539.119 -2.2829953816181026 1.0
6.0 5.0 Truck -1.0 -1.0 -1.0 -1.0 -1.0 -1.0 -1.0 2.939 4.105 12.085 841.695 1.742 538.625 -2.280086421941963 1.0
7.0 5.0 Truck -1.0 -1.0 -1.0 -1.0 -1.0 -1.0 -1.0 2.939 4.105 12.085 841.162 1.852 538.004 -2.2771776601190044 1.0
8.0 5.0 Truck -1.0 -1.0 -1.0 -1.0 -1.0 -1.0 -1.0 2.939 4.105 12.085 840.116 1.912 536.783 -2.2742687586349764 1.0
9.0 5.0 Truck -1.0 -1.0 -1.0 -1.0 -1.0 -1.0 -1.0 2.939 4.105 12.085 838.662 1.843 535.078 -2.271359781501202 1.0
10.0 5.0 Truck -1.0 -1.0 -1.0 -1.0 -1.0 -1.0 -1.0 2.939 4.105 12.085 837.353 1.781 533.542 -2.268740083176246 1.0
11.0 3.0 Truck -1.0 -1.0 -1.0 -1.0 -1.0 -1.0 -1.0 2.113 1.886 6.048 794.128 1.324 511.129 -0.7589936566846802 0.0
11.0 5.0 Truck -1.0 -1.0 -1.0 -1.0 -1.0 -1.0 -1.0 2.939 4.105 12.085 835.51 1.794 531.483 -2.2589113133134746 1.0
12.0 3.0 Truck -1.0 -1.0 -1.0 -1.0 -1.0 -1.0 -1.0 2.113 1.886 6.048 795.298 1.307 510.039 -0.7541094882812378 0.0
12.0 5.0 Truck -1.0 -1.0 -1.0 -1.0 -1.0 -1.0 -1.0 2.939 4.105 12.085 833.796 1.807 529.434 -2.2674243381087513 1.0
13.0 3.0 Truck -1.0 -1.0 -1.0 -1.0 -1.0 -1.0 -1.0 2.113 1.886 6.048 796.469 1.289 508.948 -0.74921993622137 0.0
13.0 5.0 Truck -1.0 -1.0 -1.0 -1.0 -1.0 -1.0 -1.0 2.939 4.105 12.085 831.99 1.789 527.412 -2.266796917592678 1.0
14.0 3.0 Truck -1.0 -1.0 -1.0 -1.0 -1.0 -1.0 -1.0 2.113 1.886 6.048 797.14 1.272 508.34 -0.7443304037029047 1.0
14.0 5.0 Truck -1.0 -1.0 -1.0 -1.0 -1.0 -1.0 -1.0 2.939 4.105 12.085 830.326 1.771 525.6 -2.2748961981595115 1.0
15.0 3.0 Truck -1.0 -1.0 -1.0 -1.0 -1.0 -1.0 -1.0 2.113 1.886 6.048 797.812 1.255 507.732 -0.7394409298086475 1.0
15.0 5.0 Truck -1.0 -1.0 -1.0 -1.0 -1.0 -1.0 -1.0 2.939 4.105 12.085 828.661 1.752 523.789 -2.2829953816181026 1.0
16.0 3.0 Truck -1.0 -1.0 -1.0 -1.0 -1.0 -1.0 -1.0 2.113 1.886 6.048 798.484 1.238 507.125 -0.7345567223224001 1.0
16.0 5.0 Truck -1.0 -1.0 -1.0 -1.0 -1.0 -1.0 -1.0 2.939 4.105 12.085 827.241 1.787 522.297 -2.3289636374110123 1.0
17.0 3.0 Truck -1.0 -1.0 -1.0 -1.0 -1.0 -1.0 -1.0 2.113 1.886 6.048 799.136 1.222 506.525 -0.7433696319541055 1.0
17.0 5.0 Truck -1.0 -1.0 -1.0 -1.0 -1.0 -1.0 -1.0 2.939 4.105 12.085 825.737 1.822 520.858 -2.3754109945389965 1.0
17.0 1.0 Truck -1.0 -1.0 -1.0 -1.0 -1.0 -1.0 -1.0 2.672 2.51 5.908 813.729 1.236 499.89 -2.247988218326967 0.0
18.0 3.0 Truck -1.0 -1.0 -1.0 -1.0 -1.0 -1.0 -1.0 2.113 1.886 6.048 799.777 1.205 505.937 -0.7520100148423432 1.0
18.0 5.0 Truck -1.0 -1.0 -1.0 -1.0 -1.0 -1.0 -1.0 2.939 4.105 12.085 824.26 1.856 519.705 -2.4728030164274464 1.0
18.0 0.0 Truck -1.0 -1.0 -1.0 -1.0 -1.0 -1.0 -1.0 2.215 1.773 5.026 806.993 1.118 494.367 -1.6160247391562717 0.0
18.0 1.0 Truck -1.0 -1.0 -1.0 -1.0 -1.0 -1.0 -1.0 2.672 2.51 5.908 813.739 1.231 499.92 -2.249187206991922 0.0
19.0 3.0 Truck -1.0 -1.0 -1.0 -1.0 -1.0 -1.0 -1.0 2.113 1.886 6.048 800.087 1.208 505.622 -0.7624889339464209 1.0
19.0 5.0 Truck -1.0 -1.0 -1.0 -1.0 -1.0 -1.0 -1.0 2.939 4.105 12.085 822.415 1.891 518.882 -2.588492424929938 1.0
19.0 0.0 Truck -1.0 -1.0 -1.0 -1.0 -1.0 -1.0 -1.0 2.215 1.773 5.026 806.994 1.118 494.313 -1.620198624397967 0.0
19.0 1.0 Truck -1.0 -1.0 -1.0 -1.0 -1.0 -1.0 -1.0 2.672 2.51 5.908 813.75 1.225 499.951 -2.2503988560939265 0.0
20.0 3.0 Truck -1.0 -1.0 -1.0 -1.0 -1.0 -1.0 -1.0 2.113 1.886 6.048 800.388 1.212 505.299 -0.7729563362360792 1.0
20.0 5.0 Truck -1.0 -1.0 -1.0 -1.0 -1.0 -1.0 -1.0 2.939 4.105 12.085 820.659 1.9 518.37 -2.7549777408028575 1.0
20.0 0.0 Truck -1.0 -1.0 -1.0 -1.0 -1.0 -1.0 -1.0 2.215 1.773 5.026 806.995 1.118 494.26 -1.6243679223476646 0.0
20.0 1.0 Truck -1.0 -1.0 -1.0 -1.0 -1.0 -1.0 -1.0 2.672 2.51 5.908 813.768 1.225 499.984 -2.252641780934617 1.0
21.0 3.0 Truck -1.0 -1.0 -1.0 -1.0 -1.0 -1.0 -1.0 2.113 1.886 6.048 800.689 1.215 504.976 -0.7834233825514735 0.0
21.0 5.0 Truck -1.0 -1.0 -1.0 -1.0 -1.0 -1.0 -1.0 2.939 4.105 12.085 818.843 1.91 518.156 -2.921457394861496 1.0
21.0 0.0 Truck -1.0 -1.0 -1.0 -1.0 -1.0 -1.0 -1.0 2.215 1.773 5.026 806.996 1.118 494.206 -1.6285370785083373 1.0
21.0 1.0 Truck -1.0 -1.0 -1.0 -1.0 -1.0 -1.0 -1.0 2.672 2.51 5.908 813.671 1.225 499.876 -2.254884629498166 1.0
21.0 4.0 Car -1.0 -1.0 -1.0 -1.0 -1.0 -1.0 -1.0 2.087 1.719 5.203 818.995 0.823 506.72 -2.2734724389262415 0.0
22.0 3.0 Truck -1.0 -1.0 -1.0 -1.0 -1.0 -1.0 -1.0 2.113 1.886 6.048 800.99 1.218 504.653 -0.7938908476601192 0.0
22.0 5.0 Truck -1.0 -1.0 -1.0 -1.0 -1.0 -1.0 -1.0 2.939 4.105 12.085 817.056 1.919 518.258 -3.0879437098781124 1.0
22.0 0.0 Truck -1.0 -1.0 -1.0 -1.0 -1.0 -1.0 -1.0 2.215 1.773 5.026 806.997 1.118 494.152 -1.6327064014796275 1.0
22.0 1.0 Truck -1.0 -1.0 -1.0 -1.0 -1.0 -1.0 -1.0 2.672 2.51 5.908 813.574 1.225 499.767 -2.257127567799529 1.0
22.0 4.0 Car -1.0 -1.0 -1.0 -1.0 -1.0 -1.0 -1.0 2.087 1.719 5.203 818.984 0.823 506.708 -2.272269152039046 0.0
23.0 3.0 Truck -1.0 -1.0 -1.0 -1.0 -1.0 -1.0 -1.0 2.113 1.886 6.048 801.292 1.222 504.33 -0.8043698924021725 0.0
23.0 5.0 Truck -1.0 -1.0 -1.0 -1.0 -1.0 -1.0 -1.0 2.939 4.105 12.085 815.102 1.929 518.498 3.040258836964602 1.0
23.0 0.0 Truck -1.0 -1.0 -1.0 -1.0 -1.0 -1.0 -1.0 2.215 1.773 5.026 806.998 1.118 494.098 -1.636880336764508 0.0
23.0 1.0 Truck -1.0 -1.0 -1.0 -1.0 -1.0 -1.0 -1.0 2.672 2.51 5.908 813.469 1.225 499.638 -2.259372987351415 1.0
23.0 4.0 Car -1.0 -1.0 -1.0 -1.0 -1.0 -1.0 -1.0 2.087 1.719 5.203 818.973 0.823 506.696 -2.271064534015716 0.0
24.0 3.0 Truck -1.0 -1.0 -1.0 -1.0 -1.0 -1.0 -1.0 2.113 1.886 6.048 801.47 1.218 504.091 -0.8074634681252202 0.0
24.0 5.0 Truck -1.0 -1.0 -1.0 -1.0 -1.0 -1.0 -1.0 2.939 4.105 12.085 813.302 1.957 519.123 2.918085422722637 1.0
24.0 2.0 Car -1.0 -1.0 -1.0 -1.0 -1.0 -1.0 -1.0 1.916 1.757 4.749 826.291 0.842 515.145 -2.2750890397668684 0.0
24.0 0.0 Truck -1.0 -1.0 -1.0 -1.0 -1.0 -1.0 -1.0 2.215 1.773 5.026 806.922 1.118 493.951 -1.6563310249722005 0.0
24.0 1.0 Truck -1.0 -1.0 -1.0 -1.0 -1.0 -1.0 -1.0 2.672 2.51 5.908 813.365 1.225 499.509 -2.2616159301396674 1.0
24.0 4.0 Car -1.0 -1.0 -1.0 -1.0 -1.0 -1.0 -1.0 2.087 1.719 5.203 818.962 0.823 506.684 -2.269861244721404 1.0
25.0 3.0 Truck -1.0 -1.0 -1.0 -1.0 -1.0 -1.0 -1.0 2.113 1.886 6.048 801.648 1.214 503.851 -0.8105570252826544 0.0
25.0 5.0 Truck -1.0 -1.0 -1.0 -1.0 -1.0 -1.0 -1.0 2.939 4.105 12.085 811.592 1.985 519.962 2.7959127416853957 1.0
25.0 2.0 Car -1.0 -1.0 -1.0 -1.0 -1.0 -1.0 -1.0 1.916 1.757 4.749 826.284 0.842 515.136 -2.2750890397668684 0.0
25.0 0.0 Truck -1.0 -1.0 -1.0 -1.0 -1.0 -1.0 -1.0 2.215 1.773 5.026 806.842 1.118 493.807 -1.6757815964496152 0.0
25.0 1.0 Truck -1.0 -1.0 -1.0 -1.0 -1.0 -1.0 -1.0 2.672 2.51 5.908 813.203 1.225 499.343 -2.263858859467249 1.0
25.0 4.0 Car -1.0 -1.0 -1.0 -1.0 -1.0 -1.0 -1.0 2.087 1.719 5.203 819.005 0.823 506.735 -2.268657962648444 1.0
26.0 3.0 Truck -1.0 -1.0 -1.0 -1.0 -1.0 -1.0 -1.0 2.113 1.886 6.048 801.827 1.21 503.612 -0.8136538933077468 0.0
26.0 5.0 Truck -1.0 -1.0 -1.0 -1.0 -1.0 -1.0 -1.0 2.939 4.105 12.085 809.665 1.989 520.999 2.705641831288218 1.0
26.0 2.0 Car -1.0 -1.0 -1.0 -1.0 -1.0 -1.0 -1.0 1.916 1.757 4.749 826.294 0.842 515.142 -2.2750890397668684 0.0
26.0 0.0 Truck -1.0 -1.0 -1.0 -1.0 -1.0 -1.0 -1.0 2.215 1.773 5.026 806.762 1.118 493.662 -1.6952529848263984 0.0
26.0 1.0 Truck -1.0 -1.0 -1.0 -1.0 -1.0 -1.0 -1.0 2.672 2.51 5.908 813.108 1.225 499.174 -2.2661041892813225 1.0
26.0 4.0 Car -1.0 -1.0 -1.0 -1.0 -1.0 -1.0 -1.0 2.087 1.719 5.203 819.018 0.823 506.751 -2.267453392767471 1.0
27.0 3.0 Truck -1.0 -1.0 -1.0 -1.0 -1.0 -1.0 -1.0 2.113 1.886 6.048 802.005 1.206 503.372 -0.8167473514485786 0.0
27.0 5.0 Truck -1.0 -1.0 -1.0 -1.0 -1.0 -1.0 -1.0 2.939 4.105 12.085 807.695 1.993 522.28 2.6154703159424546 1.0
27.0 2.0 Car -1.0 -1.0 -1.0 -1.0 -1.0 -1.0 -1.0 1.916 1.757 4.749 826.304 0.842 515.147 -2.2750890397668684 1.0
27.0 0.0 Truck -1.0 -1.0 -1.0 -1.0 -1.0 -1.0 -1.0 2.215 1.773 5.026 806.677 1.118 493.521 -1.714702933742337 0.0
27.0 1.0 Truck -1.0 -1.0 -1.0 -1.0 -1.0 -1.0 -1.0 2.672 2.51 5.908 813.039 1.225 499.036 -2.2683470468186537 1.0
27.0 4.0 Car -1.0 -1.0 -1.0 -1.0 -1.0 -1.0 -1.0 2.087 1.719 5.203 819.031 0.823 506.768 -2.266250149208396 1.0
28.0 3.0 Truck -1.0 -1.0 -1.0 -1.0 -1.0 -1.0 -1.0 2.113 1.886 6.048 802.173 1.227 503.224 -0.8372656059440398 0.0
28.0 5.0 Truck -1.0 -1.0 -1.0 -1.0 -1.0 -1.0 -1.0 2.939 4.105 12.085 805.586 2.021 523.862 2.5515666464061892 0.0
28.0 2.0 Car -1.0 -1.0 -1.0 -1.0 -1.0 -1.0 -1.0 1.916 1.757 4.749 826.314 0.842 515.152 -2.2750890397668684 0.0
28.0 0.0 Truck -1.0 -1.0 -1.0 -1.0 -1.0 -1.0 -1.0 2.215 1.773 5.026 806.592 1.118 493.38 -1.7341307428157706 0.0
28.0 1.0 Truck -1.0 -1.0 -1.0 -1.0 -1.0 -1.0 -1.0 2.672 2.51 5.908 812.84 1.225 498.825 -2.2627253389612543 0.0
28.0 4.0 Car -1.0 -1.0 -1.0 -1.0 -1.0 -1.0 -1.0 2.087 1.719 5.203 819.045 0.823 506.785 -2.2650482752993395 0.0
29.0 3.0 Truck -1.0 -1.0 -1.0 -1.0 -1.0 -1.0 -1.0 2.113 1.886 6.048 802.342 1.248 503.076 -0.8578084757698492 0.0
29.0 5.0 Truck -1.0 -1.0 -1.0 -1.0 -1.0 -1.0 -1.0 2.939 4.105 12.085 803.512 2.049 525.508 2.521022040262083 0.0
29.0 2.0 Car -1.0 -1.0 -1.0 -1.0 -1.0 -1.0 -1.0 1.916 1.757 4.749 826.324 0.842 515.158 -2.2750890397668684 0.0
29.0 0.0 Truck -1.0 -1.0 -1.0 -1.0 -1.0 -1.0 -1.0 2.215 1.773 5.026 806.457 1.118 493.004 -1.753581859034478 0.0
29.0 1.0 Truck -1.0 -1.0 -1.0 -1.0 -1.0 -1.0 -1.0 2.672 2.51 5.908 812.64 1.225 498.615 -2.2570968868558943 0.0
29.0 4.0 Car -1.0 -1.0 -1.0 -1.0 -1.0 -1.0 -1.0 2.087 1.719 5.203 819.058 0.823 506.801 -2.2638449595267307 0.0
30.0 3.0 Truck -1.0 -1.0 -1.0 -1.0 -1.0 -1.0 -1.0 2.113 1.886 6.048 802.463 1.244 502.922 -0.8612600819750655 0.0
30.0 5.0 Truck -1.0 -1.0 -1.0 -1.0 -1.0 -1.0 -1.0 2.939 4.105 12.085 801.493 2.077 527.215 2.4905132396290908 0.0
30.0 2.0 Car -1.0 -1.0 -1.0 -1.0 -1.0 -1.0 -1.0 1.916 1.757 4.749 826.335 0.842 515.163 -2.2750890397668684 0.0
30.0 0.0 Truck -1.0 -1.0 -1.0 -1.0 -1.0 -1.0 -1.0 2.215 1.773 5.026 806.322 1.118 492.628 -1.7730101739391115 0.0
30.0 1.0 Truck -1.0 -1.0 -1.0 -1.0 -1.0 -1.0 -1.0 2.672 2.51 5.908 812.402 1.225 498.357 -2.251475032629174 0.0
30.0 4.0 Car -1.0 -1.0 -1.0 -1.0 -1.0 -1.0 -1.0 2.087 1.719 5.203 819.038 0.823 506.778 -2.262643054325143 0.0
31.0 3.0 Truck -1.0 -1.0 -1.0 -1.0 -1.0 -1.0 -1.0 2.113 1.886 6.048 802.585 1.241 502.768 -0.8647193751143298 0.0
31.0 5.0 Truck -1.0 -1.0 -1.0 -1.0 -1.0 -1.0 -1.0 2.939 4.105 12.085 799.129 2.106 529.295 2.459936494067158 0.0
31.0 2.0 Car -1.0 -1.0 -1.0 -1.0 -1.0 -1.0 -1.0 1.916 1.757 4.749 826.345 0.842 515.168 -2.2750890397668684 0.0
31.0 0.0 Truck -1.0 -1.0 -1.0 -1.0 -1.0 -1.0 -1.0 2.215 1.773 5.026 806.044 1.118 492.292 -1.851593488461645 0.0
31.0 1.0 Truck -1.0 -1.0 -1.0 -1.0 -1.0 -1.0 -1.0 2.672 2.51 5.908 812.001 1.225 497.871 -2.2595597067536985 0.0
31.0 4.0 Car -1.0 -1.0 -1.0 -1.0 -1.0 -1.0 -1.0 2.087 1.719 5.203 819.019 0.823 506.756 -2.2614384724085803 0.0
32.0 3.0 Truck -1.0 -1.0 -1.0 -1.0 -1.0 -1.0 -1.0 2.113 1.886 6.048 802.706 1.237 502.615 -0.8681748386119912 0.0
32.0 5.0 Truck -1.0 -1.0 -1.0 -1.0 -1.0 -1.0 -1.0 2.939 4.105 12.085 796.833 2.134 531.444 2.4293935987665862 0.0
32.0 2.0 Car -1.0 -1.0 -1.0 -1.0 -1.0 -1.0 -1.0 1.916 1.757 4.749 826.355 0.842 515.173 -2.2750890397668684 0.0
32.0 0.0 Truck -1.0 -1.0 -1.0 -1.0 -1.0 -1.0 -1.0 2.215 1.773 5.026 805.74 1.118 491.98 -1.9300898066185985 0.0
32.0 1.0 Truck -1.0 -1.0 -1.0 -1.0 -1.0 -1.0 -1.0 2.672 2.51 5.908 811.435 1.225 497.236 -2.2641317070057476 0.0
32.0 4.0 Car -1.0 -1.0 -1.0 -1.0 -1.0 -1.0 -1.0 2.087 1.719 5.203 818.999 0.823 506.733 -2.2602352240352697 0.0
33.0 5.0 Truck -1.0 -1.0 -1.0 -1.0 -1.0 -1.0 -1.0 2.939 4.105 12.085 794.021 2.163 533.857 2.4293935987665862 0.0
33.0 2.0 Car -1.0 -1.0 -1.0 -1.0 -1.0 -1.0 -1.0 1.916 1.757 4.749 826.365 0.842 515.179 -2.2750890397668684 0.0
33.0 0.0 Truck -1.0 -1.0 -1.0 -1.0 -1.0 -1.0 -1.0 2.215 1.773 5.026 805.139 1.118 490.676 -2.0406674678594663 0.0
33.0 1.0 Truck -1.0 -1.0 -1.0 -1.0 -1.0 -1.0 -1.0 2.672 2.51 5.908 810.666 1.225 496.362 -2.2742252926832194 0.0
33.0 4.0 Car -1.0 -1.0 -1.0 -1.0 -1.0 -1.0 -1.0 2.087 1.719 5.203 818.979 0.823 506.71 -2.2590306276760006 0.0
34.0 5.0 Truck -1.0 -1.0 -1.0 -1.0 -1.0 -1.0 -1.0 2.939 4.105 12.085 791.086 2.191 536.375 2.4293935987665862 0.0
34.0 2.0 Car -1.0 -1.0 -1.0 -1.0 -1.0 -1.0 -1.0 1.916 1.757 4.749 826.348 0.842 515.15 -2.292535852070829 0.0
34.0 0.0 Truck -1.0 -1.0 -1.0 -1.0 -1.0 -1.0 -1.0 2.215 1.773 5.026 804.4 1.118 489.448 -2.1511220516784477 0.0
34.0 1.0 Truck -1.0 -1.0 -1.0 -1.0 -1.0 -1.0 -1.0 2.672 2.51 5.908 809.844 1.225 495.427 -2.284307643790446 0.0
34.0 4.0 Car -1.0 -1.0 -1.0 -1.0 -1.0 -1.0 -1.0 2.087 1.719 5.203 818.596 0.823 506.244 -2.2578273720813367 0.0
35.0 5.0 Truck -1.0 -1.0 -1.0 -1.0 -1.0 -1.0 -1.0 2.939 4.105 12.085 787.927 2.22 539.087 2.4293935987665862 0.0
35.0 2.0 Car -1.0 -1.0 -1.0 -1.0 -1.0 -1.0 -1.0 1.916 1.757 4.749 826.33 0.842 515.122 -2.3100025238517787 0.0
35.0 1.0 Truck -1.0 -1.0 -1.0 -1.0 -1.0 -1.0 -1.0 2.672 2.51 5.908 808.888 1.225 494.31 -2.2871134223225065 0.0
35.0 4.0 Car -1.0 -1.0 -1.0 -1.0 -1.0 -1.0 -1.0 2.087 1.719 5.203 817.894 0.823 505.391 -2.2566227468366535 0.0
36.0 5.0 Truck -1.0 -1.0 -1.0 -1.0 -1.0 -1.0 -1.0 2.939 4.105 12.085 784.269 2.248 542.23 2.4293935987665862 0.0
36.0 2.0 Car -1.0 -1.0 -1.0 -1.0 -1.0 -1.0 -1.0 1.916 1.757 4.749 826.279 0.842 515.057 -2.327448917326699 0.0
36.0 1.0 Truck -1.0 -1.0 -1.0 -1.0 -1.0 -1.0 -1.0 2.672 2.51 5.908 807.849 1.225 493.159 -2.3073489731728456 0.0
36.0 4.0 Car -1.0 -1.0 -1.0 -1.0 -1.0 -1.0 -1.0 2.087 1.719 5.203 816.942 0.823 504.23 -2.2554195201274023 0.0
37.0 5.0 Truck -1.0 -1.0 -1.0 -1.0 -1.0 -1.0 -1.0 2.939 4.105 12.085 780.591 2.276 545.39 2.4293935987665862 0.0
37.0 2.0 Car -1.0 -1.0 -1.0 -1.0 -1.0 -1.0 -1.0 1.916 1.757 4.749 825.802 0.842 514.529 -2.292542332286813 0.0
37.0 1.0 Truck -1.0 -1.0 -1.0 -1.0 -1.0 -1.0 -1.0 2.672 2.51 5.908 806.744 1.225 491.919 -2.3050765406431 0.0
37.0 4.0 Car -1.0 -1.0 -1.0 -1.0 -1.0 -1.0 -1.0 2.087 1.719 5.203 815.763 0.823 502.789 -2.2542149021040734 0.0
38.0 5.0 Truck -1.0 -1.0 -1.0 -1.0 -1.0 -1.0 -1.0 2.939 4.105 12.085 776.749 2.305 548.692 2.4293935987665862 0.0
38.0 2.0 Car -1.0 -1.0 -1.0 -1.0 -1.0 -1.0 -1.0 1.916 1.757 4.749 824.989 0.842 513.601 -2.2925423322868115 0.0
38.0 1.0 Truck -1.0 -1.0 -1.0 -1.0 -1.0 -1.0 -1.0 2.672 2.51 5.908 805.64 1.225 490.68 -2.3028067054904775 0.0
38.0 4.0 Car -1.0 -1.0 -1.0 -1.0 -1.0 -1.0 -1.0 2.087 1.719 5.203 814.355 0.873 501.083 -2.2542149021040734 0.0
39.0 5.0 Truck -1.0 -1.0 -1.0 -1.0 -1.0 -1.0 -1.0 2.939 4.105 12.085 772.718 2.333 552.157 2.4293935987665862 0.0
39.0 2.0 Car -1.0 -1.0 -1.0 -1.0 -1.0 -1.0 -1.0 1.916 1.757 4.749 823.69 0.842 512.183 -2.2838139838899663 0.0
39.0 1.0 Truck -1.0 -1.0 -1.0 -1.0 -1.0 -1.0 -1.0 2.672 2.51 5.908 804.536 1.225 489.441 -2.300536711407436 0.0
39.0 4.0 Car -1.0 -1.0 -1.0 -1.0 -1.0 -1.0 -1.0 2.087 1.719 5.203 812.924 0.923 499.349 -2.2542149021040734 0.0
