0.0 2.0 Car -1.0 -1.0 -1.0 -1.0 -1.0 -1.0 -1.0 2.083 1.597 4.909 446.724 1.5 1093.895 -0.4274311338309691 0.0
1.0 2.0 Car -1.0 -1.0 -1.0 -1.0 -1.0 -1.0 -1.0 2.083 1.597 4.909 451.001 1.378 1091.942 -0.4199689666280764 1.0
2.0 2.0 Car -1.0 -1.0 -1.0 -1.0 -1.0 -1.0 -1.0 2.083 1.597 4.909 455.598 1.255 1089.847 -0.4299321798755162 1.0
3.0 2.0 Car -1.0 -1.0 -1.0 -1.0 -1.0 -1.0 -1.0 2.083 1.597 4.909 459.165 1.297 1088.265 -0.4099778413110257 1.0
4.0 2.0 Car -1.0 -1.0 -1.0 -1.0 -1.0 -1.0 -1.0 2.083 1.597 4.909 463.611 1.304 1086.382 -0.4041645244979033 1.0
5.0 2.0 Car -1.0 -1.0 -1.0 -1.0 -1.0 -1.0 -1.0 2.083 1.597 4.909 467.87 1.41 1084.58 -0.3983514056039519 1.0
6.0 2.0 Car -1.0 -1.0 -1.0 -1.0 -1.0 -1.0 -1.0 2.083 1.597 4.909 472.093 1.467 1082.792 -0.39252454879108245 1.0
7.0 2.0 Car -1.0 -1.0 -1.0 -1.0 -1.0 -1.0 -1.0 2.083 1.597 4.909 476.261 1.384 1080.998 -0.4157950507084391 1.0
8.0 2.0 Car -1.0 -1.0 -1.0 -1.0 -1.0 -1.0 -1.0 2.083 1.597 4.909 480.249 1.301 1079.279 -0.4041661253588975 1.0
9.0 1.0 Truck -1.0 -1.0 -1.0 -1.0 -1.0 -1.0 -1.0 2.082 2.779 4.986 605.112 0.162 1025.058 -0.3780732221892864 0.0
9.0 2.0 Car -1.0 -1.0 -1.0 -1.0 -1.0 -1.0 -1.0 2.083 1.597 4.909 484.227 1.218 1077.565 -0.4099778413110257 1.0
10.0 1.0 Truck -1.0 -1.0 -1.0 -1.0 -1.0 -1.0 -1.0 2.082 2.779 4.986 605.192 0.162 1025.027 -0.3780732221892864 1.0
10.0 2.0 Car -1.0 -1.0 -1.0 -1.0 -1.0 -1.0 -1.0 2.083 1.597 4.909 488.245 1.21 1075.861 -0.4041600848967062 1.0
10.0 3.0 Car -1.0 -1.0 -1.0 -1.0 -1.0 -1.0 -1.0 2.085 1.504 4.557 586.04 -0.181 1030.065 -0.39835394908024585 0.0
11.0 1.0 Truck -1.0 -1.0 -1.0 -1.0 -1.0 -1.0 -1.0 2.082 2.779 4.986 605.271 0.162 1024.995 -0.3780732221892864 1.0
11.0 2.0 Car -1.0 -1.0 -1.0 -1.0 -1.0 -1.0 -1.0 2.083 1.597 4.909 492.259 1.203 1074.159 -0.3983489624229877 1.0
11.0 3.0 Car -1.0 -1.0 -1.0 -1.0 -1.0 -1.0 -1.0 2.085 1.504 4.557 587.153 -0.151 1029.601 -0.39835394908024585 1.0
12.0 1.0 Truck -1.0 -1.0 -1.0 -1.0 -1.0 -1.0 -1.0 2.082 2.779 4.986 605.72 0.241 1024.817 -0.3780732221892864 1.0
12.0 2.0 Car -1.0 -1.0 -1.0 -1.0 -1.0 -1.0 -1.0 2.083 1.597 4.909 496.281 1.196 1072.453 -0.39252454879108245 1.0
12.0 3.0 Car -1.0 -1.0 -1.0 -1.0 -1.0 -1.0 -1.0 2.085 1.504 4.557 588.269 -0.121 1029.136 -0.39835394908024585 1.0
13.0 1.0 Truck -1.0 -1.0 -1.0 -1.0 -1.0 -1.0 -1.0 2.082 2.779 4.986 606.547 0.312 1024.489 -0.3780732221892864 1.0
13.0 2.0 Car -1.0 -1.0 -1.0 -1.0 -1.0 -1.0 -1.0 2.083 1.597 4.909 499.849 1.179 1070.914 -0.39906524940962607 1.0
13.0 3.0 Car -1.0 -1.0 -1.0 -1.0 -1.0 -1.0 -1.0 2.085 1.504 4.557 589.272 -0.094 1028.718 -0.39835394908024585 1.0
14.0 1.0 Truck -1.0 -1.0 -1.0 -1.0 -1.0 -1.0 -1.0 2.082 2.779 4.986 607.808 0.39 1023.987 -0.3780732221892864 1.0
14.0 2.0 Car -1.0 -1.0 -1.0 -1.0 -1.0 -1.0 -1.0 2.083 1.597 4.909 503.815 1.162 1069.203 -0.40633758541557685 1.0
14.0 3.0 Car -1.0 -1.0 -1.0 -1.0 -1.0 -1.0 -1.0 2.085 1.504 4.557 590.388 -0.064 1028.253 -0.39835394908024585 1.0
15.0 1.0 Truck -1.0 -1.0 -1.0 -1.0 -1.0 -1.0 -1.0 2.082 2.779 4.986 609.599 0.476 1023.276 -0.3780732221892864 1.0
15.0 2.0 Car -1.0 -1.0 -1.0 -1.0 -1.0 -1.0 -1.0 2.083 1.597 4.909 508.18 1.142 1067.319 -0.41434116444101154 1.0
15.0 3.0 Car -1.0 -1.0 -1.0 -1.0 -1.0 -1.0 -1.0 2.085 1.504 4.557 591.615 -0.031 1027.742 -0.39835394908024585 1.0
16.0 1.0 Truck -1.0 -1.0 -1.0 -1.0 -1.0 -1.0 -1.0 2.082 2.779 4.986 611.57 0.503 1022.423 -0.395526619453914 1.0
16.0 2.0 Car -1.0 -1.0 -1.0 -1.0 -1.0 -1.0 -1.0 2.083 1.597 4.909 512.185 1.104 1065.623 -0.3915548360804892 1.0
16.0 3.0 Car -1.0 -1.0 -1.0 -1.0 -1.0 -1.0 -1.0 2.085 1.504 4.557 593.562 -0.051 1026.91 -0.39835394908024585 1.0
17.0 0.0 Car -1.0 -1.0 -1.0 -1.0 -1.0 -1.0 -1.0 2.081 1.898 4.163 502.687 1.434 1069.261 -0.4018620602834555 0.0
17.0 1.0 Truck -1.0 -1.0 -1.0 -1.0 -1.0 -1.0 -1.0 2.082 2.779 4.986 613.859 0.529 1021.437 -0.41297980722917305 1.0
17.0 2.0 Car -1.0 -1.0 -1.0 -1.0 -1.0 -1.0 -1.0 2.083 1.597 4.909 516.253 1.066 1063.899 -0.403675156771134 1.0
17.0 3.0 Car -1.0 -1.0 -1.0 -1.0 -1.0 -1.0 -1.0 2.085 1.504 4.557 595.97 -0.071 1025.884 -0.39835394908024585 1.0
18.0 0.0 Car -1.0 -1.0 -1.0 -1.0 -1.0 -1.0 -1.0 2.081 1.898 4.163 506.624 1.436 1067.635 -0.4018620602834555 1.0
18.0 1.0 Truck -1.0 -1.0 -1.0 -1.0 -1.0 -1.0 -1.0 2.082 2.779 4.986 616.406 0.572 1020.319 -0.41297980722917305 1.0
18.0 2.0 Car -1.0 -1.0 -1.0 -1.0 -1.0 -1.0 -1.0 2.083 1.597 4.909 520.183 1.029 1062.197 -0.39834231296439704 1.0
18.0 3.0 Car -1.0 -1.0 -1.0 -1.0 -1.0 -1.0 -1.0 2.085 1.504 4.557 598.678 -0.041 1024.72 -0.4070805080512343 1.0
19.0 0.0 Car -1.0 -1.0 -1.0 -1.0 -1.0 -1.0 -1.0 2.081 1.898 4.163 510.56 1.437 1066.009 -0.4018620602834555 1.0
19.0 1.0 Truck -1.0 -1.0 -1.0 -1.0 -1.0 -1.0 -1.0 2.082 2.779 4.986 619.393 0.614 1019.008 -0.41297980722917305 1.0
19.0 2.0 Car -1.0 -1.0 -1.0 -1.0 -1.0 -1.0 -1.0 2.083 1.597 4.909 524.259 1.039 1060.454 -0.39640449903896147 1.0
19.0 3.0 Car -1.0 -1.0 -1.0 -1.0 -1.0 -1.0 -1.0 2.085 1.504 4.557 602.296 -0.011 1023.129 -0.4158072416001892 1.0
20.0 0.0 Car -1.0 -1.0 -1.0 -1.0 -1.0 -1.0 -1.0 2.081 1.898 4.163 514.502 1.438 1064.38 -0.4018620602834555 1.0
20.0 1.0 Truck -1.0 -1.0 -1.0 -1.0 -1.0 -1.0 -1.0 2.082 2.779 4.986 622.596 0.657 1017.621 -0.41297980722917305 1.0
20.0 2.0 Car -1.0 -1.0 -1.0 -1.0 -1.0 -1.0 -1.0 2.083 1.597 4.909 528.18 1.05 1058.85 -0.3770103223349006 1.0
20.0 3.0 Car -1.0 -1.0 -1.0 -1.0 -1.0 -1.0 -1.0 2.085 1.504 4.557 605.829 0.027 1021.559 -0.4158072416001892 1.0
21.0 0.0 Car -1.0 -1.0 -1.0 -1.0 -1.0 -1.0 -1.0 2.081 1.898 4.163 518.441 1.44 1062.753 -0.4018620602834555 1.0
21.0 1.0 Truck -1.0 -1.0 -1.0 -1.0 -1.0 -1.0 -1.0 2.082 2.779 4.986 625.765 0.75 1016.249 -0.41297980722917305 1.0
21.0 2.0 Car -1.0 -1.0 -1.0 -1.0 -1.0 -1.0 -1.0 2.083 1.597 4.909 532.003 1.06 1057.284 -0.39252454879108245 1.0
21.0 3.0 Car -1.0 -1.0 -1.0 -1.0 -1.0 -1.0 -1.0 2.085 1.504 4.557 609.359 0.066 1019.99 -0.4158072416001892 1.0
22.0 0.0 Car -1.0 -1.0 -1.0 -1.0 -1.0 -1.0 -1.0 2.081 1.898 4.163 522.373 1.441 1061.129 -0.4018620602834555 1.0
22.0 1.0 Truck -1.0 -1.0 -1.0 -1.0 -1.0 -1.0 -1.0 2.082 2.779 4.986 628.977 0.842 1014.821 -0.4304330997491164 1.0
22.0 2.0 Car -1.0 -1.0 -1.0 -1.0 -1.0 -1.0 -1.0 2.083 1.597 4.909 536.032 1.084 1055.627 -0.39688306889521496 1.0
22.0 3.0 Car -1.0 -1.0 -1.0 -1.0 -1.0 -1.0 -1.0 2.085 1.504 4.557 614.093 0.171 1017.846 -0.4158072416001892 0.0
23.0 0.0 Car -1.0 -1.0 -1.0 -1.0 -1.0 -1.0 -1.0 2.081 1.898 4.163 526.309 1.442 1059.503 -0.4018620602834555 1.0
23.0 1.0 Truck -1.0 -1.0 -1.0 -1.0 -1.0 -1.0 -1.0 2.082 2.779 4.986 632.118 0.968 1013.394 -0.4187953182573729 1.0
23.0 2.0 Car -1.0 -1.0 -1.0 -1.0 -1.0 -1.0 -1.0 2.083 1.597 4.909 539.928 1.107 1053.989 -0.40124630255493265 1.0
23.0 3.0 Car -1.0 -1.0 -1.0 -1.0 -1.0 -1.0 -1.0 2.085 1.504 4.557 618.832 0.276 1015.7 -0.4158072416001892 0.0
24.0 0.0 Car -1.0 -1.0 -1.0 -1.0 -1.0 -1.0 -1.0 2.081 1.898 4.163 530.245 1.444 1057.877 -0.4018620602834555 1.0
24.0 1.0 Truck -1.0 -1.0 -1.0 -1.0 -1.0 -1.0 -1.0 2.082 2.779 4.986 635.385 1.094 1011.912 -0.42461096889525307 1.0
24.0 2.0 Car -1.0 -1.0 -1.0 -1.0 -1.0 -1.0 -1.0 2.083 1.597 4.909 543.78 1.13 1052.333 -0.4056096409603301 1.0
24.0 3.0 Car -1.0 -1.0 -1.0 -1.0 -1.0 -1.0 -1.0 2.085 1.504 4.557 623.571 0.382 1013.555 -0.4158072416001892 0.0
25.0 0.0 Car -1.0 -1.0 -1.0 -1.0 -1.0 -1.0 -1.0 2.081 1.898 4.163 534.163 1.527 1056.194 -0.4018620602834555 1.0
25.0 1.0 Truck -1.0 -1.0 -1.0 -1.0 -1.0 -1.0 -1.0 2.082 2.779 4.986 638.881 1.22 1010.344 -0.41297980722917305 0.0
25.0 2.0 Car -1.0 -1.0 -1.0 -1.0 -1.0 -1.0 -1.0 2.083 1.597 4.909 547.628 1.154 1050.716 -0.4099778413110257 1.0
25.0 3.0 Car -1.0 -1.0 -1.0 -1.0 -1.0 -1.0 -1.0 2.085 1.504 4.557 628.315 0.487 1011.407 -0.4158072416001892 0.0
26.0 0.0 Car -1.0 -1.0 -1.0 -1.0 -1.0 -1.0 -1.0 2.081 1.898 4.163 538.075 1.611 1054.513 -0.4018620602834555 1.0
26.0 1.0 Truck -1.0 -1.0 -1.0 -1.0 -1.0 -1.0 -1.0 2.082 2.779 4.986 642.678 1.321 1008.706 -0.41297994689070777 0.0
26.0 2.0 Car -1.0 -1.0 -1.0 -1.0 -1.0 -1.0 -1.0 2.083 1.597 4.909 551.562 1.142 1048.98 -0.4128866244733351 1.0
26.0 3.0 Car -1.0 -1.0 -1.0 -1.0 -1.0 -1.0 -1.0 2.085 1.504 4.557 633.054 0.593 1009.261 -0.4158072416001892 0.0
27.0 0.0 Car -1.0 -1.0 -1.0 -1.0 -1.0 -1.0 -1.0 2.081 1.898 4.163 541.997 1.64 1052.874 -0.3844087677635122 0.0
27.0 1.0 Truck -1.0 -1.0 -1.0 -1.0 -1.0 -1.0 -1.0 2.082 2.779 4.986 646.553 1.422 1007.071 -0.3955265147092297 0.0
27.0 2.0 Car -1.0 -1.0 -1.0 -1.0 -1.0 -1.0 -1.0 2.083 1.597 4.909 555.496 1.13 1047.244 -0.4157954541882787 0.0
27.0 3.0 Car -1.0 -1.0 -1.0 -1.0 -1.0 -1.0 -1.0 2.085 1.504 4.557 637.793 0.698 1007.115 -0.4158072416001892 0.0
28.0 0.0 Car -1.0 -1.0 -1.0 -1.0 -1.0 -1.0 -1.0 2.081 1.898 4.163 545.739 1.618 1051.362 -0.3887720908934982 0.0
28.0 1.0 Truck -1.0 -1.0 -1.0 -1.0 -1.0 -1.0 -1.0 2.082 2.779 4.986 650.693 1.498 1005.359 -0.3955265147092297 0.0
28.0 2.0 Car -1.0 -1.0 -1.0 -1.0 -1.0 -1.0 -1.0 2.083 1.597 4.909 559.337 1.118 1045.548 -0.41870428390322245 0.0
28.0 3.0 Car -1.0 -1.0 -1.0 -1.0 -1.0 -1.0 -1.0 2.085 1.504 4.557 643.18 0.803 1004.768 -0.4070809793894627 0.0
29.0 0.0 Car -1.0 -1.0 -1.0 -1.0 -1.0 -1.0 -1.0 2.081 1.898 4.163 549.472 1.597 1049.824 -0.39313541402348395 0.0
29.0 1.0 Truck -1.0 -1.0 -1.0 -1.0 -1.0 -1.0 -1.0 2.082 2.779 4.986 654.819 1.574 1003.614 -0.3955265147092297 0.0
29.0 2.0 Car -1.0 -1.0 -1.0 -1.0 -1.0 -1.0 -1.0 2.083 1.597 4.909 563.261 1.156 1043.817 -0.42161336965765467 0.0
29.0 3.0 Car -1.0 -1.0 -1.0 -1.0 -1.0 -1.0 -1.0 2.085 1.504 4.557 648.856 0.908 1002.296 -0.39835394908024585 0.0
30.0 0.0 Car -1.0 -1.0 -1.0 -1.0 -1.0 -1.0 -1.0 2.081 1.898 4.163 552.931 1.626 1048.419 -0.3844087677635122 0.0
30.0 1.0 Truck -1.0 -1.0 -1.0 -1.0 -1.0 -1.0 -1.0 2.082 2.779 4.986 658.824 1.657 1001.923 -0.3955265147092297 0.0
30.0 2.0 Car -1.0 -1.0 -1.0 -1.0 -1.0 -1.0 -1.0 2.083 1.597 4.909 566.866 1.093 1042.227 -0.41591615883826744 0.0
30.0 3.0 Car -1.0 -1.0 -1.0 -1.0 -1.0 -1.0 -1.0 2.085 1.504 4.557 653.901 1.103 1000.097 -0.39835394908024585 0.0
31.0 0.0 Car -1.0 -1.0 -1.0 -1.0 -1.0 -1.0 -1.0 2.081 1.898 4.163 556.709 1.555 1046.872 -0.4018620602834555 0.0
31.0 1.0 Truck -1.0 -1.0 -1.0 -1.0 -1.0 -1.0 -1.0 2.082 2.779 4.986 663.284 1.75 1000.039 -0.3955265147092297 0.0
31.0 2.0 Car -1.0 -1.0 -1.0 -1.0 -1.0 -1.0 -1.0 2.083 1.597 4.909 571.013 1.079 1040.402 -0.4095732317637337 0.0
31.0 3.0 Car -1.0 -1.0 -1.0 -1.0 -1.0 -1.0 -1.0 2.085 1.504 4.557 659.764 1.32 997.614 -0.39835394908024585 0.0
32.0 0.0 Car -1.0 -1.0 -1.0 -1.0 -1.0 -1.0 -1.0 2.081 1.898 4.163 560.475 1.533 1045.232 -0.4193153528033988 0.0
32.0 1.0 Truck -1.0 -1.0 -1.0 -1.0 -1.0 -1.0 -1.0 2.082 2.779 4.986 668.033 1.942 998.035 -0.3955265147092297 0.0
32.0 2.0 Car -1.0 -1.0 -1.0 -1.0 -1.0 -1.0 -1.0 2.083 1.597 4.909 575.53 1.065 1038.435 -0.4032306849248939 0.0
32.0 3.0 Car -1.0 -1.0 -1.0 -1.0 -1.0 -1.0 -1.0 2.085 1.504 4.557 665.627 1.537 995.131 -0.39835394908024585 0.0
33.0 0.0 Car -1.0 -1.0 -1.0 -1.0 -1.0 -1.0 -1.0 2.081 1.898 4.163 564.048 1.512 1043.58 -0.4193153528033988 0.0
33.0 1.0 Truck -1.0 -1.0 -1.0 -1.0 -1.0 -1.0 -1.0 2.082 2.779 4.986 672.832 2.185 995.972 -0.3955265147092297 0.0
33.0 2.0 Car -1.0 -1.0 -1.0 -1.0 -1.0 -1.0 -1.0 2.083 1.597 4.909 580.032 1.052 1036.512 -0.3968878719210682 0.0
33.0 3.0 Car -1.0 -1.0 -1.0 -1.0 -1.0 -1.0 -1.0 2.085 1.504 4.557 671.489 1.753 992.648 -0.39835394908024585 0.0
34.0 0.0 Car -1.0 -1.0 -1.0 -1.0 -1.0 -1.0 -1.0 2.081 1.898 4.163 568.204 1.541 1041.763 -0.4193153528033988 0.0
34.0 1.0 Truck -1.0 -1.0 -1.0 -1.0 -1.0 -1.0 -1.0 2.082 2.779 4.986 678.181 2.365 993.657 -0.3872136452535171 0.0
34.0 2.0 Car -1.0 -1.0 -1.0 -1.0 -1.0 -1.0 -1.0 2.083 1.597 4.909 585.12 1.047 1034.264 -0.40039789556480754 0.0
35.0 0.0 Car -1.0 -1.0 -1.0 -1.0 -1.0 -1.0 -1.0 2.081 1.898 4.163 572.165 1.57 1040.003 -0.4193153528033988 0.0
35.0 1.0 Truck -1.0 -1.0 -1.0 -1.0 -1.0 -1.0 -1.0 2.082 2.779 4.986 683.086 2.53 991.646 -0.3780732221892864 0.0
35.0 2.0 Car -1.0 -1.0 -1.0 -1.0 -1.0 -1.0 -1.0 2.083 1.597 4.909 589.818 1.043 1032.223 -0.40359012946162287 0.0
36.0 0.0 Car -1.0 -1.0 -1.0 -1.0 -1.0 -1.0 -1.0 2.081 1.898 4.163 576.363 1.499 1038.138 -0.4193153528033988 0.0
36.0 1.0 Truck -1.0 -1.0 -1.0 -1.0 -1.0 -1.0 -1.0 2.082 2.779 4.986 688.018 2.944 989.698 -0.3780732221892864 0.0
36.0 2.0 Car -1.0 -1.0 -1.0 -1.0 -1.0 -1.0 -1.0 2.083 1.597 4.909 594.564 0.965 1030.125 -0.40678215262253187 0.0
37.0 0.0 Car -1.0 -1.0 -1.0 -1.0 -1.0 -1.0 -1.0 2.081 1.898 4.163 580.684 1.427 1036.191 -0.42513311697671335 0.0
37.0 2.0 Car -1.0 -1.0 -1.0 -1.0 -1.0 -1.0 -1.0 2.083 1.597 4.909 599.426 0.937 1028.061 -0.4099778413110257 0.0
38.0 0.0 Car -1.0 -1.0 -1.0 -1.0 -1.0 -1.0 -1.0 2.081 1.898 4.163 585.251 1.456 1034.16 -0.4309508811500278 0.0
38.0 2.0 Car -1.0 -1.0 -1.0 -1.0 -1.0 -1.0 -1.0 2.083 1.597 4.909 604.272 0.929 1025.926 -0.4012502523432373 0.0
