0.0 2.0 Truck -1.0 -1.0 -1.0 -1.0 -1.0 -1.0 -1.0 2.173 2.044 5.755 1311.686 1.011 1038.087 2.4402226137640053 0.0
0.0 0.0 Car -1.0 -1.0 -1.0 -1.0 -1.0 -1.0 -1.0 1.931 1.79 4.247 1318.454 0.862 1032.221 2.422953334326153 0.0
0.0 1.0 Car -1.0 -1.0 -1.0 -1.0 -1.0 -1.0 -1.0 2.006 1.529 4.504 1322.719 0.785 1033.059 2.444787403313069 0.0
1.0 2.0 Truck -1.0 -1.0 -1.0 -1.0 -1.0 -1.0 -1.0 2.173 2.044 5.755 1311.234 1.011 1038.459 2.451716360479036 1.0
1.0 0.0 Car -1.0 -1.0 -1.0 -1.0 -1.0 -1.0 -1.0 1.931 1.79 4.247 1318.564 0.812 1032.125 2.422953334326153 1.0
1.0 1.0 Car -1.0 -1.0 -1.0 -1.0 -1.0 -1.0 -1.0 2.006 1.529 4.504 1322.764 0.785 1033.021 2.444787403313069 1.0
2.0 2.0 Truck -1.0 -1.0 -1.0 -1.0 -1.0 -1.0 -1.0 2.173 2.044 5.755 1310.237 1.011 1039.282 2.4406057065814286 1.0
2.0 0.0 Car -1.0 -1.0 -1.0 -1.0 -1.0 -1.0 -1.0 1.931 1.79 4.247 1318.518 0.812 1032.162 2.4578599193660393 1.0
2.0 1.0 Car -1.0 -1.0 -1.0 -1.0 -1.0 -1.0 -1.0 2.006 1.529 4.504 1322.399 0.785 1033.253 2.444787403313069 1.0
3.0 2.0 Truck -1.0 -1.0 -1.0 -1.0 -1.0 -1.0 -1.0 2.173 2.044 5.755 1308.866 1.061 1040.312 2.451716360479036 1.0
3.0 0.0 Car -1.0 -1.0 -1.0 -1.0 -1.0 -1.0 -1.0 1.931 1.79 4.247 1318.405 0.812 1032.254 2.4578599193660393 1.0
3.0 1.0 Car -1.0 -1.0 -1.0 -1.0 -1.0 -1.0 -1.0 2.006 1.529 4.504 1321.639 0.785 1033.927 2.444787403313069 1.0
4.0 2.0 Truck -1.0 -1.0 -1.0 -1.0 -1.0 -1.0 -1.0 2.173 2.044 5.755 1307.53 1.005 1041.412 2.4566703039796174 1.0
4.0 0.0 Car -1.0 -1.0 -1.0 -1.0 -1.0 -1.0 -1.0 1.931 1.79 4.247 1317.907 0.812 1032.66 2.4578599193660393 1.0
4.0 1.0 Car -1.0 -1.0 -1.0 -1.0 -1.0 -1.0 -1.0 2.006 1.529 4.504 1320.439 0.785 1034.857 2.444787403313069 1.0
4.0 3.0 Car -1.0 -1.0 -1.0 -1.0 -1.0 -1.0 -1.0 2.04 1.885 4.95 1253.454 1.157 1073.427 -0.5432511828395725 0.0
5.0 2.0 Truck -1.0 -1.0 -1.0 -1.0 -1.0 -1.0 -1.0 2.173 2.044 5.755 1306.107 1.061 1042.536 2.4866229455189224 1.0
5.0 0.0 Car -1.0 -1.0 -1.0 -1.0 -1.0 -1.0 -1.0 1.931 1.79 4.247 1317.023 0.712 1033.38 2.4578599193660393 1.0
5.0 1.0 Car -1.0 -1.0 -1.0 -1.0 -1.0 -1.0 -1.0 2.006 1.529 4.504 1318.869 0.685 1036.097 2.444787403313069 1.0
6.0 2.0 Truck -1.0 -1.0 -1.0 -1.0 -1.0 -1.0 -1.0 2.173 2.044 5.755 1304.756 1.011 1043.451 2.4866229455189224 1.0
6.0 0.0 Car -1.0 -1.0 -1.0 -1.0 -1.0 -1.0 -1.0 1.931 1.79 4.247 1316.072 0.762 1034.155 2.4578599193660393 1.0
6.0 1.0 Car -1.0 -1.0 -1.0 -1.0 -1.0 -1.0 -1.0 2.006 1.529 4.504 1317.026 0.685 1037.639 2.444787403313069 1.0
7.0 2.0 Truck -1.0 -1.0 -1.0 -1.0 -1.0 -1.0 -1.0 2.173 2.044 5.755 1303.469 1.011 1044.314 2.5513278749229755 1.0
7.0 0.0 Car -1.0 -1.0 -1.0 -1.0 -1.0 -1.0 -1.0 1.931 1.79 4.247 1314.559 0.762 1035.442 2.4578599193660393 1.0
7.0 1.0 Car -1.0 -1.0 -1.0 -1.0 -1.0 -1.0 -1.0 2.006 1.529 4.504 1314.994 0.685 1039.377 2.444787403313069 1.0
8.0 2.0 Truck -1.0 -1.0 -1.0 -1.0 -1.0 -1.0 -1.0 2.173 2.044 5.755 1302.209 0.961 1045.072 2.573889408118638 1.0
8.0 0.0 Car -1.0 -1.0 -1.0 -1.0 -1.0 -1.0 -1.0 1.931 1.79 4.247 1312.91 0.612 1036.84 2.4578599193660393 1.0
8.0 1.0 Car -1.0 -1.0 -1.0 -1.0 -1.0 -1.0 -1.0 2.006 1.529 4.504 1312.93 0.685 1041.214 2.444787403313069 1.0
9.0 2.0 Truck -1.0 -1.0 -1.0 -1.0 -1.0 -1.0 -1.0 2.173 2.044 5.755 1301.192 0.911 1045.63 2.573889408118638 1.0
9.0 0.0 Car -1.0 -1.0 -1.0 -1.0 -1.0 -1.0 -1.0 1.931 1.79 4.247 1311.668 0.612 1037.906 2.4578599193660393 0.0
9.0 1.0 Car -1.0 -1.0 -1.0 -1.0 -1.0 -1.0 -1.0 2.006 1.529 4.504 1311.024 0.685 1042.846 2.444787403313069 1.0
9.0 3.0 Car -1.0 -1.0 -1.0 -1.0 -1.0 -1.0 -1.0 2.04 1.885 4.95 1271.653 0.867 1061.516 -0.5956110603994018 0.0
10.0 2.0 Truck -1.0 -1.0 -1.0 -1.0 -1.0 -1.0 -1.0 2.173 2.044 5.755 1299.943 0.861 1046.283 2.608795993158524 1.0
10.0 0.0 Car -1.0 -1.0 -1.0 -1.0 -1.0 -1.0 -1.0 1.931 1.79 4.247 1310.041 0.612 1039.286 2.475313211885983 0.0
10.0 1.0 Car -1.0 -1.0 -1.0 -1.0 -1.0 -1.0 -1.0 2.006 1.529 4.504 1308.488 0.685 1044.821 2.444787403313069 1.0
10.0 3.0 Car -1.0 -1.0 -1.0 -1.0 -1.0 -1.0 -1.0 2.04 1.885 4.95 1274.32 0.797 1059.592 -0.5956110603994018 1.0
11.0 2.0 Truck -1.0 -1.0 -1.0 -1.0 -1.0 -1.0 -1.0 2.173 2.044 5.755 1298.956 0.911 1046.686 2.654813232096018 1.0
11.0 0.0 Car -1.0 -1.0 -1.0 -1.0 -1.0 -1.0 -1.0 1.931 1.79 4.247 1308.392 0.562 1040.683 2.4927665044059264 0.0
11.0 1.0 Car -1.0 -1.0 -1.0 -1.0 -1.0 -1.0 -1.0 2.006 1.529 4.504 1305.713 0.635 1046.996 2.444787403313069 1.0
11.0 3.0 Car -1.0 -1.0 -1.0 -1.0 -1.0 -1.0 -1.0 2.04 1.885 4.95 1276.643 0.727 1057.988 -0.5956110603994018 1.0
12.0 2.0 Truck -1.0 -1.0 -1.0 -1.0 -1.0 -1.0 -1.0 2.173 2.044 5.755 1298.085 0.811 1047.02 2.689719817135905 1.0
12.0 0.0 Car -1.0 -1.0 -1.0 -1.0 -1.0 -1.0 -1.0 1.931 1.79 4.247 1306.975 0.612 1041.904 2.4927665044059264 0.0
12.0 1.0 Car -1.0 -1.0 -1.0 -1.0 -1.0 -1.0 -1.0 2.006 1.529 4.504 1302.557 0.635 1049.116 2.479693988352955 1.0
12.0 3.0 Car -1.0 -1.0 -1.0 -1.0 -1.0 -1.0 -1.0 2.04 1.885 4.95 1278.406 0.657 1056.763 -0.5956110603994018 0.0
13.0 2.0 Truck -1.0 -1.0 -1.0 -1.0 -1.0 -1.0 -1.0 2.173 2.044 5.755 1297.239 0.911 1047.315 2.724626402175791 1.0
13.0 0.0 Car -1.0 -1.0 -1.0 -1.0 -1.0 -1.0 -1.0 1.931 1.79 4.247 1305.999 0.662 1042.731 2.545126381965756 0.0
13.0 1.0 Car -1.0 -1.0 -1.0 -1.0 -1.0 -1.0 -1.0 2.006 1.529 4.504 1299.001 0.735 1051.449 2.7065867911122186 1.0
13.0 3.0 Car -1.0 -1.0 -1.0 -1.0 -1.0 -1.0 -1.0 2.04 1.885 4.95 1279.967 0.697 1055.675 -0.5956110603994018 0.0
14.0 2.0 Truck -1.0 -1.0 -1.0 -1.0 -1.0 -1.0 -1.0 2.173 2.044 5.755 1296.496 0.911 1047.519 2.7944395722555644 1.0
14.0 0.0 Car -1.0 -1.0 -1.0 -1.0 -1.0 -1.0 -1.0 1.931 1.79 4.247 1305.091 0.712 1043.621 2.632392844565473 0.0
14.0 4.0 Car -1.0 -1.0 -1.0 -1.0 -1.0 -1.0 -1.0 2.152 1.832 4.897 1309.504 0.677 1044.017 2.4368461549429465 0.0
14.0 1.0 Car -1.0 -1.0 -1.0 -1.0 -1.0 -1.0 -1.0 2.006 1.529 4.504 1295.044 0.735 1053.587 2.654226913552389 1.0
14.0 3.0 Car -1.0 -1.0 -1.0 -1.0 -1.0 -1.0 -1.0 2.04 1.885 4.95 1281.147 0.737 1055.176 -0.5607044753595156 0.0
15.0 2.0 Truck -1.0 -1.0 -1.0 -1.0 -1.0 -1.0 -1.0 2.173 2.044 5.755 1295.673 0.861 1047.629 2.811892864775508 1.0
15.0 0.0 Car -1.0 -1.0 -1.0 -1.0 -1.0 -1.0 -1.0 1.931 1.79 4.247 1304.337 0.662 1043.977 2.5625796744856997 0.0
15.0 4.0 Car -1.0 -1.0 -1.0 -1.0 -1.0 -1.0 -1.0 2.152 1.832 4.897 1306.663 0.812 1046.29 2.4368461549429465 1.0
15.0 1.0 Car -1.0 -1.0 -1.0 -1.0 -1.0 -1.0 -1.0 2.006 1.529 4.504 1290.814 0.735 1055.933 2.5844137434726155 1.0
15.0 3.0 Car -1.0 -1.0 -1.0 -1.0 -1.0 -1.0 -1.0 2.04 1.885 4.95 1281.985 0.777 1054.644 -0.5432511828395725 0.0
16.0 2.0 Truck -1.0 -1.0 -1.0 -1.0 -1.0 -1.0 -1.0 2.173 2.044 5.755 1295.079 0.861 1047.762 2.8991593273752247 1.0
16.0 0.0 Car -1.0 -1.0 -1.0 -1.0 -1.0 -1.0 -1.0 1.931 1.79 4.247 1303.609 0.712 1044.384 2.4927665044059264 0.0
16.0 4.0 Car -1.0 -1.0 -1.0 -1.0 -1.0 -1.0 -1.0 2.152 1.832 4.897 1303.565 0.946 1048.781 2.4542994474628896 1.0
16.0 1.0 Car -1.0 -1.0 -1.0 -1.0 -1.0 -1.0 -1.0 2.006 1.529 4.504 1286.425 0.785 1058.714 2.6018670359925586 1.0
16.0 3.0 Car -1.0 -1.0 -1.0 -1.0 -1.0 -1.0 -1.0 2.04 1.885 4.95 1282.681 0.817 1054.27 -0.5257978903196294 0.0
17.0 2.0 Truck -1.0 -1.0 -1.0 -1.0 -1.0 -1.0 -1.0 2.173 2.044 5.755 1294.103 0.811 1047.909 2.9515192049350545 0.0
17.0 0.0 Car -1.0 -1.0 -1.0 -1.0 -1.0 -1.0 -1.0 1.931 1.79 4.247 1303.017 0.712 1044.716 2.440406626846096 0.0
17.0 4.0 Car -1.0 -1.0 -1.0 -1.0 -1.0 -1.0 -1.0 2.152 1.832 4.897 1300.178 1.03 1051.293 2.471752739982833 1.0
17.0 1.0 Car -1.0 -1.0 -1.0 -1.0 -1.0 -1.0 -1.0 2.006 1.529 4.504 1281.763 0.785 1061.686 2.6018670359925586 1.0
17.0 3.0 Car -1.0 -1.0 -1.0 -1.0 -1.0 -1.0 -1.0 2.04 1.885 4.95 1283.224 0.857 1053.906 -0.5257978903196294 0.0
18.0 2.0 Truck -1.0 -1.0 -1.0 -1.0 -1.0 -1.0 -1.0 2.173 2.044 5.755 1292.998 0.861 1047.953 3.0038790824948842 0.0
18.0 0.0 Car -1.0 -1.0 -1.0 -1.0 -1.0 -1.0 -1.0 1.931 1.79 4.247 1302.297 0.762 1045.301 2.440406626846096 0.0
18.0 4.0 Car -1.0 -1.0 -1.0 -1.0 -1.0 -1.0 -1.0 2.152 1.832 4.897 1296.093 1.014 1054.443 2.5415659100626065 1.0
18.0 1.0 Car -1.0 -1.0 -1.0 -1.0 -1.0 -1.0 -1.0 2.006 1.529 4.504 1276.451 0.785 1065.193 2.5320538659127854 1.0
18.0 3.0 Car -1.0 -1.0 -1.0 -1.0 -1.0 -1.0 -1.0 2.04 1.885 4.95 1284.025 0.748 1053.51 -0.5083445977996863 0.0
19.0 2.0 Truck -1.0 -1.0 -1.0 -1.0 -1.0 -1.0 -1.0 2.173 2.044 5.755 1291.782 0.911 1047.963 3.0736922525746575 0.0
19.0 0.0 Car -1.0 -1.0 -1.0 -1.0 -1.0 -1.0 -1.0 1.931 1.79 4.247 1301.495 0.812 1045.879 2.422953334326153 0.0
19.0 4.0 Car -1.0 -1.0 -1.0 -1.0 -1.0 -1.0 -1.0 2.152 1.832 4.897 1292.429 0.998 1056.932 2.55901920258255 1.0
19.0 1.0 Car -1.0 -1.0 -1.0 -1.0 -1.0 -1.0 -1.0 2.006 1.529 4.504 1272.142 0.835 1068.318 2.5320538659127854 1.0
19.0 3.0 Car -1.0 -1.0 -1.0 -1.0 -1.0 -1.0 -1.0 2.04 1.885 4.95 1284.526 0.788 1053.209 -0.5257978903196294 0.0
20.0 2.0 Truck -1.0 -1.0 -1.0 -1.0 -1.0 -1.0 -1.0 2.173 2.044 5.755 1290.515 0.861 1047.934 -3.139679884525156 0.0
20.0 0.0 Car -1.0 -1.0 -1.0 -1.0 -1.0 -1.0 -1.0 1.931 1.79 4.247 1300.117 0.862 1046.998 2.4578599193660393 0.0
20.0 4.0 Car -1.0 -1.0 -1.0 -1.0 -1.0 -1.0 -1.0 2.152 1.832 4.897 1288.457 1.083 1059.625 2.576472495102493 1.0
20.0 1.0 Car -1.0 -1.0 -1.0 -1.0 -1.0 -1.0 -1.0 2.006 1.529 4.504 1267.448 0.825 1071.712 2.5320538659127854 1.0
20.0 3.0 Car -1.0 -1.0 -1.0 -1.0 -1.0 -1.0 -1.0 2.04 1.885 4.95 1284.838 0.828 1053.058 -0.5083445977996863 0.0
21.0 2.0 Truck -1.0 -1.0 -1.0 -1.0 -1.0 -1.0 -1.0 2.173 2.044 5.755 1287.802 0.711 1047.73 -2.9302403742858356 0.0
21.0 4.0 Car -1.0 -1.0 -1.0 -1.0 -1.0 -1.0 -1.0 2.152 1.832 4.897 1284.428 1.017 1062.233 2.593925787622436 1.0
21.0 1.0 Car -1.0 -1.0 -1.0 -1.0 -1.0 -1.0 -1.0 2.006 1.529 4.504 1262.635 0.835 1075.154 2.5320538659127854 1.0
21.0 3.0 Car -1.0 -1.0 -1.0 -1.0 -1.0 -1.0 -1.0 2.04 1.885 4.95 1285.18 0.818 1052.889 -0.5083445977996863 0.0
22.0 2.0 Truck -1.0 -1.0 -1.0 -1.0 -1.0 -1.0 -1.0 2.173 2.044 5.755 1285.185 0.711 1046.944 -2.842973911686119 0.0
22.0 4.0 Car -1.0 -1.0 -1.0 -1.0 -1.0 -1.0 -1.0 2.152 1.832 4.897 1280.178 0.951 1064.743 2.593925787622436 1.0
22.0 1.0 Car -1.0 -1.0 -1.0 -1.0 -1.0 -1.0 -1.0 2.006 1.529 4.504 1257.784 0.785 1078.623 2.5320538659127854 1.0
22.0 3.0 Car -1.0 -1.0 -1.0 -1.0 -1.0 -1.0 -1.0 2.04 1.885 4.95 1285.446 0.808 1052.725 -0.5083445977996863 0.0
23.0 2.0 Truck -1.0 -1.0 -1.0 -1.0 -1.0 -1.0 -1.0 2.173 2.044 5.755 1283.18 0.611 1046.019 -2.755707449086402 0.0
23.0 4.0 Car -1.0 -1.0 -1.0 -1.0 -1.0 -1.0 -1.0 2.152 1.832 4.897 1276.693 0.935 1066.826 2.6113790801423797 1.0
23.0 1.0 Car -1.0 -1.0 -1.0 -1.0 -1.0 -1.0 -1.0 2.006 1.529 4.504 1253.953 0.885 1081.346 2.5146005733928423 1.0
23.0 3.0 Car -1.0 -1.0 -1.0 -1.0 -1.0 -1.0 -1.0 2.04 1.885 4.95 1285.801 0.798 1052.511 -0.5083445977996863 0.0
24.0 2.0 Truck -1.0 -1.0 -1.0 -1.0 -1.0 -1.0 -1.0 2.173 2.044 5.755 1280.579 0.561 1044.559 -2.6335344014468003 0.0
24.0 4.0 Car -1.0 -1.0 -1.0 -1.0 -1.0 -1.0 -1.0 2.152 1.832 4.897 1272.13 0.97 1069.27 2.55901920258255 1.0
24.0 1.0 Car -1.0 -1.0 -1.0 -1.0 -1.0 -1.0 -1.0 2.006 1.529 4.504 1249.166 0.885 1084.828 2.5146005733928423 1.0
25.0 2.0 Truck -1.0 -1.0 -1.0 -1.0 -1.0 -1.0 -1.0 2.173 2.044 5.755 1277.558 0.461 1042.746 -2.581174523886971 0.0
25.0 4.0 Car -1.0 -1.0 -1.0 -1.0 -1.0 -1.0 -1.0 2.152 1.832 4.897 1267.687 1.004 1072.15 2.55901920258255 1.0
25.0 1.0 Car -1.0 -1.0 -1.0 -1.0 -1.0 -1.0 -1.0 2.006 1.529 4.504 1244.482 0.835 1088.235 2.5146005733928423 1.0
26.0 2.0 Truck -1.0 -1.0 -1.0 -1.0 -1.0 -1.0 -1.0 2.173 2.044 5.755 1274.207 0.311 1040.205 -2.4764547687673124 0.0
26.0 4.0 Car -1.0 -1.0 -1.0 -1.0 -1.0 -1.0 -1.0 2.152 1.832 4.897 1262.119 0.888 1075.771 2.55901920258255 1.0
26.0 1.0 Car -1.0 -1.0 -1.0 -1.0 -1.0 -1.0 -1.0 2.006 1.529 4.504 1238.924 0.885 1092.24 2.5146005733928423 1.0
27.0 2.0 Truck -1.0 -1.0 -1.0 -1.0 -1.0 -1.0 -1.0 2.173 2.044 5.755 1271.535 0.311 1038.143 -2.389188306167597 0.0
27.0 4.0 Car -1.0 -1.0 -1.0 -1.0 -1.0 -1.0 -1.0 2.152 1.832 4.897 1258.492 0.922 1078.114 2.593925787622436 1.0
27.0 1.0 Car -1.0 -1.0 -1.0 -1.0 -1.0 -1.0 -1.0 2.006 1.529 4.504 1235.28 0.885 1094.893 2.5146005733928423 1.0
28.0 2.0 Truck -1.0 -1.0 -1.0 -1.0 -1.0 -1.0 -1.0 2.173 2.044 5.755 1268.485 0.311 1034.981 -2.3542817211277107 0.0
28.0 4.0 Car -1.0 -1.0 -1.0 -1.0 -1.0 -1.0 -1.0 2.152 1.832 4.897 1254.101 0.956 1081.079 2.55901920258255 0.0
28.0 1.0 Car -1.0 -1.0 -1.0 -1.0 -1.0 -1.0 -1.0 2.006 1.529 4.504 1230.703 0.885 1098.117 2.5146005733928423 0.0
29.0 4.0 Car -1.0 -1.0 -1.0 -1.0 -1.0 -1.0 -1.0 2.152 1.832 4.897 1250.102 0.991 1083.786 2.5415659100626065 0.0
29.0 1.0 Car -1.0 -1.0 -1.0 -1.0 -1.0 -1.0 -1.0 2.006 1.529 4.504 1226.859 1.035 1100.985 2.5146005733928423 0.0
30.0 4.0 Car -1.0 -1.0 -1.0 -1.0 -1.0 -1.0 -1.0 2.152 1.832 4.897 1245.674 1.025 1086.82 2.5415659100626065 0.0
30.0 1.0 Car -1.0 -1.0 -1.0 -1.0 -1.0 -1.0 -1.0 2.006 1.529 4.504 1222.611 1.085 1103.971 2.5146005733928423 0.0
31.0 4.0 Car -1.0 -1.0 -1.0 -1.0 -1.0 -1.0 -1.0 2.152 1.832 4.897 1241.507 1.359 1089.758 2.524112617542663 0.0
31.0 1.0 Car -1.0 -1.0 -1.0 -1.0 -1.0 -1.0 -1.0 2.006 1.529 4.504 1218.474 1.185 1106.876 2.5146005733928423 0.0
32.0 4.0 Car -1.0 -1.0 -1.0 -1.0 -1.0 -1.0 -1.0 2.152 1.832 4.897 1237.246 1.359 1092.809 2.50665932502272 0.0
32.0 1.0 Car -1.0 -1.0 -1.0 -1.0 -1.0 -1.0 -1.0 2.006 1.529 4.504 1214.642 1.285 1109.596 2.5146005733928423 0.0
33.0 4.0 Car -1.0 -1.0 -1.0 -1.0 -1.0 -1.0 -1.0 2.152 1.832 4.897 1232.941 1.359 1095.98 2.50665932502272 0.0
33.0 1.0 Car -1.0 -1.0 -1.0 -1.0 -1.0 -1.0 -1.0 2.006 1.529 4.504 1210.872 1.285 1112.234 2.5146005733928423 0.0
34.0 4.0 Car -1.0 -1.0 -1.0 -1.0 -1.0 -1.0 -1.0 2.152 1.832 4.897 1228.737 1.009 1099.078 2.50665932502272 0.0
34.0 1.0 Car -1.0 -1.0 -1.0 -1.0 -1.0 -1.0 -1.0 2.006 1.529 4.504 1207.348 1.235 1114.804 2.4971472808728987 0.0
35.0 4.0 Car -1.0 -1.0 -1.0 -1.0 -1.0 -1.0 -1.0 2.152 1.832 4.897 1224.885 1.009 1101.915 2.50665932502272 0.0
35.0 1.0 Car -1.0 -1.0 -1.0 -1.0 -1.0 -1.0 -1.0 2.006 1.529 4.504 1204.045 1.285 1117.06 2.4971472808728987 0.0
36.0 4.0 Car -1.0 -1.0 -1.0 -1.0 -1.0 -1.0 -1.0 2.152 1.832 4.897 1221.033 1.009 1104.753 2.50665932502272 0.0
36.0 1.0 Car -1.0 -1.0 -1.0 -1.0 -1.0 -1.0 -1.0 2.006 1.529 4.504 1201.008 1.285 1119.259 2.4971472808728987 0.0
37.0 4.0 Car -1.0 -1.0 -1.0 -1.0 -1.0 -1.0 -1.0 2.152 1.832 4.897 1216.829 1.059 1107.85 2.50665932502272 0.0
37.0 1.0 Car -1.0 -1.0 -1.0 -1.0 -1.0 -1.0 -1.0 2.006 1.529 4.504 1197.962 1.285 1121.572 2.4971472808728987 0.0
38.0 4.0 Car -1.0 -1.0 -1.0 -1.0 -1.0 -1.0 -1.0 2.152 1.832 4.897 1213.866 1.109 1109.907 2.524112617542663 0.0
38.0 1.0 Car -1.0 -1.0 -1.0 -1.0 -1.0 -1.0 -1.0 2.006 1.529 4.504 1195.823 1.385 1123.133 2.4971472808728987 0.0
39.0 4.0 Car -1.0 -1.0 -1.0 -1.0 -1.0 -1.0 -1.0 2.152 1.832 4.897 1210.792 1.109 1112.126 2.524112617542663 0.0
39.0 1.0 Car -1.0 -1.0 -1.0 -1.0 -1.0 -1.0 -1.0 2.006 1.529 4.504 1193.253 1.335 1125.052 2.4971472808728987 0.0
