0.0 2.0 Car -1.0 -1.0 -1.0 -1.0 -1.0 -1.0 -1.0 2.273 2.062 6.4 2244.02 1.101 859.545 0.08957029706576435 0.0
1.0 2.0 Car -1.0 -1.0 -1.0 -1.0 -1.0 -1.0 -1.0 2.273 2.062 6.4 2244.85 1.101 859.62 0.08957029706576435 1.0
2.0 2.0 Car -1.0 -1.0 -1.0 -1.0 -1.0 -1.0 -1.0 2.273 2.062 6.4 2245.733 1.101 859.718 0.08957029706576435 1.0
3.0 2.0 Car -1.0 -1.0 -1.0 -1.0 -1.0 -1.0 -1.0 2.273 2.062 6.4 2246.616 1.101 859.817 0.08957029706576435 1.0
4.0 2.0 Car -1.0 -1.0 -1.0 -1.0 -1.0 -1.0 -1.0 2.273 2.062 6.4 2247.499 1.101 859.915 0.08957029706576435 1.0
5.0 0.0 Car -1.0 -1.0 -1.0 -1.0 -1.0 -1.0 -1.0 1.969 1.817 4.816 2311.664 0.951 882.357 -3.1171056841841143 0.0
5.0 2.0 Car -1.0 -1.0 -1.0 -1.0 -1.0 -1.0 -1.0 2.273 2.062 6.4 2248.382 1.101 860.013 0.08957029706576435 1.0
6.0 0.0 Car -1.0 -1.0 -1.0 -1.0 -1.0 -1.0 -1.0 1.969 1.817 4.816 2306.0 0.895 882.187 -3.1171056841841143 1.0
6.0 2.0 Car -1.0 -1.0 -1.0 -1.0 -1.0 -1.0 -1.0 2.273 2.062 6.4 2249.329 1.113 860.119 0.08520573408993194 1.0
7.0 0.0 Car -1.0 -1.0 -1.0 -1.0 -1.0 -1.0 -1.0 1.969 1.817 4.816 2300.341 0.84 882.036 -3.1171056841841143 1.0
7.0 2.0 Car -1.0 -1.0 -1.0 -1.0 -1.0 -1.0 -1.0 2.273 2.062 6.4 2250.275 1.126 860.225 0.08084607810963318 1.0
8.0 0.0 Car -1.0 -1.0 -1.0 -1.0 -1.0 -1.0 -1.0 1.969 1.817 4.816 2294.684 0.773 881.914 -3.1171056841841143 1.0
8.0 2.0 Car -1.0 -1.0 -1.0 -1.0 -1.0 -1.0 -1.0 2.273 2.062 6.4 2251.222 1.138 860.331 0.07648165483474133 1.0
9.0 0.0 Car -1.0 -1.0 -1.0 -1.0 -1.0 -1.0 -1.0 1.969 1.817 4.816 2289.026 0.706 881.793 -3.1171056841841143 1.0
9.0 2.0 Car -1.0 -1.0 -1.0 -1.0 -1.0 -1.0 -1.0 2.273 2.062 6.4 2252.169 1.151 860.437 0.07211700454582104 1.0
10.0 0.0 Car -1.0 -1.0 -1.0 -1.0 -1.0 -1.0 -1.0 1.969 1.817 4.816 2283.362 0.64 881.671 -3.1171056841841143 1.0
10.0 2.0 Car -1.0 -1.0 -1.0 -1.0 -1.0 -1.0 -1.0 2.273 2.062 6.4 2253.12 1.155 860.519 0.059020034171542106 1.0
11.0 0.0 Car -1.0 -1.0 -1.0 -1.0 -1.0 -1.0 -1.0 1.969 1.817 4.816 2277.855 0.64 881.509 -3.1171056841841143 1.0
11.0 2.0 Car -1.0 -1.0 -1.0 -1.0 -1.0 -1.0 -1.0 2.273 2.062 6.4 2254.072 1.16 860.575 0.045922409499663086 1.0
12.0 0.0 Car -1.0 -1.0 -1.0 -1.0 -1.0 -1.0 -1.0 1.969 1.817 4.816 2272.323 0.64 881.379 -3.134558976704058 1.0
12.0 2.0 Car -1.0 -1.0 -1.0 -1.0 -1.0 -1.0 -1.0 2.273 2.062 6.4 2255.023 1.164 860.632 0.0328257793601363 1.0
13.0 0.0 Car -1.0 -1.0 -1.0 -1.0 -1.0 -1.0 -1.0 1.969 1.817 4.816 2267.025 0.601 881.325 -3.1171056841841143 1.0
13.0 2.0 Car -1.0 -1.0 -1.0 -1.0 -1.0 -1.0 -1.0 2.273 2.062 6.4 2255.973 1.169 860.688 0.01975712698599108 1.0
14.0 0.0 Car -1.0 -1.0 -1.0 -1.0 -1.0 -1.0 -1.0 1.969 1.817 4.816 2261.657 0.601 881.242 -3.1171056841841143 1.0
14.0 1.0 Emergency -1.0 -1.0 -1.0 -1.0 -1.0 -1.0 -1.0 1.922 1.821 5.055 2204.13 1.137 875.471 0.047979101138936775 0.0
14.0 2.0 Car -1.0 -1.0 -1.0 -1.0 -1.0 -1.0 -1.0 2.273 2.062 6.4 2257.014 1.156 860.621 0.010576162904274655 1.0
15.0 0.0 Car -1.0 -1.0 -1.0 -1.0 -1.0 -1.0 -1.0 1.969 1.817 4.816 2256.18 0.662 881.046 -3.1171056841841143 0.0
15.0 1.0 Emergency -1.0 -1.0 -1.0 -1.0 -1.0 -1.0 -1.0 1.922 1.821 5.055 2208.113 1.068 875.604 0.047979101138936775 1.0
15.0 2.0 Car -1.0 -1.0 -1.0 -1.0 -1.0 -1.0 -1.0 2.273 2.062 6.4 2258.055 1.143 860.555 0.0013949600535019258 1.0
16.0 0.0 Car -1.0 -1.0 -1.0 -1.0 -1.0 -1.0 -1.0 1.969 1.817 4.816 2251.805 0.68 880.909 -3.1171056841841143 0.0
16.0 1.0 Emergency -1.0 -1.0 -1.0 -1.0 -1.0 -1.0 -1.0 1.922 1.821 5.055 2211.31 1.014 875.711 0.047979101138936775 1.0
16.0 2.0 Car -1.0 -1.0 -1.0 -1.0 -1.0 -1.0 -1.0 2.273 2.062 6.4 2258.89 1.133 860.501 -0.005972222442826247 1.0
17.0 0.0 Car -1.0 -1.0 -1.0 -1.0 -1.0 -1.0 -1.0 1.969 1.817 4.816 2246.479 0.704 880.791 -3.134558976704058 0.0
17.0 1.0 Emergency -1.0 -1.0 -1.0 -1.0 -1.0 -1.0 -1.0 1.922 1.821 5.055 2215.292 0.945 875.843 0.047979101138936775 1.0
17.0 2.0 Car -1.0 -1.0 -1.0 -1.0 -1.0 -1.0 -1.0 2.273 2.062 6.4 2259.93 1.121 860.435 -0.01514945805389556 1.0
18.0 0.0 Car -1.0 -1.0 -1.0 -1.0 -1.0 -1.0 -1.0 1.969 1.817 4.816 2241.182 0.727 880.773 -3.134558976704058 0.0
18.0 1.0 Emergency -1.0 -1.0 -1.0 -1.0 -1.0 -1.0 -1.0 1.922 1.821 5.055 2219.034 0.877 875.93 0.047979101138936775 1.0
18.0 2.0 Car -1.0 -1.0 -1.0 -1.0 -1.0 -1.0 -1.0 2.273 2.062 6.4 2260.896 1.096 860.479 -0.0020594690241231284 1.0
19.0 0.0 Car -1.0 -1.0 -1.0 -1.0 -1.0 -1.0 -1.0 1.969 1.817 4.816 2235.767 0.789 880.584 -3.1326201585286664 0.0
19.0 1.0 Emergency -1.0 -1.0 -1.0 -1.0 -1.0 -1.0 -1.0 1.922 1.821 5.055 2222.776 0.809 876.016 0.047979101138936775 1.0
19.0 2.0 Car -1.0 -1.0 -1.0 -1.0 -1.0 -1.0 -1.0 2.273 2.062 6.4 2261.862 1.071 860.523 0.011030755683428595 1.0
20.0 0.0 Car -1.0 -1.0 -1.0 -1.0 -1.0 -1.0 -1.0 1.969 1.817 4.816 2230.353 0.85 880.395 -3.1306813791384815 0.0
20.0 1.0 Emergency -1.0 -1.0 -1.0 -1.0 -1.0 -1.0 -1.0 1.922 1.821 5.055 2227.211 0.79 876.171 0.03052580861899346 1.0
20.0 2.0 Car -1.0 -1.0 -1.0 -1.0 -1.0 -1.0 -1.0 2.273 2.062 6.4 2262.828 1.046 860.568 0.024120718526781104 1.0
21.0 0.0 Car -1.0 -1.0 -1.0 -1.0 -1.0 -1.0 -1.0 1.969 1.817 4.816 2224.94 0.912 880.206 -3.1287426385335033 0.0
21.0 1.0 Emergency -1.0 -1.0 -1.0 -1.0 -1.0 -1.0 -1.0 1.922 1.821 5.055 2231.714 0.81 876.369 0.03401640008565998 1.0
21.0 2.0 Car -1.0 -1.0 -1.0 -1.0 -1.0 -1.0 -1.0 2.273 2.062 6.4 2263.696 1.021 860.618 0.03721041950593441 1.0
22.0 0.0 Car -1.0 -1.0 -1.0 -1.0 -1.0 -1.0 -1.0 1.969 1.817 4.816 2219.525 0.974 880.017 -3.1268038475077566 0.0
22.0 1.0 Emergency -1.0 -1.0 -1.0 -1.0 -1.0 -1.0 -1.0 1.922 1.821 5.055 2236.217 0.83 876.567 0.037507082332033585 1.0
22.0 2.0 Car -1.0 -1.0 -1.0 -1.0 -1.0 -1.0 -1.0 2.273 2.062 6.4 2264.518 1.021 860.782 0.09829706552860107 1.0
23.0 0.0 Car -1.0 -1.0 -1.0 -1.0 -1.0 -1.0 -1.0 1.969 1.817 4.816 2214.112 1.036 879.828 -3.1248651185383403 0.0
23.0 1.0 Emergency -1.0 -1.0 -1.0 -1.0 -1.0 -1.0 -1.0 1.922 1.821 5.055 2240.721 0.85 876.765 0.040997652849536825 1.0
23.0 2.0 Car -1.0 -1.0 -1.0 -1.0 -1.0 -1.0 -1.0 2.273 2.062 6.4 2265.328 1.021 860.996 0.15938175630542564 1.0
24.0 0.0 Car -1.0 -1.0 -1.0 -1.0 -1.0 -1.0 -1.0 1.969 1.817 4.816 2208.698 1.098 879.639 -3.122926315877032 0.0
24.0 1.0 Emergency -1.0 -1.0 -1.0 -1.0 -1.0 -1.0 -1.0 1.922 1.821 5.055 2245.224 0.87 876.964 0.04448835604507373 1.0
24.0 2.0 Car -1.0 -1.0 -1.0 -1.0 -1.0 -1.0 -1.0 2.273 2.062 6.4 2266.052 1.02 861.245 0.22046876893668774 1.0
25.0 0.0 Car -1.0 -1.0 -1.0 -1.0 -1.0 -1.0 -1.0 1.969 1.817 4.816 2203.283 1.16 879.449 -3.1209874899445995 0.0
25.0 1.0 Emergency -1.0 -1.0 -1.0 -1.0 -1.0 -1.0 -1.0 1.922 1.821 5.055 2249.728 0.89 877.162 0.047979101138936775 1.0
25.0 2.0 Car -1.0 -1.0 -1.0 -1.0 -1.0 -1.0 -1.0 2.273 2.062 6.4 2266.759 1.02 861.538 0.2815565147851409 0.0
26.0 0.0 Car -1.0 -1.0 -1.0 -1.0 -1.0 -1.0 -1.0 1.969 1.817 4.816 2197.87 1.222 879.26 -3.1190487687322244 0.0
26.0 1.0 Emergency -1.0 -1.0 -1.0 -1.0 -1.0 -1.0 -1.0 1.922 1.821 5.055 2254.28 0.9 877.348 0.03052580861899346 1.0
26.0 2.0 Car -1.0 -1.0 -1.0 -1.0 -1.0 -1.0 -1.0 2.273 2.062 6.4 2267.291 1.014 861.838 0.3513096107486853 0.0
27.0 1.0 Emergency -1.0 -1.0 -1.0 -1.0 -1.0 -1.0 -1.0 1.922 1.821 5.055 2258.921 0.86 877.536 0.03052580861899346 1.0
27.0 2.0 Car -1.0 -1.0 -1.0 -1.0 -1.0 -1.0 -1.0 2.273 2.062 6.4 2267.801 1.008 862.175 0.4212196948208417 0.0
28.0 1.0 Emergency -1.0 -1.0 -1.0 -1.0 -1.0 -1.0 -1.0 1.922 1.821 5.055 2263.559 0.82 877.655 0.03052580861899346 0.0
28.0 2.0 Car -1.0 -1.0 -1.0 -1.0 -1.0 -1.0 -1.0 2.273 2.062 6.4 2268.285 1.002 862.547 0.4910527500610393 0.0
29.0 1.0 Emergency -1.0 -1.0 -1.0 -1.0 -1.0 -1.0 -1.0 1.922 1.821 5.055 2268.192 0.8 877.735 0.03052580861899346 0.0
29.0 2.0 Car -1.0 -1.0 -1.0 -1.0 -1.0 -1.0 -1.0 2.273 2.062 6.4 2268.743 0.996 862.951 0.5608091951042339 0.0
30.0 1.0 Emergency -1.0 -1.0 -1.0 -1.0 -1.0 -1.0 -1.0 1.922 1.821 5.055 2272.753 0.82 877.821 0.013072516099050137 0.0
30.0 2.0 Car -1.0 -1.0 -1.0 -1.0 -1.0 -1.0 -1.0 2.273 2.062 6.4 2268.815 1.003 862.99 0.5782685471342817 0.0
31.0 1.0 Emergency -1.0 -1.0 -1.0 -1.0 -1.0 -1.0 -1.0 1.922 1.821 5.055 2277.484 0.789 877.891 0.013072516099050137 0.0
31.0 2.0 Car -1.0 -1.0 -1.0 -1.0 -1.0 -1.0 -1.0 2.273 2.062 6.4 2268.886 1.009 863.031 0.5957066297599861 0.0
32.0 1.0 Emergency -1.0 -1.0 -1.0 -1.0 -1.0 -1.0 -1.0 1.922 1.821 5.055 2282.219 0.759 877.893 0.013072516099050137 0.0
32.0 2.0 Car -1.0 -1.0 -1.0 -1.0 -1.0 -1.0 -1.0 2.273 2.062 6.4 2268.957 1.016 863.073 0.6131640609078682 0.0
33.0 1.0 Emergency -1.0 -1.0 -1.0 -1.0 -1.0 -1.0 -1.0 1.922 1.821 5.055 2287.059 0.728 877.929 0.013072516099050137 0.0
33.0 2.0 Car -1.0 -1.0 -1.0 -1.0 -1.0 -1.0 -1.0 2.273 2.062 6.4 2269.028 1.023 863.115 0.6306223651840073 0.0
34.0 1.0 Emergency -1.0 -1.0 -1.0 -1.0 -1.0 -1.0 -1.0 1.922 1.821 5.055 2292.879 0.722 878.01 -0.004380776420893185 0.0
34.0 2.0 Car -1.0 -1.0 -1.0 -1.0 -1.0 -1.0 -1.0 2.273 2.062 6.4 2269.098 1.003 863.249 0.6605691992106733 0.0
35.0 1.0 Emergency -1.0 -1.0 -1.0 -1.0 -1.0 -1.0 -1.0 1.922 1.821 5.055 2297.722 0.716 878.106 0.013072516099050137 0.0
35.0 2.0 Car -1.0 -1.0 -1.0 -1.0 -1.0 -1.0 -1.0 2.273 2.062 6.4 2269.24 0.985 863.431 0.6855009795729149 0.0
36.0 1.0 Emergency -1.0 -1.0 -1.0 -1.0 -1.0 -1.0 -1.0 1.922 1.821 5.055 2302.495 0.761 878.213 0.047979101138936775 0.0
36.0 2.0 Car -1.0 -1.0 -1.0 -1.0 -1.0 -1.0 -1.0 2.273 2.062 6.4 2269.376 0.968 863.619 0.7104063541647622 0.0
37.0 1.0 Emergency -1.0 -1.0 -1.0 -1.0 -1.0 -1.0 -1.0 1.922 1.821 5.055 2307.443 0.755 878.39 0.03052580861899346 0.0
38.0 1.0 Emergency -1.0 -1.0 -1.0 -1.0 -1.0 -1.0 -1.0 1.922 1.821 5.055 2311.13 0.851 878.529 0.03052580861899346 0.0
39.0 1.0 Emergency -1.0 -1.0 -1.0 -1.0 -1.0 -1.0 -1.0 1.922 1.821 5.055 2315.96 1.491 878.692 0.047979101138936775 0.0
