0.0 1.0 Car -1.0 -1.0 -1.0 -1.0 -1.0 -1.0 -1.0 1.803 1.542 4.758 1317.989 0.743 1073.967 0.9633170273480915 0.0
0.0 2.0 Car -1.0 -1.0 -1.0 -1.0 -1.0 -1.0 -1.0 2.584 2.039 5.256 1377.545 -1.636 1160.031 -2.3453734488585067 0.0
0.0 6.0 Car -1.0 -1.0 -1.0 -1.0 -1.0 -1.0 -1.0 1.77 1.688 4.09 1309.26 0.42 1062.028 0.8760505647483751 0.0
0.0 11.0 Bus -1.0 -1.0 -1.0 -1.0 -1.0 -1.0 -1.0 2.938 3.913 13.559 1385.328 -1.025 1150.412 1.0112786750754215 0.0
0.0 8.0 Car -1.0 -1.0 -1.0 -1.0 -1.0 -1.0 -1.0 2.204 1.935 4.825 1372.061 -1.877 1156.67 -2.295125419678083 0.0
0.0 0.0 Truck -1.0 -1.0 -1.0 -1.0 -1.0 -1.0 -1.0 2.73 4.199 7.599 1316.213 1.758 1063.033 0.8585972722284317 0.0
0.0 7.0 Car -1.0 -1.0 -1.0 -1.0 -1.0 -1.0 -1.0 1.78 1.622 4.314 1297.494 -0.253 1047.564 0.771330809628715 0.0
0.0 12.0 Car -1.0 -1.0 -1.0 -1.0 -1.0 -1.0 -1.0 2.288 2.039 4.654 1378.204 -1.909 1154.391 -2.3249705498879174 0.0
1.0 1.0 Car -1.0 -1.0 -1.0 -1.0 -1.0 -1.0 -1.0 1.803 1.542 4.758 1320.461 0.806 1077.367 0.8935038572683184 1.0
1.0 2.0 Car -1.0 -1.0 -1.0 -1.0 -1.0 -1.0 -1.0 2.584 2.039 5.256 1375.32 -1.486 1157.578 -2.3453734488585067 1.0
1.0 6.0 Car -1.0 -1.0 -1.0 -1.0 -1.0 -1.0 -1.0 1.77 1.688 4.09 1311.633 0.42 1065.143 0.928410442308205 1.0
1.0 11.0 Bus -1.0 -1.0 -1.0 -1.0 -1.0 -1.0 -1.0 2.938 3.913 13.559 1386.578 -1.139 1152.447 1.0112786750754215 1.0
1.0 8.0 Car -1.0 -1.0 -1.0 -1.0 -1.0 -1.0 -1.0 2.204 1.935 4.825 1369.975 -1.732 1153.204 -2.295125419678083 1.0
1.0 0.0 Truck -1.0 -1.0 -1.0 -1.0 -1.0 -1.0 -1.0 2.73 4.199 7.599 1319.005 1.808 1066.266 0.8585972722284317 1.0
1.0 7.0 Car -1.0 -1.0 -1.0 -1.0 -1.0 -1.0 -1.0 1.78 1.622 4.314 1301.334 -0.295 1051.188 0.7538775171087717 1.0
1.0 12.0 Car -1.0 -1.0 -1.0 -1.0 -1.0 -1.0 -1.0 2.288 2.039 4.654 1377.026 -1.784 1153.137 -2.3249705498879174 1.0
2.0 1.0 Car -1.0 -1.0 -1.0 -1.0 -1.0 -1.0 -1.0 1.803 1.542 4.758 1323.061 0.856 1080.597 0.8935038572683184 1.0
2.0 2.0 Car -1.0 -1.0 -1.0 -1.0 -1.0 -1.0 -1.0 2.584 2.039 5.256 1373.092 -1.336 1155.124 -2.3453734488585067 1.0
2.0 6.0 Car -1.0 -1.0 -1.0 -1.0 -1.0 -1.0 -1.0 1.77 1.688 4.09 1313.883 0.52 1068.348 0.9807703198680351 1.0
2.0 11.0 Bus -1.0 -1.0 -1.0 -1.0 -1.0 -1.0 -1.0 2.938 3.913 13.559 1387.789 -1.279 1154.509 1.0287319675953648 1.0
2.0 8.0 Car -1.0 -1.0 -1.0 -1.0 -1.0 -1.0 -1.0 2.204 1.935 4.825 1367.886 -1.586 1149.736 -2.295125419678083 1.0
2.0 0.0 Truck -1.0 -1.0 -1.0 -1.0 -1.0 -1.0 -1.0 2.73 4.199 7.599 1321.807 1.758 1069.545 0.8585972722284317 1.0
2.0 7.0 Car -1.0 -1.0 -1.0 -1.0 -1.0 -1.0 -1.0 1.78 1.622 4.314 1305.5 -0.237 1055.279 0.771330809628715 1.0
2.0 12.0 Car -1.0 -1.0 -1.0 -1.0 -1.0 -1.0 -1.0 2.288 2.039 4.654 1375.848 -1.659 1151.88 -2.3249705498879174 1.0
3.0 1.0 Car -1.0 -1.0 -1.0 -1.0 -1.0 -1.0 -1.0 1.803 1.542 4.758 1325.518 0.756 1083.591 0.8760505647483751 1.0
3.0 10.0 Car -1.0 -1.0 -1.0 -1.0 -1.0 -1.0 -1.0 1.869 1.68 4.379 1367.321 -1.464 1142.569 -2.3249705498879174 0.0
3.0 2.0 Car -1.0 -1.0 -1.0 -1.0 -1.0 -1.0 -1.0 2.584 2.039 5.256 1370.865 -1.186 1152.669 -2.3453734488585067 1.0
3.0 6.0 Car -1.0 -1.0 -1.0 -1.0 -1.0 -1.0 -1.0 1.77 1.688 4.09 1316.034 0.52 1071.554 0.9807703198680351 1.0
3.0 11.0 Bus -1.0 -1.0 -1.0 -1.0 -1.0 -1.0 -1.0 2.938 3.913 13.559 1389.001 -1.318 1156.571 1.0287319675953648 1.0
3.0 8.0 Car -1.0 -1.0 -1.0 -1.0 -1.0 -1.0 -1.0 2.204 1.935 4.825 1365.798 -1.44 1146.267 -2.295125419678083 1.0
3.0 0.0 Truck -1.0 -1.0 -1.0 -1.0 -1.0 -1.0 -1.0 2.73 4.199 7.599 1324.659 1.824 1072.848 0.8585972722284317 1.0
3.0 7.0 Car -1.0 -1.0 -1.0 -1.0 -1.0 -1.0 -1.0 1.78 1.622 4.314 1309.34 -0.129 1059.155 0.7887841021486584 1.0
3.0 12.0 Car -1.0 -1.0 -1.0 -1.0 -1.0 -1.0 -1.0 2.288 2.039 4.654 1374.669 -1.535 1150.624 -2.3249705498879174 1.0
4.0 1.0 Car -1.0 -1.0 -1.0 -1.0 -1.0 -1.0 -1.0 1.803 1.542 4.758 1327.913 0.856 1086.411 0.8760505647483751 1.0
4.0 10.0 Car -1.0 -1.0 -1.0 -1.0 -1.0 -1.0 -1.0 1.869 1.68 4.379 1366.318 -1.214 1141.588 -2.3336970302983233 1.0
4.0 2.0 Car -1.0 -1.0 -1.0 -1.0 -1.0 -1.0 -1.0 2.584 2.039 5.256 1368.637 -1.037 1150.214 -2.3453734488585067 1.0
4.0 6.0 Car -1.0 -1.0 -1.0 -1.0 -1.0 -1.0 -1.0 1.77 1.688 4.09 1318.034 0.52 1074.589 0.9633170273480915 1.0
4.0 11.0 Bus -1.0 -1.0 -1.0 -1.0 -1.0 -1.0 -1.0 2.938 3.913 13.559 1390.313 -1.032 1158.355 1.0112786750754215 1.0
4.0 9.0 Car -1.0 -1.0 -1.0 -1.0 -1.0 -1.0 -1.0 1.955 1.634 4.282 1385.422 -2.833 1165.195 -2.3249705498879174 0.0
4.0 8.0 Car -1.0 -1.0 -1.0 -1.0 -1.0 -1.0 -1.0 2.204 1.935 4.825 1363.764 -1.178 1142.875 -2.295125419678083 1.0
4.0 0.0 Truck -1.0 -1.0 -1.0 -1.0 -1.0 -1.0 -1.0 2.73 4.199 7.599 1327.495 1.858 1076.033 0.8585972722284317 1.0
4.0 7.0 Car -1.0 -1.0 -1.0 -1.0 -1.0 -1.0 -1.0 1.78 1.622 4.314 1312.866 -0.021 1062.882 0.7887841021486584 1.0
4.0 12.0 Car -1.0 -1.0 -1.0 -1.0 -1.0 -1.0 -1.0 2.288 2.039 4.654 1373.491 -1.41 1149.368 -2.3249705498879174 1.0
5.0 1.0 Car -1.0 -1.0 -1.0 -1.0 -1.0 -1.0 -1.0 1.803 1.542 4.758 1330.264 0.856 1089.227 0.8760505647483751 1.0
5.0 10.0 Car -1.0 -1.0 -1.0 -1.0 -1.0 -1.0 -1.0 1.869 1.68 4.379 1365.315 -0.964 1140.607 -2.34242384240786 1.0
5.0 2.0 Car -1.0 -1.0 -1.0 -1.0 -1.0 -1.0 -1.0 2.584 2.039 5.256 1366.409 -0.887 1147.759 -2.3453734488585067 1.0
5.0 6.0 Car -1.0 -1.0 -1.0 -1.0 -1.0 -1.0 -1.0 1.77 1.688 4.09 1320.13 0.62 1077.562 0.9633170273480915 1.0
5.0 11.0 Bus -1.0 -1.0 -1.0 -1.0 -1.0 -1.0 -1.0 2.938 3.913 13.559 1391.277 -1.046 1160.021 1.0200053998949279 1.0
5.0 9.0 Car -1.0 -1.0 -1.0 -1.0 -1.0 -1.0 -1.0 1.955 1.634 4.282 1383.622 -2.583 1162.807 -2.3249705498879174 1.0
5.0 8.0 Car -1.0 -1.0 -1.0 -1.0 -1.0 -1.0 -1.0 2.204 1.935 4.825 1360.933 -0.916 1140.187 -2.295125419678083 1.0
5.0 0.0 Truck -1.0 -1.0 -1.0 -1.0 -1.0 -1.0 -1.0 2.73 4.199 7.599 1330.191 1.958 1079.256 0.8585972722284317 1.0
5.0 7.0 Car -1.0 -1.0 -1.0 -1.0 -1.0 -1.0 -1.0 1.78 1.622 4.314 1316.594 0.137 1066.777 0.823690687188545 1.0
5.0 12.0 Car -1.0 -1.0 -1.0 -1.0 -1.0 -1.0 -1.0 2.288 2.039 4.654 1372.312 -1.285 1148.112 -2.3249705498879174 1.0
6.0 1.0 Car -1.0 -1.0 -1.0 -1.0 -1.0 -1.0 -1.0 1.803 1.542 4.758 1332.59 0.856 1092.065 0.8760505647483751 1.0
6.0 10.0 Car -1.0 -1.0 -1.0 -1.0 -1.0 -1.0 -1.0 1.869 1.68 4.379 1363.898 -0.814 1139.042 -2.34242384240786 1.0
6.0 2.0 Car -1.0 -1.0 -1.0 -1.0 -1.0 -1.0 -1.0 2.584 2.039 5.256 1364.187 -0.737 1145.299 -2.3453734488585067 1.0
6.0 6.0 Car -1.0 -1.0 -1.0 -1.0 -1.0 -1.0 -1.0 1.77 1.688 4.09 1322.215 0.67 1080.368 0.928410442308205 1.0
6.0 11.0 Bus -1.0 -1.0 -1.0 -1.0 -1.0 -1.0 -1.0 2.938 3.913 13.559 1392.24 -1.06 1161.687 1.0287319675953648 1.0
6.0 9.0 Car -1.0 -1.0 -1.0 -1.0 -1.0 -1.0 -1.0 1.955 1.634 4.282 1381.823 -2.333 1160.419 -2.3249705498879174 1.0
6.0 8.0 Car -1.0 -1.0 -1.0 -1.0 -1.0 -1.0 -1.0 2.204 1.935 4.825 1358.103 -0.654 1137.5 -2.295125419678083 0.0
6.0 0.0 Truck -1.0 -1.0 -1.0 -1.0 -1.0 -1.0 -1.0 2.73 4.199 7.599 1332.932 2.058 1082.531 0.8585972722284317 1.0
6.0 7.0 Car -1.0 -1.0 -1.0 -1.0 -1.0 -1.0 -1.0 1.78 1.622 4.314 1320.05 0.295 1070.64 0.8411439797084884 1.0
6.0 12.0 Car -1.0 -1.0 -1.0 -1.0 -1.0 -1.0 -1.0 2.288 2.039 4.654 1371.134 -1.16 1146.855 -2.3249705498879174 1.0
7.0 1.0 Car -1.0 -1.0 -1.0 -1.0 -1.0 -1.0 -1.0 1.803 1.542 4.758 1334.942 0.856 1094.834 0.8760505647483751 0.0
7.0 10.0 Car -1.0 -1.0 -1.0 -1.0 -1.0 -1.0 -1.0 1.869 1.68 4.379 1362.28 -0.663 1137.334 -2.3075172573679743 0.0
7.0 2.0 Car -1.0 -1.0 -1.0 -1.0 -1.0 -1.0 -1.0 2.584 2.039 5.256 1361.964 -0.587 1142.839 -2.3453734488585067 0.0
7.0 6.0 Car -1.0 -1.0 -1.0 -1.0 -1.0 -1.0 -1.0 1.77 1.688 4.09 1324.292 0.77 1083.032 0.8935038572683184 0.0
7.0 11.0 Bus -1.0 -1.0 -1.0 -1.0 -1.0 -1.0 -1.0 2.938 3.913 13.559 1392.933 -1.108 1162.793 1.0182732285243783 0.0
7.0 9.0 Car -1.0 -1.0 -1.0 -1.0 -1.0 -1.0 -1.0 1.955 1.634 4.282 1380.023 -2.083 1158.031 -2.3249705498879174 0.0
7.0 8.0 Car -1.0 -1.0 -1.0 -1.0 -1.0 -1.0 -1.0 2.204 1.935 4.825 1355.273 -0.391 1134.812 -2.295125419678083 0.0
7.0 0.0 Truck -1.0 -1.0 -1.0 -1.0 -1.0 -1.0 -1.0 2.73 4.199 7.599 1335.648 2.108 1085.777 0.8585972722284317 0.0
7.0 7.0 Car -1.0 -1.0 -1.0 -1.0 -1.0 -1.0 -1.0 1.78 1.622 4.314 1322.58 0.454 1073.809 0.8760505647483751 0.0
7.0 12.0 Car -1.0 -1.0 -1.0 -1.0 -1.0 -1.0 -1.0 2.288 2.039 4.654 1369.967 -1.036 1145.588 -2.3249705498879174 0.0
8.0 1.0 Car -1.0 -1.0 -1.0 -1.0 -1.0 -1.0 -1.0 1.803 1.542 4.758 1337.06 0.906 1097.362 0.8760505647483751 0.0
8.0 10.0 Car -1.0 -1.0 -1.0 -1.0 -1.0 -1.0 -1.0 1.869 1.68 4.379 1360.211 -0.563 1135.138 -2.3598771349278036 0.0
8.0 2.0 Car -1.0 -1.0 -1.0 -1.0 -1.0 -1.0 -1.0 2.584 2.039 5.256 1359.739 -0.437 1140.377 -2.3453734488585067 0.0
8.0 6.0 Car -1.0 -1.0 -1.0 -1.0 -1.0 -1.0 -1.0 1.77 1.688 4.09 1326.457 0.87 1085.626 0.8935038572683184 0.0
8.0 11.0 Bus -1.0 -1.0 -1.0 -1.0 -1.0 -1.0 -1.0 2.938 3.913 13.559 1393.812 -1.156 1163.779 0.9903324416173147 0.0
8.0 9.0 Car -1.0 -1.0 -1.0 -1.0 -1.0 -1.0 -1.0 1.955 1.634 4.282 1378.222 -1.833 1155.641 -2.3249705498879174 0.0
8.0 8.0 Car -1.0 -1.0 -1.0 -1.0 -1.0 -1.0 -1.0 2.204 1.935 4.825 1352.935 -0.129 1132.316 -2.295125419678083 0.0
8.0 0.0 Truck -1.0 -1.0 -1.0 -1.0 -1.0 -1.0 -1.0 2.73 4.199 7.599 1338.384 2.158 1089.013 0.8585972722284317 0.0
8.0 7.0 Car -1.0 -1.0 -1.0 -1.0 -1.0 -1.0 -1.0 1.78 1.622 4.314 1326.754 0.662 1078.976 0.8760505647483751 0.0
8.0 12.0 Car -1.0 -1.0 -1.0 -1.0 -1.0 -1.0 -1.0 2.288 2.039 4.654 1368.799 -0.911 1144.32 -2.3249705498879174 0.0
9.0 1.0 Car -1.0 -1.0 -1.0 -1.0 -1.0 -1.0 -1.0 1.803 1.542 4.758 1339.046 1.006 1099.775 0.8760505647483751 0.0
9.0 4.0 Car -1.0 -1.0 -1.0 -1.0 -1.0 -1.0 -1.0 1.923 1.668 4.622 1374.883 -1.673 1156.48 -2.290063964848031 0.0
9.0 10.0 Car -1.0 -1.0 -1.0 -1.0 -1.0 -1.0 -1.0 1.869 1.68 4.379 1358.063 -0.313 1132.896 -2.34242384240786 0.0
9.0 2.0 Car -1.0 -1.0 -1.0 -1.0 -1.0 -1.0 -1.0 2.584 2.039 5.256 1357.517 -0.287 1137.916 -2.3453734488585067 0.0
9.0 6.0 Car -1.0 -1.0 -1.0 -1.0 -1.0 -1.0 -1.0 1.77 1.688 4.09 1328.354 1.07 1087.962 0.8760505647483751 0.0
9.0 11.0 Bus -1.0 -1.0 -1.0 -1.0 -1.0 -1.0 -1.0 2.938 3.913 13.559 1394.432 -1.078 1164.801 0.9449577968011564 0.0
9.0 9.0 Car -1.0 -1.0 -1.0 -1.0 -1.0 -1.0 -1.0 1.955 1.634 4.282 1376.396 -1.584 1153.278 -2.3249705498879174 0.0
9.0 8.0 Car -1.0 -1.0 -1.0 -1.0 -1.0 -1.0 -1.0 2.204 1.935 4.825 1350.53 0.183 1129.885 -2.295125419678083 0.0
9.0 0.0 Truck -1.0 -1.0 -1.0 -1.0 -1.0 -1.0 -1.0 2.73 4.199 7.599 1341.27 2.308 1092.423 0.8585972722284317 0.0
9.0 7.0 Car -1.0 -1.0 -1.0 -1.0 -1.0 -1.0 -1.0 1.78 1.622 4.314 1329.979 0.87 1082.726 0.8760505647483751 0.0
9.0 12.0 Car -1.0 -1.0 -1.0 -1.0 -1.0 -1.0 -1.0 2.288 2.039 4.654 1367.305 -0.671 1142.752 -2.3249705498879174 0.0
10.0 1.0 Car -1.0 -1.0 -1.0 -1.0 -1.0 -1.0 -1.0 1.803 1.542 4.758 1340.896 1.056 1102.079 0.8935038572683184 1.0
10.0 4.0 Car -1.0 -1.0 -1.0 -1.0 -1.0 -1.0 -1.0 1.923 1.668 4.622 1372.851 -1.452 1154.154 -2.290063964848031 1.0
10.0 10.0 Car -1.0 -1.0 -1.0 -1.0 -1.0 -1.0 -1.0 1.869 1.68 4.379 1355.666 -0.113 1130.432 -2.34242384240786 0.0
10.0 2.0 Car -1.0 -1.0 -1.0 -1.0 -1.0 -1.0 -1.0 2.584 2.039 5.256 1355.226 -0.137 1135.568 -2.3453734488585067 0.0
10.0 6.0 Car -1.0 -1.0 -1.0 -1.0 -1.0 -1.0 -1.0 1.77 1.688 4.09 1330.211 1.22 1090.155 0.8760505647483751 1.0
10.0 11.0 Bus -1.0 -1.0 -1.0 -1.0 -1.0 -1.0 -1.0 2.938 3.913 13.559 1395.035 -1.151 1165.56 0.9344893732171894 1.0
10.0 9.0 Car -1.0 -1.0 -1.0 -1.0 -1.0 -1.0 -1.0 1.955 1.634 4.282 1374.567 -1.334 1150.912 -2.3249705498879174 1.0
10.0 8.0 Car -1.0 -1.0 -1.0 -1.0 -1.0 -1.0 -1.0 2.204 1.935 4.825 1348.145 0.396 1127.43 -2.295125419678083 0.0
10.0 0.0 Truck -1.0 -1.0 -1.0 -1.0 -1.0 -1.0 -1.0 2.73 4.199 7.599 1344.135 2.308 1095.807 0.8585972722284317 1.0
10.0 7.0 Car -1.0 -1.0 -1.0 -1.0 -1.0 -1.0 -1.0 1.78 1.622 4.314 1333.314 1.078 1087.164 0.8760505647483751 1.0
10.0 12.0 Car -1.0 -1.0 -1.0 -1.0 -1.0 -1.0 -1.0 2.288 2.039 4.654 1364.956 -0.561 1140.239 -2.3249705498879174 1.0
11.0 1.0 Car -1.0 -1.0 -1.0 -1.0 -1.0 -1.0 -1.0 1.803 1.542 4.758 1342.428 1.156 1103.937 0.8935038572683184 0.0
11.0 4.0 Car -1.0 -1.0 -1.0 -1.0 -1.0 -1.0 -1.0 1.923 1.668 4.622 1370.821 -1.232 1151.831 -2.290063964848031 0.0
11.0 10.0 Car -1.0 -1.0 -1.0 -1.0 -1.0 -1.0 -1.0 1.869 1.68 4.379 1353.17 0.187 1127.819 -2.34242384240786 0.0
11.0 2.0 Car -1.0 -1.0 -1.0 -1.0 -1.0 -1.0 -1.0 2.584 2.039 5.256 1352.939 0.013 1133.223 -2.3453734488585067 0.0
11.0 6.0 Car -1.0 -1.0 -1.0 -1.0 -1.0 -1.0 -1.0 1.77 1.688 4.09 1331.908 1.42 1092.11 0.8760505647483751 0.0
11.0 11.0 Bus -1.0 -1.0 -1.0 -1.0 -1.0 -1.0 -1.0 2.938 3.913 13.559 1395.585 -1.223 1166.242 0.9414655049956482 0.0
11.0 9.0 Car -1.0 -1.0 -1.0 -1.0 -1.0 -1.0 -1.0 1.955 1.634 4.282 1372.741 -1.084 1148.55 -2.3249705498879174 0.0
11.0 8.0 Car -1.0 -1.0 -1.0 -1.0 -1.0 -1.0 -1.0 2.204 1.935 4.825 1345.904 0.708 1124.854 -2.295125419678083 0.0
11.0 0.0 Truck -1.0 -1.0 -1.0 -1.0 -1.0 -1.0 -1.0 2.73 4.199 7.599 1346.939 2.408 1099.089 0.8585972722284317 0.0
11.0 7.0 Car -1.0 -1.0 -1.0 -1.0 -1.0 -1.0 -1.0 1.78 1.622 4.314 1336.872 1.236 1091.408 0.8760505647483751 0.0
11.0 12.0 Car -1.0 -1.0 -1.0 -1.0 -1.0 -1.0 -1.0 2.288 2.039 4.654 1362.935 -0.362 1138.059 -2.3075172573679743 0.0
12.0 1.0 Car -1.0 -1.0 -1.0 -1.0 -1.0 -1.0 -1.0 1.803 1.542 4.758 1343.712 1.306 1105.645 0.9109571497882617 1.0
12.0 4.0 Car -1.0 -1.0 -1.0 -1.0 -1.0 -1.0 -1.0 1.923 1.668 4.622 1368.791 -1.012 1149.508 -2.2900577533020887 1.0
12.0 10.0 Car -1.0 -1.0 -1.0 -1.0 -1.0 -1.0 -1.0 1.869 1.68 4.379 1350.549 0.587 1125.028 -2.3249705498879174 0.0
12.0 2.0 Car -1.0 -1.0 -1.0 -1.0 -1.0 -1.0 -1.0 2.584 2.039 5.256 1350.938 0.412 1131.274 -2.3453734488585067 0.0
12.0 6.0 Car -1.0 -1.0 -1.0 -1.0 -1.0 -1.0 -1.0 1.77 1.688 4.09 1333.47 1.52 1094.066 0.8935038572683184 0.0
12.0 5.0 Truck -1.0 -1.0 -1.0 -1.0 -1.0 -1.0 -1.0 2.158 2.0 5.114 1419.371 -3.258 1194.522 0.8910522513406987 0.0
12.0 11.0 Bus -1.0 -1.0 -1.0 -1.0 -1.0 -1.0 -1.0 2.938 3.913 13.559 1396.129 -0.959 1166.638 0.9270662453549605 1.0
12.0 9.0 Car -1.0 -1.0 -1.0 -1.0 -1.0 -1.0 -1.0 1.955 1.634 4.282 1370.822 -0.834 1146.274 -2.3249705498879174 1.0
12.0 8.0 Car -1.0 -1.0 -1.0 -1.0 -1.0 -1.0 -1.0 2.204 1.935 4.825 1343.414 0.921 1121.997 -2.295125419678083 0.0
12.0 0.0 Truck -1.0 -1.0 -1.0 -1.0 -1.0 -1.0 -1.0 2.73 4.199 7.599 1349.717 2.458 1102.34 0.8585972722284317 1.0
12.0 7.0 Car -1.0 -1.0 -1.0 -1.0 -1.0 -1.0 -1.0 1.78 1.622 4.314 1340.405 1.394 1095.713 0.8585972722284317 1.0
12.0 12.0 Car -1.0 -1.0 -1.0 -1.0 -1.0 -1.0 -1.0 2.288 2.039 4.654 1361.113 -0.112 1136.092 -2.3249705498879174 1.0
13.0 1.0 Car -1.0 -1.0 -1.0 -1.0 -1.0 -1.0 -1.0 1.803 1.542 4.758 1344.903 1.406 1107.129 0.9109571497882617 1.0
13.0 4.0 Car -1.0 -1.0 -1.0 -1.0 -1.0 -1.0 -1.0 1.923 1.668 4.622 1366.976 -0.792 1147.381 -2.290063964848031 1.0
13.0 10.0 Car -1.0 -1.0 -1.0 -1.0 -1.0 -1.0 -1.0 1.869 1.68 4.379 1347.988 0.891 1122.224 -2.320815324387583 0.0
13.0 2.0 Car -1.0 -1.0 -1.0 -1.0 -1.0 -1.0 -1.0 2.584 2.039 5.256 1348.357 0.662 1128.821 -2.3628267413784503 0.0
13.0 6.0 Car -1.0 -1.0 -1.0 -1.0 -1.0 -1.0 -1.0 1.77 1.688 4.09 1334.936 1.67 1095.815 0.8935038572683184 0.0
13.0 5.0 Truck -1.0 -1.0 -1.0 -1.0 -1.0 -1.0 -1.0 2.158 2.0 5.114 1419.544 -3.071 1194.498 0.8977508911923322 1.0
13.0 11.0 Bus -1.0 -1.0 -1.0 -1.0 -1.0 -1.0 -1.0 2.938 3.913 13.559 1396.81 -0.845 1167.281 0.9126567328057283 1.0
13.0 9.0 Car -1.0 -1.0 -1.0 -1.0 -1.0 -1.0 -1.0 1.955 1.634 4.282 1368.633 -0.584 1143.944 -2.3249705498879174 1.0
13.0 8.0 Car -1.0 -1.0 -1.0 -1.0 -1.0 -1.0 -1.0 2.204 1.935 4.825 1341.172 1.283 1119.368 -2.2776721271581395 0.0
13.0 0.0 Truck -1.0 -1.0 -1.0 -1.0 -1.0 -1.0 -1.0 2.73 4.199 7.599 1352.526 2.458 1105.627 0.8585972722284317 1.0
13.0 7.0 Car -1.0 -1.0 -1.0 -1.0 -1.0 -1.0 -1.0 1.78 1.622 4.314 1344.134 1.453 1100.246 0.8585972722284317 1.0
13.0 12.0 Car -1.0 -1.0 -1.0 -1.0 -1.0 -1.0 -1.0 2.288 2.039 4.654 1359.068 0.188 1133.887 -2.3249705498879174 1.0
14.0 1.0 Car -1.0 -1.0 -1.0 -1.0 -1.0 -1.0 -1.0 1.803 1.542 4.758 1345.725 1.606 1108.211 0.9109571497882617 0.0
14.0 4.0 Car -1.0 -1.0 -1.0 -1.0 -1.0 -1.0 -1.0 1.923 1.668 4.622 1365.101 -0.446 1145.215 -2.3075172573679743 1.0
14.0 10.0 Car -1.0 -1.0 -1.0 -1.0 -1.0 -1.0 -1.0 1.869 1.68 4.379 1345.427 1.294 1119.419 -2.3166590939758707 0.0
14.0 2.0 Car -1.0 -1.0 -1.0 -1.0 -1.0 -1.0 -1.0 2.584 2.039 5.256 1345.984 1.05 1126.443 -2.360643493308165 0.0
14.0 6.0 Car -1.0 -1.0 -1.0 -1.0 -1.0 -1.0 -1.0 1.77 1.688 4.09 1336.087 1.92 1097.312 0.8935038572683184 0.0
14.0 5.0 Truck -1.0 -1.0 -1.0 -1.0 -1.0 -1.0 -1.0 2.158 2.0 5.114 1419.716 -2.885 1194.475 0.9044511510617981 1.0
14.0 11.0 Bus -1.0 -1.0 -1.0 -1.0 -1.0 -1.0 -1.0 2.938 3.913 13.559 1397.526 -0.731 1168.134 0.9156970279395467 1.0
14.0 9.0 Car -1.0 -1.0 -1.0 -1.0 -1.0 -1.0 -1.0 1.955 1.634 4.282 1366.444 -0.284 1141.613 -2.3249705498879174 1.0
14.0 8.0 Car -1.0 -1.0 -1.0 -1.0 -1.0 -1.0 -1.0 2.204 1.935 4.825 1338.887 1.546 1116.687 -2.260218834638197 0.0
14.0 0.0 Truck -1.0 -1.0 -1.0 -1.0 -1.0 -1.0 -1.0 2.73 4.199 7.599 1355.336 2.558 1108.915 0.8585972722284317 1.0
14.0 7.0 Car -1.0 -1.0 -1.0 -1.0 -1.0 -1.0 -1.0 1.78 1.622 4.314 1347.864 1.561 1104.781 0.8585972722284317 1.0
14.0 12.0 Car -1.0 -1.0 -1.0 -1.0 -1.0 -1.0 -1.0 2.288 2.039 4.654 1356.822 0.538 1131.568 -2.3598771349278036 1.0
15.0 1.0 Car -1.0 -1.0 -1.0 -1.0 -1.0 -1.0 -1.0 1.803 1.542 4.758 1346.68 1.756 1109.404 0.8935038572683184 0.0
15.0 4.0 Car -1.0 -1.0 -1.0 -1.0 -1.0 -1.0 -1.0 1.923 1.668 4.622 1362.922 -0.101 1142.768 -2.3249705498879174 1.0
15.0 10.0 Car -1.0 -1.0 -1.0 -1.0 -1.0 -1.0 -1.0 1.869 1.68 4.379 1342.897 1.523 1116.647 -2.3125029133944737 0.0
15.0 2.0 Car -1.0 -1.0 -1.0 -1.0 -1.0 -1.0 -1.0 2.584 2.039 5.256 1343.425 1.438 1123.882 -2.3410071881464214 0.0
15.0 6.0 Car -1.0 -1.0 -1.0 -1.0 -1.0 -1.0 -1.0 1.77 1.688 4.09 1337.232 2.02 1098.709 0.8760505647483751 0.0
15.0 5.0 Truck -1.0 -1.0 -1.0 -1.0 -1.0 -1.0 -1.0 2.158 2.0 5.114 1419.889 -2.699 1194.451 0.9111513305998012 1.0
15.0 11.0 Bus -1.0 -1.0 -1.0 -1.0 -1.0 -1.0 -1.0 2.938 3.913 13.559 1398.422 -0.635 1168.97 0.8991693732570033 1.0
15.0 9.0 Car -1.0 -1.0 -1.0 -1.0 -1.0 -1.0 -1.0 1.955 1.634 4.282 1364.016 0.016 1139.029 -2.3249705498879174 1.0
15.0 8.0 Car -1.0 -1.0 -1.0 -1.0 -1.0 -1.0 -1.0 2.204 1.935 4.825 1336.603 1.809 1114.006 -2.260218834638197 0.0
15.0 0.0 Truck -1.0 -1.0 -1.0 -1.0 -1.0 -1.0 -1.0 2.73 4.199 7.599 1358.048 2.458 1112.09 0.8585972722284317 1.0
15.0 7.0 Car -1.0 -1.0 -1.0 -1.0 -1.0 -1.0 -1.0 1.78 1.622 4.314 1351.572 1.569 1109.332 0.8411439797084884 1.0
15.0 3.0 Car -1.0 -1.0 -1.0 -1.0 -1.0 -1.0 -1.0 1.933 1.86 4.484 1316.88 3.381 1069.997 0.8585972722284317 0.0
15.0 12.0 Car -1.0 -1.0 -1.0 -1.0 -1.0 -1.0 -1.0 2.288 2.039 4.654 1354.232 0.888 1128.952 -2.34242384240786 1.0
16.0 1.0 Car -1.0 -1.0 -1.0 -1.0 -1.0 -1.0 -1.0 1.803 1.542 4.758 1347.814 2.046 1110.845 0.9109571497882617 0.0
16.0 4.0 Car -1.0 -1.0 -1.0 -1.0 -1.0 -1.0 -1.0 1.923 1.668 4.622 1359.999 0.374 1139.588 -2.3249705498879174 0.0
16.0 10.0 Car -1.0 -1.0 -1.0 -1.0 -1.0 -1.0 -1.0 1.869 1.68 4.379 1339.837 1.987 1113.295 -2.3075172573679743 0.0
16.0 2.0 Car -1.0 -1.0 -1.0 -1.0 -1.0 -1.0 -1.0 2.584 2.039 5.256 1340.617 2.062 1120.835 -2.3453734488585067 0.0
16.0 6.0 Car -1.0 -1.0 -1.0 -1.0 -1.0 -1.0 -1.0 1.77 1.688 4.09 1338.605 2.141 1100.384 0.8760505647483751 0.0
16.0 5.0 Truck -1.0 -1.0 -1.0 -1.0 -1.0 -1.0 -1.0 2.158 2.0 5.114 1420.096 -2.476 1194.423 0.9191887076670539 1.0
16.0 11.0 Bus -1.0 -1.0 -1.0 -1.0 -1.0 -1.0 -1.0 2.938 3.913 13.559 1399.68 -0.53 1170.353 0.8793431892021599 1.0
16.0 9.0 Car -1.0 -1.0 -1.0 -1.0 -1.0 -1.0 -1.0 1.955 1.634 4.282 1360.869 0.526 1135.68 -2.3249705498879174 0.0
16.0 8.0 Car -1.0 -1.0 -1.0 -1.0 -1.0 -1.0 -1.0 2.204 1.935 4.825 1333.863 2.124 1110.79 -2.260218834638197 0.0
16.0 0.0 Truck -1.0 -1.0 -1.0 -1.0 -1.0 -1.0 -1.0 2.73 4.199 7.599 1360.945 2.608 1115.552 0.8585972722284317 1.0
16.0 7.0 Car -1.0 -1.0 -1.0 -1.0 -1.0 -1.0 -1.0 1.78 1.622 4.314 1355.891 1.639 1114.457 0.8585972722284317 1.0
16.0 3.0 Car -1.0 -1.0 -1.0 -1.0 -1.0 -1.0 -1.0 1.933 1.86 4.484 1322.535 3.37 1076.502 0.8585972722284317 1.0
16.0 12.0 Car -1.0 -1.0 -1.0 -1.0 -1.0 -1.0 -1.0 2.288 2.039 4.654 1351.577 1.558 1126.172 -2.3249705498879174 0.0
17.0 1.0 Car -1.0 -1.0 -1.0 -1.0 -1.0 -1.0 -1.0 1.803 1.542 4.758 1348.311 2.046 1111.487 0.9109571497882617 0.0
17.0 4.0 Car -1.0 -1.0 -1.0 -1.0 -1.0 -1.0 -1.0 1.923 1.668 4.622 1357.374 0.719 1136.806 -2.3773304274477467 0.0
17.0 10.0 Car -1.0 -1.0 -1.0 -1.0 -1.0 -1.0 -1.0 1.869 1.68 4.379 1337.34 2.208 1110.616 -2.3249705498879174 0.0
17.0 2.0 Car -1.0 -1.0 -1.0 -1.0 -1.0 -1.0 -1.0 2.584 2.039 5.256 1338.279 2.373 1118.3 -2.3453734488585067 0.0
17.0 6.0 Car -1.0 -1.0 -1.0 -1.0 -1.0 -1.0 -1.0 1.77 1.688 4.09 1339.769 2.241 1101.761 0.8760505647483751 0.0
17.0 5.0 Truck -1.0 -1.0 -1.0 -1.0 -1.0 -1.0 -1.0 2.158 2.0 5.114 1420.268 -2.29 1194.399 0.9258764492169048 1.0
17.0 11.0 Bus -1.0 -1.0 -1.0 -1.0 -1.0 -1.0 -1.0 2.938 3.913 13.559 1401.063 -0.384 1171.98 0.8817225697631529 1.0
17.0 9.0 Car -1.0 -1.0 -1.0 -1.0 -1.0 -1.0 -1.0 1.955 1.634 4.282 1358.754 0.95 1133.469 -2.34242384240786 0.0
17.0 8.0 Car -1.0 -1.0 -1.0 -1.0 -1.0 -1.0 -1.0 2.204 1.935 4.825 1331.582 2.386 1108.114 -2.260218834638197 0.0
17.0 0.0 Truck -1.0 -1.0 -1.0 -1.0 -1.0 -1.0 -1.0 2.73 4.199 7.599 1363.293 2.609 1118.261 0.8585972722284317 1.0
17.0 7.0 Car -1.0 -1.0 -1.0 -1.0 -1.0 -1.0 -1.0 1.78 1.622 4.314 1359.448 1.439 1118.525 0.8585972722284317 1.0
17.0 3.0 Car -1.0 -1.0 -1.0 -1.0 -1.0 -1.0 -1.0 1.933 1.86 4.484 1327.242 3.362 1081.915 0.8585972722284317 1.0
17.0 12.0 Car -1.0 -1.0 -1.0 -1.0 -1.0 -1.0 -1.0 2.288 2.039 4.654 1348.976 1.715 1123.5 -2.3598771349278036 0.0
18.0 1.0 Car -1.0 -1.0 -1.0 -1.0 -1.0 -1.0 -1.0 1.803 1.542 4.758 1348.419 2.255 1111.628 0.9109571497882617 0.0
18.0 4.0 Car -1.0 -1.0 -1.0 -1.0 -1.0 -1.0 -1.0 1.923 1.668 4.622 1354.606 1.214 1134.058 -2.3773304274477467 0.0
18.0 10.0 Car -1.0 -1.0 -1.0 -1.0 -1.0 -1.0 -1.0 1.869 1.68 4.379 1335.004 2.453 1107.878 -2.3249705498879174 0.0
18.0 2.0 Car -1.0 -1.0 -1.0 -1.0 -1.0 -1.0 -1.0 2.584 2.039 5.256 1335.941 2.684 1115.763 -2.3453734488585067 0.0
18.0 6.0 Car -1.0 -1.0 -1.0 -1.0 -1.0 -1.0 -1.0 1.77 1.688 4.09 1340.376 2.594 1102.468 0.8760505647483751 0.0
18.0 5.0 Truck -1.0 -1.0 -1.0 -1.0 -1.0 -1.0 -1.0 2.158 2.0 5.114 1420.34 -2.104 1194.454 0.9146030521445709 1.0
18.0 11.0 Bus -1.0 -1.0 -1.0 -1.0 -1.0 -1.0 -1.0 2.938 3.913 13.559 1402.448 -0.239 1173.609 0.8841036461015757 1.0
18.0 9.0 Car -1.0 -1.0 -1.0 -1.0 -1.0 -1.0 -1.0 1.955 1.634 4.282 1356.131 1.474 1130.876 -2.3598771349278036 0.0
18.0 0.0 Truck -1.0 -1.0 -1.0 -1.0 -1.0 -1.0 -1.0 2.73 4.199 7.599 1365.532 2.609 1120.843 0.8585972722284317 1.0
18.0 7.0 Car -1.0 -1.0 -1.0 -1.0 -1.0 -1.0 -1.0 1.78 1.622 4.314 1362.56 1.489 1122.079 0.8585972722284317 1.0
18.0 3.0 Car -1.0 -1.0 -1.0 -1.0 -1.0 -1.0 -1.0 1.933 1.86 4.484 1331.951 3.353 1087.331 0.8585972722284317 1.0
18.0 12.0 Car -1.0 -1.0 -1.0 -1.0 -1.0 -1.0 -1.0 2.288 2.039 4.654 1346.26 2.223 1120.709 -2.34242384240786 0.0
19.0 1.0 Car -1.0 -1.0 -1.0 -1.0 -1.0 -1.0 -1.0 1.803 1.542 4.758 1348.538 2.485 1111.784 0.9109571497882617 0.0
19.0 4.0 Car -1.0 -1.0 -1.0 -1.0 -1.0 -1.0 -1.0 1.923 1.668 4.622 1351.557 1.814 1131.032 -2.3598771349278036 0.0
19.0 6.0 Car -1.0 -1.0 -1.0 -1.0 -1.0 -1.0 -1.0 1.77 1.688 4.09 1341.045 2.984 1103.247 0.8760505647483751 0.0
19.0 5.0 Truck -1.0 -1.0 -1.0 -1.0 -1.0 -1.0 -1.0 2.158 2.0 5.114 1420.42 -1.899 1194.514 0.9021946180966885 1.0
19.0 11.0 Bus -1.0 -1.0 -1.0 -1.0 -1.0 -1.0 -1.0 2.938 3.913 13.559 1404.09 -0.214 1175.692 0.8867244558290004 1.0
19.0 9.0 Car -1.0 -1.0 -1.0 -1.0 -1.0 -1.0 -1.0 1.955 1.634 4.282 1353.147 1.852 1127.923 -2.3598771349278036 0.0
19.0 0.0 Truck -1.0 -1.0 -1.0 -1.0 -1.0 -1.0 -1.0 2.73 4.199 7.599 1367.948 2.619 1123.595 0.8585972722284317 1.0
19.0 7.0 Car -1.0 -1.0 -1.0 -1.0 -1.0 -1.0 -1.0 1.78 1.622 4.314 1365.95 1.429 1126.103 0.8585972722284317 1.0
19.0 3.0 Car -1.0 -1.0 -1.0 -1.0 -1.0 -1.0 -1.0 1.933 1.86 4.484 1337.135 3.344 1093.293 0.8585972722284317 1.0
19.0 12.0 Car -1.0 -1.0 -1.0 -1.0 -1.0 -1.0 -1.0 2.288 2.039 4.654 1343.304 2.681 1117.426 -2.2726106723280877 0.0
20.0 1.0 Car -1.0 -1.0 -1.0 -1.0 -1.0 -1.0 -1.0 1.803 1.542 4.758 1348.647 2.695 1111.925 0.9109571497882617 0.0
20.0 4.0 Car -1.0 -1.0 -1.0 -1.0 -1.0 -1.0 -1.0 1.923 1.668 4.622 1348.765 2.059 1128.17 -2.34242384240786 0.0
20.0 6.0 Car -1.0 -1.0 -1.0 -1.0 -1.0 -1.0 -1.0 1.77 1.688 4.09 1341.615 3.192 1103.93 0.8935038572683184 0.0
20.0 5.0 Truck -1.0 -1.0 -1.0 -1.0 -1.0 -1.0 -1.0 2.158 2.0 5.114 1420.493 -1.713 1194.569 0.8909207699684909 1.0
20.0 11.0 Bus -1.0 -1.0 -1.0 -1.0 -1.0 -1.0 -1.0 2.938 3.913 13.559 1405.72 -0.191 1177.473 0.8891056274358183 1.0
20.0 9.0 Car -1.0 -1.0 -1.0 -1.0 -1.0 -1.0 -1.0 1.955 1.634 4.282 1350.219 2.245 1125.016 -2.3598771349278036 0.0
20.0 0.0 Truck -1.0 -1.0 -1.0 -1.0 -1.0 -1.0 -1.0 2.73 4.199 7.599 1370.022 2.574 1125.956 0.8585972722284317 1.0
20.0 7.0 Car -1.0 -1.0 -1.0 -1.0 -1.0 -1.0 -1.0 1.78 1.622 4.314 1369.187 1.379 1129.941 0.8585972722284317 1.0
20.0 3.0 Car -1.0 -1.0 -1.0 -1.0 -1.0 -1.0 -1.0 1.933 1.86 4.484 1341.845 3.335 1098.709 0.8585972722284317 1.0
20.0 12.0 Car -1.0 -1.0 -1.0 -1.0 -1.0 -1.0 -1.0 2.288 2.039 4.654 1340.875 2.948 1114.288 -2.1853442097283726 0.0
21.0 1.0 Car -1.0 -1.0 -1.0 -1.0 -1.0 -1.0 -1.0 1.803 1.542 4.758 1348.467 2.912 1111.695 0.9109571497882617 0.0
21.0 4.0 Car -1.0 -1.0 -1.0 -1.0 -1.0 -1.0 -1.0 1.923 1.668 4.622 1345.953 2.454 1125.155 -2.34242384240786 0.0
21.0 6.0 Car -1.0 -1.0 -1.0 -1.0 -1.0 -1.0 -1.0 1.77 1.688 4.09 1342.203 3.301 1104.635 0.8935038572683184 0.0
21.0 5.0 Truck -1.0 -1.0 -1.0 -1.0 -1.0 -1.0 -1.0 2.158 2.0 5.114 1420.488 -1.568 1194.417 0.8909207699684909 1.0
21.0 11.0 Bus -1.0 -1.0 -1.0 -1.0 -1.0 -1.0 -1.0 2.938 3.913 13.559 1407.042 -0.071 1179.162 0.8782047124082091 1.0
21.0 9.0 Car -1.0 -1.0 -1.0 -1.0 -1.0 -1.0 -1.0 1.955 1.634 4.282 1347.172 2.637 1121.988 -2.34242384240786 0.0
21.0 0.0 Truck -1.0 -1.0 -1.0 -1.0 -1.0 -1.0 -1.0 2.73 4.199 7.599 1372.082 2.678 1128.267 0.8585972722284317 1.0
21.0 7.0 Car -1.0 -1.0 -1.0 -1.0 -1.0 -1.0 -1.0 1.78 1.622 4.314 1372.551 1.279 1133.894 0.8935038572683184 1.0
21.0 3.0 Car -1.0 -1.0 -1.0 -1.0 -1.0 -1.0 -1.0 1.933 1.86 4.484 1345.865 3.327 1103.327 0.8585972722284317 1.0
21.0 12.0 Car -1.0 -1.0 -1.0 -1.0 -1.0 -1.0 -1.0 2.288 2.039 4.654 1338.624 3.214 1111.155 -2.2027975022483157 0.0
22.0 1.0 Car -1.0 -1.0 -1.0 -1.0 -1.0 -1.0 -1.0 1.803 1.542 4.758 1348.287 3.13 1111.465 0.9109571497882617 0.0
22.0 4.0 Car -1.0 -1.0 -1.0 -1.0 -1.0 -1.0 -1.0 1.923 1.668 4.622 1343.289 2.849 1122.228 -2.3249705498879174 0.0
22.0 6.0 Car -1.0 -1.0 -1.0 -1.0 -1.0 -1.0 -1.0 1.77 1.688 4.09 1342.329 3.559 1104.809 0.8935038572683184 0.0
22.0 5.0 Truck -1.0 -1.0 -1.0 -1.0 -1.0 -1.0 -1.0 2.158 2.0 5.114 1421.809 -1.44 1196.304 0.8909207699684909 1.0
22.0 11.0 Bus -1.0 -1.0 -1.0 -1.0 -1.0 -1.0 -1.0 2.938 3.913 13.559 1408.365 -0.001 1180.854 0.8672914623983531 1.0
22.0 9.0 Car -1.0 -1.0 -1.0 -1.0 -1.0 -1.0 -1.0 1.955 1.634 4.282 1344.457 2.98 1119.068 -2.3249705498879174 0.0
22.0 0.0 Truck -1.0 -1.0 -1.0 -1.0 -1.0 -1.0 -1.0 2.73 4.199 7.599 1374.332 2.733 1130.765 0.8585972722284317 1.0
22.0 7.0 Car -1.0 -1.0 -1.0 -1.0 -1.0 -1.0 -1.0 1.78 1.622 4.314 1376.074 1.229 1137.96 0.8585972722284317 1.0
22.0 3.0 Car -1.0 -1.0 -1.0 -1.0 -1.0 -1.0 -1.0 1.933 1.86 4.484 1350.193 3.318 1108.301 0.8585972722284317 1.0
22.0 12.0 Car -1.0 -1.0 -1.0 -1.0 -1.0 -1.0 -1.0 2.288 2.039 4.654 1336.322 3.481 1108.061 -2.220250794768259 0.0
23.0 1.0 Car -1.0 -1.0 -1.0 -1.0 -1.0 -1.0 -1.0 1.803 1.542 4.758 1348.107 3.422 1111.235 0.9109571497882617 0.0
23.0 4.0 Car -1.0 -1.0 -1.0 -1.0 -1.0 -1.0 -1.0 1.923 1.668 4.622 1340.923 3.244 1119.804 -2.34242384240786 0.0
23.0 5.0 Truck -1.0 -1.0 -1.0 -1.0 -1.0 -1.0 -1.0 2.158 2.0 5.114 1423.129 -1.311 1198.192 0.8909207699684909 1.0
23.0 11.0 Bus -1.0 -1.0 -1.0 -1.0 -1.0 -1.0 -1.0 2.938 3.913 13.559 1409.987 0.019 1182.902 0.873841256056647 1.0
23.0 9.0 Car -1.0 -1.0 -1.0 -1.0 -1.0 -1.0 -1.0 1.955 1.634 4.282 1342.8 3.357 1116.302 -2.3249705498879174 0.0
23.0 0.0 Truck -1.0 -1.0 -1.0 -1.0 -1.0 -1.0 -1.0 2.73 4.199 7.599 1376.834 2.688 1133.555 0.8585972722284317 1.0
23.0 7.0 Car -1.0 -1.0 -1.0 -1.0 -1.0 -1.0 -1.0 1.78 1.622 4.314 1379.711 1.18 1142.079 0.8760505647483751 1.0
23.0 3.0 Car -1.0 -1.0 -1.0 -1.0 -1.0 -1.0 -1.0 1.933 1.86 4.484 1354.299 3.31 1113.019 0.8585972722284317 1.0
23.0 12.0 Car -1.0 -1.0 -1.0 -1.0 -1.0 -1.0 -1.0 2.288 2.039 4.654 1333.597 3.997 1104.307 -2.2027975022483157 0.0
24.0 1.0 Car -1.0 -1.0 -1.0 -1.0 -1.0 -1.0 -1.0 1.803 1.542 4.758 1347.928 3.607 1111.006 0.9109571497882617 0.0
24.0 4.0 Car -1.0 -1.0 -1.0 -1.0 -1.0 -1.0 -1.0 1.923 1.668 4.622 1338.503 3.639 1117.359 -2.34242384240786 0.0
24.0 5.0 Truck -1.0 -1.0 -1.0 -1.0 -1.0 -1.0 -1.0 2.158 2.0 5.114 1424.448 -1.182 1200.078 0.8909207699684909 1.0
24.0 11.0 Bus -1.0 -1.0 -1.0 -1.0 -1.0 -1.0 -1.0 2.938 3.913 13.559 1411.009 0.138 1184.233 0.8803838562143547 1.0
24.0 9.0 Car -1.0 -1.0 -1.0 -1.0 -1.0 -1.0 -1.0 1.955 1.634 4.282 1341.15 3.734 1113.545 -2.3249705498879174 0.0
24.0 0.0 Truck -1.0 -1.0 -1.0 -1.0 -1.0 -1.0 -1.0 2.73 4.199 7.599 1379.527 2.692 1136.566 0.8585972722284317 1.0
24.0 7.0 Car -1.0 -1.0 -1.0 -1.0 -1.0 -1.0 -1.0 1.78 1.622 4.314 1383.281 1.03 1146.212 0.8585972722284317 1.0
24.0 3.0 Car -1.0 -1.0 -1.0 -1.0 -1.0 -1.0 -1.0 1.933 1.86 4.484 1358.401 3.251 1117.731 0.8585972722284317 1.0
24.0 12.0 Car -1.0 -1.0 -1.0 -1.0 -1.0 -1.0 -1.0 2.288 2.039 4.654 1331.658 4.38 1101.619 -2.196984041978839 0.0
25.0 1.0 Car -1.0 -1.0 -1.0 -1.0 -1.0 -1.0 -1.0 1.803 1.542 4.758 1347.748 3.791 1110.776 0.9109571497882617 0.0
25.0 4.0 Car -1.0 -1.0 -1.0 -1.0 -1.0 -1.0 -1.0 1.923 1.668 4.622 1336.08 4.035 1114.911 -2.34242384240786 0.0
25.0 5.0 Truck -1.0 -1.0 -1.0 -1.0 -1.0 -1.0 -1.0 2.158 2.0 5.114 1425.928 -1.054 1201.836 0.8909207699684909 1.0
25.0 11.0 Bus -1.0 -1.0 -1.0 -1.0 -1.0 -1.0 -1.0 2.938 3.913 13.559 1412.432 0.208 1185.934 0.8738409313880263 1.0
25.0 9.0 Car -1.0 -1.0 -1.0 -1.0 -1.0 -1.0 -1.0 1.955 1.634 4.282 1339.498 4.111 1110.784 -2.3249705498879174 0.0
25.0 0.0 Truck -1.0 -1.0 -1.0 -1.0 -1.0 -1.0 -1.0 2.73 4.199 7.599 1382.187 2.647 1139.538 0.8585972722284317 1.0
25.0 7.0 Car -1.0 -1.0 -1.0 -1.0 -1.0 -1.0 -1.0 1.78 1.622 4.314 1386.848 0.93 1150.387 0.8585972722284317 1.0
25.0 3.0 Car -1.0 -1.0 -1.0 -1.0 -1.0 -1.0 -1.0 1.933 1.86 4.484 1362.288 3.142 1122.428 0.8760505647483751 1.0
25.0 12.0 Car -1.0 -1.0 -1.0 -1.0 -1.0 -1.0 -1.0 2.288 2.039 4.654 1329.716 4.764 1098.928 -2.1911638173230785 0.0
26.0 4.0 Car -1.0 -1.0 -1.0 -1.0 -1.0 -1.0 -1.0 1.923 1.668 4.622 1333.658 4.43 1112.463 -2.34242384240786 0.0
26.0 5.0 Truck -1.0 -1.0 -1.0 -1.0 -1.0 -1.0 -1.0 2.158 2.0 5.114 1427.408 -0.925 1203.595 0.8909207699684909 1.0
26.0 11.0 Bus -1.0 -1.0 -1.0 -1.0 -1.0 -1.0 -1.0 2.938 3.913 13.559 1413.855 0.278 1187.634 0.8672987002435291 1.0
26.0 9.0 Car -1.0 -1.0 -1.0 -1.0 -1.0 -1.0 -1.0 1.955 1.634 4.282 1337.846 4.488 1108.023 -2.3249705498879174 0.0
26.0 0.0 Truck -1.0 -1.0 -1.0 -1.0 -1.0 -1.0 -1.0 2.73 4.199 7.599 1384.834 2.652 1142.608 0.8760505647483751 1.0
26.0 7.0 Car -1.0 -1.0 -1.0 -1.0 -1.0 -1.0 -1.0 1.78 1.622 4.314 1390.435 0.88 1154.584 0.8585972722284317 1.0
26.0 3.0 Car -1.0 -1.0 -1.0 -1.0 -1.0 -1.0 -1.0 1.933 1.86 4.484 1366.295 3.017 1127.333 0.8818638281236009 1.0
26.0 12.0 Car -1.0 -1.0 -1.0 -1.0 -1.0 -1.0 -1.0 2.288 2.039 4.654 1327.775 5.147 1096.237 -2.1853442097283726 0.0
27.0 4.0 Car -1.0 -1.0 -1.0 -1.0 -1.0 -1.0 -1.0 1.923 1.668 4.622 1331.233 4.826 1110.013 -2.34242384240786 0.0
27.0 5.0 Truck -1.0 -1.0 -1.0 -1.0 -1.0 -1.0 -1.0 2.158 2.0 5.114 1428.92 -0.741 1205.482 0.8821940277983725 0.0
27.0 11.0 Bus -1.0 -1.0 -1.0 -1.0 -1.0 -1.0 -1.0 2.938 3.913 13.559 1415.314 0.398 1189.305 0.86074879933388 0.0
27.0 9.0 Car -1.0 -1.0 -1.0 -1.0 -1.0 -1.0 -1.0 1.955 1.634 4.282 1336.192 4.865 1105.26 -2.3249705498879174 0.0
27.0 0.0 Truck -1.0 -1.0 -1.0 -1.0 -1.0 -1.0 -1.0 2.73 4.199 7.599 1387.406 2.656 1145.784 0.8760505647483751 0.0
27.0 7.0 Car -1.0 -1.0 -1.0 -1.0 -1.0 -1.0 -1.0 1.78 1.622 4.314 1393.673 0.78 1158.423 0.8585972722284317 0.0
27.0 3.0 Car -1.0 -1.0 -1.0 -1.0 -1.0 -1.0 -1.0 1.933 1.86 4.484 1370.307 2.892 1132.245 0.8876839066607903 0.0
27.0 12.0 Car -1.0 -1.0 -1.0 -1.0 -1.0 -1.0 -1.0 2.288 2.039 4.654 1325.85 5.53 1093.569 -2.1853442097283726 0.0
28.0 5.0 Truck -1.0 -1.0 -1.0 -1.0 -1.0 -1.0 -1.0 2.158 2.0 5.114 1430.541 -0.557 1207.28 0.8734674774485476 0.0
28.0 11.0 Bus -1.0 -1.0 -1.0 -1.0 -1.0 -1.0 -1.0 2.938 3.913 13.559 1416.773 0.518 1190.976 0.8541990423959316 0.0
28.0 0.0 Truck -1.0 -1.0 -1.0 -1.0 -1.0 -1.0 -1.0 2.73 4.199 7.599 1389.936 2.661 1148.873 0.8760505647483751 0.0
28.0 7.0 Car -1.0 -1.0 -1.0 -1.0 -1.0 -1.0 -1.0 1.78 1.622 4.314 1397.26 0.68 1162.668 0.8585972722284317 0.0
28.0 3.0 Car -1.0 -1.0 -1.0 -1.0 -1.0 -1.0 -1.0 1.933 1.86 4.484 1374.319 2.766 1137.156 0.8935038572683184 0.0
29.0 5.0 Truck -1.0 -1.0 -1.0 -1.0 -1.0 -1.0 -1.0 2.158 2.0 5.114 1432.197 -0.399 1209.203 0.8734674774485476 0.0
29.0 11.0 Bus -1.0 -1.0 -1.0 -1.0 -1.0 -1.0 -1.0 2.938 3.913 13.559 1418.199 0.663 1192.594 0.851670937745357 0.0
29.0 0.0 Truck -1.0 -1.0 -1.0 -1.0 -1.0 -1.0 -1.0 2.73 4.199 7.599 1392.381 2.616 1151.828 0.8760505647483751 0.0
29.0 7.0 Car -1.0 -1.0 -1.0 -1.0 -1.0 -1.0 -1.0 1.78 1.622 4.314 1400.888 0.63 1166.87 0.8585972722284317 0.0
29.0 3.0 Car -1.0 -1.0 -1.0 -1.0 -1.0 -1.0 -1.0 1.933 1.86 4.484 1378.317 2.574 1142.344 0.9109571497882617 0.0
30.0 5.0 Truck -1.0 -1.0 -1.0 -1.0 -1.0 -1.0 -1.0 2.158 2.0 5.114 1433.852 -0.24 1211.126 0.8734674774485476 0.0
30.0 11.0 Bus -1.0 -1.0 -1.0 -1.0 -1.0 -1.0 -1.0 2.938 3.913 13.559 1419.624 0.808 1194.212 0.8491428836692154 0.0
30.0 0.0 Truck -1.0 -1.0 -1.0 -1.0 -1.0 -1.0 -1.0 2.73 4.199 7.599 1394.854 2.571 1154.723 0.8760505647483751 0.0
30.0 7.0 Car -1.0 -1.0 -1.0 -1.0 -1.0 -1.0 -1.0 1.78 1.622 4.314 1404.59 0.58 1171.204 0.8585972722284317 0.0
30.0 3.0 Car -1.0 -1.0 -1.0 -1.0 -1.0 -1.0 -1.0 1.933 1.86 4.484 1382.377 2.433 1147.616 0.9022354849140191 0.0
31.0 5.0 Truck -1.0 -1.0 -1.0 -1.0 -1.0 -1.0 -1.0 2.158 2.0 5.114 1435.285 0.011 1212.839 0.8734674774485476 0.0
31.0 11.0 Bus -1.0 -1.0 -1.0 -1.0 -1.0 -1.0 -1.0 2.938 3.913 13.559 1420.99 0.953 1195.761 0.8466119417929399 0.0
31.0 0.0 Truck -1.0 -1.0 -1.0 -1.0 -1.0 -1.0 -1.0 2.73 4.199 7.599 1397.151 2.575 1157.523 0.8760505647483751 0.0
31.0 7.0 Car -1.0 -1.0 -1.0 -1.0 -1.0 -1.0 -1.0 1.78 1.622 4.314 1408.419 0.53 1175.594 0.8411439797084884 0.0
31.0 3.0 Car -1.0 -1.0 -1.0 -1.0 -1.0 -1.0 -1.0 1.933 1.86 4.484 1386.331 2.24 1153.053 0.9109571497882617 0.0
32.0 5.0 Truck -1.0 -1.0 -1.0 -1.0 -1.0 -1.0 -1.0 2.158 2.0 5.114 1436.638 0.186 1214.455 0.8734674774485476 0.0
32.0 11.0 Bus -1.0 -1.0 -1.0 -1.0 -1.0 -1.0 -1.0 2.938 3.913 13.559 1422.355 1.098 1197.31 0.8440811617548503 0.0
32.0 0.0 Truck -1.0 -1.0 -1.0 -1.0 -1.0 -1.0 -1.0 2.73 4.199 7.599 1399.493 2.55 1160.242 0.8724876274764592 0.0
32.0 7.0 Car -1.0 -1.0 -1.0 -1.0 -1.0 -1.0 -1.0 1.78 1.622 4.314 1412.438 0.48 1179.84 0.8062373946686019 0.0
32.0 3.0 Car -1.0 -1.0 -1.0 -1.0 -1.0 -1.0 -1.0 1.933 1.86 4.484 1390.283 2.098 1158.334 0.9109571497882617 0.0
33.0 5.0 Truck -1.0 -1.0 -1.0 -1.0 -1.0 -1.0 -1.0 2.158 2.0 5.114 1437.809 0.343 1215.855 0.8734674774485476 0.0
33.0 11.0 Bus -1.0 -1.0 -1.0 -1.0 -1.0 -1.0 -1.0 2.938 3.913 13.559 1423.679 1.228 1198.671 0.8418074465031369 0.0
33.0 0.0 Truck -1.0 -1.0 -1.0 -1.0 -1.0 -1.0 -1.0 2.73 4.199 7.599 1401.614 2.528 1162.705 0.8692865966898528 0.0
33.0 7.0 Car -1.0 -1.0 -1.0 -1.0 -1.0 -1.0 -1.0 1.78 1.622 4.314 1415.89 0.435 1183.353 0.7887841021486584 0.0
33.0 3.0 Car -1.0 -1.0 -1.0 -1.0 -1.0 -1.0 -1.0 1.933 1.86 4.484 1393.859 1.926 1162.912 0.8935038572683184 0.0
34.0 5.0 Truck -1.0 -1.0 -1.0 -1.0 -1.0 -1.0 -1.0 2.158 2.0 5.114 1439.004 0.491 1217.175 0.8472863092454547 0.0
34.0 11.0 Bus -1.0 -1.0 -1.0 -1.0 -1.0 -1.0 -1.0 2.938 3.913 13.559 1425.041 1.373 1200.287 0.8392764793396447 0.0
34.0 0.0 Truck -1.0 -1.0 -1.0 -1.0 -1.0 -1.0 -1.0 2.73 4.199 7.599 1403.928 2.553 1165.391 0.8657233959750213 0.0
34.0 7.0 Car -1.0 -1.0 -1.0 -1.0 -1.0 -1.0 -1.0 1.78 1.622 4.314 1419.825 0.435 1187.246 0.771330809628715 0.0
34.0 3.0 Car -1.0 -1.0 -1.0 -1.0 -1.0 -1.0 -1.0 1.933 1.86 4.484 1397.797 1.789 1167.82 0.8935038572683184 0.0
35.0 5.0 Truck -1.0 -1.0 -1.0 -1.0 -1.0 -1.0 -1.0 2.158 2.0 5.114 1440.097 0.538 1218.206 0.8211075998887174 0.0
35.0 11.0 Bus -1.0 -1.0 -1.0 -1.0 -1.0 -1.0 -1.0 2.938 3.913 13.559 1426.402 1.518 1201.902 0.8367457498759884 0.0
35.0 0.0 Truck -1.0 -1.0 -1.0 -1.0 -1.0 -1.0 -1.0 2.73 4.199 7.599 1406.231 2.636 1168.065 0.8621605299038937 0.0
35.0 7.0 Car -1.0 -1.0 -1.0 -1.0 -1.0 -1.0 -1.0 1.78 1.622 4.314 1423.653 0.485 1190.956 0.7538775171087717 0.0
35.0 3.0 Car -1.0 -1.0 -1.0 -1.0 -1.0 -1.0 -1.0 1.933 1.86 4.484 1401.562 1.703 1172.412 0.8935038572683184 0.0
36.0 5.0 Truck -1.0 -1.0 -1.0 -1.0 -1.0 -1.0 -1.0 2.158 2.0 5.114 1441.113 0.674 1219.501 0.8296275058264773 0.0
36.0 11.0 Bus -1.0 -1.0 -1.0 -1.0 -1.0 -1.0 -1.0 2.938 3.913 13.559 1427.691 1.543 1203.346 0.841005702844868 0.0
36.0 0.0 Truck -1.0 -1.0 -1.0 -1.0 -1.0 -1.0 -1.0 2.73 4.199 7.599 1408.495 2.503 1170.692 0.8585972722284317 0.0
36.0 7.0 Car -1.0 -1.0 -1.0 -1.0 -1.0 -1.0 -1.0 1.78 1.622 4.314 1427.368 0.535 1194.397 0.7364242245888285 0.0
36.0 3.0 Car -1.0 -1.0 -1.0 -1.0 -1.0 -1.0 -1.0 1.933 1.86 4.484 1405.145 1.517 1176.78 0.8935038572683184 0.0
37.0 5.0 Truck -1.0 -1.0 -1.0 -1.0 -1.0 -1.0 -1.0 2.158 2.0 5.114 1442.18 0.759 1220.747 0.8381372652088451 0.0
37.0 11.0 Bus -1.0 -1.0 -1.0 -1.0 -1.0 -1.0 -1.0 2.938 3.913 13.559 1428.977 1.568 1204.789 0.845260582536052 0.0
37.0 0.0 Truck -1.0 -1.0 -1.0 -1.0 -1.0 -1.0 -1.0 2.73 4.199 7.599 1410.811 2.596 1173.315 0.8585972722284317 0.0
37.0 7.0 Car -1.0 -1.0 -1.0 -1.0 -1.0 -1.0 -1.0 1.78 1.622 4.314 1430.633 0.604 1197.502 0.7701965653672843 0.0
37.0 3.0 Car -1.0 -1.0 -1.0 -1.0 -1.0 -1.0 -1.0 1.933 1.86 4.484 1408.403 1.38 1180.736 0.8760505647483751 0.0
38.0 5.0 Truck -1.0 -1.0 -1.0 -1.0 -1.0 -1.0 -1.0 2.158 2.0 5.114 1443.301 0.853 1222.117 0.8475043404241273 0.0
38.0 11.0 Bus -1.0 -1.0 -1.0 -1.0 -1.0 -1.0 -1.0 2.938 3.913 13.559 1430.394 1.568 1206.377 0.8499441201436931 0.0
38.0 0.0 Truck -1.0 -1.0 -1.0 -1.0 -1.0 -1.0 -1.0 2.73 4.199 7.599 1413.321 2.533 1176.157 0.8585972722284317 0.0
38.0 7.0 Car -1.0 -1.0 -1.0 -1.0 -1.0 -1.0 -1.0 1.78 1.622 4.314 1433.581 0.575 1200.443 0.8073713011093325 0.0
38.0 3.0 Car -1.0 -1.0 -1.0 -1.0 -1.0 -1.0 -1.0 1.933 1.86 4.484 1411.691 1.23 1184.73 0.8760505647483751 0.0
