0.0 0.0 Car -1.0 -1.0 -1.0 -1.0 -1.0 -1.0 -1.0 1.84 1.527 4.865 1922.471 0.868 869.398 0.015201817783173421 0.0
1.0 0.0 Car -1.0 -1.0 -1.0 -1.0 -1.0 -1.0 -1.0 1.84 1.527 4.865 1927.358 0.868 869.472 0.015201817783173421 1.0
2.0 0.0 Car -1.0 -1.0 -1.0 -1.0 -1.0 -1.0 -1.0 1.84 1.527 4.865 1931.972 0.868 869.542 0.015201817783173421 1.0
3.0 0.0 Car -1.0 -1.0 -1.0 -1.0 -1.0 -1.0 -1.0 1.84 1.527 4.865 1936.289 0.884 869.63 0.015201817783173421 1.0
4.0 0.0 Car -1.0 -1.0 -1.0 -1.0 -1.0 -1.0 -1.0 1.84 1.527 4.865 1940.606 0.901 869.718 0.015201817783173421 1.0
5.0 0.0 Car -1.0 -1.0 -1.0 -1.0 -1.0 -1.0 -1.0 1.84 1.527 4.865 1944.924 0.918 869.806 0.015201817783173421 1.0
6.0 0.0 Car -1.0 -1.0 -1.0 -1.0 -1.0 -1.0 -1.0 1.84 1.527 4.865 1948.974 1.043 869.851 0.015201817783173421 1.0
7.0 0.0 Car -1.0 -1.0 -1.0 -1.0 -1.0 -1.0 -1.0 1.84 1.527 4.865 1952.622 1.118 869.923 0.015201817783173421 1.0
8.0 0.0 Car -1.0 -1.0 -1.0 -1.0 -1.0 -1.0 -1.0 1.84 1.527 4.865 1955.537 1.143 870.018 0.015201817783173421 1.0
9.0 0.0 Car -1.0 -1.0 -1.0 -1.0 -1.0 -1.0 -1.0 1.84 1.527 4.865 1957.613 1.268 870.033 0.015201817783173421 1.0
10.0 0.0 Car -1.0 -1.0 -1.0 -1.0 -1.0 -1.0 -1.0 1.84 1.527 4.865 1959.059 1.287 870.05 0.005505537702376273 0.0
11.0 0.0 Car -1.0 -1.0 -1.0 -1.0 -1.0 -1.0 -1.0 1.84 1.527 4.865 1960.215 1.303 870.063 -0.0022514747367698984 0.0
12.0 0.0 Car -1.0 -1.0 -1.0 -1.0 -1.0 -1.0 -1.0 1.84 1.527 4.865 1960.825 1.32 870.061 0.0064750668942645815 0.0
13.0 0.0 Car -1.0 -1.0 -1.0 -1.0 -1.0 -1.0 -1.0 1.84 1.527 4.865 1961.434 1.336 870.059 0.015201817783173421 0.0
14.0 0.0 Car -1.0 -1.0 -1.0 -1.0 -1.0 -1.0 -1.0 1.84 1.527 4.865 1961.958 1.278 870.073 0.015201817783173421 0.0
15.0 0.0 Car -1.0 -1.0 -1.0 -1.0 -1.0 -1.0 -1.0 1.84 1.527 4.865 1962.042 1.273 870.051 0.0035755855718864193 0.0
16.0 0.0 Car -1.0 -1.0 -1.0 -1.0 -1.0 -1.0 -1.0 1.84 1.527 4.865 1962.127 1.268 870.03 -0.008077023163531427 0.0
17.0 0.0 Car -1.0 -1.0 -1.0 -1.0 -1.0 -1.0 -1.0 1.84 1.527 4.865 1962.211 1.139 870.009 -0.019704767256713218 0.0
18.0 0.0 Car -1.0 -1.0 -1.0 -1.0 -1.0 -1.0 -1.0 1.84 1.527 4.865 1962.269 1.121 870.006 -0.019704767256713218 0.0
19.0 0.0 Car -1.0 -1.0 -1.0 -1.0 -1.0 -1.0 -1.0 1.84 1.527 4.865 1962.38 1.114 870.002 -0.019704767256713218 0.0
20.0 0.0 Car -1.0 -1.0 -1.0 -1.0 -1.0 -1.0 -1.0 1.84 1.527 4.865 1962.49 1.107 869.998 -0.019704767256713218 0.0
21.0 0.0 Car -1.0 -1.0 -1.0 -1.0 -1.0 -1.0 -1.0 1.84 1.527 4.865 1962.601 1.1 869.994 -0.019704767256713218 0.0
