0.0 0.0 Car -1.0 -1.0 -1.0 -1.0 -1.0 -1.0 -1.0 1.731 1.579 4.236 1097.083 0.955 1701.567 -0.5934119456780707 0.0
1.0 0.0 Car -1.0 -1.0 -1.0 -1.0 -1.0 -1.0 -1.0 1.731 1.579 4.236 1100.829 0.952 1699.084 -0.5890487862120635 1.0
2.0 0.0 Car -1.0 -1.0 -1.0 -1.0 -1.0 -1.0 -1.0 1.731 1.579 4.236 1104.575 0.948 1696.602 -0.5846854958148734 1.0
3.0 0.0 Car -1.0 -1.0 -1.0 -1.0 -1.0 -1.0 -1.0 1.731 1.579 4.236 1108.317 0.945 1694.123 -0.5803266308916636 1.0
4.0 0.0 Car -1.0 -1.0 -1.0 -1.0 -1.0 -1.0 -1.0 1.731 1.579 4.236 1112.067 0.942 1691.638 -0.5759586531581276 1.0
5.0 0.0 Car -1.0 -1.0 -1.0 -1.0 -1.0 -1.0 -1.0 1.731 1.579 4.236 1115.695 0.913 1689.164 -0.5832304292050496 1.0
6.0 0.0 Car -1.0 -1.0 -1.0 -1.0 -1.0 -1.0 -1.0 1.731 1.579 4.236 1119.437 0.984 1686.755 -0.5905034854865501 1.0
7.0 0.0 Car -1.0 -1.0 -1.0 -1.0 -1.0 -1.0 -1.0 1.731 1.579 4.236 1123.086 1.005 1684.338 -0.5977752033409915 1.0
8.0 0.0 Car -1.0 -1.0 -1.0 -1.0 -1.0 -1.0 -1.0 1.731 1.579 4.236 1126.645 1.124 1682.03 -0.5882062244445798 1.0
9.0 0.0 Car -1.0 -1.0 -1.0 -1.0 -1.0 -1.0 -1.0 1.731 1.579 4.236 1130.283 1.142 1679.67 -0.5786263338787818 1.0
10.0 0.0 Car -1.0 -1.0 -1.0 -1.0 -1.0 -1.0 -1.0 1.731 1.579 4.236 1133.19 1.107 1677.784 -0.5709730421176791 1.0
11.0 0.0 Car -1.0 -1.0 -1.0 -1.0 -1.0 -1.0 -1.0 1.731 1.579 4.236 1136.947 1.077 1675.422 -0.5647391889073572 1.0
12.0 0.0 Car -1.0 -1.0 -1.0 -1.0 -1.0 -1.0 -1.0 1.731 1.579 4.236 1140.83 1.047 1673.016 -0.5585053606381845 1.0
13.0 0.0 Car -1.0 -1.0 -1.0 -1.0 -1.0 -1.0 -1.0 1.731 1.579 4.236 1144.633 1.085 1670.625 -0.5759586531581276 1.0
14.0 0.0 Car -1.0 -1.0 -1.0 -1.0 -1.0 -1.0 -1.0 1.731 1.579 4.236 1148.441 1.073 1668.186 -0.5759586531581276 1.0
15.0 0.0 Car -1.0 -1.0 -1.0 -1.0 -1.0 -1.0 -1.0 1.731 1.579 4.236 1152.14 1.097 1665.8 -0.55995912520329 1.0
16.0 0.0 Car -1.0 -1.0 -1.0 -1.0 -1.0 -1.0 -1.0 1.731 1.579 4.236 1155.909 1.121 1663.406 -0.5614144892997026 1.0
17.0 1.0 Car -1.0 -1.0 -1.0 -1.0 -1.0 -1.0 -1.0 1.851 1.517 4.318 1148.557 1.194 1668.098 -0.5682093912034176 0.0
17.0 0.0 Car -1.0 -1.0 -1.0 -1.0 -1.0 -1.0 -1.0 1.731 1.579 4.236 1159.68 1.145 1661.114 -0.5367015026874764 1.0
18.0 1.0 Car -1.0 -1.0 -1.0 -1.0 -1.0 -1.0 -1.0 1.851 1.517 4.318 1152.189 1.244 1665.904 -0.5333028061635315 1.0
18.0 0.0 Car -1.0 -1.0 -1.0 -1.0 -1.0 -1.0 -1.0 1.731 1.579 4.236 1163.524 1.17 1658.96 -0.5061623362742288 1.0
19.0 1.0 Car -1.0 -1.0 -1.0 -1.0 -1.0 -1.0 -1.0 1.851 1.517 4.318 1155.995 1.294 1663.641 -0.5333028061635315 1.0
19.0 0.0 Car -1.0 -1.0 -1.0 -1.0 -1.0 -1.0 -1.0 1.731 1.579 4.236 1167.39 1.194 1656.885 -0.4712388980384689 1.0
20.0 1.0 Car -1.0 -1.0 -1.0 -1.0 -1.0 -1.0 -1.0 1.851 1.517 4.318 1160.06 1.344 1661.302 -0.5158495136435882 1.0
20.0 0.0 Car -1.0 -1.0 -1.0 -1.0 -1.0 -1.0 -1.0 1.731 1.579 4.236 1171.432 1.206 1654.964 -0.41280599742006424 1.0
21.0 1.0 Car -1.0 -1.0 -1.0 -1.0 -1.0 -1.0 -1.0 1.851 1.517 4.318 1163.499 1.389 1659.416 -0.49839622112364523 1.0
21.0 0.0 Car -1.0 -1.0 -1.0 -1.0 -1.0 -1.0 -1.0 1.731 1.579 4.236 1175.128 1.217 1653.438 -0.3933565972807113 1.0
22.0 1.0 Car -1.0 -1.0 -1.0 -1.0 -1.0 -1.0 -1.0 1.851 1.517 4.318 1167.539 1.389 1657.305 -0.4646090340017208 1.0
22.0 0.0 Car -1.0 -1.0 -1.0 -1.0 -1.0 -1.0 -1.0 1.731 1.579 4.236 1179.435 1.178 1651.744 -0.36422820621154295 1.0
23.0 1.0 Car -1.0 -1.0 -1.0 -1.0 -1.0 -1.0 -1.0 1.851 1.517 4.318 1171.648 1.389 1655.332 -0.43082231949396815 1.0
23.0 0.0 Car -1.0 -1.0 -1.0 -1.0 -1.0 -1.0 -1.0 1.731 1.579 4.236 1183.789 1.138 1650.177 -0.3351002225894448 1.0
24.0 1.0 Car -1.0 -1.0 -1.0 -1.0 -1.0 -1.0 -1.0 1.851 1.517 4.318 1176.24 1.544 1653.325 -0.3936764660039859 1.0
24.0 0.0 Car -1.0 -1.0 -1.0 -1.0 -1.0 -1.0 -1.0 1.731 1.579 4.236 1188.83 1.315 1648.528 -0.2967059728390365 1.0
25.0 1.0 Car -1.0 -1.0 -1.0 -1.0 -1.0 -1.0 -1.0 1.851 1.517 4.318 1181.02 1.594 1651.447 -0.35876988096409934 1.0
25.0 0.0 Car -1.0 -1.0 -1.0 -1.0 -1.0 -1.0 -1.0 1.731 1.579 4.236 1193.743 1.316 1647.054 -0.26617372589050636 1.0
26.0 1.0 Car -1.0 -1.0 -1.0 -1.0 -1.0 -1.0 -1.0 1.851 1.517 4.318 1185.282 1.539 1649.94 -0.3256915718076052 1.0
26.0 0.0 Car -1.0 -1.0 -1.0 -1.0 -1.0 -1.0 -1.0 1.731 1.579 4.236 1198.325 1.368 1645.793 -0.256104553423228 1.0
27.0 1.0 Car -1.0 -1.0 -1.0 -1.0 -1.0 -1.0 -1.0 1.851 1.517 4.318 1190.071 1.478 1648.432 -0.28895671088432606 1.0
27.0 0.0 Car -1.0 -1.0 -1.0 -1.0 -1.0 -1.0 -1.0 1.731 1.579 4.236 1203.614 1.319 1644.567 -0.20808639984015767 1.0
28.0 1.0 Car -1.0 -1.0 -1.0 -1.0 -1.0 -1.0 -1.0 1.851 1.517 4.318 1195.487 1.561 1646.86 -0.2540501258444394 0.0
28.0 0.0 Car -1.0 -1.0 -1.0 -1.0 -1.0 -1.0 -1.0 1.731 1.579 4.236 1209.771 1.183 1643.32 -0.17451719250148834 0.0
29.0 1.0 Car -1.0 -1.0 -1.0 -1.0 -1.0 -1.0 -1.0 1.851 1.517 4.318 1201.121 1.486 1645.455 -0.22784098283656504 0.0
29.0 0.0 Car -1.0 -1.0 -1.0 -1.0 -1.0 -1.0 -1.0 1.731 1.579 4.236 1215.67 1.15 1642.325 -0.15967149964025953 0.0
30.0 1.0 Car -1.0 -1.0 -1.0 -1.0 -1.0 -1.0 -1.0 1.851 1.517 4.318 1206.499 1.512 1644.321 -0.18423695576466612 0.0
30.0 0.0 Car -1.0 -1.0 -1.0 -1.0 -1.0 -1.0 -1.0 1.731 1.579 4.236 1221.631 1.117 1641.437 -0.14485889118765868 0.0
31.0 1.0 Car -1.0 -1.0 -1.0 -1.0 -1.0 -1.0 -1.0 1.851 1.517 4.318 1211.915 1.387 1643.461 -0.16678366324472282 0.0
31.0 0.0 Car -1.0 -1.0 -1.0 -1.0 -1.0 -1.0 -1.0 1.731 1.579 4.236 1227.512 1.085 1640.673 -0.13264973184590123 0.0
32.0 1.0 Car -1.0 -1.0 -1.0 -1.0 -1.0 -1.0 -1.0 1.851 1.517 4.318 1217.718 1.302 1642.564 -0.14544839663072118 0.0
32.0 0.0 Car -1.0 -1.0 -1.0 -1.0 -1.0 -1.0 -1.0 1.731 1.579 4.236 1233.488 1.069 1639.916 -0.11170012899153225 0.0
33.0 1.0 Car -1.0 -1.0 -1.0 -1.0 -1.0 -1.0 -1.0 1.851 1.517 4.318 1223.533 1.217 1641.853 -0.12416126076844236 0.0
33.0 0.0 Car -1.0 -1.0 -1.0 -1.0 -1.0 -1.0 -1.0 1.731 1.579 4.236 1239.319 1.053 1639.29 -0.1082117060694223 0.0
34.0 1.0 Car -1.0 -1.0 -1.0 -1.0 -1.0 -1.0 -1.0 1.851 1.517 4.318 1229.354 1.132 1641.143 -0.10285259609339124 0.0
34.0 0.0 Car -1.0 -1.0 -1.0 -1.0 -1.0 -1.0 -1.0 1.731 1.579 4.236 1245.006 1.112 1638.767 -0.10471975511965992 0.0
35.0 1.0 Car -1.0 -1.0 -1.0 -1.0 -1.0 -1.0 -1.0 1.851 1.517 4.318 1235.2 1.11 1640.57 -0.10481765613819659 0.0
35.0 0.0 Car -1.0 -1.0 -1.0 -1.0 -1.0 -1.0 -1.0 1.731 1.579 4.236 1250.669 1.026 1638.334 -0.08726646259971661 0.0
36.0 1.0 Car -1.0 -1.0 -1.0 -1.0 -1.0 -1.0 -1.0 1.851 1.517 4.318 1241.034 1.088 1639.998 -0.10677844863648113 0.0
36.0 0.0 Car -1.0 -1.0 -1.0 -1.0 -1.0 -1.0 -1.0 1.731 1.579 4.236 1256.191 1.002 1637.861 -0.10471975511965992 0.0
37.0 1.0 Car -1.0 -1.0 -1.0 -1.0 -1.0 -1.0 -1.0 1.851 1.517 4.318 1246.861 1.066 1639.428 -0.10873691516501681 0.0
37.0 0.0 Car -1.0 -1.0 -1.0 -1.0 -1.0 -1.0 -1.0 1.731 1.579 4.236 1261.698 1.027 1637.372 -0.10471975511965992 0.0
38.0 1.0 Car -1.0 -1.0 -1.0 -1.0 -1.0 -1.0 -1.0 1.851 1.517 4.318 1252.113 1.047 1638.913 -0.11050237327292556 0.0
38.0 0.0 Car -1.0 -1.0 -1.0 -1.0 -1.0 -1.0 -1.0 1.731 1.579 4.236 1266.657 1.003 1636.725 -0.13962634015954656 0.0
39.0 1.0 Car -1.0 -1.0 -1.0 -1.0 -1.0 -1.0 -1.0 1.851 1.517 4.318 1257.94 1.062 1638.273 -0.12119036713781295 0.0
39.0 0.0 Car -1.0 -1.0 -1.0 -1.0 -1.0 -1.0 -1.0 1.731 1.579 4.236 1272.103 1.018 1635.859 -0.19198621771937652 0.0
