0.0 0.0 Truck -1.0 -1.0 -1.0 -1.0 -1.0 -1.0 -1.0 2.723 3.786 7.806 1196.344 2.155 1685.167 -2.071269489773551 0.0
0.0 2.0 Car -1.0 -1.0 -1.0 -1.0 -1.0 -1.0 -1.0 1.828 1.48 4.505 1159.316 1.0 1689.989 2.6064921582197913 0.0
1.0 0.0 Truck -1.0 -1.0 -1.0 -1.0 -1.0 -1.0 -1.0 2.723 3.786 7.806 1196.305 2.143 1685.113 -2.071269489773551 0.0
1.0 2.0 Car -1.0 -1.0 -1.0 -1.0 -1.0 -1.0 -1.0 1.828 1.48 4.505 1158.224 1.0 1690.605 2.614939270267269 1.0
2.0 0.0 Truck -1.0 -1.0 -1.0 -1.0 -1.0 -1.0 -1.0 2.723 3.786 7.806 1196.27 2.133 1685.063 -2.071269489773551 0.0
2.0 2.0 Car -1.0 -1.0 -1.0 -1.0 -1.0 -1.0 -1.0 1.828 1.48 4.505 1157.232 1.0 1691.165 2.6226219768678076 1.0
3.0 4.0 Truck -1.0 -1.0 -1.0 -1.0 -1.0 -1.0 -1.0 2.137 2.0 5.155 1158.98 1.262 1611.832 -2.046533057315562 0.0
3.0 0.0 Truck -1.0 -1.0 -1.0 -1.0 -1.0 -1.0 -1.0 2.723 3.786 7.806 1196.239 2.124 1685.019 -2.071269489773551 1.0
3.0 2.0 Car -1.0 -1.0 -1.0 -1.0 -1.0 -1.0 -1.0 1.828 1.48 4.505 1156.338 1.0 1691.669 2.6295395095893763 1.0
3.0 5.0 Car -1.0 -1.0 -1.0 -1.0 -1.0 -1.0 -1.0 1.808 1.6 4.211 1180.72 0.939 1647.408 1.3888981122898563 0.0
4.0 4.0 Truck -1.0 -1.0 -1.0 -1.0 -1.0 -1.0 -1.0 2.137 2.0 5.155 1158.979 1.265 1611.824 -2.047770561853632 0.0
4.0 0.0 Truck -1.0 -1.0 -1.0 -1.0 -1.0 -1.0 -1.0 2.723 3.786 7.806 1196.204 2.113 1684.969 -2.071269489773551 1.0
4.0 2.0 Car -1.0 -1.0 -1.0 -1.0 -1.0 -1.0 -1.0 1.828 1.48 4.505 1155.934 0.994 1691.886 2.631474924515685 0.0
4.0 5.0 Car -1.0 -1.0 -1.0 -1.0 -1.0 -1.0 -1.0 1.808 1.6 4.211 1180.721 0.939 1647.414 1.3888981122898563 0.0
5.0 4.0 Truck -1.0 -1.0 -1.0 -1.0 -1.0 -1.0 -1.0 2.137 2.0 5.155 1158.977 1.269 1611.815 -2.0491311858256087 0.0
5.0 0.0 Truck -1.0 -1.0 -1.0 -1.0 -1.0 -1.0 -1.0 2.723 3.786 7.806 1196.165 2.102 1684.915 -2.071269489773551 1.0
5.0 2.0 Car -1.0 -1.0 -1.0 -1.0 -1.0 -1.0 -1.0 1.828 1.48 4.505 1155.491 0.988 1692.125 2.6336028940410046 0.0
5.0 5.0 Car -1.0 -1.0 -1.0 -1.0 -1.0 -1.0 -1.0 1.808 1.6 4.211 1180.722 0.938 1647.42 1.3888981122898563 0.0
5.0 6.0 Truck -1.0 -1.0 -1.0 -1.0 -1.0 -1.0 -1.0 3.044 3.622 8.888 1151.907 2.298 1605.499 -2.0602739154391707 0.0
6.0 4.0 Truck -1.0 -1.0 -1.0 -1.0 -1.0 -1.0 -1.0 2.137 2.0 5.155 1158.976 1.273 1611.807 -2.0503700271653504 1.0
6.0 0.0 Truck -1.0 -1.0 -1.0 -1.0 -1.0 -1.0 -1.0 2.723 3.786 7.806 1196.15 2.092 1684.879 -2.071269489773551 1.0
6.0 2.0 Car -1.0 -1.0 -1.0 -1.0 -1.0 -1.0 -1.0 1.828 1.48 4.505 1155.087 0.982 1692.343 2.635540399679572 0.0
6.0 5.0 Car -1.0 -1.0 -1.0 -1.0 -1.0 -1.0 -1.0 1.808 1.6 4.211 1180.723 0.938 1647.426 1.3888981122898563 1.0
6.0 6.0 Truck -1.0 -1.0 -1.0 -1.0 -1.0 -1.0 -1.0 3.044 3.622 8.888 1151.906 2.305 1605.498 -2.0602739154391707 0.0
7.0 4.0 Truck -1.0 -1.0 -1.0 -1.0 -1.0 -1.0 -1.0 2.137 2.0 5.155 1158.974 1.276 1611.799 -2.0516074722900126 1.0
7.0 0.0 Truck -1.0 -1.0 -1.0 -1.0 -1.0 -1.0 -1.0 2.723 3.786 7.806 1196.134 2.081 1684.843 -2.071269489773551 1.0
7.0 2.0 Car -1.0 -1.0 -1.0 -1.0 -1.0 -1.0 -1.0 1.828 1.48 4.505 1154.684 0.977 1692.56 2.6374757216853353 0.0
7.0 5.0 Car -1.0 -1.0 -1.0 -1.0 -1.0 -1.0 -1.0 1.808 1.6 4.211 1180.724 0.938 1647.432 1.3888981122898563 1.0
7.0 6.0 Truck -1.0 -1.0 -1.0 -1.0 -1.0 -1.0 -1.0 3.044 3.622 8.888 1151.906 2.312 1605.497 -2.0602739154391707 0.0
8.0 4.0 Truck -1.0 -1.0 -1.0 -1.0 -1.0 -1.0 -1.0 2.137 2.0 5.155 1158.973 1.28 1611.791 -2.0528449793036416 1.0
8.0 0.0 Truck -1.0 -1.0 -1.0 -1.0 -1.0 -1.0 -1.0 2.723 3.786 7.806 1196.119 2.071 1684.807 -2.071269489773551 1.0
8.0 2.0 Car -1.0 -1.0 -1.0 -1.0 -1.0 -1.0 -1.0 1.828 1.48 4.505 1154.281 0.971 1692.777 2.6394111404833334 0.0
8.0 5.0 Car -1.0 -1.0 -1.0 -1.0 -1.0 -1.0 -1.0 1.808 1.6 4.211 1180.726 0.938 1647.437 1.3888981122898563 1.0
8.0 6.0 Truck -1.0 -1.0 -1.0 -1.0 -1.0 -1.0 -1.0 3.044 3.622 8.888 1151.905 2.319 1605.496 -2.0602739154391707 1.0
9.0 4.0 Truck -1.0 -1.0 -1.0 -1.0 -1.0 -1.0 -1.0 2.137 2.0 5.155 1158.972 1.284 1611.783 -2.0540838528256455 1.0
9.0 0.0 Truck -1.0 -1.0 -1.0 -1.0 -1.0 -1.0 -1.0 2.723 3.786 7.806 1196.103 2.061 1684.771 -2.071269489773551 1.0
9.0 2.0 Car -1.0 -1.0 -1.0 -1.0 -1.0 -1.0 -1.0 1.828 1.48 4.505 1153.877 0.966 1692.994 2.641348696453862 0.0
9.0 5.0 Car -1.0 -1.0 -1.0 -1.0 -1.0 -1.0 -1.0 1.808 1.6 4.211 1180.727 0.937 1647.443 1.3888981122898563 1.0
9.0 6.0 Truck -1.0 -1.0 -1.0 -1.0 -1.0 -1.0 -1.0 3.044 3.622 8.888 1151.904 2.326 1605.494 -2.0602739154391707 1.0
10.0 4.0 Truck -1.0 -1.0 -1.0 -1.0 -1.0 -1.0 -1.0 2.137 2.0 5.155 1158.97 1.287 1611.775 -2.055321302901425 1.0
10.0 0.0 Truck -1.0 -1.0 -1.0 -1.0 -1.0 -1.0 -1.0 2.723 3.786 7.806 1196.088 2.05 1684.735 -2.071269489773551 1.0
10.0 2.0 Car -1.0 -1.0 -1.0 -1.0 -1.0 -1.0 -1.0 1.828 1.48 4.505 1153.474 0.96 1693.212 2.6432840262030046 0.0
10.0 5.0 Car -1.0 -1.0 -1.0 -1.0 -1.0 -1.0 -1.0 1.808 1.6 4.211 1180.714 0.937 1647.376 1.3888981122898563 1.0
10.0 6.0 Truck -1.0 -1.0 -1.0 -1.0 -1.0 -1.0 -1.0 3.044 3.622 8.888 1151.904 2.333 1605.493 -2.0602739154391707 1.0
11.0 4.0 Truck -1.0 -1.0 -1.0 -1.0 -1.0 -1.0 -1.0 2.137 2.0 5.155 1158.969 1.291 1611.767 -2.0565601566189593 1.0
11.0 0.0 Truck -1.0 -1.0 -1.0 -1.0 -1.0 -1.0 -1.0 2.723 3.786 7.806 1195.795 2.09 1684.216 -2.071269489773551 1.0
11.0 2.0 Car -1.0 -1.0 -1.0 -1.0 -1.0 -1.0 -1.0 1.828 1.48 4.505 1153.07 0.954 1693.429 2.6452215512000183 0.0
11.0 5.0 Car -1.0 -1.0 -1.0 -1.0 -1.0 -1.0 -1.0 1.808 1.6 4.211 1180.702 0.937 1647.309 1.3888981122898563 1.0
11.0 6.0 Truck -1.0 -1.0 -1.0 -1.0 -1.0 -1.0 -1.0 3.044 3.622 8.888 1151.903 2.34 1605.492 -2.0602739154391707 1.0
12.0 4.0 Truck -1.0 -1.0 -1.0 -1.0 -1.0 -1.0 -1.0 2.137 2.0 5.155 1158.967 1.294 1611.759 -2.057799000434259 1.0
12.0 0.0 Truck -1.0 -1.0 -1.0 -1.0 -1.0 -1.0 -1.0 2.723 3.786 7.806 1195.503 2.129 1683.696 -2.071269489773551 1.0
12.0 2.0 Car -1.0 -1.0 -1.0 -1.0 -1.0 -1.0 -1.0 1.828 1.48 4.505 1152.667 0.949 1693.647 2.647159060710275 0.0
12.0 5.0 Car -1.0 -1.0 -1.0 -1.0 -1.0 -1.0 -1.0 1.808 1.6 4.211 1180.69 0.937 1647.242 1.3888981122898563 1.0
12.0 6.0 Truck -1.0 -1.0 -1.0 -1.0 -1.0 -1.0 -1.0 3.044 3.622 8.888 1151.902 2.347 1605.491 -2.0602739154391707 1.0
13.0 4.0 Truck -1.0 -1.0 -1.0 -1.0 -1.0 -1.0 -1.0 2.137 2.0 5.155 1158.966 1.298 1611.751 -2.059036435656687 1.0
13.0 0.0 Truck -1.0 -1.0 -1.0 -1.0 -1.0 -1.0 -1.0 2.723 3.786 7.806 1195.211 2.169 1683.177 -2.071269489773551 1.0
13.0 2.0 Car -1.0 -1.0 -1.0 -1.0 -1.0 -1.0 -1.0 1.828 1.48 4.505 1152.264 0.943 1693.864 2.6490943672292815 0.0
13.0 5.0 Car -1.0 -1.0 -1.0 -1.0 -1.0 -1.0 -1.0 1.808 1.6 4.211 1180.685 0.927 1647.283 1.3470114001554128 1.0
13.0 6.0 Truck -1.0 -1.0 -1.0 -1.0 -1.0 -1.0 -1.0 3.044 3.622 8.888 1151.902 2.354 1605.49 -2.0602739154391707 1.0
14.0 4.0 Truck -1.0 -1.0 -1.0 -1.0 -1.0 -1.0 -1.0 2.137 2.0 5.155 1158.965 1.301 1611.742 -2.0602739154391707 1.0
14.0 0.0 Truck -1.0 -1.0 -1.0 -1.0 -1.0 -1.0 -1.0 2.723 3.786 7.806 1194.919 2.208 1682.658 -2.071269489773551 1.0
14.0 2.0 Car -1.0 -1.0 -1.0 -1.0 -1.0 -1.0 -1.0 1.828 1.48 4.505 1152.528 0.938 1693.723 2.6510297434386962 0.0
14.0 5.0 Car -1.0 -1.0 -1.0 -1.0 -1.0 -1.0 -1.0 1.808 1.6 4.211 1180.814 0.917 1647.852 1.3051231796800138 1.0
14.0 6.0 Truck -1.0 -1.0 -1.0 -1.0 -1.0 -1.0 -1.0 3.044 3.622 8.888 1151.901 2.361 1605.488 -2.0602739154391707 1.0
15.0 4.0 Truck -1.0 -1.0 -1.0 -1.0 -1.0 -1.0 -1.0 2.137 2.0 5.155 1158.574 1.316 1610.986 -2.0550327224242646 1.0
15.0 0.0 Truck -1.0 -1.0 -1.0 -1.0 -1.0 -1.0 -1.0 2.723 3.786 7.806 1194.626 2.248 1682.139 -2.071269489773551 1.0
15.0 2.0 Car -1.0 -1.0 -1.0 -1.0 -1.0 -1.0 -1.0 1.828 1.48 4.505 1152.792 0.932 1693.582 2.6529672568206424 0.0
15.0 5.0 Car -1.0 -1.0 -1.0 -1.0 -1.0 -1.0 -1.0 1.808 1.6 4.211 1181.038 0.907 1648.627 1.2631887034153089 0.0
15.0 6.0 Truck -1.0 -1.0 -1.0 -1.0 -1.0 -1.0 -1.0 3.044 3.622 8.888 1151.9 2.368 1605.487 -2.0602739154391707 1.0
16.0 4.0 Truck -1.0 -1.0 -1.0 -1.0 -1.0 -1.0 -1.0 2.137 2.0 5.155 1158.186 1.331 1610.229 -2.0497974154365513 1.0
16.0 0.0 Truck -1.0 -1.0 -1.0 -1.0 -1.0 -1.0 -1.0 2.723 3.786 7.806 1194.074 2.215 1681.115 -2.071269489773551 1.0
16.0 5.0 Car -1.0 -1.0 -1.0 -1.0 -1.0 -1.0 -1.0 1.808 1.6 4.211 1181.293 0.897 1649.391 1.2213013209071075 0.0
16.0 6.0 Truck -1.0 -1.0 -1.0 -1.0 -1.0 -1.0 -1.0 3.044 3.622 8.888 1151.9 2.375 1605.486 -2.0602739154391707 1.0
17.0 4.0 Truck -1.0 -1.0 -1.0 -1.0 -1.0 -1.0 -1.0 2.137 2.0 5.155 1157.799 1.346 1609.473 -2.044567690748649 1.0
17.0 0.0 Truck -1.0 -1.0 -1.0 -1.0 -1.0 -1.0 -1.0 2.723 3.786 7.806 1193.522 2.182 1680.093 -2.071269489773551 1.0
17.0 5.0 Car -1.0 -1.0 -1.0 -1.0 -1.0 -1.0 -1.0 1.808 1.6 4.211 1181.58 0.887 1650.142 1.1794586020505367 0.0
17.0 6.0 Truck -1.0 -1.0 -1.0 -1.0 -1.0 -1.0 -1.0 3.044 3.622 8.888 1151.74 2.425 1605.304 -2.0781146564814676 1.0
18.0 4.0 Truck -1.0 -1.0 -1.0 -1.0 -1.0 -1.0 -1.0 2.137 2.0 5.155 1157.412 1.361 1608.715 -2.039332498967874 1.0
18.0 0.0 Truck -1.0 -1.0 -1.0 -1.0 -1.0 -1.0 -1.0 2.723 3.786 7.806 1192.969 2.148 1679.069 -2.071269489773551 1.0
18.0 5.0 Car -1.0 -1.0 -1.0 -1.0 -1.0 -1.0 -1.0 1.808 1.6 4.211 1181.823 0.887 1650.709 1.1759688260125507 0.0
18.0 6.0 Truck -1.0 -1.0 -1.0 -1.0 -1.0 -1.0 -1.0 3.044 3.622 8.888 1151.443 2.475 1604.642 -2.0610674629853936 1.0
19.0 4.0 Truck -1.0 -1.0 -1.0 -1.0 -1.0 -1.0 -1.0 2.137 2.0 5.155 1157.026 1.376 1607.956 -2.034091023172302 1.0
19.0 0.0 Truck -1.0 -1.0 -1.0 -1.0 -1.0 -1.0 -1.0 2.723 3.786 7.806 1192.217 2.139 1677.688 -2.0683577936838358 1.0
19.0 5.0 Car -1.0 -1.0 -1.0 -1.0 -1.0 -1.0 -1.0 1.808 1.6 4.211 1182.043 0.887 1651.22 1.1724748610536657 0.0
19.0 6.0 Truck -1.0 -1.0 -1.0 -1.0 -1.0 -1.0 -1.0 3.044 3.622 8.888 1150.868 2.487 1603.674 -2.0731471294233277 1.0
20.0 4.0 Truck -1.0 -1.0 -1.0 -1.0 -1.0 -1.0 -1.0 2.137 2.0 5.155 1156.64 1.391 1607.198 -2.028855475297355 1.0
20.0 0.0 Truck -1.0 -1.0 -1.0 -1.0 -1.0 -1.0 -1.0 2.723 3.786 7.806 1191.465 2.129 1676.308 -2.065449390617685 1.0
20.0 5.0 Car -1.0 -1.0 -1.0 -1.0 -1.0 -1.0 -1.0 1.808 1.6 4.211 1182.118 0.887 1651.386 1.1689848476434954 0.0
20.0 6.0 Truck -1.0 -1.0 -1.0 -1.0 -1.0 -1.0 -1.0 3.044 3.622 8.888 1150.058 2.5 1602.278 -2.085213134192943 1.0
21.0 4.0 Truck -1.0 -1.0 -1.0 -1.0 -1.0 -1.0 -1.0 2.137 2.0 5.155 1156.255 1.406 1606.439 -2.0236205244038135 1.0
21.0 0.0 Truck -1.0 -1.0 -1.0 -1.0 -1.0 -1.0 -1.0 2.723 3.786 7.806 1190.714 2.119 1674.928 -2.0625413191811166 1.0
21.0 5.0 Car -1.0 -1.0 -1.0 -1.0 -1.0 -1.0 -1.0 1.808 1.6 4.211 1182.192 0.887 1651.553 1.1654952321808105 0.0
21.0 6.0 Truck -1.0 -1.0 -1.0 -1.0 -1.0 -1.0 -1.0 3.044 3.622 8.888 1149.295 2.442 1600.954 -2.129257315955178 1.0
22.0 4.0 Truck -1.0 -1.0 -1.0 -1.0 -1.0 -1.0 -1.0 2.137 2.0 5.155 1155.871 1.421 1605.681 -2.01838511268252 1.0
22.0 0.0 Truck -1.0 -1.0 -1.0 -1.0 -1.0 -1.0 -1.0 2.723 3.786 7.806 1189.962 2.11 1673.548 -2.0596329917497824 1.0
22.0 2.0 Car -1.0 -1.0 -1.0 -1.0 -1.0 -1.0 -1.0 1.828 1.48 4.505 1153.327 0.895 1693.297 2.66019511130148 0.0
22.0 5.0 Car -1.0 -1.0 -1.0 -1.0 -1.0 -1.0 -1.0 1.808 1.6 4.211 1182.267 0.887 1651.719 1.1620053095305931 0.0
22.0 6.0 Truck -1.0 -1.0 -1.0 -1.0 -1.0 -1.0 -1.0 3.044 3.622 8.888 1148.273 2.383 1599.358 -2.1733053748848725 1.0
23.0 3.0 Car -1.0 -1.0 -1.0 -1.0 -1.0 -1.0 -1.0 2.051 1.734 4.584 1204.362 0.924 1699.904 -2.0777272079591143 0.0
23.0 4.0 Truck -1.0 -1.0 -1.0 -1.0 -1.0 -1.0 -1.0 2.137 2.0 5.155 1155.486 1.436 1604.922 -2.0131496904878685 0.0
23.0 0.0 Truck -1.0 -1.0 -1.0 -1.0 -1.0 -1.0 -1.0 2.723 3.786 7.806 1189.067 2.096 1671.886 -2.058179191562615 1.0
23.0 2.0 Car -1.0 -1.0 -1.0 -1.0 -1.0 -1.0 -1.0 1.828 1.48 4.505 1153.328 0.889 1693.296 2.6608668196363565 0.0
23.0 1.0 Truck -1.0 -1.0 -1.0 -1.0 -1.0 -1.0 -1.0 2.123 1.892 5.007 1121.639 0.462 1683.957 2.28080843804363 0.0
23.0 5.0 Car -1.0 -1.0 -1.0 -1.0 -1.0 -1.0 -1.0 1.808 1.6 4.211 1182.267 0.897 1651.718 1.1620053095305931 0.0
23.0 6.0 Truck -1.0 -1.0 -1.0 -1.0 -1.0 -1.0 -1.0 3.044 3.622 8.888 1146.929 2.382 1597.952 -2.3251987659430604 1.0
24.0 3.0 Car -1.0 -1.0 -1.0 -1.0 -1.0 -1.0 -1.0 2.051 1.734 4.584 1203.383 0.924 1698.135 -2.0777272079591143 0.0
24.0 4.0 Truck -1.0 -1.0 -1.0 -1.0 -1.0 -1.0 -1.0 2.137 2.0 5.155 1155.101 1.451 1604.163 -2.0079140378793423 0.0
24.0 0.0 Truck -1.0 -1.0 -1.0 -1.0 -1.0 -1.0 -1.0 2.723 3.786 7.806 1188.173 2.083 1670.224 -2.056725327392883 1.0
24.0 2.0 Car -1.0 -1.0 -1.0 -1.0 -1.0 -1.0 -1.0 1.828 1.48 4.505 1153.33 0.884 1693.295 2.661538557533495 0.0
24.0 1.0 Truck -1.0 -1.0 -1.0 -1.0 -1.0 -1.0 -1.0 2.123 1.892 5.007 1120.932 0.489 1684.772 2.2838659936792394 0.0
24.0 5.0 Car -1.0 -1.0 -1.0 -1.0 -1.0 -1.0 -1.0 1.808 1.6 4.211 1182.267 0.907 1651.717 1.1620053095305931 0.0
24.0 6.0 Truck -1.0 -1.0 -1.0 -1.0 -1.0 -1.0 -1.0 3.044 3.622 8.888 1145.348 2.38 1596.747 -2.4596541687528277 1.0
25.0 3.0 Car -1.0 -1.0 -1.0 -1.0 -1.0 -1.0 -1.0 2.051 1.734 4.584 1202.403 0.924 1696.365 -2.0777272079591143 0.0
25.0 4.0 Truck -1.0 -1.0 -1.0 -1.0 -1.0 -1.0 -1.0 2.137 2.0 5.155 1153.871 1.451 1601.498 -1.990452387848182 0.0
25.0 0.0 Truck -1.0 -1.0 -1.0 -1.0 -1.0 -1.0 -1.0 2.723 3.786 7.806 1186.976 2.07 1667.989 -2.0552700265237585 1.0
25.0 2.0 Car -1.0 -1.0 -1.0 -1.0 -1.0 -1.0 -1.0 1.828 1.48 4.505 1153.331 0.879 1693.294 2.6622109592377816 1.0
25.0 1.0 Truck -1.0 -1.0 -1.0 -1.0 -1.0 -1.0 -1.0 2.123 1.892 5.007 1120.008 0.516 1686.138 2.121580092273972 0.0
25.0 5.0 Car -1.0 -1.0 -1.0 -1.0 -1.0 -1.0 -1.0 1.808 1.6 4.211 1182.267 0.917 1651.716 1.1620053095305931 0.0
25.0 6.0 Truck -1.0 -1.0 -1.0 -1.0 -1.0 -1.0 -1.0 3.044 3.622 8.888 1143.617 2.378 1595.764 -2.594242439542695 1.0
26.0 3.0 Car -1.0 -1.0 -1.0 -1.0 -1.0 -1.0 -1.0 2.051 1.734 4.584 1201.504 0.924 1694.739 -2.0719116154181076 1.0
26.0 4.0 Truck -1.0 -1.0 -1.0 -1.0 -1.0 -1.0 -1.0 2.137 2.0 5.155 1152.642 1.501 1598.601 -1.9643059970946148 0.0
26.0 0.0 Truck -1.0 -1.0 -1.0 -1.0 -1.0 -1.0 -1.0 2.723 3.786 7.806 1185.78 2.056 1665.758 -2.0538161972536066 1.0
26.0 2.0 Car -1.0 -1.0 -1.0 -1.0 -1.0 -1.0 -1.0 1.828 1.48 4.505 1153.333 0.874 1693.294 2.66288268101005 1.0
26.0 1.0 Truck -1.0 -1.0 -1.0 -1.0 -1.0 -1.0 -1.0 2.123 1.892 5.007 1119.363 0.543 1687.542 1.9594582942310632 1.0
26.0 5.0 Car -1.0 -1.0 -1.0 -1.0 -1.0 -1.0 -1.0 1.808 1.6 4.211 1182.266 0.927 1651.714 1.1620053095305931 0.0
26.0 6.0 Truck -1.0 -1.0 -1.0 -1.0 -1.0 -1.0 -1.0 3.044 3.622 8.888 1141.732 2.377 1595.035 -2.7635923537484883 1.0
27.0 3.0 Car -1.0 -1.0 -1.0 -1.0 -1.0 -1.0 -1.0 2.051 1.734 4.584 1200.604 0.924 1693.114 -2.0660961508482902 0.0
27.0 4.0 Truck -1.0 -1.0 -1.0 -1.0 -1.0 -1.0 -1.0 2.137 2.0 5.155 1151.405 1.551 1595.478 -1.9119857041471156 0.0
27.0 0.0 Truck -1.0 -1.0 -1.0 -1.0 -1.0 -1.0 -1.0 2.723 3.786 7.806 1184.371 1.991 1663.056 -2.048002681850417 0.0
27.0 2.0 Car -1.0 -1.0 -1.0 -1.0 -1.0 -1.0 -1.0 1.828 1.48 4.505 1153.334 0.868 1693.293 2.6635543880011876 0.0
27.0 1.0 Truck -1.0 -1.0 -1.0 -1.0 -1.0 -1.0 -1.0 2.123 1.892 5.007 1118.953 0.57 1689.032 1.7973400636525536 0.0
27.0 6.0 Truck -1.0 -1.0 -1.0 -1.0 -1.0 -1.0 -1.0 3.044 3.622 8.888 1139.752 2.375 1594.634 -2.932938541436334 0.0
28.0 3.0 Car -1.0 -1.0 -1.0 -1.0 -1.0 -1.0 -1.0 2.051 1.734 4.584 1199.704 0.924 1691.487 -2.0602739154391707 0.0
28.0 4.0 Truck -1.0 -1.0 -1.0 -1.0 -1.0 -1.0 -1.0 2.137 2.0 5.155 1150.33 1.601 1592.291 -1.8596044956370588 0.0
28.0 0.0 Truck -1.0 -1.0 -1.0 -1.0 -1.0 -1.0 -1.0 2.723 3.786 7.806 1182.961 1.926 1660.351 -2.0421823978773035 0.0
28.0 2.0 Car -1.0 -1.0 -1.0 -1.0 -1.0 -1.0 -1.0 1.828 1.48 4.505 1153.336 0.863 1693.292 2.6642268770485202 0.0
28.0 1.0 Truck -1.0 -1.0 -1.0 -1.0 -1.0 -1.0 -1.0 2.123 1.892 5.007 1119.088 0.577 1690.261 1.6541103707161295 0.0
28.0 6.0 Truck -1.0 -1.0 -1.0 -1.0 -1.0 -1.0 -1.0 3.044 3.622 8.888 1137.405 2.527 1594.652 -3.042565802782637 0.0
29.0 3.0 Car -1.0 -1.0 -1.0 -1.0 -1.0 -1.0 -1.0 2.051 1.734 4.584 1198.265 0.924 1688.869 -2.0690072243436526 0.0
29.0 4.0 Truck -1.0 -1.0 -1.0 -1.0 -1.0 -1.0 -1.0 2.137 2.0 5.155 1149.738 1.685 1589.006 -1.7146692100083458 0.0
29.0 0.0 Truck -1.0 -1.0 -1.0 -1.0 -1.0 -1.0 -1.0 2.723 3.786 7.806 1181.261 1.969 1657.011 -2.040241223298514 0.0
29.0 2.0 Car -1.0 -1.0 -1.0 -1.0 -1.0 -1.0 -1.0 1.828 1.48 4.505 1153.337 0.858 1693.291 2.6648992747215896 0.0
29.0 1.0 Truck -1.0 -1.0 -1.0 -1.0 -1.0 -1.0 -1.0 2.123 1.892 5.007 1119.398 0.584 1691.458 1.5109001390746306 0.0
29.0 6.0 Truck -1.0 -1.0 -1.0 -1.0 -1.0 -1.0 -1.0 3.044 3.622 8.888 1135.119 2.552 1594.944 3.0777178854515093 0.0
30.0 3.0 Car -1.0 -1.0 -1.0 -1.0 -1.0 -1.0 -1.0 2.051 1.734 4.584 1196.972 0.924 1686.518 -2.0768531929149927 0.0
30.0 4.0 Truck -1.0 -1.0 -1.0 -1.0 -1.0 -1.0 -1.0 2.137 2.0 5.155 1149.51 1.761 1586.019 -1.6589487534289618 0.0
30.0 0.0 Truck -1.0 -1.0 -1.0 -1.0 -1.0 -1.0 -1.0 2.723 3.786 7.806 1179.603 2.008 1653.752 -2.038497280091736 0.0
30.0 2.0 Car -1.0 -1.0 -1.0 -1.0 -1.0 -1.0 -1.0 1.828 1.48 4.505 1153.338 0.853 1693.291 2.6655033540079227 0.0
30.0 1.0 Truck -1.0 -1.0 -1.0 -1.0 -1.0 -1.0 -1.0 2.123 1.892 5.007 1119.818 0.591 1692.486 1.382240659736056 0.0
30.0 6.0 Truck -1.0 -1.0 -1.0 -1.0 -1.0 -1.0 -1.0 3.044 3.622 8.888 1133.129 2.575 1595.519 2.931367745264613 0.0
31.0 3.0 Car -1.0 -1.0 -1.0 -1.0 -1.0 -1.0 -1.0 2.051 1.734 4.584 1195.39 0.924 1683.639 -2.086455708589693 0.0
31.0 4.0 Truck -1.0 -1.0 -1.0 -1.0 -1.0 -1.0 -1.0 2.137 2.0 5.155 1149.457 1.854 1582.352 -1.5907536602623351 0.0
31.0 0.0 Truck -1.0 -1.0 -1.0 -1.0 -1.0 -1.0 -1.0 2.723 3.786 7.806 1177.573 2.055 1649.763 -2.0363629047336644 0.0
31.0 2.0 Car -1.0 -1.0 -1.0 -1.0 -1.0 -1.0 -1.0 1.828 1.48 4.505 1153.34 0.848 1693.29 2.6662426739227336 0.0
31.0 1.0 Truck -1.0 -1.0 -1.0 -1.0 -1.0 -1.0 -1.0 2.123 1.892 5.007 1120.507 0.598 1693.657 1.224777032930273 0.0
31.0 6.0 Truck -1.0 -1.0 -1.0 -1.0 -1.0 -1.0 -1.0 3.044 3.622 8.888 1129.857 2.552 1596.68 2.866755903929735 0.0
32.0 3.0 Car -1.0 -1.0 -1.0 -1.0 -1.0 -1.0 -1.0 2.051 1.734 4.584 1193.952 0.924 1681.024 -2.095180500479057 0.0
32.0 4.0 Truck -1.0 -1.0 -1.0 -1.0 -1.0 -1.0 -1.0 2.137 2.0 5.155 1149.626 1.938 1579.024 -1.5287919810617172 0.0
32.0 0.0 Truck -1.0 -1.0 -1.0 -1.0 -1.0 -1.0 -1.0 2.723 3.786 7.806 1175.902 2.215 1646.475 -2.0363629047336644 0.0
32.0 2.0 Car -1.0 -1.0 -1.0 -1.0 -1.0 -1.0 -1.0 1.828 1.48 4.505 1153.342 0.842 1693.289 2.6669144158510893 0.0
32.0 1.0 Truck -1.0 -1.0 -1.0 -1.0 -1.0 -1.0 -1.0 2.123 1.892 5.007 1121.286 0.605 1694.616 1.0817064646994152 0.0
32.0 6.0 Truck -1.0 -1.0 -1.0 -1.0 -1.0 -1.0 -1.0 3.044 3.622 8.888 1126.955 2.53 1597.916 2.8080499472479126 0.0
33.0 3.0 Car -1.0 -1.0 -1.0 -1.0 -1.0 -1.0 -1.0 2.051 1.734 4.584 1191.871 0.887 1677.322 -2.091019690421641 0.0
33.0 4.0 Truck -1.0 -1.0 -1.0 -1.0 -1.0 -1.0 -1.0 2.137 2.0 5.155 1150.002 2.022 1575.71 -1.4667695678760264 0.0
33.0 0.0 Truck -1.0 -1.0 -1.0 -1.0 -1.0 -1.0 -1.0 2.723 3.786 7.806 1174.23 2.375 1643.184 -2.0363629047336644 0.0
33.0 2.0 Car -1.0 -1.0 -1.0 -1.0 -1.0 -1.0 -1.0 1.828 1.48 4.505 1153.03 0.838 1693.447 2.6684709797281507 0.0
33.0 1.0 Truck -1.0 -1.0 -1.0 -1.0 -1.0 -1.0 -1.0 2.123 1.892 5.007 1121.56 0.583 1695.157 1.0781322543058165 0.0
33.0 6.0 Truck -1.0 -1.0 -1.0 -1.0 -1.0 -1.0 -1.0 3.044 3.622 8.888 1124.127 2.509 1599.321 2.7492864477954155 0.0
34.0 3.0 Car -1.0 -1.0 -1.0 -1.0 -1.0 -1.0 -1.0 2.051 1.734 4.584 1189.793 0.85 1673.629 -2.0868674448669857 0.0
34.0 4.0 Truck -1.0 -1.0 -1.0 -1.0 -1.0 -1.0 -1.0 2.137 2.0 5.155 1150.357 2.058 1572.403 -1.4430146948251137 0.0
34.0 0.0 Truck -1.0 -1.0 -1.0 -1.0 -1.0 -1.0 -1.0 2.723 3.786 7.806 1172.333 2.368 1639.421 -2.0363629047336644 0.0
34.0 2.0 Car -1.0 -1.0 -1.0 -1.0 -1.0 -1.0 -1.0 1.828 1.48 4.505 1152.718 0.833 1693.605 2.670024339614778 0.0
34.0 1.0 Truck -1.0 -1.0 -1.0 -1.0 -1.0 -1.0 -1.0 2.123 1.892 5.007 1121.781 0.587 1695.519 1.0718464865499961 0.0
34.0 6.0 Truck -1.0 -1.0 -1.0 -1.0 -1.0 -1.0 -1.0 3.044 3.622 8.888 1121.392 2.488 1600.886 2.690643905595561 0.0
35.0 3.0 Car -1.0 -1.0 -1.0 -1.0 -1.0 -1.0 -1.0 2.051 1.734 4.584 1187.032 0.863 1668.723 -2.0818835694641256 0.0
35.0 0.0 Truck -1.0 -1.0 -1.0 -1.0 -1.0 -1.0 -1.0 2.723 3.786 7.806 1170.056 2.36 1634.905 -2.0363629047336644 0.0
35.0 2.0 Car -1.0 -1.0 -1.0 -1.0 -1.0 -1.0 -1.0 1.828 1.48 4.505 1152.345 0.828 1693.794 2.6718888131939167 0.0
35.0 1.0 Truck -1.0 -1.0 -1.0 -1.0 -1.0 -1.0 -1.0 2.123 1.892 5.007 1122.047 0.592 1695.953 1.0643017778149355 0.0
35.0 6.0 Truck -1.0 -1.0 -1.0 -1.0 -1.0 -1.0 -1.0 3.044 3.622 8.888 1118.238 2.462 1602.973 2.6202561792956622 0.0
36.0 3.0 Car -1.0 -1.0 -1.0 -1.0 -1.0 -1.0 -1.0 2.051 1.734 4.584 1184.73 0.874 1664.632 -2.0777272079591143 0.0
36.0 0.0 Truck -1.0 -1.0 -1.0 -1.0 -1.0 -1.0 -1.0 2.723 3.786 7.806 1168.156 2.354 1631.138 -2.0363629047336644 0.0
36.0 2.0 Car -1.0 -1.0 -1.0 -1.0 -1.0 -1.0 -1.0 1.828 1.48 4.505 1151.396 0.824 1694.269 2.676066418890268 0.0
36.0 1.0 Truck -1.0 -1.0 -1.0 -1.0 -1.0 -1.0 -1.0 2.123 1.892 5.007 1122.306 0.519 1696.392 1.0410308491455198 0.0
36.0 6.0 Truck -1.0 -1.0 -1.0 -1.0 -1.0 -1.0 -1.0 3.044 3.622 8.888 1114.832 2.451 1604.967 2.6172084799056337 0.0
37.0 3.0 Car -1.0 -1.0 -1.0 -1.0 -1.0 -1.0 -1.0 2.051 1.734 4.584 1182.611 0.898 1660.692 -2.059011798646502 0.0
37.0 0.0 Truck -1.0 -1.0 -1.0 -1.0 -1.0 -1.0 -1.0 2.723 3.786 7.806 1166.255 2.347 1627.367 -2.0363629047336644 0.0
37.0 2.0 Car -1.0 -1.0 -1.0 -1.0 -1.0 -1.0 -1.0 1.828 1.48 4.505 1150.446 0.819 1694.744 2.6802489555420084 0.0
37.0 1.0 Truck -1.0 -1.0 -1.0 -1.0 -1.0 -1.0 -1.0 2.123 1.892 5.007 1122.316 0.571 1696.373 1.0439430044588855 0.0
37.0 6.0 Truck -1.0 -1.0 -1.0 -1.0 -1.0 -1.0 -1.0 3.044 3.622 8.888 1111.158 2.439 1607.133 2.6084718217094536 0.0
38.0 3.0 Car -1.0 -1.0 -1.0 -1.0 -1.0 -1.0 -1.0 2.051 1.734 4.584 1180.601 0.922 1656.707 -2.0403392838777625 0.0
38.0 0.0 Truck -1.0 -1.0 -1.0 -1.0 -1.0 -1.0 -1.0 2.723 3.786 7.806 1164.358 2.34 1623.605 -2.0363629047336644 0.0
38.0 2.0 Car -1.0 -1.0 -1.0 -1.0 -1.0 -1.0 -1.0 1.828 1.48 4.505 1149.177 0.815 1695.339 2.69313368674525 0.0
38.0 1.0 Truck -1.0 -1.0 -1.0 -1.0 -1.0 -1.0 -1.0 2.123 1.892 5.007 1122.325 0.623 1696.354 1.046848485294992 0.0
38.0 6.0 Truck -1.0 -1.0 -1.0 -1.0 -1.0 -1.0 -1.0 3.044 3.622 8.888 1107.493 2.427 1609.293 2.59975518738569 0.0
