0.0 4.0 Car -1.0 -1.0 -1.0 -1.0 -1.0 -1.0 -1.0 2.013 2.0 4.747 1527.5 -0.223 1391.39 1.8081087451913724 0.0
1.0 4.0 Car -1.0 -1.0 -1.0 -1.0 -1.0 -1.0 -1.0 2.013 2.0 4.747 1527.385 -0.002 1392.038 1.8721042364458074 1.0
2.0 4.0 Car -1.0 -1.0 -1.0 -1.0 -1.0 -1.0 -1.0 2.013 2.0 4.747 1527.228 0.219 1392.678 1.936101391985772 0.0
3.0 4.0 Car -1.0 -1.0 -1.0 -1.0 -1.0 -1.0 -1.0 2.013 2.0 4.747 1527.031 0.439 1393.306 2.000094962910749 0.0
4.0 4.0 Car -1.0 -1.0 -1.0 -1.0 -1.0 -1.0 -1.0 2.013 2.0 4.747 1526.258 0.704 1394.57 2.0873614255104656 1.0
5.0 4.0 Car -1.0 -1.0 -1.0 -1.0 -1.0 -1.0 -1.0 2.013 2.0 4.747 1525.593 0.925 1395.733 2.0873614255104656 1.0
5.0 7.0 Car -1.0 -1.0 -1.0 -1.0 -1.0 -1.0 -1.0 1.581 1.591 3.623 1518.275 1.087 1412.152 0.24645794367689614 0.0
6.0 4.0 Car -1.0 -1.0 -1.0 -1.0 -1.0 -1.0 -1.0 2.013 2.0 4.747 1525.021 0.925 1396.732 2.0873614255104656 0.0
6.0 8.0 Car -1.0 -1.0 -1.0 -1.0 -1.0 -1.0 -1.0 1.937 1.886 4.556 1527.36 0.418 1388.878 1.7430777772598405 0.0
6.0 7.0 Car -1.0 -1.0 -1.0 -1.0 -1.0 -1.0 -1.0 1.581 1.591 3.623 1518.275 1.087 1412.152 0.24645794367689614 0.0
7.0 4.0 Car -1.0 -1.0 -1.0 -1.0 -1.0 -1.0 -1.0 2.013 2.0 4.747 1524.412 0.925 1397.599 2.192081180630126 1.0
7.0 8.0 Car -1.0 -1.0 -1.0 -1.0 -1.0 -1.0 -1.0 1.937 1.886 4.556 1527.174 0.368 1390.334 1.7430777772598405 1.0
7.0 7.0 Car -1.0 -1.0 -1.0 -1.0 -1.0 -1.0 -1.0 1.581 1.591 3.623 1518.275 1.087 1412.152 0.24645794367689614 0.0
8.0 4.0 Car -1.0 -1.0 -1.0 -1.0 -1.0 -1.0 -1.0 2.013 2.0 4.747 1523.847 0.925 1398.19 2.261894350709899 1.0
8.0 8.0 Car -1.0 -1.0 -1.0 -1.0 -1.0 -1.0 -1.0 1.937 1.886 4.556 1526.859 0.368 1391.768 1.7547261232437412 1.0
8.0 7.0 Car -1.0 -1.0 -1.0 -1.0 -1.0 -1.0 -1.0 1.581 1.591 3.623 1518.275 1.087 1412.152 0.24645794367689614 1.0
9.0 4.0 Car -1.0 -1.0 -1.0 -1.0 -1.0 -1.0 -1.0 2.013 2.0 4.747 1523.373 0.925 1398.516 2.314254228269729 1.0
9.0 8.0 Car -1.0 -1.0 -1.0 -1.0 -1.0 -1.0 -1.0 1.937 1.886 4.556 1526.664 0.468 1392.553 1.7663619929802243 1.0
9.0 7.0 Car -1.0 -1.0 -1.0 -1.0 -1.0 -1.0 -1.0 1.581 1.591 3.623 1518.275 1.087 1412.152 0.24645794367689614 1.0
10.0 10.0 Car -1.0 -1.0 -1.0 -1.0 -1.0 -1.0 -1.0 2.011 1.6 4.646 1435.715 1.586 1418.678 0.015481070468728264 0.0
10.0 4.0 Car -1.0 -1.0 -1.0 -1.0 -1.0 -1.0 -1.0 2.013 2.0 4.747 1523.097 0.925 1398.963 2.384067398349502 0.0
10.0 1.0 Car -1.0 -1.0 -1.0 -1.0 -1.0 -1.0 -1.0 1.735 1.748 3.316 1511.707 0.757 1410.561 0.21371556690176186 0.0
10.0 8.0 Car -1.0 -1.0 -1.0 -1.0 -1.0 -1.0 -1.0 1.937 1.886 4.556 1526.47 0.618 1393.337 1.7779843622997271 0.0
10.0 7.0 Car -1.0 -1.0 -1.0 -1.0 -1.0 -1.0 -1.0 1.581 1.591 3.623 1518.275 1.087 1412.152 0.24645794367689614 0.0
11.0 10.0 Car -1.0 -1.0 -1.0 -1.0 -1.0 -1.0 -1.0 2.011 1.6 4.646 1441.991 0.586 1417.968 0.015481070468728264 0.0
11.0 4.0 Car -1.0 -1.0 -1.0 -1.0 -1.0 -1.0 -1.0 2.013 2.0 4.747 1522.623 0.925 1399.673 2.645866786148652 0.0
11.0 1.0 Car -1.0 -1.0 -1.0 -1.0 -1.0 -1.0 -1.0 1.735 1.748 3.316 1511.7 0.757 1410.57 0.21371556690176186 0.0
11.0 8.0 Car -1.0 -1.0 -1.0 -1.0 -1.0 -1.0 -1.0 1.937 1.886 4.556 1526.321 0.468 1393.53 1.7779843622997271 0.0
11.0 7.0 Car -1.0 -1.0 -1.0 -1.0 -1.0 -1.0 -1.0 1.581 1.591 3.623 1518.275 1.087 1412.152 0.24645794367689614 0.0
12.0 10.0 Car -1.0 -1.0 -1.0 -1.0 -1.0 -1.0 -1.0 2.011 1.6 4.646 1448.274 0.586 1417.257 0.015481070468728264 0.0
12.0 4.0 Car -1.0 -1.0 -1.0 -1.0 -1.0 -1.0 -1.0 2.013 2.0 4.747 1521.668 0.925 1399.939 2.680773371188539 0.0
12.0 1.0 Car -1.0 -1.0 -1.0 -1.0 -1.0 -1.0 -1.0 1.735 1.748 3.316 1511.693 0.757 1410.58 0.21371556690176186 0.0
12.0 8.0 Car -1.0 -1.0 -1.0 -1.0 -1.0 -1.0 -1.0 1.937 1.886 4.556 1526.326 0.518 1393.879 1.7779843622997271 0.0
12.0 7.0 Car -1.0 -1.0 -1.0 -1.0 -1.0 -1.0 -1.0 1.581 1.591 3.623 1518.275 1.087 1412.152 0.24645794367689614 0.0
13.0 10.0 Car -1.0 -1.0 -1.0 -1.0 -1.0 -1.0 -1.0 2.011 1.6 4.646 1454.557 0.586 1416.546 0.015481070468728264 1.0
13.0 4.0 Car -1.0 -1.0 -1.0 -1.0 -1.0 -1.0 -1.0 2.013 2.0 4.747 1520.842 0.925 1400.431 2.8902128814278587 1.0
13.0 1.0 Car -1.0 -1.0 -1.0 -1.0 -1.0 -1.0 -1.0 1.735 1.748 3.316 1511.686 0.757 1410.589 0.21371556690176186 1.0
13.0 8.0 Car -1.0 -1.0 -1.0 -1.0 -1.0 -1.0 -1.0 1.937 1.886 4.556 1526.245 0.497 1394.193 1.7779843622997271 1.0
13.0 7.0 Car -1.0 -1.0 -1.0 -1.0 -1.0 -1.0 -1.0 1.581 1.591 3.623 1518.275 1.087 1412.152 0.24645794367689614 1.0
14.0 10.0 Car -1.0 -1.0 -1.0 -1.0 -1.0 -1.0 -1.0 2.011 1.6 4.646 1461.465 0.586 1415.764 0.015481070468728264 1.0
14.0 4.0 Car -1.0 -1.0 -1.0 -1.0 -1.0 -1.0 -1.0 2.013 2.0 4.747 1519.67 0.925 1400.383 2.8902128814278587 1.0
14.0 1.0 Car -1.0 -1.0 -1.0 -1.0 -1.0 -1.0 -1.0 1.735 1.748 3.316 1511.679 0.757 1410.6 0.21371556690176186 1.0
14.0 8.0 Car -1.0 -1.0 -1.0 -1.0 -1.0 -1.0 -1.0 1.937 1.886 4.556 1526.156 0.398 1394.539 1.7779843622997271 1.0
14.0 7.0 Car -1.0 -1.0 -1.0 -1.0 -1.0 -1.0 -1.0 1.581 1.591 3.623 1518.275 1.087 1412.152 0.24645794367689614 1.0
15.0 10.0 Car -1.0 -1.0 -1.0 -1.0 -1.0 -1.0 -1.0 2.011 1.6 4.646 1468.262 0.586 1415.179 0.015481070468728264 1.0
15.0 4.0 Car -1.0 -1.0 -1.0 -1.0 -1.0 -1.0 -1.0 2.013 2.0 4.747 1518.3 0.925 1400.601 2.977479344027575 1.0
15.0 1.0 Car -1.0 -1.0 -1.0 -1.0 -1.0 -1.0 -1.0 1.735 1.748 3.316 1511.672 0.757 1410.609 0.21371556690176186 1.0
15.0 8.0 Car -1.0 -1.0 -1.0 -1.0 -1.0 -1.0 -1.0 1.937 1.886 4.556 1525.801 0.51 1395.36 1.8827041872500612 1.0
15.0 7.0 Car -1.0 -1.0 -1.0 -1.0 -1.0 -1.0 -1.0 1.581 1.591 3.623 1518.344 1.087 1412.202 0.24645794367689614 1.0
16.0 10.0 Car -1.0 -1.0 -1.0 -1.0 -1.0 -1.0 -1.0 2.011 1.6 4.646 1475.059 0.586 1414.593 0.015481070468728264 1.0
16.0 4.0 Car -1.0 -1.0 -1.0 -1.0 -1.0 -1.0 -1.0 2.013 2.0 4.747 1516.796 0.925 1400.685 3.0298392215874053 1.0
16.0 2.0 Car -1.0 -1.0 -1.0 -1.0 -1.0 -1.0 -1.0 1.905 1.785 4.621 1403.132 1.204 1421.063 -0.04366813787931089 0.0
16.0 1.0 Car -1.0 -1.0 -1.0 -1.0 -1.0 -1.0 -1.0 1.735 1.748 3.316 1511.71 0.757 1410.62 0.23553736385824584 1.0
16.0 8.0 Car -1.0 -1.0 -1.0 -1.0 -1.0 -1.0 -1.0 1.937 1.886 4.556 1525.363 0.621 1396.139 1.987422755248258 1.0
16.0 7.0 Car -1.0 -1.0 -1.0 -1.0 -1.0 -1.0 -1.0 1.581 1.591 3.623 1518.413 1.087 1412.252 0.24645794367689614 1.0
17.0 10.0 Car -1.0 -1.0 -1.0 -1.0 -1.0 -1.0 -1.0 2.011 1.6 4.646 1481.917 0.686 1414.231 0.08529424054850132 1.0
17.0 4.0 Car -1.0 -1.0 -1.0 -1.0 -1.0 -1.0 -1.0 2.013 2.0 4.747 1515.187 0.925 1400.758 3.1345589767070647 1.0
17.0 2.0 Car -1.0 -1.0 -1.0 -1.0 -1.0 -1.0 -1.0 1.905 1.785 4.621 1409.783 1.271 1420.451 -0.04366813787931089 0.0
17.0 5.0 Car -1.0 -1.0 -1.0 -1.0 -1.0 -1.0 -1.0 1.919 1.63 4.192 1445.917 1.186 1417.669 -0.08923868465093167 0.0
17.0 1.0 Car -1.0 -1.0 -1.0 -1.0 -1.0 -1.0 -1.0 1.735 1.748 3.316 1511.749 0.757 1410.63 0.2573596410200767 1.0
17.0 8.0 Car -1.0 -1.0 -1.0 -1.0 -1.0 -1.0 -1.0 1.937 1.886 4.556 1524.846 0.733 1396.869 2.0921436276587064 1.0
17.0 7.0 Car -1.0 -1.0 -1.0 -1.0 -1.0 -1.0 -1.0 1.581 1.591 3.623 1518.482 1.087 1412.302 0.24645794367689614 1.0
18.0 10.0 Car -1.0 -1.0 -1.0 -1.0 -1.0 -1.0 -1.0 2.011 1.6 4.646 1490.5 0.686 1414.637 0.08529424054850132 1.0
18.0 4.0 Car -1.0 -1.0 -1.0 -1.0 -1.0 -1.0 -1.0 2.013 2.0 4.747 1513.057 0.925 1400.662 3.1345589767070647 1.0
18.0 2.0 Car -1.0 -1.0 -1.0 -1.0 -1.0 -1.0 -1.0 1.905 1.785 4.621 1417.758 1.353 1419.717 -0.04366813787931089 0.0
18.0 5.0 Car -1.0 -1.0 -1.0 -1.0 -1.0 -1.0 -1.0 1.919 1.63 4.192 1453.754 1.186 1416.742 -0.08923868465093167 1.0
18.0 1.0 Car -1.0 -1.0 -1.0 -1.0 -1.0 -1.0 -1.0 1.735 1.748 3.316 1511.795 0.757 1410.642 0.28352873698153486 1.0
18.0 8.0 Car -1.0 -1.0 -1.0 -1.0 -1.0 -1.0 -1.0 1.937 1.886 4.556 1523.917 0.867 1397.941 2.2063520111001065 1.0
18.0 7.0 Car -1.0 -1.0 -1.0 -1.0 -1.0 -1.0 -1.0 1.581 1.591 3.623 1519.297 1.087 1412.547 0.24645794367689614 1.0
18.0 6.0 Bus -1.0 -1.0 -1.0 -1.0 -1.0 -1.0 -1.0 3.179 3.687 12.876 1494.907 1.674 1408.748 0.050387655508614904 0.0
19.0 10.0 Car -1.0 -1.0 -1.0 -1.0 -1.0 -1.0 -1.0 2.011 1.6 4.646 1497.178 0.586 1415.255 0.08529424054850132 1.0
19.0 4.0 Car -1.0 -1.0 -1.0 -1.0 -1.0 -1.0 -1.0 2.013 2.0 4.747 1510.868 0.925 1400.557 -3.0788131603927487 0.0
19.0 2.0 Car -1.0 -1.0 -1.0 -1.0 -1.0 -1.0 -1.0 1.905 1.785 4.621 1424.408 1.42 1419.104 -0.04366813787931089 1.0
19.0 5.0 Car -1.0 -1.0 -1.0 -1.0 -1.0 -1.0 -1.0 1.919 1.63 4.192 1460.82 1.136 1415.922 -0.06596849698074414 1.0
19.0 1.0 Car -1.0 -1.0 -1.0 -1.0 -1.0 -1.0 -1.0 1.735 1.748 3.316 1512.185 0.757 1410.744 0.28352873698153486 1.0
19.0 8.0 Car -1.0 -1.0 -1.0 -1.0 -1.0 -1.0 -1.0 1.937 1.886 4.556 1523.052 0.978 1398.75 2.3015831378980263 1.0
19.0 7.0 Car -1.0 -1.0 -1.0 -1.0 -1.0 -1.0 -1.0 1.581 1.591 3.623 1519.976 1.087 1412.751 0.24645794367689614 1.0
19.0 6.0 Bus -1.0 -1.0 -1.0 -1.0 -1.0 -1.0 -1.0 3.179 3.687 12.876 1494.641 1.703 1408.747 0.050387655508614904 0.0
20.0 10.0 Car -1.0 -1.0 -1.0 -1.0 -1.0 -1.0 -1.0 2.011 1.6 4.646 1503.816 0.586 1416.047 0.13765411810833109 1.0
20.0 4.0 Car -1.0 -1.0 -1.0 -1.0 -1.0 -1.0 -1.0 2.013 2.0 4.747 1508.68 0.925 1400.387 -3.0788131603927487 0.0
20.0 2.0 Car -1.0 -1.0 -1.0 -1.0 -1.0 -1.0 -1.0 1.905 1.785 4.621 1431.066 1.488 1418.492 -0.04366813787931089 1.0
20.0 5.0 Car -1.0 -1.0 -1.0 -1.0 -1.0 -1.0 -1.0 1.919 1.63 4.192 1467.895 1.086 1415.101 -0.04267037642615823 0.0
20.0 1.0 Car -1.0 -1.0 -1.0 -1.0 -1.0 -1.0 -1.0 1.735 1.748 3.316 1512.576 0.757 1410.846 0.28352873698153486 1.0
20.0 8.0 Car -1.0 -1.0 -1.0 -1.0 -1.0 -1.0 -1.0 1.937 1.886 4.556 1521.575 1.061 1399.836 2.415159354934013 0.0
20.0 7.0 Car -1.0 -1.0 -1.0 -1.0 -1.0 -1.0 -1.0 1.581 1.591 3.623 1521.419 1.087 1412.83 0.24645794367689614 1.0
20.0 6.0 Bus -1.0 -1.0 -1.0 -1.0 -1.0 -1.0 -1.0 3.179 3.687 12.876 1494.375 1.732 1408.746 0.050387655508614904 0.0
21.0 10.0 Car -1.0 -1.0 -1.0 -1.0 -1.0 -1.0 -1.0 2.011 1.6 4.646 1510.136 0.586 1417.229 0.20746728818810437 1.0
21.0 4.0 Car -1.0 -1.0 -1.0 -1.0 -1.0 -1.0 -1.0 2.013 2.0 4.747 1505.977 0.925 1400.184 -3.0788131603927487 0.0
21.0 2.0 Car -1.0 -1.0 -1.0 -1.0 -1.0 -1.0 -1.0 1.905 1.785 4.621 1437.708 1.556 1417.88 -0.04366813787931089 1.0
21.0 5.0 Car -1.0 -1.0 -1.0 -1.0 -1.0 -1.0 -1.0 1.919 1.63 4.192 1474.954 1.036 1414.282 -0.019425514571158375 0.0
21.0 1.0 Car -1.0 -1.0 -1.0 -1.0 -1.0 -1.0 -1.0 1.735 1.748 3.316 1513.428 0.757 1410.987 0.28352873698153486 1.0
21.0 8.0 Car -1.0 -1.0 -1.0 -1.0 -1.0 -1.0 -1.0 1.937 1.886 4.556 1519.987 1.143 1400.745 2.5284759406572896 0.0
21.0 7.0 Car -1.0 -1.0 -1.0 -1.0 -1.0 -1.0 -1.0 1.581 1.591 3.623 1523.208 1.087 1413.363 0.24645794367689614 1.0
21.0 6.0 Bus -1.0 -1.0 -1.0 -1.0 -1.0 -1.0 -1.0 3.179 3.687 12.876 1494.109 1.761 1408.744 0.050387655508614904 1.0
22.0 10.0 Car -1.0 -1.0 -1.0 -1.0 -1.0 -1.0 -1.0 2.011 1.6 4.646 1516.903 0.586 1418.841 0.20746728818810437 0.0
22.0 4.0 Car -1.0 -1.0 -1.0 -1.0 -1.0 -1.0 -1.0 2.013 2.0 4.747 1503.078 0.925 1399.838 -3.0439065753528616 0.0
22.0 2.0 Car -1.0 -1.0 -1.0 -1.0 -1.0 -1.0 -1.0 1.905 1.785 4.621 1444.383 1.549 1417.664 -0.04366813787931089 1.0
22.0 5.0 Car -1.0 -1.0 -1.0 -1.0 -1.0 -1.0 -1.0 1.919 1.63 4.192 1482.041 0.886 1414.1 -0.019425514571158375 0.0
22.0 1.0 Car -1.0 -1.0 -1.0 -1.0 -1.0 -1.0 -1.0 1.735 1.748 3.316 1514.283 0.757 1411.129 0.28352873698153486 1.0
22.0 8.0 Car -1.0 -1.0 -1.0 -1.0 -1.0 -1.0 -1.0 1.937 1.886 4.556 1517.588 1.003 1401.731 2.7291851948950248 0.0
22.0 7.0 Car -1.0 -1.0 -1.0 -1.0 -1.0 -1.0 -1.0 1.581 1.591 3.623 1525.012 1.087 1413.851 0.24645794367689614 1.0
22.0 3.0 Car -1.0 -1.0 -1.0 -1.0 -1.0 -1.0 -1.0 1.896 1.817 4.0 1470.9 0.914 1417.443 0.08756316857043502 0.0
22.0 6.0 Bus -1.0 -1.0 -1.0 -1.0 -1.0 -1.0 -1.0 3.179 3.687 12.876 1493.843 1.789 1408.743 0.050387655508614904 1.0
22.0 0.0 Car -1.0 -1.0 -1.0 -1.0 -1.0 -1.0 -1.0 1.978 1.699 4.518 1461.343 0.763 1418.714 -0.11416198637080055 0.0
23.0 10.0 Car -1.0 -1.0 -1.0 -1.0 -1.0 -1.0 -1.0 2.011 1.6 4.646 1523.82 0.492 1420.713 0.20746728818810437 0.0
23.0 4.0 Car -1.0 -1.0 -1.0 -1.0 -1.0 -1.0 -1.0 2.013 2.0 4.747 1499.817 0.925 1399.522 -3.0439065753528616 0.0
23.0 2.0 Car -1.0 -1.0 -1.0 -1.0 -1.0 -1.0 -1.0 1.905 1.785 4.621 1451.058 1.541 1417.448 -0.04366813787931089 1.0
23.0 5.0 Car -1.0 -1.0 -1.0 -1.0 -1.0 -1.0 -1.0 1.919 1.63 4.192 1489.516 0.767 1414.171 0.1027475330684444 0.0
23.0 1.0 Car -1.0 -1.0 -1.0 -1.0 -1.0 -1.0 -1.0 1.735 1.748 3.316 1515.705 0.757 1411.484 0.28352873698153486 1.0
23.0 8.0 Car -1.0 -1.0 -1.0 -1.0 -1.0 -1.0 -1.0 1.937 1.886 4.556 1515.04 0.963 1402.219 2.9299016686159858 0.0
23.0 7.0 Car -1.0 -1.0 -1.0 -1.0 -1.0 -1.0 -1.0 1.581 1.591 3.623 1526.576 1.087 1413.937 0.24645794367689614 1.0
23.0 3.0 Car -1.0 -1.0 -1.0 -1.0 -1.0 -1.0 -1.0 1.896 1.817 4.0 1476.672 0.848 1416.919 0.08756316857043502 1.0
23.0 6.0 Bus -1.0 -1.0 -1.0 -1.0 -1.0 -1.0 -1.0 3.179 3.687 12.876 1493.921 1.758 1408.746 0.050387655508614904 1.0
23.0 0.0 Car -1.0 -1.0 -1.0 -1.0 -1.0 -1.0 -1.0 1.978 1.699 4.518 1467.291 1.149 1418.095 -0.13161527889074368 1.0
24.0 10.0 Car -1.0 -1.0 -1.0 -1.0 -1.0 -1.0 -1.0 2.011 1.6 4.646 1530.087 0.448 1422.84 0.3470936283476507 0.0
24.0 4.0 Car -1.0 -1.0 -1.0 -1.0 -1.0 -1.0 -1.0 2.013 2.0 4.747 1496.299 1.025 1399.181 -3.0439065753528616 0.0
24.0 2.0 Car -1.0 -1.0 -1.0 -1.0 -1.0 -1.0 -1.0 1.905 1.785 4.621 1457.691 1.584 1416.423 -0.04366813787931089 1.0
24.0 5.0 Car -1.0 -1.0 -1.0 -1.0 -1.0 -1.0 -1.0 1.919 1.63 4.192 1496.64 0.667 1415.01 0.1027475330684444 0.0
24.0 1.0 Car -1.0 -1.0 -1.0 -1.0 -1.0 -1.0 -1.0 1.735 1.748 3.316 1517.126 0.757 1411.839 0.28352873698153486 1.0
24.0 9.0 Car -1.0 -1.0 -1.0 -1.0 -1.0 -1.0 -1.0 2.151 1.518 4.857 1444.286 1.612 1421.92 -0.14835208091982044 0.0
24.0 8.0 Car -1.0 -1.0 -1.0 -1.0 -1.0 -1.0 -1.0 1.937 1.886 4.556 1511.954 0.972 1402.643 3.0346283370092815 0.0
24.0 7.0 Car -1.0 -1.0 -1.0 -1.0 -1.0 -1.0 -1.0 1.581 1.591 3.623 1527.902 1.087 1414.101 0.1824586970859119 0.0
24.0 3.0 Car -1.0 -1.0 -1.0 -1.0 -1.0 -1.0 -1.0 1.896 1.817 4.0 1482.482 0.782 1416.841 0.08756316857043502 1.0
24.0 6.0 Bus -1.0 -1.0 -1.0 -1.0 -1.0 -1.0 -1.0 3.179 3.687 12.876 1493.998 1.726 1408.75 0.050387655508614904 1.0
24.0 0.0 Car -1.0 -1.0 -1.0 -1.0 -1.0 -1.0 -1.0 1.978 1.699 4.518 1471.72 1.085 1417.505 -0.096708693850857 1.0
25.0 10.0 Car -1.0 -1.0 -1.0 -1.0 -1.0 -1.0 -1.0 2.011 1.6 4.646 1536.888 0.155 1425.537 0.20746728818810437 0.0
25.0 4.0 Car -1.0 -1.0 -1.0 -1.0 -1.0 -1.0 -1.0 2.013 2.0 4.747 1492.873 1.175 1398.915 -3.0439065753528616 0.0
25.0 2.0 Car -1.0 -1.0 -1.0 -1.0 -1.0 -1.0 -1.0 1.905 1.785 4.621 1464.324 1.427 1415.43 -0.04366813787931089 1.0
25.0 5.0 Car -1.0 -1.0 -1.0 -1.0 -1.0 -1.0 -1.0 1.919 1.63 4.192 1504.242 0.667 1415.985 0.13765411810833109 0.0
25.0 1.0 Car -1.0 -1.0 -1.0 -1.0 -1.0 -1.0 -1.0 1.735 1.748 3.316 1518.547 0.757 1412.194 0.28352873698153486 1.0
25.0 9.0 Car -1.0 -1.0 -1.0 -1.0 -1.0 -1.0 -1.0 2.151 1.518 4.857 1449.753 1.712 1420.758 -0.14835208091982044 1.0
25.0 8.0 Car -1.0 -1.0 -1.0 -1.0 -1.0 -1.0 -1.0 1.937 1.886 4.556 1508.841 0.982 1402.742 3.1393411788553056 0.0
25.0 7.0 Car -1.0 -1.0 -1.0 -1.0 -1.0 -1.0 -1.0 1.581 1.591 3.623 1529.235 1.087 1414.18 0.11846790000088371 0.0
25.0 3.0 Car -1.0 -1.0 -1.0 -1.0 -1.0 -1.0 -1.0 1.896 1.817 4.0 1487.614 0.915 1416.926 0.13992304613026496 1.0
25.0 6.0 Bus -1.0 -1.0 -1.0 -1.0 -1.0 -1.0 -1.0 3.179 3.687 12.876 1494.076 1.695 1408.753 0.050387655508614904 1.0
25.0 0.0 Car -1.0 -1.0 -1.0 -1.0 -1.0 -1.0 -1.0 1.978 1.699 4.518 1476.204 0.968 1417.235 -0.02689552377108395 1.0
26.0 10.0 Car -1.0 -1.0 -1.0 -1.0 -1.0 -1.0 -1.0 2.011 1.6 4.646 1543.563 0.361 1428.662 0.43436009094736755 0.0
26.0 4.0 Car -1.0 -1.0 -1.0 -1.0 -1.0 -1.0 -1.0 2.013 2.0 4.747 1489.446 1.225 1398.648 -3.0439065753528616 0.0
26.0 2.0 Car -1.0 -1.0 -1.0 -1.0 -1.0 -1.0 -1.0 1.905 1.785 4.621 1471.006 1.27 1414.816 -0.04366813787931089 0.0
26.0 5.0 Car -1.0 -1.0 -1.0 -1.0 -1.0 -1.0 -1.0 1.919 1.63 4.192 1511.364 0.667 1417.272 0.20746728818810437 0.0
26.0 1.0 Car -1.0 -1.0 -1.0 -1.0 -1.0 -1.0 -1.0 1.735 1.748 3.316 1519.9 0.757 1412.536 0.28352873698153486 0.0
26.0 9.0 Car -1.0 -1.0 -1.0 -1.0 -1.0 -1.0 -1.0 2.151 1.518 4.857 1455.228 1.712 1419.662 -0.1308988058573071 0.0
26.0 8.0 Car -1.0 -1.0 -1.0 -1.0 -1.0 -1.0 -1.0 1.937 1.886 4.556 1505.432 1.124 1402.618 -3.0565776657245647 0.0
26.0 7.0 Car -1.0 -1.0 -1.0 -1.0 -1.0 -1.0 -1.0 1.581 1.591 3.623 1530.571 1.087 1414.174 0.05447172595751982 0.0
26.0 3.0 Car -1.0 -1.0 -1.0 -1.0 -1.0 -1.0 -1.0 1.896 1.817 4.0 1493.074 0.699 1417.25 0.13992304613026496 0.0
26.0 6.0 Bus -1.0 -1.0 -1.0 -1.0 -1.0 -1.0 -1.0 3.179 3.687 12.876 1494.154 1.663 1408.756 0.050387655508614904 0.0
26.0 0.0 Car -1.0 -1.0 -1.0 -1.0 -1.0 -1.0 -1.0 1.978 1.699 4.518 1481.047 0.95 1417.176 -0.009442231251140631 0.0
27.0 10.0 Car -1.0 -1.0 -1.0 -1.0 -1.0 -1.0 -1.0 2.011 1.6 4.646 1550.207 0.317 1431.546 0.43436009094736727 0.0
27.0 4.0 Car -1.0 -1.0 -1.0 -1.0 -1.0 -1.0 -1.0 2.013 2.0 4.747 1485.595 1.275 1398.422 -3.0439065753528616 0.0
27.0 2.0 Car -1.0 -1.0 -1.0 -1.0 -1.0 -1.0 -1.0 1.905 1.785 4.621 1476.639 1.163 1414.337 0.00869173968051884 0.0
27.0 5.0 Car -1.0 -1.0 -1.0 -1.0 -1.0 -1.0 -1.0 1.919 1.63 4.192 1519.302 0.667 1419.025 0.24237387322799098 0.0
27.0 1.0 Car -1.0 -1.0 -1.0 -1.0 -1.0 -1.0 -1.0 1.735 1.748 3.316 1521.254 0.757 1412.879 0.28352873698153486 0.0
27.0 9.0 Car -1.0 -1.0 -1.0 -1.0 -1.0 -1.0 -1.0 2.151 1.518 4.857 1460.703 1.712 1418.565 -0.1134454958799338 0.0
27.0 8.0 Car -1.0 -1.0 -1.0 -1.0 -1.0 -1.0 -1.0 1.937 1.886 4.556 1501.734 1.265 1402.31 -3.0565776657245647 0.0
27.0 7.0 Car -1.0 -1.0 -1.0 -1.0 -1.0 -1.0 -1.0 1.581 1.591 3.623 1531.02 0.891 1414.116 0.05447172595751982 0.0
27.0 3.0 Car -1.0 -1.0 -1.0 -1.0 -1.0 -1.0 -1.0 1.896 1.817 4.0 1498.457 0.724 1417.925 0.15736695161371747 0.0
27.0 6.0 Bus -1.0 -1.0 -1.0 -1.0 -1.0 -1.0 -1.0 3.179 3.687 12.876 1494.232 1.632 1408.76 0.050387655508614904 0.0
27.0 0.0 Car -1.0 -1.0 -1.0 -1.0 -1.0 -1.0 -1.0 1.978 1.699 4.518 1486.282 0.85 1416.929 0.07782423134857597 0.0
28.0 10.0 Car -1.0 -1.0 -1.0 -1.0 -1.0 -1.0 -1.0 2.011 1.6 4.646 1557.185 0.373 1434.648 0.43436009094736727 0.0
28.0 4.0 Car -1.0 -1.0 -1.0 -1.0 -1.0 -1.0 -1.0 2.013 2.0 4.747 1481.74 1.375 1398.196 -3.0439065753528616 0.0
28.0 2.0 Car -1.0 -1.0 -1.0 -1.0 -1.0 -1.0 -1.0 1.905 1.785 4.621 1482.488 1.107 1414.394 -0.008761552839424482 0.0
28.0 5.0 Car -1.0 -1.0 -1.0 -1.0 -1.0 -1.0 -1.0 1.919 1.63 4.192 1527.239 0.41 1421.372 0.24237387322799098 0.0
28.0 1.0 Car -1.0 -1.0 -1.0 -1.0 -1.0 -1.0 -1.0 1.735 1.748 3.316 1522.608 0.757 1413.223 0.28352873698153486 0.0
28.0 9.0 Car -1.0 -1.0 -1.0 -1.0 -1.0 -1.0 -1.0 2.151 1.518 4.857 1465.724 1.762 1417.857 -0.07853891084004717 0.0
28.0 8.0 Car -1.0 -1.0 -1.0 -1.0 -1.0 -1.0 -1.0 1.937 1.886 4.556 1497.637 1.406 1401.983 -3.0565776657245647 0.0
28.0 7.0 Car -1.0 -1.0 -1.0 -1.0 -1.0 -1.0 -1.0 1.581 1.591 3.623 1531.469 0.695 1414.057 0.05447172595751982 0.0
28.0 3.0 Car -1.0 -1.0 -1.0 -1.0 -1.0 -1.0 -1.0 1.896 1.817 4.0 1503.845 0.75 1418.601 0.1748296311701516 0.0
28.0 6.0 Bus -1.0 -1.0 -1.0 -1.0 -1.0 -1.0 -1.0 3.179 3.687 12.876 1494.052 1.6 1408.75 0.050387655508614904 0.0
28.0 0.0 Car -1.0 -1.0 -1.0 -1.0 -1.0 -1.0 -1.0 1.978 1.699 4.518 1491.617 0.85 1417.282 0.07782423134857597 0.0
29.0 10.0 Car -1.0 -1.0 -1.0 -1.0 -1.0 -1.0 -1.0 2.011 1.6 4.646 1564.075 0.228 1437.921 0.43436009094736727 0.0
29.0 4.0 Car -1.0 -1.0 -1.0 -1.0 -1.0 -1.0 -1.0 2.013 2.0 4.747 1477.554 1.5 1398.035 -3.0439065753528616 0.0
29.0 2.0 Car -1.0 -1.0 -1.0 -1.0 -1.0 -1.0 -1.0 1.905 1.785 4.621 1488.347 0.951 1414.422 0.026145032200462385 0.0
29.0 5.0 Car -1.0 -1.0 -1.0 -1.0 -1.0 -1.0 -1.0 1.919 1.63 4.192 1535.036 0.504 1424.099 0.32964033582770763 0.0
29.0 1.0 Car -1.0 -1.0 -1.0 -1.0 -1.0 -1.0 -1.0 1.735 1.748 3.316 1523.176 0.757 1413.352 0.28352873698153486 0.0
29.0 9.0 Car -1.0 -1.0 -1.0 -1.0 -1.0 -1.0 -1.0 2.151 1.518 4.857 1470.432 1.362 1417.509 -0.061095022607187355 0.0
29.0 8.0 Car -1.0 -1.0 -1.0 -1.0 -1.0 -1.0 -1.0 1.937 1.886 4.556 1493.544 1.548 1401.657 -3.0565776657245647 0.0
29.0 7.0 Car -1.0 -1.0 -1.0 -1.0 -1.0 -1.0 -1.0 1.581 1.591 3.623 1531.576 0.499 1414.194 0.05447172595751982 0.0
29.0 3.0 Car -1.0 -1.0 -1.0 -1.0 -1.0 -1.0 -1.0 1.896 1.817 4.0 1508.731 0.7 1419.555 0.1748296311701516 0.0
29.0 6.0 Bus -1.0 -1.0 -1.0 -1.0 -1.0 -1.0 -1.0 3.179 3.687 12.876 1494.301 1.569 1408.762 0.050387655508614904 0.0
29.0 0.0 Car -1.0 -1.0 -1.0 -1.0 -1.0 -1.0 -1.0 1.978 1.699 4.518 1496.748 0.75 1417.774 0.14763740142834925 0.0
30.0 10.0 Car -1.0 -1.0 -1.0 -1.0 -1.0 -1.0 -1.0 2.011 1.6 4.646 1570.974 0.234 1441.268 0.43436009094736727 0.0
30.0 4.0 Car -1.0 -1.0 -1.0 -1.0 -1.0 -1.0 -1.0 2.013 2.0 4.747 1473.247 1.625 1398.162 -3.0788131603927487 0.0
30.0 2.0 Car -1.0 -1.0 -1.0 -1.0 -1.0 -1.0 -1.0 1.905 1.785 4.621 1494.435 0.894 1414.656 0.09595820228023544 0.0
30.0 5.0 Car -1.0 -1.0 -1.0 -1.0 -1.0 -1.0 -1.0 1.919 1.63 4.192 1542.7 0.498 1427.511 0.32964033582770763 0.0
30.0 1.0 Car -1.0 -1.0 -1.0 -1.0 -1.0 -1.0 -1.0 1.735 1.748 3.316 1523.745 0.757 1413.482 0.28352873698153486 0.0
30.0 9.0 Car -1.0 -1.0 -1.0 -1.0 -1.0 -1.0 -1.0 2.151 1.518 4.857 1475.146 0.962 1417.16 -0.043632325800160514 0.0
30.0 8.0 Car -1.0 -1.0 -1.0 -1.0 -1.0 -1.0 -1.0 1.937 1.886 4.556 1489.007 1.689 1401.308 -3.0565776657245647 0.0
30.0 7.0 Car -1.0 -1.0 -1.0 -1.0 -1.0 -1.0 -1.0 1.581 1.591 3.623 1531.732 0.678 1414.213 0.05447172595751982 0.0
30.0 3.0 Car -1.0 -1.0 -1.0 -1.0 -1.0 -1.0 -1.0 1.896 1.817 4.0 1513.4 0.651 1420.36 0.20973621621003824 0.0
30.0 6.0 Bus -1.0 -1.0 -1.0 -1.0 -1.0 -1.0 -1.0 3.179 3.687 12.876 1494.636 1.537 1408.778 0.050387655508614904 0.0
30.0 0.0 Car -1.0 -1.0 -1.0 -1.0 -1.0 -1.0 -1.0 1.978 1.699 4.518 1501.813 0.7 1418.386 0.21745057150812253 0.0
31.0 10.0 Car -1.0 -1.0 -1.0 -1.0 -1.0 -1.0 -1.0 2.011 1.6 4.646 1577.96 0.239 1444.409 0.41690679842742395 0.0
31.0 2.0 Car -1.0 -1.0 -1.0 -1.0 -1.0 -1.0 -1.0 1.905 1.785 4.621 1500.227 0.782 1415.287 0.16577137236000875 0.0
31.0 5.0 Car -1.0 -1.0 -1.0 -1.0 -1.0 -1.0 -1.0 1.919 1.63 4.192 1550.528 0.442 1431.042 0.38200021338753753 0.0
31.0 1.0 Car -1.0 -1.0 -1.0 -1.0 -1.0 -1.0 -1.0 1.735 1.748 3.316 1524.313 0.757 1413.612 0.28352873698153486 0.0
31.0 9.0 Car -1.0 -1.0 -1.0 -1.0 -1.0 -1.0 -1.0 2.151 1.518 4.857 1481.704 0.887 1417.065 -0.043632325800160514 0.0
31.0 8.0 Car -1.0 -1.0 -1.0 -1.0 -1.0 -1.0 -1.0 1.937 1.886 4.556 1484.475 1.83 1400.96 -3.0565776657245647 0.0
31.0 7.0 Car -1.0 -1.0 -1.0 -1.0 -1.0 -1.0 -1.0 1.581 1.591 3.623 1531.976 0.857 1414.264 0.05447172595751982 0.0
31.0 3.0 Car -1.0 -1.0 -1.0 -1.0 -1.0 -1.0 -1.0 1.896 1.817 4.0 1517.326 0.551 1421.3 0.23590720197016557 0.0
31.0 6.0 Bus -1.0 -1.0 -1.0 -1.0 -1.0 -1.0 -1.0 3.179 3.687 12.876 1495.838 1.506 1408.924 0.050387655508614904 0.0
31.0 0.0 Car -1.0 -1.0 -1.0 -1.0 -1.0 -1.0 -1.0 1.978 1.699 4.518 1506.737 0.55 1419.251 0.21745057150812253 0.0
32.0 10.0 Car -1.0 -1.0 -1.0 -1.0 -1.0 -1.0 -1.0 2.011 1.6 4.646 1585.032 0.295 1447.763 0.41690679842742395 0.0
32.0 2.0 Car -1.0 -1.0 -1.0 -1.0 -1.0 -1.0 -1.0 1.905 1.785 4.621 1506.269 0.669 1416.217 0.16577137236000875 0.0
32.0 1.0 Car -1.0 -1.0 -1.0 -1.0 -1.0 -1.0 -1.0 1.735 1.748 3.316 1524.474 0.757 1413.671 0.28352873698153486 0.0
32.0 9.0 Car -1.0 -1.0 -1.0 -1.0 -1.0 -1.0 -1.0 2.151 1.518 4.857 1487.932 0.962 1416.984 0.008691739680519062 0.0
32.0 7.0 Car -1.0 -1.0 -1.0 -1.0 -1.0 -1.0 -1.0 1.581 1.591 3.623 1531.976 0.857 1414.264 0.05447172595751982 0.0
32.0 3.0 Car -1.0 -1.0 -1.0 -1.0 -1.0 -1.0 -1.0 1.896 1.817 4.0 1521.228 0.451 1422.344 0.26209609376986825 0.0
32.0 6.0 Bus -1.0 -1.0 -1.0 -1.0 -1.0 -1.0 -1.0 3.179 3.687 12.876 1496.361 1.474 1408.948 0.06203076436794231 0.0
32.0 0.0 Car -1.0 -1.0 -1.0 -1.0 -1.0 -1.0 -1.0 1.978 1.699 4.518 1511.336 0.55 1420.299 0.21745057150812253 0.0
33.0 10.0 Car -1.0 -1.0 -1.0 -1.0 -1.0 -1.0 -1.0 2.011 1.6 4.646 1592.095 0.35 1451.112 0.41690679842742395 0.0
33.0 2.0 Car -1.0 -1.0 -1.0 -1.0 -1.0 -1.0 -1.0 1.905 1.785 4.621 1512.403 0.556 1417.324 0.16577137236000875 0.0
33.0 1.0 Car -1.0 -1.0 -1.0 -1.0 -1.0 -1.0 -1.0 1.735 1.748 3.316 1524.635 0.757 1413.73 0.28352873698153486 0.0
33.0 9.0 Car -1.0 -1.0 -1.0 -1.0 -1.0 -1.0 -1.0 2.151 1.518 4.857 1493.517 0.854 1417.211 0.061010718981895806 0.0
33.0 7.0 Car -1.0 -1.0 -1.0 -1.0 -1.0 -1.0 -1.0 1.581 1.591 3.623 1532.011 0.857 1414.266 0.05447172595751982 0.0
33.0 3.0 Car -1.0 -1.0 -1.0 -1.0 -1.0 -1.0 -1.0 1.896 1.817 4.0 1525.313 0.452 1423.523 0.29700267880975484 0.0
33.0 6.0 Bus -1.0 -1.0 -1.0 -1.0 -1.0 -1.0 -1.0 3.179 3.687 12.876 1496.883 1.443 1408.971 0.07365865013012063 0.0
33.0 0.0 Car -1.0 -1.0 -1.0 -1.0 -1.0 -1.0 -1.0 1.978 1.699 4.518 1515.694 0.55 1420.976 0.21745057150812253 0.0
34.0 2.0 Car -1.0 -1.0 -1.0 -1.0 -1.0 -1.0 -1.0 1.905 1.785 4.621 1518.015 0.556 1418.569 0.2704911274796684 0.0
34.0 1.0 Car -1.0 -1.0 -1.0 -1.0 -1.0 -1.0 -1.0 1.735 1.748 3.316 1524.697 0.757 1413.736 0.28352873698153486 0.0
34.0 9.0 Car -1.0 -1.0 -1.0 -1.0 -1.0 -1.0 -1.0 2.151 1.518 4.857 1499.085 0.745 1417.73 0.11336436492488079 0.0
34.0 7.0 Car -1.0 -1.0 -1.0 -1.0 -1.0 -1.0 -1.0 1.581 1.591 3.623 1532.046 0.857 1414.268 0.05447172595751982 0.0
34.0 3.0 Car -1.0 -1.0 -1.0 -1.0 -1.0 -1.0 -1.0 1.896 1.817 4.0 1529.044 0.427 1424.825 0.32318154399209237 0.0
34.0 6.0 Bus -1.0 -1.0 -1.0 -1.0 -1.0 -1.0 -1.0 3.179 3.687 12.876 1497.406 1.411 1408.994 0.08529424054850132 0.0
34.0 0.0 Car -1.0 -1.0 -1.0 -1.0 -1.0 -1.0 -1.0 1.978 1.699 4.518 1519.341 0.55 1422.291 0.21745057150812253 0.0
35.0 2.0 Car -1.0 -1.0 -1.0 -1.0 -1.0 -1.0 -1.0 1.905 1.785 4.621 1523.8 0.556 1420.173 0.2704911274796684 0.0
35.0 1.0 Car -1.0 -1.0 -1.0 -1.0 -1.0 -1.0 -1.0 1.735 1.748 3.316 1524.76 0.757 1413.742 0.28352873698153486 0.0
35.0 9.0 Car -1.0 -1.0 -1.0 -1.0 -1.0 -1.0 -1.0 2.151 1.518 4.857 1504.619 0.637 1418.54 0.16572230492317064 0.0
35.0 7.0 Car -1.0 -1.0 -1.0 -1.0 -1.0 -1.0 -1.0 1.581 1.591 3.623 1532.046 0.857 1414.268 0.05447172595751982 0.0
35.0 3.0 Car -1.0 -1.0 -1.0 -1.0 -1.0 -1.0 -1.0 1.896 1.817 4.0 1532.739 0.403 1426.225 0.34936255636958474 0.0
35.0 6.0 Bus -1.0 -1.0 -1.0 -1.0 -1.0 -1.0 -1.0 3.179 3.687 12.876 1498.078 1.552 1408.967 0.08529424054850132 0.0
35.0 0.0 Car -1.0 -1.0 -1.0 -1.0 -1.0 -1.0 -1.0 1.978 1.699 4.518 1522.341 0.55 1423.068 0.28726374158789575 0.0
36.0 2.0 Car -1.0 -1.0 -1.0 -1.0 -1.0 -1.0 -1.0 1.905 1.785 4.621 1529.796 0.556 1422.111 0.32285100503949815 0.0
36.0 1.0 Car -1.0 -1.0 -1.0 -1.0 -1.0 -1.0 -1.0 1.735 1.748 3.316 1524.786 0.757 1413.738 0.28352873698153486 0.0
36.0 9.0 Car -1.0 -1.0 -1.0 -1.0 -1.0 -1.0 -1.0 2.151 1.518 4.857 1510.109 0.462 1419.64 0.21813124991983868 0.0
36.0 3.0 Car -1.0 -1.0 -1.0 -1.0 -1.0 -1.0 -1.0 1.896 1.817 4.0 1536.126 0.378 1427.69 0.34936255636958474 0.0
36.0 6.0 Bus -1.0 -1.0 -1.0 -1.0 -1.0 -1.0 -1.0 3.179 3.687 12.876 1498.581 1.693 1408.924 0.08529424054850132 0.0
36.0 0.0 Car -1.0 -1.0 -1.0 -1.0 -1.0 -1.0 -1.0 1.978 1.699 4.518 1525.867 0.5 1424.162 0.28726374158789575 0.0
37.0 2.0 Car -1.0 -1.0 -1.0 -1.0 -1.0 -1.0 -1.0 1.905 1.785 4.621 1535.807 0.556 1424.187 0.32285100503949815 0.0
37.0 1.0 Car -1.0 -1.0 -1.0 -1.0 -1.0 -1.0 -1.0 1.735 1.748 3.316 1524.811 0.757 1413.734 0.28352873698153486 0.0
37.0 9.0 Car -1.0 -1.0 -1.0 -1.0 -1.0 -1.0 -1.0 2.151 1.518 4.857 1515.137 0.462 1420.786 0.21813124991983868 0.0
37.0 3.0 Car -1.0 -1.0 -1.0 -1.0 -1.0 -1.0 -1.0 1.896 1.817 4.0 1539.509 0.354 1429.153 0.34936255636958474 0.0
37.0 6.0 Bus -1.0 -1.0 -1.0 -1.0 -1.0 -1.0 -1.0 3.179 3.687 12.876 1499.459 1.834 1409.344 0.08529424054850132 0.0
37.0 0.0 Car -1.0 -1.0 -1.0 -1.0 -1.0 -1.0 -1.0 1.978 1.699 4.518 1529.186 0.369 1425.295 0.3570769116676691 0.0
