0.0 3.0 Car -1.0 -1.0 -1.0 -1.0 -1.0 -1.0 -1.0 1.709 1.738 4.257 787.783 1.888 1841.646 -2.0724321101185255 0.0
0.0 0.0 Car -1.0 -1.0 -1.0 -1.0 -1.0 -1.0 -1.0 2.267 2.0 4.957 797.085 1.477 1858.37 -2.101638218781656 0.0
0.0 5.0 Car -1.0 -1.0 -1.0 -1.0 -1.0 -1.0 -1.0 1.759 1.674 4.334 808.67 1.042 1860.428 2.4929061304981985 0.0
1.0 2.0 Car -1.0 -1.0 -1.0 -1.0 -1.0 -1.0 -1.0 2.064 1.774 4.911 769.422 1.656 1795.557 1.0748610198480208 0.0
1.0 3.0 Car -1.0 -1.0 -1.0 -1.0 -1.0 -1.0 -1.0 1.709 1.738 4.257 786.002 1.638 1838.424 -2.107338695158411 1.0
1.0 0.0 Car -1.0 -1.0 -1.0 -1.0 -1.0 -1.0 -1.0 2.267 2.0 4.957 794.918 1.327 1855.215 -2.1190915113015985 1.0
1.0 5.0 Car -1.0 -1.0 -1.0 -1.0 -1.0 -1.0 -1.0 1.759 1.674 4.334 808.363 0.84 1860.817 2.3127553090758406 1.0
2.0 2.0 Car -1.0 -1.0 -1.0 -1.0 -1.0 -1.0 -1.0 2.064 1.774 4.911 770.352 1.71 1797.477 1.0898333687475223 1.0
2.0 3.0 Car -1.0 -1.0 -1.0 -1.0 -1.0 -1.0 -1.0 1.709 1.738 4.257 784.576 1.678 1835.846 -2.142245280198298 1.0
2.0 0.0 Car -1.0 -1.0 -1.0 -1.0 -1.0 -1.0 -1.0 2.267 2.0 4.957 793.136 1.394 1852.117 -2.109109945368598 1.0
2.0 5.0 Car -1.0 -1.0 -1.0 -1.0 -1.0 -1.0 -1.0 1.759 1.674 4.334 808.095 0.759 1861.677 2.1895632811094825 1.0
3.0 2.0 Car -1.0 -1.0 -1.0 -1.0 -1.0 -1.0 -1.0 2.064 1.774 4.911 771.513 1.777 1799.873 1.1085273200646943 1.0
3.0 3.0 Car -1.0 -1.0 -1.0 -1.0 -1.0 -1.0 -1.0 1.709 1.738 4.257 782.79 1.84 1832.885 -2.34586837437167 1.0
3.0 0.0 Car -1.0 -1.0 -1.0 -1.0 -1.0 -1.0 -1.0 2.267 2.0 4.957 790.911 1.365 1848.249 -2.09664731115715 1.0
3.0 5.0 Car -1.0 -1.0 -1.0 -1.0 -1.0 -1.0 -1.0 1.759 1.674 4.334 807.865 0.707 1862.777 1.9921668809394586 1.0
4.0 2.0 Car -1.0 -1.0 -1.0 -1.0 -1.0 -1.0 -1.0 2.064 1.774 4.911 772.646 1.689 1802.283 1.127220897407851 1.0
4.0 3.0 Car -1.0 -1.0 -1.0 -1.0 -1.0 -1.0 -1.0 1.709 1.738 4.257 780.442 2.003 1830.346 -2.549487395048491 1.0
4.0 0.0 Car -1.0 -1.0 -1.0 -1.0 -1.0 -1.0 -1.0 2.267 2.0 4.957 788.685 1.308 1844.382 -2.0841849262617123 1.0
4.0 5.0 Car -1.0 -1.0 -1.0 -1.0 -1.0 -1.0 -1.0 1.759 1.674 4.334 807.767 0.656 1864.086 1.7424145521406365 1.0
5.0 2.0 Car -1.0 -1.0 -1.0 -1.0 -1.0 -1.0 -1.0 2.064 1.774 4.911 773.276 1.88 1803.544 1.1532592628687595 1.0
5.0 3.0 Car -1.0 -1.0 -1.0 -1.0 -1.0 -1.0 -1.0 1.709 1.738 4.257 777.628 2.165 1828.334 -2.7531320787535862 1.0
5.0 0.0 Car -1.0 -1.0 -1.0 -1.0 -1.0 -1.0 -1.0 2.267 2.0 4.957 786.573 1.473 1840.641 -2.0783669254546777 1.0
5.0 5.0 Car -1.0 -1.0 -1.0 -1.0 -1.0 -1.0 -1.0 1.759 1.674 4.334 807.894 0.674 1865.759 1.585334919461147 1.0
6.0 2.0 Car -1.0 -1.0 -1.0 -1.0 -1.0 -1.0 -1.0 2.064 1.774 4.911 773.749 1.722 1804.873 1.1792923157168478 1.0
6.0 3.0 Car -1.0 -1.0 -1.0 -1.0 -1.0 -1.0 -1.0 1.709 1.738 4.257 774.394 2.128 1827.075 -3.0498164912353483 1.0
6.0 0.0 Car -1.0 -1.0 -1.0 -1.0 -1.0 -1.0 -1.0 2.267 2.0 4.957 784.46 1.538 1836.902 -2.0900034042154325 1.0
6.0 5.0 Car -1.0 -1.0 -1.0 -1.0 -1.0 -1.0 -1.0 1.759 1.674 4.334 808.27 0.693 1867.314 1.410826957687373 1.0
7.0 2.0 Car -1.0 -1.0 -1.0 -1.0 -1.0 -1.0 -1.0 2.064 1.774 4.911 774.25 1.688 1806.189 1.205332816639772 1.0
7.0 3.0 Car -1.0 -1.0 -1.0 -1.0 -1.0 -1.0 -1.0 1.709 1.738 4.257 771.829 2.29 1826.631 -3.0498164912353483 1.0
7.0 0.0 Car -1.0 -1.0 -1.0 -1.0 -1.0 -1.0 -1.0 2.267 2.0 4.957 782.481 1.654 1833.085 -2.0841849262617123 1.0
7.0 5.0 Car -1.0 -1.0 -1.0 -1.0 -1.0 -1.0 -1.0 1.759 1.674 4.334 808.854 0.711 1868.794 1.2362690690622808 1.0
8.0 2.0 Car -1.0 -1.0 -1.0 -1.0 -1.0 -1.0 -1.0 2.064 1.774 4.911 774.507 1.638 1806.743 1.231392588805282 1.0
8.0 3.0 Car -1.0 -1.0 -1.0 -1.0 -1.0 -1.0 -1.0 1.709 1.738 4.257 769.038 2.453 1826.585 3.0239489779106274 1.0
8.0 0.0 Car -1.0 -1.0 -1.0 -1.0 -1.0 -1.0 -1.0 2.267 2.0 4.957 780.664 1.769 1829.748 -2.0841849262617123 1.0
8.0 5.0 Car -1.0 -1.0 -1.0 -1.0 -1.0 -1.0 -1.0 1.759 1.674 4.334 809.692 0.694 1870.638 1.1801550369929685 1.0
9.0 2.0 Car -1.0 -1.0 -1.0 -1.0 -1.0 -1.0 -1.0 2.064 1.774 4.911 774.446 1.565 1806.804 1.2574572569080968 1.0
9.0 3.0 Car -1.0 -1.0 -1.0 -1.0 -1.0 -1.0 -1.0 1.709 1.738 4.257 765.844 2.616 1827.222 2.814489795465599 1.0
9.0 0.0 Car -1.0 -1.0 -1.0 -1.0 -1.0 -1.0 -1.0 2.267 2.0 4.957 778.62 1.822 1826.109 -2.101638218781656 1.0
9.0 5.0 Car -1.0 -1.0 -1.0 -1.0 -1.0 -1.0 -1.0 1.759 1.674 4.334 810.632 0.676 1872.433 1.1240304625911595 1.0
10.0 2.0 Car -1.0 -1.0 -1.0 -1.0 -1.0 -1.0 -1.0 2.064 1.774 4.911 774.397 1.507 1806.853 1.2782817616454212 1.0
10.0 3.0 Car -1.0 -1.0 -1.0 -1.0 -1.0 -1.0 -1.0 1.709 1.738 4.257 763.166 2.746 1828.188 2.814489795465599 1.0
10.0 0.0 Car -1.0 -1.0 -1.0 -1.0 -1.0 -1.0 -1.0 2.267 2.0 4.957 777.104 1.809 1823.316 -2.060274669086502 1.0
10.0 5.0 Car -1.0 -1.0 -1.0 -1.0 -1.0 -1.0 -1.0 1.759 1.674 4.334 811.49 0.662 1873.808 1.0791894363827912 1.0
11.0 2.0 Car -1.0 -1.0 -1.0 -1.0 -1.0 -1.0 -1.0 2.064 1.774 4.911 774.577 1.429 1807.593 1.3017538226072842 1.0
11.0 3.0 Car -1.0 -1.0 -1.0 -1.0 -1.0 -1.0 -1.0 1.709 1.738 4.257 759.843 2.892 1829.453 2.797036502945656 0.0
11.0 0.0 Car -1.0 -1.0 -1.0 -1.0 -1.0 -1.0 -1.0 2.267 2.0 4.957 775.474 1.793 1820.125 -2.013652299321157 1.0
11.0 1.0 Truck -1.0 -1.0 -1.0 -1.0 -1.0 -1.0 -1.0 2.531 3.001 6.19 798.891 0.939 1786.558 -0.5162683927401068 0.0
11.0 5.0 Car -1.0 -1.0 -1.0 -1.0 -1.0 -1.0 -1.0 1.759 1.674 4.334 812.283 0.665 1875.347 1.0474370533615058 1.0
12.0 2.0 Car -1.0 -1.0 -1.0 -1.0 -1.0 -1.0 -1.0 2.064 1.774 4.911 774.746 1.405 1808.629 1.3381130721330303 1.0
12.0 3.0 Car -1.0 -1.0 -1.0 -1.0 -1.0 -1.0 -1.0 1.709 1.738 4.257 755.842 3.055 1831.125 2.727223332865883 0.0
12.0 0.0 Car -1.0 -1.0 -1.0 -1.0 -1.0 -1.0 -1.0 2.267 2.0 4.957 773.81 1.776 1816.515 -2.017362021634579 1.0
12.0 1.0 Truck -1.0 -1.0 -1.0 -1.0 -1.0 -1.0 -1.0 2.531 3.001 6.19 799.702 0.852 1786.078 -0.5337222613621524 1.0
12.0 5.0 Car -1.0 -1.0 -1.0 -1.0 -1.0 -1.0 -1.0 1.759 1.674 4.334 813.295 0.668 1876.908 1.0122177622320878 1.0
13.0 2.0 Car -1.0 -1.0 -1.0 -1.0 -1.0 -1.0 -1.0 2.064 1.774 4.911 774.958 1.381 1809.651 1.4093824593282798 1.0
13.0 3.0 Car -1.0 -1.0 -1.0 -1.0 -1.0 -1.0 -1.0 1.709 1.738 4.257 752.129 3.267 1832.981 2.727223332865883 0.0
13.0 0.0 Car -1.0 -1.0 -1.0 -1.0 -1.0 -1.0 -1.0 2.267 2.0 4.957 772.154 1.691 1812.9 -2.0100775746751585 1.0
13.0 1.0 Truck -1.0 -1.0 -1.0 -1.0 -1.0 -1.0 -1.0 2.531 3.001 6.19 800.512 0.865 1785.599 -0.5162683927401068 1.0
13.0 5.0 Car -1.0 -1.0 -1.0 -1.0 -1.0 -1.0 -1.0 1.759 1.674 4.334 814.305 0.671 1878.292 0.9944494384937127 1.0
14.0 2.0 Car -1.0 -1.0 -1.0 -1.0 -1.0 -1.0 -1.0 2.064 1.774 4.911 774.657 1.357 1810.711 1.5679153791494322 1.0
14.0 3.0 Car -1.0 -1.0 -1.0 -1.0 -1.0 -1.0 -1.0 1.709 1.738 4.257 747.746 3.511 1835.677 2.6813496550879616 0.0
14.0 0.0 Car -1.0 -1.0 -1.0 -1.0 -1.0 -1.0 -1.0 2.267 2.0 4.957 770.636 1.655 1809.215 -2.029678141668843 1.0
14.0 1.0 Truck -1.0 -1.0 -1.0 -1.0 -1.0 -1.0 -1.0 2.531 3.001 6.19 801.329 0.878 1785.129 -0.5337218947519333 1.0
14.0 5.0 Car -1.0 -1.0 -1.0 -1.0 -1.0 -1.0 -1.0 1.759 1.674 4.334 815.134 0.675 1879.512 0.988712974961957 0.0
15.0 2.0 Car -1.0 -1.0 -1.0 -1.0 -1.0 -1.0 -1.0 2.064 1.774 4.911 774.192 1.333 1811.755 1.70317955056598 1.0
15.0 3.0 Car -1.0 -1.0 -1.0 -1.0 -1.0 -1.0 -1.0 1.709 1.738 4.257 743.491 3.755 1838.572 2.635474876053245 0.0
15.0 0.0 Car -1.0 -1.0 -1.0 -1.0 -1.0 -1.0 -1.0 2.267 2.0 4.957 769.041 1.559 1805.572 -2.0143717561819403 1.0
15.0 1.0 Truck -1.0 -1.0 -1.0 -1.0 -1.0 -1.0 -1.0 2.531 3.001 6.19 802.696 0.792 1784.338 -0.5162683927401068 1.0
15.0 5.0 Car -1.0 -1.0 -1.0 -1.0 -1.0 -1.0 -1.0 1.759 1.674 4.334 816.176 0.678 1880.904 0.9395630962232444 0.0
16.0 2.0 Car -1.0 -1.0 -1.0 -1.0 -1.0 -1.0 -1.0 2.064 1.774 4.911 773.458 1.397 1813.723 1.9649789383651295 1.0
16.0 3.0 Car -1.0 -1.0 -1.0 -1.0 -1.0 -1.0 -1.0 1.709 1.738 4.257 738.633 3.973 1841.777 2.6260460529925678 0.0
16.0 0.0 Car -1.0 -1.0 -1.0 -1.0 -1.0 -1.0 -1.0 2.267 2.0 4.957 767.928 1.319 1802.395 -1.9998939822343644 1.0
16.0 1.0 Truck -1.0 -1.0 -1.0 -1.0 -1.0 -1.0 -1.0 2.531 3.001 6.19 804.425 0.73 1783.373 -0.5105467298098199 1.0
16.0 5.0 Car -1.0 -1.0 -1.0 -1.0 -1.0 -1.0 -1.0 1.759 1.674 4.334 816.966 0.681 1881.903 0.9339322642128299 0.0
17.0 2.0 Car -1.0 -1.0 -1.0 -1.0 -1.0 -1.0 -1.0 2.064 1.774 4.911 772.073 1.356 1815.768 2.1395118635645627 1.0
17.0 3.0 Car -1.0 -1.0 -1.0 -1.0 -1.0 -1.0 -1.0 1.709 1.738 4.257 733.291 4.212 1845.301 2.61567813899845 0.0
17.0 0.0 Car -1.0 -1.0 -1.0 -1.0 -1.0 -1.0 -1.0 2.267 2.0 4.957 766.705 1.054 1798.902 -1.9839742524707689 1.0
17.0 1.0 Truck -1.0 -1.0 -1.0 -1.0 -1.0 -1.0 -1.0 2.531 3.001 6.19 806.607 0.717 1782.153 -0.5042552012931862 1.0
17.0 5.0 Car -1.0 -1.0 -1.0 -1.0 -1.0 -1.0 -1.0 1.759 1.674 4.334 817.829 0.734 1883.149 0.9277406131845298 0.0
18.0 2.0 Car -1.0 -1.0 -1.0 -1.0 -1.0 -1.0 -1.0 2.064 1.774 4.911 770.311 1.456 1817.702 2.2791382037241092 1.0
18.0 3.0 Car -1.0 -1.0 -1.0 -1.0 -1.0 -1.0 -1.0 1.709 1.738 4.257 728.432 4.399 1848.506 2.6062493536628732 0.0
18.0 0.0 Car -1.0 -1.0 -1.0 -1.0 -1.0 -1.0 -1.0 2.267 2.0 4.957 765.485 0.862 1795.803 -1.9794651711420537 1.0
18.0 1.0 Truck -1.0 -1.0 -1.0 -1.0 -1.0 -1.0 -1.0 2.531 3.001 6.19 808.804 0.705 1780.925 -0.4985335612555031 0.0
18.0 5.0 Car -1.0 -1.0 -1.0 -1.0 -1.0 -1.0 -1.0 1.759 1.674 4.334 818.482 0.687 1884.106 0.9221098037033011 0.0
19.0 2.0 Car -1.0 -1.0 -1.0 -1.0 -1.0 -1.0 -1.0 2.064 1.774 4.911 768.117 1.556 1819.692 2.360552861156062 1.0
19.0 3.0 Car -1.0 -1.0 -1.0 -1.0 -1.0 -1.0 -1.0 1.709 1.738 4.257 723.574 4.511 1851.711 2.596820756952801 0.0
19.0 0.0 Car -1.0 -1.0 -1.0 -1.0 -1.0 -1.0 -1.0 2.267 2.0 4.957 764.245 0.652 1792.633 -1.974228919299603 1.0
19.0 1.0 Truck -1.0 -1.0 -1.0 -1.0 -1.0 -1.0 -1.0 2.531 3.001 6.19 811.138 0.693 1779.622 -0.49281203568083903 0.0
19.0 5.0 Car -1.0 -1.0 -1.0 -1.0 -1.0 -1.0 -1.0 1.759 1.674 4.334 818.934 0.605 1884.624 0.9270946736186039 0.0
20.0 2.0 Car -1.0 -1.0 -1.0 -1.0 -1.0 -1.0 -1.0 2.064 1.774 4.911 765.566 1.657 1821.682 2.442060031912642 0.0
20.0 3.0 Car -1.0 -1.0 -1.0 -1.0 -1.0 -1.0 -1.0 1.709 1.738 4.257 718.711 4.623 1854.919 2.58738144631411 0.0
20.0 0.0 Car -1.0 -1.0 -1.0 -1.0 -1.0 -1.0 -1.0 2.267 2.0 4.957 762.752 0.443 1789.796 -2.0388197200377642 1.0
20.0 4.0 Car -1.0 -1.0 -1.0 -1.0 -1.0 -1.0 -1.0 1.721 1.757 4.319 725.84 3.993 1836.957 -0.6486865230915932 0.0
20.0 1.0 Truck -1.0 -1.0 -1.0 -1.0 -1.0 -1.0 -1.0 2.531 3.001 6.19 813.606 0.781 1778.247 -0.4870840086066966 0.0
20.0 5.0 Car -1.0 -1.0 -1.0 -1.0 -1.0 -1.0 -1.0 1.759 1.674 4.334 819.383 0.522 1885.145 0.9320852079548261 0.0
21.0 2.0 Car -1.0 -1.0 -1.0 -1.0 -1.0 -1.0 -1.0 2.064 1.774 4.911 762.647 1.757 1823.616 2.5234842990033153 0.0
21.0 3.0 Car -1.0 -1.0 -1.0 -1.0 -1.0 -1.0 -1.0 1.709 1.738 4.257 713.13 5.797 1858.204 2.5875969927063363 0.0
21.0 0.0 Car -1.0 -1.0 -1.0 -1.0 -1.0 -1.0 -1.0 2.267 2.0 4.957 761.113 0.233 1786.537 -2.077214215639636 1.0
21.0 4.0 Car -1.0 -1.0 -1.0 -1.0 -1.0 -1.0 -1.0 1.721 1.757 4.319 730.345 3.603 1833.724 -0.6486865230915932 1.0
21.0 1.0 Truck -1.0 -1.0 -1.0 -1.0 -1.0 -1.0 -1.0 2.531 3.001 6.19 816.147 0.82 1776.833 -0.48136180770022063 0.0
21.0 5.0 Car -1.0 -1.0 -1.0 -1.0 -1.0 -1.0 -1.0 1.759 1.674 4.334 819.872 0.439 1885.78 0.9370706662518791 0.0
22.0 2.0 Car -1.0 -1.0 -1.0 -1.0 -1.0 -1.0 -1.0 2.064 1.774 4.911 759.417 1.876 1825.534 2.622974631063013 0.0
22.0 3.0 Car -1.0 -1.0 -1.0 -1.0 -1.0 -1.0 -1.0 1.709 1.738 4.257 707.632 5.997 1861.85 2.578870363904685 0.0
22.0 0.0 Car -1.0 -1.0 -1.0 -1.0 -1.0 -1.0 -1.0 2.267 2.0 4.957 759.463 0.09 1783.556 -2.098152821581257 1.0
22.0 4.0 Car -1.0 -1.0 -1.0 -1.0 -1.0 -1.0 -1.0 1.721 1.757 4.319 734.874 3.275 1830.473 -0.6486865230915932 1.0
22.0 1.0 Truck -1.0 -1.0 -1.0 -1.0 -1.0 -1.0 -1.0 2.531 3.001 6.19 818.879 0.807 1775.22 -0.5206191891326619 0.0
22.0 5.0 Car -1.0 -1.0 -1.0 -1.0 -1.0 -1.0 -1.0 1.759 1.674 4.334 820.206 0.157 1886.349 0.9420555062494657 0.0
23.0 2.0 Car -1.0 -1.0 -1.0 -1.0 -1.0 -1.0 -1.0 2.064 1.774 4.911 755.784 2.396 1827.69 2.6177452569127126 0.0
23.0 0.0 Car -1.0 -1.0 -1.0 -1.0 -1.0 -1.0 -1.0 2.267 2.0 4.957 757.62 -0.102 1780.69 -2.1190915113015985 1.0
23.0 4.0 Car -1.0 -1.0 -1.0 -1.0 -1.0 -1.0 -1.0 1.721 1.757 4.319 739.402 2.948 1827.222 -0.6486865230915932 1.0
23.0 1.0 Truck -1.0 -1.0 -1.0 -1.0 -1.0 -1.0 -1.0 2.531 3.001 6.19 821.546 0.794 1773.501 -0.5598767276401806 0.0
23.0 5.0 Car -1.0 -1.0 -1.0 -1.0 -1.0 -1.0 -1.0 1.759 1.674 4.334 820.741 0.141 1887.003 0.9470403661921963 0.0
24.0 2.0 Car -1.0 -1.0 -1.0 -1.0 -1.0 -1.0 -1.0 2.064 1.774 4.911 752.511 2.717 1829.927 2.55141322457235 0.0
24.0 0.0 Car -1.0 -1.0 -1.0 -1.0 -1.0 -1.0 -1.0 2.267 2.0 4.957 755.654 -0.211 1777.766 -2.1423647253174907 1.0
24.0 4.0 Car -1.0 -1.0 -1.0 -1.0 -1.0 -1.0 -1.0 1.721 1.757 4.319 743.343 2.62 1824.417 -0.6486865230915932 1.0
24.0 1.0 Truck -1.0 -1.0 -1.0 -1.0 -1.0 -1.0 -1.0 2.531 3.001 6.19 824.147 0.782 1771.677 -0.5991795037700199 0.0
24.0 5.0 Car -1.0 -1.0 -1.0 -1.0 -1.0 -1.0 -1.0 1.759 1.674 4.334 821.277 0.125 1887.657 0.9520309703364227 0.0
25.0 2.0 Car -1.0 -1.0 -1.0 -1.0 -1.0 -1.0 -1.0 2.064 1.774 4.911 748.388 3.037 1832.384 2.572362173299682 0.0
25.0 0.0 Car -1.0 -1.0 -1.0 -1.0 -1.0 -1.0 -1.0 2.267 2.0 4.957 753.66 -0.32 1774.864 -2.1307253068122574 1.0
25.0 4.0 Car -1.0 -1.0 -1.0 -1.0 -1.0 -1.0 -1.0 1.721 1.757 4.319 746.729 2.292 1821.921 -0.6486865230915932 1.0
25.0 1.0 Truck -1.0 -1.0 -1.0 -1.0 -1.0 -1.0 -1.0 2.531 3.001 6.19 826.813 0.819 1769.949 -0.6384414403797085 0.0
25.0 5.0 Car -1.0 -1.0 -1.0 -1.0 -1.0 -1.0 -1.0 1.759 1.674 4.334 821.439 0.109 1887.888 0.9395630962232444 0.0
26.0 2.0 Car -1.0 -1.0 -1.0 -1.0 -1.0 -1.0 -1.0 2.064 1.774 4.911 744.508 3.357 1834.853 2.5234842990033153 0.0
26.0 0.0 Car -1.0 -1.0 -1.0 -1.0 -1.0 -1.0 -1.0 2.267 2.0 4.957 751.694 -0.278 1771.941 -2.1365448677852865 1.0
26.0 4.0 Car -1.0 -1.0 -1.0 -1.0 -1.0 -1.0 -1.0 1.721 1.757 4.319 749.681 2.392 1819.582 -0.6486865230915932 1.0
26.0 1.0 Truck -1.0 -1.0 -1.0 -1.0 -1.0 -1.0 -1.0 2.531 3.001 6.19 829.074 1.069 1767.836 -0.6733480254195947 0.0
27.0 2.0 Car -1.0 -1.0 -1.0 -1.0 -1.0 -1.0 -1.0 2.064 1.774 4.911 740.344 3.7 1837.57 2.500205411568475 0.0
27.0 0.0 Car -1.0 -1.0 -1.0 -1.0 -1.0 -1.0 -1.0 2.267 2.0 4.957 749.856 -0.337 1768.882 -2.142364568315573 1.0
27.0 4.0 Car -1.0 -1.0 -1.0 -1.0 -1.0 -1.0 -1.0 1.721 1.757 4.319 752.281 2.092 1817.567 -0.666121320632969 1.0
27.0 1.0 Truck -1.0 -1.0 -1.0 -1.0 -1.0 -1.0 -1.0 2.531 3.001 6.19 831.588 0.994 1765.564 -0.6471751245285741 0.0
28.0 2.0 Car -1.0 -1.0 -1.0 -1.0 -1.0 -1.0 -1.0 2.064 1.774 4.911 736.186 4.092 1840.284 2.4769511793398054 0.0
28.0 0.0 Car -1.0 -1.0 -1.0 -1.0 -1.0 -1.0 -1.0 2.267 2.0 4.957 747.578 -0.333 1765.39 -2.148178105066908 0.0
28.0 4.0 Car -1.0 -1.0 -1.0 -1.0 -1.0 -1.0 -1.0 1.721 1.757 4.319 754.671 1.942 1815.67 -0.6661398156115363 0.0
28.0 1.0 Truck -1.0 -1.0 -1.0 -1.0 -1.0 -1.0 -1.0 2.531 3.001 6.19 834.221 1.044 1763.69 -0.6384559495609311 0.0
29.0 2.0 Car -1.0 -1.0 -1.0 -1.0 -1.0 -1.0 -1.0 2.064 1.774 4.911 732.07 4.485 1843.073 2.471124421443485 0.0
29.0 0.0 Car -1.0 -1.0 -1.0 -1.0 -1.0 -1.0 -1.0 2.267 2.0 4.957 745.798 -0.26 1762.669 -2.1539980963414846 0.0
29.0 4.0 Car -1.0 -1.0 -1.0 -1.0 -1.0 -1.0 -1.0 1.721 1.757 4.319 756.393 1.867 1814.243 -0.6748763516836224 0.0
29.0 1.0 Truck -1.0 -1.0 -1.0 -1.0 -1.0 -1.0 -1.0 2.531 3.001 6.19 836.948 1.394 1761.938 -0.6297270940631914 0.0
30.0 2.0 Car -1.0 -1.0 -1.0 -1.0 -1.0 -1.0 -1.0 2.064 1.774 4.911 727.78 4.877 1846.358 2.5234842990033153 0.0
30.0 0.0 Car -1.0 -1.0 -1.0 -1.0 -1.0 -1.0 -1.0 2.267 2.0 4.957 743.667 -0.178 1759.648 -2.0972908147095897 0.0
30.0 4.0 Car -1.0 -1.0 -1.0 -1.0 -1.0 -1.0 -1.0 1.721 1.757 4.319 758.111 1.792 1812.819 -0.6835931081314794 0.0
31.0 2.0 Car -1.0 -1.0 -1.0 -1.0 -1.0 -1.0 -1.0 2.064 1.774 4.911 723.603 5.206 1849.23 2.5234842990033153 0.0
31.0 0.0 Car -1.0 -1.0 -1.0 -1.0 -1.0 -1.0 -1.0 2.267 2.0 4.957 741.886 0.054 1756.417 -2.0754881533277603 0.0
31.0 4.0 Car -1.0 -1.0 -1.0 -1.0 -1.0 -1.0 -1.0 1.721 1.757 4.319 759.554 1.851 1811.459 -0.7359164863616785 0.0
32.0 0.0 Car -1.0 -1.0 -1.0 -1.0 -1.0 -1.0 -1.0 2.267 2.0 4.957 740.377 0.187 1753.38 -2.0536393848781183 0.0
32.0 4.0 Car -1.0 -1.0 -1.0 -1.0 -1.0 -1.0 -1.0 1.721 1.757 4.319 760.926 1.909 1810.021 -0.7883505151911776 0.0
33.0 0.0 Car -1.0 -1.0 -1.0 -1.0 -1.0 -1.0 -1.0 2.267 2.0 4.957 738.785 0.319 1750.155 -2.101638218781656 0.0
33.0 4.0 Car -1.0 -1.0 -1.0 -1.0 -1.0 -1.0 -1.0 1.721 1.757 4.319 762.218 1.968 1808.518 -0.8406727408109674 0.0
34.0 0.0 Car -1.0 -1.0 -1.0 -1.0 -1.0 -1.0 -1.0 2.267 2.0 4.957 737.564 0.251 1747.635 -2.036160176310207 0.0
34.0 4.0 Car -1.0 -1.0 -1.0 -1.0 -1.0 -1.0 -1.0 1.721 1.757 4.319 763.591 2.035 1806.542 -0.9629324404495114 0.0
35.0 0.0 Car -1.0 -1.0 -1.0 -1.0 -1.0 -1.0 -1.0 2.267 2.0 4.957 736.467 0.433 1745.061 -2.0056366084054638 0.0
35.0 4.0 Car -1.0 -1.0 -1.0 -1.0 -1.0 -1.0 -1.0 1.721 1.757 4.319 764.79 2.102 1804.458 -1.085070224634657 0.0
36.0 0.0 Car -1.0 -1.0 -1.0 -1.0 -1.0 -1.0 -1.0 2.267 2.0 4.957 735.494 0.666 1742.438 -1.9576660820664886 0.0
36.0 4.0 Car -1.0 -1.0 -1.0 -1.0 -1.0 -1.0 -1.0 1.721 1.757 4.319 765.563 2.094 1802.17 -1.2071918837297742 0.0
37.0 0.0 Car -1.0 -1.0 -1.0 -1.0 -1.0 -1.0 -1.0 2.267 2.0 4.957 734.555 0.798 1739.801 -1.9794651711420537 0.0
37.0 4.0 Car -1.0 -1.0 -1.0 -1.0 -1.0 -1.0 -1.0 1.721 1.757 4.319 765.907 1.919 1799.369 -1.42835074198423 0.0
38.0 0.0 Car -1.0 -1.0 -1.0 -1.0 -1.0 -1.0 -1.0 2.267 2.0 4.957 733.466 0.797 1737.142 -1.9707433492460327 0.0
38.0 4.0 Car -1.0 -1.0 -1.0 -1.0 -1.0 -1.0 -1.0 1.721 1.757 4.319 765.628 1.844 1796.564 -1.6492616766849104 0.0
39.0 0.0 Car -1.0 -1.0 -1.0 -1.0 -1.0 -1.0 -1.0 2.267 2.0 4.957 732.437 0.896 1734.453 -1.9794651711420537 0.0
39.0 4.0 Car -1.0 -1.0 -1.0 -1.0 -1.0 -1.0 -1.0 1.721 1.757 4.319 764.741 1.719 1793.886 -1.8704169994876187 0.0
