0.0 0.0 Car -1.0 -1.0 -1.0 -1.0 -1.0 -1.0 -1.0 1.849 1.58 4.776 468.175 0.925 1596.557 2.5947984522323897 0.0
0.0 3.0 Car -1.0 -1.0 -1.0 -1.0 -1.0 -1.0 -1.0 1.809 1.808 4.085 426.284 0.751 1623.296 2.5827033205213334 0.0
0.0 4.0 Car -1.0 -1.0 -1.0 -1.0 -1.0 -1.0 -1.0 2.816 3.046 7.329 424.128 0.615 1666.466 -2.0441121666421713 0.0
1.0 0.0 Car -1.0 -1.0 -1.0 -1.0 -1.0 -1.0 -1.0 1.849 1.58 4.776 464.56 0.875 1598.76 2.5947984522323897 1.0
1.0 3.0 Car -1.0 -1.0 -1.0 -1.0 -1.0 -1.0 -1.0 1.809 1.808 4.085 423.721 0.801 1625.003 2.5827033205213334 1.0
1.0 4.0 Car -1.0 -1.0 -1.0 -1.0 -1.0 -1.0 -1.0 2.816 3.046 7.329 422.446 0.565 1663.13 -2.061565459162115 1.0
2.0 0.0 Car -1.0 -1.0 -1.0 -1.0 -1.0 -1.0 -1.0 1.849 1.58 4.776 461.027 0.925 1600.98 2.5947984522323897 1.0
2.0 3.0 Car -1.0 -1.0 -1.0 -1.0 -1.0 -1.0 -1.0 1.809 1.808 4.085 421.116 0.701 1626.669 2.5827033205213334 1.0
2.0 4.0 Car -1.0 -1.0 -1.0 -1.0 -1.0 -1.0 -1.0 2.816 3.046 7.329 421.381 0.515 1661.013 -2.061565459162115 1.0
3.0 0.0 Car -1.0 -1.0 -1.0 -1.0 -1.0 -1.0 -1.0 1.849 1.58 4.776 457.454 0.975 1603.101 2.5947984522323897 1.0
3.0 3.0 Car -1.0 -1.0 -1.0 -1.0 -1.0 -1.0 -1.0 1.809 1.808 4.085 418.354 0.601 1628.33 2.5827033205213334 1.0
3.0 4.0 Car -1.0 -1.0 -1.0 -1.0 -1.0 -1.0 -1.0 2.816 3.046 7.329 420.522 0.565 1659.068 -2.061565459162115 1.0
4.0 0.0 Car -1.0 -1.0 -1.0 -1.0 -1.0 -1.0 -1.0 1.849 1.58 4.776 454.05 0.975 1605.249 2.5947984522323897 1.0
4.0 3.0 Car -1.0 -1.0 -1.0 -1.0 -1.0 -1.0 -1.0 1.809 1.808 4.085 415.609 0.551 1630.012 2.5827033205213334 1.0
4.0 4.0 Car -1.0 -1.0 -1.0 -1.0 -1.0 -1.0 -1.0 2.816 3.046 7.329 419.83 0.565 1657.435 -2.061565459162115 1.0
5.0 0.0 Car -1.0 -1.0 -1.0 -1.0 -1.0 -1.0 -1.0 1.849 1.58 4.776 450.567 0.935 1607.368 2.5947984522323897 1.0
5.0 3.0 Car -1.0 -1.0 -1.0 -1.0 -1.0 -1.0 -1.0 1.809 1.808 4.085 412.62 0.501 1631.887 2.5827033205213334 1.0
5.0 4.0 Car -1.0 -1.0 -1.0 -1.0 -1.0 -1.0 -1.0 2.816 3.046 7.329 419.309 0.665 1656.114 -2.0266588741222287 1.0
6.0 0.0 Car -1.0 -1.0 -1.0 -1.0 -1.0 -1.0 -1.0 1.849 1.58 4.776 447.73 0.895 1609.061 2.5947984522323897 1.0
6.0 3.0 Car -1.0 -1.0 -1.0 -1.0 -1.0 -1.0 -1.0 1.809 1.808 4.085 410.17 0.501 1633.412 2.5827033205213334 1.0
6.0 4.0 Car -1.0 -1.0 -1.0 -1.0 -1.0 -1.0 -1.0 2.816 3.046 7.329 418.858 0.715 1655.263 -2.061565459162115 0.0
7.0 0.0 Car -1.0 -1.0 -1.0 -1.0 -1.0 -1.0 -1.0 1.849 1.58 4.776 444.272 0.855 1610.914 2.7344247923919363 1.0
7.0 3.0 Car -1.0 -1.0 -1.0 -1.0 -1.0 -1.0 -1.0 1.809 1.808 4.085 407.147 0.501 1635.443 2.5652500280013903 0.0
7.0 4.0 Car -1.0 -1.0 -1.0 -1.0 -1.0 -1.0 -1.0 2.816 3.046 7.329 418.536 0.765 1654.118 -2.079018751682058 0.0
8.0 0.0 Car -1.0 -1.0 -1.0 -1.0 -1.0 -1.0 -1.0 1.849 1.58 4.776 440.519 0.815 1612.532 2.75187808491188 1.0
8.0 3.0 Car -1.0 -1.0 -1.0 -1.0 -1.0 -1.0 -1.0 1.809 1.808 4.085 403.968 0.451 1637.542 2.5652500280013903 0.0
8.0 4.0 Car -1.0 -1.0 -1.0 -1.0 -1.0 -1.0 -1.0 2.816 3.046 7.329 418.291 0.715 1653.622 -2.0441121666421713 0.0
9.0 0.0 Car -1.0 -1.0 -1.0 -1.0 -1.0 -1.0 -1.0 1.849 1.58 4.776 436.713 0.824 1614.102 2.75187808491188 1.0
9.0 2.0 Car -1.0 -1.0 -1.0 -1.0 -1.0 -1.0 -1.0 2.024 1.849 5.069 357.623 -0.376 1655.345 -0.5845805796619139 0.0
9.0 3.0 Car -1.0 -1.0 -1.0 -1.0 -1.0 -1.0 -1.0 1.809 1.808 4.085 400.593 0.401 1639.702 2.5652500280013903 0.0
9.0 4.0 Car -1.0 -1.0 -1.0 -1.0 -1.0 -1.0 -1.0 2.816 3.046 7.329 417.927 0.815 1653.242 -2.0441121666421713 0.0
10.0 0.0 Car -1.0 -1.0 -1.0 -1.0 -1.0 -1.0 -1.0 1.849 1.58 4.776 432.67 0.834 1615.927 2.7344247923919363 0.0
10.0 2.0 Car -1.0 -1.0 -1.0 -1.0 -1.0 -1.0 -1.0 2.024 1.849 5.069 362.278 -0.044 1652.23 -0.575854046878642 1.0
10.0 3.0 Car -1.0 -1.0 -1.0 -1.0 -1.0 -1.0 -1.0 1.809 1.808 4.085 397.248 0.451 1641.908 2.5652500280013903 0.0
10.0 4.0 Car -1.0 -1.0 -1.0 -1.0 -1.0 -1.0 -1.0 2.816 3.046 7.329 417.743 0.815 1652.883 -2.0441121666421713 0.0
11.0 0.0 Car -1.0 -1.0 -1.0 -1.0 -1.0 -1.0 -1.0 1.849 1.58 4.776 428.509 0.844 1618.01 2.664611622312163 0.0
11.0 2.0 Car -1.0 -1.0 -1.0 -1.0 -1.0 -1.0 -1.0 2.024 1.849 5.069 366.933 0.287 1649.115 -0.5671272871419707 1.0
11.0 3.0 Car -1.0 -1.0 -1.0 -1.0 -1.0 -1.0 -1.0 1.809 1.808 4.085 393.903 0.501 1644.115 2.5652500280013903 0.0
11.0 4.0 Car -1.0 -1.0 -1.0 -1.0 -1.0 -1.0 -1.0 2.816 3.046 7.329 417.559 0.814 1652.524 -2.0441121666421713 0.0
12.0 0.0 Car -1.0 -1.0 -1.0 -1.0 -1.0 -1.0 -1.0 1.849 1.58 4.776 424.109 0.854 1620.447 2.6471583297922194 0.0
12.0 2.0 Car -1.0 -1.0 -1.0 -1.0 -1.0 -1.0 -1.0 2.024 1.849 5.069 371.635 0.419 1646.05 -0.5671272871419707 1.0
12.0 3.0 Car -1.0 -1.0 -1.0 -1.0 -1.0 -1.0 -1.0 1.809 1.808 4.085 390.075 0.542 1646.455 2.5652500280013903 0.0
12.0 4.0 Car -1.0 -1.0 -1.0 -1.0 -1.0 -1.0 -1.0 2.816 3.046 7.329 418.006 0.864 1653.257 -2.1313786292418873 0.0
13.0 0.0 Car -1.0 -1.0 -1.0 -1.0 -1.0 -1.0 -1.0 1.849 1.58 4.776 420.235 0.864 1622.749 2.6297050372722763 0.0
13.0 2.0 Car -1.0 -1.0 -1.0 -1.0 -1.0 -1.0 -1.0 2.024 1.849 5.069 376.396 0.519 1643.108 -0.5671272871419707 1.0
13.0 3.0 Car -1.0 -1.0 -1.0 -1.0 -1.0 -1.0 -1.0 1.809 1.808 4.085 386.686 0.603 1648.645 2.5652500280013903 0.0
13.0 4.0 Car -1.0 -1.0 -1.0 -1.0 -1.0 -1.0 -1.0 2.816 3.046 7.329 417.559 0.914 1652.524 -2.0441121666421713 0.0
14.0 0.0 Car -1.0 -1.0 -1.0 -1.0 -1.0 -1.0 -1.0 1.849 1.58 4.776 415.643 0.774 1625.639 2.5947984522323897 0.0
14.0 2.0 Car -1.0 -1.0 -1.0 -1.0 -1.0 -1.0 -1.0 2.024 1.849 5.069 380.118 0.619 1640.721 -0.5671272871419707 1.0
14.0 3.0 Car -1.0 -1.0 -1.0 -1.0 -1.0 -1.0 -1.0 1.809 1.808 4.085 383.166 0.587 1650.955 2.5827033205213334 0.0
14.0 4.0 Car -1.0 -1.0 -1.0 -1.0 -1.0 -1.0 -1.0 2.816 3.046 7.329 417.422 0.764 1652.367 -2.0441121666421713 0.0
15.0 0.0 Car -1.0 -1.0 -1.0 -1.0 -1.0 -1.0 -1.0 1.849 1.58 4.776 411.148 0.834 1628.625 2.577345159712446 0.0
15.0 2.0 Car -1.0 -1.0 -1.0 -1.0 -1.0 -1.0 -1.0 2.024 1.849 5.069 383.836 0.719 1638.337 -0.5671272871419707 1.0
15.0 3.0 Car -1.0 -1.0 -1.0 -1.0 -1.0 -1.0 -1.0 1.809 1.808 4.085 379.523 0.848 1653.373 2.5743948074150653 0.0
15.0 4.0 Car -1.0 -1.0 -1.0 -1.0 -1.0 -1.0 -1.0 2.816 3.046 7.329 417.672 0.814 1652.523 -2.0441121666421713 0.0
16.0 0.0 Car -1.0 -1.0 -1.0 -1.0 -1.0 -1.0 -1.0 1.849 1.58 4.776 405.696 0.944 1632.25 2.559891867192503 0.0
16.0 2.0 Car -1.0 -1.0 -1.0 -1.0 -1.0 -1.0 -1.0 2.024 1.849 5.069 387.983 1.059 1635.546 -0.5854177342787117 1.0
16.0 3.0 Car -1.0 -1.0 -1.0 -1.0 -1.0 -1.0 -1.0 1.809 1.808 4.085 375.513 1.135 1656.034 2.5652500280013903 0.0
16.0 4.0 Car -1.0 -1.0 -1.0 -1.0 -1.0 -1.0 -1.0 2.816 3.046 7.329 417.626 1.014 1652.433 -2.0441121666421713 0.0
17.0 0.0 Car -1.0 -1.0 -1.0 -1.0 -1.0 -1.0 -1.0 1.849 1.58 4.776 400.592 1.104 1635.805 2.559891867192503 0.0
17.0 2.0 Car -1.0 -1.0 -1.0 -1.0 -1.0 -1.0 -1.0 2.024 1.849 5.069 391.75 1.369 1633.01 -0.602033872181857 1.0
17.0 3.0 Car -1.0 -1.0 -1.0 -1.0 -1.0 -1.0 -1.0 1.809 1.808 4.085 371.577 1.618 1658.658 2.5652500280013903 0.0
17.0 4.0 Car -1.0 -1.0 -1.0 -1.0 -1.0 -1.0 -1.0 2.816 3.046 7.329 417.603 1.014 1652.388 -2.0441121666421713 0.0
18.0 0.0 Car -1.0 -1.0 -1.0 -1.0 -1.0 -1.0 -1.0 1.849 1.58 4.776 395.552 1.364 1639.515 2.5249852821526164 0.0
18.0 2.0 Car -1.0 -1.0 -1.0 -1.0 -1.0 -1.0 -1.0 2.024 1.849 5.069 395.296 1.669 1630.856 -0.5322207021020846 1.0
18.0 3.0 Car -1.0 -1.0 -1.0 -1.0 -1.0 -1.0 -1.0 1.809 1.808 4.085 367.027 2.275 1661.344 2.5652500280013903 0.0
19.0 0.0 Car -1.0 -1.0 -1.0 -1.0 -1.0 -1.0 -1.0 1.849 1.58 4.776 390.304 1.724 1643.549 2.4900786971127298 0.0
19.0 2.0 Car -1.0 -1.0 -1.0 -1.0 -1.0 -1.0 -1.0 2.024 1.849 5.069 398.417 1.669 1629.349 -0.4100476544624827 1.0
19.0 1.0 Car -1.0 -1.0 -1.0 -1.0 -1.0 -1.0 -1.0 2.887 3.114 9.247 452.356 -0.588 1722.987 -1.7648594863230822 0.0
20.0 0.0 Car -1.0 -1.0 -1.0 -1.0 -1.0 -1.0 -1.0 1.849 1.58 4.776 384.756 2.139 1647.648 2.4726254045927867 0.0
20.0 2.0 Car -1.0 -1.0 -1.0 -1.0 -1.0 -1.0 -1.0 2.024 1.849 5.069 401.241 1.619 1628.591 -0.2355147292630495 1.0
20.0 1.0 Car -1.0 -1.0 -1.0 -1.0 -1.0 -1.0 -1.0 2.887 3.114 9.247 451.663 -0.105 1720.474 -1.9219391190025699 1.0
21.0 0.0 Car -1.0 -1.0 -1.0 -1.0 -1.0 -1.0 -1.0 1.849 1.58 4.776 379.563 2.154 1651.667 2.4726254045927867 0.0
21.0 2.0 Car -1.0 -1.0 -1.0 -1.0 -1.0 -1.0 -1.0 2.024 1.849 5.069 403.958 1.619 1628.523 -0.02607521902372967 1.0
21.0 1.0 Car -1.0 -1.0 -1.0 -1.0 -1.0 -1.0 -1.0 2.887 3.114 9.247 450.108 0.229 1716.687 -1.9917522890823423 1.0
22.0 2.0 Car -1.0 -1.0 -1.0 -1.0 -1.0 -1.0 -1.0 2.024 1.849 5.069 406.334 1.619 1628.847 0.1310044136557602 1.0
22.0 1.0 Car -1.0 -1.0 -1.0 -1.0 -1.0 -1.0 -1.0 2.887 3.114 9.247 448.039 0.512 1713.403 -2.0266588741222287 1.0
23.0 2.0 Car -1.0 -1.0 -1.0 -1.0 -1.0 -1.0 -1.0 2.024 1.849 5.069 408.756 1.569 1629.782 0.3229906313751367 1.0
23.0 1.0 Car -1.0 -1.0 -1.0 -1.0 -1.0 -1.0 -1.0 2.887 3.114 9.247 445.942 0.695 1709.418 -2.009205581602285 1.0
24.0 2.0 Car -1.0 -1.0 -1.0 -1.0 -1.0 -1.0 -1.0 2.024 1.849 5.069 410.974 1.519 1631.203 0.5324301416144565 1.0
24.0 1.0 Car -1.0 -1.0 -1.0 -1.0 -1.0 -1.0 -1.0 2.887 3.114 9.247 444.413 0.845 1706.527 -2.0208411099489143 1.0
25.0 2.0 Car -1.0 -1.0 -1.0 -1.0 -1.0 -1.0 -1.0 2.024 1.849 5.069 412.897 1.469 1632.968 0.7069630668138898 1.0
25.0 1.0 Car -1.0 -1.0 -1.0 -1.0 -1.0 -1.0 -1.0 2.887 3.114 9.247 442.641 0.845 1703.118 -2.032476638295543 1.0
26.0 2.0 Car -1.0 -1.0 -1.0 -1.0 -1.0 -1.0 -1.0 2.024 1.849 5.069 414.335 1.469 1634.845 0.9164025770532096 1.0
26.0 1.0 Car -1.0 -1.0 -1.0 -1.0 -1.0 -1.0 -1.0 2.887 3.114 9.247 440.996 0.895 1699.65 -2.0441121666421713 1.0
27.0 2.0 Car -1.0 -1.0 -1.0 -1.0 -1.0 -1.0 -1.0 2.024 1.849 5.069 415.836 1.419 1637.047 1.0560289172127562 1.0
27.0 1.0 Car -1.0 -1.0 -1.0 -1.0 -1.0 -1.0 -1.0 2.887 3.114 9.247 439.203 0.995 1696.149 -2.0441121666421713 1.0
28.0 2.0 Car -1.0 -1.0 -1.0 -1.0 -1.0 -1.0 -1.0 2.024 1.849 5.069 417.025 1.369 1639.482 1.1083887947725861 0.0
28.0 1.0 Car -1.0 -1.0 -1.0 -1.0 -1.0 -1.0 -1.0 2.887 3.114 9.247 437.474 1.195 1692.774 -2.0441121666421713 0.0
29.0 2.0 Car -1.0 -1.0 -1.0 -1.0 -1.0 -1.0 -1.0 2.024 1.849 5.069 418.095 1.319 1642.083 1.160748672332416 0.0
29.0 1.0 Car -1.0 -1.0 -1.0 -1.0 -1.0 -1.0 -1.0 2.887 3.114 9.247 435.777 1.345 1689.46 -2.0441121666421713 0.0
30.0 2.0 Car -1.0 -1.0 -1.0 -1.0 -1.0 -1.0 -1.0 2.024 1.849 5.069 419.154 1.369 1644.917 1.160748672332416 0.0
30.0 1.0 Car -1.0 -1.0 -1.0 -1.0 -1.0 -1.0 -1.0 2.887 3.114 9.247 434.048 1.345 1686.085 -2.0441121666421713 0.0
31.0 2.0 Car -1.0 -1.0 -1.0 -1.0 -1.0 -1.0 -1.0 2.024 1.849 5.069 420.216 1.469 1647.674 1.160748672332416 0.0
31.0 1.0 Car -1.0 -1.0 -1.0 -1.0 -1.0 -1.0 -1.0 2.887 3.114 9.247 432.352 1.295 1682.772 -2.0441121666421713 0.0
32.0 2.0 Car -1.0 -1.0 -1.0 -1.0 -1.0 -1.0 -1.0 2.024 1.849 5.069 421.12 1.469 1649.891 1.160748672332416 0.0
32.0 1.0 Car -1.0 -1.0 -1.0 -1.0 -1.0 -1.0 -1.0 2.887 3.114 9.247 430.911 1.395 1679.959 -2.0441121666421713 0.0
33.0 2.0 Car -1.0 -1.0 -1.0 -1.0 -1.0 -1.0 -1.0 2.024 1.849 5.069 422.143 1.419 1652.208 1.160748672332416 0.0
33.0 1.0 Car -1.0 -1.0 -1.0 -1.0 -1.0 -1.0 -1.0 2.887 3.114 9.247 429.277 1.495 1676.85 -2.0441121666421713 0.0
34.0 2.0 Car -1.0 -1.0 -1.0 -1.0 -1.0 -1.0 -1.0 2.024 1.849 5.069 422.944 1.462 1653.89 1.1486489698402238 0.0
34.0 1.0 Car -1.0 -1.0 -1.0 -1.0 -1.0 -1.0 -1.0 2.887 3.114 9.247 428.122 1.595 1674.443 -2.0441121666421713 0.0
35.0 2.0 Car -1.0 -1.0 -1.0 -1.0 -1.0 -1.0 -1.0 2.024 1.849 5.069 423.834 1.509 1655.761 1.1351968693872772 0.0
35.0 1.0 Car -1.0 -1.0 -1.0 -1.0 -1.0 -1.0 -1.0 2.887 3.114 9.247 427.066 1.845 1672.143 -2.0441121666421713 0.0
36.0 2.0 Car -1.0 -1.0 -1.0 -1.0 -1.0 -1.0 -1.0 2.024 1.849 5.069 424.511 1.561 1657.137 1.147972198460672 0.0
36.0 1.0 Car -1.0 -1.0 -1.0 -1.0 -1.0 -1.0 -1.0 2.887 3.114 9.247 425.913 1.945 1669.893 -2.0441121666421713 0.0
37.0 2.0 Car -1.0 -1.0 -1.0 -1.0 -1.0 -1.0 -1.0 2.024 1.849 5.069 424.966 1.597 1657.977 1.1374858215802488 0.0
37.0 1.0 Car -1.0 -1.0 -1.0 -1.0 -1.0 -1.0 -1.0 2.887 3.114 9.247 425.081 2.045 1668.267 -2.0441121666421713 0.0
38.0 2.0 Car -1.0 -1.0 -1.0 -1.0 -1.0 -1.0 -1.0 2.024 1.849 5.069 425.471 1.635 1658.909 1.1258537446697328 0.0
38.0 1.0 Car -1.0 -1.0 -1.0 -1.0 -1.0 -1.0 -1.0 2.887 3.114 9.247 424.249 2.095 1666.642 -2.0441121666421713 0.0
39.0 2.0 Car -1.0 -1.0 -1.0 -1.0 -1.0 -1.0 -1.0 2.024 1.849 5.069 425.894 1.652 1659.665 1.0909212621032447 0.0
39.0 1.0 Car -1.0 -1.0 -1.0 -1.0 -1.0 -1.0 -1.0 2.887 3.114 9.247 423.64 2.145 1665.454 -2.0441121666421713 0.0
