0.0 1.0 Car -1.0 -1.0 -1.0 -1.0 -1.0 -1.0 -1.0 1.946 1.54 4.374 1970.555 1.205 1023.115 2.3035902663549574 0.0
1.0 1.0 Car -1.0 -1.0 -1.0 -1.0 -1.0 -1.0 -1.0 1.946 1.54 4.374 1968.395 1.062 1025.055 2.4365536679165247 1.0
2.0 1.0 Car -1.0 -1.0 -1.0 -1.0 -1.0 -1.0 -1.0 1.946 1.54 4.374 1965.772 1.098 1027.15 2.514171134419179 1.0
3.0 1.0 Car -1.0 -1.0 -1.0 -1.0 -1.0 -1.0 -1.0 1.946 1.54 4.374 1962.995 1.135 1029.035 2.5917918651380782 1.0
4.0 1.0 Car -1.0 -1.0 -1.0 -1.0 -1.0 -1.0 -1.0 1.946 1.54 4.374 1959.636 1.071 1031.067 2.5945344908454713 1.0
5.0 1.0 Car -1.0 -1.0 -1.0 -1.0 -1.0 -1.0 -1.0 1.946 1.54 4.374 1955.938 1.002 1033.303 2.5975534269238745 1.0
6.0 1.0 Car -1.0 -1.0 -1.0 -1.0 -1.0 -1.0 -1.0 1.946 1.54 4.374 1952.579 0.939 1035.335 2.600296239193993 1.0
7.0 1.0 Car -1.0 -1.0 -1.0 -1.0 -1.0 -1.0 -1.0 1.946 1.54 4.374 1949.201 0.933 1037.359 2.610775628196751 1.0
8.0 1.0 Car -1.0 -1.0 -1.0 -1.0 -1.0 -1.0 -1.0 1.946 1.54 4.374 1945.077 0.926 1039.829 2.6235694563473615 1.0
9.0 1.0 Car -1.0 -1.0 -1.0 -1.0 -1.0 -1.0 -1.0 1.946 1.54 4.374 1941.024 0.92 1042.259 2.5915852903529215 1.0
10.0 1.0 Car -1.0 -1.0 -1.0 -1.0 -1.0 -1.0 -1.0 1.946 1.54 4.374 1937.047 0.914 1044.821 2.559564141712791 1.0
11.0 1.0 Car -1.0 -1.0 -1.0 -1.0 -1.0 -1.0 -1.0 1.946 1.54 4.374 1932.995 0.908 1047.349 2.571203579121093 1.0
12.0 1.0 Car -1.0 -1.0 -1.0 -1.0 -1.0 -1.0 -1.0 1.946 1.54 4.374 1928.943 0.901 1049.877 2.5828429466740497 1.0
13.0 1.0 Car -1.0 -1.0 -1.0 -1.0 -1.0 -1.0 -1.0 1.946 1.54 4.374 1924.83 0.925 1052.47 2.5783645684021215 1.0
14.0 1.0 Car -1.0 -1.0 -1.0 -1.0 -1.0 -1.0 -1.0 1.946 1.54 4.374 1920.72 0.948 1055.061 2.5738911299818943 1.0
15.0 1.0 Car -1.0 -1.0 -1.0 -1.0 -1.0 -1.0 -1.0 1.946 1.54 4.374 1917.02 0.969 1057.393 2.5698631999624144 1.0
16.0 1.0 Car -1.0 -1.0 -1.0 -1.0 -1.0 -1.0 -1.0 1.946 1.54 4.374 1912.911 0.992 1059.984 2.5653896541541066 1.0
17.0 1.0 Car -1.0 -1.0 -1.0 -1.0 -1.0 -1.0 -1.0 1.946 1.54 4.374 1909.27 0.986 1062.302 2.5712095543764883 1.0
18.0 1.0 Car -1.0 -1.0 -1.0 -1.0 -1.0 -1.0 -1.0 1.946 1.54 4.374 1905.617 0.98 1064.627 2.5770489232711293 1.0
19.0 1.0 Car -1.0 -1.0 -1.0 -1.0 -1.0 -1.0 -1.0 1.946 1.54 4.374 1901.992 0.973 1066.935 2.5828429466740497 1.0
20.0 1.0 Car -1.0 -1.0 -1.0 -1.0 -1.0 -1.0 -1.0 1.946 1.54 4.374 1898.536 0.997 1069.063 2.553318067501743 1.0
21.0 1.0 Car -1.0 -1.0 -1.0 -1.0 -1.0 -1.0 -1.0 1.946 1.54 4.374 1894.816 1.022 1071.518 2.520891785723346 1.0
22.0 0.0 Car -1.0 -1.0 -1.0 -1.0 -1.0 -1.0 -1.0 1.738 1.643 4.373 1865.308 0.836 1129.79 -2.923059977637592 0.0
22.0 1.0 Car -1.0 -1.0 -1.0 -1.0 -1.0 -1.0 -1.0 1.946 1.54 4.374 1891.499 1.045 1073.856 2.4913683224737406 1.0
23.0 0.0 Car -1.0 -1.0 -1.0 -1.0 -1.0 -1.0 -1.0 1.738 1.643 4.373 1863.19 0.853 1129.445 -2.923059977637592 1.0
23.0 1.0 Car -1.0 -1.0 -1.0 -1.0 -1.0 -1.0 -1.0 1.946 1.54 4.374 1888.09 1.093 1076.355 2.4997049929871706 1.0
24.0 0.0 Car -1.0 -1.0 -1.0 -1.0 -1.0 -1.0 -1.0 1.738 1.643 4.373 1861.423 0.87 1129.178 -2.923059977637592 1.0
24.0 1.0 Car -1.0 -1.0 -1.0 -1.0 -1.0 -1.0 -1.0 1.946 1.54 4.374 1884.677 1.14 1078.857 2.508050812696511 1.0
25.0 0.0 Car -1.0 -1.0 -1.0 -1.0 -1.0 -1.0 -1.0 1.738 1.643 4.373 1860.527 0.886 1129.012 -2.923059977637592 1.0
25.0 1.0 Car -1.0 -1.0 -1.0 -1.0 -1.0 -1.0 -1.0 1.946 1.54 4.374 1881.442 1.126 1081.638 2.4058798153014402 1.0
26.0 0.0 Car -1.0 -1.0 -1.0 -1.0 -1.0 -1.0 -1.0 1.738 1.643 4.373 1859.953 0.903 1128.917 -2.923059977637592 1.0
26.0 1.0 Car -1.0 -1.0 -1.0 -1.0 -1.0 -1.0 -1.0 1.946 1.54 4.374 1878.503 1.111 1084.738 2.303590266354957 1.0
27.0 0.0 Car -1.0 -1.0 -1.0 -1.0 -1.0 -1.0 -1.0 1.738 1.643 4.373 1859.615 0.92 1128.875 -2.923059977637592 0.0
27.0 1.0 Car -1.0 -1.0 -1.0 -1.0 -1.0 -1.0 -1.0 1.946 1.54 4.374 1875.451 1.101 1088.342 2.274844142778615 0.0
28.0 0.0 Car -1.0 -1.0 -1.0 -1.0 -1.0 -1.0 -1.0 1.738 1.643 4.373 1859.431 0.939 1128.876 -2.9405191549768603 0.0
28.0 1.0 Car -1.0 -1.0 -1.0 -1.0 -1.0 -1.0 -1.0 1.946 1.54 4.374 1872.501 1.091 1092.036 2.2460691523785714 0.0
29.0 0.0 Car -1.0 -1.0 -1.0 -1.0 -1.0 -1.0 -1.0 1.738 1.643 4.373 1859.265 0.951 1128.877 -2.956223562930051 0.0
29.0 1.0 Car -1.0 -1.0 -1.0 -1.0 -1.0 -1.0 -1.0 1.946 1.54 4.374 1869.938 1.082 1095.43 2.220186249690191 0.0
30.0 0.0 Car -1.0 -1.0 -1.0 -1.0 -1.0 -1.0 -1.0 1.738 1.643 4.373 1859.063 0.914 1128.881 -2.9754198551974222 0.0
30.0 1.0 Car -1.0 -1.0 -1.0 -1.0 -1.0 -1.0 -1.0 1.946 1.54 4.374 1866.927 1.07 1099.667 2.188548268416717 0.0
31.0 0.0 Car -1.0 -1.0 -1.0 -1.0 -1.0 -1.0 -1.0 1.738 1.643 4.373 1858.923 0.935 1128.873 -2.9527440988966047 0.0
31.0 1.0 Car -1.0 -1.0 -1.0 -1.0 -1.0 -1.0 -1.0 1.946 1.54 4.374 1864.175 1.019 1103.676 2.1768899571172016 0.0
32.0 0.0 Car -1.0 -1.0 -1.0 -1.0 -1.0 -1.0 -1.0 1.738 1.643 4.373 1858.783 0.955 1128.866 -2.930045072429628 0.0
32.0 1.0 Car -1.0 -1.0 -1.0 -1.0 -1.0 -1.0 -1.0 1.946 1.54 4.374 1861.42 0.967 1107.689 2.1652196819017986 0.0
33.0 0.0 Car -1.0 -1.0 -1.0 -1.0 -1.0 -1.0 -1.0 1.738 1.643 4.373 1858.625 0.947 1128.953 -2.994585189617926 0.0
33.0 1.0 Car -1.0 -1.0 -1.0 -1.0 -1.0 -1.0 -1.0 1.946 1.54 4.374 1858.808 0.974 1111.786 2.1622868776071855 0.0
34.0 0.0 Car -1.0 -1.0 -1.0 -1.0 -1.0 -1.0 -1.0 1.738 1.643 4.373 1858.425 0.988 1128.954 -3.0591954917019906 0.0
34.0 1.0 Car -1.0 -1.0 -1.0 -1.0 -1.0 -1.0 -1.0 1.946 1.54 4.374 1856.193 0.981 1115.887 2.1593508840006734 0.0
35.0 0.0 Car -1.0 -1.0 -1.0 -1.0 -1.0 -1.0 -1.0 1.738 1.643 4.373 1858.147 1.055 1128.873 -2.9934267132708654 0.0
35.0 1.0 Car -1.0 -1.0 -1.0 -1.0 -1.0 -1.0 -1.0 1.946 1.54 4.374 1853.578 0.987 1119.989 2.156414684821571 0.0
36.0 0.0 Car -1.0 -1.0 -1.0 -1.0 -1.0 -1.0 -1.0 1.738 1.643 4.373 1857.437 1.071 1128.848 -2.989139240180772 0.0
36.0 1.0 Car -1.0 -1.0 -1.0 -1.0 -1.0 -1.0 -1.0 1.946 1.54 4.374 1850.977 0.987 1123.97 2.15830733941373 0.0
37.0 0.0 Car -1.0 -1.0 -1.0 -1.0 -1.0 -1.0 -1.0 1.738 1.643 4.373 1856.734 1.088 1128.907 3.0547872753594483 0.0
37.0 1.0 Car -1.0 -1.0 -1.0 -1.0 -1.0 -1.0 -1.0 1.946 1.54 4.374 1848.394 0.986 1127.924 2.1601871527149283 0.0
38.0 0.0 Car -1.0 -1.0 -1.0 -1.0 -1.0 -1.0 -1.0 1.738 1.643 4.373 1855.239 1.077 1129.044 3.015468906231493 0.0
38.0 1.0 Car -1.0 -1.0 -1.0 -1.0 -1.0 -1.0 -1.0 1.946 1.54 4.374 1845.799 0.985 1131.896 2.16207559605798 0.0
