0.0 0.0 Car -1.0 -1.0 -1.0 -1.0 -1.0 -1.0 -1.0 1.816 1.684 4.862 1412.523 0.904 1258.915 -0.5010840282510922 0.0
0.0 7.0 Car -1.0 -1.0 -1.0 -1.0 -1.0 -1.0 -1.0 2.28 2.0 4.954 1441.279 1.133 1243.253 -2.998056775988285 0.0
0.0 4.0 Truck -1.0 -1.0 -1.0 -1.0 -1.0 -1.0 -1.0 2.457 3.012 7.154 1407.81 1.466 1257.159 -0.5010840282510922 0.0
0.0 5.0 Car -1.0 -1.0 -1.0 -1.0 -1.0 -1.0 -1.0 1.864 1.637 4.526 1416.927 0.866 1251.998 -0.5159716867598769 0.0
0.0 3.0 Truck -1.0 -1.0 -1.0 -1.0 -1.0 -1.0 -1.0 2.057 1.995 5.937 1386.383 1.196 1267.492 -0.5449441523349842 0.0
1.0 0.0 Car -1.0 -1.0 -1.0 -1.0 -1.0 -1.0 -1.0 1.816 1.684 4.862 1412.523 0.91 1258.915 -0.5010840282510922 0.0
1.0 7.0 Car -1.0 -1.0 -1.0 -1.0 -1.0 -1.0 -1.0 2.28 2.0 4.954 1438.106 1.133 1242.413 -2.875883728348681 1.0
1.0 4.0 Truck -1.0 -1.0 -1.0 -1.0 -1.0 -1.0 -1.0 2.457 3.012 7.154 1407.923 1.466 1257.102 -0.5010840282510922 0.0
1.0 5.0 Car -1.0 -1.0 -1.0 -1.0 -1.0 -1.0 -1.0 1.864 1.637 4.526 1416.92 0.866 1252.002 -0.5159716867598769 1.0
1.0 3.0 Truck -1.0 -1.0 -1.0 -1.0 -1.0 -1.0 -1.0 2.057 1.995 5.937 1389.791 1.167 1265.321 -0.5844651494457804 1.0
2.0 0.0 Car -1.0 -1.0 -1.0 -1.0 -1.0 -1.0 -1.0 1.816 1.684 4.862 1412.523 0.915 1258.915 -0.5010840282510922 1.0
2.0 6.0 Car -1.0 -1.0 -1.0 -1.0 -1.0 -1.0 -1.0 1.948 1.464 4.914 1410.722 0.797 1251.909 -0.5480508384199188 0.0
2.0 7.0 Car -1.0 -1.0 -1.0 -1.0 -1.0 -1.0 -1.0 2.28 2.0 4.954 1435.575 1.183 1241.283 -2.7188040956691917 1.0
2.0 4.0 Truck -1.0 -1.0 -1.0 -1.0 -1.0 -1.0 -1.0 2.457 3.012 7.154 1407.944 1.466 1257.096 -0.5010840282510922 1.0
2.0 5.0 Car -1.0 -1.0 -1.0 -1.0 -1.0 -1.0 -1.0 1.864 1.637 4.526 1416.912 0.866 1252.007 -0.5159716867598769 1.0
2.0 3.0 Truck -1.0 -1.0 -1.0 -1.0 -1.0 -1.0 -1.0 2.057 1.995 5.937 1392.597 1.139 1263.419 -0.5890833587889919 1.0
3.0 0.0 Car -1.0 -1.0 -1.0 -1.0 -1.0 -1.0 -1.0 1.816 1.684 4.862 1412.523 0.921 1258.915 -0.5010840282510922 1.0
3.0 6.0 Car -1.0 -1.0 -1.0 -1.0 -1.0 -1.0 -1.0 1.948 1.464 4.914 1410.714 0.797 1251.919 -0.5480508384199188 0.0
3.0 7.0 Car -1.0 -1.0 -1.0 -1.0 -1.0 -1.0 -1.0 2.28 2.0 4.954 1433.183 1.183 1239.763 -2.5268178779498167 1.0
3.0 4.0 Truck -1.0 -1.0 -1.0 -1.0 -1.0 -1.0 -1.0 2.457 3.012 7.154 1407.96 1.466 1257.092 -0.5010840282510922 1.0
3.0 5.0 Car -1.0 -1.0 -1.0 -1.0 -1.0 -1.0 -1.0 1.864 1.637 4.526 1416.904 0.866 1252.011 -0.5159716867598769 1.0
3.0 3.0 Truck -1.0 -1.0 -1.0 -1.0 -1.0 -1.0 -1.0 2.057 1.995 5.937 1395.307 1.11 1261.58 -0.5762639460118831 1.0
4.0 0.0 Car -1.0 -1.0 -1.0 -1.0 -1.0 -1.0 -1.0 1.816 1.684 4.862 1412.523 0.927 1258.915 -0.5010840282510922 1.0
4.0 6.0 Car -1.0 -1.0 -1.0 -1.0 -1.0 -1.0 -1.0 1.948 1.464 4.914 1410.705 0.797 1251.929 -0.5480508384199188 0.0
4.0 7.0 Car -1.0 -1.0 -1.0 -1.0 -1.0 -1.0 -1.0 2.28 2.0 4.954 1430.449 1.183 1237.313 -2.3697382452703293 1.0
4.0 4.0 Truck -1.0 -1.0 -1.0 -1.0 -1.0 -1.0 -1.0 2.457 3.012 7.154 1407.93 1.466 1257.114 -0.5010840282510922 1.0
4.0 5.0 Car -1.0 -1.0 -1.0 -1.0 -1.0 -1.0 -1.0 1.864 1.637 4.526 1416.896 0.866 1252.015 -0.5159716867598769 1.0
4.0 8.0 Car -1.0 -1.0 -1.0 -1.0 -1.0 -1.0 -1.0 1.917 1.977 5.163 1368.056 1.168 1281.995 -0.510785653157289 0.0
4.0 3.0 Truck -1.0 -1.0 -1.0 -1.0 -1.0 -1.0 -1.0 2.057 1.995 5.937 1396.785 1.081 1260.646 -0.5721563155615939 1.0
5.0 0.0 Car -1.0 -1.0 -1.0 -1.0 -1.0 -1.0 -1.0 1.816 1.684 4.862 1412.523 0.932 1258.915 -0.5010840282510922 1.0
5.0 6.0 Car -1.0 -1.0 -1.0 -1.0 -1.0 -1.0 -1.0 1.948 1.464 4.914 1410.696 0.797 1251.939 -0.5480508384199188 1.0
5.0 7.0 Car -1.0 -1.0 -1.0 -1.0 -1.0 -1.0 -1.0 2.28 2.0 4.954 1428.202 1.183 1234.557 -2.282476825399167 1.0
5.0 4.0 Truck -1.0 -1.0 -1.0 -1.0 -1.0 -1.0 -1.0 2.457 3.012 7.154 1407.94 1.466 1257.113 -0.5010840282510922 1.0
5.0 5.0 Car -1.0 -1.0 -1.0 -1.0 -1.0 -1.0 -1.0 1.864 1.637 4.526 1416.889 0.866 1252.02 -0.5159716867598769 1.0
5.0 8.0 Car -1.0 -1.0 -1.0 -1.0 -1.0 -1.0 -1.0 1.917 1.977 5.163 1371.854 1.155 1279.932 -0.506133850554356 1.0
5.0 3.0 Truck -1.0 -1.0 -1.0 -1.0 -1.0 -1.0 -1.0 2.057 1.995 5.937 1398.262 1.053 1259.714 -0.5680533964120458 1.0
6.0 0.0 Car -1.0 -1.0 -1.0 -1.0 -1.0 -1.0 -1.0 1.816 1.684 4.862 1412.523 0.938 1258.915 -0.5010840282510922 1.0
6.0 6.0 Car -1.0 -1.0 -1.0 -1.0 -1.0 -1.0 -1.0 1.948 1.464 4.914 1410.688 0.797 1251.95 -0.5480508384199188 1.0
6.0 7.0 Car -1.0 -1.0 -1.0 -1.0 -1.0 -1.0 -1.0 2.28 2.0 4.954 1426.203 1.183 1231.615 -2.195214532700835 1.0
6.0 4.0 Truck -1.0 -1.0 -1.0 -1.0 -1.0 -1.0 -1.0 2.457 3.012 7.154 1407.942 1.466 1257.117 -0.5010840282510922 1.0
6.0 5.0 Car -1.0 -1.0 -1.0 -1.0 -1.0 -1.0 -1.0 1.864 1.637 4.526 1416.881 0.866 1252.024 -0.5159716867598769 1.0
6.0 8.0 Car -1.0 -1.0 -1.0 -1.0 -1.0 -1.0 -1.0 1.917 1.977 5.163 1375.653 1.141 1277.87 -0.501482001422044 1.0
6.0 3.0 Truck -1.0 -1.0 -1.0 -1.0 -1.0 -1.0 -1.0 2.057 1.995 5.937 1399.739 1.024 1258.781 -0.5639504362232928 1.0
7.0 0.0 Car -1.0 -1.0 -1.0 -1.0 -1.0 -1.0 -1.0 1.816 1.684 4.862 1412.523 0.943 1258.915 -0.5010840282510922 1.0
7.0 6.0 Car -1.0 -1.0 -1.0 -1.0 -1.0 -1.0 -1.0 1.948 1.464 4.914 1410.679 0.797 1251.96 -0.5480508384199188 1.0
7.0 7.0 Car -1.0 -1.0 -1.0 -1.0 -1.0 -1.0 -1.0 2.28 2.0 4.954 1424.343 1.283 1228.367 -2.1253921499911255 1.0
7.0 4.0 Truck -1.0 -1.0 -1.0 -1.0 -1.0 -1.0 -1.0 2.457 3.012 7.154 1407.935 1.466 1257.127 -0.5010840282510922 1.0
7.0 5.0 Car -1.0 -1.0 -1.0 -1.0 -1.0 -1.0 -1.0 1.864 1.637 4.526 1416.873 0.866 1252.029 -0.5159716867598769 1.0
7.0 8.0 Car -1.0 -1.0 -1.0 -1.0 -1.0 -1.0 -1.0 1.917 1.977 5.163 1379.455 1.127 1275.805 -0.4968252387872889 1.0
7.0 3.0 Truck -1.0 -1.0 -1.0 -1.0 -1.0 -1.0 -1.0 2.057 1.995 5.937 1401.217 0.995 1257.848 -0.5598431422944851 1.0
8.0 0.0 Car -1.0 -1.0 -1.0 -1.0 -1.0 -1.0 -1.0 1.816 1.684 4.862 1412.523 0.949 1258.915 -0.5010840282510922 1.0
8.0 6.0 Car -1.0 -1.0 -1.0 -1.0 -1.0 -1.0 -1.0 1.948 1.464 4.914 1410.67 0.797 1251.97 -0.5480508384199188 1.0
8.0 7.0 Car -1.0 -1.0 -1.0 -1.0 -1.0 -1.0 -1.0 2.28 2.0 4.954 1422.432 1.383 1225.156 -2.107938857471183 1.0
8.0 4.0 Truck -1.0 -1.0 -1.0 -1.0 -1.0 -1.0 -1.0 2.457 3.012 7.154 1407.914 1.466 1257.143 -0.5010840282510922 1.0
8.0 5.0 Car -1.0 -1.0 -1.0 -1.0 -1.0 -1.0 -1.0 1.864 1.637 4.526 1417.019 0.873 1251.945 -0.5134806743884655 1.0
8.0 8.0 Car -1.0 -1.0 -1.0 -1.0 -1.0 -1.0 -1.0 1.917 1.977 5.163 1382.441 1.177 1274.29 -0.4955453990669625 1.0
8.0 3.0 Truck -1.0 -1.0 -1.0 -1.0 -1.0 -1.0 -1.0 2.057 1.995 5.937 1402.694 0.967 1256.916 -0.5557403298468699 1.0
9.0 0.0 Car -1.0 -1.0 -1.0 -1.0 -1.0 -1.0 -1.0 1.816 1.684 4.862 1412.523 0.954 1258.915 -0.5010840282510922 1.0
9.0 6.0 Car -1.0 -1.0 -1.0 -1.0 -1.0 -1.0 -1.0 1.948 1.464 4.914 1410.538 0.797 1252.024 -0.5480508384199188 1.0
9.0 7.0 Car -1.0 -1.0 -1.0 -1.0 -1.0 -1.0 -1.0 2.28 2.0 4.954 1420.447 1.483 1221.952 -2.107938857471183 1.0
9.0 4.0 Truck -1.0 -1.0 -1.0 -1.0 -1.0 -1.0 -1.0 2.457 3.012 7.154 1407.873 1.466 1257.171 -0.5010840282510922 1.0
9.0 5.0 Car -1.0 -1.0 -1.0 -1.0 -1.0 -1.0 -1.0 1.864 1.637 4.526 1417.164 0.88 1251.861 -0.5109895872665003 1.0
9.0 8.0 Car -1.0 -1.0 -1.0 -1.0 -1.0 -1.0 -1.0 1.917 1.977 5.163 1385.428 1.227 1272.775 -0.4942655209410751 1.0
9.0 3.0 Truck -1.0 -1.0 -1.0 -1.0 -1.0 -1.0 -1.0 2.057 1.995 5.937 1404.171 0.938 1255.983 -0.5516373942816403 1.0
10.0 0.0 Car -1.0 -1.0 -1.0 -1.0 -1.0 -1.0 -1.0 1.816 1.684 4.862 1412.523 0.954 1258.915 -0.5010840282510922 1.0
10.0 6.0 Car -1.0 -1.0 -1.0 -1.0 -1.0 -1.0 -1.0 1.948 1.464 4.914 1410.424 0.797 1252.107 -0.5480508384199188 1.0
10.0 7.0 Car -1.0 -1.0 -1.0 -1.0 -1.0 -1.0 -1.0 2.28 2.0 4.954 1418.451 1.583 1218.675 -2.1253921499911255 1.0
10.0 4.0 Truck -1.0 -1.0 -1.0 -1.0 -1.0 -1.0 -1.0 2.457 3.012 7.154 1407.792 1.466 1257.22 -0.5010840282510922 1.0
10.0 5.0 Car -1.0 -1.0 -1.0 -1.0 -1.0 -1.0 -1.0 1.864 1.637 4.526 1417.432 0.888 1251.709 -0.5084957842077471 1.0
10.0 8.0 Car -1.0 -1.0 -1.0 -1.0 -1.0 -1.0 -1.0 1.917 1.977 5.163 1388.418 1.277 1271.258 -0.49298424741313385 1.0
10.0 3.0 Truck -1.0 -1.0 -1.0 -1.0 -1.0 -1.0 -1.0 2.057 1.995 5.937 1404.418 0.909 1255.821 -0.5562629751946115 1.0
10.0 2.0 Car -1.0 -1.0 -1.0 -1.0 -1.0 -1.0 -1.0 1.948 1.501 4.97 1415.592 0.858 1248.958 -0.6178640084996911 0.0
11.0 0.0 Car -1.0 -1.0 -1.0 -1.0 -1.0 -1.0 -1.0 1.816 1.684 4.862 1412.709 0.938 1258.827 -0.5049621196309055 1.0
11.0 6.0 Car -1.0 -1.0 -1.0 -1.0 -1.0 -1.0 -1.0 1.948 1.464 4.914 1410.497 0.797 1252.076 -0.5480508384199188 1.0
11.0 7.0 Car -1.0 -1.0 -1.0 -1.0 -1.0 -1.0 -1.0 2.28 2.0 4.954 1416.46 1.683 1215.399 -2.1253921499911255 1.0
11.0 4.0 Truck -1.0 -1.0 -1.0 -1.0 -1.0 -1.0 -1.0 2.457 3.012 7.154 1408.126 1.466 1257.022 -0.5023389886792171 1.0
11.0 5.0 Car -1.0 -1.0 -1.0 -1.0 -1.0 -1.0 -1.0 1.864 1.637 4.526 1418.327 0.895 1251.224 -0.5060046771523008 1.0
11.0 8.0 Car -1.0 -1.0 -1.0 -1.0 -1.0 -1.0 -1.0 1.917 1.977 5.163 1391.405 1.326 1269.743 -0.4917043590457633 1.0
11.0 3.0 Truck -1.0 -1.0 -1.0 -1.0 -1.0 -1.0 -1.0 2.057 1.995 5.937 1404.619 0.881 1255.727 -0.5434302629596255 1.0
11.0 2.0 Car -1.0 -1.0 -1.0 -1.0 -1.0 -1.0 -1.0 1.948 1.501 4.97 1415.644 0.858 1248.914 -0.6411265026085967 1.0
12.0 0.0 Car -1.0 -1.0 -1.0 -1.0 -1.0 -1.0 -1.0 1.816 1.684 4.862 1413.189 0.951 1258.577 -0.5088403118644926 1.0
12.0 6.0 Car -1.0 -1.0 -1.0 -1.0 -1.0 -1.0 -1.0 1.948 1.464 4.914 1410.591 0.807 1252.039 -0.5480508384199188 1.0
12.0 7.0 Car -1.0 -1.0 -1.0 -1.0 -1.0 -1.0 -1.0 2.28 2.0 4.954 1414.774 1.666 1212.365 -2.11377646532171 0.0
12.0 4.0 Truck -1.0 -1.0 -1.0 -1.0 -1.0 -1.0 -1.0 2.457 3.012 7.154 1408.879 1.466 1256.647 -0.5035939817438848 1.0
12.0 5.0 Car -1.0 -1.0 -1.0 -1.0 -1.0 -1.0 -1.0 1.864 1.637 4.526 1419.55 0.902 1250.558 -0.5035135053130411 1.0
12.0 8.0 Car -1.0 -1.0 -1.0 -1.0 -1.0 -1.0 -1.0 1.917 1.977 5.163 1394.392 1.376 1268.228 -0.49042443739357294 1.0
12.0 3.0 Truck -1.0 -1.0 -1.0 -1.0 -1.0 -1.0 -1.0 2.057 1.995 5.937 1404.626 0.895 1255.729 -0.5442827033810049 1.0
12.0 2.0 Car -1.0 -1.0 -1.0 -1.0 -1.0 -1.0 -1.0 1.948 1.501 4.97 1415.696 0.858 1248.871 -0.6643896016827013 1.0
13.0 0.0 Car -1.0 -1.0 -1.0 -1.0 -1.0 -1.0 -1.0 1.816 1.684 4.862 1414.092 0.984 1258.09 -0.5127225847969337 1.0
13.0 6.0 Car -1.0 -1.0 -1.0 -1.0 -1.0 -1.0 -1.0 1.948 1.464 4.914 1410.764 0.777 1251.873 -0.5480508384199188 1.0
13.0 7.0 Car -1.0 -1.0 -1.0 -1.0 -1.0 -1.0 -1.0 2.28 2.0 4.954 1413.086 1.65 1209.327 -2.1021485584342448 0.0
13.0 4.0 Truck -1.0 -1.0 -1.0 -1.0 -1.0 -1.0 -1.0 2.457 3.012 7.154 1409.968 1.466 1256.085 -0.5048502953332847 1.0
13.0 5.0 Car -1.0 -1.0 -1.0 -1.0 -1.0 -1.0 -1.0 1.864 1.637 4.526 1421.318 0.909 1249.592 -0.5010197122210283 1.0
13.0 8.0 Car -1.0 -1.0 -1.0 -1.0 -1.0 -1.0 -1.0 1.917 1.977 5.163 1397.043 1.204 1266.931 -0.4875134543842359 1.0
13.0 3.0 Truck -1.0 -1.0 -1.0 -1.0 -1.0 -1.0 -1.0 2.057 1.995 5.937 1404.633 0.91 1255.732 -0.5451360407544801 1.0
13.0 2.0 Car -1.0 -1.0 -1.0 -1.0 -1.0 -1.0 -1.0 1.948 1.501 4.97 1415.748 0.858 1248.828 -0.6876771785794635 1.0
14.0 0.0 Car -1.0 -1.0 -1.0 -1.0 -1.0 -1.0 -1.0 1.816 1.684 4.862 1415.279 0.938 1257.442 -0.5166165722831182 1.0
14.0 6.0 Car -1.0 -1.0 -1.0 -1.0 -1.0 -1.0 -1.0 1.948 1.464 4.914 1411.101 0.767 1251.668 -0.5480508384199188 1.0
14.0 7.0 Car -1.0 -1.0 -1.0 -1.0 -1.0 -1.0 -1.0 2.28 2.0 4.954 1410.874 1.633 1205.397 -2.0904855649512393 0.0
14.0 4.0 Truck -1.0 -1.0 -1.0 -1.0 -1.0 -1.0 -1.0 2.457 3.012 7.154 1411.495 1.466 1255.281 -0.5061103997826573 1.0
14.0 5.0 Car -1.0 -1.0 -1.0 -1.0 -1.0 -1.0 -1.0 1.864 1.637 4.526 1423.421 0.916 1248.442 -0.4985183942399339 1.0
14.0 8.0 Car -1.0 -1.0 -1.0 -1.0 -1.0 -1.0 -1.0 1.917 1.977 5.163 1399.703 1.032 1265.631 -0.4845936876372528 1.0
14.0 3.0 Truck -1.0 -1.0 -1.0 -1.0 -1.0 -1.0 -1.0 2.057 1.995 5.937 1404.64 0.924 1255.734 -0.5459919530284568 1.0
14.0 2.0 Car -1.0 -1.0 -1.0 -1.0 -1.0 -1.0 -1.0 1.948 1.501 4.97 1416.092 0.852 1248.479 -0.7081439317165922 1.0
15.0 0.0 Car -1.0 -1.0 -1.0 -1.0 -1.0 -1.0 -1.0 1.816 1.684 4.862 1416.666 0.921 1256.717 -0.5204870220500593 1.0
15.0 6.0 Car -1.0 -1.0 -1.0 -1.0 -1.0 -1.0 -1.0 1.948 1.464 4.914 1411.435 0.757 1251.464 -0.5480508384199188 1.0
15.0 7.0 Car -1.0 -1.0 -1.0 -1.0 -1.0 -1.0 -1.0 2.28 2.0 4.954 1410.512 1.607 1204.91 -2.0904855649512393 0.0
15.0 4.0 Truck -1.0 -1.0 -1.0 -1.0 -1.0 -1.0 -1.0 2.457 3.012 7.154 1413.172 1.466 1254.383 -0.5276855153669452 1.0
15.0 5.0 Car -1.0 -1.0 -1.0 -1.0 -1.0 -1.0 -1.0 1.864 1.637 4.526 1425.71 0.936 1247.139 -0.4985183942399339 1.0
15.0 8.0 Car -1.0 -1.0 -1.0 -1.0 -1.0 -1.0 -1.0 1.917 1.977 5.163 1402.207 1.028 1264.226 -0.4933160615797463 1.0
15.0 3.0 Truck -1.0 -1.0 -1.0 -1.0 -1.0 -1.0 -1.0 2.057 1.995 5.937 1404.647 0.939 1255.737 -0.5468426916281802 1.0
15.0 2.0 Car -1.0 -1.0 -1.0 -1.0 -1.0 -1.0 -1.0 1.948 1.501 4.97 1416.9 0.845 1247.734 -0.7284869708739303 1.0
16.0 0.0 Car -1.0 -1.0 -1.0 -1.0 -1.0 -1.0 -1.0 1.816 1.684 4.862 1418.288 0.904 1255.858 -0.5243607146537319 1.0
16.0 6.0 Car -1.0 -1.0 -1.0 -1.0 -1.0 -1.0 -1.0 1.948 1.464 4.914 1411.769 0.747 1251.26 -0.5480508384199188 1.0
16.0 7.0 Car -1.0 -1.0 -1.0 -1.0 -1.0 -1.0 -1.0 2.28 2.0 4.954 1410.149 1.58 1204.423 -2.0904855649512393 0.0
16.0 4.0 Truck -1.0 -1.0 -1.0 -1.0 -1.0 -1.0 -1.0 2.457 3.012 7.154 1415.128 1.466 1253.242 -0.5492787075525376 1.0
16.0 5.0 Car -1.0 -1.0 -1.0 -1.0 -1.0 -1.0 -1.0 1.864 1.637 4.526 1428.33 0.956 1245.655 -0.4985183942399339 1.0
16.0 8.0 Car -1.0 -1.0 -1.0 -1.0 -1.0 -1.0 -1.0 1.917 1.977 5.163 1404.713 1.025 1262.819 -0.5020457435190648 1.0
16.0 3.0 Truck -1.0 -1.0 -1.0 -1.0 -1.0 -1.0 -1.0 2.057 1.995 5.937 1404.654 0.953 1255.74 -0.5476941430149301 1.0
16.0 2.0 Car -1.0 -1.0 -1.0 -1.0 -1.0 -1.0 -1.0 1.948 1.501 4.97 1418.076 0.838 1246.63 -0.7488470543435795 1.0
17.0 0.0 Car -1.0 -1.0 -1.0 -1.0 -1.0 -1.0 -1.0 1.816 1.684 4.862 1420.229 0.888 1254.813 -0.5282389456772321 1.0
17.0 6.0 Car -1.0 -1.0 -1.0 -1.0 -1.0 -1.0 -1.0 1.948 1.464 4.914 1413.671 0.743 1250.038 -0.6605230416932182 1.0
17.0 7.0 Car -1.0 -1.0 -1.0 -1.0 -1.0 -1.0 -1.0 2.28 2.0 4.954 1409.786 1.554 1203.935 -2.0904855649512393 0.0
17.0 4.0 Truck -1.0 -1.0 -1.0 -1.0 -1.0 -1.0 -1.0 2.457 3.012 7.154 1417.202 1.524 1252.027 -0.5708971983308646 1.0
17.0 5.0 Car -1.0 -1.0 -1.0 -1.0 -1.0 -1.0 -1.0 1.864 1.637 4.526 1431.221 0.976 1244.077 -0.4985183942399339 1.0
17.0 8.0 Car -1.0 -1.0 -1.0 -1.0 -1.0 -1.0 -1.0 1.917 1.977 5.163 1407.222 0.991 1261.41 -0.510785653157289 1.0
17.0 3.0 Truck -1.0 -1.0 -1.0 -1.0 -1.0 -1.0 -1.0 2.057 1.995 5.937 1404.662 0.968 1255.742 -0.5485465919624701 1.0
17.0 2.0 Car -1.0 -1.0 -1.0 -1.0 -1.0 -1.0 -1.0 1.948 1.501 4.97 1419.611 0.845 1244.8 -0.8855930788418033 1.0
18.0 0.0 Car -1.0 -1.0 -1.0 -1.0 -1.0 -1.0 -1.0 1.816 1.684 4.862 1422.301 0.771 1253.691 -0.5321168120755493 1.0
18.0 6.0 Car -1.0 -1.0 -1.0 -1.0 -1.0 -1.0 -1.0 1.948 1.464 4.914 1415.423 0.738 1248.611 -0.772983741016709 1.0
18.0 7.0 Car -1.0 -1.0 -1.0 -1.0 -1.0 -1.0 -1.0 2.28 2.0 4.954 1409.423 1.527 1203.447 -2.0904855649512393 0.0
18.0 4.0 Truck -1.0 -1.0 -1.0 -1.0 -1.0 -1.0 -1.0 2.457 3.012 7.154 1419.35 1.459 1250.659 -0.603426814251625 1.0
18.0 5.0 Car -1.0 -1.0 -1.0 -1.0 -1.0 -1.0 -1.0 1.864 1.637 4.526 1434.355 0.996 1242.26 -0.4985183942399339 1.0
18.0 8.0 Car -1.0 -1.0 -1.0 -1.0 -1.0 -1.0 -1.0 1.917 1.977 5.163 1410.489 1.012 1259.745 -0.5177746176252622 1.0
18.0 3.0 Truck -1.0 -1.0 -1.0 -1.0 -1.0 -1.0 -1.0 2.057 1.995 5.937 1405.467 0.982 1255.263 -0.5464912818362095 1.0
18.0 2.0 Car -1.0 -1.0 -1.0 -1.0 -1.0 -1.0 -1.0 1.948 1.501 4.97 1420.882 0.852 1242.779 -1.0223262466938219 1.0
18.0 1.0 Car -1.0 -1.0 -1.0 -1.0 -1.0 -1.0 -1.0 2.039 1.797 4.843 1514.855 1.711 1212.269 2.8174151982203535 0.0
19.0 0.0 Car -1.0 -1.0 -1.0 -1.0 -1.0 -1.0 -1.0 1.816 1.684 4.862 1424.543 0.754 1252.469 -0.5359906132909784 1.0
19.0 6.0 Car -1.0 -1.0 -1.0 -1.0 -1.0 -1.0 -1.0 1.948 1.464 4.914 1417.003 0.734 1246.998 -0.8853253699560675 1.0
19.0 7.0 Car -1.0 -1.0 -1.0 -1.0 -1.0 -1.0 -1.0 2.28 2.0 4.954 1409.219 2.201 1202.791 -2.0904855649512393 0.0
19.0 4.0 Truck -1.0 -1.0 -1.0 -1.0 -1.0 -1.0 -1.0 2.457 3.012 7.154 1421.502 1.453 1249.139 -0.6708106179290132 1.0
19.0 5.0 Car -1.0 -1.0 -1.0 -1.0 -1.0 -1.0 -1.0 1.864 1.637 4.526 1437.928 1.016 1240.346 -0.4985183942399339 1.0
19.0 8.0 Car -1.0 -1.0 -1.0 -1.0 -1.0 -1.0 -1.0 1.917 1.977 5.163 1413.541 1.055 1257.786 -0.5596262478606487 1.0
19.0 3.0 Truck -1.0 -1.0 -1.0 -1.0 -1.0 -1.0 -1.0 2.057 1.995 5.937 1406.185 0.997 1254.839 -0.5444381262997919 1.0
19.0 2.0 Car -1.0 -1.0 -1.0 -1.0 -1.0 -1.0 -1.0 1.948 1.501 4.97 1421.865 0.858 1240.605 -1.1589160766179325 1.0
19.0 1.0 Car -1.0 -1.0 -1.0 -1.0 -1.0 -1.0 -1.0 2.039 1.797 4.843 1510.89 1.575 1213.48 2.7999746194527537 1.0
20.0 0.0 Car -1.0 -1.0 -1.0 -1.0 -1.0 -1.0 -1.0 1.816 1.684 4.862 1426.752 0.713 1251.236 -0.5359906132909784 1.0
20.0 6.0 Car -1.0 -1.0 -1.0 -1.0 -1.0 -1.0 -1.0 1.948 1.464 4.914 1418.393 0.729 1245.216 -0.9977863315056816 1.0
20.0 7.0 Car -1.0 -1.0 -1.0 -1.0 -1.0 -1.0 -1.0 2.28 2.0 4.954 1409.293 2.219 1202.897 -2.0904855649512393 0.0
20.0 4.0 Truck -1.0 -1.0 -1.0 -1.0 -1.0 -1.0 -1.0 2.457 3.012 7.154 1423.34 1.447 1247.368 -0.7731641760633989 1.0
20.0 5.0 Car -1.0 -1.0 -1.0 -1.0 -1.0 -1.0 -1.0 1.864 1.637 4.526 1441.573 1.031 1238.398 -0.4844885977160627 1.0
20.0 8.0 Car -1.0 -1.0 -1.0 -1.0 -1.0 -1.0 -1.0 1.917 1.977 5.163 1415.907 0.804 1256.135 -0.5724293892902357 1.0
20.0 3.0 Truck -1.0 -1.0 -1.0 -1.0 -1.0 -1.0 -1.0 2.057 1.995 5.937 1406.873 0.73 1254.297 -0.5227481514873166 1.0
20.0 2.0 Car -1.0 -1.0 -1.0 -1.0 -1.0 -1.0 -1.0 1.948 1.501 4.97 1422.549 0.848 1237.791 -1.3421123242171584 1.0
20.0 1.0 Car -1.0 -1.0 -1.0 -1.0 -1.0 -1.0 -1.0 2.039 1.797 4.843 1506.922 1.74 1214.693 2.782515319335549 1.0
21.0 0.0 Car -1.0 -1.0 -1.0 -1.0 -1.0 -1.0 -1.0 1.816 1.684 4.862 1429.077 0.722 1249.935 -0.5359906132909784 1.0
21.0 6.0 Car -1.0 -1.0 -1.0 -1.0 -1.0 -1.0 -1.0 1.948 1.464 4.914 1419.575 0.725 1243.289 -1.1102506090695767 0.0
21.0 7.0 Car -1.0 -1.0 -1.0 -1.0 -1.0 -1.0 -1.0 2.28 2.0 4.954 1409.233 2.188 1203.041 -2.0904855649512393 0.0
21.0 4.0 Truck -1.0 -1.0 -1.0 -1.0 -1.0 -1.0 -1.0 2.457 3.012 7.154 1425.052 1.44 1245.42 -0.9220646218342065 1.0
21.0 5.0 Car -1.0 -1.0 -1.0 -1.0 -1.0 -1.0 -1.0 1.864 1.637 4.526 1445.384 1.047 1236.364 -0.4704582398510139 0.0
21.0 8.0 Car -1.0 -1.0 -1.0 -1.0 -1.0 -1.0 -1.0 1.917 1.977 5.163 1418.34 0.742 1254.59 -0.5852330429817414 1.0
21.0 3.0 Truck -1.0 -1.0 -1.0 -1.0 -1.0 -1.0 -1.0 2.057 1.995 5.937 1409.019 0.735 1253.039 -0.5126847128889138 1.0
21.0 2.0 Car -1.0 -1.0 -1.0 -1.0 -1.0 -1.0 -1.0 1.948 1.501 4.97 1422.847 0.878 1234.334 -1.5253159016160147 1.0
21.0 1.0 Car -1.0 -1.0 -1.0 -1.0 -1.0 -1.0 -1.0 2.039 1.797 4.843 1502.969 1.454 1215.958 2.7650553206605233 1.0
22.0 0.0 Car -1.0 -1.0 -1.0 -1.0 -1.0 -1.0 -1.0 1.816 1.684 4.862 1431.492 0.731 1248.581 -0.5359906132909784 1.0
22.0 6.0 Car -1.0 -1.0 -1.0 -1.0 -1.0 -1.0 -1.0 1.948 1.464 4.914 1420.534 0.72 1241.239 -1.2228493459267278 0.0
22.0 7.0 Car -1.0 -1.0 -1.0 -1.0 -1.0 -1.0 -1.0 2.28 2.0 4.954 1409.123 2.231 1202.801 -2.0904855649512393 0.0
22.0 4.0 Truck -1.0 -1.0 -1.0 -1.0 -1.0 -1.0 -1.0 2.457 3.012 7.154 1426.457 1.434 1243.236 -1.0711443842672874 1.0
22.0 5.0 Car -1.0 -1.0 -1.0 -1.0 -1.0 -1.0 -1.0 1.864 1.637 4.526 1449.572 1.062 1234.243 -0.4564109856165159 0.0
22.0 8.0 Car -1.0 -1.0 -1.0 -1.0 -1.0 -1.0 -1.0 1.917 1.977 5.163 1420.702 0.679 1253.028 -0.5980521157570045 1.0
22.0 3.0 Truck -1.0 -1.0 -1.0 -1.0 -1.0 -1.0 -1.0 2.057 1.995 5.937 1411.166 0.741 1251.781 -0.5550227947848194 1.0
22.0 2.0 Car -1.0 -1.0 -1.0 -1.0 -1.0 -1.0 -1.0 1.948 1.501 4.97 1422.684 0.933 1231.204 -1.63016823751412 0.0
22.0 1.0 Car -1.0 -1.0 -1.0 -1.0 -1.0 -1.0 -1.0 2.039 1.797 4.843 1499.141 1.368 1217.284 2.753409755888975 1.0
23.0 0.0 Car -1.0 -1.0 -1.0 -1.0 -1.0 -1.0 -1.0 1.816 1.684 4.862 1434.032 0.76 1247.152 -0.5359906132909784 1.0
23.0 6.0 Car -1.0 -1.0 -1.0 -1.0 -1.0 -1.0 -1.0 1.948 1.464 4.914 1421.255 0.716 1239.097 -1.3352962153443506 0.0
23.0 7.0 Car -1.0 -1.0 -1.0 -1.0 -1.0 -1.0 -1.0 2.28 2.0 4.954 1409.237 2.175 1203.021 -2.0904855649512393 0.0
23.0 4.0 Truck -1.0 -1.0 -1.0 -1.0 -1.0 -1.0 -1.0 2.457 3.012 7.154 1427.521 1.428 1240.871 -1.220023979263412 0.0
23.0 5.0 Car -1.0 -1.0 -1.0 -1.0 -1.0 -1.0 -1.0 1.864 1.637 4.526 1454.005 1.077 1232.001 -0.44238259244558886 0.0
23.0 8.0 Car -1.0 -1.0 -1.0 -1.0 -1.0 -1.0 -1.0 1.917 1.977 5.163 1423.353 0.722 1251.396 -0.5257280785364853 1.0
23.0 3.0 Truck -1.0 -1.0 -1.0 -1.0 -1.0 -1.0 -1.0 2.057 1.995 5.937 1413.254 0.746 1250.435 -0.5973040298948135 1.0
23.0 2.0 Car -1.0 -1.0 -1.0 -1.0 -1.0 -1.0 -1.0 1.948 1.501 4.97 1422.173 1.088 1227.736 -1.7232129901495914 0.0
23.0 1.0 Car -1.0 -1.0 -1.0 -1.0 -1.0 -1.0 -1.0 2.039 1.797 4.843 1495.45 1.282 1218.932 2.741779827464133 1.0
24.0 0.0 Car -1.0 -1.0 -1.0 -1.0 -1.0 -1.0 -1.0 1.816 1.684 4.862 1436.745 0.828 1245.62 -0.5359906132909784 1.0
24.0 6.0 Car -1.0 -1.0 -1.0 -1.0 -1.0 -1.0 -1.0 1.948 1.464 4.914 1421.732 0.711 1236.888 -1.4477539920707843 0.0
24.0 4.0 Truck -1.0 -1.0 -1.0 -1.0 -1.0 -1.0 -1.0 2.457 3.012 7.154 1428.248 1.529 1237.679 -1.398485099963862 0.0
24.0 5.0 Car -1.0 -1.0 -1.0 -1.0 -1.0 -1.0 -1.0 1.864 1.637 4.526 1458.439 1.093 1229.759 -0.4283527959217179 0.0
24.0 8.0 Car -1.0 -1.0 -1.0 -1.0 -1.0 -1.0 -1.0 1.917 1.977 5.163 1425.692 0.764 1250.215 -0.4883051372723775 1.0
24.0 3.0 Truck -1.0 -1.0 -1.0 -1.0 -1.0 -1.0 -1.0 2.057 1.995 5.937 1415.545 0.769 1248.986 -0.6777648496062159 1.0
24.0 2.0 Car -1.0 -1.0 -1.0 -1.0 -1.0 -1.0 -1.0 1.948 1.501 4.97 1421.342 1.203 1224.329 -1.8162670506670102 0.0
24.0 1.0 Car -1.0 -1.0 -1.0 -1.0 -1.0 -1.0 -1.0 2.039 1.797 4.843 1491.759 1.197 1220.579 2.730148735620637 1.0
25.0 0.0 Car -1.0 -1.0 -1.0 -1.0 -1.0 -1.0 -1.0 1.816 1.684 4.862 1439.646 0.837 1243.977 -0.5359906132909784 1.0
25.0 6.0 Car -1.0 -1.0 -1.0 -1.0 -1.0 -1.0 -1.0 1.948 1.464 4.914 1421.958 0.707 1234.636 -1.5603418045766309 0.0
25.0 4.0 Truck -1.0 -1.0 -1.0 -1.0 -1.0 -1.0 -1.0 2.457 3.012 7.154 1428.396 1.63 1234.405 -1.5771525766105232 0.0
25.0 5.0 Car -1.0 -1.0 -1.0 -1.0 -1.0 -1.0 -1.0 1.864 1.637 4.526 1463.213 1.091 1227.491 -0.4357020063017419 0.0
25.0 8.0 Car -1.0 -1.0 -1.0 -1.0 -1.0 -1.0 -1.0 1.917 1.977 5.163 1427.831 0.898 1249.5 -0.3547519397087011 1.0
25.0 3.0 Truck -1.0 -1.0 -1.0 -1.0 -1.0 -1.0 -1.0 2.057 1.995 5.937 1417.554 0.791 1247.18 -0.7787168542268268 1.0
25.0 2.0 Car -1.0 -1.0 -1.0 -1.0 -1.0 -1.0 -1.0 1.948 1.501 4.97 1420.326 1.308 1221.131 -1.8570477774156624 0.0
25.0 1.0 Car -1.0 -1.0 -1.0 -1.0 -1.0 -1.0 -1.0 2.039 1.797 4.843 1489.315 1.111 1221.922 2.7083195248111576 1.0
26.0 0.0 Car -1.0 -1.0 -1.0 -1.0 -1.0 -1.0 -1.0 1.816 1.684 4.862 1442.548 0.866 1242.333 -0.5359906132909784 1.0
26.0 6.0 Car -1.0 -1.0 -1.0 -1.0 -1.0 -1.0 -1.0 1.948 1.464 4.914 1421.8 0.847 1231.49 -1.6476606122925832 0.0
26.0 4.0 Truck -1.0 -1.0 -1.0 -1.0 -1.0 -1.0 -1.0 2.457 3.012 7.154 1427.96 1.732 1231.157 -1.7558186251883525 0.0
26.0 5.0 Car -1.0 -1.0 -1.0 -1.0 -1.0 -1.0 -1.0 1.864 1.637 4.526 1467.988 1.09 1225.223 -0.4430511579403622 0.0
26.0 8.0 Car -1.0 -1.0 -1.0 -1.0 -1.0 -1.0 -1.0 1.917 1.977 5.163 1430.428 0.835 1249.046 -0.13393320751865123 1.0
26.0 3.0 Truck -1.0 -1.0 -1.0 -1.0 -1.0 -1.0 -1.0 2.057 1.995 5.937 1419.37 0.814 1245.181 -0.8796680519495393 1.0
26.0 2.0 Car -1.0 -1.0 -1.0 -1.0 -1.0 -1.0 -1.0 1.948 1.501 4.97 1419.292 1.434 1218.126 -1.9181709428168292 0.0
26.0 1.0 Car -1.0 -1.0 -1.0 -1.0 -1.0 -1.0 -1.0 2.039 1.797 4.843 1486.872 1.025 1223.265 2.6864904884800787 1.0
27.0 0.0 Car -1.0 -1.0 -1.0 -1.0 -1.0 -1.0 -1.0 1.816 1.684 4.862 1445.144 0.855 1240.871 -0.5359906132909784 1.0
27.0 6.0 Car -1.0 -1.0 -1.0 -1.0 -1.0 -1.0 -1.0 1.948 1.464 4.914 1421.369 0.987 1228.373 -1.7348747297760618 0.0
27.0 4.0 Truck -1.0 -1.0 -1.0 -1.0 -1.0 -1.0 -1.0 2.457 3.012 7.154 1427.087 1.833 1228.35 -1.8499625967459432 0.0
27.0 5.0 Car -1.0 -1.0 -1.0 -1.0 -1.0 -1.0 -1.0 1.864 1.637 4.526 1472.757 1.089 1222.959 -0.450391498368504 0.0
27.0 8.0 Car -1.0 -1.0 -1.0 -1.0 -1.0 -1.0 -1.0 1.917 1.977 5.163 1432.431 0.844 1249.242 0.0954034770377068 1.0
27.0 3.0 Truck -1.0 -1.0 -1.0 -1.0 -1.0 -1.0 -1.0 2.057 1.995 5.937 1420.975 0.837 1243.012 -0.9804982149875769 0.0
27.0 2.0 Car -1.0 -1.0 -1.0 -1.0 -1.0 -1.0 -1.0 1.948 1.501 4.97 1418.077 1.559 1215.193 -1.9792208250552632 0.0
27.0 1.0 Car -1.0 -1.0 -1.0 -1.0 -1.0 -1.0 -1.0 2.039 1.797 4.843 1484.431 0.939 1224.606 2.6646876239091046 1.0
28.0 0.0 Car -1.0 -1.0 -1.0 -1.0 -1.0 -1.0 -1.0 1.816 1.684 4.862 1447.066 0.844 1239.809 -0.5359906132909784 0.0
28.0 6.0 Car -1.0 -1.0 -1.0 -1.0 -1.0 -1.0 -1.0 1.948 1.464 4.914 1420.665 1.045 1225.531 -1.8359005029752578 0.0
28.0 4.0 Truck -1.0 -1.0 -1.0 -1.0 -1.0 -1.0 -1.0 2.457 3.012 7.154 1425.953 1.934 1225.637 -1.9441173041302842 0.0
28.0 5.0 Car -1.0 -1.0 -1.0 -1.0 -1.0 -1.0 -1.0 1.864 1.637 4.526 1477.563 1.132 1220.768 -0.45773267586164135 0.0
28.0 8.0 Car -1.0 -1.0 -1.0 -1.0 -1.0 -1.0 -1.0 1.917 1.977 5.163 1434.226 0.852 1250.086 0.39651363778404985 0.0
28.0 3.0 Truck -1.0 -1.0 -1.0 -1.0 -1.0 -1.0 -1.0 2.057 1.995 5.937 1422.292 0.859 1240.654 -1.1744080848561511 0.0
28.0 2.0 Car -1.0 -1.0 -1.0 -1.0 -1.0 -1.0 -1.0 1.948 1.501 4.97 1416.882 1.585 1212.64 -2.005654574318696 0.0
28.0 1.0 Car -1.0 -1.0 -1.0 -1.0 -1.0 -1.0 -1.0 2.039 1.797 4.843 1482.541 0.853 1225.749 2.6428822730209203 0.0
29.0 0.0 Car -1.0 -1.0 -1.0 -1.0 -1.0 -1.0 -1.0 1.816 1.684 4.862 1448.295 0.851 1239.143 -0.5359906132909784 0.0
29.0 6.0 Car -1.0 -1.0 -1.0 -1.0 -1.0 -1.0 -1.0 1.948 1.464 4.914 1419.897 1.092 1223.315 -1.9168057859144831 0.0
29.0 4.0 Truck -1.0 -1.0 -1.0 -1.0 -1.0 -1.0 -1.0 2.457 3.012 7.154 1424.865 2.016 1223.548 -2.0195204774861417 0.0
29.0 5.0 Car -1.0 -1.0 -1.0 -1.0 -1.0 -1.0 -1.0 1.864 1.637 4.526 1481.411 1.166 1219.014 -0.46361180920004763 0.0
29.0 8.0 Car -1.0 -1.0 -1.0 -1.0 -1.0 -1.0 -1.0 1.917 1.977 5.163 1435.447 0.859 1251.104 0.6062250681190829 0.0
29.0 3.0 Truck -1.0 -1.0 -1.0 -1.0 -1.0 -1.0 -1.0 2.057 1.995 5.937 1422.863 0.878 1238.541 -1.2779824381726015 0.0
29.0 2.0 Car -1.0 -1.0 -1.0 -1.0 -1.0 -1.0 -1.0 1.948 1.501 4.97 1415.919 1.606 1210.599 -2.0268238672146914 0.0
29.0 1.0 Car -1.0 -1.0 -1.0 -1.0 -1.0 -1.0 -1.0 2.039 1.797 4.843 1481.145 0.865 1226.416 2.6428822730209203 0.0
30.0 0.0 Car -1.0 -1.0 -1.0 -1.0 -1.0 -1.0 -1.0 1.816 1.684 4.862 1449.585 0.858 1238.438 -0.5267442040095185 0.0
30.0 6.0 Car -1.0 -1.0 -1.0 -1.0 -1.0 -1.0 -1.0 1.948 1.464 4.914 1418.69 1.15 1220.648 -2.0178265766100925 0.0
30.0 4.0 Truck -1.0 -1.0 -1.0 -1.0 -1.0 -1.0 -1.0 2.457 3.012 7.154 1423.592 1.967 1221.091 -2.0544270974411667 0.0
30.0 5.0 Car -1.0 -1.0 -1.0 -1.0 -1.0 -1.0 -1.0 1.864 1.637 4.526 1486.24 1.227 1216.776 -0.4287195295987373 0.0
30.0 8.0 Car -1.0 -1.0 -1.0 -1.0 -1.0 -1.0 -1.0 1.917 1.977 5.163 1436.487 0.746 1252.867 0.9420184988792962 0.0
30.0 3.0 Truck -1.0 -1.0 -1.0 -1.0 -1.0 -1.0 -1.0 2.057 1.995 5.937 1423.292 0.85 1235.206 -1.45826592550177 0.0
30.0 2.0 Car -1.0 -1.0 -1.0 -1.0 -1.0 -1.0 -1.0 1.948 1.501 4.97 1414.712 1.633 1208.052 -2.053256558912411 0.0
30.0 1.0 Car -1.0 -1.0 -1.0 -1.0 -1.0 -1.0 -1.0 2.039 1.797 4.843 1479.538 0.879 1227.345 2.6428822730209203 0.0
31.0 0.0 Car -1.0 -1.0 -1.0 -1.0 -1.0 -1.0 -1.0 1.816 1.684 4.862 1450.875 0.856 1237.733 -0.5174978132253902 0.0
31.0 6.0 Car -1.0 -1.0 -1.0 -1.0 -1.0 -1.0 -1.0 1.948 1.464 4.914 1417.221 1.209 1218.115 -2.1188471652148095 0.0
31.0 4.0 Truck -1.0 -1.0 -1.0 -1.0 -1.0 -1.0 -1.0 2.457 3.012 7.154 1422.235 1.918 1218.679 -2.089333647565914 0.0
31.0 5.0 Car -1.0 -1.0 -1.0 -1.0 -1.0 -1.0 -1.0 1.864 1.637 4.526 1491.202 1.188 1214.683 -0.3938273197990178 0.0
31.0 8.0 Car -1.0 -1.0 -1.0 -1.0 -1.0 -1.0 -1.0 1.917 1.977 5.163 1436.92 0.733 1254.936 1.2778112578887408 0.0
31.0 3.0 Truck -1.0 -1.0 -1.0 -1.0 -1.0 -1.0 -1.0 2.057 1.995 5.937 1423.126 0.878 1231.926 -1.6385490521759645 0.0
31.0 2.0 Car -1.0 -1.0 -1.0 -1.0 -1.0 -1.0 -1.0 1.948 1.501 4.97 1413.435 1.659 1205.54 -2.079689197731844 0.0
31.0 1.0 Car -1.0 -1.0 -1.0 -1.0 -1.0 -1.0 -1.0 2.039 1.797 4.843 1478.305 0.893 1228.054 2.6428822730209203 0.0
32.0 0.0 Car -1.0 -1.0 -1.0 -1.0 -1.0 -1.0 -1.0 1.816 1.684 4.862 1452.297 0.823 1236.953 -0.5082410454380595 0.0
32.0 6.0 Car -1.0 -1.0 -1.0 -1.0 -1.0 -1.0 -1.0 1.948 1.464 4.914 1415.951 1.267 1215.963 -2.109144586127543 0.0
32.0 4.0 Truck -1.0 -1.0 -1.0 -1.0 -1.0 -1.0 -1.0 2.457 3.012 7.154 1421.213 1.923 1216.836 -2.089333647565914 0.0
32.0 5.0 Car -1.0 -1.0 -1.0 -1.0 -1.0 -1.0 -1.0 1.864 1.637 4.526 1496.21 1.05 1212.774 -0.3588959513068648 0.0
32.0 8.0 Car -1.0 -1.0 -1.0 -1.0 -1.0 -1.0 -1.0 1.917 1.977 5.163 1436.675 0.825 1257.038 1.6139808690794304 0.0
32.0 3.0 Truck -1.0 -1.0 -1.0 -1.0 -1.0 -1.0 -1.0 2.057 1.995 5.937 1422.372 0.906 1228.727 -1.8190345062908373 0.0
32.0 2.0 Car -1.0 -1.0 -1.0 -1.0 -1.0 -1.0 -1.0 1.948 1.501 4.97 1412.09 1.686 1203.059 -2.1061515012695518 0.0
32.0 1.0 Car -1.0 -1.0 -1.0 -1.0 -1.0 -1.0 -1.0 2.039 1.797 4.843 1477.744 0.907 1228.386 2.6366464380814914 0.0
33.0 0.0 Car -1.0 -1.0 -1.0 -1.0 -1.0 -1.0 -1.0 1.816 1.684 4.862 1453.75 0.857 1236.168 -0.5008464595462958 0.0
33.0 4.0 Truck -1.0 -1.0 -1.0 -1.0 -1.0 -1.0 -1.0 2.457 3.012 7.154 1420.397 1.927 1215.364 -2.089333647565914 0.0
33.0 8.0 Car -1.0 -1.0 -1.0 -1.0 -1.0 -1.0 -1.0 1.917 1.977 5.163 1435.925 0.809 1258.574 1.8825233151319805 0.0
33.0 3.0 Truck -1.0 -1.0 -1.0 -1.0 -1.0 -1.0 -1.0 2.057 1.995 5.937 1421.691 0.965 1226.85 -1.8788127799047327 0.0
33.0 2.0 Car -1.0 -1.0 -1.0 -1.0 -1.0 -1.0 -1.0 1.948 1.501 4.97 1410.92 1.704 1201.132 -2.127290389151272 0.0
33.0 1.0 Car -1.0 -1.0 -1.0 -1.0 -1.0 -1.0 -1.0 2.039 1.797 4.843 1477.295 0.918 1228.652 2.6316650646554907 0.0
34.0 0.0 Car -1.0 -1.0 -1.0 -1.0 -1.0 -1.0 -1.0 1.816 1.684 4.862 1456.083 0.875 1234.9 -0.49158932181232684 0.0
34.0 4.0 Truck -1.0 -1.0 -1.0 -1.0 -1.0 -1.0 -1.0 2.457 3.012 7.154 1419.376 1.932 1213.521 -2.089333647565914 0.0
34.0 8.0 Car -1.0 -1.0 -1.0 -1.0 -1.0 -1.0 -1.0 1.917 1.977 5.163 1434.399 0.727 1260.168 2.2088238192191096 0.0
34.0 3.0 Truck -1.0 -1.0 -1.0 -1.0 -1.0 -1.0 -1.0 2.057 1.995 5.937 1420.683 1.04 1224.564 -1.9536480337570288 0.0
34.0 1.0 Car -1.0 -1.0 -1.0 -1.0 -1.0 -1.0 -1.0 2.039 1.797 4.843 1476.734 0.933 1228.984 2.6254289805009767 0.0
35.0 0.0 Car -1.0 -1.0 -1.0 -1.0 -1.0 -1.0 -1.0 1.816 1.684 4.862 1458.827 0.942 1233.412 -0.4823333309129363 0.0
35.0 8.0 Car -1.0 -1.0 -1.0 -1.0 -1.0 -1.0 -1.0 1.917 1.977 5.163 1432.488 0.695 1261.437 2.53508389907233 0.0
35.0 3.0 Truck -1.0 -1.0 -1.0 -1.0 -1.0 -1.0 -1.0 2.057 1.995 5.937 1419.506 1.115 1222.36 -2.0284740165301547 0.0
35.0 1.0 Car -1.0 -1.0 -1.0 -1.0 -1.0 -1.0 -1.0 2.039 1.797 4.843 1476.55 1.0 1229.088 2.6254289805009767 0.0
36.0 0.0 Car -1.0 -1.0 -1.0 -1.0 -1.0 -1.0 -1.0 1.816 1.684 4.862 1462.325 0.974 1231.542 -0.4919037803477586 0.0
36.0 8.0 Car -1.0 -1.0 -1.0 -1.0 -1.0 -1.0 -1.0 1.917 1.977 5.163 1430.428 0.688 1262.424 2.6778242839829995 0.0
36.0 3.0 Truck -1.0 -1.0 -1.0 -1.0 -1.0 -1.0 -1.0 2.057 1.995 5.937 1418.857 1.193 1221.107 -2.037203448046973 0.0
36.0 1.0 Car -1.0 -1.0 -1.0 -1.0 -1.0 -1.0 -1.0 2.039 1.797 4.843 1476.366 1.068 1229.193 2.6254289805009767 0.0
37.0 0.0 Car -1.0 -1.0 -1.0 -1.0 -1.0 -1.0 -1.0 1.816 1.684 4.862 1465.937 1.076 1229.61 -0.5014633938232853 0.0
37.0 8.0 Car -1.0 -1.0 -1.0 -1.0 -1.0 -1.0 -1.0 1.917 1.977 5.163 1428.113 0.615 1263.562 2.730347767244868 0.0
37.0 3.0 Truck -1.0 -1.0 -1.0 -1.0 -1.0 -1.0 -1.0 2.057 1.995 5.937 1418.208 1.271 1219.855 -2.045922995831032 0.0
37.0 1.0 Car -1.0 -1.0 -1.0 -1.0 -1.0 -1.0 -1.0 2.039 1.797 4.843 1476.183 1.136 1229.297 2.6254289805009767 0.0
38.0 0.0 Car -1.0 -1.0 -1.0 -1.0 -1.0 -1.0 -1.0 1.816 1.684 4.862 1469.631 1.178 1227.575 -0.5110329051626916 0.0
38.0 8.0 Car -1.0 -1.0 -1.0 -1.0 -1.0 -1.0 -1.0 1.917 1.977 5.163 1425.318 0.692 1264.695 2.730529613188631 0.0
38.0 3.0 Truck -1.0 -1.0 -1.0 -1.0 -1.0 -1.0 -1.0 2.057 1.995 5.937 1417.559 1.349 1218.601 -2.054651571689007 0.0
38.0 1.0 Car -1.0 -1.0 -1.0 -1.0 -1.0 -1.0 -1.0 2.039 1.797 4.843 1476.202 1.203 1229.286 2.6254289805009767 0.0
39.0 0.0 Car -1.0 -1.0 -1.0 -1.0 -1.0 -1.0 -1.0 1.816 1.684 4.862 1473.693 1.31 1225.284 -0.5060612266784434 0.0
39.0 8.0 Car -1.0 -1.0 -1.0 -1.0 -1.0 -1.0 -1.0 1.917 1.977 5.163 1422.082 0.718 1266.201 2.7130860042925313 0.0
39.0 1.0 Car -1.0 -1.0 -1.0 -1.0 -1.0 -1.0 -1.0 2.039 1.797 4.843 1476.221 1.271 1229.275 2.6254289805009767 0.0
