0.0 0.0 Car -1.0 -1.0 -1.0 -1.0 -1.0 -1.0 -1.0 1.914 1.502 4.867 476.418 0.713 1721.986 2.580504205798073 0.0
1.0 0.0 Car -1.0 -1.0 -1.0 -1.0 -1.0 -1.0 -1.0 1.914 1.502 4.867 476.493 0.712 1721.953 2.580504205798073 0.0
2.0 4.0 Car -1.0 -1.0 -1.0 -1.0 -1.0 -1.0 -1.0 1.924 1.725 4.575 477.511 0.926 1717.974 2.629949383367199 0.0
2.0 0.0 Car -1.0 -1.0 -1.0 -1.0 -1.0 -1.0 -1.0 1.914 1.502 4.867 476.523 0.695 1721.949 2.586330837839909 0.0
3.0 4.0 Car -1.0 -1.0 -1.0 -1.0 -1.0 -1.0 -1.0 1.924 1.725 4.575 477.55 0.936 1717.978 2.629949383367199 0.0
3.0 0.0 Car -1.0 -1.0 -1.0 -1.0 -1.0 -1.0 -1.0 1.914 1.502 4.867 476.553 0.678 1721.945 2.5921440691158786 1.0
4.0 4.0 Car -1.0 -1.0 -1.0 -1.0 -1.0 -1.0 -1.0 1.924 1.725 4.575 477.599 0.896 1718.03 2.629949383367199 0.0
4.0 0.0 Car -1.0 -1.0 -1.0 -1.0 -1.0 -1.0 -1.0 1.914 1.502 4.867 476.583 0.661 1721.941 2.5979574983180163 1.0
5.0 4.0 Car -1.0 -1.0 -1.0 -1.0 -1.0 -1.0 -1.0 1.924 1.725 4.575 477.593 0.882 1717.989 2.629949383367199 1.0
5.0 0.0 Car -1.0 -1.0 -1.0 -1.0 -1.0 -1.0 -1.0 1.914 1.502 4.867 476.581 0.638 1721.952 2.5939281944931376 1.0
6.0 4.0 Car -1.0 -1.0 -1.0 -1.0 -1.0 -1.0 -1.0 1.924 1.725 4.575 477.587 0.866 1717.943 2.629949383367199 1.0
6.0 0.0 Car -1.0 -1.0 -1.0 -1.0 -1.0 -1.0 -1.0 1.914 1.502 4.867 476.58 0.613 1721.964 2.5894536270789565 1.0
7.0 4.0 Car -1.0 -1.0 -1.0 -1.0 -1.0 -1.0 -1.0 1.924 1.725 4.575 477.615 0.866 1717.927 2.6474026758871423 1.0
7.0 0.0 Car -1.0 -1.0 -1.0 -1.0 -1.0 -1.0 -1.0 1.914 1.502 4.867 476.593 0.636 1721.966 2.5500664227389285 0.0
8.0 4.0 Car -1.0 -1.0 -1.0 -1.0 -1.0 -1.0 -1.0 1.924 1.725 4.575 477.615 0.816 1717.927 2.6474026758871423 1.0
8.0 0.0 Car -1.0 -1.0 -1.0 -1.0 -1.0 -1.0 -1.0 1.914 1.502 4.867 476.606 0.658 1721.967 2.5106910357183 0.0
8.0 3.0 Car -1.0 -1.0 -1.0 -1.0 -1.0 -1.0 -1.0 2.012 1.461 4.676 605.147 -0.72 1643.892 -0.5981766952246175 0.0
9.0 4.0 Car -1.0 -1.0 -1.0 -1.0 -1.0 -1.0 -1.0 1.924 1.725 4.575 477.63 0.816 1717.955 2.6648559684070854 0.0
9.0 0.0 Car -1.0 -1.0 -1.0 -1.0 -1.0 -1.0 -1.0 1.914 1.502 4.867 476.726 0.668 1722.069 2.5944574720023272 0.0
9.0 3.0 Car -1.0 -1.0 -1.0 -1.0 -1.0 -1.0 -1.0 2.012 1.461 4.676 605.614 -0.748 1643.584 -0.5996552479771203 1.0
10.0 4.0 Car -1.0 -1.0 -1.0 -1.0 -1.0 -1.0 -1.0 1.924 1.725 4.575 477.686 0.766 1718.068 2.6997625534469725 0.0
10.0 0.0 Car -1.0 -1.0 -1.0 -1.0 -1.0 -1.0 -1.0 1.914 1.502 4.867 476.764 0.578 1722.065 2.538613702200595 0.0
10.0 3.0 Car -1.0 -1.0 -1.0 -1.0 -1.0 -1.0 -1.0 2.012 1.461 4.676 606.081 -0.777 1643.276 -0.6011355103708542 1.0
11.0 4.0 Car -1.0 -1.0 -1.0 -1.0 -1.0 -1.0 -1.0 1.924 1.725 4.575 477.686 0.766 1718.068 2.6997625534469725 0.0
11.0 0.0 Car -1.0 -1.0 -1.0 -1.0 -1.0 -1.0 -1.0 1.914 1.502 4.867 476.686 0.58 1722.185 2.552566745095869 0.0
11.0 3.0 Car -1.0 -1.0 -1.0 -1.0 -1.0 -1.0 -1.0 2.012 1.461 4.676 606.629 -0.745 1642.913 -0.602614039460503 1.0
12.0 4.0 Car -1.0 -1.0 -1.0 -1.0 -1.0 -1.0 -1.0 1.924 1.725 4.575 477.726 0.541 1718.136 2.664893216829755 0.0
12.0 0.0 Car -1.0 -1.0 -1.0 -1.0 -1.0 -1.0 -1.0 1.914 1.502 4.867 476.621 0.332 1722.254 2.5490859012639646 0.0
12.0 3.0 Car -1.0 -1.0 -1.0 -1.0 -1.0 -1.0 -1.0 2.012 1.461 4.676 607.227 -0.597 1642.362 -0.5866515353549495 1.0
13.0 4.0 Car -1.0 -1.0 -1.0 -1.0 -1.0 -1.0 -1.0 1.924 1.725 4.575 477.768 0.316 1718.202 2.629949383367199 0.0
13.0 0.0 Car -1.0 -1.0 -1.0 -1.0 -1.0 -1.0 -1.0 1.914 1.502 4.867 476.556 0.084 1722.323 2.545597620758186 0.0
13.0 3.0 Car -1.0 -1.0 -1.0 -1.0 -1.0 -1.0 -1.0 2.012 1.461 4.676 607.826 -0.448 1641.811 -0.5706549280425404 1.0
14.0 4.0 Car -1.0 -1.0 -1.0 -1.0 -1.0 -1.0 -1.0 1.924 1.725 4.575 477.258 0.241 1718.653 2.577589505807369 0.0
14.0 0.0 Car -1.0 -1.0 -1.0 -1.0 -1.0 -1.0 -1.0 1.914 1.502 4.867 475.301 0.102 1723.262 2.522344148191725 0.0
14.0 3.0 Car -1.0 -1.0 -1.0 -1.0 -1.0 -1.0 -1.0 2.012 1.461 4.676 608.424 -0.3 1641.26 -0.5546930945056613 1.0
15.0 4.0 Car -1.0 -1.0 -1.0 -1.0 -1.0 -1.0 -1.0 1.924 1.725 4.575 476.394 0.359 1719.081 2.595042798327312 0.0
15.0 0.0 Car -1.0 -1.0 -1.0 -1.0 -1.0 -1.0 -1.0 1.914 1.502 4.867 473.921 0.123 1724.295 2.496749102592357 0.0
15.0 3.0 Car -1.0 -1.0 -1.0 -1.0 -1.0 -1.0 -1.0 2.012 1.461 4.676 609.766 -0.332 1640.427 -0.56625549877473 1.0
16.0 4.0 Car -1.0 -1.0 -1.0 -1.0 -1.0 -1.0 -1.0 1.924 1.725 4.575 475.252 0.355 1719.806 2.6648559684070854 0.0
16.0 0.0 Car -1.0 -1.0 -1.0 -1.0 -1.0 -1.0 -1.0 1.914 1.502 4.867 472.789 0.139 1725.142 2.475784450678413 0.0
16.0 3.0 Car -1.0 -1.0 -1.0 -1.0 -1.0 -1.0 -1.0 2.012 1.461 4.676 610.845 -0.357 1639.712 -0.5757261512042495 1.0
17.0 4.0 Car -1.0 -1.0 -1.0 -1.0 -1.0 -1.0 -1.0 1.924 1.725 4.575 473.9 0.401 1720.589 2.682309260927029 0.0
17.0 2.0 Car -1.0 -1.0 -1.0 -1.0 -1.0 -1.0 -1.0 1.704 1.374 4.606 601.08 -0.191 1652.143 2.6375241116923975 0.0
17.0 0.0 Car -1.0 -1.0 -1.0 -1.0 -1.0 -1.0 -1.0 1.914 1.502 4.867 470.361 0.141 1727.363 2.52816224974318 0.0
17.0 3.0 Car -1.0 -1.0 -1.0 -1.0 -1.0 -1.0 -1.0 2.012 1.461 4.676 612.041 -0.386 1638.918 -0.5862303860091065 1.0
18.0 4.0 Car -1.0 -1.0 -1.0 -1.0 -1.0 -1.0 -1.0 1.924 1.725 4.575 471.775 0.406 1721.211 2.7030797354861176 0.0
18.0 2.0 Car -1.0 -1.0 -1.0 -1.0 -1.0 -1.0 -1.0 1.704 1.374 4.606 596.657 -0.073 1654.55 2.6375241116923975 1.0
18.0 0.0 Car -1.0 -1.0 -1.0 -1.0 -1.0 -1.0 -1.0 1.914 1.502 4.867 467.858 -0.057 1729.497 2.4408778656385266 0.0
18.0 3.0 Car -1.0 -1.0 -1.0 -1.0 -1.0 -1.0 -1.0 2.012 1.461 4.676 613.236 -0.415 1638.126 -0.5967238403211499 1.0
19.0 4.0 Car -1.0 -1.0 -1.0 -1.0 -1.0 -1.0 -1.0 1.924 1.725 4.575 469.629 0.41 1721.773 2.7238960485863317 0.0
19.0 2.0 Car -1.0 -1.0 -1.0 -1.0 -1.0 -1.0 -1.0 1.704 1.374 4.606 592.224 0.044 1656.961 2.6375241116923975 0.0
19.0 1.0 Car -1.0 -1.0 -1.0 -1.0 -1.0 -1.0 -1.0 2.072 1.772 5.134 631.368 -0.818 1629.769 2.4816662097467788 0.0
19.0 3.0 Car -1.0 -1.0 -1.0 -1.0 -1.0 -1.0 -1.0 2.012 1.461 4.676 614.433 -0.443 1637.332 -0.6072404527288673 1.0
20.0 4.0 Car -1.0 -1.0 -1.0 -1.0 -1.0 -1.0 -1.0 1.924 1.725 4.575 467.916 0.414 1722.222 2.740502079205443 0.0
20.0 2.0 Car -1.0 -1.0 -1.0 -1.0 -1.0 -1.0 -1.0 1.704 1.374 4.606 588.688 0.138 1658.885 2.6375241116923975 0.0
20.0 5.0 Car -1.0 -1.0 -1.0 -1.0 -1.0 -1.0 -1.0 2.011 1.556 4.722 613.946 -0.419 1644.119 2.63045552834617 0.0
20.0 1.0 Car -1.0 -1.0 -1.0 -1.0 -1.0 -1.0 -1.0 2.072 1.772 5.134 629.001 -0.887 1631.696 2.4812528331633597 1.0
20.0 3.0 Car -1.0 -1.0 -1.0 -1.0 -1.0 -1.0 -1.0 2.012 1.461 4.676 615.389 -0.466 1636.698 -0.6156299877445605 1.0
21.0 2.0 Car -1.0 -1.0 -1.0 -1.0 -1.0 -1.0 -1.0 1.704 1.374 4.606 584.273 0.315 1661.186 2.6397058381633194 0.0
21.0 5.0 Car -1.0 -1.0 -1.0 -1.0 -1.0 -1.0 -1.0 2.011 1.556 4.722 609.956 -0.286 1646.369 2.63045552834617 1.0
21.0 1.0 Car -1.0 -1.0 -1.0 -1.0 -1.0 -1.0 -1.0 2.072 1.772 5.134 626.041 -0.636 1634.105 2.4807358090471676 1.0
21.0 3.0 Car -1.0 -1.0 -1.0 -1.0 -1.0 -1.0 -1.0 2.012 1.461 4.676 616.668 -0.508 1635.853 -0.6069170037703069 1.0
22.0 2.0 Car -1.0 -1.0 -1.0 -1.0 -1.0 -1.0 -1.0 1.704 1.374 4.606 579.852 0.493 1663.489 2.64188995904849 0.0
22.0 5.0 Car -1.0 -1.0 -1.0 -1.0 -1.0 -1.0 -1.0 2.011 1.556 4.722 605.96 -0.153 1648.621 2.63045552834617 0.0
22.0 1.0 Car -1.0 -1.0 -1.0 -1.0 -1.0 -1.0 -1.0 2.072 1.772 5.134 622.978 -0.612 1636.386 2.507380957371116 0.0
22.0 3.0 Car -1.0 -1.0 -1.0 -1.0 -1.0 -1.0 -1.0 2.012 1.461 4.676 617.949 -0.55 1635.008 -0.5981944574181578 0.0
23.0 2.0 Car -1.0 -1.0 -1.0 -1.0 -1.0 -1.0 -1.0 1.704 1.374 4.606 575.432 0.671 1665.793 2.6440740755642915 0.0
23.0 5.0 Car -1.0 -1.0 -1.0 -1.0 -1.0 -1.0 -1.0 2.011 1.556 4.722 601.965 -0.02 1650.874 2.63045552834617 0.0
23.0 1.0 Car -1.0 -1.0 -1.0 -1.0 -1.0 -1.0 -1.0 2.072 1.772 5.134 619.979 -0.335 1638.751 2.5165727947866654 0.0
23.0 3.0 Car -1.0 -1.0 -1.0 -1.0 -1.0 -1.0 -1.0 2.012 1.461 4.676 619.23 -0.592 1634.162 -0.5894719285156036 0.0
24.0 2.0 Car -1.0 -1.0 -1.0 -1.0 -1.0 -1.0 -1.0 1.704 1.374 4.606 570.762 0.849 1668.232 2.6462607000979377 0.0
24.0 5.0 Car -1.0 -1.0 -1.0 -1.0 -1.0 -1.0 -1.0 2.011 1.556 4.722 597.504 0.163 1653.313 2.63045552834617 0.0
24.0 1.0 Car -1.0 -1.0 -1.0 -1.0 -1.0 -1.0 -1.0 2.072 1.772 5.134 616.583 -0.135 1641.115 2.5340395363993506 0.0
24.0 3.0 Car -1.0 -1.0 -1.0 -1.0 -1.0 -1.0 -1.0 2.012 1.461 4.676 620.512 -0.634 1633.316 -0.580739383545692 0.0
25.0 2.0 Car -1.0 -1.0 -1.0 -1.0 -1.0 -1.0 -1.0 1.704 1.374 4.606 566.436 1.049 1670.581 2.663713992617881 0.0
25.0 5.0 Car -1.0 -1.0 -1.0 -1.0 -1.0 -1.0 -1.0 2.011 1.556 4.722 593.052 0.346 1655.748 2.63045552834617 0.0
25.0 1.0 Car -1.0 -1.0 -1.0 -1.0 -1.0 -1.0 -1.0 2.072 1.772 5.134 613.194 0.065 1643.473 2.551466524076137 0.0
25.0 3.0 Car -1.0 -1.0 -1.0 -1.0 -1.0 -1.0 -1.0 2.012 1.461 4.676 621.977 -0.639 1632.223 -0.5946767362281786 0.0
26.0 2.0 Car -1.0 -1.0 -1.0 -1.0 -1.0 -1.0 -1.0 1.704 1.374 4.606 562.122 1.249 1673.027 2.6578941079375333 0.0
26.0 5.0 Car -1.0 -1.0 -1.0 -1.0 -1.0 -1.0 -1.0 2.011 1.556 4.722 588.485 0.538 1658.224 2.6188221205065747 0.0
26.0 1.0 Car -1.0 -1.0 -1.0 -1.0 -1.0 -1.0 -1.0 2.072 1.772 5.134 609.797 0.265 1645.838 2.568932672346495 0.0
26.0 3.0 Car -1.0 -1.0 -1.0 -1.0 -1.0 -1.0 -1.0 2.012 1.461 4.676 623.441 -0.643 1631.123 -0.6086454078634289 0.0
27.0 2.0 Car -1.0 -1.0 -1.0 -1.0 -1.0 -1.0 -1.0 1.704 1.374 4.606 557.69 1.399 1675.533 2.617167417250386 0.0
27.0 5.0 Car -1.0 -1.0 -1.0 -1.0 -1.0 -1.0 -1.0 2.011 1.556 4.722 583.492 0.73 1660.94 2.6420955186737785 0.0
27.0 1.0 Car -1.0 -1.0 -1.0 -1.0 -1.0 -1.0 -1.0 2.072 1.772 5.134 605.799 0.407 1648.292 2.589301159941498 0.0
27.0 3.0 Car -1.0 -1.0 -1.0 -1.0 -1.0 -1.0 -1.0 2.012 1.461 4.676 624.902 -0.647 1630.019 -0.622614609855277 0.0
28.0 2.0 Car -1.0 -1.0 -1.0 -1.0 -1.0 -1.0 -1.0 1.704 1.374 4.606 553.055 1.549 1678.257 2.6113541150580515 0.0
28.0 5.0 Car -1.0 -1.0 -1.0 -1.0 -1.0 -1.0 -1.0 2.011 1.556 4.722 578.272 0.996 1663.665 2.647908820866113 0.0
28.0 1.0 Car -1.0 -1.0 -1.0 -1.0 -1.0 -1.0 -1.0 2.072 1.772 5.134 601.805 0.549 1650.743 2.609645837644438 0.0
28.0 3.0 Car -1.0 -1.0 -1.0 -1.0 -1.0 -1.0 -1.0 2.012 1.461 4.676 626.36 -0.651 1628.914 -0.6365674824466193 0.0
29.0 2.0 Car -1.0 -1.0 -1.0 -1.0 -1.0 -1.0 -1.0 1.704 1.374 4.606 548.08 1.773 1681.018 2.6113541150580515 0.0
29.0 5.0 Car -1.0 -1.0 -1.0 -1.0 -1.0 -1.0 -1.0 2.011 1.556 4.722 573.279 1.146 1666.39 2.63045552834617 0.0
29.0 1.0 Car -1.0 -1.0 -1.0 -1.0 -1.0 -1.0 -1.0 2.072 1.772 5.134 597.689 0.768 1653.045 2.6176770456055523 0.0
29.0 3.0 Car -1.0 -1.0 -1.0 -1.0 -1.0 -1.0 -1.0 2.012 1.461 4.676 627.819 -0.656 1627.808 -0.6505365727844468 0.0
30.0 2.0 Car -1.0 -1.0 -1.0 -1.0 -1.0 -1.0 -1.0 1.704 1.374 4.606 543.116 1.996 1683.773 2.6113541150580515 0.0
30.0 5.0 Car -1.0 -1.0 -1.0 -1.0 -1.0 -1.0 -1.0 2.011 1.556 4.722 568.279 1.493 1669.083 2.63045552834617 0.0
30.0 1.0 Car -1.0 -1.0 -1.0 -1.0 -1.0 -1.0 -1.0 2.072 1.772 5.134 593.208 0.986 1655.557 2.625690809141431 0.0
30.0 3.0 Car -1.0 -1.0 -1.0 -1.0 -1.0 -1.0 -1.0 2.012 1.461 4.676 629.481 -0.593 1626.531 -0.6505365727844468 0.0
31.0 5.0 Car -1.0 -1.0 -1.0 -1.0 -1.0 -1.0 -1.0 2.011 1.556 4.722 564.276 1.771 1671.239 2.63045552834617 0.0
31.0 1.0 Car -1.0 -1.0 -1.0 -1.0 -1.0 -1.0 -1.0 2.072 1.772 5.134 589.621 1.161 1657.568 2.632106506053086 0.0
31.0 3.0 Car -1.0 -1.0 -1.0 -1.0 -1.0 -1.0 -1.0 2.012 1.461 4.676 630.812 -0.542 1625.51 -0.6505365727844468 0.0
32.0 5.0 Car -1.0 -1.0 -1.0 -1.0 -1.0 -1.0 -1.0 2.011 1.556 4.722 559.266 1.996 1673.937 2.63045552834617 0.0
32.0 1.0 Car -1.0 -1.0 -1.0 -1.0 -1.0 -1.0 -1.0 2.072 1.772 5.134 585.131 1.38 1660.085 2.6401375374836773 0.0
32.0 3.0 Car -1.0 -1.0 -1.0 -1.0 -1.0 -1.0 -1.0 2.012 1.461 4.676 632.479 -0.479 1624.231 -0.6505365727844468 0.0
33.0 5.0 Car -1.0 -1.0 -1.0 -1.0 -1.0 -1.0 -1.0 2.011 1.556 4.722 554.255 2.221 1676.636 2.63045552834617 0.0
33.0 1.0 Car -1.0 -1.0 -1.0 -1.0 -1.0 -1.0 -1.0 2.072 1.772 5.134 580.703 1.598 1662.482 2.6481683121426007 0.0
33.0 3.0 Car -1.0 -1.0 -1.0 -1.0 -1.0 -1.0 -1.0 2.012 1.461 4.676 634.145 -0.416 1622.952 -0.6505365727844468 0.0
