0.0 0.0 Car -1.0 -1.0 -1.0 -1.0 -1.0 -1.0 -1.0 1.699 1.942 4.276 761.318 1.382 1551.316 3.0687775172985505 0.0
1.0 0.0 Car -1.0 -1.0 -1.0 -1.0 -1.0 -1.0 -1.0 1.699 1.942 4.276 759.18 1.341 1551.381 3.1153590160790943 1.0
2.0 0.0 Car -1.0 -1.0 -1.0 -1.0 -1.0 -1.0 -1.0 1.699 1.942 4.276 757.044 1.301 1551.346 -3.121297105249336 1.0
3.0 0.0 Car -1.0 -1.0 -1.0 -1.0 -1.0 -1.0 -1.0 1.699 1.942 4.276 754.912 1.261 1551.212 -3.074765126893053 1.0
4.0 0.0 Car -1.0 -1.0 -1.0 -1.0 -1.0 -1.0 -1.0 1.699 1.942 4.276 752.99 1.254 1550.963 -3.0573193152468714 1.0
4.0 1.0 Car -1.0 -1.0 -1.0 -1.0 -1.0 -1.0 -1.0 1.941 1.543 4.392 682.962 6.753 1601.118 -0.8124136183525006 0.0
5.0 0.0 Car -1.0 -1.0 -1.0 -1.0 -1.0 -1.0 -1.0 1.699 1.942 4.276 751.068 1.247 1550.714 -3.0398748646816034 1.0
5.0 1.0 Car -1.0 -1.0 -1.0 -1.0 -1.0 -1.0 -1.0 1.941 1.543 4.392 686.853 5.975 1596.923 -0.8298675044446537 1.0
6.0 0.0 Car -1.0 -1.0 -1.0 -1.0 -1.0 -1.0 -1.0 1.699 1.942 4.276 749.149 1.24 1550.413 -2.9862772268571294 1.0
6.0 1.0 Car -1.0 -1.0 -1.0 -1.0 -1.0 -1.0 -1.0 1.941 1.543 4.392 690.632 5.397 1592.617 -0.8298669108724437 1.0
7.0 0.0 Car -1.0 -1.0 -1.0 -1.0 -1.0 -1.0 -1.0 1.699 1.942 4.276 747.679 1.307 1550.124 -2.8854050240965616 1.0
7.0 1.0 Car -1.0 -1.0 -1.0 -1.0 -1.0 -1.0 -1.0 1.941 1.543 4.392 694.241 4.744 1589.0 -0.8124279910120293 1.0
8.0 0.0 Car -1.0 -1.0 -1.0 -1.0 -1.0 -1.0 -1.0 1.699 1.942 4.276 746.242 1.45 1549.635 -2.8717743121085055 1.0
8.0 1.0 Car -1.0 -1.0 -1.0 -1.0 -1.0 -1.0 -1.0 1.941 1.543 4.392 697.853 4.09 1585.379 -0.7949695345209209 1.0
9.0 0.0 Car -1.0 -1.0 -1.0 -1.0 -1.0 -1.0 -1.0 1.699 1.942 4.276 744.805 1.592 1549.146 -2.85815893508341 1.0
9.0 1.0 Car -1.0 -1.0 -1.0 -1.0 -1.0 -1.0 -1.0 1.941 1.543 4.392 701.348 3.437 1581.922 -0.7949649279235184 1.0
10.0 0.0 Car -1.0 -1.0 -1.0 -1.0 -1.0 -1.0 -1.0 1.699 1.942 4.276 743.425 1.643 1548.646 -2.827130472377826 1.0
10.0 1.0 Car -1.0 -1.0 -1.0 -1.0 -1.0 -1.0 -1.0 1.941 1.543 4.392 704.838 2.784 1578.467 -0.7949603258325576 1.0
11.0 0.0 Car -1.0 -1.0 -1.0 -1.0 -1.0 -1.0 -1.0 1.699 1.942 4.276 742.047 1.544 1548.231 -2.7764542128488467 1.0
11.0 1.0 Car -1.0 -1.0 -1.0 -1.0 -1.0 -1.0 -1.0 1.941 1.543 4.392 707.906 2.169 1575.311 -0.8298454488812999 1.0
12.0 0.0 Car -1.0 -1.0 -1.0 -1.0 -1.0 -1.0 -1.0 1.699 1.942 4.276 740.689 1.444 1547.747 -2.7257155993226236 1.0
12.0 1.0 Car -1.0 -1.0 -1.0 -1.0 -1.0 -1.0 -1.0 1.941 1.543 4.392 710.674 1.552 1572.219 -0.8647734959123299 1.0
13.0 0.0 Car -1.0 -1.0 -1.0 -1.0 -1.0 -1.0 -1.0 1.699 1.942 4.276 739.213 1.289 1546.997 -2.6927545780972517 0.0
13.0 1.0 Car -1.0 -1.0 -1.0 -1.0 -1.0 -1.0 -1.0 1.941 1.543 4.392 713.025 1.183 1569.341 -0.8909761602653918 1.0
14.0 0.0 Car -1.0 -1.0 -1.0 -1.0 -1.0 -1.0 -1.0 1.699 1.942 4.276 737.764 1.134 1546.199 -2.659827873292937 0.0
14.0 1.0 Car -1.0 -1.0 -1.0 -1.0 -1.0 -1.0 -1.0 1.941 1.543 4.392 715.103 0.92 1566.5 -0.9520399585120453 1.0
15.0 0.0 Car -1.0 -1.0 -1.0 -1.0 -1.0 -1.0 -1.0 1.699 1.942 4.276 736.055 0.926 1545.233 -2.6269036055473154 0.0
15.0 1.0 Car -1.0 -1.0 -1.0 -1.0 -1.0 -1.0 -1.0 1.941 1.543 4.392 716.847 0.829 1563.424 -1.0218531285918178 1.0
16.0 0.0 Car -1.0 -1.0 -1.0 -1.0 -1.0 -1.0 -1.0 1.699 1.942 4.276 734.71 0.759 1544.42 -2.6005350915526937 0.0
16.0 1.0 Car -1.0 -1.0 -1.0 -1.0 -1.0 -1.0 -1.0 1.941 1.543 4.392 718.12 0.837 1561.071 -1.0639820854130897 0.0
17.0 0.0 Car -1.0 -1.0 -1.0 -1.0 -1.0 -1.0 -1.0 1.699 1.942 4.276 733.038 0.881 1543.525 -2.558373127596533 0.0
17.0 1.0 Car -1.0 -1.0 -1.0 -1.0 -1.0 -1.0 -1.0 1.941 1.543 4.392 719.475 0.846 1558.239 -1.1166442022440402 0.0
18.0 0.0 Car -1.0 -1.0 -1.0 -1.0 -1.0 -1.0 -1.0 1.699 1.942 4.276 731.471 0.804 1542.063 -2.4813695040434185 0.0
18.0 1.0 Car -1.0 -1.0 -1.0 -1.0 -1.0 -1.0 -1.0 1.941 1.543 4.392 720.502 0.855 1555.731 -1.1690040798038697 0.0
19.0 0.0 Car -1.0 -1.0 -1.0 -1.0 -1.0 -1.0 -1.0 1.699 1.942 4.276 729.859 0.761 1540.55 -2.368900820681104 0.0
19.0 1.0 Car -1.0 -1.0 -1.0 -1.0 -1.0 -1.0 -1.0 1.941 1.543 4.392 721.206 0.748 1553.767 -1.2044900140645576 0.0
20.0 0.0 Car -1.0 -1.0 -1.0 -1.0 -1.0 -1.0 -1.0 1.699 1.942 4.276 728.161 0.768 1538.528 -2.2352946804135 0.0
20.0 1.0 Car -1.0 -1.0 -1.0 -1.0 -1.0 -1.0 -1.0 1.941 1.543 4.392 721.89 0.794 1551.984 -1.2133640875034657 0.0
21.0 0.0 Car -1.0 -1.0 -1.0 -1.0 -1.0 -1.0 -1.0 1.699 1.942 4.276 726.873 0.774 1536.526 -2.114850361124612 0.0
21.0 1.0 Car -1.0 -1.0 -1.0 -1.0 -1.0 -1.0 -1.0 1.941 1.543 4.392 722.506 0.836 1550.376 -1.221363957363699 0.0
22.0 0.0 Car -1.0 -1.0 -1.0 -1.0 -1.0 -1.0 -1.0 1.699 1.942 4.276 725.29 0.782 1533.503 -2.0538303180573365 0.0
22.0 1.0 Car -1.0 -1.0 -1.0 -1.0 -1.0 -1.0 -1.0 1.941 1.543 4.392 723.166 0.746 1548.538 -1.2504207331968804 0.0
23.0 0.0 Car -1.0 -1.0 -1.0 -1.0 -1.0 -1.0 -1.0 1.699 1.942 4.276 723.891 0.79 1530.383 -1.9926773134850075 0.0
23.0 1.0 Car -1.0 -1.0 -1.0 -1.0 -1.0 -1.0 -1.0 1.941 1.543 4.392 723.838 0.706 1546.637 -1.2795408231880434 0.0
24.0 0.0 Car -1.0 -1.0 -1.0 -1.0 -1.0 -1.0 -1.0 1.699 1.942 4.276 722.55 0.823 1527.25 -1.983945933681132 0.0
24.0 1.0 Car -1.0 -1.0 -1.0 -1.0 -1.0 -1.0 -1.0 1.941 1.543 4.392 724.588 0.666 1544.255 -1.308630419963414 0.0
25.0 1.0 Car -1.0 -1.0 -1.0 -1.0 -1.0 -1.0 -1.0 1.941 1.543 4.392 725.108 0.664 1541.563 -1.4277320729628422 0.0
26.0 1.0 Car -1.0 -1.0 -1.0 -1.0 -1.0 -1.0 -1.0 1.941 1.543 4.392 725.34 0.662 1538.551 -1.5470968125354099 0.0
27.0 1.0 Car -1.0 -1.0 -1.0 -1.0 -1.0 -1.0 -1.0 1.941 1.543 4.392 725.099 0.509 1535.209 -1.6664543965348193 0.0
