0.0 0.0 Car -1.0 -1.0 -1.0 -1.0 -1.0 -1.0 -1.0 1.987 1.875 4.985 1332.732 1.011 870.495 -0.7071201464458688 0.0
1.0 0.0 Car -1.0 -1.0 -1.0 -1.0 -1.0 -1.0 -1.0 1.987 1.875 4.985 1333.331 1.016 869.994 -0.7036317684702467 1.0
2.0 0.0 Car -1.0 -1.0 -1.0 -1.0 -1.0 -1.0 -1.0 1.987 1.875 4.985 1334.14 1.02 869.314 -0.7001394337639518 1.0
3.0 0.0 Car -1.0 -1.0 -1.0 -1.0 -1.0 -1.0 -1.0 1.987 1.875 4.985 1335.355 1.024 868.292 -0.6966472246681549 1.0
4.0 0.0 Car -1.0 -1.0 -1.0 -1.0 -1.0 -1.0 -1.0 1.987 1.875 4.985 1336.693 1.028 867.17 -0.6931551551395773 1.0
5.0 0.0 Car -1.0 -1.0 -1.0 -1.0 -1.0 -1.0 -1.0 1.987 1.875 4.985 1337.871 1.032 866.181 -0.6896668539259259 1.0
6.0 0.0 Car -1.0 -1.0 -1.0 -1.0 -1.0 -1.0 -1.0 1.987 1.875 4.985 1338.789 1.036 865.445 -0.6896668539259259 1.0
7.0 0.0 Car -1.0 -1.0 -1.0 -1.0 -1.0 -1.0 -1.0 1.987 1.875 4.985 1339.482 1.015 864.864 -0.6896668539259259 1.0
8.0 0.0 Car -1.0 -1.0 -1.0 -1.0 -1.0 -1.0 -1.0 1.987 1.875 4.985 1340.068 0.994 864.37 -0.6896668539259259 1.0
9.0 0.0 Car -1.0 -1.0 -1.0 -1.0 -1.0 -1.0 -1.0 1.987 1.875 4.985 1340.653 0.973 863.877 -0.6896668539259259 1.0
10.0 0.0 Car -1.0 -1.0 -1.0 -1.0 -1.0 -1.0 -1.0 1.987 1.875 4.985 1341.239 0.952 863.383 -0.6896668539259259 1.0
11.0 0.0 Car -1.0 -1.0 -1.0 -1.0 -1.0 -1.0 -1.0 1.987 1.875 4.985 1341.98 0.959 862.666 -0.7838725603165554 1.0
12.0 0.0 Car -1.0 -1.0 -1.0 -1.0 -1.0 -1.0 -1.0 1.987 1.875 4.985 1342.652 0.967 861.881 -0.8780801533985332 1.0
13.0 0.0 Car -1.0 -1.0 -1.0 -1.0 -1.0 -1.0 -1.0 1.987 1.875 4.985 1343.246 0.974 861.038 -0.9722837844286794 1.0
14.0 0.0 Car -1.0 -1.0 -1.0 -1.0 -1.0 -1.0 -1.0 1.987 1.875 4.985 1343.761 0.98 860.054 -1.0666049563298183 1.0
15.0 0.0 Car -1.0 -1.0 -1.0 -1.0 -1.0 -1.0 -1.0 1.987 1.875 4.985 1344.18 0.986 859.026 -1.1609057519643966 1.0
16.0 0.0 Car -1.0 -1.0 -1.0 -1.0 -1.0 -1.0 -1.0 1.987 1.875 4.985 1344.367 0.999 857.846 -1.27203832024168 1.0
17.0 0.0 Car -1.0 -1.0 -1.0 -1.0 -1.0 -1.0 -1.0 1.987 1.875 4.985 1344.431 1.011 856.445 -1.4644195323080822 1.0
18.0 0.0 Car -1.0 -1.0 -1.0 -1.0 -1.0 -1.0 -1.0 1.987 1.875 4.985 1344.289 1.022 855.331 -1.618504849244836 1.0
19.0 0.0 Car -1.0 -1.0 -1.0 -1.0 -1.0 -1.0 -1.0 1.987 1.875 4.985 1343.875 1.022 853.845 -1.7692402114389092 0.0
20.0 0.0 Car -1.0 -1.0 -1.0 -1.0 -1.0 -1.0 -1.0 1.987 1.875 4.985 1343.071 1.022 852.137 -1.9537277865184655 1.0
21.0 0.0 Car -1.0 -1.0 -1.0 -1.0 -1.0 -1.0 -1.0 1.987 1.875 4.985 1342.159 1.022 850.618 -2.0697456761200503 1.0
22.0 0.0 Car -1.0 -1.0 -1.0 -1.0 -1.0 -1.0 -1.0 1.987 1.875 4.985 1341.069 1.022 848.984 -2.2549916700388963 1.0
23.0 0.0 Car -1.0 -1.0 -1.0 -1.0 -1.0 -1.0 -1.0 1.987 1.875 4.985 1339.66 1.008 847.154 -2.244780467698405 1.0
24.0 0.0 Car -1.0 -1.0 -1.0 -1.0 -1.0 -1.0 -1.0 1.987 1.875 4.985 1338.16 0.975 845.308 -2.2469894373832564 1.0
25.0 0.0 Car -1.0 -1.0 -1.0 -1.0 -1.0 -1.0 -1.0 1.987 1.875 4.985 1336.509 0.939 843.275 -2.249420749494362 1.0
26.0 0.0 Car -1.0 -1.0 -1.0 -1.0 -1.0 -1.0 -1.0 1.987 1.875 4.985 1334.883 0.976 841.324 -2.2505046322238056 1.0
27.0 0.0 Car -1.0 -1.0 -1.0 -1.0 -1.0 -1.0 -1.0 1.987 1.875 4.985 1333.096 1.013 839.172 -2.251588497625992 0.0
28.0 0.0 Car -1.0 -1.0 -1.0 -1.0 -1.0 -1.0 -1.0 1.987 1.875 4.985 1331.313 1.05 837.024 -2.252669997857615 0.0
29.0 0.0 Car -1.0 -1.0 -1.0 -1.0 -1.0 -1.0 -1.0 1.987 1.875 4.985 1329.353 1.087 834.66 -2.2537515262460284 0.0
30.0 0.0 Car -1.0 -1.0 -1.0 -1.0 -1.0 -1.0 -1.0 1.987 1.875 4.985 1327.296 1.124 832.176 -2.254833022145836 0.0
31.0 0.0 Car -1.0 -1.0 -1.0 -1.0 -1.0 -1.0 -1.0 1.987 1.875 4.985 1324.94 1.104 829.372 -2.263042054456669 0.0
32.0 0.0 Car -1.0 -1.0 -1.0 -1.0 -1.0 -1.0 -1.0 1.987 1.875 4.985 1322.978 1.088 827.036 -2.2698804723828196 0.0
33.0 0.0 Car -1.0 -1.0 -1.0 -1.0 -1.0 -1.0 -1.0 1.987 1.875 4.985 1321.012 1.071 824.695 -2.276733681259475 0.0
34.0 0.0 Car -1.0 -1.0 -1.0 -1.0 -1.0 -1.0 -1.0 1.987 1.875 4.985 1319.045 1.055 822.353 -2.2835875612070318 0.0
35.0 0.0 Car -1.0 -1.0 -1.0 -1.0 -1.0 -1.0 -1.0 1.987 1.875 4.985 1317.081 1.038 820.015 -2.2904332787411628 0.0
36.0 0.0 Car -1.0 -1.0 -1.0 -1.0 -1.0 -1.0 -1.0 1.987 1.875 4.985 1315.331 1.032 817.82 -2.261131363595512 0.0
37.0 0.0 Car -1.0 -1.0 -1.0 -1.0 -1.0 -1.0 -1.0 1.987 1.875 4.985 1313.205 1.031 815.453 -2.2835753140873924 0.0
38.0 0.0 Car -1.0 -1.0 -1.0 -1.0 -1.0 -1.0 -1.0 1.987 1.875 4.985 1311.192 1.033 813.271 -2.2947943262339088 0.0
