0.0 4.0 Car -1.0 -1.0 -1.0 -1.0 -1.0 -1.0 -1.0 1.761 1.663 4.566 2155.498 1.295 1375.915 1.7310350053899926 0.0
0.0 5.0 Truck -1.0 -1.0 -1.0 -1.0 -1.0 -1.0 -1.0 2.817 3.301 7.823 2083.945 2.258 1395.512 0.0288677456108879 0.0
0.0 0.0 Car -1.0 -1.0 -1.0 -1.0 -1.0 -1.0 -1.0 2.228 1.793 5.741 2105.436 1.374 1385.882 -2.999348319546774 0.0
0.0 6.0 Truck -1.0 -1.0 -1.0 -1.0 -1.0 -1.0 -1.0 3.454 3.871 9.932 2112.221 2.258 1398.295 0.11377801383744424 0.0
1.0 4.0 Car -1.0 -1.0 -1.0 -1.0 -1.0 -1.0 -1.0 1.761 1.663 4.566 2155.183 1.212 1377.872 1.7310350053899926 1.0
1.0 5.0 Truck -1.0 -1.0 -1.0 -1.0 -1.0 -1.0 -1.0 2.817 3.301 7.823 2085.031 2.203 1395.534 0.0288677456108879 1.0
1.0 0.0 Car -1.0 -1.0 -1.0 -1.0 -1.0 -1.0 -1.0 2.228 1.793 5.741 2099.485 1.482 1385.149 -3.0516677589221897 1.0
1.0 6.0 Truck -1.0 -1.0 -1.0 -1.0 -1.0 -1.0 -1.0 3.454 3.871 9.932 2113.107 2.183 1398.397 0.11377801383744424 1.0
2.0 4.0 Car -1.0 -1.0 -1.0 -1.0 -1.0 -1.0 -1.0 1.761 1.663 4.566 2154.833 1.078 1380.123 1.7252153416765568 1.0
2.0 5.0 Truck -1.0 -1.0 -1.0 -1.0 -1.0 -1.0 -1.0 2.817 3.301 7.823 2086.119 2.148 1395.555 0.0288677456108879 1.0
2.0 0.0 Car -1.0 -1.0 -1.0 -1.0 -1.0 -1.0 -1.0 2.228 1.793 5.741 2093.497 1.59 1384.728 -3.1040463378339145 1.0
2.0 6.0 Truck -1.0 -1.0 -1.0 -1.0 -1.0 -1.0 -1.0 3.454 3.871 9.932 2113.995 2.108 1398.498 0.11377801383744424 1.0
3.0 4.0 Car -1.0 -1.0 -1.0 -1.0 -1.0 -1.0 -1.0 1.761 1.663 4.566 2154.561 0.945 1381.88 1.7193953406978337 1.0
3.0 5.0 Truck -1.0 -1.0 -1.0 -1.0 -1.0 -1.0 -1.0 2.817 3.301 7.823 2087.206 2.093 1395.577 0.0288677456108879 1.0
3.0 0.0 Car -1.0 -1.0 -1.0 -1.0 -1.0 -1.0 -1.0 2.228 1.793 5.741 2087.495 1.699 1384.621 3.126757354953323 1.0
3.0 6.0 Truck -1.0 -1.0 -1.0 -1.0 -1.0 -1.0 -1.0 3.454 3.871 9.932 2115.392 2.091 1398.658 0.11377801383744424 1.0
4.0 4.0 Car -1.0 -1.0 -1.0 -1.0 -1.0 -1.0 -1.0 1.761 1.663 4.566 2154.289 0.812 1383.635 1.7135817128700492 1.0
4.0 5.0 Truck -1.0 -1.0 -1.0 -1.0 -1.0 -1.0 -1.0 2.817 3.301 7.823 2088.293 2.038 1395.599 0.0288677456108879 1.0
4.0 0.0 Car -1.0 -1.0 -1.0 -1.0 -1.0 -1.0 -1.0 2.228 1.793 5.741 2081.834 1.799 1384.785 3.120941576339903 1.0
4.0 6.0 Truck -1.0 -1.0 -1.0 -1.0 -1.0 -1.0 -1.0 3.454 3.871 9.932 2116.788 2.075 1398.817 0.11377801383744424 1.0
5.0 4.0 Car -1.0 -1.0 -1.0 -1.0 -1.0 -1.0 -1.0 1.761 1.663 4.566 2154.105 0.776 1384.771 1.7135817128700492 1.0
5.0 5.0 Truck -1.0 -1.0 -1.0 -1.0 -1.0 -1.0 -1.0 2.817 3.301 7.823 2089.379 1.983 1395.621 0.0288677456108879 1.0
5.0 0.0 Car -1.0 -1.0 -1.0 -1.0 -1.0 -1.0 -1.0 2.228 1.793 5.741 2076.174 1.899 1384.95 3.115126007141003 1.0
5.0 6.0 Truck -1.0 -1.0 -1.0 -1.0 -1.0 -1.0 -1.0 3.454 3.871 9.932 2118.183 2.058 1398.977 0.11377801383744424 1.0
6.0 4.0 Car -1.0 -1.0 -1.0 -1.0 -1.0 -1.0 -1.0 1.761 1.663 4.566 2153.921 0.74 1385.907 1.7135817128700492 1.0
6.0 5.0 Truck -1.0 -1.0 -1.0 -1.0 -1.0 -1.0 -1.0 2.817 3.301 7.823 2091.36 1.947 1395.671 0.023234768490828506 1.0
6.0 0.0 Car -1.0 -1.0 -1.0 -1.0 -1.0 -1.0 -1.0 2.228 1.793 5.741 2070.507 1.824 1385.115 3.1093040624333796 0.0
6.0 6.0 Truck -1.0 -1.0 -1.0 -1.0 -1.0 -1.0 -1.0 3.454 3.871 9.932 2120.35 2.026 1399.224 0.11377801383744424 1.0
7.0 4.0 Car -1.0 -1.0 -1.0 -1.0 -1.0 -1.0 -1.0 1.761 1.663 4.566 2153.738 0.704 1387.044 1.7135817128700492 1.0
7.0 5.0 Truck -1.0 -1.0 -1.0 -1.0 -1.0 -1.0 -1.0 2.817 3.301 7.823 2093.341 1.912 1395.722 0.017601352366439563 1.0
7.0 3.0 Car -1.0 -1.0 -1.0 -1.0 -1.0 -1.0 -1.0 1.814 1.797 4.259 2047.809 2.288 1382.574 1.7225876118094636 0.0
7.0 0.0 Car -1.0 -1.0 -1.0 -1.0 -1.0 -1.0 -1.0 2.228 1.793 5.741 2064.37 1.818 1385.845 3.0303800916683743 0.0
7.0 6.0 Truck -1.0 -1.0 -1.0 -1.0 -1.0 -1.0 -1.0 3.454 3.871 9.932 2122.517 1.993 1399.472 0.11377801383744424 1.0
8.0 4.0 Car -1.0 -1.0 -1.0 -1.0 -1.0 -1.0 -1.0 1.761 1.663 4.566 2153.536 0.665 1388.293 1.7135817128700492 1.0
8.0 5.0 Truck -1.0 -1.0 -1.0 -1.0 -1.0 -1.0 -1.0 2.817 3.301 7.823 2095.516 1.873 1395.778 0.011414453090944576 1.0
8.0 1.0 Car -1.0 -1.0 -1.0 -1.0 -1.0 -1.0 -1.0 1.85 1.394 4.416 2075.125 1.372 1392.773 -0.05839871698882825 0.0
8.0 3.0 Car -1.0 -1.0 -1.0 -1.0 -1.0 -1.0 -1.0 1.814 1.797 4.259 2047.725 2.193 1383.106 1.7225876118094636 1.0
8.0 0.0 Car -1.0 -1.0 -1.0 -1.0 -1.0 -1.0 -1.0 2.228 1.793 5.741 2057.72 1.812 1387.201 2.9437018405391515 0.0
8.0 6.0 Truck -1.0 -1.0 -1.0 -1.0 -1.0 -1.0 -1.0 3.454 3.871 9.932 2124.898 1.958 1399.744 0.11377801383744424 1.0
9.0 4.0 Car -1.0 -1.0 -1.0 -1.0 -1.0 -1.0 -1.0 1.761 1.663 4.566 2153.405 0.646 1389.118 1.7193949714175518 1.0
9.0 5.0 Truck -1.0 -1.0 -1.0 -1.0 -1.0 -1.0 -1.0 2.817 3.301 7.823 2097.377 1.789 1395.819 0.028854228733452333 1.0
9.0 1.0 Car -1.0 -1.0 -1.0 -1.0 -1.0 -1.0 -1.0 1.85 1.394 4.416 2078.526 1.41 1392.552 -0.07585200950877158 1.0
9.0 3.0 Car -1.0 -1.0 -1.0 -1.0 -1.0 -1.0 -1.0 1.814 1.797 4.259 2047.648 2.108 1383.59 1.7299454970578747 1.0
9.0 0.0 Car -1.0 -1.0 -1.0 -1.0 -1.0 -1.0 -1.0 2.228 1.793 5.741 2051.801 1.806 1388.929 2.864957967154173 0.0
9.0 6.0 Truck -1.0 -1.0 -1.0 -1.0 -1.0 -1.0 -1.0 3.454 3.871 9.932 2127.41 1.988 1400.031 0.11377801383744424 1.0
10.0 4.0 Car -1.0 -1.0 -1.0 -1.0 -1.0 -1.0 -1.0 1.761 1.663 4.566 2153.364 0.627 1389.337 1.7252085326685975 1.0
10.0 5.0 Truck -1.0 -1.0 -1.0 -1.0 -1.0 -1.0 -1.0 2.817 3.301 7.823 2099.238 1.706 1395.86 0.04629491248658879 1.0
10.0 1.0 Car -1.0 -1.0 -1.0 -1.0 -1.0 -1.0 -1.0 1.85 1.394 4.416 2081.928 1.347 1392.315 -0.04970111029215319 1.0
10.0 3.0 Car -1.0 -1.0 -1.0 -1.0 -1.0 -1.0 -1.0 1.814 1.797 4.259 2047.391 2.122 1384.49 1.8390980766144558 1.0
10.0 0.0 Car -1.0 -1.0 -1.0 -1.0 -1.0 -1.0 -1.0 2.228 1.793 5.741 2045.414 1.8 1391.024 2.7835960062420577 0.0
10.0 6.0 Truck -1.0 -1.0 -1.0 -1.0 -1.0 -1.0 -1.0 3.454 3.871 9.932 2129.922 1.958 1400.318 0.11377801383744424 1.0
11.0 4.0 Car -1.0 -1.0 -1.0 -1.0 -1.0 -1.0 -1.0 1.761 1.663 4.566 2153.324 0.608 1389.557 1.7310350053899926 1.0
11.0 5.0 Truck -1.0 -1.0 -1.0 -1.0 -1.0 -1.0 -1.0 2.817 3.301 7.823 2101.103 1.623 1395.901 0.06377433065077454 1.0
11.0 1.0 Car -1.0 -1.0 -1.0 -1.0 -1.0 -1.0 -1.0 1.85 1.394 4.416 2085.342 1.285 1392.167 -0.02349213194894162 1.0
11.0 3.0 Car -1.0 -1.0 -1.0 -1.0 -1.0 -1.0 -1.0 1.814 1.797 4.259 2047.052 2.036 1385.456 1.9484930756164829 1.0
11.0 0.0 Car -1.0 -1.0 -1.0 -1.0 -1.0 -1.0 -1.0 2.228 1.793 5.741 2039.205 1.795 1393.637 2.7020533467012435 0.0
11.0 6.0 Truck -1.0 -1.0 -1.0 -1.0 -1.0 -1.0 -1.0 3.454 3.871 9.932 2132.916 1.958 1400.66 0.11377801383744424 1.0
12.0 4.0 Car -1.0 -1.0 -1.0 -1.0 -1.0 -1.0 -1.0 1.761 1.663 4.566 2153.292 0.639 1389.635 1.7310350053899926 1.0
12.0 5.0 Truck -1.0 -1.0 -1.0 -1.0 -1.0 -1.0 -1.0 2.817 3.301 7.823 2102.978 1.598 1396.06 0.07249559406105321 1.0
12.0 1.0 Car -1.0 -1.0 -1.0 -1.0 -1.0 -1.0 -1.0 1.85 1.394 4.416 2088.726 1.172 1392.212 -0.006050119525262909 1.0
12.0 3.0 Car -1.0 -1.0 -1.0 -1.0 -1.0 -1.0 -1.0 1.814 1.797 4.259 2046.513 1.801 1386.591 2.0577523284727732 1.0
12.0 0.0 Car -1.0 -1.0 -1.0 -1.0 -1.0 -1.0 -1.0 2.228 1.793 5.741 2033.236 1.789 1396.744 2.6206118718749667 0.0
12.0 6.0 Truck -1.0 -1.0 -1.0 -1.0 -1.0 -1.0 -1.0 3.454 3.871 9.932 2135.906 1.958 1401.002 0.11377801383744424 1.0
13.0 4.0 Car -1.0 -1.0 -1.0 -1.0 -1.0 -1.0 -1.0 1.761 1.663 4.566 2153.296 0.62 1389.56 1.7310350053899926 1.0
13.0 5.0 Truck -1.0 -1.0 -1.0 -1.0 -1.0 -1.0 -1.0 2.817 3.301 7.823 2104.856 1.573 1396.219 0.08122762317071784 1.0
13.0 1.0 Car -1.0 -1.0 -1.0 -1.0 -1.0 -1.0 -1.0 1.85 1.394 4.416 2092.113 1.06 1392.288 0.011413423662206323 1.0
13.0 3.0 Car -1.0 -1.0 -1.0 -1.0 -1.0 -1.0 -1.0 1.814 1.797 4.259 2045.723 1.715 1387.866 2.172966380355951 1.0
13.0 2.0 Car -1.0 -1.0 -1.0 -1.0 -1.0 -1.0 -1.0 1.919 1.498 4.161 2049.203 1.455 1397.262 -0.27583183491108754 0.0
13.0 0.0 Car -1.0 -1.0 -1.0 -1.0 -1.0 -1.0 -1.0 2.228 1.793 5.741 2026.973 1.767 1400.519 2.6031520901175877 0.0
13.0 6.0 Truck -1.0 -1.0 -1.0 -1.0 -1.0 -1.0 -1.0 3.454 3.871 9.932 2139.139 1.933 1401.354 0.11377801383744424 0.0
14.0 4.0 Car -1.0 -1.0 -1.0 -1.0 -1.0 -1.0 -1.0 1.761 1.663 4.566 2153.3 0.601 1389.484 1.7310350053899926 0.0
14.0 5.0 Truck -1.0 -1.0 -1.0 -1.0 -1.0 -1.0 -1.0 2.817 3.301 7.823 2106.461 1.573 1396.383 0.10742153734220983 1.0
14.0 1.0 Car -1.0 -1.0 -1.0 -1.0 -1.0 -1.0 -1.0 1.85 1.394 4.416 2095.5 0.947 1392.378 0.02887654809900209 1.0
14.0 3.0 Car -1.0 -1.0 -1.0 -1.0 -1.0 -1.0 -1.0 1.814 1.797 4.259 2044.55 1.629 1389.353 2.2881776695717084 1.0
14.0 2.0 Car -1.0 -1.0 -1.0 -1.0 -1.0 -1.0 -1.0 1.919 1.498 4.161 2053.768 1.347 1396.096 -0.25254329597179415 1.0
14.0 0.0 Car -1.0 -1.0 -1.0 -1.0 -1.0 -1.0 -1.0 2.228 1.793 5.741 2020.711 1.744 1404.293 2.585692727020689 0.0
14.0 6.0 Truck -1.0 -1.0 -1.0 -1.0 -1.0 -1.0 -1.0 3.454 3.871 9.932 2142.372 1.908 1401.706 0.11377801383744424 0.0
15.0 4.0 Car -1.0 -1.0 -1.0 -1.0 -1.0 -1.0 -1.0 1.761 1.663 4.566 2153.304 0.582 1389.409 1.7310350053899926 0.0
15.0 5.0 Truck -1.0 -1.0 -1.0 -1.0 -1.0 -1.0 -1.0 2.817 3.301 7.823 2108.059 1.573 1396.59 0.13358750073054781 0.0
15.0 1.0 Car -1.0 -1.0 -1.0 -1.0 -1.0 -1.0 -1.0 1.85 1.394 4.416 2098.884 0.835 1392.468 0.04632103813083166 0.0
15.0 3.0 Car -1.0 -1.0 -1.0 -1.0 -1.0 -1.0 -1.0 1.814 1.797 4.259 2043.216 1.543 1390.694 2.4032660200872527 1.0
15.0 2.0 Car -1.0 -1.0 -1.0 -1.0 -1.0 -1.0 -1.0 1.919 1.498 4.161 2058.338 1.238 1394.971 -0.2292796075721184 1.0
15.0 0.0 Car -1.0 -1.0 -1.0 -1.0 -1.0 -1.0 -1.0 2.228 1.793 5.741 2014.454 1.722 1408.064 2.568251994315137 0.0
15.0 6.0 Truck -1.0 -1.0 -1.0 -1.0 -1.0 -1.0 -1.0 3.454 3.871 9.932 2145.602 1.883 1402.058 0.11377801383744424 0.0
16.0 4.0 Car -1.0 -1.0 -1.0 -1.0 -1.0 -1.0 -1.0 1.761 1.663 4.566 2153.306 0.582 1389.393 1.7223086297331773 0.0
16.0 5.0 Truck -1.0 -1.0 -1.0 -1.0 -1.0 -1.0 -1.0 2.817 3.301 7.823 2109.595 1.556 1396.94 0.22085058809097746 0.0
16.0 1.0 Car -1.0 -1.0 -1.0 -1.0 -1.0 -1.0 -1.0 1.85 1.394 4.416 2102.284 0.81 1392.67 0.055047413787647326 0.0
16.0 3.0 Car -1.0 -1.0 -1.0 -1.0 -1.0 -1.0 -1.0 1.814 1.797 4.259 2040.74 1.489 1392.558 2.478894029132958 1.0
16.0 2.0 Car -1.0 -1.0 -1.0 -1.0 -1.0 -1.0 -1.0 1.919 1.498 4.161 2062.908 1.13 1393.846 -0.20601866483131426 1.0
16.0 0.0 Car -1.0 -1.0 -1.0 -1.0 -1.0 -1.0 -1.0 2.228 1.793 5.741 2008.509 1.599 1412.629 2.5158937403742425 0.0
16.0 6.0 Truck -1.0 -1.0 -1.0 -1.0 -1.0 -1.0 -1.0 3.454 3.871 9.932 2148.831 1.858 1402.41 0.11377801383744424 0.0
17.0 4.0 Car -1.0 -1.0 -1.0 -1.0 -1.0 -1.0 -1.0 1.761 1.663 4.566 2153.278 0.582 1389.373 1.7135817128700492 0.0
17.0 5.0 Truck -1.0 -1.0 -1.0 -1.0 -1.0 -1.0 -1.0 2.817 3.301 7.823 2111.095 1.539 1397.422 0.30811908747302225 0.0
17.0 1.0 Car -1.0 -1.0 -1.0 -1.0 -1.0 -1.0 -1.0 1.85 1.394 4.416 2105.685 0.785 1392.872 0.06377433065077498 0.0
17.0 3.0 Car -1.0 -1.0 -1.0 -1.0 -1.0 -1.0 -1.0 1.814 1.797 4.259 2037.773 1.434 1394.487 2.5545267285973967 1.0
17.0 2.0 Car -1.0 -1.0 -1.0 -1.0 -1.0 -1.0 -1.0 1.919 1.498 4.161 2065.547 1.055 1393.381 -0.1536585777779247 1.0
17.0 0.0 Car -1.0 -1.0 -1.0 -1.0 -1.0 -1.0 -1.0 2.228 1.793 5.741 2002.391 1.477 1417.818 2.4635322391954766 0.0
17.0 6.0 Truck -1.0 -1.0 -1.0 -1.0 -1.0 -1.0 -1.0 3.454 3.871 9.932 2152.364 1.92 1402.814 0.11377801383744424 0.0
18.0 4.0 Car -1.0 -1.0 -1.0 -1.0 -1.0 -1.0 -1.0 1.761 1.663 4.566 2153.177 0.582 1389.993 1.7135817128700492 0.0
18.0 5.0 Truck -1.0 -1.0 -1.0 -1.0 -1.0 -1.0 -1.0 2.817 3.301 7.823 2112.548 1.523 1398.033 0.3953868885296972 0.0
18.0 1.0 Car -1.0 -1.0 -1.0 -1.0 -1.0 -1.0 -1.0 1.85 1.394 4.416 2109.793 0.772 1393.288 0.08122728274896174 0.0
18.0 3.0 Car -1.0 -1.0 -1.0 -1.0 -1.0 -1.0 -1.0 1.814 1.797 4.259 2034.67 1.379 1396.186 2.630158822846515 1.0
18.0 2.0 Car -1.0 -1.0 -1.0 -1.0 -1.0 -1.0 -1.0 1.919 1.498 4.161 2068.207 0.98 1393.055 -0.10129890971165434 1.0
18.0 6.0 Truck -1.0 -1.0 -1.0 -1.0 -1.0 -1.0 -1.0 3.454 3.871 9.932 2155.897 1.983 1403.218 0.11377801383744424 0.0
19.0 4.0 Car -1.0 -1.0 -1.0 -1.0 -1.0 -1.0 -1.0 1.761 1.663 4.566 2153.361 0.582 1391.61 1.5390281879239027 0.0
19.0 5.0 Truck -1.0 -1.0 -1.0 -1.0 -1.0 -1.0 -1.0 2.817 3.301 7.823 2113.462 1.498 1398.842 0.5786196132270157 0.0
19.0 1.0 Car -1.0 -1.0 -1.0 -1.0 -1.0 -1.0 -1.0 1.85 1.394 4.416 2113.897 0.76 1393.74 0.09868274873088811 0.0
19.0 3.0 Car -1.0 -1.0 -1.0 -1.0 -1.0 -1.0 -1.0 1.814 1.797 4.259 2031.412 1.324 1397.885 2.58649594095108 1.0
19.0 2.0 Car -1.0 -1.0 -1.0 -1.0 -1.0 -1.0 -1.0 1.919 1.498 4.161 2071.545 0.955 1392.788 -0.06636860419530578 1.0
19.0 6.0 Truck -1.0 -1.0 -1.0 -1.0 -1.0 -1.0 -1.0 3.454 3.871 9.932 2160.042 1.995 1403.691 0.11377801383744424 0.0
20.0 4.0 Car -1.0 -1.0 -1.0 -1.0 -1.0 -1.0 -1.0 1.761 1.663 4.566 2153.823 0.582 1393.169 1.3647117346390891 0.0
20.0 5.0 Truck -1.0 -1.0 -1.0 -1.0 -1.0 -1.0 -1.0 2.817 3.301 7.823 2114.212 1.473 1399.801 0.7616034785187856 0.0
20.0 1.0 Car -1.0 -1.0 -1.0 -1.0 -1.0 -1.0 -1.0 1.85 1.394 4.416 2117.994 0.747 1394.209 0.11611450739254738 0.0
20.0 3.0 Car -1.0 -1.0 -1.0 -1.0 -1.0 -1.0 -1.0 1.814 1.797 4.259 2028.237 1.27 1399.721 2.5428923602467988 1.0
20.0 2.0 Car -1.0 -1.0 -1.0 -1.0 -1.0 -1.0 -1.0 1.919 1.498 4.161 2074.886 0.93 1392.639 -0.03148573963188106 1.0
20.0 6.0 Truck -1.0 -1.0 -1.0 -1.0 -1.0 -1.0 -1.0 3.454 3.871 9.932 2164.294 2.008 1404.246 0.11726446426025561 0.0
21.0 4.0 Car -1.0 -1.0 -1.0 -1.0 -1.0 -1.0 -1.0 1.761 1.663 4.566 2154.549 0.582 1394.627 1.1899829372717505 0.0
21.0 5.0 Truck -1.0 -1.0 -1.0 -1.0 -1.0 -1.0 -1.0 2.817 3.301 7.823 2114.777 1.448 1400.884 0.9450201905822095 0.0
21.0 1.0 Car -1.0 -1.0 -1.0 -1.0 -1.0 -1.0 -1.0 1.85 1.394 4.416 2122.101 0.735 1394.68 0.13358750073054781 0.0
21.0 3.0 Car -1.0 -1.0 -1.0 -1.0 -1.0 -1.0 -1.0 1.814 1.797 4.259 2024.729 1.215 1401.939 2.5428923602467988 0.0
21.0 2.0 Car -1.0 -1.0 -1.0 -1.0 -1.0 -1.0 -1.0 1.919 1.498 4.161 2077.972 0.904 1392.505 -0.04021266490625463 1.0
21.0 6.0 Truck -1.0 -1.0 -1.0 -1.0 -1.0 -1.0 -1.0 3.454 3.871 9.932 2168.556 2.02 1404.802 0.12075916185178646 0.0
22.0 4.0 Car -1.0 -1.0 -1.0 -1.0 -1.0 -1.0 -1.0 1.761 1.663 4.566 2156.23 0.582 1396.711 0.8583703793928275 0.0
22.0 5.0 Truck -1.0 -1.0 -1.0 -1.0 -1.0 -1.0 -1.0 2.817 3.301 7.823 2115.134 1.423 1402.052 1.128425174367316 0.0
22.0 1.0 Car -1.0 -1.0 -1.0 -1.0 -1.0 -1.0 -1.0 1.85 1.394 4.416 2126.346 0.685 1395.211 0.13358750073054781 0.0
22.0 3.0 Car -1.0 -1.0 -1.0 -1.0 -1.0 -1.0 -1.0 1.814 1.797 4.259 2021.222 1.16 1404.156 2.5428923602467988 0.0
22.0 2.0 Car -1.0 -1.0 -1.0 -1.0 -1.0 -1.0 -1.0 1.919 1.498 4.161 2081.057 0.879 1392.371 -0.04893903215182438 1.0
22.0 6.0 Truck -1.0 -1.0 -1.0 -1.0 -1.0 -1.0 -1.0 3.454 3.871 9.932 2172.818 2.033 1405.358 0.12425363598065942 0.0
23.0 4.0 Car -1.0 -1.0 -1.0 -1.0 -1.0 -1.0 -1.0 1.761 1.663 4.566 2158.934 0.548 1398.641 0.6343903668050305 0.0
23.0 5.0 Truck -1.0 -1.0 -1.0 -1.0 -1.0 -1.0 -1.0 2.817 3.301 7.823 2115.358 1.381 1403.187 1.244778673271928 0.0
23.0 1.0 Car -1.0 -1.0 -1.0 -1.0 -1.0 -1.0 -1.0 1.85 1.394 4.416 2130.587 0.635 1395.742 0.13358750073054781 0.0
23.0 3.0 Car -1.0 -1.0 -1.0 -1.0 -1.0 -1.0 -1.0 1.814 1.797 4.259 2017.718 1.105 1406.371 2.5428923602467988 0.0
23.0 2.0 Car -1.0 -1.0 -1.0 -1.0 -1.0 -1.0 -1.0 1.919 1.498 4.161 2083.813 0.804 1392.289 -0.014014036742198588 0.0
23.0 6.0 Truck -1.0 -1.0 -1.0 -1.0 -1.0 -1.0 -1.0 3.454 3.871 9.932 2177.076 2.045 1405.913 0.12774431124434749 0.0
24.0 4.0 Car -1.0 -1.0 -1.0 -1.0 -1.0 -1.0 -1.0 1.761 1.663 4.566 2161.995 0.515 1399.92 0.41064649196314124 0.0
24.0 5.0 Truck -1.0 -1.0 -1.0 -1.0 -1.0 -1.0 -1.0 2.817 3.301 7.823 2115.449 1.339 1404.339 1.3610095029586826 0.0
24.0 1.0 Car -1.0 -1.0 -1.0 -1.0 -1.0 -1.0 -1.0 1.85 1.394 4.416 2134.823 0.585 1396.273 0.13358750073054781 0.0
24.0 3.0 Car -1.0 -1.0 -1.0 -1.0 -1.0 -1.0 -1.0 1.814 1.797 4.259 2014.153 1.184 1409.133 2.5254578753046357 0.0
24.0 2.0 Car -1.0 -1.0 -1.0 -1.0 -1.0 -1.0 -1.0 1.919 1.498 4.161 2086.567 0.729 1392.304 0.0208741379279489 0.0
24.0 6.0 Truck -1.0 -1.0 -1.0 -1.0 -1.0 -1.0 -1.0 3.454 3.871 9.932 2181.328 2.058 1406.467 0.13123130635738756 0.0
25.0 4.0 Car -1.0 -1.0 -1.0 -1.0 -1.0 -1.0 -1.0 1.761 1.663 4.566 2165.271 0.482 1400.489 0.18642003580750832 0.0
25.0 5.0 Truck -1.0 -1.0 -1.0 -1.0 -1.0 -1.0 -1.0 2.817 3.301 7.823 2115.406 1.298 1405.496 1.477491024766182 0.0
25.0 1.0 Car -1.0 -1.0 -1.0 -1.0 -1.0 -1.0 -1.0 1.85 1.394 4.416 2138.881 0.435 1396.788 0.11613420821060451 0.0
25.0 3.0 Car -1.0 -1.0 -1.0 -1.0 -1.0 -1.0 -1.0 1.814 1.797 4.259 2010.654 1.263 1411.994 2.5079857868452646 0.0
25.0 2.0 Car -1.0 -1.0 -1.0 -1.0 -1.0 -1.0 -1.0 1.919 1.498 4.161 2089.506 0.679 1392.42 0.029605477734318653 0.0
26.0 5.0 Truck -1.0 -1.0 -1.0 -1.0 -1.0 -1.0 -1.0 2.817 3.301 7.823 2115.515 1.256 1406.904 1.4862126810311913 0.0
26.0 1.0 Car -1.0 -1.0 -1.0 -1.0 -1.0 -1.0 -1.0 1.85 1.394 4.416 2143.966 0.36 1397.428 0.1248558644756137 0.0
26.0 3.0 Car -1.0 -1.0 -1.0 -1.0 -1.0 -1.0 -1.0 1.814 1.797 4.259 2007.159 1.341 1414.852 2.4905324826869686 0.0
26.0 2.0 Car -1.0 -1.0 -1.0 -1.0 -1.0 -1.0 -1.0 1.919 1.498 4.161 2092.443 0.629 1392.536 0.03832743044789222 0.0
27.0 3.0 Car -1.0 -1.0 -1.0 -1.0 -1.0 -1.0 -1.0 1.814 1.797 4.259 2003.267 1.57 1418.083 2.44979152614331 0.0
27.0 2.0 Car -1.0 -1.0 -1.0 -1.0 -1.0 -1.0 -1.0 1.919 1.498 4.161 2095.495 0.629 1392.729 0.05579087753462075 0.0
28.0 3.0 Car -1.0 -1.0 -1.0 -1.0 -1.0 -1.0 -1.0 1.814 1.797 4.259 1999.514 1.573 1421.467 2.4090979493365454 0.0
28.0 2.0 Car -1.0 -1.0 -1.0 -1.0 -1.0 -1.0 -1.0 1.919 1.498 4.161 2098.801 0.629 1392.936 0.07323401548777887 0.0
29.0 3.0 Car -1.0 -1.0 -1.0 -1.0 -1.0 -1.0 -1.0 1.814 1.797 4.259 1995.899 1.577 1425.004 2.3683594350473656 0.0
29.0 2.0 Car -1.0 -1.0 -1.0 -1.0 -1.0 -1.0 -1.0 1.919 1.498 4.161 2102.08 0.604 1393.158 0.07323401548777887 0.0
30.0 3.0 Car -1.0 -1.0 -1.0 -1.0 -1.0 -1.0 -1.0 1.814 1.797 4.259 1991.937 1.606 1428.798 2.3858333159503244 0.0
30.0 2.0 Car -1.0 -1.0 -1.0 -1.0 -1.0 -1.0 -1.0 1.919 1.498 4.161 2105.36 0.579 1393.381 0.07323401548777887 0.0
31.0 3.0 Car -1.0 -1.0 -1.0 -1.0 -1.0 -1.0 -1.0 1.814 1.797 4.259 1987.876 1.634 1432.488 2.4033093266860086 0.0
31.0 2.0 Car -1.0 -1.0 -1.0 -1.0 -1.0 -1.0 -1.0 1.919 1.498 4.161 2108.885 0.579 1393.601 0.05578072296783554 0.0
32.0 3.0 Car -1.0 -1.0 -1.0 -1.0 -1.0 -1.0 -1.0 1.814 1.797 4.259 1983.831 1.663 1436.164 2.4207193126071953 0.0
32.0 2.0 Car -1.0 -1.0 -1.0 -1.0 -1.0 -1.0 -1.0 1.919 1.498 4.161 2112.962 0.529 1393.906 0.07321234111023169 0.0
33.0 2.0 Car -1.0 -1.0 -1.0 -1.0 -1.0 -1.0 -1.0 1.919 1.498 4.161 2117.05 0.478 1394.212 0.09068730800772218 0.0
34.0 2.0 Car -1.0 -1.0 -1.0 -1.0 -1.0 -1.0 -1.0 1.919 1.498 4.161 2119.9 0.453 1394.42 0.07322436687562539 0.0
