0.0 1.0 Car -1.0 -1.0 -1.0 -1.0 -1.0 -1.0 -1.0 1.961 1.952 4.206 1405.456 1.045 1558.442 -0.3757344813864554 0.0
1.0 1.0 Car -1.0 -1.0 -1.0 -1.0 -1.0 -1.0 -1.0 1.961 1.952 4.206 1408.031 1.017 1557.433 -0.39020963272244025 1.0
2.0 2.0 Car -1.0 -1.0 -1.0 -1.0 -1.0 -1.0 -1.0 2.053 1.791 4.411 1369.047 2.307 1576.748 -0.5713684372441135 0.0
2.0 1.0 Car -1.0 -1.0 -1.0 -1.0 -1.0 -1.0 -1.0 1.961 1.952 4.206 1410.605 0.989 1556.424 -0.40468478405842506 1.0
3.0 2.0 Car -1.0 -1.0 -1.0 -1.0 -1.0 -1.0 -1.0 2.053 1.791 4.411 1370.864 2.357 1575.067 -0.5364618522042273 1.0
3.0 1.0 Car -1.0 -1.0 -1.0 -1.0 -1.0 -1.0 -1.0 1.961 1.952 4.206 1412.932 0.961 1555.495 -0.41915993539441004 1.0
4.0 2.0 Car -1.0 -1.0 -1.0 -1.0 -1.0 -1.0 -1.0 2.053 1.791 4.411 1372.951 2.407 1573.826 -0.5364618522042273 1.0
4.0 1.0 Car -1.0 -1.0 -1.0 -1.0 -1.0 -1.0 -1.0 1.961 1.952 4.206 1415.259 0.933 1554.566 -0.43363508673039464 1.0
5.0 2.0 Car -1.0 -1.0 -1.0 -1.0 -1.0 -1.0 -1.0 2.053 1.791 4.411 1375.038 2.557 1572.585 -0.5364618522042273 1.0
5.0 1.0 Car -1.0 -1.0 -1.0 -1.0 -1.0 -1.0 -1.0 1.961 1.952 4.206 1417.453 0.905 1553.502 -0.48883458727958023 1.0
5.0 3.0 Car -1.0 -1.0 -1.0 -1.0 -1.0 -1.0 -1.0 1.921 1.582 4.233 1395.155 1.734 1562.08 -0.36370916285616395 0.0
6.0 2.0 Car -1.0 -1.0 -1.0 -1.0 -1.0 -1.0 -1.0 2.053 1.791 4.411 1377.12 2.477 1571.343 -0.5259898766922615 1.0
6.0 1.0 Car -1.0 -1.0 -1.0 -1.0 -1.0 -1.0 -1.0 1.961 1.952 4.206 1419.584 0.876 1552.318 -0.5440340878287659 1.0
6.0 3.0 Car -1.0 -1.0 -1.0 -1.0 -1.0 -1.0 -1.0 1.921 1.582 4.233 1397.196 1.659 1561.303 -0.36370916285616395 1.0
7.0 2.0 Car -1.0 -1.0 -1.0 -1.0 -1.0 -1.0 -1.0 2.053 1.791 4.411 1379.202 2.397 1570.102 -0.5155179011802957 1.0
7.0 1.0 Car -1.0 -1.0 -1.0 -1.0 -1.0 -1.0 -1.0 1.961 1.952 4.206 1421.648 0.848 1551.018 -0.5992335883779516 1.0
7.0 3.0 Car -1.0 -1.0 -1.0 -1.0 -1.0 -1.0 -1.0 1.921 1.582 4.233 1399.238 1.684 1560.526 -0.36370916285616395 1.0
8.0 2.0 Car -1.0 -1.0 -1.0 -1.0 -1.0 -1.0 -1.0 2.053 1.791 4.411 1381.284 2.317 1568.86 -0.5050459256683301 1.0
8.0 1.0 Car -1.0 -1.0 -1.0 -1.0 -1.0 -1.0 -1.0 1.961 1.952 4.206 1423.76 0.82 1549.599 -0.651108652256672 1.0
8.0 3.0 Car -1.0 -1.0 -1.0 -1.0 -1.0 -1.0 -1.0 1.921 1.582 4.233 1401.279 1.409 1559.749 -0.36370916285616395 1.0
8.0 0.0 Car -1.0 -1.0 -1.0 -1.0 -1.0 -1.0 -1.0 1.801 1.667 4.056 1415.835 0.773 1554.294 -0.479092879701708 0.0
9.0 2.0 Car -1.0 -1.0 -1.0 -1.0 -1.0 -1.0 -1.0 2.053 1.791 4.411 1383.366 2.237 1567.619 -0.4945739501563642 1.0
9.0 1.0 Car -1.0 -1.0 -1.0 -1.0 -1.0 -1.0 -1.0 1.961 1.952 4.206 1425.723 0.905 1547.988 -0.724800331785321 1.0
9.0 3.0 Car -1.0 -1.0 -1.0 -1.0 -1.0 -1.0 -1.0 1.921 1.582 4.233 1403.429 1.409 1558.93 -0.36370916285616395 1.0
9.0 0.0 Car -1.0 -1.0 -1.0 -1.0 -1.0 -1.0 -1.0 1.801 1.667 4.056 1418.509 0.783 1552.989 -0.5227261110015666 1.0
10.0 2.0 Car -1.0 -1.0 -1.0 -1.0 -1.0 -1.0 -1.0 2.053 1.791 4.411 1385.402 2.107 1566.419 -0.484101974644398 1.0
10.0 1.0 Car -1.0 -1.0 -1.0 -1.0 -1.0 -1.0 -1.0 1.961 1.952 4.206 1427.764 0.945 1546.174 -0.724800331785321 1.0
10.0 3.0 Car -1.0 -1.0 -1.0 -1.0 -1.0 -1.0 -1.0 1.921 1.582 4.233 1405.463 1.284 1558.25 -0.34625587033622063 1.0
10.0 0.0 Car -1.0 -1.0 -1.0 -1.0 -1.0 -1.0 -1.0 1.801 1.667 4.056 1421.123 0.793 1551.568 -0.5663593423014248 1.0
11.0 2.0 Car -1.0 -1.0 -1.0 -1.0 -1.0 -1.0 -1.0 2.053 1.791 4.411 1387.599 1.877 1565.301 -0.46664868212445487 1.0
11.0 1.0 Car -1.0 -1.0 -1.0 -1.0 -1.0 -1.0 -1.0 1.961 1.952 4.206 1429.864 0.815 1544.144 -0.8050854773770602 1.0
11.0 3.0 Car -1.0 -1.0 -1.0 -1.0 -1.0 -1.0 -1.0 1.921 1.582 4.233 1407.496 1.159 1557.569 -0.3288025778162773 1.0
11.0 0.0 Car -1.0 -1.0 -1.0 -1.0 -1.0 -1.0 -1.0 1.801 1.667 4.056 1423.202 0.753 1550.113 -0.5750859885613964 1.0
12.0 2.0 Car -1.0 -1.0 -1.0 -1.0 -1.0 -1.0 -1.0 2.053 1.791 4.411 1389.742 1.797 1564.212 -0.4491953896045118 1.0
12.0 1.0 Car -1.0 -1.0 -1.0 -1.0 -1.0 -1.0 -1.0 1.961 1.952 4.206 1431.923 0.818 1541.861 -0.8620995662755419 1.0
12.0 3.0 Car -1.0 -1.0 -1.0 -1.0 -1.0 -1.0 -1.0 1.921 1.582 4.233 1410.016 1.059 1556.646 -0.3288025778162773 1.0
12.0 0.0 Car -1.0 -1.0 -1.0 -1.0 -1.0 -1.0 -1.0 1.801 1.667 4.056 1425.254 0.764 1548.624 -0.6885323899410264 1.0
13.0 2.0 Car -1.0 -1.0 -1.0 -1.0 -1.0 -1.0 -1.0 2.053 1.791 4.411 1391.899 1.617 1563.151 -0.4317420970845687 1.0
13.0 1.0 Car -1.0 -1.0 -1.0 -1.0 -1.0 -1.0 -1.0 1.961 1.952 4.206 1433.849 0.821 1539.465 -0.9191136551740233 1.0
13.0 3.0 Car -1.0 -1.0 -1.0 -1.0 -1.0 -1.0 -1.0 1.921 1.582 4.233 1412.535 0.959 1555.723 -0.3288025778162773 1.0
13.0 0.0 Car -1.0 -1.0 -1.0 -1.0 -1.0 -1.0 -1.0 1.801 1.667 4.056 1427.216 0.774 1546.825 -0.7059856824609696 1.0
14.0 2.0 Car -1.0 -1.0 -1.0 -1.0 -1.0 -1.0 -1.0 2.053 1.791 4.411 1394.409 1.587 1562.17 -0.3095690494449654 1.0
14.0 1.0 Car -1.0 -1.0 -1.0 -1.0 -1.0 -1.0 -1.0 1.961 1.952 4.206 1435.635 0.825 1536.963 -0.9761277440725048 1.0
14.0 3.0 Car -1.0 -1.0 -1.0 -1.0 -1.0 -1.0 -1.0 1.921 1.582 4.233 1414.922 0.859 1554.857 -0.37243580911613566 1.0
14.0 0.0 Car -1.0 -1.0 -1.0 -1.0 -1.0 -1.0 -1.0 1.801 1.667 4.056 1428.769 0.734 1545.543 -0.7699810883674282 1.0
15.0 2.0 Car -1.0 -1.0 -1.0 -1.0 -1.0 -1.0 -1.0 2.053 1.791 4.411 1396.955 1.487 1561.37 -0.3316765533035602 1.0
15.0 1.0 Car -1.0 -1.0 -1.0 -1.0 -1.0 -1.0 -1.0 1.961 1.952 4.206 1436.856 0.795 1534.955 -1.0389595971443004 1.0
15.0 3.0 Car -1.0 -1.0 -1.0 -1.0 -1.0 -1.0 -1.0 1.921 1.582 4.233 1417.268 0.759 1553.888 -0.4160690404159939 1.0
15.0 0.0 Car -1.0 -1.0 -1.0 -1.0 -1.0 -1.0 -1.0 1.801 1.667 4.056 1430.238 0.694 1544.164 -0.8339764942738864 1.0
16.0 2.0 Car -1.0 -1.0 -1.0 -1.0 -1.0 -1.0 -1.0 2.053 1.791 4.411 1399.482 1.387 1560.515 -0.3537840571621549 1.0
16.0 1.0 Car -1.0 -1.0 -1.0 -1.0 -1.0 -1.0 -1.0 1.961 1.952 4.206 1438.351 0.783 1532.27 -1.120056672461326 1.0
16.0 3.0 Car -1.0 -1.0 -1.0 -1.0 -1.0 -1.0 -1.0 1.921 1.582 4.233 1419.866 0.609 1552.774 -0.4160690404159939 1.0
16.0 0.0 Car -1.0 -1.0 -1.0 -1.0 -1.0 -1.0 -1.0 1.801 1.667 4.056 1431.615 0.654 1542.694 -0.8979719001803455 1.0
17.0 2.0 Car -1.0 -1.0 -1.0 -1.0 -1.0 -1.0 -1.0 2.053 1.791 4.411 1401.99 1.287 1559.603 -0.37589156102074966 1.0
17.0 1.0 Car -1.0 -1.0 -1.0 -1.0 -1.0 -1.0 -1.0 1.961 1.952 4.206 1439.623 0.771 1529.6 -1.166247162738465 1.0
17.0 3.0 Car -1.0 -1.0 -1.0 -1.0 -1.0 -1.0 -1.0 1.921 1.582 4.233 1422.465 0.564 1551.264 -0.48937286899975607 1.0
17.0 0.0 Car -1.0 -1.0 -1.0 -1.0 -1.0 -1.0 -1.0 1.801 1.667 4.056 1434.218 0.514 1539.213 -0.967785070260118 1.0
18.0 2.0 Car -1.0 -1.0 -1.0 -1.0 -1.0 -1.0 -1.0 2.053 1.791 4.411 1404.477 1.187 1558.636 -0.39799906487934456 0.0
18.0 1.0 Car -1.0 -1.0 -1.0 -1.0 -1.0 -1.0 -1.0 1.961 1.952 4.206 1440.96 0.758 1526.243 -1.2211642992755753 1.0
18.0 3.0 Car -1.0 -1.0 -1.0 -1.0 -1.0 -1.0 -1.0 1.921 1.582 4.233 1424.946 0.519 1549.568 -0.5626766975835182 1.0
18.0 0.0 Car -1.0 -1.0 -1.0 -1.0 -1.0 -1.0 -1.0 1.801 1.667 4.056 1436.567 0.591 1535.501 -1.0725048253797764 1.0
19.0 2.0 Car -1.0 -1.0 -1.0 -1.0 -1.0 -1.0 -1.0 2.053 1.791 4.411 1406.942 1.087 1557.615 -0.4201065687379393 0.0
19.0 1.0 Car -1.0 -1.0 -1.0 -1.0 -1.0 -1.0 -1.0 1.961 1.952 4.206 1441.899 0.746 1523.622 -1.2528103791194285 1.0
19.0 3.0 Car -1.0 -1.0 -1.0 -1.0 -1.0 -1.0 -1.0 1.921 1.582 4.233 1427.297 0.474 1547.694 -0.6359805261672803 1.0
19.0 0.0 Car -1.0 -1.0 -1.0 -1.0 -1.0 -1.0 -1.0 1.801 1.667 4.056 1438.269 0.618 1532.394 -1.0783225895530912 1.0
20.0 2.0 Car -1.0 -1.0 -1.0 -1.0 -1.0 -1.0 -1.0 2.053 1.791 4.411 1409.384 0.987 1556.539 -0.442214072596534 0.0
20.0 1.0 Car -1.0 -1.0 -1.0 -1.0 -1.0 -1.0 -1.0 1.961 1.952 4.206 1442.676 0.784 1521.222 -1.2844564589632819 1.0
20.0 3.0 Car -1.0 -1.0 -1.0 -1.0 -1.0 -1.0 -1.0 1.921 1.582 4.233 1429.503 0.429 1545.654 -0.709284354751042 1.0
20.0 0.0 Car -1.0 -1.0 -1.0 -1.0 -1.0 -1.0 -1.0 1.801 1.667 4.056 1439.547 0.645 1529.697 -1.1365002312862353 1.0
21.0 2.0 Car -1.0 -1.0 -1.0 -1.0 -1.0 -1.0 -1.0 2.053 1.791 4.411 1411.801 0.887 1555.41 -0.46432157645512895 0.0
21.0 1.0 Car -1.0 -1.0 -1.0 -1.0 -1.0 -1.0 -1.0 1.961 1.952 4.206 1443.283 0.772 1519.132 -1.3161025388071348 1.0
21.0 3.0 Car -1.0 -1.0 -1.0 -1.0 -1.0 -1.0 -1.0 1.921 1.582 4.233 1431.555 0.509 1543.457 -0.7825881833348042 1.0
21.0 0.0 Car -1.0 -1.0 -1.0 -1.0 -1.0 -1.0 -1.0 1.801 1.667 4.056 1440.67 0.673 1526.933 -1.19467787301938 1.0
22.0 2.0 Car -1.0 -1.0 -1.0 -1.0 -1.0 -1.0 -1.0 2.053 1.791 4.411 1414.193 0.787 1554.227 -0.4864290803137239 0.0
22.0 1.0 Car -1.0 -1.0 -1.0 -1.0 -1.0 -1.0 -1.0 1.961 1.952 4.206 1443.787 0.76 1517.388 -1.3535663828243025 1.0
22.0 3.0 Car -1.0 -1.0 -1.0 -1.0 -1.0 -1.0 -1.0 1.921 1.582 4.233 1433.218 0.505 1541.576 -0.8349480608946339 1.0
22.0 0.0 Car -1.0 -1.0 -1.0 -1.0 -1.0 -1.0 -1.0 1.801 1.667 4.056 1440.944 0.633 1526.331 -1.216494488669309 1.0
23.0 2.0 Car -1.0 -1.0 -1.0 -1.0 -1.0 -1.0 -1.0 2.053 1.791 4.411 1416.558 0.687 1552.992 -0.5085365841723188 0.0
23.0 1.0 Car -1.0 -1.0 -1.0 -1.0 -1.0 -1.0 -1.0 1.961 1.952 4.206 1444.225 0.748 1515.626 -1.3910302268414698 1.0
23.0 3.0 Car -1.0 -1.0 -1.0 -1.0 -1.0 -1.0 -1.0 1.921 1.582 4.233 1434.781 0.502 1539.611 -0.8873079384544642 1.0
23.0 0.0 Car -1.0 -1.0 -1.0 -1.0 -1.0 -1.0 -1.0 1.801 1.667 4.056 1441.496 0.593 1524.812 -1.2383111043192383 1.0
24.0 2.0 Car -1.0 -1.0 -1.0 -1.0 -1.0 -1.0 -1.0 2.053 1.791 4.411 1418.896 0.587 1551.705 -0.5306440880309138 0.0
24.0 1.0 Car -1.0 -1.0 -1.0 -1.0 -1.0 -1.0 -1.0 1.961 1.952 4.206 1444.583 0.736 1513.935 -1.4284940708586373 1.0
24.0 3.0 Car -1.0 -1.0 -1.0 -1.0 -1.0 -1.0 -1.0 1.921 1.582 4.233 1436.238 0.499 1537.566 -0.9396678160142939 1.0
24.0 0.0 Car -1.0 -1.0 -1.0 -1.0 -1.0 -1.0 -1.0 1.801 1.667 4.056 1442.015 0.554 1523.281 -1.260127719969167 1.0
25.0 2.0 Car -1.0 -1.0 -1.0 -1.0 -1.0 -1.0 -1.0 2.053 1.791 4.411 1421.204 0.487 1550.366 -0.5527515918895087 0.0
25.0 1.0 Car -1.0 -1.0 -1.0 -1.0 -1.0 -1.0 -1.0 1.961 1.952 4.206 1444.831 0.723 1512.271 -1.433960211922576 1.0
25.0 3.0 Car -1.0 -1.0 -1.0 -1.0 -1.0 -1.0 -1.0 1.921 1.582 4.233 1437.438 0.47 1535.339 -1.0356609248739819 1.0
25.0 0.0 Car -1.0 -1.0 -1.0 -1.0 -1.0 -1.0 -1.0 1.801 1.667 4.056 1442.5 0.514 1521.739 -1.2819443356190963 1.0
26.0 2.0 Car -1.0 -1.0 -1.0 -1.0 -1.0 -1.0 -1.0 2.053 1.791 4.411 1423.482 0.387 1548.977 -0.5748590957481036 0.0
26.0 1.0 Car -1.0 -1.0 -1.0 -1.0 -1.0 -1.0 -1.0 1.961 1.952 4.206 1445.084 0.661 1510.568 -1.4394263529865146 1.0
26.0 3.0 Car -1.0 -1.0 -1.0 -1.0 -1.0 -1.0 -1.0 1.921 1.582 4.233 1438.419 0.442 1533.007 -1.1316540337336698 1.0
26.0 0.0 Car -1.0 -1.0 -1.0 -1.0 -1.0 -1.0 -1.0 1.801 1.667 4.056 1442.952 0.475 1520.187 -1.3037609512690254 1.0
27.0 2.0 Car -1.0 -1.0 -1.0 -1.0 -1.0 -1.0 -1.0 2.053 1.791 4.411 1425.729 0.287 1547.538 -0.5969665996066983 0.0
27.0 1.0 Car -1.0 -1.0 -1.0 -1.0 -1.0 -1.0 -1.0 1.961 1.952 4.206 1445.353 0.649 1508.751 -1.4448924940504524 0.0
27.0 3.0 Car -1.0 -1.0 -1.0 -1.0 -1.0 -1.0 -1.0 1.921 1.582 4.233 1439.288 0.435 1531.054 -1.1558201310689762 0.0
27.0 0.0 Car -1.0 -1.0 -1.0 -1.0 -1.0 -1.0 -1.0 1.801 1.667 4.056 1443.369 0.435 1518.626 -1.3255775669189547 0.0
28.0 2.0 Car -1.0 -1.0 -1.0 -1.0 -1.0 -1.0 -1.0 2.053 1.791 4.411 1427.927 0.187 1546.025 -0.6190741034652927 0.0
28.0 1.0 Car -1.0 -1.0 -1.0 -1.0 -1.0 -1.0 -1.0 1.961 1.952 4.206 1445.636 0.637 1506.82 -1.450358635114391 0.0
28.0 3.0 Car -1.0 -1.0 -1.0 -1.0 -1.0 -1.0 -1.0 1.921 1.582 4.233 1440.109 0.427 1529.08 -1.1799862284042821 0.0
28.0 0.0 Car -1.0 -1.0 -1.0 -1.0 -1.0 -1.0 -1.0 1.801 1.667 4.056 1443.735 0.395 1517.051 -1.3473941825688835 0.0
29.0 2.0 Car -1.0 -1.0 -1.0 -1.0 -1.0 -1.0 -1.0 2.053 1.791 4.411 1430.124 0.087 1544.512 -0.6411816073238875 0.0
29.0 1.0 Car -1.0 -1.0 -1.0 -1.0 -1.0 -1.0 -1.0 1.961 1.952 4.206 1446.101 0.625 1504.43 -1.388025447543166 0.0
29.0 3.0 Car -1.0 -1.0 -1.0 -1.0 -1.0 -1.0 -1.0 1.921 1.582 4.233 1440.881 0.42 1527.086 -1.2041523257395879 0.0
29.0 0.0 Car -1.0 -1.0 -1.0 -1.0 -1.0 -1.0 -1.0 1.801 1.667 4.056 1444.102 0.356 1515.477 -1.3692107982188129 0.0
30.0 1.0 Car -1.0 -1.0 -1.0 -1.0 -1.0 -1.0 -1.0 1.961 1.952 4.206 1446.626 0.607 1502.025 -1.3455557690779707 0.0
30.0 3.0 Car -1.0 -1.0 -1.0 -1.0 -1.0 -1.0 -1.0 1.921 1.582 4.233 1441.606 0.413 1525.075 -1.228318423074894 0.0
30.0 0.0 Car -1.0 -1.0 -1.0 -1.0 -1.0 -1.0 -1.0 1.801 1.667 4.056 1444.549 0.373 1512.988 -1.3692107982188129 0.0
31.0 1.0 Car -1.0 -1.0 -1.0 -1.0 -1.0 -1.0 -1.0 1.961 1.952 4.206 1447.351 0.589 1499.251 -1.3030860906127757 0.0
31.0 3.0 Car -1.0 -1.0 -1.0 -1.0 -1.0 -1.0 -1.0 1.921 1.582 4.233 1442.281 0.406 1523.047 -1.2524845204102002 0.0
31.0 0.0 Car -1.0 -1.0 -1.0 -1.0 -1.0 -1.0 -1.0 1.801 1.667 4.056 1444.997 0.389 1510.498 -1.3692107982188129 0.0
32.0 1.0 Car -1.0 -1.0 -1.0 -1.0 -1.0 -1.0 -1.0 1.961 1.952 4.206 1448.304 0.622 1496.152 -1.2606164121475802 0.0
32.0 3.0 Car -1.0 -1.0 -1.0 -1.0 -1.0 -1.0 -1.0 1.921 1.582 4.233 1442.908 0.398 1521.003 -1.276650617745506 0.0
32.0 0.0 Car -1.0 -1.0 -1.0 -1.0 -1.0 -1.0 -1.0 1.801 1.667 4.056 1445.545 0.406 1508.03 -1.3953907369987273 0.0
33.0 1.0 Car -1.0 -1.0 -1.0 -1.0 -1.0 -1.0 -1.0 1.961 1.952 4.206 1449.389 0.654 1493.096 -1.218146733682385 0.0
33.0 3.0 Car -1.0 -1.0 -1.0 -1.0 -1.0 -1.0 -1.0 1.921 1.582 4.233 1443.46 0.391 1518.937 -1.3008167150808116 0.0
33.0 0.0 Car -1.0 -1.0 -1.0 -1.0 -1.0 -1.0 -1.0 1.801 1.667 4.056 1446.028 0.423 1505.548 -1.421570675778642 0.0
34.0 1.0 Car -1.0 -1.0 -1.0 -1.0 -1.0 -1.0 -1.0 1.961 1.952 4.206 1450.528 0.661 1489.926 -1.2018569939971044 0.0
34.0 3.0 Car -1.0 -1.0 -1.0 -1.0 -1.0 -1.0 -1.0 1.921 1.582 4.233 1444.012 0.384 1516.872 -1.324982812416118 0.0
34.0 0.0 Car -1.0 -1.0 -1.0 -1.0 -1.0 -1.0 -1.0 1.801 1.667 4.056 1446.61 0.439 1502.647 -1.3750285623921263 0.0
35.0 1.0 Car -1.0 -1.0 -1.0 -1.0 -1.0 -1.0 -1.0 1.961 1.952 4.206 1451.824 0.669 1486.503 -1.1855672543118239 0.0
35.0 3.0 Car -1.0 -1.0 -1.0 -1.0 -1.0 -1.0 -1.0 1.921 1.582 4.233 1444.517 0.376 1514.795 -1.3491489097514235 0.0
35.0 0.0 Car -1.0 -1.0 -1.0 -1.0 -1.0 -1.0 -1.0 1.801 1.667 4.056 1447.327 0.456 1499.776 -1.3284864490056112 0.0
36.0 1.0 Car -1.0 -1.0 -1.0 -1.0 -1.0 -1.0 -1.0 1.961 1.952 4.206 1453.077 0.701 1483.59 -1.1867308071464864 0.0
36.0 3.0 Car -1.0 -1.0 -1.0 -1.0 -1.0 -1.0 -1.0 1.921 1.582 4.233 1444.921 0.405 1512.695 -1.3733150070867295 0.0
36.0 0.0 Car -1.0 -1.0 -1.0 -1.0 -1.0 -1.0 -1.0 1.801 1.667 4.056 1448.176 0.473 1496.942 -1.2819443356190954 0.0
37.0 1.0 Car -1.0 -1.0 -1.0 -1.0 -1.0 -1.0 -1.0 1.961 1.952 4.206 1453.973 0.708 1481.438 -1.1355344824213196 0.0
37.0 3.0 Car -1.0 -1.0 -1.0 -1.0 -1.0 -1.0 -1.0 1.921 1.582 4.233 1445.325 0.434 1510.596 -1.3974811044220354 0.0
37.0 0.0 Car -1.0 -1.0 -1.0 -1.0 -1.0 -1.0 -1.0 1.801 1.667 4.056 1448.884 0.523 1494.561 -1.2819443356190954 0.0
38.0 1.0 Car -1.0 -1.0 -1.0 -1.0 -1.0 -1.0 -1.0 1.961 1.952 4.206 1455.185 0.616 1478.92 -1.0843381576961526 0.0
38.0 3.0 Car -1.0 -1.0 -1.0 -1.0 -1.0 -1.0 -1.0 1.921 1.582 4.233 1445.627 0.404 1508.479 -1.4216472017573416 0.0
38.0 0.0 Car -1.0 -1.0 -1.0 -1.0 -1.0 -1.0 -1.0 1.801 1.667 4.056 1449.852 0.523 1491.653 -1.2470377505792092 0.0
