0.0 0.0 Car -1.0 -1.0 -1.0 -1.0 -1.0 -1.0 -1.0 2.004 1.843 4.988 1147.838 0.875 1732.672 0.9392140304310368 0.0
1.0 0.0 Car -1.0 -1.0 -1.0 -1.0 -1.0 -1.0 -1.0 2.004 1.843 4.988 1148.92 0.934 1734.368 0.9357831395878526 1.0
2.0 0.0 Car -1.0 -1.0 -1.0 -1.0 -1.0 -1.0 -1.0 2.004 1.843 4.988 1150.216 0.954 1736.032 0.9323596778026555 1.0
3.0 0.0 Car -1.0 -1.0 -1.0 -1.0 -1.0 -1.0 -1.0 2.004 1.843 4.988 1151.598 0.974 1737.803 0.9289362639027312 1.0
4.0 0.0 Car -1.0 -1.0 -1.0 -1.0 -1.0 -1.0 -1.0 2.004 1.843 4.988 1153.08 0.995 1739.715 0.9426296732353137 1.0
5.0 0.0 Car -1.0 -1.0 -1.0 -1.0 -1.0 -1.0 -1.0 2.004 1.843 4.988 1154.403 1.015 1741.63 0.9217607379110935 1.0
6.0 0.0 Car -1.0 -1.0 -1.0 -1.0 -1.0 -1.0 -1.0 2.004 1.843 4.988 1155.766 1.021 1743.353 0.9217607379110935 1.0
7.0 0.0 Car -1.0 -1.0 -1.0 -1.0 -1.0 -1.0 -1.0 2.004 1.843 4.988 1157.103 1.027 1745.097 0.9130294629552508 1.0
8.0 0.0 Car -1.0 -1.0 -1.0 -1.0 -1.0 -1.0 -1.0 2.004 1.843 4.988 1158.465 1.033 1746.818 0.9043074453911502 1.0
9.0 0.0 Car -1.0 -1.0 -1.0 -1.0 -1.0 -1.0 -1.0 2.004 1.843 4.988 1159.874 1.039 1748.625 0.8984834856480497 1.0
10.0 0.0 Car -1.0 -1.0 -1.0 -1.0 -1.0 -1.0 -1.0 2.004 1.843 4.988 1161.281 1.045 1750.428 0.892672014032151 1.0
11.0 0.0 Car -1.0 -1.0 -1.0 -1.0 -1.0 -1.0 -1.0 2.004 1.843 4.988 1162.649 1.051 1752.265 0.8868541528712067 1.0
12.0 0.0 Car -1.0 -1.0 -1.0 -1.0 -1.0 -1.0 -1.0 2.004 1.843 4.988 1164.127 1.018 1753.903 0.8868541528712067 1.0
12.0 1.0 Car -1.0 -1.0 -1.0 -1.0 -1.0 -1.0 -1.0 1.944 1.677 4.83 1212.343 1.104 1752.897 2.574866792232091 0.0
13.0 0.0 Car -1.0 -1.0 -1.0 -1.0 -1.0 -1.0 -1.0 2.004 1.843 4.988 1165.489 0.986 1755.642 0.8868541528712067 1.0
13.0 1.0 Car -1.0 -1.0 -1.0 -1.0 -1.0 -1.0 -1.0 1.944 1.677 4.83 1209.216 1.094 1754.942 2.5688425452246446 1.0
14.0 0.0 Car -1.0 -1.0 -1.0 -1.0 -1.0 -1.0 -1.0 2.004 1.843 4.988 1166.946 0.953 1757.301 0.8868541528712067 1.0
14.0 1.0 Car -1.0 -1.0 -1.0 -1.0 -1.0 -1.0 -1.0 1.944 1.677 4.83 1207.354 1.086 1756.171 2.562825753194613 1.0
15.0 0.0 Car -1.0 -1.0 -1.0 -1.0 -1.0 -1.0 -1.0 2.004 1.843 4.988 1168.257 0.924 1758.792 0.8868541528712067 1.0
15.0 1.0 Car -1.0 -1.0 -1.0 -1.0 -1.0 -1.0 -1.0 1.944 1.677 4.83 1205.679 1.078 1757.276 2.5574134997121476 1.0
16.0 0.0 Car -1.0 -1.0 -1.0 -1.0 -1.0 -1.0 -1.0 2.004 1.843 4.988 1169.713 0.922 1760.679 0.7821709290270098 1.0
16.0 1.0 Car -1.0 -1.0 -1.0 -1.0 -1.0 -1.0 -1.0 1.944 1.677 4.83 1203.317 1.012 1758.829 2.5574134997121476 1.0
17.0 0.0 Car -1.0 -1.0 -1.0 -1.0 -1.0 -1.0 -1.0 2.004 1.843 4.988 1171.219 0.92 1762.236 0.6870611825587504 1.0
17.0 1.0 Car -1.0 -1.0 -1.0 -1.0 -1.0 -1.0 -1.0 1.944 1.677 4.83 1201.171 0.951 1760.24 2.5574134997121476 1.0
18.0 0.0 Car -1.0 -1.0 -1.0 -1.0 -1.0 -1.0 -1.0 2.004 1.843 4.988 1173.249 0.917 1763.873 0.5726948875122273 1.0
18.0 1.0 Car -1.0 -1.0 -1.0 -1.0 -1.0 -1.0 -1.0 1.944 1.677 4.83 1198.59 0.878 1761.936 2.5574134997121476 1.0
19.0 0.0 Car -1.0 -1.0 -1.0 -1.0 -1.0 -1.0 -1.0 2.004 1.843 4.988 1175.023 0.915 1764.851 0.558924307469714 1.0
19.0 1.0 Car -1.0 -1.0 -1.0 -1.0 -1.0 -1.0 -1.0 1.944 1.677 4.83 1196.486 0.878 1763.356 2.5748669144360563 1.0
20.0 0.0 Car -1.0 -1.0 -1.0 -1.0 -1.0 -1.0 -1.0 2.004 1.843 4.988 1176.778 0.913 1765.655 0.4578889241003572 1.0
20.0 1.0 Car -1.0 -1.0 -1.0 -1.0 -1.0 -1.0 -1.0 1.944 1.677 4.83 1194.381 0.878 1764.775 2.5923200847520347 1.0
21.0 0.0 Car -1.0 -1.0 -1.0 -1.0 -1.0 -1.0 -1.0 2.004 1.843 4.988 1178.127 0.911 1766.096 0.3632553772729079 0.0
21.0 1.0 Car -1.0 -1.0 -1.0 -1.0 -1.0 -1.0 -1.0 1.944 1.677 4.83 1192.854 0.878 1765.676 2.5923200847520347 0.0
22.0 0.0 Car -1.0 -1.0 -1.0 -1.0 -1.0 -1.0 -1.0 2.004 1.843 4.988 1179.714 0.909 1766.373 0.2161095819943357 0.0
22.0 1.0 Car -1.0 -1.0 -1.0 -1.0 -1.0 -1.0 -1.0 1.944 1.677 4.83 1190.942 0.878 1766.802 2.5923200847520347 0.0
23.0 0.0 Car -1.0 -1.0 -1.0 -1.0 -1.0 -1.0 -1.0 2.004 1.843 4.988 1181.326 0.907 1766.415 0.06881438576170518 0.0
23.0 1.0 Car -1.0 -1.0 -1.0 -1.0 -1.0 -1.0 -1.0 1.944 1.677 4.83 1189.444 0.891 1767.707 2.6184987534956647 0.0
24.0 0.0 Car -1.0 -1.0 -1.0 -1.0 -1.0 -1.0 -1.0 2.004 1.843 4.988 1183.24 0.904 1766.043 -0.10798352076556106 0.0
24.0 1.0 Car -1.0 -1.0 -1.0 -1.0 -1.0 -1.0 -1.0 1.944 1.677 4.83 1188.063 0.906 1768.493 2.615014332571944 0.0
25.0 0.0 Car -1.0 -1.0 -1.0 -1.0 -1.0 -1.0 -1.0 2.004 1.843 4.988 1184.548 0.925 1765.585 -0.20550129105569126 0.0
25.0 1.0 Car -1.0 -1.0 -1.0 -1.0 -1.0 -1.0 -1.0 1.944 1.677 4.83 1187.466 0.916 1768.81 2.6359528054187473 0.0
26.0 0.0 Car -1.0 -1.0 -1.0 -1.0 -1.0 -1.0 -1.0 2.004 1.843 4.988 1186.409 0.95 1764.755 -0.36233935938161865 0.0
26.0 1.0 Car -1.0 -1.0 -1.0 -1.0 -1.0 -1.0 -1.0 1.944 1.677 4.83 1186.973 0.928 1769.115 2.6446799623118644 0.0
27.0 0.0 Car -1.0 -1.0 -1.0 -1.0 -1.0 -1.0 -1.0 2.004 1.843 4.988 1188.207 0.898 1763.765 -0.4220794426878296 0.0
27.0 1.0 Car -1.0 -1.0 -1.0 -1.0 -1.0 -1.0 -1.0 1.944 1.677 4.83 1186.742 0.941 1769.222 2.664344156378112 0.0
28.0 0.0 Car -1.0 -1.0 -1.0 -1.0 -1.0 -1.0 -1.0 2.004 1.843 4.988 1190.381 0.896 1762.731 -0.5124828856723144 0.0
28.0 1.0 Car -1.0 -1.0 -1.0 -1.0 -1.0 -1.0 -1.0 1.944 1.677 4.83 1187.233 0.903 1769.037 2.6491038133846914 0.0
29.0 0.0 Car -1.0 -1.0 -1.0 -1.0 -1.0 -1.0 -1.0 2.004 1.843 4.988 1192.847 0.894 1761.202 -0.5617691262840853 0.0
29.0 1.0 Car -1.0 -1.0 -1.0 -1.0 -1.0 -1.0 -1.0 1.944 1.677 4.83 1187.03 0.918 1769.129 2.6478408729559457 0.0
30.0 0.0 Car -1.0 -1.0 -1.0 -1.0 -1.0 -1.0 -1.0 2.004 1.843 4.988 1195.115 0.92 1759.713 -0.5510433785486222 0.0
30.0 1.0 Car -1.0 -1.0 -1.0 -1.0 -1.0 -1.0 -1.0 1.944 1.677 4.83 1186.861 0.931 1769.205 2.6467860828503023 0.0
31.0 0.0 Car -1.0 -1.0 -1.0 -1.0 -1.0 -1.0 -1.0 2.004 1.843 4.988 1197.46 0.947 1758.318 -0.5752170929964252 0.0
31.0 1.0 Car -1.0 -1.0 -1.0 -1.0 -1.0 -1.0 -1.0 1.944 1.677 4.83 1186.692 0.943 1769.281 2.645732409514436 0.0
32.0 0.0 Car -1.0 -1.0 -1.0 -1.0 -1.0 -1.0 -1.0 2.004 1.843 4.988 1199.679 0.974 1756.98 -0.599382987057393 0.0
32.0 1.0 Car -1.0 -1.0 -1.0 -1.0 -1.0 -1.0 -1.0 1.944 1.677 4.83 1186.523 0.956 1769.358 2.6446799623118644 0.0
