0.0 2.0 Car -1.0 -1.0 -1.0 -1.0 -1.0 -1.0 -1.0 1.616 1.658 3.644 581.572 1.317 1669.694 2.7668513611763164 0.0
1.0 2.0 Car -1.0 -1.0 -1.0 -1.0 -1.0 -1.0 -1.0 1.616 1.658 3.644 577.602 1.737 1671.313 2.771211026664056 1.0
2.0 2.0 Car -1.0 -1.0 -1.0 -1.0 -1.0 -1.0 -1.0 1.616 1.658 3.644 573.628 2.157 1672.933 2.775575459342215 0.0
3.0 2.0 Car -1.0 -1.0 -1.0 -1.0 -1.0 -1.0 -1.0 1.616 1.658 3.644 569.721 2.423 1674.306 2.7843095229993162 0.0
4.0 2.0 Car -1.0 -1.0 -1.0 -1.0 -1.0 -1.0 -1.0 1.616 1.658 3.644 565.818 2.688 1675.678 2.7930334291855248 0.0
5.0 2.0 Car -1.0 -1.0 -1.0 -1.0 -1.0 -1.0 -1.0 1.616 1.658 3.644 561.915 2.954 1677.049 2.8017579462162026 0.0
6.0 2.0 Car -1.0 -1.0 -1.0 -1.0 -1.0 -1.0 -1.0 1.616 1.658 3.644 559.158 3.079 1677.976 2.8157183182221104 0.0
7.0 3.0 Car -1.0 -1.0 -1.0 -1.0 -1.0 -1.0 -1.0 1.994 1.456 4.454 666.003 -3.628 1614.883 2.4036674458468648 0.0
7.0 2.0 Car -1.0 -1.0 -1.0 -1.0 -1.0 -1.0 -1.0 1.616 1.658 3.644 556.388 3.205 1678.864 2.8296770705171204 0.0
8.0 3.0 Car -1.0 -1.0 -1.0 -1.0 -1.0 -1.0 -1.0 1.994 1.456 4.454 663.342 -3.303 1617.302 2.410229709402354 1.0
8.0 2.0 Car -1.0 -1.0 -1.0 -1.0 -1.0 -1.0 -1.0 1.616 1.658 3.644 553.589 3.331 1679.675 2.8436676305830364 0.0
9.0 3.0 Car -1.0 -1.0 -1.0 -1.0 -1.0 -1.0 -1.0 1.994 1.456 4.454 660.69 -2.979 1619.712 2.4167701898255944 1.0
9.0 2.0 Car -1.0 -1.0 -1.0 -1.0 -1.0 -1.0 -1.0 1.616 1.658 3.644 550.799 3.456 1680.484 2.857611749627867 0.0
10.0 3.0 Car -1.0 -1.0 -1.0 -1.0 -1.0 -1.0 -1.0 1.994 1.456 4.454 658.035 -2.655 1622.126 2.4233178221371134 1.0
10.0 2.0 Car -1.0 -1.0 -1.0 -1.0 -1.0 -1.0 -1.0 1.616 1.658 3.644 548.005 3.582 1681.294 2.871571116295976 0.0
11.0 3.0 Car -1.0 -1.0 -1.0 -1.0 -1.0 -1.0 -1.0 1.994 1.456 4.454 655.377 -2.33 1624.542 2.429872881409538 1.0
11.0 2.0 Car -1.0 -1.0 -1.0 -1.0 -1.0 -1.0 -1.0 1.616 1.658 3.644 545.873 3.757 1681.964 2.871571116295976 0.0
12.0 3.0 Car -1.0 -1.0 -1.0 -1.0 -1.0 -1.0 -1.0 1.994 1.456 4.454 652.715 -1.893 1626.72 2.4508071515315555 0.0
12.0 2.0 Car -1.0 -1.0 -1.0 -1.0 -1.0 -1.0 -1.0 1.616 1.658 3.644 544.38 3.899 1682.551 2.871571116295976 0.0
13.0 3.0 Car -1.0 -1.0 -1.0 -1.0 -1.0 -1.0 -1.0 1.994 1.456 4.454 650.023 -1.456 1628.853 2.471718388290231 0.0
13.0 2.0 Car -1.0 -1.0 -1.0 -1.0 -1.0 -1.0 -1.0 1.616 1.658 3.644 542.889 4.041 1683.138 2.871571116295976 0.0
14.0 4.0 Bus -1.0 -1.0 -1.0 -1.0 -1.0 -1.0 -1.0 2.878 3.505 12.252 684.493 -3.063 1597.32 2.3797723856133395 0.0
14.0 3.0 Car -1.0 -1.0 -1.0 -1.0 -1.0 -1.0 -1.0 1.994 1.456 4.454 647.296 -1.018 1630.954 2.492674770441057 0.0
15.0 4.0 Bus -1.0 -1.0 -1.0 -1.0 -1.0 -1.0 -1.0 2.878 3.505 12.252 681.287 -2.596 1600.343 2.3972256781332826 1.0
15.0 3.0 Car -1.0 -1.0 -1.0 -1.0 -1.0 -1.0 -1.0 1.994 1.456 4.454 644.558 -0.581 1633.033 2.513608914926547 0.0
16.0 4.0 Bus -1.0 -1.0 -1.0 -1.0 -1.0 -1.0 -1.0 2.878 3.505 12.252 678.017 -2.129 1603.311 2.3972256781332826 1.0
16.0 3.0 Car -1.0 -1.0 -1.0 -1.0 -1.0 -1.0 -1.0 1.994 1.456 4.454 641.817 -0.143 1635.115 2.53456713974644 0.0
17.0 4.0 Bus -1.0 -1.0 -1.0 -1.0 -1.0 -1.0 -1.0 2.878 3.505 12.252 674.754 -1.663 1606.273 2.414678970653226 1.0
17.0 3.0 Car -1.0 -1.0 -1.0 -1.0 -1.0 -1.0 -1.0 1.994 1.456 4.454 638.994 0.303 1637.051 2.5363112582460277 0.0
18.0 4.0 Bus -1.0 -1.0 -1.0 -1.0 -1.0 -1.0 -1.0 2.878 3.505 12.252 671.292 -0.947 1608.782 2.344865800573453 1.0
18.0 3.0 Car -1.0 -1.0 -1.0 -1.0 -1.0 -1.0 -1.0 1.994 1.456 4.454 636.175 0.749 1638.986 2.538053506534406 0.0
19.0 4.0 Bus -1.0 -1.0 -1.0 -1.0 -1.0 -1.0 -1.0 2.878 3.505 12.252 667.975 -0.729 1612.308 2.414678970653226 1.0
19.0 3.0 Car -1.0 -1.0 -1.0 -1.0 -1.0 -1.0 -1.0 1.994 1.456 4.454 633.346 1.196 1640.927 2.5398015294488143 0.0
20.0 4.0 Bus -1.0 -1.0 -1.0 -1.0 -1.0 -1.0 -1.0 2.878 3.505 12.252 664.521 -0.263 1615.439 2.414678970653226 1.0
20.0 3.0 Car -1.0 -1.0 -1.0 -1.0 -1.0 -1.0 -1.0 1.994 1.456 4.454 630.523 1.642 1642.864 2.5415456653944024 0.0
20.0 5.0 Car -1.0 -1.0 -1.0 -1.0 -1.0 -1.0 -1.0 1.879 1.906 4.301 680.552 0.668 1631.632 -1.1727636323389363 0.0
21.0 4.0 Bus -1.0 -1.0 -1.0 -1.0 -1.0 -1.0 -1.0 2.878 3.505 12.252 661.286 0.393 1618.319 2.4205076085504746 1.0
21.0 3.0 Car -1.0 -1.0 -1.0 -1.0 -1.0 -1.0 -1.0 1.994 1.456 4.454 627.694 2.089 1644.805 2.5432937860064113 0.0
21.0 5.0 Car -1.0 -1.0 -1.0 -1.0 -1.0 -1.0 -1.0 1.879 1.906 4.301 681.506 0.645 1629.319 -1.1843991606855655 0.0
22.0 4.0 Bus -1.0 -1.0 -1.0 -1.0 -1.0 -1.0 -1.0 2.878 3.505 12.252 657.936 0.821 1621.188 2.426323018818501 1.0
22.0 3.0 Car -1.0 -1.0 -1.0 -1.0 -1.0 -1.0 -1.0 1.994 1.456 4.454 625.109 2.66 1646.508 2.549113750689707 0.0
22.0 5.0 Car -1.0 -1.0 -1.0 -1.0 -1.0 -1.0 -1.0 1.879 1.906 4.301 682.439 0.638 1627.053 -1.178578310671768 0.0
22.0 1.0 Car -1.0 -1.0 -1.0 -1.0 -1.0 -1.0 -1.0 1.95 1.604 4.81 681.281 -1.739 1599.275 2.3797564350935367 0.0
23.0 4.0 Bus -1.0 -1.0 -1.0 -1.0 -1.0 -1.0 -1.0 2.878 3.505 12.252 654.676 1.187 1624.032 2.432132263173169 1.0
23.0 3.0 Car -1.0 -1.0 -1.0 -1.0 -1.0 -1.0 -1.0 1.994 1.456 4.454 622.526 3.23 1648.209 2.554927544630728 0.0
23.0 5.0 Car -1.0 -1.0 -1.0 -1.0 -1.0 -1.0 -1.0 1.879 1.906 4.301 683.344 0.631 1624.778 -1.1902169248588796 1.0
23.0 1.0 Car -1.0 -1.0 -1.0 -1.0 -1.0 -1.0 -1.0 1.95 1.604 4.81 678.067 -1.282 1602.36 2.3797564350935367 1.0
24.0 4.0 Bus -1.0 -1.0 -1.0 -1.0 -1.0 -1.0 -1.0 2.878 3.505 12.252 651.368 1.876 1626.867 2.432131157503131 0.0
24.0 5.0 Car -1.0 -1.0 -1.0 -1.0 -1.0 -1.0 -1.0 1.879 1.906 4.301 684.018 0.644 1623.066 -1.2103153562532412 1.0
24.0 1.0 Car -1.0 -1.0 -1.0 -1.0 -1.0 -1.0 -1.0 1.95 1.604 4.81 674.85 -0.824 1605.448 2.3797564350935367 1.0
25.0 4.0 Bus -1.0 -1.0 -1.0 -1.0 -1.0 -1.0 -1.0 2.878 3.505 12.252 648.119 2.383 1629.577 2.440860687209569 0.0
25.0 5.0 Car -1.0 -1.0 -1.0 -1.0 -1.0 -1.0 -1.0 1.879 1.906 4.301 684.789 0.732 1621.094 -1.221692814838872 1.0
25.0 1.0 Car -1.0 -1.0 -1.0 -1.0 -1.0 -1.0 -1.0 1.95 1.604 4.81 671.934 -0.367 1608.225 2.3797564350935367 0.0
26.0 4.0 Bus -1.0 -1.0 -1.0 -1.0 -1.0 -1.0 -1.0 2.878 3.505 12.252 644.79 2.84 1632.319 2.4495855556931128 0.0
26.0 0.0 Car -1.0 -1.0 -1.0 -1.0 -1.0 -1.0 -1.0 1.947 1.53 5.032 715.451 -2.861 1560.607 2.111388112092433 0.0
26.0 5.0 Car -1.0 -1.0 -1.0 -1.0 -1.0 -1.0 -1.0 1.879 1.906 4.301 685.26 0.821 1619.396 -1.28541880408185 1.0
26.0 1.0 Car -1.0 -1.0 -1.0 -1.0 -1.0 -1.0 -1.0 1.95 1.604 4.81 669.019 0.091 1611.002 2.3797564350935367 0.0
27.0 4.0 Bus -1.0 -1.0 -1.0 -1.0 -1.0 -1.0 -1.0 2.878 3.505 12.252 641.589 3.379 1634.988 2.4670336996513678 0.0
27.0 0.0 Car -1.0 -1.0 -1.0 -1.0 -1.0 -1.0 -1.0 1.947 1.53 5.032 713.262 -2.615 1564.154 2.163747989652263 1.0
27.0 5.0 Car -1.0 -1.0 -1.0 -1.0 -1.0 -1.0 -1.0 1.879 1.906 4.301 685.529 0.992 1617.364 -1.4245255929680596 1.0
27.0 1.0 Car -1.0 -1.0 -1.0 -1.0 -1.0 -1.0 -1.0 1.95 1.604 4.81 666.247 0.548 1613.643 2.3797564350935367 0.0
28.0 4.0 Bus -1.0 -1.0 -1.0 -1.0 -1.0 -1.0 -1.0 2.878 3.505 12.252 638.324 3.917 1637.58 2.4844626455829903 0.0
28.0 0.0 Car -1.0 -1.0 -1.0 -1.0 -1.0 -1.0 -1.0 1.947 1.53 5.032 710.416 -2.171 1568.063 2.2300512982568295 0.0
28.0 5.0 Car -1.0 -1.0 -1.0 -1.0 -1.0 -1.0 -1.0 1.879 1.906 4.301 685.399 1.264 1615.362 -1.5636323818542694 0.0
28.0 1.0 Car -1.0 -1.0 -1.0 -1.0 -1.0 -1.0 -1.0 1.95 1.604 4.81 663.543 1.105 1616.218 2.3797564350935367 0.0
29.0 4.0 Bus -1.0 -1.0 -1.0 -1.0 -1.0 -1.0 -1.0 2.878 3.505 12.252 635.022 4.456 1640.131 2.49320560972356 0.0
29.0 0.0 Car -1.0 -1.0 -1.0 -1.0 -1.0 -1.0 -1.0 1.947 1.53 5.032 707.31 -1.725 1571.783 2.296507312762034 0.0
29.0 5.0 Car -1.0 -1.0 -1.0 -1.0 -1.0 -1.0 -1.0 1.879 1.906 4.301 685.154 1.26 1613.52 -1.6852858782205369 0.0
29.0 1.0 Car -1.0 -1.0 -1.0 -1.0 -1.0 -1.0 -1.0 1.95 1.604 4.81 660.833 1.663 1618.799 2.3797564350935367 0.0
30.0 4.0 Bus -1.0 -1.0 -1.0 -1.0 -1.0 -1.0 -1.0 2.878 3.505 12.252 631.645 4.995 1642.601 2.5019454332529425 0.0
30.0 0.0 Car -1.0 -1.0 -1.0 -1.0 -1.0 -1.0 -1.0 1.947 1.53 5.032 703.929 -1.305 1575.404 2.3076281122792235 0.0
30.0 5.0 Car -1.0 -1.0 -1.0 -1.0 -1.0 -1.0 -1.0 1.879 1.906 4.301 684.833 1.274 1611.729 -1.737126204507031 0.0
30.0 1.0 Car -1.0 -1.0 -1.0 -1.0 -1.0 -1.0 -1.0 1.95 1.604 4.81 658.123 2.22 1621.38 2.3797564350935367 0.0
31.0 4.0 Bus -1.0 -1.0 -1.0 -1.0 -1.0 -1.0 -1.0 2.878 3.505 12.252 628.378 5.563 1644.886 2.5208008201852365 0.0
31.0 0.0 Car -1.0 -1.0 -1.0 -1.0 -1.0 -1.0 -1.0 1.947 1.53 5.032 700.704 -1.035 1578.874 2.3012640991992437 0.0
31.0 5.0 Car -1.0 -1.0 -1.0 -1.0 -1.0 -1.0 -1.0 1.879 1.906 4.301 684.613 1.341 1609.863 -1.6858071737033307 0.0
31.0 1.0 Car -1.0 -1.0 -1.0 -1.0 -1.0 -1.0 -1.0 1.95 1.604 4.81 655.569 2.625 1623.804 2.391391963440166 0.0
32.0 4.0 Bus -1.0 -1.0 -1.0 -1.0 -1.0 -1.0 -1.0 2.878 3.505 12.252 625.37 6.132 1646.94 2.5461438449370704 0.0
32.0 0.0 Car -1.0 -1.0 -1.0 -1.0 -1.0 -1.0 -1.0 1.947 1.53 5.032 697.419 -0.565 1582.311 2.3123867259672863 0.0
32.0 5.0 Car -1.0 -1.0 -1.0 -1.0 -1.0 -1.0 -1.0 1.879 1.906 4.301 684.692 1.274 1607.918 -1.6344881428996294 0.0
32.0 1.0 Car -1.0 -1.0 -1.0 -1.0 -1.0 -1.0 -1.0 1.95 1.604 4.81 652.87 3.029 1626.364 2.4030274917867946 0.0
33.0 4.0 Bus -1.0 -1.0 -1.0 -1.0 -1.0 -1.0 -1.0 2.878 3.505 12.252 622.802 6.587 1648.634 2.5581848144198767 0.0
33.0 0.0 Car -1.0 -1.0 -1.0 -1.0 -1.0 -1.0 -1.0 1.947 1.53 5.032 694.959 -0.194 1584.919 2.323366991055477 0.0
33.0 5.0 Car -1.0 -1.0 -1.0 -1.0 -1.0 -1.0 -1.0 1.879 1.906 4.301 684.886 1.274 1606.245 -1.4959026494962133 0.0
33.0 1.0 Car -1.0 -1.0 -1.0 -1.0 -1.0 -1.0 -1.0 1.95 1.604 4.81 650.905 3.583 1628.253 2.414663020133424 0.0
34.0 4.0 Bus -1.0 -1.0 -1.0 -1.0 -1.0 -1.0 -1.0 2.878 3.505 12.252 619.948 7.099 1650.41 2.5717586033327158 0.0
34.0 0.0 Car -1.0 -1.0 -1.0 -1.0 -1.0 -1.0 -1.0 1.947 1.53 5.032 692.27 0.174 1587.661 2.344923558632547 0.0
34.0 5.0 Car -1.0 -1.0 -1.0 -1.0 -1.0 -1.0 -1.0 1.879 1.906 4.301 685.376 1.274 1604.155 -1.3573171560927972 0.0
34.0 1.0 Car -1.0 -1.0 -1.0 -1.0 -1.0 -1.0 -1.0 1.95 1.604 4.81 648.617 3.821 1630.251 2.4379340768266813 0.0
35.0 4.0 Bus -1.0 -1.0 -1.0 -1.0 -1.0 -1.0 -1.0 2.878 3.505 12.252 617.063 7.625 1652.213 2.5804902801351837 0.0
35.0 0.0 Car -1.0 -1.0 -1.0 -1.0 -1.0 -1.0 -1.0 1.947 1.53 5.032 689.731 0.587 1590.362 2.3145683875322796 0.0
35.0 5.0 Car -1.0 -1.0 -1.0 -1.0 -1.0 -1.0 -1.0 1.879 1.906 4.301 686.349 1.319 1601.579 -1.1913507952438542 0.0
35.0 1.0 Car -1.0 -1.0 -1.0 -1.0 -1.0 -1.0 -1.0 1.95 1.604 4.81 646.107 4.225 1632.29 2.4612185482999296 0.0
36.0 0.0 Car -1.0 -1.0 -1.0 -1.0 -1.0 -1.0 -1.0 1.947 1.53 5.032 687.43 1.054 1592.909 2.3036333707510956 0.0
36.0 5.0 Car -1.0 -1.0 -1.0 -1.0 -1.0 -1.0 -1.0 1.879 1.906 4.301 687.76 1.365 1598.935 -1.0864709582147123 0.0
36.0 1.0 Car -1.0 -1.0 -1.0 -1.0 -1.0 -1.0 -1.0 1.95 1.604 4.81 643.6 4.628 1634.326 2.484476190213197 0.0
37.0 0.0 Car -1.0 -1.0 -1.0 -1.0 -1.0 -1.0 -1.0 1.947 1.53 5.032 685.205 1.471 1595.27 2.3276239860114645 0.0
37.0 5.0 Car -1.0 -1.0 -1.0 -1.0 -1.0 -1.0 -1.0 1.879 1.906 4.301 689.5 1.411 1596.073 -1.016497706225457 0.0
38.0 0.0 Car -1.0 -1.0 -1.0 -1.0 -1.0 -1.0 -1.0 1.947 1.53 5.032 683.004 1.789 1597.659 2.351656634137159 0.0
38.0 5.0 Car -1.0 -1.0 -1.0 -1.0 -1.0 -1.0 -1.0 1.879 1.906 4.301 691.488 1.457 1593.207 -0.8330780528565714 0.0
39.0 0.0 Car -1.0 -1.0 -1.0 -1.0 -1.0 -1.0 -1.0 1.947 1.53 5.032 680.756 2.11 1600.016 2.3429348874699114 0.0
39.0 5.0 Car -1.0 -1.0 -1.0 -1.0 -1.0 -1.0 -1.0 1.879 1.906 4.301 694.067 1.402 1590.375 -0.8330780528565714 0.0
