0.0 0.0 Car -1.0 -1.0 -1.0 -1.0 -1.0 -1.0 -1.0 1.953 1.561 4.593 840.072 -0.458 919.515 2.7131086719068236 0.0
1.0 0.0 Car -1.0 -1.0 -1.0 -1.0 -1.0 -1.0 -1.0 1.953 1.561 4.593 834.213 -0.367 922.296 2.711481741425937 1.0
2.0 0.0 Car -1.0 -1.0 -1.0 -1.0 -1.0 -1.0 -1.0 1.953 1.561 4.593 828.354 -0.277 925.078 2.7098548109450507 1.0
3.0 0.0 Car -1.0 -1.0 -1.0 -1.0 -1.0 -1.0 -1.0 1.953 1.561 4.593 822.978 -0.24 927.31 2.7664055221973087 1.0
4.0 0.0 Car -1.0 -1.0 -1.0 -1.0 -1.0 -1.0 -1.0 1.953 1.561 4.593 817.483 -0.202 929.235 2.822956233449567 1.0
5.0 0.0 Car -1.0 -1.0 -1.0 -1.0 -1.0 -1.0 -1.0 1.953 1.561 4.593 813.289 -0.136 930.044 2.8723466195654375 1.0
6.0 0.0 Car -1.0 -1.0 -1.0 -1.0 -1.0 -1.0 -1.0 1.953 1.561 4.593 809.061 -0.07 930.645 2.921737005681309 1.0
7.0 0.0 Car -1.0 -1.0 -1.0 -1.0 -1.0 -1.0 -1.0 1.953 1.561 4.593 804.807 -0.004 931.037 2.9711273917971797 1.0
8.0 0.0 Car -1.0 -1.0 -1.0 -1.0 -1.0 -1.0 -1.0 1.953 1.561 4.593 800.54 0.062 931.218 3.020517777913051 1.0
9.0 0.0 Car -1.0 -1.0 -1.0 -1.0 -1.0 -1.0 -1.0 1.953 1.561 4.593 796.268 0.128 931.188 3.069908164028922 1.0
10.0 0.0 Car -1.0 -1.0 -1.0 -1.0 -1.0 -1.0 -1.0 1.953 1.561 4.593 792.004 0.194 930.948 3.1192985501447934 1.0
11.0 0.0 Car -1.0 -1.0 -1.0 -1.0 -1.0 -1.0 -1.0 1.953 1.561 4.593 789.712 0.261 930.671 -3.089355318598528 1.0
12.0 0.0 Car -1.0 -1.0 -1.0 -1.0 -1.0 -1.0 -1.0 1.953 1.561 4.593 787.447 0.327 930.224 -3.014823880162262 1.0
13.0 0.0 Car -1.0 -1.0 -1.0 -1.0 -1.0 -1.0 -1.0 1.953 1.561 4.593 785.221 0.393 929.609 -2.9402924417259966 0.0
14.0 0.0 Car -1.0 -1.0 -1.0 -1.0 -1.0 -1.0 -1.0 1.953 1.561 4.593 783.047 0.459 928.831 -2.8657610032897307 0.0
15.0 0.0 Car -1.0 -1.0 -1.0 -1.0 -1.0 -1.0 -1.0 1.953 1.561 4.593 782.093 0.525 928.643 -2.862497175976567 0.0
16.0 0.0 Car -1.0 -1.0 -1.0 -1.0 -1.0 -1.0 -1.0 1.953 1.561 4.593 781.139 0.591 928.455 -2.859233348663404 0.0
17.0 0.0 Car -1.0 -1.0 -1.0 -1.0 -1.0 -1.0 -1.0 1.953 1.561 4.593 780.184 0.657 928.266 -2.8559695213502403 0.0
18.0 0.0 Car -1.0 -1.0 -1.0 -1.0 -1.0 -1.0 -1.0 1.953 1.561 4.593 780.578 0.707 928.382 -2.8559695213502403 0.0
19.0 0.0 Car -1.0 -1.0 -1.0 -1.0 -1.0 -1.0 -1.0 1.953 1.561 4.593 780.487 0.757 928.355 -2.8559695213502403 0.0
20.0 0.0 Car -1.0 -1.0 -1.0 -1.0 -1.0 -1.0 -1.0 1.953 1.561 4.593 780.487 0.832 928.355 -2.8559695213502403 0.0
21.0 0.0 Car -1.0 -1.0 -1.0 -1.0 -1.0 -1.0 -1.0 1.953 1.561 4.593 780.487 0.907 928.355 -2.8559695213502403 0.0
22.0 0.0 Car -1.0 -1.0 -1.0 -1.0 -1.0 -1.0 -1.0 1.953 1.561 4.593 780.462 0.899 928.348 -2.8559695213502403 0.0
23.0 0.0 Car -1.0 -1.0 -1.0 -1.0 -1.0 -1.0 -1.0 1.953 1.561 4.593 780.437 0.891 928.34 -2.8559695213502403 0.0
24.0 0.0 Car -1.0 -1.0 -1.0 -1.0 -1.0 -1.0 -1.0 1.953 1.561 4.593 780.411 0.882 928.333 -2.8559695213502403 0.0
